avaframe/data/avaParabChannelPaperFP/Inputs/channel.asc
nCols  501
nRows  151
xllcenter  1000.00
yllcenter -5000.00
cellsize  10
nodata_value -9999.00
[rows 54 to 80 of 151, columns 180 to 239 of 501]
43.626844 41.508230 39.458035 37.474351 35.555379 33.699418 31.904864 30.170203 28.494007 26.874927 25.311695 23.803115 22.348062 20.945479 19.594373 18.293815 17.042931 15.840907 14.686982 13.580445 12.520635 11.506938 10.538783 9.615642 8.737025 7.902480 7.111592 6.363978 5.659285 4.997190 4.377399 3.799642 3.263673 2.769267 2.316222 1.904353 1.533493 1.203492 0.914213 0.665534 0.457346 0.289550 0.162057 0.074790 0.027677 0.017543 0.015025 0.012848 0.010971 0.009353 0.007962 0.006768 0.005743 0.004867 0.004118 0.003479 0.002935 0.002472 0.002079 0.001745
43.085894 41.016350 39.011179 37.068781 35.187642 33.366324 31.603466 29.897779 28.248045 26.653110 25.111885 23.623342 22.186512 20.800484 19.464399 18.177453 16.938890 15.748004 14.604133 13.506661 12.455013 11.448654 10.487088 9.569853 8.696525 7.866708 7.080041 6.336188 5.634844 4.975725 4.358575 3.783157 3.249258 2.756681 2.305248 1.894799 1.525188 1.196282 0.907964 0.660126 0.452673 0.285517 0.158583 0.071801 0.025110 0.015341 0.013139 0.011236 0.009593 0.008179 0.006963 0.005918 0.005023 0.004256 0.003601 0.003042 0.002566 0.002161 0.001818 0.001526
42.621143 40.593277 38.626433 36.719254 34.870447 33.078786 31.343104 29.662295 28.035311 26.461156 24.938891 23.467628 22.046527 20.674798 19.351697 18.076525 16.848625 15.667382 14.532221 13.442605 12.398032 11.398037 10.442186 9.530077 8.661339 7.835627 7.052624 6.312039 5.613602 4.957069 4.342213 3.768828 3.236727 2.745739 2.295708 1.886493 1.517967 1.190015 0.902532 0.655425 0.448610 0.282011 0.155562 0.069202 0.022877 0.013426 0.011499 0.009833 0.008396 0.007158 0.006094 0.005179 0.004396 0.003725 0.003152 0.002663 0.002246 0.001892 0.001591 0.001336
42.214351 40.222688 38.289186 36.412685 34.592079 32.826313 31.114385 29.455341 27.848276 26.292331 24.786692 23.330590 21.923299 20.564131 19.252440 17.987619 16.769098 15.596339 14.468844 13.386144 12.347802 11.353412 10.402596 9.495003 8.630310 7.808215 7.028443 6.290738 5.594866 4.940612 4.327779 3.756188 3.225673 2.736086 2.287292 1.879165 1.511597 1.184485 0.897738 0.651276 0.445025 0.278918 0.152897 0.066909 0.020907 0.011737 0.010052 0.008596 0.007340 0.006257 0.005327 0.004528 0.003843 0.003256 0.002755 0.002328 0.001963 0.001654 0.001391 0.001168
41.854089 39.894314 37.990211 36.140787 34.345092 32.602219 30.911306 29.271529 27.682109 26.142303 24.651408 23.208757 21.813721 20.465706 19.164149 17.908525 16.698337 15.533121 14.412441 13.335891 12.303090 11.313686 10.367350 9.463776 8.602683 7.783808 7.006911 6.271770 5.578181 4.925957 4.314925 3.744930 3.215828 2.727489 2.279795 1.872639 1.505923 1.179559 0.893469 0.647581 0.441831 0.276162 0.150523 0.064866 0.019153 0.010232 0.008763 0.007494 0.006398 0.005455 0.004644 0.003947 0.003350 0.002839 0.002402 0.002029 0.001712 0.001442 0.001212 0.001018
41.532632 39.601196 37.723241 35.897915 34.124405 32.401932 30.729754 29.107166 27.533492 26.008095 24.530368 23.099734 21.715651 20.377604 19.085110 17.837711 16.634978 15.476510 14.361929 13.290883 12.263043 11.278103 10.335778 9.435803 8.577933 7.761942 6.987621 6.254776 5.563232 4.912826 4.303408 3.734843 3.207007 2.719786 2.273078 1.866791 1.500839 1.175146 0.889644 0.644270 0.438970 0.273693 0.148395 0.063036 0.017580 0.008883 0.007608 0.006506 0.005555 0.004736 0.004032 0.003427 0.002908 0.002465 0.002085 0.001762 0.001486 0.001252 0.001053 0.000884
41.244480 39.338367 37.483791 35.680024 33.926371 32.222165 30.566773 28.959587 27.400031 25.887555 24.421639 23.001789 21.627536 20.298438 19.014080 17.774067 16.578030 15.425624 14.316522 13.250422 12.227040 11.246112 10.307391 9.410651 8.555679 7.742280 6.970274 6.239495 5.549789 4.901017 4.293051 3.725772 3.199073 2.712858 2.267038 1.861531 1.496266 1.171176 0.886203 0.641292 0.436396 0.271472 0.146482 0.061390 0.016166 0.007670 0.006569 0.005618 0.004797 0.004089 0.003481 0.002959 0.002511 0.002128 0.001801 0.001521 0.001283 0.001081 0.000909 0.000763
40.985553 39.102139 37.268529 35.484104 33.748273 32.060469 30.420152 28.826804 27.279934 25.779073 24.323777 22.913623 21.548211 20.227164 18.950126 17.716760 16.526749 15.379799 14.275630 13.213982 12.194614 11.217297 10.281823 9.387995 8.535633 7.724569 6.954648 6.225729 5.537679 4.890380 4.283720 3.717600 3.191926 2.706617 2.261596 1.856793 1.492147 1.167600 0.883103 0.638609 0.434078 0.269472 0.144758 0.059907 0.014892 0.006577 0.005633 0.004817 0.004113 0.003507 0.002985 0.002537 0.002153 0.001825 0.001544 0.001304 0.001100 0.000927 0.000779 0.000654
40.752739 38.889696 37.074907 35.307851 33.588029 31.914963 30.288195 28.707287 27.171825 25.681410 24.235667 22.834236 21.476781 20.162979 18.892529 17.665146 16.480561 15.338523 14.238795 13.181157 12.165403 11.191340 10.258789 9.367585 8.517573 7.708612 6.940570 6.213326 5.526768 4.880795 4.275313 3.710236 3.185487 2.700994 2.256692 1.852523 1.488435 1.164378 0.880310 0.636192 0.431989 0.267669 0.143205 0.058570 0.013744 0.005593 0.004790 0.004096 0.003498 0.002982 0.002538 0.002158 0.001831 0.001552 0.001313 0.001109 0.000936 0.000788 0.000663 0.000556
40.543608 38.698833 36.900928 35.149459 33.444007 31.784172 30.169570 28.599837 27.074621 25.593592 24.156433 22.762843 21.412539 20.105250 18.840724 17.618720 16.439014 15.301393 14.205659 13.151627 12.139124 11.167987 10.238066 9.349222 8.501325 7.694256 6.927903 6.202166 5.516951 4.872172 4.267749 3.703611 3.179693 2.695934 2.252280 1.848682 1.485095 1.161479 0.877797 0.634017 0.430109 0.266047 0.141807 0.057368 0.012711 0.004707 0.004031 0.003447 0.002943 0.002509 0.002136 0.001816 0.001541 0.001306 0.001105 0.000933 0.000787 0.000663 0.000558 0.000468
40.356228 38.527799 36.745006 35.007490 33.314905 31.666919 30.063216 28.503493 26.987460 25.514842 24.085376 22.698814 21.354920 20.053471 18.794256 17.577076 16.401744 15.268085 14.175933 13.125136 12.115548 11.147035 10.219474 9.332747 8.486747 7.681375 6.916539 6.192154 5.508143 4.864434 4.260962 3.697667 3.174494 2.691394 2.248321 1.845235 1.482098 1.158877 0.875542 0.632065 0.428422 0.264591 0.140553 0.056289 0.011785 0.003912 0.003350 0.002865 0.002446 0.002086 0.001775 0.001509 0.001281 0.001085 0.000918 0.000776 0.000654 0.000551 0.000464 0.000389
40.189043 38.375182 36.605861 34.880785 33.199674 31.562257 29.968275 28.417483 26.909642 25.444529 24.021930 22.641640 21.303469 20.007232 18.752758 17.539885 16.368459 15.238337 14.149384 13.101475 12.094491 11.128322 10.202867 9.318031 8.473725 7.669869 6.906387 6.183211 5.500275 4.857522 4.254899 3.692357 3.169850 2.687338 2.244785 1.842156 1.479421 1.156553 0.873528 0.630322 0.426915 0.263291 0.139432 0.055325 0.010957 0.003202 0.002742 0.002345 0.002002 0.001707 0.001453 0.001235 0.001048 0.000888 0.000752 0.000635 0.000536 0.000451 0.000379 0.000319
40.040787 38.239833 36.482449 34.768398 33.097457 31.469409 29.884047 28.341173 26.840598 25.382142 23.965632 22.590907 21.257811 19.966199 18.715931 17.506879 16.338919 15.211936 14.125821 13.080475 12.075801 11.111713 10.188128 9.304970 8.462168 7.659657 6.897377 6.175272 5.493291 4.851388 4.249518 3.687643 3.165728 2.683738 2.241646 1.839423 1.477045 1.154491 0.871740 0.628774 0.425578 0.262137 0.138438 0.054470 0.010222 0.002571 0.002202 0.001883 0.001608 0.001371 0.001167 0.000992 0.000842 0.000713 0.000604 0.000510 0.000430 0.000362 0.000305 0.000256
39.910426 38.120813 36.373918 34.669557 33.007555 31.387743 29.809959 28.274047 26.779861 25.327258 23.916104 22.546272 21.217641 19.930096 18.683529 17.477838 16.312927 15.188705 14.105088 13.061996 12.059356 11.097098 10.175158 9.293476 8.451997 7.650670 6.889448 6.168286 5.487146 4.845989 4.244782 3.683496 3.162100 2.680570 2.238883 1.837017 1.474954 1.152675 0.870166 0.627412 0.424401 0.261121 0.137563 0.053717 0.009575 0.002017 0.001727 0.001477 0.001261 0.001075 0.000915 0.000778 0.000660 0.000559 0.000473 0.000400 0.000337 0.000284 0.000239 0.000201
39.797112 38.017350 36.279568 34.583626 32.929392 31.316738 29.745539 28.215680 26.727046 25.279531 23.873034 22.507456 21.182707 19.898699 18.655350 17.452581 16.290321 15.168501 14.087055 13.045924 12.045052 11.084386 10.163877 9.283479 8.443151 7.642854 6.882551 6.162210 5.481800 4.841293 4.240663 3.679888 3.158945 2.677815 2.236480 1.834925 1.473135 1.151096 0.868797 0.626228 0.423377 0.260238 0.136802 0.053062 0.009012 0.001534 0.001314 0.001124 0.000959 0.000818 0.000696 0.000592 0.000502 0.000426 0.000360 0.000304 0.000257 0.000216 0.000182 0.000153
39.700151 37.928814 36.198826 34.510086 32.862497 31.255966 29.690402 28.165721 26.681839 25.238679 23.836166 22.474230 21.152803 19.871821 18.631226 17.430960 16.270969 15.151204 14.071617 13.032165 12.032807 11.073503 10.154219 9.274920 8.435578 7.636162 6.876647 6.157008 5.477223 4.837273 4.237137 3.676799 3.156243 2.675456 2.234423 1.833134 1.471578 1.149744 0.867625 0.625213 0.422501 0.259481 0.136150 0.052501 0.008531 0.001121 0.000960 0.000821 0.000701 0.000598 0.000509 0.000432 0.000367 0.000311 0.000263 0.000222 0.000188 0.000158 0.000133 0.000112
39.618978 37.854691 36.131225 34.448513 32.806486 31.205081 29.644234 28.123887 26.643983 25.204469 23.805292 22.446404 21.127759 19.849313 18.611023 17.412852 16.254761 15.136718 14.058688 13.020642 12.022551 11.064388 10.146130 9.267752 8.429234 7.630557 6.871701 6.152651 5.473390 4.833905 4.234183 3.674212 3.153981 2.673480 2.232700 1.831634 1.470273 1.148612 0.866644 0.624364 0.421767 0.258848 0.135604 0.052032 0.008127 0.000775 0.000664 0.000567 0.000485 0.000413 0.000352 0.000299 0.000254 0.000215 0.000182 0.000154 0.000130 0.000109 0.000092 0.000077
39.553141 37.794569 36.076393 34.398568 32.761052 31.163803 29.606782 28.089950 26.613273 25.176716 23.780245 22.423830 21.107442 19.831051 18.594632 17.398161 16.241612 15.124965 14.048198 13.011292 12.014230 11.056993 10.139567 9.261936 8.424088 7.626009 6.867689 6.149116 5.470280 4.831173 4.231786 3.672113 3.152145 2.671876 2.231302 1.830417 1.469215 1.147693 0.865848 0.623674 0.421171 0.258334 0.135161 0.051651 0.007800 0.000494 0.000423 0.000362 0.000309 0.000263 0.000224 0.000191 0.000162 0.000137 0.000116 0.000098 0.000083 0.000070 0.000059 0.000049
39.502285 37.748127 36.034036 34.359986 32.725953 31.131914 29.577848 28.063732 26.589548 25.155274 23.760894 22.406390 21.091744 19.816942 18.581969 17.386810 16.231452 15.115884 14.040093 13.004068 12.007800 11.051279 10.134496 9.257442 8.420111 7.622495 6.864588 6.146384 5.467877 4.829062 4.229935 3.670491 3.150726 2.670638 2.230222 1.829476 1.468397 1.146983 0.865232 0.623142 0.420711 0.257937 0.134819 0.051356 0.007547 0.000277 0.000237 0.000203 0.000173 0.000148 0.000126 0.000107 0.000091 0.000077 0.000065 0.000055 0.000046 0.000039 0.000033 0.000028
39.466143 37.715122 36.003933 34.332565 32.701008 31.109251 29.557284 28.045098 26.572685 25.140035 23.747140 22.393993 21.080587 19.806914 18.572968 17.378742 16.224231 15.109429 14.034332 12.998934 12.003230 11.047217 10.130891 9.254248 8.417285 7.619998 6.862385 6.144442 5.466169 4.827561 4.228618 3.669338 3.149718 2.669757 2.229454 1.828807 1.467816 1.146479 0.864795 0.622763 0.420383 0.257654 0.134576 0.051147 0.007367 0.000123 0.000105 0.000090 0.000077 0.000066 0.000056 0.000047 0.000040 0.000034 0.000029 0.000024 0.000021 0.000017 0.000015 0.000012
39.444531 37.695385 35.985932 34.316168 32.686090 31.095697 29.544986 28.033955 26.562600 25.130921 23.738915 22.386580 21.073914 19.800917 18.567585 17.373917 16.219912 15.105569 14.030887 12.995863 12.000497 11.044788 10.128736 9.252338 8.415594 7.618504 6.861067 6.143281 5.465147 4.826664 4.227831 3.668648 3.149115 2.669231 2.228995 1.828408 1.467468 1.146177 0.864533 0.622537 0.420188 0.257486 0.134430 0.051022 0.007260 0.000031 0.000026 0.000022 0.000019 0.000016 0.000014 0.000012 0.000010 0.000009 0.000007 0.000006 0.000005 0.000004 0.000004 0.000003
39.437339 37.688817 35.979941 34.310711 32.681126 31.091187 29.540894 28.030246 26.559244 25.127888 23.736178 22.384113 21.071694 19.798921 18.565793 17.372311 16.218475 15.104285 14.029740 12.994841 11.999588 11.043980 10.128018 9.251702 8.415032 7.618007 6.860628 6.142895 5.464807 4.826365 4.227569 3.668419 3.148914 2.669055 2.228842 1.828274 1.467353 1.146077 0.864446 0.622462 0.420123 0.257429 0.134382 0.050980 0.007224 0.000000 0.000000 0.000000 0.000000 0.000000 0.000000 0.000000 0.000000 0.000000 0.000000 0.000000 0.000000 0.000000 0.000000 0.000000
39.444531 37.695385 35.985932 34.316168 32.686090 31.095697 29.544986 28.033955 26.562600 25.130921 23.738915 22.386580 21.073914 19.800917 18.567585 17.373917 16.219912 15.105569 14.030887 12.995863 12.000497 11.044788 10.128736 9.252338 8.415594 7.618504 6.861067 6.143281 5.465147 4.826664 4.227831 3.668648 3.149115 2.669231 2.228995 1.828408 1.467468 1.146177 0.864533 0.622537 0.420188 0.257486 0.134430 0.051022 0.007260 0.000031 0.000026 0.000022 0.000019 0.000016 0.000014 0.000012 0.000010 0.000009 0.000007 0.000006 0.000005 0.000004 0.000004 0.000003
39.466143 37.715122 36.003933 34.332565 32.701008 31.109251 29.557284 28.045098 26.572685 25.140035 23.747140 22.393993 21.080587 19.806914 18.572968 17.378742 16.224231 15.109429 14.034332 12.998934 12.003230 11.047217 10.130891 9.254248 8.417285 7.619998 6.862385 6.144442 5.466169 4.827561 4.228618 3.669338 3.149718 2.669757 2.229454 1.828807 1.467816 1.146479 0.864795 0.622763 0.420383 0.257654 0.134576 0.051147 0.007367 0.000123 0.000105 0.000090 0.000077 0.000066 0.000056 0.000047 0.000040 0.000034 0.000029 0.000024 0.000021 0.000017 0.000015 0.000012
39.502285 37.748127 36.034036 34.359986 32.725953 31.131914 29.577848 28.063732 26.589548 25.155274 23.760894 22.406390 21.091744 19.816942 18.581969 17.386810 16.231452 15.115884 14.040093 13.004068 12.007800 11.051279 10.134496 9.257442 8.420111 7.622495 6.864588 6.146384 5.467877 4.829062 4.229935 3.670491 3.150726 2.670638 2.230222 1.829476 1.468397 1.146983 0.865232 0.623142 0.420711 0.257937 0.134819 0.051356 0.007547 0.000277 0.000237 0.000203 0.000173 0.000148 0.000126 0.000107 0.000091 0.000077 0.000065 0.000055 0.000046 0.000039 0.000033 0.000028
39.553141 37.794569 36.076393 34.398568 32.761052 31.163803 29.606782 28.089950 26.613273 25.176716 23.780245 22.423830 21.107442 19.831051 18.594632 17.398161 16.241612 15.124965 14.048198 13.011292 12.014230 11.056993 10.139567 9.261936 8.424088 7.626009 6.867689 6.149116 5.470280 4.831173 4.231786 3.672113 3.152145 2.671876 2.231302 1.830417 1.469215 1.147693 0.865848 0.623674 0.421171 0.258334 0.135161 0.051651 0.007800 0.000494 0.000423 0.000362 0.000309 0.000263 0.000224 0.000191 0.000162 0.000137 0.000116 0.000098 0.000083 0.000070 0.000059 0.000049
39.618978 37.854691 36.131225 34.448513 32.806486 31.205081 29.644234 28.123887 26.643983 25.204469 23.805292 22.446404 21.127759 19.849313 18.611023 17.412852 16.254761 15.136718 14.058688 13.020642 12.022551 11.064388 10.146130 9.267752 8.429234 7.630557 6.871701 6.152651 5.473390 4.833905 4.234183 3.674212 3.153981 2.673480 2.232700 1.831634 1.470273 1.148612 0.866644 0.624364 0.421767 0.258848 0.135604 0.052032 0.008127 0.000775 0.000664 0.000567 0.000485 0.000413 0.000352 0.000299 0.000254 0.000215 0.000182 0.000154 0.000130 0.000109 0.000092 0.000077
