avaframe/data/avaParabChannelPaperFP/Inputs/channel.asc
nCols  501
nRows  151
xllcenter  1000.00
yllcenter -5000.00
cellsize  10
nodata_value -9999.00
[rows 108 to 134 of 151, columns 180 to 239 of 501]
48.048076 45.581363 43.203096 40.911124 38.703271 36.577346 34.531164 32.562553 30.669374 28.849521 27.100941 25.421635 23.809666 22.263168 20.780345 19.359478 17.998927 16.697132 15.452614 14.263976 13.129899 12.049146 11.020556 10.043046 9.115605 8.237293 7.407239 6.624637 5.888744 5.198874 4.554397 3.954739 3.399371 2.887812 2.419624 1.994409 1.611807 1.271491 0.973166 0.716567 0.501456 0.327618 0.194861 0.103014 0.051925 0.038343 0.032840 0.028084 0.023980 0.020445 0.017404 0.014794 0.012555 0.010640 0.009002 0.007605 0.006415 0.005403 0.004544 0.003816
48.048076 45.581363 43.203096 40.911124 38.703271 36.577346 34.531164 32.562553 30.669374 28.849521 27.100941 25.421635 23.809666 22.263168 20.780345 19.359478 17.998927 16.697132 15.452614 14.263976 13.129899 12.049146 11.020556 10.043046 9.115605 8.237293 7.407239 6.624637 5.888744 5.198874 4.554397 3.954739 3.399371 2.887812 2.419624 1.994409 1.611807 1.271491 0.973166 0.716567 0.501456 0.327618 0.194861 0.103014 0.051925 0.038343 0.032840 0.028084 0.023980 0.020445 0.017404 0.014794 0.012555 0.010640 0.009002 0.007605 0.006415 0.005403 0.004544 0.003816
48.048076 45.581363 43.203096 40.911124 38.703271 36.577346 34.531164 32.562553 30.669374 28.849521 27.100941 25.421635 23.809666 22.263168 20.780345 19.359478 17.998927 16.697132 15.452614 14.263976 13.129899 12.049146 11.020556 10.043046 9.115605 8.237293 7.407239 6.624637 5.888744 5.198874 4.554397 3.954739 3.399371 2.887812 2.419624 1.994409 1.611807 1.271491 0.973166 0.716567 0.501456 0.327618 0.194861 0.103014 0.051925 0.038343 0.032840 0.028084 0.023980 0.020445 0.017404 0.014794 0.012555 0.010640 0.009002 0.007605 0.006415 0.005403 0.004544 0.003816
48.048076 45.581363 43.203096 40.911124 38.703271 36.577346 34.531164 32.562553 30.669374 28.849521 27.100941 25.421635 23.809666 22.263168 20.780345 19.359478 17.998927 16.697132 15.452614 14.263976 13.129899 12.049146 11.020556 10.043046 9.115605 8.237293 7.407239 6.624637 5.888744 5.198874 4.554397 3.954739 3.399371 2.887812 2.419624 1.994409 1.611807 1.271491 0.973166 0.716567 0.501456 0.327618 0.194861 0.103014 0.051925 0.038343 0.032840 0.028084 0.023980 0.020445 0.017404 0.014794 0.012555 0.010640 0.009002 0.007605 0.006415 0.005403 0.004544 0.003816
48.048076 45.581363 43.203096 40.911124 38.703271 36.577346 34.531164 32.562553 30.669374 28.849521 27.100941 25.421635 23.809666 22.263168 20.780345 19.359478 17.998927 16.697132 15.452614 14.263976 13.129899 12.049146 11.020556 10.043046 9.115605 8.237293 7.407239 6.624637 5.888744 5.198874 4.554397 3.954739 3.399371 2.887812 2.419624 1.994409 1.611807 1.271491 0.973166 0.716567 0.501456 0.327618 0.194861 0.103014 0.051925 0.038343 0.032840 0.028084 0.023980 0.020445 0.017404 0.014794 0.012555 0.010640 0.009002 0.007605 0.006415 0.005403 0.004544 0.003816
48.048076 45.581363 43.203096 40.911124 38.703271 36.577346 34.531164 32.562553 30.669374 28.849521 27.100941 25.421635 23.809666 22.263168 20.780345 19.359478 17.998927 16.697132 15.452614 14.263976 13.129899 12.049146 11.020556 10.043046 9.115605 8.237293 7.407239 6.624637 5.888744 5.198874 4.554397 3.954739 3.399371 2.887812 2.419624 1.994409 1.611807 1.271491 0.973166 0.716567 0.501456 0.327618 0.194861 0.103014 0.051925 0.038343 0.032840 0.028084 0.023980 0.020445 0.017404 0.014794 0.012555 0.010640 0.009002 0.007605 0.006415 0.005403 0.004544 0.003816
48.048076 45.581363 43.203096 40.911124 38.703271 36.577346 34.531164 32.562553 30.669374 28.849521 27.100941 25.421635 23.809666 22.263168 20.780345 19.359478 17.998927 16.697132 15.452614 14.263976 13.129899 12.049146 11.020556 10.043046 9.115605 8.237293 7.407239 6.624637 5.888744 5.198874 4.554397 3.954739 3.399371 2.887812 2.419624 1.994409 1.611807 1.271491 0.973166 0.716567 0.501456 0.327618 0.194861 0.103014 0.051925 0.038343 0.032840 0.028084 0.023980 0.020445 0.017404 0.014794 0.012555 0.010640 0.009002 0.007605 0.006415 0.005403 0.004544 0.003816
48.048076 45.581363 43.203096 40.911124 38.703271 36.577346 34.531164 32.562553 30.669374 28.849521 27.100941 25.421635 23.809666 22.263168 20.780345 19.359478 17.998927 16.697132 15.452614 14.263976 13.129899 12.049146 11.020556 10.043046 9.115605 8.237293 7.407239 6.624637 5.888744 5.198874 4.554397 3.954739 3.399371 2.887812 2.419624 1.994409 1.611807 1.271491 0.973166 0.716567 0.501456 0.327618 0.194861 0.103014 0.051925 0.038343 0.032840 0.028084 0.023980 0.020445 0.017404 0.014794 0.012555 0.010640 0.009002 0.007605 0.006415 0.005403 0.004544 0.003816
48.048076 45.581363 43.203096 40.911124 38.703271 36.577346 34.531164 32.562553 30.669374 28.849521 27.100941 25.421635 23.809666 22.263168 20.780345 19.359478 17.998927 16.697132 15.452614 14.263976 13.129899 12.049146 11.020556 10.043046 9.115605 8.237293 7.407239 6.624637 5.888744 5.198874 4.554397 3.954739 3.399371 2.887812 2.419624 1.994409 1.611807 1.271491 0.973166 0.716567 0.501456 0.327618 0.194861 0.103014 0.051925 0.038343 0.032840 0.028084 0.023980 0.020445 0.017404 0.014794 0.012555 0.010640 0.009002 0.007605 0.006415 0.005403 0.004544 0.003816
48.048076 45.581363 43.203096 40.911124 38.703271 36.577346 34.531164 32.562553 30.669374 28.849521 27.100941 25.421635 23.809666 22.263168 20.780345 19.359478 17.998927 16.697132 15.452614 14.263976 13.129899 12.049146 11.020556 10.043046 9.115605 8.237293 7.407239 6.624637 5.888744 5.198874 4.554397 3.954739 3.399371 2.887812 2.419624 1.994409 1.611807 1.271491 0.973166 0.716567 0.501456 0.327618 0.194861 0.103014 0.051925 0.038343 0.032840 0.028084 0.023980 0.020445 0.017404 0.014794 0.012555 0.010640 0.009002 0.007605 0.006415 0.005403 0.004544 0.003816
48.048076 45.581363 43.203096 40.911124 38.703271 36.577346 34.531164 32.562553 30.669374 28.849521 27.100941 25.421635 23.809666 22.263168 20.780345 19.359478 17.998927 16.697132 15.452614 14.263976 13.129899 12.049146 11.020556 10.043046 9.115605 8.237293 7.407239 6.624637 5.888744 5.198874 4.554397 3.954739 3.399371 2.887812 2.419624 1.994409 1.611807 1.271491 0.973166 0.716567 0.501456 0.327618 0.194861 0.103014 0.051925 0.038343 0.032840 0.028084 0.023980 0.020445 0.017404 0.014794 0.012555 0.010640 0.009002 0.007605 0.006415 0.005403 0.004544 0.003816
48.048076 45.581363 43.203096 40.911124 38.703271 36.577346 34.531164 32.562553 30.669374 28.849521 27.100941 25.421635 23.809666 22.263168 20.780345 19.359478 17.998927 16.697132 15.452614 14.263976 13.129899 12.049146 11.020556 10.043046 9.115605 8.237293 7.407239 6.624637 5.888744 5.198874 4.554397 3.954739 3.399371 2.887812 2.419624 1.994409 1.611807 1.271491 0.973166 0.716567 0.501456 0.327618 0.194861 0.103014 0.051925 0.038343 0.032840 0.028084 0.023980 0.020445 0.017404 0.014794 0.012555 0.010640 0.009002 0.007605 0.006415 0.005403 0.004544 0.003816
48.048076 45.581363 43.203096 40.911124 38.703271 36.577346 34.531164 32.562553 30.669374 28.849521 27.100941 25.421635 23.809666 22.263168 20.780345 19.359478 17.998927 16.697132 15.452614 14.263976 13.129899 12.049146 11.020556 10.043046 9.115605 8.237293 7.407239 6.624637 5.888744 5.198874 4.554397 3.954739 3.399371 2.887812 2.419624 1.994409 1.611807 1.271491 0.973166 0.716567 0.501456 0.327618 0.194861 0.103014 0.051925 0.038343 0.032840 0.028084 0.023980 0.020445 0.017404 0.014794 0.012555 0.010640 0.009002 0.007605 0.006415 0.005403 0.004544 0.003816
48.048076 45.581363 43.203096 40.911124 38.703271 36.577346 34.531164 32.562553 30.669374 28.849521 27.100941 25.421635 23.809666 22.263168 20.780345 19.359478 17.998927 16.697132 15.452614 14.263976 13.129899 12.049146 11.020556 10.043046 9.115605 8.237293 7.407239 6.624637 5.888744 5.198874 4.554397 3.954739 3.399371 2.887812 2.419624 1.994409 1.611807 1.271491 0.973166 0.716567 0.501456 0.327618 0.194861 0.103014 0.051925 0.038343 0.032840 0.028084 0.023980 0.020445 0.017404 0.014794 0.012555 0.010640 0.009002 0.007605 0.006415 0.005403 0.004544 0.003816
48.048076 45.581363 43.203096 40.911124 38.703271 36.577346 34.531164 32.562553 30.669374 28.849521 27.100941 25.421635 23.809666 22.263168 20.780345 19.359478 17.998927 16.697132 15.452614 14.263976 13.129899 12.049146 11.020556 10.043046 9.115605 8.237293 7.407239 6.624637 5.888744 5.198874 4.554397 3.954739 3.399371 2.887812 2.419624 1.994409 1.611807 1.271491 0.973166 0.716567 0.501456 0.327618 0.194861 0.103014 0.051925 0.038343 0.032840 0.028084 0.023980 0.020445 0.017404 0.014794 0.012555 0.010640 0.009002 0.007605 0.006415 0.005403 0.004544 0.003816
48.048076 45.581363 43.203096 40.911124 38.703271 36.577346 34.531164 32.562553 30.669374 28.849521 27.100941 25.421635 23.809666 22.263168 20.780345 19.359478 17.998927 16.697132 15.452614 14.263976 13.129899 12.049146 11.020556 10.043046 9.115605 8.237293 7.407239 6.624637 5.888744 5.198874 4.554397 3.954739 3.399371 2.887812 2.419624 1.994409 1.611807 1.271491 0.973166 0.716567 0.501456 0.327618 0.194861 0.103014 0.051925 0.038343 0.032840 0.028084 0.023980 0.020445 0.017404 0.014794 0.012555 0.010640 0.009002 0.007605 0.006415 0.005403 0.004544 0.003816
48.048076 45.581363 43.203096 40.911124 38.703271 36.577346 34.531164 32.562553 30.669374 28.849521 27.100941 25.421635 23.809666 22.263168 20.780345 19.359478 17.998927 16.697132 15.452614 14.263976 13.129899 12.049146 11.020556 10.043046 9.115605 8.237293 7.407239 6.624637 5.888744 5.198874 4.554397 3.954739 3.399371 2.887812 2.419624 1.994409 1.611807 1.271491 0.973166 0.716567 0.501456 0.327618 0.194861 0.103014 0.051925 0.038343 0.032840 0.028084 0.023980 0.020445 0.017404 0.014794 0.012555 0.010640 0.009002 0.007605 0.006415 0.005403 0.004544 0.003816
48.048076 45.581363 43.203096 40.911124 38.703271 36.577346 34.531164 32.562553 30.669374 28.849521 27.100941 25.421635 23.809666 22.263168 20.780345 19.359478 17.998927 16.697132 15.452614 14.263976 13.129899 12.049146 11.020556 10.043046 9.115605 8.237293 7.407239 6.624637 5.888744 5.198874 4.554397 3.954739 3.399371 2.887812 2.419624 1.994409 1.611807 1.271491 0.973166 0.716567 0.501456 0.327618 0.194861 0.103014 0.051925 0.038343 0.032840 0.028084 0.023980 0.020445 0.017404 0.014794 0.012555 0.010640 0.009002 0.007605 0.006415 0.005403 0.004544 0.003816
48.048076 45.581363 43.203096 40.911124 38.703271 36.577346 34.531164 32.562553 30.669374 28.849521 27.100941 25.421635 23.809666 22.263168 20.780345 19.359478 17.998927 16.697132 15.452614 14.263976 13.129899 12.049146 11.020556 10.043046 9.115605 8.237293 7.407239 6.624637 5.888744 5.198874 4.554397 3.954739 3.399371 2.887812 2.419624 1.994409 1.611807 1.271491 0.973166 0.716567 0.501456 0.327618 0.194861 0.103014 0.051925 0.038343 0.032840 0.028084 0.023980 0.020445 0.017404 0.014794 0.012555 0.010640 0.009002 0.007605 0.006415 0.005403 0.004544 0.003816
48.048076 45.581363 43.203096 40.911124 38.703271 36.577346 34.531164 32.562553 30.669374 28.849521 27.100941 25.421635 23.809666 22.263168 20.780345 19.359478 17.998927 16.697132 15.452614 14.263976 13.129899 12.049146 11.020556 10.043046 9.115605 8.237293 7.407239 6.624637 5.888744 5.198874 4.554397 3.954739 3.399371 2.887812 2.419624 1.994409 1.611807 1.271491 0.973166 0.716567 0.501456 0.327618 0.194861 0.103014 0.051925 0.038343 0.032840 0.028084 0.023980 0.020445 0.017404 0.014794 0.012555 0.010640 0.009002 0.007605 0.006415 0.005403 0.004544 0.003816
48.048076 45.581363 43.203096 40.911124 38.703271 36.577346 34.531164 32.562553 30.669374 28.849521 27.100941 25.421635 23.809666 22.263168 20.780345 19.359478 17.998927 16.697132 15.452614 14.263976 13.129899 12.049146 11.020556 10.043046 9.115605 8.237293 7.407239 6.624637 5.888744 5.198874 4.554397 3.954739 3.399371 2.887812 2.419624 1.994409 1.611807 1.271491 0.973166 0.716567 0.501456 0.327618 0.194861 0.103014 0.051925 0.038343 0.032840 0.028084 0.023980 0.020445 0.017404 0.014794 0.012555 0.010640 0.009002 0.007605 0.006415 0.005403 0.004544 0.003816
48.048076 45.581363 43.203096 40.911124 38.703271 36.577346 34.531164 32.562553 30.669374 28.849521 27.100941 25.421635 23.809666 22.263168 20.780345 19.359478 17.998927 16.697132 15.452614 14.263976 13.129899 12.049146 11.020556 10.043046 9.115605 8.237293 7.407239 6.624637 5.888744 5.198874 4.554397 3.954739 3.399371 2.887812 2.419624 1.994409 1.611807 1.271491 0.973166 0.716567 0.501456 0.327618 0.194861 0.103014 0.051925 0.038343 0.032840 0.028084 0.023980 0.020445 0.017404 0.014794 0.012555 0.010640 0.009002 0.007605 0.006415 0.005403 0.004544 0.003816
48.048076 45.581363 43.203096 40.911124 38.703271 36.577346 34.531164 32.562553 30.669374 28.849521 27.100941 25.421635 23.809666 22.263168 20.780345 19.359478 17.998927 16.697132 15.452614 14.263976 13.129899 12.049146 11.020556 10.043046 9.115605 8.237293 7.407239 6.624637 5.888744 5.198874 4.554397 3.954739 3.399371 2.887812 2.419624 1.994409 1.611807 1.271491 0.973166 0.716567 0.501456 0.327618 0.194861 0.103014 0.051925 0.038343 0.032840 0.028084 0.023980 0.020445 0.017404 0.014794 0.012555 0.010640 0.009002 0.007605 0.006415 0.005403 0.004544 0.003816
48.048076 45.581363 43.203096 40.911124 38.703271 36.577346 34.531164 32.562553 30.669374 28.849521 27.100941 25.421635 23.809666 22.263168 20.780345 19.359478 17.998927 16.697132 15.452614 14.263976 13.129899 12.049146 11.020556 10.043046 9.115605 8.237293 7.407239 6.624637 5.888744 5.198874 4.554397 3.954739 3.399371 2.887812 2.419624 1.994409 1.611807 1.271491 0.973166 0.716567 0.501456 0.327618 0.194861 0.103014 0.051925 0.038343 0.032840 0.028084 0.023980 0.020445 0.017404 0.014794 0.012555 0.010640 0.009002 0.007605 0.006415 0.005403 0.004544 0.003816
48.048076 45.581363 43.203096 40.911124 38.703271 36.577346 34.531164 32.562553 30.669374 28.849521 27.100941 25.421635 23.809666 22.263168 20.780345 19.359478 17.998927 16.697132 15.452614 14.263976 13.129899 12.049146 11.020556 10.043046 9.115605 8.237293 7.407239 6.624637 5.888744 5.198874 4.554397 3.954739 3.399371 2.887812 2.419624 1.994409 1.611807 1.271491 0.973166 0.716567 0.501456 0.327618 0.194861 0.103014 0.051925 0.038343 0.032840 0.028084 0.023980 0.020445 0.017404 0.014794 0.012555 0.010640 0.009002 0.007605 0.006415 0.005403 0.004544 0.003816
48.048076 45.581363 43.203096 40.911124 38.703271 36.577346 34.531164 32.562553 30.669374 28.849521 27.100941 25.421635 23.809666 22.263168 20.780345 19.359478 17.998927 16.697132 15.452614 14.263976 13.129899 12.049146 11.020556 10.043046 9.115605 8.237293 7.407239 6.624637 5.888744 5.198874 4.554397 3.954739 3.399371 2.887812 2.419624 1.994409 1.611807 1.271491 0.973166 0.716567 0.501456 0.327618 0.194861 0.103014 0.051925 0.038343 0.032840 0.028084 0.023980 0.020445 0.017404 0.014794 0.012555 0.010640 0.009002 0.007605 0.006415 0.005403 0.004544 0.003816
48.048076 45.581363 43.203096 40.911124 38.703271 36.577346 34.531164 32.562553 30.669374 28.849521 27.100941 25.421635 23.809666 22.263168 20.780345 19.359478 17.998927 16.697132 15.452614 14.263976 13.129899 12.049146 11.020556 10.043046 9.115605 8.237293 7.407239 6.624637 5.888744 5.198874 4.554397 3.954739 3.399371 2.887812 2.419624 1.994409 1.611807 1.271491 0.973166 0.716567 0.501456 0.327618 0.194861 0.103014 0.051925 0.038343 0.032840 0.028084 0.023980 0.020445 0.017404 0.014794 0.012555 0.010640 0.009002 0.007605 0.006415 0.005403 0.004544 0.003816
