avaframe/data/avaParabChannelPaperFP/Inputs/channel.asc
nCols  501
nRows  151
xllcenter  1000.00
yllcenter -5000.00
cellsize  10
nodata_value -9999.00
[rows 54 to 80 of 151, columns 60 to 119 of 501]
639.552208 633.440271 627.308124 621.159379 614.997739 608.826958 602.650812 596.473062 590.297423 584.127539 577.966956 571.819101 565.687261 559.574569 553.483990 547.418310 541.380131 535.371862 529.395723 523.453738 517.547742 511.679384 505.850131 500.061277 494.313948 488.609115 482.947600 477.330089 471.757139 466.229193 460.786006 455.597530 450.454297 445.355940 440.301981 435.291822 430.324736 425.399855 420.516159 415.672470 410.867441 406.099546 401.367079 396.668145 392.000658 387.362338 382.750715 378.163127 373.596731 369.048507 364.515272 359.993692 355.480302 350.971520 346.463678 341.953043 337.435846 332.908314 328.366705 323.807341
639.552208 633.440271 627.308124 621.159379 614.997739 608.826958 602.650812 596.473062 590.297423 584.127539 577.966956 571.819101 565.687261 559.574569 553.483990 547.418310 541.380131 535.371862 529.395723 523.453738 517.547742 511.679384 505.850131 500.061277 494.313948 488.609115 482.947600 477.330089 471.757139 466.229193 460.786006 455.597530 450.454297 445.355940 440.301981 435.291822 430.324736 425.399855 420.516159 415.672470 410.867441 406.099546 401.367079 396.668145 392.000658 387.362338 382.750715 378.163127 373.596731 369.048507 364.515272 359.993692 355.480302 350.971520 346.463678 341.953043 337.435846 332.908314 328.366705 323.807341
639.552208 633.440271 627.308124 621.159379 614.997739 608.826958 602.650812 596.473062 590.297423 584.127539 577.966956 571.819101 565.687261 559.574569 553.483990 547.418310 541.380131 535.371862 529.395723 523.453738 517.547742 511.679384 505.850131 500.061277 494.313948 488.609115 482.947600 477.330089 471.757139 466.229193 460.786006 455.597530 450.454297 445.355940 440.301981 435.291822 430.324736 425.399855 420.516159 415.672470 410.867441 406.099546 401.367079 396.668145 392.000658 387.362338 382.750715 378.163127 373.596731 369.048507 364.515272 359.993692 355.480302 350.971520 346.463678 341.953043 337.435846 332.908314 328.366705 323.807341
639.552208 633.440271 627.308124 621.159379 614.997739 608.826958 602.650812 596.473062 590.297423 584.127539 577.966956 571.819101 565.687261 559.574569 553.483990 547.418310 541.380131 535.371862 529.395723 523.453738 517.547742 511.679384 505.850131 500.061277 494.313948 488.609115 482.947600 477.330089 471.757139 466.229193 460.786006 455.597530 450.454297 445.355940 440.301981 435.291822 430.324736 425.399855 420.516159 415.672470 410.867441 406.099546 401.367079 396.668145 392.000658 387.362338 382.750715 378.163127 373.596731 369.048507 364.515272 359.993692 355.480302 350.971520 346.463678 341.953043 337.435846 332.908314 328.366705 323.807341
639.552208 633.440271 627.308124 621.159379 614.997739 608.826958 602.650812 596.473062 590.297423 584.127539 577.966956 571.819101 565.687261 559.574569 553.483990 547.418310 541.380131 535.371862 529.395723 523.453738 517.547742 511.679384 505.850131 500.061277 494.313948 488.609115 482.947600 477.330089 471.757139 466.229193 460.786006 455.597530 450.454297 445.355940 440.301981 435.291822 430.324736 425.399855 420.516159 415.672470 410.867441 406.099546 401.367079 396.668145 392.000658 387.362338 382.750715 378.163127 373.596731 369.048507 364.515272 359.993692 355.480302 350.971520 346.463678 341.953043 337.435846 332.908314 328.366705 323.807341
639.552208 633.440271 627.308124 621.159379 614.997739 608.826958 602.650812 596.473062 590.297423 584.127539 577.966956 571.819101 565.687261 559.574569 553.483990 547.418310 541.380131 535.371862 529.395723 523.453738 517.547742 511.679384 505.850131 500.061277 494.313948 488.609115 482.947600 477.330089 471.757139 466.229193 460.786006 455.597530 450.454297 445.355940 440.301981 435.291822 430.324736 425.399855 420.516159 415.672470 410.867441 406.099546 401.367079 396.668145 392.000658 387.362338 382.750715 378.163127 373.596731 369.048507 364.515272 359.993692 355.480302 350.971520 346.463678 341.953043 337.435846 332.908314 328.366705 323.807341
639.552208 633.440271 627.308124 621.159379 614.997739 608.826958 602.650812 596.473062 590.297423 584.127539 577.966956 571.819101 565.687261 559.574569 553.483990 547.418310 541.380131 535.371862 529.395723 523.453738 517.547742 511.679384 505.850131 500.061277 494.313948 488.609115 482.947600 477.330089 471.757139 466.229193 460.786006 455.597530 450.454297 445.355940 440.301981 435.291822 430.324736 425.399855 420.516159 415.672470 410.867441 406.099546 401.367079 396.668145 392.000658 387.362338 382.750715 378.163127 373.596731 369.048507 364.515272 359.993692 355.480302 350.971520 346.463678 341.953043 337.435846 332.908314 328.366705 323.807341
627.493874 633.440271 627.308124 621.159379 614.997739 608.826958 602.650812 596.473062 590.297423 584.127539 577.966956 571.819101 565.687261 559.574569 553.483990 547.418310 541.380131 535.371862 529.395723 523.453738 517.547742 511.679384 505.850131 500.061277 494.313948 488.609115 482.947600 477.330089 471.757139 466.229193 460.786006 455.597530 450.454297 445.355940 440.301981 435.291822 430.324736 425.399855 420.516159 415.672470 410.867441 406.099546 401.367079 396.668145 392.000658 387.362338 382.750715 378.163127 373.596731 369.048507 364.515272 359.993692 355.480302 350.971520 346.463678 341.953043 337.435846 332.908314 328.366705 323.807341
599.908090 597.014576 594.557307 592.692415 591.728393 592.478387 602.650812 596.473062 590.297423 584.127539 577.966956 571.819101 565.687261 559.574569 553.483990 547.418310 541.380131 535.371862 529.395723 523.453738 517.547742 511.679384 505.850131 500.061277 494.313948 488.609115 482.947600 477.330089 471.757139 466.229193 460.786006 455.597530 450.454297 445.355940 440.301981 435.291822 430.324736 425.399855 420.516159 415.672470 410.867441 406.099546 401.367079 396.668145 392.000658 387.362338 382.750715 378.163127 373.596731 369.048507 364.515272 359.993692 355.480302 350.971520 337.649543 323.119631 312.388726 303.003428 294.393897 286.316871
585.772469 581.520897 577.416249 573.470352 569.698454 566.120722 562.764652 559.669203 556.892434 554.527102 552.737601 551.870313 552.979930 559.574569 553.483990 547.418310 541.380131 535.371862 529.395723 523.453738 517.547742 511.679384 505.850131 500.061277 494.313948 488.609115 482.947600 477.330089 471.757139 466.229193 460.786006 455.597530 450.454297 445.355940 440.301981 435.291822 430.324736 425.399855 420.516159 415.672470 410.867441 406.099546 401.367079 396.668145 392.000658 387.362338 382.750715 376.878789 358.228899 347.290451 337.823734 329.135395 320.958940 313.159204 305.656964 298.401389 291.357761 284.501251 277.813457 271.280347
575.464640 570.552209 565.725207 560.984563 556.331370 551.766940 547.292873 542.911142 538.624210 534.435177 530.347985 526.367695 522.500875 518.756164 515.145111 511.683483 508.393408 505.307108 502.473945 499.975318 497.961651 496.772555 497.648783 500.061277 494.313948 488.609115 482.947600 477.330089 471.757139 466.229193 460.786006 455.597530 450.454297 445.355940 440.301981 435.291822 430.324736 425.399855 409.760651 399.158884 389.984435 381.489899 373.420941 365.655729 358.125482 350.787369 343.612924 336.582340 329.681369 322.899500 316.228826 309.663307 303.198273 296.830076 290.555835 284.373257 278.280500 272.276062 266.358708 260.527401
567.326700 561.993143 556.722109 551.512673 546.363815 541.274423 536.243295 531.269141 526.350583 521.486167 516.674360 511.913561 507.202105 502.538272 497.920292 493.346356 488.814624 484.323233 479.870309 475.453973 471.072354 466.723598 462.405876 458.117393 453.856400 449.621200 445.410156 441.221699 437.054334 432.906646 428.390678 421.840207 415.308497 408.796905 402.306869 395.839910 389.397619 382.981653 376.593726 370.235604 363.909091 357.616027 351.358272 345.137701 338.956191 332.815615 326.717829 320.664665 314.657919 308.699347 302.790653 296.933481 291.129413 285.379956 279.686541 274.050518 268.473149 262.955609 257.498981 252.104255
560.684070 555.050395 549.468618 543.937563 538.455965 533.022469 527.635638 522.293951 516.995816 511.739571 506.523494 501.345812 496.204709 491.098342 486.024846 480.982352 475.968996 470.982939 466.022375 461.085549 456.170772 451.276432 446.401012 441.543101 436.701408 431.874769 427.062161 422.262710 417.475692 412.700544 407.752043 401.833837 395.927209 390.032612 384.150661 378.282127 372.427933 366.589147 360.766975 354.962747 349.177909 343.414011 337.672688 331.955654 326.264680 320.601585 314.968218 309.366446 303.798136 298.265150 292.769322 287.312457 281.896311 276.522589 271.192932 265.908909 260.672016 255.483664 250.345179 245.257800
555.182817 549.322794 543.509166 537.740891 532.016862 526.335914 520.696827 515.098333 509.539126 504.017865 498.533185 493.083705 487.668043 482.284819 476.932672 471.610270 466.316319 461.049577 455.808864 450.593071 445.401173 440.232232 435.085412 429.959979 424.855309 419.770892 414.706331 409.661346 404.635773 399.629557 394.527790 388.835273 383.162138 377.508367 371.874046 366.259378 360.664680 355.090384 349.537037 344.005298 338.495933 333.009813 327.547904 322.111257 316.701006 311.318352 305.964555 300.640921 295.348793 290.089539 284.864541 279.675182 274.522839 269.408870 264.334606 259.301342 254.310332 249.362777 244.459826 239.602565
550.610898 544.575069 538.582619 532.632721 526.724507 520.857074 515.029488 509.240789 503.489997 497.776121 492.098162 486.455128 480.846034 475.269914 469.725831 464.212881 458.730203 453.276987 447.852480 442.455992 437.086904 431.744666 426.428810 421.138944 415.874759 410.636027 405.422601 400.234413 395.071472 389.933859 384.745839 379.180582 373.640750 368.126213 362.636912 357.172862 351.734155 346.320966 340.933546 335.572232 330.237440 324.929665 319.649477 314.397520 309.174504 303.981202 298.818439 293.687092 288.588075 283.522336 278.490848 273.494598 268.534582 263.611798 258.727232 253.881861 249.076635 244.312481 239.590290 234.910918
546.830738 540.656679 534.524298 528.432984 522.382103 516.370997 510.398992 504.465403 498.569534 492.710687 486.888170 481.101294 475.349389 469.631801 463.947903 458.297100 452.678830 447.092573 441.537854 436.014244 430.521368 425.058904 419.626582 414.224193 408.851579 403.508643 398.195336 392.911668 387.657693 382.433516 377.188945 371.707201 366.255351 360.833261 355.440842 350.078052 344.744902 339.441455 334.167826 328.924191 323.710778 318.527872 313.375813 308.254995 303.165860 298.108898 293.084643 288.093668 283.136579 278.214011 273.326626 268.475098 263.660119 258.882384 254.142590 249.441429 244.779586 240.157728 235.576506 231.036548
543.748571 537.465990 531.224124 525.022552 518.860838 512.738533 506.655180 500.610315 494.603474 488.634190 482.702005 476.806468 470.947140 465.123599 459.335442 453.582290 447.863789 442.179615 436.529475 430.913111 425.330298 419.780848 414.264610 408.781471 403.331353 397.914215 392.530052 387.178891 381.860790 376.575837 371.291669 365.868430 360.478415 355.121518 349.797660 344.506791 339.248894 334.023987 328.832122 323.673387 318.547909 313.455849 308.397408 303.372820 298.382356 293.426318 288.505041 283.618886 278.768241 273.953514 269.175134 264.433544 259.729197 255.062555 250.434084 245.844249 241.293511 236.782326 232.311138 227.880380
541.298687 534.932266 528.606022 522.319688 516.072988 509.865641 503.697360 497.567855 491.476838 485.424022 479.409124 473.431868 467.491988 461.589227 455.723343 449.894111 444.101320 438.344779 432.624318 426.939788 421.291062 415.678034 410.100623 404.558771 399.052440 393.581615 388.146304 382.746532 377.382344 372.053803 366.741284 361.359948 356.014310 350.704298 345.429853 340.190938 334.987531 329.819634 324.687267 319.590474 314.529322 309.503899 304.514318 299.560713 294.643239 289.762074 284.917415 280.109477 275.338492 270.604706 265.908379 261.249780 256.629189 252.046889 247.503168 242.998316 238.532621 234.106368 229.719838 225.373303
539.434659 533.005773 526.616772 520.267508 513.957827 507.687572 501.456586 495.264709 489.111783 482.997650 476.922156 470.885152 464.886493 458.926040 453.003665 447.119246 441.272672 435.463842 429.692666 423.959067 418.262980 412.604351 406.983140 401.399319 395.852872 390.343795 384.872096 379.437791 374.040909 368.681487 363.348903 357.997228 352.683043 347.406305 342.166981 336.965044 331.800481 326.673288 321.583473 316.531056 311.516068 306.538554 301.598570 296.696188 291.831486 287.004560 282.215512 277.464458 272.751521 268.076834 263.440537 258.842777 254.283704 249.763475 245.282246 240.840177 236.437426 232.074153 227.750511 223.466653
538.124182 531.652028 525.219609 518.826859 512.473711 506.160095 499.885943 493.651185 487.455752 481.299574 475.182586 469.104721 463.065918 457.066117 451.105262 445.183301 439.300187 433.455877 427.650333 421.883521 416.155416 410.465995 404.815242 399.203145 393.629699 388.094903 382.598761 377.141283 371.722480 366.342371 360.996355 355.664539 350.371430 345.117008 339.901258 334.724167 329.585729 324.485941 319.424805 314.402329 309.418524 304.473411 299.567011 294.699354 289.870475 285.080412 280.329211 275.616919 270.943592 266.309284 261.714058 257.157976 252.641105 248.163510 243.725263 239.326431 234.967084 230.647293 226.367125 222.126647
537.345961 530.848355 524.390415 517.972124 511.593465 505.254422 498.954976 492.695112 486.474811 480.294058 474.152834 468.051125 461.988914 455.966188 449.982932 444.039135 438.134783 432.269867 426.444378 420.658308 414.911649 409.204398 403.536549 397.908101 392.319052 386.769402 381.259152 375.788305 370.356864 364.964834 359.611080 354.290705 349.009743 343.768190 338.566042 333.403295 328.279948 323.196001 318.151453 313.146305 308.180562 303.254228 298.367307 293.519807 288.711737 283.943106 279.213924 274.524204 269.873959 265.263203 260.691951 256.160217 251.668020 247.215374 242.802297 238.428807 234.094920 229.800655 225.546027 221.331053
537.087867 530.581859 524.115497 517.688781 511.301710 504.954285 498.646506 492.378372 486.149884 479.961042 473.811846 467.702295 461.632390 455.602131 449.611517 443.660550 437.749227 431.877551 426.045520 420.253135 414.500396 408.787303 403.113855 397.480053 391.885896 386.331386 380.816521 375.341301 369.905728 364.509800 359.153518 353.836882 348.559891 343.322546 338.124847 332.966793 327.848386 322.769624 317.730507 312.731037 307.771212 302.851032 297.970499 293.129611 288.328369 283.566773 278.844822 274.162517 269.519858 264.916845 260.353477 255.829755 251.345678 246.901248 242.496463 238.131324 233.805830 229.519983 225.273781 221.067224
537.345961 530.848355 524.390415 517.972124 511.593465 505.254422 498.954976 492.695112 486.474811 480.294058 474.152834 468.051125 461.988914 455.966188 449.982932 444.039135 438.134783 432.269867 426.444378 420.658308 414.911649 409.204398 403.536549 397.908101 392.319052 386.769402 381.259152 375.788305 370.356864 364.964834 359.611080 354.290705 349.009743 343.768190 338.566042 333.403295 328.279948 323.196001 318.151453 313.146305 308.180562 303.254228 298.367307 293.519807 288.711737 283.943106 279.213924 274.524204 269.873959 265.263203 260.691951 256.160217 251.668020 247.215374 242.802297 238.428807 234.094920 229.800655 225.546027 221.331053
538.124182 531.652028 525.219609 518.826859 512.473711 506.160095 499.885943 493.651185 487.455752 481.299574 475.182586 469.104721 463.065918 457.066117 451.105262 445.183301 439.300187 433.455877 427.650333 421.883521 416.155416 410.465995 404.815242 399.203145 393.629699 388.094903 382.598761 377.141283 371.722480 366.342371 360.996355 355.664539 350.371430 345.117008 339.901258 334.724167 329.585729 324.485941 319.424805 314.402329 309.418524 304.473411 299.567011 294.699354 289.870475 285.080412 280.329211 275.616919 270.943592 266.309284 261.714058 257.157976 252.641105 248.163510 243.725263 239.326431 234.967084 230.647293 226.367125 222.126647
539.434659 533.005773 526.616772 520.267508 513.957827 507.687572 501.456586 495.264709 489.111783 482.997650 476.922156 470.885152 464.886493 458.926040 453.003665 447.119246 441.272672 435.463842 429.692666 423.959067 418.262980 412.604351 406.983140 401.399319 395.852872 390.343795 384.872096 379.437791 374.040909 368.681487 363.348903 357.997228 352.683043 347.406305 342.166981 336.965044 331.800481 326.673288 321.583473 316.531056 311.516068 306.538554 301.598570 296.696188 291.831486 287.004560 282.215512 277.464458 272.751521 268.076834 263.440537 258.842777 254.283704 249.763475 245.282246 240.840177 236.437426 232.074153 227.750511 223.466653
541.298687 534.932266 528.606022 522.319688 516.072988 509.865641 503.697360 497.567855 491.476838 485.424022 479.409124 473.431868 467.491988 461.589227 455.723343 449.894111 444.101320 438.344779 432.624318 426.939788 421.291062 415.678034 410.100623 404.558771 399.052440 393.581615 388.146304 382.746532 377.382344 372.053803 366.741284 361.359948 356.014310 350.704298 345.429853 340.190938 334.987531 329.819634 324.687267 319.590474 314.529322 309.503899 304.514318 299.560713 294.643239 289.762074 284.917415 280.109477 275.338492 270.604706 265.908379 261.249780 256.629189 252.046889 247.503168 242.998316 238.532621 234.106368 229.719838 225.373303
543.748571 537.465990 531.224124 525.022552 518.860838 512.738533 506.655180 500.610315 494.603474 488.634190 482.702005 476.806468 470.947140 465.123599 459.335442 453.582290 447.863789 442.179615 436.529475 430.913111 425.330298 419.780848 414.264610 408.781471 403.331353 397.914215 392.530052 387.178891 381.860790 376.575837 371.291669 365.868430 360.478415 355.121518 349.797660 344.506791 339.248894 334.023987 328.832122 323.673387 318.547909 313.455849 308.397408 303.372820 298.382356 293.426318 288.505041 283.618886 278.768241 273.953514 269.175134 264.433544 259.729197 255.062555 250.434084 245.844249 241.293511 236.782326 232.311138 227.880380
