avaframe/data/avaParabChannelPaperFP/Inputs/channel.asc
nCols  501
nRows  151
xllcenter  1000.00
yllcenter -5000.00
cellsize  10
nodata_value -9999.00
[rows 108 to 134 of 151, columns 0 to 59 of 501]
1008.848975 1000.749887 992.744020 984.833299 977.019536 969.304411 961.689447 954.175986 946.765167 939.457902 932.254852 925.156404 918.162652 911.273374 904.488013 897.805663 891.225051 884.744529 878.362062 872.075225 865.881198 859.776774 853.758359 847.821986 841.963330 836.177724 830.460185 824.805442 819.207966 813.662006 808.161628 802.700758 797.273224 791.872805 786.493278 781.128469 775.772300 770.418842 765.062357 759.697353 754.318620 748.921280 743.500817 738.053117 732.574494 727.061719 721.512035 715.923175 710.293371 704.621354 698.906358 693.148107 687.346805 681.503121 675.618163 669.693455 663.730910 657.732790 651.701682 645.640450
1008.848975 1000.749887 992.744020 984.833299 977.019536 969.304411 961.689447 954.175986 946.765167 939.457902 932.254852 925.156404 918.162652 911.273374 904.488013 897.805663 891.225051 884.744529 878.362062 872.075225 865.881198 859.776774 853.758359 847.821986 841.963330 836.177724 830.460185 824.805442 819.207966 813.662006 808.161628 802.700758 797.273224 791.872805 786.493278 781.128469 775.772300 770.418842 765.062357 759.697353 754.318620 748.921280 743.500817 738.053117 732.574494 727.061719 721.512035 715.923175 710.293371 704.621354 698.906358 693.148107 687.346805 681.503121 675.618163 669.693455 663.730910 657.732790 651.701682 645.640450
1008.848975 1000.749887 992.744020 984.833299 977.019536 969.304411 961.689447 954.175986 946.765167 939.457902 932.254852 925.156404 918.162652 911.273374 904.488013 897.805663 891.225051 884.744529 878.362062 872.075225 865.881198 859.776774 853.758359 847.821986 841.963330 836.177724 830.460185 824.805442 819.207966 813.662006 808.161628 802.700758 797.273224 791.872805 786.493278 781.128469 775.772300 770.418842 765.062357 759.697353 754.318620 748.921280 743.500817 738.053117 732.574494 727.061719 721.512035 715.923175 710.293371 704.621354 698.906358 693.148107 687.346805 681.503121 675.618163 669.693455 663.730910 657.732790 651.701682 645.640450
1008.848975 1000.749887 992.744020 984.833299 977.019536 969.304411 961.689447 954.175986 946.765167 939.457902 932.254852 925.156404 918.162652 911.273374 904.488013 897.805663 891.225051 884.744529 878.362062 872.075225 865.881198 859.776774 853.758359 847.821986 841.963330 836.177724 830.460185 824.805442 819.207966 813.662006 808.161628 802.700758 797.273224 791.872805 786.493278 781.128469 775.772300 770.418842 765.062357 759.697353 754.318620 748.921280 743.500817 738.053117 732.574494 727.061719 721.512035 715.923175 710.293371 704.621354 698.906358 693.148107 687.346805 681.503121 675.618163 669.693455 663.730910 657.732790 651.701682 645.640450
1008.848975 1000.749887 992.744020 984.833299 977.019536 969.304411 961.689447 954.175986 946.765167 939.457902 932.254852 925.156404 918.162652 911.273374 904.488013 897.805663 891.225051 884.744529 878.362062 872.075225 865.881198 859.776774 853.758359 847.821986 841.963330 836.177724 830.460185 824.805442 819.207966 813.662006 808.161628 802.700758 797.273224 791.872805 786.493278 781.128469 775.772300 770.418842 765.062357 759.697353 754.318620 748.921280 743.500817 738.053117 732.574494 727.061719 721.512035 715.923175 710.293371 704.621354 698.906358 693.148107 687.346805 681.503121 675.618163 669.693455 663.730910 657.732790 651.701682 645.640450
1008.848975 1000.749887 992.744020 984.833299 977.019536 969.304411 961.689447 954.175986 946.765167 939.457902 932.254852 925.156404 918.162652 911.273374 904.488013 897.805663 891.225051 884.744529 878.362062 872.075225 865.881198 859.776774 853.758359 847.821986 841.963330 836.177724 830.460185 824.805442 819.207966 813.662006 808.161628 802.700758 797.273224 791.872805 786.493278 781.128469 775.772300 770.418842 765.062357 759.697353 754.318620 748.921280 743.500817 738.053117 732.574494 727.061719 721.512035 715.923175 710.293371 704.621354 698.906358 693.148107 687.346805 681.503121 675.618163 669.693455 663.730910 657.732790 651.701682 645.640450
1008.848975 1000.749887 992.744020 984.833299 977.019536 969.304411 961.689447 954.175986 946.765167 939.457902 932.254852 925.156404 918.162652 911.273374 904.488013 897.805663 891.225051 884.744529 878.362062 872.075225 865.881198 859.776774 853.758359 847.821986 841.963330 836.177724 830.460185 824.805442 819.207966 813.662006 808.161628 802.700758 797.273224 791.872805 786.493278 781.128469 775.772300 770.418842 765.062357 759.697353 754.318620 748.921280 743.500817 738.053117 732.574494 727.061719 721.512035 715.923175 710.293371 704.621354 698.906358 693.148107 687.346805 681.503121 675.618163 669.693455 663.730910 657.732790 651.701682 645.640450
1008.848975 1000.749887 992.744020 984.833299 977.019536 969.304411 961.689447 954.175986 946.765167 939.457902 932.254852 925.156404 918.162652 911.273374 904.488013 897.805663 891.225051 884.744529 878.362062 872.075225 865.881198 859.776774 853.758359 847.821986 841.963330 836.177724 830.460185 824.805442 819.207966 813.662006 808.161628 802.700758 797.273224 791.872805 786.493278 781.128469 775.772300 770.418842 765.062357 759.697353 754.318620 748.921280 743.500817 738.053117 732.574494 727.061719 721.512035 715.923175 710.293371 704.621354 698.906358 693.148107 687.346805 681.503121 675.618163 669.693455 663.730910 657.732790 651.701682 645.640450
1008.848975 1000.749887 992.744020 984.833299 977.019536 969.304411 961.689447 954.175986 946.765167 939.457902 932.254852 925.156404 918.162652 911.273374 904.488013 897.805663 891.225051 884.744529 878.362062 872.075225 865.881198 859.776774 853.758359 847.821986 841.963330 836.177724 830.460185 824.805442 819.207966 813.662006 808.161628 802.700758 797.273224 791.872805 786.493278 781.128469 775.772300 770.418842 765.062357 759.697353 754.318620 748.921280 743.500817 738.053117 732.574494 727.061719 721.512035 715.923175 710.293371 704.621354 698.906358 693.148107 687.346805 681.503121 675.618163 669.693455 663.730910 657.732790 651.701682 645.640450
1008.848975 1000.749887 992.744020 984.833299 977.019536 969.304411 961.689447 954.175986 946.765167 939.457902 932.254852 925.156404 918.162652 911.273374 904.488013 897.805663 891.225051 884.744529 878.362062 872.075225 865.881198 859.776774 853.758359 847.821986 841.963330 836.177724 830.460185 824.805442 819.207966 813.662006 808.161628 802.700758 797.273224 791.872805 786.493278 781.128469 775.772300 770.418842 765.062357 759.697353 754.318620 748.921280 743.500817 738.053117 732.574494 727.061719 721.512035 715.923175 710.293371 704.621354 698.906358 693.148107 687.346805 681.503121 675.618163 669.693455 663.730910 657.732790 651.701682 645.640450
1008.848975 1000.749887 992.744020 984.833299 977.019536 969.304411 961.689447 954.175986 946.765167 939.457902 932.254852 925.156404 918.162652 911.273374 904.488013 897.805663 891.225051 884.744529 878.362062 872.075225 865.881198 859.776774 853.758359 847.821986 841.963330 836.177724 830.460185 824.805442 819.207966 813.662006 808.161628 802.700758 797.273224 791.872805 786.493278 781.128469 775.772300 770.418842 765.062357 759.697353 754.318620 748.921280 743.500817 738.053117 732.574494 727.061719 721.512035 715.923175 710.293371 704.621354 698.906358 693.148107 687.346805 681.503121 675.618163 669.693455 663.730910 657.732790 651.701682 645.640450
1008.848975 1000.749887 992.744020 984.833299 977.019536 969.304411 961.689447 954.175986 946.765167 939.457902 932.254852 925.156404 918.162652 911.273374 904.488013 897.805663 891.225051 884.744529 878.362062 872.075225 865.881198 859.776774 853.758359 847.821986 841.963330 836.177724 830.460185 824.805442 819.207966 813.662006 808.161628 802.700758 797.273224 791.872805 786.493278 781.128469 775.772300 770.418842 765.062357 759.697353 754.318620 748.921280 743.500817 738.053117 732.574494 727.061719 721.512035 715.923175 710.293371 704.621354 698.906358 693.148107 687.346805 681.503121 675.618163 669.693455 663.730910 657.732790 651.701682 645.640450
1008.848975 1000.749887 992.744020 984.833299 977.019536 969.304411 961.689447 954.175986 946.765167 939.457902 932.254852 925.156404 918.162652 911.273374 904.488013 897.805663 891.225051 884.744529 878.362062 872.075225 865.881198 859.776774 853.758359 847.821986 841.963330 836.177724 830.460185 824.805442 819.207966 813.662006 808.161628 802.700758 797.273224 791.872805 786.493278 781.128469 775.772300 770.418842 765.062357 759.697353 754.318620 748.921280 743.500817 738.053117 732.574494 727.061719 721.512035 715.923175 710.293371 704.621354 698.906358 693.148107 687.346805 681.503121 675.618163 669.693455 663.730910 657.732790 651.701682 645.640450
1008.848975 1000.749887 992.744020 984.833299 977.019536 969.304411 961.689447 954.175986 946.765167 939.457902 932.254852 925.156404 918.162652 911.273374 904.488013 897.805663 891.225051 884.744529 878.362062 872.075225 865.881198 859.776774 853.758359 847.821986 841.963330 836.177724 830.460185 824.805442 819.207966 813.662006 808.161628 802.700758 797.273224 791.872805 786.493278 781.128469 775.772300 770.418842 765.062357 759.697353 754.318620 748.921280 743.500817 738.053117 732.574494 727.061719 721.512035 715.923175 710.293371 704.621354 698.906358 693.148107 687.346805 681.503121 675.618163 669.693455 663.730910 657.732790 651.701682 645.640450
1008.848975 1000.749887 992.744020 984.833299 977.019536 969.304411 961.689447 954.175986 946.765167 939.457902 932.254852 925.156404 918.162652 911.273374 904.488013 897.805663 891.225051 884.744529 878.362062 872.075225 865.881198 859.776774 853.758359 847.821986 841.963330 836.177724 830.460185 824.805442 819.207966 813.662006 808.161628 802.700758 797.273224 791.872805 786.493278 781.128469 775.772300 770.418842 765.062357 759.697353 754.318620 748.921280 743.500817 738.053117 732.574494 727.061719 721.512035 715.923175 710.293371 704.621354 698.906358 693.148107 687.346805 681.503121 675.618163 669.693455 663.730910 657.732790 651.701682 645.640450
1008.848975 1000.749887 992.744020 984.833299 977.019536 969.304411 961.689447 954.175986 946.765167 939.457902 932.254852 925.156404 918.162652 911.273374 904.488013 897.805663 891.225051 884.744529 878.362062 872.075225 865.881198 859.776774 853.758359 847.821986 841.963330 836.177724 830.460185 824.805442 819.207966 813.662006 808.161628 802.700758 797.273224 791.872805 786.493278 781.128469 775.772300 770.418842 765.062357 759.697353 754.318620 748.921280 743.500817 738.053117 732.574494 727.061719 721.512035 715.923175 710.293371 704.621354 698.906358 693.148107 687.346805 681.503121 675.618163 669.693455 663.730910 657.732790 651.701682 645.640450
1008.848975 1000.749887 992.744020 984.833299 977.019536 969.304411 961.689447 954.175986 946.765167 939.457902 932.254852 925.156404 918.162652 911.273374 904.488013 897.805663 891.225051 884.744529 878.362062 872.075225 865.881198 859.776774 853.758359 847.821986 841.963330 836.177724 830.460185 824.805442 819.207966 813.662006 808.161628 802.700758 797.273224 791.872805 786.493278 781.128469 775.772300 770.418842 765.062357 759.697353 754.318620 748.921280 743.500817 738.053117 732.574494 727.061719 721.512035 715.923175 710.293371 704.621354 698.906358 693.148107 687.346805 681.503121 675.618163 669.693455 663.730910 657.732790 651.701682 645.640450
1008.848975 1000.749887 992.744020 984.833299 977.019536 969.304411 961.689447 954.175986 946.765167 939.457902 932.254852 925.156404 918.162652 911.273374 904.488013 897.805663 891.225051 884.744529 878.362062 872.075225 865.881198 859.776774 853.758359 847.821986 841.963330 836.177724 830.460185 824.805442 819.207966 813.662006 808.161628 802.700758 797.273224 791.872805 786.493278 781.128469 775.772300 770.418842 765.062357 759.697353 754.318620 748.921280 743.500817 738.053117 732.574494 727.061719 721.512035 715.923175 710.293371 704.621354 698.906358 693.148107 687.346805 681.503121 675.618163 669.693455 663.730910 657.732790 651.701682 645.640450
1008.848975 1000.749887 992.744020 984.833299 977.019536 969.304411 961.689447 954.175986 946.765167 939.457902 932.254852 925.156404 918.162652 911.273374 904.488013 897.805663 891.225051 884.744529 878.362062 872.075225 865.881198 859.776774 853.758359 847.821986 841.963330 836.177724 830.460185 824.805442 819.207966 813.662006 808.161628 802.700758 797.273224 791.872805 786.493278 781.128469 775.772300 770.418842 765.062357 759.697353 754.318620 748.921280 743.500817 738.053117 732.574494 727.061719 721.512035 715.923175 710.293371 704.621354 698.906358 693.148107 687.346805 681.503121 675.618163 669.693455 663.730910 657.732790 651.701682 645.640450
1008.848975 1000.749887 992.744020 984.833299 977.019536 969.304411 961.689447 954.175986 946.765167 939.457902 932.254852 925.156404 918.162652 911.273374 904.488013 897.805663 891.225051 884.744529 878.362062 872.075225 865.881198 859.776774 853.758359 847.821986 841.963330 836.177724 830.460185 824.805442 819.207966 813.662006 808.161628 802.700758 797.273224 791.872805 786.493278 781.128469 775.772300 770.418842 765.062357 759.697353 754.318620 748.921280 743.500817 738.053117 732.574494 727.061719 721.512035 715.923175 710.293371 704.621354 698.906358 693.148107 687.346805 681.503121 675.618163 669.693455 663.730910 657.732790 651.701682 645.640450
1008.848975 1000.749887 992.744020 984.833299 977.019536 969.304411 961.689447 954.175986 946.765167 939.457902 932.254852 925.156404 918.162652 911.273374 904.488013 897.805663 891.225051 884.744529 878.362062 872.075225 865.881198 859.776774 853.758359 847.821986 841.963330 836.177724 830.460185 824.805442 819.207966 813.662006 808.161628 802.700758 797.273224 791.872805 786.493278 781.128469 775.772300 770.418842 765.062357 759.697353 754.318620 748.921280 743.500817 738.053117 732.574494 727.061719 721.512035 715.923175 710.293371 704.621354 698.906358 693.148107 687.346805 681.503121 675.618163 669.693455 663.730910 657.732790 651.701682 645.640450
1008.848975 1000.749887 992.744020 984.833299 977.019536 969.304411 961.689447 954.175986 946.765167 939.457902 932.254852 925.156404 918.162652 911.273374 904.488013 897.805663 891.225051 884.744529 878.362062 872.075225 865.881198 859.776774 853.758359 847.821986 841.963330 836.177724 830.460185 824.805442 819.207966 813.662006 808.161628 802.700758 797.273224 791.872805 786.493278 781.128469 775.772300 770.418842 765.062357 759.697353 754.318620 748.921280 743.500817 738.053117 732.574494 727.061719 721.512035 715.923175 710.293371 704.621354 698.906358 693.148107 687.346805 681.503121 675.618163 669.693455 663.730910 657.732790 651.701682 645.640450
1008.848975 1000.749887 992.744020 984.833299 977.019536 969.304411 961.689447 954.175986 946.765167 939.457902 932.254852 925.156404 918.162652 911.273374 904.488013 897.805663 891.225051 884.744529 878.362062 872.075225 865.881198 859.776774 853.758359 847.821986 841.963330 836.177724 830.460185 824.805442 819.207966 813.662006 808.161628 802.700758 797.273224 791.872805 786.493278 781.128469 775.772300 770.418842 765.062357 759.697353 754.318620 748.921280 743.500817 738.053117 732.574494 727.061719 721.512035 715.923175 710.293371 704.621354 698.906358 693.148107 687.346805 681.503121 675.618163 669.693455 663.730910 657.732790 651.701682 645.640450
1008.848975 1000.749887 992.744020 984.833299 977.019536 969.304411 961.689447 954.175986 946.765167 939.457902 932.254852 925.156404 918.162652 911.273374 904.488013 897.805663 891.225051 884.744529 878.362062 872.075225 865.881198 859.776774 853.758359 847.821986 841.963330 836.177724 830.460185 824.805442 819.207966 813.662006 808.161628 802.700758 797.273224 791.872805 786.493278 781.128469 775.772300 770.418842 765.062357 759.697353 754.318620 748.921280 743.500817 738.053117 732.574494 727.061719 721.512035 715.923175 710.293371 704.621354 698.906358 693.148107 687.346805 681.503121 675.618163 669.693455 663.730910 657.732790 651.701682 645.640450
1008.848975 1000.749887 992.744020 984.833299 977.019536 969.304411 961.689447 954.175986 946.765167 939.457902 932.254852 925.156404 918.162652 911.273374 904.488013 897.805663 891.225051 884.744529 878.362062 872.075225 865.881198 859.776774 853.758359 847.821986 841.963330 836.177724 830.460185 824.805442 819.207966 813.662006 808.161628 802.700758 797.273224 791.872805 786.493278 781.128469 775.772300 770.418842 765.062357 759.697353 754.318620 748.921280 743.500817 738.053117 732.574494 727.061719 721.512035 715.923175 710.293371 704.621354 698.906358 693.148107 687.346805 681.503121 675.618163 669.693455 663.730910 657.732790 651.701682 645.640450
1008.848975 1000.749887 992.744020 984.833299 977.019536 969.304411 961.689447 954.175986 946.765167 939.457902 932.254852 925.156404 918.162652 911.273374 904.488013 897.805663 891.225051 884.744529 878.362062 872.075225 865.881198 859.776774 853.758359 847.821986 841.963330 836.177724 830.460185 824.805442 819.207966 813.662006 808.161628 802.700758 797.273224 791.872805 786.493278 781.128469 775.772300 770.418842 765.062357 759.697353 754.318620 748.921280 743.500817 738.053117 732.574494 727.061719 721.512035 715.923175 710.293371 704.621354 698.906358 693.148107 687.346805 681.503121 675.618163 669.693455 663.730910 657.732790 651.701682 645.640450
1008.848975 1000.749887 992.744020 984.833299 977.019536 969.304411 961.689447 954.175986 946.765167 939.457902 932.254852 925.156404 918.162652 911.273374 904.488013 897.805663 891.225051 884.744529 878.362062 872.075225 865.881198 859.776774 853.758359 847.821986 841.963330 836.177724 830.460185 824.805442 819.207966 813.662006 808.161628 802.700758 797.273224 791.872805 786.493278 781.128469 775.772300 770.418842 765.062357 759.697353 754.318620 748.921280 743.500817 738.053117 732.574494 727.061719 721.512035 715.923175 710.293371 704.621354 698.906358 693.148107 687.346805 681.503121 675.618163 669.693455 663.730910 657.732790 651.701682 645.640450
