benchmarks/avaHockeyChannelPytest/Outputs/com1DFAOrig/peakFiles/release1HS_ent_dfa_0.15500_ppr.asc
ncols         1000
nrows         400
xllcenter     1000
yllcenter     -5000
cellsize      5
NODATA_value  -9999
[rows 204 to 237 of 400, columns 0 to 76 of 1000]
0 0 0 0 0 0 0 0 0 0 0 0 0 0 0 0 0 0 0 0 7.36248 14.2582 19.1886 23.085 25.2983 29.0627 33.3305 37.0707 40.3227 43.4358 46.2383 49.3367 52.5026 55.6502 58.705 61.64 64.3836 66.9145 69.2464 71.4003 73.5263 75.5896 77.541 79.3573 81.0036 82.571 83.9869 85.2931 86.4997 87.6094 88.6763 89.7384 90.8704 91.8547 92.7919 93.7645 94.7958 95.7859 96.705 97.6239 98.5753 99.4185 100.316 101.181 101.93 102.69 103.356 104.015 104.639 105.255 105.814 106.343 106.878 107.35 107.84 108.331 108.78
0 0 0 0 0 0 0 0 0 0 0 0 0 0 0 0 0 0 0 0 7.36248 14.2582 19.208 23.0903 25.2983 29.1995 33.1935 36.9931 40.2556 43.1905 46.0832 49.2901 52.5132 55.7637 58.8126 61.6967 64.4146 66.9181 69.2101 71.2202 73.2518 75.2906 77.2606 79.072 80.7731 82.3448 83.8573 85.2825 86.6053 87.8433 89.0536 90.1904 91.2636 92.2619 93.2197 94.1503 95.0086 95.7596 96.4925 97.2074 97.8681 98.5838 99.2118 99.8454 100.458 101.039 101.649 102.248 102.861 103.512 104.117 104.703 105.292 105.849 106.379 106.878 107.327
0 0 0 0 0 0 0 0 0 0 0 0 0 0 0 0 0 0 0 0 6.54682 13.4162 19.4857 23.5413 25.4905 29.154 33.222 37.0257 40.4135 43.5621 46.5611 49.4908 52.8038 55.9113 58.7046 61.6235 64.3166 66.8169 69.0682 71.1212 73.1193 74.9722 76.8787 78.6897 80.4393 82.0838 83.6714 85.2158 86.6718 88.0471 89.2721 90.3791 91.3773 92.376 93.2776 94.1487 94.9895 95.802 96.6402 97.4008 98.0919 98.8089 99.5083 100.095 100.673 101.246 101.707 102.179 102.631 103.084 103.585 104.101 104.499 105.162 105.908 106.583 107.282
0 0 0 0 0 0 0 0 0 0 0 0 0 0 0 0 0 0 0 0 6.39675 13.73 18.4749 22.0285 24.1423 29.0704 33.2309 37.1919 40.7998 43.9639 46.9103 49.8848 52.9093 55.9741 58.9496 61.6928 64.2161 66.5439 68.8428 71.0778 73.1577 75.1024 76.9402 78.7197 80.4509 82.0558 83.5727 85.0422 86.4369 87.6954 88.8824 89.9861 91.0908 92.2231 93.2741 94.2537 95.1754 96.0658 96.9018 97.6252 98.3435 99.0117 99.6265 100.184 100.726 101.265 101.713 102.208 102.761 103.187 103.724 104.205 104.651 105.369 106.066 106.693 107.336
0 0 0 0 0 0 0 0 0 0 0 0 0 0 0 0 0 0 0 0 6.39675 13.73 18.4953 22.2063 24.6857 28.3128 32.5391 36.6718 40.4153 43.718 46.8524 50.0664 53.2359 56.2643 58.9809 61.6024 64.2552 66.7684 69.1003 71.2412 73.2613 75.3631 77.3511 79.1901 80.8123 82.3277 83.8013 85.2441 86.5752 87.8896 89.3251 90.62 91.8196 92.9773 94.0376 94.9508 95.8692 96.7229 97.5304 98.25 98.901 99.5734 100.203 100.801 101.278 101.808 102.248 102.665 103.206 103.55 103.985 104.342 104.889 105.583 106.301 107.053 107.833
0 0 0 0 0 0 0 0 0 0 0 0 0 0 0 0 0 0 0 0 6.92693 13.0558 18.0802 21.645 23.8765 27.8776 32.3256 36.3366 40.1543 43.76 47.1037 50.3647 53.4017 56.2892 58.8376 61.4729 64.123 66.5786 68.8375 70.8899 72.8791 74.8941 76.993 79.0103 80.9389 82.693 84.3648 85.9277 87.4198 88.8097 90.1392 91.4298 92.5277 93.5018 94.4445 95.3949 96.2006 96.9649 97.6806 98.3838 99.0067 99.595 100.249 100.829 101.412 101.94 102.441 102.9 103.34 103.719 104.368 105.108 105.909 106.729 107.44 108.179 108.845
0 0 0 0 0 0 0 0 0 0 0 0 0 0 0 0 0 0 0 0 6.92914 13.147 18.1032 21.1663 23.2924 27.7905 31.9029 36.1935 40.2044 43.9824 47.4392 50.6405 53.5604 56.1962 58.7331 61.2766 63.995 66.5413 68.8298 70.8995 72.8946 75.0291 77.095 79.0264 80.944 82.6762 84.3688 85.8905 87.3503 88.708 90.0169 91.2314 92.2584 93.2346 94.207 95.1745 96.0624 96.8392 97.5127 98.2031 98.841 99.4785 100.122 100.695 101.243 101.729 102.214 102.717 103.601 104.434 105.238 105.97 106.654 107.405 108.061 108.778 109.478
0 0 0 0 0 0 0 0 0 0 0 0 0 0 0 0 0 0 0 0 7.17088 13.5288 18.7074 22.0257 23.6149 27.9424 32.3485 36.3711 40.0937 43.5457 46.7158 49.8053 52.879 55.6954 58.3433 61.1727 63.8787 66.4821 68.9015 71.2092 73.3931 75.4536 77.4767 79.4936 81.4539 83.1457 84.725 86.1627 87.5041 88.7857 89.9771 91.1065 92.0612 93.0099 93.9333 94.8286 95.7761 96.716 97.6143 98.3512 99.0783 99.7293 100.262 100.803 101.307 101.875 102.668 103.477 104.275 105.017 105.813 106.566 107.288 108.037 108.694 109.379 110.022
0 0 0 0 0 0 0 0 0 0 0 0 0 0 0 0 0 0 0 0 7.26414 13.6318 18.9161 22.377 24.7665 28.1689 32.1468 36.2302 39.6762 43.0783 46.3047 49.3313 52.3357 55.5177 58.5415 61.2424 63.6993 66.3105 68.8908 71.315 73.6451 75.7445 77.7242 79.5488 81.2476 82.8092 84.2681 85.6264 86.8561 88.0071 89.1375 90.1731 91.2804 92.4138 93.5222 94.439 95.3563 96.2345 97.0653 97.7684 98.4921 99.2088 99.8183 100.46 101.268 102.237 103.115 104.013 104.884 105.647 106.442 107.17 107.887 108.638 109.355 110.059 110.77
0 0 0 0 0 0 0 0 0 0 0 0 0 0 0 0 0 0 0 0 7.21051 13.786 18.6679 22.8861 25.7857 28.2825 32.0857 35.4811 38.984 42.4337 45.9702 49.4045 52.5646 55.5477 58.5653 61.3145 63.9249 66.3031 68.4759 70.7986 73.1211 75.2985 77.3135 79.1038 80.7344 82.2895 83.7488 85.06 86.2785 87.4337 88.6601 89.811 91.0113 92.1078 93.126 93.9697 94.8086 95.8012 96.7858 97.6554 98.5318 99.2658 100.098 100.915 101.684 102.513 103.38 104.178 104.954 105.696 106.47 107.183 107.905 108.562 109.276 109.937 110.686
0 0 0 0 0 0 0 0 0 0 0 0 0 0 0 0 0 0 0 0 7.03803 13.6275 19.227 22.6092 25.2241 28.4516 32.1903 35.6199 38.9845 42.1354 45.175 48.5967 52.0236 55.1764 58.2401 61.0168 63.6074 66.0374 68.4142 70.7515 72.8216 74.8215 76.6644 78.3868 79.9514 81.2785 82.6865 84.0423 85.381 86.6675 87.8233 88.9744 90.132 91.3813 92.5319 93.7379 94.8781 95.8853 96.7548 97.588 98.3922 99.0151 99.6379 100.289 101.161 101.999 102.807 103.593 104.457 105.339 106.165 106.937 107.694 108.323 109.071 109.69 110.356
0 0 0 0 0 0 0 0 0 0 0 0 0 0 0 0 0 0 0 0 7.00793 13.5621 19.227 22.6274 25.1932 28.1699 32.0408 35.8765 39.3491 42.5926 45.7435 48.8215 51.8254 55.1832 58.221 61.0547 63.6398 66.1282 68.4166 70.5176 72.468 74.3539 76.1622 77.8042 79.4243 80.8816 82.4111 83.7023 84.8964 85.9933 87.2566 88.688 89.9904 91.2528 92.3597 93.4367 94.3607 95.2676 96.0984 96.8514 97.5333 98.1718 98.7826 99.5968 100.611 101.667 102.522 103.306 104.008 104.697 105.303 105.938 106.63 107.329 108.088 108.761 109.443
0 0 0 0 0 0 0 0 0 0 0 0 0 0 0 0 0 0 0 0 6.66348 13.1407 18.9825 22.8359 25.2443 28.2931 32.2766 36.1102 39.5537 42.7347 45.6557 48.7198 51.7472 54.9824 58.0945 60.9685 63.5433 65.9323 68.1597 70.3188 72.2239 74.1251 75.9072 77.578 79.2876 80.7752 82.2804 83.6437 84.9036 86.0405 87.3375 88.5728 89.8465 91.0652 92.1693 93.1899 94.1499 94.9924 95.8142 96.5151 97.1774 97.8188 98.3378 99.0029 99.7996 100.512 101.201 101.954 102.71 103.511 104.245 104.937 105.622 106.241 106.82 107.39 107.935
0 0 0 0 0 0 0 0 0 0 0 0 0 0 0 0 0 0 0 0 6.32873 13.0403 19.0706 23.4321 25.915 28.2627 32.3847 36.1818 39.675 42.6478 45.4265 48.4156 51.6469 54.8783 57.9228 60.722 63.4192 65.9495 68.4154 70.7 72.8128 74.7181 76.467 78.1167 79.5679 80.8998 82.1664 83.3942 84.5339 85.8401 87.2069 88.5022 89.6851 90.7243 91.7082 92.6756 93.592 94.413 95.161 95.7673 96.3998 96.943 97.5145 98.0887 98.6341 99.2534 100.002 100.683 101.339 102.147 102.775 103.388 103.925 104.434 104.975 105.492 106.033
0 0 0 0 0 0 0 0 0 0 0 0 0 0 0 0 0 0 0 0 6.6924 13.4359 19.3042 22.7817 25.3702 28.6385 32.5854 36.2749 39.2653 42.0004 44.9549 48.2939 51.6477 54.7904 57.7369 60.5177 63.2851 65.8335 68.2282 70.4668 72.537 74.4365 76.1459 77.81 79.2709 80.6744 81.8665 83.1387 84.4331 85.6498 86.7409 87.9183 89.1225 90.1466 91.1154 92.106 93.0195 93.8125 94.5696 95.2562 95.884 96.394 96.8131 97.2779 97.7249 98.0841 98.4476 98.7588 99.188 99.8421 100.416 101.012 101.582 102.099 102.609 103.002 103.394
0 0 0 0 0 0 0 0 0 0 0 0 0 0 0 0 0 0 0 0 6.6924 13.577 19.3042 23.2649 25.8462 28.0526 31.8586 35.6778 39.0336 42.3199 45.4712 48.7581 52.0145 55.2226 58.1754 60.9543 63.5621 65.9262 68.2302 70.4235 72.4022 74.2486 75.9711 77.5483 78.9733 80.2165 81.3686 82.5938 83.8542 85.0285 86.2052 87.3667 88.4537 89.4414 90.3076 91.1639 91.9953 92.6516 93.3656 94.0277 94.7406 95.3121 95.727 96.1008 96.4566 96.6671 96.8714 97.1219 97.3337 97.47 97.9148 98.4465 98.8612 99.1765 99.4503 99.682 99.9701
0 0 0 0 0 0 0 0 0 0 0 0 0 0 0 0 0 0 0 0 6.75574 14.3081 19.4486 23.6999 26.1661 28.6434 32.5481 36.0104 39.4585 42.7318 45.931 48.9431 51.9521 55.1528 58.3114 60.9696 63.4983 65.8051 67.9079 69.7909 71.6856 73.5849 75.3056 76.8155 78.0967 79.2907 80.4863 81.6927 82.8279 83.9742 85.0897 86.1053 87.0901 88.0701 88.9713 89.6884 90.3571 91.1009 91.8596 92.5246 93.0604 93.5834 94.0104 94.3726 94.6792 94.9547 95.0849 95.1419 95.1156 95.1046 95.0401 95.0447 95.2721 95.4644 95.7379 95.9544 96.1622
0 0 0 0 0 0 0 0 0 0 0 0 0 0 0 0 0 0 0 0 6.39216 12.9824 18.6714 22.6643 25.8313 28.5496 32.4155 36.031 39.4467 42.8417 46.0909 49.2193 52.267 55.1989 58.0146 60.6397 63.0944 65.3335 67.3585 69.1694 70.7048 72.3196 73.8878 75.3126 76.437 77.7064 78.9376 80.0425 81.1176 82.2334 83.3002 84.2682 85.0984 86.04 86.9188 87.6872 88.3392 88.8947 89.4204 89.8965 90.246 90.4942 90.661 90.8242 90.893 90.9845 91.0648 91.0818 91.0501 90.9849 90.9868 90.8912 91.1014 91.1637 91.2029 91.236 91.2136
0 0 0 0 0 0 0 0 0 0 0 0 0 0 0 0 0 0 0 0 6.39216 12.9824 18.6714 22.4496 24.3703 28.5094 32.5268 36.2833 39.7279 43.0604 46.2294 49.0449 51.8589 54.5154 57.1355 59.6261 61.8791 64.0886 66.033 67.7097 69.1862 70.529 71.8953 73.2218 74.4601 75.6299 76.6379 77.7292 78.9068 80.0026 81.0101 81.8083 82.5563 83.1386 83.7465 84.1948 84.5764 84.9256 85.237 85.5633 85.8105 85.925 86.0101 86.0507 86.0204 85.9674 85.9598 85.9017 85.7947 85.6913 85.8365 85.8656 85.8759 85.6904 85.617 85.2873 84.9321
0 0 0 0 0 0 0 0 0 0 0 0 0 0 0 0 0 0 0 0 4.89571 12.1275 18.4705 23.301 26.2784 28.4589 32.4235 36.0279 39.2982 42.5518 45.895 48.8193 51.5066 53.8797 56.1052 58.2602 60.3887 62.2669 64.0467 65.5299 66.8472 68.0632 69.3173 70.3889 71.4025 72.5004 73.5983 74.6198 75.5513 76.3125 77.0096 77.6406 78.2017 78.6567 79.1044 79.3686 79.6418 79.831 79.9578 80.0702 80.1781 80.226 80.1542 80.0475 80.0211 79.9235 80.0876 80.1073 80.0459 79.9176 79.7791 79.5909 79.2115 78.8062 78.3946 77.9099 77.5651
0 0 0 0 0 0 0 0 0 0 0 0 0 0 0 0 0 0 0 0 7.06965 13.5165 18.6142 21.3534 24.2028 28.126 31.998 35.3163 38.5614 41.9119 44.9797 47.648 49.9165 51.8949 53.8338 55.9516 58.0416 59.8698 61.3354 62.5391 63.6522 64.6902 65.5481 66.6453 67.8469 68.896 69.8648 70.5766 71.22 71.8125 72.3072 72.7382 73.1528 73.5661 73.9093 74.1348 74.2753 74.3549 74.3457 74.3865 74.2965 74.1331 73.9477 73.6311 73.3585 73.1676 72.8834 72.7477 72.6837 72.554 72.4257 72.2231 71.8175 71.2945 70.7138 70.0021 69.3242
0 0 0 0 0 0 0 0 0 0 0 0 0 0 0 0 0 0 0 0 7.06965 13.5165 18.6142 21.3534 23.2935 27.1458 30.7252 34.0664 37.1735 40.0616 42.87 45.2037 47.2607 49.1958 51.1756 53.0901 54.7668 56.2384 57.4906 58.5512 59.5939 60.5145 61.5646 62.6722 63.5992 64.2794 64.7959 65.2548 65.6613 66.0635 66.4157 66.7087 66.9758 67.1641 67.2812 67.3395 67.2908 67.2923 67.2188 67.128 67.0111 66.8484 66.5206 66.17 65.8825 65.5904 65.3447 64.9681 64.5969 63.9724 63.3198 62.8616 62.6109 62.2791 61.8699 61.1445 60.0965
0 0 0 0 0 0 0 0 0 0 0 0 0 0 0 0 0 0 0 0 5.28099 12.0504 16.708 19.3807 21.752 25.4216 28.7141 31.5374 34.5916 37.1347 39.3085 41.3299 43.0469 44.9222 46.6542 48.1026 49.6053 50.9562 52.068 53.0634 53.7761 54.8118 55.6933 56.3817 56.8188 57.1376 57.7205 58.3059 58.6785 58.9302 59.0191 59.098 59.0611 58.9411 58.684 58.7463 58.5497 58.4302 58.2287 58.0182 57.8683 58.0339 58.1108 58.0924 57.9752 57.6759 57.3022 56.5672 55.9212 55.0936 54.2214 53.4982 52.719 52.0102 51.5416 51.1072 50.2599
0 0 0 0 0 0 0 0 0 0 0 0 0 0 0 0 0 0 0 0 5.28099 12.0504 16.708 19.0896 20.0324 23.8034 26.1796 28.613 30.2017 31.9751 33.4758 35.1107 36.7066 38.2059 39.7169 40.8618 42.2855 43.371 44.5501 45.507 46.371 47.1569 47.7408 48.5232 49.3247 50.0514 50.5507 50.6626 50.6784 50.502 50.0971 50.0677 50.146 50.1421 49.9961 49.7721 49.534 49.2227 49.0363 48.8368 48.43 47.9363 47.1526 46.4044 45.8995 45.75 45.8545 45.8673 45.6202 44.8627 43.885 42.7993 42.502 42.2903 41.6903 40.6434 39.4567
0 0 0 0 0 0 0 0 0 0 0 0 0 0 0 0 0 0 0 0 3.84946 10.5124 14.656 15.6893 19.1275 22.5774 23.9123 25.6933 27.0211 27.5257 28.7206 30.0988 30.9255 32.1119 32.7951 33.4988 35.4046 37.3356 38.7023 39.4278 39.6655 39.4233 40.3562 41.0197 41.4705 41.4514 41.289 40.919 40.8979 40.7043 40.4886 40.21 39.8324 39.541 39.7669 39.7005 39.793 39.7203 40.2505 40.484 40.4379 40.1353 39.4632 38.647 39.0443 39.4186 39.6233 39.6251 39.4232 39.0566 38.3208 37.6949 36.7639 36.029 36.2551 36.5086 36.3607
0 0 0 0 0 0 0 0 0 0 0 0 0 0 0 0 0 0 0 0 0 0 0 0 0 0 0 0 0 0 28.3931 29.2312 29.6002 30.6052 31.3296 31.4114 31.7112 33.405 34.6063 36.2435 35.8695 35.4393 38.5537 38.7904 38.964 38.6811 38.1443 37.6211 36.7906 36.3181 35.8395 36.3768 36.6798 36.6932 36.7696 36.3848 35.9286 35.9646 35.6736 34.6777 33.6299 34.329 34.329 33.639 32.4711 31.3567 31.109 30.313 29.3905 28.5407 29.1281 29.1281 25.2371 24.0393 23.8994 23.8994 12.2446
0 0 0 0 0 0 0 0 0 0 0 0 0 0 0 0 0 0 0 0 0 0 0 0 0 0 0 0 0 0 0 0 0 0 0 0 0 0 0 0 0 0 0 0 0 0 0 0 0 0 0 0 0 0 0 0 0 0 0 0 0 0 0 0 0 0 0 0 0 0 0 0 0 0 0 0 0
0 0 0 0 0 0 0 0 0 0 0 0 0 0 0 0 0 0 0 0 0 0 0 0 0 0 0 0 0 0 0 0 0 0 0 0 0 0 0 0 0 0 0 0 0 0 0 0 0 0 0 0 0 0 0 0 0 0 0 0 0 0 0 0 0 0 0 0 0 0 0 0 0 0 0 0 0
0 0 0 0 0 0 0 0 0 0 0 0 0 0 0 0 0 0 0 0 0 0 0 0 0 0 0 0 0 0 0 0 0 0 0 0 0 0 0 0 0 0 0 0 0 0 0 0 0 0 0 0 0 0 0 0 0 0 0 0 0 0 0 0 0 0 0 0 0 0 0 0 0 0 0 0 0
0 0 0 0 0 0 0 0 0 0 0 0 0 0 0 0 0 0 0 0 0 0 0 0 0 0 0 0 0 0 0 0 0 0 0 0 0 0 0 0 0 0 0 0 0 0 0 0 0 0 0 0 0 0 0 0 0 0 0 0 0 0 0 0 0 0 0 0 0 0 0 0 0 0 0 0 0
0 0 0 0 0 0 0 0 0 0 0 0 0 0 0 0 0 0 0 0 0 0 0 0 0 0 0 0 0 0 0 0 0 0 0 0 0 0 0 0 0 0 0 0 0 0 0 0 0 0 0 0 0 0 0 0 0 0 0 0 0 0 0 0 0 0 0 0 0 0 0 0 0 0 0 0 0
0 0 0 0 0 0 0 0 0 0 0 0 0 0 0 0 0 0 0 0 0 0 0 0 0 0 0 0 0 0 0 0 0 0 0 0 0 0 0 0 0 0 0 0 0 0 0 0 0 0 0 0 0 0 0 0 0 0 0 0 0 0 0 0 0 0 0 0 0 0 0 0 0 0 0 0 0
0 0 0 0 0 0 0 0 0 0 0 0 0 0 0 0 0 0 0 0 0 0 0 0 0 0 0 0 0 0 0 0 0 0 0 0 0 0 0 0 0 0 0 0 0 0 0 0 0 0 0 0 0 0 0 0 0 0 0 0 0 0 0 0 0 0 0 0 0 0 0 0 0 0 0 0 0
0 0 0 0 0 0 0 0 0 0 0 0 0 0 0 0 0 0 0 0 0 0 0 0 0 0 0 0 0 0 0 0 0 0 0 0 0 0 0 0 0 0 0 0 0 0 0 0 0 0 0 0 0 0 0 0 0 0 0 0 0 0 0 0 0 0 0 0 0 0 0 0 0 0 0 0 0
