benchmarks/avaHockeyChannelPytest/Outputs/com1DFAOrig/peakFiles/release1HS_ent_dfa_0.15500_ppr.asc
ncols         1000
nrows         400
xllcenter     1000
yllcenter     -5000
cellsize      5
NODATA_value  -9999
[rows 170 to 203 of 400, columns 0 to 76 of 1000]
0 0 0 0 0 0 0 0 0 0 0 0 0 0 0 0 0 0 0 0 6.02235 11.3254 13.4912 14.5082 17.6263 20.0228 23.3025 25.7681 26.7467 27.8174 30.0313 31.4503 32.1905 33.3425 34.6436 36.0321 37.6138 38.6848 39.1836 39.1115 39.5168 40.0068 41.2058 41.5836 41.6825 41.5768 40.9103 40.9303 40.5012 39.8993 39.3878 39.3106 39.4119 39.4791 39.2566 38.9314 39.0853 39.2329 39.0116 38.6313 37.9761 37.2372 37.0938 36.8575 36.5592 36.2801 35.8479 35.7575 35.5632 35.9389 35.9537 35.6515 35.5951 35.6771 35.9339 35.5762 35.3172
0 0 0 0 0 0 0 0 0 0 0 0 0 0 0 0 0 0 0 0 7.071 12.4183 15.6 16.586 19.0929 21.6053 24.9931 27.8005 29.6958 32.0977 34.1343 35.627 37.0284 38.9675 40.6308 42.4258 43.7282 44.962 46.2305 47.2348 48.1701 48.8719 49.4297 49.6378 49.9175 50.0279 50.2642 50.5874 50.8957 50.9156 50.8255 50.4767 49.9783 49.7046 49.4331 49.025 48.6083 47.9935 47.7089 47.2655 46.8468 46.3067 45.8808 45.4114 45.362 45.5493 45.3157 44.8075 44.2635 43.7044 43.3807 43.1934 42.4975 42.0081 41.2364 40.5633 39.4121
0 0 0 0 0 0 0 0 0 0 0 0 0 0 0 0 0 0 0 0 7.071 12.4183 15.6 17.9693 20.9696 24.6615 27.8648 30.9406 33.4104 35.6682 37.9992 40.0893 42.0032 43.9175 45.9874 47.9846 49.8126 51.4323 52.9338 54.3217 55.2161 56.1525 56.8469 57.6677 58.0866 58.5528 58.9671 59.4064 59.807 59.7953 59.6667 59.4644 59.1031 58.6874 58.2711 58.0572 58.0047 57.873 57.5901 57.2697 56.921 56.6287 56.1163 55.7962 55.3998 54.8697 54.3987 54.0873 53.6184 53.0359 52.4026 51.6954 51.2222 50.5495 49.9136 49.3252 48.7584
0 0 0 0 0 0 0 0 0 0 0 0 0 0 0 0 0 0 0 0 6.44802 12.9666 18.1554 21.1063 23.0187 26.8286 30.3979 33.3185 36.0064 38.7285 41.1023 43.4773 45.6693 47.9005 50.1072 52.1277 53.9942 55.7709 57.5428 59.1221 60.6209 61.9515 63.1117 64.0335 64.834 65.5611 66.1152 66.6785 67.1169 67.4701 67.6659 67.8045 67.7459 67.5926 67.5116 67.2537 66.8129 66.4327 66.0936 65.778 65.7762 65.67 65.5893 65.3744 64.998 64.6385 64.1681 63.7916 63.3411 62.8226 62.4341 61.9476 61.347 60.8165 60.3068 59.6979 59.0072
0 0 0 0 0 0 0 0 0 0 0 0 0 0 0 0 0 0 0 0 7.01121 13.1057 17.9271 20.5708 23.1852 27.2725 31.122 34.6294 37.7648 40.6308 43.3601 46.3135 49.0484 51.313 53.3568 55.6103 57.6778 59.5774 61.4031 63.318 65.0421 66.5907 67.9556 69.2437 70.3271 71.2619 72.0684 72.6346 73.1181 73.5999 73.925 74.1466 74.3122 74.3769 74.3992 74.3543 74.2715 74.1189 73.8876 73.6537 73.4698 73.4353 73.3719 73.2502 73.0872 72.8507 72.6095 72.3025 71.893 71.5114 71.1048 70.756 70.3985 70.1574 69.7748 69.1448 68.4715
0 0 0 0 0 0 0 0 0 0 0 0 0 0 0 0 0 0 0 0 7.01121 13.1057 17.9271 21.5789 24.1779 27.2934 30.9996 34.9594 38.2258 41.8091 44.8784 47.9005 50.7135 53.4261 55.9693 58.2587 60.4739 62.5466 64.3969 66.0735 67.961 69.8086 71.4662 72.9041 74.1928 75.2749 76.2757 77.0774 77.7876 78.2892 78.7252 79.113 79.364 79.6416 79.8962 80.0556 80.2453 80.2554 80.1561 80.0251 79.859 79.5872 79.677 79.7186 79.7665 79.7296 79.6906 79.5584 79.3696 79.1821 79.0501 78.791 78.5409 78.2623 77.8974 77.503 77.0837
0 0 0 0 0 0 0 0 0 0 0 0 0 0 0 0 0 0 0 0 6.24481 12.9679 19.0938 22.9167 26.3184 28.3708 32.2627 35.6116 39.1069 42.2349 45.6043 48.9825 51.888 54.7108 57.371 59.8313 62.1572 64.4122 66.6274 68.6923 70.5978 72.2949 73.8405 75.2658 76.5657 77.7905 78.7997 79.7294 80.5546 81.282 81.9178 82.4199 82.8726 83.2699 83.5935 83.8396 84.025 84.0913 84.1536 84.2002 84.5775 84.965 85.2144 85.3354 85.3601 85.4294 85.474 85.5722 85.5998 85.5717 85.6891 85.7714 85.699 85.4334 85.0952 84.7441 84.4333
0 0 0 0 0 0 0 0 0 0 0 0 0 0 0 0 0 0 0 0 6.71175 13.1919 18.7693 22.4301 25.0758 28.4958 32.5362 35.9988 39.3493 42.4364 45.9422 49.137 52.1451 54.9856 57.8704 60.5062 62.9791 65.3219 67.6351 69.8893 71.9809 73.8552 75.5636 77.1424 78.5794 79.9046 81.0199 82.0808 83.003 83.8071 84.6051 85.2752 85.8763 86.2949 86.6497 86.9006 87.0984 87.254 87.4463 87.9814 88.5182 89.007 89.4376 89.7692 90.1084 90.3648 90.6852 90.9097 91.1168 91.3277 91.4252 91.4534 91.4295 91.3721 91.4045 91.4208 91.3384
0 0 0 0 0 0 0 0 0 0 0 0 0 0 0 0 0 0 0 0 6.87905 13.1874 18.5095 21.7842 23.7599 27.9292 32.0381 35.8506 39.5048 43.158 46.57 49.6997 52.5264 55.2981 58.1204 60.9566 63.6332 66.1027 68.4082 70.5654 72.575 74.484 76.3597 78.1275 79.6813 81.1024 82.478 83.6951 84.8184 85.7616 86.6212 87.4448 88.1233 88.7302 89.1433 89.4804 89.7847 90.0786 90.647 91.4166 92.1555 92.8343 93.4223 93.9656 94.4272 94.884 95.2469 95.522 95.7719 95.9699 96.1287 96.2805 96.4249 96.5623 96.5962 96.7117 96.68
0 0 0 0 0 0 0 0 0 0 0 0 0 0 0 0 0 0 0 0 6.96197 13.1913 18.392 21.5549 23.8277 28.318 32.536 36.4016 40.0322 43.3675 46.5288 49.7567 52.7344 55.5508 58.3188 61.2101 63.9584 66.5095 68.83 70.975 72.9901 74.8775 76.6213 78.2571 79.7944 81.3084 82.7977 84.1951 85.4194 86.5233 87.5326 88.4639 89.2936 90.0797 90.8232 91.4005 91.8557 92.3586 93.1232 93.97 94.7791 95.5766 96.2982 96.9443 97.567 98.1144 98.5453 98.9438 99.242 99.5945 99.8655 100.052 100.261 100.552 100.73 100.902 101.133
0 0 0 0 0 0 0 0 0 0 0 0 0 0 0 0 0 0 0 0 6.32425 12.7901 18.2766 21.5965 24.4948 28.5395 32.8362 36.7612 40.4812 43.7893 47.0221 49.9879 52.8619 55.6427 58.1396 60.9656 63.6766 66.2416 68.5856 70.7837 72.8107 74.717 76.5302 78.249 79.8551 81.3347 82.8091 84.2093 85.546 86.8266 88.0036 89.1188 90.0696 90.9484 91.8783 92.7311 93.4259 94.1864 95.1907 95.9886 96.7774 97.5344 98.2247 98.8514 99.4543 100.099 100.744 101.349 101.904 102.407 102.875 103.345 103.668 103.986 104.265 104.529 104.832
0 0 0 0 0 0 0 0 0 0 0 0 0 0 0 0 0 0 0 0 5.64643 13.2238 19.2596 22.7497 25.1793 28.6809 33.0924 37.1133 40.763 44.1007 47.2454 50.1521 52.9077 55.4238 58.0416 60.7339 63.2641 65.6494 67.882 70.1305 72.2517 74.2136 76.0642 77.9124 79.7301 81.4409 83.0489 84.5687 85.9382 87.2033 88.3485 89.5032 90.5288 91.4816 92.3686 93.2906 94.1404 95.0474 96.0952 96.9889 97.9222 98.8321 99.7093 100.498 101.245 101.988 102.56 103.169 103.71 104.257 104.8 105.345 105.865 106.425 106.91 107.395 107.883
0 0 0 0 0 0 0 0 0 0 0 0 0 0 0 0 0 0 0 0 6.82946 13.4344 18.7483 21.9515 24.0901 28.8623 33.0882 37.2443 41.0855 44.5843 47.7346 50.6614 53.2659 55.7971 58.2931 60.7178 63.1817 65.5082 67.6863 69.8147 72.0624 74.3055 76.3854 78.2979 80.0763 81.7504 83.3326 84.8378 86.2468 87.5131 88.6603 89.7709 90.8531 91.885 92.8522 93.88 95.0139 95.9905 96.9087 97.8889 98.8737 99.8724 100.809 101.695 102.56 103.344 104.048 104.765 105.449 106.079 106.715 107.349 107.993 108.559 109.145 109.69 110.175
0 0 0 0 0 0 0 0 0 0 0 0 0 0 0 0 0 0 0 0 7.03819 13.5811 18.6555 21.5016 24.6669 28.818 33.056 37.2798 40.9317 44.4047 47.7288 50.5595 53.3321 55.8365 58.2661 60.861 63.4062 65.7519 68.0752 70.3603 72.5796 74.7059 76.7002 78.5195 80.2504 82.0503 83.7297 85.2966 86.7453 87.9954 89.2716 90.5595 91.7243 92.9794 94.1412 95.2295 96.2593 97.2422 98.2523 99.1682 100.072 100.948 101.809 102.622 103.483 104.34 105.14 105.976 106.766 107.451 108.188 108.86 109.541 110.228 110.832 111.446 111.96
0 0 0 0 0 0 0 0 0 0 0 0 0 0 0 0 0 0 0 0 4.8234 12.0464 18.515 23.6374 27.069 29.2822 33.2243 37.1463 40.738 44.1389 47.4492 50.1513 52.9147 55.3184 57.7673 60.9186 63.8516 66.4788 68.9017 71.1285 73.2716 75.2532 77.2333 79.1309 80.9349 82.5556 83.9967 85.4709 87.0503 88.5154 89.9198 91.261 92.4941 93.7485 94.9299 96.0485 97.0295 97.9671 98.912 99.8483 100.842 101.784 102.647 103.446 104.253 104.996 105.766 106.541 107.297 108.068 108.796 109.48 110.196 110.922 111.662 112.394 113.091
0 0 0 0 0 0 0 0 0 0 0 0 0 0 0 0 0 0 0 0 6.45072 14.0979 19.3255 23.9316 26.7286 29.6747 33.0865 36.8208 40.2328 43.8529 47.071 50.036 52.9123 55.5903 58.0287 60.9331 63.8614 66.5282 68.9665 71.1475 73.2191 75.2259 77.1454 78.9336 80.8944 82.8063 84.5851 86.2334 87.8003 89.3479 90.8335 92.2066 93.4564 94.6132 95.8223 96.9013 97.9138 98.9516 99.9491 100.919 101.873 102.861 103.73 104.545 105.344 106.08 106.808 107.497 108.216 108.944 109.639 110.404 111.073 111.76 112.38 113.024 113.732
0 0 0 0 0 0 0 0 0 0 0 0 0 0 0 0 0 0 0 0 6.45072 14.0979 19.3255 23.9316 26.5696 29.402 33.5141 37.1846 40.8809 44.0284 47.0593 50.1176 53.0201 55.8476 58.7528 61.4983 64.2315 66.9137 69.2723 71.3942 73.3346 75.1323 77.1284 79.1138 80.9916 82.8032 84.5428 86.196 87.8118 89.3654 90.7908 92.1629 93.4765 94.7321 95.9993 97.1875 98.2784 99.3913 100.388 101.297 102.173 103.051 103.873 104.655 105.542 106.375 107.277 108.043 108.8 109.434 110.12 110.799 111.481 112.145 112.841 113.437 114.137
0 0 0 0 0 0 0 0 0 0 0 0 0 0 0 0 0 0 0 0 5.85108 13.4845 18.9404 23.7148 26.6256 29.1556 33.4134 37.1132 40.7196 44.1484 47.555 50.5468 53.4155 56.2986 59.0367 61.5814 64.1358 66.6795 69.0129 71.1459 73.1426 75.013 76.9162 78.9755 80.9848 82.9174 84.7256 86.4188 88.0085 89.5322 90.9712 92.344 93.7036 94.9421 96.1397 97.2829 98.3418 99.382 100.367 101.328 102.185 103.016 103.821 104.526 105.276 106.018 106.68 107.417 108.202 108.951 109.734 110.432 111.136 111.854 112.509 113.238 113.946
0 0 0 0 0 0 0 0 0 0 0 0 0 0 0 0 0 0 0 0 4.64996 12.2164 18.7785 23.1458 26.9029 29.2196 33.4376 37.3408 40.8668 43.9658 46.9977 49.8086 52.8755 55.8087 58.7259 61.2294 63.8392 66.3908 68.777 70.9746 73.0795 75.043 76.9463 78.9483 80.8994 82.7138 84.3808 86.0661 87.7431 89.2992 90.7568 92.0356 93.3121 94.5522 95.7547 96.7996 97.8149 98.8637 99.7758 100.731 101.687 102.556 103.406 104.191 104.906 105.647 106.359 107.086 107.788 108.45 109.114 109.774 110.431 111.091 111.732 112.419 113.075
0 0 0 0 0 0 0 0 0 0 0 0 0 0 0 0 0 0 0 0 6.81242 13.6627 19.2541 22.1133 24.8784 29.295 33.669 37.492 40.8555 44.0357 47.0196 49.7679 52.5934 55.5219 58.2209 60.6404 63.288 65.8928 68.4166 70.7946 73.0211 75.0984 77.1063 78.9963 80.7462 82.3618 83.958 85.521 87.0719 88.5105 89.8537 91.1694 92.4642 93.7593 94.9687 96.0185 97.0461 98.09 98.996 99.884 100.83 101.725 102.548 103.391 104.132 104.805 105.527 106.169 106.895 107.647 108.324 109.073 109.731 110.413 111.096 111.728 112.412
0 0 0 0 0 0 0 0 0 0 0 0 0 0 0 0 0 0 0 0 6.81242 13.6627 19.2541 22.0426 24.3444 28.8288 33.25 37.0883 40.4226 43.7427 46.912 49.7273 52.2689 54.9127 57.9205 60.612 63.356 65.9122 68.3815 70.7202 72.9609 75.0036 76.8889 78.7228 80.5109 82.1802 83.7607 85.2483 86.6504 87.9572 89.3573 90.6868 92.0061 93.2707 94.5093 95.6728 96.743 97.8181 98.8077 99.6974 100.502 101.284 102.013 102.78 103.561 104.301 105.078 105.816 106.509 107.176 107.784 108.402 108.981 109.613 110.297 110.986 111.725
0 0 0 0 0 0 0 0 0 0 0 0 0 0 0 0 0 0 0 0 7.08185 13.3238 18.3066 20.8758 23.8388 28.0701 32.2185 36.0033 39.3716 42.896 46.3155 49.6185 52.662 55.7319 58.6523 61.4308 64.0778 66.499 68.7672 70.9076 72.9663 74.8714 76.7756 78.6583 80.4807 82.1652 83.695 85.1875 86.6251 88.1059 89.5084 90.7607 92.0107 93.2215 94.4008 95.5208 96.4937 97.4993 98.4778 99.4398 100.39 101.3 102.147 102.937 103.761 104.459 105.193 105.857 106.547 107.199 107.895 108.553 109.218 109.823 110.4 110.956 111.516
0 0 0 0 0 0 0 0 0 0 0 0 0 0 0 0 0 0 0 0 7.21554 13.5716 18.3066 20.8758 23.5981 27.9248 31.8718 36.024 39.7388 43.1814 46.4025 49.65 52.9104 55.9828 58.9549 61.7095 64.2256 66.4575 68.6099 70.5751 72.6611 74.6115 76.4679 78.21 79.848 81.4054 83.0657 84.7487 86.4626 88.056 89.4682 90.8301 92.1178 93.3337 94.4955 95.5675 96.5546 97.5891 98.5606 99.5285 100.505 101.404 102.321 103.147 103.978 104.761 105.475 106.161 106.836 107.46 108.108 108.744 109.39 110.046 110.689 111.397 112.064
0 0 0 0 0 0 0 0 0 0 0 0 0 0 0 0 0 0 0 0 7.49613 13.6981 17.9283 20.9027 23.3194 27.5273 31.6804 35.7717 39.4956 43.1178 46.6844 49.985 53.1249 56.1608 59.1951 61.9493 64.5214 66.8536 69.0817 71.0623 72.9532 74.7773 76.4773 78.1396 79.7585 81.3239 83.0389 84.8262 86.5704 88.2126 89.7687 91.2006 92.493 93.7516 94.9816 96.1468 97.1901 98.1937 99.1444 100.058 100.853 101.62 102.44 103.199 104.024 104.818 105.59 106.384 107.168 107.909 108.646 109.389 110.067 110.771 111.338 111.951 112.475
0 0 0 0 0 0 0 0 0 0 0 0 0 0 0 0 0 0 0 0 6.28206 13.2317 17.5765 20.8832 22.5536 26.7777 31.3109 35.5356 39.5937 43.4258 46.9437 50.1553 53.3585 56.4155 59.3654 62.1069 64.6708 67.0485 69.1988 71.2134 73.0042 74.6996 76.4279 78.1662 79.8421 81.4705 83.2283 84.9455 86.6119 88.1699 89.6862 91.2234 92.6565 93.9667 95.1925 96.3782 97.5016 98.5638 99.5524 100.573 101.456 102.275 103.144 103.95 104.678 105.476 106.198 106.875 107.601 108.184 108.878 109.54 110.214 110.945 111.623 112.316 112.975
0 0 0 0 0 0 0 0 0 0 0 0 0 0 0 0 0 0 0 0 6.29583 13.2593 17.7403 21.0717 23.0585 26.9574 31.23 35.7393 39.8787 43.8844 47.5281 50.777 53.749 56.6117 59.4366 62.0783 64.5701 66.8204 68.9287 70.8982 72.8144 74.7441 76.5673 78.1242 79.559 81.0894 82.8819 84.6092 86.3292 88.0349 89.6098 91.1593 92.6329 93.966 95.1551 96.2928 97.3978 98.4561 99.4552 100.465 101.384 102.251 103.114 103.934 104.692 105.482 106.177 106.917 107.622 108.21 108.902 109.451 110.122 110.739 111.373 112.059 112.79
0 0 0 0 0 0 0 0 0 0 0 0 0 0 0 0 0 0 0 0 7.36764 13.7912 18.1966 21.489 23.9421 27.6924 31.6004 35.5493 39.5318 43.4409 46.9522 50.1766 53.1314 56.0295 58.8928 61.6036 64.0564 66.3897 68.666 70.8272 72.8124 74.6567 76.4787 78.1114 79.6341 81.0436 82.9744 84.8256 86.6076 88.2457 89.7738 91.2134 92.489 93.6948 94.8907 96.0621 97.1826 98.2334 99.2411 100.23 101.152 102.058 102.891 103.722 104.477 105.243 105.952 106.668 107.367 108.036 108.73 109.384 110.049 110.711 111.294 111.921 112.536
0 0 0 0 0 0 0 0 0 0 0 0 0 0 0 0 0 0 0 0 7.36764 13.7912 18.1966 21.489 23.8778 28.2977 32.4864 36.4646 40.2693 43.6667 46.9334 49.9068 52.8017 55.9089 58.9053 61.6682 64.1876 66.6306 68.9587 71.1226 73.1403 74.9567 76.6456 78.251 79.757 81.0738 82.5928 84.3271 85.9569 87.5073 89.0426 90.5341 91.895 93.1576 94.4397 95.6557 96.8307 97.8622 98.9132 99.9667 100.899 101.807 102.693 103.56 104.314 105.099 105.852 106.556 107.242 107.892 108.577 109.204 109.864 110.476 111.087 111.676 112.268
0 0 0 0 0 0 0 0 0 0 0 0 0 0 0 0 0 0 0 0 6.13618 12.6573 18.6661 22.6627 25.3654 28.552 33.0833 36.9212 40.5494 43.9304 47.1539 50.1365 52.9606 55.9586 58.972 61.7544 64.3072 66.7741 69.1422 71.3412 73.3594 75.263 76.9597 78.564 80.036 81.4728 82.8274 84.2805 85.9388 87.5359 88.9525 90.3266 91.569 92.7972 94.0144 95.1766 96.2628 97.2384 98.2105 99.1634 100.008 100.863 101.707 102.531 103.333 104.129 104.909 105.626 106.369 107.029 107.769 108.44 109.144 109.785 110.446 111.127 111.764
0 0 0 0 0 0 0 0 0 0 0 0 0 0 0 0 0 0 0 0 6.5521 13.7147 18.1852 21.4698 23.8963 28.0885 32.3211 36.1511 39.9156 43.4132 46.8747 50.2451 53.4228 56.4053 59.2645 61.8279 64.1802 66.62 68.964 71.1165 73.2457 75.237 77.1825 78.9178 80.5092 81.9931 83.4991 84.8888 86.1911 87.5321 88.8315 90.0325 91.2031 92.4111 93.6474 94.7527 95.8416 96.8351 97.7981 98.7202 99.5901 100.432 101.234 101.997 102.809 103.59 104.344 105.086 105.84 106.554 107.267 107.934 108.57 109.192 109.783 110.459 111.063
0 0 0 0 0 0 0 0 0 0 0 0 0 0 0 0 0 0 0 0 7.2417 13.6251 18.5206 21.2351 23.3238 27.654 31.516 35.503 39.589 43.3788 46.8909 50.3637 53.6209 56.5953 59.3075 61.7609 64.1937 66.6479 69.0183 71.3189 73.4255 75.3607 77.16 78.8503 80.4935 82.0371 83.4702 84.8175 86.182 87.5381 88.7973 89.9404 91.0953 92.2207 93.3233 94.3698 95.545 96.6634 97.6489 98.6525 99.5932 100.495 101.341 102.161 102.992 103.711 104.444 105.204 105.896 106.604 107.297 107.994 108.637 109.313 109.931 110.635 111.291
0 0 0 0 0 0 0 0 0 0 0 0 0 0 0 0 0 0 0 0 7.2417 13.5741 18.5206 21.2351 24.156 28.0644 32.0354 36.0408 39.7344 43.433 47.0247 50.6153 53.85 56.7091 59.3004 61.6051 64.0472 66.5893 68.904 71.1968 73.336 75.3165 77.1287 78.7996 80.3415 81.9406 83.463 84.8116 86.0185 87.1513 88.2243 89.3125 90.6631 91.9763 93.2679 94.5446 95.7809 96.9241 97.9088 98.9488 99.9358 100.813 101.678 102.482 103.296 104.029 104.782 105.533 106.268 106.963 107.643 108.352 108.955 109.592 110.188 110.793 111.389
0 0 0 0 0 0 0 0 0 0 0 0 0 0 0 0 0 0 0 0 3.74263 11.7959 18.2733 22.5392 26.364 28.6242 33.0425 37.0147 40.6074 43.9383 47.1314 50.4021 53.6864 56.6852 59.4308 62.056 64.477 66.7854 68.8937 70.9691 73.1056 75.1252 76.9665 78.6914 80.2764 81.9749 83.5036 84.9336 86.2268 87.417 88.4983 89.4856 90.4959 91.6762 92.9851 94.258 95.462 96.6072 97.6742 98.7187 99.6764 100.544 101.43 102.217 103.033 103.779 104.516 105.231 105.901 106.587 107.185 107.841 108.434 109.007 109.643 110.192 110.747
0 0 0 0 0 0 0 0 0 0 0 0 0 0 0 0 0 0 0 0 4.6572 12.2432 18.8111 23.009 26.8099 28.9164 33.2344 37.2496 40.8187 43.9663 46.9048 49.8044 52.967 56.11 59.2017 62.0156 64.5437 66.9157 69.1945 71.4013 73.5091 75.4285 77.2398 79.0203 80.6753 82.1671 83.671 85.0965 86.4016 87.5506 88.627 89.8558 91.0187 92.0872 92.9956 94.107 95.2848 96.3682 97.3355 98.3521 99.2935 100.164 101.053 101.902 102.652 103.396 104.16 104.841 105.56 106.279 106.887 107.575 108.188 108.775 109.409 109.954 110.538
