benchmarks/avaHockeyChannelPytest/Outputs/com1DFAOrig/peakFiles/release1HS_ent_dfa_0.15500_ppr.asc
ncols         1000
nrows         400
xllcenter     1000
yllcenter     -5000
cellsize      5
NODATA_value  -9999
[rows 204 to 237 of 400, columns 77 to 153 of 1000]
109.265 109.823 110.398 111.072 111.83 112.611 113.359 114.153 114.92 115.727 116.543 117.44 118.38 119.357 120.37 121.37 122.42 123.432 124.476 125.554 126.655 127.785 128.936 130.115 131.299 132.481 133.663 134.926 136.25 137.613 139.049 140.503 141.927 143.423 144.897 146.389 147.88 149.402 150.932 152.503 154.295 156.049 157.799 159.525 161.17 162.78 164.673 166.589 168.471 170.269 172.018 174.118 176.187 178.112 179.894 182.113 184.25 186.251 188.301 190.617 192.746 194.77 197.29 199.49 201.582 204.11 206.329 208.685 211.15 213.211 215.752 218.003 220.054 222.342 224.141 226.171 227.905
108.076 108.89 109.685 110.497 111.278 112.07 112.841 113.633 114.43 115.262 116.089 116.963 117.893 118.824 119.802 120.799 121.78 122.789 123.794 124.838 125.91 126.992 128.152 129.325 130.539 131.779 133.038 134.324 135.609 136.892 138.222 139.56 140.942 142.329 143.705 145.182 146.623 148.206 149.789 151.37 152.941 154.509 156.027 157.535 159.277 161.075 162.775 164.423 166.014 167.83 169.73 171.528 173.199 174.98 177.002 178.896 180.589 182.469 184.53 186.422 188.273 190.441 192.442 194.277 196.548 198.531 200.422 202.61 204.444 206.302 208.188 209.708 211.182 212.506 213.4 214.329 214.953
107.962 108.636 109.32 110.013 110.721 111.494 112.231 113.049 113.828 114.723 115.584 116.472 117.344 118.265 119.167 120.108 121.069 122.082 123.096 124.136 125.197 126.249 127.367 128.453 129.602 130.776 132.002 133.256 134.47 135.729 136.961 138.202 139.56 140.923 142.325 143.729 145.173 146.585 147.97 149.355 150.756 152.264 153.827 155.372 156.894 158.366 159.763 161.429 163.104 164.665 166.14 167.595 169.37 171.063 172.641 174.159 176.065 177.789 179.371 181.163 183.089 184.806 186.541 188.418 190.094 191.612 193.241 194.671 195.84 197.034 197.986 198.328 198.93 199.062 198.8 198.236 197.522
107.985 108.677 109.394 110.118 110.928 111.708 112.517 113.354 114.158 115.011 115.771 116.56 117.374 118.252 119.051 119.928 120.788 121.647 122.556 123.471 124.497 125.539 126.634 127.811 128.878 130.01 131.114 132.209 133.425 134.587 135.768 136.985 138.179 139.423 140.662 141.877 143.095 144.446 145.8 147.123 148.464 149.746 151.012 152.308 153.74 155.145 156.517 157.826 159.115 160.608 162.088 163.541 164.884 166.45 168.047 169.578 171.159 172.818 174.446 176.123 177.663 179.252 181.056 182.723 184.131 185.379 186.321 186.941 187.326 187.512 187.252 186.774 185.861 184.571 183.042 181.11 178.879
108.637 109.373 110.143 110.853 111.578 112.29 112.981 113.752 114.406 115.167 115.838 116.602 117.371 118.24 119.02 119.87 120.74 121.622 122.544 123.464 124.438 125.411 126.335 127.332 128.266 129.306 130.347 131.345 132.421 133.441 134.531 135.686 136.778 137.869 139.026 140.106 141.16 142.294 143.426 144.636 145.873 147.038 148.176 149.327 150.531 151.843 153.14 154.392 155.936 157.58 159.247 160.877 162.423 164.056 165.906 167.743 169.52 171.219 172.835 174.329 175.644 176.729 177.645 178.332 178.717 178.937 178.729 178.245 177.363 176.223 174.683 172.674 170.29 167.651 164.775 161.314 157.697
109.509 110.183 110.79 111.485 112.195 112.924 113.665 114.398 115.126 115.826 116.542 117.221 117.929 118.612 119.374 120.153 120.968 121.844 122.742 123.656 124.57 125.449 126.313 127.229 128.159 129.12 130.042 130.858 131.76 132.612 133.478 134.536 135.54 136.559 137.58 138.554 139.54 140.527 141.54 142.644 143.775 144.891 145.981 147.239 148.571 150.202 151.822 153.535 155.228 156.878 158.509 160.158 161.795 163.315 164.769 166.136 167.353 168.329 169.204 169.831 170.189 170.415 170.366 169.941 169.242 168.155 166.556 164.655 162.368 159.573 156.739 153.589 150.06 146.408 142.674 138.879 134.926
110.171 110.867 111.587 112.27 112.974 113.634 114.337 114.963 115.669 116.325 117.107 117.851 118.628 119.38 120.103 120.859 121.583 122.392 123.197 123.961 124.789 125.548 126.361 127.239 127.998 128.842 129.609 130.404 131.292 132.101 133.033 133.887 134.725 135.682 136.64 137.581 138.638 139.728 140.78 141.808 142.882 144.008 145.49 146.992 148.43 149.858 151.294 152.779 154.194 155.537 156.818 158.032 159.146 160.048 160.821 161.456 161.913 162.167 162.055 161.675 161.036 160.145 158.814 156.815 154.886 152.442 149.762 146.783 143.445 140.002 136.029 132.278 127.949 123.739 119.523 115.557 111.34
110.754 111.442 112.169 112.86 113.568 114.23 114.993 115.714 116.46 117.177 117.849 118.541 119.145 119.862 120.537 121.314 122.052 122.771 123.498 124.186 125.05 125.777 126.588 127.304 127.973 128.801 129.524 130.366 131.192 131.976 132.852 133.72 134.61 135.512 136.474 137.422 138.324 139.221 140.16 141.169 142.138 143.101 144.125 145.376 146.545 147.792 148.929 149.972 150.961 151.845 152.62 153.244 153.654 153.924 153.835 153.533 153.026 152.158 151.025 149.364 147.782 145.67 143.173 140.109 136.871 133.604 129.886 126.334 122.077 117.625 112.984 108.873 105.526 101.78 98.4322 95.4151 93.6178
111.455 112.13 112.796 113.459 114.16 114.823 115.508 116.214 116.866 117.559 118.208 118.931 119.616 120.345 121.024 121.696 122.337 122.937 123.638 124.29 125.015 125.61 126.334 127.028 127.759 128.466 129.171 129.894 130.677 131.491 132.323 133.091 133.874 134.748 135.579 136.293 137.107 137.947 138.657 139.369 140.106 140.782 141.506 142.135 142.919 143.753 144.469 145.125 145.563 145.851 145.817 145.587 145.21 144.601 143.771 142.525 140.983 139.185 136.806 134.234 131.057 128.069 124.262 120.371 115.931 111.525 107.037 102.629 97.5708 92.8195 91.9794 93.1012 93.0561 90.1994 90.9489 92.0029 70.5629
111.415 112.162 112.82 113.5 114.153 114.773 115.403 116.015 116.626 117.295 117.902 118.578 119.206 119.88 120.465 121.068 121.714 122.316 122.985 123.611 124.324 124.993 125.636 126.26 126.85 127.528 128.17 128.904 129.604 130.24 130.836 131.518 132.2 132.67 133.242 133.915 134.411 134.9 135.481 135.9 136.306 136.69 136.939 137.335 137.526 137.743 137.834 137.816 137.516 137.009 136.402 135.334 134.079 132.508 130.311 128.188 125.442 122.016 118.727 115.19 111.399 107.051 102.452 98.5794 94.197 89.1173 86.604 83.4811 83.0005 82.4373 79.5469 75.9855 71.1756 67.7851 0 0 0
111.025 111.659 112.333 112.935 113.583 114.223 114.904 115.525 116.108 116.712 117.24 117.786 118.334 118.858 119.402 119.846 120.431 121.02 121.729 122.311 122.826 123.356 123.896 124.448 124.974 125.58 126.098 126.532 126.987 127.469 127.817 128.09 128.542 128.979 129.172 129.512 129.88 130.153 130.445 130.66 130.639 130.67 130.396 130.107 129.725 129.379 129.062 128.187 127.167 125.844 124.076 121.814 119.248 116.405 113.267 109.923 106.325 103.464 97.9099 95.5392 88.3448 84.6747 81.1381 79.1066 77.8256 75.7143 77.1458 70.8238 69.822 69.3829 0 0 0 0 0 0 0
110.089 110.725 111.409 112.04 112.637 113.153 113.693 114.2 114.726 115.243 115.713 116.149 116.572 117.037 117.55 118.027 118.474 118.829 119.247 119.624 120.045 120.467 120.898 121.401 121.734 121.959 122.204 122.457 122.618 122.794 123.05 123.143 123.281 123.575 123.652 123.723 123.693 123.601 123.411 123.115 122.578 122.086 121.187 120.573 119.891 118.724 117.308 115.606 113.344 110.878 107.717 104.578 100.527 99.5284 93.6955 92.7916 85.9493 84.0074 75.5709 72.4758 72.1259 72.8056 73.254 72.4052 70.6522 59.1918 36.4484 0 0 0 0 0 0 0 0 0 0
108.525 109.097 109.599 110.132 110.585 111.038 111.506 111.952 112.378 112.764 113.184 113.578 113.935 114.268 114.641 114.965 115.365 115.681 115.983 116.207 116.415 116.586 116.8 116.933 117.109 117.151 117.218 117.25 117.351 117.166 117.239 117.108 116.873 116.676 116.457 115.917 115.712 115.173 114.459 113.633 112.527 111.421 110.13 108.511 106.633 104.378 102.034 99.0792 95.7283 94.366 91.2668 90.5604 83.3111 82.5705 80.1685 70.4007 67.3736 67.9083 62.6424 64.0628 61.9727 61.8175 40.3396 0 0 0 0 0 0 0 0 0 0 0 0 0 0
106.434 106.81 107.161 107.566 108.011 108.44 108.844 109.025 109.331 109.588 109.865 110.145 110.356 110.623 110.821 110.929 111.083 111.187 111.282 111.305 111.415 111.364 111.233 111.239 111.121 110.97 110.855 110.71 110.382 109.995 109.516 109.187 108.862 108.052 107.457 106.69 105.711 104.741 103.498 102.08 100.317 98.6617 96.7194 94.0521 92.4397 92.2352 87.0835 86.8781 86.623 80.1914 79.5116 69.1922 66.2213 64.3673 63.1734 58.9976 58.9976 58.5322 48.3755 36.7927 0 0 0 0 0 0 0 0 0 0 0 0 0 0 0 0 0
103.753 104.08 104.399 104.568 104.754 104.932 105.208 105.426 105.606 105.686 105.767 105.893 105.939 106 105.981 105.887 105.89 105.848 105.741 105.638 105.438 105.337 105.164 104.898 104.608 104.132 103.674 103.102 102.565 101.901 101.243 100.486 99.3999 98.3693 97.0367 95.7505 94.106 94.027 90.4843 88.6665 87.4841 87.8489 82.7985 82.5111 82.4452 75.6657 74.9922 74.3327 69.2953 56.6205 57.2993 55.3512 54.608 52.3435 51.1526 41.6406 0 0 0 0 0 0 0 0 0 0 0 0 0 0 0 0 0 0 0 0 0
100.228 100.549 100.8 100.958 101.063 101.046 101.006 101.014 100.998 100.98 100.954 100.877 100.711 100.524 100.415 100.314 99.9386 99.672 99.3078 98.8976 98.658 98.2873 97.7298 97.1414 96.5693 95.7343 94.9808 94.1776 93.1561 92.1994 90.9801 89.6754 89.2164 87.098 85.0281 84.4845 83.925 83.2513 77.0557 76.4939 76.1263 76.2795 71.5291 71.4744 63.0144 62.3189 59.6833 52.3533 52.5624 47.9368 46.2091 43.8259 35.723 0 0 0 0 0 0 0 0 0 0 0 0 0 0 0 0 0 0 0 0 0 0 0 0
96.336 96.3904 96.4184 96.3051 96.2031 96.1187 96.0666 95.8721 95.6283 95.3831 95.0664 94.9771 94.8671 94.4848 94.1602 93.7485 93.2655 92.571 92.0877 91.4917 90.9244 90.266 89.4637 88.5272 87.6072 86.5648 85.469 84.1523 84.1425 84.4956 79.6674 78.7196 78.6042 77.9261 78.0235 72.6588 72.3768 72.4528 66.211 65.4598 65.7184 60.3448 59.6181 49.7879 48.6496 48.9482 46.4221 43.1891 42.4756 0 0 0 0 0 0 0 0 0 0 0 0 0 0 0 0 0 0 0 0 0 0 0 0 0 0 0 0
91.0622 90.8721 90.5726 90.4757 90.267 89.9754 89.7051 89.5239 89.2454 88.882 88.486 87.8436 87.3294 86.8771 86.358 85.7698 85.1341 84.3386 83.5074 82.8846 81.9352 81.0005 80.1655 78.9639 77.6637 76.6443 77.0942 74.6031 74.9668 74.4135 73.9753 68.6339 68.6716 67.4128 67.4255 61.655 61.6976 61.1939 55.3818 54.8031 44.5601 45.577 42.6088 38.8543 36.7995 31.4934 0 0 0 0 0 0 0 0 0 0 0 0 0 0 0 0 0 0 0 0 0 0 0 0 0 0 0 0 0 0 0
84.8209 84.6472 84.4791 84.1813 83.7039 83.2468 82.8072 82.1725 81.5754 81.0123 80.4886 80.0186 79.5912 79.2025 78.222 77.1508 76.1306 74.9232 73.5014 72.7686 71.9616 71.1662 70.1028 68.6904 68.1759 68.5057 68.4981 64.044 64.5146 64.3565 63.9455 56.6049 56.1928 56.0478 55.5357 48.2934 47.4967 45.1763 38.1226 38.1226 34.9731 35.3894 0 0 0 0 0 0 0 0 0 0 0 0 0 0 0 0 0 0 0 0 0 0 0 0 0 0 0 0 0 0 0 0 0 0 0
77.1941 76.9685 76.6699 76.0447 75.4873 74.8396 74.2021 73.4402 72.6101 71.6057 70.8099 69.9659 69.0078 68.034 67.0947 66.9785 66.1857 65.3824 64.6701 63.5746 62.2502 61.313 62.6005 62.5433 58.0866 58.2074 58.1197 57.8163 57.9461 50.9716 50.733 50.5122 48.572 41.8577 37.1463 35.3911 35.028 32.4858 0 0 0 0 0 0 0 0 0 0 0 0 0 0 0 0 0 0 0 0 0 0 0 0 0 0 0 0 0 0 0 0 0 0 0 0 0 0 0
68.5516 67.8641 67.3213 66.7545 66.0365 65.3742 64.5683 63.5454 62.6608 61.7763 60.5829 59.6866 59.401 58.5894 57.8334 57.1566 56.4195 55.0933 53.6151 53.7369 50.9517 50.2022 50.8518 51.3862 51.5275 51.0763 50.5294 41.7511 42.0705 41.3705 40.1017 32.9781 32.9287 0 0 0 0 0 0 0 0 0 0 0 0 0 0 0 0 0 0 0 0 0 0 0 0 0 0 0 0 0 0 0 0 0 0 0 0 0 0 0 0 0 0 0 0
59.3402 58.552 57.9413 57.3704 56.7951 55.9047 54.8905 53.8771 52.3611 51.3956 50.5514 49.9158 49.472 49.3312 48.5036 47.3147 45.8084 45.7089 46.8345 48.5248 43.6165 43.6071 44.3024 44.7728 40.6429 40.4756 34.4511 33.6798 31.8574 0 0 0 0 0 0 0 0 0 0 0 0 0 0 0 0 0 0 0 0 0 0 0 0 0 0 0 0 0 0 0 0 0 0 0 0 0 0 0 0 0 0 0 0 0 0 0 0
49.4972 48.7051 47.5242 46.1572 44.7822 44.1083 43.321 42.6384 42.3267 41.9855 41.538 40.6798 40.0871 39.5708 38.6955 38.327 39.6945 39.0419 39.7498 40.5825 39.5712 37.2779 32.4601 29.0144 0 0 0 0 0 0 0 0 0 0 0 0 0 0 0 0 0 0 0 0 0 0 0 0 0 0 0 0 0 0 0 0 0 0 0 0 0 0 0 0 0 0 0 0 0 0 0 0 0 0 0 0 0
38.9166 38.4825 37.8212 37.4942 37.3123 37.119 36.5962 35.867 35.6632 35.9309 35.6131 35.8153 35.6467 35.98 35.7967 35.7226 35.2454 0 0 0 0 0 0 0 0 0 0 0 0 0 0 0 0 0 0 0 0 0 0 0 0 0 0 0 0 0 0 0 0 0 0 0 0 0 0 0 0 0 0 0 0 0 0 0 0 0 0 0 0 0 0 0 0 0 0 0 0
36.3753 34.5905 34.8905 34.071 34.0237 33.8326 32.9271 31.8003 31.0114 22.5294 21.4696 0 0 0 0 0 0 0 0 0 0 0 0 0 0 0 0 0 0 0 0 0 0 0 0 0 0 0 0 0 0 0 0 0 0 0 0 0 0 0 0 0 0 0 0 0 0 0 0 0 0 0 0 0 0 0 0 0 0 0 0 0 0 0 0 0 0
0 0 0 0 0 0 0 0 0 0 0 0 0 0 0 0 0 0 0 0 0 0 0 0 0 0 0 0 0 0 0 0 0 0 0 0 0 0 0 0 0 0 0 0 0 0 0 0 0 0 0 0 0 0 0 0 0 0 0 0 0 0 0 0 0 0 0 0 0 0 0 0 0 0 0 0 0
0 0 0 0 0 0 0 0 0 0 0 0 0 0 0 0 0 0 0 0 0 0 0 0 0 0 0 0 0 0 0 0 0 0 0 0 0 0 0 0 0 0 0 0 0 0 0 0 0 0 0 0 0 0 0 0 0 0 0 0 0 0 0 0 0 0 0 0 0 0 0 0 0 0 0 0 0
0 0 0 0 0 0 0 0 0 0 0 0 0 0 0 0 0 0 0 0 0 0 0 0 0 0 0 0 0 0 0 0 0 0 0 0 0 0 0 0 0 0 0 0 0 0 0 0 0 0 0 0 0 0 0 0 0 0 0 0 0 0 0 0 0 0 0 0 0 0 0 0 0 0 0 0 0
0 0 0 0 0 0 0 0 0 0 0 0 0 0 0 0 0 0 0 0 0 0 0 0 0 0 0 0 0 0 0 0 0 0 0 0 0 0 0 0 0 0 0 0 0 0 0 0 0 0 0 0 0 0 0 0 0 0 0 0 0 0 0 0 0 0 0 0 0 0 0 0 0 0 0 0 0
0 0 0 0 0 0 0 0 0 0 0 0 0 0 0 0 0 0 0 0 0 0 0 0 0 0 0 0 0 0 0 0 0 0 0 0 0 0 0 0 0 0 0 0 0 0 0 0 0 0 0 0 0 0 0 0 0 0 0 0 0 0 0 0 0 0 0 0 0 0 0 0 0 0 0 0 0
0 0 0 0 0 0 0 0 0 0 0 0 0 0 0 0 0 0 0 0 0 0 0 0 0 0 0 0 0 0 0 0 0 0 0 0 0 0 0 0 0 0 0 0 0 0 0 0 0 0 0 0 0 0 0 0 0 0 0 0 0 0 0 0 0 0 0 0 0 0 0 0 0 0 0 0 0
0 0 0 0 0 0 0 0 0 0 0 0 0 0 0 0 0 0 0 0 0 0 0 0 0 0 0 0 0 0 0 0 0 0 0 0 0 0 0 0 0 0 0 0 0 0 0 0 0 0 0 0 0 0 0 0 0 0 0 0 0 0 0 0 0 0 0 0 0 0 0 0 0 0 0 0 0
0 0 0 0 0 0 0 0 0 0 0 0 0 0 0 0 0 0 0 0 0 0 0 0 0 0 0 0 0 0 0 0 0 0 0 0 0 0 0 0 0 0 0 0 0 0 0 0 0 0 0 0 0 0 0 0 0 0 0 0 0 0 0 0 0 0 0 0 0 0 0 0 0 0 0 0 0
0 0 0 0 0 0 0 0 0 0 0 0 0 0 0 0 0 0 0 0 0 0 0 0 0 0 0 0 0 0 0 0 0 0 0 0 0 0 0 0 0 0 0 0 0 0 0 0 0 0 0 0 0 0 0 0 0 0 0 0 0 0 0 0 0 0 0 0 0 0 0 0 0 0 0 0 0
