benchmarks/avaHockeyChannelPytest/Outputs/com1DFAOrig/peakFiles/release1HS_ent_dfa_0.15500_pfv.asc
ncols         1000
nrows         400
xllcenter     1000
yllcenter     -5000
cellsize      5
NODATA_value  -9999
[rows 170 to 203 of 400, columns 77 to 153 of 1000]
13.374 13.2264 13.1495 13.1142 13.0183 12.9075 12.9075 12.2152 12.1012 11.0928 10.8745 0 0 0 0 0 0 0 0 0 0 0 0 0 0 0 0 0 0 0 0 0 0 0 0 0 0 0 0 0 0 0 0 0 0 0 0 0 0 0 0 0 0 0 0 0 0 0 0 0 0 0 0 0 0 0 0 0 0 0 0 0 0 0 0 0 0
13.94 13.8538 13.7 13.755 13.7381 13.6446 13.4257 13.3343 13.2633 13.239 13.2844 13.3074 13.2128 13.251 13.3469 13.3456 13.0401 12.0345 0 0 0 0 0 0 0 0 0 0 0 0 0 0 0 0 0 0 0 0 0 0 0 0 0 0 0 0 0 0 0 0 0 0 0 0 0 0 0 0 0 0 0 0 0 0 0 0 0 0 0 0 0 0 0 0 0 0 0
15.5122 15.4145 15.3526 15.1986 14.9727 14.804 14.7365 14.6617 14.4732 14.2263 14.1795 14.0481 13.9469 13.7846 13.905 14.0283 14.1486 14.238 14.3422 14.2231 13.1588 13.0283 12.8109 12.3575 0 0 0 0 0 0 0 0 0 0 0 0 0 0 0 0 0 0 0 0 0 0 0 0 0 0 0 0 0 0 0 0 0 0 0 0 0 0 0 0 0 0 0 0 0 0 0 0 0 0 0 0 0
17.0808 16.9817 16.8588 16.7487 16.6802 16.5958 16.4886 16.2673 16.0779 15.9576 15.797 15.6803 15.6273 15.5226 15.3826 15.2077 15.1644 15.3617 15.5062 15.6212 15.6682 15.4143 15.251 14.036 13.3955 13.3219 13.3219 12.8651 12.4272 0 0 0 0 0 0 0 0 0 0 0 0 0 0 0 0 0 0 0 0 0 0 0 0 0 0 0 0 0 0 0 0 0 0 0 0 0 0 0 0 0 0 0 0 0 0 0 0
18.4061 18.2853 18.235 18.2242 18.1482 18.0151 17.8776 17.7596 17.6603 17.589 17.434 17.2703 17.1235 17.0416 16.9404 16.8184 16.6774 16.7828 16.511 16.6739 16.7485 16.9407 15.9812 16.9927 15.5027 15.591 15.4905 15.3639 14.1612 13.6909 13.7524 13.3971 13.1109 11.4121 0 0 0 0 0 0 0 0 0 0 0 0 0 0 0 0 0 0 0 0 0 0 0 0 0 0 0 0 0 0 0 0 0 0 0 0 0 0 0 0 0 0 0
19.576 19.5209 19.4436 19.3483 19.2932 19.2444 19.207 19.153 19.0766 18.9537 18.8483 18.7611 18.6645 18.5357 18.4355 18.2945 18.1474 17.9694 17.8547 17.7213 17.5451 17.6996 17.8959 17.7153 17.7999 17.7862 17.124 17.0721 16.9068 16.7474 16.3573 14.6085 14.5894 14.5767 13.9639 13.7767 13.8131 13.2718 0 0 0 0 0 0 0 0 0 0 0 0 0 0 0 0 0 0 0 0 0 0 0 0 0 0 0 0 0 0 0 0 0 0 0 0 0 0 0
20.522 20.4999 20.4623 20.4416 20.3904 20.3234 20.2688 20.216 20.1679 20.1325 20.0777 20.0009 19.9099 19.8078 19.6864 19.59 19.461 19.3294 19.2235 19.0762 18.9154 18.8293 18.7283 18.5848 18.7368 18.8444 18.8863 18.2206 18.1769 18.1396 18.1243 17.4946 17.3339 16.0644 15.8985 15.7755 15.6419 14.8026 14.6291 14.0332 14.0332 12.7412 0 0 0 0 0 0 0 0 0 0 0 0 0 0 0 0 0 0 0 0 0 0 0 0 0 0 0 0 0 0 0 0 0 0 0
21.3409 21.3173 21.2857 21.2595 21.2231 21.1953 21.1554 21.12 21.0592 21.0087 20.979 20.938 20.894 20.8754 20.8264 20.743 20.6783 20.6163 20.4942 20.3802 20.2811 20.1746 20.0237 19.8518 19.8368 20.0206 20.1576 20.2482 19.263 19.2516 19.0612 18.7819 18.7054 18.5771 18.5696 17.3386 17.1954 16.9017 16.5505 15.8793 15.7892 15.6874 15.1782 14.4537 14.5383 14.2753 0 0 0 0 0 0 0 0 0 0 0 0 0 0 0 0 0 0 0 0 0 0 0 0 0 0 0 0 0 0 0
21.9764 21.9669 21.9645 21.9514 21.9423 21.9243 21.9019 21.8724 21.8726 21.874 21.8369 21.7907 21.7671 21.7293 21.6901 21.6542 21.6105 21.5661 21.5215 21.4781 21.4112 21.3358 21.2406 21.1262 21.0168 20.9335 20.7973 20.6104 20.5749 20.5182 20.5407 20.5783 20.5504 20.2374 20.1581 19.2999 19.1431 18.9952 17.7954 17.7233 17.4563 16.6241 16.3588 16.0562 15.9262 16.099 16.1446 14.3843 14.5341 14.5341 0 0 0 0 0 0 0 0 0 0 0 0 0 0 0 0 0 0 0 0 0 0 0 0 0 0 0
22.5056 22.5275 22.5346 22.5446 22.5503 22.5601 22.5473 22.5417 22.5379 22.5375 22.5374 22.5426 22.5261 22.5092 22.4924 22.492 22.4714 22.4553 22.4411 22.3805 22.332 22.2876 22.2467 22.1798 22.1365 22.0562 21.9812 21.9067 21.805 21.7129 21.5764 21.4362 21.353 21.3651 21.2954 21.2316 20.3314 20.0835 19.9544 19.7366 19.5096 19.0479 18.4222 18.3541 17.5322 17.3498 16.9152 16.7742 16.4893 16.3934 16.1993 15.3249 14.9591 0 0 0 0 0 0 0 0 0 0 0 0 0 0 0 0 0 0 0 0 0 0 0 0
22.9224 22.9536 22.9842 23.0119 23.029 23.058 23.0692 23.0896 23.0954 23.108 23.1138 23.1157 23.128 23.1385 23.1484 23.1487 23.1587 23.1551 23.1481 23.1307 23.1329 23.1159 23.0925 23.0846 23.0584 23.0337 23.0127 22.9731 22.9311 22.8696 22.8054 22.72 22.629 22.5263 22.3997 22.2637 22.1076 22.0075 21.8932 21.4148 21.1225 20.7715 20.4482 20.3657 19.6231 19.2557 18.7406 18.5285 18.3055 17.7487 17.5631 17.4874 17.4874 16.7599 16.6098 16.1063 13.0943 0 0 0 0 0 0 0 0 0 0 0 0 0 0 0 0 0 0 0 0
23.2742 23.3128 23.3479 23.378 23.412 23.4506 23.4838 23.524 23.5506 23.5764 23.5964 23.6261 23.6453 23.6661 23.6889 23.7204 23.7413 23.7563 23.7735 23.7986 23.8093 23.8214 23.8267 23.8362 23.8509 23.8404 23.845 23.8339 23.8231 23.8106 23.8106 23.7744 23.7519 23.7079 23.6464 23.5629 23.4827 23.3623 23.2333 23.0498 22.8681 22.6127 22.3583 22.0746 21.7329 21.4423 21.0223 20.6189 20.2262 19.779 19.1859 18.6366 18.1685 18.4161 18.5656 17.7371 17.6713 17.5513 17.5378 14.1019 0 0 0 0 0 0 0 0 0 0 0 0 0 0 0 0 0
23.5252 23.5763 23.6316 23.6812 23.7355 23.7865 23.8346 23.879 23.9167 23.9617 24.0033 24.0446 24.0827 24.1228 24.1646 24.1982 24.2283 24.2661 24.3063 24.3484 24.3785 24.4058 24.4524 24.4849 24.5143 24.5404 24.5701 24.5895 24.6096 24.6266 24.6358 24.6417 24.6376 24.6468 24.6208 24.6182 24.5747 24.5368 24.4848 24.3806 24.2888 24.1696 24.0057 23.8211 23.6205 23.3618 23.0983 22.7475 22.3186 21.8566 21.4929 21.1159 20.5912 20.2203 19.6858 19.2576 19.0214 19.2881 19.253 18.9211 17.0944 17.1551 17.1551 0 0 0 0 0 0 0 0 0 0 0 0 0 0
23.7146 23.7745 23.8311 23.8999 23.9634 24.0241 24.0782 24.1383 24.1905 24.2539 24.3033 24.3513 24.3945 24.4491 24.495 24.5559 24.6121 24.666 24.722 24.7629 24.8173 24.8606 24.9108 24.9607 25.0101 25.0655 25.1106 25.1623 25.2033 25.2461 25.2908 25.3318 25.3684 25.3987 25.4292 25.4496 25.4664 25.4864 25.4771 25.4607 25.4251 25.374 25.3148 25.214 25.1184 24.9616 24.781 24.565 24.31 24.0051 23.6609 23.3011 22.9516 22.5203 22.0491 21.554 21.1118 20.6091 20.226 19.5986 19.3092 19.1506 19.1698 18.9754 18.8139 18.8139 16.8752 16.4112 0 0 0 0 0 0 0 0 0
23.8508 23.9149 23.9779 24.0395 24.1026 24.1685 24.2397 24.3064 24.3774 24.4396 24.5043 24.5713 24.6385 24.7026 24.7587 24.8185 24.8701 24.9301 24.992 25.0596 25.1237 25.1916 25.2505 25.315 25.3791 25.4428 25.5105 25.5707 25.6382 25.7018 25.7585 25.8276 25.8896 25.9594 26.023 26.083 26.151 26.2035 26.2441 26.296 26.3053 26.3139 26.327 26.2884 26.2637 26.2169 26.149 26.0444 25.9069 25.7514 25.5349 25.3095 25.0348 24.6809 24.3541 24.0254 23.5859 23.1588 22.7368 22.2407 21.9257 21.663 21.3434 20.9664 20.4606 20.2512 19.8419 19.0411 19.2438 19.4032 17.9726 0 0 0 0 0 0
23.9228 24.0012 24.075 24.1456 24.2085 24.2753 24.3452 24.4136 24.483 24.5497 24.6146 24.6846 24.7561 24.8326 24.9095 24.9824 25.0547 25.1289 25.2036 25.2703 25.3371 25.4182 25.5004 25.5874 25.6668 25.7379 25.8207 25.896 25.975 26.0566 26.1382 26.2258 26.304 26.3897 26.4729 26.5475 26.6215 26.7025 26.786 26.8691 26.9425 27.0062 27.0668 27.1051 27.1448 27.1458 27.1427 27.1186 27.0863 27.0343 26.9482 26.8316 26.6968 26.5085 26.2933 26.0674 25.7978 25.4833 25.1377 24.7896 24.3265 23.9017 23.4775 23.0203 22.5471 22.0777 21.5105 20.9694 20.9009 20.8658 20.9533 20.156 19.7162 19.2878 18.5597 0 0
23.9481 24.0227 24.0937 24.1742 24.2458 24.3211 24.3901 24.4532 24.5226 24.5858 24.661 24.7282 24.7983 24.8723 24.9475 25.0336 25.1147 25.2005 25.2822 25.3689 25.4605 25.5432 25.6261 25.7077 25.8034 25.8985 25.9976 26.0928 26.18 26.2723 26.3673 26.4732 26.5764 26.6821 26.783 26.8812 26.9942 27.0979 27.1962 27.2962 27.3897 27.4825 27.5781 27.6701 27.7466 27.8165 27.8768 27.9161 27.9485 27.9626 27.9612 27.9276 27.8851 27.8135 27.7287 27.5913 27.4506 27.2629 27.0467 26.7772 26.5197 26.2027 25.8094 25.4335 25.0188 24.5789 24.1372 23.7351 23.2806 22.9254 22.6411 22.391 22.1756 21.9976 21.8024 21.3414 21.4003
23.9359 24.0051 24.0681 24.142 24.2067 24.2823 24.3491 24.4257 24.5027 24.573 24.654 24.7272 24.8055 24.8854 24.9658 25.0458 25.1259 25.2059 25.2892 25.375 25.4604 25.5557 25.65 25.7413 25.8395 25.935 26.0334 26.1475 26.2557 26.3626 26.4768 26.5913 26.7078 26.8289 26.9486 27.068 27.1965 27.321 27.4451 27.5653 27.6849 27.8067 27.9321 28.0464 28.1587 28.2658 28.3698 28.4657 28.5571 28.6219 28.6933 28.7365 28.7718 28.7793 28.7867 28.7502 28.7118 28.6328 28.5185 28.3791 28.2226 28.038 27.8191 27.5717 27.2929 26.9625 26.6349 26.2612 25.8667 25.5237 25.1271 24.7264 24.2775 23.7586 23.3204 23.0148 22.8395
23.8505 23.923 23.9941 24.0675 24.1384 24.211 24.2831 24.3624 24.444 24.5244 24.6072 24.6804 24.761 24.838 24.9216 25.0026 25.0814 25.1622 25.2409 25.3309 25.4187 25.5177 25.6151 25.7118 25.8091 25.912 26.0172 26.1297 26.2426 26.3514 26.4754 26.6011 26.7204 26.8528 26.9891 27.1208 27.2556 27.4019 27.547 27.6892 27.8274 27.9795 28.1252 28.2669 28.4055 28.5408 28.6768 28.8168 28.9431 29.0658 29.1764 29.2742 29.367 29.4509 29.5173 29.5695 29.6032 29.6193 29.6173 29.578 29.523 29.4362 29.3183 29.1665 29.0025 28.7887 28.5727 28.2903 28.004 27.6885 27.3777 27.046 26.7384 26.3423 26.084 25.7498 25.4142
23.7756 23.849 23.9179 23.995 24.0692 24.1502 24.22 24.2964 24.3655 24.4418 24.5188 24.6008 24.6898 24.7732 24.8632 24.9467 25.0385 25.129 25.2204 25.3101 25.3964 25.4788 25.5696 25.6576 25.762 25.8757 25.9763 26.0793 26.1872 26.2921 26.4127 26.537 26.6529 26.7775 26.9143 27.0557 27.2133 27.368 27.5214 27.6851 27.8461 28.0038 28.171 28.3378 28.4973 28.6534 28.8194 28.9834 29.1406 29.2929 29.436 29.5828 29.7302 29.8624 29.9871 30.0914 30.1855 30.2795 30.3517 30.4041 30.4343 30.443 30.4305 30.3881 30.3218 30.2397 30.1326 29.9823 29.8261 29.6172 29.3759 29.1336 28.8578 28.6001 28.3246 28.0216 27.6852
23.7124 23.7899 23.8613 23.9295 23.9933 24.0602 24.1317 24.2114 24.2909 24.3819 24.4602 24.5431 24.6186 24.6989 24.7783 24.8638 24.9568 25.047 25.1364 25.2272 25.3249 25.4247 25.5276 25.6286 25.7292 25.8323 25.9289 26.0305 26.1428 26.2538 26.3723 26.4924 26.604 26.7332 26.8717 27.0031 27.1309 27.2767 27.4288 27.5877 27.7535 27.9272 28.1015 28.2752 28.4643 28.6464 28.8248 29.0001 29.1881 29.3724 29.5436 29.7125 29.8913 30.0623 30.2234 30.3734 30.5289 30.6781 30.8112 30.9273 31.0199 31.1149 31.1962 31.2484 31.2816 31.2817 31.2764 31.2506 31.1972 31.1199 31.0083 30.865 30.7033 30.5155 30.2921 30.0717 29.8288
23.6771 23.7426 23.8096 23.8825 23.9554 24.0332 24.1109 24.1894 24.262 24.3429 24.4141 24.4941 24.5709 24.6524 24.7363 24.8254 24.9097 25.0033 25.0935 25.1901 25.2869 25.3892 25.4911 25.5913 25.6963 25.8009 25.9124 26.0252 26.1357 26.2463 26.3596 26.4844 26.6136 26.7437 26.8691 26.9947 27.129 27.2761 27.4184 27.5564 27.7061 27.8667 28.025 28.2035 28.374 28.5632 28.7484 28.9426 29.1379 29.3284 29.5271 29.727 29.9182 30.1055 30.3062 30.4967 30.6733 30.8634 31.0458 31.2087 31.3597 31.5193 31.6607 31.7804 31.8917 31.9984 32.0795 32.1368 32.168 32.203 32.199 32.1735 32.1196 32.037 31.9522 31.8355 31.6892
23.7412 23.8134 23.8793 23.9454 24.0137 24.0799 24.1494 24.2133 24.282 24.3496 24.4207 24.4942 24.5767 24.659 24.7452 24.831 24.9169 25.0068 25.0982 25.1968 25.294 25.3943 25.4934 25.5935 25.6974 25.8031 25.9081 26.0208 26.137 26.2526 26.3726 26.4914 26.6115 26.7493 26.8879 27.0289 27.1663 27.3028 27.4401 27.6004 27.7573 27.9056 28.0529 28.2221 28.3894 28.5554 28.7416 28.9213 29.1071 29.3007 29.4877 29.6954 29.8913 30.1019 30.3108 30.5069 30.727 30.9325 31.1299 31.3424 31.5366 31.7202 31.9188 32.0968 32.2573 32.4347 32.5837 32.7042 32.8412 32.9529 33.0356 33.1086 33.1688 33.2 33.1946 33.1996 33.1759
23.7767 23.8389 23.9019 23.9685 24.0331 24.1015 24.1761 24.243 24.3184 24.3888 24.4619 24.529 24.6039 24.6748 24.7545 24.8371 24.9246 25.0135 25.1062 25.2003 25.2873 25.3889 25.4794 25.5832 25.6894 25.7968 25.9091 26.0192 26.1377 26.2597 26.3825 26.5081 26.6306 26.758 26.8978 27.0398 27.1888 27.3366 27.4778 27.6218 27.7877 27.9515 28.1123 28.2698 28.4442 28.6258 28.8014 28.9719 29.1672 29.3499 29.532 29.7353 29.926 30.1358 30.342 30.5461 30.7678 30.9732 31.2028 31.4187 31.6338 31.8582 32.0621 32.2849 32.4907 32.6864 32.8966 33.0788 33.2675 33.4446 33.5905 33.7571 33.8922 33.9992 34.1179 34.2002 34.264
23.8278 23.895 23.9498 24.0209 24.0808 24.1522 24.2164 24.2841 24.3491 24.4204 24.4893 24.5662 24.6413 24.7217 24.796 24.8773 24.9585 25.0364 25.1236 25.2076 25.2939 25.3918 25.4843 25.5907 25.6906 25.7971 25.9156 26.0258 26.1431 26.2618 26.3784 26.5016 26.6263 26.7603 26.9041 27.0498 27.1967 27.3443 27.4921 27.6355 27.792 27.9611 28.1311 28.3012 28.4635 28.6499 28.8372 29.0162 29.197 29.4014 29.5964 29.7785 29.9932 30.1924 30.3951 30.6161 30.8179 31.0453 31.2632 31.486 31.7177 31.9349 32.1787 32.3958 32.6385 32.8633 33.0931 33.3216 33.5306 33.7607 33.9547 34.1734 34.3623 34.5481 34.7287 34.8733 35.0435
23.8209 23.8954 23.964 24.0329 24.098 24.1707 24.237 24.3066 24.3775 24.4474 24.5205 24.5903 24.6637 24.7374 24.8102 24.8898 24.9678 25.0497 25.1318 25.2206 25.3065 25.4042 25.4986 25.6028 25.7086 25.8103 25.9209 26.0304 26.1382 26.2505 26.365 26.4828 26.6039 26.7421 26.8839 27.0239 27.1702 27.3167 27.4638 27.608 27.7683 27.9356 28.1035 28.2698 28.4343 28.6221 28.814 29.0002 29.1783 29.3861 29.5871 29.7768 29.9899 30.2064 30.405 30.6309 30.8514 31.0628 31.3032 31.5181 31.7598 31.9871 32.2278 32.4682 32.7034 32.9603 33.1905 33.4538 33.6744 33.945 34.1626 34.4254 34.6419 34.8891 35.1004 35.3256 35.5283
23.7868 23.8519 23.9178 23.9873 24.0529 24.1245 24.1956 24.2729 24.3477 24.4234 24.4994 24.5769 24.6556 24.7366 24.8152 24.8987 24.9765 25.0612 25.1423 25.2326 25.3169 25.4085 25.4989 25.5948 25.6854 25.7797 25.8894 25.9853 26.0932 26.2106 26.3165 26.4417 26.5718 26.702 26.8358 26.9698 27.1032 27.2401 27.3777 27.5374 27.6977 27.8603 28.0231 28.1818 28.3565 28.5462 28.7323 28.9113 29.0989 29.3058 29.5048 29.6942 29.9129 30.1272 30.3289 30.563 30.7885 31.0054 31.2538 31.4779 31.7252 31.9686 32.2034 32.462 32.6913 32.9636 33.1935 33.4801 33.7142 34.0047 34.2398 34.5299 34.7626 35.0522 35.2759 35.5611 35.7722
23.7603 23.8251 23.8931 23.9645 24.0289 24.1002 24.1656 24.2416 24.3036 24.3811 24.4473 24.5282 24.6015 24.6857 24.7627 24.8459 24.9202 25.0061 25.0842 25.1723 25.2573 25.3424 25.434 25.5246 25.6217 25.7216 25.8319 25.9357 26.0453 26.1583 26.2675 26.3827 26.5002 26.6152 26.7386 26.8641 27.003 27.1476 27.2899 27.4371 27.5843 27.74 27.9101 28.0799 28.2493 28.4145 28.5927 28.7852 28.9762 29.1626 29.354 29.5656 29.7717 29.9693 30.1995 30.4234 30.6348 30.8735 31.1109 31.3292 31.5887 31.8253 32.0758 32.3334 32.5743 32.8509 33.0889 33.3855 33.6269 33.9289 34.175 34.4794 34.726 35.0385 35.281 35.5924 35.8368
23.7062 23.7706 23.8342 23.9003 23.9652 24.0379 24.1036 24.1769 24.2396 24.313 24.3779 24.4544 24.5237 24.5984 24.6723 24.7478 24.8273 24.9003 24.9823 25.0706 25.1581 25.2531 25.3463 25.4418 25.5417 25.6333 25.7354 25.8379 25.934 26.0482 26.1661 26.2828 26.4108 26.5378 26.6722 26.8127 26.9553 27.0961 27.2377 27.3813 27.5359 27.6954 27.8552 28.0156 28.1746 28.3486 28.5284 28.7072 28.8835 29.0579 29.2537 29.4521 29.6481 29.84 30.0422 30.2622 30.477 30.6848 30.9185 31.1534 31.3757 31.6262 31.8776 32.1095 32.3857 32.6371 32.9026 33.1748 33.4287 33.7206 33.9747 34.2804 34.5374 34.852 35.1139 35.428 35.6941
23.6354 23.7004 23.7701 23.8345 23.9043 23.9753 24.0504 24.1268 24.2021 24.2772 24.3475 24.4206 24.4884 24.564 24.6383 24.7124 24.7951 24.8681 24.9554 25.0332 25.1196 25.2064 25.2971 25.3897 25.4907 25.594 25.7085 25.83 25.9494 26.0754 26.2041 26.3331 26.4651 26.5979 26.7305 26.8678 27.0094 27.1581 27.309 27.4594 27.6103 27.7623 27.9158 28.0779 28.2452 28.4127 28.5807 28.749 28.9129 29.0989 29.2834 29.4649 29.6433 29.8238 30.0279 30.2268 30.42 30.6188 30.8409 31.0541 31.2586 31.4887 31.7233 31.9467 32.1899 32.4411 32.6752 32.9377 33.1999 33.4469 33.7337 33.9906 34.2809 34.5561 34.8462 35.1291 35.4241
23.6628 23.7332 23.7965 23.8677 23.9313 24.0016 24.0652 24.1301 24.1903 24.2546 24.3122 24.3784 24.4419 24.5099 24.5764 24.6492 24.7339 24.8184 24.9071 25.0115 25.1158 25.2272 25.3418 25.4468 25.5619 25.6747 25.7884 25.9083 26.0373 26.1614 26.2909 26.4268 26.5583 26.6941 26.8327 26.9706 27.1076 27.2595 27.4125 27.5687 27.7235 27.8766 28.029 28.1839 28.3438 28.5176 28.6883 28.8578 29.0234 29.1864 29.3756 29.5622 29.7438 29.9165 30.112 30.3102 30.4982 30.6755 30.8893 31.0954 31.2886 31.5044 31.7247 31.9259 32.1459 32.3782 32.5895 32.8317 33.0704 33.2898 33.5581 33.7981 34.056 34.3207 34.5696 34.8542 35.1041
23.6672 23.7276 23.7892 23.8533 23.9133 23.9811 24.0343 24.0977 24.1503 24.2057 24.2594 24.3177 24.3919 24.4749 24.5646 24.669 24.7649 24.8716 24.9721 25.0811 25.1899 25.2951 25.4073 25.518 25.6296 25.7503 25.8661 25.9846 26.1081 26.2355 26.3646 26.5026 26.6437 26.7825 26.9236 27.0664 27.2092 27.3528 27.4954 27.6386 27.7883 27.9534 28.121 28.286 28.4482 28.6059 28.7604 28.9394 29.1193 29.2958 29.4662 29.6311 29.8298 30.0175 30.1949 30.3673 30.5756 30.77 30.9488 31.1555 31.3636 31.5515 31.7592 31.9755 32.1706 32.3906 32.6144 32.8083 33.0548 33.2712 33.4971 33.736 33.9451 34.2053 34.4261 34.6839 34.9199
23.5959 23.6514 23.7105 23.77 23.834 23.9023 23.9753 24.0519 24.1341 24.2145 24.2934 24.3706 24.4456 24.5311 24.6074 24.6979 24.7838 24.879 24.9769 25.0798 25.1927 25.3043 25.4177 25.5376 25.6569 25.7801 25.9079 26.0314 26.1594 26.2912 26.4176 26.5504 26.6871 26.8226 26.9587 27.0978 27.2422 27.3914 27.5486 27.7049 27.8606 28.0163 28.1687 28.3163 28.4746 28.648 28.8198 28.9879 29.1501 29.3097 29.5006 29.6838 29.8576 30.0233 30.224 30.4174 30.5955 30.772 30.9794 31.1706 31.3435 31.5641 31.7627 31.9389 32.1658 32.3666 32.566 32.792 32.9832 33.213 33.4246 33.6339 33.8633 34.0552 34.2987 34.5012 34.7344
23.5641 23.617 23.6663 23.7158 23.7667 23.8347 23.9064 23.9863 24.0667 24.1527 24.2386 24.3279 24.4117 24.5049 24.598 24.693 24.7921 24.8959 25.0012 25.1043 25.2146 25.3231 25.4389 25.5537 25.6704 25.7917 25.9168 26.0379 26.1634 26.2877 26.415 26.5404 26.671 26.8124 26.9558 27.1042 27.2519 27.3998 27.5465 27.6957 27.8399 27.9841 28.1451 28.312 28.4784 28.64 28.7942 28.9437 29.1254 29.3034 29.4739 29.6351 29.8086 29.9991 30.177 30.3421 30.5265 30.7198 30.8976 31.0687 31.2754 31.4573 31.6305 31.8466 32.0343 32.22 32.4307 32.6154 32.8262 33.0263 33.2095 33.4262 33.6064 33.8173 34.0042 34.1919 34.3838
