benchmarks/avaHockeyChannelPytest/Outputs/com1DFAOrig/peakFiles/release1HS_ent_dfa_0.15500_pfv.asc
ncols         1000
nrows         400
xllcenter     1000
yllcenter     -5000
cellsize      5
NODATA_value  -9999
[rows 204 to 237 of 400, columns 0 to 76 of 1000]
0 0 0 0 0 0 0 0 0 0 0 0 0 0 0 0 0 0 0 0 6.06732 8.44339 9.79505 10.7436 11.2468 12.0546 12.9094 13.6145 14.1991 14.737 15.205 15.7062 16.2022 16.6809 17.1326 17.5556 17.9421 18.2913 18.6073 18.8945 19.1737 19.4409 19.6902 19.9195 20.1251 20.3188 20.4923 20.651 20.7966 20.9296 21.0566 21.1824 21.3155 21.4307 21.5397 21.6523 21.7711 21.8845 21.9892 22.0934 22.2008 22.2956 22.396 22.4924 22.5754 22.6594 22.7328 22.8051 22.8734 22.9407 23.0016 23.0589 23.1169 23.1679 23.2207 23.2735 23.3217
0 0 0 0 0 0 0 0 0 0 0 0 0 0 0 0 0 0 0 0 6.06732 8.44339 9.80001 10.7448 11.2468 12.0829 12.8828 13.6002 14.1872 14.6953 15.1795 15.6987 16.2039 16.6979 17.1483 17.5637 17.9464 18.2918 18.6024 18.8706 19.1379 19.4024 19.6546 19.8837 20.0964 20.291 20.4765 20.6498 20.8093 20.9575 21.1014 21.2356 21.3616 21.4781 21.5893 21.6968 21.7955 21.8815 21.965 22.0462 22.121 22.2018 22.2724 22.3434 22.4118 22.4766 22.5443 22.6106 22.6783 22.75 22.8163 22.8804 22.9447 23.0053 23.0628 23.1168 23.1654
0 0 0 0 0 0 0 0 0 0 0 0 0 0 0 0 0 0 0 0 5.72137 8.1903 9.87058 10.8493 11.2895 12.0735 12.8884 13.6062 14.215 14.7584 15.258 15.7307 16.2487 16.7199 17.1325 17.5533 17.9327 18.278 18.5834 18.8575 19.1206 19.3613 19.606 19.8355 20.0548 20.2588 20.4538 20.6417 20.8173 20.9818 21.1272 21.2578 21.3749 21.4914 21.596 21.6966 21.7933 21.8863 21.9818 22.0682 22.1463 22.2271 22.3056 22.3713 22.4358 22.4995 22.5507 22.603 22.653 22.7029 22.758 22.8146 22.8581 22.9305 23.0118 23.085 23.1606
0 0 0 0 0 0 0 0 0 0 0 0 0 0 0 0 0 0 0 0 5.65542 8.28552 9.61116 10.4949 10.9869 12.0562 12.8901 13.6367 14.2828 14.8263 15.3151 15.7932 16.2649 16.7293 17.1682 17.5631 17.9187 18.2406 18.553 18.8518 19.1256 19.3781 19.6138 19.8393 20.0563 20.2553 20.4417 20.6207 20.7891 20.9398 21.0811 21.2116 21.3414 21.4736 21.5956 21.7087 21.8146 21.9164 22.0116 22.0936 22.1747 22.2499 22.3189 22.3813 22.4418 22.5017 22.5513 22.6062 22.6672 22.7143 22.7732 22.826 22.8748 22.9531 23.0289 23.0968 23.1664
0 0 0 0 0 0 0 0 0 0 0 0 0 0 0 0 0 0 0 0 5.65542 8.28552 9.61647 10.5371 11.1098 11.8981 12.7552 13.541 14.2154 14.7848 15.3056 15.8219 16.315 16.7726 17.1728 17.5503 17.9242 18.2713 18.5877 18.8734 19.1391 19.4117 19.6661 19.8985 20.1013 20.2889 20.4697 20.6451 20.8057 20.963 21.1335 21.2861 21.4266 21.5612 21.6838 21.7888 21.894 21.9912 22.0828 22.1642 22.2375 22.3129 22.3834 22.45 22.5031 22.5619 22.6106 22.6566 22.7163 22.7541 22.8018 22.841 22.9008 22.9764 23.0544 23.1358 23.2199
0 0 0 0 0 0 0 0 0 0 0 0 0 0 0 0 0 0 0 0 5.88512 8.07956 9.50793 10.4031 10.9262 11.8063 12.7133 13.479 14.1694 14.7919 15.3466 15.869 16.3404 16.7764 17.1519 17.5318 17.9057 18.2454 18.5523 18.8268 19.0891 19.3512 19.6205 19.8759 20.117 20.3338 20.5384 20.7277 20.9069 21.0725 21.2296 21.381 21.509 21.622 21.7307 21.8397 21.9318 22.0187 22.0998 22.1793 22.2493 22.3154 22.3885 22.4531 22.518 22.5765 22.6319 22.6826 22.7311 22.7727 22.8438 22.9247 23.0119 23.1008 23.1776 23.2571 23.3286
0 0 0 0 0 0 0 0 0 0 0 0 0 0 0 0 0 0 0 0 5.88606 8.10771 9.51398 10.2874 10.7918 11.7878 12.6299 13.4524 14.1782 14.8294 15.4012 15.9123 16.3647 16.7625 17.1367 17.5038 17.8879 18.2402 18.5512 18.8281 19.0912 19.3687 19.6335 19.8779 20.1176 20.3318 20.5388 20.7232 20.8986 21.0604 21.2152 21.3578 21.4777 21.591 21.7033 21.8145 21.916 22.0045 22.0808 22.1589 22.2307 22.3023 22.3743 22.4383 22.4992 22.5532 22.6069 22.6624 22.7597 22.851 22.9388 23.0185 23.0926 23.1738 23.2445 23.3214 23.3964
0 0 0 0 0 0 0 0 0 0 0 0 0 0 0 0 0 0 0 0 5.98785 8.2246 9.67146 10.4942 10.8662 11.82 12.7178 13.4854 14.1587 14.7556 15.2833 15.7806 16.2602 16.6876 17.0797 17.489 17.8716 18.2321 18.5609 18.8692 19.1563 19.4234 19.6821 19.9366 20.1809 20.3894 20.5821 20.756 20.917 21.0696 21.2105 21.3432 21.4547 21.565 21.6718 21.7748 21.8833 21.9905 22.0923 22.1756 22.2574 22.3304 22.39 22.4502 22.5063 22.5693 22.6571 22.7461 22.8337 22.9148 23.0014 23.0831 23.1612 23.2419 23.3125 23.3858 23.4544
0 0 0 0 0 0 0 0 0 0 0 0 0 0 0 0 0 0 0 0 6.02667 8.25585 9.72526 10.5776 11.128 11.8678 12.6781 13.4592 14.0848 14.6762 15.2159 15.7053 16.1765 16.661 17.1087 17.4989 17.8465 18.2086 18.5595 18.8832 19.1892 19.4608 19.7135 19.9435 20.1554 20.3481 20.5266 20.6914 20.8394 20.977 21.1113 21.2336 21.3636 21.4958 21.6243 21.73 21.8353 21.9356 22.0301 22.1098 22.1915 22.272 22.3404 22.4121 22.502 22.6094 22.7062 22.8049 22.9002 22.9834 23.0697 23.1484 23.2258 23.3064 23.3832 23.4584 23.534
0 0 0 0 0 0 0 0 0 0 0 0 0 0 0 0 0 0 0 0 6.00438 8.30241 9.66124 10.6972 11.3547 11.8917 12.666 13.3194 13.9614 14.566 15.1608 15.7169 16.2118 16.6655 17.1122 17.5092 17.878 18.2076 18.5035 18.8147 19.1208 19.4034 19.6613 19.8877 20.0916 20.2842 20.4632 20.6228 20.77 20.9086 21.0547 21.1909 21.3321 21.4602 21.5785 21.676 21.7725 21.8862 21.9984 22.097 22.1959 22.2784 22.3716 22.4628 22.5482 22.6398 22.7354 22.823 22.9079 22.9887 23.0727 23.1498 23.2276 23.2983 23.3748 23.4453 23.525
0 0 0 0 0 0 0 0 0 0 0 0 0 0 0 0 0 0 0 0 5.93213 8.25455 9.80484 10.6323 11.2303 11.9272 12.6867 13.3454 13.9615 14.5147 15.0291 15.5879 16.1282 16.6097 17.0646 17.4667 17.8336 18.171 18.4952 18.8084 19.0816 19.3419 19.5786 19.7973 19.9939 20.1592 20.333 20.4991 20.6617 20.8168 20.9551 21.092 21.2288 21.3754 21.5095 21.6492 21.7805 21.8958 21.9949 22.0894 22.1802 22.2503 22.3202 22.3929 22.4901 22.5831 22.6723 22.7589 22.8535 22.9498 23.0397 23.1232 23.2049 23.2726 23.3528 23.419 23.49
0 0 0 0 0 0 0 0 0 0 0 0 0 0 0 0 0 0 0 0 5.91943 8.2347 9.80484 10.6366 11.2235 11.868 12.6572 13.3934 14.0266 14.5932 15.1234 15.6239 16.0974 16.6107 17.0618 17.4721 17.8381 18.1835 18.4955 18.7773 19.0352 19.2813 19.5144 19.7236 19.9279 20.1099 20.2992 20.4576 20.603 20.7356 20.8874 21.058 21.2121 21.3603 21.4895 21.6144 21.721 21.8252 21.9201 22.0058 22.0832 22.1553 22.2242 22.3156 22.4289 22.5463 22.6409 22.7273 22.8043 22.8798 22.9459 23.015 23.09 23.1657 23.2474 23.3197 23.3927
0 0 0 0 0 0 0 0 0 0 0 0 0 0 0 0 0 0 0 0 5.77212 8.10577 9.7423 10.6855 11.2348 11.8939 12.7037 13.4369 14.063 14.6176 15.1089 15.6077 16.0853 16.5805 17.0433 17.4597 17.8246 18.1566 18.4607 18.7508 19.0031 19.2516 19.4817 19.6949 19.9108 20.0967 20.283 20.4504 20.6038 20.7413 20.8971 21.0443 21.1951 21.3384 21.4673 21.5859 21.6968 21.7936 21.8877 21.9676 22.0428 22.1155 22.1741 22.2489 22.3383 22.4178 22.4945 22.5781 22.6617 22.7499 22.8303 22.906 22.9806 23.0479 23.1106 23.1722 23.2309
0 0 0 0 0 0 0 0 0 0 0 0 0 0 0 0 0 0 0 0 5.62527 8.07474 9.76488 10.8241 11.3831 11.8875 12.7249 13.4502 14.0846 14.6027 15.0709 15.5589 16.0697 16.5648 17.018 17.4244 17.8072 18.1589 18.4953 18.8016 19.0805 19.3285 19.5534 19.7632 19.9459 20.1122 20.269 20.4199 20.5589 20.7171 20.8814 21.0359 21.1761 21.2984 21.4136 21.5262 21.6324 21.7271 21.813 21.8823 21.9545 22.0162 22.081 22.146 22.2074 22.277 22.3609 22.4369 22.5099 22.5995 22.6688 22.7363 22.7952 22.851 22.9101 22.9665 23.0253
0 0 0 0 0 0 0 0 0 0 0 0 0 0 0 0 0 0 0 0 5.78464 8.1963 9.82451 10.6728 11.2628 11.9663 12.7643 13.4675 14.0117 14.4914 14.9925 15.5393 16.0698 16.5515 16.9907 17.3951 17.7884 18.143 18.47 18.7706 19.0443 19.292 19.5123 19.7243 19.9087 20.0841 20.232 20.3886 20.5467 20.6942 20.8256 20.9664 21.1095 21.2305 21.3442 21.46 21.5661 21.6579 21.7451 21.8239 21.8957 21.9538 22.0015 22.0542 22.1049 22.1454 22.1864 22.2215 22.2697 22.343 22.4071 22.4736 22.5369 22.5941 22.6505 22.6938 22.737
0 0 0 0 0 0 0 0 0 0 0 0 0 0 0 0 0 0 0 0 5.78464 8.23925 9.82451 10.7854 11.368 11.8433 12.6211 13.3562 13.9703 14.5465 15.0783 15.6138 16.1268 16.6166 17.0551 17.4577 17.8272 18.1557 18.4703 18.7648 19.0266 19.2677 19.4899 19.6912 19.8712 20.027 20.1704 20.3216 20.4761 20.619 20.7612 20.9006 21.0302 21.1473 21.2494 21.3499 21.4471 21.5234 21.6062 21.6827 21.7647 21.8303 21.8777 21.9204 21.9609 21.9849 22.0081 22.0365 22.0606 22.076 22.1263 22.1863 22.233 22.2684 22.2991 22.3251 22.3573
0 0 0 0 0 0 0 0 0 0 0 0 0 0 0 0 0 0 0 0 5.81195 8.45817 9.86118 10.8857 11.4381 11.9673 12.757 13.4183 14.0461 14.6171 15.1544 15.6434 16.1171 16.6061 17.075 17.4599 17.8183 18.1391 18.4266 18.6803 18.9322 19.1814 19.4043 19.5979 19.7607 19.9111 20.0607 20.2105 20.3504 20.4908 20.6264 20.7491 20.8674 20.9845 21.0916 21.1764 21.2552 21.3425 21.4312 21.5087 21.5709 21.6314 21.6807 21.7224 21.7577 21.7893 21.8042 21.8108 21.8078 21.8065 21.7991 21.7996 21.8257 21.8477 21.879 21.9037 21.9274
0 0 0 0 0 0 0 0 0 0 0 0 0 0 0 0 0 0 0 0 5.65339 8.05681 9.66214 10.6453 11.3647 11.9477 12.731 13.4222 14.044 14.6359 15.1807 15.6875 16.1659 16.6131 17.0315 17.4126 17.7615 18.0739 18.3519 18.597 18.8022 19.0157 19.2208 19.4052 19.5496 19.7112 19.8668 20.0053 20.1392 20.2773 20.4084 20.5266 20.6275 20.7413 20.8469 20.9389 21.0166 21.0825 21.1448 21.201 21.2422 21.2714 21.291 21.3101 21.3182 21.3289 21.3383 21.3403 21.3366 21.329 21.3292 21.318 21.3426 21.3499 21.3545 21.3584 21.3557
0 0 0 0 0 0 0 0 0 0 0 0 0 0 0 0 0 0 0 0 5.65339 8.05681 9.66214 10.5947 11.0386 11.9393 12.7528 13.4691 14.0939 14.6732 15.2035 15.6596 16.1026 16.5099 16.902 17.2665 17.5896 17.9009 18.1704 18.3997 18.5992 18.7788 18.9599 19.134 19.2951 19.4461 19.5752 19.7141 19.8629 20.0003 20.1259 20.2248 20.317 20.3886 20.463 20.5176 20.5641 20.6065 20.6442 20.6837 20.7136 20.7274 20.7377 20.7425 20.7389 20.7325 20.7316 20.7246 20.7117 20.6992 20.7167 20.7202 20.7215 20.6991 20.6902 20.6503 20.6073
0 0 0 0 0 0 0 0 0 0 0 0 0 0 0 0 0 0 0 0 4.94758 7.787 9.61002 10.7938 11.4626 11.9287 12.7325 13.4216 14.0175 14.5863 15.1484 15.6236 16.0478 16.4134 16.7489 17.0675 17.3765 17.6447 17.8951 18.1011 18.2821 18.4477 18.6168 18.7602 18.8948 19.0395 19.1831 19.3158 19.436 19.5336 19.6226 19.7029 19.7739 19.8314 19.8877 19.9209 19.9552 19.9789 19.9947 20.0088 20.0223 20.0282 20.0193 20.0059 20.0026 19.9904 20.0109 20.0134 20.0057 19.9897 19.9724 19.9488 19.9012 19.8502 19.7983 19.737 19.6933
0 0 0 0 0 0 0 0 0 0 0 0 0 0 0 0 0 0 0 0 5.94544 8.22086 9.64733 10.3328 11.0006 11.8588 12.6487 13.2884 13.8855 14.4762 14.9966 15.435 15.7982 16.1082 16.4064 16.726 17.0355 17.3017 17.5122 17.6832 17.8399 17.9847 18.1036 18.2545 18.4183 18.5602 18.6902 18.7852 18.8706 18.9489 19.0141 19.0707 19.125 19.1789 19.2236 19.2529 19.2711 19.2815 19.2803 19.2856 19.2739 19.2527 19.2286 19.1874 19.1518 19.1269 19.0897 19.0719 19.0635 19.0465 19.0297 19.003 18.9496 18.8805 18.8034 18.7086 18.6178
0 0 0 0 0 0 0 0 0 0 0 0 0 0 0 0 0 0 0 0 5.94544 8.22086 9.64733 10.3328 10.792 11.6503 12.3946 13.0511 13.6333 14.153 14.6407 15.0339 15.3722 15.6837 15.9962 16.2926 16.5479 16.7688 16.9544 17.1101 17.2618 17.3946 17.5449 17.702 17.8324 17.9275 17.9994 18.063 18.1192 18.1746 18.223 18.2632 18.2997 18.3254 18.3414 18.3493 18.3427 18.3429 18.3329 18.3205 18.3045 18.2823 18.2374 18.1893 18.1497 18.1094 18.0755 18.0233 17.9718 17.8847 17.7932 17.7287 17.6933 17.6464 17.5883 17.4849 17.3344
0 0 0 0 0 0 0 0 0 0 0 0 0 0 0 0 0 0 0 0 5.13857 7.7622 9.14002 9.84397 10.4288 11.2742 11.9821 12.5573 13.1514 13.6262 14.0194 14.3753 14.6709 14.987 15.2732 15.5085 15.7489 15.9619 16.1351 16.2886 16.3976 16.5547 16.6873 16.7901 16.8551 16.9023 16.9883 17.0742 17.1287 17.1654 17.1783 17.1898 17.1845 17.167 17.1295 17.1386 17.1099 17.0924 17.0629 17.0321 17.01 17.0344 17.0456 17.0429 17.0257 16.9817 16.9266 16.8177 16.7214 16.5972 16.4653 16.3552 16.2356 16.1261 16.0533 15.9855 15.8524
0 0 0 0 0 0 0 0 0 0 0 0 0 0 0 0 0 0 0 0 5.13857 7.7622 9.14002 9.76976 10.0081 10.9095 11.4411 11.961 12.2886 12.6442 12.9375 13.2497 13.5474 13.8213 14.092 14.2937 14.5406 14.726 14.9248 15.0843 15.2268 15.3553 15.4501 15.5761 15.7043 15.8195 15.8982 15.9158 15.9183 15.8906 15.8267 15.8221 15.8344 15.8338 15.8108 15.7753 15.7375 15.688 15.6583 15.6264 15.5612 15.4817 15.3546 15.2323 15.1492 15.1245 15.1417 15.1439 15.103 14.9771 14.813 14.6286 14.5777 14.5414 14.4378 14.2554 14.0458
0 0 0 0 0 0 0 0 0 0 0 0 0 0 0 0 0 0 0 0 4.38717 7.24998 8.56036 8.857 9.77944 10.6248 10.9344 11.3343 11.6235 11.7315 11.9835 12.2676 12.4349 12.6712 12.8053 12.942 13.305 13.663 13.9108 14.0406 14.0829 14.0398 14.205 14.3213 14.3997 14.3964 14.3682 14.3037 14.3 14.2661 14.2282 14.1792 14.1125 14.0608 14.1009 14.0891 14.1055 14.0926 14.1864 14.2274 14.2193 14.166 14.0469 13.9009 13.9722 14.039 14.0754 14.0757 14.0398 13.9744 13.8421 13.7286 13.558 13.4218 13.4639 13.5109 13.4835
0 0 0 0 0 0 0 0 0 0 0 0 0 0 0 0 0 0 0 0 0 0 0 0 0 0 0 0 0 0 11.9149 12.0895 12.1656 12.3704 12.5159 12.5322 12.5919 12.9238 13.1541 13.4617 13.3921 13.3115 13.8841 13.9267 13.9578 13.907 13.8102 13.7151 13.5629 13.4756 13.3865 13.4864 13.5425 13.545 13.5591 13.4879 13.4031 13.4098 13.3554 13.1677 12.9673 13.1013 13.1013 12.969 12.7419 12.5213 12.4718 12.3112 12.1224 11.9459 12.0682 12.0682 11.2332 10.9634 10.9315 10.9315 7.82451
0 0 0 0 0 0 0 0 0 0 0 0 0 0 0 0 0 0 0 0 0 0 0 0 0 0 0 0 0 0 0 0 0 0 0 0 0 0 0 0 0 0 0 0 0 0 0 0 0 0 0 0 0 0 0 0 0 0 0 0 0 0 0 0 0 0 0 0 0 0 0 0 0 0 0 0 0
0 0 0 0 0 0 0 0 0 0 0 0 0 0 0 0 0 0 0 0 0 0 0 0 0 0 0 0 0 0 0 0 0 0 0 0 0 0 0 0 0 0 0 0 0 0 0 0 0 0 0 0 0 0 0 0 0 0 0 0 0 0 0 0 0 0 0 0 0 0 0 0 0 0 0 0 0
0 0 0 0 0 0 0 0 0 0 0 0 0 0 0 0 0 0 0 0 0 0 0 0 0 0 0 0 0 0 0 0 0 0 0 0 0 0 0 0 0 0 0 0 0 0 0 0 0 0 0 0 0 0 0 0 0 0 0 0 0 0 0 0 0 0 0 0 0 0 0 0 0 0 0 0 0
0 0 0 0 0 0 0 0 0 0 0 0 0 0 0 0 0 0 0 0 0 0 0 0 0 0 0 0 0 0 0 0 0 0 0 0 0 0 0 0 0 0 0 0 0 0 0 0 0 0 0 0 0 0 0 0 0 0 0 0 0 0 0 0 0 0 0 0 0 0 0 0 0 0 0 0 0
0 0 0 0 0 0 0 0 0 0 0 0 0 0 0 0 0 0 0 0 0 0 0 0 0 0 0 0 0 0 0 0 0 0 0 0 0 0 0 0 0 0 0 0 0 0 0 0 0 0 0 0 0 0 0 0 0 0 0 0 0 0 0 0 0 0 0 0 0 0 0 0 0 0 0 0 0
0 0 0 0 0 0 0 0 0 0 0 0 0 0 0 0 0 0 0 0 0 0 0 0 0 0 0 0 0 0 0 0 0 0 0 0 0 0 0 0 0 0 0 0 0 0 0 0 0 0 0 0 0 0 0 0 0 0 0 0 0 0 0 0 0 0 0 0 0 0 0 0 0 0 0 0 0
0 0 0 0 0 0 0 0 0 0 0 0 0 0 0 0 0 0 0 0 0 0 0 0 0 0 0 0 0 0 0 0 0 0 0 0 0 0 0 0 0 0 0 0 0 0 0 0 0 0 0 0 0 0 0 0 0 0 0 0 0 0 0 0 0 0 0 0 0 0 0 0 0 0 0 0 0
0 0 0 0 0 0 0 0 0 0 0 0 0 0 0 0 0 0 0 0 0 0 0 0 0 0 0 0 0 0 0 0 0 0 0 0 0 0 0 0 0 0 0 0 0 0 0 0 0 0 0 0 0 0 0 0 0 0 0 0 0 0 0 0 0 0 0 0 0 0 0 0 0 0 0 0 0
