benchmarks/avaHockeyChannelPytest/Outputs/com1DFAOrig/peakFiles/release1HS_ent_dfa_0.15500_ppr.asc
ncols         1000
nrows         400
xllcenter     1000
yllcenter     -5000
cellsize      5
NODATA_value  -9999
[rows 170 to 203 of 400, columns 616 to 692 of 1000]
0 0 0 0 0 0 0 0 0 0 0 0 0 0 0 0 0 0 0 0 0 0 0 0 0 0 0 0 0 0 0 0 0 0 0 0 0 0 0 0 0 0 0 0 0 0 0 0 0 0 0 0 0 0 0 0 0 0 0 0 0 0 0 0 0 0 0 0 0 0 0 0 0 0 0 0 0
0 0 0 0 0 0 0 0 0 0 0 0 0 0 0 0 0 0 0 0 0 0 0 0 0 0 0 0 0 0 0 0 0 0 0 0 0 0 0 0 0 0 0 0 0 0 0 0 0 0 0 0 0 0 0 0 0 0 0 0 0 0 0 0 0 0 0 0 0 0 0 0 0 0 0 0 0
0 0 0 0 0 0 0 0 0 0 0 0 0 0 0 0 0 0 0 0 0 0 0 0 0 0 0 0 0 0 0 0 0 0 0 0 0 0 0 0 0 0 0 0 0 0 0 0 0 0 0 0 0 0 0 0 0 0 0 0 0 0 0 0 0 0 0 0 0 0 0 0 0 0 0 0 0
0 0 0 0 0 0 0 0 0 0 0 0 0 0 0 0 0 0 0 0 0 0 0 0 0 0 0 0 0 0 0 0 0 0 0 0 0 0 0 0 0 0 0 0 0 0 0 0 0 0 0 0 0 0 0 0 0 0 0 0 0 0 0 0 0 0 0 0 0 0 0 0 0 0 0 0 0
0 0 0 0 0 0 0 0 0 0 0 0 0 0 0 0 0 0 0 0 0 0 0 0 0 0 0 0 0 0 0 0 0 0 0 0 0 0 0 0 0 0 0 0 0 0 0 0 0 0 0 0 0 0 0 0 0 0 0 0 0 0 0 0 0 0 0 0 0 0 0 0 0 0 0 0 0
0 0 0 0 0 0 0 0 0 0 0 0 0 0 0 0 0 0 0 0 0 0 0 0 0 0 0 0 0 0 0 0 0 0 0 0 0 0 0 0 0 0 0 0 0 0 0 0 0 0 0 0 0 0 0 0 0 0 0 0 0 0 0 0 0 0 0 0 0 0 0 0 0 0 0 0 0
0 0 0 0 0 0 0 0 0 0 0 0 0 0 0 0 0 0 0 0 0 0 0 0 0 0 0 0 0 0 0 0 0 0 0 0 0 0 0 0 0 0 0 0 0 0 0 0 0 0 0 0 0 0 0 0 0 0 0 0 0 0 0 0 0 0 0 0 0 0 0 0 0 0 0 0 0
0 0 0 0 0 0 0 0 0 0 0 0 0 0 0 0 0 0 0 0 0 0 0 0 0 0 0 0 0 0 0 0 0 0 0 0 0 0 0 0 0 0 0 0 0 0 0 0 0 0 0 0 0 0 0 0 0 0 0 0 0 0 0 0 0 0 0 0 0 0 0 0 0 0 0 0 0
0 0 0 0 0 0 0 0 0 0 0 0 0 0 0 0 0 0 0 0 0 0 0 0 0 0 0 0 0 0 0 0 0 0 0 0 0 0 0 0 0 0 0 0 0 0 0 0 0 0 0 0 0 0 0 0 0 0 0 0 0 0 0 0 0 0 0 0 0 0 0 0 0 0 0 0 0
0 0 0 0 0 0 0 0 0 0 0 0 0 0 0 0 0 0 0 0 0 0 0 0 0 0 0 0 0 0 0 0 0 0 0 0 0 0 0 0 0 0 0 0 0 0 0 0 0 0 0 0 0 0 0 0 0 0 0 0 0 0 0 0 0 0 0 0 0 0 0 0 0 0 0 0 0
0 0 0 0 0 0 0 0 0 0 0 0 0 0 0 0 0 0 0 0 0 0 0 0 0 0 0 0 0 0 0 0 0 0 0 0 0 0 0 0 0 0 0 0 0 0 0 0 0 0 0 0 0 0 0 0 0 0 0 0 0 0 0 0 0 0 0 0 0 0 0 0 0 0 0 0 0
0 0 0 0 0 0 0 0 0 0 0 0 0 0 0 0 0 0 0 0 0 0 0 0 0 0 0 0 0 0 0 0 0 0 0 0 0 0 0 0 0 0 0 0 0 0 0 0 0 0.0165279 1.80419 1.80419 1.56478 0 0 0 0 0 0 0 0 0 0 0 0 0 0 0 0 0 0 0 0 0 0 0 0
0 0 0 0 0 0 0 0 0 0 0 0 0 0 0 0 0 0 0 0 0 0 0 0 0 0 0 0 0 0 0 0 0 0 0 0 0 0 0 0 0 0 0 0 0 0 0.772778 0.690551 7.66322 7.66322 7.33956 6.35318 4.67995 3.53208 3.06613 1.9755 0.996697 0 0 0 0 0 0 0 0 0 0 0 0 0 0 0 0 0 0 0 0
0 0 0 0 0 0 0 0 0 0 0 0 0 0 0 0 0 0 0 0 0 0 0 0 0 0 0 0 0 0 0 0 0 0 0 0 0 0 0 9.07589 11.614 11.614 10.925 9.57762 15.3101 15.3101 14.0378 14.0378 13.6273 13.1976 11.0441 10.2282 9.36502 7.82434 6.33099 5.37806 2.63011 1.80726 0.318299 0 0 0 0 0 0 0 0 0 0 0 0 0 0 0 0 0 0
0 0 0 0 0 0 0 0 0 0 0 0 0 0 0 0 0 0 33.4944 52.0805 52.0805 46.5724 53.6072 57.5683 57.5683 56.6186 54.106 49.4435 43.1743 48.1432 44.4976 43.7154 43.7154 43.2834 45.7226 44.7209 42.2583 39.4569 35.7461 32.6395 29.0926 26.085 22.6838 20.3278 18.6672 16.6809 14.6474 13.7869 13.447 12.5562 11.3353 10.0169 8.53492 7.07084 6.74128 5.42047 4.22271 3.25669 2.19718 1.46745 0 0 0 0 0 0 0 0 0 0 0 0 0 0 0 0 0
69.0186 69.0186 79.718 96.5685 92.3714 77.3585 81.3611 100.417 107.603 110.124 96.5371 84.9755 107.984 114.044 118.67 113.223 102.332 112.3 104.521 116.639 105.024 89.6227 110.881 112.676 114.965 109.991 94.8357 105.68 95.0068 83.843 97.4404 94.3195 83.9314 70.4297 76.1678 69.5829 66.953 63.4063 55.1474 47.7786 52.0452 45.1826 34.0685 37.1411 34.9041 27.5585 29.0345 20.6563 22.6459 16.7494 11.1822 9.90953 8.39104 8.39104 5.74957 4.66455 4.0236 4.0236 1.98376 1.57298 0.822317 0.711872 0 0 0 0 0 0 0 0 0 0 0 0 0 0 0
160.639 183.431 179.661 185.249 177.603 167.441 185.102 188.103 180.385 187.821 182.355 187.346 178.265 190.998 182.023 173.488 187.603 187.693 182.68 184.23 174.76 186.445 176.845 164.93 182.363 177.698 167.994 162.832 171.779 162.173 161.146 148.546 158.049 151.235 138.882 126.012 133.29 121.629 123.156 111.756 104.899 102.79 91.9298 78.5525 85.2026 71.5401 72.3349 63.6808 52.5295 52.8728 40.0042 42.9868 40.3875 31.0616 24.953 22.3718 23.5848 17.712 11.2515 11.0837 8.98832 6.23713 4.40962 4.84676 1.83418 1.09095 0 0 0 0 0 0 0 0 0 0 0
219.361 234.304 227.519 235.319 228.941 233.214 225.349 221.118 233.053 228.885 223.065 236.923 230.702 233.384 226.638 232.772 226.103 225.288 221.245 232.229 225.227 223.675 233.434 227.174 227.331 219.179 229.36 220.437 210.076 216.717 206.098 204.786 193.045 192.984 191.505 179.626 168.5 171.115 160.593 158.071 145.862 143.412 135.038 123.824 124.302 118.641 108.139 97.1854 92.9851 87.504 83.035 71.2453 62.5815 52.9837 55.9743 47.1569 44.6962 37.4198 36.4135 30.2928 23.4971 22.9303 16.7992 14.2697 12.5935 7.64762 4.56257 4.56257 1.17539 0.901658 0 0 0 0 0 0 0
257.251 253.321 260.4 257.788 253.524 256.401 262.226 261.392 263.514 261.105 262.834 255.607 252.218 259.727 264.639 261.096 268.607 259.368 265.465 257.112 268.606 257.434 260.028 255.899 259.74 254.889 255.941 259.049 249.654 239.265 240.9 243.717 233.162 227.391 217.628 221.296 204.712 208.413 202.449 190.121 178.685 171.17 162.042 163.534 151.041 144.501 132.156 136.069 124.357 115.493 105.203 95.0053 95.4406 83.4348 75.2513 75.5276 65.1295 55.3636 53.6558 48.2913 41.011 32.3475 30.6923 27.4829 21.5615 20.78 14.4068 10.0715 9.46005 5.17213 1.27194 0.698572 0.143977 0 0 0 0
263.486 264.346 265.85 267.076 269.312 269.99 270.884 274.371 279.995 279.715 281.453 279.455 284.726 280.972 290.634 283.281 287.665 283.924 288.924 283.244 287.643 281.605 282.664 277.676 279.024 286.395 280.093 272.813 272.038 263.84 272.818 267.586 258.138 251.841 242.839 245.328 241.036 228.542 214.669 211.435 215.494 199.964 197.419 183.054 181.171 168.344 164.389 151.698 150.136 137.743 126.293 117.127 116.779 107.183 93.6147 84.9681 80.8133 75.7628 68.5305 65.8283 56.8004 48.4548 46.7931 42.2462 34.1416 27.1263 20.1296 19.4275 17.9124 12.3781 7.68974 6.49081 2.50415 0.727777 0 0 0
262.474 264.374 265.943 269.311 271.284 274.079 276.56 277.411 279.924 282.083 283.184 285.262 287.127 288.899 291.013 292.269 293.471 295.205 299.883 297.03 295.318 298.028 294.287 295.621 303.861 299.214 299.281 294.883 297.147 285.824 286.246 277.42 276.88 284.047 267.471 268.156 255.987 253.311 239.442 235.597 234.262 219.065 215.196 215.079 200.83 186.498 182.122 169.286 156.43 153.416 141.964 139.662 130.811 121.271 112.923 104.401 103.648 91.1903 83.2601 75.901 66.2713 64.6074 59.2548 51.2486 43.9906 40.5825 34.7595 28.1223 23.9779 19.3548 16.2774 12.8055 8.20285 4.25331 2.64973 0.039137 0
257.493 258.2 260.484 263.473 264.862 267.851 268.205 271.156 272.473 274.981 277.681 279.711 283.991 287.27 289.56 293.634 296.525 298.285 301.011 301.845 303.837 304.677 306.09 306.68 307.143 315.881 308.069 319.29 307.859 312.537 301.578 303.003 291.767 289.446 289.976 276.285 273.974 271.282 257.12 253.666 241.157 236.947 236.857 220.629 218.014 204.062 198.632 185.923 184.102 169.149 157.154 153.173 142.705 142.464 132.247 122.175 112.734 104.118 100.424 85.9027 81.0924 76.4628 66.2163 61.2959 57.6255 50.2523 43.6155 35.8111 32.8932 26.8625 20.7813 20.785 15.1191 10.5158 6.18301 5.17055 2.01365
255.283 256.448 256.79 259.803 260.297 262.125 261.513 263.39 263.947 266.015 268.196 270.982 275.049 277.215 281.113 284.932 287.288 291.719 295.137 297.771 302.244 304.913 307.325 310.752 312.509 315.123 316.808 318.089 316.029 315 315.66 308.174 307.244 307.899 295.239 293.915 292.976 278.431 275.915 262.331 257.687 245.802 240.739 237.847 223.949 219.741 205.756 201.262 187.849 182.701 170.417 159.206 158.18 145.763 136.328 136.011 126.226 116.859 108.028 99.7921 88.9607 82.2949 78.1806 74.2206 68.0333 59.5954 51.9085 45.1242 37.4923 36.1931 30.0381 24.5305 18.8594 14.2109 11.4487 6.88647 4.96557
261.351 261.914 261.759 261.876 262.123 261.676 262.05 261.572 262.239 262.273 264.056 264.821 267.1 267.93 271.313 272.388 275.437 278.863 281.395 286.845 289.611 292.741 296.465 299.446 304.579 309.663 312.983 315.53 317.568 316.988 316.139 313.637 310.412 307.748 305.173 297.096 293.959 285.13 279.938 275.414 264.844 259.792 259.546 243.406 240.519 235.317 220.981 215.578 201.868 188.87 184.198 172.584 172.567 158.909 156.8 145.803 135.549 125.992 117.157 108.846 102.996 97.0338 89.7035 79.4158 73.0755 64.7384 57.0125 50.0019 43.749 42.6596 37.1437 30.6434 25.0815 19.4573 14.1896 10.0216 8.11146
269.058 268.61 268.678 268.136 268.035 267.563 266.174 265.851 265.062 265.458 265.176 266.457 265.976 266.996 267.046 268.326 269.285 272.221 273.803 278.454 278.539 282.445 283.763 287.852 292.437 297.256 302.717 308.553 312.239 313.505 313.853 314.348 312.627 309.867 308.249 303.437 299.435 296.835 298.321 282.636 279.145 277.109 261.649 258.178 243.771 238.733 225.51 220.091 217.296 201.696 197.73 184.871 173.771 169.409 158.946 148.279 138.407 129.465 128.956 119.979 111.44 103.499 92.2604 85.8318 79.2319 70.328 67.3895 59.4582 52.435 45.9929 38.2904 36.0597 30.1861 24.8433 19.2474 14.7556 10.1069
275.365 276.585 275.452 275.68 274.732 273.981 272.814 271.258 271.206 270.298 271.251 270.285 270.36 269.582 269.8 270.186 272.013 272.851 276.449 277.234 279.74 280.06 280.56 282.174 283.823 286.888 292.572 298.338 303.736 307.65 309.75 312.843 313.863 312.624 310.903 310.161 304.898 301.155 298.462 288.698 283.1 279.061 276.476 261.03 257.377 243.284 237.613 224.683 218.03 205.467 199.745 188.3 183.619 172.371 162.103 157.425 148.225 138.973 130.238 127.537 119.048 105.981 99.0726 91.7121 85.0541 75.8615 70.2088 62.4337 55.3152 48.8512 43.7538 36.3718 32.1837 26.8233 21.1311 18.0793 13.8432
283.218 282.434 282.869 281.452 280.236 279.376 277.722 277.691 276.795 277.424 276.212 276.323 274.747 273.92 273.492 274.743 275.664 278.843 280.822 284.223 284.763 286.338 285.609 283.414 282.99 282.941 284.993 288.396 293.419 298.585 303.359 308.609 311.797 312.538 311.026 309.942 307.585 303.414 299.126 296.358 287.454 281.879 277.731 265.753 259.264 253.766 240.565 234.139 221.246 214.64 202.87 196.914 186.031 175.756 170.331 160.311 150.845 148.411 138.863 129.095 120.973 113.249 105.651 93.7317 87.3132 81.6562 72.5429 64.5103 59.84 52.9043 47.2924 41.9972 35.2092 30.4637 24.1652 19.8092 14.7155
287.17 287.699 286.708 284.796 284.287 282.848 282.697 282.095 283.268 282.306 282.322 280.67 278.345 277.33 276.068 277.98 280.122 283.129 289.386 289.576 294.709 293.975 293.002 290.668 287.075 283.886 281.641 281.219 284.968 291.357 297.558 304.476 309.811 312.739 313.066 312.007 311.153 311.863 303.77 300.059 298.218 285.901 280.263 277.155 262.591 256.534 244.031 237.178 224.714 217.771 206.271 200.518 189.568 185.333 173.889 163.671 159.446 149.214 139.519 130.52 122.034 114.001 106.474 99.4833 92.8658 82.819 76.9145 68.4807 60.9935 54.2523 48.0072 41.9972 35.2289 30.5331 26.4041 21.803 17.0495
288.873 290.045 288.71 287.835 286.63 285.05 285.536 285.731 286.071 285.908 285.234 282.889 280.675 278.938 277.831 279.214 282.533 287.166 292.816 294.351 299.275 299.827 299.105 295.67 291.008 286.434 282.12 279.334 280.42 286.705 294.014 301.326 308.005 312.219 313.574 312.607 311.59 310.02 305.009 300.858 297.163 287.614 281.606 276.85 264.688 258.258 246.277 238.794 233.218 219.419 214.383 201.999 191.13 185.85 174.675 170.252 159.943 149.952 140.478 131.599 123.171 115.125 107.463 100.242 93.5001 83.8593 77.7244 69.4311 64.1717 56.9028 50.3376 44.5705 37.6858 33.3269 26.4759 21.894 17.1583
290.271 291.137 289.65 289.372 287.923 286.885 286.737 286.681 286.734 286.46 286.137 283.921 281.958 279.914 278.509 279.47 283.13 289.005 293.552 296.346 300.156 301.7 300.941 297.386 292.622 287.681 282.784 279.404 279.129 285.315 293.031 300.09 307.239 312.048 313.809 312.754 311.694 309.601 305.364 301.069 296.641 288.453 282.402 276.346 265.797 259.243 247.503 239.832 232.975 220.489 214.603 202.876 192.217 186.467 175.554 170.252 160.578 150.568 141.141 132.247 123.791 115.704 107.943 100.559 93.671 84.383 78.1054 69.9522 64.5538 57.3312 50.7821 44.8987 38.0033 33.3269 26.7737 22.1314 17.3637
289.139 289.855 288.459 287.909 287.048 286.336 286.099 285.739 286.147 286.466 286.122 284.015 282.463 280.163 278.435 279.241 282.622 286.292 290.96 292.981 298.163 299.36 299.104 295.869 291.109 286.438 282.032 279.36 280.512 286.83 294.278 301.319 308.06 312.392 313.716 312.488 311.241 308.855 304.634 300.454 295.598 287.527 281.678 275.825 264.851 258.381 246.702 239.202 232.578 219.817 213.627 202.346 191.626 185.75 174.942 164.992 159.767 149.684 140.35 131.417 122.917 114.824 107.114 99.8358 93.3843 83.7609 77.6523 69.4089 64.4732 57.2751 50.7367 44.8363 37.7878 31.7689 26.5678 22.0504 17.2913
287.145 286.99 286.109 284.51 284.354 283.041 283.417 282.425 283.53 283.007 283.812 282.293 280.333 278.363 276.435 276.496 278.041 281.122 286.457 287.985 293.168 292.922 292.908 290.827 287.046 283.58 281.344 280.796 284.454 290.83 297.125 304.279 309.534 312.33 312.449 310.821 309.872 308.573 302.472 298.753 295.598 285.462 280.378 275.72 263.157 257.506 244.796 238.007 225.039 218.007 206.202 200.447 189.3 184.463 173.236 163 158.526 148.594 139.158 130.341 121.936 113.923 106.303 99.1928 92.8542 82.9587 77.0252 68.6551 61.145 54.2964 48.0614 42.3455 37.3496 31.3208 26.064 20.5448 16.0034
283.066 281.791 281.926 280.557 279.782 279.445 278.978 278.999 279.033 279.638 279.176 279.069 276.864 274.71 273.003 271.486 272.847 276.298 278.547 282.425 282.942 285.589 285.308 283.548 283.168 282.506 283.856 286.748 291.906 297.78 302.788 308.376 311.815 312.79 311.347 310.244 307.905 303.579 299.236 295.324 287.177 281.496 277.207 265.412 259.103 254.521 240.619 235.261 221.514 215.687 203.161 198.503 186.619 175.889 171.171 160.631 150.702 141.537 137.648 128.835 120.471 112.501 100.777 93.5566 87.052 82.9145 72.2264 64.1986 60.7825 53.7982 47.4599 42.123 35.3857 29.454 24.3878 19.9382 14.6977
275.449 275.821 274.792 274.888 274.133 273.866 273.584 273.63 273.859 274.276 274.662 273.974 272.757 270.323 268.153 267.779 268.522 269.979 273.533 274.698 277.921 279.226 281.615 282.686 284.525 286.674 291.791 297.189 302.293 305.939 308.853 312.072 313.256 312.275 310.314 309.028 309.799 300.089 297.407 294.995 282.533 278.231 267.187 261.227 256.296 243.728 236.98 224.8 217.562 205.495 200.228 188.529 185.052 173.46 162.765 159.99 149.08 139.423 130.357 121.79 113.651 106.008 99.1711 92.592 85.9859 76.7174 71.0929 63.1425 55.9076 49.3087 43.5321 38.194 31.9594 26.5875 20.9763 16.2159 11.6005
