avaframe/data/avaAlr/Avaflow_Input/DEM.asc
ncols        104
nrows        229
xllcorner    255202.082763885992
yllcorner    377300.994169433019
cellsize     20.000000000000
NODATA_value  -9999
[rows 168 to 188 of 229, columns 0 to 46 of 104]
-9999 -9999 -9999 -9999 -9999 737.32952880859375 751.49761962890625 762.3875732421875 770.2445068359375 775.13543701171875 781.040283203125 786.20941162109375 791.8651123046875 797.13580322265625 802.25958251953125 801.591796875 796.5341796875 789.5711669921875 779.24139404296875 771.745849609375 765.4481201171875 760.2596435546875 756.44012451171875 756.12677001953125 759.14013671875 762.35113525390625 767.06207275390625 771.85601806640625 775.2421875 778.52899169921875 768.9580078125 756.744384765625 744.21673583984375 744.2183837890625 744.38385009765625 741.69189453125 741.714111328125 741.767333984375 742.11346435546875 746.46728515625 755.31329345703125 762.3016357421875 774.91455078125 787.02337646484375 798.9287109375 808.1658935546875 798.37091064453125
-9999 -9999 -9999 -9999 -9999 737.17626953125 751.01226806640625 760.72418212890625 765.89471435546875 768.33392333984375 772.72698974609375 778.185791015625 784.002197265625 792.44183349609375 803.87200927734375 814.84234619140625 808.0986328125 796.92236328125 787.72430419921875 777.2938232421875 768.9119873046875 759.223388671875 755.3106689453125 752.06201171875 751.23443603515625 753.80511474609375 757.19244384765625 760.38299560546875 764.13311767578125 766.96917724609375 765.516845703125 754.675537109375 744.42864990234375 744.5504150390625 744.60919189453125 741.87158203125 741.8404541015625 741.9747314453125 742.11822509765625 743.91021728515625 750.99835205078125 761.15838623046875 773.7890625 786.06854248046875 797.24053955078125 802.62823486328125 802.429931640625
-9999 -9999 -9999 -9999 -9999 735.76080322265625 749.15728759765625 759.0125732421875 763.00799560546875 763.6015625 767.22698974609375 772.71630859375 778.95306396484375 790 800.25897216796875 812.650390625 817.83203125 807.305419921875 796.58563232421875 786.05419921875 774.41766357421875 765.364990234375 755.475341796875 750.00640869140625 744.67095947265625 742.17816162109375 746.4893798828125 751.2789306640625 753.52545166015625 755.408935546875 757.27227783203125 752.9244384765625 744.5435791015625 744.71270751953125 741.96319580078125 741.78851318359375 741.543701171875 741.8221435546875 742.00201416015625 743.68511962890625 749.28228759765625 759.875732421875 771.418701171875 781.55682373046875 789.39190673828125 794.718017578125 798.57025146484375
-9999 -9999 -9999 -9999 -9999 727.6224365234375 741.3076171875 753.742431640625 759.98681640625 760.31744384765625 762.4908447265625 767.3475341796875 774.91448974609375 785.06207275390625 795.10882568359375 805.8260498046875 817.2083740234375 814.9847412109375 803.7840576171875 793.29241943359375 783.05059814453125 771.8260498046875 762.113037109375 753.23101806640625 742.422119140625 742.2796630859375 742.2476806640625 742.16510009765625 744.3505859375 745.7568359375 747.6015625 746.9637451171875 745.3516845703125 746.092529296875 741.447509765625 741.9317626953125 741.893798828125 741.91046142578125 742.0594482421875 743.681640625 747.434326171875 756.25555419921875 765.17767333984375 773.09423828125 778.92816162109375 784.98321533203125 789.09429931640625
-9999 -9999 -9999 -9999 -9999 721.994140625 732.4971923828125 746.99871826171875 757.08270263671875 756.718017578125 758.2025146484375 763.23822021484375 770.90765380859375 779.3082275390625 789.7423095703125 799.0919189453125 812.9732666015625 816.0235595703125 811.00982666015625 800.85498046875 791.04217529296875 780.636962890625 769.3897705078125 760.0372314453125 750.105224609375 742.1278076171875 742.1748046875 742.05316162109375 741.99139404296875 742.268798828125 742.87188720703125 742.90911865234375 742.2294921875 741.54278564453125 739.9412841796875 739.7315673828125 740.12841796875 740.05206298828125 740.25311279296875 741.0194091796875 743.23443603515625 749.34222412109375 756.9434814453125 763.5009765625 769.38372802734375 774.89337158203125 779.15374755859375
-9999 -9999 -9999 -9999 -9999 713.37042236328125 723.46136474609375 737.447021484375 753.69793701171875 753.23809814453125 755.010498046875 758.4830322265625 765.67376708984375 774.44464111328125 785.642578125 794.16668701171875 804.9578857421875 805.42279052734375 804.09320068359375 801.82012939453125 796.5966796875 786.0802001953125 773.9359130859375 767.47979736328125 756.72869873046875 746.27032470703125 741.733154296875 741.80517578125 741.93194580078125 740.41094970703125 739.79217529296875 741.63006591796875 742.5020751953125 741.31591796875 739.39306640625 739.09906005859375 739.6041259765625 738.6749267578125 739.37200927734375 736.674560546875 738.26104736328125 742.2076416015625 748.6761474609375 753.75390625 759.6024169921875 764.16644287109375 768.24835205078125
-9999 -9999 -9999 -9999 -9999 708.99932861328125 716.66876220703125 727.5948486328125 750.3206787109375 749.99957275390625 750.6341552734375 754.6162109375 760.7301025390625 770.5599365234375 780.31158447265625 791.42425537109375 793.42462158203125 794.08551025390625 792.21514892578125 789.09271240234375 785.52557373046875 784.36260986328125 783.0872802734375 775.1866455078125 764.44146728515625 752.53265380859375 741.44110107421875 740.20281982421875 734.56439208984375 730.95361328125 729.09063720703125 730.31402587890625 732.74029541015625 731.936279296875 732.08111572265625 732.268798828125 732.94110107421875 731.59564208984375 731.605224609375 732.14117431640625 732.48468017578125 735.308837890625 740.03912353515625 744.96588134765625 749.33612060546875 754.1971435546875 757.56866455078125
-9999 -9999 -9999 -9999 -9999 709.05169677734375 716.596435546875 732.22210693359375 748.0218505859375 746.12579345703125 746.82470703125 749.46124267578125 756.6495361328125 766.14739990234375 777.0140380859375 788.1639404296875 783.11395263671875 782.47332763671875 781.91864013671875 779.70867919921875 776.97174072265625 774.69281005859375 772.41998291015625 770.242431640625 766.13531494140625 757.569580078125 745.75390625 734.2000732421875 727.80169677734375 724.590576171875 721.76513671875 721.38055419921875 724.56640625 724.5665283203125 725.24853515625 725.05010986328125 726.053955078125 728.28228759765625 728.85174560546875 727.39410400390625 727.35284423828125 726.99896240234375 730.40240478515625 735.7218017578125 739.6785888671875 743.9091796875 746.24603271484375
-9999 -9999 -9999 -9999 -9999 712.9639892578125 721.05926513671875 733.37615966796875 741.42791748046875 738.50390625 738.60162353515625 745.6759033203125 751.74774169921875 761.7625732421875 773.70166015625 778.501220703125 775.48699951171875 772.75439453125 771.11822509765625 769.73736572265625 767.25225830078125 764.71331787109375 761.6787109375 760.2142333984375 758.38958740234375 756.69171142578125 750.465576171875 739.14031982421875 725.9959716796875 721.3931884765625 720.40692138671875 718.4146728515625 715.66424560546875 717.27716064453125 719.98956298828125 721.81744384765625 721.6341552734375 722.38128662109375 724.11517333984375 723.3671875 724.4625244140625 724.36474609375 722.8814697265625 725.146240234375 729.50213623046875 734.3685302734375 735.8463134765625
-9999 -9999 -9999 -9999 -9999 713.0860595703125 716.89959716796875 721.99713134765625 725.6339111328125 728.08990478515625 730.75347900390625 737.3624267578125 747.375732421875 755.47711181640625 764.329345703125 768.22454833984375 765.20648193359375 763.885986328125 761.303466796875 759.92852783203125 756.7279052734375 755.7313232421875 752.94378662109375 750.74847412109375 748.6705322265625 747.54656982421875 746.69378662109375 742.95550537109375 732.1571044921875 722.03216552734375 718.8673095703125 715.4749755859375 713.81591796875 715.6942138671875 718.4403076171875 717.6903076171875 718.1787109375 719.47711181640625 719.55377197265625 719.05426025390625 722.71917724609375 723.59832763671875 720.03216552734375 717.725341796875 717.881591796875 724.10009765625 725.34649658203125
-9999 -9999 -9999 -9999 -9999 708.93170166015625 708.30718994140625 712.46734619140625 715.25140380859375 717.287109375 723.21417236328125 730.7615966796875 738.82568359375 746.3143310546875 754.8780517578125 759.2056884765625 757.2420654296875 755.86798095703125 754.22845458984375 752.97711181640625 749.6861572265625 748.42608642578125 744.84930419921875 742.40936279296875 741.30487060546875 739.78619384765625 738.199951171875 737.19329833984375 736.14068603515625 727.663818359375 716.01416015625 713.07354736328125 710.4818115234375 710.70611572265625 712.573974609375 715 714.82269287109375 715.8916015625 715.5672607421875 714.72698974609375 715.39215087890625 719.01251220703125 716.18194580078125 713.743408203125 712.93145751953125 712.427978515625 715.82080078125
-9999 -9999 -9999 -9999 -9999 -9999 705.45013427734375 704.0655517578125 706.42816162109375 711.4228515625 714.688720703125 722.49237060546875 729.78802490234375 738.346923828125 747.2828369140625 751.66949462890625 751.36181640625 748.1285400390625 748.61627197265625 748.29559326171875 747.25823974609375 741.4609375 738.595458984375 736.785400390625 734.70355224609375 734.1517333984375 732.2791748046875 731.88232421875 730.40386962890625 729.07403564453125 725.921630859375 714.08026123046875 707.75970458984375 708.0985107421875 706.76123046875 707.580078125 712.41046142578125 712.29119873046875 710.86083984375 710.446533203125 712.15240478515625 709.83941650390625 711.8619384765625 709.552490234375 708.615234375 709.00079345703125 709.89532470703125
-9999 -9999 -9999 -9999 -9999 -9999 704.0858154296875 702.40673828125 701.33746337890625 702.12750244140625 707.1817626953125 713.610107421875 722.96728515625 731.43865966796875 741.72198486328125 746.247802734375 745.40289306640625 744.0489501953125 743.24005126953125 743.600341796875 741.5635986328125 738.1717529296875 735.77490234375 734.2889404296875 735.43353271484375 732.7557373046875 732.1534423828125 731.87042236328125 729.2003173828125 728.89892578125 726.798828125 723.6790771484375 710.6805419921875 704.432373046875 704.42950439453125 703.389892578125 705.0518798828125 709.12823486328125 709.49505615234375 709.3411865234375 708.87567138671875 708.25372314453125 706.71075439453125 705.62701416015625 705.4075927734375 704.7838134765625 703.32470703125
-9999 -9999 -9999 -9999 -9999 -9999 705.285400390625 701.27069091796875 699.62017822265625 698.4532470703125 699.57879638671875 706.4193115234375 714.8802490234375 726.2191162109375 739.3760986328125 744.80438232421875 743.36846923828125 742.1102294921875 741.02789306640625 739.93359375 738.74139404296875 735.928955078125 734.592529296875 733.33197021484375 732.0706787109375 731.68902587890625 731.1300048828125 729.58343505859375 728.1961669921875 726.8558349609375 725.93603515625 724.0396728515625 714.833251953125 702.9874267578125 702.8804931640625 701.19439697265625 701.14166259765625 706.24188232421875 704.63018798828125 704.1824951171875 704.13494873046875 703.83868408203125 703.09228515625 701.64422607421875 701.533935546875 700.37493896484375 699.5263671875
-9999 -9999 -9999 -9999 -9999 -9999 710.343017578125 703.13214111328125 698.1650390625 696.66632080078125 695.87518310546875 700.44671630859375 711.05908203125 718.1827392578125 734.000244140625 742.65985107421875 742.21783447265625 741.60595703125 740.14984130859375 738.54559326171875 736.8287353515625 734.76031494140625 732.26690673828125 731.30078125 728.19403076171875 726.10498046875 725.47222900390625 725.2891845703125 726.70440673828125 726.40118408203125 724.46759033203125 722.29913330078125 710.0452880859375 700.50457763671875 699.58203125 699.56134033203125 699.061767578125 701.0736083984375 702.1680908203125 701.7625732421875 700.90655517578125 699.96044921875 698.698486328125 698.73016357421875 697.11431884765625 696.198974609375 695.642578125
-9999 -9999 -9999 -9999 -9999 -9999 711.84527587890625 707.9398193359375 699.66796875 694.16827392578125 693.33746337890625 696.2352294921875 701.36376953125 714.17218017578125 724.282958984375 740.72894287109375 742.18438720703125 739.98675537109375 738.57171630859375 737.32623291015625 733.60565185546875 728.9476318359375 722.70721435546875 720.11846923828125 717.50909423828125 715.23736572265625 713.8182373046875 714.83831787109375 717.72760009765625 718.48114013671875 715.49639892578125 710.9744873046875 701.4688720703125 699.7423095703125 698.26165771484375 696.21746826171875 697.4073486328125 698.45916748046875 699.0364990234375 697.82794189453125 698.28948974609375 697.15802001953125 695.6943359375 694.7786865234375 693.56939697265625 692.624267578125 691.81787109375
-9999 -9999 -9999 -9999 -9999 -9999 721.51898193359375 712.9781494140625 702.704345703125 692.38177490234375 690.29217529296875 691.4107666015625 696.37451171875 705.29083251953125 718.41949462890625 735.041015625 740.9644775390625 736.19610595703125 730.8392333984375 726.99310302734375 723.63787841796875 719.162109375 713.200439453125 708.23004150390625 707.39056396484375 706.6407470703125 705.83953857421875 705.96063232421875 706.3468017578125 704.77520751953125 702.949951171875 701.21075439453125 698.11126708984375 693.0218505859375 693.4818115234375 693.37384033203125 692.65264892578125 696.58367919921875 697.251708984375 694.4722900390625 693.18243408203125 693.00421142578125 692.84698486328125 692.0184326171875 690.17498779296875 689.55474853515625 688.4674072265625
-9999 -9999 -9999 -9999 -9999 -9999 723.3409423828125 712.76959228515625 703.83355712890625 692.701904296875 688.01702880859375 689.1771240234375 692.8756103515625 698.6934814453125 714.57489013671875 721.520751953125 729.97418212890625 725.01025390625 719.35467529296875 715.36328125 711.5823974609375 709.734130859375 705.89251708984375 703.04217529296875 700.0977783203125 698.7027587890625 697.717529296875 697.1177978515625 696.6441650390625 695.66845703125 695.0880126953125 694.9796142578125 692.072998046875 686.96624755859375 688.3740234375 689.233642578125 692.5382080078125 691.05731201171875 692.12640380859375 692.20770263671875 691.395263671875 690.76556396484375 690.24053955078125 689.16650390625 687.95703125 687.25042724609375 685.76251220703125
-9999 -9999 -9999 -9999 -9999 -9999 -9999 704.95660400390625 702.96221923828125 691.494384765625 686.3778076171875 687.0205078125 689.11865234375 695.9798583984375 707.81854248046875 718.37591552734375 717.34814453125 715.86529541015625 711.514404296875 706.60223388671875 702.58673095703125 700.42938232421875 699.8944091796875 694.589111328125 692.75604248046875 692.83612060546875 691.93463134765625 691.010498046875 690.22528076171875 690.0924072265625 690.8792724609375 691.388427734375 684.5904541015625 684.5152587890625 685.2349853515625 686.8709716796875 691.636962890625 688.01922607421875 692.05780029296875 689.89501953125 688.69921875 687.98138427734375 687.68743896484375 687.41009521484375 684.76690673828125 683.51055908203125 682.91204833984375
-9999 -9999 -9999 -9999 -9999 -9999 -9999 698.8306884765625 699.77606201171875 689.64666748046875 684.1322021484375 684.16632080078125 686.1163330078125 693.0997314453125 703.5499267578125 711.2537841796875 711.353759765625 706.39691162109375 702.7335205078125 700.04815673828125 695.85211181640625 692.8150634765625 689.96038818359375 688.1165771484375 686.0516357421875 685.63763427734375 685.21356201171875 685.15924072265625 685.65655517578125 686.4864501953125 687.5545654296875 687.37738037109375 681.19873046875 681.6634521484375 682.33782958984375 685.82940673828125 688.74066162109375 686.3677978515625 688.208251953125 686.38470458984375 685.81817626953125 685.65399169921875 685.05029296875 683.69097900390625 682.2171630859375 679.99615478515625 678.746826171875
-9999 -9999 -9999 -9999 -9999 -9999 -9999 702.58355712890625 696.512939453125 687.64520263671875 681.74432373046875 681.51068115234375 682.284423828125 688.54339599609375 697.285400390625 704.9315185546875 703.4371337890625 699.5067138671875 695.71270751953125 691.8668212890625 689.26123046875 686.695068359375 684.80963134765625 683.37042236328125 682.311767578125 681.95513916015625 681.61083984375 682.13934326171875 682.82977294921875 683.7034912109375 684.80316162109375 683.39776611328125 678.6878662109375 678.86944580078125 679.42889404296875 683.936279296875 686.6905517578125 686.45526123046875 684.37115478515625 684.17681884765625 682.90802001953125 681.9632568359375 680.86749267578125 680.81024169921875 678.9332275390625 678.09197998046875 676.8177490234375
