avaframe/data/avaAlr/Avaflow_Input/DEM.asc
ncols        104
nrows        229
xllcorner    255202.082763885992
yllcorner    377300.994169433019
cellsize     20.000000000000
NODATA_value  -9999
[rows 63 to 83 of 229, columns 0 to 46 of 104]
-9999 -9999 1502.3995361328125 1510.349365234375 1515.4189453125 1517.41943359375 1518.767333984375 1517.88037109375 1513.710693359375 1518.1390380859375 1522.873046875 1527.780517578125 1533.9432373046875 1537.3094482421875 1540.338134765625 1547.543701171875 1552.2503662109375 1555.94970703125 1560.680419921875 1562.8216552734375 1565.0146484375 1559.3533935546875 1549.7593994140625 1544.46728515625 1551.4659423828125 1565.98828125 1570.52685546875 1568.7115478515625 1567.9854736328125 1569.430908203125 1569.601318359375 1569.417236328125 1572.793701171875 1576.1690673828125 1578.3765869140625 1580.03515625 1580.390380859375 1580.57568359375 1581.9573974609375 1580.8624267578125 1576.0966796875 1571.7015380859375 1564.50341796875 1559.0704345703125 1555.4649658203125 1559.416259765625 1564.410888671875
-9999 -9999 1494.439697265625 1501.2137451171875 1505.2783203125 1507.576904296875 1507.0859375 1503.3856201171875 1500.436767578125 1506.9281005859375 1512.3341064453125 1518.232177734375 1524.2674560546875 1526.16943359375 1531.181396484375 1538.1712646484375 1542.783203125 1545.828369140625 1550.4190673828125 1552.3245849609375 1554.155517578125 1545.298828125 1536.8095703125 1533.887939453125 1545.2601318359375 1560.2193603515625 1559.8319091796875 1559.29736328125 1556.558837890625 1557.3570556640625 1558.4207763671875 1559.0965576171875 1562.175048828125 1564.44775390625 1567.393798828125 1568.3751220703125 1569.814208984375 1568.9989013671875 1568.5054931640625 1568.67431640625 1564.7989501953125 1560.33984375 1553.2664794921875 1546.717529296875 1542.70263671875 1548.9161376953125 1552.37890625
-9999 1478.3668212890625 1485.7216796875 1492.1793212890625 1495.8414306640625 1497.2921142578125 1495.3310546875 1490.1607666015625 1488.87255859375 1495.0635986328125 1500.913818359375 1507.580810546875 1513.5047607421875 1516.340087890625 1522.583740234375 1528.86865234375 1532.7193603515625 1537.2734375 1540.4722900390625 1542.136962890625 1544.529052734375 1533.38720703125 1523.3533935546875 1525.4522705078125 1545.5430908203125 1549.5224609375 1549.1160888671875 1547.89794921875 1545.241943359375 1546.8543701171875 1548.331298828125 1548.529541015625 1552.1080322265625 1554.5423583984375 1556.3919677734375 1557.7222900390625 1557.79296875 1554.602294921875 1552.03564453125 1553.55712890625 1552.9306640625 1547.4969482421875 1542.5863037109375 1533.780029296875 1531.1593017578125 1536.345703125 1542.850341796875
-9999 1469.4552001953125 1477.7705078125 1482.83447265625 1485.5421142578125 1485.4896240234375 1482.589599609375 1477.284423828125 1477.529296875 1484.8067626953125 1489.9998779296875 1497.5615234375 1501.7005615234375 1506.889892578125 1514.2467041015625 1518.4520263671875 1522.728759765625 1527.949951171875 1530.2586669921875 1532.48974609375 1534.6181640625 1525.0089111328125 1511.292724609375 1524.7552490234375 1538.0406494140625 1538.96044921875 1538.7965087890625 1538.186767578125 1534.73291015625 1536.1595458984375 1537.20361328125 1538.3511962890625 1541.0819091796875 1543.8016357421875 1545.345703125 1546.4234619140625 1546.065673828125 1537.119140625 1535.057373046875 1538.6087646484375 1540.88720703125 1535.391357421875 1531.705078125 1523.046630859375 1519.24365234375 1524.201904296875 1532.0892333984375
-9999 1461.620849609375 1468.73974609375 1472.905029296875 1472.2803955078125 1472.6964111328125 1468.696533203125 1463.7498779296875 1466.4459228515625 1472.2935791015625 1480.029052734375 1487.58740234375 1491.565185546875 1499.5509033203125 1505.48779296875 1509.426025390625 1514.8419189453125 1518.286865234375 1520.0694580078125 1522.487548828125 1524.323974609375 1516.24267578125 1500.217041015625 1518.117919921875 1527.2091064453125 1528.4696044921875 1528.248046875 1527.973388671875 1525.3878173828125 1525.6834716796875 1526.3499755859375 1529.05517578125 1530.8409423828125 1533.1329345703125 1534.1466064453125 1535.0048828125 1535.668212890625 1524.9202880859375 1518.013671875 1515.97998046875 1526.3858642578125 1523.5491943359375 1519.4713134765625 1510.537109375 1507.9716796875 1513.8887939453125 1522.45361328125
1446.1397705078125 1453.7705078125 1459.323974609375 1463.0130615234375 1458.1895751953125 1458.9482421875 1454.9481201171875 1449.6414794921875 1455.2105712890625 1463.8358154296875 1471.262451171875 1477.2568359375 1483.55712890625 1491.174072265625 1495.58740234375 1501.343994140625 1505.3558349609375 1507.7950439453125 1510.1695556640625 1512.61767578125 1510.1231689453125 1506.0225830078125 1490.0020751953125 1505.1806640625 1518.5570068359375 1518.388671875 1517.764404296875 1518.2403564453125 1515.431884765625 1515.6322021484375 1517.3466796875 1519.612060546875 1520.8831787109375 1522.227294921875 1523.6029052734375 1524.3687744140625 1524.7672119140625 1514.669921875 1502.9820556640625 1497.796875 1501.697509765625 1509.6337890625 1507.3931884765625 1497.1541748046875 1495.98681640625 1504.3458251953125 1508.4598388671875
1438.4942626953125 1444.942626953125 1449.36279296875 1450.8929443359375 1444.209228515625 1445.392822265625 1441.0986328125 1436.13916015625 1447.0443115234375 1452.482177734375 1457.6180419921875 1467.1953125 1476.5350341796875 1482.2838134765625 1487.2359619140625 1491.91845703125 1495.5986328125 1497.889892578125 1500.5570068359375 1502.9468994140625 1497.2801513671875 1490.5352783203125 1480.3446044921875 1496.08642578125 1508.7874755859375 1508.4884033203125 1507.820068359375 1507.6680908203125 1506.739990234375 1505.753662109375 1507.90478515625 1509.1812744140625 1510.3546142578125 1512.436279296875 1512.69970703125 1514.0855712890625 1514.6190185546875 1506.5250244140625 1490.29833984375 1481.3056640625 1481.06591796875 1484.7938232421875 1490.322509765625 1484.148681640625 1485.66357421875 1490.490966796875 1490.4404296875
1428.5350341796875 1433.477783203125 1435.73779296875 1437.302734375 1430.703857421875 1432.1922607421875 1426.752685546875 1427.422607421875 1435.7919921875 1438.8018798828125 1446.6895751953125 1460.229248046875 1468.3306884765625 1471.730224609375 1478.506103515625 1483.0660400390625 1486.1129150390625 1488.7021484375 1491.2760009765625 1493.5257568359375 1484.1781005859375 1473.485107421875 1470.8702392578125 1485.583984375 1497.6031494140625 1499.0655517578125 1498.6180419921875 1497.862060546875 1496.705322265625 1494.8240966796875 1498.3370361328125 1498.9974365234375 1499.759521484375 1501.290771484375 1502.15087890625 1502.7646484375 1501.822509765625 1501.1429443359375 1480.1617431640625 1465.503662109375 1460.814208984375 1463.7559814453125 1476.3834228515625 1471.8704833984375 1476.4676513671875 1471.35986328125 1469.574462890625
1420.0594482421875 1418.0728759765625 1422.0164794921875 1424.0113525390625 1417.931884765625 1417.848876953125 1411.98828125 1416.9913330078125 1423.3818359375 1429.3316650390625 1441.53857421875 1453.8848876953125 1458.5670166015625 1462.5711669921875 1469.174560546875 1473.481689453125 1476.4366455078125 1479.4581298828125 1482.080810546875 1484.0582275390625 1472.8026123046875 1462.633056640625 1462.043212890625 1473.826416015625 1485.97412109375 1489.173095703125 1488.9117431640625 1488.15478515625 1484.2498779296875 1483.326171875 1489.091796875 1488.8126220703125 1490.325927734375 1490.8782958984375 1491.2073974609375 1491.7935791015625 1490.427734375 1490.126953125 1489.1082763671875 1454.218994140625 1443.7755126953125 1450.9864501953125 1455.6329345703125 1458.739501953125 1461.419677734375 1449.8341064453125 1438.5238037109375
1406.9892578125 1404.1197509765625 1411.05517578125 1411.0567626953125 1404.8668212890625 1402.881103515625 1398.140380859375 1405.775390625 1411.2069091796875 1424.1827392578125 1438.2967529296875 1445.1435546875 1447.641357421875 1454.9605712890625 1460.4647216796875 1463.9859619140625 1466.9326171875 1470.25927734375 1472.6279296875 1474.175537109375 1466.7774658203125 1453.8759765625 1453.0025634765625 1462.226318359375 1475.6826171875 1479.649658203125 1479.4775390625 1478.068359375 1473.9703369140625 1473.324951171875 1479.6219482421875 1479.8052978515625 1479.79052734375 1478.4744873046875 1478.9132080078125 1480.2078857421875 1478.657958984375 1478.9097900390625 1472.6234130859375 1459.5107421875 1428.3133544921875 1434.2852783203125 1437.5859375 1439.6502685546875 1449.5045166015625 1440.006103515625 1424.585693359375
1392.46337890625 1391.3170166015625 1399.1177978515625 1398.8594970703125 1392.7442626953125 1387.819091796875 1388.7366943359375 1394.927490234375 1407.3292236328125 1420.9652099609375 1430.6221923828125 1433.726318359375 1439.0321044921875 1446.560302734375 1450.6068115234375 1454.3619384765625 1457.9945068359375 1461.1209716796875 1463.5322265625 1464.678955078125 1456.93408203125 1444.1363525390625 1443.9918212890625 1452.840576171875 1468.4964599609375 1470.4862060546875 1469.7733154296875 1467.77880859375 1462.572021484375 1463.1917724609375 1469.7310791015625 1470.416748046875 1468.9693603515625 1465.148193359375 1467.696533203125 1468.5992431640625 1467.08056640625 1467.9276123046875 1454.633056640625 1432.421142578125 1413.8612060546875 1415.94140625 1419.0380859375 1420.4454345703125 1435.3690185546875 1425.67919921875 1414.333251953125
1378.269287109375 1379.6441650390625 1385.6080322265625 1385.4468994140625 1379.98876953125 1374.8262939453125 1379.1849365234375 1392.7327880859375 1405.8626708984375 1414.0616455078125 1420.18798828125 1425.211669921875 1431.9013671875 1436.5836181640625 1441.7027587890625 1444.8740234375 1449.6361083984375 1453.004638671875 1454.4432373046875 1454.74951171875 1444.9027099609375 1434.1368408203125 1434.630126953125 1443.5765380859375 1459.5596923828125 1461.0572509765625 1459.3857421875 1455.5926513671875 1452.36328125 1453.704833984375 1460.02734375 1459.661376953125 1457.8944091796875 1452.4981689453125 1456.261962890625 1456.646240234375 1453.7091064453125 1456.6937255859375 1448.619873046875 1420.9814453125 1401.874755859375 1398.96533203125 1404.2540283203125 1410.7164306640625 1419.79638671875 1410.5411376953125 1386.37109375
1364.1361083984375 1367.5711669921875 1372.2711181640625 1371.484375 1365.816650390625 1362.6158447265625 1375.952880859375 1389.2486572265625 1397.5552978515625 1404.8946533203125 1409.8756103515625 1415.714111328125 1422.5499267578125 1427.9053955078125 1431.6334228515625 1435.717529296875 1440.7288818359375 1444.07470703125 1444.900390625 1443.9005126953125 1433.899658203125 1425.1595458984375 1425.8697509765625 1435.9326171875 1450.9219970703125 1451.14111328125 1449.441162109375 1444.5308837890625 1440.6875 1444.5137939453125 1449.4146728515625 1447.860107421875 1446.403076171875 1441.5167236328125 1445.2711181640625 1443.7894287109375 1441.3798828125 1444.6190185546875 1443.7099609375 1410.5341796875 1393.617431640625 1381.8609619140625 1389.5120849609375 1392.771484375 1380.8900146484375 1381.5162353515625 1371.6923828125
1350.9473876953125 1354.8743896484375 1358.1859130859375 1356.7213134765625 1351.9239501953125 1356.7218017578125 1370.40673828125 1381.6873779296875 1389.2950439453125 1392.7762451171875 1400.908935546875 1407.4969482421875 1412.8074951171875 1418.7379150390625 1421.84765625 1427.394775390625 1432.26025390625 1434.080322265625 1434.1788330078125 1430.6871337890625 1422.9315185546875 1415.422607421875 1416.657958984375 1431.9141845703125 1441.216064453125 1441.225341796875 1438.628173828125 1433.059814453125 1430.5775146484375 1435.594482421875 1438.5294189453125 1436.1932373046875 1436.5679931640625 1430.1080322265625 1433.9271240234375 1431.3519287109375 1430.3876953125 1432.498046875 1420.0849609375 1398.422119140625 1382.05078125 1365.5552978515625 1369.8306884765625 1358.6763916015625 1363.1822509765625 1352.9931640625 1356.7679443359375
1337.3359375 1342.80224609375 1343.9608154296875 1341.029541015625 1340.2010498046875 1350.9005126953125 1363.7802734375 1375.132080078125 1377.901611328125 1383.7833251953125 1391.0076904296875 1397.471435546875 1404.0067138671875 1408.9931640625 1413.033935546875 1419.26123046875 1422.5421142578125 1423.9244384765625 1423.078125 1418.0853271484375 1408.0028076171875 1406.402587890625 1408.804443359375 1425.8272705078125 1430.815673828125 1431.271240234375 1427.93701171875 1422.6571044921875 1421.2108154296875 1427.0108642578125 1427.596435546875 1424.01611328125 1427.2249755859375 1419.609130859375 1422.6173095703125 1419.693603515625 1418.666259765625 1417.7579345703125 1412.6650390625 1398.9326171875 1377.686279296875 1356.7264404296875 1342.8990478515625 1336.1522216796875 1339.89794921875 1322.8665771484375 1332.57470703125
1322.9090576171875 1329.509033203125 1328.7110595703125 1328.1541748046875 1332.1031494140625 1345.4449462890625 1357.939208984375 1362.062744140625 1366.1282958984375 1376.377685546875 1382.5391845703125 1388.35009765625 1395.137451171875 1399.49365234375 1404.912109375 1409.28955078125 1412.259765625 1413.1026611328125 1411.3948974609375 1406.482421875 1396.7841796875 1396.34423828125 1401.1961669921875 1414.9324951171875 1420.1785888671875 1420.5 1417.7237548828125 1413.6016845703125 1411.5072021484375 1418.3677978515625 1418.2864990234375 1412.2156982421875 1414.625732421875 1408.6455078125 1411.1922607421875 1407.9044189453125 1407.2977294921875 1402.01806640625 1399.7633056640625 1398.91015625 1380.2213134765625 1358.9669189453125 1337.929931640625 1320.3553466796875 1312.129150390625 1307.9373779296875 1304.0216064453125
1310.273681640625 1316.38818359375 1314.78076171875 1316.23974609375 1326.2823486328125 1338.815673828125 1345.688720703125 1349.3089599609375 1360.9798583984375 1367.2677001953125 1373.064697265625 1379.6405029296875 1385.9005126953125 1391.0020751953125 1395.3328857421875 1398.9705810546875 1400.9217529296875 1401.8603515625 1401.2711181640625 1396.7015380859375 1386.0601806640625 1386.2303466796875 1390.87158203125 1405.6861572265625 1408.41064453125 1409.26318359375 1406.8701171875 1403.5762939453125 1402.869140625 1409.224853515625 1411.4697265625 1401.758056640625 1402.1915283203125 1399.1627197265625 1399.8812255859375 1396.835205078125 1396.591552734375 1390.771240234375 1388.007568359375 1386.941162109375 1375.23681640625 1350.600341796875 1336.31396484375 1322.115234375 1300.052001953125 1292.28564453125 1287.5146484375
1296.77978515625 1302.5341796875 1302.2965087890625 1306.413330078125 1319.4097900390625 1327.8470458984375 1333.3328857421875 1346.4407958984375 1353.1239013671875 1358.8028564453125 1364.4501953125 1370.449951171875 1376.537841796875 1381.1837158203125 1384.5225830078125 1387.4794921875 1389.5228271484375 1389.7979736328125 1389.0517578125 1386.5416259765625 1378.1402587890625 1375.4927978515625 1383.336181640625 1394.973388671875 1396.5074462890625 1396.8026123046875 1396.0086669921875 1393.62451171875 1393.9185791015625 1400.5770263671875 1402.05224609375 1393.6517333984375 1390.1524658203125 1389.1729736328125 1388.0753173828125 1386.0687255859375 1385.6385498046875 1380.59130859375 1377.1519775390625 1376.108642578125 1372.51416015625 1350.0892333984375 1330.2877197265625 1313.5120849609375 1297.747314453125 1279.5205078125 1272.000244140625
1284.132080078125 1287.9893798828125 1290.6856689453125 1298.677978515625 1307.99951171875 1318.876220703125 1332.261474609375 1340.056396484375 1344.962158203125 1349.6246337890625 1354.828857421875 1361.501708984375 1366.3372802734375 1370.9437255859375 1373.0999755859375 1376.0198974609375 1377.9027099609375 1376.659912109375 1376.2115478515625 1377.1656494140625 1369.1737060546875 1365.113037109375 1374.700927734375 1382.8809814453125 1384.5308837890625 1383.451171875 1384.775146484375 1384.6063232421875 1384.64599609375 1390.8536376953125 1391.1429443359375 1384.5537109375 1378.3382568359375 1378.19091796875 1376.994384765625 1375.232421875 1373.91357421875 1370.7327880859375 1366.9422607421875 1365.5706787109375 1364.6658935546875 1351.0809326171875 1330.593505859375 1311.3035888671875 1293.4410400390625 1276.574951171875 1260.2232666015625
1272.006591796875 1275.405517578125 1282.142822265625 1291.9078369140625 1306.4686279296875 1319.4718017578125 1326.7745361328125 1331.658203125 1336.183837890625 1340.318115234375 1346.338623046875 1352.0364990234375 1356.2108154296875 1359.833984375 1361.87255859375 1364.7816162109375 1365.8309326171875 1363.7935791015625 1363.7220458984375 1368.5513916015625 1361.3065185546875 1355.24365234375 1364.09716796875 1370.7965087890625 1372.7510986328125 1370.5233154296875 1376.2734375 1377.443115234375 1375.1649169921875 1381.30810546875 1380.5301513671875 1374.049560546875 1368.50830078125 1368.2921142578125 1365.6292724609375 1365.6864013671875 1361.48974609375 1360.8118896484375 1357.518310546875 1355.1937255859375 1352.35986328125 1349.14404296875 1326.143798828125 1307.9932861328125 1289.666748046875 1274.8428955078125 1259.7122802734375
1261.528076171875 1269.5048828125 1276.7677001953125 1291.42626953125 1305.439208984375 1312.1968994140625 1317.6077880859375 1322.824951171875 1326.6656494140625 1331.6671142578125 1337.769287109375 1342.1258544921875 1345.6197509765625 1348.6463623046875 1350.7044677734375 1351.972900390625 1354.8160400390625 1352.2542724609375 1356.963623046875 1359.1981201171875 1353.39404296875 1346.4771728515625 1352.6519775390625 1360.44482421875 1360.9813232421875 1359.317626953125 1366.95068359375 1368.9195556640625 1365.1434326171875 1371.000732421875 1369.8341064453125 1363.13037109375 1359.7520751953125 1358.8480224609375 1356.531005859375 1356.38427734375 1352.09912109375 1350.2899169921875 1347.903564453125 1345.0828857421875 1341.0321044921875 1341.16845703125 1325.9892578125 1312.127685546875 1310.4796142578125 1309.257080078125 1272.688232421875
