avaframe/data/avaAlr/Avaflow_Input/DEM.asc
ncols        104
nrows        229
xllcorner    255202.082763885992
yllcorner    377300.994169433019
cellsize     20.000000000000
NODATA_value  -9999
[rows 63 to 83 of 229, columns 47 to 93 of 104]
1568.5318603515625 1572.070556640625 1580.299560546875 1582.7391357421875 1581.2210693359375 1579.9603271484375 1575.4320068359375 1559.7310791015625 1542.4815673828125 1526.620361328125 1515.010986328125 1500.865478515625 1492.3447265625 1496.6524658203125 1510.8612060546875 1512.0159912109375 1508.93212890625 1514.76806640625 1527.692626953125 1534.1923828125 1545.523681640625 -9999 -9999 -9999 -9999 -9999 -9999 -9999 -9999 -9999 -9999 -9999 -9999 -9999 -9999 -9999 -9999 -9999 -9999 -9999 -9999 -9999 -9999 -9999 -9999 -9999 -9999
1556.6251220703125 1559.1239013671875 1568.3837890625 1569.673095703125 1568.6392822265625 1567.2432861328125 1563.5428466796875 1557.296142578125 1544.7601318359375 1525.3612060546875 1507.4093017578125 1491.597412109375 1482.0765380859375 1485.142578125 1497.14697265625 1499.272216796875 1496.14208984375 1508.183349609375 1518.67041015625 1526.138671875 1535.9481201171875 1533.081787109375 -9999 -9999 -9999 -9999 -9999 -9999 -9999 -9999 -9999 -9999 -9999 -9999 -9999 -9999 -9999 -9999 -9999 -9999 -9999 -9999 -9999 -9999 -9999 -9999 -9999
1543.7523193359375 1547.9017333984375 1548.604248046875 1554.170166015625 1554.5302734375 1553.4993896484375 1551.5230712890625 1546.629150390625 1537.3233642578125 1518.3028564453125 1501.5238037109375 1484.683837890625 1469.5728759765625 1475.2911376953125 1486.5985107421875 1481.9998779296875 1486.114501953125 1498.6717529296875 1510.47998046875 1525.471435546875 1523.0557861328125 1521.0684814453125 -9999 -9999 -9999 -9999 -9999 -9999 -9999 -9999 -9999 -9999 -9999 -9999 -9999 -9999 -9999 -9999 -9999 -9999 -9999 -9999 -9999 -9999 -9999 -9999 -9999
1534.7896728515625 1533.3809814453125 1531.0340576171875 1540.6265869140625 1539.012451171875 1538.3533935546875 1539.072265625 1534.893798828125 1540.122802734375 1524.385498046875 1515.5972900390625 1471.1463623046875 1460.4549560546875 1461.81640625 1467.5291748046875 1465.0687255859375 1476.986572265625 1494.6822509765625 1511.7626953125 1511.57177734375 1505.7291259765625 1508.499755859375 -9999 -9999 -9999 -9999 -9999 -9999 -9999 -9999 -9999 -9999 -9999 -9999 -9999 -9999 -9999 -9999 -9999 -9999 -9999 -9999 -9999 -9999 -9999 -9999 -9999
1522.59423828125 1516.734375 1516.392822265625 1530.4169921875 1525.44921875 1524.7054443359375 1526.5726318359375 1523.3721923828125 1529.8172607421875 1529.879150390625 1523.1337890625 1450.915283203125 1450.2489013671875 1451.0950927734375 1450.2777099609375 1462.595947265625 1475.0970458984375 1488.10400390625 1488.8551025390625 1489.907470703125 1489.2657470703125 1490.220703125 1493.22265625 -9999 -9999 -9999 -9999 -9999 -9999 -9999 -9999 -9999 -9999 -9999 -9999 -9999 -9999 -9999 -9999 -9999 -9999 -9999 -9999 -9999 -9999 -9999 -9999
1507.905517578125 1481.837890625 1490.383544921875 1511.054443359375 1518.1248779296875 1510.6405029296875 1513.64208984375 1514.491943359375 1524.7955322265625 1509.9293212890625 1449.7081298828125 1432.240478515625 1433.3428955078125 1431.6552734375 1432.7635498046875 1450.403564453125 1463.230224609375 1469.0152587890625 1472.1131591796875 1472.7117919921875 1472.214111328125 1472.9698486328125 1476.2513427734375 -9999 -9999 -9999 -9999 -9999 -9999 -9999 -9999 -9999 -9999 -9999 -9999 -9999 -9999 -9999 -9999 -9999 -9999 -9999 -9999 -9999 -9999 -9999 -9999
1492.240478515625 1456.4949951171875 1465.855224609375 1474.064697265625 1500.440673828125 1496.4569091796875 1501.570556640625 1505.189453125 1504.15478515625 1486.7298583984375 1424.4447021484375 1415.9686279296875 1415.21630859375 1411.7001953125 1410.0174560546875 1409.537353515625 1427.145263671875 1434.573974609375 1454.153564453125 1455.9884033203125 1456.0421142578125 1457.77294921875 1462.2525634765625 -9999 -9999 -9999 -9999 -9999 -9999 -9999 -9999 -9999 -9999 -9999 -9999 -9999 -9999 -9999 -9999 -9999 -9999 -9999 -9999 -9999 -9999 -9999 -9999
1467.0701904296875 1427.9356689453125 1439.610595703125 1446.2049560546875 1464.1083984375 1474.12841796875 1469.9642333984375 1456.054931640625 1445.0875244140625 1415.545166015625 1410.1290283203125 1401.72705078125 1396.8685302734375 1395.64794921875 1392.9873046875 1389.16015625 1387.3641357421875 1413.9852294921875 1432.5 1438.633544921875 1440.3648681640625 1442.5045166015625 1446.197509765625 1445.63525390625 -9999 -9999 -9999 -9999 -9999 -9999 -9999 -9999 -9999 -9999 -9999 -9999 -9999 -9999 -9999 -9999 -9999 -9999 -9999 -9999 -9999 -9999 -9999
1425.6302490234375 1396.7578125 1397.5302734375 1406.0313720703125 1408.529052734375 1406.4261474609375 1421.361328125 1409.750244140625 1419.4716796875 1401.30517578125 1395.471923828125 1387.6871337890625 1379.7711181640625 1377.424560546875 1374.3897705078125 1371.2607421875 1367.5328369140625 1369.4287109375 1387.9666748046875 1399.0567626953125 1409.3746337890625 1419.313720703125 1426.220703125 1424.143798828125 -9999 -9999 -9999 -9999 -9999 -9999 -9999 -9999 -9999 -9999 -9999 -9999 -9999 -9999 -9999 -9999 -9999 -9999 -9999 -9999 -9999 -9999 -9999
1400.6728515625 1387.503173828125 1380.69873046875 1386.4874267578125 1386.767333984375 1389.9366455078125 1397.9456787109375 1405.34130859375 1384.82421875 1383.78662109375 1380.46044921875 1375.2314453125 1366.5743408203125 1361.556640625 1357.9642333984375 1354.37158203125 1354.8292236328125 1353.897216796875 1353.34765625 1371.1951904296875 1364.1982421875 1363.4947509765625 1367.6064453125 1381.209716796875 -9999 -9999 -9999 -9999 -9999 -9999 -9999 -9999 -9999 -9999 -9999 -9999 -9999 -9999 -9999 -9999 -9999 -9999 -9999 -9999 -9999 -9999 -9999
1389.641357421875 1369.984130859375 1361.2821044921875 1368.82080078125 1370.4525146484375 1375.298095703125 1384.75048828125 1387.556640625 1377.708740234375 1364.294921875 1365.208251953125 1359.7611083984375 1352.9263916015625 1346.535888671875 1344.1348876953125 1342.215087890625 1345.214111328125 1342.79345703125 1340.3480224609375 1336.315673828125 1338.1134033203125 1324.487060546875 1326.9520263671875 1331.674560546875 1338.981201171875 -9999 -9999 -9999 -9999 -9999 -9999 -9999 -9999 -9999 -9999 -9999 -9999 -9999 -9999 -9999 -9999 -9999 -9999 -9999 -9999 -9999 -9999
1369.65283203125 1358.04296875 1344.3072509765625 1348.686279296875 1355.9788818359375 1361.4007568359375 1363.271484375 1372.407958984375 1367.32763671875 1348.000732421875 1347.1473388671875 1344.8466796875 1340.3369140625 1330.1737060546875 1330.65771484375 1334.780029296875 1334.122314453125 1330.061767578125 1324.7379150390625 1318.4500732421875 1311.8482666015625 1300.9693603515625 1304.9810791015625 1310.0135498046875 1330.1458740234375 -9999 -9999 -9999 -9999 -9999 -9999 -9999 -9999 -9999 -9999 -9999 -9999 -9999 -9999 -9999 -9999 -9999 -9999 -9999 -9999 -9999 -9999
1355.0972900390625 1343.9390869140625 1333.36669921875 1333.1153564453125 1341.74365234375 1346.2210693359375 1344.95654296875 1357.566162109375 1370.107421875 1354.767822265625 1326.10107421875 1317.725341796875 1318.351806640625 1309.1285400390625 1308.20703125 1319.617919921875 1317.9176025390625 1313.7818603515625 1304.8673095703125 1294.91455078125 1293.798828125 1283.9365234375 1290.82470703125 1297.20166015625 1323.943359375 -9999 -9999 -9999 -9999 -9999 -9999 -9999 -9999 -9999 -9999 -9999 -9999 -9999 -9999 -9999 -9999 -9999 -9999 -9999 -9999 -9999 -9999
1343.7315673828125 1331.9168701171875 1321.9569091796875 1315.746826171875 1327.2174072265625 1323.30078125 1321.3958740234375 1351.2593994140625 1335.77734375 1337.8455810546875 1323.5213623046875 1294.0350341796875 1292.9761962890625 1282.1087646484375 1297.590576171875 1300.507080078125 1293.378173828125 1286.268310546875 1285.1373291015625 1270.4954833984375 1268.035888671875 1267.5965576171875 1268.9608154296875 1283.8345947265625 1296.91455078125 1314.7965087890625 -9999 -9999 -9999 -9999 -9999 -9999 -9999 -9999 -9999 -9999 -9999 -9999 -9999 -9999 -9999 -9999 -9999 -9999 -9999 -9999 -9999
1333.146728515625 1319.8638916015625 1310.9385986328125 1295.4010009765625 1301.5758056640625 1306.7340087890625 1302.06787109375 1302.206298828125 1310.1434326171875 1317.2188720703125 1308.40087890625 1292.873046875 1270.60400390625 1256.697998046875 1268.324462890625 1280.857666015625 1274.5635986328125 1265.6307373046875 1258.63720703125 1248.2012939453125 1251.503173828125 1251.848388671875 1261.352294921875 1266.5125732421875 1286.3675537109375 1298.4464111328125 -9999 -9999 -9999 -9999 -9999 -9999 -9999 -9999 -9999 -9999 -9999 -9999 -9999 -9999 -9999 -9999 -9999 -9999 -9999 -9999 -9999
1308.55810546875 1307.8834228515625 1299.2628173828125 1282.804931640625 1286.1480712890625 1287.0611572265625 1284.3623046875 1291.8212890625 1292.332275390625 1288.8360595703125 1271.7744140625 1269.90625 1253.516357421875 1243.337890625 1260.2694091796875 1267.29345703125 1256.740478515625 1255.09033203125 1244.092529296875 1233.142333984375 1235.3797607421875 1236.4727783203125 1244.47314453125 1262.8507080078125 1279.538330078125 1309.4005126953125 -9999 -9999 -9999 -9999 -9999 -9999 -9999 -9999 -9999 -9999 -9999 -9999 -9999 -9999 -9999 -9999 -9999 -9999 -9999 -9999 -9999
1290.979736328125 1288.1629638671875 1289.1007080078125 1273.0213623046875 1268.269775390625 1270.573974609375 1266.813720703125 1270.2125244140625 1267.816650390625 1261.190673828125 1247.5250244140625 1232.833251953125 1224.5733642578125 1237.80859375 1249.0966796875 1250.607666015625 1244.06298828125 1238.6895751953125 1229.5111083984375 1218.1278076171875 1221.2745361328125 1229.2108154296875 1232.360107421875 1246.1199951171875 1275.3602294921875 1288.7237548828125 1288.8065185546875 -9999 -9999 -9999 -9999 -9999 -9999 -9999 -9999 -9999 -9999 -9999 -9999 -9999 -9999 -9999 -9999 -9999 -9999 -9999 -9999
1268.343505859375 1265.2342529296875 1266.7430419921875 1258.8001708984375 1254.798828125 1255.11279296875 1253.0335693359375 1253.6427001953125 1256.0328369140625 1241.81982421875 1232.7828369140625 1217.964599609375 1215.1773681640625 1229.6373291015625 1236.472412109375 1239.265625 1227.113525390625 1218.775146484375 1218.137939453125 1204.1376953125 1203.791748046875 1211.927978515625 1218.426513671875 1221.438720703125 1235.44384765625 1245.607666015625 1266.7481689453125 -9999 -9999 -9999 -9999 -9999 -9999 -9999 -9999 -9999 -9999 -9999 -9999 -9999 -9999 -9999 -9999 -9999 -9999 -9999 -9999
1249.2486572265625 1246.2523193359375 1245.0592041015625 1248.982421875 1232.7139892578125 1241.7529296875 1240.1495361328125 1236.78076171875 1239.0118408203125 1226.6732177734375 1217.9127197265625 1200.162841796875 1205.788818359375 1216.9705810546875 1226.4833984375 1226.9581298828125 1213.9342041015625 1205.767578125 1203.8250732421875 1195.989501953125 1192.315185546875 1199.0933837890625 1204.5345458984375 1204.8485107421875 1212.97314453125 1230.263916015625 1246.4669189453125 -9999 -9999 -9999 -9999 -9999 -9999 -9999 -9999 -9999 -9999 -9999 -9999 -9999 -9999 -9999 -9999 -9999 -9999 -9999 -9999
1246.1719970703125 1228.8115234375 1228.1937255859375 1227.3255615234375 1221.6229248046875 1220.52685546875 1224.8480224609375 1221.871826171875 1229.262939453125 1210.504150390625 1199.598388671875 1193.3358154296875 1193.63671875 1206.202392578125 1225.140380859375 1218.6781005859375 1201.382080078125 1191.7537841796875 1186.58642578125 1175.536865234375 1175.2918701171875 1180.76025390625 1189.3138427734375 1185.0728759765625 1200.71728515625 1224.593994140625 1242.5775146484375 1244.7261962890625 -9999 -9999 -9999 -9999 -9999 -9999 -9999 -9999 -9999 -9999 -9999 -9999 -9999 -9999 -9999 -9999 -9999 -9999 -9999
1252.646484375 1234.46728515625 1212.08349609375 1208.2864990234375 1214.0125732421875 1207.134033203125 1199.4052734375 1210.35205078125 1215.9361572265625 1208.1134033203125 1192.40234375 1173.780029296875 1186.2178955078125 1198.2271728515625 1208.0926513671875 1195.5318603515625 1190.9898681640625 1179.0892333984375 1170.267333984375 1159.279541015625 1160.5164794921875 1165.2490234375 1173.5938720703125 1173.8919677734375 1196.33447265625 1221.202880859375 1232.2530517578125 1233.2484130859375 -9999 -9999 -9999 -9999 -9999 -9999 -9999 -9999 -9999 -9999 -9999 -9999 -9999 -9999 -9999 -9999 -9999 -9999 -9999
