avaframe/data/avaAlr/Avaflow_Input/DEM.asc
ncols        104
nrows        229
xllcorner    255202.082763885992
yllcorner    377300.994169433019
cellsize     20.000000000000
NODATA_value  -9999
[rows 126 to 146 of 229, columns 47 to 93 of 104]
904.82586669921875 905.4139404296875 906.59698486328125 907.30218505859375 906.72760009765625 905.7216796875 905.095703125 903.90545654296875 902.903564453125 901.44818115234375 900.42919921875 898.202392578125 895.1036376953125 893.2227783203125 891.12335205078125 888.346435546875 887.24114990234375 884.54876708984375 883.1834716796875 883.30438232421875 882.44610595703125 881.71002197265625 881.9312744140625 882.05615234375 883.0819091796875 884.07354736328125 883.87890625 883.80950927734375 882.55767822265625 882.489990234375 882.280029296875 879.0322265625 884.260986328125 878.9488525390625 876.50244140625 884.25250244140625 883.196044921875 882.7200927734375 882.42034912109375 881.4527587890625 881.40631103515625 879.86444091796875 -9999 -9999 -9999 -9999 -9999
902.0440673828125 902.71533203125 903.7762451171875 904.210205078125 903.7239990234375 902.5015869140625 900.52142333984375 899.7176513671875 899.540771484375 898.4735107421875 897.915283203125 895.33123779296875 892.83111572265625 890.10382080078125 887.38226318359375 886.19451904296875 884.227783203125 882.9266357421875 880.1865234375 880.28485107421875 879.170654296875 878.16400146484375 877.6280517578125 878.35400390625 879.3502197265625 879.623046875 879.9730224609375 880.0997314453125 878.89739990234375 878.76947021484375 879.847900390625 879.22210693359375 880.53045654296875 878.52685546875 873.2008056640625 879.97576904296875 880.34130859375 879.83526611328125 879.4818115234375 879.370361328125 879.08331298828125 877.703369140625 -9999 -9999 -9999 -9999 -9999
899.6209716796875 900.5474853515625 901.03424072265625 901.7589111328125 900.70770263671875 898.873779296875 897.8529052734375 897.2982177734375 897.79913330078125 895.14361572265625 894.46295166015625 892.0693359375 889.85882568359375 888.10797119140625 885.469482421875 883.8846435546875 882.44512939453125 881.84991455078125 878.052001953125 873.9683837890625 875.74267578125 875.41729736328125 875.47412109375 875.88153076171875 876.59307861328125 876.4112548828125 877.38665771484375 876.3294677734375 875.9608154296875 874.8699951171875 876.06964111328125 878.05511474609375 876.55718994140625 873.0394287109375 871.9852294921875 876.649658203125 876.81256103515625 877.35845947265625 877.00360107421875 876.906494140625 877.7852783203125 876.4833984375 876.24609375 -9999 -9999 -9999 -9999
897.7095947265625 896.86358642578125 897.78192138671875 897.36981201171875 897.247802734375 896.5548095703125 895.40069580078125 894.66839599609375 893.55181884765625 893.0784912109375 892.2733154296875 889.41461181640625 887.34832763671875 885.39508056640625 883.7122802734375 881.4339599609375 881.1695556640625 877.3031005859375 875.8817138671875 872.02191162109375 872.9532470703125 871.466796875 871.568115234375 872.081787109375 872.2425537109375 872.61566162109375 873.5322265625 872.4578857421875 872.04998779296875 870.63714599609375 872.39593505859375 873.07110595703125 873.31060791015625 870.4041748046875 869.57159423828125 874.60498046875 873.8780517578125 873.94671630859375 874.87103271484375 875.0594482421875 875.7841796875 874.86834716796875 873.27783203125 -9999 -9999 -9999 -9999
895.0408935546875 894.79644775390625 894.587646484375 894.07659912109375 893.99810791015625 893.7310791015625 893.2906494140625 892.44671630859375 891.26727294921875 890.06341552734375 888.50238037109375 886.85504150390625 884.96185302734375 883.82080078125 882.55755615234375 879.544677734375 877.51397705078125 875.78289794921875 873.74395751953125 872.122314453125 867.62164306640625 866.83673095703125 867.82379150390625 867.44683837890625 868.2857666015625 869.03253173828125 869.43731689453125 868.731201171875 868.50836181640625 867.794677734375 869.36212158203125 869.5396728515625 870.47747802734375 868.8409423828125 863.025146484375 870.2730712890625 870.56805419921875 871.1063232421875 871.72113037109375 872.69293212890625 873.36358642578125 873.6470947265625 871.82965087890625 -9999 -9999 -9999 -9999
892.1455078125 891.69451904296875 891.68536376953125 891.41644287109375 891.3448486328125 890.6165771484375 891.10614013671875 890.10009765625 888.91766357421875 887.96649169921875 885.8447265625 884.69671630859375 883.82501220703125 881.70391845703125 878.907470703125 877.64874267578125 875.61834716796875 872.79132080078125 871.50396728515625 868.82135009765625 866.90423583984375 862.781494140625 864.24725341796875 863.69866943359375 864.9178466796875 865.08099365234375 865.5111083984375 865.03778076171875 864.812744140625 864.492431640625 865.5042724609375 868.2403564453125 867.76361083984375 866.49774169921875 859.21649169921875 866.70843505859375 867.53411865234375 867.0330810546875 869.8809814453125 870.37982177734375 871.48260498046875 871.32293701171875 869.96075439453125 -9999 -9999 -9999 -9999
889.85693359375 888.6978759765625 888.88348388671875 889.0960693359375 889.3084716796875 889.0845947265625 887.80218505859375 887.825439453125 887.26885986328125 885.15966796875 884.3740234375 882.63153076171875 880.51605224609375 878.9222412109375 877.443115234375 875.555419921875 872.95513916015625 870.80474853515625 867.32659912109375 866.72900390625 865.1712646484375 863.41748046875 859.19232177734375 860.90655517578125 861.45611572265625 862.0380859375 861.97979736328125 861.3529052734375 861.49444580078125 861.59344482421875 863.38134765625 863.53594970703125 864.2412109375 863.51629638671875 856.3048095703125 864.79022216796875 859.02813720703125 864.106689453125 865.2254638671875 867.6243896484375 869.819580078125 869.53173828125 867.831298828125 867.629638671875 -9999 -9999 -9999
887.04034423828125 886.61737060546875 886.518798828125 886.59503173828125 886.86273193359375 886.7503662109375 886.2891845703125 885.13824462890625 883.70855712890625 882.4757080078125 881.27911376953125 879.715087890625 878.5574951171875 877.0924072265625 874.61663818359375 871.67120361328125 870.234375 867.21246337890625 864.36761474609375 864.5721435546875 863.28167724609375 861.2801513671875 857.22540283203125 857.54718017578125 858.09710693359375 858.89141845703125 857.792724609375 857.81390380859375 857.97418212890625 858.95098876953125 861.1148681640625 860.79974365234375 862.1641845703125 860.63604736328125 848.4561767578125 856.313720703125 855.6976318359375 860.11407470703125 861.70477294921875 864.76275634765625 866.93890380859375 866.6866455078125 865.70819091796875 865.8212890625 -9999 -9999 -9999
885.10321044921875 884.89044189453125 884.68927001953125 884.3585205078125 884.4827880859375 884.27325439453125 883.15460205078125 882.81890869140625 882.1695556640625 879.851806640625 879.05126953125 877.11297607421875 876.2569580078125 874.74639892578125 872.85748291015625 871.48968505859375 869.80084228515625 867.79949951171875 865.58624267578125 863.98590087890625 859.06927490234375 858.4356689453125 855.72808837890625 855.0880126953125 854.87213134765625 855.756591796875 854.93145751953125 855.028564453125 854.85888671875 855.4595947265625 858.62982177734375 859.0133056640625 859.19573974609375 858.87744140625 842.949951171875 841.8837890625 851.4796142578125 856.08782958984375 857.5875244140625 861.548583984375 864.0128173828125 863.07025146484375 863.43084716796875 863.5643310546875 -9999 -9999 -9999
882.96502685546875 882.78594970703125 882.56500244140625 882.303955078125 882.3096923828125 882.29278564453125 881.986083984375 880.0478515625 878.8818359375 878.308349609375 876.961181640625 875.49517822265625 873.8154296875 872.8408203125 871.30096435546875 869.5941162109375 867.9610595703125 866.1041259765625 864.2489013671875 861.88720703125 859.88409423828125 855.07000732421875 852.561767578125 851.048828125 850.6104736328125 852.0333251953125 851.774169921875 851.0389404296875 852.1214599609375 853.13507080078125 856.305908203125 853.33282470703125 855.661865234375 855.43255615234375 843.910400390625 839.58905029296875 836.937744140625 851.95050048828125 853.9202880859375 859.0267333984375 860.20159912109375 860.95672607421875 861.01824951171875 861.00384521484375 -9999 -9999 -9999
881.28326416015625 880.9803466796875 881.09857177734375 881.0787353515625 880.2086181640625 879.308837890625 878.74005126953125 877.52044677734375 877.4136962890625 875.659912109375 874.7298583984375 873.18524169921875 872.162109375 870.7916259765625 869.59173583984375 867.92352294921875 866.0484619140625 864.37969970703125 862.48046875 860.42913818359375 857.22119140625 855.84149169921875 850.9989013671875 847.30975341796875 848.51611328125 846.1844482421875 848.32391357421875 847.6439208984375 846.84564208984375 850.5899658203125 851.55279541015625 846.1162109375 852.5521240234375 851.5537109375 850.828125 831.49334716796875 834.02130126953125 841.9312744140625 852.314453125 856.4268798828125 857.30316162109375 858.3585205078125 858.78662109375 858.64593505859375 858.8912353515625 -9999 -9999
880.15643310546875 879.01434326171875 877.78826904296875 877.68115234375 877.0579833984375 876.20404052734375 875.90704345703125 875.5780029296875 874.88018798828125 873.61737060546875 872.77301025390625 871.47198486328125 870.415771484375 869.172607421875 867.7230224609375 866.39312744140625 864.275390625 862.037109375 860.9053955078125 859.0079345703125 854.96331787109375 851.78106689453125 850.859375 847.15252685546875 844.97149658203125 842.76922607421875 843.3140869140625 844.5938720703125 844.35540771484375 845.3953857421875 841.51898193359375 840.0931396484375 845.2138671875 842.585693359375 844.270263671875 835.8828125 829.98712158203125 838.230712890625 850.47320556640625 854.47662353515625 855.60614013671875 856.57666015625 857.10687255859375 855.6483154296875 854.9945068359375 -9999 -9999
877.29595947265625 877.17523193359375 876.7926025390625 875.078369140625 875.05267333984375 875.318359375 874.01458740234375 873.66326904296875 872.60443115234375 871.46636962890625 870.50146484375 869.6651611328125 868.64581298828125 867.19464111328125 866.2528076171875 863.68780517578125 863.2255859375 860.727294921875 857.01824951171875 854.37738037109375 854.2908935546875 853.08929443359375 849.69085693359375 845.14013671875 841.9423828125 839.35345458984375 837.24169921875 840.60125732421875 840.81280517578125 840.330078125 838.12237548828125 835.9805908203125 834.6788330078125 834.1474609375 834.51092529296875 834.05560302734375 825.22467041015625 833.2247314453125 847.14093017578125 849.6536865234375 851.2923583984375 854.16326904296875 854.55999755859375 853.40447998046875 852.60235595703125 -9999 -9999
876.57012939453125 875.07647705078125 874.43975830078125 873.62921142578125 872.3797607421875 872.07489013671875 871.83172607421875 871.34228515625 870.1715087890625 869.70452880859375 869.45751953125 868.32049560546875 866.95367431640625 864.39666748046875 863.29913330078125 863.18316650390625 859.696044921875 859.453857421875 858.03436279296875 856.2603759765625 854.558349609375 852.98675537109375 852.2967529296875 849.44873046875 848.7802734375 840.085693359375 833.7568359375 837.135498046875 836.9554443359375 837.5633544921875 835.48876953125 832.6783447265625 832.0758056640625 830.6568603515625 829.90447998046875 827.3914794921875 826.90216064453125 825.25286865234375 839.81658935546875 841.52044677734375 843.8427734375 848.34295654296875 852.67767333984375 851.73193359375 850.2630615234375 -9999 -9999
874.86279296875 873.837646484375 872.65032958984375 871.5374755859375 871.5201416015625 871.2833251953125 871.747802734375 871.0374755859375 869.22528076171875 868.6748046875 867.7117919921875 866.8536376953125 865.43389892578125 864.26251220703125 862.87921142578125 861.673095703125 860.275146484375 857.99505615234375 856.54669189453125 854.84710693359375 854.35821533203125 853.35272216796875 852.62652587890625 851.4364013671875 850.39898681640625 844.83758544921875 830.93359375 833.68365478515625 834.316650390625 832.810546875 832.38934326171875 830.8544921875 828.4757080078125 827.76324462890625 827.57745361328125 823.951904296875 824.0567626953125 818.6617431640625 835.05157470703125 832.35650634765625 834.83612060546875 839.72198486328125 849.4010009765625 850.00360107421875 847.8350830078125 848.7498779296875 -9999
872.19830322265625 872.108154296875 871.72723388671875 871.328125 871.22576904296875 870.115966796875 869.78082275390625 868.73468017578125 868.72906494140625 867.808349609375 866.711669921875 865.79681396484375 864.6217041015625 863.24493408203125 861.972412109375 860.50933837890625 859.24383544921875 857.19195556640625 855.76654052734375 854.79376220703125 854.15887451171875 853.2384033203125 853.0386962890625 852.786376953125 850.965576171875 836.9830322265625 828.1429443359375 829.2767333984375 830.02459716796875 830.8360595703125 829.39794921875 829.04425048828125 825.89190673828125 823.81671142578125 824.03350830078125 821.09228515625 818.82861328125 814.70562744140625 825.16912841796875 823.251708984375 825.33331298828125 830.14813232421875 841.79168701171875 847.86175537109375 845.81976318359375 844.96710205078125 -9999
871.156005859375 870.85003662109375 870.41693115234375 870.00482177734375 869.8690185546875 869.3233642578125 868.8348388671875 868.11053466796875 868.15606689453125 866.7645263671875 865.5736083984375 864.64013671875 863.57977294921875 862.284423828125 861.30194091796875 860.13671875 858.92816162109375 857.5994873046875 856.30303955078125 855.31396484375 854.58709716796875 854.1776123046875 854.2376708984375 853.23699951171875 848.21319580078125 832.945068359375 827.3917236328125 826.84173583984375 826.72723388671875 826.337158203125 826.31072998046875 825.302490234375 823.13043212890625 821.58905029296875 819.93829345703125 817.885009765625 815.47705078125 817.40167236328125 811.01715087890625 814.7230224609375 816.45074462890625 823.3646240234375 834.60406494140625 841.38006591796875 840.455078125 843.11053466796875 -9999
870.0606689453125 869.5740966796875 869.43280029296875 869.17169189453125 869.0205078125 868.712646484375 868.49102783203125 867.5736083984375 866.9656982421875 866.3953857421875 865.54168701171875 864.38897705078125 863.3741455078125 862.239501953125 861.19976806640625 860.2891845703125 859.0394287109375 858.12823486328125 857.4014892578125 856.6016845703125 856.1229248046875 855.7742919921875 854.75482177734375 852.14752197265625 842.88525390625 830.3172607421875 824.4427490234375 822.30718994140625 822.89788818359375 823.62677001953125 823.369384765625 822.7120361328125 821.0579833984375 819.1666259765625 817.2393798828125 815.947509765625 813.29791259765625 812.20526123046875 812.1011962890625 805.54266357421875 807.47021484375 815.80889892578125 827.1727294921875 829.62371826171875 831.963134765625 841.2320556640625 -9999
869.447021484375 868.9913330078125 868.54425048828125 868.29449462890625 868.399169921875 868.0042724609375 867.83868408203125 867.494384765625 866.92431640625 866.5460205078125 865.471435546875 864.388671875 863.381103515625 862.50885009765625 861.35565185546875 860.3560791015625 859.61395263671875 859.1234130859375 858.60723876953125 857.99066162109375 856.9605712890625 856.1595458984375 854.41522216796875 852.24761962890625 839.401611328125 826.600341796875 821.73150634765625 821.3096923828125 820.02313232421875 820.47393798828125 820.61712646484375 820.7095947265625 818.97515869140625 818.08673095703125 815.3857421875 813.91510009765625 812.32489013671875 809.13946533203125 809.11004638671875 807.03131103515625 802.19281005859375 808.22772216796875 817.60491943359375 816.97845458984375 824.71783447265625 835.69805908203125 837.65228271484375
869.44122314453125 868.6402587890625 867.99090576171875 867.46240234375 867.50567626953125 867.4571533203125 867.3076171875 867.0330810546875 866.66180419921875 866.242919921875 865.30401611328125 864.1944580078125 863.16790771484375 862.22930908203125 861.19830322265625 860.3970947265625 859.96441650390625 859.52935791015625 858.7396240234375 857.97686767578125 856.529296875 854.76007080078125 853.33526611328125 851.37945556640625 848.30322265625 835.06005859375 820.58404541015625 819.07623291015625 817.0654296875 816.827880859375 817.989501953125 817.86651611328125 816.75567626953125 814.7073974609375 813.84576416015625 811.7701416015625 810.360107421875 808.86163330078125 805.73333740234375 803.4080810546875 802.3782958984375 801.02349853515625 803.57342529296875 808.202392578125 819.96026611328125 827.62005615234375 830.9515380859375
869.9263916015625 869.09307861328125 868.0478515625 867.25518798828125 866.80694580078125 866.648681640625 866.34521484375 866.243896484375 865.8958740234375 865.1248779296875 864.65472412109375 863.9073486328125 862.99383544921875 862.310302734375 861.4049072265625 860.56982421875 859.75244140625 858.75152587890625 857.62603759765625 856.227783203125 854.61865234375 853.1190185546875 851.815673828125 850.43621826171875 845.427734375 834.11993408203125 824.98223876953125 817.00103759765625 815.87896728515625 813.69122314453125 813.96319580078125 814.4991455078125 813.945068359375 813.217041015625 810.22369384765625 810.26495361328125 809.1939697265625 807.26544189453125 803.44598388671875 800.591552734375 799.930419921875 795.525390625 796.7388916015625 801.87408447265625 810.80120849609375 815.87261962890625 820.76226806640625
