benchmarks/avaHockeySmoothChannel/release1HS2_entres_ref_0.15500_pv.asc
ncols         1000
nrows         400
xllcenter     1000
yllcenter     -5000
cellsize      5
NODATA_value  -9999
[rows 204 to 237 of 400, columns 77 to 153 of 1000]
24.6826 24.7684 24.8523 24.9387 25.0296 25.1284 25.2223 25.3258 25.4227 25.522 25.6256 25.7282 25.8529 25.9748 26.0976 26.2232 26.3453 26.4676 26.5891 26.7129 26.8559 26.9955 27.1376 27.2786 27.4211 27.5567 27.6988 27.829 27.965 28.1112 28.2667 28.4151 28.5734 28.7214 28.8794 29.0305 29.1889 29.3488 29.5083 29.6672 29.8324 29.9939 30.1559 30.3188 30.4791 30.6389 30.802 30.9615 31.1418 31.3225 31.5049 31.68 31.8512 32.0148 32.1644 32.3482 32.5365 32.7132 32.872 33.013 33.1976 33.3772 33.5394 33.6799 33.8536 34.0325 34.1841 34.3155 34.5008 34.6588 34.7864 34.9579 35.1108 35.2322 35.3956 35.5361 35.6498
24.86 24.9478 25.0322 25.1216 25.2067 25.3016 25.4006 25.5016 25.6055 25.7117 25.8191 25.9285 26.0342 26.1428 26.2663 26.3834 26.5117 26.6291 26.7529 26.8744 26.9962 27.1186 27.2503 27.3908 27.5229 27.6614 27.7909 27.9294 28.0623 28.197 28.3283 28.4584 28.6046 28.7577 28.905 29.0616 29.2062 29.3607 29.5137 29.6679 29.8233 29.9768 30.1373 30.2884 30.4444 30.5994 30.772 30.9458 31.1217 31.293 31.4602 31.6268 31.7911 31.9464 32.0972 32.2831 32.4586 32.6244 32.7817 32.9269 33.0979 33.2721 33.4295 33.5743 33.7148 33.8851 34.0384 34.1729 34.3141 34.468 34.6009 34.709 34.8578 34.9808 35.0737 35.1969 35.2946
24.9974 25.0888 25.1791 25.2744 25.3653 25.4552 25.5513 25.6513 25.7547 25.8609 25.9656 26.0708 26.1794 26.2806 26.3899 26.4967 26.6203 26.7416 26.8638 26.9835 27.1044 27.22 27.3393 27.4594 27.5969 27.7289 27.8586 27.9923 28.1213 28.252 28.3835 28.5159 28.6565 28.7831 28.9182 29.0585 29.2019 29.3533 29.5062 29.6575 29.811 29.9568 30.1089 30.2589 30.405 30.5679 30.729 30.8951 31.0618 31.2271 31.3905 31.5495 31.7104 31.862 32.0074 32.1539 32.3263 32.4886 32.644 32.7935 32.9312 33.0689 33.2314 33.3776 33.5121 33.6264 33.756 33.896 34.0113 34.1085 34.2091 34.3201 34.4004 34.4597 34.5388 34.586 34.6101
25.0652 25.1576 25.2435 25.3429 25.4336 25.5284 25.6245 25.718 25.8285 25.9275 26.0403 26.1457 26.2598 26.3661 26.4855 26.5891 26.7005 26.8082 26.9332 27.048 27.1634 27.2769 27.3899 27.5052 27.6232 27.7614 27.8936 28.0235 28.1473 28.2697 28.3946 28.5241 28.6549 28.7883 28.9227 29.0645 29.2076 29.3491 29.4948 29.6401 29.7839 29.9365 30.09 30.2366 30.3814 30.5279 30.675 30.8254 30.9693 31.122 31.2805 31.436 31.5891 31.7471 31.8959 32.0356 32.1723 32.3029 32.4277 32.573 32.7154 32.843 32.9622 33.0643 33.1596 33.2728 33.3715 33.4613 33.5311 33.5851 33.6447 33.6876 33.7122 33.7083 33.6982 33.6718 33.6204
25.0727 25.1736 25.2633 25.3625 25.4617 25.5592 25.6599 25.7597 25.859 25.9575 26.06 26.1677 26.2777 26.3797 26.4851 26.579 26.6931 26.805 26.9233 27.0389 27.1591 27.271 27.3822 27.5028 27.6284 27.7534 27.8756 28.0054 28.1314 28.2575 28.3831 28.5138 28.6534 28.7857 28.9252 29.0723 29.2185 29.3652 29.5038 29.64 29.7777 29.9194 30.0626 30.2056 30.3462 30.4893 30.6326 30.7706 30.9142 31.0608 31.2002 31.3346 31.4702 31.6013 31.7231 31.8418 31.9588 32.0878 32.2078 32.3181 32.4205 32.5138 32.5982 32.6685 32.7255 32.7971 32.8453 32.878 32.8919 32.8868 32.8599 32.8198 32.7642 32.6825 32.5655 32.4323 32.2655
25.0609 25.1498 25.2287 25.3081 25.3968 25.4817 25.5845 25.6832 25.7887 25.8903 25.9986 26.1002 26.2099 26.3198 26.4407 26.5589 26.6755 26.7866 26.9021 27.0145 27.1457 27.2668 27.3964 27.5149 27.6325 27.7532 27.8816 28.012 28.1465 28.2725 28.406 28.5354 28.6741 28.81 28.9394 29.0705 29.1926 29.3277 29.4764 29.6199 29.7589 29.8924 30.0274 30.1605 30.2939 30.4273 30.5626 30.6911 30.818 30.9381 31.0583 31.1786 31.2881 31.4002 31.5166 31.6173 31.7176 31.8116 31.8922 31.9639 32.0279 32.0842 32.1224 32.1454 32.1535 32.1423 32.1195 32.0848 32.029 31.9395 31.8409 31.6978 31.533 31.3386 31.1105 30.8496 30.5531
24.9889 25.0823 25.1791 25.273 25.3795 25.4778 25.5768 25.6761 25.7848 25.8976 26.0125 26.1191 26.2305 26.341 26.4588 26.586 26.7056 26.8263 26.9442 27.0611 27.1756 27.3051 27.4301 27.5624 27.6936 27.8203 27.9409 28.0669 28.1854 28.3143 28.4548 28.5881 28.7176 28.8551 28.987 29.1151 29.2471 29.3692 29.4966 29.6152 29.7377 29.8659 29.9866 30.1039 30.2206 30.3413 30.4505 30.5669 30.6788 30.784 30.8795 30.9745 31.0648 31.1481 31.2291 31.2983 31.355 31.4115 31.4497 31.4767 31.4846 31.4781 31.4638 31.4223 31.3631 31.2836 31.179 31.0326 30.867 30.6805 30.453 30.2185 29.9273 29.5781 29.2071 28.8065 28.3443
24.9699 25.0751 25.1809 25.2953 25.4166 25.523 25.6347 25.7373 25.843 25.9559 26.0712 26.2017 26.3224 26.444 26.5577 26.6657 26.7754 26.8988 27.0292 27.1572 27.2799 27.3969 27.5119 27.6272 27.7452 27.8806 28.0142 28.1323 28.2566 28.3766 28.4954 28.6148 28.7256 28.8372 28.9527 29.0837 29.2059 29.323 29.4431 29.5646 29.6761 29.7838 29.8928 29.998 30.0919 30.1869 30.2853 30.3656 30.4444 30.5271 30.5933 30.6521 30.7157 30.7524 30.7871 30.8117 30.8185 30.8262 30.7944 30.7603 30.6988 30.626 30.5214 30.403 30.2762 30.0872 29.8724 29.6241 29.3352 28.995 28.6256 28.232 27.8103 27.3517 26.878 26.3036 25.9231
25.1169 25.2241 25.3318 25.4262 25.5377 25.6394 25.7485 25.8663 25.9676 26.0853 26.1882 26.2945 26.4016 26.5058 26.6273 26.7424 26.8618 26.9738 27.0896 27.1953 27.3091 27.4288 27.5599 27.6723 27.7901 27.894 28.0026 28.1164 28.2207 28.3244 28.4402 28.5565 28.6765 28.7859 28.8859 28.9881 29.0973 29.1937 29.2803 29.3652 29.4582 29.5451 29.6309 29.7209 29.7974 29.8748 29.947 30.0079 30.0523 30.0993 30.134 30.1512 30.1616 30.1536 30.1349 30.0996 30.0358 29.973 29.8605 29.7346 29.6085 29.4553 29.235 29.0274 28.7615 28.4718 28.126 27.6964 27.264 26.801 26.3011 25.7317 25.2045 24.7437 24.3674 24.1436 24.0674
25.2423 25.3439 25.4519 25.5363 25.6271 25.7225 25.8223 25.936 26.0403 26.1476 26.244 26.3348 26.44 26.5473 26.6569 26.7681 26.8682 26.9675 27.0573 27.1696 27.2793 27.3875 27.4882 27.5936 27.69 27.7861 27.8837 27.9845 28.0949 28.2007 28.3016 28.3866 28.4706 28.5607 28.6473 28.7345 28.8272 28.9208 28.9971 29.0738 29.1458 29.2103 29.2636 29.3143 29.3534 29.3855 29.4243 29.4503 29.4576 29.4558 29.4397 29.4143 29.3739 29.2917 29.1896 29.1059 28.9551 28.7716 28.5835 28.3808 28.1127 27.8255 27.4893 27.1846 26.7367 26.3354 25.8562 25.3185 24.7197 24.1353 23.587 23.3226 23.2934 23.2735 23.3038 23.6114 23.4448
25.2916 25.3746 25.4703 25.556 25.6446 25.7434 25.8365 25.9377 26.0247 26.1152 26.1954 26.2998 26.3992 26.4828 26.5805 26.6549 26.7512 26.8398 26.949 27.0394 27.1288 27.2208 27.2941 27.3932 27.4824 27.58 27.6698 27.756 27.8283 27.8952 27.9808 28.0659 28.1517 28.2225 28.3011 28.3597 28.4157 28.4642 28.5211 28.5763 28.6218 28.6688 28.6944 28.7168 28.7398 28.72 28.6955 28.6713 28.6296 28.5665 28.4765 28.3716 28.2337 28.0769 27.9109 27.7277 27.4763 27.2162 26.8678 26.5394 26.146 25.7239 25.2545 24.7951 24.2452 23.6866 23.2427 22.6237 22.2191 21.9511 22.46 23.0457 21.3997 21.2609 18.8002 18.5252 19.2479
25.2471 25.3324 25.4122 25.4879 25.5771 25.6572 25.7369 25.8032 25.8717 25.9524 26.0427 26.1313 26.2139 26.2851 26.3579 26.4371 26.5344 26.6093 26.693 26.7573 26.8344 26.9167 27.0028 27.0741 27.1487 27.2049 27.2666 27.3431 27.4176 27.4911 27.5475 27.5993 27.6397 27.7069 27.7599 27.8036 27.8307 27.854 27.8786 27.9001 27.9016 27.9164 27.9167 27.8722 27.8322 27.7675 27.6829 27.6117 27.4951 27.372 27.2085 27.0143 26.8008 26.5548 26.2526 25.9135 25.5858 25.179 24.732 24.2223 23.6047 23.0777 22.6329 22.0485 21.4453 21.1262 21.0049 21.2876 21.4203 20.5432 19.5259 19.2146 19.176 17.0875 14.0929 0 0
25.0878 25.1455 25.2059 25.2785 25.3521 25.4245 25.4913 25.5484 25.6292 25.697 25.7578 25.82 25.8797 25.9584 26.0298 26.0946 26.1525 26.2064 26.2877 26.3643 26.4137 26.467 26.5133 26.5765 26.6429 26.7031 26.7401 26.7853 26.8202 26.8854 26.9209 26.9545 26.9719 26.9823 27.0181 27.0302 27.044 27.0473 27.0241 26.9842 26.9569 26.9049 26.846 26.7664 26.654 26.5586 26.4167 26.2291 26.0368 25.7872 25.5211 25.2236 24.9395 24.5479 24.1615 23.7553 23.2671 22.6591 22.0208 21.4884 20.9473 20.5412 20.3748 20.51 20.4936 20.4512 18.7445 18.4079 18.5599 17.028 16.6916 0 0 0 0 0 0
24.7688 24.8259 24.8912 24.9536 25.0066 25.0453 25.1051 25.1651 25.224 25.2676 25.3211 25.3858 25.4397 25.4857 25.5301 25.5913 25.6441 25.6692 25.7011 25.7376 25.7887 25.8387 25.8683 25.8907 25.9383 25.9809 26.0069 26.0252 26.0386 26.0507 26.0715 26.0838 26.0837 26.0754 26.0671 26.0551 26.013 25.9655 25.8957 25.8378 25.7472 25.643 25.4746 25.3401 25.1466 24.9395 24.6982 24.4287 24.1683 23.831 23.437 23.0837 22.671 22.1784 21.6902 21.2449 20.5972 20.0692 19.7222 19.4979 19.3916 19.2839 19.2479 19.0181 17.6306 16.8371 16.2802 0 0 0 0 0 0 0 0 0 0
24.3395 24.3762 24.4154 24.4553 24.5071 24.5586 24.6067 24.6842 24.7438 24.7892 24.8475 24.8994 24.9335 24.9675 25.0026 25.0453 25.0903 25.121 25.1474 25.182 25.1953 25.2037 25.2192 25.247 25.2625 25.261 25.2467 25.243 25.2407 25.2168 25.1732 25.1936 25.1068 25.3653 24.9569 24.8981 24.8149 24.7026 24.5905 24.4626 24.3201 24.1421 23.9406 23.737 23.5007 23.2274 22.9229 22.5779 22.2715 21.8385 21.3879 20.8439 20.2887 19.7722 19.2647 18.9129 18.7399 18.7526 18.7972 18.8619 17.284 17.1552 15.7383 12.3172 0 0 0 0 0 0 0 0 0 0 0 0 0
23.8804 23.9538 24.0266 24.1024 24.1846 24.2455 24.2929 24.3535 24.4068 24.4496 24.4926 24.5298 24.5616 24.5934 24.6124 24.6297 24.6467 24.6545 24.6689 24.6801 24.6738 24.6811 24.6679 24.6392 24.6197 24.5925 24.5638 24.5261 24.4746 24.4272 24.537 24.4468 24.3857 24.1238 24.3424 24.2851 24.2844 23.4289 23.2366 23.0378 22.8635 22.6048 22.3756 22.0953 21.6929 21.3336 20.9251 20.4228 20.233 19.6511 19.5089 18.4802 18.259 18.3249 18.7449 18.3067 17.0541 17.0541 16.7115 14.0874 0 0 0 0 0 0 0 0 0 0 0 0 0 0 0 0 0
23.5213 23.5964 23.6669 23.7257 23.7707 23.8207 23.8496 23.8715 23.8962 23.9242 23.9441 23.9623 23.9718 23.9808 23.9989 23.9965 23.9868 23.981 23.9574 23.9328 23.9108 23.879 23.8465 23.8093 23.7505 23.6853 23.5895 23.6079 23.6798 23.6631 23.6795 23.6974 23.8117 22.9 23.0477 22.8488 22.7136 22.5954 21.6008 21.3987 21.2348 21.1163 20.5073 20.3583 20.1169 19.0654 18.926 18.7038 18.013 17.6507 17.8027 18.2557 17.0247 16.9486 16.527 14.5785 11.632 0 0 0 0 0 0 0 0 0 0 0 0 0 0 0 0 0 0 0 0
23.0314 23.0744 23.1172 23.1517 23.1802 23.1876 23.2005 23.2122 23.2247 23.2313 23.2391 23.2273 23.2176 23.193 23.1725 23.1544 23.138 23.1043 23.0424 22.9985 22.9195 22.8576 22.7859 22.6774 22.6287 22.7023 22.6735 22.7032 22.7671 22.7783 22.6779 22.5573 22.0413 21.9922 21.8421 21.5974 20.3865 19.9418 19.8053 19.6722 19.5692 19.2263 18.9687 18.3304 18.1588 17.4766 16.6616 16.9997 17.2666 16.9258 15.2599 14.9769 13.1496 0 0 0 0 0 0 0 0 0 0 0 0 0 0 0 0 0 0 0 0 0 0 0 0
22.3749 22.3965 22.4055 22.4129 22.4237 22.4293 22.4138 22.399 22.4011 22.3786 22.3705 22.3319 22.2846 22.2381 22.1836 22.1228 22.0635 21.995 21.9132 21.8731 21.8086 21.6928 21.6163 21.6713 21.6796 21.6865 21.5968 21.4779 21.4466 21.3913 21.2843 21.0226 20.557 20.3703 20.1566 19.1873 19.1445 19.102 18.5115 17.2612 17.0679 16.9106 16.5579 16.1887 16.168 15.5199 15.0929 14.8885 13.008 12.1991 0 0 0 0 0 0 0 0 0 0 0 0 0 0 0 0 0 0 0 0 0 0 0 0 0 0 0
21.5235 21.5288 21.521 21.4951 21.4775 21.4711 21.4543 21.4317 21.3884 21.3132 21.2491 21.1981 21.1347 21.0578 20.9642 20.8855 20.8171 20.7696 20.6876 20.7292 20.7937 20.8048 20.8163 20.8205 20.8351 20.7988 20.6924 20.5223 20.421 20.1799 18.5592 18.4357 18.3204 18.1875 18.0009 17.3741 17.2896 17.0918 15.7896 15.7219 15.6946 15.7143 15.1944 14.9501 14.5478 0 0 0 0 0 0 0 0 0 0 0 0 0 0 0 0 0 0 0 0 0 0 0 0 0 0 0 0 0 0 0 0
20.4291 20.3953 20.3682 20.3597 20.3294 20.287 20.2443 20.1797 20.0977 19.9955 19.8993 19.8344 19.7678 19.7127 19.6747 19.5909 19.4536 19.3179 19.5486 19.6893 19.8253 19.8018 19.7348 19.7398 19.7634 18.5574 18.4021 18.2167 18.1216 17.9594 16.5694 16.5457 16.5083 16.4003 14.9814 14.9568 14.7417 14.5145 14.5997 14.5997 12.8061 0 0 0 0 0 0 0 0 0 0 0 0 0 0 0 0 0 0 0 0 0 0 0 0 0 0 0 0 0 0 0 0 0 0 0 0
19.1303 19.0537 18.9481 18.8347 18.7013 18.7022 18.7093 18.7236 18.6644 18.5807 18.4542 18.3743 18.3152 18.2016 18.0471 17.9917 18.1114 18.8473 17.9548 17.966 18.0095 17.8722 17.73 17.548 17.3652 17.2407 16.0914 16.0604 15.9695 15.8435 14.9873 14.8973 14.003 13.8971 12.3834 12.3834 11.2312 0 0 0 0 0 0 0 0 0 0 0 0 0 0 0 0 0 0 0 0 0 0 0 0 0 0 0 0 0 0 0 0 0 0 0 0 0 0 0 0
17.4501 17.3742 17.2631 17.2834 17.3203 17.3071 17.2238 17.0835 16.9772 16.877 16.778 16.6563 16.5685 16.8578 17.0554 17.1976 17.1803 17.1376 17.0872 17.0177 15.8308 15.6423 15.4469 15.3922 14.2243 14.1831 14.1288 14.0955 13.8164 12.8172 12.7544 0 0 0 0 0 0 0 0 0 0 0 0 0 0 0 0 0 0 0 0 0 0 0 0 0 0 0 0 0 0 0 0 0 0 0 0 0 0 0 0 0 0 0 0 0 0
15.5338 15.6239 15.6354 15.737 15.8344 15.854 15.8522 15.8013 15.7148 15.6556 15.5329 15.4416 15.1997 14.8811 14.9556 14.9694 14.81 14.5657 14.4829 14.517 13.4395 13.4929 13.1787 12.7399 11.9103 11.1818 0 0 0 0 0 0 0 0 0 0 0 0 0 0 0 0 0 0 0 0 0 0 0 0 0 0 0 0 0 0 0 0 0 0 0 0 0 0 0 0 0 0 0 0 0 0 0 0 0 0 0
14.5738 14.6344 14.9118 15.076 15.1862 15.158 15.1 14.9781 14.6484 14.582 14.4583 14.2867 14.0691 14.0691 13.9113 11.1053 0 0 0 0 0 0 0 0 0 0 0 0 0 0 0 0 0 0 0 0 0 0 0 0 0 0 0 0 0 0 0 0 0 0 0 0 0 0 0 0 0 0 0 0 0 0 0 0 0 0 0 0 0 0 0 0 0 0 0 0 0
12.8739 12.6886 12.4173 12.0776 11.5718 10.9052 0 0 0 0 0 0 0 0 0 0 0 0 0 0 0 0 0 0 0 0 0 0 0 0 0 0 0 0 0 0 0 0 0 0 0 0 0 0 0 0 0 0 0 0 0 0 0 0 0 0 0 0 0 0 0 0 0 0 0 0 0 0 0 0 0 0 0 0 0 0 0
0 0 0 0 0 0 0 0 0 0 0 0 0 0 0 0 0 0 0 0 0 0 0 0 0 0 0 0 0 0 0 0 0 0 0 0 0 0 0 0 0 0 0 0 0 0 0 0 0 0 0 0 0 0 0 0 0 0 0 0 0 0 0 0 0 0 0 0 0 0 0 0 0 0 0 0 0
0 0 0 0 0 0 0 0 0 0 0 0 0 0 0 0 0 0 0 0 0 0 0 0 0 0 0 0 0 0 0 0 0 0 0 0 0 0 0 0 0 0 0 0 0 0 0 0 0 0 0 0 0 0 0 0 0 0 0 0 0 0 0 0 0 0 0 0 0 0 0 0 0 0 0 0 0
0 0 0 0 0 0 0 0 0 0 0 0 0 0 0 0 0 0 0 0 0 0 0 0 0 0 0 0 0 0 0 0 0 0 0 0 0 0 0 0 0 0 0 0 0 0 0 0 0 0 0 0 0 0 0 0 0 0 0 0 0 0 0 0 0 0 0 0 0 0 0 0 0 0 0 0 0
0 0 0 0 0 0 0 0 0 0 0 0 0 0 0 0 0 0 0 0 0 0 0 0 0 0 0 0 0 0 0 0 0 0 0 0 0 0 0 0 0 0 0 0 0 0 0 0 0 0 0 0 0 0 0 0 0 0 0 0 0 0 0 0 0 0 0 0 0 0 0 0 0 0 0 0 0
0 0 0 0 0 0 0 0 0 0 0 0 0 0 0 0 0 0 0 0 0 0 0 0 0 0 0 0 0 0 0 0 0 0 0 0 0 0 0 0 0 0 0 0 0 0 0 0 0 0 0 0 0 0 0 0 0 0 0 0 0 0 0 0 0 0 0 0 0 0 0 0 0 0 0 0 0
0 0 0 0 0 0 0 0 0 0 0 0 0 0 0 0 0 0 0 0 0 0 0 0 0 0 0 0 0 0 0 0 0 0 0 0 0 0 0 0 0 0 0 0 0 0 0 0 0 0 0 0 0 0 0 0 0 0 0 0 0 0 0 0 0 0 0 0 0 0 0 0 0 0 0 0 0
0 0 0 0 0 0 0 0 0 0 0 0 0 0 0 0 0 0 0 0 0 0 0 0 0 0 0 0 0 0 0 0 0 0 0 0 0 0 0 0 0 0 0 0 0 0 0 0 0 0 0 0 0 0 0 0 0 0 0 0 0 0 0 0 0 0 0 0 0 0 0 0 0 0 0 0 0
0 0 0 0 0 0 0 0 0 0 0 0 0 0 0 0 0 0 0 0 0 0 0 0 0 0 0 0 0 0 0 0 0 0 0 0 0 0 0 0 0 0 0 0 0 0 0 0 0 0 0 0 0 0 0 0 0 0 0 0 0 0 0 0 0 0 0 0 0 0 0 0 0 0 0 0 0
