benchmarks/avaHockeySmoothChannel/release1HS2_entres_ref_0.15500_pv.asc
ncols         1000
nrows         400
xllcenter     1000
yllcenter     -5000
cellsize      5
NODATA_value  -9999
[rows 204 to 237 of 400, columns 0 to 76 of 1000]
0 0 0 0 0 0 0 0 0 0 0 0 0 0 0 0 0 0 0 0 6.08908 8.61117 10.3093 11.1116 11.7025 12.4767 13.3338 14.1153 14.8091 15.3848 15.9331 16.5046 17.0121 17.5033 17.9483 18.351 18.7227 19.0753 19.3888 19.6819 19.9653 20.2317 20.4739 20.6886 20.8736 21.087 21.3191 21.5345 21.7268 21.9083 22.0751 22.2302 22.3792 22.5211 22.6541 22.7809 22.904 23.0223 23.1388 23.2532 23.3532 23.4415 23.5381 23.6272 23.7057 23.7831 23.8681 23.9477 24.0145 24.0834 24.1602 24.2304 24.3001 24.373 24.4401 24.5179 24.6007
0 0 0 0 0 0 0 0 0 0 0 0 0 0 0 0 0 0 0 0 6.09043 8.61451 10.3093 11.111 11.7025 12.542 13.3932 14.1593 14.8007 15.3555 15.8942 16.4558 16.9758 17.4441 17.8528 18.2494 18.6228 18.9744 19.3015 19.5949 19.8809 20.1612 20.4277 20.6725 20.9054 21.1341 21.3621 21.5792 21.779 21.9599 22.1342 22.2929 22.4395 22.5801 22.7176 22.8457 22.9637 23.0782 23.1803 23.2875 23.3933 23.486 23.5826 23.6742 23.7633 23.8543 23.944 24.0336 24.1073 24.1891 24.281 24.3556 24.4304 24.5132 24.5977 24.6857 24.7734
0 0 0 0 0 0 0 0 0 0 0 0 0 0 0 0 0 0 0 0 6.14482 8.69536 10.1826 11.2288 11.7004 12.5096 13.3483 14.1107 14.7994 15.3487 15.8339 16.374 16.9038 17.3686 17.7838 18.1725 18.5531 18.9153 19.2632 19.5935 19.91 20.2056 20.4861 20.7393 20.9828 21.209 21.4261 21.6306 21.821 22.008 22.1853 22.3476 22.5047 22.6434 22.766 22.8952 23.0221 23.1362 23.2507 23.3627 23.4745 23.5844 23.6761 23.7788 23.8799 23.9715 24.056 24.1401 24.2211 24.3067 24.3898 24.476 24.5583 24.6544 24.7355 24.8213 24.9115
0 0 0 0 0 0 0 0 0 0 0 0 0 0 0 0 0 0 0 0 5.99879 8.51146 10.141 10.8982 11.3676 12.4888 13.349 14.127 14.778 15.3185 15.8064 16.3613 16.8931 17.3611 17.7958 18.2171 18.611 18.9733 19.302 19.6296 19.947 20.2378 20.5152 20.7738 21.0197 21.239 21.4522 21.6462 21.837 22.0256 22.2059 22.3629 22.5106 22.6523 22.79 22.9278 23.06 23.1871 23.3103 23.4319 23.5372 23.6408 23.7385 23.8312 23.9272 24.0203 24.109 24.202 24.2885 24.3756 24.471 24.563 24.6463 24.7347 24.8144 24.8974 24.9808
0 0 0 0 0 0 0 0 0 0 0 0 0 0 0 0 0 0 0 0 5.99879 8.51146 10.141 10.9291 11.5366 12.3975 13.311 14.1281 14.8062 15.3763 15.9027 16.4228 16.9256 17.4158 17.882 18.3054 18.6815 19.028 19.3262 19.6321 19.9578 20.2554 20.526 20.7776 21.0097 21.2342 21.447 21.652 21.8476 22.0378 22.2162 22.3752 22.5175 22.657 22.7962 22.9373 23.0661 23.1874 23.3104 23.4236 23.5243 23.6263 23.7333 23.8359 23.9321 24.0256 24.1227 24.2044 24.294 24.3886 24.4736 24.5653 24.648 24.7351 24.814 24.8987 24.9883
0 0 0 0 0 0 0 0 0 0 0 0 0 0 0 0 0 0 0 0 6.1081 8.45582 9.96728 10.7966 11.3756 12.2693 13.2072 13.9897 14.6823 15.2857 15.8679 16.3844 16.9041 17.3981 17.8576 18.2732 18.6553 19.0032 19.3224 19.6342 19.9461 20.2307 20.498 20.7418 20.9845 21.2076 21.4221 21.6192 21.8026 21.9842 22.1538 22.3161 22.4795 22.627 22.7606 22.8885 23.0114 23.1247 23.2491 23.3711 23.488 23.595 23.7048 23.8087 23.9021 23.9949 24.0871 24.1711 24.2646 24.359 24.4403 24.5295 24.6158 24.7074 24.7944 24.8849 24.9802
0 0 0 0 0 0 0 0 0 0 0 0 0 0 0 0 0 0 0 0 6.10878 8.47303 9.96728 10.7966 11.2189 12.2396 13.1306 13.9117 14.6164 15.2482 15.8216 16.3523 16.8575 17.3446 17.7968 18.2278 18.6233 18.982 19.3232 19.6509 19.961 20.2572 20.5291 20.7756 21.0036 21.2174 21.4155 21.6139 21.8008 21.9819 22.1456 22.2966 22.4455 22.5888 22.7204 22.8499 22.9739 23.0965 23.211 23.3188 23.4278 23.5398 23.6395 23.7383 23.8425 23.9338 24.0294 24.1153 24.2075 24.2969 24.3884 24.4841 24.5717 24.6566 24.7398 24.8191 24.9063
0 0 0 0 0 0 0 0 0 0 0 0 0 0 0 0 0 0 0 0 6.22203 8.61326 9.99329 10.9336 11.3924 12.2994 13.1612 13.951 14.6505 15.2461 15.796 16.2816 16.8163 17.2918 17.7446 18.1729 18.5736 18.9416 19.2759 19.596 19.9194 20.2286 20.5079 20.7738 21.0108 21.237 21.454 21.6528 21.8366 22.0118 22.1761 22.3305 22.4726 22.6162 22.7505 22.8746 22.995 23.1121 23.2191 23.3185 23.419 23.5109 23.6062 23.6969 23.7963 23.889 23.9837 24.0778 24.1669 24.2585 24.3448 24.426 24.52 24.6068 24.6942 24.7823 24.8748
0 0 0 0 0 0 0 0 0 0 0 0 0 0 0 0 0 0 0 0 6.24664 8.63938 10.0885 11.0918 11.6236 12.36 13.1973 14.0027 14.673 15.2769 15.8162 16.3182 16.8061 17.2786 17.7253 18.1498 18.5293 18.8996 19.2416 19.5648 19.8799 20.1967 20.483 20.7585 21.0096 21.2356 21.4424 21.644 21.8388 22.0237 22.1939 22.3577 22.5003 22.6394 22.7812 22.9055 23.0216 23.1398 23.2561 23.3674 23.4735 23.5744 23.6634 23.7613 23.8539 23.9485 24.0478 24.1433 24.235 24.3244 24.4222 24.5198 24.6193 24.7263 24.8257 24.9235 25.0216
0 0 0 0 0 0 0 0 0 0 0 0 0 0 0 0 0 0 0 0 6.04448 8.52121 10.2277 11.0886 11.785 12.389 13.19 13.9013 14.6169 15.2426 15.8136 16.3546 16.8745 17.3445 17.7685 18.1558 18.5526 18.9246 19.2817 19.6038 19.9286 20.2395 20.5272 20.7855 21.0228 21.243 21.448 21.6457 21.8494 22.0428 22.2283 22.3944 22.5561 22.7067 22.8565 22.9849 23.1055 23.2269 23.3444 23.4533 23.5655 23.6712 23.7755 23.8858 23.991 24.099 24.1898 24.2858 24.3732 24.4648 24.5584 24.6502 24.7422 24.8345 24.9312 25.0259 25.1355
0 0 0 0 0 0 0 0 0 0 0 0 0 0 0 0 0 0 0 0 6.06141 8.52096 10.2059 11.0426 11.7032 12.383 13.1953 13.954 14.6262 15.2505 15.7878 16.3269 16.8597 17.3539 17.8032 18.2381 18.6604 19.0483 19.3923 19.6988 19.9898 20.2823 20.5658 20.829 21.0677 21.2914 21.5007 21.7061 21.9059 22.0924 22.2722 22.4411 22.6014 22.7569 22.911 23.0681 23.2203 23.3506 23.4707 23.5929 23.7106 23.8075 23.9077 24.0003 24.0949 24.2016 24.2962 24.3901 24.4829 24.5697 24.6628 24.7642 24.8498 24.9275 25.0118 25.0974 25.192
0 0 0 0 0 0 0 0 0 0 0 0 0 0 0 0 0 0 0 0 6.07676 8.52922 10.1844 11.0185 11.6565 12.3238 13.1554 13.9313 14.5694 15.1928 15.7268 16.3016 16.855 17.3619 17.825 18.2858 18.7437 19.139 19.501 19.8098 20.0942 20.3628 20.6407 20.9034 21.1528 21.387 21.6029 21.8066 21.9926 22.1684 22.3456 22.5126 22.6731 22.8217 22.9707 23.1096 23.2346 23.3554 23.4701 23.5891 23.7096 23.8237 23.9405 24.0417 24.1365 24.2436 24.3308 24.4189 24.5053 24.5879 24.6732 24.7601 24.8436 24.9164 24.994 25.073 25.1597
0 0 0 0 0 0 0 0 0 0 0 0 0 0 0 0 0 0 0 0 6.03582 8.47185 10.1496 11.0892 11.699 12.3892 13.253 14.0001 14.6392 15.2509 15.7885 16.3734 16.9404 17.4527 17.9101 18.343 18.7619 19.1521 19.5014 19.8439 20.1479 20.4387 20.7159 20.969 21.209 21.4328 21.6442 21.8446 22.033 22.2237 22.3935 22.5632 22.7141 22.8582 22.9965 23.1328 23.2594 23.3764 23.4841 23.5943 23.7039 23.7986 23.898 23.9886 24.0785 24.1712 24.2527 24.3261 24.3913 24.4664 24.5454 24.626 24.7149 24.7863 24.8616 24.9468 25.0165
0 0 0 0 0 0 0 0 0 0 0 0 0 0 0 0 0 0 0 0 5.59238 8.46196 9.98432 11.1539 11.8055 12.3121 13.2402 14.0028 14.6844 15.2936 15.8351 16.4096 16.9448 17.4615 17.943 18.3906 18.796 19.1811 19.5371 19.8684 20.1692 20.4438 20.7075 20.9606 21.192 21.4214 21.6323 21.8376 22.0394 22.2254 22.385 22.5444 22.688 22.8287 22.9516 23.0666 23.1783 23.2916 23.3988 23.5094 23.6111 23.6944 23.7678 23.8434 23.9192 23.9928 24.0611 24.1273 24.1963 24.2747 24.3452 24.4186 24.4867 24.5399 24.6064 24.6616 24.7176
0 0 0 0 0 0 0 0 0 0 0 0 0 0 0 0 0 0 0 0 5.73476 8.56962 10.0586 11.1276 11.7111 12.3731 13.1841 13.9621 14.6729 15.3248 15.8722 16.4037 16.9196 17.4314 17.9257 18.3716 18.786 19.1749 19.5139 19.834 20.1364 20.426 20.6795 20.9326 21.1673 21.4015 21.6203 21.8209 22.0057 22.1748 22.3209 22.4612 22.5974 22.7268 22.8468 22.9591 23.0625 23.169 23.2676 23.3417 23.4098 23.4817 23.5483 23.6068 23.6652 23.7209 23.779 23.842 23.8976 23.9608 24.0086 24.0516 24.0975 24.1563 24.2055 24.2523 24.2983
0 0 0 0 0 0 0 0 0 0 0 0 0 0 0 0 0 0 0 0 6.17093 8.64381 10.1455 11.2434 11.8634 12.3276 13.1579 13.9563 14.6783 15.2708 15.8237 16.3294 16.8628 17.3936 17.8742 18.3033 18.6833 19.0396 19.3841 19.7435 20.0934 20.3966 20.6636 20.8993 21.1195 21.327 21.5232 21.6991 21.861 22.0156 22.1597 22.2815 22.4035 22.509 22.6071 22.6986 22.7873 22.8602 22.9368 22.9975 23.0604 23.1277 23.1901 23.2394 23.2889 23.3453 23.3897 23.4241 23.4566 23.494 23.5268 23.5633 23.5916 23.6461 23.7028 23.765 23.8287
0 0 0 0 0 0 0 0 0 0 0 0 0 0 0 0 0 0 0 0 6.17093 8.66383 10.1511 11.2822 11.8837 12.4008 13.2318 13.9607 14.5959 15.1628 15.7189 16.2822 16.8256 17.3265 17.8072 18.2214 18.5999 18.9595 19.2952 19.6079 19.922 20.2129 20.4736 20.7041 20.9126 21.1118 21.2926 21.4587 21.608 21.7465 21.8728 21.9773 22.0783 22.1649 22.2488 22.3246 22.3968 22.4596 22.5171 22.5664 22.6066 22.6496 22.6824 22.7208 22.7564 22.8263 22.9207 23.0005 23.0749 23.1454 23.2039 23.2567 23.3051 23.3527 23.383 23.4138 23.4468
0 0 0 0 0 0 0 0 0 0 0 0 0 0 0 0 0 0 0 0 5.77089 8.34752 10.051 11.0487 11.7628 12.4353 13.2723 14.0053 14.6173 15.1876 15.7355 16.282 16.7875 17.254 17.6976 18.1057 18.4971 18.8475 19.1688 19.464 19.7102 19.939 20.149 20.3614 20.5798 20.7744 20.9571 21.1122 21.2555 21.3774 21.4772 21.574 21.6562 21.7445 21.8166 21.8815 21.9403 21.9849 22.0229 22.0529 22.104 22.1636 22.2303 22.3242 22.4093 22.4867 22.5608 22.6226 22.6784 22.7233 22.769 22.8121 22.8393 22.8591 22.8756 22.8951 22.9683
0 0 0 0 0 0 0 0 0 0 0 0 0 0 0 0 0 0 0 0 5.77089 8.34752 10.051 10.9949 11.4183 12.3819 13.2112 13.9462 14.5825 15.1782 15.7604 16.3129 16.7881 17.2092 17.6198 18.0086 18.3596 18.6724 18.9415 19.2053 19.4518 19.667 19.8581 20.0248 20.1743 20.3536 20.5134 20.6632 20.7944 20.9057 20.9926 21.0638 21.1377 21.217 21.2843 21.3631 21.4488 21.5144 21.5701 21.6188 21.6678 21.7011 21.7286 21.7741 21.8467 21.9233 21.9827 22.0353 22.07 22.1024 22.116 22.1258 22.1474 22.2047 22.2676 22.3217 22.3492
0 0 0 0 0 0 0 0 0 0 0 0 0 0 0 0 0 0 0 0 5.35369 8.35768 9.94933 11.1811 11.8431 12.3098 13.1005 13.7857 14.4284 15.0946 15.6881 16.2081 16.6704 17.1209 17.5454 17.9167 18.2419 18.5154 18.7746 18.9968 19.1962 19.3591 19.5083 19.6325 19.7687 19.9173 20.0398 20.1484 20.265 20.3748 20.4734 20.5705 20.6514 20.7146 20.79 20.8605 20.9214 20.9758 21.0163 21.0397 21.0593 21.0782 21.0793 21.0929 21.1361 21.1664 21.1925 21.2214 21.2457 21.266 21.2833 21.3577 21.4127 21.4429 21.4652 21.4898 21.5145
0 0 0 0 0 0 0 0 0 0 0 0 0 0 0 0 0 0 0 0 6.17555 8.56426 9.85127 10.6454 11.3836 12.1971 12.985 13.6739 14.3242 14.9398 15.4696 15.9284 16.41 16.8783 17.2769 17.6282 17.9162 18.1798 18.402 18.5955 18.7601 18.9074 19.0539 19.1811 19.2877 19.3851 19.461 19.5736 19.687 19.7761 19.8385 19.8866 19.9485 20.0243 20.0761 20.122 20.1578 20.2054 20.2518 20.2814 20.3047 20.321 20.3254 20.3116 20.2908 20.2732 20.2674 20.3044 20.3688 20.4187 20.4535 20.467 20.4862 20.487 20.4889 20.4639 20.455
0 0 0 0 0 0 0 0 0 0 0 0 0 0 0 0 0 0 0 0 6.17555 8.56425 9.85127 10.6339 11.1558 12.0373 12.8145 13.5064 14.129 14.666 15.1384 15.5272 15.9727 16.3904 16.7488 17.0676 17.3199 17.5573 17.7736 17.9825 18.1711 18.3234 18.4647 18.5656 18.6308 18.6971 18.7177 18.7544 18.8288 18.89 18.9492 19.0241 19.0764 19.1281 19.1751 19.2237 19.2483 19.2543 19.273 19.2821 19.2991 19.2907 19.2783 19.2623 19.2215 19.1767 19.14 19.2105 19.2569 19.2871 19.3043 19.3249 19.3217 19.2927 19.2659 19.238 19.211
0 0 0 0 0 0 0 0 0 0 0 0 0 0 0 0 0 0 0 0 5.31137 8.02997 9.37397 10.1306 10.7276 11.6384 12.3812 12.978 13.5555 14.0362 14.4582 14.8926 15.2684 15.6208 15.9628 16.2746 16.5242 16.7316 16.9225 17.0793 17.2348 17.3355 17.4554 17.5302 17.5918 17.6363 17.679 17.7023 17.7134 17.7029 17.7202 17.7871 17.846 17.885 17.9176 17.9335 17.9744 17.9968 18.0117 18.0048 17.9618 17.9187 17.8686 17.8218 17.8456 17.8481 17.8535 17.8656 17.8437 17.8157 17.7509 17.7318 17.6963 17.6532 17.579 17.5344 17.4862
0 0 0 0 0 0 0 0 0 0 0 0 0 0 0 0 0 0 0 0 5.31137 8.02997 9.37397 9.90524 10.1535 11.0029 11.6535 12.2206 12.6133 13.0813 13.4804 13.709 14.1081 14.5162 14.8822 15.1809 15.3788 15.5474 15.6875 15.8445 15.9667 16.027 16.1031 16.2019 16.3004 16.3779 16.454 16.4707 16.482 16.442 16.4008 16.3657 16.326 16.3744 16.3946 16.4139 16.3962 16.395 16.3666 16.3448 16.3409 16.3075 16.3247 16.3219 16.2918 16.2416 16.1848 16.1192 16.0464 15.9728 15.9166 15.8874 15.8183 15.7761 15.6709 15.5624 15.4457
0 0 0 0 0 0 0 0 0 0 0 0 0 0 0 0 0 0 0 0 4.71309 7.47517 8.3995 8.73439 9.74459 10.4726 11.258 11.7248 11.9229 12.1639 12.5083 12.8187 13.0966 13.2895 13.5749 13.8627 14.1521 14.3889 14.5318 14.643 14.6444 14.6143 14.6927 14.7845 14.7937 14.7782 14.7587 14.8009 14.8849 14.8991 14.8274 14.7812 14.7915 14.7586 14.721 14.6889 14.6711 14.8091 14.88 14.8667 14.8252 14.7269 14.5995 14.6078 14.6268 14.6145 14.6237 14.63 14.6735 14.6799 14.6445 14.637 14.6121 14.549 14.5077 14.5746 14.5339
0 0 0 0 0 0 0 0 0 0 0 0 0 0 0 0 0 0 0 0 0 0 0 0 0 0 0 0 0 0 0 11.7187 11.7187 12.9842 13.1443 13.1841 13.5037 13.5194 13.9577 14.0192 13.9944 13.9338 13.9113 13.8963 13.8855 13.9728 14.0238 14.1715 14.2546 14.255 14.3655 14.3006 14.2357 14.2529 14.132 14.0085 13.8213 13.5307 14.0472 14.2757 14.2263 14.0947 13.94 13.8329 13.6826 13.6624 13.6371 13.8384 13.8384 13.6131 13.3348 13.0671 13.1138 13.1254 13.1254 13.1118 13.0125
0 0 0 0 0 0 0 0 0 0 0 0 0 0 0 0 0 0 0 0 0 0 0 0 0 0 0 0 0 0 0 0 0 0 0 0 0 0 0 0 0 0 0 0 0 0 0 0 0 0 0 0 0 0 0 0 0 0 0 0 0 0 0 0 0 0 0 0 0 0 0 0 0 0 0 0 0
0 0 0 0 0 0 0 0 0 0 0 0 0 0 0 0 0 0 0 0 0 0 0 0 0 0 0 0 0 0 0 0 0 0 0 0 0 0 0 0 0 0 0 0 0 0 0 0 0 0 0 0 0 0 0 0 0 0 0 0 0 0 0 0 0 0 0 0 0 0 0 0 0 0 0 0 0
0 0 0 0 0 0 0 0 0 0 0 0 0 0 0 0 0 0 0 0 0 0 0 0 0 0 0 0 0 0 0 0 0 0 0 0 0 0 0 0 0 0 0 0 0 0 0 0 0 0 0 0 0 0 0 0 0 0 0 0 0 0 0 0 0 0 0 0 0 0 0 0 0 0 0 0 0
0 0 0 0 0 0 0 0 0 0 0 0 0 0 0 0 0 0 0 0 0 0 0 0 0 0 0 0 0 0 0 0 0 0 0 0 0 0 0 0 0 0 0 0 0 0 0 0 0 0 0 0 0 0 0 0 0 0 0 0 0 0 0 0 0 0 0 0 0 0 0 0 0 0 0 0 0
0 0 0 0 0 0 0 0 0 0 0 0 0 0 0 0 0 0 0 0 0 0 0 0 0 0 0 0 0 0 0 0 0 0 0 0 0 0 0 0 0 0 0 0 0 0 0 0 0 0 0 0 0 0 0 0 0 0 0 0 0 0 0 0 0 0 0 0 0 0 0 0 0 0 0 0 0
0 0 0 0 0 0 0 0 0 0 0 0 0 0 0 0 0 0 0 0 0 0 0 0 0 0 0 0 0 0 0 0 0 0 0 0 0 0 0 0 0 0 0 0 0 0 0 0 0 0 0 0 0 0 0 0 0 0 0 0 0 0 0 0 0 0 0 0 0 0 0 0 0 0 0 0 0
0 0 0 0 0 0 0 0 0 0 0 0 0 0 0 0 0 0 0 0 0 0 0 0 0 0 0 0 0 0 0 0 0 0 0 0 0 0 0 0 0 0 0 0 0 0 0 0 0 0 0 0 0 0 0 0 0 0 0 0 0 0 0 0 0 0 0 0 0 0 0 0 0 0 0 0 0
0 0 0 0 0 0 0 0 0 0 0 0 0 0 0 0 0 0 0 0 0 0 0 0 0 0 0 0 0 0 0 0 0 0 0 0 0 0 0 0 0 0 0 0 0 0 0 0 0 0 0 0 0 0 0 0 0 0 0 0 0 0 0 0 0 0 0 0 0 0 0 0 0 0 0 0 0
