benchmarks/avaHockeySmoothChannel/release1HS2_entres_ref_0.15500_ppr.asc
ncols         1000
nrows         400
xllcenter     1000
yllcenter     -5000
cellsize      5
NODATA_value  -9999
[rows 204 to 237 of 400, columns 77 to 153 of 1000]
121.846 122.695 123.527 124.388 125.296 126.287 127.233 128.279 129.262 130.275 131.334 132.388 133.675 134.938 136.217 137.531 138.815 140.106 141.396 142.716 144.247 145.751 147.29 148.825 150.383 151.875 153.445 154.89 156.408 158.048 159.801 161.483 163.287 164.984 166.804 168.554 170.398 172.271 174.148 176.029 177.994 179.927 181.876 183.847 185.795 187.748 189.753 191.723 193.962 196.22 198.511 200.724 202.9 204.99 206.91 209.281 211.725 214.03 216.113 217.971 220.416 222.808 224.978 226.867 229.214 231.642 233.711 235.511 238.061 240.246 242.018 244.411 246.553 248.261 250.57 252.562 254.182
123.604 124.479 125.322 126.219 127.076 128.034 129.038 130.067 131.129 132.218 133.325 134.457 135.556 136.689 137.984 139.217 140.574 141.822 143.144 144.446 145.759 147.084 148.515 150.051 151.502 153.03 154.467 156.01 157.498 159.014 160.498 161.977 163.644 165.401 167.1 168.915 170.601 172.411 174.211 176.037 177.886 179.722 181.652 183.477 185.372 187.264 189.383 191.528 193.712 195.85 197.949 200.051 202.135 204.114 206.047 208.44 210.713 212.871 214.928 216.836 219.094 221.407 223.506 225.447 227.337 229.64 231.723 233.557 235.491 237.609 239.444 240.943 243.014 244.732 246.033 247.765 249.142
124.974 125.89 126.798 127.76 128.68 129.593 130.574 131.597 132.661 133.757 134.843 135.937 137.072 138.134 139.285 140.415 141.728 143.022 144.333 145.622 146.929 148.186 149.488 150.804 152.318 153.779 155.221 156.713 158.161 159.635 161.124 162.631 164.239 165.694 167.252 168.879 170.55 172.323 174.123 175.913 177.739 179.482 181.31 183.12 184.893 186.879 188.854 190.902 192.967 195.026 197.073 199.074 201.11 203.037 204.894 206.774 208.997 211.102 213.126 215.083 216.892 218.71 220.866 222.813 224.613 226.147 227.894 229.788 231.354 232.678 234.052 235.574 236.677 237.495 238.586 239.238 239.572
125.653 126.581 127.447 128.452 129.374 130.34 131.324 132.283 133.422 134.447 135.619 136.72 137.916 139.034 140.297 141.396 142.583 143.736 145.08 146.319 147.57 148.806 150.041 151.308 152.608 154.139 155.611 157.063 158.454 159.835 161.251 162.725 164.221 165.753 167.304 168.949 170.617 172.274 173.989 175.708 177.416 179.239 181.082 182.85 184.606 186.391 188.192 190.041 191.82 193.716 195.694 197.645 199.575 201.575 203.469 205.256 207.011 208.695 210.311 212.201 214.06 215.733 217.301 218.65 219.911 221.416 222.731 223.932 224.868 225.592 226.393 226.971 227.303 227.25 227.114 226.757 226.066
125.728 126.742 127.647 128.651 129.66 130.654 131.687 132.713 133.737 134.758 135.825 136.95 138.103 139.178 140.292 141.289 142.504 143.702 144.973 146.221 147.524 148.741 149.957 151.28 152.665 154.05 155.41 156.861 158.275 159.697 161.12 162.607 164.203 165.723 167.334 169.04 170.744 172.462 174.095 175.706 177.342 179.034 180.752 182.476 184.178 185.92 187.671 189.366 191.138 192.955 194.69 196.371 198.074 199.728 201.271 202.779 204.273 205.925 207.469 208.892 210.218 211.429 212.528 213.447 214.192 215.13 215.763 216.193 216.375 216.308 215.955 215.428 214.699 213.629 212.103 210.371 208.212
125.61 126.503 127.298 128.1 128.999 129.863 130.913 131.925 133.012 134.062 135.185 136.244 137.392 138.546 139.822 141.075 142.317 143.505 144.745 145.957 147.378 148.696 150.112 151.414 152.711 154.048 155.477 156.934 158.445 159.867 161.38 162.854 164.441 166.003 167.498 169.019 170.441 172.022 173.772 175.467 177.118 178.711 180.329 181.932 183.544 185.164 186.815 188.389 189.95 191.433 192.924 194.422 195.789 197.194 198.659 199.93 201.201 202.395 203.422 204.339 205.157 205.879 206.369 206.666 206.77 206.625 206.333 205.887 205.171 204.027 202.769 200.95 198.867 196.422 193.573 190.34 186.698
124.889 125.824 126.797 127.745 128.823 129.824 130.834 131.852 132.971 134.137 135.33 136.441 137.608 138.77 140.013 141.364 142.637 143.93 145.198 146.46 147.702 149.114 150.482 151.937 153.387 154.794 156.139 157.55 158.884 160.34 161.936 163.456 164.94 166.523 168.05 169.537 171.078 172.51 174.009 175.412 176.866 178.394 179.839 181.25 182.657 184.119 185.447 186.868 188.238 189.531 190.709 191.883 193.004 194.041 195.052 195.917 196.627 197.336 197.817 198.157 198.257 198.174 197.994 197.472 196.728 195.733 194.426 192.604 190.555 188.259 185.477 182.631 179.129 174.973 170.611 165.963 160.68
124.699 125.752 126.816 127.97 129.2 130.285 131.428 132.482 133.572 134.742 135.941 137.306 138.574 139.857 141.062 142.212 143.385 144.71 146.115 147.503 148.839 150.118 151.381 152.652 153.959 155.465 156.959 158.285 159.687 161.046 162.397 163.761 165.032 166.317 167.652 169.172 170.597 171.968 173.379 174.813 176.134 177.415 178.716 179.976 181.105 182.25 183.44 184.413 185.373 186.38 187.19 187.91 188.691 189.142 189.57 189.872 189.956 190.051 189.659 189.239 188.483 187.59 186.311 184.868 183.329 181.047 178.473 175.517 172.111 168.142 163.884 159.409 154.683 149.623 144.485 138.376 134.401
126.172 127.251 128.34 129.298 130.435 131.475 132.597 133.813 134.863 136.089 137.164 138.28 139.409 140.512 141.803 143.031 144.311 145.517 146.77 147.917 149.157 150.468 151.91 153.151 154.458 155.615 156.829 158.106 159.281 160.455 161.769 163.095 164.468 165.726 166.879 168.062 169.33 170.454 171.468 172.463 173.557 174.582 175.599 176.666 177.577 178.501 179.364 180.094 180.628 181.194 181.612 181.819 181.944 181.849 181.623 181.197 180.43 179.676 178.33 176.83 175.333 173.523 170.937 168.518 165.445 162.128 158.215 153.418 148.665 143.659 138.35 132.424 127.053 122.451 118.754 116.582 115.848
127.435 128.463 129.56 130.421 131.35 132.33 133.358 134.535 135.619 136.74 137.749 138.705 139.814 140.952 142.118 143.307 144.38 145.45 146.419 147.637 148.832 150.015 151.121 152.281 153.348 154.413 155.5 156.627 157.864 159.055 160.196 161.16 162.115 163.143 164.134 165.135 166.202 167.283 168.166 169.058 169.895 170.649 171.272 171.866 172.324 172.702 173.158 173.464 173.55 173.529 173.34 173.04 172.565 171.601 170.407 169.431 167.68 165.561 163.403 161.094 158.065 154.851 151.133 147.801 142.97 138.711 133.709 128.206 122.213 116.503 111.269 108.789 108.517 108.331 108.613 111.5 109.931
127.933 128.774 129.747 130.622 131.529 132.544 133.505 134.552 135.457 136.401 137.24 138.336 139.384 140.267 141.304 142.097 143.126 144.075 145.249 146.226 147.195 148.195 148.993 150.077 151.056 152.131 153.123 154.079 154.883 155.628 156.585 157.539 158.504 159.302 160.191 160.855 161.49 162.042 162.691 163.321 163.841 164.38 164.674 164.931 165.195 164.968 164.687 164.409 163.931 163.209 162.182 160.989 159.428 157.662 155.804 153.765 150.989 148.145 144.375 140.868 136.723 132.344 127.558 122.959 117.566 112.211 108.045 102.366 98.7381 96.3699 100.891 106.221 91.5898 90.4051 70.6895 68.6367 74.0964
127.483 128.346 129.156 129.926 130.838 131.659 132.478 133.161 133.869 134.706 135.645 136.569 137.434 138.182 138.947 139.784 140.815 141.611 142.504 143.191 144.017 144.902 145.831 146.602 147.41 148.021 148.693 149.529 150.345 151.152 151.773 152.345 152.791 153.535 154.122 154.608 154.91 155.169 155.444 155.683 155.699 155.865 155.869 155.372 154.926 154.206 153.269 152.482 151.196 149.845 148.06 145.954 143.657 141.031 137.839 134.301 130.927 126.796 122.334 117.344 111.437 106.516 102.45 97.2273 91.9804 89.2635 88.2413 90.6326 91.7657 84.4048 76.252 73.8405 73.5437 58.3967 39.722 0 0
125.879 126.459 127.068 127.8 128.546 129.281 129.961 130.545 131.371 132.067 132.692 133.335 133.952 134.768 135.51 136.185 136.79 137.355 138.209 139.015 139.537 140.101 140.591 141.262 141.969 142.611 143.007 143.491 143.865 144.565 144.946 145.309 145.497 145.609 145.995 146.126 146.275 146.312 146.06 145.629 145.335 144.774 144.141 143.288 142.088 141.072 139.569 137.593 135.583 132.996 130.265 127.246 124.396 120.52 116.756 112.863 108.272 102.687 96.9834 92.35 87.7575 84.3879 83.0261 84.1323 83.9976 83.65 70.2712 67.7705 68.8943 57.9907 55.7218 0 0 0 0 0 0
122.699 123.265 123.915 124.537 125.066 125.453 126.053 126.657 127.25 127.69 128.232 128.888 129.436 129.904 130.358 130.983 131.524 131.782 132.109 132.485 133.011 133.527 133.833 134.065 134.559 135.001 135.272 135.462 135.602 135.728 135.945 136.073 136.072 135.985 135.898 135.773 135.335 134.842 134.118 133.519 132.583 131.513 129.792 128.424 126.47 124.396 122 119.352 116.822 113.584 109.859 106.572 102.795 98.3764 94.0929 90.2688 84.8487 80.5549 77.7928 76.0339 75.2068 74.3735 74.0961 72.338 62.1676 56.6977 53.0088 0 0 0 0 0 0 0 0 0 0
118.483 118.84 119.222 119.613 120.12 120.625 121.098 121.862 122.451 122.901 123.48 123.996 124.336 124.675 125.026 125.454 125.904 126.213 126.479 126.826 126.96 127.045 127.202 127.483 127.639 127.623 127.479 127.442 127.418 127.177 126.738 126.944 126.07 128.679 124.57 123.983 123.156 122.044 120.939 119.683 118.294 116.568 114.631 112.689 110.456 107.902 105.092 101.952 99.2039 95.3842 91.4881 86.8933 82.326 78.1883 74.2256 71.5398 70.2369 70.332 70.6669 71.1545 59.7472 58.8599 49.5385 30.3427 0 0 0 0 0 0 0 0 0 0 0 0 0
114.055 114.757 115.456 116.185 116.979 117.569 118.029 118.619 119.139 119.557 119.978 120.342 120.654 120.967 121.154 121.325 121.492 121.569 121.711 121.821 121.759 121.831 121.701 121.418 121.226 120.958 120.676 120.306 119.801 119.337 120.413 119.529 118.932 116.391 118.511 117.953 117.947 109.783 107.988 106.148 104.548 102.196 100.133 97.6408 94.116 91.0244 87.5716 83.4181 81.8751 77.233 76.1196 68.3037 66.6779 67.1606 70.2741 67.0274 58.1687 58.1687 55.8547 39.6909 0 0 0 0 0 0 0 0 0 0 0 0 0 0 0 0 0
110.65 111.358 112.025 112.581 113.01 113.485 113.76 113.97 114.206 114.474 114.664 114.838 114.929 115.015 115.189 115.166 115.074 115.018 114.791 114.556 114.346 114.042 113.731 113.376 112.817 112.199 111.293 111.466 112.146 111.989 112.144 112.314 113.4 104.882 106.24 104.414 103.181 102.111 93.3188 91.5806 90.1835 89.1796 84.11 82.8919 80.9376 72.6983 71.6384 69.9662 64.8934 62.3092 63.3874 66.6539 57.968 57.4509 54.6282 42.5068 27.0607 0 0 0 0 0 0 0 0 0 0 0 0 0 0 0 0 0 0 0 0
106.089 106.485 106.881 107.2 107.465 107.533 107.653 107.761 107.877 107.939 108.011 107.902 107.811 107.583 107.393 107.226 107.073 106.762 106.19 105.786 105.061 104.494 103.839 102.852 102.411 103.079 102.818 103.087 103.668 103.77 102.857 101.766 97.1635 96.7316 95.4154 93.2898 83.1221 79.535 78.45 77.3992 76.5904 73.93 71.9624 67.2007 65.9485 61.0861 55.5216 57.7977 59.6269 57.2967 46.5731 44.8614 34.5825 0 0 0 0 0 0 0 0 0 0 0 0 0 0 0 0 0 0 0 0 0 0 0 0
100.127 100.32 100.401 100.467 100.564 100.615 100.476 100.343 100.362 100.16 100.088 99.743 99.3209 98.9067 98.4222 97.8835 97.3595 96.7558 96.0376 95.6862 95.1227 94.1157 93.4529 93.9292 94.0014 94.061 93.2841 92.2597 91.9911 91.5176 90.6047 88.3903 84.5184 82.9899 81.2574 73.6305 73.3023 72.9776 68.5348 59.5897 58.2626 57.1936 54.8329 52.4151 52.281 48.1733 45.5589 44.3333 33.8416 29.7638 0 0 0 0 0 0 0 0 0 0 0 0 0 0 0 0 0 0 0 0 0 0 0 0 0 0 0
92.6523 92.6982 92.6304 92.408 92.2569 92.2015 92.0578 91.8637 91.4926 90.8505 90.3049 89.8722 89.3354 88.6859 87.8997 87.2411 86.6704 86.2753 85.5957 85.9399 86.4758 86.5677 86.6634 86.6983 86.82 86.5183 85.635 84.2329 83.4036 81.4456 68.8892 67.9752 67.1272 66.1569 64.8067 60.3719 59.786 58.4257 49.8624 49.4353 49.2641 49.3879 46.1738 44.7008 42.3275 0 0 0 0 0 0 0 0 0 0 0 0 0 0 0 0 0 0 0 0 0 0 0 0 0 0 0 0 0 0 0 0
83.4695 83.194 82.9725 82.9032 82.6568 82.3129 81.9663 81.444 80.7836 79.9642 79.1963 78.6805 78.1529 77.7183 77.4191 76.7608 75.6886 74.6363 76.4295 77.5339 78.6083 78.4224 77.8925 77.932 78.1182 68.8756 67.7276 66.3694 65.6787 64.5079 54.9093 54.7521 54.5048 53.794 44.8888 44.7411 43.4637 42.134 42.6304 42.6304 32.7992 0 0 0 0 0 0 0 0 0 0 0 0 0 0 0 0 0 0 0 0 0 0 0 0 0 0 0 0 0 0 0 0 0 0 0 0
73.194 72.6089 71.8064 70.9489 69.9475 69.9546 70.0075 70.1143 69.672 69.0488 68.1116 67.5233 67.0892 66.2596 65.1397 64.7402 65.6046 71.0445 64.4751 64.5556 64.8685 63.8831 62.8705 61.5865 60.3098 59.4481 51.787 51.5873 51.0052 50.2033 44.924 44.3862 39.2167 38.6257 30.6695 30.6695 25.2278 0 0 0 0 0 0 0 0 0 0 0 0 0 0 0 0 0 0 0 0 0 0 0 0 0 0 0 0 0 0 0 0 0 0 0 0 0 0 0 0
60.9009 60.3725 59.6027 59.7432 59.9985 59.9069 59.3321 58.3693 57.6451 56.9667 56.3004 55.4864 54.903 56.8369 58.1775 59.1517 59.0324 58.7397 58.3947 57.9206 50.1227 48.9362 47.7215 47.3839 40.4663 40.2318 39.9247 39.7367 38.1788 32.856 32.5347 0 0 0 0 0 0 0 0 0 0 0 0 0 0 0 0 0 0 0 0 0 0 0 0 0 0 0 0 0 0 0 0 0 0 0 0 0 0 0 0 0 0 0 0 0 0
48.2598 48.8212 48.8931 49.5309 50.1458 50.2699 50.2581 49.9365 49.3909 49.0199 48.2543 47.6887 46.206 44.2896 44.7342 44.8167 43.8669 42.4321 41.9507 42.1485 36.124 36.4118 34.7358 32.4611 28.3712 25.0065 0 0 0 0 0 0 0 0 0 0 0 0 0 0 0 0 0 0 0 0 0 0 0 0 0 0 0 0 0 0 0 0 0 0 0 0 0 0 0 0 0 0 0 0 0 0 0 0 0 0 0
42.479 42.8329 44.4725 45.4569 46.1241 45.9532 45.6018 44.8689 42.9148 42.5272 41.8084 40.8222 39.5881 39.5881 38.7049 24.6654 0 0 0 0 0 0 0 0 0 0 0 0 0 0 0 0 0 0 0 0 0 0 0 0 0 0 0 0 0 0 0 0 0 0 0 0 0 0 0 0 0 0 0 0 0 0 0 0 0 0 0 0 0 0 0 0 0 0 0 0 0
33.1472 32.2003 30.838 29.1737 26.7811 23.7849 0 0 0 0 0 0 0 0 0 0 0 0 0 0 0 0 0 0 0 0 0 0 0 0 0 0 0 0 0 0 0 0 0 0 0 0 0 0 0 0 0 0 0 0 0 0 0 0 0 0 0 0 0 0 0 0 0 0 0 0 0 0 0 0 0 0 0 0 0 0 0
0 0 0 0 0 0 0 0 0 0 0 0 0 0 0 0 0 0 0 0 0 0 0 0 0 0 0 0 0 0 0 0 0 0 0 0 0 0 0 0 0 0 0 0 0 0 0 0 0 0 0 0 0 0 0 0 0 0 0 0 0 0 0 0 0 0 0 0 0 0 0 0 0 0 0 0 0
0 0 0 0 0 0 0 0 0 0 0 0 0 0 0 0 0 0 0 0 0 0 0 0 0 0 0 0 0 0 0 0 0 0 0 0 0 0 0 0 0 0 0 0 0 0 0 0 0 0 0 0 0 0 0 0 0 0 0 0 0 0 0 0 0 0 0 0 0 0 0 0 0 0 0 0 0
0 0 0 0 0 0 0 0 0 0 0 0 0 0 0 0 0 0 0 0 0 0 0 0 0 0 0 0 0 0 0 0 0 0 0 0 0 0 0 0 0 0 0 0 0 0 0 0 0 0 0 0 0 0 0 0 0 0 0 0 0 0 0 0 0 0 0 0 0 0 0 0 0 0 0 0 0
0 0 0 0 0 0 0 0 0 0 0 0 0 0 0 0 0 0 0 0 0 0 0 0 0 0 0 0 0 0 0 0 0 0 0 0 0 0 0 0 0 0 0 0 0 0 0 0 0 0 0 0 0 0 0 0 0 0 0 0 0 0 0 0 0 0 0 0 0 0 0 0 0 0 0 0 0
0 0 0 0 0 0 0 0 0 0 0 0 0 0 0 0 0 0 0 0 0 0 0 0 0 0 0 0 0 0 0 0 0 0 0 0 0 0 0 0 0 0 0 0 0 0 0 0 0 0 0 0 0 0 0 0 0 0 0 0 0 0 0 0 0 0 0 0 0 0 0 0 0 0 0 0 0
0 0 0 0 0 0 0 0 0 0 0 0 0 0 0 0 0 0 0 0 0 0 0 0 0 0 0 0 0 0 0 0 0 0 0 0 0 0 0 0 0 0 0 0 0 0 0 0 0 0 0 0 0 0 0 0 0 0 0 0 0 0 0 0 0 0 0 0 0 0 0 0 0 0 0 0 0
0 0 0 0 0 0 0 0 0 0 0 0 0 0 0 0 0 0 0 0 0 0 0 0 0 0 0 0 0 0 0 0 0 0 0 0 0 0 0 0 0 0 0 0 0 0 0 0 0 0 0 0 0 0 0 0 0 0 0 0 0 0 0 0 0 0 0 0 0 0 0 0 0 0 0 0 0
0 0 0 0 0 0 0 0 0 0 0 0 0 0 0 0 0 0 0 0 0 0 0 0 0 0 0 0 0 0 0 0 0 0 0 0 0 0 0 0 0 0 0 0 0 0 0 0 0 0 0 0 0 0 0 0 0 0 0 0 0 0 0 0 0 0 0 0 0 0 0 0 0 0 0 0 0
