benchmarks/avaHockeySmoothChannel/release1HS2_entres_ref_0.15500_pfd.asc
ncols         1000
nrows         400
xllcenter     1000
yllcenter     -5000
cellsize      5
NODATA_value  -9999
[rows 170 to 203 of 400, columns 0 to 76 of 1000]
0 0 0 0 0 0 0 0 0 0 0 0 0 0 0 0 0 0 0 0 0.00263142 0.024506 0.0624871 0.105945 0.16235 0.200912 0.23934 0.306274 0.36404 0.391675 0.394073 0.39138 0.395491 0.417431 0.464857 0.476795 0.502997 0.508962 0.492059 0.477592 0.480907 0.493705 0.515937 0.518506 0.526298 0.534569 0.521305 0.526391 0.523935 0.502782 0.495298 0.494194 0.497553 0.486777 0.482103 0.498404 0.514021 0.514655 0.536579 0.521245 0.522962 0.508259 0.506415 0.490187 0.487942 0.481952 0.471729 0.471582 0.455286 0.444568 0.414119 0.39874 0.391941 0.405831 0.39617 0.396927 0.381619
0 0 0 0 0 0 0 0 0 0 0 0 0 0 0 0 0 0 0 0 0.30181 0.68224 0.771145 0.703695 0.69839 0.665191 0.638789 0.679835 0.689306 0.780388 0.806284 0.804695 0.772864 0.734402 0.809594 0.800728 0.760973 0.74523 0.742683 0.748752 0.723051 0.711357 1.15737 0.942524 0.867371 0.8477 0.825604 0.794621 0.761034 0.741462 0.723296 0.718578 0.711353 0.698013 0.690699 0.680191 0.83688 0.766548 0.728721 0.691637 0.672348 0.653077 0.648414 0.654373 0.669422 0.667682 0.66078 0.64913 0.64284 0.640214 0.636216 0.642604 0.657436 0.643938 0.633903 0.620139 0.610242
0 0 0 0 0 0 0 0 0 0 0 0 0 0 0 0 0 0 0 0 0.528765 0.784298 0.714512 0.838159 1.27945 1.06137 1.1073 0.989899 0.999946 0.985825 0.897824 1.04029 1.44991 1.13435 1.01787 0.958658 0.898581 1.07986 1.42154 1.1207 1.01619 1.08881 0.924871 0.874345 1.16356 1.04717 0.991169 0.903678 0.895664 1.05146 0.943456 1.47641 1.10238 1.08266 1.06819 0.968286 0.920266 0.951672 1.06094 0.910295 1.02547 1.09078 0.997291 0.923295 0.977204 0.944614 0.953899 0.942521 1.1686 0.980951 1.44452 1.1666 1.04604 0.958047 1.00573 1.05476 1.05683
0 0 0 0 0 0 0 0 0 0 0 0 0 0 0 0 0 0 0 0 0.736238 0.906306 0.977304 0.992658 0.946207 0.918609 1.00158 1.13974 1.24272 1.13749 1.06696 1.00348 0.954791 0.931613 1.27432 1.09799 1.02437 0.994029 0.947945 0.922571 0.917018 0.995962 1.04095 1.1623 1.06667 1.01288 1.36224 1.18487 1.23318 1.13685 1.13191 1.03827 1.30327 1.13042 1.06795 1.01195 1.0063 1.17172 1.07995 1.48065 1.15939 1.06122 1.14491 1.1064 1.05018 1.17181 1.04828 0.986419 1.30115 1.08879 1.0155 1.00917 1.29588 1.14424 1.04303 1.09861 1.13361
0 0 0 0 0 0 0 0 0 0 0 0 0 0 0 0 0 0 0 0 0.376942 1.31322 1.06936 1.16226 1.30076 1.08688 1.01121 0.988123 1.09819 1.06474 1.12514 1.1258 1.26097 1.21489 1.10531 1.05349 1.0126 1.33675 1.15711 1.22968 1.12998 1.12441 1.18582 1.14069 1.1362 1.09751 1.229 1.13032 1.2198 1.24644 1.15258 1.09264 1.1167 1.09923 1.05904 1.03616 1.14312 1.11539 1.04983 1.05949 1.0543 1.5797 1.26876 1.17084 1.09421 1.03145 1.18361 1.08144 1.05419 1.08013 1.19205 1.16238 1.17469 1.12008 1.08352 1.03537 1.0137
0 0 0 0 0 0 0 0 0 0 0 0 0 0 0 0 0 0 0 0 0.449379 0.931173 1.02053 0.987849 1.06033 1.09389 1.13122 1.13146 1.21125 1.15197 1.12147 1.09493 1.19648 1.12203 1.32654 1.20004 1.14613 1.10385 1.0715 1.12086 1.16831 1.1141 1.10203 1.08758 1.08431 1.04892 1.02903 1.02002 1.00258 1.23756 1.50169 1.28437 1.19977 1.16165 1.14779 1.23851 1.1367 1.08008 1.05206 1.09977 1.05819 1.03629 1.0519 1.33086 1.45212 1.20794 1.11753 1.15208 1.08182 1.06067 1.13736 1.09396 1.11267 1.07827 1.04631 1.02901 1.18823
0 0 0 0 0 0 0 0 0 0 0 0 0 0 0 0 0 0 0 0 0.670407 0.839642 1.1589 1.09732 1.03969 1.01321 1.17938 1.08966 1.06166 1.17635 1.10911 1.08115 1.10045 1.20973 1.22885 1.17055 1.12025 1.11418 1.08783 1.06252 1.04164 1.26422 1.15657 1.13446 1.09662 1.08275 1.16872 1.0522 1.03276 1.01683 1.18283 1.19499 1.14708 1.21353 1.11979 1.10298 1.07945 1.06831 1.06234 1.06496 1.04697 1.04064 1.03606 1.03031 1.02988 1.0336 1.00366 1.01202 1.16482 1.17819 1.18308 1.14248 1.23299 1.27102 1.20757 1.35986 1.22176
0 0 0 0 0 0 0 0 0 0 0 0 0 0 0 0 0 0 0 0 0.744968 1.08576 0.960981 0.912055 1.15247 1.08728 1.0525 1.02777 1.01235 1.00286 1.06772 1.04034 1.02471 1.00895 1.34776 1.46469 1.2664 1.22683 1.15893 1.13017 1.08653 1.06098 1.04692 1.25209 1.11838 1.20152 1.13236 1.14642 1.0884 1.06636 1.22566 1.20845 1.18307 1.14392 1.13094 1.13444 1.1488 1.50668 1.32726 1.2341 1.21783 1.17301 1.122 1.10636 1.15711 1.22617 1.16184 1.15611 1.23601 1.14169 1.10161 1.15938 1.14679 1.10293 1.07686 1.08624 1.16154
0 0 0 0 0 0 0 0 0 0 0 0 0 0 0 0 0 0 0 0 0.550163 0.881751 0.9656 0.934551 0.949828 1.09386 1.11408 1.37438 1.18897 1.25856 1.22224 1.22737 1.14389 1.09203 1.06392 1.09828 1.1286 1.12161 1.11371 1.09434 1.34193 1.18339 1.13008 1.10199 1.17609 1.26515 1.20528 1.19496 1.12931 1.09579 1.17037 1.13577 1.11183 1.15508 1.13693 1.23786 1.13553 1.08616 1.19531 1.08911 1.11133 1.21906 1.15908 1.12226 1.09505 1.0715 1.06058 1.07168 1.06783 1.0554 1.24742 1.15767 1.11868 1.14239 1.09333 1.0991 1.10828
0 0 0 0 0 0 0 0 0 0 0 0 0 0 0 0 0 0 0 0 0.481615 1.02821 1.07664 1.45736 1.20865 1.12746 1.06954 1.24227 1.15475 1.11237 1.08558 1.06776 1.09702 1.04475 1.03711 1.02742 1.17063 1.10786 1.08403 1.07193 1.1129 1.09971 1.1149 1.09408 1.08361 1.16523 1.13035 1.09756 1.07429 1.1256 1.15396 1.14145 1.12673 1.11757 1.1076 1.31066 1.18267 1.12104 1.08797 1.09799 1.07158 1.06417 1.26981 1.51176 1.24682 1.31197 1.15664 1.22375 1.22177 1.12933 1.51937 1.3069 1.24087 1.1917 1.18278 1.15378 1.12543
0 0 0 0 0 0 0 0 0 0 0 0 0 0 0 0 0 0 0 0 0.333685 0.974772 1.03281 1.12436 1.2093 1.10605 1.04621 1.18288 1.15757 1.13701 1.10627 1.08807 1.08345 1.11695 1.09501 1.13277 1.11219 1.10589 1.38972 1.27077 1.19228 1.14077 1.31096 1.15769 1.16914 1.24452 1.17174 1.3216 1.16623 1.13364 1.10456 1.07243 1.06463 1.07574 1.08353 1.04753 1.15246 1.09845 1.07829 1.12478 1.08543 1.0656 1.05871 1.26017 1.1568 1.12529 1.08131 1.06223 1.05818 1.275 1.1819 1.13274 1.08753 1.1115 1.10258 1.0859 1.17337
0 0 0 0 0 0 0 0 0 0 0 0 0 0 0 0 0 0 0 0 0.338077 0.987033 0.915374 1.27522 1.13759 1.05091 0.999271 1.11345 1.26982 1.20622 1.16323 1.12525 1.11021 1.10142 1.08668 1.07441 1.05683 1.05727 1.04749 1.05641 1.04638 1.04311 1.24355 1.16546 1.11526 1.08256 1.06516 1.05468 1.05513 1.09302 1.05962 1.04621 1.31664 1.1964 1.14809 1.10939 1.07951 1.08768 1.06379 1.04435 1.05209 1.13952 1.04766 1.06104 1.19344 1.09505 1.44573 1.26993 1.20904 1.15971 1.12945 1.38974 1.2389 1.18124 1.16383 1.15064 1.12497
0 0 0 0 0 0 0 0 0 0 0 0 0 0 0 0 0 0 0 0 0.561387 1.35049 1.12895 1.02903 1.12023 1.6048 1.29361 1.46318 1.26648 1.1884 1.14084 1.1065 1.07844 1.52155 1.31712 1.22084 1.1609 1.11378 1.25259 1.24045 1.14185 1.10685 1.18043 1.23672 1.16036 1.11169 1.08681 1.23467 1.11728 1.10754 1.12456 1.0972 1.35062 1.20526 1.14982 1.26795 1.19519 1.12347 1.17374 1.14387 1.16798 1.12661 1.21593 1.14553 1.26771 1.17906 1.15372 1.1229 1.10798 1.09695 1.24218 1.16325 1.13543 1.60019 1.32314 1.22905 1.19028
0 0 0 0 0 0 0 0 0 0 0 0 0 0 0 0 0 0 0 0 0.614299 0.994339 1.20469 1.05757 0.978889 0.967861 0.956709 0.954018 1.0972 1.13315 1.1682 1.10377 1.21915 1.13183 1.11076 1.25941 1.18706 1.14797 1.119 1.09506 1.07938 1.0782 1.25464 1.12017 1.18126 1.1851 1.12386 1.14752 1.30258 1.16242 1.11214 1.08716 1.06796 1.06788 1.06247 1.09487 1.05227 1.08018 1.07007 1.18554 1.14977 1.11512 1.09775 1.37801 1.22916 1.15631 1.12611 1.19505 1.12696 1.11104 1.13453 1.13683 1.12617 1.1732 1.15282 1.15066 1.16869
0 0 0 0 0 0 0 0 0 0 0 0 0 0 0 0 0 0 0 0 0.354388 1.01571 1.07728 1.38669 1.18219 1.0966 1.29113 1.19539 1.16443 1.14305 1.3498 1.16717 1.2119 1.09594 1.30579 1.25902 1.22106 1.19254 1.16739 1.13164 1.10425 1.07961 1.07064 1.10396 1.26947 1.15644 1.11954 1.09529 1.17212 1.25084 1.12471 1.08333 1.17159 1.09673 1.07174 1.06363 1.0518 1.04754 1.04601 1.1943 1.1448 1.11487 1.08954 1.07538 1.06865 1.06854 1.08686 1.07345 1.07295 1.11889 1.18807 1.11483 1.23456 1.20028 1.18446 1.13307 1.14679
0 0 0 0 0 0 0 0 0 0 0 0 0 0 0 0 0 0 0 0 0.664869 0.915618 0.946725 0.912251 0.909722 1.36999 1.22012 1.33293 1.19781 1.142 1.10982 1.08323 1.07144 1.06155 1.04441 1.02853 1.18463 1.59486 1.31906 1.23054 1.17248 1.12812 1.10016 1.07867 1.06192 1.06237 1.10308 1.07144 1.32046 1.15973 1.10638 1.09665 1.07682 1.16166 1.17007 1.06401 1.17444 1.10523 1.08276 1.0607 1.08353 1.37786 1.20011 1.21547 1.34293 1.21727 1.14953 1.44494 1.27994 1.20228 1.16638 1.15309 1.26251 1.1578 1.12713 1.13673 1.157
0 0 0 0 0 0 0 0 0 0 0 0 0 0 0 0 0 0 0 0 0.562916 0.928662 1.23383 1.04139 1.17537 1.17594 1.12813 1.09953 1.09659 1.03836 1.03723 1.27059 1.1377 1.32151 1.20105 1.46701 1.23199 1.16181 1.12291 1.09383 1.12077 1.20968 1.32754 1.19842 1.14125 1.1037 1.0839 1.06788 1.05319 1.02831 1.25596 1.2399 1.16978 1.13483 1.20688 1.12048 1.36934 1.23008 1.17863 1.12941 1.27788 1.16425 1.08691 1.05221 1.04359 1.05148 1.07084 1.27843 1.19205 1.15977 1.14342 1.12812 1.10477 1.35297 1.21379 1.17833 1.1346
0 0 0 0 0 0 0 0 0 0 0 0 0 0 0 0 0 0 0 0 0.594285 1.00703 0.935907 1.18897 1.09394 1.04164 1.00699 1.02442 1.18807 1.12644 1.09505 1.13119 1.09404 1.06566 1.05543 1.04265 1.03856 1.03676 1.0344 1.09491 1.06827 1.13395 1.13033 1.1031 1.09236 1.05216 1.24765 1.17545 1.14755 1.12503 1.09951 1.09347 1.24426 1.15418 1.14911 1.14232 1.40202 1.25501 1.20378 1.2715 1.25791 1.18636 1.12828 1.08735 1.23365 1.13631 1.08442 1.15679 1.09899 1.08174 1.15563 1.12527 1.08846 1.09026 1.13153 1.12959 1.12856
0 0 0 0 0 0 0 0 0 0 0 0 0 0 0 0 0 0 0 0 0.244068 1.02341 0.995601 0.990601 0.977043 1.14824 1.10341 1.20719 1.10996 1.18734 1.19832 1.11177 1.06809 1.04136 1.28493 1.17106 1.13107 1.23721 1.14791 1.12276 1.10734 1.0786 1.07321 1.06784 1.51135 1.24827 1.38702 1.25158 1.19675 1.14945 1.12876 1.09124 1.13514 1.0759 1.06593 1.05258 1.05053 1.05911 1.06872 1.07271 1.06859 1.06253 1.06159 1.20805 1.24114 1.15574 1.11684 1.08069 1.25921 1.2336 1.16148 1.12334 1.09483 1.08932 1.07508 1.07747 1.09123
0 0 0 0 0 0 0 0 0 0 0 0 0 0 0 0 0 0 0 0 0.359568 1.23741 1.17999 1.06917 1.02797 1.01877 1.01068 1.00008 1.1612 1.226 1.1444 1.10625 1.21277 1.21925 1.15633 1.22738 1.174 1.12999 1.12105 1.08294 1.07085 1.05737 1.18569 1.12625 1.27822 1.20054 1.15179 1.13338 1.11296 1.22542 1.2462 1.15067 1.11421 1.40808 1.24078 1.13297 1.4008 1.30866 1.25407 1.22647 1.2104 1.62548 1.31054 1.22249 1.18252 1.13779 1.11579 1.09467 1.06977 1.39711 1.23702 1.19443 1.15485 1.12182 1.10347 1.27319 1.15778
0 0 0 0 0 0 0 0 0 0 0 0 0 0 0 0 0 0 0 0 0.594905 1.15757 1.00734 1.20301 1.08439 1.40176 1.18766 1.21084 1.11182 1.06451 1.33671 1.17174 1.11675 1.08473 1.10391 1.04677 1.06513 1.07267 1.27016 1.24989 1.25894 1.15123 1.1045 1.22385 1.12252 1.12463 1.12056 1.07586 1.06824 1.0848 1.13495 1.08294 1.13454 1.11663 1.08971 1.06731 1.07755 1.07616 1.08971 1.09462 1.11504 1.12788 1.11006 1.09798 1.08634 1.2341 1.23547 1.14068 1.17113 1.09534 1.06586 1.06059 1.14898 1.47866 1.27106 1.18952 1.13481
0 0 0 0 0 0 0 0 0 0 0 0 0 0 0 0 0 0 0 0 0.618454 1.13458 0.999043 0.923478 1.10272 1.29235 1.20783 1.13732 1.08935 1.05567 1.07858 1.0635 1.18629 1.1938 1.1628 1.14152 1.12384 1.07901 1.07114 1.11693 1.11393 1.11114 1.1152 1.0754 1.06535 1.05753 1.0568 1.17274 1.10703 1.06789 1.04479 1.04188 1.22066 1.13792 1.10512 1.19694 1.19457 1.21269 1.1542 1.1245 1.13459 1.10924 1.58791 1.28252 1.19125 1.24744 1.17305 1.21871 1.15548 1.1057 1.08272 1.25473 1.18725 1.14374 1.13935 1.12337 1.10517
0 0 0 0 0 0 0 0 0 0 0 0 0 0 0 0 0 0 0 0 0.284995 1.12932 1.16512 1.27177 1.10938 1.05473 1.05253 1.04695 1.2343 1.11375 1.07794 1.24322 1.12942 1.09395 1.05981 1.06595 1.02734 1.0165 1.48883 1.24302 1.17515 1.33166 1.1513 1.10141 1.08126 1.37211 1.22678 1.15219 1.23912 1.32028 1.19474 1.18733 1.12755 1.12125 1.13052 1.41337 1.213 1.14966 1.12199 1.09431 1.1951 1.12045 1.09182 1.09274 1.15074 1.06468 1.06427 1.09553 1.12947 1.41417 1.24643 1.18258 1.14434 1.16344 1.12847 1.11063 1.10572
0 0 0 0 0 0 0 0 0 0 0 0 0 0 0 0 0 0 0 0 0.596443 0.904337 0.985412 0.936341 0.941547 1.46782 1.28904 1.22665 1.37769 1.21591 1.15182 1.13908 1.22839 1.18453 1.12987 1.14998 1.1803 1.08148 1.05989 1.05279 1.03966 1.03389 1.02749 1.35513 1.15202 1.10025 1.07095 1.04835 1.04094 1.0284 1.12963 1.19724 1.13734 1.16672 1.13603 1.10203 1.08382 1.19113 1.09655 1.07336 1.22333 1.16187 1.13152 1.0958 1.12057 1.14515 1.11052 1.24632 1.2182 1.17349 1.14081 1.13396 1.19659 1.25087 1.13297 1.12151 1.09386
0 0 0 0 0 0 0 0 0 0 0 0 0 0 0 0 0 0 0 0 0.501626 0.97715 1.07591 0.979204 0.945724 1.26227 1.12825 1.0825 1.05406 1.16586 1.11419 1.08737 1.20144 1.20528 1.11492 1.09365 1.09301 1.16617 1.17997 1.12236 1.08599 1.15586 1.1231 1.07858 1.08382 1.42662 1.24144 1.17922 1.20434 1.37145 1.18523 1.12663 1.07055 1.05974 1.04825 1.04244 1.04362 1.03805 1.05288 1.03664 1.34374 1.19772 1.15268 1.25484 1.22491 1.17461 1.13935 1.10317 1.07432 1.0589 1.1821 1.14439 1.11355 1.08901 1.13359 1.08549 1.50344
0 0 0 0 0 0 0 0 0 0 0 0 0 0 0 0 0 0 0 0 0.449912 0.711334 0.958282 1.01771 1.0882 1.02342 1.30334 1.33144 1.21755 1.16466 1.13196 1.11966 1.29376 1.19124 1.14835 1.21923 1.28907 1.18669 1.11969 1.19166 1.19624 1.13931 1.10547 1.08553 1.47627 1.28184 1.19413 1.18628 1.14212 1.12084 1.09562 1.07471 1.06587 1.04945 1.04008 1.10626 1.26865 1.16528 1.13311 1.10962 1.08324 1.07921 1.06643 1.0464 1.16168 1.31862 1.48759 1.28124 1.22661 1.1798 1.39654 1.22915 1.18788 1.15722 1.23744 1.11974 1.20958
0 0 0 0 0 0 0 0 0 0 0 0 0 0 0 0 0 0 0 0 0.554089 0.897508 1.46636 1.35641 1.23407 1.1572 1.10441 1.05005 1.06293 1.07269 1.06937 1.05956 1.05363 1.05551 1.16372 1.1194 1.1321 1.09234 1.12098 1.11568 1.11078 1.21663 1.14308 1.10708 1.08179 1.07 1.39634 1.23686 1.18883 1.1629 1.13357 1.12146 1.19325 1.33505 1.23701 1.18786 1.14843 1.13723 1.14192 1.08969 1.07974 1.35424 1.17294 1.18246 1.11847 1.09181 1.16638 1.1078 1.35957 1.21171 1.16548 1.12609 1.10278 1.08713 1.08738 1.12977 1.1063
0 0 0 0 0 0 0 0 0 0 0 0 0 0 0 0 0 0 0 0 0.517461 0.884827 1.26211 1.13295 1.12093 1.06705 1.04062 1.37098 1.21662 1.1483 1.12123 1.09572 1.07487 1.06813 1.05812 1.03596 1.05627 1.11627 1.27669 1.40113 1.23459 1.18616 1.14581 1.11568 1.10323 1.08802 1.06931 1.06151 1.05994 1.05087 1.3746 1.18847 1.13817 1.13684 1.27581 1.17984 1.12393 1.11079 1.0793 1.0685 1.31665 1.19349 1.14595 1.10573 1.37756 1.13348 1.36808 1.23749 1.16618 1.1412 1.09285 1.09169 1.08412 1.11607 1.08605 1.08854 1.22397
0 0 0 0 0 0 0 0 0 0 0 0 0 0 0 0 0 0 0 0 0.461177 1.06673 1.1498 1.14856 1.05825 1.115 1.09977 1.08692 1.32988 1.20135 1.15909 1.12149 1.23315 1.28403 1.16986 1.28674 1.17613 1.18182 1.13012 1.10145 1.08309 1.07756 1.06569 1.05135 1.04722 1.39832 1.22044 1.30535 1.11319 1.08491 1.06389 1.04779 1.19473 1.17895 1.11674 1.11922 1.23799 1.15049 1.21423 1.13866 1.12121 1.07585 1.27624 1.20134 1.15595 1.11549 1.28905 1.22783 1.16701 1.12756 1.09808 1.56569 1.31607 1.22584 1.17734 1.66836 1.37869
0 0 0 0 0 0 0 0 0 0 0 0 0 0 0 0 0 0 0 0 0.386903 0.899286 0.966698 0.924996 0.926682 0.967014 0.975336 0.972843 0.965135 1.09825 1.47604 1.25585 1.17946 1.13478 1.26564 1.142 1.09461 1.06677 1.0458 1.02679 1.02844 1.02261 1.03978 1.3751 1.27335 1.17788 1.13457 1.09847 1.07171 1.12026 1.15764 1.11579 1.21798 1.14792 1.11495 1.08188 1.07094 1.05765 1.17231 1.07609 1.043 1.04589 1.0636 1.26614 1.21946 1.1655 1.16146 1.15606 1.14464 1.12767 1.11117 1.31594 1.20655 1.15355 1.11744 1.36128 1.27458
0 0 0 0 0 0 0 0 0 0 0 0 0 0 0 0 0 0 0 0 0.636091 0.941427 0.874861 0.901725 1.45263 1.26493 1.16691 1.09967 1.07227 1.03003 1.02723 1.01803 1.16184 1.11241 1.07884 1.06075 1.03651 1.28459 1.23932 1.2717 1.21572 1.18141 1.15718 1.17372 1.24294 1.15684 1.1316 1.09972 1.09199 1.18394 1.16021 1.10593 1.0763 1.05586 1.04816 1.04315 1.03484 1.05514 1.09174 1.04192 1.03118 1.02127 1.02901 1.03667 1.13739 1.16064 1.11221 1.08735 1.07003 1.07168 1.14481 1.09507 1.06768 1.25204 1.24122 1.16521 1.12155
0 0 0 0 0 0 0 0 0 0 0 0 0 0 0 0 0 0 0 0 0.396132 0.945389 1.12563 1.0288 0.972477 1.0608 1.05768 1.219 1.09107 1.43778 1.2381 1.17731 1.12449 1.12263 1.0787 1.12546 1.18218 1.11629 1.15468 1.16045 1.25284 1.27604 1.15477 1.11558 1.09374 1.07677 1.05284 1.09677 1.33278 1.16622 1.11134 1.06925 1.04483 1.03341 1.07717 1.10973 1.09577 1.09284 1.11758 1.06216 1.12933 1.1958 1.143 1.10398 1.09481 1.11499 1.09025 1.07418 1.29126 1.1822 1.1807 1.12191 1.10042 1.084 1.16707 1.16158 1.1127
0 0 0 0 0 0 0 0 0 0 0 0 0 0 0 0 0 0 0 0 0.300643 1.0927 0.994427 0.999808 1.22512 1.11316 1.04905 1.01616 1.27726 1.19958 1.1948 1.13542 1.111 1.09273 1.05613 1.03098 1.12176 1.11079 1.11301 1.09873 1.08871 1.07758 1.06395 1.07619 1.0695 1.43195 1.34899 1.23987 1.36058 1.2094 1.29083 1.17915 1.27632 1.18624 1.15286 1.12651 1.09655 1.15272 1.10266 1.08329 1.05705 1.11227 1.3225 1.14335 1.18322 1.17364 1.10618 1.07611 1.05596 1.1004 1.06382 1.23914 1.15972 1.12236 1.09936 1.08567 1.12951
0 0 0 0 0 0 0 0 0 0 0 0 0 0 0 0 0 0 0 0 0.405633 1.26414 1.12593 1.03644 1.04741 1.08067 1.10754 1.07722 1.47222 1.31654 1.23277 1.17244 1.12854 1.10074 1.21755 1.20787 1.14192 1.32817 1.54494 1.30877 1.20782 1.21558 1.12958 1.25085 1.15925 1.12448 1.26074 1.26093 1.19933 1.16022 1.12604 1.2828 1.12385 1.0859 1.06732 1.05834 1.12065 1.19864 1.10579 1.3807 1.18045 1.12177 1.08953 1.06161 1.11923 1.32169 1.18785 1.10989 1.17515 1.10503 1.14528 1.10473 1.16091 1.08935 1.15549 1.22474 1.16931
