benchmarks/avaHockeySmoothChannel/release1HS2_entres_ref_0.15500_pv.asc
ncols         1000
nrows         400
xllcenter     1000
yllcenter     -5000
cellsize      5
NODATA_value  -9999
[rows 170 to 203 of 400, columns 616 to 692 of 1000]
0 0 0 0 0 0 0 0 0 0 0 0 0 0 0 0 0 0 0 0 0 0 0 0 0 0 0 0 0 0 0 0 0 0 0 0 0 0 0 0 0 0 0 0 0 0 0 0 0 0 0 0 0 0 0 0 0 0 0 0 0 0 0 0 0 0 0 0 0 0 0 0 0 0 0 0 0
0 0 0 0 0 0 0 0 0 0 0 0 0 0 0 0 0 0 0 0 0 0 0 0 0 0 0 0 0 0 0 0 0 0 0 0 0 0 0 0 0 0 0 0 0 0 0 0 0 0 0 0 0 0 0 0 0 0 0 0 0 0 0 0 0 0 0 0 0 0 0 0 0 0 0 0 0
0 0 0 0 0 0 0 0 0 0 0 0 0 0 0 0 0 0 0 0 0 0 0 0 0 0 0 0 0 0 0 0 0 0 0 0 0 0 0 0 0 0 0 0 0 0 0 0 0 0 0 0 0 0 0 0 0 0 0 0 0 0 0 0 0 0 0 0 0 0 0 0 0 0 0 0 0
0 0 0 0 0 0 0 0 0 0 0 0 0 0 0 0 0 0 0 0 0 0 0 0 0 0 0 0 0 0 0 0 0 0 0 0 0 0 0 0 0 0 0 0 0 0 0 0 0 0 0 0 0 0 0 0 0 0 0 0 0 0 0 0 0 0 0 0 0 0 0 0 0 0 0 0 0
0 0 0 0 0 0 0 0 0 0 0 0 0 0 0 0 0 0 0 0 0 0 0 0 0 0 0 0 0 0 0 0 0 0 0 0 0 0 0 0 0 0 0 0 0 0 0 0 0 0 0 0 0 0 0 0 0 0 0 0 0 0 0 0 0 0 0 0 0 0 0 0 0 0 0 0 0
0 0 0 0 0 0 0 0 0 0 0 0 0 0 0 0 0 0 0 0 0 0 0 0 0 0 0 0 0 0 0 0 0 0 0 0 0 0 0 0 0 0 0 0 0 0 0 0 0 0 0 0 0 0 0 0 0 0 0 0 0 0 0 0 0 0 0 0 0 0 0 0 0 0 0 0 0
0 0 0 0 0 0 0 0 0 0 0 0 0 0 0 0 0 0 0 0 0 0 0 0 0 0 0 0 0 0 0 0 0 0 0 0 0 0 0 0 0 0 0 0 0 0 0 0 0 0 0 0 0 0 0 0 0 0 0 0 0 0 0 0 0 0 0 0 0 0 0 0 0 0 0 0 0
0 0 0 0 0 0 0 0 0 0 0 0 0 0 0 0 0 0 0 0 0 0 0 0 0 0 0 0 0 0 0 0 0 0 0 0 0 0 0 0 0 0 0 0 0 0 0 0 0 0 0 0 0 0 0 0 0 0 0 0 0 0 0 0 0 0 0 0 0 0 0 0 0 0 0 0 0
0 0 0 0 0 0 0 0 0 0 0 0 0 0 0 0 0 0 0 0 0 0 0 0 0 0 0 0 0 0 0 0 0 0 0 0 0 0 0 0 0 0 0 0 0 0 0 0 0 0 0 0 0 0 0 0 0 0 0 0 0 0 0 0 0 0 0 0 0 0 0 0 0 0 0 0 0
0 0 0 0 0 0 0 0 0 0 0 0 0 0 0 0 0 0 0 0 0 0 0 0 0 0 0 0 0 0 0 0 0 0 0 0 0 0 0 0 0 0 0 0 0 0 0 0 0 0 0 0 0 0 0 0 0 0 0 0 0 0 0 0 0 0 0 0 0 0 0 0 0 0 0 0 0
0 0 0 0 0 0 0 0 0 0 0 0 0 0 0 0 0 0 0 0 0 0 0 0 0 0 0 0 0 0 0 0 0 0 0 0 0 0 0 0 0 0 0 0 0 0 0 0 0 0 0 0 0 0 0 0 0 0 0 0 0 0 0 0 0 0 0 0 0 0 0 0 0 0 0 0 0
0 0 0 0 0 0 0 0 0 0 0 0 0 0 0 0 0 0 0 0 0 0 0 0 0 0 0 0 0 0 0 0 0 0 0 0 0 0 0 0 0 0 0 0 0 0 0 0 0 0 0 0 0 0 0 0 0 0 0 0 0 0 0 0 0 0 0 0 0 0 0 0 0 0 0 0 0
0 0 0 0 0 0 0 0 0 0 0 0 0 0 0 0 0 0 0 0 0 0 0 0 0 0 0 0 0 0 0 0 0 0 0 0 0 0 0 0 0 0 0 0 0 0 0 0 0 0 0 0 0 0 0 0 0 0 0 0 0 0 0 0 0 0 0 0 0 0 0 0 0 0 0 0 0
0 0 0 0 0 0 0 0 0 0 0 0 0 0 0 0 0 0 0 0 0 0 0 0 0 0 0 0 0 0 0 0 0 0 0 0 0 0 0 0 0 0 0 0 3.37908 4.24198 4.24198 1.98421 0.991318 0 0 0 0 0 0 0 0 0 0 0 0 0 0 0 0 0 0 0 0 0 0 0 0 0 0 0 0
0 0 0 0 0 0 0 0 0 0 0 0 0 0 0 0 0 0 0 0 0 0 0 0 0 0 0 0 0 0 0 0 0 0 0 0 0 0 8.00493 8.00493 7.4087 8.08864 7.81616 8.94357 8.94357 8.47279 7.89152 7.79758 7.79758 6.49036 5.98092 5.8214 5.8214 5.16923 4.98549 4.99238 3.59593 4.16574 4.16574 3.76911 3.45687 2.9246 2.98196 1.13415 1.35041 1.35041 0 0 0 0 0 0 0 0 0 0 0
0 0 0 0 0 0 0 0 0 0 0 0 0 0 0 0 0 15.2247 15.2247 14.8284 16.1182 16.1182 15.3104 14.3518 14.7802 16.6986 17.1947 17.1947 16.5728 16.5562 16.2789 15.8098 16.2936 16.2936 15.8648 15.3894 14.9872 14.8984 14.569 14.2003 13.9258 13.4498 13.0287 12.8042 12.2007 11.4017 11.2948 10.7138 10.7321 10.0704 9.48487 9.27537 8.66953 8.31175 7.31156 7.56268 7.70504 7.00189 7.1082 6.73454 6.38538 5.87352 5.63076 5.35837 5.47603 4.45174 4.08108 2.5816 2.5816 0 0 0 0 0 0 0 0
16.4511 16.4511 16.4445 15.3318 14.1461 13.9657 17.629 17.629 17.0928 18.4759 18.7897 18.8576 18.8345 18.9487 19.1366 19.1486 19.1167 19.1538 19.2902 19.4193 19.414 19.1943 18.8852 18.526 18.694 18.6265 18.4609 18.0335 17.8456 17.8805 17.6881 17.5279 17.3926 17.0516 16.6136 16.1065 15.6008 15.1732 15.1682 15.0145 14.5192 14.0435 13.7839 13.4344 13.0543 12.6685 12.2864 12.0716 11.5711 11.3383 10.895 10.7599 10.5906 10.4009 10.0102 9.83676 9.47062 9.24844 9.11115 8.61601 8.6523 8.34791 8.43374 7.87928 7.31583 6.37122 6.34658 5.83478 3.92914 4.17075 3.01466 1.29409 0 0 0 0 0
21.0097 20.7055 21.3084 20.9626 20.8204 20.6646 21.141 20.8603 20.492 20.2052 19.8996 19.906 19.9246 20.8253 20.8253 20.4981 20.0639 21.291 21.0317 20.3886 20.1241 21.9387 21.8183 22.4271 21.8648 22.2849 21.7862 21.2367 22.5537 21.9343 21.2167 20.2987 21.2954 20.6092 20.7115 20.7115 19.7007 19.7957 18.9639 18.9685 18.5651 17.3198 17.3006 17.004 15.8791 14.7452 14.4629 13.9756 13.6786 13.6786 12.6239 12.4214 12.0417 11.8505 11.4652 11.4911 11.1266 10.6308 10.7516 10.8058 10.8739 10.1141 9.97812 9.06475 9.25132 8.70103 7.36961 7.64509 6.89667 6.16352 5.6628 4.02761 3.7337 0 0 0 0
22.305 21.8427 21.4611 21.8621 22.0799 22.0996 22.0323 21.9476 22.5806 22.6249 22.6382 23.2674 23.3174 23.1898 23.0392 23.9717 24.2035 24.3508 24.5925 24.641 24.5746 24.3247 24.6201 25.1493 25.0712 24.6592 24.5755 25.3462 25.6391 25.4284 24.8191 24.9864 24.3689 24.6974 24.0636 23.3996 23.1209 23.0689 22.3545 21.5791 20.531 21.1898 20.3374 20.4842 19.6787 18.4511 18.0356 17.4493 16.6075 16.2285 15.1078 14.8733 13.9893 13.1996 13.1802 13.0022 12.6537 12.5723 12.1637 12.1681 11.6587 11.6619 11.4258 10.7625 10.5119 10.5378 9.41193 9.47299 8.48332 7.80453 7.25615 5.74512 5.08789 3.89252 2.52222 0 0
23.3094 23.2734 23.2212 23.3039 23.4008 23.4149 23.377 23.3002 23.2381 23.6066 23.8159 24.2064 24.4089 24.5928 24.7494 24.8741 25.0334 25.2401 25.4905 25.6878 25.7956 26.7751 26.7285 26.9578 26.963 27.1976 27.1209 27.3577 27.2108 26.9178 26.8458 26.9356 26.5544 26.0828 25.487 25.9211 25.4152 25.5136 25.1509 24.176 24.2785 23.5683 22.8274 22.7625 21.6314 20.8518 20.7501 19.6058 18.7293 18.6448 17.442 16.9917 16.6076 15.9377 14.7558 14.5815 13.9705 13.319 13.6154 13.1635 12.723 12.8816 12.6821 12.1133 12.0966 11.5767 10.7073 10.7652 9.80131 8.63382 8.65585 7.27159 7.16059 5.50218 4.71619 2.3847 0
24.7616 24.796 24.8703 24.9321 24.9179 24.8817 24.9081 24.9447 24.9709 24.9573 24.9679 25.0126 25.1233 25.1907 25.3786 25.611 25.8029 25.9819 26.1903 26.3905 26.6598 26.896 27.1004 27.2866 27.483 27.6429 27.8012 27.8475 27.8868 27.8353 28.399 28.3915 28.0967 27.7909 27.8644 27.3637 27.2804 26.7568 26.1864 26.1672 25.6035 24.9859 24.3471 23.6908 23.0526 22.9298 22.3312 22.0164 20.8405 20.0462 19.4373 18.3003 17.5869 17.4979 16.5327 15.6619 14.8755 14.8702 14.5038 14.1376 13.828 13.8368 13.3906 13.4604 13.0599 12.4367 12.284 11.6984 10.8836 10.5594 9.50391 8.95476 7.73761 6.41851 6.06792 4.33154 1.08245
26.2905 26.3175 26.3581 26.3972 26.4451 26.4897 26.5457 26.5809 26.6583 26.7076 26.7658 26.7991 26.8854 26.9416 27.0151 27.0884 27.1838 27.2413 27.2797 27.3567 27.4483 27.5497 27.5969 27.6898 27.9008 28.1141 28.291 28.4549 28.5689 28.6185 28.6208 28.5597 28.4666 28.3646 28.2473 28.0051 27.7974 27.3606 26.9353 27.5014 26.9951 26.3964 26.1261 25.462 24.7341 24.0113 23.8551 23.1147 22.3331 21.5375 20.3719 19.6067 19.4006 18.6976 17.7167 17.353 16.5217 15.7723 15.0559 15.1698 14.6758 14.3902 14.0381 14.3197 13.8319 13.6599 13.0438 12.367 12.0324 11.1856 10.5875 9.72953 8.6843 7.35652 6.84869 5.37065 4.74775
27.7609 27.8105 27.8795 27.9416 27.9711 28.0245 28.0658 28.1432 28.1896 28.2556 28.3186 28.3668 28.4409 28.4858 28.5859 28.6469 28.7454 28.7943 28.8347 28.9084 28.964 29.0603 29.1132 29.1837 29.2418 29.3015 29.3235 29.2484 29.1065 28.9396 28.7229 28.6721 28.6512 28.5836 28.5461 28.4913 28.3344 28.1711 28.2472 27.9682 27.5531 27.0627 26.4533 25.8459 25.2499 25.3225 24.6282 23.9323 23.1981 22.449 21.7032 20.59 20.6479 19.6634 18.9616 17.9856 17.1072 17.0585 15.8178 15.8414 15.4727 15.1811 14.9132 14.9893 14.4386 14.1859 13.9977 13.3274 12.5923 12.3118 11.4607 10.42 10.0163 8.96865 7.75419 6.43965 5.61017
29.1109 29.151 29.1928 29.2551 29.2899 29.3623 29.3898 29.4277 29.4974 29.54 29.6135 29.664 29.7263 29.7743 29.8345 29.9242 29.9751 30.0506 30.0961 30.1588 30.2152 30.2734 30.3639 30.4198 30.5069 30.5532 30.5788 30.4904 30.3553 30.178 29.9598 29.7125 29.406 29.0904 28.7455 28.3854 28.2889 28.208 28.0971 28.0592 27.878 27.534 27.0832 26.58 26.5493 25.9451 25.2833 24.5905 23.8728 23.1458 22.3962 21.4174 21.3199 20.2996 19.625 18.6949 17.8872 17.3902 16.7212 16.364 16.1722 15.7403 15.4874 15.2248 15.0611 14.9318 14.2841 14.1798 13.4684 12.673 11.8541 11.4576 10.557 9.51118 8.30942 7.0013 6.26469
30.2772 30.3177 30.353 30.3687 30.4271 30.4677 30.5164 30.554 30.5761 30.6468 30.6867 30.7481 30.7955 30.8324 30.9016 30.9372 31.01 31.0652 31.131 31.2022 31.235 31.3172 31.3593 31.4313 31.4953 31.5288 31.5696 31.4745 31.3605 31.1492 30.9498 30.6644 30.3994 30.065 29.7485 29.3522 28.9647 28.5015 28.0393 27.8866 27.7668 27.5633 27.3648 27.026 26.5815 26.0496 25.4617 24.824 24.1455 23.4497 23.3499 22.1111 21.4866 20.9323 19.8989 19.3709 18.5262 17.941 17.2848 17.0702 16.5718 16.2352 16.001 15.6807 15.7597 15.2095 14.9596 14.5275 13.8493 13.0867 12.8249 11.9714 10.9227 10.0695 8.87796 7.72491 6.43278
31.1838 31.224 31.2509 31.2837 31.3306 31.3451 31.4018 31.4362 31.4753 31.5134 31.5288 31.5938 31.6354 31.6868 31.7402 31.7648 31.8375 31.8873 31.9509 32.0131 32.0526 32.1377 32.1811 32.2493 32.3046 32.3275 32.3645 32.2678 32.1577 31.9482 31.7357 31.4524 31.1654 30.828 30.479 30.0807 29.6692 29.2154 28.7411 28.2373 27.6837 27.5438 27.3716 27.1173 26.979 26.5485 26.0155 25.4085 24.7412 24.045 23.3599 22.7194 22.0799 21.1075 20.5248 19.9658 19.0381 18.6268 17.8234 17.182 16.7764 16.6467 16.3936 16.175 15.8117 15.5437 15.1992 14.785 14.1662 13.598 13.1074 12.2754 11.4368 10.4102 9.38245 8.20908 7.07392
31.9159 31.9335 31.9589 31.9627 32.0168 32.0326 32.0659 32.1033 32.1166 32.1779 32.2028 32.2474 32.2953 32.3111 32.3812 32.4186 32.465 32.529 32.5566 32.6312 32.6748 32.7219 32.7863 32.8143 32.8975 32.9323 32.9476 32.8716 32.7069 32.5307 32.2847 32.0404 31.7112 31.4148 31.0094 30.6564 30.1922 29.77 29.2593 28.7507 28.1886 27.5861 27.4028 27.2089 26.9842 26.6073 26.1314 25.5605 25.4134 24.7347 24.0442 22.9612 22.3202 21.6734 21.0414 20.0936 19.4964 18.6667 18.2182 17.5986 17.1568 16.7548 16.4401 16.2341 16.0234 15.7715 15.466 14.963 14.4942 13.9996 13.194 12.3771 11.5616 10.7593 9.74124 8.82149 7.65161
32.4467 32.4446 32.4636 32.4904 32.4853 32.5367 32.551 32.5739 32.6148 32.6241 32.6767 32.7077 32.7411 32.7908 32.8083 32.8691 32.9073 32.9435 33.0115 33.0387 33.1077 33.1547 33.1898 33.2685 33.3012 33.3654 33.3658 33.2738 33.1375 32.9202 32.7176 32.4138 32.1506 31.7792 31.444 31.0144 30.6099 30.1212 29.6299 29.0902 28.5054 27.9139 27.481 27.3519 27.1541 26.9443 26.5288 26.0076 25.4042 24.7385 24.0635 23.3972 22.73 21.7509 21.0618 20.4345 19.6092 18.9119 18.4089 17.9091 17.4412 17.0222 16.665 16.4573 16.2396 15.9842 15.8685 15.3805 14.9098 14.3684 13.5705 12.7504 11.8976 11.0335 9.99932 8.99214 7.84287
32.7372 32.7453 32.7716 32.7647 32.8031 32.8178 32.8271 32.8697 32.8776 32.9212 32.9573 32.9781 33.041 33.0646 33.1136 33.157 33.1679 33.2463 33.2778 33.3255 33.3848 33.4042 33.4863 33.5243 33.5743 33.6258 33.5909 33.5437 33.3641 33.1923 32.9434 32.6893 32.3773 32.0454 31.6733 31.2673 30.835 30.344 29.8545 29.2678 28.7211 28.0819 27.4598 27.3809 27.2028 27.0629 26.6263 26.0957 25.487 24.8329 24.1752 23.5338 22.901 21.9414 21.2646 20.6072 19.7552 19.1389 18.6042 18.1027 17.6231 17.1832 16.801 16.5788 16.3788 16.1467 15.8685 15.3914 14.9111 14.3684 13.5737 12.7593 11.9087 11.0335 10.0149 8.99214 7.84883
32.823 32.8494 32.8635 32.8583 32.907 32.9128 32.9396 32.9705 32.9712 33.0278 33.0521 33.0866 33.1347 33.15 33.2127 33.2464 33.2743 33.3386 33.3624 33.4229 33.4681 33.5 33.5706 33.5977 33.6605 33.7005 33.6825 33.618 33.4266 33.2681 33.0003 32.7671 32.4355 32.1268 31.7355 31.3533 30.9004 30.4321 29.9204 29.345 28.7784 28.1222 27.4837 27.3362 27.1821 26.916 26.5549 26.0576 25.4621 24.814 24.1613 23.5157 22.8615 21.9785 21.2933 20.6298 19.7704 19.1544 18.6462 18.1477 17.6673 17.226 16.8333 16.5506 16.3417 16.0957 15.808 15.342 14.9016 14.4165 13.6585 12.856 12.0209 11.1702 10.33 9.12901 8.13428
32.7313 32.7355 32.7692 32.7658 32.811 32.8296 32.8395 32.8848 32.8928 32.9354 32.9686 32.9832 33.0424 33.0659 33.1096 33.1569 33.1712 33.2444 33.2775 33.324 33.3808 33.4 33.4793 33.5188 33.5663 33.6189 33.5844 33.5352 33.3564 33.1881 32.9361 32.6889 32.3728 32.0472 31.6718 31.2703 30.8338 30.3501 29.8557 29.2625 28.7128 28.0713 27.4788 27.4144 27.2276 26.8936 26.5773 26.1455 25.5624 24.9195 24.2692 23.6335 23.0098 22.0103 21.3412 20.7101 19.807 19.2036 18.5851 18.0885 17.6099 17.1685 16.7813 16.5481 16.3362 16.0849 15.808 15.3132 14.8517 14.4165 13.613 12.8081 11.9746 11.1231 10.33 9.07059 8.13428
32.4174 32.4226 32.4405 32.4727 32.472 32.5286 32.544 32.573 32.6188 32.6302 32.6909 32.7212 32.7499 32.8045 32.8265 32.8819 32.9268 32.9509 33.0219 33.0503 33.1086 33.1599 33.1893 33.2639 33.2958 33.3541 33.3592 33.2666 33.1298 32.9156 32.7113 32.4098 32.1459 31.7705 31.4435 31.0084 30.6068 30.116 29.6315 29.0812 28.4894 27.9001 27.4483 27.3215 27.132 26.7872 26.3675 25.8817 25.2927 24.6482 24.0066 23.3913 22.4712 21.7935 21.1403 20.6992 19.6506 19.2186 18.3887 17.8964 17.434 17.0149 16.6515 16.419 16.2093 15.9569 15.658 15.3007 14.8384 14.1477 13.5467 12.7445 11.9277 11.1069 10.0756 9.03385 7.83721
31.8913 31.9165 31.945 31.9393 31.9894 32.0085 32.0373 32.0886 32.1027 32.1685 32.2021 32.2325 32.2842 32.3076 32.3692 32.4112 32.446 32.5118 32.5405 32.6112 32.6615 32.7032 32.7726 32.7996 32.8776 32.9193 32.9246 32.8572 32.6879 32.5164 32.2504 32.0235 31.6918 31.3889 30.9971 30.6267 30.1781 29.7419 29.2359 28.7181 28.1637 27.5523 27.3844 27.3749 27.1076 26.7011 26.2096 25.652 25.0463 24.3968 23.7128 23.0246 22.3378 21.6488 21.1478 20.0333 19.5701 18.6222 18.2252 17.5581 17.1127 16.726 16.4614 16.2661 16.0672 15.8041 15.4825 14.9442 14.5086 13.8057 13.2314 12.4341 11.5749 11.1069 10.074 9.03385 7.83721
31.1427 31.1845 31.226 31.2502 31.3002 31.3155 31.3585 31.3992 31.4392 31.5012 31.5284 31.5968 31.6389 31.6818 31.7427 31.769 31.841 31.88 31.9266 31.9884 32.0147 32.0931 32.1377 32.1971 32.2604 32.2841 32.3225 32.2263 32.1029 31.8963 31.6868 31.4177 31.1351 30.8006 30.4471 30.0557 29.6331 29.1872 28.6902 28.2049 27.6357 27.4931 27.3439 27.1207 26.9752 26.5432 26.0089 25.3959 24.7193 24.0665 23.4577 22.9518 22.2551 21.5507 20.5073 19.8548 18.9717 18.4332 17.7108 17.1436 16.7222 16.3817 16.1558 15.9515 15.989 15.5155 15.2255 14.82 14.2151 13.6813 12.9019 12.4088 11.5358 10.4727 9.46445 8.47813 7.16444
