avaframe/data/Sellrain_test/Inputs/DEM_10m_Pforzheimer.asc
ncols        266
nrows        226
xllcorner    54010.000000000000
yllcorner    223360.000000000000
cellsize     10.000000000000
NODATA_value  -9999
[rows 160 to 179 of 226, columns 46 to 91 of 266]
2892.98779296875 2897.135009765625 2901.1455078125 2903.7578125 2895.777587890625 2886.197021484375 2875.949951171875 2864.821533203125 2853.205322265625 2842.749755859375 2824.59716796875 2810.16650390625 2802.712646484375 2794.64453125 2782.95556640625 2775.279296875 2767.82958984375 2760.98974609375 2754.529541015625 2748.37841796875 2742.61572265625 2736.999755859375 2731.114013671875 2726.270263671875 2721.347412109375 2716.701416015625 2712.650390625 2706.775390625 2701.56689453125 2694.22412109375 2683.339599609375 2674.634033203125 2667.90869140625 2657.295654296875 2645.515869140625 2640.954345703125 2637.40283203125 2633.009521484375 2630.2646484375 2628.12939453125 2626.360107421875 2623.809814453125 2620.676513671875 2617.07568359375 2613.641845703125 2610.513916015625
2887.537353515625 2892.341552734375 2897.0302734375 2901.714599609375 2896.797119140625 2885.583984375 2874.931640625 2862.405029296875 2850.57275390625 2839.345703125 2828.37353515625 2816.744384765625 2806.32177734375 2798.3544921875 2787.958740234375 2777.894775390625 2770.020263671875 2759.56787109375 2752.64892578125 2746.778076171875 2741.025146484375 2735.50634765625 2730.07421875 2724.68603515625 2721.039306640625 2716.5966796875 2713.881591796875 2707.76171875 2700.572998046875 2689.775146484375 2679.09912109375 2669.88427734375 2662.789794921875 2654.271484375 2641.0302734375 2636.8818359375 2632.528076171875 2628.583984375 2625.031494140625 2622.96142578125 2620.73095703125 2618.90380859375 2615.716064453125 2613.093017578125 2609.940673828125 2605.56005859375
2882.4755859375 2887.808837890625 2892.87353515625 2896.851318359375 2893.09814453125 2882.01220703125 2871.406005859375 2861.408203125 2850.773193359375 2840.7294921875 2834.805908203125 2826.060302734375 2817.92236328125 2807.353271484375 2796.6171875 2784.623779296875 2775.8466796875 2763.834228515625 2754.569091796875 2744.94287109375 2738.998291015625 2733.744384765625 2728.819091796875 2724.66943359375 2720.277099609375 2717.688232421875 2714.581787109375 2709.666748046875 2703.821533203125 2692.4404296875 2677.57470703125 2666.1181640625 2658.68701171875 2650.815673828125 2639.98388671875 2634.255126953125 2629.5 2625.39697265625 2621.625732421875 2618.121826171875 2615.559814453125 2611.761474609375 2608.767822265625 2604.94580078125 2602.31201171875 2599.486328125
2878.5341796875 2883.534912109375 2888.728759765625 2893.6474609375 2893.9892578125 2883.449951171875 2875.44384765625 2866.8408203125 2855.0556640625 2845.9443359375 2839.064453125 2833.38916015625 2822.56494140625 2814.828369140625 2807.15380859375 2791.868408203125 2781.210693359375 2771.27783203125 2757.665283203125 2748.9921875 2739.738525390625 2733.29248046875 2727.0517578125 2722.99462890625 2719.925537109375 2717.4619140625 2714.73828125 2710.6689453125 2704.877197265625 2695.81640625 2682.248779296875 2667.9189453125 2654.624267578125 2646.903076171875 2640.185546875 2634.351806640625 2628.64306640625 2623.286865234375 2618.975830078125 2614.865234375 2610.64013671875 2607.26025390625 2603.80419921875 2600.052978515625 2596.917724609375 2593.976318359375
2873.2783203125 2878.748046875 2884.37255859375 2890.307861328125 2893.53271484375 2886.0673828125 2878.104248046875 2868.3740234375 2857.61865234375 2850.47119140625 2845.777099609375 2836.1279296875 2824.3857421875 2815.263916015625 2804.25439453125 2796.71826171875 2791.05078125 2776.124755859375 2759.31591796875 2749.76123046875 2742.47265625 2734.617431640625 2728.71484375 2723.39306640625 2719.1630859375 2716.38818359375 2716.30029296875 2710.51611328125 2702.54638671875 2695.44482421875 2686.880859375 2672.36474609375 2652.704345703125 2645.189208984375 2638.791748046875 2633.884521484375 2629.308837890625 2624.82861328125 2620.66943359375 2616.412841796875 2612.26123046875 2607.977783203125 2603.989501953125 2599.85791015625 2595.514404296875 2591.49072265625
2868.3701171875 2874.34228515625 2880.882080078125 2886.400634765625 2890.894287109375 2888.461181640625 2878.281982421875 2868.20849609375 2861.5810546875 2852.947265625 2846.852783203125 2838.95849609375 2827.763671875 2820.301025390625 2812.27392578125 2805.767578125 2797.58203125 2779.81396484375 2764.782958984375 2751.523681640625 2744.280029296875 2737.701171875 2729.87255859375 2724.648193359375 2721.0029296875 2717.47705078125 2716.347900390625 2709.76416015625 2696.743896484375 2687.236328125 2678.324462890625 2666.09130859375 2652.173095703125 2645.64013671875 2641.20849609375 2636.57470703125 2631.891845703125 2627.1748046875 2622.500732421875 2618.336669921875 2613.35888671875 2608.878662109375 2604.3525390625 2600.047119140625 2595.6396484375 2591.5615234375
2863.0625 2870.723876953125 2876.061767578125 2881.44775390625 2886.997802734375 2886.187744140625 2878.99072265625 2872.823486328125 2865.160400390625 2860.337158203125 2853.998046875 2843.46728515625 2831.797607421875 2824.205322265625 2816.91455078125 2808.796875 2802.562744140625 2794.831787109375 2774.12451171875 2757.637451171875 2747.368408203125 2740.04443359375 2733.3623046875 2727.373779296875 2721.566650390625 2716.638427734375 2715.3505859375 2711.160888671875 2701.477294921875 2687.137939453125 2673.951416015625 2664.634521484375 2654.520263671875 2649.596923828125 2644.5263671875 2639.563720703125 2634.545654296875 2629.464599609375 2624.465576171875 2619.42578125 2614.27392578125 2609.41455078125 2604.583740234375 2600.183837890625 2595.76953125 2591.36669921875
2856.439697265625 2864.302490234375 2871.63720703125 2878.166259765625 2882.459228515625 2884.956298828125 2880.969970703125 2876.349365234375 2873.1044921875 2866.796875 2852.75537109375 2842.98681640625 2834.39599609375 2827.716796875 2820.11572265625 2814.03173828125 2807.354248046875 2796.98779296875 2780.245849609375 2764.696044921875 2749.683837890625 2742.023681640625 2734.621337890625 2727.72607421875 2721.70703125 2717.5439453125 2716.264892578125 2711.514404296875 2702.686767578125 2688.8125 2671.581298828125 2664.353759765625 2658.638427734375 2653.202880859375 2647.69384765625 2642.333984375 2636.681640625 2631.122802734375 2625.825927734375 2620.396240234375 2615.02001953125 2609.8671875 2605.001220703125 2600.155029296875 2595.5478515625 2590.994140625
2854.098388671875 2860.21875 2865.858642578125 2872.06787109375 2875.695068359375 2879.4111328125 2882.32568359375 2877.793701171875 2870.763916015625 2863.48779296875 2852.653076171875 2843.674560546875 2835.458251953125 2827.712890625 2820.256103515625 2813.969482421875 2807.8759765625 2798.109375 2786.69775390625 2768.85791015625 2755.883544921875 2744.710693359375 2734.3203125 2728.4091796875 2722.852294921875 2719.109619140625 2714.873046875 2706.90234375 2698.168212890625 2680.63818359375 2673.535888671875 2668.044921875 2662.033447265625 2656.23486328125 2650.690673828125 2644.6943359375 2638.76220703125 2632.9580078125 2627.249267578125 2621.625732421875 2616 2610.647705078125 2605.2236328125 2600.2373046875 2594.905029296875 2590.077880859375
2847.262451171875 2851.515380859375 2855.41943359375 2862.90966796875 2865.418212890625 2870.393310546875 2873.172119140625 2871.45751953125 2870.613037109375 2861.82373046875 2851.885986328125 2843.4404296875 2833.890625 2825.72705078125 2819.056396484375 2812.40576171875 2805.28515625 2796.228271484375 2787.821044921875 2778.573974609375 2760.239501953125 2746.52294921875 2738.301025390625 2731.003662109375 2724.2451171875 2719.938720703125 2711.428466796875 2701.002685546875 2690.998046875 2683.275634765625 2677.146728515625 2670.87158203125 2665.7197265625 2659.76171875 2653.54296875 2647.093994140625 2641.176025390625 2634.8388671875 2628.012451171875 2622.4404296875 2616.957275390625 2610.996337890625 2605.176025390625 2599.884765625 2594.73486328125 2589.671142578125
2839.52099609375 2843.646728515625 2848.621826171875 2853.679931640625 2858.57666015625 2861.73291015625 2863.5087890625 2864.987548828125 2865.134521484375 2858.513671875 2850.699462890625 2842.37060546875 2832.042236328125 2824.920654296875 2818.351318359375 2812.3359375 2806.31298828125 2801.740234375 2796.81103515625 2784.06494140625 2762.109130859375 2753.472412109375 2741.412353515625 2732.06201171875 2725.720947265625 2718.26904296875 2710.766357421875 2700.235595703125 2692.648681640625 2686.196044921875 2680.63330078125 2675.02685546875 2669.324951171875 2663.265625 2656.211181640625 2648.767578125 2643.417236328125 2636.927978515625 2629.918212890625 2623.504638671875 2617.398681640625 2611.345947265625 2605.4072265625 2599.847412109375 2594.522705078125 2589.21240234375
2831.3486328125 2837.9189453125 2843.4423828125 2848.359130859375 2852.61474609375 2855.7099609375 2857.819091796875 2859.2080078125 2858.27001953125 2855.2314453125 2848.85400390625 2840.96142578125 2833.053955078125 2823.63671875 2816.52099609375 2810.43115234375 2805.322509765625 2801.942626953125 2798.623291015625 2787.78369140625 2775.3212890625 2764.068359375 2748.310302734375 2733.361328125 2725.438232421875 2717.1513671875 2709.103271484375 2703.426025390625 2697.339111328125 2691.364013671875 2685.357177734375 2679.133544921875 2671.96826171875 2665.21826171875 2658.56103515625 2651.583740234375 2644.91015625 2638.41552734375 2631.766845703125 2625.274658203125 2618.773193359375 2612.795166015625 2603.9169921875 2598.916015625 2594.16162109375 2589.38818359375
2825.079345703125 2832.1025390625 2838.173095703125 2843.55615234375 2847.9091796875 2851.203857421875 2853.32177734375 2853.708740234375 2851.96533203125 2850.0556640625 2846.674072265625 2841.3388671875 2834.101806640625 2826.86669921875 2813.98291015625 2808.46923828125 2803.80078125 2799.43896484375 2797.127197265625 2792.21435546875 2782.26611328125 2768.024169921875 2755.83203125 2737.162353515625 2725.918701171875 2719.085693359375 2716.42724609375 2714.45947265625 2702.49267578125 2696.58056640625 2689.274658203125 2681.29150390625 2676.34228515625 2672.655029296875 2668.794921875 2655.963623046875 2651.11572265625 2642.4189453125 2636.39794921875 2627.845458984375 2620.422119140625 2613.63671875 2606.7158203125 2601.95947265625 2596.83740234375 2591.923583984375
2820.3154296875 2827.5029296875 2833.9423828125 2840.369384765625 2844.97265625 2847.289306640625 2848.341064453125 2847.88525390625 2846.7314453125 2843.978271484375 2841.22802734375 2839.12158203125 2835.208984375 2825.6591796875 2813.403076171875 2806.872802734375 2801.962890625 2798.38623046875 2793.669189453125 2784.921875 2779.11474609375 2761.44140625 2750.703125 2736.716064453125 2732.2177734375 2726.736572265625 2724.75537109375 2715.518798828125 2707.66748046875 2700.04931640625 2696.028564453125 2694.669189453125 2690.12109375 2684.27294921875 2681.766357421875 2668.775634765625 2658.088134765625 2651.322998046875 2643.29296875 2632.05908203125 2622.370849609375 2616.146240234375 2610.535888671875 2605.1396484375 2599.81591796875 2594.396728515625
2815.681396484375 2822.400634765625 2830.663818359375 2837.957275390625 2841.546142578125 2842.76513671875 2843.848388671875 2844.1416015625 2842.222412109375 2839.6748046875 2836.4775390625 2833.308837890625 2829.7724609375 2824.467041015625 2815.07470703125 2808.6630859375 2803.07470703125 2797.439697265625 2793.08447265625 2779.871337890625 2769.530517578125 2757.51611328125 2748.81640625 2743.439453125 2739.4951171875 2733.25048828125 2725.176513671875 2717.23828125 2712.09716796875 2707.323486328125 2705.193359375 2705.903076171875 2701.723876953125 2696.634033203125 2695.26513671875 2678.829833984375 2663.34130859375 2653.32421875 2642.737060546875 2633.137451171875 2626.114501953125 2619.777099609375 2613.79443359375 2608.015869140625 2602.263427734375 2597.03125
2809.630615234375 2816.34716796875 2825.72021484375 2834.082763671875 2838.34130859375 2840.83154296875 2841.967529296875 2842.697265625 2841.36279296875 2836.836669921875 2833.073974609375 2828.7275390625 2824.62451171875 2821.156005859375 2817.13916015625 2811.5908203125 2804.0595703125 2798.114990234375 2793.093994140625 2779.615234375 2771.7294921875 2765.103759765625 2759.734375 2754.4306640625 2744.476806640625 2737.0380859375 2733.169189453125 2725.18896484375 2724.35302734375 2721.6240234375 2717.30517578125 2716.86669921875 2713.45458984375 2707.86328125 2704.77197265625 2683.626220703125 2671.776123046875 2651.699462890625 2642.44091796875 2635.745361328125 2628.5791015625 2622.33154296875 2616.7529296875 2610.893310546875 2605.681396484375 2600.090087890625
2804.841064453125 2812.296875 2819.76025390625 2826.0537109375 2833.630859375 2839.48095703125 2840.94921875 2840.58984375 2838.96875 2836.221435546875 2832.64306640625 2827.242919921875 2821.792236328125 2816.7177734375 2814.602783203125 2814.586669921875 2806.833740234375 2801.54443359375 2796.101318359375 2784.382080078125 2781.810546875 2775.052001953125 2769.645263671875 2758.401611328125 2753.124755859375 2744.777587890625 2738.6611328125 2735.976806640625 2734.802734375 2732.8330078125 2730.57763671875 2725.530029296875 2722.60107421875 2720.8359375 2714.27685546875 2689.122802734375 2681.894287109375 2658.04052734375 2646.42919921875 2638.93798828125 2632.14404296875 2626.71923828125 2620.125 2614.27001953125 2608.70849609375 2602.285400390625
2799.26806640625 2806.84716796875 2814.68603515625 2821.9755859375 2827.9814453125 2834.990234375 2840.70751953125 2841.14404296875 2839.400634765625 2836.514892578125 2831.615234375 2827.73291015625 2822.5478515625 2815.4453125 2812.01025390625 2810.7138671875 2810.384521484375 2805.148681640625 2800.455322265625 2792.047119140625 2788.4697265625 2784.10205078125 2772.198486328125 2764.7626953125 2760.091552734375 2754.7412109375 2750.016357421875 2746.224853515625 2743.474609375 2740.515380859375 2739.945068359375 2734.80859375 2732.121337890625 2730.059814453125 2717.575439453125 2697.798583984375 2678.48681640625 2665.782958984375 2650.136474609375 2643.88134765625 2636.56689453125 2629.43408203125 2623.47412109375 2616.999267578125 2610.20068359375 2603.726806640625
2794.283447265625 2802.45751953125 2809.967041015625 2816.425537109375 2823.129638671875 2829.80322265625 2837.624755859375 2842.45556640625 2842.202392578125 2837.732666015625 2831.341064453125 2826.386962890625 2820.543701171875 2817.33203125 2813.2626953125 2810.068359375 2805.96826171875 2807.204345703125 2809.31640625 2800.679931640625 2796.20263671875 2785.6640625 2778.469970703125 2775.865966796875 2773.150146484375 2760.55859375 2757.374755859375 2752.34619140625 2751.25439453125 2750.194091796875 2748.40673828125 2746.34912109375 2742.507080078125 2739.216064453125 2715.385986328125 2698.938232421875 2684.593017578125 2671.763671875 2656.6103515625 2648.455322265625 2638.900634765625 2632.683837890625 2625.1171875 2618.292724609375 2611.171142578125 2604.7890625
2790.120361328125 2796.59716796875 2804.23046875 2811.6337890625 2819.59326171875 2826.570556640625 2834.00634765625 2839.4580078125 2841.458251953125 2836.749755859375 2829.818359375 2824.572021484375 2819.10595703125 2815.635498046875 2814.865478515625 2811.22021484375 2808.125244140625 2806.267333984375 2809.29248046875 2808.696533203125 2802.665771484375 2790.3525390625 2786.25341796875 2786.32421875 2784.41064453125 2767.147216796875 2764.5869140625 2761.383056640625 2759.539306640625 2758.278564453125 2757.16357421875 2755.071533203125 2752.363525390625 2738.50927734375 2718.09228515625 2701.168701171875 2689.239501953125 2676.67578125 2662.36962890625 2653.319580078125 2641.206787109375 2634.1337890625 2627.1357421875 2619.26416015625 2612.56396484375 2605.566650390625
