avaframe/data/Sellrain_test/Inputs/DEM_10m_Pforzheimer.asc
ncols        266
nrows        226
xllcorner    54010.000000000000
yllcorner    223360.000000000000
cellsize     10.000000000000
NODATA_value  -9999
[rows 160 to 179 of 226, columns 0 to 45 of 266]
2647.86279296875 2655.96826171875 2664.991455078125 2671.447265625 2677.621826171875 2681.90087890625 2685.5185546875 2690.33349609375 2695.60400390625 2700.85546875 2705.146240234375 2709.256103515625 2713.891357421875 2718.91259765625 2723.753173828125 2727.60205078125 2730.86572265625 2734.1767578125 2738.4716796875 2744.843017578125 2750.3232421875 2755.870849609375 2761.13720703125 2766.874267578125 2773.028564453125 2780.4482421875 2787.655029296875 2794.854248046875 2801.631103515625 2808.8369140625 2815.371826171875 2820.13427734375 2822.60546875 2827.284423828125 2832.182861328125 2837.76904296875 2843.57861328125 2847.708984375 2852.7421875 2858.2705078125 2863.10986328125 2868.16552734375 2873.46826171875 2878.07763671875 2883.78271484375 2888.393310546875
2649.199951171875 2655.959716796875 2664.902587890625 2672.353271484375 2678.6337890625 2683.40478515625 2687.81201171875 2691.351806640625 2696.48974609375 2701.319580078125 2706.161376953125 2709.705322265625 2713.645263671875 2718.63232421875 2722.631103515625 2725.611328125 2727.285400390625 2730.568359375 2736.354736328125 2741.7001953125 2746.384521484375 2750.36181640625 2755.432373046875 2762.1181640625 2768.912109375 2776.106201171875 2783.373779296875 2789.898193359375 2796.78955078125 2803.87646484375 2809.686279296875 2813.122314453125 2816.503662109375 2820.71728515625 2825.48193359375 2830.716064453125 2835.956787109375 2840.12890625 2846.001708984375 2851.899169921875 2857.1171875 2862.303466796875 2867.601806640625 2872.14599609375 2877.55029296875 2882.547119140625
2650.4765625 2655.4716796875 2663.712890625 2671.98828125 2678.90625 2685.534912109375 2689.04736328125 2692.416748046875 2697.142333984375 2702.291259765625 2706.9453125 2709.735595703125 2713.177490234375 2717.711181640625 2721.345947265625 2721.97265625 2724.333984375 2729.03857421875 2733.51416015625 2736.84326171875 2740.2392578125 2745.653564453125 2751.875244140625 2758.730224609375 2765.176513671875 2772.259765625 2779.060302734375 2785.72900390625 2791.90869140625 2798.64599609375 2803.78076171875 2806.31298828125 2809.759765625 2814.324951171875 2818.54052734375 2824.485107421875 2828.643310546875 2834.251708984375 2840.2822265625 2844.021240234375 2850.093017578125 2855.619140625 2862.023193359375 2867.766357421875 2871.80419921875 2876.97021484375
2651.824462890625 2656.757568359375 2664.322265625 2671.94921875 2679.468994140625 2685.163330078125 2690.330322265625 2693.5 2697.804443359375 2703.014404296875 2707.0302734375 2709.469970703125 2713.8603515625 2716.676513671875 2717.910888671875 2718.8974609375 2722.179931640625 2726.1796875 2729.471435546875 2731.80712890625 2735.976806640625 2742.917724609375 2749.379150390625 2755.427978515625 2761.529296875 2767.3056640625 2774.29931640625 2780.772216796875 2787.730224609375 2793.124755859375 2797.20849609375 2800.014892578125 2802.7939453125 2806.75927734375 2812.480224609375 2817.371337890625 2822.74658203125 2827.47509765625 2833.356689453125 2837.89794921875 2843.16064453125 2850.33740234375 2856.095947265625 2860.8369140625 2867.20458984375 2872.66015625
2653.318603515625 2658.883056640625 2666.417236328125 2673.158447265625 2678.97314453125 2684.968505859375 2690.9521484375 2693.43408203125 2698.390869140625 2702.357177734375 2705.426513671875 2709.36962890625 2710.6708984375 2712.724609375 2714.36572265625 2715.98583984375 2719.62841796875 2722.7119140625 2726.077392578125 2729.249755859375 2735.48486328125 2741.00830078125 2746.011962890625 2750.933349609375 2756.57421875 2763.47900390625 2769.60693359375 2775.87548828125 2782.734130859375 2787.74365234375 2790.059326171875 2792.788330078125 2796.3095703125 2800.341796875 2805.43994140625 2811.35400390625 2816.48486328125 2821.7109375 2826.46923828125 2832.0078125 2838.108154296875 2844.745361328125 2849.322021484375 2855.434814453125 2861.482666015625 2868.08349609375
2653.892578125 2660.437255859375 2666.36279296875 2673.443115234375 2677.674072265625 2684.570068359375 2689.603271484375 2692.51513671875 2696.415283203125 2701.155517578125 2702.816650390625 2706.7294921875 2707.22900390625 2708.28271484375 2710.282958984375 2713.29296875 2716.588623046875 2719.57763671875 2722.904052734375 2727.891357421875 2733.000244140625 2737.598876953125 2741.631103515625 2746.56396484375 2752.361572265625 2758.268798828125 2763.766357421875 2769.849609375 2775.56298828125 2781.85546875 2782.96533203125 2786.38330078125 2790.0390625 2794.71142578125 2800.11328125 2805.65771484375 2810.710205078125 2815.34228515625 2820.798828125 2826.72509765625 2832.440673828125 2837.41650390625 2843.5244140625 2849.280029296875 2855.443359375 2861.4443359375
2653.34326171875 2659.073974609375 2666.13818359375 2672.376953125 2679.2587890625 2684.01708984375 2686.648681640625 2689.8134765625 2694.69775390625 2697.220703125 2700.249755859375 2703.471923828125 2704.987060546875 2706.822021484375 2709.81787109375 2712.294677734375 2714.10302734375 2717.62890625 2721.55517578125 2726.68310546875 2730.4287109375 2733.966796875 2737.875 2742.701904296875 2748.506103515625 2753.3759765625 2758.52099609375 2764.971923828125 2769.202880859375 2773.39453125 2777.040771484375 2780.217041015625 2784.34765625 2789.2578125 2794.88232421875 2799.842041015625 2804.78076171875 2810.60693359375 2815.95654296875 2820.94384765625 2826.454833984375 2832.64208984375 2838.131103515625 2843.562744140625 2849.15380859375 2855.81591796875
2649.414306640625 2655.509033203125 2663.224609375 2669.353515625 2676.83154296875 2679.54931640625 2683.168701171875 2687.131103515625 2691.21875 2696.5576171875 2700.317626953125 2702.6953125 2705.99951171875 2706.958740234375 2708.875 2710.60205078125 2712.990234375 2715.908447265625 2721.052734375 2725.004638671875 2726.729736328125 2730.48486328125 2735.83642578125 2739.90771484375 2744.4404296875 2748.337890625 2752.443603515625 2758.272705078125 2762.539794921875 2766.27587890625 2770.606201171875 2774.502685546875 2778.946533203125 2784.142333984375 2789.05810546875 2793.39697265625 2799.283203125 2804.4580078125 2810.22119140625 2815.348876953125 2821.77685546875 2826.936279296875 2832.872314453125 2839.072021484375 2844.1376953125 2849.77490234375
2645.544677734375 2651.59619140625 2658.416748046875 2664.8447265625 2670.37109375 2674.54931640625 2680.15283203125 2685.382080078125 2690.112548828125 2695.350341796875 2698.86572265625 2702.14990234375 2704.73583984375 2706.201171875 2707.922607421875 2709.9228515625 2711.945068359375 2716.963134765625 2721.060302734375 2720.464111328125 2723.04443359375 2728.55908203125 2733.77978515625 2737.919921875 2740.404541015625 2743.530029296875 2747.760986328125 2752.08740234375 2756.559814453125 2761.11083984375 2764.410400390625 2769.0595703125 2773.409912109375 2778.19970703125 2783.080078125 2788.170654296875 2793.710205078125 2799.47998046875 2804.659423828125 2810.7685546875 2816.16748046875 2822.295654296875 2828.387451171875 2833.751220703125 2840.990234375 2848.0361328125
2642.672119140625 2648.235595703125 2654.7734375 2660.959716796875 2666.021728515625 2670.769287109375 2675.829345703125 2682.376708984375 2687.552490234375 2693.10546875 2697.643798828125 2701.52880859375 2704.197998046875 2706.4150390625 2706.424560546875 2709.517822265625 2714.008544921875 2718.255615234375 2717.0185546875 2718.869873046875 2721.019287109375 2723.951904296875 2729.60791015625 2735.35791015625 2737.341796875 2738.923828125 2742.374267578125 2747.032958984375 2751.197021484375 2754.857666015625 2759.31787109375 2762.6669921875 2766.49853515625 2771.682861328125 2776.807861328125 2781.925048828125 2788.262451171875 2793.5888671875 2799.66455078125 2804.96142578125 2810.618408203125 2816.48193359375 2821.310791015625 2828.39501953125 2835.656005859375 2844.43310546875
2641.21240234375 2648.339599609375 2655.001708984375 2659.976806640625 2663.810302734375 2668.319091796875 2673.492919921875 2678.223388671875 2683.40283203125 2690.136474609375 2696.854736328125 2700.186767578125 2704.585693359375 2707.393310546875 2709.443359375 2712.240234375 2713.5546875 2714.008544921875 2716.51318359375 2716.78369140625 2717.6748046875 2720.136474609375 2725.006591796875 2731.10107421875 2734.029052734375 2735.165771484375 2738.37353515625 2742.67236328125 2745.984130859375 2749.4833984375 2753.846923828125 2756.562744140625 2761.59423828125 2766.813720703125 2770.1533203125 2775.0185546875 2781.56494140625 2788.57470703125 2793.954833984375 2799.3330078125 2804.208740234375 2809.16650390625 2814.495849609375 2822.183837890625 2829.6396484375 2833.731201171875
2643.633056640625 2651.541748046875 2653.6318359375 2655.525146484375 2660.392333984375 2665.853515625 2669.915283203125 2675.8916015625 2683.207763671875 2689.3818359375 2693.5419921875 2696.355224609375 2699.47900390625 2702.521484375 2706.644287109375 2707.40869140625 2708.8310546875 2710.2333984375 2709.28955078125 2710.55810546875 2712.96826171875 2716.65185546875 2720.443115234375 2725.513671875 2728.419677734375 2730.410400390625 2734.468505859375 2737.748779296875 2741.455322265625 2745.978515625 2749.71923828125 2753.5078125 2757.95751953125 2761.15087890625 2766.572998046875 2770.316650390625 2775.270751953125 2781.711181640625 2787.905029296875 2792.626953125 2797.219970703125 2802.227294921875 2807.25390625 2816.65673828125 2821.794189453125 2826.69091796875
2644.93798828125 2649.567138671875 2652.856201171875 2656.580810546875 2659.30224609375 2664.438720703125 2670.34228515625 2677.17529296875 2680.804443359375 2683.756103515625 2687.554443359375 2691.013427734375 2694.04736328125 2696.6904296875 2698.367919921875 2699.002197265625 2700.649169921875 2702.88916015625 2702.066650390625 2703.81396484375 2707.939697265625 2713.642578125 2717.5888671875 2721.019287109375 2724.081787109375 2726.731689453125 2729.546875 2731.89697265625 2735.57177734375 2740.1455078125 2744.303955078125 2748.171630859375 2752.252685546875 2758.013916015625 2762.284912109375 2766.05712890625 2770.456298828125 2775.47998046875 2780.51904296875 2785.278076171875 2789.161376953125 2795.774658203125 2801.5673828125 2808.11767578125 2813.6123046875 2819.45263671875
2646.5751953125 2651.64111328125 2656.10400390625 2660.13818359375 2662.668701171875 2666.53173828125 2671.65966796875 2672.629150390625 2674.1767578125 2677.189697265625 2681.3232421875 2684.303466796875 2687.7548828125 2689.499267578125 2691.41845703125 2691.946533203125 2693.883056640625 2695.322509765625 2694.98828125 2697.36962890625 2702.819580078125 2707.4716796875 2712.72265625 2716.440673828125 2719.380859375 2721.98876953125 2723.83544921875 2725.396240234375 2729.384521484375 2734.34716796875 2738.732666015625 2742.258544921875 2747.591796875 2752.3662109375 2757.503662109375 2760.918701171875 2765.521240234375 2770.48095703125 2774.855224609375 2778.931396484375 2782.364501953125 2786.12353515625 2793.35302734375 2801.7802734375 2807.004638671875 2813.220703125
2649.500244140625 2654.31201171875 2658.328857421875 2661.62451171875 2663.486328125 2665.0234375 2666.564208984375 2667.01123046875 2668.28857421875 2671.710205078125 2674.662109375 2678.298828125 2680.400390625 2683.0224609375 2684.5166015625 2685.830078125 2687.283935546875 2687.17138671875 2688.428466796875 2691.685791015625 2696.84912109375 2702.204345703125 2705.71484375 2709.469970703125 2714.0791015625 2716.40234375 2718.362548828125 2719.67236328125 2723.720703125 2728.42626953125 2732.70703125 2737.930419921875 2743.33056640625 2748.793701171875 2753.918701171875 2757.266845703125 2761.580810546875 2766.486083984375 2771.01416015625 2775.201904296875 2777.895751953125 2782.79736328125 2788.034912109375 2795.23974609375 2801.073486328125 2808.258056640625
2650.65625 2653.621337890625 2654.79150390625 2656.10693359375 2657.572265625 2659.270751953125 2659.664306640625 2660.8173828125 2663.20556640625 2666.115234375 2669.257080078125 2672.62744140625 2675.047119140625 2675.895263671875 2678.33984375 2679.615966796875 2680.3984375 2680.191162109375 2682.04150390625 2687.311767578125 2691.888427734375 2696.591064453125 2700.774169921875 2703.645751953125 2707.871826171875 2710.19140625 2711.821044921875 2715.589599609375 2720.484375 2724.48583984375 2728.40625 2733.40234375 2738.385009765625 2744.396484375 2748.897705078125 2752.989990234375 2756.8330078125 2761.63818359375 2766.988525390625 2770.975830078125 2773.582763671875 2777.84423828125 2782.39599609375 2787.96533203125 2794.93310546875 2802.7900390625
2646.55908203125 2647.5849609375 2648.96435546875 2650.67041015625 2651.714599609375 2653.0166015625 2653.576416015625 2655.153564453125 2657.387939453125 2660.18701171875 2662.85009765625 2665.45703125 2667.67041015625 2669.42919921875 2671.39501953125 2672.848876953125 2673.529052734375 2674.079345703125 2676.9794921875 2681.21044921875 2686.385986328125 2691.06689453125 2695.124755859375 2698.1787109375 2701.18798828125 2703.672607421875 2705.9423828125 2712.561279296875 2716.590576171875 2721.2236328125 2725.089599609375 2729.868896484375 2737.133544921875 2739.980224609375 2743.80419921875 2747.44775390625 2751.25732421875 2755.37548828125 2760.046630859375 2765.36474609375 2769.045166015625 2771.70556640625 2777.203125 2782.13330078125 2788.88427734375 2797.302978515625
2639.737548828125 2641.004150390625 2642.61865234375 2644.267333984375 2645.7001953125 2646.989990234375 2647.135009765625 2649.331298828125 2652.808349609375 2654.9072265625 2656.43359375 2658.95263671875 2660.35986328125 2663.022216796875 2664.114990234375 2666.18212890625 2666.561279296875 2668.517822265625 2672.062744140625 2675.72998046875 2681.239013671875 2684.908203125 2687.961181640625 2691.575927734375 2694.120849609375 2696.950439453125 2701.646484375 2706.4150390625 2712.147705078125 2716.935546875 2721.785400390625 2727.33740234375 2732.94091796875 2736.4296875 2740.34423828125 2744.216796875 2747.04443359375 2748.93017578125 2753.280517578125 2758.953857421875 2763.501953125 2766.61328125 2771.38671875 2777.5146484375 2783.899658203125 2791.193115234375
2633.55126953125 2634.481689453125 2636.892822265625 2638.219482421875 2639.6640625 2640.966064453125 2641.58203125 2643.829833984375 2646.91259765625 2648.2900390625 2650.38671875 2651.98779296875 2653.114990234375 2655.064697265625 2657.11474609375 2659.87744140625 2660.563232421875 2663.173095703125 2666.933837890625 2670.82568359375 2674.9208984375 2677.999755859375 2682.274658203125 2685.516845703125 2688.69775390625 2692.318359375 2697.46240234375 2702.1279296875 2707.826904296875 2712.718994140625 2717.0625 2723.55078125 2729.244140625 2732.59228515625 2737.317138671875 2741.5078125 2743.10986328125 2745.674560546875 2749.01416015625 2753.88623046875 2759.35693359375 2763.838134765625 2767.81591796875 2773.64306640625 2780.239990234375 2787.1103515625
2627.581787109375 2628.63720703125 2630.47802734375 2632.437255859375 2633.63134765625 2634.330810546875 2635.945068359375 2638.109619140625 2640.578125 2642.61669921875 2643.739990234375 2644.712646484375 2646.5849609375 2648.7216796875 2651.4462890625 2653.56591796875 2655.27880859375 2658.369873046875 2662.275146484375 2666.04931640625 2669.77880859375 2673.6103515625 2676.73486328125 2679.93310546875 2683.5126953125 2687.97265625 2692.63720703125 2698.232421875 2703.455810546875 2708.560546875 2713.632080078125 2719.808837890625 2723.759765625 2728.060546875 2731.80322265625 2736.5537109375 2737.733642578125 2740.197265625 2744.277099609375 2749.691650390625 2755.28173828125 2759.76953125 2763.554443359375 2770.244140625 2777.1220703125 2783.6875
