avaframe/data/Sellrain_test/Inputs/DEM_10m_Pforzheimer.asc
ncols        266
nrows        226
xllcorner    54010.000000000000
yllcorner    223360.000000000000
cellsize     10.000000000000
NODATA_value  -9999
[rows 180 to 199 of 226, columns 138 to 183 of 266]
2531.56591796875 2529.866943359375 2525.3095703125 2520.067138671875 2514.828857421875 2508.52392578125 2502.199951171875 2496.412841796875 2490.49755859375 2485.061279296875 2479.269287109375 2473.30517578125 2467.5888671875 2462.819580078125 2458.310791015625 2454.079345703125 2450.325927734375 2447.61328125 2445.211669921875 2443.372802734375 2441.29541015625 2440.8310546875 2440.57958984375 2440.581787109375 2440.18017578125 2439.335205078125 2438.216064453125 2436.718994140625 2434.59765625 2432.95556640625 2431.019287109375 2429.365234375 2428.232177734375 2426.862548828125 2425.60107421875 2424.5673828125 2422.95703125 2421.216552734375 2419.355712890625 2416.98291015625 2415.763427734375 2413.935546875 2411.197998046875 2409.71875 2408.01318359375 2406.767578125
2531.876953125 2528.611572265625 2523.00244140625 2518.27392578125 2512.6220703125 2505.724609375 2500.01708984375 2494.575927734375 2489.262939453125 2483.59228515625 2478.783203125 2473.753662109375 2468.644287109375 2463.824462890625 2460.1943359375 2456.805908203125 2453.48388671875 2450.683837890625 2448.36669921875 2446.068603515625 2445.1123046875 2444.18798828125 2443.481201171875 2443.426513671875 2442.843994140625 2441.890869140625 2440.284423828125 2438.617431640625 2436.9912109375 2435.0927734375 2432.911865234375 2431.095947265625 2429.541259765625 2428.365478515625 2426.49853515625 2424.363525390625 2423.1328125 2421.809814453125 2419.799072265625 2418.36181640625 2416.9423828125 2415.870849609375 2412.263427734375 2409.599609375 2407.863037109375 2406.502197265625
2531.73291015625 2527.62255859375 2521.7998046875 2516.32666015625 2510.736572265625 2504.4921875 2498.12451171875 2493.104736328125 2488.05126953125 2483.109130859375 2477.87060546875 2473.46923828125 2469.388916015625 2465.749755859375 2462.44287109375 2458.93603515625 2455.908203125 2453.578369140625 2450.8994140625 2449.001953125 2447.794189453125 2447.05859375 2446.156982421875 2445.58642578125 2445.27734375 2444.035888671875 2442.391845703125 2441.001220703125 2439.265625 2437.059814453125 2434.77978515625 2433.11083984375 2431.27685546875 2429.368408203125 2427.60595703125 2425.451904296875 2423.998779296875 2422.7958984375 2421.6259765625 2420.053466796875 2418.468017578125 2416.322021484375 2413.203857421875 2409.71875 2408.245849609375 2406.893798828125
2530.46435546875 2525.83740234375 2520.0205078125 2514.64990234375 2509.437255859375 2503.262451171875 2496.20703125 2491.1875 2486.810791015625 2482.250244140625 2477.85693359375 2473.894775390625 2470.23974609375 2467.19921875 2464.38818359375 2460.77392578125 2457.91796875 2455.20458984375 2453.6875 2451.51171875 2450.392578125 2449.356689453125 2448.074462890625 2447.966064453125 2447.22265625 2445.94921875 2444.794189453125 2443.375732421875 2441.58251953125 2439.169189453125 2437.166259765625 2434.978515625 2432.659423828125 2430.6416015625 2429.283935546875 2427.398193359375 2425.279052734375 2424.644775390625 2423.563232421875 2421.65087890625 2419.382568359375 2417.392578125 2413.63916015625 2411.063720703125 2409.476318359375 2407.133544921875
2528.72705078125 2523.596923828125 2518.314697265625 2513.555419921875 2508.564453125 2502.415771484375 2495.61181640625 2490.63671875 2486.09521484375 2481.958984375 2478.602294921875 2474.71484375 2471.197998046875 2468.392822265625 2465.608642578125 2462.378173828125 2459.511474609375 2457.27099609375 2455.331787109375 2453.889404296875 2452.33984375 2450.55859375 2450.073486328125 2449.772216796875 2448.52978515625 2447.651123046875 2446.671875 2445.341064453125 2443.80615234375 2441.57861328125 2439.638427734375 2437.160400390625 2434.98046875 2432.539306640625 2430.6455078125 2429.099853515625 2427.861328125 2426.677490234375 2425.397216796875 2423.253173828125 2421.3388671875 2418.87158203125 2415.28515625 2412.122314453125 2409.40380859375 2408.031005859375
2528.8720703125 2524.048095703125 2518.194580078125 2511.439208984375 2505.560791015625 2500.757568359375 2495.320556640625 2490.39306640625 2486.20849609375 2482.25537109375 2479.09130859375 2475.812255859375 2472.696044921875 2469.96728515625 2467.6533203125 2464.431884765625 2461.679443359375 2459.088134765625 2457.057373046875 2455.336669921875 2454.078369140625 2452.34765625 2450.81396484375 2450.720458984375 2449.825927734375 2449.279296875 2448.237548828125 2447.21875 2445.562744140625 2443.958251953125 2441.68505859375 2439.478271484375 2436.95947265625 2434.998291015625 2433.218994140625 2431.8681640625 2430.89404296875 2430.063232421875 2427.99853515625 2426.193359375 2424.003662109375 2420.608154296875 2416.24658203125 2413.311279296875 2411.6083984375 2409.373046875
2525.17626953125 2520.82373046875 2515.635986328125 2509.75634765625 2503.844970703125 2499.056884765625 2494.90087890625 2490.2958984375 2486.025634765625 2482.294921875 2479.42822265625 2476.86474609375 2474.171142578125 2471.565673828125 2469.044921875 2466.2041015625 2463.1396484375 2460.786865234375 2458.580078125 2456.43896484375 2454.810791015625 2453.60205078125 2452.217529296875 2451.302978515625 2451.125 2450.323974609375 2449.605224609375 2448.492919921875 2447.1728515625 2445.52685546875 2443.900634765625 2441.725830078125 2439.328125 2437.435546875 2435.962646484375 2435.5400390625 2434.9248046875 2434.041015625 2431.406982421875 2429.372314453125 2427.10400390625 2423.194580078125 2418.283203125 2415.787353515625 2413.71875 2410.51806640625
2526.805419921875 2520.035400390625 2513.42138671875 2508.129150390625 2502.954345703125 2498.01220703125 2493.99853515625 2489.837646484375 2486.408203125 2483.013671875 2480.662841796875 2478.913330078125 2476.898681640625 2474.816162109375 2473.121337890625 2470.1005859375 2466.663330078125 2463.00048828125 2460.429931640625 2458.396240234375 2456.422119140625 2454.781005859375 2453.780029296875 2452.26513671875 2451.551513671875 2451.26416015625 2450.103271484375 2449.105224609375 2448.209716796875 2447.183837890625 2445.562744140625 2443.542724609375 2441.585693359375 2439.304443359375 2438.588623046875 2438.948486328125 2439.447509765625 2439.416748046875 2435.378173828125 2432.579833984375 2429.7548828125 2426.08203125 2422.053466796875 2418.5048828125 2415.120361328125 2410.778564453125
2527.53125 2521.037353515625 2513.587158203125 2507.1142578125 2501.990234375 2497.437744140625 2493.56103515625 2490.38720703125 2486.308837890625 2482.857666015625 2480.8349609375 2478.86669921875 2476.8330078125 2474.456298828125 2472.720703125 2471.338134765625 2468.51611328125 2466.8701171875 2462.71923828125 2459.65869140625 2458.5205078125 2456.66552734375 2454.93115234375 2453.087158203125 2451.937255859375 2450.6142578125 2450.34375 2449.553466796875 2449.042724609375 2447.801025390625 2446.2822265625 2444.833984375 2443.25048828125 2441.901611328125 2441.73876953125 2442.373779296875 2443.97021484375 2445.575439453125 2440.96240234375 2436.157470703125 2432.39111328125 2428.927978515625 2425.20654296875 2420.937255859375 2416.08154296875 2410.311279296875
2526.95361328125 2520.740234375 2513.804931640625 2507.127197265625 2501.9306640625 2496.655517578125 2492.483642578125 2489.83154296875 2485.98974609375 2482.938232421875 2482.083251953125 2479.741455078125 2477.046630859375 2474.146240234375 2472.57470703125 2470.95556640625 2469.302490234375 2467.382080078125 2465.351318359375 2461.8681640625 2459.592041015625 2458.153564453125 2456.10107421875 2454.062255859375 2451.912353515625 2450.989990234375 2450.302978515625 2450.135009765625 2449.183837890625 2448.0654296875 2446.633056640625 2445.775390625 2444.91748046875 2444.344970703125 2444.57763671875 2445.570556640625 2447.6669921875 2449.056640625 2447.08056640625 2440.788330078125 2435.11376953125 2431.243896484375 2427.6884765625 2423.2353515625 2417.279296875 2410.784423828125
2526.713134765625 2521.045166015625 2514.20068359375 2507.436279296875 2501.2666015625 2496.634521484375 2492.215087890625 2488.3525390625 2486.1279296875 2483.33984375 2482.197509765625 2479.52880859375 2476.68994140625 2474.871826171875 2472.68896484375 2471.752685546875 2468.943603515625 2467.427734375 2466.1474609375 2464.39794921875 2460.8623046875 2459.5849609375 2457.189453125 2454.952880859375 2452.92431640625 2451.5166015625 2451.021728515625 2449.59228515625 2448.852783203125 2447.931396484375 2447.015869140625 2446.458251953125 2446.570556640625 2446.516845703125 2446.936279296875 2448.0107421875 2450.14208984375 2451.494873046875 2450.889404296875 2446.3837890625 2438.3701171875 2433.606689453125 2429.757080078125 2424.337646484375 2418.119140625 2411.117431640625
2525.738037109375 2518.982666015625 2513.417236328125 2507.4453125 2501.63427734375 2496.28955078125 2492.55029296875 2487.87646484375 2486.089111328125 2483.7412109375 2482.055419921875 2479.356689453125 2476.985107421875 2474.91064453125 2472.83203125 2471.28955078125 2470.23974609375 2468.222900390625 2467.337158203125 2465.472412109375 2462.568115234375 2460.791748046875 2457.849609375 2455.809814453125 2453.917236328125 2452.914306640625 2451.6181640625 2449.47216796875 2448.548583984375 2447.733642578125 2447.354736328125 2447.438232421875 2447.762451171875 2448.14501953125 2448.75732421875 2449.958984375 2451.75439453125 2453.5107421875 2453.54150390625 2450.65283203125 2441.781494140625 2435.804443359375 2430.9677734375 2424.368408203125 2417.830810546875 2411.478271484375
2525.434814453125 2518.306884765625 2512.273193359375 2508.215576171875 2503.557861328125 2497.465576171875 2492.99951171875 2490.208251953125 2488.04736328125 2485.49560546875 2482.92822265625 2479.5029296875 2477.48095703125 2475.36474609375 2473.3818359375 2472.26953125 2470.8779296875 2468.95458984375 2468.45849609375 2467.161376953125 2463.382080078125 2462.00048828125 2459.76904296875 2457.783935546875 2456.04638671875 2454.98876953125 2452.881591796875 2450.19775390625 2448.69873046875 2448.048583984375 2448.346923828125 2448.44921875 2448.8349609375 2449.580322265625 2450.270263671875 2451.834716796875 2453.610107421875 2455.65771484375 2456.0732421875 2453.365478515625 2445.739501953125 2437.442626953125 2430.34033203125 2423.889404296875 2418.402587890625 2413.533935546875
2525.718994140625 2518.474853515625 2511.999755859375 2506.3251953125 2502.063720703125 2498.22900390625 2495.237060546875 2492.50244140625 2490.209228515625 2486.951904296875 2483.668701171875 2481.102294921875 2478.042724609375 2476.488037109375 2474.062744140625 2472.752685546875 2470.8837890625 2470.01318359375 2468.386962890625 2466.61767578125 2464.00927734375 2462.7490234375 2461.013427734375 2460.311767578125 2459.43505859375 2457.397216796875 2453.8447265625 2451.6162109375 2450.056640625 2449.31884765625 2449.177734375 2449.3359375 2450.1201171875 2451.47802734375 2452.68359375 2454.3447265625 2455.619873046875 2457.48779296875 2458.119873046875 2457.613037109375 2452.686767578125 2440.668212890625 2432.73193359375 2426.3037109375 2420.97900390625 2414.9931640625
2526.50244140625 2519.041259765625 2512.611083984375 2507.097412109375 2504.63525390625 2501.212890625 2497.78857421875 2495.273681640625 2490.897216796875 2488.25 2485.412109375 2482.20263671875 2479.516845703125 2477.21875 2475.18798828125 2473.2724609375 2471.666259765625 2470.00927734375 2468.633544921875 2465.75390625 2464.268798828125 2463.56689453125 2463.44873046875 2462.50048828125 2461.149658203125 2458.900146484375 2455.888427734375 2454.5654296875 2453.3427734375 2451.75537109375 2450.837890625 2450.896484375 2451.823974609375 2453.8974609375 2455.508544921875 2456.974853515625 2458.1884765625 2459.5234375 2460.573974609375 2460.124755859375 2450.300048828125 2442.02294921875 2435.635498046875 2429.10595703125 2422.98388671875 2417.072509765625
2526.0380859375 2520.598876953125 2514.404296875 2510.637939453125 2506.77734375 2504.428466796875 2501.258544921875 2498.445556640625 2495.048095703125 2491.124755859375 2487.8017578125 2484.5205078125 2480.337890625 2477.604248046875 2476.390625 2474.7744140625 2472.93359375 2470.4365234375 2469.166259765625 2466.814453125 2465.3671875 2464.73388671875 2464.69921875 2464.06005859375 2463.42578125 2460.77197265625 2460.197265625 2458.38134765625 2456.4638671875 2454.26123046875 2453.780029296875 2453.947998046875 2454.750244140625 2456.84765625 2458.43310546875 2459.6875 2460.66748046875 2461.843505859375 2463.00341796875 2462.549072265625 2453.8544921875 2445.0498046875 2438.314453125 2432.22021484375 2425.71533203125 2419.829833984375
2526.56103515625 2522.11376953125 2517.695556640625 2514.1240234375 2510.91748046875 2507.879638671875 2505.328125 2502.342041015625 2498.280517578125 2494.683349609375 2490.928955078125 2486.54443359375 2481.746337890625 2479.69580078125 2478.677734375 2476.767333984375 2474.46533203125 2472.583740234375 2470.611572265625 2468.705078125 2467.074951171875 2466.44970703125 2466.628662109375 2467.832275390625 2466.356201171875 2464.3056640625 2462.869140625 2462.400146484375 2459.78076171875 2457.839599609375 2457.202392578125 2457.8046875 2458.8603515625 2460.704345703125 2461.935791015625 2462.55224609375 2463.546142578125 2464.84033203125 2465.793701171875 2464.17333984375 2455.98779296875 2447.556640625 2440.828125 2434.16943359375 2427.9140625 2421.98779296875
2527.468505859375 2524.63671875 2521.598876953125 2518.121826171875 2514.694580078125 2511.70068359375 2508.3955078125 2505.707763671875 2502.23876953125 2498.661376953125 2494.799560546875 2490.652587890625 2486.93017578125 2484.364501953125 2481.993896484375 2479.37255859375 2476.19775390625 2474.760498046875 2472.38671875 2470.285400390625 2469.73779296875 2470.4365234375 2471.088623046875 2471.584716796875 2471.431640625 2469.971435546875 2467.68505859375 2465.28076171875 2463.17431640625 2462.680419921875 2461.94580078125 2462.819580078125 2464.06103515625 2464.217041015625 2464.848388671875 2465.28759765625 2466.51123046875 2467.858154296875 2468.728759765625 2465.369140625 2457.02734375 2449.329833984375 2442.18798828125 2435.12451171875 2429.315673828125 2423.469970703125
2531.67822265625 2529.108642578125 2525.51025390625 2522.117919921875 2519.563232421875 2515.81787109375 2512.1708984375 2509.3935546875 2505.958251953125 2502.7744140625 2499.608642578125 2495.070068359375 2492.485595703125 2488.0830078125 2485.083251953125 2481.48779296875 2478.579345703125 2476.322021484375 2473.88671875 2473.69091796875 2473.252685546875 2473.69482421875 2474.328125 2474.949462890625 2476.657958984375 2476.157958984375 2472.216796875 2469.537109375 2467.778564453125 2467.33935546875 2467.31640625 2467.356201171875 2467.8720703125 2468.444580078125 2468.196044921875 2468.03515625 2469.4267578125 2471.01513671875 2471.6650390625 2469.859130859375 2461.2568359375 2451.361572265625 2443.422607421875 2436.65234375 2430.27880859375 2424.145751953125
2536.458251953125 2533.260498046875 2530.0380859375 2527.4794921875 2524.4248046875 2520.676513671875 2517.466796875 2514.1279296875 2511.490966796875 2506.680908203125 2503.480224609375 2500.278564453125 2496.025146484375 2491.762939453125 2487.927001953125 2483.8955078125 2482.218505859375 2480.42919921875 2477.710693359375 2477.41552734375 2477.372802734375 2477.519775390625 2478.372802734375 2480.0625 2481.863525390625 2481.862548828125 2478.208740234375 2473.91064453125 2472.048828125 2470.444580078125 2470.975341796875 2470.52392578125 2470.865966796875 2471.194091796875 2471.221923828125 2471.225830078125 2471.645263671875 2473.12744140625 2473.75048828125 2471.02490234375 2460.78173828125 2453.082275390625 2445.08447265625 2438.003173828125 2431.88525390625 2425.017578125
