avaframe/data/Sellrain_test/Inputs/DEM_10m_Pforzheimer.asc
ncols        266
nrows        226
xllcorner    54010.000000000000
yllcorner    223360.000000000000
cellsize     10.000000000000
NODATA_value  -9999
[rows 140 to 159 of 226, columns 92 to 137 of 266]
2753.205078125 2742.969970703125 2732.046875 2721.9794921875 2708.528564453125 2702.37548828125 2696.234130859375 2687.602783203125 2677.178955078125 2665.455078125 2657.670166015625 2653.907470703125 2648.417236328125 2641.590087890625 2636.98193359375 2630.764892578125 2624.783203125 2618.78515625 2613.20703125 2607.833251953125 2600.3203125 2592.242431640625 2585.933349609375 2553.175537109375 2536.45263671875 2528.947998046875 2516.812744140625 2508.15771484375 2500.644775390625 2493.657958984375 2486.861572265625 2480.06103515625 2473.50634765625 2467.287109375 2462.410888671875 2458.95947265625 2458.15087890625 2456.218505859375 2454.19384765625 2452.056640625 2449.170166015625 2447.436279296875 2444.89794921875 2443.53662109375 2440.906005859375 2438.066650390625
2750.0078125 2744.097412109375 2733.670654296875 2724.40673828125 2715.12255859375 2699.848876953125 2688.9814453125 2684.2353515625 2674.966064453125 2663.154296875 2650.908447265625 2646.292236328125 2641.76416015625 2636.5419921875 2631.64111328125 2626.8447265625 2621.5693359375 2617.05126953125 2611.9541015625 2607.98681640625 2603.02880859375 2597.366455078125 2588.50439453125 2561.61376953125 2535.691162109375 2526.819091796875 2517.8916015625 2509.57421875 2502.026611328125 2494.329345703125 2487.78271484375 2480.89208984375 2474.31689453125 2468.015869140625 2462.3720703125 2457.827392578125 2455.733154296875 2453.849853515625 2452.55419921875 2450.56640625 2449.426025390625 2447.94189453125 2446.437255859375 2444.72802734375 2443.264404296875 2440.863037109375
2743.385009765625 2737.965576171875 2730.592041015625 2723.8505859375 2716.739990234375 2695.71435546875 2687.435546875 2675.60888671875 2663.502197265625 2653.522705078125 2645.23193359375 2640.771240234375 2636.038330078125 2630.85498046875 2626.721923828125 2623.043212890625 2619.02880859375 2615.510009765625 2610.385986328125 2607.204833984375 2603.93359375 2598.961181640625 2593.92529296875 2575.478759765625 2553.855224609375 2540.4814453125 2515.279541015625 2507.43896484375 2500.14111328125 2493.414306640625 2486.6220703125 2480.1142578125 2473.715087890625 2467.9443359375 2462.378173828125 2457.5859375 2454.19189453125 2451.927734375 2450.271484375 2449.538818359375 2447.77001953125 2446.53564453125 2446.2080078125 2444.5478515625 2442.955322265625 2441.1865234375
2734.987548828125 2737.156005859375 2727.28759765625 2717.1015625 2701.85888671875 2694.272216796875 2684.294921875 2672.67333984375 2661.043701171875 2650.89208984375 2643.04345703125 2637.19482421875 2631.80908203125 2626.68701171875 2621.808837890625 2618.8916015625 2615.544677734375 2614.195556640625 2608.887451171875 2605.8515625 2603.153564453125 2598.01318359375 2586.881103515625 2577.851318359375 2571.288330078125 2543.08544921875 2520.821044921875 2505.24462890625 2498.177978515625 2491.69677734375 2485.594482421875 2479.758056640625 2473.12548828125 2466.646484375 2461.526611328125 2457.24609375 2454.826416015625 2451.061767578125 2450.01171875 2448.64208984375 2447.518310546875 2446.711669921875 2444.89599609375 2444.498779296875 2442.24072265625 2441.8232421875
2726.67138671875 2727.93701171875 2724.15869140625 2713.864501953125 2701.485595703125 2692.326416015625 2681.916748046875 2671.594482421875 2658.42138671875 2646.74267578125 2639.792724609375 2634.114013671875 2628.564208984375 2623.065673828125 2618.373779296875 2614.02783203125 2610.502685546875 2611.159912109375 2609.45458984375 2605.52001953125 2602.24267578125 2599.67138671875 2588.88525390625 2576.764404296875 2558.070068359375 2550.657470703125 2519.783203125 2507.11962890625 2498.665283203125 2490.771484375 2484.179931640625 2478.224853515625 2472.33740234375 2466.748779296875 2461.6064453125 2458.484619140625 2455.00439453125 2453.763916015625 2451.53466796875 2450.932861328125 2448.15283203125 2448.697265625 2444.9921875 2443.57958984375 2443.0166015625 2441.903076171875
2718.948974609375 2720.793212890625 2721.99658203125 2715.732177734375 2706.765625 2697.265380859375 2682.20556640625 2671.068359375 2662.288330078125 2644.349609375 2636.764892578125 2631.04541015625 2625.636962890625 2620.459716796875 2615.56103515625 2611.575439453125 2608.39208984375 2607.1494140625 2608.492431640625 2605.3603515625 2602.6396484375 2598.322509765625 2593.356201171875 2577.7490234375 2562.37109375 2543.87744140625 2538.029052734375 2506.7470703125 2497.316162109375 2490.21875 2483.7705078125 2477.950439453125 2471.44287109375 2465.99951171875 2461.89501953125 2459.89697265625 2457.348388671875 2454.527587890625 2453.68408203125 2452.40478515625 2451.42822265625 2447.10888671875 2445.733154296875 2445.0556640625 2444.26953125 2443.09033203125
2710.96875 2712.7744140625 2715.30224609375 2711.62451171875 2704.693603515625 2699.27978515625 2681.21923828125 2671.064208984375 2657.04150390625 2644.861328125 2634.920654296875 2628.425048828125 2622.783203125 2617.874267578125 2614.05859375 2609.80859375 2606.85888671875 2603.7841796875 2603.5546875 2600.7255859375 2596.6376953125 2594.858642578125 2591.689697265625 2580.50634765625 2565.458251953125 2548.08642578125 2530.07177734375 2510.442138671875 2499.451171875 2492.16357421875 2485.75 2479.098876953125 2473.27490234375 2466.959716796875 2462.975830078125 2459.673828125 2458.81201171875 2456.27783203125 2454.594970703125 2451.944091796875 2448.5458984375 2447.149658203125 2446.965576171875 2446.55615234375 2445.200927734375 2443.98291015625
2703.537353515625 2704.475341796875 2708.465576171875 2711.234130859375 2700.033935546875 2692.63134765625 2687.881591796875 2671.500244140625 2659.098876953125 2649.174560546875 2635.98095703125 2629.202880859375 2622.79345703125 2616.85693359375 2613.17822265625 2610.400390625 2604.471923828125 2596.92822265625 2595.8740234375 2593.962158203125 2590.453369140625 2587.88427734375 2586.209716796875 2581.94970703125 2566.639404296875 2544.389404296875 2526.2744140625 2515.930419921875 2502.41748046875 2495.264892578125 2488.179931640625 2481.854248046875 2475.56982421875 2469.344482421875 2464.48876953125 2462.40478515625 2460.419189453125 2457.19482421875 2454.3984375 2451.616455078125 2448.904052734375 2448.404541015625 2448.8017578125 2447.6513671875 2446.371826171875 2445.624755859375
2694.408203125 2696.604248046875 2697.56396484375 2702.435546875 2701.84375 2693.10400390625 2683.5556640625 2676.28857421875 2662.095947265625 2653.014892578125 2640.984130859375 2633.166259765625 2624.87939453125 2619.415771484375 2613.90087890625 2608.26513671875 2601.505615234375 2593.63037109375 2587.90673828125 2585.8759765625 2584.146240234375 2581.59765625 2579.267822265625 2577.923095703125 2566.395751953125 2545.222412109375 2528.59375 2517.142333984375 2502.696044921875 2495.35498046875 2488.86572265625 2482.54638671875 2476.523681640625 2470.621826171875 2465.7109375 2462.803955078125 2460.142822265625 2457.17041015625 2454.998291015625 2452.42919921875 2450.349365234375 2450.267578125 2450.138427734375 2448.0791015625 2447.53662109375 2447.931640625
2687.033447265625 2688.5224609375 2689.221923828125 2691.05029296875 2695.307861328125 2696.91455078125 2682.3564453125 2677.584228515625 2666.8369140625 2656.216552734375 2645.59619140625 2636.400634765625 2625.925537109375 2616.269287109375 2609.362548828125 2603.56298828125 2596.50048828125 2588.240478515625 2580.88720703125 2576.80126953125 2575.92919921875 2574.451171875 2572.680419921875 2568.311767578125 2564.498046875 2543.973876953125 2522.436279296875 2513.443359375 2504.2783203125 2496.68359375 2489.49609375 2482.560546875 2476.474609375 2470.726318359375 2466.65673828125 2463.944091796875 2460.9697265625 2458.359619140625 2456.697509765625 2455.29931640625 2454.0771484375 2452.66064453125 2451.593994140625 2449.89697265625 2450.5009765625 2451.229736328125
2679.7001953125 2680.369873046875 2681.17431640625 2681.91357421875 2684.69287109375 2689.69384765625 2673.166259765625 2672.106201171875 2667.63134765625 2658.589111328125 2648.314697265625 2632.86328125 2623.870361328125 2614.044189453125 2606.5966796875 2599.88232421875 2592.954833984375 2585.648681640625 2577.222900390625 2568.15625 2566.702880859375 2564.950439453125 2563.632080078125 2556.23388671875 2536.905029296875 2529.502685546875 2519.398193359375 2513.375732421875 2504.218994140625 2497.602783203125 2490.1103515625 2483.5166015625 2476.80419921875 2471.5859375 2467.966796875 2465.473388671875 2462.206298828125 2461.718994140625 2459.121337890625 2457.913330078125 2457.731201171875 2455.76806640625 2454.34130859375 2453.1640625 2452.607421875 2453.68408203125
2672.2548828125 2673.16943359375 2673.839111328125 2674.4619140625 2676.802490234375 2679.23388671875 2671.4248046875 2660.1572265625 2655.682373046875 2651.895263671875 2650.84912109375 2632.48046875 2618.171142578125 2611.024658203125 2604.7236328125 2597.49951171875 2588.297607421875 2580.919921875 2572.670166015625 2564.162353515625 2557.7978515625 2553.155029296875 2547.781494140625 2548.10693359375 2534.468994140625 2522.8251953125 2516.790283203125 2509.645751953125 2502.796142578125 2496.22705078125 2489.791015625 2483.616943359375 2477.663818359375 2474.099853515625 2471.01904296875 2466.875732421875 2466.3515625 2465.029296875 2462.996337890625 2460.8857421875 2460.25732421875 2460.060791015625 2457.049560546875 2456.451904296875 2457.03515625 2458.013671875
2664.5966796875 2665.350830078125 2666.40234375 2666.189453125 2665.79150390625 2668.1279296875 2665.28125 2658.4130859375 2648.153076171875 2638.65234375 2633.458984375 2619.974609375 2612.21826171875 2606.312255859375 2601.509765625 2594.43701171875 2584.889404296875 2576.33642578125 2567.247314453125 2558.158203125 2550.203125 2547.249267578125 2539.70556640625 2534.1865234375 2522.5302734375 2517.1279296875 2512.552734375 2507.177001953125 2500.646728515625 2494.7060546875 2489.021240234375 2484.362060546875 2480.95361328125 2476.55859375 2473.03955078125 2470.812255859375 2470.6669921875 2468.693603515625 2466.95751953125 2465.7783203125 2465.057861328125 2463.485595703125 2462.312744140625 2459.87451171875 2460.359619140625 2460.462158203125
2657.34716796875 2657.715087890625 2658.62109375 2658.175048828125 2657.030517578125 2655.10498046875 2655.61083984375 2654.013916015625 2647.31982421875 2633.657470703125 2621.7822265625 2613.75146484375 2606.715576171875 2599.90478515625 2593.9580078125 2580.522705078125 2572.90966796875 2566.14794921875 2560.929931640625 2552.039306640625 2542.97900390625 2538.188720703125 2535.0341796875 2527.789306640625 2522.642822265625 2513.907958984375 2507.121826171875 2502.45849609375 2497.46142578125 2492.5341796875 2488.603759765625 2486.415283203125 2482.33544921875 2479.109130859375 2476.50537109375 2475.0498046875 2474.132568359375 2473.459228515625 2471.407958984375 2470.791748046875 2469.8583984375 2467.377197265625 2466.814208984375 2465.217529296875 2464.78955078125 2462.844970703125
2649.334716796875 2649.78076171875 2651.407958984375 2649.777587890625 2648.991455078125 2647.75146484375 2647.832763671875 2644.02392578125 2637.07421875 2630.294189453125 2620.097412109375 2610.875244140625 2603.440185546875 2595.9169921875 2586.784912109375 2582.242431640625 2569.599365234375 2556.813232421875 2550.71484375 2542.671875 2537.007568359375 2533.639892578125 2528.947998046875 2522.865966796875 2517.79541015625 2511.471923828125 2504.865966796875 2499.23828125 2494.851318359375 2492.190185546875 2489.455322265625 2486.597412109375 2483.93017578125 2482.05078125 2480.3701171875 2479.025146484375 2478.691650390625 2478.341552734375 2476.48486328125 2475.238037109375 2473.886962890625 2471.61474609375 2469.813232421875 2469.3095703125 2467.917724609375 2466.846923828125
2641.799560546875 2642.399658203125 2644.033203125 2642.950439453125 2641.39306640625 2640.818603515625 2641.58447265625 2639.83984375 2634.93701171875 2626.498779296875 2618.55810546875 2610.6357421875 2600.385986328125 2589.169677734375 2579.52392578125 2572.16845703125 2572.115234375 2554.2890625 2544.97900390625 2538.616455078125 2532.544677734375 2528.032958984375 2523.566162109375 2519.07470703125 2513.57421875 2508.206787109375 2502.6201171875 2498.37451171875 2494.507568359375 2491.881103515625 2488.8984375 2487.919921875 2485.52685546875 2484.765380859375 2484.1328125 2482.882080078125 2482.128662109375 2482.276123046875 2481.97705078125 2479.829833984375 2477.968994140625 2476.022216796875 2473.66796875 2472.8369140625 2472.943359375 2471.6044921875
2634.726318359375 2635.903076171875 2636.872314453125 2636.33740234375 2634.75537109375 2630.380126953125 2632.54833984375 2628.21630859375 2624.445556640625 2622.607177734375 2612.703369140625 2604.64990234375 2590.82373046875 2578.9814453125 2569.691650390625 2563.994384765625 2561.29833984375 2546.02099609375 2538.329833984375 2534.21923828125 2529.26318359375 2523.66845703125 2519.615234375 2514.931396484375 2509.752197265625 2505.2138671875 2500.20458984375 2496.03271484375 2492.136962890625 2489.5986328125 2488.235107421875 2487.958740234375 2487.8134765625 2487.498291015625 2486.894287109375 2485.968994140625 2485.213623046875 2485.18896484375 2484.18603515625 2483.37744140625 2481.893310546875 2479.63720703125 2478.7939453125 2477.596435546875 2477.416259765625 2476.077392578125
2627.942138671875 2628.853515625 2629.08349609375 2629.2802734375 2625.9716796875 2621.079833984375 2617.150634765625 2616.404541015625 2612.183349609375 2609.765625 2599.05126953125 2598.1259765625 2583.8310546875 2571.4951171875 2560.152099609375 2554.272705078125 2547.337158203125 2539.47021484375 2533.056640625 2528.62451171875 2524.5263671875 2519.682861328125 2515.79736328125 2510.810546875 2506.73486328125 2502.5771484375 2498.54443359375 2494.5341796875 2491.6845703125 2489.582275390625 2488.52783203125 2488.288330078125 2488.212646484375 2488.487060546875 2487.84423828125 2488.564697265625 2487.2587890625 2486.46044921875 2486.724365234375 2484.775634765625 2484.22900390625 2482.939208984375 2483.023193359375 2482.020263671875 2481.10302734375 2479.745849609375
2621.124755859375 2620.877685546875 2619.478271484375 2618.93701171875 2617.8994140625 2615.7021484375 2609.41748046875 2607.60595703125 2602.3408203125 2597.186279296875 2589.093994140625 2583.982421875 2572.172607421875 2566.5185546875 2553.97998046875 2548.592041015625 2543.5029296875 2537.826416015625 2531.107666015625 2525.312255859375 2519.828125 2515.703125 2511.695068359375 2507.54150390625 2504.814697265625 2501.686767578125 2496.933349609375 2493.63134765625 2491.254638671875 2490.48486328125 2489.127685546875 2488.679443359375 2489.369384765625 2489.9609375 2490.317138671875 2490.34375 2490.104248046875 2489.682373046875 2488.787841796875 2487.713134765625 2486.33740234375 2485.73779296875 2486.329345703125 2485.606689453125 2483.7744140625 2483.15625
2613.860107421875 2612.739990234375 2610.832763671875 2609.1435546875 2608.1884765625 2606.921875 2602.4599609375 2596.18115234375 2591.697998046875 2585.104248046875 2576.287353515625 2568.8583984375 2564.207275390625 2556.790771484375 2547.8017578125 2543.736328125 2539.736328125 2534.288818359375 2529.011474609375 2523.150634765625 2517.377685546875 2511.6357421875 2507.43896484375 2504.710205078125 2504.008056640625 2500.169921875 2495.01318359375 2492.742919921875 2491.858642578125 2490.93115234375 2490.167724609375 2490.572998046875 2490.982421875 2491.46337890625 2491.817626953125 2491.76025390625 2491.850341796875 2491.8955078125 2490.798095703125 2489.199462890625 2488.4296875 2488.968017578125 2488.86572265625 2488.39697265625 2488.71630859375 2489.01513671875
