avaframe/data/slide/Inputs/slideTopo.asc
ncols     419
nrows    201
xllcorner 1.0
yllcorner 1.0
cellsize 5
NODATA_value -9999
[rows 29 to 57 of 201, columns 67 to 133 of 419]
1518.10 1514.60 1511.10 1507.60 1504.10 1500.60 1497.10 1493.60 1490.10 1486.60 1483.10 1479.60 1476.10 1472.60 1469.10 1465.60 1462.10 1458.60 1455.10 1451.60 1448.10 1444.60 1441.10 1437.60 1434.10 1430.60 1427.10 1423.60 1420.10 1416.60 1413.10 1409.60 1406.10 1402.60 1399.10 1395.60 1392.10 1388.60 1385.10 1381.60 1378.10 1374.60 1371.10 1367.60 1364.10 1360.60 1357.10 1353.60 1350.10 1346.60 1343.10 1339.60 1336.10 1332.60 1329.10 1325.60 1322.10 1318.60 1315.10 1311.60 1308.10 1304.60 1301.10 1297.60 1294.10 1290.60 1287.10
1518.10 1514.60 1511.10 1507.60 1504.10 1500.60 1497.10 1493.60 1490.10 1486.60 1483.10 1479.60 1476.10 1472.60 1469.10 1465.60 1462.10 1458.60 1455.10 1451.60 1448.10 1444.60 1441.10 1437.60 1434.10 1430.60 1427.10 1423.60 1420.10 1416.60 1413.10 1409.60 1406.10 1402.60 1399.10 1395.60 1392.10 1388.60 1385.10 1381.60 1378.10 1374.60 1371.10 1367.60 1364.10 1360.60 1357.10 1353.60 1350.10 1346.60 1343.10 1339.60 1336.10 1332.60 1329.10 1325.60 1322.10 1318.60 1315.10 1311.60 1308.10 1304.60 1301.10 1297.60 1294.10 1290.60 1287.10
1518.10 1514.60 1511.10 1507.60 1504.10 1500.60 1497.10 1493.60 1490.10 1486.60 1483.10 1479.60 1476.10 1472.60 1469.10 1465.60 1462.10 1458.60 1455.10 1451.60 1448.10 1444.60 1441.10 1437.60 1434.10 1430.60 1427.10 1423.60 1420.10 1416.60 1413.10 1409.60 1406.10 1402.60 1399.10 1395.60 1392.10 1388.60 1385.10 1381.60 1378.10 1374.60 1371.10 1367.60 1364.10 1360.60 1357.10 1353.60 1350.10 1346.60 1343.10 1339.60 1336.10 1332.60 1329.10 1325.60 1322.10 1318.60 1315.10 1311.60 1308.10 1304.60 1301.10 1297.60 1294.10 1290.60 1287.10
1518.10 1514.60 1511.10 1507.60 1504.10 1500.60 1497.10 1493.60 1490.10 1486.60 1483.10 1479.60 1476.10 1472.60 1469.10 1465.60 1462.10 1458.60 1455.10 1451.60 1448.10 1444.60 1441.10 1437.60 1434.10 1430.60 1427.10 1423.60 1420.10 1416.60 1413.10 1409.60 1406.10 1402.60 1399.10 1395.60 1392.10 1388.60 1385.10 1381.60 1378.10 1374.60 1371.10 1367.60 1364.10 1360.60 1357.10 1353.60 1350.10 1346.60 1343.10 1339.60 1336.10 1332.60 1329.10 1325.60 1322.10 1318.60 1315.10 1311.60 1308.10 1304.60 1301.10 1297.60 1294.10 1290.60 1287.10
1518.10 1514.60 1511.10 1507.60 1504.10 1500.60 1497.10 1493.60 1490.10 1486.60 1483.10 1479.60 1476.10 1472.60 1469.10 1465.60 1462.10 1458.60 1455.10 1451.60 1448.10 1444.60 1441.10 1437.60 1434.10 1430.60 1427.10 1423.60 1420.10 1416.60 1413.10 1409.60 1406.10 1402.60 1399.10 1395.60 1392.10 1388.60 1385.10 1381.60 1378.10 1374.60 1371.10 1367.60 1364.10 1360.60 1357.10 1353.60 1350.10 1346.60 1343.10 1339.60 1336.10 1332.60 1329.10 1325.60 1322.10 1318.60 1315.10 1311.60 1308.10 1304.60 1301.10 1297.60 1294.10 1290.60 1287.10
1518.10 1514.60 1511.10 1507.60 1504.10 1500.60 1497.10 1493.60 1490.10 1486.60 1483.10 1479.60 1476.10 1472.60 1469.10 1465.60 1462.10 1458.60 1455.10 1451.60 1448.10 1444.60 1441.10 1437.60 1434.10 1430.60 1427.10 1423.60 1420.10 1416.60 1413.10 1409.60 1406.10 1402.60 1399.10 1395.60 1392.10 1388.60 1385.10 1381.60 1378.10 1374.60 1371.10 1367.60 1364.10 1360.60 1357.10 1353.60 1350.10 1346.60 1343.10 1339.60 1336.10 1332.60 1329.10 1325.60 1322.10 1318.60 1315.10 1311.60 1308.10 1304.60 1301.10 1297.60 1294.10 1290.60 1287.10
1518.10 1514.60 1511.10 1507.60 1504.10 1500.60 1497.10 1493.60 1490.10 1486.60 1483.10 1479.60 1476.10 1472.60 1469.10 1465.60 1462.10 1458.60 1455.10 1451.60 1448.10 1444.60 1441.10 1437.60 1434.10 1430.60 1427.10 1423.60 1420.10 1416.60 1413.10 1409.60 1406.10 1402.60 1399.10 1395.60 1392.10 1388.60 1385.10 1381.60 1378.10 1374.60 1371.10 1367.60 1364.10 1360.60 1357.10 1353.60 1350.10 1346.60 1343.10 1339.60 1336.10 1332.60 1329.10 1325.60 1322.10 1318.60 1315.10 1311.60 1308.10 1304.60 1301.10 1297.60 1294.10 1290.60 1287.10
1518.10 1514.60 1511.10 1507.60 1504.10 1500.60 1497.10 1493.60 1490.10 1486.60 1483.10 1479.60 1476.10 1472.60 1469.10 1465.60 1462.10 1458.60 1455.10 1451.60 1448.10 1444.60 1441.10 1437.60 1434.10 1430.60 1427.10 1423.60 1420.10 1416.60 1413.10 1409.60 1406.10 1402.60 1399.10 1395.60 1392.10 1388.60 1385.10 1381.60 1378.10 1374.60 1371.10 1367.60 1364.10 1360.60 1357.10 1353.60 1350.10 1346.60 1343.10 1339.60 1336.10 1332.60 1329.10 1325.60 1322.10 1318.60 1315.10 1311.60 1308.10 1304.60 1301.10 1297.60 1294.10 1290.60 1287.10
1518.10 1514.60 1511.10 1507.60 1504.10 1500.60 1497.10 1493.60 1490.10 1486.60 1483.10 1479.60 1476.10 1472.60 1469.10 1465.60 1462.10 1458.60 1455.10 1451.60 1448.10 1444.60 1441.10 1437.60 1434.10 1430.60 1427.10 1423.60 1420.10 1416.60 1413.10 1409.60 1406.10 1402.60 1399.10 1395.60 1392.10 1388.60 1385.10 1381.60 1378.10 1374.60 1371.10 1367.60 1364.10 1360.60 1357.10 1353.60 1350.10 1346.60 1343.10 1339.60 1336.10 1332.60 1329.10 1325.60 1322.10 1318.60 1315.10 1311.60 1308.10 1304.60 1301.10 1297.60 1294.10 1290.60 1287.10
1518.10 1514.60 1511.10 1507.60 1504.10 1500.60 1497.10 1493.60 1490.10 1486.60 1483.10 1479.60 1476.10 1472.60 1469.10 1465.60 1462.10 1458.60 1455.10 1451.60 1448.10 1444.60 1441.10 1437.60 1434.10 1430.60 1427.10 1423.60 1420.10 1416.60 1413.10 1409.60 1406.10 1402.60 1399.10 1395.60 1392.10 1388.60 1385.10 1381.60 1378.10 1374.60 1371.10 1367.60 1364.10 1360.60 1357.10 1353.60 1350.10 1346.60 1343.10 1339.60 1336.10 1332.60 1329.10 1325.60 1322.10 1318.60 1315.10 1311.60 1308.10 1304.60 1301.10 1297.60 1294.10 1290.60 1287.10
1518.10 1514.60 1511.10 1507.60 1504.10 1500.60 1497.10 1493.60 1490.10 1486.60 1483.10 1479.60 1476.10 1472.60 1469.10 1465.60 1462.10 1458.60 1455.10 1451.60 1448.10 1444.60 1441.10 1437.60 1434.10 1430.60 1427.10 1423.60 1420.10 1416.60 1413.10 1409.60 1406.10 1402.60 1399.10 1395.60 1392.10 1388.60 1385.10 1381.60 1378.10 1374.60 1371.10 1367.60 1364.10 1360.60 1357.10 1353.60 1350.10 1346.60 1343.10 1339.60 1336.10 1332.60 1329.10 1325.60 1322.10 1318.60 1315.10 1311.60 1308.10 1304.60 1301.10 1297.60 1294.10 1290.60 1287.10
1518.10 1514.60 1511.10 1507.60 1504.10 1500.60 1497.10 1493.60 1490.10 1486.60 1483.10 1479.60 1476.10 1472.60 1469.10 1465.60 1462.10 1458.60 1455.10 1451.60 1448.10 1444.60 1441.10 1437.60 1434.10 1430.60 1427.10 1423.60 1420.10 1416.60 1413.10 1409.60 1406.10 1402.60 1399.10 1395.60 1392.10 1388.60 1385.10 1381.60 1378.10 1374.60 1371.10 1367.60 1364.10 1360.60 1357.10 1353.60 1350.10 1346.60 1343.10 1339.60 1336.10 1332.60 1329.10 1325.60 1322.10 1318.60 1315.10 1311.60 1308.10 1304.60 1301.10 1297.60 1294.10 1290.60 1287.10
1518.10 1514.60 1511.10 1507.60 1504.10 1500.60 1497.10 1493.60 1490.10 1486.60 1483.10 1479.60 1476.10 1472.60 1469.10 1465.60 1462.10 1458.60 1455.10 1451.60 1448.10 1444.60 1441.10 1437.60 1434.10 1430.60 1427.10 1423.60 1420.10 1416.60 1413.10 1409.60 1406.10 1402.60 1399.10 1395.60 1392.10 1388.60 1385.10 1381.60 1378.10 1374.60 1371.10 1367.60 1364.10 1360.60 1357.10 1353.60 1350.10 1346.60 1343.10 1339.60 1336.10 1332.60 1329.10 1325.60 1322.10 1318.60 1315.10 1311.60 1308.10 1304.60 1301.10 1297.60 1294.10 1290.60 1287.10
1518.10 1514.60 1511.10 1507.60 1504.10 1500.60 1497.10 1493.60 1490.10 1486.60 1483.10 1479.60 1476.10 1472.60 1469.10 1465.60 1462.10 1458.60 1455.10 1451.60 1448.10 1444.60 1441.10 1437.60 1434.10 1430.60 1427.10 1423.60 1420.10 1416.60 1413.10 1409.60 1406.10 1402.60 1399.10 1395.60 1392.10 1388.60 1385.10 1381.60 1378.10 1374.60 1371.10 1367.60 1364.10 1360.60 1357.10 1353.60 1350.10 1346.60 1343.10 1339.60 1336.10 1332.60 1329.10 1325.60 1322.10 1318.60 1315.10 1311.60 1308.10 1304.60 1301.10 1297.60 1294.10 1290.60 1287.10
1518.10 1514.60 1511.10 1507.60 1504.10 1500.60 1497.10 1493.60 1490.10 1486.60 1483.10 1479.60 1476.10 1472.60 1469.10 1465.60 1462.10 1458.60 1455.10 1451.60 1448.10 1444.60 1441.10 1437.60 1434.10 1430.60 1427.10 1423.60 1420.10 1416.60 1413.10 1409.60 1406.10 1402.60 1399.10 1395.60 1392.10 1388.60 1385.10 1381.60 1378.10 1374.60 1371.10 1367.60 1364.10 1360.60 1357.10 1353.60 1350.10 1346.60 1343.10 1339.60 1336.10 1332.60 1329.10 1325.60 1322.10 1318.60 1315.10 1311.60 1308.10 1304.60 1301.10 1297.60 1294.10 1290.60 1287.10
1518.10 1514.60 1511.10 1507.60 1504.10 1500.60 1497.10 1493.60 1490.10 1486.60 1483.10 1479.60 1476.10 1472.60 1469.10 1465.60 1462.10 1458.60 1455.10 1451.60 1448.10 1444.60 1441.10 1437.60 1434.10 1430.60 1427.10 1423.60 1420.10 1416.60 1413.10 1409.60 1406.10 1402.60 1399.10 1395.60 1392.10 1388.60 1385.10 1381.60 1378.10 1374.60 1371.10 1367.60 1364.10 1360.60 1357.10 1353.60 1350.10 1346.60 1343.10 1339.60 1336.10 1332.60 1329.10 1325.60 1322.10 1318.60 1315.10 1311.60 1308.10 1304.60 1301.10 1297.60 1294.10 1290.60 1287.10
1518.10 1514.60 1511.10 1507.60 1504.10 1500.60 1497.10 1493.60 1490.10 1486.60 1483.10 1479.60 1476.10 1472.60 1469.10 1465.60 1462.10 1458.60 1455.10 1451.60 1448.10 1444.60 1441.10 1437.60 1434.10 1430.60 1427.10 1423.60 1420.10 1416.60 1413.10 1409.60 1406.10 1402.60 1399.10 1395.60 1392.10 1388.60 1385.10 1381.60 1378.10 1374.60 1371.10 1367.60 1364.10 1360.60 1357.10 1353.60 1350.10 1346.60 1343.10 1339.60 1336.10 1332.60 1329.10 1325.60 1322.10 1318.60 1315.10 1311.60 1308.10 1304.60 1301.10 1297.60 1294.10 1290.60 1287.10
1518.10 1514.60 1511.10 1507.60 1504.10 1500.60 1497.10 1493.60 1490.10 1486.60 1483.10 1479.60 1476.10 1472.60 1469.10 1465.60 1462.10 1458.60 1455.10 1451.60 1448.10 1444.60 1441.10 1437.60 1434.10 1430.60 1427.10 1423.60 1420.10 1416.60 1413.10 1409.60 1406.10 1402.60 1399.10 1395.60 1392.10 1388.60 1385.10 1381.60 1378.10 1374.60 1371.10 1367.60 1364.10 1360.60 1357.10 1353.60 1350.10 1346.60 1343.10 1339.60 1336.10 1332.60 1329.10 1325.60 1322.10 1318.60 1315.10 1311.60 1308.10 1304.60 1301.10 1297.60 1294.10 1290.60 1287.10
1518.10 1514.60 1511.10 1507.60 1504.10 1500.60 1497.10 1493.60 1490.10 1486.60 1483.10 1479.60 1476.10 1472.60 1469.10 1465.60 1462.10 1458.60 1455.10 1451.60 1448.10 1444.60 1441.10 1437.60 1434.10 1430.60 1427.10 1423.60 1420.10 1416.60 1413.10 1409.60 1406.10 1402.60 1399.10 1395.60 1392.10 1388.60 1385.10 1381.60 1378.10 1374.60 1371.10 1367.60 1364.10 1360.60 1357.10 1353.60 1350.10 1346.60 1343.10 1339.60 1336.10 1332.60 1329.10 1325.60 1322.10 1318.60 1315.10 1311.60 1308.10 1304.60 1301.10 1297.60 1294.10 1290.60 1287.10
1518.10 1514.60 1511.10 1507.60 1504.10 1500.60 1497.10 1493.60 1490.10 1486.60 1483.10 1479.60 1476.10 1472.60 1469.10 1465.60 1462.10 1458.60 1455.10 1451.60 1448.10 1444.60 1441.10 1437.60 1434.10 1430.60 1427.10 1423.60 1420.10 1416.60 1413.10 1409.60 1406.10 1402.60 1399.10 1395.60 1392.10 1388.60 1385.10 1381.60 1378.10 1374.60 1371.10 1367.60 1364.10 1360.60 1357.10 1353.60 1350.10 1346.60 1343.10 1339.60 1336.10 1332.60 1329.10 1325.60 1322.10 1318.60 1315.10 1311.60 1308.10 1304.60 1301.10 1297.60 1294.10 1290.60 1287.10
1518.10 1514.60 1511.10 1507.60 1504.10 1500.60 1497.10 1493.60 1490.10 1486.60 1483.10 1479.60 1476.10 1472.60 1469.10 1465.60 1462.10 1458.60 1455.10 1451.60 1448.10 1444.60 1441.10 1437.60 1434.10 1430.60 1427.10 1423.60 1420.10 1416.60 1413.10 1409.60 1406.10 1402.60 1399.10 1395.60 1392.10 1388.60 1385.10 1381.60 1378.10 1374.60 1371.10 1367.60 1364.10 1360.60 1357.10 1353.60 1350.10 1346.60 1343.10 1339.60 1336.10 1332.60 1329.10 1325.60 1322.10 1318.60 1315.10 1311.60 1308.10 1304.60 1301.10 1297.60 1294.10 1290.60 1287.10
1518.10 1514.60 1511.10 1507.60 1504.10 1500.60 1497.10 1493.60 1490.10 1486.60 1483.10 1479.60 1476.10 1472.60 1469.10 1465.60 1462.10 1458.60 1455.10 1451.60 1448.10 1444.60 1441.10 1437.60 1434.10 1430.60 1427.10 1423.60 1420.10 1416.60 1413.10 1409.60 1406.10 1402.60 1399.10 1395.60 1392.10 1388.60 1385.10 1381.60 1378.10 1374.60 1371.10 1367.60 1364.10 1360.60 1357.10 1353.60 1350.10 1346.60 1343.10 1339.60 1336.10 1332.60 1329.10 1325.60 1322.10 1318.60 1315.10 1311.60 1308.10 1304.60 1301.10 1297.60 1294.10 1290.60 1287.10
1518.10 1514.60 1511.10 1507.60 1504.10 1500.60 1497.10 1493.60 1490.10 1486.60 1483.10 1479.60 1476.10 1472.60 1469.10 1465.60 1462.10 1458.60 1455.10 1451.60 1448.10 1444.60 1441.10 1437.60 1434.10 1430.60 1427.10 1423.60 1420.10 1416.60 1413.10 1409.60 1406.10 1402.60 1399.10 1395.60 1392.10 1388.60 1385.10 1381.60 1378.10 1374.60 1371.10 1367.60 1364.10 1360.60 1357.10 1353.60 1350.10 1346.60 1343.10 1339.60 1336.10 1332.60 1329.10 1325.60 1322.10 1318.60 1315.10 1311.60 1308.10 1304.60 1301.10 1297.60 1294.10 1290.60 1287.10
1518.10 1514.60 1511.10 1507.60 1504.10 1500.60 1497.10 1493.60 1490.10 1486.60 1483.10 1479.60 1476.10 1472.60 1469.10 1465.60 1462.10 1458.60 1455.10 1451.60 1448.10 1444.60 1441.10 1437.60 1434.10 1430.60 1427.10 1423.60 1420.10 1416.60 1413.10 1409.60 1406.10 1402.60 1399.10 1395.60 1392.10 1388.60 1385.10 1381.60 1378.10 1374.60 1371.10 1367.60 1364.10 1360.60 1357.10 1353.60 1350.10 1346.60 1343.10 1339.60 1336.10 1332.60 1329.10 1325.60 1322.10 1318.60 1315.10 1311.60 1308.10 1304.60 1301.10 1297.60 1294.10 1290.60 1287.10
1518.10 1514.60 1511.10 1507.60 1504.10 1500.60 1497.10 1493.60 1490.10 1486.60 1483.10 1479.60 1476.10 1472.60 1469.10 1465.60 1462.10 1458.60 1455.10 1451.60 1448.10 1444.60 1441.10 1437.60 1434.10 1430.60 1427.10 1423.60 1420.10 1416.60 1413.10 1409.60 1406.10 1402.60 1399.10 1395.60 1392.10 1388.60 1385.10 1381.60 1378.10 1374.60 1371.10 1367.60 1364.10 1360.60 1357.10 1353.60 1350.10 1346.60 1343.10 1339.60 1336.10 1332.60 1329.10 1325.60 1322.10 1318.60 1315.10 1311.60 1308.10 1304.60 1301.10 1297.60 1294.10 1290.60 1287.10
1518.10 1514.60 1511.10 1507.60 1504.10 1500.60 1497.10 1493.60 1490.10 1486.60 1483.10 1479.60 1476.10 1472.60 1469.10 1465.60 1462.10 1458.60 1455.10 1451.60 1448.10 1444.60 1441.10 1437.60 1434.10 1430.60 1427.10 1423.60 1420.10 1416.60 1413.10 1409.60 1406.10 1402.60 1399.10 1395.60 1392.10 1388.60 1385.10 1381.60 1378.10 1374.60 1371.10 1367.60 1364.10 1360.60 1357.10 1353.60 1350.10 1346.60 1343.10 1339.60 1336.10 1332.60 1329.10 1325.60 1322.10 1318.60 1315.10 1311.60 1308.10 1304.60 1301.10 1297.60 1294.10 1290.60 1287.10
1518.10 1514.60 1511.10 1507.60 1504.10 1500.60 1497.10 1493.60 1490.10 1486.60 1483.10 1479.60 1476.10 1472.60 1469.10 1465.60 1462.10 1458.60 1455.10 1451.60 1448.10 1444.60 1441.10 1437.60 1434.10 1430.60 1427.10 1423.60 1420.10 1416.60 1413.10 1409.60 1406.10 1402.60 1399.10 1395.60 1392.10 1388.60 1385.10 1381.60 1378.10 1374.60 1371.10 1367.60 1364.10 1360.60 1357.10 1353.60 1350.10 1346.60 1343.10 1339.60 1336.10 1332.60 1329.10 1325.60 1322.10 1318.60 1315.10 1311.60 1308.10 1304.60 1301.10 1297.60 1294.10 1290.60 1287.10
1518.10 1514.60 1511.10 1507.60 1504.10 1500.60 1497.10 1493.60 1490.10 1486.60 1483.10 1479.60 1476.10 1472.60 1469.10 1465.60 1462.10 1458.60 1455.10 1451.60 1448.10 1444.60 1441.10 1437.60 1434.10 1430.60 1427.10 1423.60 1420.10 1416.60 1413.10 1409.60 1406.10 1402.60 1399.10 1395.60 1392.10 1388.60 1385.10 1381.60 1378.10 1374.60 1371.10 1367.60 1364.10 1360.60 1357.10 1353.60 1350.10 1346.60 1343.10 1339.60 1336.10 1332.60 1329.10 1325.60 1322.10 1318.60 1315.10 1311.60 1308.10 1304.60 1301.10 1297.60 1294.10 1290.60 1287.10
1518.10 1514.60 1511.10 1507.60 1504.10 1500.60 1497.10 1493.60 1490.10 1486.60 1483.10 1479.60 1476.10 1472.60 1469.10 1465.60 1462.10 1458.60 1455.10 1451.60 1448.10 1444.60 1441.10 1437.60 1434.10 1430.60 1427.10 1423.60 1420.10 1416.60 1413.10 1409.60 1406.10 1402.60 1399.10 1395.60 1392.10 1388.60 1385.10 1381.60 1378.10 1374.60 1371.10 1367.60 1364.10 1360.60 1357.10 1353.60 1350.10 1346.60 1343.10 1339.60 1336.10 1332.60 1329.10 1325.60 1322.10 1318.60 1315.10 1311.60 1308.10 1304.60 1301.10 1297.60 1294.10 1290.60 1287.10
