avaframe/data/slide/Inputs/slideTopo.asc
ncols     419
nrows    201
xllcorner 1.0
yllcorner 1.0
cellsize 5
NODATA_value -9999
[rows 58 to 86 of 201, columns 134 to 200 of 419]
1283.60 1280.10 1276.60 1273.10 1269.60 1266.10 1262.60 1259.10 1255.60 1252.10 1248.60 1245.10 1241.60 1238.10 1234.60 1231.10 1227.60 1224.10 1220.60 1217.10 1213.60 1210.10 1206.60 1203.10 1199.60 1196.10 1192.60 1189.14 1185.71 1182.32 1178.97 1175.66 1172.38 1169.14 1165.94 1162.77 1159.64 1156.54 1153.48 1150.45 1147.46 1144.50 1141.58 1138.69 1135.84 1133.02 1130.24 1127.49 1124.77 1122.09 1119.44 1116.82 1114.23 1111.68 1109.16 1106.67 1104.21 1101.78 1099.39 1097.03 1094.70 1092.40 1090.13 1087.89 1085.68 1083.50 1081.35
1283.60 1280.10 1276.60 1273.10 1269.60 1266.10 1262.60 1259.10 1255.60 1252.10 1248.60 1245.10 1241.60 1238.10 1234.60 1231.10 1227.60 1224.10 1220.60 1217.10 1213.60 1210.10 1206.60 1203.10 1199.60 1196.10 1192.60 1189.14 1185.71 1182.32 1178.97 1175.66 1172.38 1169.14 1165.94 1162.77 1159.64 1156.54 1153.48 1150.45 1147.46 1144.50 1141.58 1138.69 1135.84 1133.02 1130.24 1127.49 1124.77 1122.09 1119.44 1116.82 1114.23 1111.68 1109.16 1106.67 1104.21 1101.78 1099.39 1097.03 1094.70 1092.40 1090.13 1087.89 1085.68 1083.50 1081.35
1283.60 1280.10 1276.60 1273.10 1269.60 1266.10 1262.60 1259.10 1255.60 1252.10 1248.60 1245.10 1241.60 1238.10 1234.60 1231.10 1227.60 1224.10 1220.60 1217.10 1213.60 1210.10 1206.60 1203.10 1199.60 1196.10 1192.60 1189.14 1185.71 1182.32 1178.97 1175.66 1172.38 1169.14 1165.94 1162.77 1159.64 1156.54 1153.48 1150.45 1147.46 1144.50 1141.58 1138.69 1135.84 1133.02 1130.24 1127.49 1124.77 1122.09 1119.44 1116.82 1114.23 1111.68 1109.16 1106.67 1104.21 1101.78 1099.39 1097.03 1094.70 1092.40 1090.13 1087.89 1085.68 1083.50 1081.35
1283.60 1280.10 1276.60 1273.10 1269.60 1266.10 1262.60 1259.10 1255.60 1252.10 1248.60 1245.10 1241.60 1238.10 1234.60 1231.10 1227.60 1224.10 1220.60 1217.10 1213.60 1210.10 1206.60 1203.10 1199.60 1196.10 1192.60 1189.14 1185.71 1182.32 1178.97 1175.66 1172.38 1169.14 1165.94 1162.77 1159.64 1156.54 1153.48 1150.45 1147.46 1144.50 1141.58 1138.69 1135.84 1133.02 1130.24 1127.49 1124.77 1122.09 1119.44 1116.82 1114.23 1111.68 1109.16 1106.67 1104.21 1101.78 1099.39 1097.03 1094.70 1092.40 1090.13 1087.89 1085.68 1083.50 1081.35
1283.60 1280.10 1276.60 1273.10 1269.60 1266.10 1262.60 1259.10 1255.60 1252.10 1248.60 1245.10 1241.60 1238.10 1234.60 1231.10 1227.60 1224.10 1220.60 1217.10 1213.60 1210.10 1206.60 1203.10 1199.60 1196.10 1192.60 1189.14 1185.71 1182.32 1178.97 1175.66 1172.38 1169.14 1165.94 1162.77 1159.64 1156.54 1153.48 1150.45 1147.46 1144.50 1141.58 1138.69 1135.84 1133.02 1130.24 1127.49 1124.77 1122.09 1119.44 1116.82 1114.23 1111.68 1109.16 1106.67 1104.21 1101.78 1099.39 1097.03 1094.70 1092.40 1090.13 1087.89 1085.68 1083.50 1081.35
1283.60 1280.10 1276.60 1273.10 1269.60 1266.10 1262.60 1259.10 1255.60 1252.10 1248.60 1245.10 1241.60 1238.10 1234.60 1231.10 1227.60 1224.10 1220.60 1217.10 1213.60 1210.10 1206.60 1203.10 1199.60 1196.10 1192.60 1189.14 1185.71 1182.32 1178.97 1175.66 1172.38 1169.14 1165.94 1162.77 1159.64 1156.54 1153.48 1150.45 1147.46 1144.50 1141.58 1138.69 1135.84 1133.02 1130.24 1127.49 1124.77 1122.09 1119.44 1116.82 1114.23 1111.68 1109.16 1106.67 1104.21 1101.78 1099.39 1097.03 1094.70 1092.40 1090.13 1087.89 1085.68 1083.50 1081.35
1283.60 1280.10 1276.60 1273.10 1269.60 1266.10 1262.60 1259.10 1255.60 1252.10 1248.60 1245.10 1241.60 1238.10 1234.60 1231.10 1227.60 1224.10 1220.60 1217.10 1213.60 1210.10 1206.60 1203.10 1199.60 1196.10 1192.60 1189.14 1185.71 1182.32 1178.97 1175.66 1172.38 1169.14 1165.94 1162.77 1159.64 1156.54 1153.48 1150.45 1147.46 1144.50 1141.58 1138.69 1135.84 1133.02 1130.24 1127.49 1124.77 1122.09 1119.44 1116.82 1114.23 1111.68 1109.16 1106.67 1104.21 1101.78 1099.39 1097.03 1094.70 1092.40 1090.13 1087.89 1085.68 1083.50 1081.35
1283.60 1280.10 1276.60 1273.10 1269.60 1266.10 1262.60 1259.10 1255.60 1252.10 1248.60 1245.10 1241.60 1238.10 1234.60 1231.10 1227.60 1224.10 1220.60 1217.10 1213.60 1210.10 1206.60 1203.10 1199.60 1196.10 1192.60 1189.14 1185.71 1182.32 1178.97 1175.66 1172.38 1169.14 1165.94 1162.77 1159.64 1156.54 1153.48 1150.45 1147.46 1144.50 1141.58 1138.69 1135.84 1133.02 1130.24 1127.49 1124.77 1122.09 1119.44 1116.82 1114.23 1111.68 1109.16 1106.67 1104.21 1101.78 1099.39 1097.03 1094.70 1092.40 1090.13 1087.89 1085.68 1083.50 1081.35
1283.60 1280.10 1276.60 1273.10 1269.60 1266.10 1262.60 1259.10 1255.60 1252.10 1248.60 1245.10 1241.60 1238.10 1234.60 1231.10 1227.60 1224.10 1220.60 1217.10 1213.60 1210.10 1206.60 1203.10 1199.60 1196.10 1192.60 1189.14 1185.71 1182.32 1178.97 1175.66 1172.38 1169.14 1165.94 1162.77 1159.64 1156.54 1153.48 1150.45 1147.46 1144.50 1141.58 1138.69 1135.84 1133.02 1130.24 1127.49 1124.77 1122.09 1119.44 1116.82 1114.23 1111.68 1109.16 1106.67 1104.21 1101.78 1099.39 1097.03 1094.70 1092.40 1090.13 1087.89 1085.68 1083.50 1081.35
1283.60 1280.10 1276.60 1273.10 1269.60 1266.10 1262.60 1259.10 1255.60 1252.10 1248.60 1245.10 1241.60 1238.10 1234.60 1231.10 1227.60 1224.10 1220.60 1217.10 1213.60 1210.10 1206.60 1203.10 1199.60 1196.10 1192.60 1189.14 1185.71 1182.32 1178.97 1175.66 1172.38 1169.14 1165.94 1162.77 1159.64 1156.54 1153.48 1150.45 1147.46 1144.50 1141.58 1138.69 1135.84 1133.02 1130.24 1127.49 1124.77 1122.09 1119.44 1116.82 1114.23 1111.68 1109.16 1106.67 1104.21 1101.78 1099.39 1097.03 1094.70 1092.40 1090.13 1087.89 1085.68 1083.50 1081.35
1283.60 1280.10 1276.60 1273.10 1269.60 1266.10 1262.60 1259.10 1255.60 1252.10 1248.60 1245.10 1241.60 1238.10 1234.60 1231.10 1227.60 1224.10 1220.60 1217.10 1213.60 1210.10 1206.60 1203.10 1199.60 1196.10 1192.60 1189.14 1185.71 1182.32 1178.97 1175.66 1172.38 1169.14 1165.94 1162.77 1159.64 1156.54 1153.48 1150.45 1147.46 1144.50 1141.58 1138.69 1135.84 1133.02 1130.24 1127.49 1124.77 1122.09 1119.44 1116.82 1114.23 1111.68 1109.16 1106.67 1104.21 1101.78 1099.39 1097.03 1094.70 1092.40 1090.13 1087.89 1085.68 1083.50 1081.35
1283.60 1280.10 1276.60 1273.10 1269.60 1266.10 1262.60 1259.10 1255.60 1252.10 1248.60 1245.10 1241.60 1238.10 1234.60 1231.10 1227.60 1224.10 1220.60 1217.10 1213.60 1210.10 1206.60 1203.10 1199.60 1196.10 1192.60 1189.14 1185.71 1182.32 1178.97 1175.66 1172.38 1169.14 1165.94 1162.77 1159.64 1156.54 1153.48 1150.45 1147.46 1144.50 1141.58 1138.69 1135.84 1133.02 1130.24 1127.49 1124.77 1122.09 1119.44 1116.82 1114.23 1111.68 1109.16 1106.67 1104.21 1101.78 1099.39 1097.03 1094.70 1092.40 1090.13 1087.89 1085.68 1083.50 1081.35
1283.60 1280.10 1276.60 1273.10 1269.60 1266.10 1262.60 1259.10 1255.60 1252.10 1248.60 1245.10 1241.60 1238.10 1234.60 1231.10 1227.60 1224.10 1220.60 1217.10 1213.60 1210.10 1206.60 1203.10 1199.60 1196.10 1192.60 1189.14 1185.71 1182.32 1178.97 1175.66 1172.38 1169.14 1165.94 1162.77 1159.64 1156.54 1153.48 1150.45 1147.46 1144.50 1141.58 1138.69 1135.84 1133.02 1130.24 1127.49 1124.77 1122.09 1119.44 1116.82 1114.23 1111.68 1109.16 1106.67 1104.21 1101.78 1099.39 1097.03 1094.70 1092.40 1090.13 1087.89 1085.68 1083.50 1081.35
1283.60 1280.10 1276.60 1273.10 1269.60 1266.10 1262.60 1259.10 1255.60 1252.10 1248.60 1245.10 1241.60 1238.10 1234.60 1231.10 1227.60 1224.10 1220.60 1217.10 1213.60 1210.10 1206.60 1203.10 1199.60 1196.10 1192.60 1189.14 1185.71 1182.32 1178.97 1175.66 1172.38 1169.14 1165.94 1162.77 1159.64 1156.54 1153.48 1150.45 1147.46 1144.50 1141.58 1138.69 1135.84 1133.02 1130.24 1127.49 1124.77 1122.09 1119.44 1116.82 1114.23 1111.68 1109.16 1106.67 1104.21 1101.78 1099.39 1097.03 1094.70 1092.40 1090.13 1087.89 1085.68 1083.50 1081.35
1283.60 1280.10 1276.60 1273.10 1269.60 1266.10 1262.60 1259.10 1255.60 1252.10 1248.60 1245.10 1241.60 1238.10 1234.60 1231.10 1227.60 1224.10 1220.60 1217.10 1213.60 1210.10 1206.60 1203.10 1199.60 1196.10 1192.60 1189.14 1185.71 1182.32 1178.97 1175.66 1172.38 1169.14 1165.94 1162.77 1159.64 1156.54 1153.48 1150.45 1147.46 1144.50 1141.58 1138.69 1135.84 1133.02 1130.24 1127.49 1124.77 1122.09 1119.44 1116.82 1114.23 1111.68 1109.16 1106.67 1104.21 1101.78 1099.39 1097.03 1094.70 1092.40 1090.13 1087.89 1085.68 1083.50 1081.35
1283.60 1280.10 1276.60 1273.10 1269.60 1266.10 1262.60 1259.10 1255.60 1252.10 1248.60 1245.10 1241.60 1238.10 1234.60 1231.10 1227.60 1224.10 1220.60 1217.10 1213.60 1210.10 1206.60 1203.10 1199.60 1196.10 1192.60 1189.14 1185.71 1182.32 1178.97 1175.66 1172.38 1169.14 1165.94 1162.77 1159.64 1156.54 1153.48 1150.45 1147.46 1144.50 1141.58 1138.69 1135.84 1133.02 1130.24 1127.49 1124.77 1122.09 1119.44 1116.82 1114.23 1111.68 1109.16 1106.67 1104.21 1101.78 1099.39 1097.03 1094.70 1092.40 1090.13 1087.89 1085.68 1083.50 1081.35
1283.60 1280.10 1276.60 1273.10 1269.60 1266.10 1262.60 1259.10 1255.60 1252.10 1248.60 1245.10 1241.60 1238.10 1234.60 1231.10 1227.60 1224.10 1220.60 1217.10 1213.60 1210.10 1206.60 1203.10 1199.60 1196.10 1192.60 1189.14 1185.71 1182.32 1178.97 1175.66 1172.38 1169.14 1165.94 1162.77 1159.64 1156.54 1153.48 1150.45 1147.46 1144.50 1141.58 1138.69 1135.84 1133.02 1130.24 1127.49 1124.77 1122.09 1119.44 1116.82 1114.23 1111.68 1109.16 1106.67 1104.21 1101.78 1099.39 1097.03 1094.70 1092.40 1090.13 1087.89 1085.68 1083.50 1081.35
1283.60 1280.10 1276.60 1273.10 1269.60 1266.10 1262.60 1259.10 1255.60 1252.10 1248.60 1245.10 1241.60 1238.10 1234.60 1231.10 1227.60 1224.10 1220.60 1217.10 1213.60 1210.10 1206.60 1203.10 1199.60 1196.10 1192.60 1189.14 1185.71 1182.32 1178.97 1175.66 1172.38 1169.14 1165.94 1162.77 1159.64 1156.54 1153.48 1150.45 1147.46 1144.50 1141.58 1138.69 1135.84 1133.02 1130.24 1127.49 1124.77 1122.09 1119.44 1116.82 1114.23 1111.68 1109.16 1106.67 1104.21 1101.78 1099.39 1097.03 1094.70 1092.40 1090.13 1087.89 1085.68 1083.50 1081.35
1283.60 1280.10 1276.60 1273.10 1269.60 1266.10 1262.60 1259.10 1255.60 1252.10 1248.60 1245.10 1241.60 1238.10 1234.60 1231.10 1227.60 1224.10 1220.60 1217.10 1213.60 1210.10 1206.60 1203.10 1199.60 1196.10 1192.60 1189.14 1185.71 1182.32 1178.97 1175.66 1172.38 1169.14 1165.94 1162.77 1159.64 1156.54 1153.48 1150.45 1147.46 1144.50 1141.58 1138.69 1135.84 1133.02 1130.24 1127.49 1124.77 1122.09 1119.44 1116.82 1114.23 1111.68 1109.16 1106.67 1104.21 1101.78 1099.39 1097.03 1094.70 1092.40 1090.13 1087.89 1085.68 1083.50 1081.35
1283.60 1280.10 1276.60 1273.10 1269.60 1266.10 1262.60 1259.10 1255.60 1252.10 1248.60 1245.10 1241.60 1238.10 1234.60 1231.10 1227.60 1224.10 1220.60 1217.10 1213.60 1210.10 1206.60 1203.10 1199.60 1196.10 1192.60 1189.14 1185.71 1182.32 1178.97 1175.66 1172.38 1169.14 1165.94 1162.77 1159.64 1156.54 1153.48 1150.45 1147.46 1144.50 1141.58 1138.69 1135.84 1133.02 1130.24 1127.49 1124.77 1122.09 1119.44 1116.82 1114.23 1111.68 1109.16 1106.67 1104.21 1101.78 1099.39 1097.03 1094.70 1092.40 1090.13 1087.89 1085.68 1083.50 1081.35
1283.60 1280.10 1276.60 1273.10 1269.60 1266.10 1262.60 1259.10 1255.60 1252.10 1248.60 1245.10 1241.60 1238.10 1234.60 1231.10 1227.60 1224.10 1220.60 1217.10 1213.60 1210.10 1206.60 1203.10 1199.60 1196.10 1192.60 1189.14 1185.71 1182.32 1178.97 1175.66 1172.38 1169.14 1165.94 1162.77 1159.64 1156.54 1153.48 1150.45 1147.46 1144.50 1141.58 1138.69 1135.84 1133.02 1130.24 1127.49 1124.77 1122.09 1119.44 1116.82 1114.23 1111.68 1109.16 1106.67 1104.21 1101.78 1099.39 1097.03 1094.70 1092.40 1090.13 1087.89 1085.68 1083.50 1081.35
1283.60 1280.10 1276.60 1273.10 1269.60 1266.10 1262.60 1259.10 1255.60 1252.10 1248.60 1245.10 1241.60 1238.10 1234.60 1231.10 1227.60 1224.10 1220.60 1217.10 1213.60 1210.10 1206.60 1203.10 1199.60 1196.10 1192.60 1189.14 1185.71 1182.32 1178.97 1175.66 1172.38 1169.14 1165.94 1162.77 1159.64 1156.54 1153.48 1150.45 1147.46 1144.50 1141.58 1138.69 1135.84 1133.02 1130.24 1127.49 1124.77 1122.09 1119.44 1116.82 1114.23 1111.68 1109.16 1106.67 1104.21 1101.78 1099.39 1097.03 1094.70 1092.40 1090.13 1087.89 1085.68 1083.50 1081.35
1283.60 1280.10 1276.60 1273.10 1269.60 1266.10 1262.60 1259.10 1255.60 1252.10 1248.60 1245.10 1241.60 1238.10 1234.60 1231.10 1227.60 1224.10 1220.60 1217.10 1213.60 1210.10 1206.60 1203.10 1199.60 1196.10 1192.60 1189.14 1185.71 1182.32 1178.97 1175.66 1172.38 1169.14 1165.94 1162.77 1159.64 1156.54 1153.48 1150.45 1147.46 1144.50 1141.58 1138.69 1135.84 1133.02 1130.24 1127.49 1124.77 1122.09 1119.44 1116.82 1114.23 1111.68 1109.16 1106.67 1104.21 1101.78 1099.39 1097.03 1094.70 1092.40 1090.13 1087.89 1085.68 1083.50 1081.35
1283.60 1280.10 1276.60 1273.10 1269.60 1266.10 1262.60 1259.10 1255.60 1252.10 1248.60 1245.10 1241.60 1238.10 1234.60 1231.10 1227.60 1224.10 1220.60 1217.10 1213.60 1210.10 1206.60 1203.10 1199.60 1196.10 1192.60 1189.14 1185.71 1182.32 1178.97 1175.66 1172.38 1169.14 1165.94 1162.77 1159.64 1156.54 1153.48 1150.45 1147.46 1144.50 1141.58 1138.69 1135.84 1133.02 1130.24 1127.49 1124.77 1122.09 1119.44 1116.82 1114.23 1111.68 1109.16 1106.67 1104.21 1101.78 1099.39 1097.03 1094.70 1092.40 1090.13 1087.89 1085.68 1083.50 1081.35
1283.60 1280.10 1276.60 1273.10 1269.60 1266.10 1262.60 1259.10 1255.60 1252.10 1248.60 1245.10 1241.60 1238.10 1234.60 1231.10 1227.60 1224.10 1220.60 1217.10 1213.60 1210.10 1206.60 1203.10 1199.60 1196.10 1192.60 1189.14 1185.71 1182.32 1178.97 1175.66 1172.38 1169.14 1165.94 1162.77 1159.64 1156.54 1153.48 1150.45 1147.46 1144.50 1141.58 1138.69 1135.84 1133.02 1130.24 1127.49 1124.77 1122.09 1119.44 1116.82 1114.23 1111.68 1109.16 1106.67 1104.21 1101.78 1099.39 1097.03 1094.70 1092.40 1090.13 1087.89 1085.68 1083.50 1081.35
1283.60 1280.10 1276.60 1273.10 1269.60 1266.10 1262.60 1259.10 1255.60 1252.10 1248.60 1245.10 1241.60 1238.10 1234.60 1231.10 1227.60 1224.10 1220.60 1217.10 1213.60 1210.10 1206.60 1203.10 1199.60 1196.10 1192.60 1189.14 1185.71 1182.32 1178.97 1175.66 1172.38 1169.14 1165.94 1162.77 1159.64 1156.54 1153.48 1150.45 1147.46 1144.50 1141.58 1138.69 1135.84 1133.02 1130.24 1127.49 1124.77 1122.09 1119.44 1116.82 1114.23 1111.68 1109.16 1106.67 1104.21 1101.78 1099.39 1097.03 1094.70 1092.40 1090.13 1087.89 1085.68 1083.50 1081.35
1283.60 1280.10 1276.60 1273.10 1269.60 1266.10 1262.60 1259.10 1255.60 1252.10 1248.60 1245.10 1241.60 1238.10 1234.60 1231.10 1227.60 1224.10 1220.60 1217.10 1213.60 1210.10 1206.60 1203.10 1199.60 1196.10 1192.60 1189.14 1185.71 1182.32 1178.97 1175.66 1172.38 1169.14 1165.94 1162.77 1159.64 1156.54 1153.48 1150.45 1147.46 1144.50 1141.58 1138.69 1135.84 1133.02 1130.24 1127.49 1124.77 1122.09 1119.44 1116.82 1114.23 1111.68 1109.16 1106.67 1104.21 1101.78 1099.39 1097.03 1094.70 1092.40 1090.13 1087.89 1085.68 1083.50 1081.35
1283.60 1280.10 1276.60 1273.10 1269.60 1266.10 1262.60 1259.10 1255.60 1252.10 1248.60 1245.10 1241.60 1238.10 1234.60 1231.10 1227.60 1224.10 1220.60 1217.10 1213.60 1210.10 1206.60 1203.10 1199.60 1196.10 1192.60 1189.14 1185.71 1182.32 1178.97 1175.66 1172.38 1169.14 1165.94 1162.77 1159.64 1156.54 1153.48 1150.45 1147.46 1144.50 1141.58 1138.69 1135.84 1133.02 1130.24 1127.49 1124.77 1122.09 1119.44 1116.82 1114.23 1111.68 1109.16 1106.67 1104.21 1101.78 1099.39 1097.03 1094.70 1092.40 1090.13 1087.89 1085.68 1083.50 1081.35
1283.60 1280.10 1276.60 1273.10 1269.60 1266.10 1262.60 1259.10 1255.60 1252.10 1248.60 1245.10 1241.60 1238.10 1234.60 1231.10 1227.60 1224.10 1220.60 1217.10 1213.60 1210.10 1206.60 1203.10 1199.60 1196.10 1192.60 1189.14 1185.71 1182.32 1178.97 1175.66 1172.38 1169.14 1165.94 1162.77 1159.64 1156.54 1153.48 1150.45 1147.46 1144.50 1141.58 1138.69 1135.84 1133.02 1130.24 1127.49 1124.77 1122.09 1119.44 1116.82 1114.23 1111.68 1109.16 1106.67 1104.21 1101.78 1099.39 1097.03 1094.70 1092.40 1090.13 1087.89 1085.68 1083.50 1081.35
