avaframe/data/slide/Inputs/slideTopo.asc
ncols     419
nrows    201
xllcorner 1.0
yllcorner 1.0
cellsize 5
NODATA_value -9999
[rows 58 to 86 of 201, columns 0 to 66 of 419]
1752.60 1749.10 1745.60 1742.10 1738.60 1735.10 1731.60 1728.10 1724.60 1721.10 1717.60 1714.10 1710.60 1707.10 1703.60 1700.10 1696.60 1693.10 1689.60 1686.10 1682.60 1679.10 1675.60 1672.10 1668.60 1665.10 1661.60 1658.10 1654.60 1651.10 1647.60 1644.10 1640.60 1637.10 1633.60 1630.10 1626.60 1623.10 1619.60 1616.10 1612.60 1609.10 1605.60 1602.10 1598.60 1595.10 1591.60 1588.10 1584.60 1581.10 1577.60 1574.10 1570.60 1567.10 1563.60 1560.10 1556.60 1553.10 1549.60 1546.10 1542.60 1539.10 1535.60 1532.10 1528.60 1525.10 1521.60
1752.60 1749.10 1745.60 1742.10 1738.60 1735.10 1731.60 1728.10 1724.60 1721.10 1717.60 1714.10 1710.60 1707.10 1703.60 1700.10 1696.60 1693.10 1689.60 1686.10 1682.60 1679.10 1675.60 1672.10 1668.60 1665.10 1661.60 1658.10 1654.60 1651.10 1647.60 1644.10 1640.60 1637.10 1633.60 1630.10 1626.60 1623.10 1619.60 1616.10 1612.60 1609.10 1605.60 1602.10 1598.60 1595.10 1591.60 1588.10 1584.60 1581.10 1577.60 1574.10 1570.60 1567.10 1563.60 1560.10 1556.60 1553.10 1549.60 1546.10 1542.60 1539.10 1535.60 1532.10 1528.60 1525.10 1521.60
1752.60 1749.10 1745.60 1742.10 1738.60 1735.10 1731.60 1728.10 1724.60 1721.10 1717.60 1714.10 1710.60 1707.10 1703.60 1700.10 1696.60 1693.10 1689.60 1686.10 1682.60 1679.10 1675.60 1672.10 1668.60 1665.10 1661.60 1658.10 1654.60 1651.10 1647.60 1644.10 1640.60 1637.10 1633.60 1630.10 1626.60 1623.10 1619.60 1616.10 1612.60 1609.10 1605.60 1602.10 1598.60 1595.10 1591.60 1588.10 1584.60 1581.10 1577.60 1574.10 1570.60 1567.10 1563.60 1560.10 1556.60 1553.10 1549.60 1546.10 1542.60 1539.10 1535.60 1532.10 1528.60 1525.10 1521.60
1752.60 1749.10 1745.60 1742.10 1738.60 1735.10 1731.60 1728.10 1724.60 1721.10 1717.60 1714.10 1710.60 1707.10 1703.60 1700.10 1696.60 1693.10 1689.60 1686.10 1682.60 1679.10 1675.60 1672.10 1668.60 1665.10 1661.60 1658.10 1654.60 1651.10 1647.60 1644.10 1640.60 1637.10 1633.60 1630.10 1626.60 1623.10 1619.60 1616.10 1612.60 1609.10 1605.60 1602.10 1598.60 1595.10 1591.60 1588.10 1584.60 1581.10 1577.60 1574.10 1570.60 1567.10 1563.60 1560.10 1556.60 1553.10 1549.60 1546.10 1542.60 1539.10 1535.60 1532.10 1528.60 1525.10 1521.60
1752.60 1749.10 1745.60 1742.10 1738.60 1735.10 1731.60 1728.10 1724.60 1721.10 1717.60 1714.10 1710.60 1707.10 1703.60 1700.10 1696.60 1693.10 1689.60 1686.10 1682.60 1679.10 1675.60 1672.10 1668.60 1665.10 1661.60 1658.10 1654.60 1651.10 1647.60 1644.10 1640.60 1637.10 1633.60 1630.10 1626.60 1623.10 1619.60 1616.10 1612.60 1609.10 1605.60 1602.10 1598.60 1595.10 1591.60 1588.10 1584.60 1581.10 1577.60 1574.10 1570.60 1567.10 1563.60 1560.10 1556.60 1553.10 1549.60 1546.10 1542.60 1539.10 1535.60 1532.10 1528.60 1525.10 1521.60
1752.60 1749.10 1745.60 1742.10 1738.60 1735.10 1731.60 1728.10 1724.60 1721.10 1717.60 1714.10 1710.60 1707.10 1703.60 1700.10 1696.60 1693.10 1689.60 1686.10 1682.60 1679.10 1675.60 1672.10 1668.60 1665.10 1661.60 1658.10 1654.60 1651.10 1647.60 1644.10 1640.60 1637.10 1633.60 1630.10 1626.60 1623.10 1619.60 1616.10 1612.60 1609.10 1605.60 1602.10 1598.60 1595.10 1591.60 1588.10 1584.60 1581.10 1577.60 1574.10 1570.60 1567.10 1563.60 1560.10 1556.60 1553.10 1549.60 1546.10 1542.60 1539.10 1535.60 1532.10 1528.60 1525.10 1521.60
1752.60 1749.10 1745.60 1742.10 1738.60 1735.10 1731.60 1728.10 1724.60 1721.10 1717.60 1714.10 1710.60 1707.10 1703.60 1700.10 1696.60 1693.10 1689.60 1686.10 1682.60 1679.10 1675.60 1672.10 1668.60 1665.10 1661.60 1658.10 1654.60 1651.10 1647.60 1644.10 1640.60 1637.10 1633.60 1630.10 1626.60 1623.10 1619.60 1616.10 1612.60 1609.10 1605.60 1602.10 1598.60 1595.10 1591.60 1588.10 1584.60 1581.10 1577.60 1574.10 1570.60 1567.10 1563.60 1560.10 1556.60 1553.10 1549.60 1546.10 1542.60 1539.10 1535.60 1532.10 1528.60 1525.10 1521.60
1752.60 1749.10 1745.60 1742.10 1738.60 1735.10 1731.60 1728.10 1724.60 1721.10 1717.60 1714.10 1710.60 1707.10 1703.60 1700.10 1696.60 1693.10 1689.60 1686.10 1682.60 1679.10 1675.60 1672.10 1668.60 1665.10 1661.60 1658.10 1654.60 1651.10 1647.60 1644.10 1640.60 1637.10 1633.60 1630.10 1626.60 1623.10 1619.60 1616.10 1612.60 1609.10 1605.60 1602.10 1598.60 1595.10 1591.60 1588.10 1584.60 1581.10 1577.60 1574.10 1570.60 1567.10 1563.60 1560.10 1556.60 1553.10 1549.60 1546.10 1542.60 1539.10 1535.60 1532.10 1528.60 1525.10 1521.60
1752.60 1749.10 1745.60 1742.10 1738.60 1735.10 1731.60 1728.10 1724.60 1721.10 1717.60 1714.10 1710.60 1707.10 1703.60 1700.10 1696.60 1693.10 1689.60 1686.10 1682.60 1679.10 1675.60 1672.10 1668.60 1665.10 1661.60 1658.10 1654.60 1651.10 1647.60 1644.10 1640.60 1637.10 1633.60 1630.10 1626.60 1623.10 1619.60 1616.10 1612.60 1609.10 1605.60 1602.10 1598.60 1595.10 1591.60 1588.10 1584.60 1581.10 1577.60 1574.10 1570.60 1567.10 1563.60 1560.10 1556.60 1553.10 1549.60 1546.10 1542.60 1539.10 1535.60 1532.10 1528.60 1525.10 1521.60
1752.60 1749.10 1745.60 1742.10 1738.60 1735.10 1731.60 1728.10 1724.60 1721.10 1717.60 1714.10 1710.60 1707.10 1703.60 1700.10 1696.60 1693.10 1689.60 1686.10 1682.60 1679.10 1675.60 1672.10 1668.60 1665.10 1661.60 1658.10 1654.60 1651.10 1647.60 1644.10 1640.60 1637.10 1633.60 1630.10 1626.60 1623.10 1619.60 1616.10 1612.60 1609.10 1605.60 1602.10 1598.60 1595.10 1591.60 1588.10 1584.60 1581.10 1577.60 1574.10 1570.60 1567.10 1563.60 1560.10 1556.60 1553.10 1549.60 1546.10 1542.60 1539.10 1535.60 1532.10 1528.60 1525.10 1521.60
1752.60 1749.10 1745.60 1742.10 1738.60 1735.10 1731.60 1728.10 1724.60 1721.10 1717.60 1714.10 1710.60 1707.10 1703.60 1700.10 1696.60 1693.10 1689.60 1686.10 1682.60 1679.10 1675.60 1672.10 1668.60 1665.10 1661.60 1658.10 1654.60 1651.10 1647.60 1644.10 1640.60 1637.10 1633.60 1630.10 1626.60 1623.10 1619.60 1616.10 1612.60 1609.10 1605.60 1602.10 1598.60 1595.10 1591.60 1588.10 1584.60 1581.10 1577.60 1574.10 1570.60 1567.10 1563.60 1560.10 1556.60 1553.10 1549.60 1546.10 1542.60 1539.10 1535.60 1532.10 1528.60 1525.10 1521.60
1752.60 1749.10 1745.60 1742.10 1738.60 1735.10 1731.60 1728.10 1724.60 1721.10 1717.60 1714.10 1710.60 1707.10 1703.60 1700.10 1696.60 1693.10 1689.60 1686.10 1682.60 1679.10 1675.60 1672.10 1668.60 1665.10 1661.60 1658.10 1654.60 1651.10 1647.60 1644.10 1640.60 1637.10 1633.60 1630.10 1626.60 1623.10 1619.60 1616.10 1612.60 1609.10 1605.60 1602.10 1598.60 1595.10 1591.60 1588.10 1584.60 1581.10 1577.60 1574.10 1570.60 1567.10 1563.60 1560.10 1556.60 1553.10 1549.60 1546.10 1542.60 1539.10 1535.60 1532.10 1528.60 1525.10 1521.60
1752.60 1749.10 1745.60 1742.10 1738.60 1735.10 1731.60 1728.10 1724.60 1721.10 1717.60 1714.10 1710.60 1707.10 1703.60 1700.10 1696.60 1693.10 1689.60 1686.10 1682.60 1679.10 1675.60 1672.10 1668.60 1665.10 1661.60 1658.10 1654.60 1651.10 1647.60 1644.10 1640.60 1637.10 1633.60 1630.10 1626.60 1623.10 1619.60 1616.10 1612.60 1609.10 1605.60 1602.10 1598.60 1595.10 1591.60 1588.10 1584.60 1581.10 1577.60 1574.10 1570.60 1567.10 1563.60 1560.10 1556.60 1553.10 1549.60 1546.10 1542.60 1539.10 1535.60 1532.10 1528.60 1525.10 1521.60
1752.60 1749.10 1745.60 1742.10 1738.60 1735.10 1731.60 1728.10 1724.60 1721.10 1717.60 1714.10 1710.60 1707.10 1703.60 1700.10 1696.60 1693.10 1689.60 1686.10 1682.60 1679.10 1675.60 1672.10 1668.60 1665.10 1661.60 1658.10 1654.60 1651.10 1647.60 1644.10 1640.60 1637.10 1633.60 1630.10 1626.60 1623.10 1619.60 1616.10 1612.60 1609.10 1605.60 1602.10 1598.60 1595.10 1591.60 1588.10 1584.60 1581.10 1577.60 1574.10 1570.60 1567.10 1563.60 1560.10 1556.60 1553.10 1549.60 1546.10 1542.60 1539.10 1535.60 1532.10 1528.60 1525.10 1521.60
1752.60 1749.10 1745.60 1742.10 1738.60 1735.10 1731.60 1728.10 1724.60 1721.10 1717.60 1714.10 1710.60 1707.10 1703.60 1700.10 1696.60 1693.10 1689.60 1686.10 1682.60 1679.10 1675.60 1672.10 1668.60 1665.10 1661.60 1658.10 1654.60 1651.10 1647.60 1644.10 1640.60 1637.10 1633.60 1630.10 1626.60 1623.10 1619.60 1616.10 1612.60 1609.10 1605.60 1602.10 1598.60 1595.10 1591.60 1588.10 1584.60 1581.10 1577.60 1574.10 1570.60 1567.10 1563.60 1560.10 1556.60 1553.10 1549.60 1546.10 1542.60 1539.10 1535.60 1532.10 1528.60 1525.10 1521.60
1752.60 1749.10 1745.60 1742.10 1738.60 1735.10 1731.60 1728.10 1724.60 1721.10 1717.60 1714.10 1710.60 1707.10 1703.60 1700.10 1696.60 1693.10 1689.60 1686.10 1682.60 1679.10 1675.60 1672.10 1668.60 1665.10 1661.60 1658.10 1654.60 1651.10 1647.60 1644.10 1640.60 1637.10 1633.60 1630.10 1626.60 1623.10 1619.60 1616.10 1612.60 1609.10 1605.60 1602.10 1598.60 1595.10 1591.60 1588.10 1584.60 1581.10 1577.60 1574.10 1570.60 1567.10 1563.60 1560.10 1556.60 1553.10 1549.60 1546.10 1542.60 1539.10 1535.60 1532.10 1528.60 1525.10 1521.60
1752.60 1749.10 1745.60 1742.10 1738.60 1735.10 1731.60 1728.10 1724.60 1721.10 1717.60 1714.10 1710.60 1707.10 1703.60 1700.10 1696.60 1693.10 1689.60 1686.10 1682.60 1679.10 1675.60 1672.10 1668.60 1665.10 1661.60 1658.10 1654.60 1651.10 1647.60 1644.10 1640.60 1637.10 1633.60 1630.10 1626.60 1623.10 1619.60 1616.10 1612.60 1609.10 1605.60 1602.10 1598.60 1595.10 1591.60 1588.10 1584.60 1581.10 1577.60 1574.10 1570.60 1567.10 1563.60 1560.10 1556.60 1553.10 1549.60 1546.10 1542.60 1539.10 1535.60 1532.10 1528.60 1525.10 1521.60
1752.60 1749.10 1745.60 1742.10 1738.60 1735.10 1731.60 1728.10 1724.60 1721.10 1717.60 1714.10 1710.60 1707.10 1703.60 1700.10 1696.60 1693.10 1689.60 1686.10 1682.60 1679.10 1675.60 1672.10 1668.60 1665.10 1661.60 1658.10 1654.60 1651.10 1647.60 1644.10 1640.60 1637.10 1633.60 1630.10 1626.60 1623.10 1619.60 1616.10 1612.60 1609.10 1605.60 1602.10 1598.60 1595.10 1591.60 1588.10 1584.60 1581.10 1577.60 1574.10 1570.60 1567.10 1563.60 1560.10 1556.60 1553.10 1549.60 1546.10 1542.60 1539.10 1535.60 1532.10 1528.60 1525.10 1521.60
1752.60 1749.10 1745.60 1742.10 1738.60 1735.10 1731.60 1728.10 1724.60 1721.10 1717.60 1714.10 1710.60 1707.10 1703.60 1700.10 1696.60 1693.10 1689.60 1686.10 1682.60 1679.10 1675.60 1672.10 1668.60 1665.10 1661.60 1658.10 1654.60 1651.10 1647.60 1644.10 1640.60 1637.10 1633.60 1630.10 1626.60 1623.10 1619.60 1616.10 1612.60 1609.10 1605.60 1602.10 1598.60 1595.10 1591.60 1588.10 1584.60 1581.10 1577.60 1574.10 1570.60 1567.10 1563.60 1560.10 1556.60 1553.10 1549.60 1546.10 1542.60 1539.10 1535.60 1532.10 1528.60 1525.10 1521.60
1752.60 1749.10 1745.60 1742.10 1738.60 1735.10 1731.60 1728.10 1724.60 1721.10 1717.60 1714.10 1710.60 1707.10 1703.60 1700.10 1696.60 1693.10 1689.60 1686.10 1682.60 1679.10 1675.60 1672.10 1668.60 1665.10 1661.60 1658.10 1654.60 1651.10 1647.60 1644.10 1640.60 1637.10 1633.60 1630.10 1626.60 1623.10 1619.60 1616.10 1612.60 1609.10 1605.60 1602.10 1598.60 1595.10 1591.60 1588.10 1584.60 1581.10 1577.60 1574.10 1570.60 1567.10 1563.60 1560.10 1556.60 1553.10 1549.60 1546.10 1542.60 1539.10 1535.60 1532.10 1528.60 1525.10 1521.60
1752.60 1749.10 1745.60 1742.10 1738.60 1735.10 1731.60 1728.10 1724.60 1721.10 1717.60 1714.10 1710.60 1707.10 1703.60 1700.10 1696.60 1693.10 1689.60 1686.10 1682.60 1679.10 1675.60 1672.10 1668.60 1665.10 1661.60 1658.10 1654.60 1651.10 1647.60 1644.10 1640.60 1637.10 1633.60 1630.10 1626.60 1623.10 1619.60 1616.10 1612.60 1609.10 1605.60 1602.10 1598.60 1595.10 1591.60 1588.10 1584.60 1581.10 1577.60 1574.10 1570.60 1567.10 1563.60 1560.10 1556.60 1553.10 1549.60 1546.10 1542.60 1539.10 1535.60 1532.10 1528.60 1525.10 1521.60
1752.60 1749.10 1745.60 1742.10 1738.60 1735.10 1731.60 1728.10 1724.60 1721.10 1717.60 1714.10 1710.60 1707.10 1703.60 1700.10 1696.60 1693.10 1689.60 1686.10 1682.60 1679.10 1675.60 1672.10 1668.60 1665.10 1661.60 1658.10 1654.60 1651.10 1647.60 1644.10 1640.60 1637.10 1633.60 1630.10 1626.60 1623.10 1619.60 1616.10 1612.60 1609.10 1605.60 1602.10 1598.60 1595.10 1591.60 1588.10 1584.60 1581.10 1577.60 1574.10 1570.60 1567.10 1563.60 1560.10 1556.60 1553.10 1549.60 1546.10 1542.60 1539.10 1535.60 1532.10 1528.60 1525.10 1521.60
1752.60 1749.10 1745.60 1742.10 1738.60 1735.10 1731.60 1728.10 1724.60 1721.10 1717.60 1714.10 1710.60 1707.10 1703.60 1700.10 1696.60 1693.10 1689.60 1686.10 1682.60 1679.10 1675.60 1672.10 1668.60 1665.10 1661.60 1658.10 1654.60 1651.10 1647.60 1644.10 1640.60 1637.10 1633.60 1630.10 1626.60 1623.10 1619.60 1616.10 1612.60 1609.10 1605.60 1602.10 1598.60 1595.10 1591.60 1588.10 1584.60 1581.10 1577.60 1574.10 1570.60 1567.10 1563.60 1560.10 1556.60 1553.10 1549.60 1546.10 1542.60 1539.10 1535.60 1532.10 1528.60 1525.10 1521.60
1752.60 1749.10 1745.60 1742.10 1738.60 1735.10 1731.60 1728.10 1724.60 1721.10 1717.60 1714.10 1710.60 1707.10 1703.60 1700.10 1696.60 1693.10 1689.60 1686.10 1682.60 1679.10 1675.60 1672.10 1668.60 1665.10 1661.60 1658.10 1654.60 1651.10 1647.60 1644.10 1640.60 1637.10 1633.60 1630.10 1626.60 1623.10 1619.60 1616.10 1612.60 1609.10 1605.60 1602.10 1598.60 1595.10 1591.60 1588.10 1584.60 1581.10 1577.60 1574.10 1570.60 1567.10 1563.60 1560.10 1556.60 1553.10 1549.60 1546.10 1542.60 1539.10 1535.60 1532.10 1528.60 1525.10 1521.60
1752.60 1749.10 1745.60 1742.10 1738.60 1735.10 1731.60 1728.10 1724.60 1721.10 1717.60 1714.10 1710.60 1707.10 1703.60 1700.10 1696.60 1693.10 1689.60 1686.10 1682.60 1679.10 1675.60 1672.10 1668.60 1665.10 1661.60 1658.10 1654.60 1651.10 1647.60 1644.10 1640.60 1637.10 1633.60 1630.10 1626.60 1623.10 1619.60 1616.10 1612.60 1609.10 1605.60 1602.10 1598.60 1595.10 1591.60 1588.10 1584.60 1581.10 1577.60 1574.10 1570.60 1567.10 1563.60 1560.10 1556.60 1553.10 1549.60 1546.10 1542.60 1539.10 1535.60 1532.10 1528.60 1525.10 1521.60
1752.60 1749.10 1745.60 1742.10 1738.60 1735.10 1731.60 1728.10 1724.60 1721.10 1717.60 1714.10 1710.60 1707.10 1703.60 1700.10 1696.60 1693.10 1689.60 1686.10 1682.60 1679.10 1675.60 1672.10 1668.60 1665.10 1661.60 1658.10 1654.60 1651.10 1647.60 1644.10 1640.60 1637.10 1633.60 1630.10 1626.60 1623.10 1619.60 1616.10 1612.60 1609.10 1605.60 1602.10 1598.60 1595.10 1591.60 1588.10 1584.60 1581.10 1577.60 1574.10 1570.60 1567.10 1563.60 1560.10 1556.60 1553.10 1549.60 1546.10 1542.60 1539.10 1535.60 1532.10 1528.60 1525.10 1521.60
1752.60 1749.10 1745.60 1742.10 1738.60 1735.10 1731.60 1728.10 1724.60 1721.10 1717.60 1714.10 1710.60 1707.10 1703.60 1700.10 1696.60 1693.10 1689.60 1686.10 1682.60 1679.10 1675.60 1672.10 1668.60 1665.10 1661.60 1658.10 1654.60 1651.10 1647.60 1644.10 1640.60 1637.10 1633.60 1630.10 1626.60 1623.10 1619.60 1616.10 1612.60 1609.10 1605.60 1602.10 1598.60 1595.10 1591.60 1588.10 1584.60 1581.10 1577.60 1574.10 1570.60 1567.10 1563.60 1560.10 1556.60 1553.10 1549.60 1546.10 1542.60 1539.10 1535.60 1532.10 1528.60 1525.10 1521.60
1752.60 1749.10 1745.60 1742.10 1738.60 1735.10 1731.60 1728.10 1724.60 1721.10 1717.60 1714.10 1710.60 1707.10 1703.60 1700.10 1696.60 1693.10 1689.60 1686.10 1682.60 1679.10 1675.60 1672.10 1668.60 1665.10 1661.60 1658.10 1654.60 1651.10 1647.60 1644.10 1640.60 1637.10 1633.60 1630.10 1626.60 1623.10 1619.60 1616.10 1612.60 1609.10 1605.60 1602.10 1598.60 1595.10 1591.60 1588.10 1584.60 1581.10 1577.60 1574.10 1570.60 1567.10 1563.60 1560.10 1556.60 1553.10 1549.60 1546.10 1542.60 1539.10 1535.60 1532.10 1528.60 1525.10 1521.60
1752.60 1749.10 1745.60 1742.10 1738.60 1735.10 1731.60 1728.10 1724.60 1721.10 1717.60 1714.10 1710.60 1707.10 1703.60 1700.10 1696.60 1693.10 1689.60 1686.10 1682.60 1679.10 1675.60 1672.10 1668.60 1665.10 1661.60 1658.10 1654.60 1651.10 1647.60 1644.10 1640.60 1637.10 1633.60 1630.10 1626.60 1623.10 1619.60 1616.10 1612.60 1609.10 1605.60 1602.10 1598.60 1595.10 1591.60 1588.10 1584.60 1581.10 1577.60 1574.10 1570.60 1567.10 1563.60 1560.10 1556.60 1553.10 1549.60 1546.10 1542.60 1539.10 1535.60 1532.10 1528.60 1525.10 1521.60
