avaframe/data/avaDamBreak/Inputs/DEM_IP_Topo.asc
nCols  242
nRows  162
xllcenter  -602.50
yllcenter -402.50
cellsize  5.00
nodata_value -9999.00
[rows 0 to 23 of 162, columns 108 to 161 of 242]
1981.825838 1979.805707 1977.785576 1975.765445 1973.745314 1971.725182 1969.705051 1967.684920 1965.664789 1963.644658 1961.624527 1959.604396 1957.584264 1955.564133 1953.544002 1951.523871 1949.503740 1947.483609 1945.463478 1943.443347 1941.423215 1939.403084 1937.382953 1935.362822 1933.342691 1931.322560 1929.302429 1927.282298 1925.262166 1923.242035 1921.221904 1919.201773 1917.181642 1915.161511 1913.141380 1911.121249 1909.101117 1907.080986 1905.060855 1903.040724 1901.020593 1899.000462 1896.980331 1894.960199 1892.940068 1890.919937 1888.899806 1886.879675 1884.859544 1882.839413 1880.819282 1878.799150 1876.779019 1874.758888
1981.825838 1979.805707 1977.785576 1975.765445 1973.745314 1971.725182 1969.705051 1967.684920 1965.664789 1963.644658 1961.624527 1959.604396 1957.584264 1955.564133 1953.544002 1951.523871 1949.503740 1947.483609 1945.463478 1943.443347 1941.423215 1939.403084 1937.382953 1935.362822 1933.342691 1931.322560 1929.302429 1927.282298 1925.262166 1923.242035 1921.221904 1919.201773 1917.181642 1915.161511 1913.141380 1911.121249 1909.101117 1907.080986 1905.060855 1903.040724 1901.020593 1899.000462 1896.980331 1894.960199 1892.940068 1890.919937 1888.899806 1886.879675 1884.859544 1882.839413 1880.819282 1878.799150 1876.779019 1874.758888
1981.825838 1979.805707 1977.785576 1975.765445 1973.745314 1971.725182 1969.705051 1967.684920 1965.664789 1963.644658 1961.624527 1959.604396 1957.584264 1955.564133 1953.544002 1951.523871 1949.503740 1947.483609 1945.463478 1943.443347 1941.423215 1939.403084 1937.382953 1935.362822 1933.342691 1931.322560 1929.302429 1927.282298 1925.262166 1923.242035 1921.221904 1919.201773 1917.181642 1915.161511 1913.141380 1911.121249 1909.101117 1907.080986 1905.060855 1903.040724 1901.020593 1899.000462 1896.980331 1894.960199 1892.940068 1890.919937 1888.899806 1886.879675 1884.859544 1882.839413 1880.819282 1878.799150 1876.779019 1874.758888
1981.825838 1979.805707 1977.785576 1975.765445 1973.745314 1971.725182 1969.705051 1967.684920 1965.664789 1963.644658 1961.624527 1959.604396 1957.584264 1955.564133 1953.544002 1951.523871 1949.503740 1947.483609 1945.463478 1943.443347 1941.423215 1939.403084 1937.382953 1935.362822 1933.342691 1931.322560 1929.302429 1927.282298 1925.262166 1923.242035 1921.221904 1919.201773 1917.181642 1915.161511 1913.141380 1911.121249 1909.101117 1907.080986 1905.060855 1903.040724 1901.020593 1899.000462 1896.980331 1894.960199 1892.940068 1890.919937 1888.899806 1886.879675 1884.859544 1882.839413 1880.819282 1878.799150 1876.779019 1874.758888
1981.825838 1979.805707 1977.785576 1975.765445 1973.745314 1971.725182 1969.705051 1967.684920 1965.664789 1963.644658 1961.624527 1959.604396 1957.584264 1955.564133 1953.544002 1951.523871 1949.503740 1947.483609 1945.463478 1943.443347 1941.423215 1939.403084 1937.382953 1935.362822 1933.342691 1931.322560 1929.302429 1927.282298 1925.262166 1923.242035 1921.221904 1919.201773 1917.181642 1915.161511 1913.141380 1911.121249 1909.101117 1907.080986 1905.060855 1903.040724 1901.020593 1899.000462 1896.980331 1894.960199 1892.940068 1890.919937 1888.899806 1886.879675 1884.859544 1882.839413 1880.819282 1878.799150 1876.779019 1874.758888
1981.825838 1979.805707 1977.785576 1975.765445 1973.745314 1971.725182 1969.705051 1967.684920 1965.664789 1963.644658 1961.624527 1959.604396 1957.584264 1955.564133 1953.544002 1951.523871 1949.503740 1947.483609 1945.463478 1943.443347 1941.423215 1939.403084 1937.382953 1935.362822 1933.342691 1931.322560 1929.302429 1927.282298 1925.262166 1923.242035 1921.221904 1919.201773 1917.181642 1915.161511 1913.141380 1911.121249 1909.101117 1907.080986 1905.060855 1903.040724 1901.020593 1899.000462 1896.980331 1894.960199 1892.940068 1890.919937 1888.899806 1886.879675 1884.859544 1882.839413 1880.819282 1878.799150 1876.779019 1874.758888
1981.825838 1979.805707 1977.785576 1975.765445 1973.745314 1971.725182 1969.705051 1967.684920 1965.664789 1963.644658 1961.624527 1959.604396 1957.584264 1955.564133 1953.544002 1951.523871 1949.503740 1947.483609 1945.463478 1943.443347 1941.423215 1939.403084 1937.382953 1935.362822 1933.342691 1931.322560 1929.302429 1927.282298 1925.262166 1923.242035 1921.221904 1919.201773 1917.181642 1915.161511 1913.141380 1911.121249 1909.101117 1907.080986 1905.060855 1903.040724 1901.020593 1899.000462 1896.980331 1894.960199 1892.940068 1890.919937 1888.899806 1886.879675 1884.859544 1882.839413 1880.819282 1878.799150 1876.779019 1874.758888
1981.825838 1979.805707 1977.785576 1975.765445 1973.745314 1971.725182 1969.705051 1967.684920 1965.664789 1963.644658 1961.624527 1959.604396 1957.584264 1955.564133 1953.544002 1951.523871 1949.503740 1947.483609 1945.463478 1943.443347 1941.423215 1939.403084 1937.382953 1935.362822 1933.342691 1931.322560 1929.302429 1927.282298 1925.262166 1923.242035 1921.221904 1919.201773 1917.181642 1915.161511 1913.141380 1911.121249 1909.101117 1907.080986 1905.060855 1903.040724 1901.020593 1899.000462 1896.980331 1894.960199 1892.940068 1890.919937 1888.899806 1886.879675 1884.859544 1882.839413 1880.819282 1878.799150 1876.779019 1874.758888
1981.825838 1979.805707 1977.785576 1975.765445 1973.745314 1971.725182 1969.705051 1967.684920 1965.664789 1963.644658 1961.624527 1959.604396 1957.584264 1955.564133 1953.544002 1951.523871 1949.503740 1947.483609 1945.463478 1943.443347 1941.423215 1939.403084 1937.382953 1935.362822 1933.342691 1931.322560 1929.302429 1927.282298 1925.262166 1923.242035 1921.221904 1919.201773 1917.181642 1915.161511 1913.141380 1911.121249 1909.101117 1907.080986 1905.060855 1903.040724 1901.020593 1899.000462 1896.980331 1894.960199 1892.940068 1890.919937 1888.899806 1886.879675 1884.859544 1882.839413 1880.819282 1878.799150 1876.779019 1874.758888
1981.825838 1979.805707 1977.785576 1975.765445 1973.745314 1971.725182 1969.705051 1967.684920 1965.664789 1963.644658 1961.624527 1959.604396 1957.584264 1955.564133 1953.544002 1951.523871 1949.503740 1947.483609 1945.463478 1943.443347 1941.423215 1939.403084 1937.382953 1935.362822 1933.342691 1931.322560 1929.302429 1927.282298 1925.262166 1923.242035 1921.221904 1919.201773 1917.181642 1915.161511 1913.141380 1911.121249 1909.101117 1907.080986 1905.060855 1903.040724 1901.020593 1899.000462 1896.980331 1894.960199 1892.940068 1890.919937 1888.899806 1886.879675 1884.859544 1882.839413 1880.819282 1878.799150 1876.779019 1874.758888
1981.825838 1979.805707 1977.785576 1975.765445 1973.745314 1971.725182 1969.705051 1967.684920 1965.664789 1963.644658 1961.624527 1959.604396 1957.584264 1955.564133 1953.544002 1951.523871 1949.503740 1947.483609 1945.463478 1943.443347 1941.423215 1939.403084 1937.382953 1935.362822 1933.342691 1931.322560 1929.302429 1927.282298 1925.262166 1923.242035 1921.221904 1919.201773 1917.181642 1915.161511 1913.141380 1911.121249 1909.101117 1907.080986 1905.060855 1903.040724 1901.020593 1899.000462 1896.980331 1894.960199 1892.940068 1890.919937 1888.899806 1886.879675 1884.859544 1882.839413 1880.819282 1878.799150 1876.779019 1874.758888
1981.825838 1979.805707 1977.785576 1975.765445 1973.745314 1971.725182 1969.705051 1967.684920 1965.664789 1963.644658 1961.624527 1959.604396 1957.584264 1955.564133 1953.544002 1951.523871 1949.503740 1947.483609 1945.463478 1943.443347 1941.423215 1939.403084 1937.382953 1935.362822 1933.342691 1931.322560 1929.302429 1927.282298 1925.262166 1923.242035 1921.221904 1919.201773 1917.181642 1915.161511 1913.141380 1911.121249 1909.101117 1907.080986 1905.060855 1903.040724 1901.020593 1899.000462 1896.980331 1894.960199 1892.940068 1890.919937 1888.899806 1886.879675 1884.859544 1882.839413 1880.819282 1878.799150 1876.779019 1874.758888
1981.825838 1979.805707 1977.785576 1975.765445 1973.745314 1971.725182 1969.705051 1967.684920 1965.664789 1963.644658 1961.624527 1959.604396 1957.584264 1955.564133 1953.544002 1951.523871 1949.503740 1947.483609 1945.463478 1943.443347 1941.423215 1939.403084 1937.382953 1935.362822 1933.342691 1931.322560 1929.302429 1927.282298 1925.262166 1923.242035 1921.221904 1919.201773 1917.181642 1915.161511 1913.141380 1911.121249 1909.101117 1907.080986 1905.060855 1903.040724 1901.020593 1899.000462 1896.980331 1894.960199 1892.940068 1890.919937 1888.899806 1886.879675 1884.859544 1882.839413 1880.819282 1878.799150 1876.779019 1874.758888
1981.825838 1979.805707 1977.785576 1975.765445 1973.745314 1971.725182 1969.705051 1967.684920 1965.664789 1963.644658 1961.624527 1959.604396 1957.584264 1955.564133 1953.544002 1951.523871 1949.503740 1947.483609 1945.463478 1943.443347 1941.423215 1939.403084 1937.382953 1935.362822 1933.342691 1931.322560 1929.302429 1927.282298 1925.262166 1923.242035 1921.221904 1919.201773 1917.181642 1915.161511 1913.141380 1911.121249 1909.101117 1907.080986 1905.060855 1903.040724 1901.020593 1899.000462 1896.980331 1894.960199 1892.940068 1890.919937 1888.899806 1886.879675 1884.859544 1882.839413 1880.819282 1878.799150 1876.779019 1874.758888
1981.825838 1979.805707 1977.785576 1975.765445 1973.745314 1971.725182 1969.705051 1967.684920 1965.664789 1963.644658 1961.624527 1959.604396 1957.584264 1955.564133 1953.544002 1951.523871 1949.503740 1947.483609 1945.463478 1943.443347 1941.423215 1939.403084 1937.382953 1935.362822 1933.342691 1931.322560 1929.302429 1927.282298 1925.262166 1923.242035 1921.221904 1919.201773 1917.181642 1915.161511 1913.141380 1911.121249 1909.101117 1907.080986 1905.060855 1903.040724 1901.020593 1899.000462 1896.980331 1894.960199 1892.940068 1890.919937 1888.899806 1886.879675 1884.859544 1882.839413 1880.819282 1878.799150 1876.779019 1874.758888
1981.825838 1979.805707 1977.785576 1975.765445 1973.745314 1971.725182 1969.705051 1967.684920 1965.664789 1963.644658 1961.624527 1959.604396 1957.584264 1955.564133 1953.544002 1951.523871 1949.503740 1947.483609 1945.463478 1943.443347 1941.423215 1939.403084 1937.382953 1935.362822 1933.342691 1931.322560 1929.302429 1927.282298 1925.262166 1923.242035 1921.221904 1919.201773 1917.181642 1915.161511 1913.141380 1911.121249 1909.101117 1907.080986 1905.060855 1903.040724 1901.020593 1899.000462 1896.980331 1894.960199 1892.940068 1890.919937 1888.899806 1886.879675 1884.859544 1882.839413 1880.819282 1878.799150 1876.779019 1874.758888
1981.825838 1979.805707 1977.785576 1975.765445 1973.745314 1971.725182 1969.705051 1967.684920 1965.664789 1963.644658 1961.624527 1959.604396 1957.584264 1955.564133 1953.544002 1951.523871 1949.503740 1947.483609 1945.463478 1943.443347 1941.423215 1939.403084 1937.382953 1935.362822 1933.342691 1931.322560 1929.302429 1927.282298 1925.262166 1923.242035 1921.221904 1919.201773 1917.181642 1915.161511 1913.141380 1911.121249 1909.101117 1907.080986 1905.060855 1903.040724 1901.020593 1899.000462 1896.980331 1894.960199 1892.940068 1890.919937 1888.899806 1886.879675 1884.859544 1882.839413 1880.819282 1878.799150 1876.779019 1874.758888
1981.825838 1979.805707 1977.785576 1975.765445 1973.745314 1971.725182 1969.705051 1967.684920 1965.664789 1963.644658 1961.624527 1959.604396 1957.584264 1955.564133 1953.544002 1951.523871 1949.503740 1947.483609 1945.463478 1943.443347 1941.423215 1939.403084 1937.382953 1935.362822 1933.342691 1931.322560 1929.302429 1927.282298 1925.262166 1923.242035 1921.221904 1919.201773 1917.181642 1915.161511 1913.141380 1911.121249 1909.101117 1907.080986 1905.060855 1903.040724 1901.020593 1899.000462 1896.980331 1894.960199 1892.940068 1890.919937 1888.899806 1886.879675 1884.859544 1882.839413 1880.819282 1878.799150 1876.779019 1874.758888
1981.825838 1979.805707 1977.785576 1975.765445 1973.745314 1971.725182 1969.705051 1967.684920 1965.664789 1963.644658 1961.624527 1959.604396 1957.584264 1955.564133 1953.544002 1951.523871 1949.503740 1947.483609 1945.463478 1943.443347 1941.423215 1939.403084 1937.382953 1935.362822 1933.342691 1931.322560 1929.302429 1927.282298 1925.262166 1923.242035 1921.221904 1919.201773 1917.181642 1915.161511 1913.141380 1911.121249 1909.101117 1907.080986 1905.060855 1903.040724 1901.020593 1899.000462 1896.980331 1894.960199 1892.940068 1890.919937 1888.899806 1886.879675 1884.859544 1882.839413 1880.819282 1878.799150 1876.779019 1874.758888
1981.825838 1979.805707 1977.785576 1975.765445 1973.745314 1971.725182 1969.705051 1967.684920 1965.664789 1963.644658 1961.624527 1959.604396 1957.584264 1955.564133 1953.544002 1951.523871 1949.503740 1947.483609 1945.463478 1943.443347 1941.423215 1939.403084 1937.382953 1935.362822 1933.342691 1931.322560 1929.302429 1927.282298 1925.262166 1923.242035 1921.221904 1919.201773 1917.181642 1915.161511 1913.141380 1911.121249 1909.101117 1907.080986 1905.060855 1903.040724 1901.020593 1899.000462 1896.980331 1894.960199 1892.940068 1890.919937 1888.899806 1886.879675 1884.859544 1882.839413 1880.819282 1878.799150 1876.779019 1874.758888
1981.825838 1979.805707 1977.785576 1975.765445 1973.745314 1971.725182 1969.705051 1967.684920 1965.664789 1963.644658 1961.624527 1959.604396 1957.584264 1955.564133 1953.544002 1951.523871 1949.503740 1947.483609 1945.463478 1943.443347 1941.423215 1939.403084 1937.382953 1935.362822 1933.342691 1931.322560 1929.302429 1927.282298 1925.262166 1923.242035 1921.221904 1919.201773 1917.181642 1915.161511 1913.141380 1911.121249 1909.101117 1907.080986 1905.060855 1903.040724 1901.020593 1899.000462 1896.980331 1894.960199 1892.940068 1890.919937 1888.899806 1886.879675 1884.859544 1882.839413 1880.819282 1878.799150 1876.779019 1874.758888
1981.825838 1979.805707 1977.785576 1975.765445 1973.745314 1971.725182 1969.705051 1967.684920 1965.664789 1963.644658 1961.624527 1959.604396 1957.584264 1955.564133 1953.544002 1951.523871 1949.503740 1947.483609 1945.463478 1943.443347 1941.423215 1939.403084 1937.382953 1935.362822 1933.342691 1931.322560 1929.302429 1927.282298 1925.262166 1923.242035 1921.221904 1919.201773 1917.181642 1915.161511 1913.141380 1911.121249 1909.101117 1907.080986 1905.060855 1903.040724 1901.020593 1899.000462 1896.980331 1894.960199 1892.940068 1890.919937 1888.899806 1886.879675 1884.859544 1882.839413 1880.819282 1878.799150 1876.779019 1874.758888
1981.825838 1979.805707 1977.785576 1975.765445 1973.745314 1971.725182 1969.705051 1967.684920 1965.664789 1963.644658 1961.624527 1959.604396 1957.584264 1955.564133 1953.544002 1951.523871 1949.503740 1947.483609 1945.463478 1943.443347 1941.423215 1939.403084 1937.382953 1935.362822 1933.342691 1931.322560 1929.302429 1927.282298 1925.262166 1923.242035 1921.221904 1919.201773 1917.181642 1915.161511 1913.141380 1911.121249 1909.101117 1907.080986 1905.060855 1903.040724 1901.020593 1899.000462 1896.980331 1894.960199 1892.940068 1890.919937 1888.899806 1886.879675 1884.859544 1882.839413 1880.819282 1878.799150 1876.779019 1874.758888
1981.825838 1979.805707 1977.785576 1975.765445 1973.745314 1971.725182 1969.705051 1967.684920 1965.664789 1963.644658 1961.624527 1959.604396 1957.584264 1955.564133 1953.544002 1951.523871 1949.503740 1947.483609 1945.463478 1943.443347 1941.423215 1939.403084 1937.382953 1935.362822 1933.342691 1931.322560 1929.302429 1927.282298 1925.262166 1923.242035 1921.221904 1919.201773 1917.181642 1915.161511 1913.141380 1911.121249 1909.101117 1907.080986 1905.060855 1903.040724 1901.020593 1899.000462 1896.980331 1894.960199 1892.940068 1890.919937 1888.899806 1886.879675 1884.859544 1882.839413 1880.819282 1878.799150 1876.779019 1874.758888
