avaframe/data/avaDamBreak/Inputs/DEM_IP_Topo.asc
nCols  242
nRows  162
xllcenter  -602.50
yllcenter -402.50
cellsize  5.00
nodata_value -9999.00
[rows 48 to 71 of 162, columns 54 to 107 of 242]
2079.788255 2077.562112 2075.335968 2073.109825 2070.883681 2068.657538 2066.431394 2064.205251 2061.979108 2059.752964 2057.526821 2055.300677 2053.074534 2050.848390 2048.622247 2046.396104 2044.169960 2041.943817 2039.717673 2037.491530 2035.265386 2033.039243 2030.813100 2028.586956 2026.360813 2024.134669 2021.908526 2019.682382 2017.456239 2015.230096 2013.003952 2010.777809 2008.551665 2006.325522 2004.099378 2001.873235 1999.647092 1997.420948 1995.194805 1992.968661 1990.742518 1988.516374 1986.290231 1984.064088 1981.837944 1979.611801 1977.385657 1975.159514 1972.933370 1970.707227 1968.481084 1966.254940 1964.028797 1961.802653
2079.788255 2077.562112 2075.335968 2073.109825 2070.883681 2068.657538 2066.431394 2064.205251 2061.979108 2059.752964 2057.526821 2055.300677 2053.074534 2050.848390 2048.622247 2046.396104 2044.169960 2041.943817 2039.717673 2037.491530 2035.265386 2033.039243 2030.813100 2028.586956 2026.360813 2024.134669 2021.908526 2019.682382 2017.456239 2015.230096 2013.003952 2010.777809 2008.551665 2006.325522 2004.099378 2001.873235 1999.647092 1997.420948 1995.194805 1992.968661 1990.742518 1988.516374 1986.290231 1984.064088 1981.837944 1979.611801 1977.385657 1975.159514 1972.933370 1970.707227 1968.481084 1966.254940 1964.028797 1961.802653
2079.788255 2077.562112 2075.335968 2073.109825 2070.883681 2068.657538 2066.431394 2064.205251 2061.979108 2059.752964 2057.526821 2055.300677 2053.074534 2050.848390 2048.622247 2046.396104 2044.169960 2041.943817 2039.717673 2037.491530 2035.265386 2033.039243 2030.813100 2028.586956 2026.360813 2024.134669 2021.908526 2019.682382 2017.456239 2015.230096 2013.003952 2010.777809 2008.551665 2006.325522 2004.099378 2001.873235 1999.647092 1997.420948 1995.194805 1992.968661 1990.742518 1988.516374 1986.290231 1984.064088 1981.837944 1979.611801 1977.385657 1975.159514 1972.933370 1970.707227 1968.481084 1966.254940 1964.028797 1961.802653
2079.788255 2077.562112 2075.335968 2073.109825 2070.883681 2068.657538 2066.431394 2064.205251 2061.979108 2059.752964 2057.526821 2055.300677 2053.074534 2050.848390 2048.622247 2046.396104 2044.169960 2041.943817 2039.717673 2037.491530 2035.265386 2033.039243 2030.813100 2028.586956 2026.360813 2024.134669 2021.908526 2019.682382 2017.456239 2015.230096 2013.003952 2010.777809 2008.551665 2006.325522 2004.099378 2001.873235 1999.647092 1997.420948 1995.194805 1992.968661 1990.742518 1988.516374 1986.290231 1984.064088 1981.837944 1979.611801 1977.385657 1975.159514 1972.933370 1970.707227 1968.481084 1966.254940 1964.028797 1961.802653
2079.788255 2077.562112 2075.335968 2073.109825 2070.883681 2068.657538 2066.431394 2064.205251 2061.979108 2059.752964 2057.526821 2055.300677 2053.074534 2050.848390 2048.622247 2046.396104 2044.169960 2041.943817 2039.717673 2037.491530 2035.265386 2033.039243 2030.813100 2028.586956 2026.360813 2024.134669 2021.908526 2019.682382 2017.456239 2015.230096 2013.003952 2010.777809 2008.551665 2006.325522 2004.099378 2001.873235 1999.647092 1997.420948 1995.194805 1992.968661 1990.742518 1988.516374 1986.290231 1984.064088 1981.837944 1979.611801 1977.385657 1975.159514 1972.933370 1970.707227 1968.481084 1966.254940 1964.028797 1961.802653
2079.788255 2077.562112 2075.335968 2073.109825 2070.883681 2068.657538 2066.431394 2064.205251 2061.979108 2059.752964 2057.526821 2055.300677 2053.074534 2050.848390 2048.622247 2046.396104 2044.169960 2041.943817 2039.717673 2037.491530 2035.265386 2033.039243 2030.813100 2028.586956 2026.360813 2024.134669 2021.908526 2019.682382 2017.456239 2015.230096 2013.003952 2010.777809 2008.551665 2006.325522 2004.099378 2001.873235 1999.647092 1997.420948 1995.194805 1992.968661 1990.742518 1988.516374 1986.290231 1984.064088 1981.837944 1979.611801 1977.385657 1975.159514 1972.933370 1970.707227 1968.481084 1966.254940 1964.028797 1961.802653
2079.788255 2077.562112 2075.335968 2073.109825 2070.883681 2068.657538 2066.431394 2064.205251 2061.979108 2059.752964 2057.526821 2055.300677 2053.074534 2050.848390 2048.622247 2046.396104 2044.169960 2041.943817 2039.717673 2037.491530 2035.265386 2033.039243 2030.813100 2028.586956 2026.360813 2024.134669 2021.908526 2019.682382 2017.456239 2015.230096 2013.003952 2010.777809 2008.551665 2006.325522 2004.099378 2001.873235 1999.647092 1997.420948 1995.194805 1992.968661 1990.742518 1988.516374 1986.290231 1984.064088 1981.837944 1979.611801 1977.385657 1975.159514 1972.933370 1970.707227 1968.481084 1966.254940 1964.028797 1961.802653
2079.788255 2077.562112 2075.335968 2073.109825 2070.883681 2068.657538 2066.431394 2064.205251 2061.979108 2059.752964 2057.526821 2055.300677 2053.074534 2050.848390 2048.622247 2046.396104 2044.169960 2041.943817 2039.717673 2037.491530 2035.265386 2033.039243 2030.813100 2028.586956 2026.360813 2024.134669 2021.908526 2019.682382 2017.456239 2015.230096 2013.003952 2010.777809 2008.551665 2006.325522 2004.099378 2001.873235 1999.647092 1997.420948 1995.194805 1992.968661 1990.742518 1988.516374 1986.290231 1984.064088 1981.837944 1979.611801 1977.385657 1975.159514 1972.933370 1970.707227 1968.481084 1966.254940 1964.028797 1961.802653
2079.788255 2077.562112 2075.335968 2073.109825 2070.883681 2068.657538 2066.431394 2064.205251 2061.979108 2059.752964 2057.526821 2055.300677 2053.074534 2050.848390 2048.622247 2046.396104 2044.169960 2041.943817 2039.717673 2037.491530 2035.265386 2033.039243 2030.813100 2028.586956 2026.360813 2024.134669 2021.908526 2019.682382 2017.456239 2015.230096 2013.003952 2010.777809 2008.551665 2006.325522 2004.099378 2001.873235 1999.647092 1997.420948 1995.194805 1992.968661 1990.742518 1988.516374 1986.290231 1984.064088 1981.837944 1979.611801 1977.385657 1975.159514 1972.933370 1970.707227 1968.481084 1966.254940 1964.028797 1961.802653
2079.788255 2077.562112 2075.335968 2073.109825 2070.883681 2068.657538 2066.431394 2064.205251 2061.979108 2059.752964 2057.526821 2055.300677 2053.074534 2050.848390 2048.622247 2046.396104 2044.169960 2041.943817 2039.717673 2037.491530 2035.265386 2033.039243 2030.813100 2028.586956 2026.360813 2024.134669 2021.908526 2019.682382 2017.456239 2015.230096 2013.003952 2010.777809 2008.551665 2006.325522 2004.099378 2001.873235 1999.647092 1997.420948 1995.194805 1992.968661 1990.742518 1988.516374 1986.290231 1984.064088 1981.837944 1979.611801 1977.385657 1975.159514 1972.933370 1970.707227 1968.481084 1966.254940 1964.028797 1961.802653
2079.788255 2077.562112 2075.335968 2073.109825 2070.883681 2068.657538 2066.431394 2064.205251 2061.979108 2059.752964 2057.526821 2055.300677 2053.074534 2050.848390 2048.622247 2046.396104 2044.169960 2041.943817 2039.717673 2037.491530 2035.265386 2033.039243 2030.813100 2028.586956 2026.360813 2024.134669 2021.908526 2019.682382 2017.456239 2015.230096 2013.003952 2010.777809 2008.551665 2006.325522 2004.099378 2001.873235 1999.647092 1997.420948 1995.194805 1992.968661 1990.742518 1988.516374 1986.290231 1984.064088 1981.837944 1979.611801 1977.385657 1975.159514 1972.933370 1970.707227 1968.481084 1966.254940 1964.028797 1961.802653
2079.788255 2077.562112 2075.335968 2073.109825 2070.883681 2068.657538 2066.431394 2064.205251 2061.979108 2059.752964 2057.526821 2055.300677 2053.074534 2050.848390 2048.622247 2046.396104 2044.169960 2041.943817 2039.717673 2037.491530 2035.265386 2033.039243 2030.813100 2028.586956 2026.360813 2024.134669 2021.908526 2019.682382 2017.456239 2015.230096 2013.003952 2010.777809 2008.551665 2006.325522 2004.099378 2001.873235 1999.647092 1997.420948 1995.194805 1992.968661 1990.742518 1988.516374 1986.290231 1984.064088 1981.837944 1979.611801 1977.385657 1975.159514 1972.933370 1970.707227 1968.481084 1966.254940 1964.028797 1961.802653
2079.788255 2077.562112 2075.335968 2073.109825 2070.883681 2068.657538 2066.431394 2064.205251 2061.979108 2059.752964 2057.526821 2055.300677 2053.074534 2050.848390 2048.622247 2046.396104 2044.169960 2041.943817 2039.717673 2037.491530 2035.265386 2033.039243 2030.813100 2028.586956 2026.360813 2024.134669 2021.908526 2019.682382 2017.456239 2015.230096 2013.003952 2010.777809 2008.551665 2006.325522 2004.099378 2001.873235 1999.647092 1997.420948 1995.194805 1992.968661 1990.742518 1988.516374 1986.290231 1984.064088 1981.837944 1979.611801 1977.385657 1975.159514 1972.933370 1970.707227 1968.481084 1966.254940 1964.028797 1961.802653
2079.788255 2077.562112 2075.335968 2073.109825 2070.883681 2068.657538 2066.431394 2064.205251 2061.979108 2059.752964 2057.526821 2055.300677 2053.074534 2050.848390 2048.622247 2046.396104 2044.169960 2041.943817 2039.717673 2037.491530 2035.265386 2033.039243 2030.813100 2028.586956 2026.360813 2024.134669 2021.908526 2019.682382 2017.456239 2015.230096 2013.003952 2010.777809 2008.551665 2006.325522 2004.099378 2001.873235 1999.647092 1997.420948 1995.194805 1992.968661 1990.742518 1988.516374 1986.290231 1984.064088 1981.837944 1979.611801 1977.385657 1975.159514 1972.933370 1970.707227 1968.481084 1966.254940 1964.028797 1961.802653
2079.788255 2077.562112 2075.335968 2073.109825 2070.883681 2068.657538 2066.431394 2064.205251 2061.979108 2059.752964 2057.526821 2055.300677 2053.074534 2050.848390 2048.622247 2046.396104 2044.169960 2041.943817 2039.717673 2037.491530 2035.265386 2033.039243 2030.813100 2028.586956 2026.360813 2024.134669 2021.908526 2019.682382 2017.456239 2015.230096 2013.003952 2010.777809 2008.551665 2006.325522 2004.099378 2001.873235 1999.647092 1997.420948 1995.194805 1992.968661 1990.742518 1988.516374 1986.290231 1984.064088 1981.837944 1979.611801 1977.385657 1975.159514 1972.933370 1970.707227 1968.481084 1966.254940 1964.028797 1961.802653
2079.788255 2077.562112 2075.335968 2073.109825 2070.883681 2068.657538 2066.431394 2064.205251 2061.979108 2059.752964 2057.526821 2055.300677 2053.074534 2050.848390 2048.622247 2046.396104 2044.169960 2041.943817 2039.717673 2037.491530 2035.265386 2033.039243 2030.813100 2028.586956 2026.360813 2024.134669 2021.908526 2019.682382 2017.456239 2015.230096 2013.003952 2010.777809 2008.551665 2006.325522 2004.099378 2001.873235 1999.647092 1997.420948 1995.194805 1992.968661 1990.742518 1988.516374 1986.290231 1984.064088 1981.837944 1979.611801 1977.385657 1975.159514 1972.933370 1970.707227 1968.481084 1966.254940 1964.028797 1961.802653
2079.788255 2077.562112 2075.335968 2073.109825 2070.883681 2068.657538 2066.431394 2064.205251 2061.979108 2059.752964 2057.526821 2055.300677 2053.074534 2050.848390 2048.622247 2046.396104 2044.169960 2041.943817 2039.717673 2037.491530 2035.265386 2033.039243 2030.813100 2028.586956 2026.360813 2024.134669 2021.908526 2019.682382 2017.456239 2015.230096 2013.003952 2010.777809 2008.551665 2006.325522 2004.099378 2001.873235 1999.647092 1997.420948 1995.194805 1992.968661 1990.742518 1988.516374 1986.290231 1984.064088 1981.837944 1979.611801 1977.385657 1975.159514 1972.933370 1970.707227 1968.481084 1966.254940 1964.028797 1961.802653
2079.788255 2077.562112 2075.335968 2073.109825 2070.883681 2068.657538 2066.431394 2064.205251 2061.979108 2059.752964 2057.526821 2055.300677 2053.074534 2050.848390 2048.622247 2046.396104 2044.169960 2041.943817 2039.717673 2037.491530 2035.265386 2033.039243 2030.813100 2028.586956 2026.360813 2024.134669 2021.908526 2019.682382 2017.456239 2015.230096 2013.003952 2010.777809 2008.551665 2006.325522 2004.099378 2001.873235 1999.647092 1997.420948 1995.194805 1992.968661 1990.742518 1988.516374 1986.290231 1984.064088 1981.837944 1979.611801 1977.385657 1975.159514 1972.933370 1970.707227 1968.481084 1966.254940 1964.028797 1961.802653
2079.788255 2077.562112 2075.335968 2073.109825 2070.883681 2068.657538 2066.431394 2064.205251 2061.979108 2059.752964 2057.526821 2055.300677 2053.074534 2050.848390 2048.622247 2046.396104 2044.169960 2041.943817 2039.717673 2037.491530 2035.265386 2033.039243 2030.813100 2028.586956 2026.360813 2024.134669 2021.908526 2019.682382 2017.456239 2015.230096 2013.003952 2010.777809 2008.551665 2006.325522 2004.099378 2001.873235 1999.647092 1997.420948 1995.194805 1992.968661 1990.742518 1988.516374 1986.290231 1984.064088 1981.837944 1979.611801 1977.385657 1975.159514 1972.933370 1970.707227 1968.481084 1966.254940 1964.028797 1961.802653
2079.788255 2077.562112 2075.335968 2073.109825 2070.883681 2068.657538 2066.431394 2064.205251 2061.979108 2059.752964 2057.526821 2055.300677 2053.074534 2050.848390 2048.622247 2046.396104 2044.169960 2041.943817 2039.717673 2037.491530 2035.265386 2033.039243 2030.813100 2028.586956 2026.360813 2024.134669 2021.908526 2019.682382 2017.456239 2015.230096 2013.003952 2010.777809 2008.551665 2006.325522 2004.099378 2001.873235 1999.647092 1997.420948 1995.194805 1992.968661 1990.742518 1988.516374 1986.290231 1984.064088 1981.837944 1979.611801 1977.385657 1975.159514 1972.933370 1970.707227 1968.481084 1966.254940 1964.028797 1961.802653
2079.788255 2077.562112 2075.335968 2073.109825 2070.883681 2068.657538 2066.431394 2064.205251 2061.979108 2059.752964 2057.526821 2055.300677 2053.074534 2050.848390 2048.622247 2046.396104 2044.169960 2041.943817 2039.717673 2037.491530 2035.265386 2033.039243 2030.813100 2028.586956 2026.360813 2024.134669 2021.908526 2019.682382 2017.456239 2015.230096 2013.003952 2010.777809 2008.551665 2006.325522 2004.099378 2001.873235 1999.647092 1997.420948 1995.194805 1992.968661 1990.742518 1988.516374 1986.290231 1984.064088 1981.837944 1979.611801 1977.385657 1975.159514 1972.933370 1970.707227 1968.481084 1966.254940 1964.028797 1961.802653
2079.788255 2077.562112 2075.335968 2073.109825 2070.883681 2068.657538 2066.431394 2064.205251 2061.979108 2059.752964 2057.526821 2055.300677 2053.074534 2050.848390 2048.622247 2046.396104 2044.169960 2041.943817 2039.717673 2037.491530 2035.265386 2033.039243 2030.813100 2028.586956 2026.360813 2024.134669 2021.908526 2019.682382 2017.456239 2015.230096 2013.003952 2010.777809 2008.551665 2006.325522 2004.099378 2001.873235 1999.647092 1997.420948 1995.194805 1992.968661 1990.742518 1988.516374 1986.290231 1984.064088 1981.837944 1979.611801 1977.385657 1975.159514 1972.933370 1970.707227 1968.481084 1966.254940 1964.028797 1961.802653
2079.788255 2077.562112 2075.335968 2073.109825 2070.883681 2068.657538 2066.431394 2064.205251 2061.979108 2059.752964 2057.526821 2055.300677 2053.074534 2050.848390 2048.622247 2046.396104 2044.169960 2041.943817 2039.717673 2037.491530 2035.265386 2033.039243 2030.813100 2028.586956 2026.360813 2024.134669 2021.908526 2019.682382 2017.456239 2015.230096 2013.003952 2010.777809 2008.551665 2006.325522 2004.099378 2001.873235 1999.647092 1997.420948 1995.194805 1992.968661 1990.742518 1988.516374 1986.290231 1984.064088 1981.837944 1979.611801 1977.385657 1975.159514 1972.933370 1970.707227 1968.481084 1966.254940 1964.028797 1961.802653
2079.788255 2077.562112 2075.335968 2073.109825 2070.883681 2068.657538 2066.431394 2064.205251 2061.979108 2059.752964 2057.526821 2055.300677 2053.074534 2050.848390 2048.622247 2046.396104 2044.169960 2041.943817 2039.717673 2037.491530 2035.265386 2033.039243 2030.813100 2028.586956 2026.360813 2024.134669 2021.908526 2019.682382 2017.456239 2015.230096 2013.003952 2010.777809 2008.551665 2006.325522 2004.099378 2001.873235 1999.647092 1997.420948 1995.194805 1992.968661 1990.742518 1988.516374 1986.290231 1984.064088 1981.837944 1979.611801 1977.385657 1975.159514 1972.933370 1970.707227 1968.481084 1966.254940 1964.028797 1961.802653
