avaframe/data/avaDamBreak/Inputs/DEM_IP_Topo.asc
nCols  242
nRows  162
xllcenter  -602.50
yllcenter -402.50
cellsize  5.00
nodata_value -9999.00
[rows 72 to 95 of 162, columns 0 to 53 of 242]
2200.000000 2197.979869 2195.959738 2193.939607 2191.919475 2189.899344 2187.879213 2185.859082 2183.838951 2181.818820 2179.798689 2177.778558 2175.758426 2173.738295 2171.718164 2169.698033 2167.677902 2165.657771 2163.637640 2161.617509 2159.597377 2157.577246 2155.557115 2153.536984 2151.516853 2149.496722 2147.476591 2145.456460 2143.436328 2141.416197 2139.396066 2137.375935 2135.355804 2133.335673 2131.315542 2129.295410 2127.275279 2125.255148 2123.235017 2121.214886 2119.194755 2117.174624 2115.154493 2113.134361 2111.114230 2109.094099 2107.073968 2105.053837 2103.033706 2101.013575 2098.993444 2096.973312 2094.953181 2092.933050
2200.000000 2197.979869 2195.959738 2193.939607 2191.919475 2189.899344 2187.879213 2185.859082 2183.838951 2181.818820 2179.798689 2177.778558 2175.758426 2173.738295 2171.718164 2169.698033 2167.677902 2165.657771 2163.637640 2161.617509 2159.597377 2157.577246 2155.557115 2153.536984 2151.516853 2149.496722 2147.476591 2145.456460 2143.436328 2141.416197 2139.396066 2137.375935 2135.355804 2133.335673 2131.315542 2129.295410 2127.275279 2125.255148 2123.235017 2121.214886 2119.194755 2117.174624 2115.154493 2113.134361 2111.114230 2109.094099 2107.073968 2105.053837 2103.033706 2101.013575 2098.993444 2096.973312 2094.953181 2092.933050
2200.000000 2197.979869 2195.959738 2193.939607 2191.919475 2189.899344 2187.879213 2185.859082 2183.838951 2181.818820 2179.798689 2177.778558 2175.758426 2173.738295 2171.718164 2169.698033 2167.677902 2165.657771 2163.637640 2161.617509 2159.597377 2157.577246 2155.557115 2153.536984 2151.516853 2149.496722 2147.476591 2145.456460 2143.436328 2141.416197 2139.396066 2137.375935 2135.355804 2133.335673 2131.315542 2129.295410 2127.275279 2125.255148 2123.235017 2121.214886 2119.194755 2117.174624 2115.154493 2113.134361 2111.114230 2109.094099 2107.073968 2105.053837 2103.033706 2101.013575 2098.993444 2096.973312 2094.953181 2092.933050
2200.000000 2197.979869 2195.959738 2193.939607 2191.919475 2189.899344 2187.879213 2185.859082 2183.838951 2181.818820 2179.798689 2177.778558 2175.758426 2173.738295 2171.718164 2169.698033 2167.677902 2165.657771 2163.637640 2161.617509 2159.597377 2157.577246 2155.557115 2153.536984 2151.516853 2149.496722 2147.476591 2145.456460 2143.436328 2141.416197 2139.396066 2137.375935 2135.355804 2133.335673 2131.315542 2129.295410 2127.275279 2125.255148 2123.235017 2121.214886 2119.194755 2117.174624 2115.154493 2113.134361 2111.114230 2109.094099 2107.073968 2105.053837 2103.033706 2101.013575 2098.993444 2096.973312 2094.953181 2092.933050
2200.000000 2197.979869 2195.959738 2193.939607 2191.919475 2189.899344 2187.879213 2185.859082 2183.838951 2181.818820 2179.798689 2177.778558 2175.758426 2173.738295 2171.718164 2169.698033 2167.677902 2165.657771 2163.637640 2161.617509 2159.597377 2157.577246 2155.557115 2153.536984 2151.516853 2149.496722 2147.476591 2145.456460 2143.436328 2141.416197 2139.396066 2137.375935 2135.355804 2133.335673 2131.315542 2129.295410 2127.275279 2125.255148 2123.235017 2121.214886 2119.194755 2117.174624 2115.154493 2113.134361 2111.114230 2109.094099 2107.073968 2105.053837 2103.033706 2101.013575 2098.993444 2096.973312 2094.953181 2092.933050
2200.000000 2197.979869 2195.959738 2193.939607 2191.919475 2189.899344 2187.879213 2185.859082 2183.838951 2181.818820 2179.798689 2177.778558 2175.758426 2173.738295 2171.718164 2169.698033 2167.677902 2165.657771 2163.637640 2161.617509 2159.597377 2157.577246 2155.557115 2153.536984 2151.516853 2149.496722 2147.476591 2145.456460 2143.436328 2141.416197 2139.396066 2137.375935 2135.355804 2133.335673 2131.315542 2129.295410 2127.275279 2125.255148 2123.235017 2121.214886 2119.194755 2117.174624 2115.154493 2113.134361 2111.114230 2109.094099 2107.073968 2105.053837 2103.033706 2101.013575 2098.993444 2096.973312 2094.953181 2092.933050
2200.000000 2197.979869 2195.959738 2193.939607 2191.919475 2189.899344 2187.879213 2185.859082 2183.838951 2181.818820 2179.798689 2177.778558 2175.758426 2173.738295 2171.718164 2169.698033 2167.677902 2165.657771 2163.637640 2161.617509 2159.597377 2157.577246 2155.557115 2153.536984 2151.516853 2149.496722 2147.476591 2145.456460 2143.436328 2141.416197 2139.396066 2137.375935 2135.355804 2133.335673 2131.315542 2129.295410 2127.275279 2125.255148 2123.235017 2121.214886 2119.194755 2117.174624 2115.154493 2113.134361 2111.114230 2109.094099 2107.073968 2105.053837 2103.033706 2101.013575 2098.993444 2096.973312 2094.953181 2092.933050
2200.000000 2197.979869 2195.959738 2193.939607 2191.919475 2189.899344 2187.879213 2185.859082 2183.838951 2181.818820 2179.798689 2177.778558 2175.758426 2173.738295 2171.718164 2169.698033 2167.677902 2165.657771 2163.637640 2161.617509 2159.597377 2157.577246 2155.557115 2153.536984 2151.516853 2149.496722 2147.476591 2145.456460 2143.436328 2141.416197 2139.396066 2137.375935 2135.355804 2133.335673 2131.315542 2129.295410 2127.275279 2125.255148 2123.235017 2121.214886 2119.194755 2117.174624 2115.154493 2113.134361 2111.114230 2109.094099 2107.073968 2105.053837 2103.033706 2101.013575 2098.993444 2096.973312 2094.953181 2092.933050
2200.000000 2197.979869 2195.959738 2193.939607 2191.919475 2189.899344 2187.879213 2185.859082 2183.838951 2181.818820 2179.798689 2177.778558 2175.758426 2173.738295 2171.718164 2169.698033 2167.677902 2165.657771 2163.637640 2161.617509 2159.597377 2157.577246 2155.557115 2153.536984 2151.516853 2149.496722 2147.476591 2145.456460 2143.436328 2141.416197 2139.396066 2137.375935 2135.355804 2133.335673 2131.315542 2129.295410 2127.275279 2125.255148 2123.235017 2121.214886 2119.194755 2117.174624 2115.154493 2113.134361 2111.114230 2109.094099 2107.073968 2105.053837 2103.033706 2101.013575 2098.993444 2096.973312 2094.953181 2092.933050
2200.000000 2197.979869 2195.959738 2193.939607 2191.919475 2189.899344 2187.879213 2185.859082 2183.838951 2181.818820 2179.798689 2177.778558 2175.758426 2173.738295 2171.718164 2169.698033 2167.677902 2165.657771 2163.637640 2161.617509 2159.597377 2157.577246 2155.557115 2153.536984 2151.516853 2149.496722 2147.476591 2145.456460 2143.436328 2141.416197 2139.396066 2137.375935 2135.355804 2133.335673 2131.315542 2129.295410 2127.275279 2125.255148 2123.235017 2121.214886 2119.194755 2117.174624 2115.154493 2113.134361 2111.114230 2109.094099 2107.073968 2105.053837 2103.033706 2101.013575 2098.993444 2096.973312 2094.953181 2092.933050
2200.000000 2197.979869 2195.959738 2193.939607 2191.919475 2189.899344 2187.879213 2185.859082 2183.838951 2181.818820 2179.798689 2177.778558 2175.758426 2173.738295 2171.718164 2169.698033 2167.677902 2165.657771 2163.637640 2161.617509 2159.597377 2157.577246 2155.557115 2153.536984 2151.516853 2149.496722 2147.476591 2145.456460 2143.436328 2141.416197 2139.396066 2137.375935 2135.355804 2133.335673 2131.315542 2129.295410 2127.275279 2125.255148 2123.235017 2121.214886 2119.194755 2117.174624 2115.154493 2113.134361 2111.114230 2109.094099 2107.073968 2105.053837 2103.033706 2101.013575 2098.993444 2096.973312 2094.953181 2092.933050
2200.000000 2197.979869 2195.959738 2193.939607 2191.919475 2189.899344 2187.879213 2185.859082 2183.838951 2181.818820 2179.798689 2177.778558 2175.758426 2173.738295 2171.718164 2169.698033 2167.677902 2165.657771 2163.637640 2161.617509 2159.597377 2157.577246 2155.557115 2153.536984 2151.516853 2149.496722 2147.476591 2145.456460 2143.436328 2141.416197 2139.396066 2137.375935 2135.355804 2133.335673 2131.315542 2129.295410 2127.275279 2125.255148 2123.235017 2121.214886 2119.194755 2117.174624 2115.154493 2113.134361 2111.114230 2109.094099 2107.073968 2105.053837 2103.033706 2101.013575 2098.993444 2096.973312 2094.953181 2092.933050
2200.000000 2197.979869 2195.959738 2193.939607 2191.919475 2189.899344 2187.879213 2185.859082 2183.838951 2181.818820 2179.798689 2177.778558 2175.758426 2173.738295 2171.718164 2169.698033 2167.677902 2165.657771 2163.637640 2161.617509 2159.597377 2157.577246 2155.557115 2153.536984 2151.516853 2149.496722 2147.476591 2145.456460 2143.436328 2141.416197 2139.396066 2137.375935 2135.355804 2133.335673 2131.315542 2129.295410 2127.275279 2125.255148 2123.235017 2121.214886 2119.194755 2117.174624 2115.154493 2113.134361 2111.114230 2109.094099 2107.073968 2105.053837 2103.033706 2101.013575 2098.993444 2096.973312 2094.953181 2092.933050
2200.000000 2197.979869 2195.959738 2193.939607 2191.919475 2189.899344 2187.879213 2185.859082 2183.838951 2181.818820 2179.798689 2177.778558 2175.758426 2173.738295 2171.718164 2169.698033 2167.677902 2165.657771 2163.637640 2161.617509 2159.597377 2157.577246 2155.557115 2153.536984 2151.516853 2149.496722 2147.476591 2145.456460 2143.436328 2141.416197 2139.396066 2137.375935 2135.355804 2133.335673 2131.315542 2129.295410 2127.275279 2125.255148 2123.235017 2121.214886 2119.194755 2117.174624 2115.154493 2113.134361 2111.114230 2109.094099 2107.073968 2105.053837 2103.033706 2101.013575 2098.993444 2096.973312 2094.953181 2092.933050
2200.000000 2197.979869 2195.959738 2193.939607 2191.919475 2189.899344 2187.879213 2185.859082 2183.838951 2181.818820 2179.798689 2177.778558 2175.758426 2173.738295 2171.718164 2169.698033 2167.677902 2165.657771 2163.637640 2161.617509 2159.597377 2157.577246 2155.557115 2153.536984 2151.516853 2149.496722 2147.476591 2145.456460 2143.436328 2141.416197 2139.396066 2137.375935 2135.355804 2133.335673 2131.315542 2129.295410 2127.275279 2125.255148 2123.235017 2121.214886 2119.194755 2117.174624 2115.154493 2113.134361 2111.114230 2109.094099 2107.073968 2105.053837 2103.033706 2101.013575 2098.993444 2096.973312 2094.953181 2092.933050
2200.000000 2197.979869 2195.959738 2193.939607 2191.919475 2189.899344 2187.879213 2185.859082 2183.838951 2181.818820 2179.798689 2177.778558 2175.758426 2173.738295 2171.718164 2169.698033 2167.677902 2165.657771 2163.637640 2161.617509 2159.597377 2157.577246 2155.557115 2153.536984 2151.516853 2149.496722 2147.476591 2145.456460 2143.436328 2141.416197 2139.396066 2137.375935 2135.355804 2133.335673 2131.315542 2129.295410 2127.275279 2125.255148 2123.235017 2121.214886 2119.194755 2117.174624 2115.154493 2113.134361 2111.114230 2109.094099 2107.073968 2105.053837 2103.033706 2101.013575 2098.993444 2096.973312 2094.953181 2092.933050
2200.000000 2197.979869 2195.959738 2193.939607 2191.919475 2189.899344 2187.879213 2185.859082 2183.838951 2181.818820 2179.798689 2177.778558 2175.758426 2173.738295 2171.718164 2169.698033 2167.677902 2165.657771 2163.637640 2161.617509 2159.597377 2157.577246 2155.557115 2153.536984 2151.516853 2149.496722 2147.476591 2145.456460 2143.436328 2141.416197 2139.396066 2137.375935 2135.355804 2133.335673 2131.315542 2129.295410 2127.275279 2125.255148 2123.235017 2121.214886 2119.194755 2117.174624 2115.154493 2113.134361 2111.114230 2109.094099 2107.073968 2105.053837 2103.033706 2101.013575 2098.993444 2096.973312 2094.953181 2092.933050
2200.000000 2197.979869 2195.959738 2193.939607 2191.919475 2189.899344 2187.879213 2185.859082 2183.838951 2181.818820 2179.798689 2177.778558 2175.758426 2173.738295 2171.718164 2169.698033 2167.677902 2165.657771 2163.637640 2161.617509 2159.597377 2157.577246 2155.557115 2153.536984 2151.516853 2149.496722 2147.476591 2145.456460 2143.436328 2141.416197 2139.396066 2137.375935 2135.355804 2133.335673 2131.315542 2129.295410 2127.275279 2125.255148 2123.235017 2121.214886 2119.194755 2117.174624 2115.154493 2113.134361 2111.114230 2109.094099 2107.073968 2105.053837 2103.033706 2101.013575 2098.993444 2096.973312 2094.953181 2092.933050
2200.000000 2197.979869 2195.959738 2193.939607 2191.919475 2189.899344 2187.879213 2185.859082 2183.838951 2181.818820 2179.798689 2177.778558 2175.758426 2173.738295 2171.718164 2169.698033 2167.677902 2165.657771 2163.637640 2161.617509 2159.597377 2157.577246 2155.557115 2153.536984 2151.516853 2149.496722 2147.476591 2145.456460 2143.436328 2141.416197 2139.396066 2137.375935 2135.355804 2133.335673 2131.315542 2129.295410 2127.275279 2125.255148 2123.235017 2121.214886 2119.194755 2117.174624 2115.154493 2113.134361 2111.114230 2109.094099 2107.073968 2105.053837 2103.033706 2101.013575 2098.993444 2096.973312 2094.953181 2092.933050
2200.000000 2197.979869 2195.959738 2193.939607 2191.919475 2189.899344 2187.879213 2185.859082 2183.838951 2181.818820 2179.798689 2177.778558 2175.758426 2173.738295 2171.718164 2169.698033 2167.677902 2165.657771 2163.637640 2161.617509 2159.597377 2157.577246 2155.557115 2153.536984 2151.516853 2149.496722 2147.476591 2145.456460 2143.436328 2141.416197 2139.396066 2137.375935 2135.355804 2133.335673 2131.315542 2129.295410 2127.275279 2125.255148 2123.235017 2121.214886 2119.194755 2117.174624 2115.154493 2113.134361 2111.114230 2109.094099 2107.073968 2105.053837 2103.033706 2101.013575 2098.993444 2096.973312 2094.953181 2092.933050
2200.000000 2197.979869 2195.959738 2193.939607 2191.919475 2189.899344 2187.879213 2185.859082 2183.838951 2181.818820 2179.798689 2177.778558 2175.758426 2173.738295 2171.718164 2169.698033 2167.677902 2165.657771 2163.637640 2161.617509 2159.597377 2157.577246 2155.557115 2153.536984 2151.516853 2149.496722 2147.476591 2145.456460 2143.436328 2141.416197 2139.396066 2137.375935 2135.355804 2133.335673 2131.315542 2129.295410 2127.275279 2125.255148 2123.235017 2121.214886 2119.194755 2117.174624 2115.154493 2113.134361 2111.114230 2109.094099 2107.073968 2105.053837 2103.033706 2101.013575 2098.993444 2096.973312 2094.953181 2092.933050
2200.000000 2197.979869 2195.959738 2193.939607 2191.919475 2189.899344 2187.879213 2185.859082 2183.838951 2181.818820 2179.798689 2177.778558 2175.758426 2173.738295 2171.718164 2169.698033 2167.677902 2165.657771 2163.637640 2161.617509 2159.597377 2157.577246 2155.557115 2153.536984 2151.516853 2149.496722 2147.476591 2145.456460 2143.436328 2141.416197 2139.396066 2137.375935 2135.355804 2133.335673 2131.315542 2129.295410 2127.275279 2125.255148 2123.235017 2121.214886 2119.194755 2117.174624 2115.154493 2113.134361 2111.114230 2109.094099 2107.073968 2105.053837 2103.033706 2101.013575 2098.993444 2096.973312 2094.953181 2092.933050
2200.000000 2197.979869 2195.959738 2193.939607 2191.919475 2189.899344 2187.879213 2185.859082 2183.838951 2181.818820 2179.798689 2177.778558 2175.758426 2173.738295 2171.718164 2169.698033 2167.677902 2165.657771 2163.637640 2161.617509 2159.597377 2157.577246 2155.557115 2153.536984 2151.516853 2149.496722 2147.476591 2145.456460 2143.436328 2141.416197 2139.396066 2137.375935 2135.355804 2133.335673 2131.315542 2129.295410 2127.275279 2125.255148 2123.235017 2121.214886 2119.194755 2117.174624 2115.154493 2113.134361 2111.114230 2109.094099 2107.073968 2105.053837 2103.033706 2101.013575 2098.993444 2096.973312 2094.953181 2092.933050
2200.000000 2197.979869 2195.959738 2193.939607 2191.919475 2189.899344 2187.879213 2185.859082 2183.838951 2181.818820 2179.798689 2177.778558 2175.758426 2173.738295 2171.718164 2169.698033 2167.677902 2165.657771 2163.637640 2161.617509 2159.597377 2157.577246 2155.557115 2153.536984 2151.516853 2149.496722 2147.476591 2145.456460 2143.436328 2141.416197 2139.396066 2137.375935 2135.355804 2133.335673 2131.315542 2129.295410 2127.275279 2125.255148 2123.235017 2121.214886 2119.194755 2117.174624 2115.154493 2113.134361 2111.114230 2109.094099 2107.073968 2105.053837 2103.033706 2101.013575 2098.993444 2096.973312 2094.953181 2092.933050
