avaframe/data/avaDamBreak/Inputs/DEM_IP_Topo.asc
nCols  242
nRows  162
xllcenter  -602.50
yllcenter -402.50
cellsize  5.00
nodata_value -9999.00
[rows 72 to 95 of 162, columns 162 to 215 of 242]
1872.738757 1870.718626 1868.698495 1866.678364 1864.658233 1862.638101 1860.617970 1858.597839 1856.577708 1854.557577 1852.537446 1850.517315 1848.497184 1846.477052 1844.456921 1842.436790 1840.416659 1838.396528 1836.376397 1834.356266 1832.336134 1830.316003 1828.295872 1826.275741 1824.255610 1822.235479 1820.215348 1818.195217 1816.175085 1814.154954 1812.134823 1810.114692 1808.094561 1806.074430 1804.054299 1802.034168 1800.014036 1797.993905 1795.973774 1793.953643 1791.933512 1789.913381 1787.893250 1785.873119 1783.852987 1781.832856 1779.812725 1777.792594 1775.772463 1773.752332 1771.732201 1769.712069 1767.691938 1765.671807
1872.738757 1870.718626 1868.698495 1866.678364 1864.658233 1862.638101 1860.617970 1858.597839 1856.577708 1854.557577 1852.537446 1850.517315 1848.497184 1846.477052 1844.456921 1842.436790 1840.416659 1838.396528 1836.376397 1834.356266 1832.336134 1830.316003 1828.295872 1826.275741 1824.255610 1822.235479 1820.215348 1818.195217 1816.175085 1814.154954 1812.134823 1810.114692 1808.094561 1806.074430 1804.054299 1802.034168 1800.014036 1797.993905 1795.973774 1793.953643 1791.933512 1789.913381 1787.893250 1785.873119 1783.852987 1781.832856 1779.812725 1777.792594 1775.772463 1773.752332 1771.732201 1769.712069 1767.691938 1765.671807
1872.738757 1870.718626 1868.698495 1866.678364 1864.658233 1862.638101 1860.617970 1858.597839 1856.577708 1854.557577 1852.537446 1850.517315 1848.497184 1846.477052 1844.456921 1842.436790 1840.416659 1838.396528 1836.376397 1834.356266 1832.336134 1830.316003 1828.295872 1826.275741 1824.255610 1822.235479 1820.215348 1818.195217 1816.175085 1814.154954 1812.134823 1810.114692 1808.094561 1806.074430 1804.054299 1802.034168 1800.014036 1797.993905 1795.973774 1793.953643 1791.933512 1789.913381 1787.893250 1785.873119 1783.852987 1781.832856 1779.812725 1777.792594 1775.772463 1773.752332 1771.732201 1769.712069 1767.691938 1765.671807
1872.738757 1870.718626 1868.698495 1866.678364 1864.658233 1862.638101 1860.617970 1858.597839 1856.577708 1854.557577 1852.537446 1850.517315 1848.497184 1846.477052 1844.456921 1842.436790 1840.416659 1838.396528 1836.376397 1834.356266 1832.336134 1830.316003 1828.295872 1826.275741 1824.255610 1822.235479 1820.215348 1818.195217 1816.175085 1814.154954 1812.134823 1810.114692 1808.094561 1806.074430 1804.054299 1802.034168 1800.014036 1797.993905 1795.973774 1793.953643 1791.933512 1789.913381 1787.893250 1785.873119 1783.852987 1781.832856 1779.812725 1777.792594 1775.772463 1773.752332 1771.732201 1769.712069 1767.691938 1765.671807
1872.738757 1870.718626 1868.698495 1866.678364 1864.658233 1862.638101 1860.617970 1858.597839 1856.577708 1854.557577 1852.537446 1850.517315 1848.497184 1846.477052 1844.456921 1842.436790 1840.416659 1838.396528 1836.376397 1834.356266 1832.336134 1830.316003 1828.295872 1826.275741 1824.255610 1822.235479 1820.215348 1818.195217 1816.175085 1814.154954 1812.134823 1810.114692 1808.094561 1806.074430 1804.054299 1802.034168 1800.014036 1797.993905 1795.973774 1793.953643 1791.933512 1789.913381 1787.893250 1785.873119 1783.852987 1781.832856 1779.812725 1777.792594 1775.772463 1773.752332 1771.732201 1769.712069 1767.691938 1765.671807
1872.738757 1870.718626 1868.698495 1866.678364 1864.658233 1862.638101 1860.617970 1858.597839 1856.577708 1854.557577 1852.537446 1850.517315 1848.497184 1846.477052 1844.456921 1842.436790 1840.416659 1838.396528 1836.376397 1834.356266 1832.336134 1830.316003 1828.295872 1826.275741 1824.255610 1822.235479 1820.215348 1818.195217 1816.175085 1814.154954 1812.134823 1810.114692 1808.094561 1806.074430 1804.054299 1802.034168 1800.014036 1797.993905 1795.973774 1793.953643 1791.933512 1789.913381 1787.893250 1785.873119 1783.852987 1781.832856 1779.812725 1777.792594 1775.772463 1773.752332 1771.732201 1769.712069 1767.691938 1765.671807
1872.738757 1870.718626 1868.698495 1866.678364 1864.658233 1862.638101 1860.617970 1858.597839 1856.577708 1854.557577 1852.537446 1850.517315 1848.497184 1846.477052 1844.456921 1842.436790 1840.416659 1838.396528 1836.376397 1834.356266 1832.336134 1830.316003 1828.295872 1826.275741 1824.255610 1822.235479 1820.215348 1818.195217 1816.175085 1814.154954 1812.134823 1810.114692 1808.094561 1806.074430 1804.054299 1802.034168 1800.014036 1797.993905 1795.973774 1793.953643 1791.933512 1789.913381 1787.893250 1785.873119 1783.852987 1781.832856 1779.812725 1777.792594 1775.772463 1773.752332 1771.732201 1769.712069 1767.691938 1765.671807
1872.738757 1870.718626 1868.698495 1866.678364 1864.658233 1862.638101 1860.617970 1858.597839 1856.577708 1854.557577 1852.537446 1850.517315 1848.497184 1846.477052 1844.456921 1842.436790 1840.416659 1838.396528 1836.376397 1834.356266 1832.336134 1830.316003 1828.295872 1826.275741 1824.255610 1822.235479 1820.215348 1818.195217 1816.175085 1814.154954 1812.134823 1810.114692 1808.094561 1806.074430 1804.054299 1802.034168 1800.014036 1797.993905 1795.973774 1793.953643 1791.933512 1789.913381 1787.893250 1785.873119 1783.852987 1781.832856 1779.812725 1777.792594 1775.772463 1773.752332 1771.732201 1769.712069 1767.691938 1765.671807
1872.738757 1870.718626 1868.698495 1866.678364 1864.658233 1862.638101 1860.617970 1858.597839 1856.577708 1854.557577 1852.537446 1850.517315 1848.497184 1846.477052 1844.456921 1842.436790 1840.416659 1838.396528 1836.376397 1834.356266 1832.336134 1830.316003 1828.295872 1826.275741 1824.255610 1822.235479 1820.215348 1818.195217 1816.175085 1814.154954 1812.134823 1810.114692 1808.094561 1806.074430 1804.054299 1802.034168 1800.014036 1797.993905 1795.973774 1793.953643 1791.933512 1789.913381 1787.893250 1785.873119 1783.852987 1781.832856 1779.812725 1777.792594 1775.772463 1773.752332 1771.732201 1769.712069 1767.691938 1765.671807
1872.738757 1870.718626 1868.698495 1866.678364 1864.658233 1862.638101 1860.617970 1858.597839 1856.577708 1854.557577 1852.537446 1850.517315 1848.497184 1846.477052 1844.456921 1842.436790 1840.416659 1838.396528 1836.376397 1834.356266 1832.336134 1830.316003 1828.295872 1826.275741 1824.255610 1822.235479 1820.215348 1818.195217 1816.175085 1814.154954 1812.134823 1810.114692 1808.094561 1806.074430 1804.054299 1802.034168 1800.014036 1797.993905 1795.973774 1793.953643 1791.933512 1789.913381 1787.893250 1785.873119 1783.852987 1781.832856 1779.812725 1777.792594 1775.772463 1773.752332 1771.732201 1769.712069 1767.691938 1765.671807
1872.738757 1870.718626 1868.698495 1866.678364 1864.658233 1862.638101 1860.617970 1858.597839 1856.577708 1854.557577 1852.537446 1850.517315 1848.497184 1846.477052 1844.456921 1842.436790 1840.416659 1838.396528 1836.376397 1834.356266 1832.336134 1830.316003 1828.295872 1826.275741 1824.255610 1822.235479 1820.215348 1818.195217 1816.175085 1814.154954 1812.134823 1810.114692 1808.094561 1806.074430 1804.054299 1802.034168 1800.014036 1797.993905 1795.973774 1793.953643 1791.933512 1789.913381 1787.893250 1785.873119 1783.852987 1781.832856 1779.812725 1777.792594 1775.772463 1773.752332 1771.732201 1769.712069 1767.691938 1765.671807
1872.738757 1870.718626 1868.698495 1866.678364 1864.658233 1862.638101 1860.617970 1858.597839 1856.577708 1854.557577 1852.537446 1850.517315 1848.497184 1846.477052 1844.456921 1842.436790 1840.416659 1838.396528 1836.376397 1834.356266 1832.336134 1830.316003 1828.295872 1826.275741 1824.255610 1822.235479 1820.215348 1818.195217 1816.175085 1814.154954 1812.134823 1810.114692 1808.094561 1806.074430 1804.054299 1802.034168 1800.014036 1797.993905 1795.973774 1793.953643 1791.933512 1789.913381 1787.893250 1785.873119 1783.852987 1781.832856 1779.812725 1777.792594 1775.772463 1773.752332 1771.732201 1769.712069 1767.691938 1765.671807
1872.738757 1870.718626 1868.698495 1866.678364 1864.658233 1862.638101 1860.617970 1858.597839 1856.577708 1854.557577 1852.537446 1850.517315 1848.497184 1846.477052 1844.456921 1842.436790 1840.416659 1838.396528 1836.376397 1834.356266 1832.336134 1830.316003 1828.295872 1826.275741 1824.255610 1822.235479 1820.215348 1818.195217 1816.175085 1814.154954 1812.134823 1810.114692 1808.094561 1806.074430 1804.054299 1802.034168 1800.014036 1797.993905 1795.973774 1793.953643 1791.933512 1789.913381 1787.893250 1785.873119 1783.852987 1781.832856 1779.812725 1777.792594 1775.772463 1773.752332 1771.732201 1769.712069 1767.691938 1765.671807
1872.738757 1870.718626 1868.698495 1866.678364 1864.658233 1862.638101 1860.617970 1858.597839 1856.577708 1854.557577 1852.537446 1850.517315 1848.497184 1846.477052 1844.456921 1842.436790 1840.416659 1838.396528 1836.376397 1834.356266 1832.336134 1830.316003 1828.295872 1826.275741 1824.255610 1822.235479 1820.215348 1818.195217 1816.175085 1814.154954 1812.134823 1810.114692 1808.094561 1806.074430 1804.054299 1802.034168 1800.014036 1797.993905 1795.973774 1793.953643 1791.933512 1789.913381 1787.893250 1785.873119 1783.852987 1781.832856 1779.812725 1777.792594 1775.772463 1773.752332 1771.732201 1769.712069 1767.691938 1765.671807
1872.738757 1870.718626 1868.698495 1866.678364 1864.658233 1862.638101 1860.617970 1858.597839 1856.577708 1854.557577 1852.537446 1850.517315 1848.497184 1846.477052 1844.456921 1842.436790 1840.416659 1838.396528 1836.376397 1834.356266 1832.336134 1830.316003 1828.295872 1826.275741 1824.255610 1822.235479 1820.215348 1818.195217 1816.175085 1814.154954 1812.134823 1810.114692 1808.094561 1806.074430 1804.054299 1802.034168 1800.014036 1797.993905 1795.973774 1793.953643 1791.933512 1789.913381 1787.893250 1785.873119 1783.852987 1781.832856 1779.812725 1777.792594 1775.772463 1773.752332 1771.732201 1769.712069 1767.691938 1765.671807
1872.738757 1870.718626 1868.698495 1866.678364 1864.658233 1862.638101 1860.617970 1858.597839 1856.577708 1854.557577 1852.537446 1850.517315 1848.497184 1846.477052 1844.456921 1842.436790 1840.416659 1838.396528 1836.376397 1834.356266 1832.336134 1830.316003 1828.295872 1826.275741 1824.255610 1822.235479 1820.215348 1818.195217 1816.175085 1814.154954 1812.134823 1810.114692 1808.094561 1806.074430 1804.054299 1802.034168 1800.014036 1797.993905 1795.973774 1793.953643 1791.933512 1789.913381 1787.893250 1785.873119 1783.852987 1781.832856 1779.812725 1777.792594 1775.772463 1773.752332 1771.732201 1769.712069 1767.691938 1765.671807
1872.738757 1870.718626 1868.698495 1866.678364 1864.658233 1862.638101 1860.617970 1858.597839 1856.577708 1854.557577 1852.537446 1850.517315 1848.497184 1846.477052 1844.456921 1842.436790 1840.416659 1838.396528 1836.376397 1834.356266 1832.336134 1830.316003 1828.295872 1826.275741 1824.255610 1822.235479 1820.215348 1818.195217 1816.175085 1814.154954 1812.134823 1810.114692 1808.094561 1806.074430 1804.054299 1802.034168 1800.014036 1797.993905 1795.973774 1793.953643 1791.933512 1789.913381 1787.893250 1785.873119 1783.852987 1781.832856 1779.812725 1777.792594 1775.772463 1773.752332 1771.732201 1769.712069 1767.691938 1765.671807
1872.738757 1870.718626 1868.698495 1866.678364 1864.658233 1862.638101 1860.617970 1858.597839 1856.577708 1854.557577 1852.537446 1850.517315 1848.497184 1846.477052 1844.456921 1842.436790 1840.416659 1838.396528 1836.376397 1834.356266 1832.336134 1830.316003 1828.295872 1826.275741 1824.255610 1822.235479 1820.215348 1818.195217 1816.175085 1814.154954 1812.134823 1810.114692 1808.094561 1806.074430 1804.054299 1802.034168 1800.014036 1797.993905 1795.973774 1793.953643 1791.933512 1789.913381 1787.893250 1785.873119 1783.852987 1781.832856 1779.812725 1777.792594 1775.772463 1773.752332 1771.732201 1769.712069 1767.691938 1765.671807
1872.738757 1870.718626 1868.698495 1866.678364 1864.658233 1862.638101 1860.617970 1858.597839 1856.577708 1854.557577 1852.537446 1850.517315 1848.497184 1846.477052 1844.456921 1842.436790 1840.416659 1838.396528 1836.376397 1834.356266 1832.336134 1830.316003 1828.295872 1826.275741 1824.255610 1822.235479 1820.215348 1818.195217 1816.175085 1814.154954 1812.134823 1810.114692 1808.094561 1806.074430 1804.054299 1802.034168 1800.014036 1797.993905 1795.973774 1793.953643 1791.933512 1789.913381 1787.893250 1785.873119 1783.852987 1781.832856 1779.812725 1777.792594 1775.772463 1773.752332 1771.732201 1769.712069 1767.691938 1765.671807
1872.738757 1870.718626 1868.698495 1866.678364 1864.658233 1862.638101 1860.617970 1858.597839 1856.577708 1854.557577 1852.537446 1850.517315 1848.497184 1846.477052 1844.456921 1842.436790 1840.416659 1838.396528 1836.376397 1834.356266 1832.336134 1830.316003 1828.295872 1826.275741 1824.255610 1822.235479 1820.215348 1818.195217 1816.175085 1814.154954 1812.134823 1810.114692 1808.094561 1806.074430 1804.054299 1802.034168 1800.014036 1797.993905 1795.973774 1793.953643 1791.933512 1789.913381 1787.893250 1785.873119 1783.852987 1781.832856 1779.812725 1777.792594 1775.772463 1773.752332 1771.732201 1769.712069 1767.691938 1765.671807
1872.738757 1870.718626 1868.698495 1866.678364 1864.658233 1862.638101 1860.617970 1858.597839 1856.577708 1854.557577 1852.537446 1850.517315 1848.497184 1846.477052 1844.456921 1842.436790 1840.416659 1838.396528 1836.376397 1834.356266 1832.336134 1830.316003 1828.295872 1826.275741 1824.255610 1822.235479 1820.215348 1818.195217 1816.175085 1814.154954 1812.134823 1810.114692 1808.094561 1806.074430 1804.054299 1802.034168 1800.014036 1797.993905 1795.973774 1793.953643 1791.933512 1789.913381 1787.893250 1785.873119 1783.852987 1781.832856 1779.812725 1777.792594 1775.772463 1773.752332 1771.732201 1769.712069 1767.691938 1765.671807
1872.738757 1870.718626 1868.698495 1866.678364 1864.658233 1862.638101 1860.617970 1858.597839 1856.577708 1854.557577 1852.537446 1850.517315 1848.497184 1846.477052 1844.456921 1842.436790 1840.416659 1838.396528 1836.376397 1834.356266 1832.336134 1830.316003 1828.295872 1826.275741 1824.255610 1822.235479 1820.215348 1818.195217 1816.175085 1814.154954 1812.134823 1810.114692 1808.094561 1806.074430 1804.054299 1802.034168 1800.014036 1797.993905 1795.973774 1793.953643 1791.933512 1789.913381 1787.893250 1785.873119 1783.852987 1781.832856 1779.812725 1777.792594 1775.772463 1773.752332 1771.732201 1769.712069 1767.691938 1765.671807
1872.738757 1870.718626 1868.698495 1866.678364 1864.658233 1862.638101 1860.617970 1858.597839 1856.577708 1854.557577 1852.537446 1850.517315 1848.497184 1846.477052 1844.456921 1842.436790 1840.416659 1838.396528 1836.376397 1834.356266 1832.336134 1830.316003 1828.295872 1826.275741 1824.255610 1822.235479 1820.215348 1818.195217 1816.175085 1814.154954 1812.134823 1810.114692 1808.094561 1806.074430 1804.054299 1802.034168 1800.014036 1797.993905 1795.973774 1793.953643 1791.933512 1789.913381 1787.893250 1785.873119 1783.852987 1781.832856 1779.812725 1777.792594 1775.772463 1773.752332 1771.732201 1769.712069 1767.691938 1765.671807
1872.738757 1870.718626 1868.698495 1866.678364 1864.658233 1862.638101 1860.617970 1858.597839 1856.577708 1854.557577 1852.537446 1850.517315 1848.497184 1846.477052 1844.456921 1842.436790 1840.416659 1838.396528 1836.376397 1834.356266 1832.336134 1830.316003 1828.295872 1826.275741 1824.255610 1822.235479 1820.215348 1818.195217 1816.175085 1814.154954 1812.134823 1810.114692 1808.094561 1806.074430 1804.054299 1802.034168 1800.014036 1797.993905 1795.973774 1793.953643 1791.933512 1789.913381 1787.893250 1785.873119 1783.852987 1781.832856 1779.812725 1777.792594 1775.772463 1773.752332 1771.732201 1769.712069 1767.691938 1765.671807
