avaframe/data/avaDamBreak/Inputs/DEM_IP_Topo.asc
nCols  242
nRows  162
xllcenter  -602.50
yllcenter -402.50
cellsize  5.00
nodata_value -9999.00
[rows 72 to 95 of 162, columns 162 to 215 of 242]
1839.364765 1837.138621 1834.912478 1832.686335 1830.460191 1828.234048 1826.007904 1823.781761 1821.555617 1819.329474 1817.103331 1814.877187 1812.651044 1810.424900 1808.198757 1805.972614 1803.746470 1801.520327 1799.294183 1797.068040 1794.841896 1792.615753 1790.389610 1788.163466 1785.937323 1783.711179 1781.485036 1779.258892 1777.032749 1774.806606 1772.580462 1770.354319 1768.128175 1765.902032 1763.675888 1761.449745 1759.223602 1756.997458 1754.771315 1752.545171 1750.319028 1748.092884 1745.866741 1743.640598 1741.414454 1739.188311 1736.962167 1734.736024 1732.509880 1730.283737 1728.057594 1725.831450 1723.605307 1721.379163
1839.364765 1837.138621 1834.912478 1832.686335 1830.460191 1828.234048 1826.007904 1823.781761 1821.555617 1819.329474 1817.103331 1814.877187 1812.651044 1810.424900 1808.198757 1805.972614 1803.746470 1801.520327 1799.294183 1797.068040 1794.841896 1792.615753 1790.389610 1788.163466 1785.937323 1783.711179 1781.485036 1779.258892 1777.032749 1774.806606 1772.580462 1770.354319 1768.128175 1765.902032 1763.675888 1761.449745 1759.223602 1756.997458 1754.771315 1752.545171 1750.319028 1748.092884 1745.866741 1743.640598 1741.414454 1739.188311 1736.962167 1734.736024 1732.509880 1730.283737 1728.057594 1725.831450 1723.605307 1721.379163
1839.364765 1837.138621 1834.912478 1832.686335 1830.460191 1828.234048 1826.007904 1823.781761 1821.555617 1819.329474 1817.103331 1814.877187 1812.651044 1810.424900 1808.198757 1805.972614 1803.746470 1801.520327 1799.294183 1797.068040 1794.841896 1792.615753 1790.389610 1788.163466 1785.937323 1783.711179 1781.485036 1779.258892 1777.032749 1774.806606 1772.580462 1770.354319 1768.128175 1765.902032 1763.675888 1761.449745 1759.223602 1756.997458 1754.771315 1752.545171 1750.319028 1748.092884 1745.866741 1743.640598 1741.414454 1739.188311 1736.962167 1734.736024 1732.509880 1730.283737 1728.057594 1725.831450 1723.605307 1721.379163
1839.364765 1837.138621 1834.912478 1832.686335 1830.460191 1828.234048 1826.007904 1823.781761 1821.555617 1819.329474 1817.103331 1814.877187 1812.651044 1810.424900 1808.198757 1805.972614 1803.746470 1801.520327 1799.294183 1797.068040 1794.841896 1792.615753 1790.389610 1788.163466 1785.937323 1783.711179 1781.485036 1779.258892 1777.032749 1774.806606 1772.580462 1770.354319 1768.128175 1765.902032 1763.675888 1761.449745 1759.223602 1756.997458 1754.771315 1752.545171 1750.319028 1748.092884 1745.866741 1743.640598 1741.414454 1739.188311 1736.962167 1734.736024 1732.509880 1730.283737 1728.057594 1725.831450 1723.605307 1721.379163
1839.364765 1837.138621 1834.912478 1832.686335 1830.460191 1828.234048 1826.007904 1823.781761 1821.555617 1819.329474 1817.103331 1814.877187 1812.651044 1810.424900 1808.198757 1805.972614 1803.746470 1801.520327 1799.294183 1797.068040 1794.841896 1792.615753 1790.389610 1788.163466 1785.937323 1783.711179 1781.485036 1779.258892 1777.032749 1774.806606 1772.580462 1770.354319 1768.128175 1765.902032 1763.675888 1761.449745 1759.223602 1756.997458 1754.771315 1752.545171 1750.319028 1748.092884 1745.866741 1743.640598 1741.414454 1739.188311 1736.962167 1734.736024 1732.509880 1730.283737 1728.057594 1725.831450 1723.605307 1721.379163
1839.364765 1837.138621 1834.912478 1832.686335 1830.460191 1828.234048 1826.007904 1823.781761 1821.555617 1819.329474 1817.103331 1814.877187 1812.651044 1810.424900 1808.198757 1805.972614 1803.746470 1801.520327 1799.294183 1797.068040 1794.841896 1792.615753 1790.389610 1788.163466 1785.937323 1783.711179 1781.485036 1779.258892 1777.032749 1774.806606 1772.580462 1770.354319 1768.128175 1765.902032 1763.675888 1761.449745 1759.223602 1756.997458 1754.771315 1752.545171 1750.319028 1748.092884 1745.866741 1743.640598 1741.414454 1739.188311 1736.962167 1734.736024 1732.509880 1730.283737 1728.057594 1725.831450 1723.605307 1721.379163
1839.364765 1837.138621 1834.912478 1832.686335 1830.460191 1828.234048 1826.007904 1823.781761 1821.555617 1819.329474 1817.103331 1814.877187 1812.651044 1810.424900 1808.198757 1805.972614 1803.746470 1801.520327 1799.294183 1797.068040 1794.841896 1792.615753 1790.389610 1788.163466 1785.937323 1783.711179 1781.485036 1779.258892 1777.032749 1774.806606 1772.580462 1770.354319 1768.128175 1765.902032 1763.675888 1761.449745 1759.223602 1756.997458 1754.771315 1752.545171 1750.319028 1748.092884 1745.866741 1743.640598 1741.414454 1739.188311 1736.962167 1734.736024 1732.509880 1730.283737 1728.057594 1725.831450 1723.605307 1721.379163
1839.364765 1837.138621 1834.912478 1832.686335 1830.460191 1828.234048 1826.007904 1823.781761 1821.555617 1819.329474 1817.103331 1814.877187 1812.651044 1810.424900 1808.198757 1805.972614 1803.746470 1801.520327 1799.294183 1797.068040 1794.841896 1792.615753 1790.389610 1788.163466 1785.937323 1783.711179 1781.485036 1779.258892 1777.032749 1774.806606 1772.580462 1770.354319 1768.128175 1765.902032 1763.675888 1761.449745 1759.223602 1756.997458 1754.771315 1752.545171 1750.319028 1748.092884 1745.866741 1743.640598 1741.414454 1739.188311 1736.962167 1734.736024 1732.509880 1730.283737 1728.057594 1725.831450 1723.605307 1721.379163
1839.364765 1837.138621 1834.912478 1832.686335 1830.460191 1828.234048 1826.007904 1823.781761 1821.555617 1819.329474 1817.103331 1814.877187 1812.651044 1810.424900 1808.198757 1805.972614 1803.746470 1801.520327 1799.294183 1797.068040 1794.841896 1792.615753 1790.389610 1788.163466 1785.937323 1783.711179 1781.485036 1779.258892 1777.032749 1774.806606 1772.580462 1770.354319 1768.128175 1765.902032 1763.675888 1761.449745 1759.223602 1756.997458 1754.771315 1752.545171 1750.319028 1748.092884 1745.866741 1743.640598 1741.414454 1739.188311 1736.962167 1734.736024 1732.509880 1730.283737 1728.057594 1725.831450 1723.605307 1721.379163
1839.364765 1837.138621 1834.912478 1832.686335 1830.460191 1828.234048 1826.007904 1823.781761 1821.555617 1819.329474 1817.103331 1814.877187 1812.651044 1810.424900 1808.198757 1805.972614 1803.746470 1801.520327 1799.294183 1797.068040 1794.841896 1792.615753 1790.389610 1788.163466 1785.937323 1783.711179 1781.485036 1779.258892 1777.032749 1774.806606 1772.580462 1770.354319 1768.128175 1765.902032 1763.675888 1761.449745 1759.223602 1756.997458 1754.771315 1752.545171 1750.319028 1748.092884 1745.866741 1743.640598 1741.414454 1739.188311 1736.962167 1734.736024 1732.509880 1730.283737 1728.057594 1725.831450 1723.605307 1721.379163
1839.364765 1837.138621 1834.912478 1832.686335 1830.460191 1828.234048 1826.007904 1823.781761 1821.555617 1819.329474 1817.103331 1814.877187 1812.651044 1810.424900 1808.198757 1805.972614 1803.746470 1801.520327 1799.294183 1797.068040 1794.841896 1792.615753 1790.389610 1788.163466 1785.937323 1783.711179 1781.485036 1779.258892 1777.032749 1774.806606 1772.580462 1770.354319 1768.128175 1765.902032 1763.675888 1761.449745 1759.223602 1756.997458 1754.771315 1752.545171 1750.319028 1748.092884 1745.866741 1743.640598 1741.414454 1739.188311 1736.962167 1734.736024 1732.509880 1730.283737 1728.057594 1725.831450 1723.605307 1721.379163
1839.364765 1837.138621 1834.912478 1832.686335 1830.460191 1828.234048 1826.007904 1823.781761 1821.555617 1819.329474 1817.103331 1814.877187 1812.651044 1810.424900 1808.198757 1805.972614 1803.746470 1801.520327 1799.294183 1797.068040 1794.841896 1792.615753 1790.389610 1788.163466 1785.937323 1783.711179 1781.485036 1779.258892 1777.032749 1774.806606 1772.580462 1770.354319 1768.128175 1765.902032 1763.675888 1761.449745 1759.223602 1756.997458 1754.771315 1752.545171 1750.319028 1748.092884 1745.866741 1743.640598 1741.414454 1739.188311 1736.962167 1734.736024 1732.509880 1730.283737 1728.057594 1725.831450 1723.605307 1721.379163
1839.364765 1837.138621 1834.912478 1832.686335 1830.460191 1828.234048 1826.007904 1823.781761 1821.555617 1819.329474 1817.103331 1814.877187 1812.651044 1810.424900 1808.198757 1805.972614 1803.746470 1801.520327 1799.294183 1797.068040 1794.841896 1792.615753 1790.389610 1788.163466 1785.937323 1783.711179 1781.485036 1779.258892 1777.032749 1774.806606 1772.580462 1770.354319 1768.128175 1765.902032 1763.675888 1761.449745 1759.223602 1756.997458 1754.771315 1752.545171 1750.319028 1748.092884 1745.866741 1743.640598 1741.414454 1739.188311 1736.962167 1734.736024 1732.509880 1730.283737 1728.057594 1725.831450 1723.605307 1721.379163
1839.364765 1837.138621 1834.912478 1832.686335 1830.460191 1828.234048 1826.007904 1823.781761 1821.555617 1819.329474 1817.103331 1814.877187 1812.651044 1810.424900 1808.198757 1805.972614 1803.746470 1801.520327 1799.294183 1797.068040 1794.841896 1792.615753 1790.389610 1788.163466 1785.937323 1783.711179 1781.485036 1779.258892 1777.032749 1774.806606 1772.580462 1770.354319 1768.128175 1765.902032 1763.675888 1761.449745 1759.223602 1756.997458 1754.771315 1752.545171 1750.319028 1748.092884 1745.866741 1743.640598 1741.414454 1739.188311 1736.962167 1734.736024 1732.509880 1730.283737 1728.057594 1725.831450 1723.605307 1721.379163
1839.364765 1837.138621 1834.912478 1832.686335 1830.460191 1828.234048 1826.007904 1823.781761 1821.555617 1819.329474 1817.103331 1814.877187 1812.651044 1810.424900 1808.198757 1805.972614 1803.746470 1801.520327 1799.294183 1797.068040 1794.841896 1792.615753 1790.389610 1788.163466 1785.937323 1783.711179 1781.485036 1779.258892 1777.032749 1774.806606 1772.580462 1770.354319 1768.128175 1765.902032 1763.675888 1761.449745 1759.223602 1756.997458 1754.771315 1752.545171 1750.319028 1748.092884 1745.866741 1743.640598 1741.414454 1739.188311 1736.962167 1734.736024 1732.509880 1730.283737 1728.057594 1725.831450 1723.605307 1721.379163
1839.364765 1837.138621 1834.912478 1832.686335 1830.460191 1828.234048 1826.007904 1823.781761 1821.555617 1819.329474 1817.103331 1814.877187 1812.651044 1810.424900 1808.198757 1805.972614 1803.746470 1801.520327 1799.294183 1797.068040 1794.841896 1792.615753 1790.389610 1788.163466 1785.937323 1783.711179 1781.485036 1779.258892 1777.032749 1774.806606 1772.580462 1770.354319 1768.128175 1765.902032 1763.675888 1761.449745 1759.223602 1756.997458 1754.771315 1752.545171 1750.319028 1748.092884 1745.866741 1743.640598 1741.414454 1739.188311 1736.962167 1734.736024 1732.509880 1730.283737 1728.057594 1725.831450 1723.605307 1721.379163
1839.364765 1837.138621 1834.912478 1832.686335 1830.460191 1828.234048 1826.007904 1823.781761 1821.555617 1819.329474 1817.103331 1814.877187 1812.651044 1810.424900 1808.198757 1805.972614 1803.746470 1801.520327 1799.294183 1797.068040 1794.841896 1792.615753 1790.389610 1788.163466 1785.937323 1783.711179 1781.485036 1779.258892 1777.032749 1774.806606 1772.580462 1770.354319 1768.128175 1765.902032 1763.675888 1761.449745 1759.223602 1756.997458 1754.771315 1752.545171 1750.319028 1748.092884 1745.866741 1743.640598 1741.414454 1739.188311 1736.962167 1734.736024 1732.509880 1730.283737 1728.057594 1725.831450 1723.605307 1721.379163
1839.364765 1837.138621 1834.912478 1832.686335 1830.460191 1828.234048 1826.007904 1823.781761 1821.555617 1819.329474 1817.103331 1814.877187 1812.651044 1810.424900 1808.198757 1805.972614 1803.746470 1801.520327 1799.294183 1797.068040 1794.841896 1792.615753 1790.389610 1788.163466 1785.937323 1783.711179 1781.485036 1779.258892 1777.032749 1774.806606 1772.580462 1770.354319 1768.128175 1765.902032 1763.675888 1761.449745 1759.223602 1756.997458 1754.771315 1752.545171 1750.319028 1748.092884 1745.866741 1743.640598 1741.414454 1739.188311 1736.962167 1734.736024 1732.509880 1730.283737 1728.057594 1725.831450 1723.605307 1721.379163
1839.364765 1837.138621 1834.912478 1832.686335 1830.460191 1828.234048 1826.007904 1823.781761 1821.555617 1819.329474 1817.103331 1814.877187 1812.651044 1810.424900 1808.198757 1805.972614 1803.746470 1801.520327 1799.294183 1797.068040 1794.841896 1792.615753 1790.389610 1788.163466 1785.937323 1783.711179 1781.485036 1779.258892 1777.032749 1774.806606 1772.580462 1770.354319 1768.128175 1765.902032 1763.675888 1761.449745 1759.223602 1756.997458 1754.771315 1752.545171 1750.319028 1748.092884 1745.866741 1743.640598 1741.414454 1739.188311 1736.962167 1734.736024 1732.509880 1730.283737 1728.057594 1725.831450 1723.605307 1721.379163
1839.364765 1837.138621 1834.912478 1832.686335 1830.460191 1828.234048 1826.007904 1823.781761 1821.555617 1819.329474 1817.103331 1814.877187 1812.651044 1810.424900 1808.198757 1805.972614 1803.746470 1801.520327 1799.294183 1797.068040 1794.841896 1792.615753 1790.389610 1788.163466 1785.937323 1783.711179 1781.485036 1779.258892 1777.032749 1774.806606 1772.580462 1770.354319 1768.128175 1765.902032 1763.675888 1761.449745 1759.223602 1756.997458 1754.771315 1752.545171 1750.319028 1748.092884 1745.866741 1743.640598 1741.414454 1739.188311 1736.962167 1734.736024 1732.509880 1730.283737 1728.057594 1725.831450 1723.605307 1721.379163
1839.364765 1837.138621 1834.912478 1832.686335 1830.460191 1828.234048 1826.007904 1823.781761 1821.555617 1819.329474 1817.103331 1814.877187 1812.651044 1810.424900 1808.198757 1805.972614 1803.746470 1801.520327 1799.294183 1797.068040 1794.841896 1792.615753 1790.389610 1788.163466 1785.937323 1783.711179 1781.485036 1779.258892 1777.032749 1774.806606 1772.580462 1770.354319 1768.128175 1765.902032 1763.675888 1761.449745 1759.223602 1756.997458 1754.771315 1752.545171 1750.319028 1748.092884 1745.866741 1743.640598 1741.414454 1739.188311 1736.962167 1734.736024 1732.509880 1730.283737 1728.057594 1725.831450 1723.605307 1721.379163
1839.364765 1837.138621 1834.912478 1832.686335 1830.460191 1828.234048 1826.007904 1823.781761 1821.555617 1819.329474 1817.103331 1814.877187 1812.651044 1810.424900 1808.198757 1805.972614 1803.746470 1801.520327 1799.294183 1797.068040 1794.841896 1792.615753 1790.389610 1788.163466 1785.937323 1783.711179 1781.485036 1779.258892 1777.032749 1774.806606 1772.580462 1770.354319 1768.128175 1765.902032 1763.675888 1761.449745 1759.223602 1756.997458 1754.771315 1752.545171 1750.319028 1748.092884 1745.866741 1743.640598 1741.414454 1739.188311 1736.962167 1734.736024 1732.509880 1730.283737 1728.057594 1725.831450 1723.605307 1721.379163
1839.364765 1837.138621 1834.912478 1832.686335 1830.460191 1828.234048 1826.007904 1823.781761 1821.555617 1819.329474 1817.103331 1814.877187 1812.651044 1810.424900 1808.198757 1805.972614 1803.746470 1801.520327 1799.294183 1797.068040 1794.841896 1792.615753 1790.389610 1788.163466 1785.937323 1783.711179 1781.485036 1779.258892 1777.032749 1774.806606 1772.580462 1770.354319 1768.128175 1765.902032 1763.675888 1761.449745 1759.223602 1756.997458 1754.771315 1752.545171 1750.319028 1748.092884 1745.866741 1743.640598 1741.414454 1739.188311 1736.962167 1734.736024 1732.509880 1730.283737 1728.057594 1725.831450 1723.605307 1721.379163
1839.364765 1837.138621 1834.912478 1832.686335 1830.460191 1828.234048 1826.007904 1823.781761 1821.555617 1819.329474 1817.103331 1814.877187 1812.651044 1810.424900 1808.198757 1805.972614 1803.746470 1801.520327 1799.294183 1797.068040 1794.841896 1792.615753 1790.389610 1788.163466 1785.937323 1783.711179 1781.485036 1779.258892 1777.032749 1774.806606 1772.580462 1770.354319 1768.128175 1765.902032 1763.675888 1761.449745 1759.223602 1756.997458 1754.771315 1752.545171 1750.319028 1748.092884 1745.866741 1743.640598 1741.414454 1739.188311 1736.962167 1734.736024 1732.509880 1730.283737 1728.057594 1725.831450 1723.605307 1721.379163
