avaframe/data/avaDamBreak/Inputs/DEM_IP_Topo.asc
nCols  241
nRows  161
xllcenter  -602.50
yllcenter -402.50
cellsize  5
nodata_value -9999.00
[rows 25 to 49 of 161, columns 114 to 170 of 241]
769.705051 767.684920 765.664789 763.644658 761.624527 759.604396 757.584264 755.564133 753.544002 751.523871 749.503740 747.483609 745.463478 743.443347 741.423215 739.403084 737.382953 735.362822 733.342691 731.322560 729.302429 727.282298 725.262166 723.242035 721.221904 719.201773 717.181642 715.161511 713.141380 711.121249 709.101117 707.080986 705.060855 703.040724 701.020593 699.000462 696.980331 694.960199 692.940068 690.919937 688.899806 686.879675 684.859544 682.839413 680.819282 678.799150 676.779019 674.758888 672.738757 670.718626 668.698495 666.678364 664.658233 662.638101 660.617970 658.597839 656.577708
769.705051 767.684920 765.664789 763.644658 761.624527 759.604396 757.584264 755.564133 753.544002 751.523871 749.503740 747.483609 745.463478 743.443347 741.423215 739.403084 737.382953 735.362822 733.342691 731.322560 729.302429 727.282298 725.262166 723.242035 721.221904 719.201773 717.181642 715.161511 713.141380 711.121249 709.101117 707.080986 705.060855 703.040724 701.020593 699.000462 696.980331 694.960199 692.940068 690.919937 688.899806 686.879675 684.859544 682.839413 680.819282 678.799150 676.779019 674.758888 672.738757 670.718626 668.698495 666.678364 664.658233 662.638101 660.617970 658.597839 656.577708
769.705051 767.684920 765.664789 763.644658 761.624527 759.604396 757.584264 755.564133 753.544002 751.523871 749.503740 747.483609 745.463478 743.443347 741.423215 739.403084 737.382953 735.362822 733.342691 731.322560 729.302429 727.282298 725.262166 723.242035 721.221904 719.201773 717.181642 715.161511 713.141380 711.121249 709.101117 707.080986 705.060855 703.040724 701.020593 699.000462 696.980331 694.960199 692.940068 690.919937 688.899806 686.879675 684.859544 682.839413 680.819282 678.799150 676.779019 674.758888 672.738757 670.718626 668.698495 666.678364 664.658233 662.638101 660.617970 658.597839 656.577708
769.705051 767.684920 765.664789 763.644658 761.624527 759.604396 757.584264 755.564133 753.544002 751.523871 749.503740 747.483609 745.463478 743.443347 741.423215 739.403084 737.382953 735.362822 733.342691 731.322560 729.302429 727.282298 725.262166 723.242035 721.221904 719.201773 717.181642 715.161511 713.141380 711.121249 709.101117 707.080986 705.060855 703.040724 701.020593 699.000462 696.980331 694.960199 692.940068 690.919937 688.899806 686.879675 684.859544 682.839413 680.819282 678.799150 676.779019 674.758888 672.738757 670.718626 668.698495 666.678364 664.658233 662.638101 660.617970 658.597839 656.577708
769.705051 767.684920 765.664789 763.644658 761.624527 759.604396 757.584264 755.564133 753.544002 751.523871 749.503740 747.483609 745.463478 743.443347 741.423215 739.403084 737.382953 735.362822 733.342691 731.322560 729.302429 727.282298 725.262166 723.242035 721.221904 719.201773 717.181642 715.161511 713.141380 711.121249 709.101117 707.080986 705.060855 703.040724 701.020593 699.000462 696.980331 694.960199 692.940068 690.919937 688.899806 686.879675 684.859544 682.839413 680.819282 678.799150 676.779019 674.758888 672.738757 670.718626 668.698495 666.678364 664.658233 662.638101 660.617970 658.597839 656.577708
769.705051 767.684920 765.664789 763.644658 761.624527 759.604396 757.584264 755.564133 753.544002 751.523871 749.503740 747.483609 745.463478 743.443347 741.423215 739.403084 737.382953 735.362822 733.342691 731.322560 729.302429 727.282298 725.262166 723.242035 721.221904 719.201773 717.181642 715.161511 713.141380 711.121249 709.101117 707.080986 705.060855 703.040724 701.020593 699.000462 696.980331 694.960199 692.940068 690.919937 688.899806 686.879675 684.859544 682.839413 680.819282 678.799150 676.779019 674.758888 672.738757 670.718626 668.698495 666.678364 664.658233 662.638101 660.617970 658.597839 656.577708
769.705051 767.684920 765.664789 763.644658 761.624527 759.604396 757.584264 755.564133 753.544002 751.523871 749.503740 747.483609 745.463478 743.443347 741.423215 739.403084 737.382953 735.362822 733.342691 731.322560 729.302429 727.282298 725.262166 723.242035 721.221904 719.201773 717.181642 715.161511 713.141380 711.121249 709.101117 707.080986 705.060855 703.040724 701.020593 699.000462 696.980331 694.960199 692.940068 690.919937 688.899806 686.879675 684.859544 682.839413 680.819282 678.799150 676.779019 674.758888 672.738757 670.718626 668.698495 666.678364 664.658233 662.638101 660.617970 658.597839 656.577708
769.705051 767.684920 765.664789 763.644658 761.624527 759.604396 757.584264 755.564133 753.544002 751.523871 749.503740 747.483609 745.463478 743.443347 741.423215 739.403084 737.382953 735.362822 733.342691 731.322560 729.302429 727.282298 725.262166 723.242035 721.221904 719.201773 717.181642 715.161511 713.141380 711.121249 709.101117 707.080986 705.060855 703.040724 701.020593 699.000462 696.980331 694.960199 692.940068 690.919937 688.899806 686.879675 684.859544 682.839413 680.819282 678.799150 676.779019 674.758888 672.738757 670.718626 668.698495 666.678364 664.658233 662.638101 660.617970 658.597839 656.577708
769.705051 767.684920 765.664789 763.644658 761.624527 759.604396 757.584264 755.564133 753.544002 751.523871 749.503740 747.483609 745.463478 743.443347 741.423215 739.403084 737.382953 735.362822 733.342691 731.322560 729.302429 727.282298 725.262166 723.242035 721.221904 719.201773 717.181642 715.161511 713.141380 711.121249 709.101117 707.080986 705.060855 703.040724 701.020593 699.000462 696.980331 694.960199 692.940068 690.919937 688.899806 686.879675 684.859544 682.839413 680.819282 678.799150 676.779019 674.758888 672.738757 670.718626 668.698495 666.678364 664.658233 662.638101 660.617970 658.597839 656.577708
769.705051 767.684920 765.664789 763.644658 761.624527 759.604396 757.584264 755.564133 753.544002 751.523871 749.503740 747.483609 745.463478 743.443347 741.423215 739.403084 737.382953 735.362822 733.342691 731.322560 729.302429 727.282298 725.262166 723.242035 721.221904 719.201773 717.181642 715.161511 713.141380 711.121249 709.101117 707.080986 705.060855 703.040724 701.020593 699.000462 696.980331 694.960199 692.940068 690.919937 688.899806 686.879675 684.859544 682.839413 680.819282 678.799150 676.779019 674.758888 672.738757 670.718626 668.698495 666.678364 664.658233 662.638101 660.617970 658.597839 656.577708
769.705051 767.684920 765.664789 763.644658 761.624527 759.604396 757.584264 755.564133 753.544002 751.523871 749.503740 747.483609 745.463478 743.443347 741.423215 739.403084 737.382953 735.362822 733.342691 731.322560 729.302429 727.282298 725.262166 723.242035 721.221904 719.201773 717.181642 715.161511 713.141380 711.121249 709.101117 707.080986 705.060855 703.040724 701.020593 699.000462 696.980331 694.960199 692.940068 690.919937 688.899806 686.879675 684.859544 682.839413 680.819282 678.799150 676.779019 674.758888 672.738757 670.718626 668.698495 666.678364 664.658233 662.638101 660.617970 658.597839 656.577708
769.705051 767.684920 765.664789 763.644658 761.624527 759.604396 757.584264 755.564133 753.544002 751.523871 749.503740 747.483609 745.463478 743.443347 741.423215 739.403084 737.382953 735.362822 733.342691 731.322560 729.302429 727.282298 725.262166 723.242035 721.221904 719.201773 717.181642 715.161511 713.141380 711.121249 709.101117 707.080986 705.060855 703.040724 701.020593 699.000462 696.980331 694.960199 692.940068 690.919937 688.899806 686.879675 684.859544 682.839413 680.819282 678.799150 676.779019 674.758888 672.738757 670.718626 668.698495 666.678364 664.658233 662.638101 660.617970 658.597839 656.577708
769.705051 767.684920 765.664789 763.644658 761.624527 759.604396 757.584264 755.564133 753.544002 751.523871 749.503740 747.483609 745.463478 743.443347 741.423215 739.403084 737.382953 735.362822 733.342691 731.322560 729.302429 727.282298 725.262166 723.242035 721.221904 719.201773 717.181642 715.161511 713.141380 711.121249 709.101117 707.080986 705.060855 703.040724 701.020593 699.000462 696.980331 694.960199 692.940068 690.919937 688.899806 686.879675 684.859544 682.839413 680.819282 678.799150 676.779019 674.758888 672.738757 670.718626 668.698495 666.678364 664.658233 662.638101 660.617970 658.597839 656.577708
769.705051 767.684920 765.664789 763.644658 761.624527 759.604396 757.584264 755.564133 753.544002 751.523871 749.503740 747.483609 745.463478 743.443347 741.423215 739.403084 737.382953 735.362822 733.342691 731.322560 729.302429 727.282298 725.262166 723.242035 721.221904 719.201773 717.181642 715.161511 713.141380 711.121249 709.101117 707.080986 705.060855 703.040724 701.020593 699.000462 696.980331 694.960199 692.940068 690.919937 688.899806 686.879675 684.859544 682.839413 680.819282 678.799150 676.779019 674.758888 672.738757 670.718626 668.698495 666.678364 664.658233 662.638101 660.617970 658.597839 656.577708
769.705051 767.684920 765.664789 763.644658 761.624527 759.604396 757.584264 755.564133 753.544002 751.523871 749.503740 747.483609 745.463478 743.443347 741.423215 739.403084 737.382953 735.362822 733.342691 731.322560 729.302429 727.282298 725.262166 723.242035 721.221904 719.201773 717.181642 715.161511 713.141380 711.121249 709.101117 707.080986 705.060855 703.040724 701.020593 699.000462 696.980331 694.960199 692.940068 690.919937 688.899806 686.879675 684.859544 682.839413 680.819282 678.799150 676.779019 674.758888 672.738757 670.718626 668.698495 666.678364 664.658233 662.638101 660.617970 658.597839 656.577708
769.705051 767.684920 765.664789 763.644658 761.624527 759.604396 757.584264 755.564133 753.544002 751.523871 749.503740 747.483609 745.463478 743.443347 741.423215 739.403084 737.382953 735.362822 733.342691 731.322560 729.302429 727.282298 725.262166 723.242035 721.221904 719.201773 717.181642 715.161511 713.141380 711.121249 709.101117 707.080986 705.060855 703.040724 701.020593 699.000462 696.980331 694.960199 692.940068 690.919937 688.899806 686.879675 684.859544 682.839413 680.819282 678.799150 676.779019 674.758888 672.738757 670.718626 668.698495 666.678364 664.658233 662.638101 660.617970 658.597839 656.577708
769.705051 767.684920 765.664789 763.644658 761.624527 759.604396 757.584264 755.564133 753.544002 751.523871 749.503740 747.483609 745.463478 743.443347 741.423215 739.403084 737.382953 735.362822 733.342691 731.322560 729.302429 727.282298 725.262166 723.242035 721.221904 719.201773 717.181642 715.161511 713.141380 711.121249 709.101117 707.080986 705.060855 703.040724 701.020593 699.000462 696.980331 694.960199 692.940068 690.919937 688.899806 686.879675 684.859544 682.839413 680.819282 678.799150 676.779019 674.758888 672.738757 670.718626 668.698495 666.678364 664.658233 662.638101 660.617970 658.597839 656.577708
769.705051 767.684920 765.664789 763.644658 761.624527 759.604396 757.584264 755.564133 753.544002 751.523871 749.503740 747.483609 745.463478 743.443347 741.423215 739.403084 737.382953 735.362822 733.342691 731.322560 729.302429 727.282298 725.262166 723.242035 721.221904 719.201773 717.181642 715.161511 713.141380 711.121249 709.101117 707.080986 705.060855 703.040724 701.020593 699.000462 696.980331 694.960199 692.940068 690.919937 688.899806 686.879675 684.859544 682.839413 680.819282 678.799150 676.779019 674.758888 672.738757 670.718626 668.698495 666.678364 664.658233 662.638101 660.617970 658.597839 656.577708
769.705051 767.684920 765.664789 763.644658 761.624527 759.604396 757.584264 755.564133 753.544002 751.523871 749.503740 747.483609 745.463478 743.443347 741.423215 739.403084 737.382953 735.362822 733.342691 731.322560 729.302429 727.282298 725.262166 723.242035 721.221904 719.201773 717.181642 715.161511 713.141380 711.121249 709.101117 707.080986 705.060855 703.040724 701.020593 699.000462 696.980331 694.960199 692.940068 690.919937 688.899806 686.879675 684.859544 682.839413 680.819282 678.799150 676.779019 674.758888 672.738757 670.718626 668.698495 666.678364 664.658233 662.638101 660.617970 658.597839 656.577708
769.705051 767.684920 765.664789 763.644658 761.624527 759.604396 757.584264 755.564133 753.544002 751.523871 749.503740 747.483609 745.463478 743.443347 741.423215 739.403084 737.382953 735.362822 733.342691 731.322560 729.302429 727.282298 725.262166 723.242035 721.221904 719.201773 717.181642 715.161511 713.141380 711.121249 709.101117 707.080986 705.060855 703.040724 701.020593 699.000462 696.980331 694.960199 692.940068 690.919937 688.899806 686.879675 684.859544 682.839413 680.819282 678.799150 676.779019 674.758888 672.738757 670.718626 668.698495 666.678364 664.658233 662.638101 660.617970 658.597839 656.577708
769.705051 767.684920 765.664789 763.644658 761.624527 759.604396 757.584264 755.564133 753.544002 751.523871 749.503740 747.483609 745.463478 743.443347 741.423215 739.403084 737.382953 735.362822 733.342691 731.322560 729.302429 727.282298 725.262166 723.242035 721.221904 719.201773 717.181642 715.161511 713.141380 711.121249 709.101117 707.080986 705.060855 703.040724 701.020593 699.000462 696.980331 694.960199 692.940068 690.919937 688.899806 686.879675 684.859544 682.839413 680.819282 678.799150 676.779019 674.758888 672.738757 670.718626 668.698495 666.678364 664.658233 662.638101 660.617970 658.597839 656.577708
769.705051 767.684920 765.664789 763.644658 761.624527 759.604396 757.584264 755.564133 753.544002 751.523871 749.503740 747.483609 745.463478 743.443347 741.423215 739.403084 737.382953 735.362822 733.342691 731.322560 729.302429 727.282298 725.262166 723.242035 721.221904 719.201773 717.181642 715.161511 713.141380 711.121249 709.101117 707.080986 705.060855 703.040724 701.020593 699.000462 696.980331 694.960199 692.940068 690.919937 688.899806 686.879675 684.859544 682.839413 680.819282 678.799150 676.779019 674.758888 672.738757 670.718626 668.698495 666.678364 664.658233 662.638101 660.617970 658.597839 656.577708
769.705051 767.684920 765.664789 763.644658 761.624527 759.604396 757.584264 755.564133 753.544002 751.523871 749.503740 747.483609 745.463478 743.443347 741.423215 739.403084 737.382953 735.362822 733.342691 731.322560 729.302429 727.282298 725.262166 723.242035 721.221904 719.201773 717.181642 715.161511 713.141380 711.121249 709.101117 707.080986 705.060855 703.040724 701.020593 699.000462 696.980331 694.960199 692.940068 690.919937 688.899806 686.879675 684.859544 682.839413 680.819282 678.799150 676.779019 674.758888 672.738757 670.718626 668.698495 666.678364 664.658233 662.638101 660.617970 658.597839 656.577708
769.705051 767.684920 765.664789 763.644658 761.624527 759.604396 757.584264 755.564133 753.544002 751.523871 749.503740 747.483609 745.463478 743.443347 741.423215 739.403084 737.382953 735.362822 733.342691 731.322560 729.302429 727.282298 725.262166 723.242035 721.221904 719.201773 717.181642 715.161511 713.141380 711.121249 709.101117 707.080986 705.060855 703.040724 701.020593 699.000462 696.980331 694.960199 692.940068 690.919937 688.899806 686.879675 684.859544 682.839413 680.819282 678.799150 676.779019 674.758888 672.738757 670.718626 668.698495 666.678364 664.658233 662.638101 660.617970 658.597839 656.577708
769.705051 767.684920 765.664789 763.644658 761.624527 759.604396 757.584264 755.564133 753.544002 751.523871 749.503740 747.483609 745.463478 743.443347 741.423215 739.403084 737.382953 735.362822 733.342691 731.322560 729.302429 727.282298 725.262166 723.242035 721.221904 719.201773 717.181642 715.161511 713.141380 711.121249 709.101117 707.080986 705.060855 703.040724 701.020593 699.000462 696.980331 694.960199 692.940068 690.919937 688.899806 686.879675 684.859544 682.839413 680.819282 678.799150 676.779019 674.758888 672.738757 670.718626 668.698495 666.678364 664.658233 662.638101 660.617970 658.597839 656.577708
