avaframe/data/avaDamBreak/Inputs/DEM_IP_Topo.asc
nCols  241
nRows  161
xllcenter  -602.50
yllcenter -402.50
cellsize  5
nodata_value -9999.00
[rows 25 to 49 of 161, columns 171 to 227 of 241]
654.557577 652.537446 650.517315 648.497184 646.477052 644.456921 642.436790 640.416659 638.396528 636.376397 634.356266 632.336134 630.316003 628.295872 626.275741 624.255610 622.235479 620.215348 618.195217 616.175085 614.154954 612.134823 610.114692 608.094561 606.074430 604.054299 602.034168 600.014036 597.993905 595.973774 593.953643 591.933512 589.913381 587.893250 585.873119 583.852987 581.832856 579.812725 577.792594 575.772463 573.752332 571.732201 569.712069 567.691938 565.671807 563.651676 561.631545 559.611414 557.591283 555.571152 553.551020 551.530889 549.510758 547.490627 545.470496 543.450365 541.430234
654.557577 652.537446 650.517315 648.497184 646.477052 644.456921 642.436790 640.416659 638.396528 636.376397 634.356266 632.336134 630.316003 628.295872 626.275741 624.255610 622.235479 620.215348 618.195217 616.175085 614.154954 612.134823 610.114692 608.094561 606.074430 604.054299 602.034168 600.014036 597.993905 595.973774 593.953643 591.933512 589.913381 587.893250 585.873119 583.852987 581.832856 579.812725 577.792594 575.772463 573.752332 571.732201 569.712069 567.691938 565.671807 563.651676 561.631545 559.611414 557.591283 555.571152 553.551020 551.530889 549.510758 547.490627 545.470496 543.450365 541.430234
654.557577 652.537446 650.517315 648.497184 646.477052 644.456921 642.436790 640.416659 638.396528 636.376397 634.356266 632.336134 630.316003 628.295872 626.275741 624.255610 622.235479 620.215348 618.195217 616.175085 614.154954 612.134823 610.114692 608.094561 606.074430 604.054299 602.034168 600.014036 597.993905 595.973774 593.953643 591.933512 589.913381 587.893250 585.873119 583.852987 581.832856 579.812725 577.792594 575.772463 573.752332 571.732201 569.712069 567.691938 565.671807 563.651676 561.631545 559.611414 557.591283 555.571152 553.551020 551.530889 549.510758 547.490627 545.470496 543.450365 541.430234
654.557577 652.537446 650.517315 648.497184 646.477052 644.456921 642.436790 640.416659 638.396528 636.376397 634.356266 632.336134 630.316003 628.295872 626.275741 624.255610 622.235479 620.215348 618.195217 616.175085 614.154954 612.134823 610.114692 608.094561 606.074430 604.054299 602.034168 600.014036 597.993905 595.973774 593.953643 591.933512 589.913381 587.893250 585.873119 583.852987 581.832856 579.812725 577.792594 575.772463 573.752332 571.732201 569.712069 567.691938 565.671807 563.651676 561.631545 559.611414 557.591283 555.571152 553.551020 551.530889 549.510758 547.490627 545.470496 543.450365 541.430234
654.557577 652.537446 650.517315 648.497184 646.477052 644.456921 642.436790 640.416659 638.396528 636.376397 634.356266 632.336134 630.316003 628.295872 626.275741 624.255610 622.235479 620.215348 618.195217 616.175085 614.154954 612.134823 610.114692 608.094561 606.074430 604.054299 602.034168 600.014036 597.993905 595.973774 593.953643 591.933512 589.913381 587.893250 585.873119 583.852987 581.832856 579.812725 577.792594 575.772463 573.752332 571.732201 569.712069 567.691938 565.671807 563.651676 561.631545 559.611414 557.591283 555.571152 553.551020 551.530889 549.510758 547.490627 545.470496 543.450365 541.430234
654.557577 652.537446 650.517315 648.497184 646.477052 644.456921 642.436790 640.416659 638.396528 636.376397 634.356266 632.336134 630.316003 628.295872 626.275741 624.255610 622.235479 620.215348 618.195217 616.175085 614.154954 612.134823 610.114692 608.094561 606.074430 604.054299 602.034168 600.014036 597.993905 595.973774 593.953643 591.933512 589.913381 587.893250 585.873119 583.852987 581.832856 579.812725 577.792594 575.772463 573.752332 571.732201 569.712069 567.691938 565.671807 563.651676 561.631545 559.611414 557.591283 555.571152 553.551020 551.530889 549.510758 547.490627 545.470496 543.450365 541.430234
654.557577 652.537446 650.517315 648.497184 646.477052 644.456921 642.436790 640.416659 638.396528 636.376397 634.356266 632.336134 630.316003 628.295872 626.275741 624.255610 622.235479 620.215348 618.195217 616.175085 614.154954 612.134823 610.114692 608.094561 606.074430 604.054299 602.034168 600.014036 597.993905 595.973774 593.953643 591.933512 589.913381 587.893250 585.873119 583.852987 581.832856 579.812725 577.792594 575.772463 573.752332 571.732201 569.712069 567.691938 565.671807 563.651676 561.631545 559.611414 557.591283 555.571152 553.551020 551.530889 549.510758 547.490627 545.470496 543.450365 541.430234
654.557577 652.537446 650.517315 648.497184 646.477052 644.456921 642.436790 640.416659 638.396528 636.376397 634.356266 632.336134 630.316003 628.295872 626.275741 624.255610 622.235479 620.215348 618.195217 616.175085 614.154954 612.134823 610.114692 608.094561 606.074430 604.054299 602.034168 600.014036 597.993905 595.973774 593.953643 591.933512 589.913381 587.893250 585.873119 583.852987 581.832856 579.812725 577.792594 575.772463 573.752332 571.732201 569.712069 567.691938 565.671807 563.651676 561.631545 559.611414 557.591283 555.571152 553.551020 551.530889 549.510758 547.490627 545.470496 543.450365 541.430234
654.557577 652.537446 650.517315 648.497184 646.477052 644.456921 642.436790 640.416659 638.396528 636.376397 634.356266 632.336134 630.316003 628.295872 626.275741 624.255610 622.235479 620.215348 618.195217 616.175085 614.154954 612.134823 610.114692 608.094561 606.074430 604.054299 602.034168 600.014036 597.993905 595.973774 593.953643 591.933512 589.913381 587.893250 585.873119 583.852987 581.832856 579.812725 577.792594 575.772463 573.752332 571.732201 569.712069 567.691938 565.671807 563.651676 561.631545 559.611414 557.591283 555.571152 553.551020 551.530889 549.510758 547.490627 545.470496 543.450365 541.430234
654.557577 652.537446 650.517315 648.497184 646.477052 644.456921 642.436790 640.416659 638.396528 636.376397 634.356266 632.336134 630.316003 628.295872 626.275741 624.255610 622.235479 620.215348 618.195217 616.175085 614.154954 612.134823 610.114692 608.094561 606.074430 604.054299 602.034168 600.014036 597.993905 595.973774 593.953643 591.933512 589.913381 587.893250 585.873119 583.852987 581.832856 579.812725 577.792594 575.772463 573.752332 571.732201 569.712069 567.691938 565.671807 563.651676 561.631545 559.611414 557.591283 555.571152 553.551020 551.530889 549.510758 547.490627 545.470496 543.450365 541.430234
654.557577 652.537446 650.517315 648.497184 646.477052 644.456921 642.436790 640.416659 638.396528 636.376397 634.356266 632.336134 630.316003 628.295872 626.275741 624.255610 622.235479 620.215348 618.195217 616.175085 614.154954 612.134823 610.114692 608.094561 606.074430 604.054299 602.034168 600.014036 597.993905 595.973774 593.953643 591.933512 589.913381 587.893250 585.873119 583.852987 581.832856 579.812725 577.792594 575.772463 573.752332 571.732201 569.712069 567.691938 565.671807 563.651676 561.631545 559.611414 557.591283 555.571152 553.551020 551.530889 549.510758 547.490627 545.470496 543.450365 541.430234
654.557577 652.537446 650.517315 648.497184 646.477052 644.456921 642.436790 640.416659 638.396528 636.376397 634.356266 632.336134 630.316003 628.295872 626.275741 624.255610 622.235479 620.215348 618.195217 616.175085 614.154954 612.134823 610.114692 608.094561 606.074430 604.054299 602.034168 600.014036 597.993905 595.973774 593.953643 591.933512 589.913381 587.893250 585.873119 583.852987 581.832856 579.812725 577.792594 575.772463 573.752332 571.732201 569.712069 567.691938 565.671807 563.651676 561.631545 559.611414 557.591283 555.571152 553.551020 551.530889 549.510758 547.490627 545.470496 543.450365 541.430234
654.557577 652.537446 650.517315 648.497184 646.477052 644.456921 642.436790 640.416659 638.396528 636.376397 634.356266 632.336134 630.316003 628.295872 626.275741 624.255610 622.235479 620.215348 618.195217 616.175085 614.154954 612.134823 610.114692 608.094561 606.074430 604.054299 602.034168 600.014036 597.993905 595.973774 593.953643 591.933512 589.913381 587.893250 585.873119 583.852987 581.832856 579.812725 577.792594 575.772463 573.752332 571.732201 569.712069 567.691938 565.671807 563.651676 561.631545 559.611414 557.591283 555.571152 553.551020 551.530889 549.510758 547.490627 545.470496 543.450365 541.430234
654.557577 652.537446 650.517315 648.497184 646.477052 644.456921 642.436790 640.416659 638.396528 636.376397 634.356266 632.336134 630.316003 628.295872 626.275741 624.255610 622.235479 620.215348 618.195217 616.175085 614.154954 612.134823 610.114692 608.094561 606.074430 604.054299 602.034168 600.014036 597.993905 595.973774 593.953643 591.933512 589.913381 587.893250 585.873119 583.852987 581.832856 579.812725 577.792594 575.772463 573.752332 571.732201 569.712069 567.691938 565.671807 563.651676 561.631545 559.611414 557.591283 555.571152 553.551020 551.530889 549.510758 547.490627 545.470496 543.450365 541.430234
654.557577 652.537446 650.517315 648.497184 646.477052 644.456921 642.436790 640.416659 638.396528 636.376397 634.356266 632.336134 630.316003 628.295872 626.275741 624.255610 622.235479 620.215348 618.195217 616.175085 614.154954 612.134823 610.114692 608.094561 606.074430 604.054299 602.034168 600.014036 597.993905 595.973774 593.953643 591.933512 589.913381 587.893250 585.873119 583.852987 581.832856 579.812725 577.792594 575.772463 573.752332 571.732201 569.712069 567.691938 565.671807 563.651676 561.631545 559.611414 557.591283 555.571152 553.551020 551.530889 549.510758 547.490627 545.470496 543.450365 541.430234
654.557577 652.537446 650.517315 648.497184 646.477052 644.456921 642.436790 640.416659 638.396528 636.376397 634.356266 632.336134 630.316003 628.295872 626.275741 624.255610 622.235479 620.215348 618.195217 616.175085 614.154954 612.134823 610.114692 608.094561 606.074430 604.054299 602.034168 600.014036 597.993905 595.973774 593.953643 591.933512 589.913381 587.893250 585.873119 583.852987 581.832856 579.812725 577.792594 575.772463 573.752332 571.732201 569.712069 567.691938 565.671807 563.651676 561.631545 559.611414 557.591283 555.571152 553.551020 551.530889 549.510758 547.490627 545.470496 543.450365 541.430234
654.557577 652.537446 650.517315 648.497184 646.477052 644.456921 642.436790 640.416659 638.396528 636.376397 634.356266 632.336134 630.316003 628.295872 626.275741 624.255610 622.235479 620.215348 618.195217 616.175085 614.154954 612.134823 610.114692 608.094561 606.074430 604.054299 602.034168 600.014036 597.993905 595.973774 593.953643 591.933512 589.913381 587.893250 585.873119 583.852987 581.832856 579.812725 577.792594 575.772463 573.752332 571.732201 569.712069 567.691938 565.671807 563.651676 561.631545 559.611414 557.591283 555.571152 553.551020 551.530889 549.510758 547.490627 545.470496 543.450365 541.430234
654.557577 652.537446 650.517315 648.497184 646.477052 644.456921 642.436790 640.416659 638.396528 636.376397 634.356266 632.336134 630.316003 628.295872 626.275741 624.255610 622.235479 620.215348 618.195217 616.175085 614.154954 612.134823 610.114692 608.094561 606.074430 604.054299 602.034168 600.014036 597.993905 595.973774 593.953643 591.933512 589.913381 587.893250 585.873119 583.852987 581.832856 579.812725 577.792594 575.772463 573.752332 571.732201 569.712069 567.691938 565.671807 563.651676 561.631545 559.611414 557.591283 555.571152 553.551020 551.530889 549.510758 547.490627 545.470496 543.450365 541.430234
654.557577 652.537446 650.517315 648.497184 646.477052 644.456921 642.436790 640.416659 638.396528 636.376397 634.356266 632.336134 630.316003 628.295872 626.275741 624.255610 622.235479 620.215348 618.195217 616.175085 614.154954 612.134823 610.114692 608.094561 606.074430 604.054299 602.034168 600.014036 597.993905 595.973774 593.953643 591.933512 589.913381 587.893250 585.873119 583.852987 581.832856 579.812725 577.792594 575.772463 573.752332 571.732201 569.712069 567.691938 565.671807 563.651676 561.631545 559.611414 557.591283 555.571152 553.551020 551.530889 549.510758 547.490627 545.470496 543.450365 541.430234
654.557577 652.537446 650.517315 648.497184 646.477052 644.456921 642.436790 640.416659 638.396528 636.376397 634.356266 632.336134 630.316003 628.295872 626.275741 624.255610 622.235479 620.215348 618.195217 616.175085 614.154954 612.134823 610.114692 608.094561 606.074430 604.054299 602.034168 600.014036 597.993905 595.973774 593.953643 591.933512 589.913381 587.893250 585.873119 583.852987 581.832856 579.812725 577.792594 575.772463 573.752332 571.732201 569.712069 567.691938 565.671807 563.651676 561.631545 559.611414 557.591283 555.571152 553.551020 551.530889 549.510758 547.490627 545.470496 543.450365 541.430234
654.557577 652.537446 650.517315 648.497184 646.477052 644.456921 642.436790 640.416659 638.396528 636.376397 634.356266 632.336134 630.316003 628.295872 626.275741 624.255610 622.235479 620.215348 618.195217 616.175085 614.154954 612.134823 610.114692 608.094561 606.074430 604.054299 602.034168 600.014036 597.993905 595.973774 593.953643 591.933512 589.913381 587.893250 585.873119 583.852987 581.832856 579.812725 577.792594 575.772463 573.752332 571.732201 569.712069 567.691938 565.671807 563.651676 561.631545 559.611414 557.591283 555.571152 553.551020 551.530889 549.510758 547.490627 545.470496 543.450365 541.430234
654.557577 652.537446 650.517315 648.497184 646.477052 644.456921 642.436790 640.416659 638.396528 636.376397 634.356266 632.336134 630.316003 628.295872 626.275741 624.255610 622.235479 620.215348 618.195217 616.175085 614.154954 612.134823 610.114692 608.094561 606.074430 604.054299 602.034168 600.014036 597.993905 595.973774 593.953643 591.933512 589.913381 587.893250 585.873119 583.852987 581.832856 579.812725 577.792594 575.772463 573.752332 571.732201 569.712069 567.691938 565.671807 563.651676 561.631545 559.611414 557.591283 555.571152 553.551020 551.530889 549.510758 547.490627 545.470496 543.450365 541.430234
654.557577 652.537446 650.517315 648.497184 646.477052 644.456921 642.436790 640.416659 638.396528 636.376397 634.356266 632.336134 630.316003 628.295872 626.275741 624.255610 622.235479 620.215348 618.195217 616.175085 614.154954 612.134823 610.114692 608.094561 606.074430 604.054299 602.034168 600.014036 597.993905 595.973774 593.953643 591.933512 589.913381 587.893250 585.873119 583.852987 581.832856 579.812725 577.792594 575.772463 573.752332 571.732201 569.712069 567.691938 565.671807 563.651676 561.631545 559.611414 557.591283 555.571152 553.551020 551.530889 549.510758 547.490627 545.470496 543.450365 541.430234
654.557577 652.537446 650.517315 648.497184 646.477052 644.456921 642.436790 640.416659 638.396528 636.376397 634.356266 632.336134 630.316003 628.295872 626.275741 624.255610 622.235479 620.215348 618.195217 616.175085 614.154954 612.134823 610.114692 608.094561 606.074430 604.054299 602.034168 600.014036 597.993905 595.973774 593.953643 591.933512 589.913381 587.893250 585.873119 583.852987 581.832856 579.812725 577.792594 575.772463 573.752332 571.732201 569.712069 567.691938 565.671807 563.651676 561.631545 559.611414 557.591283 555.571152 553.551020 551.530889 549.510758 547.490627 545.470496 543.450365 541.430234
654.557577 652.537446 650.517315 648.497184 646.477052 644.456921 642.436790 640.416659 638.396528 636.376397 634.356266 632.336134 630.316003 628.295872 626.275741 624.255610 622.235479 620.215348 618.195217 616.175085 614.154954 612.134823 610.114692 608.094561 606.074430 604.054299 602.034168 600.014036 597.993905 595.973774 593.953643 591.933512 589.913381 587.893250 585.873119 583.852987 581.832856 579.812725 577.792594 575.772463 573.752332 571.732201 569.712069 567.691938 565.671807 563.651676 561.631545 559.611414 557.591283 555.571152 553.551020 551.530889 549.510758 547.490627 545.470496 543.450365 541.430234
