avaframe/data/avaDamBreak/Inputs/DEM_IP_Topo.asc
nCols  241
nRows  161
xllcenter  -602.50
yllcenter -402.50
cellsize  5
nodata_value -9999.00
[rows 100 to 124 of 161, columns 0 to 56 of 241]
1000.000000 997.979869 995.959738 993.939607 991.919475 989.899344 987.879213 985.859082 983.838951 981.818820 979.798689 977.778558 975.758426 973.738295 971.718164 969.698033 967.677902 965.657771 963.637640 961.617509 959.597377 957.577246 955.557115 953.536984 951.516853 949.496722 947.476591 945.456460 943.436328 941.416197 939.396066 937.375935 935.355804 933.335673 931.315542 929.295410 927.275279 925.255148 923.235017 921.214886 919.194755 917.174624 915.154493 913.134361 911.114230 909.094099 907.073968 905.053837 903.033706 901.013575 898.993444 896.973312 894.953181 892.933050 890.912919 888.892788 886.872657
1000.000000 997.979869 995.959738 993.939607 991.919475 989.899344 987.879213 985.859082 983.838951 981.818820 979.798689 977.778558 975.758426 973.738295 971.718164 969.698033 967.677902 965.657771 963.637640 961.617509 959.597377 957.577246 955.557115 953.536984 951.516853 949.496722 947.476591 945.456460 943.436328 941.416197 939.396066 937.375935 935.355804 933.335673 931.315542 929.295410 927.275279 925.255148 923.235017 921.214886 919.194755 917.174624 915.154493 913.134361 911.114230 909.094099 907.073968 905.053837 903.033706 901.013575 898.993444 896.973312 894.953181 892.933050 890.912919 888.892788 886.872657
1000.000000 997.979869 995.959738 993.939607 991.919475 989.899344 987.879213 985.859082 983.838951 981.818820 979.798689 977.778558 975.758426 973.738295 971.718164 969.698033 967.677902 965.657771 963.637640 961.617509 959.597377 957.577246 955.557115 953.536984 951.516853 949.496722 947.476591 945.456460 943.436328 941.416197 939.396066 937.375935 935.355804 933.335673 931.315542 929.295410 927.275279 925.255148 923.235017 921.214886 919.194755 917.174624 915.154493 913.134361 911.114230 909.094099 907.073968 905.053837 903.033706 901.013575 898.993444 896.973312 894.953181 892.933050 890.912919 888.892788 886.872657
1000.000000 997.979869 995.959738 993.939607 991.919475 989.899344 987.879213 985.859082 983.838951 981.818820 979.798689 977.778558 975.758426 973.738295 971.718164 969.698033 967.677902 965.657771 963.637640 961.617509 959.597377 957.577246 955.557115 953.536984 951.516853 949.496722 947.476591 945.456460 943.436328 941.416197 939.396066 937.375935 935.355804 933.335673 931.315542 929.295410 927.275279 925.255148 923.235017 921.214886 919.194755 917.174624 915.154493 913.134361 911.114230 909.094099 907.073968 905.053837 903.033706 901.013575 898.993444 896.973312 894.953181 892.933050 890.912919 888.892788 886.872657
1000.000000 997.979869 995.959738 993.939607 991.919475 989.899344 987.879213 985.859082 983.838951 981.818820 979.798689 977.778558 975.758426 973.738295 971.718164 969.698033 967.677902 965.657771 963.637640 961.617509 959.597377 957.577246 955.557115 953.536984 951.516853 949.496722 947.476591 945.456460 943.436328 941.416197 939.396066 937.375935 935.355804 933.335673 931.315542 929.295410 927.275279 925.255148 923.235017 921.214886 919.194755 917.174624 915.154493 913.134361 911.114230 909.094099 907.073968 905.053837 903.033706 901.013575 898.993444 896.973312 894.953181 892.933050 890.912919 888.892788 886.872657
1000.000000 997.979869 995.959738 993.939607 991.919475 989.899344 987.879213 985.859082 983.838951 981.818820 979.798689 977.778558 975.758426 973.738295 971.718164 969.698033 967.677902 965.657771 963.637640 961.617509 959.597377 957.577246 955.557115 953.536984 951.516853 949.496722 947.476591 945.456460 943.436328 941.416197 939.396066 937.375935 935.355804 933.335673 931.315542 929.295410 927.275279 925.255148 923.235017 921.214886 919.194755 917.174624 915.154493 913.134361 911.114230 909.094099 907.073968 905.053837 903.033706 901.013575 898.993444 896.973312 894.953181 892.933050 890.912919 888.892788 886.872657
1000.000000 997.979869 995.959738 993.939607 991.919475 989.899344 987.879213 985.859082 983.838951 981.818820 979.798689 977.778558 975.758426 973.738295 971.718164 969.698033 967.677902 965.657771 963.637640 961.617509 959.597377 957.577246 955.557115 953.536984 951.516853 949.496722 947.476591 945.456460 943.436328 941.416197 939.396066 937.375935 935.355804 933.335673 931.315542 929.295410 927.275279 925.255148 923.235017 921.214886 919.194755 917.174624 915.154493 913.134361 911.114230 909.094099 907.073968 905.053837 903.033706 901.013575 898.993444 896.973312 894.953181 892.933050 890.912919 888.892788 886.872657
1000.000000 997.979869 995.959738 993.939607 991.919475 989.899344 987.879213 985.859082 983.838951 981.818820 979.798689 977.778558 975.758426 973.738295 971.718164 969.698033 967.677902 965.657771 963.637640 961.617509 959.597377 957.577246 955.557115 953.536984 951.516853 949.496722 947.476591 945.456460 943.436328 941.416197 939.396066 937.375935 935.355804 933.335673 931.315542 929.295410 927.275279 925.255148 923.235017 921.214886 919.194755 917.174624 915.154493 913.134361 911.114230 909.094099 907.073968 905.053837 903.033706 901.013575 898.993444 896.973312 894.953181 892.933050 890.912919 888.892788 886.872657
1000.000000 997.979869 995.959738 993.939607 991.919475 989.899344 987.879213 985.859082 983.838951 981.818820 979.798689 977.778558 975.758426 973.738295 971.718164 969.698033 967.677902 965.657771 963.637640 961.617509 959.597377 957.577246 955.557115 953.536984 951.516853 949.496722 947.476591 945.456460 943.436328 941.416197 939.396066 937.375935 935.355804 933.335673 931.315542 929.295410 927.275279 925.255148 923.235017 921.214886 919.194755 917.174624 915.154493 913.134361 911.114230 909.094099 907.073968 905.053837 903.033706 901.013575 898.993444 896.973312 894.953181 892.933050 890.912919 888.892788 886.872657
1000.000000 997.979869 995.959738 993.939607 991.919475 989.899344 987.879213 985.859082 983.838951 981.818820 979.798689 977.778558 975.758426 973.738295 971.718164 969.698033 967.677902 965.657771 963.637640 961.617509 959.597377 957.577246 955.557115 953.536984 951.516853 949.496722 947.476591 945.456460 943.436328 941.416197 939.396066 937.375935 935.355804 933.335673 931.315542 929.295410 927.275279 925.255148 923.235017 921.214886 919.194755 917.174624 915.154493 913.134361 911.114230 909.094099 907.073968 905.053837 903.033706 901.013575 898.993444 896.973312 894.953181 892.933050 890.912919 888.892788 886.872657
1000.000000 997.979869 995.959738 993.939607 991.919475 989.899344 987.879213 985.859082 983.838951 981.818820 979.798689 977.778558 975.758426 973.738295 971.718164 969.698033 967.677902 965.657771 963.637640 961.617509 959.597377 957.577246 955.557115 953.536984 951.516853 949.496722 947.476591 945.456460 943.436328 941.416197 939.396066 937.375935 935.355804 933.335673 931.315542 929.295410 927.275279 925.255148 923.235017 921.214886 919.194755 917.174624 915.154493 913.134361 911.114230 909.094099 907.073968 905.053837 903.033706 901.013575 898.993444 896.973312 894.953181 892.933050 890.912919 888.892788 886.872657
1000.000000 997.979869 995.959738 993.939607 991.919475 989.899344 987.879213 985.859082 983.838951 981.818820 979.798689 977.778558 975.758426 973.738295 971.718164 969.698033 967.677902 965.657771 963.637640 961.617509 959.597377 957.577246 955.557115 953.536984 951.516853 949.496722 947.476591 945.456460 943.436328 941.416197 939.396066 937.375935 935.355804 933.335673 931.315542 929.295410 927.275279 925.255148 923.235017 921.214886 919.194755 917.174624 915.154493 913.134361 911.114230 909.094099 907.073968 905.053837 903.033706 901.013575 898.993444 896.973312 894.953181 892.933050 890.912919 888.892788 886.872657
1000.000000 997.979869 995.959738 993.939607 991.919475 989.899344 987.879213 985.859082 983.838951 981.818820 979.798689 977.778558 975.758426 973.738295 971.718164 969.698033 967.677902 965.657771 963.637640 961.617509 959.597377 957.577246 955.557115 953.536984 951.516853 949.496722 947.476591 945.456460 943.436328 941.416197 939.396066 937.375935 935.355804 933.335673 931.315542 929.295410 927.275279 925.255148 923.235017 921.214886 919.194755 917.174624 915.154493 913.134361 911.114230 909.094099 907.073968 905.053837 903.033706 901.013575 898.993444 896.973312 894.953181 892.933050 890.912919 888.892788 886.872657
1000.000000 997.979869 995.959738 993.939607 991.919475 989.899344 987.879213 985.859082 983.838951 981.818820 979.798689 977.778558 975.758426 973.738295 971.718164 969.698033 967.677902 965.657771 963.637640 961.617509 959.597377 957.577246 955.557115 953.536984 951.516853 949.496722 947.476591 945.456460 943.436328 941.416197 939.396066 937.375935 935.355804 933.335673 931.315542 929.295410 927.275279 925.255148 923.235017 921.214886 919.194755 917.174624 915.154493 913.134361 911.114230 909.094099 907.073968 905.053837 903.033706 901.013575 898.993444 896.973312 894.953181 892.933050 890.912919 888.892788 886.872657
1000.000000 997.979869 995.959738 993.939607 991.919475 989.899344 987.879213 985.859082 983.838951 981.818820 979.798689 977.778558 975.758426 973.738295 971.718164 969.698033 967.677902 965.657771 963.637640 961.617509 959.597377 957.577246 955.557115 953.536984 951.516853 949.496722 947.476591 945.456460 943.436328 941.416197 939.396066 937.375935 935.355804 933.335673 931.315542 929.295410 927.275279 925.255148 923.235017 921.214886 919.194755 917.174624 915.154493 913.134361 911.114230 909.094099 907.073968 905.053837 903.033706 901.013575 898.993444 896.973312 894.953181 892.933050 890.912919 888.892788 886.872657
1000.000000 997.979869 995.959738 993.939607 991.919475 989.899344 987.879213 985.859082 983.838951 981.818820 979.798689 977.778558 975.758426 973.738295 971.718164 969.698033 967.677902 965.657771 963.637640 961.617509 959.597377 957.577246 955.557115 953.536984 951.516853 949.496722 947.476591 945.456460 943.436328 941.416197 939.396066 937.375935 935.355804 933.335673 931.315542 929.295410 927.275279 925.255148 923.235017 921.214886 919.194755 917.174624 915.154493 913.134361 911.114230 909.094099 907.073968 905.053837 903.033706 901.013575 898.993444 896.973312 894.953181 892.933050 890.912919 888.892788 886.872657
1000.000000 997.979869 995.959738 993.939607 991.919475 989.899344 987.879213 985.859082 983.838951 981.818820 979.798689 977.778558 975.758426 973.738295 971.718164 969.698033 967.677902 965.657771 963.637640 961.617509 959.597377 957.577246 955.557115 953.536984 951.516853 949.496722 947.476591 945.456460 943.436328 941.416197 939.396066 937.375935 935.355804 933.335673 931.315542 929.295410 927.275279 925.255148 923.235017 921.214886 919.194755 917.174624 915.154493 913.134361 911.114230 909.094099 907.073968 905.053837 903.033706 901.013575 898.993444 896.973312 894.953181 892.933050 890.912919 888.892788 886.872657
1000.000000 997.979869 995.959738 993.939607 991.919475 989.899344 987.879213 985.859082 983.838951 981.818820 979.798689 977.778558 975.758426 973.738295 971.718164 969.698033 967.677902 965.657771 963.637640 961.617509 959.597377 957.577246 955.557115 953.536984 951.516853 949.496722 947.476591 945.456460 943.436328 941.416197 939.396066 937.375935 935.355804 933.335673 931.315542 929.295410 927.275279 925.255148 923.235017 921.214886 919.194755 917.174624 915.154493 913.134361 911.114230 909.094099 907.073968 905.053837 903.033706 901.013575 898.993444 896.973312 894.953181 892.933050 890.912919 888.892788 886.872657
1000.000000 997.979869 995.959738 993.939607 991.919475 989.899344 987.879213 985.859082 983.838951 981.818820 979.798689 977.778558 975.758426 973.738295 971.718164 969.698033 967.677902 965.657771 963.637640 961.617509 959.597377 957.577246 955.557115 953.536984 951.516853 949.496722 947.476591 945.456460 943.436328 941.416197 939.396066 937.375935 935.355804 933.335673 931.315542 929.295410 927.275279 925.255148 923.235017 921.214886 919.194755 917.174624 915.154493 913.134361 911.114230 909.094099 907.073968 905.053837 903.033706 901.013575 898.993444 896.973312 894.953181 892.933050 890.912919 888.892788 886.872657
1000.000000 997.979869 995.959738 993.939607 991.919475 989.899344 987.879213 985.859082 983.838951 981.818820 979.798689 977.778558 975.758426 973.738295 971.718164 969.698033 967.677902 965.657771 963.637640 961.617509 959.597377 957.577246 955.557115 953.536984 951.516853 949.496722 947.476591 945.456460 943.436328 941.416197 939.396066 937.375935 935.355804 933.335673 931.315542 929.295410 927.275279 925.255148 923.235017 921.214886 919.194755 917.174624 915.154493 913.134361 911.114230 909.094099 907.073968 905.053837 903.033706 901.013575 898.993444 896.973312 894.953181 892.933050 890.912919 888.892788 886.872657
1000.000000 997.979869 995.959738 993.939607 991.919475 989.899344 987.879213 985.859082 983.838951 981.818820 979.798689 977.778558 975.758426 973.738295 971.718164 969.698033 967.677902 965.657771 963.637640 961.617509 959.597377 957.577246 955.557115 953.536984 951.516853 949.496722 947.476591 945.456460 943.436328 941.416197 939.396066 937.375935 935.355804 933.335673 931.315542 929.295410 927.275279 925.255148 923.235017 921.214886 919.194755 917.174624 915.154493 913.134361 911.114230 909.094099 907.073968 905.053837 903.033706 901.013575 898.993444 896.973312 894.953181 892.933050 890.912919 888.892788 886.872657
1000.000000 997.979869 995.959738 993.939607 991.919475 989.899344 987.879213 985.859082 983.838951 981.818820 979.798689 977.778558 975.758426 973.738295 971.718164 969.698033 967.677902 965.657771 963.637640 961.617509 959.597377 957.577246 955.557115 953.536984 951.516853 949.496722 947.476591 945.456460 943.436328 941.416197 939.396066 937.375935 935.355804 933.335673 931.315542 929.295410 927.275279 925.255148 923.235017 921.214886 919.194755 917.174624 915.154493 913.134361 911.114230 909.094099 907.073968 905.053837 903.033706 901.013575 898.993444 896.973312 894.953181 892.933050 890.912919 888.892788 886.872657
1000.000000 997.979869 995.959738 993.939607 991.919475 989.899344 987.879213 985.859082 983.838951 981.818820 979.798689 977.778558 975.758426 973.738295 971.718164 969.698033 967.677902 965.657771 963.637640 961.617509 959.597377 957.577246 955.557115 953.536984 951.516853 949.496722 947.476591 945.456460 943.436328 941.416197 939.396066 937.375935 935.355804 933.335673 931.315542 929.295410 927.275279 925.255148 923.235017 921.214886 919.194755 917.174624 915.154493 913.134361 911.114230 909.094099 907.073968 905.053837 903.033706 901.013575 898.993444 896.973312 894.953181 892.933050 890.912919 888.892788 886.872657
1000.000000 997.979869 995.959738 993.939607 991.919475 989.899344 987.879213 985.859082 983.838951 981.818820 979.798689 977.778558 975.758426 973.738295 971.718164 969.698033 967.677902 965.657771 963.637640 961.617509 959.597377 957.577246 955.557115 953.536984 951.516853 949.496722 947.476591 945.456460 943.436328 941.416197 939.396066 937.375935 935.355804 933.335673 931.315542 929.295410 927.275279 925.255148 923.235017 921.214886 919.194755 917.174624 915.154493 913.134361 911.114230 909.094099 907.073968 905.053837 903.033706 901.013575 898.993444 896.973312 894.953181 892.933050 890.912919 888.892788 886.872657
1000.000000 997.979869 995.959738 993.939607 991.919475 989.899344 987.879213 985.859082 983.838951 981.818820 979.798689 977.778558 975.758426 973.738295 971.718164 969.698033 967.677902 965.657771 963.637640 961.617509 959.597377 957.577246 955.557115 953.536984 951.516853 949.496722 947.476591 945.456460 943.436328 941.416197 939.396066 937.375935 935.355804 933.335673 931.315542 929.295410 927.275279 925.255148 923.235017 921.214886 919.194755 917.174624 915.154493 913.134361 911.114230 909.094099 907.073968 905.053837 903.033706 901.013575 898.993444 896.973312 894.953181 892.933050 890.912919 888.892788 886.872657
