avaframe/data/avaDamBreak/Inputs/DEM_IP_Topo.asc
nCols  242
nRows  162
xllcenter  -602.50
yllcenter -402.50
cellsize  5.00
nodata_value -9999.00
[rows 96 to 119 of 162, columns 108 to 161 of 242]
1959.576510 1957.350367 1955.124223 1952.898080 1950.671936 1948.445793 1946.219649 1943.993506 1941.767363 1939.541219 1937.315076 1935.088932 1932.862789 1930.636645 1928.410502 1926.184359 1923.958215 1921.732072 1919.505928 1917.279785 1915.053641 1912.827498 1910.601355 1908.375211 1906.149068 1903.922924 1901.696781 1899.470637 1897.244494 1895.018351 1892.792207 1890.566064 1888.339920 1886.113777 1883.887633 1881.661490 1879.435347 1877.209203 1874.983060 1872.756916 1870.530773 1868.304629 1866.078486 1863.852343 1861.626199 1859.400056 1857.173912 1854.947769 1852.721625 1850.495482 1848.269339 1846.043195 1843.817052 1841.590908
1959.576510 1957.350367 1955.124223 1952.898080 1950.671936 1948.445793 1946.219649 1943.993506 1941.767363 1939.541219 1937.315076 1935.088932 1932.862789 1930.636645 1928.410502 1926.184359 1923.958215 1921.732072 1919.505928 1917.279785 1915.053641 1912.827498 1910.601355 1908.375211 1906.149068 1903.922924 1901.696781 1899.470637 1897.244494 1895.018351 1892.792207 1890.566064 1888.339920 1886.113777 1883.887633 1881.661490 1879.435347 1877.209203 1874.983060 1872.756916 1870.530773 1868.304629 1866.078486 1863.852343 1861.626199 1859.400056 1857.173912 1854.947769 1852.721625 1850.495482 1848.269339 1846.043195 1843.817052 1841.590908
1959.576510 1957.350367 1955.124223 1952.898080 1950.671936 1948.445793 1946.219649 1943.993506 1941.767363 1939.541219 1937.315076 1935.088932 1932.862789 1930.636645 1928.410502 1926.184359 1923.958215 1921.732072 1919.505928 1917.279785 1915.053641 1912.827498 1910.601355 1908.375211 1906.149068 1903.922924 1901.696781 1899.470637 1897.244494 1895.018351 1892.792207 1890.566064 1888.339920 1886.113777 1883.887633 1881.661490 1879.435347 1877.209203 1874.983060 1872.756916 1870.530773 1868.304629 1866.078486 1863.852343 1861.626199 1859.400056 1857.173912 1854.947769 1852.721625 1850.495482 1848.269339 1846.043195 1843.817052 1841.590908
1959.576510 1957.350367 1955.124223 1952.898080 1950.671936 1948.445793 1946.219649 1943.993506 1941.767363 1939.541219 1937.315076 1935.088932 1932.862789 1930.636645 1928.410502 1926.184359 1923.958215 1921.732072 1919.505928 1917.279785 1915.053641 1912.827498 1910.601355 1908.375211 1906.149068 1903.922924 1901.696781 1899.470637 1897.244494 1895.018351 1892.792207 1890.566064 1888.339920 1886.113777 1883.887633 1881.661490 1879.435347 1877.209203 1874.983060 1872.756916 1870.530773 1868.304629 1866.078486 1863.852343 1861.626199 1859.400056 1857.173912 1854.947769 1852.721625 1850.495482 1848.269339 1846.043195 1843.817052 1841.590908
1959.576510 1957.350367 1955.124223 1952.898080 1950.671936 1948.445793 1946.219649 1943.993506 1941.767363 1939.541219 1937.315076 1935.088932 1932.862789 1930.636645 1928.410502 1926.184359 1923.958215 1921.732072 1919.505928 1917.279785 1915.053641 1912.827498 1910.601355 1908.375211 1906.149068 1903.922924 1901.696781 1899.470637 1897.244494 1895.018351 1892.792207 1890.566064 1888.339920 1886.113777 1883.887633 1881.661490 1879.435347 1877.209203 1874.983060 1872.756916 1870.530773 1868.304629 1866.078486 1863.852343 1861.626199 1859.400056 1857.173912 1854.947769 1852.721625 1850.495482 1848.269339 1846.043195 1843.817052 1841.590908
1959.576510 1957.350367 1955.124223 1952.898080 1950.671936 1948.445793 1946.219649 1943.993506 1941.767363 1939.541219 1937.315076 1935.088932 1932.862789 1930.636645 1928.410502 1926.184359 1923.958215 1921.732072 1919.505928 1917.279785 1915.053641 1912.827498 1910.601355 1908.375211 1906.149068 1903.922924 1901.696781 1899.470637 1897.244494 1895.018351 1892.792207 1890.566064 1888.339920 1886.113777 1883.887633 1881.661490 1879.435347 1877.209203 1874.983060 1872.756916 1870.530773 1868.304629 1866.078486 1863.852343 1861.626199 1859.400056 1857.173912 1854.947769 1852.721625 1850.495482 1848.269339 1846.043195 1843.817052 1841.590908
1959.576510 1957.350367 1955.124223 1952.898080 1950.671936 1948.445793 1946.219649 1943.993506 1941.767363 1939.541219 1937.315076 1935.088932 1932.862789 1930.636645 1928.410502 1926.184359 1923.958215 1921.732072 1919.505928 1917.279785 1915.053641 1912.827498 1910.601355 1908.375211 1906.149068 1903.922924 1901.696781 1899.470637 1897.244494 1895.018351 1892.792207 1890.566064 1888.339920 1886.113777 1883.887633 1881.661490 1879.435347 1877.209203 1874.983060 1872.756916 1870.530773 1868.304629 1866.078486 1863.852343 1861.626199 1859.400056 1857.173912 1854.947769 1852.721625 1850.495482 1848.269339 1846.043195 1843.817052 1841.590908
1959.576510 1957.350367 1955.124223 1952.898080 1950.671936 1948.445793 1946.219649 1943.993506 1941.767363 1939.541219 1937.315076 1935.088932 1932.862789 1930.636645 1928.410502 1926.184359 1923.958215 1921.732072 1919.505928 1917.279785 1915.053641 1912.827498 1910.601355 1908.375211 1906.149068 1903.922924 1901.696781 1899.470637 1897.244494 1895.018351 1892.792207 1890.566064 1888.339920 1886.113777 1883.887633 1881.661490 1879.435347 1877.209203 1874.983060 1872.756916 1870.530773 1868.304629 1866.078486 1863.852343 1861.626199 1859.400056 1857.173912 1854.947769 1852.721625 1850.495482 1848.269339 1846.043195 1843.817052 1841.590908
1959.576510 1957.350367 1955.124223 1952.898080 1950.671936 1948.445793 1946.219649 1943.993506 1941.767363 1939.541219 1937.315076 1935.088932 1932.862789 1930.636645 1928.410502 1926.184359 1923.958215 1921.732072 1919.505928 1917.279785 1915.053641 1912.827498 1910.601355 1908.375211 1906.149068 1903.922924 1901.696781 1899.470637 1897.244494 1895.018351 1892.792207 1890.566064 1888.339920 1886.113777 1883.887633 1881.661490 1879.435347 1877.209203 1874.983060 1872.756916 1870.530773 1868.304629 1866.078486 1863.852343 1861.626199 1859.400056 1857.173912 1854.947769 1852.721625 1850.495482 1848.269339 1846.043195 1843.817052 1841.590908
1959.576510 1957.350367 1955.124223 1952.898080 1950.671936 1948.445793 1946.219649 1943.993506 1941.767363 1939.541219 1937.315076 1935.088932 1932.862789 1930.636645 1928.410502 1926.184359 1923.958215 1921.732072 1919.505928 1917.279785 1915.053641 1912.827498 1910.601355 1908.375211 1906.149068 1903.922924 1901.696781 1899.470637 1897.244494 1895.018351 1892.792207 1890.566064 1888.339920 1886.113777 1883.887633 1881.661490 1879.435347 1877.209203 1874.983060 1872.756916 1870.530773 1868.304629 1866.078486 1863.852343 1861.626199 1859.400056 1857.173912 1854.947769 1852.721625 1850.495482 1848.269339 1846.043195 1843.817052 1841.590908
1959.576510 1957.350367 1955.124223 1952.898080 1950.671936 1948.445793 1946.219649 1943.993506 1941.767363 1939.541219 1937.315076 1935.088932 1932.862789 1930.636645 1928.410502 1926.184359 1923.958215 1921.732072 1919.505928 1917.279785 1915.053641 1912.827498 1910.601355 1908.375211 1906.149068 1903.922924 1901.696781 1899.470637 1897.244494 1895.018351 1892.792207 1890.566064 1888.339920 1886.113777 1883.887633 1881.661490 1879.435347 1877.209203 1874.983060 1872.756916 1870.530773 1868.304629 1866.078486 1863.852343 1861.626199 1859.400056 1857.173912 1854.947769 1852.721625 1850.495482 1848.269339 1846.043195 1843.817052 1841.590908
1959.576510 1957.350367 1955.124223 1952.898080 1950.671936 1948.445793 1946.219649 1943.993506 1941.767363 1939.541219 1937.315076 1935.088932 1932.862789 1930.636645 1928.410502 1926.184359 1923.958215 1921.732072 1919.505928 1917.279785 1915.053641 1912.827498 1910.601355 1908.375211 1906.149068 1903.922924 1901.696781 1899.470637 1897.244494 1895.018351 1892.792207 1890.566064 1888.339920 1886.113777 1883.887633 1881.661490 1879.435347 1877.209203 1874.983060 1872.756916 1870.530773 1868.304629 1866.078486 1863.852343 1861.626199 1859.400056 1857.173912 1854.947769 1852.721625 1850.495482 1848.269339 1846.043195 1843.817052 1841.590908
1959.576510 1957.350367 1955.124223 1952.898080 1950.671936 1948.445793 1946.219649 1943.993506 1941.767363 1939.541219 1937.315076 1935.088932 1932.862789 1930.636645 1928.410502 1926.184359 1923.958215 1921.732072 1919.505928 1917.279785 1915.053641 1912.827498 1910.601355 1908.375211 1906.149068 1903.922924 1901.696781 1899.470637 1897.244494 1895.018351 1892.792207 1890.566064 1888.339920 1886.113777 1883.887633 1881.661490 1879.435347 1877.209203 1874.983060 1872.756916 1870.530773 1868.304629 1866.078486 1863.852343 1861.626199 1859.400056 1857.173912 1854.947769 1852.721625 1850.495482 1848.269339 1846.043195 1843.817052 1841.590908
1959.576510 1957.350367 1955.124223 1952.898080 1950.671936 1948.445793 1946.219649 1943.993506 1941.767363 1939.541219 1937.315076 1935.088932 1932.862789 1930.636645 1928.410502 1926.184359 1923.958215 1921.732072 1919.505928 1917.279785 1915.053641 1912.827498 1910.601355 1908.375211 1906.149068 1903.922924 1901.696781 1899.470637 1897.244494 1895.018351 1892.792207 1890.566064 1888.339920 1886.113777 1883.887633 1881.661490 1879.435347 1877.209203 1874.983060 1872.756916 1870.530773 1868.304629 1866.078486 1863.852343 1861.626199 1859.400056 1857.173912 1854.947769 1852.721625 1850.495482 1848.269339 1846.043195 1843.817052 1841.590908
1959.576510 1957.350367 1955.124223 1952.898080 1950.671936 1948.445793 1946.219649 1943.993506 1941.767363 1939.541219 1937.315076 1935.088932 1932.862789 1930.636645 1928.410502 1926.184359 1923.958215 1921.732072 1919.505928 1917.279785 1915.053641 1912.827498 1910.601355 1908.375211 1906.149068 1903.922924 1901.696781 1899.470637 1897.244494 1895.018351 1892.792207 1890.566064 1888.339920 1886.113777 1883.887633 1881.661490 1879.435347 1877.209203 1874.983060 1872.756916 1870.530773 1868.304629 1866.078486 1863.852343 1861.626199 1859.400056 1857.173912 1854.947769 1852.721625 1850.495482 1848.269339 1846.043195 1843.817052 1841.590908
1959.576510 1957.350367 1955.124223 1952.898080 1950.671936 1948.445793 1946.219649 1943.993506 1941.767363 1939.541219 1937.315076 1935.088932 1932.862789 1930.636645 1928.410502 1926.184359 1923.958215 1921.732072 1919.505928 1917.279785 1915.053641 1912.827498 1910.601355 1908.375211 1906.149068 1903.922924 1901.696781 1899.470637 1897.244494 1895.018351 1892.792207 1890.566064 1888.339920 1886.113777 1883.887633 1881.661490 1879.435347 1877.209203 1874.983060 1872.756916 1870.530773 1868.304629 1866.078486 1863.852343 1861.626199 1859.400056 1857.173912 1854.947769 1852.721625 1850.495482 1848.269339 1846.043195 1843.817052 1841.590908
1959.576510 1957.350367 1955.124223 1952.898080 1950.671936 1948.445793 1946.219649 1943.993506 1941.767363 1939.541219 1937.315076 1935.088932 1932.862789 1930.636645 1928.410502 1926.184359 1923.958215 1921.732072 1919.505928 1917.279785 1915.053641 1912.827498 1910.601355 1908.375211 1906.149068 1903.922924 1901.696781 1899.470637 1897.244494 1895.018351 1892.792207 1890.566064 1888.339920 1886.113777 1883.887633 1881.661490 1879.435347 1877.209203 1874.983060 1872.756916 1870.530773 1868.304629 1866.078486 1863.852343 1861.626199 1859.400056 1857.173912 1854.947769 1852.721625 1850.495482 1848.269339 1846.043195 1843.817052 1841.590908
1959.576510 1957.350367 1955.124223 1952.898080 1950.671936 1948.445793 1946.219649 1943.993506 1941.767363 1939.541219 1937.315076 1935.088932 1932.862789 1930.636645 1928.410502 1926.184359 1923.958215 1921.732072 1919.505928 1917.279785 1915.053641 1912.827498 1910.601355 1908.375211 1906.149068 1903.922924 1901.696781 1899.470637 1897.244494 1895.018351 1892.792207 1890.566064 1888.339920 1886.113777 1883.887633 1881.661490 1879.435347 1877.209203 1874.983060 1872.756916 1870.530773 1868.304629 1866.078486 1863.852343 1861.626199 1859.400056 1857.173912 1854.947769 1852.721625 1850.495482 1848.269339 1846.043195 1843.817052 1841.590908
1959.576510 1957.350367 1955.124223 1952.898080 1950.671936 1948.445793 1946.219649 1943.993506 1941.767363 1939.541219 1937.315076 1935.088932 1932.862789 1930.636645 1928.410502 1926.184359 1923.958215 1921.732072 1919.505928 1917.279785 1915.053641 1912.827498 1910.601355 1908.375211 1906.149068 1903.922924 1901.696781 1899.470637 1897.244494 1895.018351 1892.792207 1890.566064 1888.339920 1886.113777 1883.887633 1881.661490 1879.435347 1877.209203 1874.983060 1872.756916 1870.530773 1868.304629 1866.078486 1863.852343 1861.626199 1859.400056 1857.173912 1854.947769 1852.721625 1850.495482 1848.269339 1846.043195 1843.817052 1841.590908
1959.576510 1957.350367 1955.124223 1952.898080 1950.671936 1948.445793 1946.219649 1943.993506 1941.767363 1939.541219 1937.315076 1935.088932 1932.862789 1930.636645 1928.410502 1926.184359 1923.958215 1921.732072 1919.505928 1917.279785 1915.053641 1912.827498 1910.601355 1908.375211 1906.149068 1903.922924 1901.696781 1899.470637 1897.244494 1895.018351 1892.792207 1890.566064 1888.339920 1886.113777 1883.887633 1881.661490 1879.435347 1877.209203 1874.983060 1872.756916 1870.530773 1868.304629 1866.078486 1863.852343 1861.626199 1859.400056 1857.173912 1854.947769 1852.721625 1850.495482 1848.269339 1846.043195 1843.817052 1841.590908
1959.576510 1957.350367 1955.124223 1952.898080 1950.671936 1948.445793 1946.219649 1943.993506 1941.767363 1939.541219 1937.315076 1935.088932 1932.862789 1930.636645 1928.410502 1926.184359 1923.958215 1921.732072 1919.505928 1917.279785 1915.053641 1912.827498 1910.601355 1908.375211 1906.149068 1903.922924 1901.696781 1899.470637 1897.244494 1895.018351 1892.792207 1890.566064 1888.339920 1886.113777 1883.887633 1881.661490 1879.435347 1877.209203 1874.983060 1872.756916 1870.530773 1868.304629 1866.078486 1863.852343 1861.626199 1859.400056 1857.173912 1854.947769 1852.721625 1850.495482 1848.269339 1846.043195 1843.817052 1841.590908
1959.576510 1957.350367 1955.124223 1952.898080 1950.671936 1948.445793 1946.219649 1943.993506 1941.767363 1939.541219 1937.315076 1935.088932 1932.862789 1930.636645 1928.410502 1926.184359 1923.958215 1921.732072 1919.505928 1917.279785 1915.053641 1912.827498 1910.601355 1908.375211 1906.149068 1903.922924 1901.696781 1899.470637 1897.244494 1895.018351 1892.792207 1890.566064 1888.339920 1886.113777 1883.887633 1881.661490 1879.435347 1877.209203 1874.983060 1872.756916 1870.530773 1868.304629 1866.078486 1863.852343 1861.626199 1859.400056 1857.173912 1854.947769 1852.721625 1850.495482 1848.269339 1846.043195 1843.817052 1841.590908
1959.576510 1957.350367 1955.124223 1952.898080 1950.671936 1948.445793 1946.219649 1943.993506 1941.767363 1939.541219 1937.315076 1935.088932 1932.862789 1930.636645 1928.410502 1926.184359 1923.958215 1921.732072 1919.505928 1917.279785 1915.053641 1912.827498 1910.601355 1908.375211 1906.149068 1903.922924 1901.696781 1899.470637 1897.244494 1895.018351 1892.792207 1890.566064 1888.339920 1886.113777 1883.887633 1881.661490 1879.435347 1877.209203 1874.983060 1872.756916 1870.530773 1868.304629 1866.078486 1863.852343 1861.626199 1859.400056 1857.173912 1854.947769 1852.721625 1850.495482 1848.269339 1846.043195 1843.817052 1841.590908
1959.576510 1957.350367 1955.124223 1952.898080 1950.671936 1948.445793 1946.219649 1943.993506 1941.767363 1939.541219 1937.315076 1935.088932 1932.862789 1930.636645 1928.410502 1926.184359 1923.958215 1921.732072 1919.505928 1917.279785 1915.053641 1912.827498 1910.601355 1908.375211 1906.149068 1903.922924 1901.696781 1899.470637 1897.244494 1895.018351 1892.792207 1890.566064 1888.339920 1886.113777 1883.887633 1881.661490 1879.435347 1877.209203 1874.983060 1872.756916 1870.530773 1868.304629 1866.078486 1863.852343 1861.626199 1859.400056 1857.173912 1854.947769 1852.721625 1850.495482 1848.269339 1846.043195 1843.817052 1841.590908
