avaframe/data/avaDamBreak/Inputs/DEM_IP_Topo.asc
nCols  242
nRows  162
xllcenter  -602.50
yllcenter -402.50
cellsize  5.00
nodata_value -9999.00
[rows 72 to 95 of 162, columns 0 to 53 of 242]
2200.000000 2197.773857 2195.547713 2193.321570 2191.095426 2188.869283 2186.643139 2184.416996 2182.190853 2179.964709 2177.738566 2175.512422 2173.286279 2171.060135 2168.833992 2166.607849 2164.381705 2162.155562 2159.929418 2157.703275 2155.477131 2153.250988 2151.024845 2148.798701 2146.572558 2144.346414 2142.120271 2139.894127 2137.667984 2135.441841 2133.215697 2130.989554 2128.763410 2126.537267 2124.311123 2122.084980 2119.858837 2117.632693 2115.406550 2113.180406 2110.954263 2108.728120 2106.501976 2104.275833 2102.049689 2099.823546 2097.597402 2095.371259 2093.145116 2090.918972 2088.692829 2086.466685 2084.240542 2082.014398
2200.000000 2197.773857 2195.547713 2193.321570 2191.095426 2188.869283 2186.643139 2184.416996 2182.190853 2179.964709 2177.738566 2175.512422 2173.286279 2171.060135 2168.833992 2166.607849 2164.381705 2162.155562 2159.929418 2157.703275 2155.477131 2153.250988 2151.024845 2148.798701 2146.572558 2144.346414 2142.120271 2139.894127 2137.667984 2135.441841 2133.215697 2130.989554 2128.763410 2126.537267 2124.311123 2122.084980 2119.858837 2117.632693 2115.406550 2113.180406 2110.954263 2108.728120 2106.501976 2104.275833 2102.049689 2099.823546 2097.597402 2095.371259 2093.145116 2090.918972 2088.692829 2086.466685 2084.240542 2082.014398
2200.000000 2197.773857 2195.547713 2193.321570 2191.095426 2188.869283 2186.643139 2184.416996 2182.190853 2179.964709 2177.738566 2175.512422 2173.286279 2171.060135 2168.833992 2166.607849 2164.381705 2162.155562 2159.929418 2157.703275 2155.477131 2153.250988 2151.024845 2148.798701 2146.572558 2144.346414 2142.120271 2139.894127 2137.667984 2135.441841 2133.215697 2130.989554 2128.763410 2126.537267 2124.311123 2122.084980 2119.858837 2117.632693 2115.406550 2113.180406 2110.954263 2108.728120 2106.501976 2104.275833 2102.049689 2099.823546 2097.597402 2095.371259 2093.145116 2090.918972 2088.692829 2086.466685 2084.240542 2082.014398
2200.000000 2197.773857 2195.547713 2193.321570 2191.095426 2188.869283 2186.643139 2184.416996 2182.190853 2179.964709 2177.738566 2175.512422 2173.286279 2171.060135 2168.833992 2166.607849 2164.381705 2162.155562 2159.929418 2157.703275 2155.477131 2153.250988 2151.024845 2148.798701 2146.572558 2144.346414 2142.120271 2139.894127 2137.667984 2135.441841 2133.215697 2130.989554 2128.763410 2126.537267 2124.311123 2122.084980 2119.858837 2117.632693 2115.406550 2113.180406 2110.954263 2108.728120 2106.501976 2104.275833 2102.049689 2099.823546 2097.597402 2095.371259 2093.145116 2090.918972 2088.692829 2086.466685 2084.240542 2082.014398
2200.000000 2197.773857 2195.547713 2193.321570 2191.095426 2188.869283 2186.643139 2184.416996 2182.190853 2179.964709 2177.738566 2175.512422 2173.286279 2171.060135 2168.833992 2166.607849 2164.381705 2162.155562 2159.929418 2157.703275 2155.477131 2153.250988 2151.024845 2148.798701 2146.572558 2144.346414 2142.120271 2139.894127 2137.667984 2135.441841 2133.215697 2130.989554 2128.763410 2126.537267 2124.311123 2122.084980 2119.858837 2117.632693 2115.406550 2113.180406 2110.954263 2108.728120 2106.501976 2104.275833 2102.049689 2099.823546 2097.597402 2095.371259 2093.145116 2090.918972 2088.692829 2086.466685 2084.240542 2082.014398
2200.000000 2197.773857 2195.547713 2193.321570 2191.095426 2188.869283 2186.643139 2184.416996 2182.190853 2179.964709 2177.738566 2175.512422 2173.286279 2171.060135 2168.833992 2166.607849 2164.381705 2162.155562 2159.929418 2157.703275 2155.477131 2153.250988 2151.024845 2148.798701 2146.572558 2144.346414 2142.120271 2139.894127 2137.667984 2135.441841 2133.215697 2130.989554 2128.763410 2126.537267 2124.311123 2122.084980 2119.858837 2117.632693 2115.406550 2113.180406 2110.954263 2108.728120 2106.501976 2104.275833 2102.049689 2099.823546 2097.597402 2095.371259 2093.145116 2090.918972 2088.692829 2086.466685 2084.240542 2082.014398
2200.000000 2197.773857 2195.547713 2193.321570 2191.095426 2188.869283 2186.643139 2184.416996 2182.190853 2179.964709 2177.738566 2175.512422 2173.286279 2171.060135 2168.833992 2166.607849 2164.381705 2162.155562 2159.929418 2157.703275 2155.477131 2153.250988 2151.024845 2148.798701 2146.572558 2144.346414 2142.120271 2139.894127 2137.667984 2135.441841 2133.215697 2130.989554 2128.763410 2126.537267 2124.311123 2122.084980 2119.858837 2117.632693 2115.406550 2113.180406 2110.954263 2108.728120 2106.501976 2104.275833 2102.049689 2099.823546 2097.597402 2095.371259 2093.145116 2090.918972 2088.692829 2086.466685 2084.240542 2082.014398
2200.000000 2197.773857 2195.547713 2193.321570 2191.095426 2188.869283 2186.643139 2184.416996 2182.190853 2179.964709 2177.738566 2175.512422 2173.286279 2171.060135 2168.833992 2166.607849 2164.381705 2162.155562 2159.929418 2157.703275 2155.477131 2153.250988 2151.024845 2148.798701 2146.572558 2144.346414 2142.120271 2139.894127 2137.667984 2135.441841 2133.215697 2130.989554 2128.763410 2126.537267 2124.311123 2122.084980 2119.858837 2117.632693 2115.406550 2113.180406 2110.954263 2108.728120 2106.501976 2104.275833 2102.049689 2099.823546 2097.597402 2095.371259 2093.145116 2090.918972 2088.692829 2086.466685 2084.240542 2082.014398
2200.000000 2197.773857 2195.547713 2193.321570 2191.095426 2188.869283 2186.643139 2184.416996 2182.190853 2179.964709 2177.738566 2175.512422 2173.286279 2171.060135 2168.833992 2166.607849 2164.381705 2162.155562 2159.929418 2157.703275 2155.477131 2153.250988 2151.024845 2148.798701 2146.572558 2144.346414 2142.120271 2139.894127 2137.667984 2135.441841 2133.215697 2130.989554 2128.763410 2126.537267 2124.311123 2122.084980 2119.858837 2117.632693 2115.406550 2113.180406 2110.954263 2108.728120 2106.501976 2104.275833 2102.049689 2099.823546 2097.597402 2095.371259 2093.145116 2090.918972 2088.692829 2086.466685 2084.240542 2082.014398
2200.000000 2197.773857 2195.547713 2193.321570 2191.095426 2188.869283 2186.643139 2184.416996 2182.190853 2179.964709 2177.738566 2175.512422 2173.286279 2171.060135 2168.833992 2166.607849 2164.381705 2162.155562 2159.929418 2157.703275 2155.477131 2153.250988 2151.024845 2148.798701 2146.572558 2144.346414 2142.120271 2139.894127 2137.667984 2135.441841 2133.215697 2130.989554 2128.763410 2126.537267 2124.311123 2122.084980 2119.858837 2117.632693 2115.406550 2113.180406 2110.954263 2108.728120 2106.501976 2104.275833 2102.049689 2099.823546 2097.597402 2095.371259 2093.145116 2090.918972 2088.692829 2086.466685 2084.240542 2082.014398
2200.000000 2197.773857 2195.547713 2193.321570 2191.095426 2188.869283 2186.643139 2184.416996 2182.190853 2179.964709 2177.738566 2175.512422 2173.286279 2171.060135 2168.833992 2166.607849 2164.381705 2162.155562 2159.929418 2157.703275 2155.477131 2153.250988 2151.024845 2148.798701 2146.572558 2144.346414 2142.120271 2139.894127 2137.667984 2135.441841 2133.215697 2130.989554 2128.763410 2126.537267 2124.311123 2122.084980 2119.858837 2117.632693 2115.406550 2113.180406 2110.954263 2108.728120 2106.501976 2104.275833 2102.049689 2099.823546 2097.597402 2095.371259 2093.145116 2090.918972 2088.692829 2086.466685 2084.240542 2082.014398
2200.000000 2197.773857 2195.547713 2193.321570 2191.095426 2188.869283 2186.643139 2184.416996 2182.190853 2179.964709 2177.738566 2175.512422 2173.286279 2171.060135 2168.833992 2166.607849 2164.381705 2162.155562 2159.929418 2157.703275 2155.477131 2153.250988 2151.024845 2148.798701 2146.572558 2144.346414 2142.120271 2139.894127 2137.667984 2135.441841 2133.215697 2130.989554 2128.763410 2126.537267 2124.311123 2122.084980 2119.858837 2117.632693 2115.406550 2113.180406 2110.954263 2108.728120 2106.501976 2104.275833 2102.049689 2099.823546 2097.597402 2095.371259 2093.145116 2090.918972 2088.692829 2086.466685 2084.240542 2082.014398
2200.000000 2197.773857 2195.547713 2193.321570 2191.095426 2188.869283 2186.643139 2184.416996 2182.190853 2179.964709 2177.738566 2175.512422 2173.286279 2171.060135 2168.833992 2166.607849 2164.381705 2162.155562 2159.929418 2157.703275 2155.477131 2153.250988 2151.024845 2148.798701 2146.572558 2144.346414 2142.120271 2139.894127 2137.667984 2135.441841 2133.215697 2130.989554 2128.763410 2126.537267 2124.311123 2122.084980 2119.858837 2117.632693 2115.406550 2113.180406 2110.954263 2108.728120 2106.501976 2104.275833 2102.049689 2099.823546 2097.597402 2095.371259 2093.145116 2090.918972 2088.692829 2086.466685 2084.240542 2082.014398
2200.000000 2197.773857 2195.547713 2193.321570 2191.095426 2188.869283 2186.643139 2184.416996 2182.190853 2179.964709 2177.738566 2175.512422 2173.286279 2171.060135 2168.833992 2166.607849 2164.381705 2162.155562 2159.929418 2157.703275 2155.477131 2153.250988 2151.024845 2148.798701 2146.572558 2144.346414 2142.120271 2139.894127 2137.667984 2135.441841 2133.215697 2130.989554 2128.763410 2126.537267 2124.311123 2122.084980 2119.858837 2117.632693 2115.406550 2113.180406 2110.954263 2108.728120 2106.501976 2104.275833 2102.049689 2099.823546 2097.597402 2095.371259 2093.145116 2090.918972 2088.692829 2086.466685 2084.240542 2082.014398
2200.000000 2197.773857 2195.547713 2193.321570 2191.095426 2188.869283 2186.643139 2184.416996 2182.190853 2179.964709 2177.738566 2175.512422 2173.286279 2171.060135 2168.833992 2166.607849 2164.381705 2162.155562 2159.929418 2157.703275 2155.477131 2153.250988 2151.024845 2148.798701 2146.572558 2144.346414 2142.120271 2139.894127 2137.667984 2135.441841 2133.215697 2130.989554 2128.763410 2126.537267 2124.311123 2122.084980 2119.858837 2117.632693 2115.406550 2113.180406 2110.954263 2108.728120 2106.501976 2104.275833 2102.049689 2099.823546 2097.597402 2095.371259 2093.145116 2090.918972 2088.692829 2086.466685 2084.240542 2082.014398
2200.000000 2197.773857 2195.547713 2193.321570 2191.095426 2188.869283 2186.643139 2184.416996 2182.190853 2179.964709 2177.738566 2175.512422 2173.286279 2171.060135 2168.833992 2166.607849 2164.381705 2162.155562 2159.929418 2157.703275 2155.477131 2153.250988 2151.024845 2148.798701 2146.572558 2144.346414 2142.120271 2139.894127 2137.667984 2135.441841 2133.215697 2130.989554 2128.763410 2126.537267 2124.311123 2122.084980 2119.858837 2117.632693 2115.406550 2113.180406 2110.954263 2108.728120 2106.501976 2104.275833 2102.049689 2099.823546 2097.597402 2095.371259 2093.145116 2090.918972 2088.692829 2086.466685 2084.240542 2082.014398
2200.000000 2197.773857 2195.547713 2193.321570 2191.095426 2188.869283 2186.643139 2184.416996 2182.190853 2179.964709 2177.738566 2175.512422 2173.286279 2171.060135 2168.833992 2166.607849 2164.381705 2162.155562 2159.929418 2157.703275 2155.477131 2153.250988 2151.024845 2148.798701 2146.572558 2144.346414 2142.120271 2139.894127 2137.667984 2135.441841 2133.215697 2130.989554 2128.763410 2126.537267 2124.311123 2122.084980 2119.858837 2117.632693 2115.406550 2113.180406 2110.954263 2108.728120 2106.501976 2104.275833 2102.049689 2099.823546 2097.597402 2095.371259 2093.145116 2090.918972 2088.692829 2086.466685 2084.240542 2082.014398
2200.000000 2197.773857 2195.547713 2193.321570 2191.095426 2188.869283 2186.643139 2184.416996 2182.190853 2179.964709 2177.738566 2175.512422 2173.286279 2171.060135 2168.833992 2166.607849 2164.381705 2162.155562 2159.929418 2157.703275 2155.477131 2153.250988 2151.024845 2148.798701 2146.572558 2144.346414 2142.120271 2139.894127 2137.667984 2135.441841 2133.215697 2130.989554 2128.763410 2126.537267 2124.311123 2122.084980 2119.858837 2117.632693 2115.406550 2113.180406 2110.954263 2108.728120 2106.501976 2104.275833 2102.049689 2099.823546 2097.597402 2095.371259 2093.145116 2090.918972 2088.692829 2086.466685 2084.240542 2082.014398
2200.000000 2197.773857 2195.547713 2193.321570 2191.095426 2188.869283 2186.643139 2184.416996 2182.190853 2179.964709 2177.738566 2175.512422 2173.286279 2171.060135 2168.833992 2166.607849 2164.381705 2162.155562 2159.929418 2157.703275 2155.477131 2153.250988 2151.024845 2148.798701 2146.572558 2144.346414 2142.120271 2139.894127 2137.667984 2135.441841 2133.215697 2130.989554 2128.763410 2126.537267 2124.311123 2122.084980 2119.858837 2117.632693 2115.406550 2113.180406 2110.954263 2108.728120 2106.501976 2104.275833 2102.049689 2099.823546 2097.597402 2095.371259 2093.145116 2090.918972 2088.692829 2086.466685 2084.240542 2082.014398
2200.000000 2197.773857 2195.547713 2193.321570 2191.095426 2188.869283 2186.643139 2184.416996 2182.190853 2179.964709 2177.738566 2175.512422 2173.286279 2171.060135 2168.833992 2166.607849 2164.381705 2162.155562 2159.929418 2157.703275 2155.477131 2153.250988 2151.024845 2148.798701 2146.572558 2144.346414 2142.120271 2139.894127 2137.667984 2135.441841 2133.215697 2130.989554 2128.763410 2126.537267 2124.311123 2122.084980 2119.858837 2117.632693 2115.406550 2113.180406 2110.954263 2108.728120 2106.501976 2104.275833 2102.049689 2099.823546 2097.597402 2095.371259 2093.145116 2090.918972 2088.692829 2086.466685 2084.240542 2082.014398
2200.000000 2197.773857 2195.547713 2193.321570 2191.095426 2188.869283 2186.643139 2184.416996 2182.190853 2179.964709 2177.738566 2175.512422 2173.286279 2171.060135 2168.833992 2166.607849 2164.381705 2162.155562 2159.929418 2157.703275 2155.477131 2153.250988 2151.024845 2148.798701 2146.572558 2144.346414 2142.120271 2139.894127 2137.667984 2135.441841 2133.215697 2130.989554 2128.763410 2126.537267 2124.311123 2122.084980 2119.858837 2117.632693 2115.406550 2113.180406 2110.954263 2108.728120 2106.501976 2104.275833 2102.049689 2099.823546 2097.597402 2095.371259 2093.145116 2090.918972 2088.692829 2086.466685 2084.240542 2082.014398
2200.000000 2197.773857 2195.547713 2193.321570 2191.095426 2188.869283 2186.643139 2184.416996 2182.190853 2179.964709 2177.738566 2175.512422 2173.286279 2171.060135 2168.833992 2166.607849 2164.381705 2162.155562 2159.929418 2157.703275 2155.477131 2153.250988 2151.024845 2148.798701 2146.572558 2144.346414 2142.120271 2139.894127 2137.667984 2135.441841 2133.215697 2130.989554 2128.763410 2126.537267 2124.311123 2122.084980 2119.858837 2117.632693 2115.406550 2113.180406 2110.954263 2108.728120 2106.501976 2104.275833 2102.049689 2099.823546 2097.597402 2095.371259 2093.145116 2090.918972 2088.692829 2086.466685 2084.240542 2082.014398
2200.000000 2197.773857 2195.547713 2193.321570 2191.095426 2188.869283 2186.643139 2184.416996 2182.190853 2179.964709 2177.738566 2175.512422 2173.286279 2171.060135 2168.833992 2166.607849 2164.381705 2162.155562 2159.929418 2157.703275 2155.477131 2153.250988 2151.024845 2148.798701 2146.572558 2144.346414 2142.120271 2139.894127 2137.667984 2135.441841 2133.215697 2130.989554 2128.763410 2126.537267 2124.311123 2122.084980 2119.858837 2117.632693 2115.406550 2113.180406 2110.954263 2108.728120 2106.501976 2104.275833 2102.049689 2099.823546 2097.597402 2095.371259 2093.145116 2090.918972 2088.692829 2086.466685 2084.240542 2082.014398
2200.000000 2197.773857 2195.547713 2193.321570 2191.095426 2188.869283 2186.643139 2184.416996 2182.190853 2179.964709 2177.738566 2175.512422 2173.286279 2171.060135 2168.833992 2166.607849 2164.381705 2162.155562 2159.929418 2157.703275 2155.477131 2153.250988 2151.024845 2148.798701 2146.572558 2144.346414 2142.120271 2139.894127 2137.667984 2135.441841 2133.215697 2130.989554 2128.763410 2126.537267 2124.311123 2122.084980 2119.858837 2117.632693 2115.406550 2113.180406 2110.954263 2108.728120 2106.501976 2104.275833 2102.049689 2099.823546 2097.597402 2095.371259 2093.145116 2090.918972 2088.692829 2086.466685 2084.240542 2082.014398
