avaframe/data/avaDamBreak/Inputs/DEMOs_PF_Topo.asc
nCols  1001
nRows  301
xllcenter  0.00
yllcenter 0.00
cellsize  5.00
nodata_value -9999.00
[rows 270 to 296 of 301, columns 244 to 304 of 1001]
53.341005 51.426333 49.550666 47.714016 45.916375 44.157718 42.438000 40.757160 39.115119 37.511781 35.947036 34.420759 32.932811 31.483039 30.071278 28.697351 27.361070 26.062237 24.800645 23.576075 22.388304 21.237098 20.122218 19.043420 18.000451 16.993057 16.020976 15.083947 14.181701 13.313969 12.480481 11.680964 10.915145 10.182749 9.483504 8.817134 8.183369 7.581936 7.012566 6.474992 5.968948 5.494172 5.050403 4.637386 4.254867 3.902597 3.580329 3.287823 3.024841 2.791150 2.586522 2.410732 2.263562 2.142090 2.029051 1.921254 1.818502 1.720599 1.627356 1.538588 1.454118
53.341005 51.426333 49.550666 47.714016 45.916375 44.157718 42.438000 40.757160 39.115119 37.511781 35.947036 34.420759 32.932811 31.483039 30.071278 28.697351 27.361070 26.062237 24.800645 23.576075 22.388304 21.237098 20.122218 19.043420 18.000451 16.993057 16.020976 15.083947 14.181701 13.313969 12.480481 11.680964 10.915145 10.182749 9.483504 8.817134 8.183369 7.581936 7.012566 6.474992 5.968948 5.494172 5.050403 4.637386 4.254867 3.902597 3.580329 3.287823 3.024841 2.791150 2.586522 2.410732 2.263562 2.142090 2.029051 1.921254 1.818502 1.720599 1.627356 1.538588 1.454118
53.341005 51.426333 49.550666 47.714016 45.916375 44.157718 42.438000 40.757160 39.115119 37.511781 35.947036 34.420759 32.932811 31.483039 30.071278 28.697351 27.361070 26.062237 24.800645 23.576075 22.388304 21.237098 20.122218 19.043420 18.000451 16.993057 16.020976 15.083947 14.181701 13.313969 12.480481 11.680964 10.915145 10.182749 9.483504 8.817134 8.183369 7.581936 7.012566 6.474992 5.968948 5.494172 5.050403 4.637386 4.254867 3.902597 3.580329 3.287823 3.024841 2.791150 2.586522 2.410732 2.263562 2.142090 2.029051 1.921254 1.818502 1.720599 1.627356 1.538588 1.454118
53.341005 51.426333 49.550666 47.714016 45.916375 44.157718 42.438000 40.757160 39.115119 37.511781 35.947036 34.420759 32.932811 31.483039 30.071278 28.697351 27.361070 26.062237 24.800645 23.576075 22.388304 21.237098 20.122218 19.043420 18.000451 16.993057 16.020976 15.083947 14.181701 13.313969 12.480481 11.680964 10.915145 10.182749 9.483504 8.817134 8.183369 7.581936 7.012566 6.474992 5.968948 5.494172 5.050403 4.637386 4.254867 3.902597 3.580329 3.287823 3.024841 2.791150 2.586522 2.410732 2.263562 2.142090 2.029051 1.921254 1.818502 1.720599 1.627356 1.538588 1.454118
53.341005 51.426333 49.550666 47.714016 45.916375 44.157718 42.438000 40.757160 39.115119 37.511781 35.947036 34.420759 32.932811 31.483039 30.071278 28.697351 27.361070 26.062237 24.800645 23.576075 22.388304 21.237098 20.122218 19.043420 18.000451 16.993057 16.020976 15.083947 14.181701 13.313969 12.480481 11.680964 10.915145 10.182749 9.483504 8.817134 8.183369 7.581936 7.012566 6.474992 5.968948 5.494172 5.050403 4.637386 4.254867 3.902597 3.580329 3.287823 3.024841 2.791150 2.586522 2.410732 2.263562 2.142090 2.029051 1.921254 1.818502 1.720599 1.627356 1.538588 1.454118
53.341005 51.426333 49.550666 47.714016 45.916375 44.157718 42.438000 40.757160 39.115119 37.511781 35.947036 34.420759 32.932811 31.483039 30.071278 28.697351 27.361070 26.062237 24.800645 23.576075 22.388304 21.237098 20.122218 19.043420 18.000451 16.993057 16.020976 15.083947 14.181701 13.313969 12.480481 11.680964 10.915145 10.182749 9.483504 8.817134 8.183369 7.581936 7.012566 6.474992 5.968948 5.494172 5.050403 4.637386 4.254867 3.902597 3.580329 3.287823 3.024841 2.791150 2.586522 2.410732 2.263562 2.142090 2.029051 1.921254 1.818502 1.720599 1.627356 1.538588 1.454118
53.341005 51.426333 49.550666 47.714016 45.916375 44.157718 42.438000 40.757160 39.115119 37.511781 35.947036 34.420759 32.932811 31.483039 30.071278 28.697351 27.361070 26.062237 24.800645 23.576075 22.388304 21.237098 20.122218 19.043420 18.000451 16.993057 16.020976 15.083947 14.181701 13.313969 12.480481 11.680964 10.915145 10.182749 9.483504 8.817134 8.183369 7.581936 7.012566 6.474992 5.968948 5.494172 5.050403 4.637386 4.254867 3.902597 3.580329 3.287823 3.024841 2.791150 2.586522 2.410732 2.263562 2.142090 2.029051 1.921254 1.818502 1.720599 1.627356 1.538588 1.454118
53.341005 51.426333 49.550666 47.714016 45.916375 44.157718 42.438000 40.757160 39.115119 37.511781 35.947036 34.420759 32.932811 31.483039 30.071278 28.697351 27.361070 26.062237 24.800645 23.576075 22.388304 21.237098 20.122218 19.043420 18.000451 16.993057 16.020976 15.083947 14.181701 13.313969 12.480481 11.680964 10.915145 10.182749 9.483504 8.817134 8.183369 7.581936 7.012566 6.474992 5.968948 5.494172 5.050403 4.637386 4.254867 3.902597 3.580329 3.287823 3.024841 2.791150 2.586522 2.410732 2.263562 2.142090 2.029051 1.921254 1.818502 1.720599 1.627356 1.538588 1.454118
53.341005 51.426333 49.550666 47.714016 45.916375 44.157718 42.438000 40.757160 39.115119 37.511781 35.947036 34.420759 32.932811 31.483039 30.071278 28.697351 27.361070 26.062237 24.800645 23.576075 22.388304 21.237098 20.122218 19.043420 18.000451 16.993057 16.020976 15.083947 14.181701 13.313969 12.480481 11.680964 10.915145 10.182749 9.483504 8.817134 8.183369 7.581936 7.012566 6.474992 5.968948 5.494172 5.050403 4.637386 4.254867 3.902597 3.580329 3.287823 3.024841 2.791150 2.586522 2.410732 2.263562 2.142090 2.029051 1.921254 1.818502 1.720599 1.627356 1.538588 1.454118
53.341005 51.426333 49.550666 47.714016 45.916375 44.157718 42.438000 40.757160 39.115119 37.511781 35.947036 34.420759 32.932811 31.483039 30.071278 28.697351 27.361070 26.062237 24.800645 23.576075 22.388304 21.237098 20.122218 19.043420 18.000451 16.993057 16.020976 15.083947 14.181701 13.313969 12.480481 11.680964 10.915145 10.182749 9.483504 8.817134 8.183369 7.581936 7.012566 6.474992 5.968948 5.494172 5.050403 4.637386 4.254867 3.902597 3.580329 3.287823 3.024841 2.791150 2.586522 2.410732 2.263562 2.142090 2.029051 1.921254 1.818502 1.720599 1.627356 1.538588 1.454118
53.341005 51.426333 49.550666 47.714016 45.916375 44.157718 42.438000 40.757160 39.115119 37.511781 35.947036 34.420759 32.932811 31.483039 30.071278 28.697351 27.361070 26.062237 24.800645 23.576075 22.388304 21.237098 20.122218 19.043420 18.000451 16.993057 16.020976 15.083947 14.181701 13.313969 12.480481 11.680964 10.915145 10.182749 9.483504 8.817134 8.183369 7.581936 7.012566 6.474992 5.968948 5.494172 5.050403 4.637386 4.254867 3.902597 3.580329 3.287823 3.024841 2.791150 2.586522 2.410732 2.263562 2.142090 2.029051 1.921254 1.818502 1.720599 1.627356 1.538588 1.454118
53.341005 51.426333 49.550666 47.714016 45.916375 44.157718 42.438000 40.757160 39.115119 37.511781 35.947036 34.420759 32.932811 31.483039 30.071278 28.697351 27.361070 26.062237 24.800645 23.576075 22.388304 21.237098 20.122218 19.043420 18.000451 16.993057 16.020976 15.083947 14.181701 13.313969 12.480481 11.680964 10.915145 10.182749 9.483504 8.817134 8.183369 7.581936 7.012566 6.474992 5.968948 5.494172 5.050403 4.637386 4.254867 3.902597 3.580329 3.287823 3.024841 2.791150 2.586522 2.410732 2.263562 2.142090 2.029051 1.921254 1.818502 1.720599 1.627356 1.538588 1.454118
53.341005 51.426333 49.550666 47.714016 45.916375 44.157718 42.438000 40.757160 39.115119 37.511781 35.947036 34.420759 32.932811 31.483039 30.071278 28.697351 27.361070 26.062237 24.800645 23.576075 22.388304 21.237098 20.122218 19.043420 18.000451 16.993057 16.020976 15.083947 14.181701 13.313969 12.480481 11.680964 10.915145 10.182749 9.483504 8.817134 8.183369 7.581936 7.012566 6.474992 5.968948 5.494172 5.050403 4.637386 4.254867 3.902597 3.580329 3.287823 3.024841 2.791150 2.586522 2.410732 2.263562 2.142090 2.029051 1.921254 1.818502 1.720599 1.627356 1.538588 1.454118
53.341005 51.426333 49.550666 47.714016 45.916375 44.157718 42.438000 40.757160 39.115119 37.511781 35.947036 34.420759 32.932811 31.483039 30.071278 28.697351 27.361070 26.062237 24.800645 23.576075 22.388304 21.237098 20.122218 19.043420 18.000451 16.993057 16.020976 15.083947 14.181701 13.313969 12.480481 11.680964 10.915145 10.182749 9.483504 8.817134 8.183369 7.581936 7.012566 6.474992 5.968948 5.494172 5.050403 4.637386 4.254867 3.902597 3.580329 3.287823 3.024841 2.791150 2.586522 2.410732 2.263562 2.142090 2.029051 1.921254 1.818502 1.720599 1.627356 1.538588 1.454118
53.341005 51.426333 49.550666 47.714016 45.916375 44.157718 42.438000 40.757160 39.115119 37.511781 35.947036 34.420759 32.932811 31.483039 30.071278 28.697351 27.361070 26.062237 24.800645 23.576075 22.388304 21.237098 20.122218 19.043420 18.000451 16.993057 16.020976 15.083947 14.181701 13.313969 12.480481 11.680964 10.915145 10.182749 9.483504 8.817134 8.183369 7.581936 7.012566 6.474992 5.968948 5.494172 5.050403 4.637386 4.254867 3.902597 3.580329 3.287823 3.024841 2.791150 2.586522 2.410732 2.263562 2.142090 2.029051 1.921254 1.818502 1.720599 1.627356 1.538588 1.454118
53.341005 51.426333 49.550666 47.714016 45.916375 44.157718 42.438000 40.757160 39.115119 37.511781 35.947036 34.420759 32.932811 31.483039 30.071278 28.697351 27.361070 26.062237 24.800645 23.576075 22.388304 21.237098 20.122218 19.043420 18.000451 16.993057 16.020976 15.083947 14.181701 13.313969 12.480481 11.680964 10.915145 10.182749 9.483504 8.817134 8.183369 7.581936 7.012566 6.474992 5.968948 5.494172 5.050403 4.637386 4.254867 3.902597 3.580329 3.287823 3.024841 2.791150 2.586522 2.410732 2.263562 2.142090 2.029051 1.921254 1.818502 1.720599 1.627356 1.538588 1.454118
53.341005 51.426333 49.550666 47.714016 45.916375 44.157718 42.438000 40.757160 39.115119 37.511781 35.947036 34.420759 32.932811 31.483039 30.071278 28.697351 27.361070 26.062237 24.800645 23.576075 22.388304 21.237098 20.122218 19.043420 18.000451 16.993057 16.020976 15.083947 14.181701 13.313969 12.480481 11.680964 10.915145 10.182749 9.483504 8.817134 8.183369 7.581936 7.012566 6.474992 5.968948 5.494172 5.050403 4.637386 4.254867 3.902597 3.580329 3.287823 3.024841 2.791150 2.586522 2.410732 2.263562 2.142090 2.029051 1.921254 1.818502 1.720599 1.627356 1.538588 1.454118
53.341005 51.426333 49.550666 47.714016 45.916375 44.157718 42.438000 40.757160 39.115119 37.511781 35.947036 34.420759 32.932811 31.483039 30.071278 28.697351 27.361070 26.062237 24.800645 23.576075 22.388304 21.237098 20.122218 19.043420 18.000451 16.993057 16.020976 15.083947 14.181701 13.313969 12.480481 11.680964 10.915145 10.182749 9.483504 8.817134 8.183369 7.581936 7.012566 6.474992 5.968948 5.494172 5.050403 4.637386 4.254867 3.902597 3.580329 3.287823 3.024841 2.791150 2.586522 2.410732 2.263562 2.142090 2.029051 1.921254 1.818502 1.720599 1.627356 1.538588 1.454118
53.341005 51.426333 49.550666 47.714016 45.916375 44.157718 42.438000 40.757160 39.115119 37.511781 35.947036 34.420759 32.932811 31.483039 30.071278 28.697351 27.361070 26.062237 24.800645 23.576075 22.388304 21.237098 20.122218 19.043420 18.000451 16.993057 16.020976 15.083947 14.181701 13.313969 12.480481 11.680964 10.915145 10.182749 9.483504 8.817134 8.183369 7.581936 7.012566 6.474992 5.968948 5.494172 5.050403 4.637386 4.254867 3.902597 3.580329 3.287823 3.024841 2.791150 2.586522 2.410732 2.263562 2.142090 2.029051 1.921254 1.818502 1.720599 1.627356 1.538588 1.454118
53.341005 51.426333 49.550666 47.714016 45.916375 44.157718 42.438000 40.757160 39.115119 37.511781 35.947036 34.420759 32.932811 31.483039 30.071278 28.697351 27.361070 26.062237 24.800645 23.576075 22.388304 21.237098 20.122218 19.043420 18.000451 16.993057 16.020976 15.083947 14.181701 13.313969 12.480481 11.680964 10.915145 10.182749 9.483504 8.817134 8.183369 7.581936 7.012566 6.474992 5.968948 5.494172 5.050403 4.637386 4.254867 3.902597 3.580329 3.287823 3.024841 2.791150 2.586522 2.410732 2.263562 2.142090 2.029051 1.921254 1.818502 1.720599 1.627356 1.538588 1.454118
53.341005 51.426333 49.550666 47.714016 45.916375 44.157718 42.438000 40.757160 39.115119 37.511781 35.947036 34.420759 32.932811 31.483039 30.071278 28.697351 27.361070 26.062237 24.800645 23.576075 22.388304 21.237098 20.122218 19.043420 18.000451 16.993057 16.020976 15.083947 14.181701 13.313969 12.480481 11.680964 10.915145 10.182749 9.483504 8.817134 8.183369 7.581936 7.012566 6.474992 5.968948 5.494172 5.050403 4.637386 4.254867 3.902597 3.580329 3.287823 3.024841 2.791150 2.586522 2.410732 2.263562 2.142090 2.029051 1.921254 1.818502 1.720599 1.627356 1.538588 1.454118
53.341005 51.426333 49.550666 47.714016 45.916375 44.157718 42.438000 40.757160 39.115119 37.511781 35.947036 34.420759 32.932811 31.483039 30.071278 28.697351 27.361070 26.062237 24.800645 23.576075 22.388304 21.237098 20.122218 19.043420 18.000451 16.993057 16.020976 15.083947 14.181701 13.313969 12.480481 11.680964 10.915145 10.182749 9.483504 8.817134 8.183369 7.581936 7.012566 6.474992 5.968948 5.494172 5.050403 4.637386 4.254867 3.902597 3.580329 3.287823 3.024841 2.791150 2.586522 2.410732 2.263562 2.142090 2.029051 1.921254 1.818502 1.720599 1.627356 1.538588 1.454118
53.341005 51.426333 49.550666 47.714016 45.916375 44.157718 42.438000 40.757160 39.115119 37.511781 35.947036 34.420759 32.932811 31.483039 30.071278 28.697351 27.361070 26.062237 24.800645 23.576075 22.388304 21.237098 20.122218 19.043420 18.000451 16.993057 16.020976 15.083947 14.181701 13.313969 12.480481 11.680964 10.915145 10.182749 9.483504 8.817134 8.183369 7.581936 7.012566 6.474992 5.968948 5.494172 5.050403 4.637386 4.254867 3.902597 3.580329 3.287823 3.024841 2.791150 2.586522 2.410732 2.263562 2.142090 2.029051 1.921254 1.818502 1.720599 1.627356 1.538588 1.454118
53.341005 51.426333 49.550666 47.714016 45.916375 44.157718 42.438000 40.757160 39.115119 37.511781 35.947036 34.420759 32.932811 31.483039 30.071278 28.697351 27.361070 26.062237 24.800645 23.576075 22.388304 21.237098 20.122218 19.043420 18.000451 16.993057 16.020976 15.083947 14.181701 13.313969 12.480481 11.680964 10.915145 10.182749 9.483504 8.817134 8.183369 7.581936 7.012566 6.474992 5.968948 5.494172 5.050403 4.637386 4.254867 3.902597 3.580329 3.287823 3.024841 2.791150 2.586522 2.410732 2.263562 2.142090 2.029051 1.921254 1.818502 1.720599 1.627356 1.538588 1.454118
53.341005 51.426333 49.550666 47.714016 45.916375 44.157718 42.438000 40.757160 39.115119 37.511781 35.947036 34.420759 32.932811 31.483039 30.071278 28.697351 27.361070 26.062237 24.800645 23.576075 22.388304 21.237098 20.122218 19.043420 18.000451 16.993057 16.020976 15.083947 14.181701 13.313969 12.480481 11.680964 10.915145 10.182749 9.483504 8.817134 8.183369 7.581936 7.012566 6.474992 5.968948 5.494172 5.050403 4.637386 4.254867 3.902597 3.580329 3.287823 3.024841 2.791150 2.586522 2.410732 2.263562 2.142090 2.029051 1.921254 1.818502 1.720599 1.627356 1.538588 1.454118
53.341005 51.426333 49.550666 47.714016 45.916375 44.157718 42.438000 40.757160 39.115119 37.511781 35.947036 34.420759 32.932811 31.483039 30.071278 28.697351 27.361070 26.062237 24.800645 23.576075 22.388304 21.237098 20.122218 19.043420 18.000451 16.993057 16.020976 15.083947 14.181701 13.313969 12.480481 11.680964 10.915145 10.182749 9.483504 8.817134 8.183369 7.581936 7.012566 6.474992 5.968948 5.494172 5.050403 4.637386 4.254867 3.902597 3.580329 3.287823 3.024841 2.791150 2.586522 2.410732 2.263562 2.142090 2.029051 1.921254 1.818502 1.720599 1.627356 1.538588 1.454118
53.341005 51.426333 49.550666 47.714016 45.916375 44.157718 42.438000 40.757160 39.115119 37.511781 35.947036 34.420759 32.932811 31.483039 30.071278 28.697351 27.361070 26.062237 24.800645 23.576075 22.388304 21.237098 20.122218 19.043420 18.000451 16.993057 16.020976 15.083947 14.181701 13.313969 12.480481 11.680964 10.915145 10.182749 9.483504 8.817134 8.183369 7.581936 7.012566 6.474992 5.968948 5.494172 5.050403 4.637386 4.254867 3.902597 3.580329 3.287823 3.024841 2.791150 2.586522 2.410732 2.263562 2.142090 2.029051 1.921254 1.818502 1.720599 1.627356 1.538588 1.454118
