avaframe/data/avaDamBreak/Inputs/DEMOs_PF_Topo.asc
nCols  1001
nRows  301
xllcenter  0.00
yllcenter 0.00
cellsize  5.00
nodata_value -9999.00
[rows 216 to 242 of 301, columns 366 to 426 of 1001]
0.021081 0.019457 0.017951 0.016556 0.015263 0.014066 0.012958 0.011932 0.010984 0.010107 0.009296 0.008547 0.007856 0.007218 0.006629 0.006085 0.005585 0.005123 0.004698 0.004306 0.003946 0.003614 0.003309 0.003029 0.002771 0.002534 0.002317 0.002117 0.001934 0.001766 0.001612 0.001471 0.001342 0.001223 0.001115 0.001016 0.000925 0.000842 0.000766 0.000697 0.000634 0.000576 0.000523 0.000475 0.000432 0.000392 0.000355 0.000322 0.000292 0.000265 0.000240 0.000217 0.000197 0.000178 0.000161 0.000145 0.000131 0.000119 0.000107 0.000097 0.000087
0.021081 0.019457 0.017951 0.016556 0.015263 0.014066 0.012958 0.011932 0.010984 0.010107 0.009296 0.008547 0.007856 0.007218 0.006629 0.006085 0.005585 0.005123 0.004698 0.004306 0.003946 0.003614 0.003309 0.003029 0.002771 0.002534 0.002317 0.002117 0.001934 0.001766 0.001612 0.001471 0.001342 0.001223 0.001115 0.001016 0.000925 0.000842 0.000766 0.000697 0.000634 0.000576 0.000523 0.000475 0.000432 0.000392 0.000355 0.000322 0.000292 0.000265 0.000240 0.000217 0.000197 0.000178 0.000161 0.000145 0.000131 0.000119 0.000107 0.000097 0.000087
0.021081 0.019457 0.017951 0.016556 0.015263 0.014066 0.012958 0.011932 0.010984 0.010107 0.009296 0.008547 0.007856 0.007218 0.006629 0.006085 0.005585 0.005123 0.004698 0.004306 0.003946 0.003614 0.003309 0.003029 0.002771 0.002534 0.002317 0.002117 0.001934 0.001766 0.001612 0.001471 0.001342 0.001223 0.001115 0.001016 0.000925 0.000842 0.000766 0.000697 0.000634 0.000576 0.000523 0.000475 0.000432 0.000392 0.000355 0.000322 0.000292 0.000265 0.000240 0.000217 0.000197 0.000178 0.000161 0.000145 0.000131 0.000119 0.000107 0.000097 0.000087
0.021081 0.019457 0.017951 0.016556 0.015263 0.014066 0.012958 0.011932 0.010984 0.010107 0.009296 0.008547 0.007856 0.007218 0.006629 0.006085 0.005585 0.005123 0.004698 0.004306 0.003946 0.003614 0.003309 0.003029 0.002771 0.002534 0.002317 0.002117 0.001934 0.001766 0.001612 0.001471 0.001342 0.001223 0.001115 0.001016 0.000925 0.000842 0.000766 0.000697 0.000634 0.000576 0.000523 0.000475 0.000432 0.000392 0.000355 0.000322 0.000292 0.000265 0.000240 0.000217 0.000197 0.000178 0.000161 0.000145 0.000131 0.000119 0.000107 0.000097 0.000087
0.021081 0.019457 0.017951 0.016556 0.015263 0.014066 0.012958 0.011932 0.010984 0.010107 0.009296 0.008547 0.007856 0.007218 0.006629 0.006085 0.005585 0.005123 0.004698 0.004306 0.003946 0.003614 0.003309 0.003029 0.002771 0.002534 0.002317 0.002117 0.001934 0.001766 0.001612 0.001471 0.001342 0.001223 0.001115 0.001016 0.000925 0.000842 0.000766 0.000697 0.000634 0.000576 0.000523 0.000475 0.000432 0.000392 0.000355 0.000322 0.000292 0.000265 0.000240 0.000217 0.000197 0.000178 0.000161 0.000145 0.000131 0.000119 0.000107 0.000097 0.000087
0.021081 0.019457 0.017951 0.016556 0.015263 0.014066 0.012958 0.011932 0.010984 0.010107 0.009296 0.008547 0.007856 0.007218 0.006629 0.006085 0.005585 0.005123 0.004698 0.004306 0.003946 0.003614 0.003309 0.003029 0.002771 0.002534 0.002317 0.002117 0.001934 0.001766 0.001612 0.001471 0.001342 0.001223 0.001115 0.001016 0.000925 0.000842 0.000766 0.000697 0.000634 0.000576 0.000523 0.000475 0.000432 0.000392 0.000355 0.000322 0.000292 0.000265 0.000240 0.000217 0.000197 0.000178 0.000161 0.000145 0.000131 0.000119 0.000107 0.000097 0.000087
0.021081 0.019457 0.017951 0.016556 0.015263 0.014066 0.012958 0.011932 0.010984 0.010107 0.009296 0.008547 0.007856 0.007218 0.006629 0.006085 0.005585 0.005123 0.004698 0.004306 0.003946 0.003614 0.003309 0.003029 0.002771 0.002534 0.002317 0.002117 0.001934 0.001766 0.001612 0.001471 0.001342 0.001223 0.001115 0.001016 0.000925 0.000842 0.000766 0.000697 0.000634 0.000576 0.000523 0.000475 0.000432 0.000392 0.000355 0.000322 0.000292 0.000265 0.000240 0.000217 0.000197 0.000178 0.000161 0.000145 0.000131 0.000119 0.000107 0.000097 0.000087
0.021081 0.019457 0.017951 0.016556 0.015263 0.014066 0.012958 0.011932 0.010984 0.010107 0.009296 0.008547 0.007856 0.007218 0.006629 0.006085 0.005585 0.005123 0.004698 0.004306 0.003946 0.003614 0.003309 0.003029 0.002771 0.002534 0.002317 0.002117 0.001934 0.001766 0.001612 0.001471 0.001342 0.001223 0.001115 0.001016 0.000925 0.000842 0.000766 0.000697 0.000634 0.000576 0.000523 0.000475 0.000432 0.000392 0.000355 0.000322 0.000292 0.000265 0.000240 0.000217 0.000197 0.000178 0.000161 0.000145 0.000131 0.000119 0.000107 0.000097 0.000087
0.021081 0.019457 0.017951 0.016556 0.015263 0.014066 0.012958 0.011932 0.010984 0.010107 0.009296 0.008547 0.007856 0.007218 0.006629 0.006085 0.005585 0.005123 0.004698 0.004306 0.003946 0.003614 0.003309 0.003029 0.002771 0.002534 0.002317 0.002117 0.001934 0.001766 0.001612 0.001471 0.001342 0.001223 0.001115 0.001016 0.000925 0.000842 0.000766 0.000697 0.000634 0.000576 0.000523 0.000475 0.000432 0.000392 0.000355 0.000322 0.000292 0.000265 0.000240 0.000217 0.000197 0.000178 0.000161 0.000145 0.000131 0.000119 0.000107 0.000097 0.000087
0.021081 0.019457 0.017951 0.016556 0.015263 0.014066 0.012958 0.011932 0.010984 0.010107 0.009296 0.008547 0.007856 0.007218 0.006629 0.006085 0.005585 0.005123 0.004698 0.004306 0.003946 0.003614 0.003309 0.003029 0.002771 0.002534 0.002317 0.002117 0.001934 0.001766 0.001612 0.001471 0.001342 0.001223 0.001115 0.001016 0.000925 0.000842 0.000766 0.000697 0.000634 0.000576 0.000523 0.000475 0.000432 0.000392 0.000355 0.000322 0.000292 0.000265 0.000240 0.000217 0.000197 0.000178 0.000161 0.000145 0.000131 0.000119 0.000107 0.000097 0.000087
0.021081 0.019457 0.017951 0.016556 0.015263 0.014066 0.012958 0.011932 0.010984 0.010107 0.009296 0.008547 0.007856 0.007218 0.006629 0.006085 0.005585 0.005123 0.004698 0.004306 0.003946 0.003614 0.003309 0.003029 0.002771 0.002534 0.002317 0.002117 0.001934 0.001766 0.001612 0.001471 0.001342 0.001223 0.001115 0.001016 0.000925 0.000842 0.000766 0.000697 0.000634 0.000576 0.000523 0.000475 0.000432 0.000392 0.000355 0.000322 0.000292 0.000265 0.000240 0.000217 0.000197 0.000178 0.000161 0.000145 0.000131 0.000119 0.000107 0.000097 0.000087
0.021081 0.019457 0.017951 0.016556 0.015263 0.014066 0.012958 0.011932 0.010984 0.010107 0.009296 0.008547 0.007856 0.007218 0.006629 0.006085 0.005585 0.005123 0.004698 0.004306 0.003946 0.003614 0.003309 0.003029 0.002771 0.002534 0.002317 0.002117 0.001934 0.001766 0.001612 0.001471 0.001342 0.001223 0.001115 0.001016 0.000925 0.000842 0.000766 0.000697 0.000634 0.000576 0.000523 0.000475 0.000432 0.000392 0.000355 0.000322 0.000292 0.000265 0.000240 0.000217 0.000197 0.000178 0.000161 0.000145 0.000131 0.000119 0.000107 0.000097 0.000087
0.021081 0.019457 0.017951 0.016556 0.015263 0.014066 0.012958 0.011932 0.010984 0.010107 0.009296 0.008547 0.007856 0.007218 0.006629 0.006085 0.005585 0.005123 0.004698 0.004306 0.003946 0.003614 0.003309 0.003029 0.002771 0.002534 0.002317 0.002117 0.001934 0.001766 0.001612 0.001471 0.001342 0.001223 0.001115 0.001016 0.000925 0.000842 0.000766 0.000697 0.000634 0.000576 0.000523 0.000475 0.000432 0.000392 0.000355 0.000322 0.000292 0.000265 0.000240 0.000217 0.000197 0.000178 0.000161 0.000145 0.000131 0.000119 0.000107 0.000097 0.000087
0.021081 0.019457 0.017951 0.016556 0.015263 0.014066 0.012958 0.011932 0.010984 0.010107 0.009296 0.008547 0.007856 0.007218 0.006629 0.006085 0.005585 0.005123 0.004698 0.004306 0.003946 0.003614 0.003309 0.003029 0.002771 0.002534 0.002317 0.002117 0.001934 0.001766 0.001612 0.001471 0.001342 0.001223 0.001115 0.001016 0.000925 0.000842 0.000766 0.000697 0.000634 0.000576 0.000523 0.000475 0.000432 0.000392 0.000355 0.000322 0.000292 0.000265 0.000240 0.000217 0.000197 0.000178 0.000161 0.000145 0.000131 0.000119 0.000107 0.000097 0.000087
0.021081 0.019457 0.017951 0.016556 0.015263 0.014066 0.012958 0.011932 0.010984 0.010107 0.009296 0.008547 0.007856 0.007218 0.006629 0.006085 0.005585 0.005123 0.004698 0.004306 0.003946 0.003614 0.003309 0.003029 0.002771 0.002534 0.002317 0.002117 0.001934 0.001766 0.001612 0.001471 0.001342 0.001223 0.001115 0.001016 0.000925 0.000842 0.000766 0.000697 0.000634 0.000576 0.000523 0.000475 0.000432 0.000392 0.000355 0.000322 0.000292 0.000265 0.000240 0.000217 0.000197 0.000178 0.000161 0.000145 0.000131 0.000119 0.000107 0.000097 0.000087
0.021081 0.019457 0.017951 0.016556 0.015263 0.014066 0.012958 0.011932 0.010984 0.010107 0.009296 0.008547 0.007856 0.007218 0.006629 0.006085 0.005585 0.005123 0.004698 0.004306 0.003946 0.003614 0.003309 0.003029 0.002771 0.002534 0.002317 0.002117 0.001934 0.001766 0.001612 0.001471 0.001342 0.001223 0.001115 0.001016 0.000925 0.000842 0.000766 0.000697 0.000634 0.000576 0.000523 0.000475 0.000432 0.000392 0.000355 0.000322 0.000292 0.000265 0.000240 0.000217 0.000197 0.000178 0.000161 0.000145 0.000131 0.000119 0.000107 0.000097 0.000087
0.021081 0.019457 0.017951 0.016556 0.015263 0.014066 0.012958 0.011932 0.010984 0.010107 0.009296 0.008547 0.007856 0.007218 0.006629 0.006085 0.005585 0.005123 0.004698 0.004306 0.003946 0.003614 0.003309 0.003029 0.002771 0.002534 0.002317 0.002117 0.001934 0.001766 0.001612 0.001471 0.001342 0.001223 0.001115 0.001016 0.000925 0.000842 0.000766 0.000697 0.000634 0.000576 0.000523 0.000475 0.000432 0.000392 0.000355 0.000322 0.000292 0.000265 0.000240 0.000217 0.000197 0.000178 0.000161 0.000145 0.000131 0.000119 0.000107 0.000097 0.000087
0.021081 0.019457 0.017951 0.016556 0.015263 0.014066 0.012958 0.011932 0.010984 0.010107 0.009296 0.008547 0.007856 0.007218 0.006629 0.006085 0.005585 0.005123 0.004698 0.004306 0.003946 0.003614 0.003309 0.003029 0.002771 0.002534 0.002317 0.002117 0.001934 0.001766 0.001612 0.001471 0.001342 0.001223 0.001115 0.001016 0.000925 0.000842 0.000766 0.000697 0.000634 0.000576 0.000523 0.000475 0.000432 0.000392 0.000355 0.000322 0.000292 0.000265 0.000240 0.000217 0.000197 0.000178 0.000161 0.000145 0.000131 0.000119 0.000107 0.000097 0.000087
0.021081 0.019457 0.017951 0.016556 0.015263 0.014066 0.012958 0.011932 0.010984 0.010107 0.009296 0.008547 0.007856 0.007218 0.006629 0.006085 0.005585 0.005123 0.004698 0.004306 0.003946 0.003614 0.003309 0.003029 0.002771 0.002534 0.002317 0.002117 0.001934 0.001766 0.001612 0.001471 0.001342 0.001223 0.001115 0.001016 0.000925 0.000842 0.000766 0.000697 0.000634 0.000576 0.000523 0.000475 0.000432 0.000392 0.000355 0.000322 0.000292 0.000265 0.000240 0.000217 0.000197 0.000178 0.000161 0.000145 0.000131 0.000119 0.000107 0.000097 0.000087
0.021081 0.019457 0.017951 0.016556 0.015263 0.014066 0.012958 0.011932 0.010984 0.010107 0.009296 0.008547 0.007856 0.007218 0.006629 0.006085 0.005585 0.005123 0.004698 0.004306 0.003946 0.003614 0.003309 0.003029 0.002771 0.002534 0.002317 0.002117 0.001934 0.001766 0.001612 0.001471 0.001342 0.001223 0.001115 0.001016 0.000925 0.000842 0.000766 0.000697 0.000634 0.000576 0.000523 0.000475 0.000432 0.000392 0.000355 0.000322 0.000292 0.000265 0.000240 0.000217 0.000197 0.000178 0.000161 0.000145 0.000131 0.000119 0.000107 0.000097 0.000087
0.021081 0.019457 0.017951 0.016556 0.015263 0.014066 0.012958 0.011932 0.010984 0.010107 0.009296 0.008547 0.007856 0.007218 0.006629 0.006085 0.005585 0.005123 0.004698 0.004306 0.003946 0.003614 0.003309 0.003029 0.002771 0.002534 0.002317 0.002117 0.001934 0.001766 0.001612 0.001471 0.001342 0.001223 0.001115 0.001016 0.000925 0.000842 0.000766 0.000697 0.000634 0.000576 0.000523 0.000475 0.000432 0.000392 0.000355 0.000322 0.000292 0.000265 0.000240 0.000217 0.000197 0.000178 0.000161 0.000145 0.000131 0.000119 0.000107 0.000097 0.000087
0.021081 0.019457 0.017951 0.016556 0.015263 0.014066 0.012958 0.011932 0.010984 0.010107 0.009296 0.008547 0.007856 0.007218 0.006629 0.006085 0.005585 0.005123 0.004698 0.004306 0.003946 0.003614 0.003309 0.003029 0.002771 0.002534 0.002317 0.002117 0.001934 0.001766 0.001612 0.001471 0.001342 0.001223 0.001115 0.001016 0.000925 0.000842 0.000766 0.000697 0.000634 0.000576 0.000523 0.000475 0.000432 0.000392 0.000355 0.000322 0.000292 0.000265 0.000240 0.000217 0.000197 0.000178 0.000161 0.000145 0.000131 0.000119 0.000107 0.000097 0.000087
0.021081 0.019457 0.017951 0.016556 0.015263 0.014066 0.012958 0.011932 0.010984 0.010107 0.009296 0.008547 0.007856 0.007218 0.006629 0.006085 0.005585 0.005123 0.004698 0.004306 0.003946 0.003614 0.003309 0.003029 0.002771 0.002534 0.002317 0.002117 0.001934 0.001766 0.001612 0.001471 0.001342 0.001223 0.001115 0.001016 0.000925 0.000842 0.000766 0.000697 0.000634 0.000576 0.000523 0.000475 0.000432 0.000392 0.000355 0.000322 0.000292 0.000265 0.000240 0.000217 0.000197 0.000178 0.000161 0.000145 0.000131 0.000119 0.000107 0.000097 0.000087
0.021081 0.019457 0.017951 0.016556 0.015263 0.014066 0.012958 0.011932 0.010984 0.010107 0.009296 0.008547 0.007856 0.007218 0.006629 0.006085 0.005585 0.005123 0.004698 0.004306 0.003946 0.003614 0.003309 0.003029 0.002771 0.002534 0.002317 0.002117 0.001934 0.001766 0.001612 0.001471 0.001342 0.001223 0.001115 0.001016 0.000925 0.000842 0.000766 0.000697 0.000634 0.000576 0.000523 0.000475 0.000432 0.000392 0.000355 0.000322 0.000292 0.000265 0.000240 0.000217 0.000197 0.000178 0.000161 0.000145 0.000131 0.000119 0.000107 0.000097 0.000087
0.021081 0.019457 0.017951 0.016556 0.015263 0.014066 0.012958 0.011932 0.010984 0.010107 0.009296 0.008547 0.007856 0.007218 0.006629 0.006085 0.005585 0.005123 0.004698 0.004306 0.003946 0.003614 0.003309 0.003029 0.002771 0.002534 0.002317 0.002117 0.001934 0.001766 0.001612 0.001471 0.001342 0.001223 0.001115 0.001016 0.000925 0.000842 0.000766 0.000697 0.000634 0.000576 0.000523 0.000475 0.000432 0.000392 0.000355 0.000322 0.000292 0.000265 0.000240 0.000217 0.000197 0.000178 0.000161 0.000145 0.000131 0.000119 0.000107 0.000097 0.000087
0.021081 0.019457 0.017951 0.016556 0.015263 0.014066 0.012958 0.011932 0.010984 0.010107 0.009296 0.008547 0.007856 0.007218 0.006629 0.006085 0.005585 0.005123 0.004698 0.004306 0.003946 0.003614 0.003309 0.003029 0.002771 0.002534 0.002317 0.002117 0.001934 0.001766 0.001612 0.001471 0.001342 0.001223 0.001115 0.001016 0.000925 0.000842 0.000766 0.000697 0.000634 0.000576 0.000523 0.000475 0.000432 0.000392 0.000355 0.000322 0.000292 0.000265 0.000240 0.000217 0.000197 0.000178 0.000161 0.000145 0.000131 0.000119 0.000107 0.000097 0.000087
0.021081 0.019457 0.017951 0.016556 0.015263 0.014066 0.012958 0.011932 0.010984 0.010107 0.009296 0.008547 0.007856 0.007218 0.006629 0.006085 0.005585 0.005123 0.004698 0.004306 0.003946 0.003614 0.003309 0.003029 0.002771 0.002534 0.002317 0.002117 0.001934 0.001766 0.001612 0.001471 0.001342 0.001223 0.001115 0.001016 0.000925 0.000842 0.000766 0.000697 0.000634 0.000576 0.000523 0.000475 0.000432 0.000392 0.000355 0.000322 0.000292 0.000265 0.000240 0.000217 0.000197 0.000178 0.000161 0.000145 0.000131 0.000119 0.000107 0.000097 0.000087
