avaframe/data/avaDamBreak/Inputs/DEMOs_PF_Topo.asc
nCols  1001
nRows  301
xllcenter  0.00
yllcenter 0.00
cellsize  5.00
nodata_value -9999.00
[rows 0 to 26 of 301, columns 305 to 365 of 1001]
1.373770 1.297375 1.224769 1.155794 1.090294 1.028121 0.969131 0.913183 0.860143 0.809881 0.762270 0.717189 0.674522 0.634156 0.595982 0.559897 0.525799 0.493593 0.463186 0.434490 0.407418 0.381891 0.357828 0.335156 0.313803 0.293700 0.274782 0.256986 0.240253 0.224524 0.209747 0.195868 0.182839 0.170613 0.159144 0.148391 0.138312 0.128869 0.120026 0.111747 0.104000 0.096754 0.089979 0.083646 0.077730 0.072205 0.067048 0.062235 0.057746 0.053561 0.049660 0.046026 0.042641 0.039491 0.036559 0.033832 0.031297 0.028941 0.026752 0.024719 0.022832
1.373770 1.297375 1.224769 1.155794 1.090294 1.028121 0.969131 0.913183 0.860143 0.809881 0.762270 0.717189 0.674522 0.634156 0.595982 0.559897 0.525799 0.493593 0.463186 0.434490 0.407418 0.381891 0.357828 0.335156 0.313803 0.293700 0.274782 0.256986 0.240253 0.224524 0.209747 0.195868 0.182839 0.170613 0.159144 0.148391 0.138312 0.128869 0.120026 0.111747 0.104000 0.096754 0.089979 0.083646 0.077730 0.072205 0.067048 0.062235 0.057746 0.053561 0.049660 0.046026 0.042641 0.039491 0.036559 0.033832 0.031297 0.028941 0.026752 0.024719 0.022832
1.373770 1.297375 1.224769 1.155794 1.090294 1.028121 0.969131 0.913183 0.860143 0.809881 0.762270 0.717189 0.674522 0.634156 0.595982 0.559897 0.525799 0.493593 0.463186 0.434490 0.407418 0.381891 0.357828 0.335156 0.313803 0.293700 0.274782 0.256986 0.240253 0.224524 0.209747 0.195868 0.182839 0.170613 0.159144 0.148391 0.138312 0.128869 0.120026 0.111747 0.104000 0.096754 0.089979 0.083646 0.077730 0.072205 0.067048 0.062235 0.057746 0.053561 0.049660 0.046026 0.042641 0.039491 0.036559 0.033832 0.031297 0.028941 0.026752 0.024719 0.022832
1.373770 1.297375 1.224769 1.155794 1.090294 1.028121 0.969131 0.913183 0.860143 0.809881 0.762270 0.717189 0.674522 0.634156 0.595982 0.559897 0.525799 0.493593 0.463186 0.434490 0.407418 0.381891 0.357828 0.335156 0.313803 0.293700 0.274782 0.256986 0.240253 0.224524 0.209747 0.195868 0.182839 0.170613 0.159144 0.148391 0.138312 0.128869 0.120026 0.111747 0.104000 0.096754 0.089979 0.083646 0.077730 0.072205 0.067048 0.062235 0.057746 0.053561 0.049660 0.046026 0.042641 0.039491 0.036559 0.033832 0.031297 0.028941 0.026752 0.024719 0.022832
1.373770 1.297375 1.224769 1.155794 1.090294 1.028121 0.969131 0.913183 0.860143 0.809881 0.762270 0.717189 0.674522 0.634156 0.595982 0.559897 0.525799 0.493593 0.463186 0.434490 0.407418 0.381891 0.357828 0.335156 0.313803 0.293700 0.274782 0.256986 0.240253 0.224524 0.209747 0.195868 0.182839 0.170613 0.159144 0.148391 0.138312 0.128869 0.120026 0.111747 0.104000 0.096754 0.089979 0.083646 0.077730 0.072205 0.067048 0.062235 0.057746 0.053561 0.049660 0.046026 0.042641 0.039491 0.036559 0.033832 0.031297 0.028941 0.026752 0.024719 0.022832
1.373770 1.297375 1.224769 1.155794 1.090294 1.028121 0.969131 0.913183 0.860143 0.809881 0.762270 0.717189 0.674522 0.634156 0.595982 0.559897 0.525799 0.493593 0.463186 0.434490 0.407418 0.381891 0.357828 0.335156 0.313803 0.293700 0.274782 0.256986 0.240253 0.224524 0.209747 0.195868 0.182839 0.170613 0.159144 0.148391 0.138312 0.128869 0.120026 0.111747 0.104000 0.096754 0.089979 0.083646 0.077730 0.072205 0.067048 0.062235 0.057746 0.053561 0.049660 0.046026 0.042641 0.039491 0.036559 0.033832 0.031297 0.028941 0.026752 0.024719 0.022832
1.373770 1.297375 1.224769 1.155794 1.090294 1.028121 0.969131 0.913183 0.860143 0.809881 0.762270 0.717189 0.674522 0.634156 0.595982 0.559897 0.525799 0.493593 0.463186 0.434490 0.407418 0.381891 0.357828 0.335156 0.313803 0.293700 0.274782 0.256986 0.240253 0.224524 0.209747 0.195868 0.182839 0.170613 0.159144 0.148391 0.138312 0.128869 0.120026 0.111747 0.104000 0.096754 0.089979 0.083646 0.077730 0.072205 0.067048 0.062235 0.057746 0.053561 0.049660 0.046026 0.042641 0.039491 0.036559 0.033832 0.031297 0.028941 0.026752 0.024719 0.022832
1.373770 1.297375 1.224769 1.155794 1.090294 1.028121 0.969131 0.913183 0.860143 0.809881 0.762270 0.717189 0.674522 0.634156 0.595982 0.559897 0.525799 0.493593 0.463186 0.434490 0.407418 0.381891 0.357828 0.335156 0.313803 0.293700 0.274782 0.256986 0.240253 0.224524 0.209747 0.195868 0.182839 0.170613 0.159144 0.148391 0.138312 0.128869 0.120026 0.111747 0.104000 0.096754 0.089979 0.083646 0.077730 0.072205 0.067048 0.062235 0.057746 0.053561 0.049660 0.046026 0.042641 0.039491 0.036559 0.033832 0.031297 0.028941 0.026752 0.024719 0.022832
1.373770 1.297375 1.224769 1.155794 1.090294 1.028121 0.969131 0.913183 0.860143 0.809881 0.762270 0.717189 0.674522 0.634156 0.595982 0.559897 0.525799 0.493593 0.463186 0.434490 0.407418 0.381891 0.357828 0.335156 0.313803 0.293700 0.274782 0.256986 0.240253 0.224524 0.209747 0.195868 0.182839 0.170613 0.159144 0.148391 0.138312 0.128869 0.120026 0.111747 0.104000 0.096754 0.089979 0.083646 0.077730 0.072205 0.067048 0.062235 0.057746 0.053561 0.049660 0.046026 0.042641 0.039491 0.036559 0.033832 0.031297 0.028941 0.026752 0.024719 0.022832
1.373770 1.297375 1.224769 1.155794 1.090294 1.028121 0.969131 0.913183 0.860143 0.809881 0.762270 0.717189 0.674522 0.634156 0.595982 0.559897 0.525799 0.493593 0.463186 0.434490 0.407418 0.381891 0.357828 0.335156 0.313803 0.293700 0.274782 0.256986 0.240253 0.224524 0.209747 0.195868 0.182839 0.170613 0.159144 0.148391 0.138312 0.128869 0.120026 0.111747 0.104000 0.096754 0.089979 0.083646 0.077730 0.072205 0.067048 0.062235 0.057746 0.053561 0.049660 0.046026 0.042641 0.039491 0.036559 0.033832 0.031297 0.028941 0.026752 0.024719 0.022832
1.373770 1.297375 1.224769 1.155794 1.090294 1.028121 0.969131 0.913183 0.860143 0.809881 0.762270 0.717189 0.674522 0.634156 0.595982 0.559897 0.525799 0.493593 0.463186 0.434490 0.407418 0.381891 0.357828 0.335156 0.313803 0.293700 0.274782 0.256986 0.240253 0.224524 0.209747 0.195868 0.182839 0.170613 0.159144 0.148391 0.138312 0.128869 0.120026 0.111747 0.104000 0.096754 0.089979 0.083646 0.077730 0.072205 0.067048 0.062235 0.057746 0.053561 0.049660 0.046026 0.042641 0.039491 0.036559 0.033832 0.031297 0.028941 0.026752 0.024719 0.022832
1.373770 1.297375 1.224769 1.155794 1.090294 1.028121 0.969131 0.913183 0.860143 0.809881 0.762270 0.717189 0.674522 0.634156 0.595982 0.559897 0.525799 0.493593 0.463186 0.434490 0.407418 0.381891 0.357828 0.335156 0.313803 0.293700 0.274782 0.256986 0.240253 0.224524 0.209747 0.195868 0.182839 0.170613 0.159144 0.148391 0.138312 0.128869 0.120026 0.111747 0.104000 0.096754 0.089979 0.083646 0.077730 0.072205 0.067048 0.062235 0.057746 0.053561 0.049660 0.046026 0.042641 0.039491 0.036559 0.033832 0.031297 0.028941 0.026752 0.024719 0.022832
1.373770 1.297375 1.224769 1.155794 1.090294 1.028121 0.969131 0.913183 0.860143 0.809881 0.762270 0.717189 0.674522 0.634156 0.595982 0.559897 0.525799 0.493593 0.463186 0.434490 0.407418 0.381891 0.357828 0.335156 0.313803 0.293700 0.274782 0.256986 0.240253 0.224524 0.209747 0.195868 0.182839 0.170613 0.159144 0.148391 0.138312 0.128869 0.120026 0.111747 0.104000 0.096754 0.089979 0.083646 0.077730 0.072205 0.067048 0.062235 0.057746 0.053561 0.049660 0.046026 0.042641 0.039491 0.036559 0.033832 0.031297 0.028941 0.026752 0.024719 0.022832
1.373770 1.297375 1.224769 1.155794 1.090294 1.028121 0.969131 0.913183 0.860143 0.809881 0.762270 0.717189 0.674522 0.634156 0.595982 0.559897 0.525799 0.493593 0.463186 0.434490 0.407418 0.381891 0.357828 0.335156 0.313803 0.293700 0.274782 0.256986 0.240253 0.224524 0.209747 0.195868 0.182839 0.170613 0.159144 0.148391 0.138312 0.128869 0.120026 0.111747 0.104000 0.096754 0.089979 0.083646 0.077730 0.072205 0.067048 0.062235 0.057746 0.053561 0.049660 0.046026 0.042641 0.039491 0.036559 0.033832 0.031297 0.028941 0.026752 0.024719 0.022832
1.373770 1.297375 1.224769 1.155794 1.090294 1.028121 0.969131 0.913183 0.860143 0.809881 0.762270 0.717189 0.674522 0.634156 0.595982 0.559897 0.525799 0.493593 0.463186 0.434490 0.407418 0.381891 0.357828 0.335156 0.313803 0.293700 0.274782 0.256986 0.240253 0.224524 0.209747 0.195868 0.182839 0.170613 0.159144 0.148391 0.138312 0.128869 0.120026 0.111747 0.104000 0.096754 0.089979 0.083646 0.077730 0.072205 0.067048 0.062235 0.057746 0.053561 0.049660 0.046026 0.042641 0.039491 0.036559 0.033832 0.031297 0.028941 0.026752 0.024719 0.022832
1.373770 1.297375 1.224769 1.155794 1.090294 1.028121 0.969131 0.913183 0.860143 0.809881 0.762270 0.717189 0.674522 0.634156 0.595982 0.559897 0.525799 0.493593 0.463186 0.434490 0.407418 0.381891 0.357828 0.335156 0.313803 0.293700 0.274782 0.256986 0.240253 0.224524 0.209747 0.195868 0.182839 0.170613 0.159144 0.148391 0.138312 0.128869 0.120026 0.111747 0.104000 0.096754 0.089979 0.083646 0.077730 0.072205 0.067048 0.062235 0.057746 0.053561 0.049660 0.046026 0.042641 0.039491 0.036559 0.033832 0.031297 0.028941 0.026752 0.024719 0.022832
1.373770 1.297375 1.224769 1.155794 1.090294 1.028121 0.969131 0.913183 0.860143 0.809881 0.762270 0.717189 0.674522 0.634156 0.595982 0.559897 0.525799 0.493593 0.463186 0.434490 0.407418 0.381891 0.357828 0.335156 0.313803 0.293700 0.274782 0.256986 0.240253 0.224524 0.209747 0.195868 0.182839 0.170613 0.159144 0.148391 0.138312 0.128869 0.120026 0.111747 0.104000 0.096754 0.089979 0.083646 0.077730 0.072205 0.067048 0.062235 0.057746 0.053561 0.049660 0.046026 0.042641 0.039491 0.036559 0.033832 0.031297 0.028941 0.026752 0.024719 0.022832
1.373770 1.297375 1.224769 1.155794 1.090294 1.028121 0.969131 0.913183 0.860143 0.809881 0.762270 0.717189 0.674522 0.634156 0.595982 0.559897 0.525799 0.493593 0.463186 0.434490 0.407418 0.381891 0.357828 0.335156 0.313803 0.293700 0.274782 0.256986 0.240253 0.224524 0.209747 0.195868 0.182839 0.170613 0.159144 0.148391 0.138312 0.128869 0.120026 0.111747 0.104000 0.096754 0.089979 0.083646 0.077730 0.072205 0.067048 0.062235 0.057746 0.053561 0.049660 0.046026 0.042641 0.039491 0.036559 0.033832 0.031297 0.028941 0.026752 0.024719 0.022832
1.373770 1.297375 1.224769 1.155794 1.090294 1.028121 0.969131 0.913183 0.860143 0.809881 0.762270 0.717189 0.674522 0.634156 0.595982 0.559897 0.525799 0.493593 0.463186 0.434490 0.407418 0.381891 0.357828 0.335156 0.313803 0.293700 0.274782 0.256986 0.240253 0.224524 0.209747 0.195868 0.182839 0.170613 0.159144 0.148391 0.138312 0.128869 0.120026 0.111747 0.104000 0.096754 0.089979 0.083646 0.077730 0.072205 0.067048 0.062235 0.057746 0.053561 0.049660 0.046026 0.042641 0.039491 0.036559 0.033832 0.031297 0.028941 0.026752 0.024719 0.022832
1.373770 1.297375 1.224769 1.155794 1.090294 1.028121 0.969131 0.913183 0.860143 0.809881 0.762270 0.717189 0.674522 0.634156 0.595982 0.559897 0.525799 0.493593 0.463186 0.434490 0.407418 0.381891 0.357828 0.335156 0.313803 0.293700 0.274782 0.256986 0.240253 0.224524 0.209747 0.195868 0.182839 0.170613 0.159144 0.148391 0.138312 0.128869 0.120026 0.111747 0.104000 0.096754 0.089979 0.083646 0.077730 0.072205 0.067048 0.062235 0.057746 0.053561 0.049660 0.046026 0.042641 0.039491 0.036559 0.033832 0.031297 0.028941 0.026752 0.024719 0.022832
1.373770 1.297375 1.224769 1.155794 1.090294 1.028121 0.969131 0.913183 0.860143 0.809881 0.762270 0.717189 0.674522 0.634156 0.595982 0.559897 0.525799 0.493593 0.463186 0.434490 0.407418 0.381891 0.357828 0.335156 0.313803 0.293700 0.274782 0.256986 0.240253 0.224524 0.209747 0.195868 0.182839 0.170613 0.159144 0.148391 0.138312 0.128869 0.120026 0.111747 0.104000 0.096754 0.089979 0.083646 0.077730 0.072205 0.067048 0.062235 0.057746 0.053561 0.049660 0.046026 0.042641 0.039491 0.036559 0.033832 0.031297 0.028941 0.026752 0.024719 0.022832
1.373770 1.297375 1.224769 1.155794 1.090294 1.028121 0.969131 0.913183 0.860143 0.809881 0.762270 0.717189 0.674522 0.634156 0.595982 0.559897 0.525799 0.493593 0.463186 0.434490 0.407418 0.381891 0.357828 0.335156 0.313803 0.293700 0.274782 0.256986 0.240253 0.224524 0.209747 0.195868 0.182839 0.170613 0.159144 0.148391 0.138312 0.128869 0.120026 0.111747 0.104000 0.096754 0.089979 0.083646 0.077730 0.072205 0.067048 0.062235 0.057746 0.053561 0.049660 0.046026 0.042641 0.039491 0.036559 0.033832 0.031297 0.028941 0.026752 0.024719 0.022832
1.373770 1.297375 1.224769 1.155794 1.090294 1.028121 0.969131 0.913183 0.860143 0.809881 0.762270 0.717189 0.674522 0.634156 0.595982 0.559897 0.525799 0.493593 0.463186 0.434490 0.407418 0.381891 0.357828 0.335156 0.313803 0.293700 0.274782 0.256986 0.240253 0.224524 0.209747 0.195868 0.182839 0.170613 0.159144 0.148391 0.138312 0.128869 0.120026 0.111747 0.104000 0.096754 0.089979 0.083646 0.077730 0.072205 0.067048 0.062235 0.057746 0.053561 0.049660 0.046026 0.042641 0.039491 0.036559 0.033832 0.031297 0.028941 0.026752 0.024719 0.022832
1.373770 1.297375 1.224769 1.155794 1.090294 1.028121 0.969131 0.913183 0.860143 0.809881 0.762270 0.717189 0.674522 0.634156 0.595982 0.559897 0.525799 0.493593 0.463186 0.434490 0.407418 0.381891 0.357828 0.335156 0.313803 0.293700 0.274782 0.256986 0.240253 0.224524 0.209747 0.195868 0.182839 0.170613 0.159144 0.148391 0.138312 0.128869 0.120026 0.111747 0.104000 0.096754 0.089979 0.083646 0.077730 0.072205 0.067048 0.062235 0.057746 0.053561 0.049660 0.046026 0.042641 0.039491 0.036559 0.033832 0.031297 0.028941 0.026752 0.024719 0.022832
1.373770 1.297375 1.224769 1.155794 1.090294 1.028121 0.969131 0.913183 0.860143 0.809881 0.762270 0.717189 0.674522 0.634156 0.595982 0.559897 0.525799 0.493593 0.463186 0.434490 0.407418 0.381891 0.357828 0.335156 0.313803 0.293700 0.274782 0.256986 0.240253 0.224524 0.209747 0.195868 0.182839 0.170613 0.159144 0.148391 0.138312 0.128869 0.120026 0.111747 0.104000 0.096754 0.089979 0.083646 0.077730 0.072205 0.067048 0.062235 0.057746 0.053561 0.049660 0.046026 0.042641 0.039491 0.036559 0.033832 0.031297 0.028941 0.026752 0.024719 0.022832
1.373770 1.297375 1.224769 1.155794 1.090294 1.028121 0.969131 0.913183 0.860143 0.809881 0.762270 0.717189 0.674522 0.634156 0.595982 0.559897 0.525799 0.493593 0.463186 0.434490 0.407418 0.381891 0.357828 0.335156 0.313803 0.293700 0.274782 0.256986 0.240253 0.224524 0.209747 0.195868 0.182839 0.170613 0.159144 0.148391 0.138312 0.128869 0.120026 0.111747 0.104000 0.096754 0.089979 0.083646 0.077730 0.072205 0.067048 0.062235 0.057746 0.053561 0.049660 0.046026 0.042641 0.039491 0.036559 0.033832 0.031297 0.028941 0.026752 0.024719 0.022832
1.373770 1.297375 1.224769 1.155794 1.090294 1.028121 0.969131 0.913183 0.860143 0.809881 0.762270 0.717189 0.674522 0.634156 0.595982 0.559897 0.525799 0.493593 0.463186 0.434490 0.407418 0.381891 0.357828 0.335156 0.313803 0.293700 0.274782 0.256986 0.240253 0.224524 0.209747 0.195868 0.182839 0.170613 0.159144 0.148391 0.138312 0.128869 0.120026 0.111747 0.104000 0.096754 0.089979 0.083646 0.077730 0.072205 0.067048 0.062235 0.057746 0.053561 0.049660 0.046026 0.042641 0.039491 0.036559 0.033832 0.031297 0.028941 0.026752 0.024719 0.022832
