avaframe/tests/data/testCom1DFA/Inputs/DEM_PF_Topo.asc
ncols        339
nrows        119
xllcorner    2802.500000000000
yllcorner    -4297.500000000000
cellsize     5.000000000000
NODATA_value  -9999
[rows 20 to 39 of 119, columns 44 to 87 of 339]
316.25299072265625 313.7008056640625 311.158935546875 308.627410888671875 306.106231689453125 303.59539794921875 301.09490966796875 298.604736328125 296.12493896484375 293.65545654296875 291.196319580078125 288.74749755859375 286.309051513671875 283.88092041015625 281.463165283203125 279.05572509765625 276.65863037109375 274.2718505859375 271.89544677734375 269.52935791015625 267.173614501953125 264.828216552734375 262.4931640625 260.16845703125 257.85406494140625 255.5500335693359375 253.2563323974609375 250.9729766845703125 248.699951171875 246.437286376953125 244.1849365234375 241.9429473876953125 239.7112884521484375 237.4899749755859375 235.27899169921875 233.0783538818359375 230.8880615234375 228.708099365234375 226.538482666015625 224.3791961669921875 222.2302703857421875 220.0916595458984375 217.963409423828125 215.845489501953125
316.25299072265625 313.7008056640625 311.158935546875 308.627410888671875 306.106231689453125 303.59539794921875 301.09490966796875 298.604736328125 296.12493896484375 293.65545654296875 291.196319580078125 288.74749755859375 286.309051513671875 283.88092041015625 281.463165283203125 279.05572509765625 276.65863037109375 274.2718505859375 271.89544677734375 269.52935791015625 267.173614501953125 264.828216552734375 262.4931640625 260.16845703125 257.85406494140625 255.5500335693359375 253.2563323974609375 250.9729766845703125 248.699951171875 246.437286376953125 244.1849365234375 241.9429473876953125 239.7112884521484375 237.4899749755859375 235.27899169921875 233.0783538818359375 230.8880615234375 228.708099365234375 226.538482666015625 224.3791961669921875 222.2302703857421875 220.0916595458984375 217.963409423828125 215.845489501953125
316.25299072265625 313.7008056640625 311.158935546875 308.627410888671875 306.106231689453125 303.59539794921875 301.09490966796875 298.604736328125 296.12493896484375 293.65545654296875 291.196319580078125 288.74749755859375 286.309051513671875 283.88092041015625 281.463165283203125 279.05572509765625 276.65863037109375 274.2718505859375 271.89544677734375 269.52935791015625 267.173614501953125 264.828216552734375 262.4931640625 260.16845703125 257.85406494140625 255.5500335693359375 253.2563323974609375 250.9729766845703125 248.699951171875 246.437286376953125 244.1849365234375 241.9429473876953125 239.7112884521484375 237.4899749755859375 235.27899169921875 233.0783538818359375 230.8880615234375 228.708099365234375 226.538482666015625 224.3791961669921875 222.2302703857421875 220.0916595458984375 217.963409423828125 215.845489501953125
316.25299072265625 313.7008056640625 311.158935546875 308.627410888671875 306.106231689453125 303.59539794921875 301.09490966796875 298.604736328125 296.12493896484375 293.65545654296875 291.196319580078125 288.74749755859375 286.309051513671875 283.88092041015625 281.463165283203125 279.05572509765625 276.65863037109375 274.2718505859375 271.89544677734375 269.52935791015625 267.173614501953125 264.828216552734375 262.4931640625 260.16845703125 257.85406494140625 255.5500335693359375 253.2563323974609375 250.9729766845703125 248.699951171875 246.437286376953125 244.1849365234375 241.9429473876953125 239.7112884521484375 237.4899749755859375 235.27899169921875 233.0783538818359375 230.8880615234375 228.708099365234375 226.538482666015625 224.3791961669921875 222.2302703857421875 220.0916595458984375 217.963409423828125 215.845489501953125
316.25299072265625 313.7008056640625 311.158935546875 308.627410888671875 306.106231689453125 303.59539794921875 301.09490966796875 298.604736328125 296.12493896484375 293.65545654296875 291.196319580078125 288.74749755859375 286.309051513671875 283.88092041015625 281.463165283203125 279.05572509765625 276.65863037109375 274.2718505859375 271.89544677734375 269.52935791015625 267.173614501953125 264.828216552734375 262.4931640625 260.16845703125 257.85406494140625 255.5500335693359375 253.2563323974609375 250.9729766845703125 248.699951171875 246.437286376953125 244.1849365234375 241.9429473876953125 239.7112884521484375 237.4899749755859375 235.27899169921875 233.0783538818359375 230.8880615234375 228.708099365234375 226.538482666015625 224.3791961669921875 222.2302703857421875 220.0916595458984375 217.963409423828125 215.845489501953125
316.25299072265625 313.7008056640625 311.158935546875 308.627410888671875 306.106231689453125 303.59539794921875 301.09490966796875 298.604736328125 296.12493896484375 293.65545654296875 291.196319580078125 288.74749755859375 286.309051513671875 283.88092041015625 281.463165283203125 279.05572509765625 276.65863037109375 274.2718505859375 271.89544677734375 269.52935791015625 267.173614501953125 264.828216552734375 262.4931640625 260.16845703125 257.85406494140625 255.5500335693359375 253.2563323974609375 250.9729766845703125 248.699951171875 246.437286376953125 244.1849365234375 241.9429473876953125 239.7112884521484375 237.4899749755859375 235.27899169921875 233.0783538818359375 230.8880615234375 228.708099365234375 226.538482666015625 224.3791961669921875 222.2302703857421875 220.0916595458984375 217.963409423828125 215.845489501953125
316.25299072265625 313.7008056640625 311.158935546875 308.627410888671875 306.106231689453125 303.59539794921875 301.09490966796875 298.604736328125 296.12493896484375 293.65545654296875 291.196319580078125 288.74749755859375 286.309051513671875 283.88092041015625 281.463165283203125 279.05572509765625 276.65863037109375 274.2718505859375 271.89544677734375 269.52935791015625 267.173614501953125 264.828216552734375 262.4931640625 260.16845703125 257.85406494140625 255.5500335693359375 253.2563323974609375 250.9729766845703125 248.699951171875 246.437286376953125 244.1849365234375 241.9429473876953125 239.7112884521484375 237.4899749755859375 235.27899169921875 233.0783538818359375 230.8880615234375 228.708099365234375 226.538482666015625 224.3791961669921875 222.2302703857421875 220.0916595458984375 217.963409423828125 215.845489501953125
316.25299072265625 313.7008056640625 311.158935546875 308.627410888671875 306.106231689453125 303.59539794921875 301.09490966796875 298.604736328125 296.12493896484375 293.65545654296875 291.196319580078125 288.74749755859375 286.309051513671875 283.88092041015625 281.463165283203125 279.05572509765625 276.65863037109375 274.2718505859375 271.89544677734375 269.52935791015625 267.173614501953125 264.828216552734375 262.4931640625 260.16845703125 257.85406494140625 255.5500335693359375 253.2563323974609375 250.9729766845703125 248.699951171875 246.437286376953125 244.1849365234375 241.9429473876953125 239.7112884521484375 237.4899749755859375 235.27899169921875 233.0783538818359375 230.8880615234375 228.708099365234375 226.538482666015625 224.3791961669921875 222.2302703857421875 220.0916595458984375 217.963409423828125 215.845489501953125
316.25299072265625 313.7008056640625 311.158935546875 308.627410888671875 306.106231689453125 303.59539794921875 301.09490966796875 298.604736328125 296.12493896484375 293.65545654296875 291.196319580078125 288.74749755859375 286.309051513671875 283.88092041015625 281.463165283203125 279.05572509765625 276.65863037109375 274.2718505859375 271.89544677734375 269.52935791015625 267.173614501953125 264.828216552734375 262.4931640625 260.16845703125 257.85406494140625 255.5500335693359375 253.2563323974609375 250.9729766845703125 248.699951171875 246.437286376953125 244.1849365234375 241.9429473876953125 239.7112884521484375 237.4899749755859375 235.27899169921875 233.0783538818359375 230.8880615234375 228.708099365234375 226.538482666015625 224.3791961669921875 222.2302703857421875 220.0916595458984375 217.963409423828125 215.845489501953125
316.25299072265625 313.7008056640625 311.158935546875 308.627410888671875 306.106231689453125 303.59539794921875 301.09490966796875 298.604736328125 296.12493896484375 293.65545654296875 291.196319580078125 288.74749755859375 286.309051513671875 283.88092041015625 281.463165283203125 279.05572509765625 276.65863037109375 274.2718505859375 271.89544677734375 269.52935791015625 267.173614501953125 264.828216552734375 262.4931640625 260.16845703125 257.85406494140625 255.5500335693359375 253.2563323974609375 250.9729766845703125 248.699951171875 246.437286376953125 244.1849365234375 241.9429473876953125 239.7112884521484375 237.4899749755859375 235.27899169921875 233.0783538818359375 230.8880615234375 228.708099365234375 226.538482666015625 224.3791961669921875 222.2302703857421875 220.0916595458984375 217.963409423828125 215.845489501953125
316.25299072265625 313.7008056640625 311.158935546875 308.627410888671875 306.106231689453125 303.59539794921875 301.09490966796875 298.604736328125 296.12493896484375 293.65545654296875 291.196319580078125 288.74749755859375 286.309051513671875 283.88092041015625 281.463165283203125 279.05572509765625 276.65863037109375 274.2718505859375 271.89544677734375 269.52935791015625 267.173614501953125 264.828216552734375 262.4931640625 260.16845703125 257.85406494140625 255.5500335693359375 253.2563323974609375 250.9729766845703125 248.699951171875 246.437286376953125 244.1849365234375 241.9429473876953125 239.7112884521484375 237.4899749755859375 235.27899169921875 233.0783538818359375 230.8880615234375 228.708099365234375 226.538482666015625 224.3791961669921875 222.2302703857421875 220.0916595458984375 217.963409423828125 215.845489501953125
316.25299072265625 313.7008056640625 311.158935546875 308.627410888671875 306.106231689453125 303.59539794921875 301.09490966796875 298.604736328125 296.12493896484375 293.65545654296875 291.196319580078125 288.74749755859375 286.309051513671875 283.88092041015625 281.463165283203125 279.05572509765625 276.65863037109375 274.2718505859375 271.89544677734375 269.52935791015625 267.173614501953125 264.828216552734375 262.4931640625 260.16845703125 257.85406494140625 255.5500335693359375 253.2563323974609375 250.9729766845703125 248.699951171875 246.437286376953125 244.1849365234375 241.9429473876953125 239.7112884521484375 237.4899749755859375 235.27899169921875 233.0783538818359375 230.8880615234375 228.708099365234375 226.538482666015625 224.3791961669921875 222.2302703857421875 220.0916595458984375 217.963409423828125 215.845489501953125
316.25299072265625 313.7008056640625 311.158935546875 308.627410888671875 306.106231689453125 303.59539794921875 301.09490966796875 298.604736328125 296.12493896484375 293.65545654296875 291.196319580078125 288.74749755859375 286.309051513671875 283.88092041015625 281.463165283203125 279.05572509765625 276.65863037109375 274.2718505859375 271.89544677734375 269.52935791015625 267.173614501953125 264.828216552734375 262.4931640625 260.16845703125 257.85406494140625 255.5500335693359375 253.2563323974609375 250.9729766845703125 248.699951171875 246.437286376953125 244.1849365234375 241.9429473876953125 239.7112884521484375 237.4899749755859375 235.27899169921875 233.0783538818359375 230.8880615234375 228.708099365234375 226.538482666015625 224.3791961669921875 222.2302703857421875 220.0916595458984375 217.963409423828125 215.845489501953125
316.25299072265625 313.7008056640625 311.158935546875 308.627410888671875 306.106231689453125 303.59539794921875 301.09490966796875 298.604736328125 296.12493896484375 293.65545654296875 291.196319580078125 288.74749755859375 286.309051513671875 283.88092041015625 281.463165283203125 279.05572509765625 276.65863037109375 274.2718505859375 271.89544677734375 269.52935791015625 267.173614501953125 264.828216552734375 262.4931640625 260.16845703125 257.85406494140625 255.5500335693359375 253.2563323974609375 250.9729766845703125 248.699951171875 246.437286376953125 244.1849365234375 241.9429473876953125 239.7112884521484375 237.4899749755859375 235.27899169921875 233.0783538818359375 230.8880615234375 228.708099365234375 226.538482666015625 224.3791961669921875 222.2302703857421875 220.0916595458984375 217.963409423828125 215.845489501953125
316.25299072265625 313.7008056640625 311.158935546875 308.627410888671875 306.106231689453125 303.59539794921875 301.09490966796875 298.604736328125 296.12493896484375 293.65545654296875 291.196319580078125 288.74749755859375 286.309051513671875 283.88092041015625 281.463165283203125 279.05572509765625 276.65863037109375 274.2718505859375 271.89544677734375 269.52935791015625 267.173614501953125 264.828216552734375 262.4931640625 260.16845703125 257.85406494140625 255.5500335693359375 253.2563323974609375 250.9729766845703125 248.699951171875 246.437286376953125 244.1849365234375 241.9429473876953125 239.7112884521484375 237.4899749755859375 235.27899169921875 233.0783538818359375 230.8880615234375 228.708099365234375 226.538482666015625 224.3791961669921875 222.2302703857421875 220.0916595458984375 217.963409423828125 215.845489501953125
316.25299072265625 313.7008056640625 311.158935546875 308.627410888671875 306.106231689453125 303.59539794921875 301.09490966796875 298.604736328125 296.12493896484375 293.65545654296875 291.196319580078125 288.74749755859375 286.309051513671875 283.88092041015625 281.463165283203125 279.05572509765625 276.65863037109375 274.2718505859375 271.89544677734375 269.52935791015625 267.173614501953125 264.828216552734375 262.4931640625 260.16845703125 257.85406494140625 255.5500335693359375 253.2563323974609375 250.9729766845703125 248.699951171875 246.437286376953125 244.1849365234375 241.9429473876953125 239.7112884521484375 237.4899749755859375 235.27899169921875 233.0783538818359375 230.8880615234375 228.708099365234375 226.538482666015625 224.3791961669921875 222.2302703857421875 220.0916595458984375 217.963409423828125 215.845489501953125
316.25299072265625 313.7008056640625 311.158935546875 308.627410888671875 306.106231689453125 303.59539794921875 301.09490966796875 298.604736328125 296.12493896484375 293.65545654296875 291.196319580078125 288.74749755859375 286.309051513671875 283.88092041015625 281.463165283203125 279.05572509765625 276.65863037109375 274.2718505859375 271.89544677734375 269.52935791015625 267.173614501953125 264.828216552734375 262.4931640625 260.16845703125 257.85406494140625 255.5500335693359375 253.2563323974609375 250.9729766845703125 248.699951171875 246.437286376953125 244.1849365234375 241.9429473876953125 239.7112884521484375 237.4899749755859375 235.27899169921875 233.0783538818359375 230.8880615234375 228.708099365234375 226.538482666015625 224.3791961669921875 222.2302703857421875 220.0916595458984375 217.963409423828125 215.845489501953125
316.25299072265625 313.7008056640625 311.158935546875 308.627410888671875 306.106231689453125 303.59539794921875 301.09490966796875 298.604736328125 296.12493896484375 293.65545654296875 291.196319580078125 288.74749755859375 286.309051513671875 283.88092041015625 281.463165283203125 279.05572509765625 276.65863037109375 274.2718505859375 271.89544677734375 269.52935791015625 267.173614501953125 264.828216552734375 262.4931640625 260.16845703125 257.85406494140625 255.5500335693359375 253.2563323974609375 250.9729766845703125 248.699951171875 246.437286376953125 244.1849365234375 241.9429473876953125 239.7112884521484375 237.4899749755859375 235.27899169921875 233.0783538818359375 230.8880615234375 228.708099365234375 226.538482666015625 224.3791961669921875 222.2302703857421875 220.0916595458984375 217.963409423828125 215.845489501953125
316.25299072265625 313.7008056640625 311.158935546875 308.627410888671875 306.106231689453125 303.59539794921875 301.09490966796875 298.604736328125 296.12493896484375 293.65545654296875 291.196319580078125 288.74749755859375 286.309051513671875 283.88092041015625 281.463165283203125 279.05572509765625 276.65863037109375 274.2718505859375 271.89544677734375 269.52935791015625 267.173614501953125 264.828216552734375 262.4931640625 260.16845703125 257.85406494140625 255.5500335693359375 253.2563323974609375 250.9729766845703125 248.699951171875 246.437286376953125 244.1849365234375 241.9429473876953125 239.7112884521484375 237.4899749755859375 235.27899169921875 233.0783538818359375 230.8880615234375 228.708099365234375 226.538482666015625 224.3791961669921875 222.2302703857421875 220.0916595458984375 217.963409423828125 215.845489501953125
316.25299072265625 313.7008056640625 311.158935546875 308.627410888671875 306.106231689453125 303.59539794921875 301.09490966796875 298.604736328125 296.12493896484375 293.65545654296875 291.196319580078125 288.74749755859375 286.309051513671875 283.88092041015625 281.463165283203125 279.05572509765625 276.65863037109375 274.2718505859375 271.89544677734375 269.52935791015625 267.173614501953125 264.828216552734375 262.4931640625 260.16845703125 257.85406494140625 255.5500335693359375 253.2563323974609375 250.9729766845703125 248.699951171875 246.437286376953125 244.1849365234375 241.9429473876953125 239.7112884521484375 237.4899749755859375 235.27899169921875 233.0783538818359375 230.8880615234375 228.708099365234375 226.538482666015625 224.3791961669921875 222.2302703857421875 220.0916595458984375 217.963409423828125 215.845489501953125
