avaframe/tests/data/testCom1DFA/Inputs/DEM_PF_Topo.asc
ncols        339
nrows        119
xllcorner    2802.500000000000
yllcorner    -4297.500000000000
cellsize     5.000000000000
NODATA_value  -9999
[rows 0 to 19 of 119, columns 220 to 263 of 339]
26.30255889892578125 25.570207595825195312 24.848194122314453125 24.136522293090820312 23.435190200805664062 22.744197845458984375 22.06354522705078125 21.3932342529296875 20.733263015747070312 20.083631515502929688 19.444339752197265625 18.815387725830078125 18.196775436401367188 17.588504791259765625 16.990571975708007812 16.402980804443359375 15.8257293701171875 15.258816719055175781 14.702245712280273438 14.156014442443847656 13.620122909545898438 13.094571113586425781 12.579360008239746094 12.074488639831542969 11.579957008361816406 11.095766067504882812 10.621914863586425781 10.158404350280761719 9.7052326202392578125 9.262401580810546875 8.8299112319946289062 8.4077596664428710938 7.99594879150390625 7.5944781303405761719 7.2033472061157226562 6.8225560188293457031 6.4521050453186035156 6.0919947624206542969 5.7422242164611816406 5.4027929306030273438 5.0737018585205078125 4.7549519538879394531 4.44654083251953125 4.1484708786010742188
26.30255889892578125 25.570207595825195312 24.848194122314453125 24.136522293090820312 23.435190200805664062 22.744197845458984375 22.06354522705078125 21.3932342529296875 20.733263015747070312 20.083631515502929688 19.444339752197265625 18.815387725830078125 18.196775436401367188 17.588504791259765625 16.990571975708007812 16.402980804443359375 15.8257293701171875 15.258816719055175781 14.702245712280273438 14.156014442443847656 13.620122909545898438 13.094571113586425781 12.579360008239746094 12.074488639831542969 11.579957008361816406 11.095766067504882812 10.621914863586425781 10.158404350280761719 9.7052326202392578125 9.262401580810546875 8.8299112319946289062 8.4077596664428710938 7.99594879150390625 7.5944781303405761719 7.2033472061157226562 6.8225560188293457031 6.4521050453186035156 6.0919947624206542969 5.7422242164611816406 5.4027929306030273438 5.0737018585205078125 4.7549519538879394531 4.44654083251953125 4.1484708786010742188
26.30255889892578125 25.570207595825195312 24.848194122314453125 24.136522293090820312 23.435190200805664062 22.744197845458984375 22.06354522705078125 21.3932342529296875 20.733263015747070312 20.083631515502929688 19.444339752197265625 18.815387725830078125 18.196775436401367188 17.588504791259765625 16.990571975708007812 16.402980804443359375 15.8257293701171875 15.258816719055175781 14.702245712280273438 14.156014442443847656 13.620122909545898438 13.094571113586425781 12.579360008239746094 12.074488639831542969 11.579957008361816406 11.095766067504882812 10.621914863586425781 10.158404350280761719 9.7052326202392578125 9.262401580810546875 8.8299112319946289062 8.4077596664428710938 7.99594879150390625 7.5944781303405761719 7.2033472061157226562 6.8225560188293457031 6.4521050453186035156 6.0919947624206542969 5.7422242164611816406 5.4027929306030273438 5.0737018585205078125 4.7549519538879394531 4.44654083251953125 4.1484708786010742188
26.30255889892578125 25.570207595825195312 24.848194122314453125 24.136522293090820312 23.435190200805664062 22.744197845458984375 22.06354522705078125 21.3932342529296875 20.733263015747070312 20.083631515502929688 19.444339752197265625 18.815387725830078125 18.196775436401367188 17.588504791259765625 16.990571975708007812 16.402980804443359375 15.8257293701171875 15.258816719055175781 14.702245712280273438 14.156014442443847656 13.620122909545898438 13.094571113586425781 12.579360008239746094 12.074488639831542969 11.579957008361816406 11.095766067504882812 10.621914863586425781 10.158404350280761719 9.7052326202392578125 9.262401580810546875 8.8299112319946289062 8.4077596664428710938 7.99594879150390625 7.5944781303405761719 7.2033472061157226562 6.8225560188293457031 6.4521050453186035156 6.0919947624206542969 5.7422242164611816406 5.4027929306030273438 5.0737018585205078125 4.7549519538879394531 4.44654083251953125 4.1484708786010742188
26.30255889892578125 25.570207595825195312 24.848194122314453125 24.136522293090820312 23.435190200805664062 22.744197845458984375 22.06354522705078125 21.3932342529296875 20.733263015747070312 20.083631515502929688 19.444339752197265625 18.815387725830078125 18.196775436401367188 17.588504791259765625 16.990571975708007812 16.402980804443359375 15.8257293701171875 15.258816719055175781 14.702245712280273438 14.156014442443847656 13.620122909545898438 13.094571113586425781 12.579360008239746094 12.074488639831542969 11.579957008361816406 11.095766067504882812 10.621914863586425781 10.158404350280761719 9.7052326202392578125 9.262401580810546875 8.8299112319946289062 8.4077596664428710938 7.99594879150390625 7.5944781303405761719 7.2033472061157226562 6.8225560188293457031 6.4521050453186035156 6.0919947624206542969 5.7422242164611816406 5.4027929306030273438 5.0737018585205078125 4.7549519538879394531 4.44654083251953125 4.1484708786010742188
26.30255889892578125 25.570207595825195312 24.848194122314453125 24.136522293090820312 23.435190200805664062 22.744197845458984375 22.06354522705078125 21.3932342529296875 20.733263015747070312 20.083631515502929688 19.444339752197265625 18.815387725830078125 18.196775436401367188 17.588504791259765625 16.990571975708007812 16.402980804443359375 15.8257293701171875 15.258816719055175781 14.702245712280273438 14.156014442443847656 13.620122909545898438 13.094571113586425781 12.579360008239746094 12.074488639831542969 11.579957008361816406 11.095766067504882812 10.621914863586425781 10.158404350280761719 9.7052326202392578125 9.262401580810546875 8.8299112319946289062 8.4077596664428710938 7.99594879150390625 7.5944781303405761719 7.2033472061157226562 6.8225560188293457031 6.4521050453186035156 6.0919947624206542969 5.7422242164611816406 5.4027929306030273438 5.0737018585205078125 4.7549519538879394531 4.44654083251953125 4.1484708786010742188
26.30255889892578125 25.570207595825195312 24.848194122314453125 24.136522293090820312 23.435190200805664062 22.744197845458984375 22.06354522705078125 21.3932342529296875 20.733263015747070312 20.083631515502929688 19.444339752197265625 18.815387725830078125 18.196775436401367188 17.588504791259765625 16.990571975708007812 16.402980804443359375 15.8257293701171875 15.258816719055175781 14.702245712280273438 14.156014442443847656 13.620122909545898438 13.094571113586425781 12.579360008239746094 12.074488639831542969 11.579957008361816406 11.095766067504882812 10.621914863586425781 10.158404350280761719 9.7052326202392578125 9.262401580810546875 8.8299112319946289062 8.4077596664428710938 7.99594879150390625 7.5944781303405761719 7.2033472061157226562 6.8225560188293457031 6.4521050453186035156 6.0919947624206542969 5.7422242164611816406 5.4027929306030273438 5.0737018585205078125 4.7549519538879394531 4.44654083251953125 4.1484708786010742188
26.30255889892578125 25.570207595825195312 24.848194122314453125 24.136522293090820312 23.435190200805664062 22.744197845458984375 22.06354522705078125 21.3932342529296875 20.733263015747070312 20.083631515502929688 19.444339752197265625 18.815387725830078125 18.196775436401367188 17.588504791259765625 16.990571975708007812 16.402980804443359375 15.8257293701171875 15.258816719055175781 14.702245712280273438 14.156014442443847656 13.620122909545898438 13.094571113586425781 12.579360008239746094 12.074488639831542969 11.579957008361816406 11.095766067504882812 10.621914863586425781 10.158404350280761719 9.7052326202392578125 9.262401580810546875 8.8299112319946289062 8.4077596664428710938 7.99594879150390625 7.5944781303405761719 7.2033472061157226562 6.8225560188293457031 6.4521050453186035156 6.0919947624206542969 5.7422242164611816406 5.4027929306030273438 5.0737018585205078125 4.7549519538879394531 4.44654083251953125 4.1484708786010742188
26.30255889892578125 25.570207595825195312 24.848194122314453125 24.136522293090820312 23.435190200805664062 22.744197845458984375 22.06354522705078125 21.3932342529296875 20.733263015747070312 20.083631515502929688 19.444339752197265625 18.815387725830078125 18.196775436401367188 17.588504791259765625 16.990571975708007812 16.402980804443359375 15.8257293701171875 15.258816719055175781 14.702245712280273438 14.156014442443847656 13.620122909545898438 13.094571113586425781 12.579360008239746094 12.074488639831542969 11.579957008361816406 11.095766067504882812 10.621914863586425781 10.158404350280761719 9.7052326202392578125 9.262401580810546875 8.8299112319946289062 8.4077596664428710938 7.99594879150390625 7.5944781303405761719 7.2033472061157226562 6.8225560188293457031 6.4521050453186035156 6.0919947624206542969 5.7422242164611816406 5.4027929306030273438 5.0737018585205078125 4.7549519538879394531 4.44654083251953125 4.1484708786010742188
26.30255889892578125 25.570207595825195312 24.848194122314453125 24.136522293090820312 23.435190200805664062 22.744197845458984375 22.06354522705078125 21.3932342529296875 20.733263015747070312 20.083631515502929688 19.444339752197265625 18.815387725830078125 18.196775436401367188 17.588504791259765625 16.990571975708007812 16.402980804443359375 15.8257293701171875 15.258816719055175781 14.702245712280273438 14.156014442443847656 13.620122909545898438 13.094571113586425781 12.579360008239746094 12.074488639831542969 11.579957008361816406 11.095766067504882812 10.621914863586425781 10.158404350280761719 9.7052326202392578125 9.262401580810546875 8.8299112319946289062 8.4077596664428710938 7.99594879150390625 7.5944781303405761719 7.2033472061157226562 6.8225560188293457031 6.4521050453186035156 6.0919947624206542969 5.7422242164611816406 5.4027929306030273438 5.0737018585205078125 4.7549519538879394531 4.44654083251953125 4.1484708786010742188
26.30255889892578125 25.570207595825195312 24.848194122314453125 24.136522293090820312 23.435190200805664062 22.744197845458984375 22.06354522705078125 21.3932342529296875 20.733263015747070312 20.083631515502929688 19.444339752197265625 18.815387725830078125 18.196775436401367188 17.588504791259765625 16.990571975708007812 16.402980804443359375 15.8257293701171875 15.258816719055175781 14.702245712280273438 14.156014442443847656 13.620122909545898438 13.094571113586425781 12.579360008239746094 12.074488639831542969 11.579957008361816406 11.095766067504882812 10.621914863586425781 10.158404350280761719 9.7052326202392578125 9.262401580810546875 8.8299112319946289062 8.4077596664428710938 7.99594879150390625 7.5944781303405761719 7.2033472061157226562 6.8225560188293457031 6.4521050453186035156 6.0919947624206542969 5.7422242164611816406 5.4027929306030273438 5.0737018585205078125 4.7549519538879394531 4.44654083251953125 4.1484708786010742188
26.30255889892578125 25.570207595825195312 24.848194122314453125 24.136522293090820312 23.435190200805664062 22.744197845458984375 22.06354522705078125 21.3932342529296875 20.733263015747070312 20.083631515502929688 19.444339752197265625 18.815387725830078125 18.196775436401367188 17.588504791259765625 16.990571975708007812 16.402980804443359375 15.8257293701171875 15.258816719055175781 14.702245712280273438 14.156014442443847656 13.620122909545898438 13.094571113586425781 12.579360008239746094 12.074488639831542969 11.579957008361816406 11.095766067504882812 10.621914863586425781 10.158404350280761719 9.7052326202392578125 9.262401580810546875 8.8299112319946289062 8.4077596664428710938 7.99594879150390625 7.5944781303405761719 7.2033472061157226562 6.8225560188293457031 6.4521050453186035156 6.0919947624206542969 5.7422242164611816406 5.4027929306030273438 5.0737018585205078125 4.7549519538879394531 4.44654083251953125 4.1484708786010742188
26.30255889892578125 25.570207595825195312 24.848194122314453125 24.136522293090820312 23.435190200805664062 22.744197845458984375 22.06354522705078125 21.3932342529296875 20.733263015747070312 20.083631515502929688 19.444339752197265625 18.815387725830078125 18.196775436401367188 17.588504791259765625 16.990571975708007812 16.402980804443359375 15.8257293701171875 15.258816719055175781 14.702245712280273438 14.156014442443847656 13.620122909545898438 13.094571113586425781 12.579360008239746094 12.074488639831542969 11.579957008361816406 11.095766067504882812 10.621914863586425781 10.158404350280761719 9.7052326202392578125 9.262401580810546875 8.8299112319946289062 8.4077596664428710938 7.99594879150390625 7.5944781303405761719 7.2033472061157226562 6.8225560188293457031 6.4521050453186035156 6.0919947624206542969 5.7422242164611816406 5.4027929306030273438 5.0737018585205078125 4.7549519538879394531 4.44654083251953125 4.1484708786010742188
26.30255889892578125 25.570207595825195312 24.848194122314453125 24.136522293090820312 23.435190200805664062 22.744197845458984375 22.06354522705078125 21.3932342529296875 20.733263015747070312 20.083631515502929688 19.444339752197265625 18.815387725830078125 18.196775436401367188 17.588504791259765625 16.990571975708007812 16.402980804443359375 15.8257293701171875 15.258816719055175781 14.702245712280273438 14.156014442443847656 13.620122909545898438 13.094571113586425781 12.579360008239746094 12.074488639831542969 11.579957008361816406 11.095766067504882812 10.621914863586425781 10.158404350280761719 9.7052326202392578125 9.262401580810546875 8.8299112319946289062 8.4077596664428710938 7.99594879150390625 7.5944781303405761719 7.2033472061157226562 6.8225560188293457031 6.4521050453186035156 6.0919947624206542969 5.7422242164611816406 5.4027929306030273438 5.0737018585205078125 4.7549519538879394531 4.44654083251953125 4.1484708786010742188
26.30255889892578125 25.570207595825195312 24.848194122314453125 24.136522293090820312 23.435190200805664062 22.744197845458984375 22.06354522705078125 21.3932342529296875 20.733263015747070312 20.083631515502929688 19.444339752197265625 18.815387725830078125 18.196775436401367188 17.588504791259765625 16.990571975708007812 16.402980804443359375 15.8257293701171875 15.258816719055175781 14.702245712280273438 14.156014442443847656 13.620122909545898438 13.094571113586425781 12.579360008239746094 12.074488639831542969 11.579957008361816406 11.095766067504882812 10.621914863586425781 10.158404350280761719 9.7052326202392578125 9.262401580810546875 8.8299112319946289062 8.4077596664428710938 7.99594879150390625 7.5944781303405761719 7.2033472061157226562 6.8225560188293457031 6.4521050453186035156 6.0919947624206542969 5.7422242164611816406 5.4027929306030273438 5.0737018585205078125 4.7549519538879394531 4.44654083251953125 4.1484708786010742188
26.30255889892578125 25.570207595825195312 24.848194122314453125 24.136522293090820312 23.435190200805664062 22.744197845458984375 22.06354522705078125 21.3932342529296875 20.733263015747070312 20.083631515502929688 19.444339752197265625 18.815387725830078125 18.196775436401367188 17.588504791259765625 16.990571975708007812 16.402980804443359375 15.8257293701171875 15.258816719055175781 14.702245712280273438 14.156014442443847656 13.620122909545898438 13.094571113586425781 12.579360008239746094 12.074488639831542969 11.579957008361816406 11.095766067504882812 10.621914863586425781 10.158404350280761719 9.7052326202392578125 9.262401580810546875 8.8299112319946289062 8.4077596664428710938 7.99594879150390625 7.5944781303405761719 7.2033472061157226562 6.8225560188293457031 6.4521050453186035156 6.0919947624206542969 5.7422242164611816406 5.4027929306030273438 5.0737018585205078125 4.7549519538879394531 4.44654083251953125 4.1484708786010742188
26.30255889892578125 25.570207595825195312 24.848194122314453125 24.136522293090820312 23.435190200805664062 22.744197845458984375 22.06354522705078125 21.3932342529296875 20.733263015747070312 20.083631515502929688 19.444339752197265625 18.815387725830078125 18.196775436401367188 17.588504791259765625 16.990571975708007812 16.402980804443359375 15.8257293701171875 15.258816719055175781 14.702245712280273438 14.156014442443847656 13.620122909545898438 13.094571113586425781 12.579360008239746094 12.074488639831542969 11.579957008361816406 11.095766067504882812 10.621914863586425781 10.158404350280761719 9.7052326202392578125 9.262401580810546875 8.8299112319946289062 8.4077596664428710938 7.99594879150390625 7.5944781303405761719 7.2033472061157226562 6.8225560188293457031 6.4521050453186035156 6.0919947624206542969 5.7422242164611816406 5.4027929306030273438 5.0737018585205078125 4.7549519538879394531 4.44654083251953125 4.1484708786010742188
26.30255889892578125 25.570207595825195312 24.848194122314453125 24.136522293090820312 23.435190200805664062 22.744197845458984375 22.06354522705078125 21.3932342529296875 20.733263015747070312 20.083631515502929688 19.444339752197265625 18.815387725830078125 18.196775436401367188 17.588504791259765625 16.990571975708007812 16.402980804443359375 15.8257293701171875 15.258816719055175781 14.702245712280273438 14.156014442443847656 13.620122909545898438 13.094571113586425781 12.579360008239746094 12.074488639831542969 11.579957008361816406 11.095766067504882812 10.621914863586425781 10.158404350280761719 9.7052326202392578125 9.262401580810546875 8.8299112319946289062 8.4077596664428710938 7.99594879150390625 7.5944781303405761719 7.2033472061157226562 6.8225560188293457031 6.4521050453186035156 6.0919947624206542969 5.7422242164611816406 5.4027929306030273438 5.0737018585205078125 4.7549519538879394531 4.44654083251953125 4.1484708786010742188
26.30255889892578125 25.570207595825195312 24.848194122314453125 24.136522293090820312 23.435190200805664062 22.744197845458984375 22.06354522705078125 21.3932342529296875 20.733263015747070312 20.083631515502929688 19.444339752197265625 18.815387725830078125 18.196775436401367188 17.588504791259765625 16.990571975708007812 16.402980804443359375 15.8257293701171875 15.258816719055175781 14.702245712280273438 14.156014442443847656 13.620122909545898438 13.094571113586425781 12.579360008239746094 12.074488639831542969 11.579957008361816406 11.095766067504882812 10.621914863586425781 10.158404350280761719 9.7052326202392578125 9.262401580810546875 8.8299112319946289062 8.4077596664428710938 7.99594879150390625 7.5944781303405761719 7.2033472061157226562 6.8225560188293457031 6.4521050453186035156 6.0919947624206542969 5.7422242164611816406 5.4027929306030273438 5.0737018585205078125 4.7549519538879394531 4.44654083251953125 4.1484708786010742188
26.30255889892578125 25.570207595825195312 24.848194122314453125 24.136522293090820312 23.435190200805664062 22.744197845458984375 22.06354522705078125 21.3932342529296875 20.733263015747070312 20.083631515502929688 19.444339752197265625 18.815387725830078125 18.196775436401367188 17.588504791259765625 16.990571975708007812 16.402980804443359375 15.8257293701171875 15.258816719055175781 14.702245712280273438 14.156014442443847656 13.620122909545898438 13.094571113586425781 12.579360008239746094 12.074488639831542969 11.579957008361816406 11.095766067504882812 10.621914863586425781 10.158404350280761719 9.7052326202392578125 9.262401580810546875 8.8299112319946289062 8.4077596664428710938 7.99594879150390625 7.5944781303405761719 7.2033472061157226562 6.8225560188293457031 6.4521050453186035156 6.0919947624206542969 5.7422242164611816406 5.4027929306030273438 5.0737018585205078125 4.7549519538879394531 4.44654083251953125 4.1484708786010742188
