avaframe/tests/data/testCom1DFA/Inputs/DEM_PF_Topo.asc
ncols        339
nrows        119
xllcorner    2802.500000000000
yllcorner    -4297.500000000000
cellsize     5.000000000000
NODATA_value  -9999
[rows 20 to 39 of 119, columns 132 to 175 of 339]
131.24114990234375 129.598876953125 127.9669342041015625 126.3453369140625 124.7340850830078125 123.13317108154296875 121.54259490966796875 119.9623565673828125 118.39246368408203125 116.83290863037109375 115.28369140625 113.74481964111328125 112.216278076171875 110.69808197021484375 109.1902313232421875 107.692718505859375 106.20554351806640625 104.72870635986328125 103.26220703125 101.80605316162109375 100.36023712158203125 98.92476654052734375 97.4996337890625 96.0848388671875 94.68038177490234375 93.28626251220703125 91.90248870849609375 90.52906036376953125 89.16596221923828125 87.81320953369140625 86.470794677734375 85.1387176513671875 83.816986083984375 82.50559234619140625 81.20453643798828125 79.913818359375 78.63344573974609375 77.36341094970703125 76.10372161865234375 74.85436248779296875 73.61534881591796875 72.3866729736328125 71.16834259033203125 69.96035003662109375
131.24114990234375 129.598876953125 127.9669342041015625 126.3453369140625 124.7340850830078125 123.13317108154296875 121.54259490966796875 119.9623565673828125 118.39246368408203125 116.83290863037109375 115.28369140625 113.74481964111328125 112.216278076171875 110.69808197021484375 109.1902313232421875 107.692718505859375 106.20554351806640625 104.72870635986328125 103.26220703125 101.80605316162109375 100.36023712158203125 98.92476654052734375 97.4996337890625 96.0848388671875 94.68038177490234375 93.28626251220703125 91.90248870849609375 90.52906036376953125 89.16596221923828125 87.81320953369140625 86.470794677734375 85.1387176513671875 83.816986083984375 82.50559234619140625 81.20453643798828125 79.913818359375 78.63344573974609375 77.36341094970703125 76.10372161865234375 74.85436248779296875 73.61534881591796875 72.3866729736328125 71.16834259033203125 69.96035003662109375
131.24114990234375 129.598876953125 127.9669342041015625 126.3453369140625 124.7340850830078125 123.13317108154296875 121.54259490966796875 119.9623565673828125 118.39246368408203125 116.83290863037109375 115.28369140625 113.74481964111328125 112.216278076171875 110.69808197021484375 109.1902313232421875 107.692718505859375 106.20554351806640625 104.72870635986328125 103.26220703125 101.80605316162109375 100.36023712158203125 98.92476654052734375 97.4996337890625 96.0848388671875 94.68038177490234375 93.28626251220703125 91.90248870849609375 90.52906036376953125 89.16596221923828125 87.81320953369140625 86.470794677734375 85.1387176513671875 83.816986083984375 82.50559234619140625 81.20453643798828125 79.913818359375 78.63344573974609375 77.36341094970703125 76.10372161865234375 74.85436248779296875 73.61534881591796875 72.3866729736328125 71.16834259033203125 69.96035003662109375
131.24114990234375 129.598876953125 127.9669342041015625 126.3453369140625 124.7340850830078125 123.13317108154296875 121.54259490966796875 119.9623565673828125 118.39246368408203125 116.83290863037109375 115.28369140625 113.74481964111328125 112.216278076171875 110.69808197021484375 109.1902313232421875 107.692718505859375 106.20554351806640625 104.72870635986328125 103.26220703125 101.80605316162109375 100.36023712158203125 98.92476654052734375 97.4996337890625 96.0848388671875 94.68038177490234375 93.28626251220703125 91.90248870849609375 90.52906036376953125 89.16596221923828125 87.81320953369140625 86.470794677734375 85.1387176513671875 83.816986083984375 82.50559234619140625 81.20453643798828125 79.913818359375 78.63344573974609375 77.36341094970703125 76.10372161865234375 74.85436248779296875 73.61534881591796875 72.3866729736328125 71.16834259033203125 69.96035003662109375
131.24114990234375 129.598876953125 127.9669342041015625 126.3453369140625 124.7340850830078125 123.13317108154296875 121.54259490966796875 119.9623565673828125 118.39246368408203125 116.83290863037109375 115.28369140625 113.74481964111328125 112.216278076171875 110.69808197021484375 109.1902313232421875 107.692718505859375 106.20554351806640625 104.72870635986328125 103.26220703125 101.80605316162109375 100.36023712158203125 98.92476654052734375 97.4996337890625 96.0848388671875 94.68038177490234375 93.28626251220703125 91.90248870849609375 90.52906036376953125 89.16596221923828125 87.81320953369140625 86.470794677734375 85.1387176513671875 83.816986083984375 82.50559234619140625 81.20453643798828125 79.913818359375 78.63344573974609375 77.36341094970703125 76.10372161865234375 74.85436248779296875 73.61534881591796875 72.3866729736328125 71.16834259033203125 69.96035003662109375
131.24114990234375 129.598876953125 127.9669342041015625 126.3453369140625 124.7340850830078125 123.13317108154296875 121.54259490966796875 119.9623565673828125 118.39246368408203125 116.83290863037109375 115.28369140625 113.74481964111328125 112.216278076171875 110.69808197021484375 109.1902313232421875 107.692718505859375 106.20554351806640625 104.72870635986328125 103.26220703125 101.80605316162109375 100.36023712158203125 98.92476654052734375 97.4996337890625 96.0848388671875 94.68038177490234375 93.28626251220703125 91.90248870849609375 90.52906036376953125 89.16596221923828125 87.81320953369140625 86.470794677734375 85.1387176513671875 83.816986083984375 82.50559234619140625 81.20453643798828125 79.913818359375 78.63344573974609375 77.36341094970703125 76.10372161865234375 74.85436248779296875 73.61534881591796875 72.3866729736328125 71.16834259033203125 69.96035003662109375
131.24114990234375 129.598876953125 127.9669342041015625 126.3453369140625 124.7340850830078125 123.13317108154296875 121.54259490966796875 119.9623565673828125 118.39246368408203125 116.83290863037109375 115.28369140625 113.74481964111328125 112.216278076171875 110.69808197021484375 109.1902313232421875 107.692718505859375 106.20554351806640625 104.72870635986328125 103.26220703125 101.80605316162109375 100.36023712158203125 98.92476654052734375 97.4996337890625 96.0848388671875 94.68038177490234375 93.28626251220703125 91.90248870849609375 90.52906036376953125 89.16596221923828125 87.81320953369140625 86.470794677734375 85.1387176513671875 83.816986083984375 82.50559234619140625 81.20453643798828125 79.913818359375 78.63344573974609375 77.36341094970703125 76.10372161865234375 74.85436248779296875 73.61534881591796875 72.3866729736328125 71.16834259033203125 69.96035003662109375
131.24114990234375 129.598876953125 127.9669342041015625 126.3453369140625 124.7340850830078125 123.13317108154296875 121.54259490966796875 119.9623565673828125 118.39246368408203125 116.83290863037109375 115.28369140625 113.74481964111328125 112.216278076171875 110.69808197021484375 109.1902313232421875 107.692718505859375 106.20554351806640625 104.72870635986328125 103.26220703125 101.80605316162109375 100.36023712158203125 98.92476654052734375 97.4996337890625 96.0848388671875 94.68038177490234375 93.28626251220703125 91.90248870849609375 90.52906036376953125 89.16596221923828125 87.81320953369140625 86.470794677734375 85.1387176513671875 83.816986083984375 82.50559234619140625 81.20453643798828125 79.913818359375 78.63344573974609375 77.36341094970703125 76.10372161865234375 74.85436248779296875 73.61534881591796875 72.3866729736328125 71.16834259033203125 69.96035003662109375
131.24114990234375 129.598876953125 127.9669342041015625 126.3453369140625 124.7340850830078125 123.13317108154296875 121.54259490966796875 119.9623565673828125 118.39246368408203125 116.83290863037109375 115.28369140625 113.74481964111328125 112.216278076171875 110.69808197021484375 109.1902313232421875 107.692718505859375 106.20554351806640625 104.72870635986328125 103.26220703125 101.80605316162109375 100.36023712158203125 98.92476654052734375 97.4996337890625 96.0848388671875 94.68038177490234375 93.28626251220703125 91.90248870849609375 90.52906036376953125 89.16596221923828125 87.81320953369140625 86.470794677734375 85.1387176513671875 83.816986083984375 82.50559234619140625 81.20453643798828125 79.913818359375 78.63344573974609375 77.36341094970703125 76.10372161865234375 74.85436248779296875 73.61534881591796875 72.3866729736328125 71.16834259033203125 69.96035003662109375
131.24114990234375 129.598876953125 127.9669342041015625 126.3453369140625 124.7340850830078125 123.13317108154296875 121.54259490966796875 119.9623565673828125 118.39246368408203125 116.83290863037109375 115.28369140625 113.74481964111328125 112.216278076171875 110.69808197021484375 109.1902313232421875 107.692718505859375 106.20554351806640625 104.72870635986328125 103.26220703125 101.80605316162109375 100.36023712158203125 98.92476654052734375 97.4996337890625 96.0848388671875 94.68038177490234375 93.28626251220703125 91.90248870849609375 90.52906036376953125 89.16596221923828125 87.81320953369140625 86.470794677734375 85.1387176513671875 83.816986083984375 82.50559234619140625 81.20453643798828125 79.913818359375 78.63344573974609375 77.36341094970703125 76.10372161865234375 74.85436248779296875 73.61534881591796875 72.3866729736328125 71.16834259033203125 69.96035003662109375
131.24114990234375 129.598876953125 127.9669342041015625 126.3453369140625 124.7340850830078125 123.13317108154296875 121.54259490966796875 119.9623565673828125 118.39246368408203125 116.83290863037109375 115.28369140625 113.74481964111328125 112.216278076171875 110.69808197021484375 109.1902313232421875 107.692718505859375 106.20554351806640625 104.72870635986328125 103.26220703125 101.80605316162109375 100.36023712158203125 98.92476654052734375 97.4996337890625 96.0848388671875 94.68038177490234375 93.28626251220703125 91.90248870849609375 90.52906036376953125 89.16596221923828125 87.81320953369140625 86.470794677734375 85.1387176513671875 83.816986083984375 82.50559234619140625 81.20453643798828125 79.913818359375 78.63344573974609375 77.36341094970703125 76.10372161865234375 74.85436248779296875 73.61534881591796875 72.3866729736328125 71.16834259033203125 69.96035003662109375
131.24114990234375 129.598876953125 127.9669342041015625 126.3453369140625 124.7340850830078125 123.13317108154296875 121.54259490966796875 119.9623565673828125 118.39246368408203125 116.83290863037109375 115.28369140625 113.74481964111328125 112.216278076171875 110.69808197021484375 109.1902313232421875 107.692718505859375 106.20554351806640625 104.72870635986328125 103.26220703125 101.80605316162109375 100.36023712158203125 98.92476654052734375 97.4996337890625 96.0848388671875 94.68038177490234375 93.28626251220703125 91.90248870849609375 90.52906036376953125 89.16596221923828125 87.81320953369140625 86.470794677734375 85.1387176513671875 83.816986083984375 82.50559234619140625 81.20453643798828125 79.913818359375 78.63344573974609375 77.36341094970703125 76.10372161865234375 74.85436248779296875 73.61534881591796875 72.3866729736328125 71.16834259033203125 69.96035003662109375
131.24114990234375 129.598876953125 127.9669342041015625 126.3453369140625 124.7340850830078125 123.13317108154296875 121.54259490966796875 119.9623565673828125 118.39246368408203125 116.83290863037109375 115.28369140625 113.74481964111328125 112.216278076171875 110.69808197021484375 109.1902313232421875 107.692718505859375 106.20554351806640625 104.72870635986328125 103.26220703125 101.80605316162109375 100.36023712158203125 98.92476654052734375 97.4996337890625 96.0848388671875 94.68038177490234375 93.28626251220703125 91.90248870849609375 90.52906036376953125 89.16596221923828125 87.81320953369140625 86.470794677734375 85.1387176513671875 83.816986083984375 82.50559234619140625 81.20453643798828125 79.913818359375 78.63344573974609375 77.36341094970703125 76.10372161865234375 74.85436248779296875 73.61534881591796875 72.3866729736328125 71.16834259033203125 69.96035003662109375
131.24114990234375 129.598876953125 127.9669342041015625 126.3453369140625 124.7340850830078125 123.13317108154296875 121.54259490966796875 119.9623565673828125 118.39246368408203125 116.83290863037109375 115.28369140625 113.74481964111328125 112.216278076171875 110.69808197021484375 109.1902313232421875 107.692718505859375 106.20554351806640625 104.72870635986328125 103.26220703125 101.80605316162109375 100.36023712158203125 98.92476654052734375 97.4996337890625 96.0848388671875 94.68038177490234375 93.28626251220703125 91.90248870849609375 90.52906036376953125 89.16596221923828125 87.81320953369140625 86.470794677734375 85.1387176513671875 83.816986083984375 82.50559234619140625 81.20453643798828125 79.913818359375 78.63344573974609375 77.36341094970703125 76.10372161865234375 74.85436248779296875 73.61534881591796875 72.3866729736328125 71.16834259033203125 69.96035003662109375
131.24114990234375 129.598876953125 127.9669342041015625 126.3453369140625 124.7340850830078125 123.13317108154296875 121.54259490966796875 119.9623565673828125 118.39246368408203125 116.83290863037109375 115.28369140625 113.74481964111328125 112.216278076171875 110.69808197021484375 109.1902313232421875 107.692718505859375 106.20554351806640625 104.72870635986328125 103.26220703125 101.80605316162109375 100.36023712158203125 98.92476654052734375 97.4996337890625 96.0848388671875 94.68038177490234375 93.28626251220703125 91.90248870849609375 90.52906036376953125 89.16596221923828125 87.81320953369140625 86.470794677734375 85.1387176513671875 83.816986083984375 82.50559234619140625 81.20453643798828125 79.913818359375 78.63344573974609375 77.36341094970703125 76.10372161865234375 74.85436248779296875 73.61534881591796875 72.3866729736328125 71.16834259033203125 69.96035003662109375
131.24114990234375 129.598876953125 127.9669342041015625 126.3453369140625 124.7340850830078125 123.13317108154296875 121.54259490966796875 119.9623565673828125 118.39246368408203125 116.83290863037109375 115.28369140625 113.74481964111328125 112.216278076171875 110.69808197021484375 109.1902313232421875 107.692718505859375 106.20554351806640625 104.72870635986328125 103.26220703125 101.80605316162109375 100.36023712158203125 98.92476654052734375 97.4996337890625 96.0848388671875 94.68038177490234375 93.28626251220703125 91.90248870849609375 90.52906036376953125 89.16596221923828125 87.81320953369140625 86.470794677734375 85.1387176513671875 83.816986083984375 82.50559234619140625 81.20453643798828125 79.913818359375 78.63344573974609375 77.36341094970703125 76.10372161865234375 74.85436248779296875 73.61534881591796875 72.3866729736328125 71.16834259033203125 69.96035003662109375
131.24114990234375 129.598876953125 127.9669342041015625 126.3453369140625 124.7340850830078125 123.13317108154296875 121.54259490966796875 119.9623565673828125 118.39246368408203125 116.83290863037109375 115.28369140625 113.74481964111328125 112.216278076171875 110.69808197021484375 109.1902313232421875 107.692718505859375 106.20554351806640625 104.72870635986328125 103.26220703125 101.80605316162109375 100.36023712158203125 98.92476654052734375 97.4996337890625 96.0848388671875 94.68038177490234375 93.28626251220703125 91.90248870849609375 90.52906036376953125 89.16596221923828125 87.81320953369140625 86.470794677734375 85.1387176513671875 83.816986083984375 82.50559234619140625 81.20453643798828125 79.913818359375 78.63344573974609375 77.36341094970703125 76.10372161865234375 74.85436248779296875 73.61534881591796875 72.3866729736328125 71.16834259033203125 69.96035003662109375
131.24114990234375 129.598876953125 127.9669342041015625 126.3453369140625 124.7340850830078125 123.13317108154296875 121.54259490966796875 119.9623565673828125 118.39246368408203125 116.83290863037109375 115.28369140625 113.74481964111328125 112.216278076171875 110.69808197021484375 109.1902313232421875 107.692718505859375 106.20554351806640625 104.72870635986328125 103.26220703125 101.80605316162109375 100.36023712158203125 98.92476654052734375 97.4996337890625 96.0848388671875 94.68038177490234375 93.28626251220703125 91.90248870849609375 90.52906036376953125 89.16596221923828125 87.81320953369140625 86.470794677734375 85.1387176513671875 83.816986083984375 82.50559234619140625 81.20453643798828125 79.913818359375 78.63344573974609375 77.36341094970703125 76.10372161865234375 74.85436248779296875 73.61534881591796875 72.3866729736328125 71.16834259033203125 69.96035003662109375
131.24114990234375 129.598876953125 127.9669342041015625 126.3453369140625 124.7340850830078125 123.13317108154296875 121.54259490966796875 119.9623565673828125 118.39246368408203125 116.83290863037109375 115.28369140625 113.74481964111328125 112.216278076171875 110.69808197021484375 109.1902313232421875 107.692718505859375 106.20554351806640625 104.72870635986328125 103.26220703125 101.80605316162109375 100.36023712158203125 98.92476654052734375 97.4996337890625 96.0848388671875 94.68038177490234375 93.28626251220703125 91.90248870849609375 90.52906036376953125 89.16596221923828125 87.81320953369140625 86.470794677734375 85.1387176513671875 83.816986083984375 82.50559234619140625 81.20453643798828125 79.913818359375 78.63344573974609375 77.36341094970703125 76.10372161865234375 74.85436248779296875 73.61534881591796875 72.3866729736328125 71.16834259033203125 69.96035003662109375
131.24114990234375 129.598876953125 127.9669342041015625 126.3453369140625 124.7340850830078125 123.13317108154296875 121.54259490966796875 119.9623565673828125 118.39246368408203125 116.83290863037109375 115.28369140625 113.74481964111328125 112.216278076171875 110.69808197021484375 109.1902313232421875 107.692718505859375 106.20554351806640625 104.72870635986328125 103.26220703125 101.80605316162109375 100.36023712158203125 98.92476654052734375 97.4996337890625 96.0848388671875 94.68038177490234375 93.28626251220703125 91.90248870849609375 90.52906036376953125 89.16596221923828125 87.81320953369140625 86.470794677734375 85.1387176513671875 83.816986083984375 82.50559234619140625 81.20453643798828125 79.913818359375 78.63344573974609375 77.36341094970703125 76.10372161865234375 74.85436248779296875 73.61534881591796875 72.3866729736328125 71.16834259033203125 69.96035003662109375
