avaframe/tests/data/testCom1DFA/Inputs/DEM_PF_Topo.asc
ncols        339
nrows        119
xllcorner    2802.500000000000
yllcorner    -4297.500000000000
cellsize     5.000000000000
NODATA_value  -9999
[rows 20 to 39 of 119, columns 176 to 219 of 339]
68.7626953125 67.57537841796875 66.398406982421875 65.23177337646484375 64.07547760009765625 62.929523468017578125 61.793910980224609375 60.668636322021484375 59.55370330810546875 58.449108123779296875 57.3548583984375 56.27094268798828125 55.197368621826171875 54.134136199951171875 53.081241607666015625 52.03868865966796875 51.00647735595703125 49.9846038818359375 48.9730682373046875 47.971874237060546875 46.981021881103515625 46.00051116943359375 45.030338287353515625 44.07050323486328125 43.12100982666015625 42.181858062744140625 41.25304412841796875 40.33457183837890625 39.4264373779296875 38.528644561767578125 37.641193389892578125 36.764080047607421875 35.897308349609375 35.040874481201171875 34.194782257080078125 33.35903167724609375 32.533618927001953125 31.718545913696289062 30.913812637329101562 30.119419097900390625 29.335367202758789062 28.561656951904296875 27.798282623291015625 27.045251846313476562
68.7626953125 67.57537841796875 66.398406982421875 65.23177337646484375 64.07547760009765625 62.929523468017578125 61.793910980224609375 60.668636322021484375 59.55370330810546875 58.449108123779296875 57.3548583984375 56.27094268798828125 55.197368621826171875 54.134136199951171875 53.081241607666015625 52.03868865966796875 51.00647735595703125 49.9846038818359375 48.9730682373046875 47.971874237060546875 46.981021881103515625 46.00051116943359375 45.030338287353515625 44.07050323486328125 43.12100982666015625 42.181858062744140625 41.25304412841796875 40.33457183837890625 39.4264373779296875 38.528644561767578125 37.641193389892578125 36.764080047607421875 35.897308349609375 35.040874481201171875 34.194782257080078125 33.35903167724609375 32.533618927001953125 31.718545913696289062 30.913812637329101562 30.119419097900390625 29.335367202758789062 28.561656951904296875 27.798282623291015625 27.045251846313476562
68.7626953125 67.57537841796875 66.398406982421875 65.23177337646484375 64.07547760009765625 62.929523468017578125 61.793910980224609375 60.668636322021484375 59.55370330810546875 58.449108123779296875 57.3548583984375 56.27094268798828125 55.197368621826171875 54.134136199951171875 53.081241607666015625 52.03868865966796875 51.00647735595703125 49.9846038818359375 48.9730682373046875 47.971874237060546875 46.981021881103515625 46.00051116943359375 45.030338287353515625 44.07050323486328125 43.12100982666015625 42.181858062744140625 41.25304412841796875 40.33457183837890625 39.4264373779296875 38.528644561767578125 37.641193389892578125 36.764080047607421875 35.897308349609375 35.040874481201171875 34.194782257080078125 33.35903167724609375 32.533618927001953125 31.718545913696289062 30.913812637329101562 30.119419097900390625 29.335367202758789062 28.561656951904296875 27.798282623291015625 27.045251846313476562
68.7626953125 67.57537841796875 66.398406982421875 65.23177337646484375 64.07547760009765625 62.929523468017578125 61.793910980224609375 60.668636322021484375 59.55370330810546875 58.449108123779296875 57.3548583984375 56.27094268798828125 55.197368621826171875 54.134136199951171875 53.081241607666015625 52.03868865966796875 51.00647735595703125 49.9846038818359375 48.9730682373046875 47.971874237060546875 46.981021881103515625 46.00051116943359375 45.030338287353515625 44.07050323486328125 43.12100982666015625 42.181858062744140625 41.25304412841796875 40.33457183837890625 39.4264373779296875 38.528644561767578125 37.641193389892578125 36.764080047607421875 35.897308349609375 35.040874481201171875 34.194782257080078125 33.35903167724609375 32.533618927001953125 31.718545913696289062 30.913812637329101562 30.119419097900390625 29.335367202758789062 28.561656951904296875 27.798282623291015625 27.045251846313476562
68.7626953125 67.57537841796875 66.398406982421875 65.23177337646484375 64.07547760009765625 62.929523468017578125 61.793910980224609375 60.668636322021484375 59.55370330810546875 58.449108123779296875 57.3548583984375 56.27094268798828125 55.197368621826171875 54.134136199951171875 53.081241607666015625 52.03868865966796875 51.00647735595703125 49.9846038818359375 48.9730682373046875 47.971874237060546875 46.981021881103515625 46.00051116943359375 45.030338287353515625 44.07050323486328125 43.12100982666015625 42.181858062744140625 41.25304412841796875 40.33457183837890625 39.4264373779296875 38.528644561767578125 37.641193389892578125 36.764080047607421875 35.897308349609375 35.040874481201171875 34.194782257080078125 33.35903167724609375 32.533618927001953125 31.718545913696289062 30.913812637329101562 30.119419097900390625 29.335367202758789062 28.561656951904296875 27.798282623291015625 27.045251846313476562
68.7626953125 67.57537841796875 66.398406982421875 65.23177337646484375 64.07547760009765625 62.929523468017578125 61.793910980224609375 60.668636322021484375 59.55370330810546875 58.449108123779296875 57.3548583984375 56.27094268798828125 55.197368621826171875 54.134136199951171875 53.081241607666015625 52.03868865966796875 51.00647735595703125 49.9846038818359375 48.9730682373046875 47.971874237060546875 46.981021881103515625 46.00051116943359375 45.030338287353515625 44.07050323486328125 43.12100982666015625 42.181858062744140625 41.25304412841796875 40.33457183837890625 39.4264373779296875 38.528644561767578125 37.641193389892578125 36.764080047607421875 35.897308349609375 35.040874481201171875 34.194782257080078125 33.35903167724609375 32.533618927001953125 31.718545913696289062 30.913812637329101562 30.119419097900390625 29.335367202758789062 28.561656951904296875 27.798282623291015625 27.045251846313476562
68.7626953125 67.57537841796875 66.398406982421875 65.23177337646484375 64.07547760009765625 62.929523468017578125 61.793910980224609375 60.668636322021484375 59.55370330810546875 58.449108123779296875 57.3548583984375 56.27094268798828125 55.197368621826171875 54.134136199951171875 53.081241607666015625 52.03868865966796875 51.00647735595703125 49.9846038818359375 48.9730682373046875 47.971874237060546875 46.981021881103515625 46.00051116943359375 45.030338287353515625 44.07050323486328125 43.12100982666015625 42.181858062744140625 41.25304412841796875 40.33457183837890625 39.4264373779296875 38.528644561767578125 37.641193389892578125 36.764080047607421875 35.897308349609375 35.040874481201171875 34.194782257080078125 33.35903167724609375 32.533618927001953125 31.718545913696289062 30.913812637329101562 30.119419097900390625 29.335367202758789062 28.561656951904296875 27.798282623291015625 27.045251846313476562
68.7626953125 67.57537841796875 66.398406982421875 65.23177337646484375 64.07547760009765625 62.929523468017578125 61.793910980224609375 60.668636322021484375 59.55370330810546875 58.449108123779296875 57.3548583984375 56.27094268798828125 55.197368621826171875 54.134136199951171875 53.081241607666015625 52.03868865966796875 51.00647735595703125 49.9846038818359375 48.9730682373046875 47.971874237060546875 46.981021881103515625 46.00051116943359375 45.030338287353515625 44.07050323486328125 43.12100982666015625 42.181858062744140625 41.25304412841796875 40.33457183837890625 39.4264373779296875 38.528644561767578125 37.641193389892578125 36.764080047607421875 35.897308349609375 35.040874481201171875 34.194782257080078125 33.35903167724609375 32.533618927001953125 31.718545913696289062 30.913812637329101562 30.119419097900390625 29.335367202758789062 28.561656951904296875 27.798282623291015625 27.045251846313476562
68.7626953125 67.57537841796875 66.398406982421875 65.23177337646484375 64.07547760009765625 62.929523468017578125 61.793910980224609375 60.668636322021484375 59.55370330810546875 58.449108123779296875 57.3548583984375 56.27094268798828125 55.197368621826171875 54.134136199951171875 53.081241607666015625 52.03868865966796875 51.00647735595703125 49.9846038818359375 48.9730682373046875 47.971874237060546875 46.981021881103515625 46.00051116943359375 45.030338287353515625 44.07050323486328125 43.12100982666015625 42.181858062744140625 41.25304412841796875 40.33457183837890625 39.4264373779296875 38.528644561767578125 37.641193389892578125 36.764080047607421875 35.897308349609375 35.040874481201171875 34.194782257080078125 33.35903167724609375 32.533618927001953125 31.718545913696289062 30.913812637329101562 30.119419097900390625 29.335367202758789062 28.561656951904296875 27.798282623291015625 27.045251846313476562
68.7626953125 67.57537841796875 66.398406982421875 65.23177337646484375 64.07547760009765625 62.929523468017578125 61.793910980224609375 60.668636322021484375 59.55370330810546875 58.449108123779296875 57.3548583984375 56.27094268798828125 55.197368621826171875 54.134136199951171875 53.081241607666015625 52.03868865966796875 51.00647735595703125 49.9846038818359375 48.9730682373046875 47.971874237060546875 46.981021881103515625 46.00051116943359375 45.030338287353515625 44.07050323486328125 43.12100982666015625 42.181858062744140625 41.25304412841796875 40.33457183837890625 39.4264373779296875 38.528644561767578125 37.641193389892578125 36.764080047607421875 35.897308349609375 35.040874481201171875 34.194782257080078125 33.35903167724609375 32.533618927001953125 31.718545913696289062 30.913812637329101562 30.119419097900390625 29.335367202758789062 28.561656951904296875 27.798282623291015625 27.045251846313476562
68.7626953125 67.57537841796875 66.398406982421875 65.23177337646484375 64.07547760009765625 62.929523468017578125 61.793910980224609375 60.668636322021484375 59.55370330810546875 58.449108123779296875 57.3548583984375 56.27094268798828125 55.197368621826171875 54.134136199951171875 53.081241607666015625 52.03868865966796875 51.00647735595703125 49.9846038818359375 48.9730682373046875 47.971874237060546875 46.981021881103515625 46.00051116943359375 45.030338287353515625 44.07050323486328125 43.12100982666015625 42.181858062744140625 41.25304412841796875 40.33457183837890625 39.4264373779296875 38.528644561767578125 37.641193389892578125 36.764080047607421875 35.897308349609375 35.040874481201171875 34.194782257080078125 33.35903167724609375 32.533618927001953125 31.718545913696289062 30.913812637329101562 30.119419097900390625 29.335367202758789062 28.561656951904296875 27.798282623291015625 27.045251846313476562
68.7626953125 67.57537841796875 66.398406982421875 65.23177337646484375 64.07547760009765625 62.929523468017578125 61.793910980224609375 60.668636322021484375 59.55370330810546875 58.449108123779296875 57.3548583984375 56.27094268798828125 55.197368621826171875 54.134136199951171875 53.081241607666015625 52.03868865966796875 51.00647735595703125 49.9846038818359375 48.9730682373046875 47.971874237060546875 46.981021881103515625 46.00051116943359375 45.030338287353515625 44.07050323486328125 43.12100982666015625 42.181858062744140625 41.25304412841796875 40.33457183837890625 39.4264373779296875 38.528644561767578125 37.641193389892578125 36.764080047607421875 35.897308349609375 35.040874481201171875 34.194782257080078125 33.35903167724609375 32.533618927001953125 31.718545913696289062 30.913812637329101562 30.119419097900390625 29.335367202758789062 28.561656951904296875 27.798282623291015625 27.045251846313476562
68.7626953125 67.57537841796875 66.398406982421875 65.23177337646484375 64.07547760009765625 62.929523468017578125 61.793910980224609375 60.668636322021484375 59.55370330810546875 58.449108123779296875 57.3548583984375 56.27094268798828125 55.197368621826171875 54.134136199951171875 53.081241607666015625 52.03868865966796875 51.00647735595703125 49.9846038818359375 48.9730682373046875 47.971874237060546875 46.981021881103515625 46.00051116943359375 45.030338287353515625 44.07050323486328125 43.12100982666015625 42.181858062744140625 41.25304412841796875 40.33457183837890625 39.4264373779296875 38.528644561767578125 37.641193389892578125 36.764080047607421875 35.897308349609375 35.040874481201171875 34.194782257080078125 33.35903167724609375 32.533618927001953125 31.718545913696289062 30.913812637329101562 30.119419097900390625 29.335367202758789062 28.561656951904296875 27.798282623291015625 27.045251846313476562
68.7626953125 67.57537841796875 66.398406982421875 65.23177337646484375 64.07547760009765625 62.929523468017578125 61.793910980224609375 60.668636322021484375 59.55370330810546875 58.449108123779296875 57.3548583984375 56.27094268798828125 55.197368621826171875 54.134136199951171875 53.081241607666015625 52.03868865966796875 51.00647735595703125 49.9846038818359375 48.9730682373046875 47.971874237060546875 46.981021881103515625 46.00051116943359375 45.030338287353515625 44.07050323486328125 43.12100982666015625 42.181858062744140625 41.25304412841796875 40.33457183837890625 39.4264373779296875 38.528644561767578125 37.641193389892578125 36.764080047607421875 35.897308349609375 35.040874481201171875 34.194782257080078125 33.35903167724609375 32.533618927001953125 31.718545913696289062 30.913812637329101562 30.119419097900390625 29.335367202758789062 28.561656951904296875 27.798282623291015625 27.045251846313476562
68.7626953125 67.57537841796875 66.398406982421875 65.23177337646484375 64.07547760009765625 62.929523468017578125 61.793910980224609375 60.668636322021484375 59.55370330810546875 58.449108123779296875 57.3548583984375 56.27094268798828125 55.197368621826171875 54.134136199951171875 53.081241607666015625 52.03868865966796875 51.00647735595703125 49.9846038818359375 48.9730682373046875 47.971874237060546875 46.981021881103515625 46.00051116943359375 45.030338287353515625 44.07050323486328125 43.12100982666015625 42.181858062744140625 41.25304412841796875 40.33457183837890625 39.4264373779296875 38.528644561767578125 37.641193389892578125 36.764080047607421875 35.897308349609375 35.040874481201171875 34.194782257080078125 33.35903167724609375 32.533618927001953125 31.718545913696289062 30.913812637329101562 30.119419097900390625 29.335367202758789062 28.561656951904296875 27.798282623291015625 27.045251846313476562
68.7626953125 67.57537841796875 66.398406982421875 65.23177337646484375 64.07547760009765625 62.929523468017578125 61.793910980224609375 60.668636322021484375 59.55370330810546875 58.449108123779296875 57.3548583984375 56.27094268798828125 55.197368621826171875 54.134136199951171875 53.081241607666015625 52.03868865966796875 51.00647735595703125 49.9846038818359375 48.9730682373046875 47.971874237060546875 46.981021881103515625 46.00051116943359375 45.030338287353515625 44.07050323486328125 43.12100982666015625 42.181858062744140625 41.25304412841796875 40.33457183837890625 39.4264373779296875 38.528644561767578125 37.641193389892578125 36.764080047607421875 35.897308349609375 35.040874481201171875 34.194782257080078125 33.35903167724609375 32.533618927001953125 31.718545913696289062 30.913812637329101562 30.119419097900390625 29.335367202758789062 28.561656951904296875 27.798282623291015625 27.045251846313476562
68.7626953125 67.57537841796875 66.398406982421875 65.23177337646484375 64.07547760009765625 62.929523468017578125 61.793910980224609375 60.668636322021484375 59.55370330810546875 58.449108123779296875 57.3548583984375 56.27094268798828125 55.197368621826171875 54.134136199951171875 53.081241607666015625 52.03868865966796875 51.00647735595703125 49.9846038818359375 48.9730682373046875 47.971874237060546875 46.981021881103515625 46.00051116943359375 45.030338287353515625 44.07050323486328125 43.12100982666015625 42.181858062744140625 41.25304412841796875 40.33457183837890625 39.4264373779296875 38.528644561767578125 37.641193389892578125 36.764080047607421875 35.897308349609375 35.040874481201171875 34.194782257080078125 33.35903167724609375 32.533618927001953125 31.718545913696289062 30.913812637329101562 30.119419097900390625 29.335367202758789062 28.561656951904296875 27.798282623291015625 27.045251846313476562
68.7626953125 67.57537841796875 66.398406982421875 65.23177337646484375 64.07547760009765625 62.929523468017578125 61.793910980224609375 60.668636322021484375 59.55370330810546875 58.449108123779296875 57.3548583984375 56.27094268798828125 55.197368621826171875 54.134136199951171875 53.081241607666015625 52.03868865966796875 51.00647735595703125 49.9846038818359375 48.9730682373046875 47.971874237060546875 46.981021881103515625 46.00051116943359375 45.030338287353515625 44.07050323486328125 43.12100982666015625 42.181858062744140625 41.25304412841796875 40.33457183837890625 39.4264373779296875 38.528644561767578125 37.641193389892578125 36.764080047607421875 35.897308349609375 35.040874481201171875 34.194782257080078125 33.35903167724609375 32.533618927001953125 31.718545913696289062 30.913812637329101562 30.119419097900390625 29.335367202758789062 28.561656951904296875 27.798282623291015625 27.045251846313476562
68.7626953125 67.57537841796875 66.398406982421875 65.23177337646484375 64.07547760009765625 62.929523468017578125 61.793910980224609375 60.668636322021484375 59.55370330810546875 58.449108123779296875 57.3548583984375 56.27094268798828125 55.197368621826171875 54.134136199951171875 53.081241607666015625 52.03868865966796875 51.00647735595703125 49.9846038818359375 48.9730682373046875 47.971874237060546875 46.981021881103515625 46.00051116943359375 45.030338287353515625 44.07050323486328125 43.12100982666015625 42.181858062744140625 41.25304412841796875 40.33457183837890625 39.4264373779296875 38.528644561767578125 37.641193389892578125 36.764080047607421875 35.897308349609375 35.040874481201171875 34.194782257080078125 33.35903167724609375 32.533618927001953125 31.718545913696289062 30.913812637329101562 30.119419097900390625 29.335367202758789062 28.561656951904296875 27.798282623291015625 27.045251846313476562
68.7626953125 67.57537841796875 66.398406982421875 65.23177337646484375 64.07547760009765625 62.929523468017578125 61.793910980224609375 60.668636322021484375 59.55370330810546875 58.449108123779296875 57.3548583984375 56.27094268798828125 55.197368621826171875 54.134136199951171875 53.081241607666015625 52.03868865966796875 51.00647735595703125 49.9846038818359375 48.9730682373046875 47.971874237060546875 46.981021881103515625 46.00051116943359375 45.030338287353515625 44.07050323486328125 43.12100982666015625 42.181858062744140625 41.25304412841796875 40.33457183837890625 39.4264373779296875 38.528644561767578125 37.641193389892578125 36.764080047607421875 35.897308349609375 35.040874481201171875 34.194782257080078125 33.35903167724609375 32.533618927001953125 31.718545913696289062 30.913812637329101562 30.119419097900390625 29.335367202758789062 28.561656951904296875 27.798282623291015625 27.045251846313476562
