avaframe/data/NameOfAvalanche/Inputs/GBG_DGM.asc
ncols         474
nrows         279
xllcorner     245574.95691212
yllcorner     366980.19865781
cellsize      5
NODATA_value  -9999
[rows 196 to 223 of 279, columns 384 to 447 of 474]
2223.892 2226.453 2227.909 2229.402 2231.387 2233.341 2234.98 2236.437 2237.632 2238.679 2239.61 2240.351 2240.923 2240.381 2237.524 2236.535 2236.311 2236.176 2233.909 2232.046 2231.921 2233.984 2233.646 2234.224 2218.042 2209.128 2205.236 2201.432 2198.32 2195.223 2192.685 2190.459 2188.11 2187.482 2187.636 2187.286 2187.156 2187.312 2187.875 2189.203 2190.863 2193.187 2193.508 2194.25 2194.987 2195.582 2197.05 2199.379 2201.114 2202.677 2204.026 2204.935 2206.463 2208.02 2210.778 2213.452 2216.482 2219.068 2221.837 2224.807 2226.701 2228.492 2228.644 2229.238
2221.666 2224.411 2226.635 2228.284 2229.529 2231.629 2233.384 2234.855 2236.165 2237.013 2237.731 2238.462 2238.951 2238.918 2235.451 2232.808 2233.79 2230.878 2229.252 2227.762 2228.732 2231.664 2227.588 2221.179 2217.822 2209.351 2203.237 2199.66 2196.062 2193.262 2190.613 2188.011 2186.111 2184.994 2184.616 2184.443 2184.599 2184.76 2185.612 2186.823 2187.53 2188.2 2189.351 2190.429 2191.115 2191.833 2193.732 2195.942 2197.523 2198.928 2200.273 2201.631 2203.045 2205.501 2208.268 2211.168 2213.831 2216.407 2219.069 2221.564 2223.554 2224.377 2224.237 2225.247
2220.394 2222.133 2224.954 2226.602 2227.827 2229.888 2231.553 2233.207 2234.242 2235.107 2235.843 2236.6 2237.05 2236.996 2234.97 2230.102 2228.8 2227.423 2224.781 2223.983 2225.875 2223.998 2219.473 2215.482 2215.101 2207.911 2200.735 2197.228 2194.098 2191.141 2188.494 2186.04 2183.931 2182.625 2181.797 2181.625 2181.458 2182.014 2182.938 2183.906 2184.539 2184.716 2185.409 2186.28 2187.019 2188.529 2190.67 2192.35 2193.893 2195.342 2196.693 2198.41 2200.031 2202.97 2205.666 2208.299 2210.967 2214.045 2216.007 2218.524 2219.966 2220.096 2219.991 2223.776
2218.198 2221.043 2222.367 2224.292 2226.366 2228.399 2229.741 2231.291 2232.468 2233.515 2234.315 2235.201 2235.599 2234.959 2231.957 2228.851 2224.872 2223.259 2220.93 2220.363 2223.024 2225.482 2218.234 2214.797 2207.282 2201.871 2198.057 2195.566 2191.805 2188.834 2186.242 2184.115 2181.937 2180.189 2179.156 2178.87 2178.637 2179.3 2179.943 2180.51 2180.393 2181.691 2182.038 2182.757 2183.505 2185.57 2187.583 2188.708 2190.523 2192.032 2193.355 2194.973 2197.306 2200.413 2202.926 2205.79 2208.243 2211.165 2213.066 2215.857 2215.937 2215.611 2218.551 2221.971
2216.173 2219.176 2221.202 2222.863 2224.341 2226.295 2228.288 2229.392 2230.564 2232.14 2232.73 2233.374 2233.916 2232.824 2228.944 2227.603 2223.813 2219.588 2217.364 2217.119 2218.979 2217.737 2215.285 2212.779 2210.815 2199.862 2195.895 2192.888 2189.242 2186.394 2184.051 2181.817 2179.922 2177.973 2176.651 2176.111 2175.615 2175.867 2176.588 2176.339 2176.381 2178.239 2178.798 2179.582 2180.605 2182.437 2183.973 2185.351 2187.041 2188.516 2189.986 2191.895 2194.651 2196.876 2200.043 2202.882 2205.703 2208.177 2209.831 2211.393 2211.92 2211.456 2214.854 2218.59
2214.163 2216.835 2219.324 2221.22 2222.542 2224.422 2226.17 2228.21 2229.228 2230.573 2231.588 2231.906 2232.426 2230.301 2226.5 2223.854 2225.225 2218.669 2214.885 2213.957 2214.674 2214.266 2209.681 2206.425 2203.126 2198.084 2194.428 2190.542 2187.139 2184.157 2181.873 2179.458 2177.682 2175.781 2174.332 2173.634 2172.658 2173.189 2173.926 2173.141 2173.477 2174.828 2175.439 2176.549 2177.224 2178.668 2180.189 2181.784 2183.602 2185.097 2186.561 2189.102 2191.926 2195.29 2197.667 2200 2202.935 2204.582 2206.385 2207.376 2207.836 2208.865 2211.89 2215.66
2212.49 2214.842 2217.305 2219.513 2221.217 2222.808 2224.044 2226.427 2227.688 2228.425 2229.743 2230.337 2230.795 2228.789 2224.625 2221.011 2219.609 2217.956 2213.657 2210.542 2211.258 2210.44 2209.972 2202.122 2199.214 2195.312 2190.76 2187.123 2184.353 2181.861 2179.503 2177.262 2175.555 2173.498 2171.904 2171.105 2170.227 2170.455 2170.453 2170.611 2170.248 2171.343 2172.515 2173.221 2174.032 2175.206 2176.589 2178.604 2180.18 2181.913 2183.486 2186.429 2189.42 2192.163 2194.907 2196.904 2198.999 2201.13 2202.766 2203.639 2203.926 2207.077 2210.832 2214.727
2210.806 2213.054 2215.114 2217.049 2219.194 2221.163 2223.076 2224.239 2225.576 2226.722 2228.373 2227.931 2227.148 2226.152 2223.215 2218.937 2215.922 2214.458 2212.427 2207.318 2205.363 2203.915 2204.491 2202.135 2194.843 2192.532 2187.931 2184.231 2181.436 2179.073 2176.902 2174.724 2173.252 2171.853 2170.342 2168.646 2167.746 2167.156 2167.235 2166.546 2166.99 2167.886 2170.058 2170.187 2170.898 2172.045 2173.73 2175.301 2177.113 2178.797 2180.951 2184.038 2186.707 2189.454 2192.4 2194.077 2196.001 2198.112 2199.014 2199.774 2201.551 2204.521 2209.244 2215.412
2207.881 2210.587 2213.456 2215.305 2217.315 2219.086 2221.193 2222.25 2224.238 2225.052 2226.84 2225.625 2223.704 2222.418 2220.645 2216.585 2213.379 2210.397 2209.093 2205.217 2201.08 2199.172 2197.97 2198.362 2193.895 2188.093 2184.796 2182.157 2179.902 2177.446 2174.968 2173.146 2170.544 2169.281 2167.742 2165.96 2165.022 2164.465 2164.154 2163.862 2164.135 2164.707 2165.926 2167.467 2167.981 2169.093 2170.346 2171.963 2174.396 2176.195 2179.507 2183.119 2184.938 2187.045 2189.1 2191.185 2192.755 2193.999 2195.01 2195.67 2198.587 2202.245 2208.763 2216.502
2206.078 2207.967 2210.834 2213.518 2215.61 2217.606 2219.276 2220.57 2222.132 2223.441 2224.222 2223.392 2220.903 2218.854 2217.199 2214.672 2210.959 2207.252 2205.49 2203.172 2198.862 2196.038 2193.344 2191.458 2188.177 2185.476 2182.571 2179.422 2177.437 2174.069 2171.899 2168.933 2167.944 2166.594 2165.759 2164.296 2161.959 2161.166 2161.238 2160.993 2161.315 2161.961 2163.533 2164.229 2164.867 2166.03 2167.359 2169.665 2171.835 2174.093 2177.007 2180.177 2182.918 2184.526 2186.25 2187.735 2188.88 2189.623 2190.855 2192.722 2195.987 2200.536 2206.991 2213.741
2203.59 2206.09 2208.582 2210.904 2213.124 2215.586 2217.138 2218.878 2220.224 2221.664 2222.708 2221.478 2218.683 2215.677 2214.148 2211.566 2209.211 2206.73 2201.889 2198.748 2196.825 2193.892 2189.893 2187.3 2185.026 2182.568 2179.88 2177.26 2175.406 2172.661 2169.545 2166.463 2165.259 2164.957 2163.274 2161.19 2159.267 2159.655 2159.551 2158.367 2158.53 2159.707 2160.22 2161.163 2161.941 2162.801 2165.459 2167.548 2170.069 2171.773 2173.887 2176.742 2179.655 2181.68 2182.825 2184.198 2184.634 2185.231 2186.47 2189.827 2195.89 2199.381 2204.892 2210.44
2201.419 2204.167 2206.71 2209.116 2211.402 2213.426 2215.366 2216.783 2218.465 2220.58 2220.779 2220.362 2216.872 2213.29 2210.553 2209.283 2205.582 2203.655 2200.385 2197.043 2193.782 2190.761 2186.432 2183.938 2181.315 2179.139 2176.542 2174.586 2172.804 2169.891 2167.043 2165.489 2162.07 2161.387 2159.68 2158.429 2156.813 2156.25 2155.496 2155.827 2155.847 2156.757 2157.665 2158.332 2158.898 2161.2 2163.67 2165.253 2167.108 2168.646 2171.543 2175.097 2177.028 2178.385 2179.181 2179.924 2180.471 2180.666 2183.977 2187.343 2195.298 2198.678 2202.652 2206.645
2199.913 2202.623 2205.107 2207.498 2209.704 2211.813 2213.556 2215.11 2216.372 2218.652 2218.81 2218.89 2216.021 2212.196 2208.373 2205.46 2203.662 2200.28 2197.591 2194.729 2191.208 2188.108 2183.95 2180.543 2178.081 2176.138 2173.638 2171.045 2169.554 2167.691 2165.055 2163.604 2161.327 2157.676 2156.664 2155.167 2154.036 2153.72 2153.417 2153.335 2153.397 2154.214 2154.707 2155.436 2156.628 2158.569 2160.618 2161.944 2163.794 2166.816 2169.148 2172.584 2173.886 2175.512 2175.321 2175.945 2176.328 2177.608 2180.487 2184.582 2195.815 2198.42 2198.896 2200.375
2198.138 2200.81 2203.36 2205.801 2207.879 2210 2211.796 2213.092 2214.037 2216.139 2217.196 2216.827 2215.063 2211.172 2207.594 2202.809 2199.984 2198.487 2195.32 2192.427 2189.187 2185.19 2181.428 2178.068 2175.098 2172.731 2170.882 2168.226 2166.461 2164.077 2162.74 2160.872 2158.5 2156.607 2154.101 2153.07 2151.094 2150.862 2150.434 2150.536 2150.875 2151.206 2151.676 2152.573 2153.987 2156.188 2157.941 2158.581 2161.724 2164.404 2166.736 2168.959 2170.855 2171.259 2171.64 2171.925 2171.814 2174.759 2177.393 2180.796 2191.404 2197.675 2193.925 2194.651
2196.403 2199.073 2201.466 2203.996 2205.781 2207.951 2209.829 2211.243 2211.348 2212.149 2214.688 2214.578 2212.584 2210.166 2204.494 2200.165 2196.567 2194.273 2192.869 2190.118 2187.279 2183.712 2179.531 2175.265 2172.485 2169.629 2167.695 2165.657 2164.211 2162.132 2160.225 2158.075 2155.902 2154.046 2151.302 2149.725 2148.161 2148.295 2148.084 2148.118 2148.145 2148.458 2149.166 2150.27 2151.135 2153.01 2154.609 2157.314 2159.281 2161.808 2163.781 2166.501 2166.39 2167.887 2167.951 2167.637 2168.69 2171.653 2174.64 2177.893 2183.645 2186.142 2187.578 2189.794
2194.649 2197.289 2199.569 2201.691 2203.812 2205.771 2207.547 2209.001 2208.844 2207.745 2208.747 2211.001 2209.703 2207.023 2202.668 2197.96 2193.967 2190.662 2189.757 2187.52 2184.771 2181.615 2177.614 2173.755 2169.994 2167.045 2164.766 2162.552 2161.529 2160.345 2157.376 2155.08 2152.503 2151.082 2149.78 2146.622 2145.494 2145.436 2145.205 2145.441 2145.303 2145.676 2147.196 2147.871 2148.543 2149.895 2151.34 2154.932 2156.825 2158.846 2160.506 2162.493 2163.316 2164.499 2163.93 2163.611 2166.211 2168.842 2171.935 2175.759 2178.972 2181.108 2183.732 2186.074
2192.659 2195.103 2197.311 2199.046 2200.935 2203.31 2205.225 2206.624 2207.035 2203.95 2203.49 2204.292 2206.985 2203.385 2200.647 2196.718 2192.283 2188.018 2185.465 2184.08 2181.923 2178.987 2175.719 2172.208 2168.542 2164.879 2161.583 2160.271 2158.667 2157.028 2155.399 2152.344 2150.167 2148.272 2146.679 2144.093 2143.093 2142.644 2142.652 2142.698 2142.655 2143.25 2144.293 2145.362 2146.678 2147.306 2150.251 2151.764 2153.512 2155.776 2157.441 2158.236 2159.575 2159.979 2159.794 2159.999 2163.411 2166.291 2169.536 2172.393 2175.492 2177.688 2180.355 2182.637
2191.095 2192.947 2194.654 2195.469 2197.601 2200.794 2202.561 2203.337 2202.582 2200.798 2198.865 2198.923 2200.646 2199.901 2198.8 2196.452 2191.908 2187.509 2183.034 2180.101 2178.039 2175.982 2174.086 2170.159 2167.02 2163.783 2159.653 2157.446 2155.732 2153.993 2152.695 2150.112 2147.38 2145.576 2142.475 2142.446 2141.391 2140.136 2140.051 2140.019 2140.068 2140.758 2141.892 2142.856 2143.25 2145.119 2147.387 2149.09 2150.502 2153.109 2153.815 2154.677 2156.52 2155.776 2155.632 2157.361 2160.558 2164.169 2166.983 2169.859 2172.603 2174.719 2176.616 2179.32
2189.147 2190.343 2190.51 2191.286 2193.927 2197.024 2196.607 2196.065 2195.503 2196.306 2193.941 2194.08 2195.848 2195.269 2197.492 2195.839 2193.625 2188.512 2183.43 2178.267 2174.474 2172.059 2169.797 2167.878 2164.879 2161.938 2158.983 2155.393 2153.245 2151.161 2149.339 2147.572 2144.872 2142.364 2139.927 2138.502 2138.788 2137.313 2137.551 2137.442 2137.32 2138.164 2139.742 2139.857 2140.944 2142.526 2144.723 2145.393 2147.683 2149.764 2150.769 2152.019 2152.761 2151.423 2151.559 2154.885 2158.079 2161.434 2164.351 2166.795 2169.131 2171.258 2173.264 2175.775
2187.364 2187.08 2186.521 2187.114 2187.806 2188.403 2188.083 2188.598 2189.47 2190.045 2188.497 2189.516 2191.357 2190.009 2191.043 2192.401 2192.512 2189.48 2184.693 2179.074 2173.913 2169.193 2166.097 2163.99 2162.149 2159.513 2156.993 2154.344 2151.367 2149.155 2147.2 2144.794 2142.755 2140.602 2137.252 2135.808 2135.424 2135.437 2134.707 2134.403 2134.885 2135.802 2136.805 2137.805 2138.75 2140.085 2140.717 2143.058 2143.961 2146.087 2147.809 2148.898 2148.446 2147.562 2149.788 2152.461 2155.371 2158.768 2161.797 2163.762 2166.895 2168.876 2170 2172.093
2184.752 2183.7 2182.624 2182.962 2182.307 2182.005 2182.061 2183.128 2184.542 2184.389 2183.726 2188.282 2187.56 2185.317 2185.534 2188.337 2190.24 2188.503 2184.477 2180.393 2174.734 2168.995 2164.526 2160.623 2158.446 2156.5 2154.014 2152.175 2149.79 2146.947 2146.156 2143.04 2139.318 2137.691 2134.411 2133.431 2132.556 2132.268 2131.63 2132.83 2132.847 2133.222 2133.363 2134.387 2136.34 2135.705 2137.26 2139.894 2141.761 2143.498 2144.74 2145.198 2144.4 2144.489 2147.309 2149.651 2152.633 2155.806 2158.569 2160.877 2163.679 2164.796 2166.981 2169.12
2181.18 2180.476 2179.519 2178.911 2177.938 2176.909 2176.921 2178.319 2180.631 2180.243 2178.837 2184.82 2188.632 2180.475 2180.645 2184.15 2184.875 2186.969 2182.421 2179.256 2175.949 2169.175 2164.562 2160.383 2156.063 2152.965 2150.707 2148.704 2147.364 2145.08 2143.021 2140.31 2137.248 2133.385 2132.527 2131.001 2129.993 2129.583 2129.042 2129.393 2129.841 2130.6 2131.346 2132.318 2132.575 2133.026 2134.786 2136.553 2137.67 2140.659 2141.165 2141.161 2140.25 2141.157 2144.207 2147.099 2150.353 2152.894 2155.881 2158.336 2160.772 2162.202 2164.291 2165.998
2177.297 2176.848 2176.57 2174.839 2173.472 2172.398 2172.569 2175.168 2179.902 2177.536 2173.736 2173.791 2180.88 2175.481 2176.599 2180.108 2179.896 2184.114 2184.467 2176.576 2173.876 2170.275 2165.79 2162.628 2156.453 2152.14 2148.104 2145.518 2144.149 2143.207 2140.465 2138.209 2134.795 2131.884 2130.105 2129.075 2127.348 2126.82 2126.563 2126.683 2127.22 2127.55 2129.037 2129.856 2129.938 2130.397 2132.254 2133.83 2135.497 2137.565 2138.104 2136.632 2136.051 2138.498 2142.158 2145.032 2146.009 2149.924 2152.764 2156.075 2157.887 2159.648 2161.445 2162.954
2173.455 2172.816 2173.121 2171.139 2169.926 2168.53 2169.895 2178.812 2185.552 2170.68 2169.098 2169.903 2173.036 2169.827 2172.737 2176.557 2175.514 2179.848 2178.574 2174.212 2170.737 2168.258 2165.263 2161.094 2156.082 2151.721 2147.623 2143.362 2141.212 2139.622 2137.95 2135.402 2132.483 2129.944 2127.043 2126.401 2124.898 2124.016 2124.115 2124.056 2124.598 2125.634 2126.082 2127.145 2127.182 2128.234 2129.729 2131.555 2132.883 2133.397 2133.312 2132.261 2132.496 2135.844 2138.771 2141.922 2144.413 2146.827 2150.631 2152.707 2154.846 2156.928 2158.504 2159.669
2169.407 2168.73 2169.43 2168.339 2166.661 2165.035 2164.409 2175.896 2172.613 2165.152 2163.905 2165.508 2166.652 2165.016 2176.097 2178.26 2171.27 2172.397 2173.404 2170.648 2168.174 2166.236 2162.479 2159.423 2155.951 2151.558 2147.374 2142.556 2138.716 2136.562 2134.55 2132.294 2130.084 2128.177 2124.4 2123.152 2122.966 2122.104 2121.329 2121.704 2121.973 2122.948 2123.412 2123.785 2124.64 2125.633 2127.767 2129.123 2129.685 2130.05 2128.622 2128.376 2130.359 2133.103 2136.358 2138.841 2141.704 2144.06 2147.854 2150.042 2151.259 2153.197 2155.023 -9999
2166.733 2164.597 2165.382 2164.722 2162.939 2161.268 2160.293 2160.152 2160.851 2160.092 2160.208 2162.361 2160.087 2161.645 2171.318 2172.686 2167.741 2166.266 2169.541 2166.539 2164.769 2163.814 2160.313 2155.856 2152.898 2150.71 2145.113 2142.13 2137.676 2133.999 2132.784 2130.732 2127.074 2123.633 2121.22 2119.864 2118.735 2118.413 2118.622 2119.542 2119.687 2120.594 2120.669 2121.09 2121.955 2123.773 2125.391 2126.985 2126.682 2125.331 2124.862 2125.468 2127.962 2130.761 2133.653 2136.414 2138.563 2141.838 2145.334 2146.605 2148.042 2150.158 -9999 -9999
2164.142 2161.175 2160.775 2160.09 2158.56 2157.198 2155.924 2156.646 2155.864 2155.905 2155.588 2156.811 2155.677 2161.363 2167.053 2165.014 2160.098 2162.254 2162.25 2162.735 2160.975 2161.144 2158.156 2153.634 2150.161 2148.975 2143.365 2139.236 2136.631 2132.496 2128.957 2126.736 2123.974 2121.616 2119.081 2117.068 2115.636 2115.388 2116.175 2116.822 2117.665 2117.283 2118.62 2118.34 2119.799 2121.818 2123.168 2124.021 2122.857 2121.765 2122.018 2122.849 2125.225 2128.088 2130.919 2133.194 2136.192 2139.61 2141.94 2142.566 -9999 -9999 -9999 -9999
2161.418 2158.834 2156.602 2155.535 2154.093 2153.357 2151.873 2151.972 2150.898 2152.017 2151.597 2153.139 2151.934 2151.354 2156.658 2152.921 2154.635 2156.282 2157.427 2158.81 2156.914 2157.286 2154.956 2151.654 2147.713 2146.59 2142.223 2138.447 2134.834 2130.343 2126.758 2123.725 2121.016 2119.212 2116.998 2115.071 2113.349 2112.612 2113.121 2114.07 2113.933 2114.764 2115.086 2115.185 2117.727 2120.129 2121.058 2120.033 2118.111 2119.157 2119.247 2119.858 2122.483 2125.126 2127.427 2130.373 2133.162 2135.526 2137.364 -9999 -9999 -9999 -9999 -9999
