avaframe/data/NameOfAvalanche/Inputs/GBG_DGM.asc
ncols         474
nrows         279
xllcorner     245574.95691212
yllcorner     366980.19865781
cellsize      5
NODATA_value  -9999
[rows 56 to 83 of 279, columns 256 to 319 of 474]
1826.501 1828.103 1830.477 1833.382 1835.849 1838.164 1841.348 1844.788 1847.259 1849.308 1850.684 1852.005 1853.976 1857.62 1861.048 1863.292 1866.68 1869.696 1873.22 1877.11 1880.228 1883.719 1886.569 1889.725 1892.574 1896.745 1899.278 1901.249 1905.418 1908.401 1909.21 1911.577 1912.434 1913.803 1915.706 1917.384 1918.859 1920.807 1922.658 1924.495 1926.783 1928.824 1931.853 1934.401 1936.936 1939.321 1941.245 1942.862 1945.39 1948.071 1950.405 1952.321 1954.559 1956.909 1959.189 1961.434 1963.621 1966.496 1969.677 1972.394 1975.291 1978.711 1981.454 1984.419
1827.269 1829.343 1831.86 1834.429 1836.94 1839.387 1841.908 1844.101 1846.399 1848.256 1849.978 1851.64 1853.869 1856.892 1861.011 1864.123 1866.644 1869.798 1873.245 1876.976 1880.519 1884.725 1887.31 1891.007 1893.431 1897.406 1900.03 1902.958 1907.698 1908.811 1911.723 1912.588 1913.872 1915.403 1917.211 1918.944 1920.792 1922.622 1924.297 1925.841 1928.311 1929.673 1931.824 1934.514 1936.96 1939.363 1941.793 1943.485 1945.259 1947.106 1949.38 1951.849 1953.849 1955.853 1957.942 1960.556 1963.295 1965.636 1969.104 1972.742 1976.009 1978.639 1982.221 1985.163
1826.955 1829.182 1832.035 1834.904 1837.627 1840.332 1842.323 1842.995 1843.828 1845.731 1847.704 1849.926 1853.179 1856.983 1859.702 1862.137 1865.17 1868.978 1874.342 1877.966 1880.523 1883.355 1886.666 1891.065 1894.579 1897.972 1902.045 1904.841 1908.83 1909.975 1912.345 1912.835 1914.56 1916.81 1918.711 1921.715 1922.172 1924.696 1925.97 1927.145 1929.562 1931.351 1933.281 1935.771 1937.935 1939.831 1942.432 1944.082 1945.719 1947.328 1949.295 1951.128 1953.096 1955.585 1958.474 1960.574 1963.803 1966.351 1969.746 1973.317 1975.749 1978.657 1982.462 1985.62
1826.039 1828.708 1831.502 1834.501 1837.455 1840.166 1842.387 1843.456 1843.994 1845.083 1846.75 1848.804 1851.798 1855.471 1859.329 1862.886 1866.382 1869.32 1873.303 1877.07 1880.199 1883.427 1886.483 1890.562 1894.891 1898.621 1901.608 1904.711 1908.025 1910.768 1912.783 1915.175 1917.26 1918.5 1920.061 1922.188 1924.349 1925.847 1927.462 1928.817 1931.084 1933.461 1934.698 1936.814 1939.267 1941.4 1943.413 1945.148 1946.648 1948.622 1950.4 1952.203 1954.375 1956.624 1959.232 1961.46 1963.571 1966.478 1969.781 1973.434 1976.494 1979.341 1982.336 1985.505
1824.751 1827.632 1830.771 1833.842 1836.716 1839.494 1841.383 1842.128 1843.364 1844.756 1847.072 1849.544 1852.354 1855.349 1858.75 1862.004 1865.278 1869.23 1872.609 1876.088 1879.667 1883.659 1887.652 1891.208 1896.445 1899.849 1903.689 1906.966 1909.12 1911.176 1913.33 1915.798 1917.792 1919.331 1921.561 1924.059 1927.379 1927.542 1928.867 1930.602 1932.513 1934.216 1936.477 1938.168 1940.682 1942.781 1944.665 1946.418 1948.068 1950.142 1951.892 1953.598 1955.277 1958.084 1960.508 1962.882 1964.25 1966.284 1969.255 1972.653 1975.948 1979.291 1982.491 1985.824
1823.803 1826.606 1829.813 1832.627 1834.959 1837.247 1839.105 1840.664 1842.378 1844.35 1846.762 1849.438 1852.402 1855.365 1858.625 1862.309 1866.084 1869.649 1872.812 1876.44 1880.456 1885.112 1888.783 1892.784 1896.787 1900.975 1904.696 1907.848 1910.28 1912.399 1914.527 1916.193 1918.337 1920.516 1922.217 1924.339 1926.86 1928.276 1930.743 1931.875 1933.6 1935.449 1937.567 1939.734 1942.273 1943.836 1946.437 1948.104 1950.236 1951.741 1953.043 1954.912 1956.444 1958.722 1960.959 1963.492 1965.496 1966.896 1968.488 1971.489 1975.191 1978.694 1982.22 1985.551
1822.525 1825.325 1828.509 1831.251 1833.357 1834.981 1837.121 1839.392 1842.014 1844.183 1846.814 1850.25 1853.467 1857.643 1860.18 1863.769 1866.877 1870.273 1874.49 1878.69 1882.006 1885.927 1889.88 1893.177 1897.681 1901.947 1905.455 1908.584 1911.39 1914.719 1916.615 1918.274 1919.407 1922.066 1924.023 1925.49 1927.486 1929.502 1931.662 1933.193 1934.845 1936.759 1939.148 1941.672 1944.444 1946.287 1948.367 1950.364 1952.103 1953.437 1954.566 1955.848 1957.555 1959.395 1961.485 1963.875 1965.882 1967.759 1968.805 1970.698 1974.072 1977.789 1981.397 1984.727
1820.461 1823.339 1826.145 1828.979 1831.387 1835.185 1838.981 1841.182 1842.604 1845.221 1848.2 1851.323 1854.578 1857.674 1861.171 1864.429 1867.709 1871.266 1875.492 1878.415 1881.637 1886.265 1890.351 1894.332 1897.728 1902.317 1905.884 1908.861 1912.069 1915.268 1918.732 1919.907 1922.016 1922.961 1924.267 1926.505 1928.024 1929.757 1931.716 1934.066 1936.379 1940.04 1941.03 1943.541 1945.618 1948.249 1949.952 1951.986 1953.465 1954.931 1956.052 1957.617 1959.422 1961.118 1962.946 1964.462 1966.229 1967.955 1969.441 1971.144 1973.548 1976.844 1980.329 1983.812
1819.712 1822.17 1825.115 1828.268 1830.747 1835.015 1838.035 1840.791 1843.679 1847.32 1849.786 1851.8 1855.157 1857.798 1860.982 1864.861 1867.845 1870.605 1874.693 1878.145 1882.469 1886.519 1890.323 1894.537 1898.377 1902.177 1905.066 1908.844 1912.359 1915.091 1918.309 1920.535 1922.603 1924.103 1925.659 1927.915 1928.641 1930.244 1932.305 1935.899 1938.852 1941.351 1943.182 1945.297 1946.805 1949.732 1951.173 1953.122 1955.16 1956.34 1957.721 1959.632 1961.445 1963.164 1964.767 1966.074 1967.362 1968.266 1969.254 1971.496 1973.587 1976.556 1979.732 1983.076
1820.268 1822.252 1825.071 1827.721 1830.563 1835.908 1838.866 1842.44 1845.479 1848.103 1851.438 1854.169 1856.918 1860.068 1862.895 1865.967 1869.019 1873.64 1876.13 1879.088 1883.609 1886.481 1890.912 1894.642 1898.132 1901.662 1904.255 1908.179 1911.335 1914.512 1917.911 1919.976 1922.568 1924.589 1927.193 1928.38 1930.383 1932.091 1933.744 1936.623 1939.768 1942.913 1944.587 1947.224 1949.212 1951.189 1952.188 1954.183 1956.158 1957.316 1959.173 1960.981 1962.549 1964.58 1966.221 1967.474 1968.437 1969.425 1970.33 1971.989 1974.401 1976.811 1979.61 1982.879
1820.293 1822.85 1826.721 1830.011 1834.189 1836.66 1840.49 1843.234 1846.596 1849.102 1851.835 1855.341 1857.713 1859.517 1863.498 1866.63 1870.694 1873.535 1877.085 1879.726 1882.539 1885.643 1889.566 1893.627 1897.73 1901.105 1904.359 1907.749 1910.757 1913.881 1917.888 1921.151 1922.966 1925.826 1927.014 1928.871 1931.373 1933.006 1934.944 1937.577 1940.205 1943.789 1946.049 1948.589 1950.935 1952.673 1954.204 1955.229 1955.923 1957.484 1959.701 1961.76 1964.046 1965.926 1967.344 1968.678 1969.821 1970.936 1972.288 1974.334 1976.741 1978.677 1980.996 1983.648
1822.377 1825.7 1829.641 1832.218 1834.448 1837.777 1840.547 1844.263 1847.722 1849.768 1852.943 1856.046 1858.012 1861.014 1865.631 1868.397 1870.565 1874.49 1876.844 1880.089 1883.433 1886.707 1889.588 1893.499 1896.94 1900.387 1904.306 1908.23 1911.012 1914.421 1917.76 1921.292 1923.6 1925.237 1927.249 1930.431 1931.806 1933.478 1935.962 1939.345 1941.106 1944.876 1946.933 1949.811 1952.841 1954.701 1956.389 1957.111 1957.089 1958.026 1959.285 1961.815 1964.2 1966.537 1968.202 1970.252 1971.698 1972.905 1974.413 1976.545 1978.94 1981.421 1983.909 1986.072
1824.18 1827.636 1830.001 1832.514 1835.478 1838.925 1842.319 1845.739 1848.044 1851.271 1854.03 1855.292 1858.097 1861.74 1866.652 1869.026 1871.927 1874.647 1877.226 1880.169 1883.763 1887.015 1891.006 1894.218 1898.035 1900.826 1903.787 1907.749 1910.506 1913.804 1916.876 1919.703 1923.172 1925.476 1927.892 1931.055 1933.46 1934.93 1936.697 1939.818 1942.176 1944.799 1947.649 1950.588 1953.163 1955.13 1956.546 1957.961 1959.184 1960.205 1960.496 1961.563 1963.988 1966.618 1969.058 1970.697 1972.876 1975.668 1977.034 1979.767 1981.561 1983.931 1985.41 1987.875
1824.367 1827.933 1830.659 1832.838 1835.539 1838.572 1842.725 1846.162 1848.623 1851.359 1853.698 1854.649 1857.249 1860.855 1864.436 1868.44 1871.054 1875.311 1877.65 1880.469 1884.414 1887.73 1890.897 1895.063 1898.244 1901.158 1904.59 1907.045 1910.477 1915.057 1917.72 1920.279 1922.915 1926.905 1928.114 1930.473 1933.55 1935.543 1937.717 1940.589 1942.882 1945.373 1948.844 1951.192 1953.42 1955.871 1957.427 1958.748 1960.19 1961.149 1961.827 1962.465 1964.453 1967.185 1969.398 1971.647 1973.857 1975.69 1978.323 1981.053 1983.698 1985.386 1987.204 1988.81
1824.132 1827.791 1830.281 1832.712 1834.979 1838.158 1842.024 1845.647 1848.328 1850.568 1852.515 1854.287 1856.434 1860.23 1863.953 1867.173 1870.192 1874.803 1877.39 1880.623 1883.91 1886.903 1890.355 1894.266 1897.986 1902.015 1904.214 1907.813 1911.669 1915.035 1918.283 1921.869 1925.035 1927.908 1930.339 1931.277 1933.62 1936.292 1937.975 1940.715 1943.362 1946.112 1948.846 1951.781 1953.995 1955.478 1957.165 1958.837 1960.107 1961.502 1962.837 1963.837 1966.232 1968.335 1969.891 1973.586 1974.873 1976.979 1979.187 1982.37 1984.037 1985.708 1987.968 1988.966
1823.385 1826.741 1829.59 1831.614 1833.498 1836.34 1840.958 1844.389 1847.484 1848.903 1851.715 1853.865 1857.135 1859.818 1863.048 1866.443 1871.049 1873.509 1877.631 1880.208 1883.85 1887.836 1891.784 1895.384 1898.546 1902.097 1906.172 1908.556 1912.26 1915.117 1918.452 1921.919 1925.767 1928.624 1931.358 1933.685 1935.127 1936.72 1938.696 1941.323 1944.584 1946.746 1949.31 1951.998 1954.167 1957.438 1958.774 1960.213 1961.156 1961.947 1962.939 1964.38 1966.296 1969.194 1970.958 1973.831 1976.155 1978.099 1979.986 1981.877 1984.061 1986.46 1987.574 1989.457
1822.657 1825.13 1827.504 1829.797 1832.292 1835.329 1839.581 1843.225 1846.286 1848.568 1850.943 1854.673 1857.185 1860.947 1864.398 1867.139 1870.484 1874.024 1878.813 1881.575 1885.542 1889.548 1892.727 1896.173 1900.033 1902.911 1906.92 1909.038 1911.733 1914.846 1918.616 1922.317 1925.637 1929.488 1931.988 1933.505 1936.102 1938.227 1939.149 1942.144 1945.001 1948.502 1950.5 1952.919 1955.19 1957.333 1959.465 1960.614 1962.12 1963.065 1963.972 1965.224 1967.126 1969.359 1970.653 1973.533 1976.079 1978.275 1981.179 1981.987 1984.238 1986.36 1987.568 1989.036
1821.316 1824.418 1826.149 1828.167 1830.763 1834.05 1838.528 1843.533 1845.418 1847.204 1851.189 1854.337 1857.243 1861.106 1863.77 1867.162 1870.583 1875.013 1879.031 1882.408 1885.96 1889.646 1893.3 1896.498 1900.443 1904.162 1907.132 1910.333 1913.239 1915.553 1919.422 1922.762 1925.789 1929.132 1932.628 1934.655 1936.812 1938.577 1941.181 1942.986 1945.94 1948.74 1951.116 1953.278 1955.543 1958.471 1960.503 1962.005 1962.911 1964.275 1964.47 1966.167 1967.167 1969.369 1971.835 1974.029 1975.602 1977.905 1981.804 1982.301 1983.062 1985.339 1986.573 1987.749
1819.748 1822.589 1824.623 1826.728 1831.26 1835.011 1838.804 1841.525 1843.558 1847.224 1850.148 1854.098 1856.864 1861.676 1864.172 1867.406 1871.237 1875.36 1879.261 1882.911 1886.224 1889.115 1893.173 1896.485 1900.271 1904.02 1907.085 1910.744 1912.902 1916.178 1919.157 1922.039 1925.4 1928.27 1932.057 1934.888 1936.583 1938.691 1942.283 1943.925 1945.406 1948.981 1951.38 1954.171 1956.492 1959.646 1961.252 1961.882 1963.268 1964.341 1965.466 1966.794 1968.134 1969.89 1972.037 1974.768 1976.666 1978.52 1979.602 1981.102 1984.414 1984.105 1985.922 1987.953
1818.84 1822.002 1825.501 1828.638 1831.604 1835.335 1838.317 1840.414 1842.446 1846.146 1850.617 1854.17 1857.834 1861.093 1864.728 1868.239 1871.576 1875.884 1879.65 1883.652 1886.508 1889.32 1893.349 1896.847 1900.357 1903.569 1907.026 1910.105 1912.937 1916.185 1918.953 1921.993 1925.179 1928.082 1930.841 1934.537 1937.229 1938.542 1942.214 1943.768 1945.689 1947.931 1951.47 1954.631 1957.069 1959.678 1962.076 1962.855 1963.887 1965.693 1966.118 1967.144 1969.226 1970.421 1973.709 1975.151 1977.065 1978.41 1980.681 1982.004 1983.142 1984.381 1985.726 1987.924
1818.917 1822.563 1826.229 1829.734 1831.775 1834.792 1837.562 1840.039 1842.947 1846.917 1849.665 1853.588 1857.695 1861.719 1866.214 1868.902 1871.875 1876.134 1881.106 1883.37 1885.676 1888.916 1892.508 1895.699 1899.194 1902.668 1906.437 1910.061 1913.096 1916.177 1919.018 1921.73 1924.016 1926.885 1929.595 1933.071 1935.697 1938.424 1941.155 1943.634 1945.001 1947.952 1950.952 1953.543 1956.241 1959.59 1962.516 1963.811 1964.798 1966.216 1967.219 1968.192 1970.525 1971.489 1973.446 1975.205 1977.233 1978.853 1980.843 1982.9 1982.979 1985.518 1987.21 1988.075
1821.384 1824.005 1827.989 1830.476 1833.285 1834.91 1838.58 1841.049 1843.95 1846.596 1850.299 1854.23 1857.785 1861.63 1865.656 1868.889 1871.852 1874.984 1878.468 1882.478 1885.068 1888.204 1891.209 1895.511 1899.627 1903.289 1906.692 1910.425 1913.528 1916.017 1917.981 1920.9 1922.257 1925.122 1928.736 1932.607 1935.519 1936.687 1939.947 1942.225 1944.997 1947.268 1950.315 1952.551 1955.947 1958.396 1961.564 1964.375 1965.391 1966.393 1967.34 1970.108 1971.381 1972.542 1974.556 1976.832 1978.659 1979.841 1980.94 1982.806 1983.955 1986.599 1988.818 1989.722
1821.72 1825.396 1828.834 1832.026 1833.989 1836.189 1839.14 1842.296 1844.888 1848.414 1851.371 1854.403 1858.143 1861.176 1865.882 1868.605 1872.739 1874.705 1877.952 1882.294 1884.946 1887.864 1891.735 1894.724 1898.935 1903.79 1906.136 1909.557 1913.231 1915.753 1917.407 1919.927 1921.776 1924.255 1928.181 1930.909 1934.337 1936.786 1938.68 1941.617 1943.927 1946.148 1948.634 1951.641 1953.993 1957.702 1961.561 1963.731 1963.968 1965.2 1966.162 1968.609 1970.354 1972.603 1975.345 1977.286 1979.163 1980.492 1982.57 1983.893 1985.61 1987.336 1989.918 1990.984
1822.338 1825.662 1828.731 1831.938 1834.377 1836.676 1839.74 1843.273 1846.238 1848.917 1851.872 1855.087 1858.927 1861.801 1865.206 1868.432 1871.6 1875.161 1877.846 1881.609 1883.753 1887.906 1892.188 1895.217 1898.602 1902.14 1905.384 1908.644 1911.962 1914.134 1915.539 1918.407 1921.174 1924.659 1927.605 1929.952 1933.479 1936.245 1938.314 1940.888 1944.092 1944.954 1947.836 1950.522 1953.579 1957.018 1960.492 1962.263 1963.916 1965.051 1966.411 1968.87 1970.627 1973.202 1975.126 1977.406 1980.146 1981.614 1983.694 1985.045 1986.879 1988.627 1990.096 1991.209
1821.718 1825.316 1828.916 1831.965 1836.205 1838.346 1840.889 1844.27 1847.095 1849.241 1851.741 1855.46 1859.467 1862.462 1865.516 1868.343 1871.231 1874.259 1877.543 1880.65 1883.638 1886.911 1891.269 1894.34 1898.377 1901.513 1903.943 1906.658 1908.984 1912.299 1913.757 1916.611 1920.346 1923.42 1926.128 1929.123 1931.874 1934.459 1936.792 1939.724 1942.019 1944.761 1946.69 1949.357 1952.609 1955.075 1958.942 1960.708 1963.121 1964.918 1966.216 1968.147 1970.553 1972.764 1975.29 1977.242 1979.921 1983.06 1984.85 1986.687 1988.028 1989.654 1990.924 1992.222
1821.284 1824.415 1828.329 1831.121 1835.514 1839.066 1841.882 1845.127 1846.503 1849.694 1852.789 1855.774 1858.404 1861.92 1864.647 1867.366 1870.592 1873.796 1878.396 1881.05 1884.456 1887.113 1891.131 1894.984 1898.239 1900.587 1903.054 1905.529 1908.001 1911.438 1913.598 1915.861 1919.588 1921.81 1925.221 1928.582 1931.441 1933.424 1935.834 1939.092 1941.641 1943.748 1946.208 1948.707 1952.438 1955.117 1957.982 1959.932 1961.275 1963.192 1964.916 1967.313 1969.616 1972.594 1975.32 1977.434 1980.182 1983.065 1984.562 1986.163 1988.627 1990.059 1991.565 1992.822
1820.921 1825.048 1828.184 1831.455 1835.202 1838.979 1842.364 1844.371 1846.696 1850 1852.01 1855.74 1857.605 1860.557 1863.648 1865.869 1870.436 1873.515 1876.342 1880.697 1883.912 1887.024 1891.019 1895.035 1897.389 1900.333 1902.499 1905.542 1907.779 1910.056 1912.933 1915.132 1918.165 1921.412 1924.732 1928.254 1931.218 1933.187 1935.497 1937.454 1940.061 1942.204 1945.533 1947.925 1952.482 1954.897 1957.005 1959.144 1960.613 1961.884 1963.625 1965.827 1967.578 1971.696 1973.547 1976.431 1979.448 1982.408 1984.36 1986.304 1988.42 1990.046 1991.775 1992.895
1820.941 1824.887 1828.575 1832.208 1835.782 1838.5 1841.352 1844.307 1846.585 1849.322 1852.306 1854.633 1857.093 1859.733 1861.858 1865.332 1870.33 1873.407 1876.544 1880.337 1883.591 1887.115 1890.182 1893.699 1896.612 1899.432 1901.654 1904.239 1907.321 1909.905 1912.816 1914.822 1917.477 1921.063 1925.057 1928.301 1931.638 1933.156 1935.108 1936.862 1938.963 1941.317 1944.135 1947.793 1950.905 1953.503 1956.382 1958.153 1959.667 1961.01 1963.071 1964.694 1966.47 1969.972 1972.4 1974.936 1978.777 1982.031 1984.147 1986.069 1988.16 1989.689 1991.639 1992.998
