avaframe/data/NameOfAvalanche/Inputs/GBG_DGM.asc
ncols         474
nrows         279
xllcorner     245574.95691212
yllcorner     366980.19865781
cellsize      5
NODATA_value  -9999
[rows 168 to 195 of 279, columns 320 to 383 of 474]
2039.305 2043.479 2049.247 2053.962 2056.492 2058.632 2060.798 2065.223 2069.728 2072.49 2077.48 2081.657 2084.671 2089.129 2096.024 2100.651 2104.533 2107.422 2110.239 2113.062 2112.417 2113.366 2115.284 2116.434 2119.344 2122.458 2124.492 2126.55 2126.32 2127.206 2128.532 2130.881 2131.837 2132.708 2134.447 2136.901 2140.31 2143.569 2146.399 2148.769 2150.838 2152.837 2155.164 2157.814 2160.705 2163.805 2166.707 2169.135 2172.513 2176.442 2180.354 2182.672 2185.573 2188.937 2192.08 2195.549 2199.577 2203.074 2206.984 2210.475 2214.032 2216.18 2218.049 2220.613
2041.336 2045.034 2049.468 2053.715 2056.958 2058.797 2061.545 2064.984 2068.828 2073.399 2077.498 2081.97 2086.623 2091.848 2096.541 2101.173 2104.493 2107.016 2109.056 2111.906 2113.035 2112.915 2113.808 2115.575 2118.236 2120.952 2122.856 2125.442 2126.318 2125.049 2126.261 2128.518 2129.724 2130.79 2132.996 2136.143 2139.254 2142.008 2144.299 2146.59 2148.654 2150.663 2153.274 2155.38 2158.692 2161.384 2163.801 2166.92 2170.222 2174.218 2177.525 2180.124 2183.523 2186.848 2190.063 2194.001 2198.16 2203.052 2205.537 2209.522 2212.196 2214.177 2216.621 2220.036
2042.134 2046.092 2050.41 2052.823 2055.203 2058.126 2062.443 2066.284 2069.312 2073.112 2076.774 2082.591 2089.51 2094.401 2097.788 2101.917 2104.989 2106.122 2108.723 2110.091 2112.131 2113.063 2114.4 2115.828 2117.237 2119.162 2121.762 2123.292 2125.033 2124.414 2124.311 2126.746 2128.919 2128.936 2131.588 2134.967 2137.482 2139.745 2141.946 2144.089 2146.603 2148.676 2151.34 2153.792 2156.222 2158.98 2161.819 2165.065 2168.803 2172.215 2175.291 2178.398 2181.58 2185.038 2188.617 2192.396 2197.173 2200.865 2204.911 2207.676 2210.373 2212.788 2215.639 2220.24
2042.09 2046.567 2050.162 2053.224 2055.516 2058.036 2062.761 2068.069 2071.474 2075.342 2078.184 2085.519 2091.466 2094.793 2098.495 2101.353 2103.485 2105.245 2106.748 2108.704 2110.815 2112.732 2114.513 2116.386 2116.769 2117.995 2119.719 2121.388 2123.957 2124.04 2122.456 2125.396 2127.478 2128.363 2130.904 2132.846 2135.598 2137.901 2140.599 2142.742 2144.908 2146.933 2149.25 2152.01 2154.551 2157.567 2160.672 2164.147 2167.2 2170.436 2173.185 2176.334 2180.002 2184.987 2188.971 2193.897 2196.151 2200.252 2204.277 2206.672 2208.669 2211.498 2215.974 2222.153
2042.822 2045.392 2048.979 2052.795 2056.259 2060.407 2065.387 2068.41 2072.875 2077.411 2081.634 2086.991 2091.318 2094.445 2097.121 2099.208 2101.08 2102.911 2104.569 2107.12 2110.029 2111.734 2113.666 2115.647 2117.07 2117.199 2117.236 2119.716 2121.964 2123.08 2123.598 2123.797 2126.233 2127.241 2129.108 2131.319 2133.954 2136.049 2138.512 2140.671 2143.01 2145.032 2147.381 2149.846 2152.705 2156.13 2158.961 2162.283 2165.521 2168.362 2171.152 2175.665 2180.116 2185.327 2189.579 2192.989 2196.556 2200.487 2203.018 2204.967 2207.933 2211.69 2218.075 2222.34
2042.453 2046.393 2049.709 2053.192 2057.287 2060.909 2065.07 2069.647 2073.993 2079.7 2083.924 2087.817 2090.861 2093.015 2095.756 2096.372 2098.374 2100.241 2102.436 2105.63 2109.041 2111.042 2112.56 2114.179 2115.866 2117 2116.869 2117.37 2119.92 2122.255 2122.937 2124.167 2124.486 2126.413 2127.63 2129.759 2132.28 2134.221 2136.609 2138.666 2141.043 2143.324 2145.592 2148.518 2151.426 2154.335 2157.335 2160.274 2163.379 2166.298 2170.215 2176.059 2179.982 2184.448 2188.802 2192.214 2195.773 2198.702 2201.497 2204.605 2208.577 2212.831 2217.807 2222.121
2043.913 2047.62 2050.528 2054.432 2058.386 2061.318 2065.106 2071.607 2075.569 2080.169 2085.654 2088.63 2089.795 2092.066 2092.937 2094.072 2096.025 2097.901 2101.285 2104.012 2106.16 2108.172 2110.149 2112.211 2113.751 2115.194 2116.382 2116.347 2117.994 2120.351 2121.311 2123.344 2123.095 2124.955 2126.625 2128.393 2130.309 2132.357 2134.323 2136.841 2139.621 2142.005 2144.385 2146.905 2149.686 2152.508 2155.645 2158.53 2161.703 2165.503 2170.739 2176.236 2180.488 2184.249 2187.785 2191.2 2193.938 2197.718 2200.904 2204.854 2209.146 2213.927 2218.309 2222.251
2042.837 2045.934 2050.359 2054.451 2059.693 2062.8 2067.156 2073.188 2076.804 2081.288 2085.838 2087.15 2088.465 2089.634 2091.681 2092.729 2094.343 2096.872 2099.981 2101.655 2103.62 2105.461 2107.174 2109.356 2111.395 2112.881 2114.404 2115.814 2116.27 2118.518 2119.569 2121.516 2123.167 2123.197 2125.771 2126.728 2128.426 2130.318 2132.548 2135.028 2138.124 2140.402 2142.694 2145.219 2147.995 2151.279 2154.43 2158.223 2162.26 2166.526 2171.358 2176.599 2180.129 2183.956 2187.032 2190.374 2193.357 2196.978 2200.856 2205.695 2209.205 2213.581 2218.516 2222.142
2042.329 2045.938 2051.317 2055.455 2060.335 2063.857 2070.034 2075.325 2078.512 2082.012 2084.188 2084.91 2086.239 2087.495 2089.917 2091.363 2093.935 2096.55 2098.304 2099.692 2100.945 2102.723 2104.718 2106.892 2109.127 2111.18 2113.16 2114.885 2115.485 2116.71 2118.058 2119.481 2121.827 2121.889 2123.627 2125.709 2126.813 2128.841 2131.164 2133.801 2136.424 2138.902 2141.594 2144.209 2147.458 2150.937 2154.852 2158.764 2162.689 2166.636 2171.599 2175.988 2179.75 2183.632 2186.916 2189.346 2193.039 2197.211 2200.709 2204.879 2208.967 2213.609 2217.918 2221.986
2042.276 2045.839 2051.563 2056.539 2062.025 2065.76 2072.384 2075.331 2077.383 2079.063 2080.393 2082.184 2083.344 2085.518 2088.068 2091.528 2093.896 2095.072 2096.361 2097.703 2098.951 2100.355 2102.24 2104.331 2106.826 2109.008 2111.847 2113.404 2114.609 2115.402 2116.488 2117.874 2119.095 2120.796 2121.891 2123.675 2125.887 2128.221 2130.411 2132.687 2135.028 2137.869 2141.085 2144.326 2147.9 2151.724 2155.859 2159.689 2163.613 2166.857 2171.552 2175.689 2179.753 2182.887 2185.847 2189.29 2192.881 2196.708 2200.255 2204.54 2209.193 2213.312 2217.643 2221.322
2043.145 2047.479 2052.853 2058.351 2062.876 2068.158 2071.942 2074.103 2075.318 2076.652 2077.781 2079.285 2081.372 2085.048 2088.091 2089.867 2091.679 2092.742 2093.852 2095.12 2096.596 2098.312 2100.154 2102.36 2104.309 2106.695 2109.253 2111.817 2113.39 2114.385 2115.069 2116.091 2117.224 2119.157 2121.159 2123.172 2125.535 2127.54 2129.827 2131.713 2134.247 2137.232 2140.623 2144.286 2147.655 2151.735 2156.312 2159.691 2164.154 2168.251 2171.628 2176.048 2179.066 2182.528 2185.487 2188.605 2193.021 2197.046 2199.511 2204.123 2208.7 2213.813 2217.788 2221.481
2043.439 2047.178 2053.328 2058.612 2062.552 2067.189 2069.481 2071.673 2072.683 2073.772 2075.27 2077.251 2080.666 2083.372 2086.07 2087.635 2089.274 2090.564 2091.515 2092.689 2094.098 2095.792 2097.875 2099.966 2102.248 2104.569 2106.757 2109.418 2111.324 2112.961 2113.898 2114.931 2116.522 2118.292 2120.226 2122.425 2124.995 2127.06 2129.251 2131.711 2134.265 2137.412 2140.632 2144.067 2147.814 2152.601 2156.225 2160.087 2163.873 2168.615 2171.65 2175.393 2178.072 2181.516 2184.955 2189.231 2192.817 2195.275 2199.562 2204.487 2209.196 2213.985 2217.771 2220.607
2044.446 2047.687 2053.286 2059.606 2063.042 2065.932 2066.405 2068.383 2069.839 2071.126 2073.568 2077.34 2079.363 2081.186 2083.19 2085.224 2086.644 2088.157 2089.405 2090.357 2092.006 2093.346 2095.29 2097.725 2100.018 2101.949 2103.946 2106.58 2109.372 2111.892 2113.347 2114.314 2115.812 2117.768 2119.666 2122.35 2125.324 2127.125 2129.119 2132.416 2135.762 2138.845 2141.596 2145.118 2148.55 2152.593 2156.136 2160.017 2164.201 2167.655 2170.916 2174.8 2177.069 2180.926 2185.052 2188.946 2191.162 2195.332 2200.462 2205.796 2209.476 2213.246 2217.37 2220.457
2043.683 2049.361 2053.634 2059.554 2062.312 2064.729 2065 2065.918 2069.119 2070.104 2072.936 2075.397 2076.995 2079.577 2080.802 2082.331 2084.056 2085.518 2086.724 2087.956 2089.271 2090.591 2092.721 2095.24 2097.265 2099.202 2101.673 2105.05 2108.846 2112.133 2113.704 2114.669 2115.34 2117.326 2120.026 2122.857 2126.116 2127.618 2129.019 2131.749 2135.264 2138.923 2142.178 2145.705 2148.798 2153.415 2156.954 2160.762 2164.572 2168.927 2171.901 2174.567 2177.269 2180.748 2184.923 2188.837 2192.535 2197.114 2201.232 2205.807 2210.909 2214.081 2218.03 2221.259
2045.029 2049.788 2054.072 2057.775 2061.7 2063.014 2064.041 2064.74 2066.661 2070.304 2071.454 2072.648 2074.495 2076.023 2078.145 2079.859 2081.147 2082.703 2083.667 2085.186 2086.465 2087.756 2090.193 2092.289 2094.763 2097.943 2101.373 2105.022 2109.002 2112.329 2113.959 2115.003 2114.619 2116.91 2119.815 2123.109 2125.542 2128.244 2129.067 2131.784 2135.041 2138.277 2142.442 2146.393 2149.371 2154.063 2158.092 2162.102 2166.027 2169.661 2172.706 2174.911 2178.186 2181.352 2185.2 2189.317 2194.34 2198.815 2202.283 2206.629 2210.829 2215.286 2218.829 2222.203
2046.588 2049.839 2053.353 2057.325 2059.001 2061.054 2063.152 2063.677 2065.691 2068.958 2069.202 2070.182 2072.182 2073.756 2075.526 2076.899 2078.092 2079.588 2080.673 2082.328 2083.369 2085.137 2088.085 2091.209 2094.565 2098.073 2101.513 2104.844 2108.712 2112.096 2113.762 2114.798 2114.42 2117.173 2120.412 2123.227 2126.504 2128.743 2129.622 2131.996 2135.272 2138.983 2143.293 2146.31 2150.182 2154.125 2158.259 2162.715 2166.99 2170.37 2173.856 2176.095 2178.722 2181.868 2185.377 2190.153 2195.358 2199.619 2203.138 2207.536 2212.075 2216.398 2219.873 2222.751
2046.276 2048.717 2051.345 2053.773 2055.898 2058.367 2060.669 2061.875 2063.123 2065.337 2066.858 2067.693 2068.608 2070.094 2071.717 2072.835 2073.961 2075.259 2077.115 2079.129 2081.557 2084.609 2088.277 2092.18 2095.047 2098.27 2101.6 2105.007 2108.881 2113.26 2114.062 2114.957 2114.282 2117.393 2120.773 2123.772 2127.442 2128.982 2130.192 2132.818 2136.731 2140.096 2143.994 2147.226 2151.069 2155.125 2159.635 2163.504 2166.876 2171.368 2174.999 2177.42 2179.734 2182.848 2186.532 2190.684 2195.707 2200.025 2204.23 2208.51 2213.293 2216.957 2218.95 2222.524
2043.865 2046.221 2048.019 2050.889 2052.42 2054.595 2056.048 2057.34 2059.964 2061.042 2063.621 2063.672 2064.261 2065.992 2067.116 2068.093 2069.838 2071.901 2074.919 2078.579 2082.042 2086.028 2088.812 2092.204 2095.237 2098.558 2102.5 2106.217 2110.141 2113.734 2114.505 2115.405 2115 2117.761 2121.442 2125.092 2127.521 2129.651 2130.517 2133.428 2136.985 2140.298 2144.106 2147.98 2151.978 2156.172 2160.228 2163.749 2167.259 2171.991 2175.517 2178.628 2181.441 2183.909 2187.4 2191.375 2195.378 2200.149 2205.128 2209.213 2213.338 2214.717 2218.112 2222.784
2040.542 2042.853 2044.887 2047.155 2048.923 2049.74 2051.291 2053.096 2054.573 2057.115 2059.511 2060.021 2060.042 2062.136 2062.686 2064.688 2068.301 2071.54 2075.158 2079.002 2082.354 2086.076 2089.126 2092.25 2095.377 2099.043 2103.052 2106.727 2110.367 2113.519 2114.658 2115.599 2115.656 2118.687 2121.941 2124.398 2128.066 2130.231 2131.036 2134.173 2137.686 2141.268 2144.552 2148.768 2152.877 2156.459 2160.22 2163.718 2167.881 2172.263 2175.337 2179.219 2180.739 2183.763 2187.549 2191.532 2195.447 2199.841 2205.15 2208.824 2211.83 2214.252 2218.732 2223.157
2036.854 2038.667 2040.508 2042.313 2044.407 2045.78 2048.54 2050.098 2050.756 2052.85 2055.356 2056.079 2056.378 2058.137 2060.346 2063.821 2069.11 2072.766 2075.765 2079.004 2081.69 2085.156 2088.659 2092.662 2095.615 2099.502 2103.241 2107.479 2111.299 2113.573 2114.84 2115.476 2116.604 2118.647 2121.644 2124.867 2128.019 2130.086 2131.258 2134.6 2138.097 2141.181 2144.703 2149.113 2152.362 2156.412 2159.886 2163.426 2167.21 2171.966 2175.135 2179.018 2181.204 2183.848 2187.03 2190.732 2195.031 2200.237 2204.986 2209.155 2211.971 2215.394 2218.87 2222.468
2033.213 2034.76 2036.186 2038.604 2039.7 2042.132 2043.909 2045.323 2047.213 2048.569 2050.575 2051.958 2054.325 2057.159 2060.342 2064.747 2069.115 2073.568 2076.331 2079.155 2081.967 2085.506 2088.763 2093.067 2095.975 2099.869 2103.761 2107.649 2111.547 2114.141 2115.104 2115.798 2116.932 2119.07 2122.71 2125.615 2127.776 2130.132 2131.332 2134.587 2138.492 2141.546 2144.852 2149.043 2153.227 2156.792 2159.72 2163.441 2167.282 2171.621 2175.113 2178.701 2181.43 2184.401 2187.589 2190.816 2195.206 2199.809 2205.189 2209.077 2213.15 2215.683 2218.859 2222.744
2029.653 2031.413 2032.44 2034.02 2035.921 2038.052 2039.964 2041.917 2043.799 2045.177 2047.949 2050.228 2054.237 2058.035 2061.623 2065.732 2069.86 2073.261 2076.439 2079.405 2082.186 2085.244 2089.156 2093.413 2095.924 2099.198 2103.484 2107.009 2111.842 2114.533 2115.396 2116.157 2116.836 2119.142 2121.94 2125.191 2128.129 2130.382 2131.451 2135.061 2137.834 2141.749 2145.161 2149.091 2152.673 2156.196 2159.812 2163.679 2168.237 2171.835 2175.335 2178.579 2181.818 2185.107 2187.721 2190.856 2194.93 2200.066 2204.916 2209.173 2212.43 2214.883 2219.166 2223.12
2026.313 2027.312 2028.822 2030.725 2032.754 2034.888 2037.109 2039.166 2041.549 2043.965 2046.846 2050.482 2054.597 2059.114 2062.446 2066.748 2070.851 2072.957 2076.22 2078.962 2082.16 2085.094 2088.554 2092.596 2095.882 2099.675 2104.052 2107.418 2111.195 2113.29 2114.893 2115.889 2116.614 2119.276 2122.427 2124.974 2129.074 2130.543 2131.505 2135.478 2138.12 2141.497 2145.769 2149.283 2152.959 2157.045 2159.952 2163.533 2168.235 2172.476 2175.412 2178.47 2182.225 2186.285 2188.144 2190.665 2194.743 2200.274 2205.048 2208.946 2211.958 2215.83 2220.289 2223.595
2022.54 2023.918 2026.005 2028.18 2030.586 2032.4 2035.008 2037.586 2040.661 2044.168 2047.057 2051.459 2055.269 2058.24 2062.178 2067.171 2070.216 2072.996 2075.977 2078.977 2081.934 2085.144 2088.637 2091.874 2095.973 2099.296 2103.517 2107.218 2111.512 2112.634 2114.202 2115.699 2116.281 2118.701 2122.587 2125.254 2128.409 2129.571 2131.819 2135.783 2138.843 2142.088 2145.984 2149.607 2153.541 2157.235 2160.358 2163.734 2167.574 2171.973 2174.314 2178.401 2182.212 2185.278 2187.703 2190.995 2194.98 2200.767 2205.385 2208.645 2212.226 2216.311 2220.767 2224.106
2019.395 2021.613 2023.908 2026.772 2028.732 2031.261 2033.989 2037.125 2041.345 2044.812 2048.151 2052.345 2056.807 2059.483 2063.75 2067.766 2071.653 2073.144 2076.206 2078.888 2082.053 2084.967 2088.468 2092.029 2095.8 2100.043 2103.49 2107.273 2110.838 2111.776 2113.805 2115.155 2115.789 2118.719 2122.112 2125.771 2128.041 2128.948 2132.263 2136.127 2139.602 2143.219 2146.434 2149.336 2153.766 2157.309 2160.992 2164.437 2167.908 2171.482 2173.637 2178.229 2182.11 2186.199 2189.144 2192.496 2195.546 2201.084 2204.897 2208.57 2212.063 2216.447 2221.123 2224.442
2017.129 2019.687 2022.861 2026.099 2028.786 2032.272 2035.098 2038.662 2042.221 2045.807 2049.534 2053.455 2056.563 2059.997 2064.464 2067.837 2071.555 2073.544 2076.735 2079.465 2082.601 2085.406 2089.091 2092.775 2097.157 2101.154 2104.323 2107.8 2109.241 2111.46 2112.945 2114.613 2115.186 2118.349 2122.717 2125.427 2126.905 2129.179 2132.347 2136.337 2139.578 2143.409 2146.629 2150.014 2153.539 2156.992 2160.546 2164.185 2168.538 2170.654 2174.265 2178.17 2182.792 2187.036 2190.782 2193.896 2196.936 2200.805 2204.694 2208.191 2211.929 2216.615 2220.952 2224.412
2016.242 2018.991 2021.961 2025.164 2029.196 2032.722 2036.027 2039.507 2043.358 2046.621 2050.225 2053.354 2057.427 2061.052 2064.093 2068.263 2071.302 2074.635 2077.733 2080.71 2082.848 2085.753 2090.138 2092.925 2097.524 2101.165 2103.704 2106.67 2109.26 2110.785 2113.287 2114.068 2115.536 2118.638 2121.472 2124.521 2126.423 2129.262 2132.567 2136.406 2140.23 2142.981 2147.385 2150.9 2153.83 2156.993 2160.594 2164.432 2168.385 2170.686 2174.463 2178.346 2182.531 2186.863 2191.128 2194.283 2197.138 2200.544 2204.981 2208.448 2211.911 2216.438 2220.785 2223.888
2015.644 2018.987 2022.554 2026.021 2029.617 2033.888 2038.395 2040.941 2044.137 2047.426 2050.728 2053.792 2056.769 2060.76 2064.549 2069.033 2072.762 2075.741 2079.04 2081.108 2083.572 2086.204 2089.708 2093.731 2097.795 2100.768 2103.57 2107.214 2108.443 2110.34 2112.252 2113.555 2115.586 2118.139 2121.953 2125.537 2126.454 2129.611 2133.133 2137.397 2140.916 2144.387 2147.576 2150.621 2154.009 2157.461 2160.956 2164.506 2168.24 2170.961 2174.776 2178.574 2182.938 2187.658 2191.41 2194.569 2197.396 2200.804 2204.385 2208.125 2211.712 2215.859 2219.823 2222.676
