avaframe/data/NameOfAvalanche/Inputs/GBG_DGM.asc
ncols         474
nrows         279
xllcorner     245574.95691212
yllcorner     366980.19865781
cellsize      5
NODATA_value  -9999
[rows 140 to 167 of 279, columns 0 to 63 of 474]
-9999 -9999 -9999 -9999 -9999 -9999 -9999 -9999 -9999 -9999 1911.292 1909.33 1907.39 1904.99 1902.851 1900.656 1898.768 1895.562 1893.203 1890.28 1887.664 1885.349 1882.504 1879.625 1876.397 1873.466 1870.73 1868.108 1865.152 1862.768 1860.655 1858.622 1856.077 1854.093 1851.621 1849.653 1847.322 1844.68 1842.841 1840.329 1837.659 1835.308 1833.451 1830.977 1829.355 1827.097 1824.234 1822.214 1820.17 1818.171 1816.327 1813.685 1812.904 1810.774 1808.137 1805.13 1801.57 1798.907 1795.164 1792.298 1789.585 1787.365 1785.663 1784.149
-9999 -9999 -9999 -9999 -9999 -9999 -9999 -9999 -9999 -9999 1910.761 1908.99 1906.946 1905.236 1902.627 1900.665 1898.384 1895.705 1893.205 1890.653 1888.042 1885.583 1882.661 1880.066 1876.838 1874.083 1870.96 1868.314 1865.352 1862.99 1860.738 1858.596 1855.932 1854.355 1851.971 1849.599 1846.994 1844.609 1841.962 1839.097 1836.937 1834.857 1833.044 1831.597 1829.099 1826.137 1824.662 1822.136 1820.709 1818.686 1816.545 1814.655 1813.628 1810.333 1807.975 1804.708 1801.341 1798.269 1795.267 1792.183 1789.795 1787.266 1785.349 1784.163
-9999 -9999 -9999 -9999 -9999 -9999 -9999 -9999 -9999 -9999 1910.372 1908.604 1906.911 1905.1 1902.907 1900.222 1898.249 1895.392 1893.177 1890.746 1888.391 1885.777 1882.849 1880.215 1877.414 1874.589 1871.364 1868.547 1865.885 1863.028 1860.743 1858.388 1856.657 1854.058 1851.898 1848.868 1846.369 1843.314 1840.824 1838.144 1836.755 1835.321 1833.407 1831.468 1828.527 1827.012 1825.167 1822.973 1820.646 1819.118 1817.118 1815.017 1812.824 1810.272 1807.089 1804.679 1801.324 1798.837 1795.142 1792.166 1789.556 1787.358 1785.608 1783.142
-9999 -9999 -9999 -9999 -9999 -9999 -9999 -9999 -9999 -9999 1909.953 1908.577 1906.657 1904.784 1902.608 1900.282 1897.841 1895.233 1892.825 1890.835 1888.213 1885.803 1883.25 1880.279 1877.563 1874.741 1871.733 1868.707 1865.908 1863.481 1861.021 1858.409 1856.13 1853.436 1850.519 1848.12 1845.508 1842.82 1840.742 1838.806 1837.434 1835.493 1833.867 1830.888 1829.569 1826.997 1825.356 1823.842 1821.263 1819.323 1816.797 1814.762 1812.056 1809.416 1806.82 1803.891 1801.26 1797.908 1795.01 1792.41 1789.665 1787.614 1785.597 1783.465
-9999 -9999 -9999 -9999 -9999 -9999 -9999 -9999 -9999 -9999 1910.112 1908.699 1906.766 1904.522 1902.501 1900.118 1897.907 1895.436 1892.874 1890.403 1887.737 1885.664 1883.173 1880.378 1877.49 1874.638 1871.969 1869.288 1866.121 1863.058 1860.61 1857.893 1855.307 1852.891 1850.498 1847.967 1845.341 1842.844 1840.828 1839.296 1837.639 1836.021 1833.187 1831.69 1829.511 1828.105 1825.372 1824.213 1821.474 1819.207 1816.245 1814.683 1811.649 1809.473 1806.76 1803.916 1801.347 1798.336 1795.6 1792.861 1790.475 1788.793 1786.622 1784.45
-9999 -9999 -9999 -9999 -9999 -9999 -9999 -9999 -9999 -9999 1910.87 1908.534 1906.823 1904.665 1902.215 1900.181 1898.052 1895.586 1892.794 1890.348 1887.661 1885.175 1882.597 1879.941 1877.536 1874.614 1871.935 1868.779 1865.652 1862.862 1860.724 1858.098 1855.465 1853.264 1850.782 1848.355 1845.5 1843.189 1841.179 1839.473 1837.746 1836.129 1833.946 1831.664 1829.875 1828.273 1826.332 1824.207 1821.64 1818.807 1816.445 1815.126 1812.969 1810.105 1807.533 1804.879 1801.508 1798.375 1795.554 1793.732 1791.057 1789.282 1786.765 1784.362
-9999 -9999 -9999 -9999 -9999 -9999 -9999 -9999 -9999 1913.97 1911.859 1909.454 1906.911 1904.891 1902.666 1900.232 1898.006 1895.414 1892.385 1889.884 1887.396 1884.663 1881.987 1879.432 1877.375 1874.191 1871.213 1868.633 1865.608 1862.612 1860.644 1858.35 1855.853 1853.688 1850.979 1848.362 1846.093 1843.493 1841.238 1839.719 1837.682 1836.242 1834.157 1832.246 1829.976 1828.311 1826.517 1824.877 1822.463 1820.009 1818.2 1816.084 1813.716 1810.806 1807.817 1804.821 1801.92 1799.202 1796.008 1793.838 1791.683 1789.416 1787.397 1784.623
-9999 -9999 -9999 -9999 -9999 -9999 -9999 -9999 -9999 1915.005 1912.489 1910.184 1907.929 1905.188 1902.704 1900.195 1898.083 1895.235 1892.217 1889.458 1886.802 1884.183 1881.526 1879.149 1876.436 1873.431 1871.241 1868.564 1865.644 1862.886 1860.423 1858.159 1856.046 1853.828 1851.606 1849.149 1846.294 1844.086 1841.638 1839.594 1838.165 1836.495 1833.966 1832.402 1829.901 1827.762 1826.254 1825.293 1822.424 1820.645 1818.979 1816.368 1814.223 1811.038 1807.745 1804.825 1801.734 1798.67 1796.1 1793.538 1790.901 1788.615 1786.341 1783.724
-9999 -9999 -9999 -9999 -9999 -9999 -9999 -9999 -9999 1915.439 1912.496 1910.822 1908.524 1905.476 1903.017 1900.448 1897.852 1894.936 1892.029 1889.161 1886.672 1883.779 1880.8 1877.905 1875.275 1872.784 1870.099 1867.73 1865.009 1862.967 1860.477 1858.3 1856.381 1853.963 1851.672 1849.337 1846.48 1844.516 1841.688 1840.424 1838.047 1836.218 1834.158 1832.819 1830.398 1828.917 1827.149 1824.502 1822.914 1821.295 1819.044 1816.587 1813.882 1810.37 1807.573 1804.252 1801.103 1798.366 1795.632 1792.782 1789.562 1786.781 1784.375 1781.71
-9999 -9999 -9999 -9999 -9999 -9999 -9999 -9999 -9999 1915.322 1913.142 1911.151 1908.602 1905.603 1902.535 1899.989 1897.017 1894.673 1892.163 1889.545 1886.091 1882.958 1879.934 1877.232 1874.316 1871.675 1869.495 1866.885 1864.593 1862.382 1860.321 1858.556 1856.279 1854.329 1851.711 1849.376 1846.976 1843.969 1842.344 1839.467 1837.375 1836.471 1834.414 1832.758 1830.918 1829.405 1827.147 1824.737 1823.07 1820.821 1818.979 1816.422 1813.549 1809.839 1806.899 1804.219 1801.62 1799.034 1795.525 1793.215 1790.009 1786.927 1783.736 1781.08
-9999 -9999 -9999 -9999 -9999 -9999 -9999 -9999 -9999 1915.258 1913.152 1911.166 1908.621 1905.648 1902.366 1899.804 1897.294 1894.105 1891.085 1888.603 1885.422 1882.447 1878.985 1876.336 1873.464 1871.011 1868.316 1866.224 1864.129 1862.44 1860.354 1858.591 1856.391 1853.373 1851.282 1848.968 1845.98 1844.704 1841.59 1839.949 1837.524 1836.464 1835.014 1833.266 1831.137 1828.895 1827.093 1824.893 1822.979 1820.875 1819.281 1816.711 1813.71 1810.352 1807.321 1804.676 1802.081 1798.926 1796.32 1793.03 1790.538 1787.35 1784.124 1780.94
-9999 -9999 -9999 -9999 -9999 -9999 -9999 -9999 -9999 1915.413 1913.066 1911.256 1908.451 1905.266 1901.641 1898.741 1895.628 1892.6 1890.427 1887.443 1884.671 1882.052 1878.623 1875.85 1873.125 1870.538 1868.131 1865.617 1863.928 1861.682 1860.016 1858.391 1855.311 1852.846 1850.411 1847.591 1846.312 1843.727 1841.432 1840.306 1838.55 1837.128 1834.876 1832.83 1831.015 1829.036 1827.507 1825.406 1823.324 1821.485 1819.762 1817.128 1813.918 1810.538 1807.513 1804.546 1801.393 1798.459 1795.567 1792.516 1789.492 1786.73 1783.718 1780.815
-9999 -9999 -9999 -9999 -9999 -9999 -9999 -9999 -9999 1915.193 1912.488 1910.184 1907.808 1904.273 1900.928 1897.922 1895.233 1892.126 1889.506 1886.795 1884.187 1881.626 1878.569 1875.556 1873.217 1870.307 1867.72 1865.876 1863.329 1862.038 1859.872 1857.452 1854.644 1851.888 1849.454 1847.584 1845.536 1844 1842.349 1840.901 1839.281 1836.788 1834.629 1833.051 1831.016 1829.659 1828.064 1826.153 1823.63 1821.46 1819.364 1816.667 1813.288 1810.265 1806.76 1803.658 1801.459 1797.569 1795.03 1791.737 1788.631 1785.875 1783.063 1780.256
-9999 -9999 -9999 -9999 -9999 -9999 -9999 -9999 1916.454 1914.488 1912.889 1910.538 1907.599 1903.944 1900.51 1897.711 1894.766 1891.822 1889.083 1886.362 1883.581 1881.029 1878.207 1875.598 1872.537 1870.252 1867.735 1865.883 1863.842 1861.57 1859.031 1856.613 1853.998 1851.474 1849.402 1847.622 1845.396 1844.505 1842.967 1841.473 1838.796 1836.632 1835.052 1833.05 1831.473 1830.015 1828.537 1826.359 1823.694 1820.647 1817.956 1815.566 1812.477 1808.962 1806.116 1803.454 1800.267 1797.755 1794.258 1790.867 1788.573 1785.086 1782.134 1779.763
-9999 -9999 -9999 -9999 -9999 -9999 -9999 -9999 1916.172 1914.337 1913.449 1910.844 1907.647 1904.18 1900.749 1897.596 1894.714 1891.813 1889.202 1886.295 1883.588 1880.611 1877.839 1875.106 1872.663 1870.443 1868.165 1865.804 1863.536 1861.262 1858.45 1855.634 1853.497 1851.751 1849.679 1847.662 1845.795 1844.702 1843.179 1840.581 1838.408 1836.606 1835.111 1833.499 1831.691 1830.375 1827.746 1825.294 1822.902 1820.627 1817.176 1814.34 1811.298 1808.475 1805.83 1802.809 1799.501 1796.545 1793.379 1790.659 1787.343 1784.218 1781.417 1778.585
-9999 -9999 -9999 -9999 -9999 -9999 -9999 -9999 1915.846 1915.133 1913.697 1910.854 1907.573 1904.08 1900.418 1897.704 1894.767 1891.519 1888.955 1886.235 1883.413 1880.406 1877.71 1875.101 1872.81 1870.631 1868.362 1866.319 1863.557 1861.51 1857.96 1855.919 1854.443 1851.198 1849.072 1848.249 1846.37 1844.615 1842.166 1839.912 1838.405 1836.931 1835.438 1834.021 1831.976 1829.16 1826.364 1824.225 1821.474 1819.219 1816.37 1813.346 1810.477 1807.652 1804.424 1801.426 1798.885 1795.6 1792.521 1789.921 1786.83 1783.678 1780.63 1777.622
-9999 -9999 -9999 -9999 -9999 -9999 -9999 -9999 1916.293 1915.828 1913.451 1910.679 1907.245 1903.452 1900.191 1897.084 1893.988 1891.27 1888.229 1885.513 1883.352 1880.226 1877.865 1875.694 1873.235 1871.008 1868.552 1866.376 1863.609 1860.918 1858.554 1856.091 1853.476 1851.343 1850.064 1847.317 1845.098 1843.555 1841.922 1840.569 1839.224 1837.701 1836.008 1833.974 1831.137 1828.809 1825.892 1823.508 1820.831 1817.787 1815.341 1812.088 1809.247 1806.209 1803.327 1800.735 1798.142 1795.205 1792.138 1789.312 1786.005 1782.932 1779.887 1776.912
-9999 -9999 -9999 -9999 -9999 -9999 -9999 -9999 1917.511 1915.759 1913.538 1910.503 1907.102 1903.67 1900.143 1896.626 1893.443 1890.738 1887.616 1885.318 1882.573 1879.953 1877.81 1875.492 1873.445 1870.998 1868.688 1865.46 1862.58 1860.894 1858.995 1855.695 1852.848 1851.34 1848.6 1846.35 1845.462 1843.954 1842.496 1841.332 1839.722 1838.093 1835.971 1833.191 1830.615 1827.528 1824.694 1822.304 1819.531 1816.826 1814.284 1811.164 1808.559 1805.539 1802.817 1800.074 1797.272 1794.104 1791.189 1788.451 1784.997 1782.215 1778.959 1776.355
-9999 -9999 -9999 -9999 -9999 -9999 -9999 -9999 1918.584 1916.053 1913.511 1910.45 1907.353 1903.959 1900.131 1896.789 1893.824 1890.719 1887.625 1884.901 1882.311 1879.719 1877.47 1875.456 1872.933 1871.122 1868.244 1864.78 1863.157 1860.656 1857.242 1855.45 1853.056 1850.532 1848.43 1846.637 1845.87 1844.566 1843.186 1841.324 1839.264 1837.581 1835.359 1832.749 1829.575 1826.889 1824.29 1820.993 1818.779 1815.692 1813.555 1810.277 1807.704 1805.391 1802.286 1799.696 1796.601 1793.324 1790.144 1787.281 1784.182 1781.639 1778.401 1776.091
-9999 -9999 -9999 -9999 -9999 -9999 -9999 1919.504 1918.828 1916.189 1912.755 1909.622 1907.205 1903.642 1899.851 1896.587 1892.969 1890.181 1887.419 1884.672 1881.961 1879.437 1877.51 1875.331 1872.864 1870.149 1867.129 1865.454 1863.175 1860.672 1857.428 1855.498 1852.905 1850.532 1848.768 1847.328 1845.607 1844.456 1842.91 1840.632 1838.836 1836.854 1834.774 1831.841 1829.247 1826.513 1823.231 1820.65 1817.782 1814.673 1812.787 1809.636 1806.767 1804.435 1801.243 1798.668 1795.724 1792.274 1789.576 1786.382 1783.687 1780.997 1778.174 1775.182
-9999 -9999 -9999 -9999 -9999 -9999 -9999 1919.989 1918.292 1915.819 1912.317 1909.311 1905.825 1902.685 1899.12 1895.821 1892.521 1889.933 1887.127 1884.192 1881.727 1879.527 1876.949 1875.046 1871.571 1869.397 1867.548 1864.878 1862.499 1859.997 1857.762 1855.351 1853.031 1851.145 1848.938 1847.428 1845.747 1844.082 1842.251 1840.639 1838.057 1836.897 1834.083 1831.62 1828.531 1825.921 1822.674 1820.214 1817.331 1814.172 1811.669 1809.013 1806.301 1803.668 1801.006 1797.985 1794.821 1792.225 1789.297 1786.197 1783.668 1780.732 1777.247 1774.526
-9999 -9999 -9999 -9999 -9999 -9999 -9999 1919.343 1917.695 1914.76 1911.285 1908.327 1904.756 1901.342 1897.924 1895.135 1892.079 1889.438 1886.471 1883.966 1881.325 1878.824 1876.537 1873.023 1871.537 1869.313 1866.39 1864.498 1861.971 1860.568 1857.891 1855.695 1853.499 1851.192 1849.41 1847.264 1845.536 1843.849 1841.951 1840.099 1838.224 1836.087 1833.672 1831.075 1828.055 1825.513 1822.644 1819.259 1816.833 1813.724 1811.364 1808.327 1806.169 1803.591 1800.191 1797.588 1794.437 1791.947 1788.768 1785.959 1783.217 1780.084 1777.442 1774.762
-9999 -9999 -9999 -9999 -9999 -9999 -9999 1918.347 1916.62 1913.099 1909.583 1906.54 1903.358 1899.785 1896.737 1893.779 1891.048 1888.546 1885.569 1883.565 1880.989 1877.958 1875.216 1873.755 1870.929 1868.145 1866.635 1864.665 1862.973 1860.807 1858.658 1856.081 1853.739 1851.5 1849.094 1847.365 1845.327 1843.398 1841.384 1839.943 1837.776 1836.33 1833.16 1830.57 1827.784 1824.913 1822.275 1819.248 1815.877 1812.777 1810.665 1808.411 1805.348 1802.604 1799.458 1796.897 1794.177 1791.643 1788.733 1786.101 1783.048 1779.637 1776.603 1773.651
-9999 -9999 -9999 -9999 -9999 -9999 -9999 1917.63 1914.864 1911.474 1908.054 1905.97 1902.253 1899.436 1896.11 1893.185 1890.056 1887.821 1885.469 1882.583 1879.552 1877.456 1875.536 1872.678 1870.446 1868.666 1866.882 1865.292 1863.355 1861.347 1858.855 1855.88 1853.852 1851.69 1849.795 1847.082 1845.255 1842.838 1841.227 1839.806 1837.597 1835.272 1832.364 1829.342 1826.854 1823.678 1821.486 1818.516 1815.302 1812.874 1810.362 1807.454 1805.362 1802.39 1799.627 1797.065 1794.222 1792.114 1789.126 1786.056 1782.966 1780.088 1777.101 1773.677
-9999 -9999 -9999 -9999 -9999 -9999 -9999 1915.763 1913.714 1910.326 1907.564 1904.516 1901.689 1899.088 1895.908 1892.564 1889.518 1887.159 1884.996 1881.227 1879.348 1877.188 1875.024 1872.11 1871.042 1869.03 1867.544 1865.516 1863.628 1861.613 1858.998 1856.503 1854.158 1851.245 1849.775 1847.517 1845.149 1843.248 1841.324 1838.878 1836.502 1833.74 1831.296 1828.017 1825.89 1822.97 1820.355 1817.271 1814.825 1812.386 1809.595 1807.336 1804.572 1801.877 1799.203 1797.187 1794.152 1791.407 1788.222 1785.765 1782.58 1779.636 1776.618 1774.034
-9999 -9999 -9999 -9999 -9999 -9999 1915.827 1915.103 1912.77 1909.564 1907.032 1903.907 1900.872 1897.944 1895.313 1891.98 1889.806 1886.575 1882.815 1881.303 1878.909 1875.963 1874.481 1872.961 1871.523 1869.468 1867.503 1865.169 1863.391 1861.828 1858.986 1856.536 1854.108 1851.634 1849.804 1847.227 1844.823 1842.794 1840.186 1837.909 1835.023 1832.714 1829.982 1827.266 1824.854 1822.023 1819.436 1816.842 1814.354 1812.225 1809.227 1806.902 1804.387 1801.817 1799.194 1796.78 1794.506 1791.675 1789.031 1785.884 1782.995 1779.824 1776.449 1773.318
-9999 -9999 -9999 -9999 -9999 -9999 1913.995 1912.655 1911.239 1908.629 1905.792 1903.098 1900 1897.334 1894.483 1891.656 1888.674 1885.174 1883.688 1880.808 1878.575 1876.052 1874.146 1873.272 1871.543 1869.261 1867.074 1864.978 1863.353 1861.095 1858.608 1856.482 1853.734 1851.703 1849.351 1846.804 1844.61 1842.024 1839.541 1836.512 1833.681 1831.51 1828.992 1826.294 1824.226 1822.075 1819.319 1816.472 1814.038 1811.534 1809.018 1806.492 1803.909 1801.536 1799.544 1796.287 1793.814 1791.026 1788.574 1786.058 1783.184 1779.682 1777.101 1773.389
-9999 -9999 -9999 -9999 -9999 -9999 1914.376 1911.868 1908.921 1906.639 1904.377 1901.757 1898.914 1896.32 1893.62 1890.79 1888.171 1886.471 1882.956 1880.629 1877.856 1876.58 1874.999 1872.906 1871.287 1868.989 1866.914 1864.775 1862.743 1860.68 1858.29 1855.906 1853.686 1851.365 1848.81 1846.215 1843.993 1841.529 1839.189 1835.977 1833.267 1830.735 1828.269 1826.034 1823.797 1821.243 1819.361 1816.353 1813.526 1811.007 1808.512 1805.998 1804.414 1801.254 1798.594 1795.812 1793.466 1790.496 1787.514 1785.366 1782.241 1779.283 1776.569 1773.43
