avaframe/data/avaFlowPy/Inputs/helix_010m_cr100_sw250_f2500.20.6_n0.asc
ncols 376 
nrows 176 
xllcorner -1875.000000 
yllcorner -1750.000000 
cellsize 10.000000 
NODATA_value -9999.000000 
[rows 0 to 31 of 176, columns 0 to 70 of 376]
441.799 440.122 438.440 436.754 435.062 433.367 431.666 429.961 428.251 426.536 424.817 423.092 421.363 419.630 417.891 416.148 414.399 412.646 410.888 409.124 407.356 405.583 403.804 402.020 400.231 398.436 396.636 394.830 393.019 391.202 389.379 387.549 385.714 383.872 382.024 380.169 378.308 376.439 374.563 372.680 370.789 368.891 366.984 365.069 363.145 361.213 359.271 357.320 355.359 353.388 351.407 349.414 347.411 345.396 343.369 341.330 339.279 337.214 335.135 333.043 330.936 328.814 326.677 324.524 322.354 320.168 317.964 315.743 313.503 311.244 308.966
443.601 441.919 440.233 438.542 436.846 435.145 433.440 431.730 430.015 428.295 426.571 424.841 423.107 421.368 419.625 417.876 416.122 414.364 412.600 410.832 409.058 407.280 405.496 403.707 401.912 400.112 398.307 396.496 394.680 392.857 391.029 389.195 387.355 385.508 383.655 381.795 379.929 378.056 376.175 374.288 372.393 370.490 368.579 366.660 364.732 362.796 360.851 358.896 356.932 354.958 352.973 350.978 348.972 346.955 344.926 342.884 340.831 338.764 336.684 334.590 332.481 330.358 328.220 326.066 323.896 321.709 319.505 317.283 315.043 312.785 310.507
445.418 443.732 442.041 440.345 438.645 436.939 435.229 433.514 431.794 430.069 428.340 426.606 424.866 423.122 421.373 419.620 417.861 416.097 414.328 412.555 410.776 408.992 407.203 405.408 403.608 401.803 399.993 398.176 396.355 394.527 392.694 390.854 389.009 387.157 385.299 383.435 381.564 379.686 377.801 375.909 374.009 372.102 370.186 368.263 366.332 364.392 362.442 360.484 358.516 356.539 354.551 352.553 350.544 348.524 346.492 344.449 342.393 340.324 338.242 336.146 334.036 331.912 329.773 327.618 325.447 323.259 321.055 318.833 316.592 314.334 312.056
447.251 445.560 443.865 442.164 440.459 438.749 437.033 435.314 433.589 431.859 430.125 428.385 426.641 424.892 423.138 421.378 419.614 417.845 416.071 414.292 412.508 410.719 408.924 407.124 405.319 403.509 401.693 399.871 398.044 396.211 394.373 392.528 390.678 388.821 386.958 385.088 383.212 381.329 379.440 377.543 375.638 373.727 371.807 369.880 367.944 366.000 364.047 362.084 360.113 358.132 356.141 354.140 352.128 350.105 348.070 346.024 343.966 341.895 339.811 337.713 335.602 333.476 331.335 329.179 327.007 324.819 322.614 320.391 318.151 315.892 313.614
449.099 447.404 445.704 443.999 442.289 440.574 438.854 437.129 435.399 433.664 431.925 430.180 428.431 426.677 424.917 423.153 421.384 419.609 417.830 416.045 414.256 412.461 410.661 408.856 407.045 405.229 403.408 401.581 399.749 397.910 396.066 394.217 392.361 390.499 388.631 386.756 384.875 382.987 381.092 379.190 377.281 375.365 373.441 371.509 369.569 367.620 365.663 363.697 361.722 359.737 357.743 355.738 353.723 351.697 349.660 347.611 345.550 343.476 341.390 339.291 337.177 335.050 332.908 330.750 328.577 326.388 324.182 321.959 319.718 317.459 315.181
450.963 449.264 447.559 445.849 444.134 442.414 440.690 438.960 437.225 435.486 433.741 431.992 430.237 428.477 426.713 424.943 423.169 421.389 419.604 417.814 416.019 414.219 412.413 410.603 408.787 406.965 405.138 403.306 401.468 399.624 397.775 395.920 394.059 392.191 390.318 388.438 386.552 384.659 382.759 380.852 378.938 377.017 375.088 373.152 371.207 369.254 367.293 365.323 363.344 361.355 359.357 357.349 355.330 353.301 351.260 349.209 347.145 345.069 342.981 340.879 338.764 336.634 334.491 332.332 330.158 327.967 325.761 323.537 321.295 319.036 316.758
452.843 451.139 449.430 447.715 445.996 444.271 442.542 440.807 439.068 437.323 435.573 433.819 432.059 430.294 428.524 426.749 424.969 423.184 421.394 419.599 417.798 415.993 414.182 412.365 410.544 408.717 406.884 405.046 403.203 401.354 399.499 397.638 395.771 393.899 392.020 390.134 388.243 386.345 384.440 382.528 380.609 378.683 376.749 374.808 372.859 370.901 368.936 366.961 364.978 362.985 360.983 358.971 356.949 354.917 352.873 350.818 348.752 346.673 344.582 342.478 340.361 338.230 336.084 333.924 331.748 329.557 327.349 325.124 322.882 320.622 318.344
454.740 453.031 451.317 449.598 447.874 446.145 444.410 442.671 440.926 439.177 437.422 435.662 433.897 432.127 430.352 428.572 426.786 424.996 423.200 421.399 419.593 417.782 415.966 414.144 412.317 410.484 408.646 406.802 404.953 403.098 401.238 399.372 397.499 395.621 393.737 391.846 389.949 388.045 386.135 384.218 382.294 380.363 378.424 376.478 374.524 372.562 370.592 368.613 366.625 364.629 362.623 360.607 358.581 356.545 354.498 352.440 350.370 348.289 346.195 344.089 341.969 339.836 337.688 335.526 333.349 331.156 328.947 326.722 324.479 322.218 319.939
456.652 454.939 453.220 451.497 449.768 448.034 446.295 444.551 442.801 441.046 439.287 437.522 435.752 433.976 432.196 430.411 428.620 426.824 425.023 423.216 421.405 419.588 417.766 415.938 414.106 412.267 410.424 408.574 406.719 404.859 402.993 401.121 399.243 397.359 395.469 393.573 391.670 389.761 387.846 385.923 383.994 382.057 380.114 378.163 376.204 374.237 372.262 370.278 368.286 366.285 364.275 362.255 360.226 358.186 356.135 354.074 352.001 349.916 347.820 345.711 343.589 341.453 339.303 337.139 334.960 332.766 330.556 328.329 326.085 323.824 321.545
458.581 456.863 455.140 453.412 451.679 449.940 448.196 446.447 444.693 442.933 441.168 439.398 437.623 435.842 434.057 432.266 430.470 428.668 426.862 425.050 423.233 421.410 419.583 417.749 415.911 414.067 412.217 410.362 408.502 406.636 404.764 402.886 401.002 399.113 397.217 395.315 393.407 391.492 389.571 387.643 385.709 383.767 381.818 379.861 377.897 375.926 373.946 371.958 369.961 367.955 365.941 363.917 361.883 359.839 357.785 355.720 353.644 351.556 349.457 347.344 345.220 343.082 340.930 338.764 336.583 334.387 332.175 329.947 327.702 325.440 323.160
460.526 458.804 457.077 455.344 453.606 451.863 450.114 448.360 446.601 444.836 443.066 441.291 439.511 437.725 435.934 434.138 432.337 430.530 428.718 426.900 425.077 423.249 421.416 419.577 417.733 415.883 414.028 412.167 410.300 408.428 406.551 404.667 402.778 400.882 398.981 397.073 395.159 393.239 391.312 389.379 387.438 385.491 383.537 381.575 379.606 377.629 375.644 373.651 371.650 369.640 367.620 365.592 363.554 361.506 359.448 357.379 355.299 353.208 351.105 348.990 346.863 344.722 342.568 340.399 338.217 336.019 333.805 331.576 329.330 327.067 324.786
462.530 460.762 459.030 457.293 455.551 453.803 452.049 450.290 448.526 446.757 444.982 443.202 441.416 439.625 437.829 436.027 434.220 432.408 430.590 428.767 426.939 425.105 423.266 421.421 419.571 417.716 415.855 413.988 412.116 410.238 408.354 406.465 404.569 402.668 400.761 398.847 396.927 395.001 393.069 391.130 389.184 387.231 385.271 383.304 381.329 379.347 377.357 375.359 373.353 371.338 369.314 367.281 365.238 363.186 361.124 359.051 356.968 354.873 352.767 350.649 348.518 346.374 344.218 342.047 339.862 337.662 335.447 333.216 330.968 328.704 326.422
464.603 462.791 461.001 459.259 457.512 455.759 454.001 452.238 450.469 448.694 446.914 445.129 443.338 441.542 439.741 437.934 436.121 434.304 432.480 430.652 428.818 426.978 425.133 423.283 421.427 419.566 417.699 415.826 413.948 412.064 410.174 408.279 406.378 404.470 402.557 400.637 398.712 396.780 394.841 392.897 390.945 388.986 387.021 385.048 383.068 381.081 379.085 377.082 375.070 373.050 371.022 368.984 366.937 364.880 362.814 360.737 358.650 356.551 354.441 352.320 350.186 348.039 345.879 343.706 341.519 339.317 337.099 334.867 332.618 330.352 328.069
466.694 464.877 463.054 461.242 459.490 457.733 455.971 454.202 452.428 450.649 448.864 447.074 445.278 443.477 441.670 439.858 438.040 436.217 434.388 432.554 430.714 428.869 427.018 425.162 423.300 421.433 419.560 417.681 415.797 413.907 412.012 410.110 408.203 406.289 404.370 402.445 400.513 398.575 396.631 394.680 392.722 390.758 388.786 386.808 384.822 382.829 380.828 378.820 376.803 374.778 372.744 370.702 368.650 366.589 364.518 362.436 360.345 358.242 356.129 354.003 351.866 349.716 347.554 345.378 343.187 340.983 338.764 336.529 334.278 332.011 329.726
468.802 466.981 465.154 463.320 461.486 459.725 457.957 456.184 454.406 452.621 450.832 449.036 447.235 445.429 443.617 441.799 439.976 438.147 436.313 434.473 432.628 430.777 428.920 427.058 425.191 423.318 421.439 419.554 417.664 415.768 413.866 411.958 410.045 408.126 406.200 404.268 402.331 400.387 398.436 396.479 394.516 392.545 390.568 388.584 386.593 384.594 382.587 380.573 378.551 376.521 374.482 372.434 370.377 368.311 366.235 364.150 362.054 359.947 357.830 355.701 353.560 351.407 349.241 347.062 344.869 342.662 340.440 338.203 335.950 333.681 331.395
470.928 469.103 467.271 465.434 463.590 461.740 459.962 458.184 456.401 454.612 452.817 451.016 449.210 447.399 445.581 443.758 441.930 440.096 438.256 436.411 434.560 432.703 430.841 428.973 427.099 425.220 423.335 421.445 419.548 417.646 415.738 413.824 411.905 409.979 408.047 406.110 404.166 402.215 400.259 398.296 396.326 394.350 392.367 390.376 388.379 386.374 384.362 382.342 380.315 378.279 376.234 374.181 372.120 370.049 367.968 365.878 363.777 361.666 359.545 357.412 355.267 353.110 350.941 348.758 346.562 344.353 342.128 339.889 337.634 335.363 333.076
473.071 471.242 469.407 467.566 465.717 463.863 462.002 460.202 458.414 456.620 454.820 453.015 451.204 449.387 447.564 445.736 443.902 442.062 440.217 438.366 436.509 434.647 432.779 430.905 429.026 427.141 425.250 423.353 421.450 419.542 417.628 415.708 413.782 411.850 409.912 407.968 406.018 404.062 402.099 400.129 398.154 396.171 394.182 392.185 390.182 388.171 386.153 384.128 382.094 380.052 378.003 375.944 373.877 371.801 369.716 367.620 365.515 363.400 361.274 359.136 356.988 354.827 352.654 350.468 348.269 346.056 343.829 341.588 339.330 337.057 334.768
475.233 473.400 471.561 469.716 467.863 466.004 464.139 462.268 460.445 458.646 456.841 455.031 453.215 451.393 449.565 447.732 445.892 444.047 442.196 440.340 438.477 436.609 434.735 432.856 430.970 429.079 427.182 425.280 423.371 421.457 419.536 417.610 415.678 413.740 411.795 409.845 407.888 405.925 403.956 401.981 399.998 398.009 396.014 394.011 392.002 389.985 387.961 385.929 383.890 381.843 379.787 377.723 375.650 373.569 371.478 369.378 367.268 365.148 363.017 360.875 358.722 356.558 354.381 352.192 349.989 347.773 345.543 343.299 341.039 338.764 336.472
477.413 475.577 473.734 471.884 470.028 468.165 466.295 464.419 462.536 460.690 458.881 457.066 455.245 453.418 451.585 449.746 447.901 446.051 444.194 442.332 440.464 438.590 436.711 434.825 432.934 431.037 429.134 427.225 425.310 423.389 421.463 419.530 417.592 415.647 413.696 411.739 409.776 407.807 405.831 403.849 401.861 399.866 397.864 395.855 393.839 391.816 389.786 387.748 385.702 383.649 381.588 379.518 377.440 375.353 373.257 371.151 369.036 366.911 364.775 362.629 360.472 358.303 356.122 353.929 351.723 349.503 347.270 345.023 342.760 340.483 338.189
479.612 477.771 475.925 474.071 472.210 470.343 468.470 466.589 464.702 462.808 460.939 459.119 457.293 455.461 453.623 451.779 449.929 448.073 446.211 444.343 442.470 440.590 438.705 436.813 434.916 433.013 431.104 429.189 427.268 425.341 423.408 421.469 419.524 417.573 415.616 413.652 411.683 409.707 407.725 405.736 403.741 401.739 399.731 397.716 395.693 393.664 391.627 389.583 387.532 385.472 383.405 381.329 379.245 377.153 375.051 372.940 370.820 368.689 366.549 364.398 362.236 360.062 357.877 355.680 353.470 351.247 349.011 346.760 344.495 342.214 339.918
481.828 479.985 478.134 476.277 474.412 472.541 470.663 468.778 466.887 464.988 463.083 461.191 459.360 457.523 455.680 453.831 451.975 450.114 448.247 446.374 444.494 442.609 440.718 438.820 436.917 435.008 433.093 431.171 429.244 427.311 425.372 423.426 421.475 419.518 417.554 415.584 413.608 411.626 409.637 407.642 405.640 403.632 401.617 399.595 397.566 395.530 393.487 391.437 389.379 387.313 385.239 383.158 381.068 378.969 376.862 374.745 372.619 370.484 368.338 366.182 364.015 361.837 359.647 357.446 355.232 353.005 350.765 348.511 346.243 343.959 341.660
484.064 482.217 480.362 478.501 476.633 474.758 472.876 470.987 469.091 467.188 465.279 463.362 461.447 459.604 457.756 455.902 454.041 452.175 450.302 448.423 446.538 444.647 442.750 440.847 438.938 437.022 435.101 433.174 431.240 429.301 427.355 425.403 423.445 421.481 419.511 417.535 415.552 413.563 411.568 409.566 407.557 405.542 403.521 401.492 399.457 397.414 395.364 393.308 391.243 389.171 387.091 385.003 382.907 380.802 378.689 376.567 374.435 372.294 370.143 367.982 365.810 363.627 361.433 359.227 357.009 354.778 352.534 350.276 348.004 345.718 343.416
486.318 484.467 482.609 480.745 478.873 476.994 475.108 473.214 471.314 469.407 467.493 465.572 463.644 461.710 459.852 457.992 456.126 454.254 452.376 450.492 448.601 446.705 444.802 442.893 440.978 439.056 437.129 435.195 433.256 431.310 429.358 427.400 425.435 423.465 421.488 419.505 417.515 415.520 413.517 411.509 409.494 407.472 405.443 403.408 401.366 399.317 397.260 395.197 393.126 391.047 388.961 386.866 384.764 382.653 380.534 378.405 376.268 374.121 371.964 369.797 367.620 365.432 363.233 361.023 358.800 356.565 354.317 352.055 349.780 347.490 345.185
488.591 486.737 484.876 483.007 481.132 479.249 477.359 475.462 473.557 471.646 469.728 467.802 465.870 463.930 461.984 460.102 458.231 456.354 454.470 452.580 450.684 448.782 446.873 444.958 443.037 441.110 439.177 437.237 435.291 433.339 431.380 429.416 427.445 425.468 423.484 421.494 419.498 417.496 415.487 413.471 411.449 409.421 407.385 405.343 403.294 401.238 399.175 397.104 395.027 392.941 390.848 388.748 386.639 384.521 382.396 380.261 378.118 375.965 373.802 371.630 369.447 367.254 365.050 362.834 360.607 358.367 356.115 353.849 351.570 349.276 346.968
490.882 489.025 487.161 485.289 483.410 481.524 479.630 477.729 475.820 473.905 471.982 470.052 468.115 466.171 464.220 462.261 460.355 458.473 456.584 454.689 452.787 450.879 448.965 447.044 445.117 443.184 441.244 439.298 437.346 435.388 433.423 431.452 429.474 427.491 425.500 423.504 421.501 419.492 417.476 415.453 413.424 411.389 409.347 407.297 405.241 403.178 401.108 399.031 396.946 394.854 392.755 390.647 388.531 386.408 384.275 382.135 379.985 377.826 375.657 373.479 371.291 369.092 366.883 364.662 362.429 360.185 357.928 355.658 353.375 351.077 348.766
493.193 491.333 489.465 487.590 485.708 483.818 481.920 480.015 478.103 476.183 474.257 472.322 470.381 468.432 466.476 464.513 462.542 460.612 458.718 456.817 454.910 452.997 451.077 449.150 447.217 445.278 443.332 441.380 439.422 437.457 435.486 433.508 431.524 429.534 427.537 425.534 423.524 421.508 419.485 417.456 415.420 413.377 411.328 409.272 407.208 405.138 403.061 400.977 398.885 396.786 394.680 392.565 390.443 388.312 386.173 384.026 381.870 379.705 377.530 375.346 373.152 370.947 368.732 366.506 364.268 362.019 359.757 357.483 355.195 352.894 350.578
495.523 493.660 491.789 489.911 488.025 486.132 484.231 482.322 480.406 478.482 476.551 474.613 472.667 470.714 468.753 466.785 464.810 462.827 460.872 458.966 457.054 455.135 453.209 451.277 449.338 447.393 445.441 443.483 441.518 439.547 437.569 435.585 433.595 431.597 429.594 427.584 425.567 423.544 421.514 419.478 417.435 415.385 413.329 411.266 409.195 407.118 405.034 402.943 400.844 398.738 396.624 394.503 392.373 390.236 388.090 385.936 383.773 381.602 379.421 377.230 375.030 372.819 370.598 368.367 366.124 363.869 361.602 359.323 357.031 354.725 352.405
497.872 496.006 494.133 492.251 490.362 488.466 486.561 484.649 482.729 480.801 478.866 476.924 474.973 473.016 471.051 469.078 467.098 465.110 463.116 461.136 459.218 457.293 455.362 453.424 451.479 449.528 447.570 445.606 443.635 441.658 439.674 437.683 435.686 433.682 431.672 429.655 427.631 425.601 423.565 421.521 419.471 417.414 415.351 413.280 411.203 409.118 407.027 404.928 402.822 400.709 398.588 396.459 394.323 392.179 390.026 387.865 385.695 383.517 381.329 379.132 376.926 374.709 372.482 370.245 367.996 365.736 363.464 361.180 358.883 356.572 354.248
500.240 498.372 496.496 494.611 492.719 490.819 488.911 486.996 485.072 483.141 481.202 479.255 477.301 475.339 473.369 471.392 469.407 467.415 465.415 463.408 461.403 459.473 457.536 455.592 453.642 451.685 449.721 447.750 445.773 443.790 441.799 439.802 437.798 435.788 433.771 431.747 429.717 427.680 425.636 423.585 421.528 419.464 417.393 415.316 413.231 411.139 409.040 406.934 404.821 402.700 400.572 398.436 396.293 394.141 391.981 389.813 387.637 385.451 383.257 381.053 378.840 376.617 374.384 372.141 369.886 367.620 365.343 363.053 360.751 358.436 356.107
502.628 500.757 498.878 496.991 495.096 493.193 491.282 489.363 487.436 485.501 483.558 481.608 479.649 477.683 475.709 473.727 471.738 469.741 467.736 465.724 463.704 461.677 459.731 457.782 455.825 453.862 451.893 449.916 447.933 445.943 443.946 441.942 439.932 437.915 435.891 433.861 431.823 429.779 427.729 425.671 423.607 421.535 419.457 417.372 415.280 413.181 411.075 408.961 406.840 404.712 402.577 400.433 398.282 396.123 393.956 391.781 389.597 387.405 385.204 382.993 380.774 378.544 376.304 374.055 371.794 369.522 367.239 364.944 362.636 360.316 357.982
505.035 503.162 501.281 499.391 497.493 495.587 493.673 491.751 489.820 487.882 485.935 483.981 482.019 480.048 478.070 476.084 474.090 472.088 470.079 468.062 466.037 464.004 461.964 459.992 458.031 456.062 454.086 452.104 450.114 448.118 446.115 444.105 442.088 440.064 438.033 435.996 433.952 431.901 429.843 427.778 425.707 423.628 421.542 419.450 417.350 415.244 413.130 411.009 408.881 406.745 404.602 402.451 400.293 398.126 395.952 393.769 391.578 389.379 387.170 384.953 382.726 380.490 378.243 375.987 373.720 371.442 369.153 366.852 364.539 362.213 359.875
507.462 505.587 503.703 501.811 499.910 498.001 496.084 494.159 492.225 490.283 488.334 486.375 484.409 482.435 480.453 478.462 476.464 474.458 472.443 470.421 468.391 466.353 464.308 462.255 460.258 458.283 456.301 454.313 452.317 450.315 448.305 446.289 444.265 442.235 440.198 438.154 436.102 434.044 431.979 429.907 427.828 425.743 423.650 421.550 419.443 417.329 415.207 413.079 410.943 408.799 406.649 404.490 402.324 400.150 397.968 395.778 393.579 391.372 389.157 386.932 384.698 382.455 380.202 377.938 375.665 373.381 371.085 368.778 366.459 364.128 361.784
