avaframe/data/avaFlowPy/Inputs/helix_010m_cr100_sw250_f2500.20.6_n0.asc
ncols 376 
nrows 176 
xllcorner -1875.000000 
yllcorner -1750.000000 
cellsize 10.000000 
NODATA_value -9999.000000 
[rows 32 to 63 of 176, columns 71 to 141 of 376]
361.348 358.971 356.581 354.175 351.754 349.317 346.863 344.391 341.902 339.394 336.866 334.318 331.748 329.156 326.542 323.903 321.240 318.552 315.836 313.094 310.323 307.523 304.692 301.831 298.938 296.012 293.053 290.059 287.030 283.966 280.865 277.727 274.552 271.340 268.089 264.799 261.472 258.106 254.701 251.258 247.777 244.259 240.704 237.113 233.486 229.825 226.132 222.406 218.651 214.866 211.055 207.219 203.361 199.481 195.584 191.671 187.744 183.808 179.863 175.915 171.964 168.015 164.071 160.135 156.209 152.298 148.405 144.532 140.683 136.862 133.071
363.288 360.906 358.510 356.099 353.673 351.232 348.774 346.299 343.806 341.294 338.764 336.213 333.641 331.048 328.431 325.792 323.128 320.438 317.723 314.980 312.209 309.409 306.579 303.719 300.826 297.901 294.943 291.950 288.922 285.858 282.758 279.621 276.446 273.233 269.982 266.692 263.363 259.995 256.588 253.142 249.657 246.134 242.574 238.976 235.342 231.673 227.970 224.233 220.466 216.669 212.843 208.992 205.116 201.218 197.301 193.367 189.419 185.458 181.489 177.514 173.536 169.558 165.584 161.617 157.659 153.715 149.787 145.879 141.995 138.137 134.308
365.246 362.858 360.456 358.041 355.610 353.164 350.701 348.222 345.726 343.211 340.677 338.123 335.549 332.954 330.336 327.694 325.029 322.339 319.623 316.879 314.108 311.309 308.479 305.619 302.727 299.803 296.845 293.853 290.827 287.764 284.664 281.528 278.353 275.141 271.889 268.598 265.268 261.899 258.489 255.041 251.552 248.025 244.460 240.856 237.215 233.538 229.825 226.079 222.300 218.490 214.651 210.784 206.892 202.976 199.040 195.085 191.114 187.131 183.137 179.135 175.130 171.124 167.120 163.121 159.131 155.154 151.192 147.249 143.328 139.433 135.568
367.223 364.829 362.421 360.000 357.564 355.113 352.646 350.163 347.662 345.144 342.606 340.050 337.473 334.875 332.255 329.612 326.945 324.253 321.536 318.793 316.021 313.222 310.392 307.533 304.642 301.718 298.761 295.770 292.744 289.682 286.584 283.448 280.274 277.061 273.810 270.519 267.188 263.817 260.406 256.955 253.463 249.932 246.362 242.752 239.105 235.420 231.699 227.943 224.153 220.331 216.478 212.596 208.688 204.755 200.800 196.824 192.832 188.825 184.807 180.780 176.747 172.712 168.678 164.648 160.626 156.615 152.619 148.641 144.684 140.752 136.848
369.219 366.819 364.405 361.978 359.537 357.081 354.609 352.121 349.616 347.093 344.552 341.992 339.412 336.811 334.189 331.544 328.875 326.183 323.464 320.720 317.948 315.148 312.319 309.460 306.569 303.646 300.690 297.700 294.675 291.614 288.516 285.381 282.208 278.996 275.745 272.453 269.122 265.750 262.337 258.884 255.390 251.855 248.280 244.666 241.012 237.320 233.591 229.825 226.025 222.191 218.325 214.429 210.505 206.555 202.581 198.586 194.572 190.542 186.499 182.446 178.387 174.323 170.259 166.198 162.144 158.100 154.069 150.055 146.062 142.092 129.566
371.235 368.829 366.409 363.976 361.528 359.066 356.589 354.096 351.586 349.060 346.515 343.951 341.368 338.764 336.139 333.491 330.821 328.127 325.407 322.662 319.889 317.089 314.260 311.400 308.510 305.588 302.632 299.643 296.619 293.559 290.462 287.328 284.156 280.944 277.693 274.402 271.070 267.697 264.284 260.828 257.332 253.794 250.215 246.596 242.936 239.238 235.501 231.726 227.916 224.070 220.192 216.282 212.342 208.375 204.383 200.368 196.333 192.281 188.214 184.136 180.049 175.958 171.864 167.772 163.686 159.608 155.542 151.493 138.367 130.542 124.200
373.272 370.858 368.432 365.992 363.539 361.071 358.588 356.090 353.575 351.044 348.495 345.927 343.340 340.733 338.105 335.455 332.782 330.086 327.365 324.618 321.845 319.044 316.215 313.355 310.465 307.543 304.588 301.600 298.577 295.518 292.422 289.288 286.117 282.906 279.656 276.365 273.033 269.660 266.245 262.788 259.289 255.749 252.166 248.543 244.878 241.173 237.429 233.646 229.825 225.969 222.078 218.155 214.201 210.217 206.207 202.173 198.118 194.043 189.952 185.849 181.735 177.616 173.492 169.370 165.251 161.139 148.229 139.298 132.332 126.328 120.951
375.330 372.909 370.476 368.029 365.569 363.096 360.607 358.103 355.583 353.046 350.492 347.920 345.329 342.719 340.087 337.435 334.759 332.061 329.338 326.590 323.816 321.014 318.184 315.324 312.434 309.513 306.558 303.571 300.548 297.490 294.395 291.263 288.092 284.882 281.632 278.342 275.010 271.637 268.221 264.763 261.263 257.719 254.134 250.506 246.837 243.126 239.374 235.584 231.754 227.887 223.985 220.049 216.080 212.081 208.053 204.000 199.924 195.828 191.714 187.585 183.445 179.297 175.145 170.991 159.764 148.901 141.102 134.531 128.713 123.434 118.569
377.409 374.981 372.540 370.087 367.620 365.140 362.645 360.135 357.609 355.068 352.509 349.932 347.337 344.722 342.087 339.431 336.753 334.052 331.327 328.577 325.802 322.999 320.168 317.308 314.418 311.496 308.542 305.555 302.533 299.476 296.382 293.251 290.081 286.872 283.623 280.333 277.002 273.628 270.212 266.753 263.251 259.706 256.118 252.486 248.812 245.096 241.338 237.540 233.702 229.825 225.912 221.963 217.980 213.965 209.921 205.850 201.754 197.636 193.499 189.345 185.179 181.003 176.822 159.639 150.638 143.342 136.992 131.285 126.062 121.223 116.701
379.510 377.074 374.626 372.166 369.692 367.205 364.703 362.187 359.656 357.108 354.544 351.962 349.362 346.743 344.104 341.445 338.764 336.060 333.333 330.581 327.803 324.999 322.167 319.307 316.416 313.495 310.541 307.554 304.533 301.477 298.384 295.253 292.085 288.876 285.628 282.339 279.008 275.635 272.219 268.759 265.256 261.709 258.118 254.484 250.806 247.084 243.321 239.515 235.669 231.783 227.859 223.897 219.901 215.872 211.811 207.722 203.606 199.467 195.307 191.129 186.937 172.184 161.154 152.878 145.862 139.645 134.005 128.812 123.982 119.457 115.191
381.634 379.190 376.735 374.266 371.785 369.291 366.783 364.260 361.722 359.168 356.599 354.011 351.407 348.783 346.140 343.476 340.792 338.085 335.355 332.601 329.821 327.015 324.182 321.321 318.430 315.508 312.554 309.568 306.547 303.491 300.399 297.270 294.102 290.895 287.648 284.359 281.029 277.656 274.240 270.780 267.276 263.728 260.135 256.498 252.816 249.090 245.321 241.509 237.655 233.760 229.825 225.853 221.843 217.799 213.723 209.616 205.481 201.321 197.139 190.880 173.051 163.317 155.432 148.587 142.451 136.848 131.668 126.836 122.298 118.014 113.952
383.782 381.329 378.866 376.389 373.901 371.399 368.883 366.354 363.809 361.249 358.673 356.081 353.470 350.842 348.194 345.526 342.838 340.127 337.394 334.637 331.856 329.048 326.213 323.351 320.459 317.537 314.583 311.596 308.576 305.521 302.430 299.301 296.135 292.929 289.682 286.395 283.065 279.693 276.277 272.817 269.312 265.763 262.168 258.528 254.843 251.114 247.339 243.521 239.660 235.757 231.812 227.829 223.807 219.749 215.657 211.533 207.380 203.199 187.384 174.968 165.861 158.211 151.472 145.385 139.799 134.619 129.776 125.220 120.914 116.826 112.932
385.953 383.492 381.020 378.535 376.039 373.529 371.006 368.469 365.918 363.351 360.769 358.170 355.554 352.920 350.267 347.595 344.902 342.188 339.451 336.692 333.907 331.097 328.261 325.397 322.504 319.581 316.627 313.640 310.620 307.566 304.475 301.347 298.182 294.977 291.731 288.445 285.116 281.745 278.329 274.869 271.364 267.814 264.218 260.576 256.888 253.155 249.376 245.552 241.684 237.773 233.820 229.825 225.792 221.720 217.613 213.473 209.301 188.490 177.411 168.668 161.167 154.493 148.431 142.848 137.658 132.798 128.220 123.888 119.772 115.848 112.097
388.148 385.679 383.198 380.705 378.200 375.682 373.152 370.607 368.048 365.475 362.886 360.280 357.658 355.019 352.360 349.683 346.986 344.267 341.527 338.764 335.976 333.164 330.325 327.460 324.565 321.641 318.687 315.700 312.680 309.626 306.536 303.409 300.244 297.040 293.796 290.510 287.182 283.812 280.397 276.937 273.432 269.881 266.284 262.641 258.951 255.214 251.431 247.602 243.728 239.809 235.847 231.843 227.798 223.714 219.592 206.296 190.589 180.191 171.676 164.269 157.632 151.578 145.988 140.781 135.898 131.294 126.933 122.788 118.834 115.051 111.424
390.369 387.890 385.400 382.899 380.385 377.859 375.320 372.768 370.201 367.620 365.024 362.412 359.784 357.138 354.474 351.791 349.089 346.366 343.622 340.854 338.064 335.249 332.407 329.540 326.644 323.718 320.763 317.776 314.755 311.701 308.612 305.485 302.321 299.118 295.875 292.591 289.264 285.894 282.480 279.021 275.516 271.965 268.367 264.723 261.030 257.291 253.504 249.671 245.791 241.865 237.895 233.881 229.825 225.729 206.754 193.208 183.217 174.847 167.497 160.877 154.819 149.213 143.984 139.074 134.441 130.050 125.874 121.888 118.074 114.414 110.896
392.615 390.127 387.628 385.118 382.595 380.060 377.513 374.952 372.378 369.789 367.185 364.566 361.931 359.279 356.609 353.920 351.212 348.485 345.735 342.964 340.170 337.351 334.507 331.637 328.739 325.813 322.856 319.868 316.847 313.793 310.703 307.578 304.414 301.212 297.970 294.687 291.361 287.992 284.579 281.121 277.616 274.065 270.467 266.821 263.127 259.386 255.596 251.758 247.873 243.941 239.963 235.941 231.874 208.714 196.170 186.436 178.159 170.839 164.220 158.148 152.520 147.264 142.325 137.661 133.238 129.030 125.012 121.165 117.474 113.923 110.501
394.887 392.390 389.882 387.362 384.830 382.287 379.730 377.161 374.578 371.981 369.370 366.743 364.100 361.441 358.765 356.070 353.357 350.624 347.870 345.094 342.295 339.473 336.626 333.753 330.853 327.924 324.966 321.977 318.956 315.901 312.811 309.686 306.523 303.322 300.081 296.799 293.474 290.106 286.694 283.237 279.733 276.182 272.584 268.937 265.242 261.498 257.705 253.864 249.974 246.037 242.052 232.286 211.351 199.386 189.818 181.595 174.285 167.655 161.561 155.906 150.620 145.649 140.953 136.497 132.256 128.206 124.327 120.604 117.022 113.568 110.232
397.187 394.680 392.162 389.632 387.091 384.538 381.973 379.395 376.803 374.198 371.578 368.943 366.293 363.627 360.943 358.242 355.523 352.784 350.024 347.244 344.441 341.614 338.764 335.888 332.985 330.054 327.094 324.103 321.081 318.026 314.936 311.811 308.649 305.448 302.208 298.926 295.603 292.236 288.825 285.369 281.866 278.315 274.717 271.070 267.374 263.629 259.834 255.989 252.095 248.152 231.750 214.407 202.803 193.340 185.144 177.829 171.179 165.058 159.371 154.052 149.047 144.317 139.828 135.554 131.471 127.560 123.806 120.193 116.708 113.342 110.083
399.514 396.997 394.469 391.929 389.379 386.816 384.241 381.654 379.053 376.439 373.811 371.168 368.510 365.836 363.145 360.437 357.711 354.966 352.200 349.414 346.607 343.776 340.921 338.041 335.135 332.202 329.240 326.248 323.224 320.168 317.078 313.952 310.790 307.590 304.351 301.070 297.748 294.383 290.973 287.517 284.015 280.465 276.868 273.220 269.524 265.777 261.980 258.133 254.235 233.682 217.762 206.390 196.988 188.798 181.466 174.788 168.634 162.913 157.558 152.519 147.754 143.231 138.924 134.809 130.867 127.081 123.438 119.923 116.527 113.239 110.050
401.869 399.341 396.803 394.254 391.693 389.121 386.536 383.939 381.329 378.706 376.069 373.418 370.751 368.069 365.371 362.655 359.922 357.170 354.399 351.607 348.794 345.958 343.099 340.215 337.306 334.369 331.405 328.410 325.385 322.328 319.237 316.111 312.949 309.749 306.510 303.231 299.910 296.545 293.137 289.682 286.181 282.632 279.035 275.388 271.691 267.944 264.145 260.295 236.482 221.352 210.127 200.753 192.553 185.193 178.482 172.291 166.532 161.140 156.064 151.265 146.708 142.368 138.221 134.248 130.433 126.760 123.216 119.791 116.474 113.257 110.130
404.253 401.715 399.166 396.607 394.036 391.453 388.859 386.252 383.632 381.000 378.353 375.693 373.017 370.327 367.620 364.897 362.156 359.398 356.620 353.822 351.003 348.162 345.298 342.410 339.496 336.556 333.589 330.592 327.565 324.506 321.414 318.288 315.126 311.926 308.687 305.409 302.088 298.725 295.317 291.864 288.364 284.816 281.220 277.573 273.876 270.128 266.329 239.786 225.137 213.999 204.628 196.403 189.009 182.258 176.027 170.229 164.799 159.686 154.850 150.260 145.887 141.709 137.707 133.862 130.160 126.589 123.137 119.793 116.548 113.394 110.324
406.666 404.118 401.559 398.988 396.407 393.814 391.209 388.592 385.963 383.320 380.664 377.994 375.310 372.610 369.895 367.164 364.415 361.649 358.864 356.059 353.234 350.387 347.518 344.625 341.707 338.764 335.793 332.793 329.764 326.703 323.610 320.483 317.320 314.120 310.882 307.603 304.284 300.922 297.515 294.063 290.564 287.018 283.422 279.776 276.080 272.331 243.442 229.093 217.995 208.608 200.347 192.911 186.117 179.843 174.004 168.534 163.384 158.513 153.889 149.484 145.276 141.244 137.371 133.643 130.045 126.567 123.197 119.926 116.747 113.651 110.632
409.110 406.551 403.981 401.400 398.807 396.204 393.588 390.961 388.321 385.668 383.003 380.323 377.629 374.920 372.196 369.456 366.700 363.925 361.133 358.321 355.489 352.636 349.761 346.863 343.940 340.992 338.017 335.015 331.983 328.920 325.825 322.696 319.532 316.332 313.094 309.816 306.497 303.136 299.730 296.279 292.782 289.236 285.642 281.997 278.301 247.372 233.202 222.110 212.689 204.384 196.900 190.059 183.740 177.858 172.348 167.160 162.254 157.597 153.161 148.923 144.863 140.964 137.210 133.587 130.084 126.690 123.396 120.192 117.072 114.028 111.055
411.584 409.014 406.433 403.841 401.238 398.623 395.997 393.359 390.709 388.045 385.369 382.679 379.976 377.258 374.524 371.775 369.009 366.227 363.426 360.607 357.768 354.908 352.027 349.123 346.195 343.242 340.263 337.257 334.222 331.156 328.059 324.929 321.764 318.563 315.324 312.046 308.728 305.367 301.963 298.513 295.017 291.473 287.879 276.806 251.530 237.453 226.338 216.870 208.512 200.976 194.084 187.718 181.792 176.241 171.016 166.075 161.385 156.919 152.653 148.567 144.642 140.864 137.218 133.692 130.276 126.960 123.734 120.592 117.525 114.528 111.596
414.090 411.509 408.917 406.313 403.699 401.074 398.436 395.787 393.126 390.452 387.765 385.065 382.351 379.623 376.879 374.121 371.346 368.555 365.746 362.918 360.072 357.205 354.317 351.407 348.473 345.515 342.531 339.521 336.482 333.413 330.313 327.181 324.015 320.813 317.574 314.296 310.977 307.617 304.214 300.765 297.270 293.727 279.480 255.887 241.837 230.676 221.150 212.732 205.139 198.194 191.779 185.808 180.217 174.954 169.978 165.257 160.762 156.469 152.357 148.409 144.608 140.941 137.395 133.959 130.622 127.377 124.214 121.127 118.109 115.154 112.257
416.628 414.036 411.432 408.818 406.192 403.555 400.906 398.246 395.573 392.888 390.190 387.480 384.755 382.016 379.263 376.495 373.710 370.910 368.092 365.256 362.401 359.527 356.631 353.714 350.775 347.811 344.822 341.807 338.764 335.692 332.589 329.454 326.286 323.082 319.842 316.564 313.246 309.886 306.483 303.035 299.541 283.228 260.426 246.351 235.124 225.528 217.044 209.390 202.390 195.925 189.909 184.276 178.975 173.966 169.214 164.691 160.373 156.238 152.268 148.447 144.760 141.196 137.742 134.388 131.125 127.944 124.839 121.802 118.828 115.910 113.044
419.199 416.595 413.980 411.354 408.717 406.068 403.408 400.736 398.052 395.356 392.647 389.925 387.189 384.440 381.676 378.897 376.103 373.293 370.465 367.620 364.757 361.874 358.971 356.047 353.101 350.131 347.136 344.116 341.068 337.992 334.886 331.748 328.577 325.372 322.131 318.852 315.533 312.173 308.771 305.324 287.578 265.134 250.990 239.679 230.004 221.448 213.730 206.673 200.156 194.094 188.420 183.083 178.041 173.259 168.710 164.367 160.211 156.221 152.382 148.678 145.098 141.629 138.260 134.982 131.787 128.666 125.613 122.621 119.686 116.801 113.962
421.804 419.188 416.561 413.924 411.275 408.614 405.942 403.259 400.563 397.855 395.134 392.401 389.654 386.894 384.119 381.329 378.525 375.704 372.867 370.013 367.140 364.249 361.338 358.406 355.452 352.475 349.475 346.449 343.396 340.315 337.205 334.064 330.890 327.683 324.440 321.160 317.840 314.480 311.078 292.368 270.005 255.753 244.342 234.579 225.947 218.161 211.045 204.476 198.367 192.653 187.279 182.205 177.395 172.821 168.456 164.279 160.272 156.417 152.700 149.106 145.624 142.243 138.954 135.746 132.613 129.547 126.542 123.591 120.690 117.833 115.016
424.442 421.815 419.177 416.527 413.866 411.194 408.510 405.814 403.107 400.387 397.654 394.909 392.151 389.379 386.593 383.792 380.977 378.146 375.298 372.434 369.552 366.651 363.732 360.791 357.830 354.846 351.838 348.806 345.747 342.662 339.547 336.402 333.225 330.015 326.770 323.488 320.168 316.808 297.527 275.033 260.640 249.114 239.255 230.541 222.686 215.508 208.886 202.731 196.975 191.566 186.461 181.624 177.026 172.641 168.447 164.425 160.557 156.827 153.223 149.732 146.343 143.044 139.828 136.686 133.611 130.595 127.632 124.718 121.846 119.013 116.215
427.116 424.477 421.826 419.165 416.492 413.808 411.112 408.404 405.684 402.952 400.207 397.450 394.680 391.896 389.098 386.286 383.460 380.617 377.759 374.885 371.993 369.082 366.153 363.204 360.234 357.243 354.228 351.189 348.124 345.033 341.913 338.764 335.583 332.370 329.122 325.838 322.517 303.028 280.219 265.651 253.996 244.034 235.234 227.305 220.064 213.388 207.186 201.390 195.946 190.810 185.948 181.328 176.925 172.716 168.681 164.803 161.065 157.454 153.957 150.562 147.259 144.038 140.891 137.809 134.787 131.816 128.893 126.010 123.164 120.351 117.567
429.825 427.174 424.512 421.838 419.153 416.456 413.748 411.028 408.296 405.551 402.794 400.025 397.242 394.446 391.636 388.813 385.974 383.121 380.252 377.366 374.463 371.543 368.604 365.646 362.667 359.667 356.644 353.598 350.526 347.429 344.304 341.149 337.965 334.748 331.497 328.210 308.866 285.562 270.788 258.989 248.916 240.026 232.021 224.716 217.985 211.735 205.899 200.421 195.257 190.371 185.731 181.312 177.090 173.045 169.159 165.416 161.801 158.302 154.905 151.601 148.380 145.232 142.149 139.124 136.150 133.221 130.332 127.478 124.654 121.856 119.082
432.570 429.907 427.233 424.547 421.850 419.141 416.420 413.688 410.943 408.186 405.416 402.634 399.839 397.030 394.208 391.372 388.522 385.657 382.776 379.879 376.965 374.034 371.085 368.117 365.129 362.120 359.088 356.034 352.955 349.851 346.720 343.560 340.370 337.149 333.895 315.063 291.066 276.052 264.097 253.905 244.920 236.836 229.465 222.678 216.382 210.506 204.994 199.802 194.894 190.236 185.803 181.571 177.519 173.629 169.884 166.269 162.771 159.377 156.077 152.859 149.715 146.635 143.613 140.640 137.712 134.821 131.962 129.132 126.325 123.539 120.771
