avaframe/data/avaFlowPy/Inputs/helix_010m_cr100_sw250_f2500.20.6_n0.asc
ncols 376 
nrows 176 
xllcorner -1875.000000 
yllcorner -1750.000000 
cellsize 10.000000 
NODATA_value -9999.000000 
[rows 64 to 95 of 176, columns 71 to 141 of 376]
435.352 432.678 429.992 427.294 424.584 421.862 419.129 416.383 413.626 410.856 408.074 405.279 402.471 399.649 396.815 393.966 391.103 388.226 385.333 382.424 379.499 376.557 373.597 370.619 367.620 364.602 361.561 358.499 355.412 352.300 349.162 345.996 342.801 339.575 321.664 296.734 281.449 269.323 259.004 249.919 241.753 234.315 227.471 221.127 215.211 209.667 204.449 199.520 194.846 190.402 186.162 182.106 178.215 174.471 170.861 167.368 163.982 160.689 157.480 154.345 151.274 148.260 145.294 142.371 139.484 136.627 133.795 130.985 128.193 125.414 122.648
438.172 435.486 432.787 430.077 427.355 424.621 421.875 419.116 416.346 413.563 410.768 407.959 405.138 402.304 399.457 396.595 393.720 390.829 387.924 385.003 382.066 379.112 376.141 373.152 370.143 367.114 364.064 360.992 357.897 354.778 351.632 348.460 345.258 328.762 302.575 286.980 274.668 264.215 255.025 246.775 239.267 232.366 225.974 220.019 214.443 209.200 204.251 199.563 195.110 190.865 186.808 182.920 179.182 175.579 172.097 168.723 165.444 162.249 159.128 156.071 153.071 150.119 147.207 144.330 141.481 138.655 135.847 133.054 130.271 127.497 124.727
441.030 438.332 435.622 432.899 430.164 427.418 424.659 421.887 419.104 416.308 413.499 410.678 407.843 404.996 402.135 399.260 396.371 393.468 390.550 387.617 384.667 381.701 378.718 375.717 372.697 369.658 366.598 363.516 360.412 357.284 354.131 350.951 336.549 308.595 292.652 280.137 269.542 260.242 251.904 244.325 237.365 230.925 224.931 219.324 214.056 209.089 204.390 199.929 195.683 191.628 187.746 184.018 180.427 176.961 173.603 170.343 167.168 164.068 161.032 158.053 155.120 152.227 149.367 146.533 143.719 140.921 138.134 135.354 132.578 129.803 127.027
443.927 441.217 438.495 435.760 433.013 430.253 427.481 424.697 421.900 419.091 416.269 413.434 410.586 407.725 404.850 401.962 399.060 396.143 393.212 390.266 387.303 384.325 381.329 378.316 375.285 372.234 369.164 366.072 362.958 359.820 356.658 345.554 314.805 298.469 285.735 274.987 265.572 257.144 249.490 242.470 235.982 229.948 224.311 219.020 214.037 209.327 204.862 200.617 196.568 192.695 188.981 185.408 181.961 178.627 175.391 172.242 169.169 166.162 163.210 160.305 157.439 154.604 151.793 149.000 146.219 143.447 140.678 137.908 135.135 132.356 129.569
446.864 444.142 441.408 438.660 435.901 433.128 430.344 427.546 424.736 421.913 419.078 416.229 413.367 410.493 407.604 404.702 401.786 398.856 395.911 392.951 389.976 386.984 383.976 380.950 377.907 374.844 371.762 368.659 365.535 362.388 359.216 321.221 304.438 291.466 280.556 271.019 262.496 254.766 247.685 241.147 235.074 229.406 224.093 219.095 214.377 209.910 205.668 201.628 197.769 194.073 190.522 187.101 183.795 180.591 177.475 174.437 171.465 168.549 165.680 162.849 160.048 157.269 154.506 151.753 149.004 146.255 143.501 140.739 137.965 135.179 132.377
449.841 447.108 444.361 441.602 438.829 436.044 433.246 430.436 427.612 424.776 421.927 419.064 416.189 413.300 410.397 407.481 404.551 401.607 398.648 395.674 392.685 389.680 386.658 383.620 380.564 377.489 374.395 371.281 368.145 364.987 327.858 310.567 297.334 286.251 276.587 267.964 260.156 253.011 246.422 240.310 234.612 229.278 224.266 219.541 215.075 210.839 206.811 202.970 199.296 195.772 192.382 189.111 185.944 182.869 179.873 176.945 174.074 171.250 168.464 165.707 162.971 160.249 157.534 154.819 152.101 149.373 146.632 143.875 141.099 138.301 135.481
452.860 450.114 447.356 444.584 441.799 439.001 436.190 433.367 430.530 427.680 424.817 421.940 419.051 416.148 413.231 410.300 407.356 404.397 401.424 398.436 395.433 392.414 389.379 386.327 383.257 380.169 377.063 373.936 370.789 334.739 316.864 303.347 292.078 282.278 273.552 265.661 258.451 251.810 245.658 239.929 234.574 229.549 224.820 220.356 216.129 212.117 208.297 204.650 201.158 197.805 194.575 191.453 188.426 185.481 182.606 179.790 177.021 174.291 171.589 168.908 166.238 163.573 160.906 158.230 155.542 152.835 150.107 147.353 144.571 141.760 138.917
455.920 453.162 450.392 447.608 444.811 442.000 439.177 436.339 433.489 430.625 427.748 424.858 421.954 419.037 416.106 413.161 410.202 407.228 404.241 401.238 398.220 395.187 392.137 389.071 385.988 382.887 379.767 376.628 341.893 323.339 309.509 298.041 288.098 279.261 271.285 264.007 257.313 251.119 245.360 239.984 234.947 230.215 225.754 221.539 217.545 213.750 210.135 206.680 203.370 200.187 197.118 194.147 191.262 188.450 185.698 182.997 180.334 177.700 175.086 172.483 169.882 167.276 164.659 162.025 159.367 156.682 153.965 151.214 148.425 145.598 142.730
459.022 456.253 453.471 450.675 447.865 445.042 442.205 439.355 436.491 433.614 430.723 427.818 424.900 421.968 419.022 416.063 413.089 410.101 407.098 404.081 401.048 398.000 394.936 391.855 388.758 385.643 382.509 349.360 330.005 315.828 304.145 294.049 285.097 277.030 269.681 262.932 256.695 250.905 245.508 240.460 235.725 231.270 227.069 223.097 219.331 215.751 212.339 209.077 205.949 202.939 200.033 197.217 194.478 191.803 189.180 186.598 184.046 181.514 178.993 176.472 173.945 171.403 168.840 166.249 163.625 160.964 158.261 155.512 152.717 149.872 146.978
462.194 459.387 456.593 453.785 450.963 448.128 445.278 442.414 439.537 436.646 433.741 430.822 427.890 424.943 421.983 419.008 416.019 413.016 409.998 406.965 403.917 400.854 397.775 394.680 391.567 388.438 357.192 336.875 322.313 310.396 300.136 291.061 282.899 275.476 268.668 262.388 256.565 251.147 246.088 241.351 236.904 232.718 228.770 225.036 221.496 218.131 214.924 211.857 208.915 206.083 203.346 200.691 198.104 195.573 193.087 190.632 188.199 185.776 183.355 180.925 178.479 176.008 173.505 170.964 168.379 165.746 163.060 160.317 157.517 154.656 151.735
465.534 462.611 459.760 456.940 454.106 451.257 448.395 445.518 442.628 439.723 436.804 433.871 430.924 427.962 424.987 421.997 418.993 415.975 412.941 409.893 406.830 403.751 400.657 397.546 394.418 365.472 343.966 328.971 316.799 306.363 297.158 288.895 281.393 274.525 268.198 262.342 256.901 251.831 247.092 242.653 238.485 234.564 230.865 227.369 224.056 220.909 217.910 215.044 212.294 209.647 207.087 204.602 202.178 199.802 197.462 195.146 192.842 190.541 188.231 185.903 183.549 181.160 178.728 176.246 173.710 171.113 168.451 165.721 162.921 160.049 157.103
468.920 465.986 463.036 460.139 457.293 454.432 451.557 448.668 445.763 442.845 439.912 436.965 434.003 431.027 428.037 425.032 422.012 418.978 415.929 412.865 409.786 406.692 403.581 400.455 374.330 351.299 335.814 323.362 312.736 303.391 295.021 287.436 280.503 274.127 268.235 262.771 257.689 252.949 248.518 244.369 240.476 236.815 233.367 230.111 227.030 224.106 221.323 218.665 216.118 213.666 211.296 208.993 206.745 204.538 202.359 200.197 198.040 195.876 193.694 191.486 189.240 186.949 184.604 182.199 179.726 177.180 174.557 171.853 169.065 166.192 163.233
472.352 469.407 466.446 463.469 460.526 457.653 454.765 451.863 448.945 446.013 443.066 440.105 437.129 434.138 431.133 428.112 425.077 422.028 418.963 415.883 412.788 409.677 406.551 384.008 358.899 342.852 330.092 319.260 309.764 301.280 293.606 286.604 280.175 274.246 268.757 263.661 258.919 254.497 250.368 246.505 242.884 239.486 236.291 233.281 230.438 227.747 225.190 222.754 220.422 218.181 216.017 213.914 211.861 209.843 207.847 205.862 203.873 201.871 199.843 197.779 195.668 193.501 191.271 188.967 186.585 184.117 181.558 178.906 176.155 173.305 170.355
475.830 472.876 469.904 466.916 463.910 460.921 458.021 455.105 452.175 449.229 446.268 443.293 440.302 437.296 434.276 431.240 428.190 425.124 422.043 418.947 415.836 412.709 395.085 366.798 350.099 336.996 325.939 316.281 307.674 299.905 292.829 286.345 280.374 274.858 269.747 265.002 260.589 256.479 252.647 249.068 245.724 242.593 239.659 236.904 234.311 231.864 229.550 227.351 225.255 223.245 221.309 219.431 217.599 215.799 214.016 212.239 210.453 208.648 206.811 204.930 202.996 200.997 198.925 196.770 194.526 192.186 189.743 187.195 184.537 181.767 178.885
479.356 476.392 473.410 470.411 467.394 464.361 461.323 458.395 455.452 452.492 449.518 446.528 443.523 440.503 437.467 434.416 431.350 428.268 425.171 422.059 418.931 410.537 375.039 357.572 344.085 332.781 322.947 314.208 306.336 299.181 292.636 286.621 281.074 275.946 271.196 266.790 262.700 258.899 255.364 252.075 249.012 246.158 243.495 241.008 238.681 236.498 234.446 232.509 230.673 228.923 227.246 225.628 224.054 222.511 220.986 219.464 217.934 216.381 214.795 213.163 211.474 209.719 207.886 205.969 203.960 201.852 199.641 197.324 194.898 192.366 189.730
482.929 479.956 476.964 473.955 470.928 467.883 464.820 461.740 458.777 455.805 452.817 449.813 446.794 443.758 440.708 437.641 434.560 431.462 428.349 425.220 422.075 383.682 365.289 351.368 339.793 329.767 320.884 312.902 305.661 299.050 292.986 287.405 282.257 277.500 273.100 269.028 265.258 261.766 258.534 255.541 252.770 250.205 247.831 245.631 243.591 241.698 239.936 238.291 236.751 235.301 233.928 232.617 231.356 230.131 228.929 227.738 226.544 225.337 224.105 222.839 221.528 220.166 218.747 217.268 215.729 214.134 212.496 210.836 209.196 207.653 206.371
486.551 483.569 480.568 477.548 474.510 471.455 468.381 465.289 462.179 459.167 456.166 453.148 450.114 447.064 443.999 440.917 437.819 434.706 431.576 428.431 392.812 373.274 358.859 346.982 336.746 327.707 319.605 312.271 305.588 299.470 293.851 288.679 283.912 279.516 275.460 271.719 268.272 265.096 262.175 259.490 257.027 254.770 252.705 250.818 249.096 247.525 246.092 244.784 243.590 242.495 241.489 240.558 239.692 238.880 238.110 237.374 236.664 235.975 235.302 234.647 234.017 233.428 232.913 232.530 232.400 232.791 234.563 240.741 235.323 229.825 224.253
490.221 487.230 484.221 481.192 478.144 475.077 471.992 468.889 465.767 462.626 459.565 456.534 453.486 450.421 447.341 444.244 441.131 438.001 434.855 402.564 381.558 366.570 354.357 343.890 334.681 326.448 319.013 312.251 306.073 300.411 295.211 290.431 286.035 281.993 278.280 274.874 271.756 268.906 266.310 263.951 261.817 259.894 258.168 256.629 255.264 254.061 253.011 252.102 251.324 250.668 250.126 249.690 249.354 249.116 248.975 248.937 249.014 249.233 249.639 250.323 251.457 253.460 257.878 264.430 259.345 254.172 248.911 243.562 238.129 232.613 227.019
493.941 490.942 487.924 484.886 481.828 478.752 475.656 472.541 469.407 466.255 463.083 459.971 456.909 453.831 450.735 447.623 444.494 441.349 413.178 390.177 374.521 361.928 351.206 341.810 333.435 325.889 319.041 312.797 307.086 301.853 297.055 292.655 288.624 284.936 281.570 278.507 275.728 273.220 270.969 268.960 267.184 265.628 264.283 263.138 262.186 261.417 260.826 260.407 260.155 260.069 260.150 260.406 260.850 261.507 262.423 263.677 265.417 267.959 272.185 286.768 282.036 277.218 272.311 267.314 262.227 257.048 251.779 246.420 240.973 235.440 229.825
497.710 494.704 491.677 488.631 485.564 482.478 479.372 476.246 473.101 469.937 466.753 463.550 460.386 457.293 454.183 451.056 447.911 425.173 399.184 382.730 369.708 358.702 349.101 340.570 332.902 325.959 319.641 313.875 308.604 303.782 299.374 295.350 291.683 288.354 285.343 282.635 280.214 278.070 276.190 274.564 273.184 272.042 271.132 270.448 269.987 269.748 269.732 269.944 270.396 271.107 272.109 273.458 275.248 277.652 281.038 286.422 303.374 298.890 294.327 289.682 284.952 280.135 275.229 270.231 265.141 259.958 254.682 249.314 243.855 238.307 232.673
501.529 498.516 495.482 492.427 489.352 486.257 483.141 480.005 476.849 473.673 470.477 467.261 464.026 460.810 457.685 454.543 440.392 408.649 391.224 377.709 366.386 356.558 347.856 340.055 333.007 326.608 320.779 315.463 310.612 306.190 302.167 298.518 295.221 292.260 289.618 287.283 285.245 283.493 282.020 280.821 279.890 279.226 278.828 278.700 278.848 279.285 280.032 281.121 282.608 284.580 287.194 290.757 296.012 306.154 315.056 310.720 306.313 301.831 297.270 292.627 287.899 283.084 278.178 273.180 268.089 262.903 257.621 252.246 246.776 241.214 235.563
505.399 502.379 499.338 496.276 493.193 490.089 486.964 483.818 480.651 477.464 474.257 471.029 467.781 464.513 461.242 458.085 418.678 400.035 385.949 374.269 364.190 355.299 347.351 340.188 333.698 327.799 322.430 317.544 313.102 309.075 305.437 302.167 299.250 296.671 294.419 292.484 290.859 289.540 288.524 287.810 287.402 287.306 287.534 288.106 289.049 290.411 292.263 294.726 298.015 302.575 309.616 330.642 326.498 322.294 318.026 313.690 309.284 304.803 300.244 295.603 290.877 286.064 281.159 276.162 271.070 265.882 260.597 255.214 249.735 244.161 238.493
509.319 506.294 503.247 500.178 497.087 493.975 490.841 487.685 484.509 481.311 478.092 474.853 471.592 468.311 465.010 429.404 409.206 394.447 382.363 372.003 362.903 354.795 347.504 340.913 334.934 329.505 324.576 320.108 316.069 312.436 309.188 306.310 303.788 301.613 299.777 298.276 297.109 296.276 295.782 295.638 295.857 296.464 297.495 299.003 301.074 303.849 307.581 312.802 321.044 341.790 337.749 333.656 329.507 325.300 321.030 316.694 312.287 307.807 303.250 298.611 293.887 289.076 284.173 279.177 274.085 268.896 263.607 258.220 252.733 247.147 241.466
513.290 510.260 507.207 504.132 501.034 497.914 494.772 491.608 488.422 485.215 481.985 478.734 475.462 472.168 437.639 417.781 403.132 390.682 380.008 370.677 362.390 354.959 348.255 342.188 336.690 331.709 327.206 323.149 319.514 316.281 313.434 310.962 308.858 307.116 305.734 304.714 304.062 303.789 303.911 304.456 305.462 306.987 309.121 312.012 315.922 321.391 329.925 352.815 348.858 344.856 340.807 336.707 332.553 328.342 324.069 319.731 315.324 310.845 306.288 301.651 296.930 292.121 287.220 282.226 277.135 271.945 266.654 261.263 255.769 250.174 244.480
517.312 514.277 511.220 508.139 505.035 501.909 498.759 495.587 492.392 489.175 485.935 482.674 479.390 446.249 425.802 410.921 398.677 388.118 378.628 370.143 362.556 355.728 349.561 343.984 338.943 334.397 330.314 326.668 323.441 320.618 318.189 316.148 314.491 313.221 312.342 311.866 311.810 312.200 313.076 314.496 316.548 319.372 323.215 328.558 336.630 355.057 359.875 355.946 351.977 347.965 343.906 339.799 335.638 331.422 327.145 322.804 318.396 313.916 309.361 304.725 300.006 295.199 290.301 285.309 280.219 275.029 269.738 264.343 258.844 253.241 247.536
521.385 518.347 515.285 512.200 509.091 505.958 502.802 499.622 496.419 493.193 489.944 486.672 455.263 434.068 418.910 406.502 395.827 386.409 377.980 370.301 363.334 357.056 351.390 346.279 341.680 337.561 333.897 330.667 327.859 325.464 323.476 321.896 320.728 319.981 319.673 319.827 320.482 321.690 323.534 326.140 329.720 334.671 341.894 354.755 370.844 366.973 363.067 359.124 355.142 351.118 347.049 342.932 338.764 334.541 330.259 325.915 321.505 317.024 312.468 307.833 303.116 298.311 293.416 288.426 283.338 278.149 272.857 267.461 261.958 256.349 250.633
525.509 522.469 519.404 516.315 513.201 510.063 506.900 503.714 500.504 497.269 494.011 464.735 442.581 427.099 414.502 403.695 394.175 385.662 377.983 371.023 364.675 358.909 353.717 349.057 344.893 341.199 337.958 335.155 332.783 330.839 329.324 328.247 327.622 327.470 327.824 328.733 330.269 332.540 335.721 340.121 346.370 356.223 381.806 377.978 374.121 370.232 366.309 362.350 358.354 354.317 350.236 346.109 341.931 337.701 333.413 329.065 324.651 320.168 315.612 310.977 306.261 301.458 296.565 291.578 286.492 281.305 276.014 270.616 265.111 259.496 253.773
529.685 526.643 523.576 520.483 517.366 514.223 511.055 507.863 504.646 501.404 474.754 451.346 435.485 422.676 411.722 402.088 393.482 385.723 378.692 372.309 366.514 361.261 356.528 352.308 348.575 345.311 342.503 340.143 338.231 336.770 335.772 335.253 335.244 335.784 336.935 338.786 341.479 345.246 350.524 358.302 372.352 388.998 385.178 381.329 377.452 373.544 369.604 365.628 361.616 357.564 353.470 349.331 345.144 340.904 336.609 332.255 327.836 323.351 318.793 314.158 309.443 304.642 299.751 294.765 289.682 284.497 279.207 273.810 268.303 262.685 256.955
533.911 530.869 527.800 524.706 521.585 518.439 515.267 512.069 508.846 485.486 460.371 444.068 431.021 419.904 410.146 401.438 393.591 386.483 380.030 374.171 368.866 364.085 359.808 356.026 352.728 349.903 347.544 345.651 344.230 343.295 342.869 342.985 343.693 345.067 347.216 350.315 354.667 360.866 370.457 397.063 396.267 392.450 388.608 384.739 380.841 376.913 372.953 368.959 364.930 360.862 356.754 352.601 348.402 344.152 339.849 335.487 331.063 326.573 322.013 317.377 312.662 307.862 302.972 297.990 292.909 287.727 282.439 277.042 271.534 265.913 260.179
538.189 535.147 532.078 528.982 525.860 522.711 519.535 516.333 497.313 469.667 452.850 439.535 428.240 418.347 409.528 401.587 394.395 387.865 381.936 376.565 371.722 367.388 363.552 360.209 357.355 354.984 353.096 351.701 350.815 350.463 350.686 351.541 353.113 355.534 359.015 363.932 371.075 382.831 407.410 403.619 399.805 395.965 392.100 388.208 384.288 380.339 376.359 372.346 368.299 364.214 360.089 355.922 351.709 347.448 343.134 338.764 334.333 329.838 325.274 320.636 315.920 311.120 306.232 301.251 296.173 290.994 285.708 280.313 274.805 269.183 263.445
542.518 539.477 536.408 533.312 530.189 527.038 523.861 511.580 479.254 461.830 448.217 436.727 426.688 417.751 409.708 402.425 395.812 389.807 384.364 379.453 375.053 371.155 367.752 364.851 362.460 360.568 359.183 358.328 358.032 358.340 359.318 361.062 363.723 367.549 372.993 381.071 395.432 414.853 411.062 407.247 403.408 399.545 395.656 391.741 387.798 383.827 379.825 375.792 371.724 367.620 363.478 359.295 355.068 350.793 346.467 342.087 337.648 333.147 328.577 323.936 319.218 314.418 309.531 304.552 299.476 294.299 289.016 283.623 278.117 272.494 266.753
546.897 543.858 540.792 537.697 534.574 531.422 528.243 489.158 471.013 457.066 445.364 435.169 426.105 417.953 410.574 403.873 397.784 392.263 387.277 382.805 378.836 375.366 372.397 369.942 368.019 366.658 365.834 365.574 365.945 367.019 368.903 371.766 375.890 381.805 390.764 408.294 422.391 418.598 414.782 410.943 407.079 403.191 399.278 395.339 391.372 387.378 383.353 379.298 375.209 371.085 366.924 362.723 358.479 354.190 349.851 345.459 341.011 336.501 331.925 327.280 322.558 317.757 312.870 307.892 302.818 297.644 292.363 286.973 281.469 275.847 270.105
