avaframe/data/avaFlowPy/Inputs/helix_010m_cr100_sw250_f2500.20.6_n0.asc
ncols 376 
nrows 176 
xllcorner -1875.000000 
yllcorner -1750.000000 
cellsize 10.000000 
NODATA_value -9999.000000 
[rows 96 to 127 of 176, columns 71 to 141 of 376]
551.326 548.291 545.227 542.134 539.013 535.862 499.421 480.402 466.081 454.149 443.786 434.588 426.322 418.841 412.046 405.869 400.263 395.196 390.645 386.599 383.052 380.008 377.477 375.478 374.041 373.206 373.034 373.500 374.642 376.632 379.655 384.021 390.330 400.063 421.543 430.026 426.232 422.414 418.574 414.709 410.821 406.908 402.969 399.005 395.014 390.994 386.946 382.867 378.756 374.611 370.429 366.209 361.948 357.642 353.288 348.883 344.423 339.903 335.320 330.668 325.943 321.139 316.251 311.273 306.201 301.029 295.751 290.364 284.862 279.241 273.499
555.804 552.775 549.715 546.625 543.506 510.109 490.005 475.261 463.078 452.537 443.197 434.811 427.223 420.330 414.060 408.366 403.211 398.575 394.444 390.813 387.685 385.068 382.983 381.457 380.531 380.261 380.728 382.047 384.248 387.384 391.930 398.540 408.886 435.879 437.760 433.965 430.147 426.305 422.439 418.549 414.635 410.696 406.731 402.741 398.724 394.680 390.606 386.503 382.368 378.200 373.997 369.756 365.475 361.151 356.780 352.360 347.887 343.356 338.764 334.104 329.373 324.565 319.675 314.697 309.626 304.455 299.180 293.796 288.296 282.678 276.937
560.332 557.308 554.254 551.169 521.336 499.832 484.608 472.152 461.420 451.932 443.420 435.721 428.725 422.358 416.570 411.324 406.597 402.376 398.653 395.432 392.722 390.540 388.913 387.881 387.497 387.840 389.020 391.200 394.641 399.615 406.423 417.177 449.363 445.593 441.799 437.981 434.138 430.271 426.380 422.464 418.524 414.558 410.567 406.551 402.507 398.436 394.337 390.208 386.048 381.856 377.629 373.366 369.064 364.720 360.331 355.895 351.407 346.863 342.259 337.590 332.852 328.039 323.145 318.165 313.094 307.924 302.652 297.270 291.774 286.158 280.419
564.907 561.891 558.844 533.320 509.898 494.122 481.366 470.432 460.787 452.146 444.331 437.229 430.762 424.876 419.535 414.712 410.395 406.575 403.254 400.441 398.153 396.415 395.264 394.754 394.956 395.975 397.965 401.164 405.984 413.240 424.915 457.293 453.526 449.734 445.917 442.074 438.207 434.316 430.399 426.457 422.490 418.498 414.480 410.436 406.365 402.267 398.141 393.985 389.799 385.581 381.329 377.042 372.717 368.352 363.943 359.489 354.984 350.425 345.808 341.129 336.381 331.561 326.663 321.680 316.607 311.438 306.167 300.788 295.295 289.682 283.945
569.530 566.523 546.584 520.226 503.805 490.721 479.570 469.763 460.986 453.052 445.841 439.271 433.285 427.844 422.922 418.503 414.581 411.155 408.232 405.829 403.970 402.690 402.039 402.085 402.927 404.705 407.640 412.096 418.771 429.396 454.640 461.557 457.768 453.954 450.114 446.248 442.357 438.440 434.498 430.530 426.536 422.517 418.471 414.399 410.300 406.174 402.020 397.837 393.623 389.379 385.101 380.788 376.439 372.051 367.620 363.145 358.622 354.046 349.414 344.722 339.964 335.135 330.230 325.243 320.168 314.998 309.728 304.351 298.860 293.251 287.517
574.199 563.446 530.851 513.663 500.214 488.832 478.854 469.937 461.882 454.560 447.884 441.795 436.252 431.227 426.704 422.674 419.137 416.099 413.574 411.585 410.166 409.363 409.240 409.889 411.440 414.091 418.164 424.253 433.711 452.029 470.065 466.105 462.116 458.256 454.394 450.505 446.589 442.647 438.679 434.685 430.664 426.617 422.544 418.444 414.316 410.162 405.978 401.767 397.525 393.252 388.947 384.607 380.232 375.819 371.365 366.868 362.324 357.729 353.081 348.374 343.603 338.764 333.850 328.857 323.778 318.606 313.336 307.960 302.472 296.865 291.135
578.913 541.827 523.701 509.846 498.215 488.057 478.997 470.818 463.382 456.599 450.405 444.758 439.629 434.999 430.858 427.205 424.045 421.392 419.267 417.700 416.736 416.433 416.877 418.186 420.538 424.217 429.723 438.120 452.814 478.667 474.719 470.740 466.731 462.691 458.757 454.845 450.905 446.939 442.945 438.924 434.877 430.802 426.701 422.572 418.415 414.231 410.019 405.777 401.506 397.204 392.870 388.502 384.100 379.660 375.181 370.659 366.093 361.478 356.810 352.086 347.301 342.449 337.526 332.525 327.440 322.265 316.993 311.617 306.131 300.527 294.800
553.246 533.932 519.615 507.716 497.370 488.162 479.856 472.306 465.415 459.115 453.363 448.127 443.387 439.133 435.362 432.077 429.291 427.023 425.301 424.168 423.676 423.905 424.961 427.005 430.283 435.217 442.646 454.844 487.355 483.423 479.458 475.462 471.433 467.373 463.282 459.271 455.308 451.317 447.298 443.251 439.177 435.074 430.944 426.786 422.601 418.387 414.144 409.872 405.570 401.238 396.874 392.477 388.045 383.578 379.071 374.524 369.933 365.295 360.607 355.864 351.061 346.195 341.259 336.248 331.156 325.976 320.701 315.324 309.839 304.237 298.513
544.372 529.525 517.333 506.789 497.428 488.994 481.328 474.328 467.923 462.065 456.722 451.872 447.502 443.610 440.197 437.274 434.859 432.978 431.668 430.981 430.986 431.783 433.511 436.387 440.765 447.310 457.608 479.476 492.212 488.265 484.284 480.271 476.224 472.145 468.033 463.889 459.799 455.784 451.740 447.667 443.566 439.436 435.277 431.090 426.875 422.630 418.357 414.054 409.721 405.357 400.962 396.535 392.073 387.575 383.040 378.465 373.848 369.185 364.474 359.709 354.888 350.005 345.055 340.032 334.930 329.742 324.463 319.084 313.598 307.998 302.276
539.578 527.065 516.310 506.791 498.226 490.445 483.336 476.826 470.863 465.412 460.451 455.966 451.951 448.408 445.346 442.781 440.736 439.246 438.358 438.135 438.666 440.076 442.552 446.392 452.126 460.897 476.532 501.079 497.153 493.193 489.198 485.169 481.105 477.007 472.876 468.711 464.513 460.342 456.273 452.175 448.046 443.889 439.702 435.486 431.240 426.965 422.661 418.326 413.961 409.566 405.138 400.679 396.185 391.657 387.091 382.487 377.841 373.152 368.415 363.627 358.784 353.882 348.915 343.877 338.764 333.567 328.281 322.898 317.411 311.811 306.091
536.909 525.931 516.248 507.550 499.652 492.436 485.821 479.754 474.197 469.126 464.525 460.388 456.714 453.512 450.794 448.583 446.910 445.818 445.364 445.627 446.718 448.799 452.121 457.110 464.608 476.886 510.017 506.118 502.182 498.209 494.201 490.157 486.077 481.962 477.811 473.627 469.407 465.154 460.900 456.776 452.621 448.437 444.221 439.976 435.700 431.394 427.058 422.692 418.295 413.866 409.406 404.913 400.387 395.826 391.228 386.593 381.917 377.198 372.434 367.620 362.754 357.830 352.843 347.789 342.662 337.454 332.159 326.770 321.279 315.678 309.959
535.647 525.793 516.960 508.946 501.623 494.905 488.736 483.074 477.894 473.179 468.920 465.116 461.773 458.903 456.525 454.668 453.370 452.683 452.677 453.452 455.146 457.972 462.273 468.684 478.674 498.598 515.150 511.242 507.297 503.314 499.293 495.236 491.141 487.010 482.842 478.638 474.398 470.123 465.813 461.474 457.293 453.081 448.838 444.563 440.258 435.921 431.553 427.154 422.724 418.262 413.768 409.241 404.681 400.086 395.455 390.787 386.079 381.329 376.535 371.694 366.801 361.853 356.845 351.772 346.627 341.406 336.100 330.703 325.206 319.603 313.883
535.424 526.453 518.322 510.893 504.074 497.804 492.041 486.754 481.926 477.547 473.615 470.132 467.110 464.566 462.525 461.021 460.102 459.831 460.293 461.610 463.961 467.625 473.088 481.357 495.454 524.241 520.367 516.453 512.500 508.508 504.477 500.407 496.299 492.153 487.969 483.747 479.488 475.192 470.860 466.491 462.086 457.825 453.554 449.251 444.915 440.548 436.148 431.717 427.253 422.757 418.229 413.667 409.072 404.442 399.776 395.073 390.332 385.549 380.724 375.852 370.931 365.956 360.923 355.828 350.664 345.426 340.107 334.699 329.195 323.587 317.865
536.023 527.775 520.242 513.324 506.957 501.093 495.703 490.766 486.270 482.211 478.591 475.419 472.710 470.487 468.780 467.631 467.097 467.253 468.204 470.102 473.174 477.801 484.697 495.613 520.626 529.547 525.670 521.751 517.792 513.792 509.752 505.672 501.552 497.392 493.193 488.955 484.678 480.362 476.009 471.617 467.188 462.722 458.373 454.041 449.676 445.278 440.847 436.383 431.885 427.355 422.791 418.194 413.563 408.897 404.195 399.457 394.680 389.863 385.003 380.099 375.147 370.143 365.083 359.963 354.778 349.520 344.185 338.764 333.250 327.634 321.908
537.301 529.664 522.650 516.188 510.229 504.739 499.695 495.085 490.903 487.150 483.831 480.960 478.558 476.650 475.276 474.485 474.342 474.940 476.406 478.929 482.807 488.566 497.322 512.685 538.771 534.935 531.057 527.136 523.173 519.167 515.120 511.031 506.900 502.729 498.516 494.263 489.969 485.635 481.262 476.849 472.397 467.906 463.377 458.937 454.543 450.114 445.651 441.155 436.624 432.059 427.460 422.827 418.159 413.456 408.717 403.941 399.127 394.274 389.379 384.440 379.454 374.419 369.329 364.182 358.971 353.692 348.337 342.900 337.373 331.748 326.016
539.155 532.047 525.494 519.443 513.856 508.711 503.992 499.691 495.807 492.346 489.318 486.740 484.637 483.043 482.001 481.569 481.827 482.883 484.893 488.097 492.889 500.025 511.400 540.794 544.240 540.406 536.529 532.607 528.642 524.633 520.580 516.484 512.345 508.163 503.939 499.672 495.363 491.013 486.621 482.188 477.714 473.200 468.645 464.052 459.518 455.059 450.566 446.036 441.472 436.872 432.238 427.568 422.863 418.122 413.345 408.531 403.679 398.787 393.855 388.879 383.858 378.788 373.667 368.489 363.251 357.946 352.569 347.113 341.570 335.933 330.192
541.510 534.869 528.730 523.052 517.809 512.985 508.570 504.562 500.963 497.783 495.035 492.743 490.935 489.650 488.940 488.872 489.539 491.072 493.663 497.615 503.465 512.353 528.037 553.571 549.788 545.959 542.085 538.165 534.200 530.189 526.133 522.032 517.887 513.697 509.462 505.184 500.861 496.496 492.087 487.635 483.141 478.605 474.027 469.407 464.747 460.117 455.592 451.031 446.433 441.799 437.129 432.422 427.680 422.900 418.084 413.231 408.339 403.408 398.436 393.422 388.363 383.257 378.100 372.890 367.620 362.287 356.885 351.407 345.845 340.192 334.439
544.308 538.085 532.320 526.986 522.062 517.539 513.412 509.681 506.354 503.444 500.970 498.956 497.437 496.459 496.080 496.380 497.468 499.499 502.713 507.500 514.606 525.886 553.654 559.189 555.415 551.594 547.725 543.809 539.846 535.836 531.779 527.676 523.526 519.329 515.087 510.799 506.465 502.086 497.662 493.193 488.680 484.123 479.523 474.879 470.192 465.464 460.734 456.141 451.511 446.842 442.137 437.393 432.613 427.795 422.939 418.045 413.113 408.141 403.128 398.074 392.975 387.830 382.636 377.389 372.086 366.722 361.291 355.787 350.203 344.531 338.764
547.502 541.656 536.235 531.219 526.593 522.353 518.497 515.031 511.965 509.316 507.105 505.363 504.129 503.455 503.408 504.080 505.600 508.156 512.042 517.774 526.431 541.405 568.597 564.883 561.120 557.308 553.448 549.538 545.580 541.574 537.518 533.414 529.262 525.062 520.814 516.518 512.175 507.784 503.347 498.863 494.333 489.757 485.135 480.469 475.758 471.002 466.203 461.371 456.708 452.006 447.265 442.485 437.667 432.810 427.914 422.979 418.005 412.991 407.936 402.840 397.699 392.513 387.279 381.994 376.654 371.255 365.792 360.259 354.649 348.956 343.169
551.054 545.553 540.448 535.727 531.381 527.407 523.810 520.596 517.781 515.383 513.429 511.952 510.998 510.624 510.910 511.960 513.925 517.033 521.653 528.477 539.150 561.996 574.348 570.649 566.900 563.101 559.252 555.352 551.401 547.401 543.349 539.248 535.096 530.894 526.643 522.342 517.991 513.591 509.143 504.646 500.101 495.507 490.867 486.179 481.445 476.664 471.838 466.966 462.049 457.293 452.517 447.701 442.845 437.949 433.013 428.037 423.020 417.964 412.865 407.725 402.541 397.312 392.035 386.709 381.329 375.893 370.394 364.829 359.190 353.470 347.662
554.931 549.747 544.936 540.491 536.408 532.686 529.334 526.362 523.787 521.632 519.926 518.708 518.029 517.954 518.571 520.004 522.430 526.123 531.553 539.670 553.200 583.795 580.167 576.487 572.755 568.972 565.136 561.248 557.308 553.316 549.272 545.175 541.027 536.826 532.574 528.270 523.915 519.508 515.051 510.543 505.985 501.377 496.719 492.012 487.256 482.452 477.600 472.700 467.753 462.760 457.897 453.045 448.152 443.217 438.240 433.223 428.164 423.063 417.921 412.735 407.506 402.232 396.911 391.541 386.119 380.642 375.105 369.503 363.831 358.082 352.247
559.107 554.215 549.679 545.493 541.656 538.174 535.056 532.314 529.970 528.049 526.584 525.618 525.209 525.429 526.379 528.200 531.102 535.418 541.752 551.459 569.794 589.658 586.052 582.394 578.682 574.917 571.098 567.226 563.299 559.319 555.284 551.196 547.053 542.857 538.607 534.303 529.946 525.535 521.072 516.555 511.986 507.365 502.693 497.968 493.193 488.367 483.491 478.565 473.590 468.567 463.495 458.522 453.591 448.618 443.601 438.542 433.440 428.295 423.107 417.876 412.600 407.280 401.912 396.496 391.029 385.508 379.929 374.288 368.579 362.796 356.932
563.556 558.936 554.657 550.714 547.112 543.857 540.960 538.440 536.317 534.621 533.389 532.669 532.524 533.035 534.318 536.533 539.928 544.911 552.273 564.039 599.107 595.581 592.001 588.367 584.679 580.935 577.136 573.282 569.372 565.407 561.385 557.308 553.175 548.986 544.741 540.440 536.084 531.672 527.205 522.683 518.106 513.475 508.790 504.050 499.258 494.413 489.515 484.565 479.563 474.510 469.407 464.254 459.167 454.156 449.099 443.999 438.854 433.664 428.431 423.153 417.830 412.461 407.045 401.581 396.066 390.499 384.875 379.190 373.441 367.620 361.722
568.258 563.893 559.853 556.140 552.759 549.720 547.035 544.725 542.815 541.336 540.329 539.848 539.961 540.760 542.374 544.988 548.895 554.599 563.153 577.822 605.057 601.561 598.011 594.404 590.742 587.023 583.248 579.416 575.526 571.578 567.574 563.511 559.390 555.212 550.975 546.681 542.329 537.919 533.451 528.927 524.345 519.706 515.011 510.260 505.452 500.590 495.672 490.700 485.674 480.594 475.462 470.277 465.039 459.835 454.740 449.598 444.410 439.177 433.897 428.572 423.200 417.782 412.317 406.802 401.238 395.621 389.949 384.218 378.424 372.562 366.625
573.194 569.067 565.254 561.757 558.586 555.751 553.268 551.159 549.452 548.181 547.392 547.142 547.506 548.588 550.531 553.551 557.990 564.478 574.454 594.008 611.057 607.595 604.077 600.502 596.869 593.179 589.430 585.623 581.757 577.831 573.846 569.802 565.697 561.533 557.308 553.024 548.679 544.274 539.810 535.286 530.702 526.059 521.357 516.596 511.777 506.900 501.966 496.974 491.926 486.821 481.661 476.446 471.176 465.852 460.526 455.344 450.114 444.836 439.511 434.138 428.718 423.249 417.733 412.167 406.551 400.882 395.159 389.379 383.537 377.629 371.650
578.348 574.444 570.843 567.552 564.579 561.937 559.647 557.730 556.217 555.146 554.565 554.538 555.147 556.506 558.776 562.205 567.199 574.549 586.292 620.474 617.106 613.680 610.197 606.656 603.057 599.398 595.680 591.901 588.062 584.162 580.201 576.178 572.093 567.947 563.738 559.467 555.134 550.738 546.280 541.760 537.178 532.534 527.829 523.062 518.234 513.345 508.397 503.388 498.320 493.193 488.008 482.765 477.464 472.107 466.694 461.242 455.971 450.649 445.278 439.858 434.388 428.869 423.300 417.681 412.012 406.289 400.513 394.680 388.786 382.829 376.803
583.704 580.010 576.610 573.511 570.726 568.269 566.160 564.426 563.098 562.217 561.837 562.024 562.869 564.499 567.093 570.935 576.509 584.819 598.897 626.525 623.197 619.811 616.367 612.864 609.301 605.677 601.993 598.247 594.439 590.568 586.634 582.637 578.576 574.452 570.262 566.009 561.691 557.308 552.861 548.349 543.772 539.131 534.425 529.656 524.823 519.926 514.966 509.944 504.859 499.712 494.505 489.236 483.907 478.519 473.071 467.566 462.002 456.620 451.204 445.736 440.217 434.647 429.026 423.353 417.628 411.850 406.018 400.129 394.182 388.171 382.094
589.248 585.751 582.540 579.624 577.017 574.734 572.798 571.237 570.085 569.386 569.195 569.588 570.661 572.553 575.467 579.725 585.908 595.305 612.827 632.613 629.328 625.985 622.583 619.121 615.598 612.013 608.366 604.656 600.883 597.045 593.143 589.176 585.143 581.044 576.879 572.647 568.348 563.983 559.550 555.050 550.483 545.848 541.147 536.379 531.544 526.643 521.675 516.642 511.544 506.381 501.154 495.862 490.508 485.091 479.612 474.071 468.470 462.808 457.293 451.779 446.211 440.590 434.916 429.189 423.408 417.573 411.683 405.736 399.731 393.664 387.532
594.967 591.656 588.624 585.881 583.441 581.323 579.551 578.153 577.167 576.640 576.630 577.218 578.510 580.656 583.883 588.560 595.382 606.036 630.400 638.732 635.494 632.197 628.840 625.422 621.943 618.400 614.795 611.125 607.390 603.590 599.723 595.790 591.789 587.720 583.583 579.378 575.103 570.759 566.345 561.861 557.308 552.685 547.992 543.229 538.397 533.495 528.525 523.485 518.377 513.201 507.957 502.646 497.269 491.826 486.318 480.745 475.108 469.407 463.644 457.992 452.376 446.705 440.978 435.195 429.358 423.465 417.515 411.509 405.443 399.317 393.126
600.850 597.714 594.850 592.270 589.989 588.027 586.408 585.165 584.336 583.970 584.131 584.904 586.403 588.794 592.326 597.424 604.919 617.072 648.010 644.880 641.692 638.443 635.135 631.764 628.331 624.835 621.274 617.648 613.956 610.197 606.371 602.475 598.511 594.477 590.373 586.198 581.951 577.633 573.243 568.781 564.246 559.639 554.959 550.206 545.381 540.483 535.513 530.471 525.358 520.172 514.916 509.590 504.193 498.728 493.193 487.590 481.920 476.183 470.381 464.513 458.718 452.997 447.217 441.380 435.486 429.534 423.524 417.456 411.328 405.138 398.885
606.886 603.915 601.210 598.783 596.651 594.835 593.362 592.264 591.581 591.367 591.689 592.635 594.331 596.954 600.783 606.300 614.509 628.529 654.130 651.052 647.915 644.719 641.462 638.142 634.759 631.313 627.800 624.222 620.577 616.863 613.080 609.228 605.304 601.309 597.243 593.103 588.890 584.603 580.242 575.805 571.294 566.708 562.046 557.308 552.495 547.606 542.641 537.601 532.487 527.297 522.032 516.694 511.282 505.798 500.240 494.611 488.911 483.141 477.301 471.392 465.415 459.473 453.642 447.750 441.799 435.788 429.717 423.585 417.393 411.139 404.821
613.065 610.250 607.694 605.411 603.420 601.741 600.403 599.440 598.895 598.822 599.293 600.401 602.280 605.123 609.238 615.173 624.143 640.665 660.266 657.243 654.161 651.019 647.816 644.551 641.222 637.828 634.368 630.841 627.246 623.581 619.847 616.041 612.163 608.213 604.188 600.089 595.914 591.663 587.335 582.931 578.448 573.888 569.249 564.532 559.736 554.861 549.907 544.874 539.763 534.574 529.306 523.960 518.538 513.038 507.462 501.811 496.084 490.283 484.409 478.462 472.443 466.353 460.258 454.313 448.305 442.235 436.102 429.907 423.650 417.329 410.943
