avaframe/data/avaParabola/Avaflow_Input/prefix_results/prefix_ascii/prefix_tflow10015.asc
ncols 250
nrows 100
xllcenter 997.50
yllcenter -4997.50
cellsize 20.00
NODATA_value -9999.000
[rows 33 to 65 of 100, columns 76 to 151 of 250]
0.000 0.000 0.000 0.000 0.000 0.000 0.000 0.000 0.000 0.000 0.000 0.000 0.000 0.000 0.000 0.000 0.000 0.000 0.000 0.000 0.000 0.000 0.000 0.000 0.000 1.142 1.509 2.127 2.769 3.410 4.066 4.646 5.187 5.743 6.337 6.948 7.568 8.187 8.782 9.415 10.771 11.479 13.821 4.038 0.000 0.037 0.159 0.286 0.370 0.425 0.381 0.263 0.108 0.000 0.000 0.000 0.000 0.000 0.000 0.000 0.000 0.000 0.000 0.000 0.000 0.000 0.000 0.000 0.000 0.000 0.000 0.000 0.000 0.000 0.000 0.000
0.000 0.000 0.000 0.000 0.000 0.000 0.000 0.000 0.000 0.000 0.000 0.000 0.000 0.000 0.000 0.000 0.000 0.000 0.000 0.000 0.000 0.000 0.000 0.000 1.552 2.509 3.414 4.414 5.470 6.544 7.648 8.827 10.113 11.488 12.928 14.439 16.007 17.580 19.140 20.823 23.876 25.370 33.076 10.418 0.000 0.118 0.764 1.632 2.051 2.241 2.115 1.696 0.728 0.037 0.000 0.000 0.000 0.000 0.000 0.000 0.000 0.000 0.000 0.000 0.000 0.000 0.000 0.000 0.000 0.000 0.000 0.000 0.000 0.000 0.000 0.000
0.000 0.000 0.000 0.000 0.000 0.000 0.000 0.000 0.000 0.000 0.000 0.000 0.000 0.000 0.000 0.000 0.000 0.000 0.000 0.000 0.000 0.000 0.000 2.182 3.658 5.137 6.539 8.022 9.616 11.341 13.268 15.467 17.964 20.722 23.688 26.837 30.161 33.609 37.157 41.037 46.669 49.769 69.967 24.912 0.048 0.192 2.214 4.923 6.458 7.614 8.122 7.245 3.431 0.848 0.141 0.031 0.000 0.000 0.000 0.000 0.000 0.000 0.000 0.000 0.000 0.000 0.000 0.000 0.000 0.000 0.000 0.000 0.000 0.000 0.000 0.000
0.000 0.000 0.000 0.000 0.000 0.000 0.000 0.000 0.000 0.000 0.000 0.000 0.000 0.000 0.000 0.000 0.000 0.000 0.000 0.000 0.000 0.000 2.698 4.973 7.021 8.949 10.950 13.128 15.569 18.355 21.559 25.263 29.526 34.350 39.685 45.478 51.726 58.437 65.647 73.596 83.185 88.588 132.041 38.323 0.008 0.688 5.075 8.501 11.263 16.908 20.376 18.012 9.901 4.291 1.264 0.241 0.044 0.000 0.000 0.000 0.000 0.000 0.000 0.000 0.000 0.000 0.000 0.000 0.000 0.000 0.000 0.000 0.000 0.000 0.000 0.000
0.000 0.000 0.000 0.000 0.000 0.000 0.000 0.000 0.000 0.000 0.000 0.000 0.000 0.000 0.000 0.000 0.000 0.000 0.000 0.000 0.000 3.116 5.955 8.577 11.106 13.741 16.640 19.942 23.766 28.203 33.323 39.224 46.028 53.814 62.599 72.367 83.114 94.986 108.139 121.892 138.454 157.517 213.884 39.764 0.000 2.008 11.617 13.610 17.632 27.085 28.538 21.719 17.826 13.685 5.807 1.504 0.265 0.042 0.000 0.000 0.000 0.000 0.000 0.000 0.000 0.000 0.000 0.000 0.000 0.000 0.000 0.000 0.000 0.000 0.000 0.000
0.000 0.000 0.000 0.000 0.000 0.000 0.000 0.000 0.000 0.000 0.000 0.000 0.000 0.000 0.000 0.000 0.000 0.000 0.000 0.000 3.555 6.655 9.755 12.804 16.014 19.585 23.733 28.648 34.452 41.202 48.944 57.790 67.927 79.541 92.731 107.568 124.112 142.627 163.277 184.152 214.041 273.197 272.454 26.989 0.000 11.684 31.208 37.956 47.604 53.812 37.580 25.559 29.787 34.637 18.599 5.671 1.350 0.169 0.000 0.000 0.000 0.000 0.000 0.000 0.000 0.000 0.000 0.000 0.000 0.000 0.000 0.000 0.000 0.000 0.000 0.000
0.000 0.000 0.000 0.000 0.000 0.000 0.000 0.000 0.000 0.000 0.000 0.000 0.000 0.000 0.000 0.000 0.000 0.000 0.000 3.576 6.978 10.394 13.837 17.496 21.558 26.253 31.872 38.669 46.741 56.084 66.730 78.801 92.512 108.120 125.834 145.811 168.176 193.196 221.426 249.413 298.262 413.854 289.900 10.969 3.533 49.673 108.489 147.251 156.844 128.491 71.634 51.448 63.359 77.490 45.446 15.716 5.036 1.111 0.045 0.000 0.000 0.000 0.000 0.000 0.000 0.000 0.000 0.000 0.000 0.000 0.000 0.000 0.000 0.000 0.000 0.000
0.000 0.000 0.000 0.000 0.000 0.000 0.000 0.000 0.000 0.000 0.000 0.000 0.000 0.000 0.000 0.000 0.000 0.000 2.781 6.690 10.325 13.975 17.882 22.201 27.139 32.988 40.089 48.690 58.867 70.603 83.916 98.932 115.879 135.062 156.762 181.214 208.583 239.173 274.767 306.886 376.162 532.326 248.823 5.917 0.000 94.397 165.585 161.765 166.981 173.424 140.665 125.289 144.687 0.527 0.792 37.171 13.511 4.329 1.057 0.191 0.000 0.000 0.000 0.000 0.000 0.000 0.000 0.000 0.000 0.000 0.000 0.000 0.000 0.000 0.000 0.000
0.000 0.000 0.000 0.000 0.000 0.000 0.000 0.000 0.000 0.000 0.000 0.000 0.000 0.000 0.000 0.000 0.000 0.000 5.548 9.503 13.248 17.209 21.567 26.483 32.206 39.110 47.548 57.737 69.740 83.540 99.155 116.696 136.382 158.543 183.523 211.635 243.034 278.537 321.267 353.362 437.714 636.133 160.185 0.003 0.000 60.705 24.264 39.437 139.459 199.693 226.671 246.891 286.884 17.533 1.732 62.311 21.503 6.750 1.742 0.259 0.000 0.000 0.000 0.000 0.000 0.000 0.000 0.000 0.000 0.000 0.000 0.000 0.000 0.000 0.000 0.000
0.000 0.000 0.000 0.000 0.000 0.000 0.000 0.000 0.000 0.000 0.000 0.000 0.000 0.000 0.000 0.000 0.000 3.225 7.962 11.799 15.699 19.953 24.695 30.097 36.476 44.251 53.781 65.267 78.768 94.266 111.769 131.373 153.271 177.785 205.339 236.278 270.776 310.607 358.535 386.556 477.234 742.018 6.979 3.110 24.231 0.133 3.317 90.400 228.341 322.549 384.904 436.827 441.382 342.807 155.885 56.800 19.006 5.845 1.570 0.250 0.020 0.000 0.000 0.000 0.000 0.000 0.000 0.000 0.000 0.000 0.000 0.000 0.000 0.000 0.000 0.000
0.000 0.000 0.000 0.000 0.000 0.000 0.000 0.000 0.000 0.000 0.000 0.000 0.000 0.000 0.000 0.000 0.000 5.354 9.756 13.591 17.656 22.154 27.198 32.985 39.877 48.317 58.670 71.143 85.796 102.620 121.608 142.828 166.451 192.774 222.210 255.206 292.120 334.803 382.417 419.764 543.375 787.218 0.819 4.580 0.000 0.000 100.314 418.394 618.032 685.030 674.566 605.200 464.155 277.384 120.982 44.041 14.639 4.485 1.215 0.239 0.028 0.000 0.000 0.000 0.000 0.000 0.000 0.000 0.000 0.000 0.000 0.000 0.000 0.000 0.000 0.000
0.000 0.000 0.000 0.000 0.000 0.000 0.000 0.000 0.000 0.000 0.000 0.000 0.000 0.000 0.000 0.000 2.584 7.111 11.063 14.926 19.136 23.827 29.103 35.186 42.461 51.379 62.317 75.494 90.986 108.790 128.888 151.314 176.219 203.884 234.705 269.125 307.979 352.611 395.643 474.584 653.567 702.973 17.653 0.000 0.063 83.385 749.632 411.509 857.245 832.180 728.925 570.882 379.277 200.761 85.759 31.700 10.581 3.231 0.877 0.186 0.027 0.000 0.000 0.000 0.000 0.000 0.000 0.000 0.000 0.000 0.000 0.000 0.000 0.000 0.000 0.000
0.000 0.000 0.000 0.000 0.000 0.000 0.000 0.000 0.000 0.000 0.000 0.000 0.000 0.000 0.000 0.000 3.874 8.182 11.953 15.867 20.195 25.032 30.481 36.783 44.333 53.584 64.917 78.573 94.644 113.132 134.009 157.285 183.081 211.696 243.522 278.953 319.177 365.316 405.364 557.849 754.969 528.804 0.872 0.366 57.314 333.771 640.419 341.901 798.247 730.728 580.844 393.040 217.524 103.128 42.185 15.275 4.914 1.415 0.363 0.080 0.015 0.000 0.000 0.000 0.000 0.000 0.000 0.000 0.000 0.000 0.000 0.000 0.000 0.000 0.000 0.000
0.000 0.000 0.000 0.000 0.000 0.000 0.000 0.000 0.000 0.000 0.000 0.000 0.000 0.000 0.000 0.000 4.625 8.791 12.519 16.485 20.902 25.845 31.420 37.878 45.615 55.088 66.681 80.650 97.101 116.036 137.418 161.249 187.639 216.865 249.360 285.518 326.479 374.289 414.928 561.398 814.502 368.043 0.000 21.354 161.153 408.587 580.614 630.160 593.265 462.595 284.811 145.366 63.076 24.966 8.271 2.261 0.525 0.111 0.022 0.004 0.001 0.000 0.000 0.000 0.000 0.000 0.000 0.000 0.000 0.000 0.000 0.000 0.000 0.000 0.000 0.000
0.000 0.000 0.000 0.000 0.000 0.000 0.000 0.000 0.000 0.000 0.000 0.000 0.000 0.000 0.000 0.000 4.942 9.109 12.846 16.856 21.333 26.347 32.006 38.566 46.428 56.043 67.806 81.971 98.654 117.857 139.538 163.698 190.445 220.056 252.954 289.554 330.974 379.555 420.353 572.739 838.991 244.892 0.000 31.887 156.125 290.371 339.656 327.582 270.856 166.939 76.068 27.113 7.003 1.524 0.193 0.000 0.000 0.001 0.000 0.000 0.000 0.000 0.000 0.000 0.000 0.000 0.000 0.000 0.000 0.000 0.000 0.000 0.000 0.000 0.000 0.000
0.000 0.000 0.000 0.000 0.000 0.000 0.000 0.000 0.000 0.000 0.000 0.000 0.000 0.000 0.000 0.000 5.064 9.256 13.010 17.047 21.560 26.615 32.323 38.945 46.881 56.589 68.459 82.747 99.560 118.900 140.722 165.040 191.982 221.825 254.984 291.851 333.616 382.947 419.685 575.608 867.031 166.678 0.000 44.274 174.594 133.897 63.143 53.521 40.735 21.836 6.481 2.399 1.216 0.012 0.000 0.003 0.028 0.026 0.007 0.002 0.000 0.000 0.000 0.000 0.000 0.000 0.000 0.000 0.000 0.000 0.000 0.000 0.000 0.000 0.000 0.000
0.000 0.000 0.000 0.000 0.000 0.000 0.000 0.000 0.000 0.000 0.000 0.000 0.000 0.000 0.000 0.000 5.103 9.307 13.070 17.120 21.650 26.724 32.455 39.105 47.081 56.842 68.781 83.145 100.030 119.423 141.284 165.637 192.648 222.592 255.900 292.926 334.941 384.961 419.750 563.908 885.726 125.459 0.000 1.994 14.658 1.565 0.542 0.423 0.448 0.137 0.034 0.783 3.597 7.953 6.053 3.857 1.938 0.755 0.209 0.045 0.007 0.000 0.000 0.000 0.000 0.000 0.000 0.000 0.000 0.000 0.000 0.000 0.000 0.000 0.000 0.000
0.000 0.000 0.000 0.000 0.000 0.000 0.000 0.000 0.000 0.000 0.000 0.000 0.000 0.000 0.000 0.000 5.102 9.309 13.075 17.129 21.664 26.745 32.482 39.140 47.129 56.914 68.893 83.304 100.227 119.632 141.482 165.815 192.813 222.779 256.125 293.198 335.334 385.704 420.483 557.973 890.916 110.007 0.000 0.009 0.009 0.321 1.747 4.659 9.036 16.488 30.174 63.908 109.669 101.870 48.816 19.856 7.030 2.204 0.593 0.119 0.015 0.000 0.000 0.000 0.000 0.000 0.000 0.000 0.000 0.000 0.000 0.000 0.000 0.000 0.000 0.000
0.000 0.000 0.000 0.000 0.000 0.000 0.000 0.000 0.000 0.000 0.000 0.000 0.000 0.000 0.000 0.000 5.066 9.269 13.036 17.090 21.625 26.705 32.441 39.099 47.093 56.892 68.893 83.330 100.267 119.659 141.456 165.726 192.674 222.608 255.931 293.013 335.310 385.534 420.483 557.045 889.691 105.718 0.012 0.644 5.868 23.446 60.822 110.713 166.413 227.983 292.038 332.906 319.686 203.940 88.424 32.913 10.953 3.304 0.874 0.172 0.005 0.000 0.000 0.000 0.000 0.000 0.000 0.000 0.000 0.000 0.000 0.000 0.000 0.000 0.000 0.000
0.000 0.000 0.000 0.000 0.000 0.000 0.000 0.000 0.000 0.000 0.000 0.000 0.000 0.000 0.000 0.000 4.952 9.146 12.913 16.961 21.490 26.563 32.290 38.941 46.940 56.760 68.791 83.243 100.153 119.464 141.138 165.267 192.103 221.983 255.272 292.369 334.854 384.473 420.053 556.475 887.689 106.460 0.000 4.089 30.830 115.624 278.638 444.327 552.484 596.739 584.566 534.748 439.889 249.212 108.535 40.768 13.703 4.180 1.122 0.194 0.020 0.000 0.000 0.000 0.000 0.000 0.000 0.000 0.000 0.000 0.000 0.000 0.000 0.000 0.000 0.000
0.000 0.000 0.000 0.000 0.000 0.000 0.000 0.000 0.000 0.000 0.000 0.000 0.000 0.000 0.000 0.000 4.663 8.880 12.652 16.688 21.198 26.251 31.957 38.591 46.586 56.422 68.471 82.907 99.726 118.852 140.281 164.164 190.806 220.555 253.769 290.876 333.372 381.641 419.155 556.571 881.004 113.548 0.000 9.822 61.153 204.041 468.684 697.199 775.902 744.633 610.041 490.104 388.180 240.653 117.958 47.270 16.286 4.977 1.293 0.209 0.000 0.000 0.000 0.000 0.000 0.000 0.000 0.000 0.000 0.000 0.000 0.000 0.000 0.000 0.000 0.000
0.000 0.000 0.000 0.000 0.000 0.000 0.000 0.000 0.000 0.000 0.000 0.000 0.000 0.000 0.000 0.000 4.071 8.399 12.194 16.207 20.682 25.700 31.368 37.965 45.933 55.749 67.760 82.095 98.710 117.522 138.568 162.085 188.424 217.942 250.964 287.922 329.910 376.882 419.483 560.198 870.170 142.844 0.000 8.618 57.818 193.663 478.038 745.616 802.896 649.552 359.577 228.758 187.938 155.223 102.061 46.138 15.889 4.633 1.096 0.061 0.000 0.000 0.000 0.000 0.000 0.000 0.000 0.000 0.000 0.000 0.000 0.000 0.000 0.000 0.000 0.000
0.000 0.000 0.000 0.000 0.000 0.000 0.000 0.000 0.000 0.000 0.000 0.000 0.000 0.000 0.000 0.000 3.158 7.613 11.470 15.451 19.872 24.833 30.439 36.965 44.853 54.570 66.435 80.533 96.788 115.133 135.659 158.667 184.558 213.692 246.372 282.942 323.919 370.172 416.560 571.617 865.105 234.774 0.000 1.497 17.271 59.031 226.378 512.950 586.240 438.305 220.008 151.654 132.003 109.889 72.168 32.726 10.679 2.708 0.513 0.065 0.000 0.000 0.000 0.000 0.000 0.000 0.000 0.000 0.000 0.000 0.000 0.000 0.000 0.000 0.000 0.000
0.000 0.000 0.000 0.000 0.000 0.000 0.000 0.000 0.000 0.000 0.000 0.000 0.000 0.000 0.000 0.000 1.986 6.445 10.416 14.354 18.692 23.565 29.072 35.469 43.186 52.675 64.231 77.916 93.631 111.334 131.174 153.509 178.768 207.289 239.349 275.234 315.063 360.589 411.289 479.518 834.351 410.768 0.000 0.044 0.878 5.670 86.216 274.366 345.753 318.565 226.497 182.952 141.996 90.977 46.622 18.062 5.489 1.252 0.074 0.000 0.000 0.000 0.000 0.000 0.000 0.000 0.000 0.000 0.000 0.000 0.000 0.000 0.000 0.000 0.000 0.000
0.000 0.000 0.000 0.000 0.000 0.000 0.000 0.000 0.000 0.000 0.000 0.000 0.000 0.000 0.000 0.000 0.000 4.891 8.982 12.859 17.072 21.803 27.151 33.332 40.746 49.829 60.869 73.923 88.896 105.761 124.715 146.151 170.499 198.092 229.138 263.851 302.418 346.881 399.050 422.687 772.627 630.469 8.808 2.643 17.088 77.301 171.119 271.265 298.329 286.751 259.078 235.559 154.026 73.407 28.392 9.382 2.524 0.479 0.057 0.000 0.000 0.000 0.000 0.000 0.000 0.000 0.000 0.000 0.000 0.000 0.000 0.000 0.000 0.000 0.000 0.000
0.000 0.000 0.000 0.000 0.000 0.000 0.000 0.000 0.000 0.000 0.000 0.000 0.000 0.000 0.000 0.000 0.000 3.099 7.150 10.933 14.961 19.465 24.559 30.404 37.350 45.814 56.093 68.262 82.246 98.024 115.816 136.035 159.103 185.290 214.772 247.762 284.575 326.649 376.040 408.679 581.116 774.539 73.752 0.000 46.671 235.513 290.983 0.075 0.000 203.500 228.025 213.866 108.925 43.442 14.758 4.408 0.881 0.041 0.000 0.000 0.000 0.000 0.000 0.000 0.000 0.000 0.000 0.000 0.000 0.000 0.000 0.000 0.000 0.000 0.000 0.000
0.000 0.000 0.000 0.000 0.000 0.000 0.000 0.000 0.000 0.000 0.000 0.000 0.000 0.000 0.000 0.000 0.000 1.385 4.933 8.586 12.353 16.512 21.212 26.571 32.861 40.472 49.715 60.702 73.388 87.767 104.045 122.620 143.861 168.005 195.198 225.624 259.667 297.600 341.066 382.978 486.554 776.751 163.799 0.000 2.589 47.751 150.398 12.828 0.185 35.325 113.759 133.551 50.214 19.549 6.553 1.833 0.248 0.015 0.000 0.000 0.000 0.000 0.000 0.000 0.000 0.000 0.000 0.000 0.000 0.000 0.000 0.000 0.000 0.000 0.000 0.000
0.000 0.000 0.000 0.000 0.000 0.000 0.000 0.000 0.000 0.000 0.000 0.000 0.000 0.000 0.000 0.000 0.000 0.000 2.453 5.886 9.320 12.999 17.126 21.816 27.245 33.748 41.656 51.133 62.168 74.751 89.048 105.396 124.131 145.406 169.337 196.141 226.039 258.663 296.809 337.997 438.735 666.566 220.426 1.121 0.000 15.413 79.401 20.677 3.922 9.069 68.879 74.004 22.680 8.221 2.632 0.685 0.084 0.000 0.000 0.000 0.000 0.000 0.000 0.000 0.000 0.000 0.000 0.000 0.000 0.000 0.000 0.000 0.000 0.000 0.000 0.000
0.000 0.000 0.000 0.000 0.000 0.000 0.000 0.000 0.000 0.000 0.000 0.000 0.000 0.000 0.000 0.000 0.000 0.000 0.775 2.977 6.046 9.118 12.479 16.270 20.606 25.750 32.058 39.725 48.732 59.039 70.755 84.137 99.475 116.905 136.464 158.320 182.570 208.962 241.740 274.606 297.485 548.713 314.224 13.061 2.547 39.810 58.235 52.593 48.669 48.577 45.119 28.184 8.909 3.001 0.770 0.149 0.000 0.000 0.000 0.000 0.000 0.000 0.000 0.000 0.000 0.000 0.000 0.000 0.000 0.000 0.000 0.000 0.000 0.000 0.000 0.000
0.000 0.000 0.000 0.000 0.000 0.000 0.000 0.000 0.000 0.000 0.000 0.000 0.000 0.000 0.000 0.000 0.000 0.000 0.000 0.908 2.867 5.225 7.636 10.292 13.304 16.968 21.573 27.210 33.796 41.279 49.713 59.372 70.479 82.998 96.915 112.333 129.335 147.780 172.526 194.916 201.475 370.204 371.260 41.701 0.000 12.690 28.251 41.213 49.138 43.612 21.682 7.949 2.870 0.725 0.039 0.000 0.000 0.000 0.000 0.000 0.000 0.000 0.000 0.000 0.000 0.000 0.000 0.000 0.000 0.000 0.000 0.000 0.000 0.000 0.000 0.000
0.000 0.000 0.000 0.000 0.000 0.000 0.000 0.000 0.000 0.000 0.000 0.000 0.000 0.000 0.000 0.000 0.000 0.000 0.000 0.000 0.871 2.194 3.553 4.987 6.754 9.030 11.851 15.224 19.077 23.338 28.189 33.846 40.247 47.283 54.914 63.265 72.413 82.243 95.516 108.509 114.569 193.213 277.237 57.386 0.000 2.683 8.234 11.169 12.383 10.308 5.474 2.281 0.629 0.029 0.000 0.000 0.000 0.000 0.000 0.000 0.000 0.000 0.000 0.000 0.000 0.000 0.000 0.000 0.000 0.000 0.000 0.000 0.000 0.000 0.000 0.000
0.000 0.000 0.000 0.000 0.000 0.000 0.000 0.000 0.000 0.000 0.000 0.000 0.000 0.000 0.000 0.000 0.000 0.000 0.000 0.000 0.000 0.716 1.289 1.737 2.620 3.818 5.222 6.682 8.187 9.856 12.041 14.663 17.471 20.525 23.875 27.525 31.446 35.629 40.698 46.945 50.853 85.721 135.080 45.237 0.114 0.779 2.457 3.465 3.948 2.951 1.486 0.502 0.028 0.000 0.000 0.000 0.000 0.000 0.000 0.000 0.000 0.000 0.000 0.000 0.000 0.000 0.000 0.000 0.000 0.000 0.000 0.000 0.000 0.000 0.000 0.000
0.000 0.000 0.000 0.000 0.000 0.000 0.000 0.000 0.000 0.000 0.000 0.000 0.000 0.000 0.000 0.000 0.000 0.000 0.000 0.000 0.000 0.000 0.383 0.468 0.719 1.210 1.719 2.145 2.496 2.797 3.636 4.646 5.678 6.860 8.177 9.609 11.033 12.458 14.126 16.489 18.760 30.349 57.271 22.809 0.292 0.240 0.646 0.954 1.119 0.756 0.351 0.032 0.000 0.000 0.000 0.000 0.000 0.000 0.000 0.000 0.000 0.000 0.000 0.000 0.000 0.000 0.000 0.000 0.000 0.000 0.000 0.000 0.000 0.000 0.000 0.000
