avaframe/data/avaParabola/Avaflow_Input/prefix_results/prefix_ascii/prefix_hflow0010.asc
ncols 250
nrows 100
xllcenter 997.50
yllcenter -4997.50
cellsize 20.00
NODATA_value -9999.000
[rows 34 to 67 of 100, columns 77 to 153 of 250]
0.000 0.001 0.001 0.001 0.000 0.000 0.000 0.000 0.000 0.000 0.000 0.000 0.001 0.001 0.001 0.001 0.001 0.002 0.002 0.002 0.002 0.002 0.003 0.003 0.003 0.003 0.004 0.004 0.004 0.004 0.004 0.004 0.004 0.005 0.005 0.005 0.005 0.005 0.005 0.005 0.005 0.005 0.006 0.007 0.007 0.007 0.006 0.005 0.005 0.003 0.002 0.001 0.000 0.000 0.000 0.000 0.000 0.000 0.000 0.000 0.000 0.000 0.000 0.000 0.000 0.000 0.000 0.000 0.000 0.000 0.000 0.000 0.000 0.000 0.000 0.000 0.000
0.001 0.001 0.000 0.000 0.000 0.000 0.000 0.000 0.000 0.000 0.000 0.001 0.001 0.001 0.001 0.002 0.002 0.002 0.003 0.003 0.003 0.004 0.004 0.004 0.004 0.005 0.005 0.005 0.006 0.006 0.006 0.007 0.007 0.007 0.008 0.008 0.008 0.009 0.009 0.009 0.009 0.009 0.011 0.015 0.017 0.017 0.015 0.013 0.012 0.009 0.006 0.003 0.001 0.001 0.000 0.000 0.000 0.000 0.000 0.000 0.000 0.000 0.000 0.000 0.000 0.000 0.000 0.000 0.000 0.000 0.000 0.000 0.000 0.000 0.000 0.000 0.000
0.001 0.000 0.000 0.000 0.000 0.000 0.000 0.000 0.000 0.000 0.001 0.001 0.001 0.001 0.002 0.003 0.003 0.003 0.004 0.004 0.005 0.005 0.005 0.006 0.006 0.007 0.007 0.008 0.009 0.009 0.010 0.010 0.011 0.011 0.012 0.012 0.013 0.014 0.015 0.015 0.015 0.016 0.019 0.029 0.038 0.038 0.034 0.031 0.027 0.022 0.014 0.008 0.004 0.002 0.001 0.000 0.000 0.000 0.000 0.000 0.000 0.000 0.000 0.000 0.000 0.000 0.000 0.000 0.000 0.000 0.000 0.000 0.000 0.000 0.000 0.000 0.000
0.000 0.000 0.000 0.000 0.000 0.000 0.000 0.000 0.000 0.001 0.001 0.001 0.002 0.002 0.003 0.003 0.004 0.004 0.005 0.005 0.006 0.007 0.007 0.008 0.009 0.009 0.010 0.011 0.012 0.013 0.014 0.014 0.015 0.016 0.017 0.018 0.020 0.021 0.022 0.023 0.024 0.025 0.029 0.049 0.074 0.077 0.072 0.066 0.059 0.048 0.033 0.018 0.009 0.004 0.002 0.001 0.000 0.000 0.000 0.000 0.000 0.000 0.000 0.000 0.000 0.000 0.000 0.000 0.000 0.000 0.000 0.000 0.000 0.000 0.000 0.000 0.000
0.000 0.000 0.000 0.000 0.000 0.000 0.000 0.000 0.001 0.001 0.001 0.002 0.002 0.003 0.004 0.004 0.005 0.005 0.006 0.007 0.008 0.009 0.009 0.010 0.011 0.012 0.013 0.015 0.016 0.017 0.018 0.019 0.021 0.022 0.024 0.025 0.027 0.029 0.032 0.033 0.035 0.037 0.042 0.075 0.133 0.138 0.143 0.130 0.118 0.099 0.070 0.040 0.021 0.010 0.004 0.001 0.000 0.000 0.000 0.000 0.000 0.000 0.000 0.000 0.000 0.000 0.000 0.000 0.000 0.000 0.000 0.000 0.000 0.000 0.000 0.000 0.000
0.000 0.000 0.000 0.000 0.000 0.000 0.000 0.001 0.001 0.001 0.002 0.003 0.003 0.004 0.005 0.005 0.006 0.007 0.008 0.009 0.010 0.011 0.012 0.013 0.014 0.016 0.017 0.019 0.020 0.022 0.024 0.025 0.027 0.029 0.031 0.033 0.036 0.038 0.041 0.044 0.046 0.049 0.055 0.108 0.217 0.229 0.248 0.232 0.217 0.187 0.138 0.082 0.043 0.020 0.009 0.003 0.001 0.000 0.000 0.000 0.000 0.000 0.000 0.000 0.000 0.000 0.000 0.000 0.000 0.000 0.000 0.000 0.000 0.000 0.000 0.000 0.000
0.000 0.000 0.000 0.000 0.000 0.000 0.001 0.001 0.001 0.002 0.003 0.004 0.004 0.005 0.006 0.006 0.007 0.008 0.009 0.011 0.012 0.013 0.015 0.016 0.018 0.019 0.021 0.023 0.025 0.027 0.029 0.031 0.033 0.035 0.038 0.040 0.043 0.045 0.048 0.052 0.055 0.058 0.066 0.158 0.316 0.357 0.384 0.379 0.364 0.324 0.251 0.156 0.084 0.040 0.018 0.007 0.002 0.001 0.000 0.000 0.000 0.000 0.000 0.000 0.000 0.000 0.000 0.000 0.000 0.000 0.000 0.000 0.000 0.000 0.000 0.000 0.000
0.000 0.000 0.000 0.000 0.000 0.000 0.001 0.001 0.002 0.003 0.004 0.004 0.005 0.006 0.007 0.008 0.009 0.010 0.011 0.012 0.014 0.015 0.017 0.018 0.020 0.022 0.024 0.026 0.028 0.030 0.033 0.035 0.037 0.040 0.043 0.045 0.048 0.051 0.054 0.058 0.061 0.065 0.081 0.228 0.419 0.505 0.552 0.566 0.557 0.512 0.418 0.275 0.150 0.073 0.033 0.013 0.005 0.001 0.000 0.000 0.000 0.000 0.000 0.000 0.000 0.000 0.000 0.000 0.000 0.000 0.000 0.000 0.000 0.000 0.000 0.000 0.000
0.000 0.000 0.000 0.000 0.000 0.001 0.001 0.001 0.002 0.003 0.004 0.005 0.006 0.006 0.007 0.008 0.010 0.011 0.012 0.014 0.015 0.017 0.018 0.020 0.022 0.024 0.026 0.028 0.031 0.033 0.035 0.038 0.041 0.044 0.046 0.049 0.052 0.056 0.059 0.062 0.066 0.070 0.105 0.311 0.519 0.651 0.732 0.764 0.766 0.732 0.629 0.442 0.247 0.124 0.056 0.023 0.009 0.003 0.001 0.000 0.000 0.000 0.000 0.000 0.000 0.000 0.000 0.000 0.000 0.000 0.000 0.000 0.000 0.000 0.000 0.000 0.000
0.000 0.000 0.000 0.000 0.000 0.001 0.001 0.002 0.003 0.004 0.005 0.005 0.006 0.007 0.008 0.009 0.010 0.012 0.013 0.015 0.016 0.018 0.020 0.022 0.024 0.026 0.028 0.030 0.033 0.035 0.038 0.040 0.043 0.046 0.049 0.052 0.055 0.059 0.062 0.066 0.070 0.073 0.141 0.401 0.625 0.796 0.907 0.951 0.954 0.921 0.811 0.597 0.344 0.176 0.081 0.034 0.013 0.004 0.001 0.000 0.000 0.000 0.000 0.000 0.000 0.000 0.000 0.000 0.000 0.000 0.000 0.000 0.000 0.000 0.000 0.000 0.000
0.000 0.000 0.000 0.000 0.000 0.001 0.001 0.002 0.003 0.004 0.005 0.006 0.006 0.007 0.008 0.010 0.011 0.012 0.014 0.015 0.017 0.019 0.021 0.023 0.025 0.027 0.029 0.031 0.034 0.036 0.039 0.042 0.045 0.048 0.051 0.054 0.057 0.061 0.065 0.068 0.072 0.079 0.194 0.497 0.742 0.936 1.056 1.102 1.105 1.068 0.944 0.702 0.408 0.209 0.097 0.040 0.015 0.005 0.001 0.000 0.000 0.000 0.000 0.000 0.000 0.000 0.000 0.000 0.000 0.000 0.000 0.000 0.000 0.000 0.000 0.000 0.000
0.000 0.000 0.000 0.000 0.001 0.001 0.002 0.003 0.004 0.004 0.005 0.006 0.007 0.008 0.009 0.010 0.011 0.013 0.014 0.016 0.018 0.019 0.021 0.023 0.025 0.028 0.030 0.032 0.035 0.037 0.040 0.043 0.046 0.049 0.052 0.055 0.059 0.062 0.066 0.070 0.073 0.092 0.270 0.594 0.849 1.052 1.173 1.216 1.216 1.171 1.032 0.764 0.442 0.226 0.104 0.043 0.016 0.005 0.001 0.000 0.000 0.000 0.000 0.000 0.000 0.000 0.000 0.000 0.000 0.000 0.000 0.000 0.000 0.000 0.000 0.000 0.000
0.000 0.000 0.000 0.000 0.001 0.001 0.002 0.003 0.004 0.004 0.005 0.006 0.007 0.008 0.009 0.010 0.012 0.013 0.015 0.016 0.018 0.020 0.022 0.024 0.026 0.028 0.030 0.033 0.035 0.038 0.041 0.044 0.047 0.050 0.053 0.056 0.060 0.063 0.067 0.071 0.074 0.118 0.367 0.676 0.936 1.140 1.258 1.298 1.296 1.240 1.084 0.793 0.455 0.232 0.107 0.044 0.017 0.005 0.001 0.000 0.000 0.000 0.000 0.000 0.000 0.000 0.000 0.000 0.000 0.000 0.000 0.000 0.000 0.000 0.000 0.000 0.000
0.000 0.000 0.000 0.000 0.001 0.001 0.002 0.003 0.004 0.005 0.005 0.006 0.007 0.008 0.009 0.010 0.012 0.013 0.015 0.016 0.018 0.020 0.022 0.024 0.026 0.028 0.031 0.033 0.036 0.038 0.041 0.044 0.047 0.050 0.054 0.057 0.060 0.064 0.068 0.071 0.075 0.152 0.453 0.744 1.009 1.209 1.319 1.353 1.346 1.281 1.110 0.800 0.457 0.232 0.107 0.044 0.016 0.005 0.001 0.000 0.000 0.000 0.000 0.000 0.000 0.000 0.000 0.000 0.000 0.000 0.000 0.000 0.000 0.000 0.000 0.000 0.000
0.000 0.000 0.000 0.000 0.001 0.001 0.002 0.003 0.004 0.005 0.005 0.006 0.007 0.008 0.009 0.010 0.012 0.013 0.015 0.017 0.018 0.020 0.022 0.024 0.026 0.028 0.031 0.033 0.036 0.039 0.041 0.044 0.047 0.051 0.054 0.057 0.061 0.064 0.068 0.072 0.077 0.182 0.506 0.792 1.054 1.249 1.351 1.380 1.369 1.297 1.116 0.796 0.451 0.229 0.104 0.043 0.016 0.005 0.001 0.000 0.000 0.000 0.000 0.000 0.000 0.000 0.000 0.000 0.000 0.000 0.000 0.000 0.000 0.000 0.000 0.000 0.000
0.000 0.000 0.000 0.000 0.001 0.001 0.002 0.003 0.004 0.005 0.005 0.006 0.007 0.008 0.009 0.010 0.012 0.013 0.015 0.017 0.018 0.020 0.022 0.024 0.026 0.029 0.031 0.033 0.036 0.039 0.042 0.044 0.048 0.051 0.054 0.057 0.061 0.064 0.068 0.072 0.078 0.202 0.535 0.816 1.076 1.265 1.361 1.387 1.375 1.298 1.109 0.778 0.434 0.218 0.098 0.040 0.014 0.005 0.001 0.000 0.000 0.000 0.000 0.000 0.000 0.000 0.000 0.000 0.000 0.000 0.000 0.000 0.000 0.000 0.000 0.000 0.000
0.000 0.000 0.000 0.000 0.001 0.001 0.002 0.003 0.004 0.005 0.005 0.006 0.007 0.008 0.009 0.010 0.012 0.013 0.015 0.017 0.018 0.020 0.022 0.024 0.026 0.029 0.031 0.034 0.036 0.039 0.042 0.045 0.048 0.051 0.054 0.057 0.061 0.064 0.068 0.072 0.079 0.211 0.546 0.826 1.083 1.267 1.361 1.385 1.371 1.287 1.085 0.738 0.403 0.198 0.087 0.034 0.012 0.004 0.001 0.000 0.000 0.000 0.000 0.000 0.000 0.000 0.000 0.000 0.000 0.000 0.000 0.000 0.000 0.000 0.000 0.000 0.000
0.000 0.000 0.000 0.000 0.001 0.001 0.002 0.003 0.004 0.005 0.005 0.006 0.007 0.008 0.009 0.010 0.012 0.013 0.015 0.017 0.018 0.020 0.022 0.024 0.026 0.029 0.031 0.034 0.036 0.039 0.042 0.045 0.048 0.051 0.054 0.057 0.061 0.065 0.068 0.072 0.079 0.212 0.547 0.827 1.081 1.261 1.349 1.369 1.350 1.255 1.034 0.675 0.359 0.171 0.073 0.027 0.009 0.003 0.001 0.000 0.000 0.000 0.000 0.000 0.000 0.000 0.000 0.000 0.000 0.000 0.000 0.000 0.000 0.000 0.000 0.000 0.000
0.000 0.000 0.000 0.000 0.001 0.001 0.002 0.003 0.004 0.005 0.005 0.006 0.007 0.008 0.009 0.010 0.012 0.013 0.015 0.017 0.018 0.020 0.022 0.024 0.026 0.029 0.031 0.033 0.036 0.039 0.042 0.045 0.048 0.051 0.054 0.057 0.061 0.065 0.068 0.072 0.078 0.206 0.543 0.822 1.069 1.240 1.318 1.332 1.306 1.195 0.954 0.590 0.304 0.139 0.056 0.020 0.006 0.002 0.000 0.000 0.000 0.000 0.000 0.000 0.000 0.000 0.000 0.000 0.000 0.000 0.000 0.000 0.000 0.000 0.000 0.000 0.000
0.000 0.000 0.000 0.000 0.001 0.001 0.002 0.003 0.004 0.005 0.005 0.006 0.007 0.008 0.009 0.010 0.012 0.013 0.015 0.017 0.018 0.020 0.022 0.024 0.026 0.029 0.031 0.033 0.036 0.039 0.042 0.044 0.047 0.051 0.054 0.057 0.061 0.065 0.068 0.072 0.077 0.191 0.526 0.802 1.040 1.196 1.262 1.270 1.235 1.109 0.849 0.494 0.244 0.106 0.041 0.014 0.004 0.001 0.000 0.000 0.000 0.000 0.000 0.000 0.000 0.000 0.000 0.000 0.000 0.000 0.000 0.000 0.000 0.000 0.000 0.000 0.000
0.000 0.000 0.000 0.000 0.001 0.001 0.002 0.003 0.004 0.004 0.005 0.006 0.007 0.008 0.009 0.010 0.012 0.013 0.015 0.016 0.018 0.020 0.022 0.024 0.026 0.028 0.031 0.033 0.036 0.039 0.041 0.044 0.047 0.050 0.054 0.057 0.061 0.064 0.068 0.071 0.075 0.168 0.489 0.764 0.987 1.126 1.181 1.184 1.140 0.999 0.722 0.393 0.184 0.076 0.028 0.009 0.003 0.001 0.000 0.000 0.000 0.000 0.000 0.000 0.000 0.000 0.000 0.000 0.000 0.000 0.000 0.000 0.000 0.000 0.000 0.000 0.000
0.000 0.000 0.000 0.000 0.001 0.001 0.001 0.003 0.004 0.004 0.005 0.006 0.007 0.008 0.009 0.010 0.012 0.013 0.015 0.016 0.018 0.020 0.022 0.024 0.026 0.028 0.030 0.033 0.036 0.038 0.041 0.044 0.047 0.050 0.053 0.057 0.060 0.063 0.067 0.071 0.074 0.139 0.431 0.707 0.912 1.030 1.071 1.069 1.014 0.857 0.569 0.289 0.128 0.051 0.018 0.005 0.001 0.000 0.000 0.000 0.000 0.000 0.000 0.000 0.000 0.000 0.000 0.000 0.000 0.000 0.000 0.000 0.000 0.000 0.000 0.000 0.000
0.000 0.000 0.000 0.000 0.001 0.001 0.001 0.002 0.003 0.004 0.005 0.006 0.007 0.008 0.009 0.010 0.011 0.013 0.014 0.016 0.018 0.019 0.021 0.023 0.025 0.028 0.030 0.032 0.035 0.038 0.040 0.043 0.046 0.049 0.053 0.056 0.059 0.063 0.067 0.071 0.074 0.110 0.352 0.642 0.828 0.927 0.957 0.947 0.870 0.699 0.408 0.194 0.082 0.031 0.010 0.003 0.001 0.000 0.000 0.000 0.000 0.000 0.000 0.000 0.000 0.000 0.000 0.000 0.000 0.000 0.000 0.000 0.000 0.000 0.000 0.000 0.000
0.000 0.000 0.000 0.000 0.000 0.001 0.001 0.002 0.003 0.004 0.005 0.006 0.006 0.007 0.008 0.010 0.011 0.012 0.014 0.015 0.017 0.019 0.021 0.023 0.025 0.027 0.029 0.032 0.034 0.037 0.040 0.042 0.045 0.049 0.052 0.055 0.058 0.062 0.066 0.070 0.073 0.086 0.261 0.570 0.735 0.807 0.826 0.798 0.713 0.513 0.264 0.118 0.047 0.017 0.005 0.001 0.000 0.000 0.000 0.000 0.000 0.000 0.000 0.000 0.000 0.000 0.000 0.000 0.000 0.000 0.000 0.000 0.000 0.000 0.000 0.000 0.000
0.000 0.000 0.000 0.000 0.000 0.001 0.001 0.001 0.002 0.003 0.004 0.005 0.006 0.007 0.008 0.009 0.010 0.012 0.013 0.015 0.016 0.018 0.020 0.022 0.024 0.026 0.028 0.031 0.033 0.036 0.038 0.041 0.044 0.047 0.050 0.053 0.056 0.060 0.064 0.067 0.069 0.074 0.180 0.476 0.628 0.670 0.675 0.628 0.526 0.314 0.151 0.064 0.024 0.008 0.002 0.001 0.000 0.000 0.000 0.000 0.000 0.000 0.000 0.000 0.000 0.000 0.000 0.000 0.000 0.000 0.000 0.000 0.000 0.000 0.000 0.000 0.000
0.000 0.000 0.000 0.000 0.000 0.001 0.001 0.001 0.002 0.003 0.004 0.005 0.005 0.006 0.007 0.008 0.010 0.011 0.012 0.014 0.015 0.017 0.019 0.021 0.023 0.025 0.027 0.029 0.031 0.034 0.036 0.039 0.042 0.045 0.048 0.051 0.054 0.057 0.060 0.062 0.066 0.072 0.124 0.356 0.509 0.523 0.522 0.452 0.331 0.169 0.077 0.031 0.011 0.004 0.001 0.000 0.000 0.000 0.000 0.000 0.000 0.000 0.000 0.000 0.000 0.000 0.000 0.000 0.000 0.000 0.000 0.000 0.000 0.000 0.000 0.000 0.000
0.000 0.000 0.000 0.000 0.000 0.001 0.001 0.001 0.001 0.002 0.003 0.004 0.005 0.006 0.006 0.007 0.009 0.010 0.011 0.012 0.014 0.015 0.017 0.019 0.021 0.023 0.025 0.027 0.029 0.031 0.034 0.036 0.039 0.041 0.044 0.046 0.049 0.052 0.055 0.059 0.066 0.072 0.091 0.231 0.372 0.379 0.365 0.286 0.176 0.082 0.035 0.014 0.005 0.001 0.000 0.000 0.000 0.000 0.000 0.000 0.000 0.000 0.000 0.000 0.000 0.000 0.000 0.000 0.000 0.000 0.000 0.000 0.000 0.000 0.000 0.000 0.000
0.000 0.000 0.000 0.000 0.000 0.000 0.001 0.001 0.001 0.001 0.002 0.003 0.004 0.004 0.005 0.006 0.007 0.008 0.009 0.011 0.012 0.013 0.015 0.016 0.018 0.020 0.021 0.023 0.025 0.027 0.029 0.031 0.033 0.035 0.038 0.040 0.042 0.045 0.050 0.057 0.063 0.064 0.070 0.142 0.244 0.251 0.223 0.155 0.080 0.036 0.014 0.005 0.002 0.000 0.000 0.000 0.000 0.000 0.000 0.000 0.000 0.000 0.000 0.000 0.000 0.000 0.000 0.000 0.000 0.000 0.000 0.000 0.000 0.000 0.000 0.000 0.000
0.000 0.000 0.000 0.000 0.000 0.000 0.000 0.001 0.001 0.001 0.001 0.002 0.002 0.003 0.004 0.005 0.005 0.006 0.007 0.008 0.010 0.011 0.012 0.013 0.014 0.016 0.017 0.019 0.020 0.022 0.023 0.024 0.026 0.027 0.029 0.032 0.035 0.039 0.044 0.048 0.047 0.044 0.049 0.090 0.143 0.142 0.119 0.070 0.033 0.014 0.005 0.002 0.000 0.000 0.000 0.000 0.000 0.000 0.000 0.000 0.000 0.000 0.000 0.000 0.000 0.000 0.000 0.000 0.000 0.000 0.000 0.000 0.000 0.000 0.000 0.000 0.000
0.000 0.000 0.000 0.000 0.000 0.000 0.000 0.000 0.001 0.001 0.001 0.001 0.002 0.002 0.003 0.003 0.004 0.004 0.005 0.006 0.007 0.007 0.008 0.009 0.010 0.011 0.012 0.013 0.014 0.015 0.016 0.016 0.017 0.018 0.020 0.022 0.025 0.027 0.029 0.029 0.027 0.026 0.032 0.055 0.073 0.070 0.051 0.026 0.012 0.005 0.002 0.000 0.000 0.000 0.000 0.000 0.000 0.000 0.000 0.000 0.000 0.000 0.000 0.000 0.000 0.000 0.000 0.000 0.000 0.000 0.000 0.000 0.000 0.000 0.000 0.000 0.000
0.000 0.000 0.000 0.000 0.000 0.000 0.000 0.000 0.000 0.000 0.001 0.001 0.001 0.001 0.001 0.002 0.002 0.003 0.003 0.004 0.004 0.005 0.005 0.006 0.006 0.007 0.008 0.008 0.009 0.009 0.010 0.010 0.011 0.011 0.012 0.013 0.014 0.015 0.015 0.015 0.015 0.015 0.019 0.029 0.032 0.029 0.018 0.008 0.004 0.001 0.000 0.000 0.000 0.000 0.000 0.000 0.000 0.000 0.000 0.000 0.000 0.000 0.000 0.000 0.000 0.000 0.000 0.000 0.000 0.000 0.000 0.000 0.000 0.000 0.000 0.000 0.000
0.000 0.000 0.000 0.000 0.000 0.000 0.000 0.000 0.000 0.000 0.000 0.000 0.000 0.001 0.001 0.001 0.001 0.001 0.002 0.002 0.002 0.003 0.003 0.003 0.004 0.004 0.004 0.005 0.005 0.005 0.005 0.006 0.006 0.006 0.007 0.007 0.007 0.007 0.007 0.007 0.007 0.008 0.010 0.013 0.012 0.009 0.005 0.002 0.001 0.000 0.000 0.000 0.000 0.000 0.000 0.000 0.000 0.000 0.000 0.000 0.000 0.000 0.000 0.000 0.000 0.000 0.000 0.000 0.000 0.000 0.000 0.000 0.000 0.000 0.000 0.000 0.000
0.000 0.000 0.000 0.000 0.000 0.000 0.000 0.000 0.000 0.000 0.000 0.000 0.000 0.000 0.000 0.000 0.000 0.000 0.001 0.001 0.001 0.001 0.001 0.002 0.002 0.002 0.002 0.002 0.002 0.002 0.003 0.003 0.003 0.003 0.003 0.003 0.003 0.003 0.003 0.003 0.003 0.003 0.004 0.004 0.004 0.003 0.001 0.000 0.000 0.000 0.000 0.000 0.000 0.000 0.000 0.000 0.000 0.000 0.000 0.000 0.000 0.000 0.000 0.000 0.000 0.000 0.000 0.000 0.000 0.000 0.000 0.000 0.000 0.000 0.000 0.000 0.000
0.000 0.000 0.000 0.000 0.000 0.000 0.000 0.000 0.000 0.000 0.000 0.000 0.000 0.000 0.000 0.000 0.000 0.000 0.000 0.000 0.000 0.000 0.000 0.001 0.000 0.001 0.001 0.001 0.001 0.001 0.001 0.001 0.001 0.001 0.001 0.001 0.001 0.001 0.001 0.001 0.001 0.001 0.001 0.001 0.001 0.001 0.000 0.000 0.000 0.000 0.000 0.000 0.000 0.000 0.000 0.000 0.000 0.000 0.000 0.000 0.000 0.000 0.000 0.000 0.000 0.000 0.000 0.000 0.000 0.000 0.000 0.000 0.000 0.000 0.000 0.000 0.000
