avaframe/data/avaParabola/Avaflow_Input/prefix_results/prefix_ascii/prefix_elev.asc
ncols 250
nrows 100
xllcenter 997.50
yllcenter -4997.50
cellsize 20.00
NODATA_value -9999.000
[rows 31 to 61 of 100, columns 0 to 69 of 250]
2186.531 2159.716 2133.066 2106.582 2080.264 2054.110 2028.123 2002.300 1976.644 1951.152 1925.826 1900.666 1875.671 1850.841 1826.177 1801.678 1777.345 1753.177 1729.175 1705.338 1681.666 1658.160 1634.819 1611.644 1588.635 1565.790 1543.111 1520.598 1498.250 1476.067 1454.050 1432.198 1410.512 1388.991 1367.636 1346.446 1325.422 1304.563 1283.869 1263.341 1242.978 1222.781 1202.749 1182.883 1163.182 1143.646 1124.276 1105.072 1086.032 1067.159 1048.450 1029.907 1011.530 993.318 975.271 957.390 939.675 922.124 904.740 887.520 870.466 853.578 836.855 820.297 803.905 787.679 771.617 755.721 739.991 724.426
2186.531 2159.716 2133.066 2106.582 2080.264 2054.110 2028.123 2002.300 1976.644 1951.152 1925.826 1900.666 1875.671 1850.841 1826.177 1801.678 1777.345 1753.177 1729.175 1705.338 1681.666 1658.160 1634.819 1611.644 1588.635 1565.790 1543.111 1520.598 1498.250 1476.067 1454.050 1432.198 1410.512 1388.991 1367.636 1346.446 1325.422 1304.563 1283.869 1263.341 1242.978 1222.781 1202.749 1182.883 1163.182 1143.646 1124.276 1105.072 1086.032 1067.159 1048.450 1029.907 1011.530 993.318 975.271 957.390 939.675 922.124 904.740 887.520 870.466 853.578 836.855 820.297 803.905 787.679 771.617 755.721 739.991 724.426
2186.531 2159.716 2133.066 2106.582 2080.264 2054.110 2028.123 2002.300 1976.644 1951.152 1925.826 1900.666 1875.671 1850.841 1826.177 1801.678 1777.345 1753.177 1729.175 1705.338 1681.666 1658.160 1634.819 1611.644 1588.635 1565.790 1543.111 1520.598 1498.250 1476.067 1454.050 1432.198 1410.512 1388.991 1367.636 1346.446 1325.422 1304.563 1283.869 1263.341 1242.978 1222.781 1202.749 1182.883 1163.182 1143.646 1124.276 1105.072 1086.032 1067.159 1048.450 1029.907 1011.530 993.318 975.271 957.390 939.675 922.124 904.740 887.520 870.466 853.578 836.855 820.297 803.905 787.679 771.617 755.721 739.991 724.426
2186.531 2159.716 2133.066 2106.582 2080.264 2054.110 2028.123 2002.300 1976.644 1951.152 1925.826 1900.666 1875.671 1850.841 1826.177 1801.678 1777.345 1753.177 1729.175 1705.338 1681.666 1658.160 1634.819 1611.644 1588.635 1565.790 1543.111 1520.598 1498.250 1476.067 1454.050 1432.198 1410.512 1388.991 1367.636 1346.446 1325.422 1304.563 1283.869 1263.341 1242.978 1222.781 1202.749 1182.883 1163.182 1143.646 1124.276 1105.072 1086.032 1067.159 1048.450 1029.907 1011.530 993.318 975.271 957.390 939.675 922.124 904.740 887.520 870.466 853.578 836.855 820.297 803.905 787.679 771.617 755.721 739.991 724.426
2186.531 2159.716 2133.066 2106.582 2080.264 2054.110 2028.123 2002.300 1976.644 1951.152 1925.826 1900.666 1875.671 1850.841 1826.177 1801.678 1777.345 1753.177 1729.175 1705.338 1681.666 1658.160 1634.819 1611.644 1588.635 1565.790 1543.111 1520.598 1498.250 1476.067 1454.050 1432.198 1410.512 1388.991 1367.636 1346.446 1325.422 1304.563 1283.869 1263.341 1242.978 1222.781 1202.749 1182.883 1163.182 1143.646 1124.276 1105.072 1086.032 1067.159 1048.450 1029.907 1011.530 993.318 975.271 957.390 939.675 922.124 904.740 887.520 870.466 853.578 836.855 820.297 803.905 787.679 771.617 755.721 739.991 724.426
2186.531 2159.716 2133.066 2106.582 2080.264 2054.110 2028.123 2002.300 1976.644 1951.152 1925.826 1900.666 1875.671 1850.841 1826.177 1801.678 1777.345 1753.177 1729.175 1705.338 1681.666 1658.160 1634.819 1611.644 1588.635 1565.790 1543.111 1520.598 1498.250 1476.067 1454.050 1432.198 1410.512 1388.991 1367.636 1346.446 1325.422 1304.563 1283.869 1263.341 1242.978 1222.781 1202.749 1182.883 1163.182 1143.646 1124.276 1105.072 1086.032 1067.159 1048.450 1029.907 1011.530 993.318 975.271 957.390 939.675 922.124 904.740 887.520 870.466 853.578 836.855 820.297 803.905 787.679 771.617 755.721 739.991 724.426
2186.531 2159.716 2133.066 2106.582 2080.264 2054.110 2028.123 2002.300 1976.644 1951.152 1925.826 1900.666 1875.671 1850.841 1826.177 1801.678 1777.345 1753.177 1729.175 1705.338 1681.666 1658.160 1634.819 1611.644 1588.635 1565.790 1543.111 1520.598 1498.250 1476.067 1454.050 1432.198 1410.512 1388.991 1367.636 1346.446 1325.422 1304.563 1283.869 1263.341 1242.978 1222.781 1202.749 1182.883 1163.182 1143.646 1124.276 1105.072 1086.032 1067.159 1048.450 1029.907 1011.530 993.318 975.271 957.390 939.675 922.124 904.740 887.520 870.466 853.578 836.855 820.297 803.905 787.679 771.617 755.721 739.991 724.426
2186.531 2159.716 2133.066 2106.582 2080.264 2054.110 2028.123 2002.300 1976.644 1951.152 1925.826 1900.666 1875.671 1850.841 1826.177 1801.678 1777.345 1753.177 1729.175 1705.338 1681.666 1658.160 1634.819 1611.644 1588.635 1565.790 1543.111 1520.598 1498.250 1476.067 1454.050 1432.198 1410.512 1388.991 1367.636 1346.446 1325.422 1304.563 1283.869 1263.341 1242.978 1222.781 1202.749 1182.883 1163.182 1143.646 1124.276 1105.072 1086.032 1067.159 1048.450 1029.907 1011.530 993.318 975.271 957.390 939.675 922.124 904.740 887.520 870.466 853.578 836.855 820.297 803.905 787.679 771.617 755.721 739.991 724.426
2186.531 2159.716 2133.066 2106.582 2080.264 2054.110 2028.123 2002.300 1976.644 1951.152 1925.826 1900.666 1875.671 1850.841 1826.177 1801.678 1777.345 1753.177 1729.175 1705.338 1681.666 1658.160 1634.819 1611.644 1588.635 1565.790 1543.111 1520.598 1498.250 1476.067 1454.050 1432.198 1410.512 1388.991 1367.636 1346.446 1325.422 1304.563 1283.869 1263.341 1242.978 1222.781 1202.749 1182.883 1163.182 1143.646 1124.276 1105.072 1086.032 1067.159 1048.450 1029.907 1011.530 993.318 975.271 957.390 939.675 922.124 904.740 887.520 870.466 853.578 836.855 820.297 803.905 787.679 771.617 755.721 739.991 724.426
2186.531 2159.716 2133.066 2106.582 2080.264 2054.110 2028.123 2002.300 1976.644 1951.152 1925.826 1900.666 1875.671 1850.841 1826.177 1801.678 1777.345 1753.177 1729.175 1705.338 1681.666 1658.160 1634.819 1611.644 1588.635 1565.790 1543.111 1520.598 1498.250 1476.067 1454.050 1432.198 1410.512 1388.991 1367.636 1346.446 1325.422 1304.563 1283.869 1263.341 1242.978 1222.781 1202.749 1182.883 1163.182 1143.646 1124.276 1105.072 1086.032 1067.159 1048.450 1029.907 1011.530 993.318 975.271 957.390 939.675 922.124 904.740 887.520 870.466 853.578 836.855 820.297 803.905 787.679 771.617 755.721 739.991 724.426
2186.531 2159.716 2133.066 2106.582 2080.264 2054.110 2028.123 2002.300 1976.644 1951.152 1925.826 1900.666 1875.671 1850.841 1826.177 1801.678 1777.345 1753.177 1729.175 1705.338 1681.666 1658.160 1634.819 1611.644 1588.635 1565.790 1543.111 1520.598 1498.250 1476.067 1454.050 1432.198 1410.512 1388.991 1367.636 1346.446 1325.422 1304.563 1283.869 1263.341 1242.978 1222.781 1202.749 1182.883 1163.182 1143.646 1124.276 1105.072 1086.032 1067.159 1048.450 1029.907 1011.530 993.318 975.271 957.390 939.675 922.124 904.740 887.520 870.466 853.578 836.855 820.297 803.905 787.679 771.617 755.721 739.991 724.426
2186.531 2159.716 2133.066 2106.582 2080.264 2054.110 2028.123 2002.300 1976.644 1951.152 1925.826 1900.666 1875.671 1850.841 1826.177 1801.678 1777.345 1753.177 1729.175 1705.338 1681.666 1658.160 1634.819 1611.644 1588.635 1565.790 1543.111 1520.598 1498.250 1476.067 1454.050 1432.198 1410.512 1388.991 1367.636 1346.446 1325.422 1304.563 1283.869 1263.341 1242.978 1222.781 1202.749 1182.883 1163.182 1143.646 1124.276 1105.072 1086.032 1067.159 1048.450 1029.907 1011.530 993.318 975.271 957.390 939.675 922.124 904.740 887.520 870.466 853.578 836.855 820.297 803.905 787.679 771.617 755.721 739.991 724.426
2186.531 2159.716 2133.066 2106.582 2080.264 2054.110 2028.123 2002.300 1976.644 1951.152 1925.826 1900.666 1875.671 1850.841 1826.177 1801.678 1777.345 1753.177 1729.175 1705.338 1681.666 1658.160 1634.819 1611.644 1588.635 1565.790 1543.111 1520.598 1498.250 1476.067 1454.050 1432.198 1410.512 1388.991 1367.636 1346.446 1325.422 1304.563 1283.869 1263.341 1242.978 1222.781 1202.749 1182.883 1163.182 1143.646 1124.276 1105.072 1086.032 1067.159 1048.450 1029.907 1011.530 993.318 975.271 957.390 939.675 922.124 904.740 887.520 870.466 853.578 836.855 820.297 803.905 787.679 771.617 755.721 739.991 724.426
2186.531 2159.716 2133.066 2106.582 2080.264 2054.110 2028.123 2002.300 1976.644 1951.152 1925.826 1900.666 1875.671 1850.841 1826.177 1801.678 1777.345 1753.177 1729.175 1705.338 1681.666 1658.160 1634.819 1611.644 1588.635 1565.790 1543.111 1520.598 1498.250 1476.067 1454.050 1432.198 1410.512 1388.991 1367.636 1346.446 1325.422 1304.563 1283.869 1263.341 1242.978 1222.781 1202.749 1182.883 1163.182 1143.646 1124.276 1105.072 1086.032 1067.159 1048.450 1029.907 1011.530 993.318 975.271 957.390 939.675 922.124 904.740 887.520 870.466 853.578 836.855 820.297 803.905 787.679 771.617 755.721 739.991 724.426
2186.531 2159.716 2133.066 2106.582 2080.264 2054.110 2028.123 2002.300 1976.644 1951.152 1925.826 1900.666 1875.671 1850.841 1826.177 1801.678 1777.345 1753.177 1729.175 1705.338 1681.666 1658.160 1634.819 1611.644 1588.635 1565.790 1543.111 1520.598 1498.250 1476.067 1454.050 1432.198 1410.512 1388.991 1367.636 1346.446 1325.422 1304.563 1283.869 1263.341 1242.978 1222.781 1202.749 1182.883 1163.182 1143.646 1124.276 1105.072 1086.032 1067.159 1048.450 1029.907 1011.530 993.318 975.271 957.390 939.675 922.124 904.740 887.520 870.466 853.578 836.855 820.297 803.905 787.679 771.617 755.721 739.991 724.426
2186.531 2159.716 2133.066 2106.582 2080.264 2054.110 2028.123 2002.300 1976.644 1951.152 1925.826 1900.666 1875.671 1850.841 1826.177 1801.678 1777.345 1753.177 1729.175 1705.338 1681.666 1658.160 1634.819 1611.644 1588.635 1565.790 1543.111 1520.598 1498.250 1476.067 1454.050 1432.198 1410.512 1388.991 1367.636 1346.446 1325.422 1304.563 1283.869 1263.341 1242.978 1222.781 1202.749 1182.883 1163.182 1143.646 1124.276 1105.072 1086.032 1067.159 1048.450 1029.907 1011.530 993.318 975.271 957.390 939.675 922.124 904.740 887.520 870.466 853.578 836.855 820.297 803.905 787.679 771.617 755.721 739.991 724.426
2186.531 2159.716 2133.066 2106.582 2080.264 2054.110 2028.123 2002.300 1976.644 1951.152 1925.826 1900.666 1875.671 1850.841 1826.177 1801.678 1777.345 1753.177 1729.175 1705.338 1681.666 1658.160 1634.819 1611.644 1588.635 1565.790 1543.111 1520.598 1498.250 1476.067 1454.050 1432.198 1410.512 1388.991 1367.636 1346.446 1325.422 1304.563 1283.869 1263.341 1242.978 1222.781 1202.749 1182.883 1163.182 1143.646 1124.276 1105.072 1086.032 1067.159 1048.450 1029.907 1011.530 993.318 975.271 957.390 939.675 922.124 904.740 887.520 870.466 853.578 836.855 820.297 803.905 787.679 771.617 755.721 739.991 724.426
2186.531 2159.716 2133.066 2106.582 2080.264 2054.110 2028.123 2002.300 1976.644 1951.152 1925.826 1900.666 1875.671 1850.841 1826.177 1801.678 1777.345 1753.177 1729.175 1705.338 1681.666 1658.160 1634.819 1611.644 1588.635 1565.790 1543.111 1520.598 1498.250 1476.067 1454.050 1432.198 1410.512 1388.991 1367.636 1346.446 1325.422 1304.563 1283.869 1263.341 1242.978 1222.781 1202.749 1182.883 1163.182 1143.646 1124.276 1105.072 1086.032 1067.159 1048.450 1029.907 1011.530 993.318 975.271 957.390 939.675 922.124 904.740 887.520 870.466 853.578 836.855 820.297 803.905 787.679 771.617 755.721 739.991 724.426
2186.531 2159.716 2133.066 2106.582 2080.264 2054.110 2028.123 2002.300 1976.644 1951.152 1925.826 1900.666 1875.671 1850.841 1826.177 1801.678 1777.345 1753.177 1729.175 1705.338 1681.666 1658.160 1634.819 1611.644 1588.635 1565.790 1543.111 1520.598 1498.250 1476.067 1454.050 1432.198 1410.512 1388.991 1367.636 1346.446 1325.422 1304.563 1283.869 1263.341 1242.978 1222.781 1202.749 1182.883 1163.182 1143.646 1124.276 1105.072 1086.032 1067.159 1048.450 1029.907 1011.530 993.318 975.271 957.390 939.675 922.124 904.740 887.520 870.466 853.578 836.855 820.297 803.905 787.679 771.617 755.721 739.991 724.426
2186.531 2159.716 2133.066 2106.582 2080.264 2054.110 2028.123 2002.300 1976.644 1951.152 1925.826 1900.666 1875.671 1850.841 1826.177 1801.678 1777.345 1753.177 1729.175 1705.338 1681.666 1658.160 1634.819 1611.644 1588.635 1565.790 1543.111 1520.598 1498.250 1476.067 1454.050 1432.198 1410.512 1388.991 1367.636 1346.446 1325.422 1304.563 1283.869 1263.341 1242.978 1222.781 1202.749 1182.883 1163.182 1143.646 1124.276 1105.072 1086.032 1067.159 1048.450 1029.907 1011.530 993.318 975.271 957.390 939.675 922.124 904.740 887.520 870.466 853.578 836.855 820.297 803.905 787.679 771.617 755.721 739.991 724.426
2186.531 2159.716 2133.066 2106.582 2080.264 2054.110 2028.123 2002.300 1976.644 1951.152 1925.826 1900.666 1875.671 1850.841 1826.177 1801.678 1777.345 1753.177 1729.175 1705.338 1681.666 1658.160 1634.819 1611.644 1588.635 1565.790 1543.111 1520.598 1498.250 1476.067 1454.050 1432.198 1410.512 1388.991 1367.636 1346.446 1325.422 1304.563 1283.869 1263.341 1242.978 1222.781 1202.749 1182.883 1163.182 1143.646 1124.276 1105.072 1086.032 1067.159 1048.450 1029.907 1011.530 993.318 975.271 957.390 939.675 922.124 904.740 887.520 870.466 853.578 836.855 820.297 803.905 787.679 771.617 755.721 739.991 724.426
2186.531 2159.716 2133.066 2106.582 2080.264 2054.110 2028.123 2002.300 1976.644 1951.152 1925.826 1900.666 1875.671 1850.841 1826.177 1801.678 1777.345 1753.177 1729.175 1705.338 1681.666 1658.160 1634.819 1611.644 1588.635 1565.790 1543.111 1520.598 1498.250 1476.067 1454.050 1432.198 1410.512 1388.991 1367.636 1346.446 1325.422 1304.563 1283.869 1263.341 1242.978 1222.781 1202.749 1182.883 1163.182 1143.646 1124.276 1105.072 1086.032 1067.159 1048.450 1029.907 1011.530 993.318 975.271 957.390 939.675 922.124 904.740 887.520 870.466 853.578 836.855 820.297 803.905 787.679 771.617 755.721 739.991 724.426
2186.531 2159.716 2133.066 2106.582 2080.264 2054.110 2028.123 2002.300 1976.644 1951.152 1925.826 1900.666 1875.671 1850.841 1826.177 1801.678 1777.345 1753.177 1729.175 1705.338 1681.666 1658.160 1634.819 1611.644 1588.635 1565.790 1543.111 1520.598 1498.250 1476.067 1454.050 1432.198 1410.512 1388.991 1367.636 1346.446 1325.422 1304.563 1283.869 1263.341 1242.978 1222.781 1202.749 1182.883 1163.182 1143.646 1124.276 1105.072 1086.032 1067.159 1048.450 1029.907 1011.530 993.318 975.271 957.390 939.675 922.124 904.740 887.520 870.466 853.578 836.855 820.297 803.905 787.679 771.617 755.721 739.991 724.426
2186.531 2159.716 2133.066 2106.582 2080.264 2054.110 2028.123 2002.300 1976.644 1951.152 1925.826 1900.666 1875.671 1850.841 1826.177 1801.678 1777.345 1753.177 1729.175 1705.338 1681.666 1658.160 1634.819 1611.644 1588.635 1565.790 1543.111 1520.598 1498.250 1476.067 1454.050 1432.198 1410.512 1388.991 1367.636 1346.446 1325.422 1304.563 1283.869 1263.341 1242.978 1222.781 1202.749 1182.883 1163.182 1143.646 1124.276 1105.072 1086.032 1067.159 1048.450 1029.907 1011.530 993.318 975.271 957.390 939.675 922.124 904.740 887.520 870.466 853.578 836.855 820.297 803.905 787.679 771.617 755.721 739.991 724.426
2186.531 2159.716 2133.066 2106.582 2080.264 2054.110 2028.123 2002.300 1976.644 1951.152 1925.826 1900.666 1875.671 1850.841 1826.177 1801.678 1777.345 1753.177 1729.175 1705.338 1681.666 1658.160 1634.819 1611.644 1588.635 1565.790 1543.111 1520.598 1498.250 1476.067 1454.050 1432.198 1410.512 1388.991 1367.636 1346.446 1325.422 1304.563 1283.869 1263.341 1242.978 1222.781 1202.749 1182.883 1163.182 1143.646 1124.276 1105.072 1086.032 1067.159 1048.450 1029.907 1011.530 993.318 975.271 957.390 939.675 922.124 904.740 887.520 870.466 853.578 836.855 820.297 803.905 787.679 771.617 755.721 739.991 724.426
2186.531 2159.716 2133.066 2106.582 2080.264 2054.110 2028.123 2002.300 1976.644 1951.152 1925.826 1900.666 1875.671 1850.841 1826.177 1801.678 1777.345 1753.177 1729.175 1705.338 1681.666 1658.160 1634.819 1611.644 1588.635 1565.790 1543.111 1520.598 1498.250 1476.067 1454.050 1432.198 1410.512 1388.991 1367.636 1346.446 1325.422 1304.563 1283.869 1263.341 1242.978 1222.781 1202.749 1182.883 1163.182 1143.646 1124.276 1105.072 1086.032 1067.159 1048.450 1029.907 1011.530 993.318 975.271 957.390 939.675 922.124 904.740 887.520 870.466 853.578 836.855 820.297 803.905 787.679 771.617 755.721 739.991 724.426
2186.531 2159.716 2133.066 2106.582 2080.264 2054.110 2028.123 2002.300 1976.644 1951.152 1925.826 1900.666 1875.671 1850.841 1826.177 1801.678 1777.345 1753.177 1729.175 1705.338 1681.666 1658.160 1634.819 1611.644 1588.635 1565.790 1543.111 1520.598 1498.250 1476.067 1454.050 1432.198 1410.512 1388.991 1367.636 1346.446 1325.422 1304.563 1283.869 1263.341 1242.978 1222.781 1202.749 1182.883 1163.182 1143.646 1124.276 1105.072 1086.032 1067.159 1048.450 1029.907 1011.530 993.318 975.271 957.390 939.675 922.124 904.740 887.520 870.466 853.578 836.855 820.297 803.905 787.679 771.617 755.721 739.991 724.426
2186.531 2159.716 2133.066 2106.582 2080.264 2054.110 2028.123 2002.300 1976.644 1951.152 1925.826 1900.666 1875.671 1850.841 1826.177 1801.678 1777.345 1753.177 1729.175 1705.338 1681.666 1658.160 1634.819 1611.644 1588.635 1565.790 1543.111 1520.598 1498.250 1476.067 1454.050 1432.198 1410.512 1388.991 1367.636 1346.446 1325.422 1304.563 1283.869 1263.341 1242.978 1222.781 1202.749 1182.883 1163.182 1143.646 1124.276 1105.072 1086.032 1067.159 1048.450 1029.907 1011.530 993.318 975.271 957.390 939.675 922.124 904.740 887.520 870.466 853.578 836.855 820.297 803.905 787.679 771.617 755.721 739.991 724.426
2186.531 2159.716 2133.066 2106.582 2080.264 2054.110 2028.123 2002.300 1976.644 1951.152 1925.826 1900.666 1875.671 1850.841 1826.177 1801.678 1777.345 1753.177 1729.175 1705.338 1681.666 1658.160 1634.819 1611.644 1588.635 1565.790 1543.111 1520.598 1498.250 1476.067 1454.050 1432.198 1410.512 1388.991 1367.636 1346.446 1325.422 1304.563 1283.869 1263.341 1242.978 1222.781 1202.749 1182.883 1163.182 1143.646 1124.276 1105.072 1086.032 1067.159 1048.450 1029.907 1011.530 993.318 975.271 957.390 939.675 922.124 904.740 887.520 870.466 853.578 836.855 820.297 803.905 787.679 771.617 755.721 739.991 724.426
2186.531 2159.716 2133.066 2106.582 2080.264 2054.110 2028.123 2002.300 1976.644 1951.152 1925.826 1900.666 1875.671 1850.841 1826.177 1801.678 1777.345 1753.177 1729.175 1705.338 1681.666 1658.160 1634.819 1611.644 1588.635 1565.790 1543.111 1520.598 1498.250 1476.067 1454.050 1432.198 1410.512 1388.991 1367.636 1346.446 1325.422 1304.563 1283.869 1263.341 1242.978 1222.781 1202.749 1182.883 1163.182 1143.646 1124.276 1105.072 1086.032 1067.159 1048.450 1029.907 1011.530 993.318 975.271 957.390 939.675 922.124 904.740 887.520 870.466 853.578 836.855 820.297 803.905 787.679 771.617 755.721 739.991 724.426
2186.531 2159.716 2133.066 2106.582 2080.264 2054.110 2028.123 2002.300 1976.644 1951.152 1925.826 1900.666 1875.671 1850.841 1826.177 1801.678 1777.345 1753.177 1729.175 1705.338 1681.666 1658.160 1634.819 1611.644 1588.635 1565.790 1543.111 1520.598 1498.250 1476.067 1454.050 1432.198 1410.512 1388.991 1367.636 1346.446 1325.422 1304.563 1283.869 1263.341 1242.978 1222.781 1202.749 1182.883 1163.182 1143.646 1124.276 1105.072 1086.032 1067.159 1048.450 1029.907 1011.530 993.318 975.271 957.390 939.675 922.124 904.740 887.520 870.466 853.578 836.855 820.297 803.905 787.679 771.617 755.721 739.991 724.426
