avaframe/data/avaParabola/Avaflow_Input/prefix_results/prefix_ascii/prefix_hillshade0010.asc
ncols 250
nrows 100
xllcenter 997.50
yllcenter -4997.50
cellsize 20.00
NODATA_value -9999.000
[rows 42 to 83 of 100, columns 94 to 187 of 250]
219 219 219 219 219 218 218 218 218 218 217 217 217 217 216 216 216 215 215 215 214 214 214 213 213 212 212 211 211 211 210 210 209 208 208 207 207 206 206 205 204 204 203 202 202 201 200 199 199 198 197 196 195 195 194 193 192 191 190 189 188 187 186 186 185 184 182 181 180 180 180 180 180 180 180 180 180 180 180 180 180 180 180 180 180 180 180 180 180 180 180 180 180 180
219 219 219 219 219 218 218 218 218 218 217 217 217 217 216 216 216 215 215 215 214 214 214 213 213 212 212 211 211 211 210 210 209 208 208 207 207 206 206 205 204 204 203 202 202 201 200 199 199 198 197 196 195 195 194 193 192 191 190 189 188 187 186 186 185 184 182 181 180 180 180 180 180 180 180 180 180 180 180 180 180 180 180 180 180 180 180 180 180 180 180 180 180 180
219 219 219 219 219 218 218 218 218 218 217 217 217 217 216 216 216 215 215 215 214 214 214 213 213 212 212 211 211 211 210 210 209 208 208 207 207 206 206 205 204 204 203 202 202 201 200 199 199 198 197 196 195 195 194 193 192 191 190 189 188 187 186 186 185 184 182 181 180 180 180 180 180 180 180 180 180 180 180 180 180 180 180 180 180 180 180 180 180 180 180 180 180 180
219 219 219 219 219 218 218 218 218 218 217 217 217 217 216 216 216 215 215 215 214 214 214 213 213 212 212 211 211 211 210 210 209 208 208 207 207 206 206 205 204 204 203 202 202 201 200 199 199 198 197 196 195 195 194 193 192 191 190 189 188 187 186 186 185 184 182 181 180 180 180 180 180 180 180 180 180 180 180 180 180 180 180 180 180 180 180 180 180 180 180 180 180 180
219 219 219 219 219 218 218 218 218 218 217 217 217 217 216 216 216 215 215 215 214 214 214 213 213 212 212 211 211 211 210 210 209 208 208 207 207 206 206 205 204 204 203 202 202 201 200 199 199 198 197 196 195 195 194 193 192 191 190 189 188 187 186 186 185 184 182 181 180 180 180 180 180 180 180 180 180 180 180 180 180 180 180 180 180 180 180 180 180 180 180 180 180 180
219 219 219 219 219 218 218 218 218 218 217 217 217 217 216 216 216 215 215 215 214 214 214 213 213 212 212 211 211 211 210 210 209 208 208 207 207 206 206 205 204 204 203 202 202 201 200 199 199 198 197 196 195 195 194 193 192 191 190 189 188 187 186 186 185 184 182 181 180 180 180 180 180 180 180 180 180 180 180 180 180 180 180 180 180 180 180 180 180 180 180 180 180 180
219 219 219 219 219 218 218 218 218 218 217 217 217 217 216 216 216 215 215 215 214 214 214 213 213 212 212 211 211 211 210 210 209 208 208 207 207 206 206 205 204 204 203 202 202 201 200 199 199 198 197 196 195 195 194 193 192 191 190 189 188 187 186 186 185 184 182 181 180 180 180 180 180 180 180 180 180 180 180 180 180 180 180 180 180 180 180 180 180 180 180 180 180 180
219 219 219 219 219 218 218 218 218 218 217 217 217 217 216 216 216 215 215 215 214 214 214 213 213 212 212 211 211 211 210 210 209 208 208 207 207 206 206 205 204 204 203 202 202 201 200 199 199 198 197 196 195 195 194 193 192 191 190 189 188 187 186 186 185 184 182 181 180 180 180 180 180 180 180 180 180 180 180 180 180 180 180 180 180 180 180 180 180 180 180 180 180 180
219 219 219 219 219 218 218 218 218 218 217 217 217 217 216 216 216 215 215 215 214 214 214 213 213 212 212 211 211 211 210 210 209 208 208 207 207 206 206 205 204 204 203 202 202 201 200 199 199 198 197 196 195 195 194 193 192 191 190 189 188 187 186 186 185 184 182 181 180 180 180 180 180 180 180 180 180 180 180 180 180 180 180 180 180 180 180 180 180 180 180 180 180 180
219 219 219 219 219 218 218 218 218 218 217 217 217 217 216 216 216 215 215 215 214 214 214 213 213 212 212 211 211 211 210 210 209 208 208 207 207 206 206 205 204 204 203 202 202 201 200 199 199 198 197 196 195 195 194 193 192 191 190 189 188 187 186 186 185 184 182 181 180 180 180 180 180 180 180 180 180 180 180 180 180 180 180 180 180 180 180 180 180 180 180 180 180 180
219 219 219 219 219 218 218 218 218 218 217 217 217 217 216 216 216 215 215 215 214 214 214 213 213 212 212 211 211 211 210 210 209 208 208 207 207 206 206 205 204 204 203 202 202 201 200 199 199 198 197 196 195 195 194 193 192 191 190 189 188 187 186 186 185 184 182 181 180 180 180 180 180 180 180 180 180 180 180 180 180 180 180 180 180 180 180 180 180 180 180 180 180 180
219 219 219 219 219 218 218 218 218 218 217 217 217 217 216 216 216 215 215 215 214 214 214 213 213 212 212 211 211 211 210 210 209 208 208 207 207 206 206 205 204 204 203 202 202 201 200 199 199 198 197 196 195 195 194 193 192 191 190 189 188 187 186 186 185 184 182 181 180 180 180 180 180 180 180 180 180 180 180 180 180 180 180 180 180 180 180 180 180 180 180 180 180 180
219 219 219 219 219 218 218 218 218 218 217 217 217 217 216 216 216 215 215 215 214 214 214 213 213 212 212 211 211 211 210 210 209 208 208 207 207 206 206 205 204 204 203 202 202 201 200 199 199 198 197 196 195 195 194 193 192 191 190 189 188 187 186 186 185 184 182 181 180 180 180 180 180 180 180 180 180 180 180 180 180 180 180 180 180 180 180 180 180 180 180 180 180 180
219 219 219 219 219 218 218 218 218 218 217 217 217 217 216 216 216 215 215 215 214 214 214 213 213 212 212 211 211 211 210 210 209 208 208 207 207 206 206 205 204 204 203 202 202 201 200 199 199 198 197 196 195 195 194 193 192 191 190 189 188 187 186 186 185 184 182 181 180 180 180 180 180 180 180 180 180 180 180 180 180 180 180 180 180 180 180 180 180 180 180 180 180 180
219 219 219 219 219 218 218 218 218 218 217 217 217 217 216 216 216 215 215 215 214 214 214 213 213 212 212 211 211 211 210 210 209 208 208 207 207 206 206 205 204 204 203 202 202 201 200 199 199 198 197 196 195 195 194 193 192 191 190 189 188 187 186 186 185 184 182 181 180 180 180 180 180 180 180 180 180 180 180 180 180 180 180 180 180 180 180 180 180 180 180 180 180 180
219 219 219 219 219 218 218 218 218 218 217 217 217 217 216 216 216 215 215 215 214 214 214 213 213 212 212 211 211 211 210 210 209 208 208 207 207 206 206 205 204 204 203 202 202 201 200 199 199 198 197 196 195 195 194 193 192 191 190 189 188 187 186 186 185 184 182 181 180 180 180 180 180 180 180 180 180 180 180 180 180 180 180 180 180 180 180 180 180 180 180 180 180 180
219 219 219 219 219 218 218 218 218 218 217 217 217 217 216 216 216 215 215 215 214 214 214 213 213 212 212 211 211 211 210 210 209 208 208 207 207 206 206 205 204 204 203 202 202 201 200 199 199 198 197 196 195 195 194 193 192 191 190 189 188 187 186 186 185 184 182 181 180 180 180 180 180 180 180 180 180 180 180 180 180 180 180 180 180 180 180 180 180 180 180 180 180 180
219 219 219 219 219 218 218 218 218 218 217 217 217 217 216 216 216 215 215 215 214 214 214 213 213 212 212 211 211 211 210 210 209 208 208 207 207 206 206 205 204 204 203 202 202 201 200 199 199 198 197 196 195 195 194 193 192 191 190 189 188 187 186 186 185 184 182 181 180 180 180 180 180 180 180 180 180 180 180 180 180 180 180 180 180 180 180 180 180 180 180 180 180 180
219 219 219 219 219 218 218 218 218 218 217 217 217 217 216 216 216 215 215 215 214 214 214 213 213 212 212 211 211 211 210 210 209 208 208 207 207 206 206 205 204 204 203 202 202 201 200 199 199 198 197 196 195 195 194 193 192 191 190 189 188 187 186 186 185 184 182 181 180 180 180 180 180 180 180 180 180 180 180 180 180 180 180 180 180 180 180 180 180 180 180 180 180 180
219 219 219 219 219 218 218 218 218 218 217 217 217 217 216 216 216 215 215 215 214 214 214 213 213 212 212 211 211 211 210 210 209 208 208 207 207 206 206 205 204 204 203 202 202 201 200 199 199 198 197 196 195 195 194 193 192 191 190 189 188 187 186 186 185 184 182 181 180 180 180 180 180 180 180 180 180 180 180 180 180 180 180 180 180 180 180 180 180 180 180 180 180 180
219 219 219 219 219 218 218 218 218 218 217 217 217 217 216 216 216 215 215 215 214 214 214 213 213 212 212 211 211 211 210 210 209 208 208 207 207 206 206 205 204 204 203 202 202 201 200 199 199 198 197 196 195 195 194 193 192 191 190 189 188 187 186 186 185 184 182 181 180 180 180 180 180 180 180 180 180 180 180 180 180 180 180 180 180 180 180 180 180 180 180 180 180 180
219 219 219 219 219 218 218 218 218 218 217 217 217 217 216 216 216 215 215 215 214 214 214 213 213 212 212 211 211 211 210 210 209 208 208 207 207 206 206 205 204 204 203 202 202 201 200 199 199 198 197 196 195 195 194 193 192 191 190 189 188 187 186 186 185 184 182 181 180 180 180 180 180 180 180 180 180 180 180 180 180 180 180 180 180 180 180 180 180 180 180 180 180 180
219 219 219 219 219 218 218 218 218 218 217 217 217 217 216 216 216 215 215 215 214 214 214 213 213 212 212 211 211 211 210 210 209 208 208 207 207 206 206 205 204 204 203 202 202 201 200 199 199 198 197 196 195 195 194 193 192 191 190 189 188 187 186 186 185 184 182 181 180 180 180 180 180 180 180 180 180 180 180 180 180 180 180 180 180 180 180 180 180 180 180 180 180 180
219 219 219 219 219 218 218 218 218 218 217 217 217 217 216 216 216 215 215 215 214 214 214 213 213 212 212 211 211 211 210 210 209 208 208 207 207 206 206 205 204 204 203 202 202 201 200 199 199 198 197 196 195 195 194 193 192 191 190 189 188 187 186 186 185 184 182 181 180 180 180 180 180 180 180 180 180 180 180 180 180 180 180 180 180 180 180 180 180 180 180 180 180 180
219 219 219 219 219 218 218 218 218 218 217 217 217 217 216 216 216 215 215 215 214 214 214 213 213 212 212 211 211 211 210 210 209 208 208 207 207 206 206 205 204 204 203 202 202 201 200 199 199 198 197 196 195 195 194 193 192 191 190 189 188 187 186 186 185 184 182 181 180 180 180 180 180 180 180 180 180 180 180 180 180 180 180 180 180 180 180 180 180 180 180 180 180 180
219 219 219 219 219 218 218 218 218 218 217 217 217 217 216 216 216 215 215 215 214 214 214 213 213 212 212 211 211 211 210 210 209 208 208 207 207 206 206 205 204 204 203 202 202 201 200 199 199 198 197 196 195 195 194 193 192 191 190 189 188 187 186 186 185 184 182 181 180 180 180 180 180 180 180 180 180 180 180 180 180 180 180 180 180 180 180 180 180 180 180 180 180 180
219 219 219 219 219 218 218 218 218 218 217 217 217 217 216 216 216 215 215 215 214 214 214 213 213 212 212 211 211 211 210 210 209 208 208 207 207 206 206 205 204 204 203 202 202 201 200 199 199 198 197 196 195 195 194 193 192 191 190 189 188 187 186 186 185 184 182 181 180 180 180 180 180 180 180 180 180 180 180 180 180 180 180 180 180 180 180 180 180 180 180 180 180 180
219 219 219 219 219 218 218 218 218 218 217 217 217 217 216 216 216 215 215 215 214 214 214 213 213 212 212 211 211 211 210 210 209 208 208 207 207 206 206 205 204 204 203 202 202 201 200 199 199 198 197 196 195 195 194 193 192 191 190 189 188 187 186 186 185 184 182 181 180 180 180 180 180 180 180 180 180 180 180 180 180 180 180 180 180 180 180 180 180 180 180 180 180 180
219 219 219 219 219 218 218 218 218 218 217 217 217 217 216 216 216 215 215 215 214 214 214 213 213 212 212 211 211 211 210 210 209 208 208 207 207 206 206 205 204 204 203 202 202 201 200 199 199 198 197 196 195 195 194 193 192 191 190 189 188 187 186 186 185 184 182 181 180 180 180 180 180 180 180 180 180 180 180 180 180 180 180 180 180 180 180 180 180 180 180 180 180 180
219 219 219 219 219 218 218 218 218 218 217 217 217 217 216 216 216 215 215 215 214 214 214 213 213 212 212 211 211 211 210 210 209 208 208 207 207 206 206 205 204 204 203 202 202 201 200 199 199 198 197 196 195 195 194 193 192 191 190 189 188 187 186 186 185 184 182 181 180 180 180 180 180 180 180 180 180 180 180 180 180 180 180 180 180 180 180 180 180 180 180 180 180 180
219 219 219 219 219 218 218 218 218 218 217 217 217 217 216 216 216 215 215 215 214 214 214 213 213 212 212 211 211 211 210 210 209 208 208 207 207 206 206 205 204 204 203 202 202 201 200 199 199 198 197 196 195 195 194 193 192 191 190 189 188 187 186 186 185 184 182 181 180 180 180 180 180 180 180 180 180 180 180 180 180 180 180 180 180 180 180 180 180 180 180 180 180 180
219 219 219 219 219 218 218 218 218 218 217 217 217 217 216 216 216 215 215 215 214 214 214 213 213 212 212 211 211 211 210 210 209 208 208 207 207 206 206 205 204 204 203 202 202 201 200 199 199 198 197 196 195 195 194 193 192 191 190 189 188 187 186 186 185 184 182 181 180 180 180 180 180 180 180 180 180 180 180 180 180 180 180 180 180 180 180 180 180 180 180 180 180 180
219 219 219 219 219 218 218 218 218 218 217 217 217 217 216 216 216 215 215 215 214 214 214 213 213 212 212 211 211 211 210 210 209 208 208 207 207 206 206 205 204 204 203 202 202 201 200 199 199 198 197 196 195 195 194 193 192 191 190 189 188 187 186 186 185 184 182 181 180 180 180 180 180 180 180 180 180 180 180 180 180 180 180 180 180 180 180 180 180 180 180 180 180 180
219 219 219 219 219 218 218 218 218 218 217 217 217 217 216 216 216 215 215 215 214 214 214 213 213 212 212 211 211 211 210 210 209 208 208 207 207 206 206 205 204 204 203 202 202 201 200 199 199 198 197 196 195 195 194 193 192 191 190 189 188 187 186 186 185 184 182 181 180 180 180 180 180 180 180 180 180 180 180 180 180 180 180 180 180 180 180 180 180 180 180 180 180 180
219 219 219 219 219 218 218 218 218 218 217 217 217 217 216 216 216 215 215 215 214 214 214 213 213 212 212 211 211 211 210 210 209 208 208 207 207 206 206 205 204 204 203 202 202 201 200 199 199 198 197 196 195 195 194 193 192 191 190 189 188 187 186 186 185 184 182 181 180 180 180 180 180 180 180 180 180 180 180 180 180 180 180 180 180 180 180 180 180 180 180 180 180 180
219 219 219 219 219 218 218 218 218 218 217 217 217 217 216 216 216 215 215 215 214 214 214 213 213 212 212 211 211 211 210 210 209 208 208 207 207 206 206 205 204 204 203 202 202 201 200 199 199 198 197 196 195 195 194 193 192 191 190 189 188 187 186 186 185 184 182 181 180 180 180 180 180 180 180 180 180 180 180 180 180 180 180 180 180 180 180 180 180 180 180 180 180 180
219 219 219 219 219 218 218 218 218 218 217 217 217 217 216 216 216 215 215 215 214 214 214 213 213 212 212 211 211 211 210 210 209 208 208 207 207 206 206 205 204 204 203 202 202 201 200 199 199 198 197 196 195 195 194 193 192 191 190 189 188 187 186 186 185 184 182 181 180 180 180 180 180 180 180 180 180 180 180 180 180 180 180 180 180 180 180 180 180 180 180 180 180 180
219 219 219 219 219 218 218 218 218 218 217 217 217 217 216 216 216 215 215 215 214 214 214 213 213 212 212 211 211 211 210 210 209 208 208 207 207 206 206 205 204 204 203 202 202 201 200 199 199 198 197 196 195 195 194 193 192 191 190 189 188 187 186 186 185 184 182 181 180 180 180 180 180 180 180 180 180 180 180 180 180 180 180 180 180 180 180 180 180 180 180 180 180 180
219 219 219 219 219 218 218 218 218 218 217 217 217 217 216 216 216 215 215 215 214 214 214 213 213 212 212 211 211 211 210 210 209 208 208 207 207 206 206 205 204 204 203 202 202 201 200 199 199 198 197 196 195 195 194 193 192 191 190 189 188 187 186 186 185 184 182 181 180 180 180 180 180 180 180 180 180 180 180 180 180 180 180 180 180 180 180 180 180 180 180 180 180 180
219 219 219 219 219 218 218 218 218 218 217 217 217 217 216 216 216 215 215 215 214 214 214 213 213 212 212 211 211 211 210 210 209 208 208 207 207 206 206 205 204 204 203 202 202 201 200 199 199 198 197 196 195 195 194 193 192 191 190 189 188 187 186 186 185 184 182 181 180 180 180 180 180 180 180 180 180 180 180 180 180 180 180 180 180 180 180 180 180 180 180 180 180 180
219 219 219 219 219 218 218 218 218 218 217 217 217 217 216 216 216 215 215 215 214 214 214 213 213 212 212 211 211 211 210 210 209 208 208 207 207 206 206 205 204 204 203 202 202 201 200 199 199 198 197 196 195 195 194 193 192 191 190 189 188 187 186 186 185 184 182 181 180 180 180 180 180 180 180 180 180 180 180 180 180 180 180 180 180 180 180 180 180 180 180 180 180 180
219 219 219 219 219 218 218 218 218 218 217 217 217 217 216 216 216 215 215 215 214 214 214 213 213 212 212 211 211 211 210 210 209 208 208 207 207 206 206 205 204 204 203 202 202 201 200 199 199 198 197 196 195 195 194 193 192 191 190 189 188 187 186 186 185 184 182 181 180 180 180 180 180 180 180 180 180 180 180 180 180 180 180 180 180 180 180 180 180 180 180 180 180 180
