avaframe/data/avaParabola/Avaflow_Input/prefix_results/prefix_ascii/prefix_vflow10011.asc
ncols 250
nrows 100
xllcenter 997.50
yllcenter -4997.50
cellsize 20.00
NODATA_value -9999.000
[rows 34 to 67 of 100, columns 77 to 153 of 250]
0.000 0.000 0.000 0.000 0.000 0.000 0.000 0.000 0.000 0.000 0.000 0.000 0.000 0.000 0.000 0.000 0.918 0.986 1.041 1.092 1.140 1.188 1.236 1.285 1.337 1.389 1.437 1.482 1.524 1.564 1.604 1.642 1.680 1.717 1.752 1.793 1.850 1.899 1.853 1.780 1.701 1.660 1.213 0.298 0.010 0.033 0.059 0.076 0.087 0.097 0.095 0.088 0.000 0.000 0.000 0.000 0.000 0.000 0.000 0.000 0.000 0.000 0.000 0.000 0.000 0.000 0.000 0.000 0.000 0.000 0.000 0.000 0.000 0.000 0.000 0.000 0.000
0.000 0.000 0.000 0.000 0.000 0.000 0.000 0.000 0.000 0.000 0.000 0.000 0.000 0.000 0.000 0.989 1.078 1.151 1.216 1.277 1.337 1.395 1.454 1.514 1.575 1.636 1.698 1.759 1.819 1.879 1.937 1.993 2.047 2.098 2.149 2.208 2.287 2.317 2.278 2.223 2.160 2.147 1.681 0.578 0.000 0.051 0.101 0.135 0.159 0.180 0.189 0.170 0.127 0.000 0.000 0.000 0.000 0.000 0.000 0.000 0.000 0.000 0.000 0.000 0.000 0.000 0.000 0.000 0.000 0.000 0.000 0.000 0.000 0.000 0.000 0.000 0.000
0.000 0.000 0.000 0.000 0.000 0.000 0.000 0.000 0.000 0.000 0.000 0.000 0.000 0.000 1.033 1.138 1.224 1.303 1.379 1.453 1.527 1.601 1.675 1.749 1.824 1.900 1.976 2.053 2.130 2.206 2.280 2.353 2.423 2.491 2.560 2.638 2.736 2.751 2.738 2.708 2.669 2.674 2.265 0.873 0.000 0.070 0.144 0.206 0.245 0.280 0.301 0.266 0.205 0.083 0.000 0.000 0.000 0.000 0.000 0.000 0.000 0.000 0.000 0.000 0.000 0.000 0.000 0.000 0.000 0.000 0.000 0.000 0.000 0.000 0.000 0.000 0.000
0.000 0.000 0.000 0.000 0.000 0.000 0.000 0.000 0.000 0.000 0.000 0.000 0.000 1.077 1.187 1.279 1.366 1.452 1.538 1.625 1.713 1.802 1.893 1.984 2.075 2.167 2.259 2.351 2.443 2.534 2.625 2.714 2.803 2.892 2.982 3.080 3.189 3.200 3.215 3.220 3.213 3.216 2.917 1.200 0.060 0.089 0.199 0.294 0.356 0.406 0.430 0.375 0.306 0.228 0.093 0.000 0.000 0.000 0.000 0.000 0.000 0.000 0.000 0.000 0.000 0.000 0.000 0.000 0.000 0.000 0.000 0.000 0.000 0.000 0.000 0.000 0.000
0.000 0.000 0.000 0.000 0.000 0.000 0.000 0.000 0.000 0.000 0.000 0.000 1.122 1.236 1.333 1.423 1.514 1.607 1.704 1.803 1.904 2.007 2.112 2.219 2.326 2.433 2.540 2.647 2.753 2.859 2.966 3.072 3.178 3.284 3.391 3.499 3.614 3.645 3.680 3.716 3.745 3.750 3.543 1.384 0.074 0.086 0.218 0.439 0.579 0.657 0.629 0.500 0.411 0.336 0.256 0.124 0.000 0.000 0.000 0.000 0.000 0.000 0.000 0.000 0.000 0.000 0.000 0.000 0.000 0.000 0.000 0.000 0.000 0.000 0.000 0.000 0.000
0.000 0.000 0.000 0.000 0.000 0.000 0.000 0.000 0.000 0.000 0.000 1.146 1.268 1.374 1.471 1.567 1.666 1.770 1.877 1.985 2.094 2.205 2.317 2.430 2.545 2.660 2.775 2.891 3.006 3.121 3.236 3.352 3.468 3.584 3.701 3.818 3.935 4.057 4.124 4.172 4.220 4.228 3.898 1.183 0.000 0.133 0.368 0.508 0.367 0.332 0.614 0.750 0.525 0.433 0.354 0.282 0.186 0.000 0.000 0.000 0.000 0.000 0.000 0.000 0.000 0.000 0.000 0.000 0.000 0.000 0.000 0.000 0.000 0.000 0.000 0.000 0.000
0.000 0.000 0.000 0.000 0.000 0.000 0.000 0.000 0.000 0.000 1.139 1.268 1.379 1.481 1.580 1.683 1.790 1.901 2.015 2.129 2.243 2.358 2.474 2.592 2.711 2.831 2.951 3.072 3.193 3.314 3.435 3.557 3.679 3.801 3.924 4.047 4.171 4.294 4.422 4.486 4.538 4.589 3.746 0.836 0.000 0.273 0.566 0.010 0.000 0.062 0.274 0.593 0.715 0.535 0.433 0.340 0.211 0.118 0.000 0.000 0.000 0.000 0.000 0.000 0.000 0.000 0.000 0.000 0.000 0.000 0.000 0.000 0.000 0.000 0.000 0.000 0.000
0.000 0.000 0.000 0.000 0.000 0.000 0.000 0.000 0.000 1.101 1.240 1.356 1.461 1.561 1.663 1.770 1.882 1.999 2.118 2.236 2.354 2.472 2.591 2.711 2.833 2.956 3.080 3.204 3.329 3.454 3.579 3.704 3.830 3.956 4.083 4.211 4.338 4.464 4.594 4.717 4.765 4.952 3.167 0.448 0.000 0.111 0.381 0.134 0.091 0.000 0.000 0.421 0.928 0.635 0.490 0.365 0.244 0.091 0.000 0.000 0.000 0.000 0.000 0.000 0.000 0.000 0.000 0.000 0.000 0.000 0.000 0.000 0.000 0.000 0.000 0.000 0.000
0.000 0.000 0.000 0.000 0.000 0.000 0.000 0.000 0.000 1.185 1.309 1.418 1.520 1.620 1.723 1.833 1.949 2.070 2.192 2.313 2.434 2.554 2.675 2.797 2.920 3.045 3.172 3.298 3.426 3.552 3.680 3.807 3.935 4.064 4.193 4.323 4.453 4.582 4.718 4.843 4.927 5.147 2.462 0.124 0.074 0.197 0.420 0.000 0.000 0.000 0.693 0.139 0.868 0.558 0.390 0.268 0.180 0.114 0.067 0.000 0.000 0.000 0.000 0.000 0.000 0.000 0.000 0.000 0.000 0.000 0.000 0.000 0.000 0.000 0.000 0.000 0.000
0.000 0.000 0.000 0.000 0.000 0.000 0.000 0.000 1.095 1.238 1.355 1.462 1.562 1.662 1.767 1.878 1.997 2.119 2.244 2.367 2.489 2.611 2.733 2.856 2.981 3.107 3.235 3.363 3.492 3.620 3.749 3.878 4.008 4.138 4.269 4.400 4.532 4.665 4.806 4.907 5.030 4.993 1.709 0.000 0.149 0.461 0.569 0.689 0.736 0.579 0.000 0.000 0.645 0.422 0.284 0.190 0.127 0.079 0.043 0.000 0.000 0.000 0.000 0.000 0.000 0.000 0.000 0.000 0.000 0.000 0.000 0.000 0.000 0.000 0.000 0.000 0.000
0.000 0.000 0.000 0.000 0.000 0.000 0.000 0.000 1.137 1.271 1.386 1.491 1.592 1.692 1.797 1.910 2.029 2.153 2.279 2.404 2.528 2.650 2.773 2.897 3.022 3.149 3.278 3.407 3.537 3.666 3.796 3.926 4.056 4.187 4.319 4.451 4.584 4.721 4.856 4.942 5.078 4.529 0.967 0.000 0.001 0.080 0.050 0.000 0.045 0.366 0.584 0.554 0.485 0.317 0.204 0.137 0.092 0.058 0.029 0.000 0.000 0.000 0.000 0.000 0.000 0.000 0.000 0.000 0.000 0.000 0.000 0.000 0.000 0.000 0.000 0.000 0.000
0.000 0.000 0.000 0.000 0.000 0.000 0.000 0.984 1.162 1.292 1.406 1.511 1.611 1.712 1.817 1.931 2.051 2.176 2.302 2.428 2.553 2.676 2.799 2.924 3.049 3.177 3.305 3.435 3.565 3.696 3.826 3.956 4.087 4.218 4.351 4.484 4.619 4.755 4.877 5.062 5.266 3.825 0.519 0.000 0.127 0.180 0.165 0.100 0.062 0.009 0.082 0.248 0.244 0.132 0.094 0.066 0.048 0.031 0.016 0.000 0.000 0.000 0.000 0.000 0.000 0.000 0.000 0.000 0.000 0.000 0.000 0.000 0.000 0.000 0.000 0.000 0.000
0.000 0.000 0.000 0.000 0.000 0.000 0.000 1.004 1.176 1.305 1.418 1.523 1.623 1.724 1.830 1.944 2.064 2.190 2.316 2.443 2.568 2.692 2.816 2.940 3.066 3.193 3.323 3.453 3.584 3.714 3.845 3.975 4.107 4.238 4.371 4.505 4.642 4.778 4.891 5.164 5.461 2.915 0.233 0.122 0.243 0.333 0.329 0.279 0.179 0.106 0.019 0.000 0.000 0.016 0.029 0.022 0.014 0.007 0.003 0.000 0.000 0.000 0.000 0.000 0.000 0.000 0.000 0.000 0.000 0.000 0.000 0.000 0.000 0.000 0.000 0.000 0.000
0.000 0.000 0.000 0.000 0.000 0.000 0.000 1.011 1.182 1.311 1.424 1.530 1.630 1.732 1.838 1.952 2.072 2.198 2.325 2.451 2.577 2.701 2.825 2.949 3.075 3.203 3.333 3.463 3.594 3.725 3.856 3.987 4.118 4.250 4.384 4.518 4.654 4.789 4.908 5.172 5.350 2.263 0.061 0.010 0.104 0.253 0.215 0.227 0.177 0.097 0.020 0.020 0.024 0.003 0.002 0.002 0.001 0.000 0.000 0.000 0.000 0.000 0.000 0.000 0.000 0.000 0.000 0.000 0.000 0.000 0.000 0.000 0.000 0.000 0.000 0.000 0.000
0.000 0.000 0.000 0.000 0.000 0.000 0.000 1.014 1.185 1.314 1.427 1.533 1.633 1.735 1.842 1.956 2.076 2.202 2.329 2.456 2.581 2.705 2.829 2.954 3.080 3.208 3.338 3.468 3.599 3.730 3.861 3.992 4.123 4.256 4.389 4.523 4.659 4.793 4.914 5.189 5.201 1.799 0.049 0.040 0.078 0.070 0.004 0.042 0.069 0.060 0.033 0.005 0.000 0.006 0.006 0.000 0.014 0.011 0.007 0.000 0.000 0.000 0.000 0.000 0.000 0.000 0.000 0.000 0.000 0.000 0.000 0.000 0.000 0.000 0.000 0.000 0.000
0.000 0.000 0.000 0.000 0.000 0.000 0.000 1.014 1.185 1.314 1.428 1.533 1.634 1.736 1.843 1.957 2.078 2.203 2.330 2.457 2.582 2.707 2.831 2.956 3.082 3.210 3.339 3.470 3.601 3.732 3.863 3.994 4.126 4.258 4.392 4.526 4.661 4.794 4.916 5.198 5.063 1.492 0.047 0.044 0.003 0.014 0.023 0.007 0.009 0.010 0.000 0.010 0.000 0.090 0.089 0.077 0.061 0.047 0.016 0.000 0.000 0.000 0.000 0.000 0.000 0.000 0.000 0.000 0.000 0.000 0.000 0.000 0.000 0.000 0.000 0.000 0.000
0.000 0.000 0.000 0.000 0.000 0.000 0.000 1.014 1.184 1.314 1.428 1.533 1.634 1.736 1.843 1.957 2.078 2.204 2.331 2.457 2.582 2.707 2.831 2.956 3.082 3.210 3.340 3.470 3.601 3.732 3.863 3.994 4.126 4.259 4.393 4.526 4.660 4.794 4.918 5.201 4.975 1.382 0.005 0.003 0.001 0.003 0.000 0.008 0.011 0.054 0.072 0.084 0.296 0.251 0.191 0.147 0.109 0.073 0.024 0.000 0.000 0.000 0.000 0.000 0.000 0.000 0.000 0.000 0.000 0.000 0.000 0.000 0.000 0.000 0.000 0.000 0.000
0.000 0.000 0.000 0.000 0.000 0.000 0.000 1.010 1.182 1.311 1.426 1.531 1.633 1.735 1.842 1.957 2.078 2.203 2.330 2.456 2.581 2.705 2.830 2.955 3.081 3.209 3.339 3.469 3.600 3.731 3.862 3.993 4.125 4.258 4.392 4.524 4.657 4.794 4.920 5.203 4.952 1.348 0.004 0.002 0.005 0.000 0.078 0.063 0.013 0.107 0.361 0.475 0.405 0.315 0.245 0.191 0.146 0.095 0.052 0.000 0.000 0.000 0.000 0.000 0.000 0.000 0.000 0.000 0.000 0.000 0.000 0.000 0.000 0.000 0.000 0.000 0.000
0.000 0.000 0.000 0.000 0.000 0.000 0.000 1.002 1.175 1.306 1.420 1.527 1.629 1.731 1.839 1.954 2.076 2.201 2.327 2.453 2.577 2.701 2.826 2.951 3.078 3.206 3.335 3.465 3.596 3.727 3.859 3.990 4.122 4.255 4.387 4.518 4.654 4.795 4.923 5.206 4.966 1.374 0.030 0.027 0.011 0.069 0.031 0.018 0.083 0.461 0.513 0.466 0.414 0.346 0.287 0.234 0.185 0.129 0.000 0.000 0.000 0.000 0.000 0.000 0.000 0.000 0.000 0.000 0.000 0.000 0.000 0.000 0.000 0.000 0.000 0.000 0.000
0.000 0.000 0.000 0.000 0.000 0.000 0.000 0.981 1.161 1.294 1.411 1.518 1.620 1.724 1.832 1.948 2.070 2.195 2.320 2.445 2.569 2.693 2.818 2.943 3.070 3.198 3.328 3.458 3.588 3.719 3.851 3.982 4.114 4.246 4.377 4.509 4.651 4.792 4.917 5.206 5.060 1.490 0.000 0.032 0.148 0.330 0.389 0.339 0.345 0.356 0.386 0.446 0.408 0.343 0.288 0.242 0.195 0.147 0.000 0.000 0.000 0.000 0.000 0.000 0.000 0.000 0.000 0.000 0.000 0.000 0.000 0.000 0.000 0.000 0.000 0.000 0.000
0.000 0.000 0.000 0.000 0.000 0.000 0.000 0.937 1.137 1.275 1.394 1.502 1.606 1.710 1.820 1.937 2.058 2.183 2.307 2.431 2.555 2.679 2.803 2.929 3.056 3.184 3.313 3.443 3.574 3.704 3.836 3.967 4.099 4.229 4.361 4.499 4.641 4.778 4.899 5.197 5.215 1.716 0.009 0.068 0.322 0.425 0.578 0.725 0.659 0.499 0.447 0.485 0.445 0.372 0.305 0.242 0.179 0.126 0.000 0.000 0.000 0.000 0.000 0.000 0.000 0.000 0.000 0.000 0.000 0.000 0.000 0.000 0.000 0.000 0.000 0.000 0.000
0.000 0.000 0.000 0.000 0.000 0.000 0.000 0.861 1.095 1.244 1.367 1.478 1.584 1.689 1.800 1.917 2.039 2.162 2.285 2.408 2.532 2.655 2.780 2.906 3.033 3.161 3.290 3.419 3.550 3.680 3.811 3.942 4.073 4.204 4.339 4.480 4.615 4.744 4.874 5.020 5.376 2.174 0.146 0.002 0.146 0.170 0.227 0.290 0.318 0.345 0.416 0.522 0.509 0.422 0.336 0.252 0.122 0.000 0.000 0.000 0.000 0.000 0.000 0.000 0.000 0.000 0.000 0.000 0.000 0.000 0.000 0.000 0.000 0.000 0.000 0.000 0.000
0.000 0.000 0.000 0.000 0.000 0.000 0.000 0.000 1.025 1.195 1.326 1.441 1.550 1.657 1.769 1.886 2.007 2.129 2.251 2.374 2.496 2.620 2.744 2.870 2.997 3.125 3.253 3.382 3.512 3.642 3.773 3.903 4.033 4.166 4.303 4.441 4.568 4.694 4.836 4.915 5.440 2.901 0.235 0.019 0.001 0.000 0.050 0.042 0.013 0.062 0.192 0.404 0.527 0.441 0.339 0.235 0.150 0.000 0.000 0.000 0.000 0.000 0.000 0.000 0.000 0.000 0.000 0.000 0.000 0.000 0.000 0.000 0.000 0.000 0.000 0.000 0.000
0.000 0.000 0.000 0.000 0.000 0.000 0.000 0.000 0.902 1.119 1.264 1.387 1.500 1.610 1.722 1.839 1.959 2.080 2.201 2.322 2.444 2.567 2.692 2.817 2.943 3.070 3.198 3.326 3.455 3.584 3.714 3.843 3.974 4.107 4.243 4.374 4.499 4.631 4.775 4.867 5.264 3.734 0.586 0.000 0.059 0.101 0.030 0.000 0.000 0.000 0.134 0.309 0.422 0.381 0.291 0.146 0.000 0.000 0.000 0.000 0.000 0.000 0.000 0.000 0.000 0.000 0.000 0.000 0.000 0.000 0.000 0.000 0.000 0.000 0.000 0.000 0.000
0.000 0.000 0.000 0.000 0.000 0.000 0.000 0.000 0.000 0.996 1.173 1.309 1.429 1.541 1.654 1.769 1.888 2.008 2.128 2.248 2.369 2.492 2.615 2.739 2.864 2.990 3.116 3.242 3.370 3.497 3.625 3.754 3.884 4.016 4.146 4.272 4.397 4.526 4.648 4.751 5.046 4.541 1.222 0.000 0.000 0.000 0.010 0.000 0.359 0.268 0.343 0.330 0.314 0.303 0.233 0.147 0.000 0.000 0.000 0.000 0.000 0.000 0.000 0.000 0.000 0.000 0.000 0.000 0.000 0.000 0.000 0.000 0.000 0.000 0.000 0.000 0.000
0.000 0.000 0.000 0.000 0.000 0.000 0.000 0.000 0.000 0.816 1.034 1.196 1.326 1.444 1.557 1.670 1.787 1.905 2.025 2.144 2.263 2.384 2.505 2.627 2.749 2.872 2.995 3.119 3.243 3.367 3.491 3.616 3.744 3.869 3.989 4.105 4.220 4.327 4.433 4.581 4.778 5.076 2.110 0.257 0.130 0.176 0.408 0.417 0.431 0.261 0.196 0.296 0.252 0.232 0.178 0.000 0.000 0.000 0.000 0.000 0.000 0.000 0.000 0.000 0.000 0.000 0.000 0.000 0.000 0.000 0.000 0.000 0.000 0.000 0.000 0.000 0.000
0.000 0.000 0.000 0.000 0.000 0.000 0.000 0.000 0.000 0.000 0.834 1.030 1.179 1.305 1.420 1.532 1.647 1.764 1.882 1.999 2.114 2.230 2.347 2.464 2.582 2.699 2.817 2.934 3.052 3.168 3.285 3.402 3.519 3.628 3.729 3.828 3.932 4.042 4.212 4.435 4.586 4.982 3.180 0.759 0.153 0.368 0.436 0.832 0.621 0.120 0.161 0.224 0.188 0.115 0.000 0.000 0.000 0.000 0.000 0.000 0.000 0.000 0.000 0.000 0.000 0.000 0.000 0.000 0.000 0.000 0.000 0.000 0.000 0.000 0.000 0.000 0.000
0.000 0.000 0.000 0.000 0.000 0.000 0.000 0.000 0.000 0.000 0.640 0.810 0.973 1.110 1.228 1.340 1.456 1.573 1.686 1.795 1.902 2.010 2.119 2.227 2.336 2.443 2.549 2.654 2.757 2.859 2.959 3.059 3.153 3.238 3.319 3.414 3.549 3.728 3.983 4.169 4.228 4.515 3.913 1.247 0.166 0.272 0.399 0.112 0.123 0.168 0.184 0.160 0.086 0.000 0.000 0.000 0.000 0.000 0.000 0.000 0.000 0.000 0.000 0.000 0.000 0.000 0.000 0.000 0.000 0.000 0.000 0.000 0.000 0.000 0.000 0.000 0.000
0.000 0.000 0.000 0.000 0.000 0.000 0.000 0.000 0.000 0.000 0.000 0.636 0.749 0.886 1.002 1.110 1.218 1.321 1.417 1.509 1.602 1.699 1.796 1.891 1.982 2.070 2.157 2.241 2.322 2.401 2.477 2.550 2.620 2.688 2.764 2.883 3.079 3.290 3.453 3.471 3.441 3.690 3.320 1.368 0.134 0.012 0.034 0.084 0.140 0.187 0.159 0.109 0.085 0.000 0.000 0.000 0.000 0.000 0.000 0.000 0.000 0.000 0.000 0.000 0.000 0.000 0.000 0.000 0.000 0.000 0.000 0.000 0.000 0.000 0.000 0.000 0.000
0.000 0.000 0.000 0.000 0.000 0.000 0.000 0.000 0.000 0.000 0.000 0.000 0.577 0.680 0.762 0.870 0.965 1.041 1.110 1.188 1.281 1.371 1.452 1.526 1.596 1.665 1.734 1.800 1.862 1.921 1.977 2.031 2.084 2.138 2.201 2.307 2.444 2.548 2.583 2.565 2.572 2.856 2.449 1.047 0.051 0.042 0.058 0.090 0.126 0.161 0.079 0.082 0.000 0.000 0.000 0.000 0.000 0.000 0.000 0.000 0.000 0.000 0.000 0.000 0.000 0.000 0.000 0.000 0.000 0.000 0.000 0.000 0.000 0.000 0.000 0.000 0.000
0.000 0.000 0.000 0.000 0.000 0.000 0.000 0.000 0.000 0.000 0.000 0.000 0.000 0.000 0.536 0.624 0.697 0.749 0.787 0.874 0.973 1.056 1.115 1.164 1.213 1.271 1.327 1.376 1.421 1.462 1.501 1.538 1.575 1.612 1.658 1.730 1.793 1.824 1.830 1.822 1.854 2.163 1.767 0.821 0.054 0.043 0.067 0.098 0.117 0.087 0.000 0.000 0.000 0.000 0.000 0.000 0.000 0.000 0.000 0.000 0.000 0.000 0.000 0.000 0.000 0.000 0.000 0.000 0.000 0.000 0.000 0.000 0.000 0.000 0.000 0.000 0.000
0.000 0.000 0.000 0.000 0.000 0.000 0.000 0.000 0.000 0.000 0.000 0.000 0.000 0.000 0.000 0.000 0.000 0.447 0.491 0.593 0.682 0.747 0.779 0.802 0.825 0.886 0.928 0.962 0.991 1.018 1.042 1.065 1.088 1.111 1.135 1.170 1.196 1.206 1.210 1.216 1.256 1.441 1.171 0.507 0.000 0.039 0.071 0.093 0.092 0.000 0.000 0.000 0.000 0.000 0.000 0.000 0.000 0.000 0.000 0.000 0.000 0.000 0.000 0.000 0.000 0.000 0.000 0.000 0.000 0.000 0.000 0.000 0.000 0.000 0.000 0.000 0.000
0.000 0.000 0.000 0.000 0.000 0.000 0.000 0.000 0.000 0.000 0.000 0.000 0.000 0.000 0.000 0.000 0.000 0.000 0.000 0.000 0.000 0.430 0.440 0.447 0.448 0.502 0.528 0.547 0.563 0.576 0.588 0.601 0.613 0.630 0.651 0.668 0.686 0.700 0.714 0.732 0.771 0.858 0.708 0.139 0.014 0.041 0.051 0.068 0.000 0.000 0.000 0.000 0.000 0.000 0.000 0.000 0.000 0.000 0.000 0.000 0.000 0.000 0.000 0.000 0.000 0.000 0.000 0.000 0.000 0.000 0.000 0.000 0.000 0.000 0.000 0.000 0.000
0.000 0.000 0.000 0.000 0.000 0.000 0.000 0.000 0.000 0.000 0.000 0.000 0.000 0.000 0.000 0.000 0.000 0.000 0.000 0.000 0.000 0.000 0.000 0.000 0.000 0.000 0.000 0.000 0.000 0.000 0.000 0.000 0.000 0.000 0.000 0.298 0.311 0.329 0.348 0.368 0.395 0.423 0.393 0.003 0.007 0.019 0.000 0.000 0.000 0.000 0.000 0.000 0.000 0.000 0.000 0.000 0.000 0.000 0.000 0.000 0.000 0.000 0.000 0.000 0.000 0.000 0.000 0.000 0.000 0.000 0.000 0.000 0.000 0.000 0.000 0.000 0.000
