avaframe/data/avaParabola/Avaflow_Input/prefix_results/prefix_ascii/prefix_pflow10016.asc
ncols 250
nrows 100
xllcenter 997.50
yllcenter -4997.50
cellsize 20.00
NODATA_value -9999.000
[rows 33 to 65 of 100, columns 74 to 147 of 250]
0.000 0.000 0.000 0.000 0.000 0.000 0.000 0.000 0.000 0.000 0.000 0.000 0.000 0.000 0.000 0.000 0.000 0.000 0.000 0.000 0.000 0.000 0.000 0.000 0.000 0.000 0.000 0.000 1058.028 1244.933 1422.237 1577.035 1709.013 1827.446 1945.457 2068.681 2192.271 2311.498 2428.302 2544.280 2661.013 2793.708 3130.555 3354.693 2057.481 307.922 0.000 2.798 24.465 52.155 78.350 108.790 141.134 159.958 85.649 0.000 0.000 0.000 0.000 0.000 0.000 0.000 0.000 0.000 0.000 0.000 0.000 0.000 0.000 0.000 0.000 0.000 0.000 0.000
0.000 0.000 0.000 0.000 0.000 0.000 0.000 0.000 0.000 0.000 0.000 0.000 0.000 0.000 0.000 0.000 0.000 0.000 0.000 0.000 0.000 0.000 0.000 0.000 0.000 0.000 0.000 1307.611 1543.021 1748.624 1939.089 2114.594 2281.898 2453.234 2635.399 2827.263 3022.309 3217.038 3407.841 3595.686 3785.424 3988.521 4470.375 4814.926 2821.994 379.548 0.000 2.459 45.887 98.811 148.227 199.061 256.631 306.759 207.372 31.855 3.009 0.000 0.000 0.000 0.000 0.000 0.000 0.000 0.000 0.000 0.000 0.000 0.000 0.000 0.000 0.000 0.000 0.000
0.000 0.000 0.000 0.000 0.000 0.000 0.000 0.000 0.000 0.000 0.000 0.000 0.000 0.000 0.000 0.000 0.000 0.000 0.000 0.000 0.000 0.000 0.000 0.000 0.000 0.000 1564.702 1839.692 2072.286 2286.532 2494.065 2704.958 2926.804 3163.417 3415.657 3681.100 3954.952 4233.333 4510.934 4789.290 5081.320 5379.099 6055.874 6545.126 3505.856 383.325 0.000 9.598 70.821 142.192 209.981 276.316 355.371 429.049 387.725 254.324 155.423 97.831 0.000 0.000 0.000 0.000 0.000 0.000 0.000 0.000 0.000 0.000 0.000 0.000 0.000 0.000 0.000 0.000
0.000 0.000 0.000 0.000 0.000 0.000 0.000 0.000 0.000 0.000 0.000 0.000 0.000 0.000 0.000 0.000 0.000 0.000 0.000 0.000 0.000 0.000 0.000 0.000 0.000 1749.485 2072.591 2342.836 2591.291 2834.543 3084.381 3351.062 3638.162 3944.160 4268.600 4611.957 4972.297 5344.795 5723.989 6114.601 6536.490 6950.362 7740.429 8564.378 3821.435 345.440 0.000 34.089 118.607 195.613 262.545 327.953 399.095 459.241 485.655 448.276 338.994 210.361 116.066 0.000 0.000 0.000 0.000 0.000 0.000 0.000 0.000 0.000 0.000 0.000 0.000 0.000 0.000 0.000
0.000 0.000 0.000 0.000 0.000 0.000 0.000 0.000 0.000 0.000 0.000 0.000 0.000 0.000 0.000 0.000 0.000 0.000 0.000 0.000 0.000 0.000 0.000 0.000 1878.624 2238.844 2548.148 2836.316 3118.356 3408.608 3722.587 4065.164 4431.710 4817.613 5223.292 5652.137 6106.019 6582.048 7075.395 7593.361 8145.851 8667.060 9596.907 11111.363 3429.868 231.818 0.000 58.105 182.904 273.675 335.337 383.192 420.954 432.690 514.485 611.291 594.269 417.313 216.664 85.783 0.000 0.000 0.000 0.000 0.000 0.000 0.000 0.000 0.000 0.000 0.000 0.000 0.000 0.000
0.000 0.000 0.000 0.000 0.000 0.000 0.000 0.000 0.000 0.000 0.000 0.000 0.000 0.000 0.000 0.000 0.000 0.000 0.000 0.000 0.000 0.000 0.000 1930.014 2332.279 2674.776 2996.757 3313.756 3638.670 3989.361 4376.657 4797.394 5241.867 5704.276 6185.541 6689.819 7220.790 7779.060 8359.460 8965.552 9603.360 10230.718 11565.459 13108.992 2504.389 102.726 17.534 10.905 71.259 171.925 336.645 458.590 472.317 435.102 524.523 632.864 688.394 597.610 376.625 152.859 51.516 0.000 0.000 0.000 0.000 0.000 0.000 0.000 0.000 0.000 0.000 0.000 0.000 0.000
0.000 0.000 0.000 0.000 0.000 0.000 0.000 0.000 0.000 0.000 0.000 0.000 0.000 0.000 0.000 0.000 0.000 0.000 0.000 0.000 0.000 0.000 1926.171 2346.494 2713.967 3059.664 3399.064 3742.397 4106.962 4509.865 4955.798 5436.892 5941.902 6464.751 7006.041 7569.591 8159.410 8778.204 9417.954 10093.449 10825.126 11456.239 13386.617 12562.188 1500.739 28.311 85.364 22.993 0.000 25.372 304.336 543.905 570.698 509.166 551.861 529.107 519.375 576.671 559.232 332.718 30.371 0.000 0.000 0.000 0.000 0.000 0.000 0.000 0.000 0.000 0.000 0.000 0.000 0.000
0.000 0.000 0.000 0.000 0.000 0.000 0.000 0.000 0.000 0.000 0.000 0.000 0.000 0.000 0.000 0.000 0.000 0.000 0.000 0.000 0.000 1787.629 2278.645 2668.017 3029.640 3382.860 3736.245 4102.578 4501.613 4946.567 5437.191 5963.522 6514.641 7084.522 7672.697 8281.610 8915.391 9578.404 10261.366 11012.748 11812.783 12422.859 14697.133 11251.465 692.433 0.000 0.817 14.477 21.133 60.486 341.516 647.039 710.935 681.626 665.724 498.595 406.822 514.468 690.638 604.762 279.406 94.810 0.000 0.000 0.000 0.000 0.000 0.000 0.000 0.000 0.000 0.000 0.000 0.000
0.000 0.000 0.000 0.000 0.000 0.000 0.000 0.000 0.000 0.000 0.000 0.000 0.000 0.000 0.000 0.000 0.000 0.000 0.000 0.000 0.000 2113.457 2543.979 2919.594 3281.409 3640.820 4005.034 4390.621 4816.943 5293.583 5817.191 6377.188 6963.299 7569.160 8193.207 8836.591 9503.030 10196.805 10916.854 11740.038 12517.746 13227.790 16962.256 9479.249 254.517 0.000 56.096 152.251 173.580 247.938 410.257 560.469 677.267 774.894 825.461 660.749 539.730 584.228 663.112 548.120 323.528 133.018 41.479 0.000 0.000 0.000 0.000 0.000 0.000 0.000 0.000 0.000 0.000 0.000
0.000 0.000 0.000 0.000 0.000 0.000 0.000 0.000 0.000 0.000 0.000 0.000 0.000 0.000 0.000 0.000 0.000 0.000 0.000 0.000 1815.859 2342.130 2741.346 3111.356 3475.118 3838.970 4212.028 4612.444 5058.286 5556.958 6103.959 6688.774 7301.358 7934.673 8585.907 9255.271 9945.354 10659.078 11416.768 12273.641 12952.907 14113.916 19633.389 7348.083 101.872 37.650 170.400 343.291 392.062 301.460 268.058 314.084 512.009 724.973 865.247 792.643 672.932 555.555 430.481 295.467 176.901 83.255 7.228 0.000 0.000 0.000 0.000 0.000 0.000 0.000 0.000 0.000 0.000 0.000
0.000 0.000 0.000 0.000 0.000 0.000 0.000 0.000 0.000 0.000 0.000 0.000 0.000 0.000 0.000 0.000 0.000 0.000 0.000 0.000 2048.976 2500.649 2884.763 3253.038 3618.774 3986.333 4366.523 4777.682 5236.532 5749.556 6312.214 6914.454 7546.417 8200.369 8872.069 9560.628 10268.545 10996.458 11790.160 12645.486 13219.806 16019.366 21320.494 5452.052 31.566 9.385 8.742 3.777 52.598 157.963 124.446 142.495 386.177 655.195 754.842 631.624 514.549 380.011 260.711 169.295 101.849 53.714 21.201 0.000 0.000 0.000 0.000 0.000 0.000 0.000 0.000 0.000 0.000 0.000
0.000 0.000 0.000 0.000 0.000 0.000 0.000 0.000 0.000 0.000 0.000 0.000 0.000 0.000 0.000 0.000 0.000 0.000 0.000 0.000 2190.713 2607.692 2985.165 3353.680 3721.262 4092.197 4478.022 4896.638 5363.769 5885.726 6458.474 7072.528 7717.946 8386.419 9072.583 9774.691 10495.047 11233.223 12053.082 12896.036 13433.407 17966.199 21045.402 3472.240 0.920 0.000 0.000 7.026 21.983 69.132 74.076 100.826 304.192 525.246 572.288 443.188 351.922 251.298 166.210 105.441 64.362 36.378 10.820 0.000 0.000 0.000 0.000 0.000 0.000 0.000 0.000 0.000 0.000 0.000
0.000 0.000 0.000 0.000 0.000 0.000 0.000 0.000 0.000 0.000 0.000 0.000 0.000 0.000 0.000 0.000 0.000 0.000 0.000 1739.954 2273.221 2676.693 3052.002 3421.634 3791.078 4164.926 4555.028 4978.736 5451.154 5978.520 6557.504 7179.290 7833.643 8511.642 9207.100 9918.021 10646.680 11390.795 12219.594 13062.344 13512.905 18276.453 18033.551 1745.776 0.000 0.000 54.018 111.053 124.243 101.921 120.466 175.158 292.062 377.271 334.796 234.238 171.134 114.156 71.716 43.687 26.030 14.448 3.690 0.000 0.000 0.000 0.000 0.000 0.000 0.000 0.000 0.000 0.000 0.000
0.000 0.000 0.000 0.000 0.000 0.000 0.000 0.000 0.000 0.000 0.000 0.000 0.000 0.000 0.000 0.000 0.000 0.000 0.000 1805.342 2318.978 2718.185 3093.425 3464.384 3835.508 4211.678 4604.856 5032.042 5507.964 6038.822 6621.694 7248.162 7907.907 8591.556 9292.628 10008.886 10742.676 11490.281 12318.236 13164.221 13553.729 18243.469 14589.096 811.716 0.000 29.509 167.168 238.239 227.084 225.366 249.556 268.494 245.864 178.521 101.138 58.005 33.650 18.963 10.286 4.900 2.039 0.802 0.165 0.000 0.000 0.000 0.000 0.000 0.000 0.000 0.000 0.000 0.000 0.000
0.000 0.000 0.000 0.000 0.000 0.000 0.000 0.000 0.000 0.000 0.000 0.000 0.000 0.000 0.000 0.000 0.000 0.000 0.000 1832.232 2341.965 2740.425 3116.279 3488.385 3860.808 4238.634 4633.886 5063.394 5541.743 6075.147 6660.766 7290.075 7952.632 8638.844 9342.323 10061.074 10797.801 11548.175 12377.519 13232.839 13521.699 18217.869 12525.743 396.176 0.000 42.948 154.573 203.630 202.443 200.936 193.467 155.626 88.908 32.948 11.531 4.345 1.259 0.042 0.000 0.001 0.000 0.000 0.000 0.000 0.000 0.000 0.000 0.000 0.000 0.000 0.000 0.000 0.000 0.000
0.000 0.000 0.000 0.000 0.000 0.000 0.000 0.000 0.000 0.000 0.000 0.000 0.000 0.000 0.000 0.000 0.000 0.000 0.000 1841.343 2351.189 2749.899 3126.387 3499.296 3872.572 4251.371 4647.799 5078.725 5558.825 6094.344 6682.188 7313.282 7976.899 8663.511 9367.106 10086.525 10824.880 11576.793 12408.320 13277.522 13638.136 18777.322 11380.246 227.713 0.000 23.644 63.451 74.386 68.591 53.970 30.775 13.490 3.459 0.346 0.065 0.000 0.024 0.019 0.252 0.744 0.367 0.245 0.068 0.000 0.000 0.000 0.000 0.000 0.000 0.000 0.000 0.000 0.000 0.000
0.000 0.000 0.000 0.000 0.000 0.000 0.000 0.000 0.000 0.000 0.000 0.000 0.000 0.000 0.000 0.000 0.000 0.000 0.000 1842.788 2353.008 2752.069 3128.951 3502.282 3875.987 4255.205 4652.043 5083.597 5564.817 6102.052 6691.931 7324.433 7988.304 8673.901 9376.158 10094.888 10833.532 11586.148 12418.826 13296.833 13788.341 19469.604 10387.284 182.553 0.000 2.685 5.417 2.647 0.504 0.430 0.242 0.001 0.158 0.634 0.324 13.706 22.835 28.318 23.644 19.100 13.547 8.273 2.817 0.000 0.000 0.000 0.000 0.000 0.000 0.000 0.000 0.000 0.000 0.000
0.000 0.000 0.000 0.000 0.000 0.000 0.000 0.000 0.000 0.000 0.000 0.000 0.000 0.000 0.000 0.000 0.000 0.000 0.000 1840.474 2351.292 2750.807 3127.985 3501.564 3875.509 4254.909 4651.816 5083.524 5565.175 6103.379 6694.625 7328.203 7992.165 8676.690 9377.411 10095.071 10833.385 11585.896 12419.609 13300.851 13818.551 19731.881 9709.478 167.387 0.000 0.000 0.027 0.153 0.436 3.328 10.144 16.303 32.747 127.607 240.708 202.125 179.525 143.357 103.802 71.210 44.896 24.329 9.890 0.000 0.000 0.000 0.000 0.000 0.000 0.000 0.000 0.000 0.000 0.000
0.000 0.000 0.000 0.000 0.000 0.000 0.000 0.000 0.000 0.000 0.000 0.000 0.000 0.000 0.000 0.000 0.000 0.000 0.000 1829.125 2342.494 2743.579 3121.606 3495.783 3870.249 4249.926 4646.955 5079.004 5561.656 6101.433 6694.040 7328.406 7991.931 8674.739 9372.875 10088.333 10825.470 11577.664 12415.738 13296.997 13804.352 19824.926 9484.784 164.609 0.199 1.286 6.102 23.486 62.133 106.986 150.112 185.378 233.458 306.774 398.266 431.280 357.554 269.104 187.392 124.470 76.776 39.373 16.005 0.000 0.000 0.000 0.000 0.000 0.000 0.000 0.000 0.000 0.000 0.000
0.000 0.000 0.000 0.000 0.000 0.000 0.000 0.000 0.000 0.000 0.000 0.000 0.000 0.000 0.000 0.000 0.000 0.000 0.000 1796.081 2320.394 2725.287 3104.996 3480.185 3855.476 4235.590 4632.958 5066.014 5550.857 6093.596 6688.613 7323.276 7984.131 8662.129 9355.106 10066.463 10801.418 11555.269 12402.675 13275.384 13738.106 19767.547 9504.471 169.845 0.115 6.933 40.175 38.548 64.452 131.117 203.941 378.474 471.248 513.870 566.660 561.526 492.331 385.506 278.723 191.782 122.367 63.844 5.068 0.000 0.000 0.000 0.000 0.000 0.000 0.000 0.000 0.000 0.000 0.000
0.000 0.000 0.000 0.000 0.000 0.000 0.000 0.000 0.000 0.000 0.000 0.000 0.000 0.000 0.000 0.000 0.000 0.000 0.000 1718.001 2276.828 2689.971 3072.755 3449.605 3826.244 4207.299 4605.592 5040.465 5528.307 6074.290 6670.967 7303.726 7958.845 8628.796 9314.010 10020.501 10754.042 11513.050 12364.766 13218.233 13537.949 19547.828 9763.271 173.607 1.016 14.106 83.476 15.586 0.000 0.000 31.256 363.979 597.653 595.382 634.188 653.805 622.056 538.675 425.054 308.400 196.035 99.633 38.561 0.000 0.000 0.000 0.000 0.000 0.000 0.000 0.000 0.000 0.000 0.000
0.000 0.000 0.000 0.000 0.000 0.000 0.000 0.000 0.000 0.000 0.000 0.000 0.000 0.000 0.000 0.000 0.000 0.000 0.000 1573.234 2201.213 2630.472 3018.682 3398.274 3777.147 4160.008 4559.934 4996.919 5487.370 6035.152 6630.834 7258.386 7904.491 8564.274 9241.175 9943.107 10675.554 11439.319 12275.396 13113.770 13445.135 18929.514 10677.619 211.373 0.000 14.588 89.687 207.068 18.094 76.907 0.406 229.532 589.822 516.362 545.531 613.303 663.541 650.093 555.474 414.118 244.865 101.174 0.000 0.000 0.000 0.000 0.000 0.000 0.000 0.000 0.000 0.000 0.000 0.000
0.000 0.000 0.000 0.000 0.000 0.000 0.000 0.000 0.000 0.000 0.000 0.000 0.000 0.000 0.000 0.000 0.000 0.000 0.000 1365.026 2080.958 2538.519 2935.641 3319.565 3701.921 4087.631 4489.581 4927.860 5418.717 5964.901 6555.641 7174.433 7809.240 8457.577 9125.395 9821.446 10551.422 11314.702 12124.819 12972.560 13461.020 18518.133 12257.311 372.378 0.000 0.537 28.345 36.603 29.470 72.579 19.381 171.232 521.744 505.485 570.161 619.566 640.264 614.070 525.741 380.870 177.579 43.896 0.000 0.000 0.000 0.000 0.000 0.000 0.000 0.000 0.000 0.000 0.000 0.000
0.000 0.000 0.000 0.000 0.000 0.000 0.000 0.000 0.000 0.000 0.000 0.000 0.000 0.000 0.000 0.000 0.000 0.000 0.000 1105.472 1902.720 2404.598 2815.413 3205.663 3592.704 3981.985 4385.522 4822.829 5309.957 5849.531 6430.854 7037.778 7659.282 8294.675 8952.326 9641.642 10367.277 11125.796 11912.588 12780.546 13477.060 18136.771 14714.737 803.800 0.551 43.286 83.864 0.000 9.781 64.335 222.318 616.210 577.548 629.643 672.340 673.283 629.993 548.009 425.708 284.301 124.393 0.000 0.000 0.000 0.000 0.000 0.000 0.000 0.000 0.000 0.000 0.000 0.000 0.000
0.000 0.000 0.000 0.000 0.000 0.000 0.000 0.000 0.000 0.000 0.000 0.000 0.000 0.000 0.000 0.000 0.000 0.000 0.000 0.000 1649.892 2216.884 2648.492 3047.375 3439.406 3832.109 4235.644 4668.177 5145.979 5673.156 6240.442 6832.404 7438.437 8059.306 8705.155 9385.462 10103.133 10852.572 11622.317 12512.979 13316.984 15316.967 19159.586 1858.918 50.193 39.561 9.463 0.000 7.830 139.344 519.089 529.862 661.985 775.892 750.419 709.066 607.967 475.073 325.382 165.035 66.459 0.000 0.000 0.000 0.000 0.000 0.000 0.000 0.000 0.000 0.000 0.000 0.000 0.000
0.000 0.000 0.000 0.000 0.000 0.000 0.000 0.000 0.000 0.000 0.000 0.000 0.000 0.000 0.000 0.000 0.000 0.000 0.000 0.000 1278.293 1957.911 2423.335 2833.939 3229.980 3624.267 4024.914 4447.841 4910.033 5418.377 5966.119 6539.116 7126.993 7731.104 8361.849 9028.062 9730.805 10464.026 11221.654 12095.465 12925.154 13707.800 21491.502 3762.758 168.445 96.921 41.395 0.189 730.872 0.000 119.974 350.012 536.167 801.799 782.486 696.304 548.033 393.197 235.215 87.424 0.000 0.000 0.000 0.000 0.000 0.000 0.000 0.000 0.000 0.000 0.000 0.000 0.000 0.000
0.000 0.000 0.000 0.000 0.000 0.000 0.000 0.000 0.000 0.000 0.000 0.000 0.000 0.000 0.000 0.000 0.000 0.000 0.000 0.000 0.000 1597.821 2123.899 2553.113 2951.593 3342.994 3736.135 4143.477 4582.594 5064.564 5586.418 6135.157 6700.087 7282.044 7890.597 8533.790 9211.711 9919.363 10655.329 11459.630 12260.247 12689.064 19630.607 6381.453 196.420 4.760 0.000 0.000 1028.405 7.180 17.382 178.868 407.394 798.095 758.146 621.196 450.745 305.800 163.562 54.684 0.000 0.000 0.000 0.000 0.000 0.000 0.000 0.000 0.000 0.000 0.000 0.000 0.000 0.000
0.000 0.000 0.000 0.000 0.000 0.000 0.000 0.000 0.000 0.000 0.000 0.000 0.000 0.000 0.000 0.000 0.000 0.000 0.000 0.000 0.000 1096.782 1722.235 2190.057 2591.529 2972.419 3349.850 3733.119 4140.029 4587.688 5077.206 5594.643 6127.865 6676.630 7250.534 7857.440 8496.160 9161.475 9846.359 10553.310 11298.900 11791.808 16874.178 9800.954 406.195 0.000 1.195 22.009 65.546 135.713 150.467 173.421 379.952 739.460 661.692 492.596 324.473 172.893 70.803 0.000 0.000 0.000 0.000 0.000 0.000 0.000 0.000 0.000 0.000 0.000 0.000 0.000 0.000 0.000
0.000 0.000 0.000 0.000 0.000 0.000 0.000 0.000 0.000 0.000 0.000 0.000 0.000 0.000 0.000 0.000 0.000 0.000 0.000 0.000 0.000 0.000 1177.138 1720.524 2134.659 2495.454 2842.317 3189.154 3555.766 3965.662 4417.183 4891.277 5375.462 5871.438 6390.299 6939.117 7513.791 8108.956 8711.834 9326.998 10077.533 10616.929 13319.161 12956.806 1206.220 11.262 43.067 207.884 303.596 312.475 270.718 278.751 427.539 617.143 504.843 335.355 171.313 21.335 0.000 0.000 0.000 0.000 0.000 0.000 0.000 0.000 0.000 0.000 0.000 0.000 0.000 0.000 0.000 0.000
0.000 0.000 0.000 0.000 0.000 0.000 0.000 0.000 0.000 0.000 0.000 0.000 0.000 0.000 0.000 0.000 0.000 0.000 0.000 0.000 0.000 0.000 651.890 1130.027 1561.841 1889.291 2186.370 2483.698 2817.345 3192.883 3590.845 3993.491 4396.671 4807.870 5243.695 5704.405 6176.806 6657.136 7141.757 7647.203 8375.767 8655.021 9143.056 15051.334 2694.416 112.752 0.000 132.763 240.770 306.454 366.899 420.355 459.801 436.934 320.072 184.142 57.364 12.652 0.000 0.000 0.000 0.000 0.000 0.000 0.000 0.000 0.000 0.000 0.000 0.000 0.000 0.000 0.000 0.000
0.000 0.000 0.000 0.000 0.000 0.000 0.000 0.000 0.000 0.000 0.000 0.000 0.000 0.000 0.000 0.000 0.000 0.000 0.000 0.000 0.000 0.000 0.000 634.886 988.038 1227.534 1438.193 1689.565 1995.315 2299.942 2591.586 2870.186 3146.275 3444.772 3770.883 4099.711 4425.683 4758.609 5100.019 5460.993 5991.956 6132.579 6368.420 12612.681 4466.179 333.454 0.000 38.707 135.857 211.979 319.926 415.811 358.827 266.244 161.046 77.056 19.440 0.000 0.000 0.000 0.000 0.000 0.000 0.000 0.000 0.000 0.000 0.000 0.000 0.000 0.000 0.000 0.000 0.000
0.000 0.000 0.000 0.000 0.000 0.000 0.000 0.000 0.000 0.000 0.000 0.000 0.000 0.000 0.000 0.000 0.000 0.000 0.000 0.000 0.000 0.000 0.000 0.000 588.678 680.950 837.249 1027.874 1276.797 1462.765 1607.153 1739.265 1888.873 2100.784 2334.396 2554.956 2784.196 3017.783 3242.145 3463.583 3743.053 3892.985 4149.308 8433.855 4638.304 437.081 0.000 12.228 69.503 121.496 201.305 261.218 205.305 125.866 60.266 25.616 0.000 0.000 0.000 0.000 0.000 0.000 0.000 0.000 0.000 0.000 0.000 0.000 0.000 0.000 0.000 0.000 0.000 0.000
0.000 0.000 0.000 0.000 0.000 0.000 0.000 0.000 0.000 0.000 0.000 0.000 0.000 0.000 0.000 0.000 0.000 0.000 0.000 0.000 0.000 0.000 0.000 0.000 0.000 325.813 415.706 528.589 677.513 761.571 812.850 828.938 936.015 1086.450 1259.563 1427.346 1593.477 1744.230 1864.196 1969.089 2097.537 2235.741 2471.377 4568.891 3605.425 382.661 0.000 6.168 33.365 62.289 107.970 136.757 88.916 17.819 19.189 0.000 0.000 0.000 0.000 0.000 0.000 0.000 0.000 0.000 0.000 0.000 0.000 0.000 0.000 0.000 0.000 0.000 0.000 0.000
