avaframe/data/avaParabola/Avaflow_Input/prefix_results/prefix_ascii/prefix_vflowy10007.asc
ncols 250
nrows 100
xllcenter 997.50
yllcenter -4997.50
cellsize 20.00
NODATA_value -9999.000
[rows 34 to 67 of 100, columns 76 to 151 of 250]
0.000 0.000 0.000 0.000 0.000 0.000 0.000 0.000 0.000 0.000 0.000 -0.004 -0.000 0.001 0.001 0.001 0.002 0.003 0.003 0.003 0.004 0.004 0.004 0.004 0.004 0.003 0.003 0.002 0.003 0.004 0.004 0.005 0.005 0.004 0.004 0.003 0.000 -0.003 -0.002 0.001 0.003 0.004 0.003 0.002 0.002 0.002 -0.000 0.000 0.000 0.000 0.000 0.000 0.000 0.000 0.000 0.000 0.000 0.000 0.000 0.000 0.000 0.000 0.000 0.000 0.000 0.000 0.000 0.000 0.000 0.000 0.000 0.000 0.000 0.000 0.000 0.000
0.000 0.000 0.000 0.000 0.000 0.000 0.000 0.000 0.000 0.000 0.001 0.002 0.003 0.003 0.003 0.004 0.004 0.004 0.004 0.004 0.004 0.004 0.004 0.004 0.004 0.004 0.004 0.004 0.004 0.005 0.005 0.005 0.005 0.005 0.005 0.005 0.005 0.004 0.004 0.005 0.006 0.006 0.007 0.007 0.007 0.008 0.002 -0.000 0.001 -0.000 -0.074 0.000 0.000 0.000 0.000 0.000 0.000 0.000 0.000 0.000 0.000 0.000 0.000 0.000 0.000 0.000 0.000 0.000 0.000 0.000 0.000 0.000 0.000 0.000 0.000 0.000
0.000 0.000 0.000 0.000 0.000 0.000 0.000 0.000 0.000 0.003 0.004 0.005 0.005 0.004 0.004 0.004 0.004 0.003 0.003 0.003 0.004 0.004 0.004 0.004 0.004 0.005 0.005 0.006 0.006 0.006 0.007 0.007 0.008 0.008 0.008 0.009 0.009 0.009 0.009 0.009 0.009 0.009 0.009 0.009 0.009 0.011 0.012 0.003 -0.000 0.005 -0.000 -0.002 0.000 0.000 0.000 0.000 0.000 0.000 0.000 0.000 0.000 0.000 0.000 0.000 0.000 0.000 0.000 0.000 0.000 0.000 0.000 0.000 0.000 0.000 0.000 0.000
0.000 0.000 0.000 0.000 0.000 0.000 0.000 0.001 0.003 0.005 0.005 0.005 0.004 0.004 0.004 0.004 0.004 0.004 0.004 0.004 0.004 0.005 0.005 0.006 0.006 0.007 0.007 0.008 0.009 0.010 0.010 0.011 0.012 0.013 0.014 0.015 0.016 0.016 0.017 0.017 0.017 0.018 0.018 0.018 0.019 0.020 0.023 0.029 -0.000 -0.000 0.007 0.008 0.017 0.000 0.000 0.000 0.000 0.000 0.000 0.000 0.000 0.000 0.000 0.000 0.000 0.000 0.000 0.000 0.000 0.000 0.000 0.000 0.000 0.000 0.000 0.000
0.000 0.000 0.000 0.000 0.000 0.000 0.002 0.004 0.005 0.004 0.004 0.003 0.003 0.003 0.003 0.004 0.004 0.004 0.004 0.005 0.006 0.006 0.007 0.008 0.008 0.008 0.009 0.011 0.012 0.014 0.014 0.015 0.017 0.019 0.021 0.022 0.024 0.026 0.027 0.029 0.031 0.034 0.035 0.036 0.037 0.039 0.042 0.052 0.037 -0.000 0.021 0.008 0.010 0.024 0.000 0.000 0.000 0.000 0.000 0.000 0.000 0.000 0.000 0.000 0.000 0.000 0.000 0.000 0.000 0.000 0.000 0.000 0.000 0.000 0.000 0.000
0.000 0.000 0.000 0.000 0.000 0.003 0.004 0.004 0.004 0.003 0.003 0.002 0.002 0.003 0.003 0.003 0.004 0.004 0.004 0.005 0.006 0.006 0.007 0.008 0.009 0.010 0.011 0.010 0.009 0.009 0.014 0.018 0.017 0.015 0.015 0.017 0.019 0.021 0.024 0.026 0.029 0.032 0.035 0.037 0.047 0.055 0.068 0.091 0.114 0.038 -0.000 -0.000 0.024 0.024 0.033 0.000 0.000 0.000 0.000 0.000 0.000 0.000 0.000 0.000 0.000 0.000 0.000 0.000 0.000 0.000 0.000 0.000 0.000 0.000 0.000 0.000
0.000 0.000 0.000 0.000 0.002 0.004 0.004 0.003 0.002 0.002 0.002 0.002 0.002 0.003 0.003 0.002 0.002 0.003 0.003 0.003 0.004 0.004 0.005 0.005 0.006 0.007 0.007 0.008 0.010 0.011 0.010 0.010 0.014 0.017 0.017 0.019 0.021 0.023 0.026 0.029 0.031 0.034 0.037 0.041 0.042 0.053 0.089 0.143 0.154 0.126 -0.000 -0.000 0.028 0.015 0.011 0.000 0.000 0.000 0.000 0.000 0.000 0.000 0.000 0.000 0.000 0.000 0.000 0.000 0.000 0.000 0.000 0.000 0.000 0.000 0.000 0.000
0.000 0.000 0.000 0.000 0.003 0.003 0.002 0.002 0.001 0.001 0.001 0.001 0.001 0.001 0.001 0.002 0.003 0.003 0.003 0.004 0.004 0.005 0.005 0.006 0.007 0.007 0.008 0.008 0.009 0.010 0.010 0.015 0.016 0.014 0.015 0.016 0.018 0.020 0.022 0.024 0.026 0.028 0.030 0.034 0.038 0.051 0.115 0.155 0.117 0.136 0.073 -0.000 -0.000 -0.000 0.021 0.023 0.000 0.000 0.000 0.000 0.000 0.000 0.000 0.000 0.000 0.000 0.000 0.000 0.000 0.000 0.000 0.000 0.000 0.000 0.000 0.000
0.000 0.000 0.000 0.001 0.002 0.002 0.001 0.001 0.001 0.001 0.002 0.002 0.002 0.003 0.003 0.003 0.004 0.004 0.005 0.005 0.006 0.006 0.007 0.008 0.009 0.010 0.008 0.007 0.008 0.008 0.009 0.008 0.010 0.013 0.013 0.013 0.014 0.016 0.017 0.020 0.023 0.025 0.027 0.027 0.029 0.047 0.132 0.153 0.108 0.104 0.106 0.075 -0.000 -0.000 0.017 0.008 0.000 0.000 0.000 0.000 0.000 0.000 0.000 0.000 0.000 0.000 0.000 0.000 0.000 0.000 0.000 0.000 0.000 0.000 0.000 0.000
0.000 0.000 0.000 0.001 0.001 0.001 0.001 0.001 0.001 0.001 0.000 0.000 0.000 0.000 0.000 0.000 0.000 0.000 0.000 0.001 0.001 0.001 0.001 0.001 0.001 0.001 0.003 0.006 0.006 0.007 0.006 0.008 0.008 0.009 0.010 0.010 0.011 0.011 0.012 0.014 0.015 0.016 0.018 0.020 0.034 0.069 0.177 0.127 0.070 0.031 0.040 0.082 0.082 0.024 -0.000 0.003 0.006 0.000 0.000 0.000 0.000 0.000 0.000 0.000 0.000 0.000 0.000 0.000 0.000 0.000 0.000 0.000 0.000 0.000 0.000 0.000
0.000 0.000 0.000 0.001 0.000 0.001 0.001 0.001 0.001 0.001 0.001 0.001 0.001 0.001 0.001 0.001 0.001 0.001 0.002 0.002 0.002 0.002 0.002 0.003 0.003 0.003 0.003 0.004 0.004 0.005 0.008 0.012 0.012 0.014 0.016 0.018 0.019 0.020 0.020 0.020 0.020 0.022 0.025 0.021 0.025 0.116 0.171 0.088 0.049 0.127 0.076 0.037 0.102 0.027 -0.000 0.001 0.001 0.000 0.000 0.000 0.000 0.000 0.000 0.000 0.000 0.000 0.000 0.000 0.000 0.000 0.000 0.000 0.000 0.000 0.000 0.000
0.000 0.000 0.000 0.001 0.001 0.001 0.001 0.001 0.001 0.001 0.001 0.001 0.002 0.002 0.002 0.002 0.003 0.003 0.003 0.004 0.004 0.005 0.005 0.005 0.006 0.006 0.007 0.008 0.009 0.006 0.001 -0.000 -0.000 -0.000 -0.000 -0.000 -0.000 -0.000 -0.000 -0.000 -0.000 -0.000 -0.000 0.008 0.028 0.120 0.125 0.057 0.038 -0.000 -0.000 -0.000 -0.025 -0.015 0.001 -0.000 -0.000 0.000 0.000 0.000 0.000 0.000 0.000 0.000 0.000 0.000 0.000 0.000 0.000 0.000 0.000 0.000 0.000 0.000 0.000 0.000
0.000 0.000 0.000 0.000 0.000 0.000 0.000 0.001 0.000 -0.000 -0.000 -0.000 -0.000 -0.000 -0.000 -0.000 -0.000 -0.000 -0.000 -0.000 -0.000 -0.000 -0.000 -0.000 -0.000 -0.000 -0.000 -0.000 -0.000 0.001 0.003 0.003 0.004 0.004 0.005 0.005 0.006 0.006 0.007 0.007 0.007 0.008 0.008 0.011 0.045 0.152 0.094 0.038 0.030 0.029 0.025 0.018 0.007 -0.003 -0.000 -0.001 -0.001 0.000 0.000 0.000 0.000 0.000 0.000 0.000 0.000 0.000 0.000 0.000 0.000 0.000 0.000 0.000 0.000 0.000 0.000 0.000
0.000 0.000 0.000 0.000 0.000 0.000 0.000 0.000 0.000 0.000 0.000 0.000 0.000 0.001 0.001 0.001 0.001 0.001 0.001 0.001 0.001 0.001 0.001 0.001 0.002 0.002 0.002 0.002 0.002 0.006 0.008 0.008 0.010 0.010 0.011 0.011 0.012 0.013 0.014 0.015 0.016 0.016 0.017 0.022 0.042 0.115 0.060 0.029 0.024 0.022 0.015 0.005 -0.010 -0.014 -0.016 -0.003 0.000 0.000 0.000 0.000 0.000 0.000 0.000 0.000 0.000 0.000 0.000 0.000 0.000 0.000 0.000 0.000 0.000 0.000 0.000 0.000
0.000 0.000 0.000 0.000 0.000 0.000 0.000 0.001 0.001 0.001 0.001 0.001 0.001 0.001 0.002 0.002 0.002 0.002 0.003 0.003 0.003 0.003 0.004 0.004 0.005 0.005 0.005 0.006 0.006 -0.000 -0.004 -0.003 -0.004 -0.004 -0.004 -0.004 -0.004 -0.003 -0.002 -0.003 -0.004 -0.005 -0.005 0.007 0.066 0.089 0.036 0.022 0.017 0.013 0.006 -0.010 -0.030 -0.025 -0.007 -0.009 0.000 0.000 0.000 0.000 0.000 0.000 0.000 0.000 0.000 0.000 0.000 0.000 0.000 0.000 0.000 0.000 0.000 0.000 0.000 0.000
0.000 0.000 0.000 0.000 0.000 0.000 -0.000 -0.000 -0.000 -0.000 -0.001 -0.001 -0.001 -0.001 -0.001 -0.001 -0.001 -0.001 -0.002 -0.002 -0.002 -0.002 -0.002 -0.002 -0.003 -0.003 -0.003 -0.003 -0.003 -0.000 0.001 0.001 0.001 0.001 0.001 0.002 0.003 0.003 0.004 0.003 0.002 0.001 0.002 0.013 0.063 0.061 0.021 0.013 0.008 0.005 -0.008 -0.027 -0.054 -0.042 -0.013 -0.027 0.000 0.000 0.000 0.000 0.000 0.000 0.000 0.000 0.000 0.000 0.000 0.000 0.000 0.000 0.000 0.000 0.000 0.000 0.000 0.000
0.000 0.000 -0.000 -0.000 -0.000 0.000 0.000 0.000 0.000 0.000 0.000 0.000 0.000 0.000 0.000 0.000 0.000 0.000 0.000 0.000 0.000 0.000 0.000 0.000 0.000 0.000 0.000 0.000 0.000 0.004 0.006 0.005 0.006 0.006 0.007 0.009 0.011 0.011 0.011 0.009 0.009 0.009 0.013 0.015 0.053 0.041 0.012 0.004 -0.000 -0.008 -0.024 -0.055 -0.075 -0.037 -0.021 -0.050 0.000 0.000 0.000 0.000 0.000 0.000 0.000 0.000 0.000 0.000 0.000 0.000 0.000 0.000 0.000 0.000 0.000 0.000 0.000 0.000
0.000 0.000 -0.000 -0.000 -0.000 -0.000 0.000 0.000 0.000 0.001 0.001 0.001 0.001 0.001 0.001 0.001 0.001 0.002 0.002 0.002 0.002 0.002 0.003 0.003 0.003 0.003 0.004 0.004 0.004 -0.001 -0.006 -0.006 -0.007 -0.006 -0.005 -0.005 -0.005 -0.007 -0.010 -0.012 -0.013 -0.011 -0.000 0.018 0.052 0.028 0.005 -0.005 -0.014 -0.025 -0.049 -0.095 -0.111 -0.085 -0.083 0.000 0.000 0.000 0.000 0.000 0.000 0.000 0.000 0.000 0.000 0.000 0.000 0.000 0.000 0.000 0.000 0.000 0.000 0.000 0.000 0.000
0.000 0.000 -0.000 -0.000 -0.000 -0.000 -0.000 -0.001 -0.001 -0.001 -0.001 -0.001 -0.001 -0.001 -0.001 -0.002 -0.002 -0.002 -0.002 -0.002 -0.003 -0.003 -0.003 -0.003 -0.004 -0.004 -0.004 -0.005 -0.005 -0.002 -0.001 -0.001 -0.001 0.000 0.001 0.001 -0.000 -0.002 0.001 0.001 -0.002 0.000 -0.003 0.011 0.050 0.020 -0.001 -0.016 -0.033 -0.052 -0.088 -0.137 -0.114 -0.133 -0.099 0.000 0.000 0.000 0.000 0.000 0.000 0.000 0.000 0.000 0.000 0.000 0.000 0.000 0.000 0.000 0.000 0.000 0.000 0.000 0.000 0.000
0.000 0.000 -0.000 -0.000 -0.000 -0.000 -0.000 -0.000 -0.000 -0.000 -0.000 -0.000 -0.000 -0.000 -0.000 -0.000 -0.000 -0.000 -0.001 -0.001 -0.001 -0.001 -0.001 -0.001 -0.001 -0.001 -0.001 -0.001 -0.001 0.001 0.003 0.003 0.005 0.006 0.007 0.006 0.003 0.003 -0.000 0.002 0.010 0.013 0.018 0.025 0.050 0.017 -0.011 -0.036 -0.061 -0.092 -0.153 -0.195 -0.173 -0.099 -0.071 0.000 0.000 0.000 0.000 0.000 0.000 0.000 0.000 0.000 0.000 0.000 0.000 0.000 0.000 0.000 0.000 0.000 0.000 0.000 0.000 0.000
0.000 0.000 -0.000 -0.000 -0.000 -0.000 -0.000 -0.000 -0.000 0.000 0.000 0.000 0.000 0.000 0.000 0.000 0.000 0.001 0.001 0.001 0.001 0.001 0.001 0.001 0.001 0.001 0.002 0.002 0.002 -0.000 -0.005 -0.007 -0.007 -0.008 -0.010 -0.012 -0.008 -0.008 -0.009 -0.007 -0.009 -0.011 -0.006 0.015 0.051 0.014 -0.028 -0.066 -0.100 -0.160 -0.225 -0.206 -0.232 -0.134 0.000 0.000 0.000 0.000 0.000 0.000 0.000 0.000 0.000 0.000 0.000 0.000 0.000 0.000 0.000 0.000 0.000 0.000 0.000 0.000 0.000 0.000
0.000 0.000 -0.000 -0.000 -0.000 -0.000 -0.000 -0.001 -0.001 -0.001 -0.001 -0.001 -0.002 -0.002 -0.002 -0.002 -0.003 -0.003 -0.003 -0.003 -0.004 -0.004 -0.005 -0.005 -0.005 -0.006 -0.006 -0.007 -0.007 -0.008 -0.005 -0.002 -0.002 -0.004 -0.005 -0.006 -0.009 -0.006 0.000 0.002 -0.000 -0.004 0.011 0.038 0.051 0.002 -0.058 -0.110 -0.166 -0.241 -0.262 -0.259 -0.189 -0.068 0.000 0.000 0.000 0.000 0.000 0.000 0.000 0.000 0.000 0.000 0.000 0.000 0.000 0.000 0.000 0.000 0.000 0.000 0.000 0.000 0.000 0.000
0.000 0.000 -0.000 -0.001 -0.000 -0.000 -0.000 -0.001 -0.001 -0.001 -0.001 -0.001 -0.001 -0.001 -0.001 -0.001 -0.001 -0.001 -0.002 -0.002 -0.002 -0.002 -0.002 -0.002 -0.003 -0.003 -0.003 -0.003 -0.003 -0.004 -0.004 -0.001 -0.000 -0.000 -0.000 -0.000 -0.000 -0.002 -0.001 -0.005 -0.010 -0.005 0.003 0.017 0.032 -0.031 -0.108 -0.177 -0.245 -0.298 -0.319 -0.246 -0.124 0.000 0.000 0.000 0.000 0.000 0.000 0.000 0.000 0.000 0.000 0.000 0.000 0.000 0.000 0.000 0.000 0.000 0.000 0.000 0.000 0.000 0.000 0.000
0.000 0.000 -0.000 -0.002 -0.002 -0.001 -0.001 -0.001 -0.001 -0.001 -0.001 -0.001 -0.000 -0.000 -0.000 -0.000 -0.000 -0.000 -0.000 -0.000 -0.000 -0.000 -0.000 -0.000 -0.000 -0.000 -0.000 -0.003 -0.002 -0.003 -0.005 -0.010 -0.014 -0.014 -0.013 -0.012 -0.007 -0.003 -0.007 -0.015 -0.021 -0.018 -0.001 0.045 0.001 -0.098 -0.186 -0.250 -0.311 -0.339 -0.313 -0.186 0.000 0.000 0.000 0.000 0.000 0.000 0.000 0.000 0.000 0.000 0.000 0.000 0.000 0.000 0.000 0.000 0.000 0.000 0.000 0.000 0.000 0.000 0.000 0.000
0.000 0.000 0.000 -0.001 -0.003 -0.002 -0.001 -0.001 -0.001 -0.001 -0.001 -0.002 -0.002 -0.002 -0.003 -0.003 -0.004 -0.004 -0.005 -0.005 -0.006 -0.006 -0.007 -0.007 -0.008 -0.009 -0.010 -0.008 -0.009 -0.009 -0.007 -0.009 -0.009 -0.008 -0.005 -0.003 -0.006 -0.014 -0.024 -0.028 -0.021 -0.010 0.017 0.020 -0.069 -0.186 -0.253 -0.301 -0.328 -0.284 -0.190 -0.063 0.000 0.000 0.000 0.000 0.000 0.000 0.000 0.000 0.000 0.000 0.000 0.000 0.000 0.000 0.000 0.000 0.000 0.000 0.000 0.000 0.000 0.000 0.000 0.000
0.000 0.000 0.000 0.000 -0.004 -0.004 -0.004 -0.002 -0.001 -0.001 -0.001 -0.001 -0.002 -0.002 -0.002 -0.002 -0.002 -0.002 -0.003 -0.003 -0.003 -0.003 -0.004 -0.004 -0.005 -0.005 -0.006 -0.007 -0.008 -0.009 -0.009 -0.010 -0.012 -0.011 -0.011 -0.014 -0.021 -0.030 -0.031 -0.024 -0.025 -0.020 -0.001 -0.045 -0.140 -0.216 -0.262 -0.281 -0.270 -0.183 -0.082 0.000 0.000 0.000 0.000 0.000 0.000 0.000 0.000 0.000 0.000 0.000 0.000 0.000 0.000 0.000 0.000 0.000 0.000 0.000 0.000 0.000 0.000 0.000 0.000 0.000
0.000 0.000 0.000 0.000 -0.004 -0.006 -0.006 -0.005 -0.004 -0.003 -0.002 -0.001 -0.001 -0.001 -0.002 -0.002 -0.002 -0.003 -0.003 -0.003 -0.004 -0.004 -0.005 -0.006 -0.006 -0.007 -0.008 -0.009 -0.010 -0.010 -0.011 -0.012 -0.013 -0.015 -0.020 -0.026 -0.031 -0.030 -0.031 -0.028 -0.019 -0.014 -0.039 -0.096 -0.187 -0.233 -0.230 -0.263 -0.153 -0.086 0.000 0.000 0.000 0.000 0.000 0.000 0.000 0.000 0.000 0.000 0.000 0.000 0.000 0.000 0.000 0.000 0.000 0.000 0.000 0.000 0.000 0.000 0.000 0.000 0.000 0.000
0.000 0.000 0.000 0.000 0.000 0.000 -0.002 -0.006 -0.007 -0.006 -0.005 -0.004 -0.003 -0.003 -0.004 -0.003 -0.003 -0.003 -0.004 -0.004 -0.005 -0.005 -0.006 -0.007 -0.008 -0.009 -0.008 -0.009 -0.012 -0.012 -0.013 -0.015 -0.016 -0.019 -0.024 -0.027 -0.030 -0.032 -0.027 -0.026 -0.025 -0.034 -0.065 -0.113 -0.151 -0.168 -0.154 -0.126 -0.079 0.000 0.000 0.000 0.000 0.000 0.000 0.000 0.000 0.000 0.000 0.000 0.000 0.000 0.000 0.000 0.000 0.000 0.000 0.000 0.000 0.000 0.000 0.000 0.000 0.000 0.000 0.000
0.000 0.000 0.000 0.000 0.000 0.000 0.000 -0.004 -0.006 -0.008 -0.009 -0.008 -0.007 -0.006 -0.005 -0.004 -0.004 -0.004 -0.004 -0.004 -0.004 -0.005 -0.006 -0.006 -0.007 -0.008 -0.010 -0.011 -0.012 -0.013 -0.013 -0.015 -0.020 -0.024 -0.025 -0.024 -0.022 -0.021 -0.022 -0.022 -0.028 -0.053 -0.085 -0.101 -0.120 -0.088 -0.064 0.000 0.000 0.000 0.000 0.000 0.000 0.000 0.000 0.000 0.000 0.000 0.000 0.000 0.000 0.000 0.000 0.000 0.000 0.000 0.000 0.000 0.000 0.000 0.000 0.000 0.000 0.000 0.000 0.000
0.000 0.000 0.000 0.000 0.000 0.000 0.000 0.000 0.000 -0.004 -0.007 -0.009 -0.010 -0.010 -0.009 -0.008 -0.007 -0.007 -0.007 -0.007 -0.007 -0.008 -0.008 -0.009 -0.010 -0.010 -0.011 -0.012 -0.012 -0.013 -0.015 -0.015 -0.016 -0.015 -0.015 -0.014 -0.014 -0.016 -0.021 -0.030 -0.043 -0.056 -0.064 -0.058 -0.018 -0.000 0.000 0.000 0.000 0.000 0.000 0.000 0.000 0.000 0.000 0.000 0.000 0.000 0.000 0.000 0.000 0.000 0.000 0.000 0.000 0.000 0.000 0.000 0.000 0.000 0.000 0.000 0.000 0.000 0.000 0.000
0.000 0.000 0.000 0.000 0.000 0.000 0.000 0.000 0.000 0.000 0.000 -0.001 -0.004 -0.008 -0.010 -0.011 -0.011 -0.011 -0.011 -0.010 -0.009 -0.008 -0.008 -0.009 -0.010 -0.010 -0.011 -0.011 -0.011 -0.011 -0.011 -0.011 -0.011 -0.011 -0.010 -0.011 -0.013 -0.018 -0.024 -0.034 -0.037 -0.033 -0.025 -0.006 0.000 0.000 0.000 0.000 0.000 0.000 0.000 0.000 0.000 0.000 0.000 0.000 0.000 0.000 0.000 0.000 0.000 0.000 0.000 0.000 0.000 0.000 0.000 0.000 0.000 0.000 0.000 0.000 0.000 0.000 0.000 0.000
0.000 0.000 0.000 0.000 0.000 0.000 0.000 0.000 0.000 0.000 0.000 0.000 0.000 0.000 -0.002 -0.001 -0.007 -0.015 -0.014 -0.010 -0.006 -0.006 -0.008 -0.010 -0.013 -0.014 -0.014 -0.014 -0.014 -0.014 -0.013 -0.012 -0.011 -0.009 -0.008 -0.008 -0.009 -0.012 -0.017 -0.018 -0.011 -0.004 0.000 0.000 0.000 0.000 0.000 0.000 0.000 0.000 0.000 0.000 0.000 0.000 0.000 0.000 0.000 0.000 0.000 0.000 0.000 0.000 0.000 0.000 0.000 0.000 0.000 0.000 0.000 0.000 0.000 0.000 0.000 0.000 0.000 0.000
0.000 0.000 0.000 0.000 0.000 0.000 0.000 0.000 0.000 0.000 0.000 0.000 0.000 0.000 0.000 0.000 0.000 0.000 0.000 0.000 0.000 0.000 -0.004 -0.008 -0.010 -0.011 -0.012 -0.011 -0.011 -0.010 -0.009 -0.007 -0.005 -0.004 -0.002 -0.002 -0.001 0.000 0.000 0.000 0.000 0.000 0.000 0.000 0.000 0.000 0.000 0.000 0.000 0.000 0.000 0.000 0.000 0.000 0.000 0.000 0.000 0.000 0.000 0.000 0.000 0.000 0.000 0.000 0.000 0.000 0.000 0.000 0.000 0.000 0.000 0.000 0.000 0.000 0.000 0.000
0.000 0.000 0.000 0.000 0.000 0.000 0.000 0.000 0.000 0.000 0.000 0.000 0.000 0.000 0.000 0.000 0.000 0.000 0.000 0.000 0.000 0.000 0.000 0.000 0.000 0.000 0.000 0.000 0.000 0.000 0.000 0.000 0.000 0.000 0.000 0.000 0.000 0.000 0.000 0.000 0.000 0.000 0.000 0.000 0.000 0.000 0.000 0.000 0.000 0.000 0.000 0.000 0.000 0.000 0.000 0.000 0.000 0.000 0.000 0.000 0.000 0.000 0.000 0.000 0.000 0.000 0.000 0.000 0.000 0.000 0.000 0.000 0.000 0.000 0.000 0.000
