avaframe/data/avaParabola/Avaflow_Input/prefix_results/prefix_ascii/prefix_vflow10009.asc
ncols 250
nrows 100
xllcenter 997.50
yllcenter -4997.50
cellsize 20.00
NODATA_value -9999.000
[rows 34 to 67 of 100, columns 77 to 153 of 250]
0.000 0.000 0.000 0.000 0.000 0.000 0.000 0.000 0.000 0.000 0.000 0.000 0.000 0.875 0.951 1.013 1.069 1.121 1.169 1.214 1.260 1.307 1.355 1.403 1.451 1.497 1.541 1.582 1.620 1.656 1.689 1.721 1.753 1.785 1.810 1.826 1.829 1.754 1.669 1.580 1.485 1.401 1.226 0.606 0.000 0.005 0.013 0.004 0.011 0.016 0.002 0.000 0.000 0.000 0.000 0.000 0.000 0.000 0.000 0.000 0.000 0.000 0.000 0.000 0.000 0.000 0.000 0.000 0.000 0.000 0.000 0.000 0.000 0.000 0.000 0.000 0.000
0.000 0.000 0.000 0.000 0.000 0.000 0.000 0.000 0.000 0.000 0.000 0.000 0.923 1.020 1.101 1.174 1.243 1.310 1.376 1.442 1.507 1.571 1.634 1.697 1.761 1.823 1.884 1.941 1.996 2.048 2.099 2.149 2.204 2.269 2.322 2.333 2.282 2.225 2.161 2.090 2.012 1.938 1.778 1.143 0.192 0.000 0.018 0.033 0.042 0.046 0.044 0.041 0.000 0.000 0.000 0.000 0.000 0.000 0.000 0.000 0.000 0.000 0.000 0.000 0.000 0.000 0.000 0.000 0.000 0.000 0.000 0.000 0.000 0.000 0.000 0.000 0.000
0.000 0.000 0.000 0.000 0.000 0.000 0.000 0.000 0.000 0.000 0.000 0.982 1.084 1.175 1.260 1.342 1.423 1.505 1.588 1.673 1.757 1.840 1.922 2.003 2.084 2.164 2.242 2.319 2.393 2.466 2.539 2.613 2.698 2.798 2.859 2.844 2.819 2.785 2.744 2.696 2.638 2.579 2.464 1.843 0.601 0.000 0.035 0.064 0.082 0.087 0.091 0.083 0.054 0.000 0.000 0.000 0.000 0.000 0.000 0.000 0.000 0.000 0.000 0.000 0.000 0.000 0.000 0.000 0.000 0.000 0.000 0.000 0.000 0.000 0.000 0.000 0.000
0.000 0.000 0.000 0.000 0.000 0.000 0.000 0.000 0.000 0.000 1.032 1.144 1.244 1.338 1.430 1.523 1.617 1.714 1.812 1.913 2.015 2.117 2.218 2.318 2.417 2.516 2.614 2.712 2.809 2.906 3.004 3.104 3.215 3.343 3.385 3.403 3.407 3.403 3.390 3.371 3.342 3.306 3.259 2.659 1.182 0.026 0.038 0.070 0.127 0.144 0.153 0.133 0.111 0.066 0.000 0.000 0.000 0.000 0.000 0.000 0.000 0.000 0.000 0.000 0.000 0.000 0.000 0.000 0.000 0.000 0.000 0.000 0.000 0.000 0.000 0.000 0.000
0.000 0.000 0.000 0.000 0.000 0.000 0.000 0.000 0.000 1.073 1.193 1.301 1.403 1.506 1.610 1.717 1.825 1.937 2.051 2.168 2.287 2.406 2.525 2.645 2.764 2.883 3.002 3.121 3.241 3.361 3.481 3.604 3.731 3.868 3.924 3.972 4.008 4.036 4.058 4.075 4.084 4.081 4.068 3.552 1.803 0.308 0.000 0.086 0.155 0.204 0.232 0.199 0.164 0.135 0.082 0.000 0.000 0.000 0.000 0.000 0.000 0.000 0.000 0.000 0.000 0.000 0.000 0.000 0.000 0.000 0.000 0.000 0.000 0.000 0.000 0.000 0.000
0.000 0.000 0.000 0.000 0.000 0.000 0.000 0.000 1.106 1.234 1.347 1.455 1.566 1.680 1.798 1.919 2.041 2.166 2.293 2.422 2.551 2.682 2.812 2.944 3.075 3.207 3.339 3.471 3.604 3.737 3.870 4.003 4.138 4.275 4.418 4.515 4.584 4.646 4.704 4.756 4.802 4.838 4.840 4.518 2.375 0.606 0.064 0.006 0.250 0.349 0.358 0.291 0.239 0.198 0.157 0.118 0.000 0.000 0.000 0.000 0.000 0.000 0.000 0.000 0.000 0.000 0.000 0.000 0.000 0.000 0.000 0.000 0.000 0.000 0.000 0.000 0.000
0.000 0.000 0.000 0.000 0.000 0.000 0.000 1.108 1.242 1.361 1.473 1.588 1.708 1.832 1.959 2.088 2.217 2.348 2.481 2.616 2.753 2.890 3.028 3.166 3.305 3.444 3.583 3.723 3.864 4.006 4.147 4.289 4.430 4.573 4.718 4.864 5.013 5.093 5.172 5.247 5.321 5.390 5.419 5.270 2.353 0.426 0.112 0.000 0.299 0.396 0.431 0.397 0.348 0.285 0.219 0.160 0.115 0.000 0.000 0.000 0.000 0.000 0.000 0.000 0.000 0.000 0.000 0.000 0.000 0.000 0.000 0.000 0.000 0.000 0.000 0.000 0.000
0.000 0.000 0.000 0.000 0.000 0.000 1.077 1.218 1.340 1.454 1.568 1.688 1.815 1.946 2.079 2.212 2.347 2.482 2.619 2.758 2.899 3.040 3.183 3.326 3.469 3.613 3.757 3.903 4.049 4.196 4.342 4.489 4.636 4.784 4.933 5.083 5.233 5.384 5.479 5.565 5.649 5.734 5.771 5.466 1.745 0.108 0.000 0.000 0.093 0.184 0.338 0.514 0.487 0.357 0.250 0.171 0.087 0.000 0.000 0.000 0.000 0.000 0.000 0.000 0.000 0.000 0.000 0.000 0.000 0.000 0.000 0.000 0.000 0.000 0.000 0.000 0.000
0.000 0.000 0.000 0.000 0.000 1.005 1.163 1.292 1.410 1.522 1.638 1.761 1.892 2.028 2.165 2.302 2.440 2.578 2.717 2.859 3.002 3.147 3.293 3.439 3.585 3.732 3.879 4.028 4.177 4.327 4.477 4.627 4.778 4.929 5.082 5.234 5.386 5.536 5.690 5.783 5.872 5.964 6.054 4.882 0.893 0.000 0.000 0.273 0.303 0.256 0.331 0.450 0.440 0.249 0.162 0.109 0.073 0.049 0.000 0.000 0.000 0.000 0.000 0.000 0.000 0.000 0.000 0.000 0.000 0.000 0.000 0.000 0.000 0.000 0.000 0.000 0.000
0.000 0.000 0.000 0.000 0.000 1.073 1.218 1.343 1.458 1.570 1.687 1.813 1.946 2.085 2.225 2.365 2.504 2.644 2.785 2.929 3.074 3.220 3.368 3.516 3.664 3.813 3.962 4.112 4.264 4.416 4.568 4.721 4.874 5.028 5.183 5.337 5.490 5.642 5.795 5.933 6.029 6.114 6.356 3.757 0.326 0.130 0.299 0.528 0.622 0.573 0.503 0.330 0.185 0.144 0.096 0.067 0.045 0.028 0.000 0.000 0.000 0.000 0.000 0.000 0.000 0.000 0.000 0.000 0.000 0.000 0.000 0.000 0.000 0.000 0.000 0.000 0.000
0.000 0.000 0.000 0.000 0.924 1.113 1.253 1.376 1.491 1.603 1.721 1.848 1.983 2.123 2.266 2.407 2.548 2.689 2.831 2.975 3.122 3.269 3.418 3.567 3.717 3.867 4.017 4.169 4.321 4.475 4.628 4.782 4.937 5.092 5.248 5.403 5.556 5.711 5.867 6.034 6.134 6.207 6.328 2.387 0.295 0.138 0.249 0.313 0.330 0.365 0.284 0.146 0.115 0.079 0.053 0.037 0.025 0.015 0.000 0.000 0.000 0.000 0.000 0.000 0.000 0.000 0.000 0.000 0.000 0.000 0.000 0.000 0.000 0.000 0.000 0.000 0.000
0.000 0.000 0.000 0.000 0.955 1.136 1.275 1.398 1.512 1.625 1.744 1.871 2.007 2.149 2.292 2.435 2.577 2.719 2.861 3.006 3.153 3.301 3.451 3.600 3.751 3.901 4.052 4.205 4.358 4.512 4.666 4.821 4.976 5.132 5.288 5.442 5.597 5.755 5.916 6.079 6.206 6.245 5.639 1.185 0.032 0.034 0.001 0.009 0.000 0.000 0.000 0.029 0.083 0.047 0.028 0.017 0.011 0.006 0.000 0.000 0.000 0.000 0.000 0.000 0.000 0.000 0.000 0.000 0.000 0.000 0.000 0.000 0.000 0.000 0.000 0.000 0.000
0.000 0.000 0.000 0.000 0.973 1.149 1.288 1.411 1.525 1.639 1.758 1.886 2.022 2.164 2.308 2.452 2.594 2.736 2.879 3.024 3.171 3.320 3.470 3.620 3.771 3.922 4.074 4.226 4.380 4.535 4.690 4.845 5.001 5.157 5.312 5.468 5.625 5.785 5.949 6.110 6.250 6.439 4.380 0.474 0.001 0.067 0.114 0.125 0.098 0.048 0.045 0.058 0.037 0.016 0.010 0.006 0.003 0.001 0.000 0.000 0.000 0.000 0.000 0.000 0.000 0.000 0.000 0.000 0.000 0.000 0.000 0.000 0.000 0.000 0.000 0.000 0.000
0.000 0.000 0.000 0.000 0.981 1.155 1.294 1.418 1.533 1.647 1.766 1.894 2.031 2.173 2.317 2.461 2.604 2.746 2.890 3.035 3.182 3.331 3.481 3.632 3.783 3.934 4.086 4.239 4.393 4.548 4.704 4.859 5.015 5.171 5.326 5.483 5.644 5.805 5.967 6.126 6.271 6.524 3.189 0.139 0.051 0.078 0.091 0.099 0.171 0.149 0.039 0.014 0.000 0.001 0.000 0.000 0.000 0.001 0.000 0.000 0.000 0.000 0.000 0.000 0.000 0.000 0.000 0.000 0.000 0.000 0.000 0.000 0.000 0.000 0.000 0.000 0.000
0.000 0.000 0.000 0.000 0.984 1.157 1.297 1.421 1.536 1.650 1.770 1.898 2.035 2.177 2.322 2.465 2.608 2.751 2.895 3.040 3.187 3.337 3.487 3.638 3.789 3.940 4.092 4.245 4.399 4.554 4.710 4.866 5.021 5.177 5.333 5.493 5.654 5.814 5.970 6.128 6.281 6.352 2.443 0.015 0.064 0.046 0.040 0.038 0.033 0.048 0.011 0.000 0.007 0.026 0.006 0.002 0.009 0.006 0.000 0.000 0.000 0.000 0.000 0.000 0.000 0.000 0.000 0.000 0.000 0.000 0.000 0.000 0.000 0.000 0.000 0.000 0.000
0.000 0.000 0.000 0.000 0.984 1.158 1.297 1.421 1.537 1.652 1.771 1.900 2.037 2.179 2.323 2.467 2.610 2.753 2.896 3.042 3.189 3.338 3.489 3.640 3.791 3.942 4.095 4.248 4.402 4.557 4.712 4.868 5.023 5.180 5.339 5.500 5.660 5.817 5.969 6.127 6.286 6.234 2.057 0.000 0.016 0.019 0.014 0.009 0.002 0.007 0.008 0.005 0.026 0.059 0.038 0.047 0.036 0.017 0.000 0.000 0.000 0.000 0.000 0.000 0.000 0.000 0.000 0.000 0.000 0.000 0.000 0.000 0.000 0.000 0.000 0.000 0.000
0.000 0.000 0.000 0.000 0.983 1.157 1.297 1.421 1.537 1.651 1.771 1.900 2.037 2.179 2.323 2.467 2.610 2.753 2.896 3.042 3.189 3.339 3.489 3.640 3.791 3.943 4.095 4.248 4.402 4.557 4.713 4.868 5.024 5.182 5.343 5.503 5.659 5.808 5.959 6.126 6.283 6.199 1.936 0.028 0.025 0.004 0.001 0.011 0.006 0.043 0.049 0.000 0.079 0.159 0.126 0.079 0.050 0.030 0.000 0.000 0.000 0.000 0.000 0.000 0.000 0.000 0.000 0.000 0.000 0.000 0.000 0.000 0.000 0.000 0.000 0.000 0.000
0.000 0.000 0.000 0.000 0.978 1.154 1.294 1.419 1.535 1.650 1.770 1.899 2.036 2.178 2.322 2.466 2.608 2.751 2.895 3.041 3.188 3.337 3.488 3.638 3.790 3.941 4.094 4.247 4.401 4.556 4.711 4.866 5.022 5.182 5.343 5.499 5.646 5.793 5.956 6.134 6.282 6.209 1.939 0.002 0.000 0.002 0.008 0.024 0.034 0.127 0.251 0.306 0.305 0.203 0.148 0.103 0.068 0.000 0.000 0.000 0.000 0.000 0.000 0.000 0.000 0.000 0.000 0.000 0.000 0.000 0.000 0.000 0.000 0.000 0.000 0.000 0.000
0.000 0.000 0.000 0.000 0.968 1.146 1.288 1.413 1.530 1.645 1.766 1.896 2.033 2.175 2.318 2.461 2.604 2.747 2.891 3.036 3.184 3.333 3.483 3.634 3.785 3.937 4.089 4.242 4.397 4.551 4.706 4.862 5.021 5.182 5.338 5.482 5.628 5.791 5.974 6.153 6.294 6.261 2.062 0.015 0.005 0.023 0.022 0.035 0.003 0.078 0.108 0.156 0.220 0.156 0.128 0.109 0.065 0.000 0.000 0.000 0.000 0.000 0.000 0.000 0.000 0.000 0.000 0.000 0.000 0.000 0.000 0.000 0.000 0.000 0.000 0.000 0.000
0.000 0.000 0.000 0.000 0.948 1.133 1.276 1.402 1.520 1.636 1.758 1.889 2.026 2.167 2.310 2.452 2.594 2.737 2.881 3.027 3.175 3.324 3.474 3.624 3.775 3.927 4.080 4.233 4.387 4.541 4.696 4.853 5.014 5.171 5.316 5.460 5.621 5.809 5.995 6.152 6.309 6.375 2.392 0.025 0.000 0.060 0.038 0.044 0.068 0.017 0.001 0.017 0.114 0.151 0.127 0.111 0.087 0.000 0.000 0.000 0.000 0.000 0.000 0.000 0.000 0.000 0.000 0.000 0.000 0.000 0.000 0.000 0.000 0.000 0.000 0.000 0.000
0.000 0.000 0.000 0.000 0.916 1.109 1.255 1.383 1.502 1.620 1.744 1.875 2.012 2.152 2.294 2.435 2.577 2.720 2.864 3.010 3.157 3.306 3.456 3.607 3.758 3.909 4.061 4.214 4.368 4.522 4.678 4.837 4.995 5.143 5.286 5.442 5.630 5.823 5.985 6.102 6.243 6.504 2.954 0.101 0.062 0.046 0.115 0.136 0.081 0.132 0.164 0.129 0.215 0.205 0.143 0.108 0.000 0.000 0.000 0.000 0.000 0.000 0.000 0.000 0.000 0.000 0.000 0.000 0.000 0.000 0.000 0.000 0.000 0.000 0.000 0.000 0.000
0.000 0.000 0.000 0.000 0.865 1.070 1.222 1.353 1.474 1.594 1.719 1.851 1.988 2.127 2.267 2.408 2.550 2.692 2.836 2.982 3.129 3.278 3.427 3.578 3.728 3.879 4.031 4.184 4.338 4.493 4.650 4.807 4.958 5.103 5.256 5.439 5.638 5.796 5.895 5.991 6.116 6.400 3.907 0.310 0.044 0.043 0.243 0.617 0.062 0.000 0.078 0.179 0.279 0.210 0.137 0.084 0.000 0.000 0.000 0.000 0.000 0.000 0.000 0.000 0.000 0.000 0.000 0.000 0.000 0.000 0.000 0.000 0.000 0.000 0.000 0.000 0.000
0.000 0.000 0.000 0.000 0.786 1.003 1.170 1.307 1.432 1.555 1.681 1.813 1.950 2.088 2.227 2.366 2.507 2.650 2.794 2.939 3.086 3.234 3.382 3.532 3.682 3.833 3.984 4.137 4.290 4.445 4.600 4.753 4.900 5.050 5.226 5.423 5.578 5.661 5.749 5.917 6.158 6.176 5.189 0.896 0.000 0.000 0.554 1.087 0.662 0.000 0.125 0.067 0.140 0.120 0.091 0.063 0.000 0.000 0.000 0.000 0.000 0.000 0.000 0.000 0.000 0.000 0.000 0.000 0.000 0.000 0.000 0.000 0.000 0.000 0.000 0.000 0.000
0.000 0.000 0.000 0.000 0.000 0.891 1.090 1.238 1.370 1.496 1.624 1.756 1.891 2.028 2.166 2.304 2.444 2.586 2.729 2.873 3.019 3.166 3.314 3.462 3.611 3.761 3.912 4.063 4.216 4.369 4.522 4.670 4.817 4.981 5.165 5.318 5.407 5.494 5.681 5.989 6.109 6.231 6.133 1.979 0.229 0.241 0.165 0.412 0.136 0.000 0.138 0.091 0.090 0.092 0.070 0.000 0.000 0.000 0.000 0.000 0.000 0.000 0.000 0.000 0.000 0.000 0.000 0.000 0.000 0.000 0.000 0.000 0.000 0.000 0.000 0.000 0.000
0.000 0.000 0.000 0.000 0.000 0.735 0.964 1.136 1.279 1.411 1.540 1.672 1.806 1.941 2.077 2.214 2.353 2.493 2.634 2.777 2.921 3.066 3.211 3.358 3.505 3.653 3.801 3.950 4.100 4.249 4.397 4.540 4.687 4.852 5.004 5.111 5.220 5.405 5.780 5.955 6.166 6.254 6.397 3.239 0.585 0.165 0.108 0.099 0.242 0.176 0.128 0.129 0.081 0.060 0.000 0.000 0.000 0.000 0.000 0.000 0.000 0.000 0.000 0.000 0.000 0.000 0.000 0.000 0.000 0.000 0.000 0.000 0.000 0.000 0.000 0.000 0.000
0.000 0.000 0.000 0.000 0.000 0.000 0.794 0.981 1.146 1.287 1.420 1.551 1.684 1.817 1.951 2.086 2.222 2.360 2.498 2.638 2.778 2.919 3.061 3.203 3.346 3.489 3.631 3.773 3.915 4.055 4.191 4.323 4.460 4.608 4.745 4.879 5.080 5.430 5.767 5.873 5.717 5.682 5.854 4.300 1.273 0.311 0.180 0.170 0.342 0.019 0.064 0.094 0.085 0.052 0.000 0.000 0.000 0.000 0.000 0.000 0.000 0.000 0.000 0.000 0.000 0.000 0.000 0.000 0.000 0.000 0.000 0.000 0.000 0.000 0.000 0.000 0.000
0.000 0.000 0.000 0.000 0.000 0.000 0.000 0.787 0.955 1.110 1.249 1.381 1.512 1.642 1.773 1.905 2.038 2.170 2.304 2.437 2.570 2.704 2.837 2.970 3.102 3.233 3.362 3.490 3.615 3.737 3.853 3.970 4.101 4.254 4.437 4.651 4.927 5.218 5.231 4.994 4.795 5.042 5.183 4.615 1.978 0.746 0.201 0.186 0.448 0.015 0.063 0.086 0.077 0.000 0.000 0.000 0.000 0.000 0.000 0.000 0.000 0.000 0.000 0.000 0.000 0.000 0.000 0.000 0.000 0.000 0.000 0.000 0.000 0.000 0.000 0.000 0.000
0.000 0.000 0.000 0.000 0.000 0.000 0.000 0.634 0.748 0.894 1.028 1.153 1.278 1.403 1.529 1.656 1.781 1.904 2.026 2.146 2.265 2.382 2.497 2.609 2.719 2.826 2.929 3.030 3.128 3.224 3.322 3.441 3.607 3.795 4.001 4.186 4.305 4.260 4.097 3.949 4.025 4.517 4.656 4.039 2.346 1.278 0.312 0.286 0.016 0.021 0.040 0.060 0.000 0.000 0.000 0.000 0.000 0.000 0.000 0.000 0.000 0.000 0.000 0.000 0.000 0.000 0.000 0.000 0.000 0.000 0.000 0.000 0.000 0.000 0.000 0.000 0.000
0.000 0.000 0.000 0.000 0.000 0.000 0.000 0.000 0.588 0.684 0.804 0.910 1.028 1.146 1.259 1.368 1.471 1.572 1.672 1.769 1.863 1.955 2.046 2.134 2.217 2.298 2.375 2.450 2.524 2.597 2.677 2.777 2.933 3.078 3.176 3.210 3.198 3.144 3.080 3.104 3.339 3.766 3.748 2.902 1.919 1.004 0.159 0.870 0.011 0.011 0.028 0.000 0.000 0.000 0.000 0.000 0.000 0.000 0.000 0.000 0.000 0.000 0.000 0.000 0.000 0.000 0.000 0.000 0.000 0.000 0.000 0.000 0.000 0.000 0.000 0.000 0.000
0.000 0.000 0.000 0.000 0.000 0.000 0.000 0.000 0.000 0.000 0.598 0.682 0.776 0.891 0.987 1.070 1.147 1.226 1.309 1.386 1.461 1.535 1.607 1.673 1.736 1.796 1.853 1.907 1.960 2.012 2.067 2.131 2.213 2.268 2.291 2.293 2.282 2.264 2.273 2.346 2.540 2.836 2.590 1.975 1.353 0.389 0.000 0.006 0.006 0.009 0.000 0.000 0.000 0.000 0.000 0.000 0.000 0.000 0.000 0.000 0.000 0.000 0.000 0.000 0.000 0.000 0.000 0.000 0.000 0.000 0.000 0.000 0.000 0.000 0.000 0.000 0.000
0.000 0.000 0.000 0.000 0.000 0.000 0.000 0.000 0.000 0.000 0.000 0.000 0.543 0.634 0.707 0.759 0.798 0.870 0.946 1.015 1.085 1.144 1.194 1.242 1.290 1.334 1.374 1.411 1.445 1.477 1.507 1.538 1.564 1.576 1.578 1.575 1.571 1.574 1.598 1.659 1.748 1.808 1.746 1.386 0.706 0.000 0.013 0.011 0.008 0.000 0.000 0.000 0.000 0.000 0.000 0.000 0.000 0.000 0.000 0.000 0.000 0.000 0.000 0.000 0.000 0.000 0.000 0.000 0.000 0.000 0.000 0.000 0.000 0.000 0.000 0.000 0.000
0.000 0.000 0.000 0.000 0.000 0.000 0.000 0.000 0.000 0.000 0.000 0.000 0.000 0.000 0.410 0.435 0.442 0.511 0.598 0.679 0.745 0.782 0.802 0.841 0.879 0.910 0.937 0.959 0.979 0.995 1.008 1.016 1.018 1.016 1.014 1.013 1.013 1.019 1.037 1.063 1.068 1.036 0.937 0.738 0.147 0.002 0.005 0.000 0.000 0.000 0.000 0.000 0.000 0.000 0.000 0.000 0.000 0.000 0.000 0.000 0.000 0.000 0.000 0.000 0.000 0.000 0.000 0.000 0.000 0.000 0.000 0.000 0.000 0.000 0.000 0.000 0.000
0.000 0.000 0.000 0.000 0.000 0.000 0.000 0.000 0.000 0.000 0.000 0.000 0.000 0.000 0.000 0.000 0.000 0.000 0.000 0.000 0.421 0.437 0.434 0.466 0.492 0.510 0.524 0.536 0.545 0.552 0.555 0.555 0.552 0.549 0.547 0.547 0.547 0.552 0.559 0.560 0.548 0.504 0.410 0.207 0.000 0.000 0.000 0.000 0.000 0.000 0.000 0.000 0.000 0.000 0.000 0.000 0.000 0.000 0.000 0.000 0.000 0.000 0.000 0.000 0.000 0.000 0.000 0.000 0.000 0.000 0.000 0.000 0.000 0.000 0.000 0.000 0.000
0.000 0.000 0.000 0.000 0.000 0.000 0.000 0.000 0.000 0.000 0.000 0.000 0.000 0.000 0.000 0.000 0.000 0.000 0.000 0.000 0.000 0.000 0.000 0.000 0.000 0.000 0.000 0.000 0.000 0.000 0.000 0.000 0.000 0.000 0.000 0.000 0.000 0.000 0.000 0.000 0.000 0.000 0.000 0.000 0.000 0.000 0.000 0.000 0.000 0.000 0.000 0.000 0.000 0.000 0.000 0.000 0.000 0.000 0.000 0.000 0.000 0.000 0.000 0.000 0.000 0.000 0.000 0.000 0.000 0.000 0.000 0.000 0.000 0.000 0.000 0.000 0.000
