avaframe/data/avaParabola/Avaflow_Input/prefix_results/prefix_ascii/prefix_vflow10013.asc
ncols 250
nrows 100
xllcenter 997.50
yllcenter -4997.50
cellsize 20.00
NODATA_value -9999.000
[rows 34 to 67 of 100, columns 77 to 153 of 250]
0.000 0.000 0.000 0.000 0.000 0.000 0.000 0.000 0.000 0.000 0.000 0.000 0.000 0.000 0.000 0.000 0.000 0.000 0.000 0.000 0.974 1.041 1.099 1.153 1.205 1.256 1.307 1.359 1.410 1.459 1.507 1.551 1.593 1.632 1.669 1.703 1.736 1.773 1.828 1.824 1.776 1.677 0.869 0.082 0.028 0.104 0.168 0.204 0.232 0.265 0.274 0.202 0.163 0.000 0.000 0.000 0.000 0.000 0.000 0.000 0.000 0.000 0.000 0.000 0.000 0.000 0.000 0.000 0.000 0.000 0.000 0.000 0.000 0.000 0.000 0.000 0.000
0.000 0.000 0.000 0.000 0.000 0.000 0.000 0.000 0.000 0.000 0.000 0.000 0.000 0.000 0.000 0.000 0.000 0.000 0.000 1.071 1.148 1.213 1.273 1.331 1.388 1.445 1.505 1.566 1.628 1.690 1.749 1.806 1.862 1.916 1.969 2.020 2.071 2.127 2.201 2.167 2.137 2.041 0.992 0.113 0.046 0.153 0.250 0.312 0.358 0.405 0.429 0.363 0.291 0.246 0.000 0.000 0.000 0.000 0.000 0.000 0.000 0.000 0.000 0.000 0.000 0.000 0.000 0.000 0.000 0.000 0.000 0.000 0.000 0.000 0.000 0.000 0.000
0.000 0.000 0.000 0.000 0.000 0.000 0.000 0.000 0.000 0.000 0.000 0.000 0.000 0.000 0.000 0.000 0.000 0.000 1.135 1.225 1.300 1.370 1.438 1.504 1.571 1.639 1.709 1.780 1.853 1.926 1.998 2.069 2.141 2.211 2.282 2.351 2.420 2.493 2.568 2.538 2.526 2.443 1.114 0.139 0.067 0.208 0.342 0.429 0.488 0.540 0.561 0.502 0.425 0.352 0.287 0.000 0.000 0.000 0.000 0.000 0.000 0.000 0.000 0.000 0.000 0.000 0.000 0.000 0.000 0.000 0.000 0.000 0.000 0.000 0.000 0.000 0.000
0.000 0.000 0.000 0.000 0.000 0.000 0.000 0.000 0.000 0.000 0.000 0.000 0.000 0.000 0.000 0.000 1.047 1.177 1.275 1.359 1.438 1.514 1.592 1.672 1.752 1.832 1.914 1.998 2.083 2.169 2.256 2.342 2.428 2.515 2.602 2.688 2.772 2.859 2.934 2.921 2.921 2.848 1.213 0.145 0.099 0.288 0.449 0.555 0.620 0.666 0.669 0.613 0.543 0.463 0.380 0.302 0.000 0.000 0.000 0.000 0.000 0.000 0.000 0.000 0.000 0.000 0.000 0.000 0.000 0.000 0.000 0.000 0.000 0.000 0.000 0.000 0.000
0.000 0.000 0.000 0.000 0.000 0.000 0.000 0.000 0.000 0.000 0.000 0.000 0.000 0.000 0.000 1.080 1.214 1.317 1.405 1.487 1.569 1.655 1.744 1.836 1.929 2.023 2.117 2.211 2.307 2.403 2.499 2.595 2.692 2.789 2.886 2.982 3.078 3.173 3.276 3.283 3.280 3.142 1.107 0.038 0.114 0.367 0.549 0.655 0.712 0.743 0.737 0.703 0.654 0.581 0.488 0.385 0.292 0.000 0.000 0.000 0.000 0.000 0.000 0.000 0.000 0.000 0.000 0.000 0.000 0.000 0.000 0.000 0.000 0.000 0.000 0.000 0.000
0.000 0.000 0.000 0.000 0.000 0.000 0.000 0.000 0.000 0.000 0.000 0.000 0.000 0.000 0.000 1.229 1.339 1.434 1.522 1.608 1.696 1.789 1.887 1.986 2.085 2.184 2.283 2.383 2.484 2.586 2.689 2.792 2.895 2.998 3.101 3.204 3.307 3.411 3.517 3.614 3.593 3.182 0.853 0.000 0.141 0.433 0.613 0.691 0.727 0.744 0.747 0.758 0.745 0.691 0.602 0.488 0.356 0.064 0.000 0.000 0.000 0.000 0.000 0.000 0.000 0.000 0.000 0.000 0.000 0.000 0.000 0.000 0.000 0.000 0.000 0.000 0.000
0.000 0.000 0.000 0.000 0.000 0.000 0.000 0.000 0.000 0.000 0.000 0.000 0.000 0.000 1.216 1.333 1.434 1.526 1.615 1.704 1.799 1.898 2.000 2.103 2.207 2.309 2.412 2.515 2.620 2.725 2.832 2.939 3.046 3.154 3.261 3.369 3.477 3.585 3.688 3.807 3.904 2.982 0.542 0.140 0.240 0.540 0.657 0.694 0.707 0.715 0.727 0.768 0.797 0.778 0.711 0.603 0.449 0.154 0.000 0.000 0.000 0.000 0.000 0.000 0.000 0.000 0.000 0.000 0.000 0.000 0.000 0.000 0.000 0.000 0.000 0.000 0.000
0.000 0.000 0.000 0.000 0.000 0.000 0.000 0.000 0.000 0.000 0.000 0.000 0.000 1.175 1.303 1.409 1.505 1.595 1.685 1.777 1.876 1.979 2.085 2.192 2.298 2.404 2.509 2.614 2.720 2.828 2.936 3.046 3.156 3.267 3.378 3.488 3.600 3.713 3.806 4.027 4.234 2.556 0.310 0.106 0.407 0.652 0.733 0.750 0.748 0.743 0.741 0.763 0.804 0.801 0.736 0.619 0.477 0.306 0.171 0.000 0.000 0.000 0.000 0.000 0.000 0.000 0.000 0.000 0.000 0.000 0.000 0.000 0.000 0.000 0.000 0.000 0.000
0.000 0.000 0.000 0.000 0.000 0.000 0.000 0.000 0.000 0.000 0.000 0.000 0.000 1.249 1.363 1.464 1.557 1.646 1.736 1.831 1.932 2.038 2.147 2.256 2.365 2.472 2.579 2.686 2.793 2.902 3.012 3.123 3.235 3.347 3.460 3.573 3.686 3.804 3.893 4.141 4.432 2.092 0.131 0.310 0.585 0.625 0.674 0.772 0.804 0.810 0.798 0.769 0.731 0.661 0.567 0.460 0.350 0.244 0.148 0.000 0.000 0.000 0.000 0.000 0.000 0.000 0.000 0.000 0.000 0.000 0.000 0.000 0.000 0.000 0.000 0.000 0.000
0.000 0.000 0.000 0.000 0.000 0.000 0.000 0.000 0.000 0.000 0.000 0.000 1.164 1.297 1.405 1.503 1.594 1.683 1.774 1.870 1.972 2.080 2.190 2.301 2.412 2.521 2.629 2.737 2.845 2.954 3.065 3.177 3.290 3.404 3.518 3.631 3.746 3.870 3.945 4.225 4.336 1.541 0.000 0.141 0.174 0.323 0.574 0.692 0.730 0.741 0.737 0.695 0.611 0.517 0.427 0.340 0.257 0.179 0.110 0.061 0.000 0.000 0.000 0.000 0.000 0.000 0.000 0.000 0.000 0.000 0.000 0.000 0.000 0.000 0.000 0.000 0.000
0.000 0.000 0.000 0.000 0.000 0.000 0.000 0.000 0.000 0.000 0.000 0.000 1.206 1.329 1.433 1.529 1.620 1.709 1.800 1.897 2.000 2.108 2.220 2.333 2.444 2.554 2.663 2.772 2.880 2.990 3.101 3.213 3.327 3.442 3.557 3.671 3.788 3.918 3.960 4.268 3.920 0.961 0.000 0.003 0.016 0.305 0.522 0.603 0.619 0.610 0.603 0.578 0.502 0.413 0.332 0.260 0.196 0.139 0.089 0.051 0.000 0.000 0.000 0.000 0.000 0.000 0.000 0.000 0.000 0.000 0.000 0.000 0.000 0.000 0.000 0.000 0.000
0.000 0.000 0.000 0.000 0.000 0.000 0.000 0.000 0.000 0.000 0.000 1.064 1.230 1.348 1.451 1.547 1.638 1.727 1.818 1.915 2.018 2.127 2.240 2.353 2.466 2.576 2.686 2.795 2.904 3.014 3.125 3.238 3.352 3.467 3.582 3.697 3.815 3.942 3.972 4.277 3.456 0.563 0.000 0.069 0.232 0.431 0.533 0.536 0.478 0.405 0.373 0.364 0.333 0.270 0.206 0.153 0.111 0.079 0.054 0.036 0.000 0.000 0.000 0.000 0.000 0.000 0.000 0.000 0.000 0.000 0.000 0.000 0.000 0.000 0.000 0.000 0.000
0.000 0.000 0.000 0.000 0.000 0.000 0.000 0.000 0.000 0.000 0.000 1.086 1.243 1.360 1.462 1.558 1.649 1.738 1.829 1.927 2.030 2.140 2.252 2.366 2.479 2.590 2.700 2.809 2.918 3.028 3.140 3.253 3.367 3.482 3.598 3.713 3.833 3.949 4.046 4.510 2.946 0.348 0.116 0.239 0.395 0.498 0.513 0.469 0.335 0.217 0.154 0.126 0.112 0.088 0.063 0.043 0.029 0.018 0.012 0.009 0.000 0.000 0.000 0.000 0.000 0.000 0.000 0.000 0.000 0.000 0.000 0.000 0.000 0.000 0.000 0.000 0.000
0.000 0.000 0.000 0.000 0.000 0.000 0.000 0.000 0.000 0.000 0.000 1.096 1.250 1.366 1.469 1.564 1.655 1.744 1.836 1.934 2.037 2.147 2.260 2.373 2.486 2.598 2.708 2.817 2.927 3.037 3.148 3.262 3.376 3.492 3.608 3.723 3.843 3.950 4.135 4.697 2.460 0.215 0.070 0.347 0.498 0.435 0.339 0.304 0.208 0.124 0.070 0.046 0.039 0.020 0.001 0.002 0.001 0.000 0.000 0.000 0.000 0.000 0.000 0.000 0.000 0.000 0.000 0.000 0.000 0.000 0.000 0.000 0.000 0.000 0.000 0.000 0.000
0.000 0.000 0.000 0.000 0.000 0.000 0.000 0.000 0.000 0.000 0.000 1.100 1.253 1.368 1.471 1.567 1.658 1.747 1.839 1.937 2.041 2.151 2.264 2.377 2.490 2.602 2.712 2.821 2.931 3.041 3.153 3.266 3.381 3.496 3.612 3.728 3.848 3.951 4.201 4.718 2.136 0.117 0.049 0.011 0.055 0.001 0.051 0.062 0.087 0.068 0.030 0.013 0.010 0.000 0.021 0.021 0.018 0.010 0.010 0.007 0.000 0.000 0.000 0.000 0.000 0.000 0.000 0.000 0.000 0.000 0.000 0.000 0.000 0.000 0.000 0.000 0.000
0.000 0.000 0.000 0.000 0.000 0.000 0.000 0.000 0.000 0.000 0.000 1.101 1.253 1.369 1.472 1.567 1.658 1.748 1.840 1.938 2.043 2.152 2.265 2.379 2.492 2.603 2.713 2.823 2.932 3.043 3.155 3.268 3.383 3.498 3.614 3.730 3.850 3.953 4.234 4.699 1.956 0.064 0.054 0.036 0.003 0.004 0.009 0.000 0.023 0.033 0.014 0.000 0.015 0.124 0.141 0.116 0.093 0.073 0.048 0.029 0.000 0.000 0.000 0.000 0.000 0.000 0.000 0.000 0.000 0.000 0.000 0.000 0.000 0.000 0.000 0.000 0.000
0.000 0.000 0.000 0.000 0.000 0.000 0.000 0.000 0.000 0.000 0.000 1.100 1.253 1.369 1.472 1.567 1.658 1.748 1.840 1.938 2.043 2.153 2.266 2.379 2.492 2.603 2.713 2.823 2.932 3.043 3.155 3.269 3.383 3.499 3.614 3.730 3.850 3.953 4.240 4.688 1.875 0.042 0.101 0.070 0.005 0.027 0.140 0.122 0.020 0.004 0.117 0.282 0.406 0.344 0.273 0.214 0.165 0.123 0.077 0.038 0.000 0.000 0.000 0.000 0.000 0.000 0.000 0.000 0.000 0.000 0.000 0.000 0.000 0.000 0.000 0.000 0.000
0.000 0.000 0.000 0.000 0.000 0.000 0.000 0.000 0.000 0.000 0.000 1.095 1.250 1.367 1.470 1.566 1.657 1.747 1.839 1.938 2.042 2.152 2.265 2.379 2.491 2.602 2.712 2.822 2.931 3.042 3.154 3.268 3.382 3.498 3.613 3.729 3.848 3.955 4.239 4.688 1.858 0.035 0.000 0.002 0.006 0.029 0.187 0.245 0.212 0.308 0.454 0.510 0.508 0.441 0.352 0.277 0.217 0.162 0.100 0.000 0.000 0.000 0.000 0.000 0.000 0.000 0.000 0.000 0.000 0.000 0.000 0.000 0.000 0.000 0.000 0.000 0.000
0.000 0.000 0.000 0.000 0.000 0.000 0.000 0.000 0.000 0.000 0.000 1.081 1.244 1.362 1.465 1.562 1.653 1.744 1.836 1.935 2.040 2.151 2.264 2.377 2.489 2.599 2.709 2.818 2.928 3.039 3.152 3.265 3.380 3.495 3.611 3.726 3.844 3.957 4.212 4.687 1.870 0.038 0.016 0.085 0.210 0.336 0.421 0.481 0.559 0.619 0.637 0.629 0.592 0.513 0.423 0.343 0.277 0.209 0.135 0.000 0.000 0.000 0.000 0.000 0.000 0.000 0.000 0.000 0.000 0.000 0.000 0.000 0.000 0.000 0.000 0.000 0.000
0.000 0.000 0.000 0.000 0.000 0.000 0.000 0.000 0.000 0.000 0.000 1.054 1.231 1.351 1.457 1.554 1.646 1.737 1.830 1.930 2.036 2.147 2.259 2.371 2.482 2.592 2.702 2.811 2.922 3.033 3.145 3.259 3.373 3.488 3.604 3.718 3.837 3.959 4.148 4.695 1.932 0.081 0.019 0.184 0.366 0.504 0.579 0.621 0.647 0.681 0.716 0.728 0.663 0.582 0.497 0.417 0.340 0.240 0.142 0.000 0.000 0.000 0.000 0.000 0.000 0.000 0.000 0.000 0.000 0.000 0.000 0.000 0.000 0.000 0.000 0.000 0.000
0.000 0.000 0.000 0.000 0.000 0.000 0.000 0.000 0.000 0.000 0.000 1.007 1.208 1.334 1.441 1.540 1.634 1.725 1.820 1.920 2.027 2.137 2.249 2.361 2.471 2.580 2.689 2.799 2.910 3.021 3.134 3.247 3.362 3.476 3.591 3.706 3.827 3.956 4.057 4.708 2.088 0.128 0.096 0.188 0.314 0.478 0.604 0.656 0.682 0.724 0.772 0.785 0.709 0.619 0.528 0.441 0.351 0.235 0.138 0.000 0.000 0.000 0.000 0.000 0.000 0.000 0.000 0.000 0.000 0.000 0.000 0.000 0.000 0.000 0.000 0.000 0.000
0.000 0.000 0.000 0.000 0.000 0.000 0.000 0.000 0.000 0.000 0.000 0.923 1.169 1.306 1.418 1.519 1.614 1.708 1.803 1.904 2.011 2.121 2.232 2.343 2.452 2.560 2.670 2.780 2.890 3.002 3.115 3.228 3.342 3.457 3.572 3.687 3.809 3.937 3.968 4.658 2.422 0.217 0.012 0.026 0.036 0.191 0.422 0.543 0.596 0.651 0.717 0.736 0.662 0.581 0.502 0.417 0.314 0.141 0.000 0.000 0.000 0.000 0.000 0.000 0.000 0.000 0.000 0.000 0.000 0.000 0.000 0.000 0.000 0.000 0.000 0.000 0.000
0.000 0.000 0.000 0.000 0.000 0.000 0.000 0.000 0.000 0.000 0.000 0.000 1.101 1.263 1.382 1.488 1.586 1.681 1.777 1.879 1.985 2.095 2.205 2.314 2.422 2.531 2.640 2.750 2.861 2.973 3.085 3.199 3.312 3.426 3.541 3.657 3.775 3.894 3.925 4.469 2.904 0.332 0.014 0.000 0.000 0.000 0.117 0.188 0.303 0.393 0.522 0.634 0.596 0.536 0.472 0.386 0.273 0.161 0.000 0.000 0.000 0.000 0.000 0.000 0.000 0.000 0.000 0.000 0.000 0.000 0.000 0.000 0.000 0.000 0.000 0.000 0.000
0.000 0.000 0.000 0.000 0.000 0.000 0.000 0.000 0.000 0.000 0.000 0.000 0.978 1.197 1.330 1.442 1.544 1.641 1.739 1.840 1.946 2.055 2.164 2.272 2.380 2.488 2.596 2.706 2.817 2.929 3.041 3.154 3.267 3.380 3.494 3.608 3.721 3.833 3.920 4.306 3.353 0.491 0.000 0.316 0.000 0.000 0.000 0.000 0.055 0.166 0.408 0.624 0.571 0.489 0.427 0.319 0.123 0.000 0.000 0.000 0.000 0.000 0.000 0.000 0.000 0.000 0.000 0.000 0.000 0.000 0.000 0.000 0.000 0.000 0.000 0.000 0.000
0.000 0.000 0.000 0.000 0.000 0.000 0.000 0.000 0.000 0.000 0.000 0.000 0.788 1.095 1.255 1.376 1.484 1.585 1.683 1.784 1.889 1.996 2.105 2.212 2.319 2.426 2.534 2.643 2.754 2.864 2.976 3.087 3.199 3.311 3.423 3.535 3.646 3.765 3.888 4.239 3.725 0.829 0.000 0.163 0.000 0.000 0.000 0.000 0.204 0.247 0.447 0.650 0.548 0.438 0.375 0.242 0.117 0.000 0.000 0.000 0.000 0.000 0.000 0.000 0.000 0.000 0.000 0.000 0.000 0.000 0.000 0.000 0.000 0.000 0.000 0.000 0.000
0.000 0.000 0.000 0.000 0.000 0.000 0.000 0.000 0.000 0.000 0.000 0.000 0.000 0.925 1.145 1.284 1.400 1.505 1.605 1.704 1.808 1.914 2.021 2.127 2.232 2.338 2.445 2.553 2.662 2.771 2.880 2.990 3.099 3.209 3.318 3.428 3.542 3.668 3.783 3.852 4.238 1.513 0.093 0.000 0.000 0.000 0.000 0.000 0.373 0.437 0.546 0.611 0.480 0.377 0.305 0.189 0.000 0.000 0.000 0.000 0.000 0.000 0.000 0.000 0.000 0.000 0.000 0.000 0.000 0.000 0.000 0.000 0.000 0.000 0.000 0.000 0.000
0.000 0.000 0.000 0.000 0.000 0.000 0.000 0.000 0.000 0.000 0.000 0.000 0.000 0.000 0.972 1.152 1.282 1.392 1.495 1.594 1.696 1.800 1.904 2.008 2.110 2.214 2.319 2.425 2.530 2.635 2.740 2.846 2.951 3.056 3.161 3.271 3.381 3.492 3.585 3.581 4.303 2.445 0.398 0.000 0.000 0.099 0.224 0.301 0.406 0.534 0.542 0.474 0.376 0.270 0.124 0.000 0.000 0.000 0.000 0.000 0.000 0.000 0.000 0.000 0.000 0.000 0.000 0.000 0.000 0.000 0.000 0.000 0.000 0.000 0.000 0.000 0.000
0.000 0.000 0.000 0.000 0.000 0.000 0.000 0.000 0.000 0.000 0.000 0.000 0.000 0.000 0.732 0.955 1.117 1.237 1.344 1.444 1.542 1.641 1.739 1.838 1.938 2.039 2.140 2.239 2.338 2.436 2.534 2.631 2.728 2.825 2.924 3.022 3.112 3.192 3.270 3.324 3.869 3.210 0.883 0.117 0.000 0.115 0.215 0.315 0.392 0.453 0.415 0.346 0.266 0.162 0.103 0.000 0.000 0.000 0.000 0.000 0.000 0.000 0.000 0.000 0.000 0.000 0.000 0.000 0.000 0.000 0.000 0.000 0.000 0.000 0.000 0.000 0.000
0.000 0.000 0.000 0.000 0.000 0.000 0.000 0.000 0.000 0.000 0.000 0.000 0.000 0.000 0.000 0.716 0.897 1.028 1.138 1.234 1.324 1.410 1.502 1.599 1.696 1.790 1.881 1.967 2.053 2.140 2.226 2.310 2.392 2.473 2.551 2.620 2.680 2.748 2.849 2.943 3.300 3.421 1.331 0.323 0.000 0.020 0.086 0.212 0.309 0.341 0.306 0.246 0.174 0.114 0.000 0.000 0.000 0.000 0.000 0.000 0.000 0.000 0.000 0.000 0.000 0.000 0.000 0.000 0.000 0.000 0.000 0.000 0.000 0.000 0.000 0.000 0.000
0.000 0.000 0.000 0.000 0.000 0.000 0.000 0.000 0.000 0.000 0.000 0.000 0.000 0.000 0.000 0.000 0.670 0.801 0.897 0.978 1.051 1.133 1.228 1.321 1.401 1.475 1.545 1.616 1.689 1.761 1.829 1.892 1.952 2.010 2.064 2.115 2.167 2.249 2.356 2.440 2.688 3.131 1.608 0.519 0.000 0.066 0.122 0.203 0.276 0.265 0.220 0.161 0.113 0.000 0.000 0.000 0.000 0.000 0.000 0.000 0.000 0.000 0.000 0.000 0.000 0.000 0.000 0.000 0.000 0.000 0.000 0.000 0.000 0.000 0.000 0.000 0.000
0.000 0.000 0.000 0.000 0.000 0.000 0.000 0.000 0.000 0.000 0.000 0.000 0.000 0.000 0.000 0.000 0.000 0.584 0.660 0.727 0.771 0.867 0.958 1.041 1.097 1.144 1.191 1.252 1.318 1.374 1.423 1.466 1.506 1.547 1.590 1.633 1.680 1.760 1.843 1.897 2.079 2.526 1.432 0.427 0.000 0.083 0.154 0.206 0.241 0.196 0.131 0.100 0.000 0.000 0.000 0.000 0.000 0.000 0.000 0.000 0.000 0.000 0.000 0.000 0.000 0.000 0.000 0.000 0.000 0.000 0.000 0.000 0.000 0.000 0.000 0.000 0.000
0.000 0.000 0.000 0.000 0.000 0.000 0.000 0.000 0.000 0.000 0.000 0.000 0.000 0.000 0.000 0.000 0.000 0.000 0.000 0.500 0.528 0.615 0.685 0.747 0.778 0.800 0.815 0.880 0.937 0.977 1.011 1.040 1.070 1.111 1.152 1.191 1.231 1.293 1.348 1.386 1.509 1.912 1.179 0.319 0.000 0.074 0.120 0.184 0.195 0.090 0.082 0.000 0.000 0.000 0.000 0.000 0.000 0.000 0.000 0.000 0.000 0.000 0.000 0.000 0.000 0.000 0.000 0.000 0.000 0.000 0.000 0.000 0.000 0.000 0.000 0.000 0.000
0.000 0.000 0.000 0.000 0.000 0.000 0.000 0.000 0.000 0.000 0.000 0.000 0.000 0.000 0.000 0.000 0.000 0.000 0.000 0.000 0.000 0.000 0.000 0.432 0.443 0.450 0.440 0.499 0.539 0.561 0.591 0.635 0.682 0.729 0.768 0.797 0.816 0.863 0.898 0.927 1.006 1.211 0.880 0.301 0.000 0.035 0.089 0.127 0.126 0.000 0.000 0.000 0.000 0.000 0.000 0.000 0.000 0.000 0.000 0.000 0.000 0.000 0.000 0.000 0.000 0.000 0.000 0.000 0.000 0.000 0.000 0.000 0.000 0.000 0.000 0.000 0.000
0.000 0.000 0.000 0.000 0.000 0.000 0.000 0.000 0.000 0.000 0.000 0.000 0.000 0.000 0.000 0.000 0.000 0.000 0.000 0.000 0.000 0.000 0.000 0.000 0.000 0.000 0.000 0.000 0.000 0.000 0.000 0.000 0.365 0.398 0.425 0.438 0.436 0.470 0.492 0.510 0.554 0.650 0.548 0.141 0.004 0.025 0.038 0.065 0.000 0.000 0.000 0.000 0.000 0.000 0.000 0.000 0.000 0.000 0.000 0.000 0.000 0.000 0.000 0.000 0.000 0.000 0.000 0.000 0.000 0.000 0.000 0.000 0.000 0.000 0.000 0.000 0.000
