avaframe/data/avaParabola/Avaflow_Input/prefix_results/prefix_ascii/prefix_hflow10008.asc
ncols 250
nrows 100
xllcenter 997.50
yllcenter -4997.50
cellsize 20.00
NODATA_value -9999.000
[rows 34 to 67 of 100, columns 77 to 153 of 250]
0.000 0.001 0.001 0.001 0.000 0.000 0.000 0.000 0.000 0.001 0.001 0.001 0.001 0.001 0.002 0.002 0.002 0.002 0.002 0.003 0.003 0.003 0.003 0.003 0.003 0.004 0.004 0.004 0.004 0.004 0.004 0.004 0.004 0.004 0.004 0.004 0.004 0.004 0.004 0.004 0.003 0.003 0.003 0.003 0.003 0.003 0.002 0.002 0.002 0.001 0.000 0.000 0.000 0.000 0.000 0.000 0.000 0.000 0.000 0.000 0.000 0.000 0.000 0.000 0.000 0.000 0.000 0.000 0.000 0.000 0.000 0.000 0.000 0.000 0.000 0.000 0.000
0.001 0.001 0.000 0.000 0.000 0.000 0.000 0.000 0.001 0.001 0.001 0.001 0.002 0.002 0.002 0.003 0.003 0.003 0.003 0.004 0.004 0.004 0.005 0.005 0.005 0.006 0.006 0.006 0.007 0.007 0.007 0.007 0.007 0.008 0.008 0.008 0.008 0.008 0.008 0.007 0.007 0.007 0.006 0.007 0.007 0.008 0.007 0.007 0.006 0.004 0.002 0.001 0.000 0.000 0.000 0.000 0.000 0.000 0.000 0.000 0.000 0.000 0.000 0.000 0.000 0.000 0.000 0.000 0.000 0.000 0.000 0.000 0.000 0.000 0.000 0.000 0.000
0.001 0.000 0.000 0.000 0.000 0.000 0.000 0.001 0.001 0.001 0.001 0.002 0.002 0.003 0.003 0.004 0.004 0.004 0.005 0.005 0.006 0.006 0.007 0.008 0.008 0.009 0.009 0.010 0.010 0.011 0.011 0.012 0.013 0.013 0.013 0.014 0.014 0.014 0.014 0.014 0.014 0.014 0.013 0.014 0.017 0.020 0.020 0.018 0.016 0.012 0.007 0.003 0.001 0.000 0.000 0.000 0.000 0.000 0.000 0.000 0.000 0.000 0.000 0.000 0.000 0.000 0.000 0.000 0.000 0.000 0.000 0.000 0.000 0.000 0.000 0.000 0.000
0.000 0.000 0.000 0.000 0.000 0.000 0.001 0.001 0.001 0.002 0.002 0.003 0.003 0.004 0.004 0.005 0.005 0.006 0.007 0.007 0.008 0.009 0.010 0.011 0.012 0.013 0.013 0.014 0.015 0.016 0.017 0.019 0.020 0.021 0.022 0.023 0.023 0.024 0.024 0.025 0.025 0.025 0.025 0.027 0.033 0.045 0.049 0.046 0.041 0.032 0.019 0.009 0.003 0.001 0.000 0.000 0.000 0.000 0.000 0.000 0.000 0.000 0.000 0.000 0.000 0.000 0.000 0.000 0.000 0.000 0.000 0.000 0.000 0.000 0.000 0.000 0.000
0.000 0.000 0.000 0.000 0.000 0.001 0.001 0.001 0.002 0.002 0.003 0.004 0.004 0.005 0.006 0.006 0.007 0.008 0.009 0.010 0.011 0.012 0.014 0.015 0.016 0.018 0.019 0.020 0.022 0.023 0.025 0.027 0.029 0.031 0.033 0.034 0.036 0.037 0.039 0.040 0.041 0.042 0.044 0.047 0.058 0.087 0.110 0.106 0.096 0.078 0.050 0.024 0.010 0.003 0.001 0.000 0.000 0.000 0.000 0.000 0.000 0.000 0.000 0.000 0.000 0.000 0.000 0.000 0.000 0.000 0.000 0.000 0.000 0.000 0.000 0.000 0.000
0.000 0.000 0.000 0.000 0.001 0.001 0.001 0.002 0.003 0.003 0.004 0.005 0.005 0.006 0.007 0.008 0.009 0.011 0.012 0.013 0.015 0.016 0.018 0.020 0.022 0.024 0.026 0.028 0.030 0.032 0.035 0.037 0.040 0.043 0.046 0.049 0.052 0.055 0.057 0.060 0.063 0.065 0.068 0.075 0.091 0.148 0.217 0.216 0.192 0.172 0.115 0.057 0.024 0.009 0.003 0.001 0.000 0.000 0.000 0.000 0.000 0.000 0.000 0.000 0.000 0.000 0.000 0.000 0.000 0.000 0.000 0.000 0.000 0.000 0.000 0.000 0.000
0.000 0.000 0.000 0.001 0.001 0.001 0.002 0.003 0.003 0.004 0.005 0.006 0.007 0.008 0.009 0.010 0.012 0.013 0.015 0.017 0.019 0.021 0.023 0.025 0.028 0.030 0.033 0.035 0.038 0.041 0.044 0.047 0.051 0.054 0.058 0.061 0.065 0.069 0.073 0.077 0.081 0.086 0.091 0.099 0.119 0.230 0.376 0.384 0.356 0.322 0.235 0.125 0.055 0.021 0.006 0.002 0.000 0.000 0.000 0.000 0.000 0.000 0.000 0.000 0.000 0.000 0.000 0.000 0.000 0.000 0.000 0.000 0.000 0.000 0.000 0.000 0.000
0.000 0.000 0.001 0.001 0.001 0.002 0.003 0.003 0.004 0.005 0.006 0.007 0.008 0.010 0.011 0.013 0.014 0.016 0.018 0.020 0.022 0.025 0.027 0.030 0.032 0.035 0.038 0.041 0.044 0.048 0.051 0.055 0.059 0.063 0.067 0.071 0.075 0.080 0.085 0.090 0.095 0.100 0.106 0.114 0.146 0.351 0.580 0.606 0.592 0.531 0.416 0.249 0.114 0.044 0.014 0.004 0.001 0.000 0.000 0.000 0.000 0.000 0.000 0.000 0.000 0.000 0.000 0.000 0.000 0.000 0.000 0.000 0.000 0.000 0.000 0.000 0.000
0.000 0.000 0.001 0.001 0.002 0.003 0.003 0.004 0.005 0.006 0.007 0.008 0.009 0.011 0.013 0.014 0.016 0.018 0.020 0.022 0.025 0.027 0.030 0.033 0.036 0.039 0.042 0.046 0.049 0.053 0.057 0.061 0.065 0.069 0.073 0.078 0.083 0.088 0.093 0.098 0.104 0.110 0.117 0.125 0.191 0.519 0.750 0.836 0.838 0.780 0.653 0.436 0.209 0.085 0.028 0.008 0.002 0.000 0.000 0.000 0.000 0.000 0.000 0.000 0.000 0.000 0.000 0.000 0.000 0.000 0.000 0.000 0.000 0.000 0.000 0.000 0.000
0.000 0.000 0.001 0.001 0.002 0.003 0.004 0.005 0.006 0.006 0.008 0.009 0.010 0.012 0.014 0.015 0.017 0.020 0.022 0.024 0.027 0.030 0.032 0.035 0.038 0.042 0.045 0.049 0.053 0.057 0.061 0.065 0.069 0.074 0.078 0.083 0.088 0.093 0.099 0.104 0.111 0.117 0.124 0.134 0.278 0.704 0.900 1.030 1.039 0.994 0.861 0.606 0.310 0.130 0.045 0.013 0.003 0.001 0.000 0.000 0.000 0.000 0.000 0.000 0.000 0.000 0.000 0.000 0.000 0.000 0.000 0.000 0.000 0.000 0.000 0.000 0.000
0.000 0.001 0.001 0.002 0.002 0.003 0.004 0.005 0.006 0.007 0.008 0.010 0.011 0.013 0.014 0.016 0.018 0.021 0.023 0.026 0.028 0.031 0.034 0.037 0.040 0.044 0.047 0.051 0.055 0.059 0.063 0.068 0.072 0.077 0.082 0.087 0.092 0.097 0.103 0.109 0.115 0.121 0.128 0.154 0.423 0.865 1.068 1.187 1.187 1.146 1.005 0.721 0.375 0.159 0.056 0.016 0.004 0.001 0.000 0.000 0.000 0.000 0.000 0.000 0.000 0.000 0.000 0.000 0.000 0.000 0.000 0.000 0.000 0.000 0.000 0.000 0.000
0.000 0.001 0.001 0.002 0.003 0.004 0.004 0.005 0.006 0.007 0.008 0.010 0.011 0.013 0.015 0.017 0.019 0.021 0.024 0.026 0.029 0.032 0.035 0.038 0.042 0.045 0.049 0.053 0.057 0.061 0.065 0.069 0.074 0.079 0.084 0.089 0.094 0.100 0.106 0.111 0.117 0.124 0.130 0.198 0.605 0.999 1.226 1.312 1.297 1.253 1.102 0.789 0.408 0.173 0.061 0.017 0.004 0.001 0.000 0.000 0.000 0.000 0.000 0.000 0.000 0.000 0.000 0.000 0.000 0.000 0.000 0.000 0.000 0.000 0.000 0.000 0.000
0.000 0.001 0.001 0.002 0.003 0.004 0.005 0.005 0.006 0.007 0.009 0.010 0.012 0.014 0.015 0.017 0.020 0.022 0.024 0.027 0.030 0.033 0.036 0.039 0.042 0.046 0.050 0.053 0.058 0.062 0.066 0.071 0.075 0.080 0.085 0.090 0.096 0.102 0.107 0.113 0.119 0.125 0.133 0.276 0.784 1.137 1.334 1.390 1.384 1.328 1.157 0.816 0.418 0.176 0.061 0.017 0.004 0.001 0.000 0.000 0.000 0.000 0.000 0.000 0.000 0.000 0.000 0.000 0.000 0.000 0.000 0.000 0.000 0.000 0.000 0.000 0.000
0.000 0.001 0.001 0.002 0.003 0.004 0.005 0.006 0.006 0.008 0.009 0.010 0.012 0.014 0.016 0.018 0.020 0.022 0.025 0.027 0.030 0.033 0.036 0.039 0.043 0.046 0.050 0.054 0.058 0.062 0.067 0.071 0.076 0.081 0.086 0.091 0.097 0.103 0.108 0.114 0.120 0.126 0.141 0.377 0.922 1.238 1.398 1.447 1.442 1.374 1.182 0.820 0.417 0.175 0.060 0.017 0.004 0.001 0.000 0.000 0.000 0.000 0.000 0.000 0.000 0.000 0.000 0.000 0.000 0.000 0.000 0.000 0.000 0.000 0.000 0.000 0.000
0.000 0.001 0.001 0.002 0.003 0.004 0.005 0.006 0.007 0.008 0.009 0.010 0.012 0.014 0.016 0.018 0.020 0.022 0.025 0.027 0.030 0.033 0.036 0.040 0.043 0.047 0.050 0.054 0.059 0.063 0.067 0.072 0.077 0.081 0.087 0.092 0.097 0.103 0.108 0.114 0.120 0.127 0.154 0.473 1.009 1.291 1.435 1.479 1.471 1.394 1.186 0.808 0.406 0.168 0.057 0.015 0.003 0.000 0.000 0.000 0.000 0.000 0.000 0.000 0.000 0.000 0.000 0.000 0.000 0.000 0.000 0.000 0.000 0.000 0.000 0.000 0.000
0.000 0.001 0.001 0.002 0.003 0.004 0.005 0.006 0.007 0.008 0.009 0.010 0.012 0.014 0.016 0.018 0.020 0.022 0.025 0.028 0.030 0.033 0.036 0.040 0.043 0.047 0.051 0.055 0.059 0.063 0.067 0.072 0.077 0.082 0.087 0.092 0.098 0.103 0.108 0.114 0.121 0.128 0.164 0.537 1.049 1.315 1.449 1.489 1.479 1.396 1.175 0.775 0.378 0.152 0.049 0.012 0.002 0.000 0.000 0.000 0.000 0.000 0.000 0.000 0.000 0.000 0.000 0.000 0.000 0.000 0.000 0.000 0.000 0.000 0.000 0.000 0.000
0.000 0.001 0.001 0.002 0.003 0.004 0.005 0.006 0.007 0.008 0.009 0.010 0.012 0.014 0.016 0.018 0.020 0.022 0.025 0.028 0.030 0.033 0.037 0.040 0.043 0.047 0.051 0.055 0.059 0.063 0.067 0.072 0.077 0.082 0.087 0.092 0.097 0.103 0.109 0.115 0.122 0.129 0.168 0.561 1.062 1.319 1.448 1.486 1.475 1.382 1.138 0.718 0.336 0.128 0.038 0.009 0.001 0.000 0.000 0.000 0.000 0.000 0.000 0.000 0.000 0.000 0.000 0.000 0.000 0.000 0.000 0.000 0.000 0.000 0.000 0.000 0.000
0.000 0.001 0.001 0.002 0.003 0.004 0.005 0.006 0.007 0.008 0.009 0.010 0.012 0.014 0.016 0.018 0.020 0.022 0.025 0.028 0.030 0.033 0.037 0.040 0.043 0.047 0.051 0.055 0.059 0.063 0.067 0.072 0.077 0.082 0.087 0.092 0.097 0.103 0.109 0.116 0.122 0.129 0.166 0.557 1.065 1.313 1.436 1.469 1.453 1.346 1.076 0.637 0.283 0.099 0.027 0.005 0.001 0.000 0.000 0.000 0.000 0.000 0.000 0.000 0.000 0.000 0.000 0.000 0.000 0.000 0.000 0.000 0.000 0.000 0.000 0.000 0.000
0.000 0.001 0.001 0.002 0.003 0.004 0.005 0.006 0.007 0.008 0.009 0.010 0.012 0.014 0.016 0.018 0.020 0.022 0.025 0.028 0.030 0.033 0.036 0.040 0.043 0.047 0.051 0.055 0.059 0.063 0.067 0.072 0.077 0.082 0.087 0.092 0.097 0.103 0.110 0.116 0.122 0.128 0.160 0.524 1.059 1.288 1.402 1.429 1.402 1.279 0.989 0.542 0.224 0.071 0.017 0.003 0.000 0.000 0.000 0.000 0.000 0.000 0.000 0.000 0.000 0.000 0.000 0.000 0.000 0.000 0.000 0.000 0.000 0.000 0.000 0.000 0.000
0.000 0.001 0.001 0.002 0.003 0.004 0.005 0.006 0.007 0.008 0.009 0.010 0.012 0.014 0.016 0.018 0.020 0.022 0.025 0.027 0.030 0.033 0.036 0.040 0.043 0.047 0.051 0.054 0.059 0.063 0.067 0.072 0.077 0.081 0.086 0.092 0.098 0.104 0.110 0.116 0.121 0.127 0.150 0.457 1.033 1.241 1.340 1.368 1.329 1.178 0.873 0.436 0.162 0.045 0.010 0.002 0.000 0.000 0.000 0.000 0.000 0.000 0.000 0.000 0.000 0.000 0.000 0.000 0.000 0.000 0.000 0.000 0.000 0.000 0.000 0.000 0.000
0.000 0.001 0.001 0.002 0.003 0.004 0.005 0.005 0.006 0.008 0.009 0.010 0.012 0.014 0.016 0.018 0.020 0.022 0.025 0.027 0.030 0.033 0.036 0.039 0.043 0.047 0.050 0.054 0.058 0.063 0.067 0.072 0.076 0.081 0.086 0.092 0.098 0.104 0.109 0.113 0.119 0.126 0.144 0.384 0.970 1.181 1.254 1.276 1.230 1.055 0.718 0.319 0.103 0.025 0.005 0.001 0.000 0.000 0.000 0.000 0.000 0.000 0.000 0.000 0.000 0.000 0.000 0.000 0.000 0.000 0.000 0.000 0.000 0.000 0.000 0.000 0.000
0.000 0.001 0.001 0.002 0.003 0.004 0.004 0.005 0.006 0.007 0.009 0.010 0.012 0.014 0.015 0.017 0.020 0.022 0.024 0.027 0.030 0.033 0.036 0.039 0.042 0.046 0.050 0.054 0.058 0.062 0.066 0.071 0.075 0.080 0.086 0.092 0.098 0.102 0.106 0.111 0.118 0.127 0.143 0.331 0.870 1.099 1.153 1.153 1.098 0.902 0.532 0.201 0.056 0.012 0.002 0.000 0.000 0.000 0.000 0.000 0.000 0.000 0.000 0.000 0.000 0.000 0.000 0.000 0.000 0.000 0.000 0.000 0.000 0.000 0.000 0.000 0.000
0.000 0.001 0.001 0.002 0.002 0.003 0.004 0.005 0.006 0.007 0.008 0.010 0.011 0.013 0.015 0.017 0.019 0.021 0.024 0.026 0.029 0.032 0.035 0.038 0.042 0.045 0.049 0.053 0.057 0.061 0.065 0.070 0.074 0.080 0.086 0.091 0.095 0.098 0.103 0.111 0.121 0.130 0.143 0.294 0.762 0.989 1.030 1.012 0.927 0.688 0.340 0.108 0.025 0.005 0.001 0.000 0.000 0.000 0.000 0.000 0.000 0.000 0.000 0.000 0.000 0.000 0.000 0.000 0.000 0.000 0.000 0.000 0.000 0.000 0.000 0.000 0.000
0.000 0.001 0.001 0.001 0.002 0.003 0.004 0.005 0.006 0.007 0.008 0.009 0.011 0.013 0.014 0.016 0.018 0.021 0.023 0.026 0.028 0.031 0.034 0.037 0.041 0.044 0.048 0.052 0.056 0.060 0.064 0.068 0.073 0.079 0.084 0.088 0.090 0.095 0.104 0.117 0.126 0.129 0.139 0.263 0.658 0.854 0.885 0.850 0.711 0.437 0.172 0.046 0.009 0.001 0.000 0.000 0.000 0.000 0.000 0.000 0.000 0.000 0.000 0.000 0.000 0.000 0.000 0.000 0.000 0.000 0.000 0.000 0.000 0.000 0.000 0.000 0.000
0.000 0.000 0.001 0.001 0.002 0.003 0.003 0.004 0.005 0.006 0.008 0.009 0.010 0.012 0.014 0.015 0.018 0.020 0.022 0.024 0.027 0.030 0.033 0.036 0.039 0.042 0.046 0.050 0.054 0.058 0.062 0.066 0.071 0.076 0.079 0.082 0.087 0.096 0.109 0.120 0.122 0.120 0.129 0.238 0.555 0.701 0.718 0.651 0.452 0.210 0.066 0.015 0.003 0.000 0.000 0.000 0.000 0.000 0.000 0.000 0.000 0.000 0.000 0.000 0.000 0.000 0.000 0.000 0.000 0.000 0.000 0.000 0.000 0.000 0.000 0.000 0.000
0.000 0.000 0.001 0.001 0.001 0.002 0.003 0.004 0.005 0.006 0.007 0.008 0.009 0.011 0.012 0.014 0.016 0.018 0.020 0.023 0.025 0.028 0.031 0.034 0.037 0.040 0.043 0.047 0.050 0.054 0.058 0.062 0.066 0.070 0.074 0.079 0.088 0.099 0.110 0.110 0.103 0.100 0.117 0.227 0.447 0.529 0.520 0.401 0.209 0.074 0.019 0.004 0.001 0.000 0.000 0.000 0.000 0.000 0.000 0.000 0.000 0.000 0.000 0.000 0.000 0.000 0.000 0.000 0.000 0.000 0.000 0.000 0.000 0.000 0.000 0.000 0.000
0.000 0.000 0.001 0.001 0.001 0.001 0.002 0.003 0.004 0.005 0.006 0.007 0.008 0.009 0.011 0.012 0.014 0.016 0.018 0.020 0.023 0.025 0.027 0.030 0.033 0.036 0.039 0.042 0.045 0.048 0.052 0.055 0.059 0.063 0.068 0.077 0.086 0.093 0.090 0.082 0.077 0.083 0.115 0.220 0.323 0.338 0.291 0.172 0.067 0.019 0.004 0.001 0.000 0.000 0.000 0.000 0.000 0.000 0.000 0.000 0.000 0.000 0.000 0.000 0.000 0.000 0.000 0.000 0.000 0.000 0.000 0.000 0.000 0.000 0.000 0.000 0.000
0.000 0.000 0.000 0.001 0.001 0.001 0.001 0.002 0.003 0.003 0.004 0.005 0.006 0.008 0.009 0.010 0.012 0.013 0.015 0.017 0.019 0.021 0.023 0.025 0.028 0.030 0.032 0.035 0.037 0.040 0.042 0.046 0.050 0.055 0.061 0.067 0.069 0.065 0.059 0.056 0.060 0.075 0.117 0.174 0.191 0.170 0.114 0.049 0.016 0.004 0.001 0.000 0.000 0.000 0.000 0.000 0.000 0.000 0.000 0.000 0.000 0.000 0.000 0.000 0.000 0.000 0.000 0.000 0.000 0.000 0.000 0.000 0.000 0.000 0.000 0.000 0.000
0.000 0.000 0.000 0.000 0.001 0.001 0.001 0.001 0.002 0.002 0.003 0.004 0.004 0.005 0.006 0.007 0.009 0.010 0.011 0.013 0.014 0.016 0.017 0.019 0.020 0.022 0.023 0.025 0.026 0.028 0.031 0.034 0.038 0.041 0.042 0.042 0.040 0.037 0.037 0.039 0.048 0.067 0.090 0.096 0.086 0.060 0.029 0.010 0.003 0.001 0.000 0.000 0.000 0.000 0.000 0.000 0.000 0.000 0.000 0.000 0.000 0.000 0.000 0.000 0.000 0.000 0.000 0.000 0.000 0.000 0.000 0.000 0.000 0.000 0.000 0.000 0.000
0.000 0.000 0.000 0.000 0.000 0.000 0.001 0.001 0.001 0.001 0.002 0.002 0.003 0.003 0.004 0.005 0.006 0.007 0.007 0.008 0.009 0.010 0.011 0.012 0.013 0.014 0.015 0.015 0.016 0.018 0.019 0.021 0.022 0.022 0.023 0.022 0.021 0.021 0.022 0.026 0.033 0.040 0.041 0.037 0.027 0.014 0.005 0.002 0.000 0.000 0.000 0.000 0.000 0.000 0.000 0.000 0.000 0.000 0.000 0.000 0.000 0.000 0.000 0.000 0.000 0.000 0.000 0.000 0.000 0.000 0.000 0.000 0.000 0.000 0.000 0.000 0.000
0.000 0.000 0.000 0.000 0.000 0.000 0.000 0.000 0.000 0.001 0.001 0.001 0.002 0.002 0.003 0.003 0.003 0.004 0.004 0.005 0.005 0.006 0.006 0.007 0.007 0.008 0.008 0.009 0.009 0.010 0.010 0.011 0.011 0.011 0.011 0.011 0.011 0.011 0.012 0.014 0.015 0.016 0.014 0.010 0.006 0.002 0.001 0.000 0.000 0.000 0.000 0.000 0.000 0.000 0.000 0.000 0.000 0.000 0.000 0.000 0.000 0.000 0.000 0.000 0.000 0.000 0.000 0.000 0.000 0.000 0.000 0.000 0.000 0.000 0.000 0.000 0.000
0.000 0.000 0.000 0.000 0.000 0.000 0.000 0.000 0.000 0.000 0.000 0.001 0.001 0.001 0.001 0.001 0.002 0.002 0.002 0.002 0.003 0.003 0.003 0.004 0.004 0.004 0.004 0.005 0.005 0.005 0.005 0.005 0.005 0.005 0.005 0.005 0.005 0.005 0.005 0.006 0.006 0.005 0.004 0.002 0.001 0.000 0.000 0.000 0.000 0.000 0.000 0.000 0.000 0.000 0.000 0.000 0.000 0.000 0.000 0.000 0.000 0.000 0.000 0.000 0.000 0.000 0.000 0.000 0.000 0.000 0.000 0.000 0.000 0.000 0.000 0.000 0.000
0.000 0.000 0.000 0.000 0.000 0.000 0.000 0.000 0.000 0.000 0.000 0.000 0.000 0.000 0.000 0.000 0.001 0.001 0.001 0.001 0.001 0.001 0.002 0.002 0.002 0.002 0.002 0.002 0.002 0.002 0.002 0.002 0.002 0.002 0.002 0.002 0.002 0.002 0.002 0.002 0.002 0.001 0.001 0.000 0.000 0.000 0.000 0.000 0.000 0.000 0.000 0.000 0.000 0.000 0.000 0.000 0.000 0.000 0.000 0.000 0.000 0.000 0.000 0.000 0.000 0.000 0.000 0.000 0.000 0.000 0.000 0.000 0.000 0.000 0.000 0.000 0.000
0.000 0.000 0.000 0.000 0.000 0.000 0.000 0.000 0.000 0.000 0.000 0.000 0.000 0.000 0.000 0.000 0.000 0.000 0.000 0.000 0.000 0.000 0.000 0.000 0.000 0.001 0.001 0.001 0.001 0.001 0.001 0.001 0.001 0.001 0.001 0.001 0.000 0.001 0.000 0.000 0.000 0.000 0.000 0.000 0.000 0.000 0.000 0.000 0.000 0.000 0.000 0.000 0.000 0.000 0.000 0.000 0.000 0.000 0.000 0.000 0.000 0.000 0.000 0.000 0.000 0.000 0.000 0.000 0.000 0.000 0.000 0.000 0.000 0.000 0.000 0.000 0.000
