avaframe/data/avaParabola/Avaflow_Input/prefix_results/prefix_ascii/prefix_elev.asc
ncols 250
nrows 100
xllcenter 997.50
yllcenter -4997.50
cellsize 20.00
NODATA_value -9999.000
[rows 62 to 92 of 100, columns 70 to 139 of 250]
709.027 693.793 678.724 663.821 649.083 634.511 620.104 605.862 591.786 577.876 564.131 550.551 537.137 523.888 510.805 497.887 485.135 472.548 460.126 447.870 435.779 423.854 412.094 400.500 389.071 377.807 366.709 355.777 345.010 334.408 323.972 313.701 303.595 293.655 283.881 274.272 264.828 255.550 246.437 237.490 228.708 220.092 211.641 203.355 195.235 187.280 179.491 171.867 164.409 157.116 149.989 143.027 136.230 129.599 123.133 116.833 110.698 104.729 98.925 93.286 87.813 82.506 77.363 72.387 67.575 62.930 58.449 54.134 49.985 46.001
709.027 693.793 678.724 663.821 649.083 634.511 620.104 605.862 591.786 577.876 564.131 550.551 537.137 523.888 510.805 497.887 485.135 472.548 460.126 447.870 435.779 423.854 412.094 400.500 389.071 377.807 366.709 355.777 345.010 334.408 323.972 313.701 303.595 293.655 283.881 274.272 264.828 255.550 246.437 237.490 228.708 220.092 211.641 203.355 195.235 187.280 179.491 171.867 164.409 157.116 149.989 143.027 136.230 129.599 123.133 116.833 110.698 104.729 98.925 93.286 87.813 82.506 77.363 72.387 67.575 62.930 58.449 54.134 49.985 46.001
709.027 693.793 678.724 663.821 649.083 634.511 620.104 605.862 591.786 577.876 564.131 550.551 537.137 523.888 510.805 497.887 485.135 472.548 460.126 447.870 435.779 423.854 412.094 400.500 389.071 377.807 366.709 355.777 345.010 334.408 323.972 313.701 303.595 293.655 283.881 274.272 264.828 255.550 246.437 237.490 228.708 220.092 211.641 203.355 195.235 187.280 179.491 171.867 164.409 157.116 149.989 143.027 136.230 129.599 123.133 116.833 110.698 104.729 98.925 93.286 87.813 82.506 77.363 72.387 67.575 62.930 58.449 54.134 49.985 46.001
709.027 693.793 678.724 663.821 649.083 634.511 620.104 605.862 591.786 577.876 564.131 550.551 537.137 523.888 510.805 497.887 485.135 472.548 460.126 447.870 435.779 423.854 412.094 400.500 389.071 377.807 366.709 355.777 345.010 334.408 323.972 313.701 303.595 293.655 283.881 274.272 264.828 255.550 246.437 237.490 228.708 220.092 211.641 203.355 195.235 187.280 179.491 171.867 164.409 157.116 149.989 143.027 136.230 129.599 123.133 116.833 110.698 104.729 98.925 93.286 87.813 82.506 77.363 72.387 67.575 62.930 58.449 54.134 49.985 46.001
709.027 693.793 678.724 663.821 649.083 634.511 620.104 605.862 591.786 577.876 564.131 550.551 537.137 523.888 510.805 497.887 485.135 472.548 460.126 447.870 435.779 423.854 412.094 400.500 389.071 377.807 366.709 355.777 345.010 334.408 323.972 313.701 303.595 293.655 283.881 274.272 264.828 255.550 246.437 237.490 228.708 220.092 211.641 203.355 195.235 187.280 179.491 171.867 164.409 157.116 149.989 143.027 136.230 129.599 123.133 116.833 110.698 104.729 98.925 93.286 87.813 82.506 77.363 72.387 67.575 62.930 58.449 54.134 49.985 46.001
709.027 693.793 678.724 663.821 649.083 634.511 620.104 605.862 591.786 577.876 564.131 550.551 537.137 523.888 510.805 497.887 485.135 472.548 460.126 447.870 435.779 423.854 412.094 400.500 389.071 377.807 366.709 355.777 345.010 334.408 323.972 313.701 303.595 293.655 283.881 274.272 264.828 255.550 246.437 237.490 228.708 220.092 211.641 203.355 195.235 187.280 179.491 171.867 164.409 157.116 149.989 143.027 136.230 129.599 123.133 116.833 110.698 104.729 98.925 93.286 87.813 82.506 77.363 72.387 67.575 62.930 58.449 54.134 49.985 46.001
709.027 693.793 678.724 663.821 649.083 634.511 620.104 605.862 591.786 577.876 564.131 550.551 537.137 523.888 510.805 497.887 485.135 472.548 460.126 447.870 435.779 423.854 412.094 400.500 389.071 377.807 366.709 355.777 345.010 334.408 323.972 313.701 303.595 293.655 283.881 274.272 264.828 255.550 246.437 237.490 228.708 220.092 211.641 203.355 195.235 187.280 179.491 171.867 164.409 157.116 149.989 143.027 136.230 129.599 123.133 116.833 110.698 104.729 98.925 93.286 87.813 82.506 77.363 72.387 67.575 62.930 58.449 54.134 49.985 46.001
709.027 693.793 678.724 663.821 649.083 634.511 620.104 605.862 591.786 577.876 564.131 550.551 537.137 523.888 510.805 497.887 485.135 472.548 460.126 447.870 435.779 423.854 412.094 400.500 389.071 377.807 366.709 355.777 345.010 334.408 323.972 313.701 303.595 293.655 283.881 274.272 264.828 255.550 246.437 237.490 228.708 220.092 211.641 203.355 195.235 187.280 179.491 171.867 164.409 157.116 149.989 143.027 136.230 129.599 123.133 116.833 110.698 104.729 98.925 93.286 87.813 82.506 77.363 72.387 67.575 62.930 58.449 54.134 49.985 46.001
709.027 693.793 678.724 663.821 649.083 634.511 620.104 605.862 591.786 577.876 564.131 550.551 537.137 523.888 510.805 497.887 485.135 472.548 460.126 447.870 435.779 423.854 412.094 400.500 389.071 377.807 366.709 355.777 345.010 334.408 323.972 313.701 303.595 293.655 283.881 274.272 264.828 255.550 246.437 237.490 228.708 220.092 211.641 203.355 195.235 187.280 179.491 171.867 164.409 157.116 149.989 143.027 136.230 129.599 123.133 116.833 110.698 104.729 98.925 93.286 87.813 82.506 77.363 72.387 67.575 62.930 58.449 54.134 49.985 46.001
709.027 693.793 678.724 663.821 649.083 634.511 620.104 605.862 591.786 577.876 564.131 550.551 537.137 523.888 510.805 497.887 485.135 472.548 460.126 447.870 435.779 423.854 412.094 400.500 389.071 377.807 366.709 355.777 345.010 334.408 323.972 313.701 303.595 293.655 283.881 274.272 264.828 255.550 246.437 237.490 228.708 220.092 211.641 203.355 195.235 187.280 179.491 171.867 164.409 157.116 149.989 143.027 136.230 129.599 123.133 116.833 110.698 104.729 98.925 93.286 87.813 82.506 77.363 72.387 67.575 62.930 58.449 54.134 49.985 46.001
709.027 693.793 678.724 663.821 649.083 634.511 620.104 605.862 591.786 577.876 564.131 550.551 537.137 523.888 510.805 497.887 485.135 472.548 460.126 447.870 435.779 423.854 412.094 400.500 389.071 377.807 366.709 355.777 345.010 334.408 323.972 313.701 303.595 293.655 283.881 274.272 264.828 255.550 246.437 237.490 228.708 220.092 211.641 203.355 195.235 187.280 179.491 171.867 164.409 157.116 149.989 143.027 136.230 129.599 123.133 116.833 110.698 104.729 98.925 93.286 87.813 82.506 77.363 72.387 67.575 62.930 58.449 54.134 49.985 46.001
709.027 693.793 678.724 663.821 649.083 634.511 620.104 605.862 591.786 577.876 564.131 550.551 537.137 523.888 510.805 497.887 485.135 472.548 460.126 447.870 435.779 423.854 412.094 400.500 389.071 377.807 366.709 355.777 345.010 334.408 323.972 313.701 303.595 293.655 283.881 274.272 264.828 255.550 246.437 237.490 228.708 220.092 211.641 203.355 195.235 187.280 179.491 171.867 164.409 157.116 149.989 143.027 136.230 129.599 123.133 116.833 110.698 104.729 98.925 93.286 87.813 82.506 77.363 72.387 67.575 62.930 58.449 54.134 49.985 46.001
709.027 693.793 678.724 663.821 649.083 634.511 620.104 605.862 591.786 577.876 564.131 550.551 537.137 523.888 510.805 497.887 485.135 472.548 460.126 447.870 435.779 423.854 412.094 400.500 389.071 377.807 366.709 355.777 345.010 334.408 323.972 313.701 303.595 293.655 283.881 274.272 264.828 255.550 246.437 237.490 228.708 220.092 211.641 203.355 195.235 187.280 179.491 171.867 164.409 157.116 149.989 143.027 136.230 129.599 123.133 116.833 110.698 104.729 98.925 93.286 87.813 82.506 77.363 72.387 67.575 62.930 58.449 54.134 49.985 46.001
709.027 693.793 678.724 663.821 649.083 634.511 620.104 605.862 591.786 577.876 564.131 550.551 537.137 523.888 510.805 497.887 485.135 472.548 460.126 447.870 435.779 423.854 412.094 400.500 389.071 377.807 366.709 355.777 345.010 334.408 323.972 313.701 303.595 293.655 283.881 274.272 264.828 255.550 246.437 237.490 228.708 220.092 211.641 203.355 195.235 187.280 179.491 171.867 164.409 157.116 149.989 143.027 136.230 129.599 123.133 116.833 110.698 104.729 98.925 93.286 87.813 82.506 77.363 72.387 67.575 62.930 58.449 54.134 49.985 46.001
709.027 693.793 678.724 663.821 649.083 634.511 620.104 605.862 591.786 577.876 564.131 550.551 537.137 523.888 510.805 497.887 485.135 472.548 460.126 447.870 435.779 423.854 412.094 400.500 389.071 377.807 366.709 355.777 345.010 334.408 323.972 313.701 303.595 293.655 283.881 274.272 264.828 255.550 246.437 237.490 228.708 220.092 211.641 203.355 195.235 187.280 179.491 171.867 164.409 157.116 149.989 143.027 136.230 129.599 123.133 116.833 110.698 104.729 98.925 93.286 87.813 82.506 77.363 72.387 67.575 62.930 58.449 54.134 49.985 46.001
709.027 693.793 678.724 663.821 649.083 634.511 620.104 605.862 591.786 577.876 564.131 550.551 537.137 523.888 510.805 497.887 485.135 472.548 460.126 447.870 435.779 423.854 412.094 400.500 389.071 377.807 366.709 355.777 345.010 334.408 323.972 313.701 303.595 293.655 283.881 274.272 264.828 255.550 246.437 237.490 228.708 220.092 211.641 203.355 195.235 187.280 179.491 171.867 164.409 157.116 149.989 143.027 136.230 129.599 123.133 116.833 110.698 104.729 98.925 93.286 87.813 82.506 77.363 72.387 67.575 62.930 58.449 54.134 49.985 46.001
709.027 693.793 678.724 663.821 649.083 634.511 620.104 605.862 591.786 577.876 564.131 550.551 537.137 523.888 510.805 497.887 485.135 472.548 460.126 447.870 435.779 423.854 412.094 400.500 389.071 377.807 366.709 355.777 345.010 334.408 323.972 313.701 303.595 293.655 283.881 274.272 264.828 255.550 246.437 237.490 228.708 220.092 211.641 203.355 195.235 187.280 179.491 171.867 164.409 157.116 149.989 143.027 136.230 129.599 123.133 116.833 110.698 104.729 98.925 93.286 87.813 82.506 77.363 72.387 67.575 62.930 58.449 54.134 49.985 46.001
709.027 693.793 678.724 663.821 649.083 634.511 620.104 605.862 591.786 577.876 564.131 550.551 537.137 523.888 510.805 497.887 485.135 472.548 460.126 447.870 435.779 423.854 412.094 400.500 389.071 377.807 366.709 355.777 345.010 334.408 323.972 313.701 303.595 293.655 283.881 274.272 264.828 255.550 246.437 237.490 228.708 220.092 211.641 203.355 195.235 187.280 179.491 171.867 164.409 157.116 149.989 143.027 136.230 129.599 123.133 116.833 110.698 104.729 98.925 93.286 87.813 82.506 77.363 72.387 67.575 62.930 58.449 54.134 49.985 46.001
709.027 693.793 678.724 663.821 649.083 634.511 620.104 605.862 591.786 577.876 564.131 550.551 537.137 523.888 510.805 497.887 485.135 472.548 460.126 447.870 435.779 423.854 412.094 400.500 389.071 377.807 366.709 355.777 345.010 334.408 323.972 313.701 303.595 293.655 283.881 274.272 264.828 255.550 246.437 237.490 228.708 220.092 211.641 203.355 195.235 187.280 179.491 171.867 164.409 157.116 149.989 143.027 136.230 129.599 123.133 116.833 110.698 104.729 98.925 93.286 87.813 82.506 77.363 72.387 67.575 62.930 58.449 54.134 49.985 46.001
709.027 693.793 678.724 663.821 649.083 634.511 620.104 605.862 591.786 577.876 564.131 550.551 537.137 523.888 510.805 497.887 485.135 472.548 460.126 447.870 435.779 423.854 412.094 400.500 389.071 377.807 366.709 355.777 345.010 334.408 323.972 313.701 303.595 293.655 283.881 274.272 264.828 255.550 246.437 237.490 228.708 220.092 211.641 203.355 195.235 187.280 179.491 171.867 164.409 157.116 149.989 143.027 136.230 129.599 123.133 116.833 110.698 104.729 98.925 93.286 87.813 82.506 77.363 72.387 67.575 62.930 58.449 54.134 49.985 46.001
709.027 693.793 678.724 663.821 649.083 634.511 620.104 605.862 591.786 577.876 564.131 550.551 537.137 523.888 510.805 497.887 485.135 472.548 460.126 447.870 435.779 423.854 412.094 400.500 389.071 377.807 366.709 355.777 345.010 334.408 323.972 313.701 303.595 293.655 283.881 274.272 264.828 255.550 246.437 237.490 228.708 220.092 211.641 203.355 195.235 187.280 179.491 171.867 164.409 157.116 149.989 143.027 136.230 129.599 123.133 116.833 110.698 104.729 98.925 93.286 87.813 82.506 77.363 72.387 67.575 62.930 58.449 54.134 49.985 46.001
709.027 693.793 678.724 663.821 649.083 634.511 620.104 605.862 591.786 577.876 564.131 550.551 537.137 523.888 510.805 497.887 485.135 472.548 460.126 447.870 435.779 423.854 412.094 400.500 389.071 377.807 366.709 355.777 345.010 334.408 323.972 313.701 303.595 293.655 283.881 274.272 264.828 255.550 246.437 237.490 228.708 220.092 211.641 203.355 195.235 187.280 179.491 171.867 164.409 157.116 149.989 143.027 136.230 129.599 123.133 116.833 110.698 104.729 98.925 93.286 87.813 82.506 77.363 72.387 67.575 62.930 58.449 54.134 49.985 46.001
709.027 693.793 678.724 663.821 649.083 634.511 620.104 605.862 591.786 577.876 564.131 550.551 537.137 523.888 510.805 497.887 485.135 472.548 460.126 447.870 435.779 423.854 412.094 400.500 389.071 377.807 366.709 355.777 345.010 334.408 323.972 313.701 303.595 293.655 283.881 274.272 264.828 255.550 246.437 237.490 228.708 220.092 211.641 203.355 195.235 187.280 179.491 171.867 164.409 157.116 149.989 143.027 136.230 129.599 123.133 116.833 110.698 104.729 98.925 93.286 87.813 82.506 77.363 72.387 67.575 62.930 58.449 54.134 49.985 46.001
709.027 693.793 678.724 663.821 649.083 634.511 620.104 605.862 591.786 577.876 564.131 550.551 537.137 523.888 510.805 497.887 485.135 472.548 460.126 447.870 435.779 423.854 412.094 400.500 389.071 377.807 366.709 355.777 345.010 334.408 323.972 313.701 303.595 293.655 283.881 274.272 264.828 255.550 246.437 237.490 228.708 220.092 211.641 203.355 195.235 187.280 179.491 171.867 164.409 157.116 149.989 143.027 136.230 129.599 123.133 116.833 110.698 104.729 98.925 93.286 87.813 82.506 77.363 72.387 67.575 62.930 58.449 54.134 49.985 46.001
709.027 693.793 678.724 663.821 649.083 634.511 620.104 605.862 591.786 577.876 564.131 550.551 537.137 523.888 510.805 497.887 485.135 472.548 460.126 447.870 435.779 423.854 412.094 400.500 389.071 377.807 366.709 355.777 345.010 334.408 323.972 313.701 303.595 293.655 283.881 274.272 264.828 255.550 246.437 237.490 228.708 220.092 211.641 203.355 195.235 187.280 179.491 171.867 164.409 157.116 149.989 143.027 136.230 129.599 123.133 116.833 110.698 104.729 98.925 93.286 87.813 82.506 77.363 72.387 67.575 62.930 58.449 54.134 49.985 46.001
709.027 693.793 678.724 663.821 649.083 634.511 620.104 605.862 591.786 577.876 564.131 550.551 537.137 523.888 510.805 497.887 485.135 472.548 460.126 447.870 435.779 423.854 412.094 400.500 389.071 377.807 366.709 355.777 345.010 334.408 323.972 313.701 303.595 293.655 283.881 274.272 264.828 255.550 246.437 237.490 228.708 220.092 211.641 203.355 195.235 187.280 179.491 171.867 164.409 157.116 149.989 143.027 136.230 129.599 123.133 116.833 110.698 104.729 98.925 93.286 87.813 82.506 77.363 72.387 67.575 62.930 58.449 54.134 49.985 46.001
709.027 693.793 678.724 663.821 649.083 634.511 620.104 605.862 591.786 577.876 564.131 550.551 537.137 523.888 510.805 497.887 485.135 472.548 460.126 447.870 435.779 423.854 412.094 400.500 389.071 377.807 366.709 355.777 345.010 334.408 323.972 313.701 303.595 293.655 283.881 274.272 264.828 255.550 246.437 237.490 228.708 220.092 211.641 203.355 195.235 187.280 179.491 171.867 164.409 157.116 149.989 143.027 136.230 129.599 123.133 116.833 110.698 104.729 98.925 93.286 87.813 82.506 77.363 72.387 67.575 62.930 58.449 54.134 49.985 46.001
709.027 693.793 678.724 663.821 649.083 634.511 620.104 605.862 591.786 577.876 564.131 550.551 537.137 523.888 510.805 497.887 485.135 472.548 460.126 447.870 435.779 423.854 412.094 400.500 389.071 377.807 366.709 355.777 345.010 334.408 323.972 313.701 303.595 293.655 283.881 274.272 264.828 255.550 246.437 237.490 228.708 220.092 211.641 203.355 195.235 187.280 179.491 171.867 164.409 157.116 149.989 143.027 136.230 129.599 123.133 116.833 110.698 104.729 98.925 93.286 87.813 82.506 77.363 72.387 67.575 62.930 58.449 54.134 49.985 46.001
709.027 693.793 678.724 663.821 649.083 634.511 620.104 605.862 591.786 577.876 564.131 550.551 537.137 523.888 510.805 497.887 485.135 472.548 460.126 447.870 435.779 423.854 412.094 400.500 389.071 377.807 366.709 355.777 345.010 334.408 323.972 313.701 303.595 293.655 283.881 274.272 264.828 255.550 246.437 237.490 228.708 220.092 211.641 203.355 195.235 187.280 179.491 171.867 164.409 157.116 149.989 143.027 136.230 129.599 123.133 116.833 110.698 104.729 98.925 93.286 87.813 82.506 77.363 72.387 67.575 62.930 58.449 54.134 49.985 46.001
709.027 693.793 678.724 663.821 649.083 634.511 620.104 605.862 591.786 577.876 564.131 550.551 537.137 523.888 510.805 497.887 485.135 472.548 460.126 447.870 435.779 423.854 412.094 400.500 389.071 377.807 366.709 355.777 345.010 334.408 323.972 313.701 303.595 293.655 283.881 274.272 264.828 255.550 246.437 237.490 228.708 220.092 211.641 203.355 195.235 187.280 179.491 171.867 164.409 157.116 149.989 143.027 136.230 129.599 123.133 116.833 110.698 104.729 98.925 93.286 87.813 82.506 77.363 72.387 67.575 62.930 58.449 54.134 49.985 46.001
709.027 693.793 678.724 663.821 649.083 634.511 620.104 605.862 591.786 577.876 564.131 550.551 537.137 523.888 510.805 497.887 485.135 472.548 460.126 447.870 435.779 423.854 412.094 400.500 389.071 377.807 366.709 355.777 345.010 334.408 323.972 313.701 303.595 293.655 283.881 274.272 264.828 255.550 246.437 237.490 228.708 220.092 211.641 203.355 195.235 187.280 179.491 171.867 164.409 157.116 149.989 143.027 136.230 129.599 123.133 116.833 110.698 104.729 98.925 93.286 87.813 82.506 77.363 72.387 67.575 62.930 58.449 54.134 49.985 46.001
