avaframe/data/avaParabola/Avaflow_Input/prefix_results/prefix_ascii/prefix_tflow0005.asc
ncols 250
nrows 100
xllcenter 997.50
yllcenter -4997.50
cellsize 20.00
NODATA_value -9999.000
[rows 33 to 65 of 100, columns 74 to 147 of 250]
0.000 0.000 0.000 0.000 0.000 0.000 0.000 0.000 0.000 0.000 0.000 0.000 0.000 0.000 0.878 1.022 1.128 1.261 1.380 1.494 1.602 1.707 1.806 1.820 1.837 1.851 1.854 1.844 1.785 1.603 1.340 1.287 0.000 0.000 0.000 0.000 0.000 0.000 0.000 0.000 0.000 0.000 0.000 0.000 0.000 0.000 0.000 0.000 0.000 0.000 0.000 0.000 0.000 0.000 0.000 0.000 0.000 0.000 0.000 0.000 0.000 0.000 0.000 0.000 0.000 0.000 0.000 0.000 0.000 0.000 0.000 0.000 0.000 0.000
0.000 0.000 0.000 0.000 0.000 0.000 0.000 0.000 0.000 0.000 0.802 1.013 1.289 1.567 1.894 2.316 2.761 3.234 3.749 4.297 4.855 5.423 5.989 6.503 6.915 7.202 7.374 7.435 7.251 6.808 6.167 5.407 4.642 4.007 3.377 2.670 1.621 0.000 0.000 0.000 0.000 0.000 0.000 0.000 0.000 0.000 0.000 0.000 0.000 0.000 0.000 0.000 0.000 0.000 0.000 0.000 0.000 0.000 0.000 0.000 0.000 0.000 0.000 0.000 0.000 0.000 0.000 0.000 0.000 0.000 0.000 0.000 0.000 0.000
0.000 0.000 0.000 0.000 0.000 0.000 0.000 0.000 0.000 0.978 1.384 1.936 2.618 3.462 4.465 5.661 7.057 8.641 10.423 12.403 14.521 16.728 18.990 21.231 23.311 25.093 26.488 27.410 27.730 27.514 26.926 25.683 23.291 20.553 17.460 14.126 10.873 8.102 5.933 4.371 3.364 2.012 1.294 0.000 0.000 0.000 0.000 0.000 0.000 0.000 0.000 0.000 0.000 0.000 0.000 0.000 0.000 0.000 0.000 0.000 0.000 0.000 0.000 0.000 0.000 0.000 0.000 0.000 0.000 0.000 0.000 0.000 0.000 0.000
0.000 0.000 0.000 0.000 0.000 0.000 0.000 0.854 1.223 1.875 2.772 3.985 5.556 7.616 10.221 13.414 17.243 21.754 26.970 32.905 39.521 46.725 54.422 62.427 70.528 78.476 86.005 92.923 96.365 96.798 95.818 93.092 88.672 81.895 73.375 64.256 55.345 46.541 37.861 29.399 21.713 15.383 10.519 6.933 4.307 2.345 1.343 0.000 0.000 0.000 0.000 0.000 0.000 0.000 0.000 0.000 0.000 0.000 0.000 0.000 0.000 0.000 0.000 0.000 0.000 0.000 0.000 0.000 0.000 0.000 0.000 0.000 0.000 0.000
0.000 0.000 0.000 0.000 0.000 0.000 0.931 1.486 2.396 3.785 5.694 8.287 11.748 16.360 22.369 29.971 39.334 50.633 64.024 79.642 97.623 118.080 141.083 166.140 192.761 220.645 241.204 258.949 274.585 287.131 295.797 299.784 298.843 292.747 281.377 266.016 246.561 222.965 195.828 166.688 138.133 111.381 86.704 66.334 50.275 36.923 24.806 11.077 1.085 0.000 0.000 0.000 0.000 0.000 0.000 0.000 0.000 0.000 0.000 0.000 0.000 0.000 0.000 0.000 0.000 0.000 0.000 0.000 0.000 0.000 0.000 0.000 0.000 0.000
0.000 0.000 0.000 0.000 0.000 1.001 1.677 2.864 4.739 7.468 11.315 16.653 23.929 33.684 46.512 62.995 83.700 109.188 140.026 176.848 220.376 271.422 330.648 397.535 464.302 523.276 583.550 643.952 702.431 757.359 807.226 850.386 884.892 909.943 922.807 922.274 904.788 873.297 825.897 765.373 695.725 617.626 531.034 450.368 388.970 353.068 332.375 282.248 66.367 0.628 0.000 0.000 0.000 0.000 0.000 0.000 0.000 0.000 0.000 0.000 0.000 0.000 0.000 0.000 0.000 0.000 0.000 0.000 0.000 0.000 0.000 0.000 0.000 0.000
0.000 0.000 0.000 0.000 0.999 1.793 3.199 5.499 9.009 14.133 21.477 31.847 46.178 65.557 91.194 124.378 166.531 219.132 283.709 361.923 455.697 567.158 698.323 839.522 976.996 1121.552 1275.685 1439.230 1608.116 1779.317 1951.262 2121.679 2284.577 2435.359 2567.756 2676.134 2754.982 2803.186 2812.128 2777.038 2703.988 2587.847 2418.038 2228.330 2109.325 2111.513 2712.962 3048.784 1625.931 21.114 0.000 0.000 0.000 0.000 0.000 0.000 0.000 0.000 0.000 0.000 0.000 0.000 0.000 0.000 0.000 0.000 0.000 0.000 0.000 0.000 0.000 0.000 0.000 0.000
0.000 0.000 0.000 0.000 1.836 3.356 5.978 10.142 16.395 25.562 38.807 57.556 83.442 118.294 164.233 223.658 299.162 393.576 509.893 651.243 820.954 1022.599 1259.705 1535.242 1842.995 2143.109 2474.496 2841.311 3238.573 3656.826 4099.178 4565.094 5041.869 5521.174 5999.102 6458.714 6887.520 7271.718 7595.028 7856.917 8069.223 8210.601 8214.470 8127.279 8011.595 8595.862 12734.493 14732.135 9977.743 363.444 0.873 0.000 0.000 0.000 0.000 0.000 0.000 0.000 0.000 0.000 0.000 0.000 0.000 0.000 0.000 0.000 0.000 0.000 0.000 0.000 0.000 0.000 0.000 0.000
0.000 0.000 0.000 1.702 3.277 5.919 10.304 17.131 27.273 42.046 63.196 92.770 133.127 186.907 256.925 346.420 459.198 599.344 771.179 979.250 1228.258 1523.034 1868.579 2269.817 2731.597 3258.242 3859.120 4544.014 5283.567 6036.843 6867.341 7782.707 8757.644 9790.326 10893.334 12039.299 13216.799 14428.499 15661.294 16865.781 18009.471 19122.449 20058.826 20590.381 20883.355 23640.406 35732.039 41585.160 34368.117 3260.824 8.090 0.000 0.000 0.000 0.000 0.000 0.000 0.000 0.000 0.000 0.000 0.000 0.000 0.000 0.000 0.000 0.000 0.000 0.000 0.000 0.000 0.000 0.000 0.000
0.000 0.000 1.399 2.758 5.135 9.030 15.320 25.006 39.264 59.762 88.658 128.447 181.953 252.365 343.286 458.794 603.467 782.307 1000.647 1264.160 1578.843 1950.918 2386.793 2893.156 3476.969 4145.860 4909.112 5776.642 6757.061 7857.586 9096.986 10428.595 11801.681 13290.745 14921.804 16664.242 18516.062 20498.771 22612.982 24820.818 27107.516 29532.084 32006.416 34255.121 37152.777 46128.832 71515.438 85772.023 78256.422 13513.231 37.426 0.019 0.000 0.000 0.000 0.000 0.000 0.000 0.000 0.000 0.000 0.000 0.000 0.000 0.000 0.000 0.000 0.000 0.000 0.000 0.000 0.000 0.000 0.000
0.000 0.000 2.022 3.858 6.849 11.761 19.666 31.782 49.492 74.692 109.857 157.849 221.832 305.368 412.556 548.105 717.230 925.561 1179.194 1484.641 1848.758 2278.790 2782.358 3367.420 4042.578 4816.858 5700.230 6703.764 7838.761 9115.172 10544.462 12136.497 13892.496 15844.842 17867.451 20054.594 22434.832 25021.633 27817.488 30777.564 33890.812 37213.617 40698.270 44269.949 51750.535 70999.117 105050.523 127204.164 124117.969 25711.395 74.848 0.013 0.000 0.000 0.000 0.000 0.000 0.000 0.000 0.000 0.000 0.000 0.000 0.000 0.000 0.000 0.000 0.000 0.000 0.000 0.000 0.000 0.000 0.000
0.000 1.086 2.515 4.727 8.175 13.842 22.974 36.946 57.269 85.977 125.754 179.727 251.304 344.284 463.103 612.866 799.207 1028.258 1306.611 1641.312 2039.898 2510.260 3060.657 3699.956 4437.548 5283.705 6249.643 7346.761 8586.098 9979.174 11535.770 13265.188 15181.498 17315.137 19713.984 22343.902 25085.811 28089.096 31330.902 34787.223 38479.551 42436.629 46537.051 51616.684 65134.105 92055.211 127811.812 155271.984 156679.172 31008.010 84.775 0.008 0.000 0.000 0.000 0.000 0.000 0.000 0.000 0.000 0.000 0.000 0.000 0.000 0.000 0.000 0.000 0.000 0.000 0.000 0.000 0.000 0.000 0.000
0.000 1.210 2.842 5.332 9.109 15.299 25.280 40.548 62.682 93.789 136.698 194.709 271.387 370.686 497.254 656.462 854.205 1096.859 1391.379 1745.213 2166.233 2662.836 3243.872 3918.572 4696.865 5589.255 6607.269 7763.796 9070.069 10534.105 12165.424 13979.101 16000.839 18270.186 20824.812 23670.684 26778.455 30047.982 33493.254 37209.066 41258.047 45656.156 50332.941 57857.008 78209.977 108876.289 147510.484 173607.906 177294.234 25943.428 68.617 0.000 0.000 0.000 0.000 0.000 0.000 0.000 0.000 0.000 0.000 0.000 0.000 0.000 0.000 0.000 0.000 0.000 0.000 0.000 0.000 0.000 0.000 0.000
0.000 1.280 3.036 5.711 9.718 16.250 26.775 42.872 66.162 98.786 143.658 204.188 284.050 387.285 518.663 683.708 888.483 1139.548 1444.036 1809.608 2244.348 2756.823 3356.204 4052.154 4854.915 5775.670 6825.860 8016.928 9359.923 10864.840 12543.075 14417.582 16524.824 18897.662 21553.775 24471.898 27613.660 31005.863 34658.492 38501.688 42745.156 47396.672 52721.816 65023.910 91156.781 124239.250 168322.328 186749.578 186626.422 13084.668 31.266 0.000 0.000 0.000 0.000 0.000 0.000 0.000 0.000 0.000 0.000 0.000 0.000 0.000 0.000 0.000 0.000 0.000 0.000 0.000 0.000 0.000 0.000 0.000
0.000 1.315 3.138 5.924 10.081 16.824 27.670 44.249 68.208 101.701 147.698 209.673 291.360 396.859 531.016 699.429 908.239 1164.099 1474.250 1846.486 2289.070 2810.694 3420.565 4128.611 4945.386 5882.049 6950.313 8161.100 9523.946 11050.192 12761.286 14689.353 16865.852 19309.398 22007.430 24930.744 28053.799 31458.584 35248.426 39181.840 43603.297 48504.625 54923.980 73104.023 102675.727 140989.297 185070.547 197560.547 161184.172 4239.805 8.404 0.002 0.000 0.000 0.000 0.000 0.000 0.000 0.000 0.000 0.000 0.000 0.000 0.000 0.000 0.000 0.000 0.000 0.000 0.000 0.000 0.000 0.000 0.000
0.000 1.327 3.179 6.025 10.271 17.137 28.151 44.969 69.262 103.195 149.754 212.451 295.068 401.743 537.352 707.532 918.458 1176.828 1489.938 1865.647 2312.301 2838.751 3454.340 4169.000 4993.381 5938.733 7016.294 8236.550 9610.312 11154.124 12894.585 14865.874 17089.900 19551.211 22225.242 25086.053 28179.125 31643.281 35559.891 39648.023 44227.953 49283.637 57935.070 82318.766 115474.758 161615.828 198068.609 213418.312 122539.859 951.168 2.140 0.000 0.000 0.000 0.000 0.000 0.000 0.000 0.000 0.000 0.000 0.000 0.000 0.000 0.000 0.000 0.000 0.000 0.000 0.000 0.000 0.000 0.000 0.000
0.000 1.327 3.186 6.056 10.348 17.278 28.363 45.270 69.689 103.796 150.574 213.546 296.525 403.676 539.889 710.803 922.607 1182.016 1496.345 1873.474 2321.779 2850.151 3468.025 4185.395 5012.866 5961.363 7041.654 8265.019 9646.318 11209.702 12988.580 14998.490 17234.430 19674.484 22273.936 25072.816 28194.314 31796.672 35751.523 40052.922 44857.805 50313.273 63420.547 92843.375 132397.969 182171.172 211761.656 223952.375 33366.027 165.439 0.398 0.000 0.000 0.000 0.000 0.000 0.000 0.000 0.000 0.000 0.000 0.000 0.000 0.000 0.000 0.000 0.000 0.000 0.000 0.000 0.000 0.000 0.000 0.000
0.000 1.317 3.172 6.049 10.362 17.319 28.423 45.338 69.772 103.917 150.742 213.755 296.795 404.054 540.419 711.517 923.538 1183.207 1497.842 1875.322 2324.028 2852.867 3471.319 4189.440 5017.802 5966.990 7046.859 8270.257 9661.024 11253.178 13064.331 15086.939 17293.590 19638.270 22172.584 24986.971 28268.883 32093.439 36095.645 40681.320 45614.070 51839.555 70072.695 104779.445 153252.062 204471.359 232679.516 182868.953 5809.226 24.719 0.019 0.000 0.000 0.000 0.000 0.000 0.000 0.000 0.000 0.000 0.000 0.000 0.000 0.000 0.000 0.000 0.000 0.000 0.000 0.000 0.000 0.000 0.000 0.000
0.000 1.289 3.122 5.998 10.328 17.296 28.377 45.239 69.614 103.693 150.432 213.330 296.236 403.365 539.600 710.542 922.368 1181.797 1496.136 1873.249 2321.510 2849.844 3467.766 4185.355 5013.001 5960.741 7039.256 8266.176 9677.105 11298.635 13118.246 15100.514 17187.121 19447.297 21978.404 25003.777 28656.529 32395.742 36862.391 41520.020 46258.035 53665.367 78295.203 124141.164 176838.344 220034.016 236462.359 66143.328 691.644 2.765 0.000 0.000 0.000 0.000 0.000 0.000 0.000 0.000 0.000 0.000 0.000 0.000 0.000 0.000 0.000 0.000 0.000 0.000 0.000 0.000 0.000 0.000 0.000 0.000
0.000 1.236 3.017 5.866 10.197 17.155 28.156 44.862 69.036 102.876 149.309 211.805 294.234 400.835 536.470 706.701 917.666 1176.057 1489.141 1864.747 2311.249 2837.604 3453.395 4168.705 4993.687 5938.220 7015.997 8254.959 9691.666 11322.323 13098.583 14945.729 16939.742 19203.084 22002.051 25464.826 29043.953 33584.738 37713.496 41824.020 46522.777 57092.039 93707.367 150786.609 198433.641 231985.391 180459.656 8627.794 63.316 0.183 0.000 0.000 0.000 0.000 0.000 0.000 0.000 0.000 0.000 0.000 0.000 0.000 0.000 0.000 0.000 0.000 0.000 0.000 0.000 0.000 0.000 0.000 0.000 0.000
0.000 1.150 2.836 5.609 9.892 16.771 27.593 43.973 67.704 100.996 146.735 208.350 289.710 395.077 529.273 697.790 906.705 1162.668 1472.907 1845.238 2288.111 2810.577 3422.333 4133.616 4954.776 5897.131 6979.833 8239.413 9686.785 11271.134 12914.203 14667.247 16663.258 19236.219 22498.617 25979.262 30445.133 33994.184 37246.328 41831.648 46103.125 65329.520 120240.188 178712.891 209952.359 201939.641 44432.785 698.210 4.684 0.005 0.000 0.000 0.000 0.000 0.000 0.000 0.000 0.000 0.000 0.000 0.000 0.000 0.000 0.000 0.000 0.000 0.000 0.000 0.000 0.000 0.000 0.000 0.000 0.000
0.000 1.023 2.557 5.176 9.318 15.988 26.461 42.269 65.203 97.471 141.914 201.902 281.263 384.247 515.618 680.765 885.677 1136.940 1441.769 1808.052 2244.346 2759.923 3364.828 4069.633 4885.478 5826.250 6917.552 8181.275 9582.481 11055.496 12608.486 14373.025 16737.014 19764.160 23135.922 27238.170 30443.541 32799.336 35515.887 40319.008 47231.102 88938.633 148785.641 187931.547 194389.391 102281.398 3565.846 43.233 0.175 0.000 0.000 0.000 0.000 0.000 0.000 0.000 0.000 0.000 0.000 0.000 0.000 0.000 0.000 0.000 0.000 0.000 0.000 0.000 0.000 0.000 0.000 0.000 0.000 0.000
0.000 0.855 2.158 4.521 8.374 14.635 24.497 39.381 61.019 91.592 133.880 191.148 267.126 365.998 492.439 651.708 849.692 1092.925 1388.661 1744.916 2170.605 2675.389 3269.251 3962.945 4768.179 5699.534 6777.106 7989.319 9296.227 10680.048 12260.539 14415.246 17180.291 20548.500 23890.926 26539.676 28207.559 30030.170 34670.922 37922.527 61729.461 120146.484 158603.078 170396.750 111584.977 8730.149 185.906 1.536 0.000 0.000 0.000 0.000 0.000 0.000 0.000 0.000 0.000 0.000 0.000 0.000 0.000 0.000 0.000 0.000 0.000 0.000 0.000 0.000 0.000 0.000 0.000 0.000 0.000 0.000
0.000 0.000 1.648 3.620 6.986 12.567 21.451 34.929 54.611 82.591 121.536 174.575 245.266 337.625 456.185 606.068 793.058 1023.684 1305.283 1645.998 2054.620 2540.638 3113.896 3783.956 4560.080 5451.572 6462.556 7579.081 8799.213 10216.938 12069.458 14671.649 17586.043 20384.186 22153.332 23047.738 24351.881 28901.342 30892.898 46822.277 83559.555 127096.633 135387.484 90204.117 11352.293 390.795 7.116 0.033 0.000 0.000 0.000 0.000 0.000 0.000 0.000 0.000 0.000 0.000 0.000 0.000 0.000 0.000 0.000 0.000 0.000 0.000 0.000 0.000 0.000 0.000 0.000 0.000 0.000 0.000
0.000 0.000 1.078 2.512 5.172 9.749 17.205 28.674 45.589 69.867 103.972 150.804 213.665 296.316 403.056 538.801 709.199 920.696 1180.459 1496.214 1876.065 2327.970 2859.110 3475.906 4183.333 4984.862 5885.372 6899.888 8086.346 9751.868 11868.297 14294.205 16320.793 17123.162 17450.338 18048.740 21096.680 24217.564 34185.582 59147.578 87570.602 94427.578 61188.570 8857.631 445.458 14.583 0.132 0.000 0.000 0.000 0.000 0.000 0.000 0.000 0.000 0.000 0.000 0.000 0.000 0.000 0.000 0.000 0.000 0.000 0.000 0.000 0.000 0.000 0.000 0.000 0.000 0.000 0.000 0.000
0.000 0.000 0.000 1.369 3.118 6.387 11.958 20.779 34.064 53.437 81.015 119.361 171.394 240.459 330.470 445.998 592.302 775.220 1000.744 1274.720 1603.002 1990.965 2441.783 2957.222 3541.520 4205.235 4985.984 5933.554 7142.890 8679.604 10392.805 11440.533 11710.220 11406.521 11594.285 13355.261 17121.777 22854.447 37722.090 54339.379 53568.488 27123.365 4439.893 301.889 13.273 0.229 0.000 0.000 0.000 0.000 0.000 0.000 0.000 0.000 0.000 0.000 0.000 0.000 0.000 0.000 0.000 0.000 0.000 0.000 0.000 0.000 0.000 0.000 0.000 0.000 0.000 0.000 0.000 0.000
0.000 0.000 0.000 0.562 1.408 3.178 6.528 12.205 21.130 34.574 54.160 81.917 120.162 171.607 239.559 327.815 440.514 581.574 753.951 960.128 1202.629 1485.189 1805.556 2165.449 2575.685 3059.666 3657.107 4386.920 5191.155 5897.649 6319.894 6293.624 6010.356 5957.793 6830.398 9622.229 13823.868 20668.100 27339.088 21760.314 7916.661 1506.729 130.769 8.156 0.224 0.000 0.000 0.000 0.000 0.000 0.000 0.000 0.000 0.000 0.000 0.000 0.000 0.000 0.000 0.000 0.000 0.000 0.000 0.000 0.000 0.000 0.000 0.000 0.000 0.000 0.000 0.000 0.000 0.000
0.000 0.000 0.000 0.000 0.510 1.211 2.698 5.497 10.225 17.660 28.818 44.967 67.730 98.982 140.789 195.425 264.913 349.987 450.185 564.975 694.470 840.556 1003.255 1182.796 1389.576 1636.515 1915.856 2192.541 2421.191 2547.570 2481.427 2326.795 2213.077 2443.817 3281.750 4808.975 6452.657 7080.837 4781.995 1757.331 362.878 39.739 3.065 0.135 0.000 0.000 0.000 0.000 0.000 0.000 0.000 0.000 0.000 0.000 0.000 0.000 0.000 0.000 0.000 0.000 0.000 0.000 0.000 0.000 0.000 0.000 0.000 0.000 0.000 0.000 0.000 0.000 0.000 0.000
0.000 0.000 0.000 0.000 0.000 0.000 0.865 1.966 3.969 7.284 12.428 20.016 30.734 45.363 64.756 89.629 120.374 156.593 197.257 241.449 289.044 340.356 396.866 457.934 524.833 598.461 671.231 727.180 747.579 723.066 684.955 651.211 654.261 736.938 951.341 1210.426 1276.805 813.086 308.909 68.841 9.155 0.730 0.052 0.000 0.000 0.000 0.000 0.000 0.000 0.000 0.000 0.000 0.000 0.000 0.000 0.000 0.000 0.000 0.000 0.000 0.000 0.000 0.000 0.000 0.000 0.000 0.000 0.000 0.000 0.000 0.000 0.000 0.000 0.000
0.000 0.000 0.000 0.000 0.000 0.000 0.000 0.525 1.171 2.365 4.342 7.356 11.603 17.256 24.386 33.123 43.426 54.995 67.372 80.296 93.791 107.941 122.808 138.485 154.228 168.472 179.385 183.938 179.538 168.647 157.403 150.722 150.670 159.326 170.497 165.994 111.362 46.084 11.437 1.644 0.148 0.000 0.000 0.000 0.000 0.000 0.000 0.000 0.000 0.000 0.000 0.000 0.000 0.000 0.000 0.000 0.000 0.000 0.000 0.000 0.000 0.000 0.000 0.000 0.000 0.000 0.000 0.000 0.000 0.000 0.000 0.000 0.000 0.000
0.000 0.000 0.000 0.000 0.000 0.000 0.000 0.000 0.000 0.506 1.096 1.981 3.278 4.964 7.068 9.628 12.501 15.561 18.703 21.879 25.063 28.255 31.405 34.381 36.937 38.766 39.512 38.654 35.954 32.334 29.051 26.909 25.384 23.660 20.484 13.655 5.920 1.625 0.252 0.023 0.000 0.000 0.000 0.000 0.000 0.000 0.000 0.000 0.000 0.000 0.000 0.000 0.000 0.000 0.000 0.000 0.000 0.000 0.000 0.000 0.000 0.000 0.000 0.000 0.000 0.000 0.000 0.000 0.000 0.000 0.000 0.000 0.000 0.000
0.000 0.000 0.000 0.000 0.000 0.000 0.000 0.000 0.000 0.000 0.000 0.291 0.516 0.862 1.353 1.977 2.650 3.268 3.922 4.549 5.151 5.713 6.215 6.619 6.887 6.993 6.869 6.443 5.676 4.718 3.945 3.333 2.763 2.151 1.433 0.658 0.180 0.027 0.000 0.000 0.000 0.000 0.000 0.000 0.000 0.000 0.000 0.000 0.000 0.000 0.000 0.000 0.000 0.000 0.000 0.000 0.000 0.000 0.000 0.000 0.000 0.000 0.000 0.000 0.000 0.000 0.000 0.000 0.000 0.000 0.000 0.000 0.000 0.000
0.000 0.000 0.000 0.000 0.000 0.000 0.000 0.000 0.000 0.000 0.000 0.000 0.000 0.000 0.000 0.223 0.325 0.398 0.479 0.559 0.631 0.693 0.742 0.774 0.788 0.783 0.752 0.680 0.571 0.429 0.320 0.234 0.150 0.078 0.000 0.000 0.000 0.000 0.000 0.000 0.000 0.000 0.000 0.000 0.000 0.000 0.000 0.000 0.000 0.000 0.000 0.000 0.000 0.000 0.000 0.000 0.000 0.000 0.000 0.000 0.000 0.000 0.000 0.000 0.000 0.000 0.000 0.000 0.000 0.000 0.000 0.000 0.000 0.000
