avaframe/data/avaParabola/Avaflow_Input/prefix_results/prefix_ascii/prefix_pflow0008.asc
ncols 250
nrows 100
xllcenter 997.50
yllcenter -4997.50
cellsize 20.00
NODATA_value -9999.000
[rows 33 to 65 of 100, columns 73 to 145 of 250]
0.000 0.000 0.000 0.000 0.000 0.000 0.000 0.000 0.000 0.000 0.000 0.000 0.000 0.000 0.000 0.000 0.000 897.489 997.969 1103.380 1206.004 1289.506 1363.821 1437.338 1522.760 1623.512 1724.855 1820.783 1912.479 2000.358 2081.022 2149.888 2204.547 2245.923 2269.243 2270.077 2249.329 2219.171 2178.483 2128.591 2072.378 1939.715 1650.384 1408.073 1135.812 911.816 718.075 1579.935 1452.357 0.000 0.000 0.000 0.000 0.000 0.000 0.000 0.000 0.000 0.000 0.000 0.000 0.000 0.000 0.000 0.000 0.000 0.000 0.000 0.000 0.000 0.000 0.000 0.000
0.000 0.000 0.000 0.000 0.000 0.000 0.000 0.000 0.000 0.000 0.000 0.000 0.000 0.000 0.000 0.000 1055.293 1237.104 1404.430 1565.687 1725.654 1888.390 2052.379 2214.544 2376.137 2545.181 2725.460 2906.965 3081.380 3247.691 3404.227 3548.253 3678.527 3796.461 3907.801 4003.700 4082.987 4143.691 4181.916 4113.134 3780.304 3440.817 3094.342 2748.624 2396.389 2026.612 1657.861 1011.341 78.015 0.000 0.003 0.000 0.572 45.265 0.000 0.000 0.000 0.000 0.000 0.000 0.000 0.000 0.000 0.000 0.000 0.000 0.000 0.000 0.000 0.000 0.000 0.000 0.000
0.000 0.000 0.000 0.000 0.000 0.000 0.000 0.000 0.000 0.000 0.000 0.000 0.000 0.000 0.000 1231.303 1460.041 1686.736 1914.126 2147.929 2393.662 2655.003 2929.168 3210.260 3495.239 3784.278 4080.843 4383.601 4684.063 4978.544 5266.570 5549.750 5833.390 6129.520 6459.492 6786.741 7063.015 7280.137 7061.700 6742.042 6386.619 6002.209 5582.486 5130.897 4647.382 4135.088 3669.111 2667.021 568.127 0.000 0.082 0.189 0.239 0.055 0.017 0.000 0.000 0.000 0.000 0.000 0.000 0.000 0.000 0.000 0.000 0.000 0.000 0.000 0.000 0.000 0.000 0.000 0.000
0.000 0.000 0.000 0.000 0.000 0.000 0.000 0.000 0.000 0.000 0.000 0.000 0.000 1133.761 1414.690 1695.666 1975.401 2265.040 2569.888 2898.344 3253.740 3636.172 4042.403 4467.613 4908.409 5362.057 5826.981 6302.915 6788.093 7280.427 7780.846 8292.590 8823.032 9393.716 10051.536 10703.982 11265.233 11153.853 10968.426 10705.835 10400.077 10034.745 9616.922 9148.232 8641.435 8087.882 7570.532 6316.961 2674.491 163.365 0.000 0.741 1.448 2.098 2.533 1.544 1.530 0.000 0.000 0.000 0.000 0.000 0.000 0.000 0.000 0.000 0.000 0.000 0.000 0.000 0.000 0.000 0.000
0.000 0.000 0.000 0.000 0.000 0.000 0.000 0.000 0.000 0.000 0.000 0.000 1245.341 1581.261 1911.143 2251.346 2607.899 2989.895 3401.054 3851.757 4343.490 4874.579 5441.747 6041.294 6671.201 7329.366 8013.831 8723.957 9459.894 10221.691 11010.149 11827.551 12682.367 13606.785 14665.625 15752.555 16147.020 16270.870 16299.183 16243.233 16128.717 15942.741 15692.639 15385.223 14992.972 14551.358 14173.267 12591.164 7228.399 1372.247 0.000 1.034 1.766 3.590 5.338 5.965 1.996 1.871 0.000 0.000 0.000 0.000 0.000 0.000 0.000 0.000 0.000 0.000 0.000 0.000 0.000 0.000 0.000
0.000 0.000 0.000 0.000 0.000 0.000 0.000 0.000 0.000 0.000 0.000 1351.177 1710.400 2087.653 2481.568 2903.479 3363.309 3867.781 4418.873 5024.503 5684.260 6396.512 7161.483 7977.573 8841.731 9752.519 10709.502 11713.025 12763.025 13858.662 14999.443 16186.498 17429.230 18753.471 20216.352 21548.381 22218.771 22729.482 23135.900 23493.617 23782.684 23994.094 24128.014 24186.260 24128.994 23952.361 23911.303 21683.498 14258.439 3938.675 115.501 1.858 2.106 1.619 4.654 10.765 7.184 2.395 0.000 0.000 0.000 0.000 0.000 0.000 0.000 0.000 0.000 0.000 0.000 0.000 0.000 0.000 0.000
0.000 0.000 0.000 0.000 0.000 0.000 0.000 0.000 0.000 0.000 1419.930 1827.819 2232.481 2662.462 3141.575 3672.831 4261.937 4912.787 5625.229 6405.053 7251.040 8161.811 9134.048 10164.390 11252.937 12400.276 13607.273 14875.207 16204.300 17593.062 19040.990 20549.785 22123.186 23768.279 25497.551 27338.248 28968.043 29944.680 30853.725 31769.506 32618.404 33399.363 34096.590 34720.316 35262.984 35715.492 35527.262 32396.811 24292.945 8108.417 621.342 19.485 1.172 2.187 11.029 24.085 19.961 8.327 3.706 0.000 0.000 0.000 0.000 0.000 0.000 0.000 0.000 0.000 0.000 0.000 0.000 0.000 0.000
0.000 0.000 0.000 0.000 0.000 0.000 0.000 0.000 0.000 1439.635 1869.208 2301.079 2752.902 3256.774 3829.804 4468.707 5171.754 5939.052 6770.770 7674.012 8650.277 9699.053 10818.849 12007.050 13262.133 14584.474 15975.533 17437.236 18970.031 20573.959 22248.119 23992.443 25807.967 27696.826 29663.084 31713.838 33842.215 36025.566 38288.516 39684.410 41061.980 42443.875 43785.473 45121.148 46455.141 47791.871 48548.242 46987.105 39956.844 12119.772 726.394 32.476 220.387 16.858 0.855 44.463 43.189 20.200 8.364 3.346 0.000 0.000 0.000 0.000 0.000 0.000 0.000 0.000 0.000 0.000 0.000 0.000 0.000
0.000 0.000 0.000 0.000 0.000 0.000 0.000 0.000 1351.358 1798.277 2230.733 2681.202 3176.946 3745.731 4395.543 5117.932 5906.656 6759.839 7679.783 8674.278 9746.873 10898.251 12126.693 13429.247 14804.408 16252.792 17776.414 19377.826 21057.824 22815.287 24650.045 26562.648 28552.496 30620.510 32766.562 34992.879 37299.121 39671.094 42095.812 44601.328 46829.504 48521.602 50258.852 52043.473 53870.465 55697.137 57244.676 56467.500 50867.461 8750.192 245.267 31.476 240.354 304.399 0.000 51.508 72.782 38.805 15.623 5.274 0.000 0.000 0.000 0.000 0.000 0.000 0.000 0.000 0.000 0.000 0.000 0.000 0.000
0.000 0.000 0.000 0.000 0.000 0.000 0.000 1159.270 1621.097 2061.545 2502.220 2970.736 3501.547 4118.446 4825.182 5610.090 6463.075 7380.223 8364.336 9423.885 10564.759 11789.017 13094.896 14478.704 15938.396 17474.748 19090.506 20788.910 22571.152 24436.139 26381.488 28407.324 30513.926 32700.885 34971.801 37327.496 39759.730 42259.012 44818.820 47446.789 50204.027 52848.988 54824.781 56905.957 59035.906 61151.094 63168.684 62284.199 46284.020 3676.324 3.715 0.454 62.938 242.449 14.604 11.955 30.169 21.734 11.048 3.557 0.644 0.000 0.000 0.000 0.000 0.000 0.000 0.000 0.000 0.000 0.000 0.000 0.000
0.000 0.000 0.000 0.000 0.000 0.000 0.000 1336.891 1801.157 2246.944 2697.800 3183.084 3739.164 4389.169 5135.415 5964.734 6863.750 7826.511 8855.571 9959.743 11146.924 12420.609 13779.169 15218.315 16735.227 18330.553 20007.604 21770.244 23620.066 25555.752 27576.379 29680.963 31868.814 34143.133 36504.133 38947.797 41467.613 44056.426 46719.230 49480.875 52375.664 55436.297 58070.277 60315.418 62587.816 64914.000 66578.219 68779.031 27955.689 1105.481 2.903 3.615 140.037 0.000 0.000 3.770 1.154 2.872 1.704 0.984 0.202 0.000 0.000 0.000 0.000 0.000 0.000 0.000 0.000 0.000 0.000 0.000 0.000
0.000 0.000 0.000 0.000 0.000 0.000 0.000 1446.531 1917.383 2372.337 2833.713 3332.520 3905.827 4577.459 5349.766 6209.067 7139.689 8133.762 9193.258 10327.182 11544.920 12851.213 14244.698 15720.668 17275.633 18909.957 20627.316 22432.025 24326.037 26308.227 28376.156 30530.324 32772.926 35101.727 37515.898 40013.176 42587.566 45240.332 47989.004 50863.469 53884.668 56987.059 60130.004 62608.707 64885.641 67205.156 68466.391 70472.938 11827.506 444.928 234.386 93.263 0.133 1.199 0.066 3.706 2.023 1.175 0.388 0.169 0.090 0.000 0.000 0.000 0.000 0.000 0.000 0.000 0.000 0.000 0.000 0.000 0.000
0.000 0.000 0.000 0.000 0.000 0.000 0.000 1512.301 1989.713 2453.348 2923.942 3432.852 4017.593 4702.800 5491.272 6369.352 7320.258 8334.679 9413.855 10566.828 11803.878 13130.676 14546.166 16045.466 17624.602 19283.625 21026.295 22857.207 24778.555 26789.324 28888.016 31072.072 33340.805 35699.488 38145.234 40671.730 43279.508 45981.434 48800.129 51751.320 54821.945 57895.352 60928.793 64089.059 66304.883 68566.773 69512.031 55474.160 3260.721 0.000 0.057 0.000 14.066 2.361 1.559 1.514 0.784 0.462 0.137 0.028 0.006 0.000 0.000 0.000 0.000 0.000 0.000 0.000 0.000 0.000 0.000 0.000 0.000
0.000 0.000 0.000 0.000 0.000 0.000 1009.983 1550.335 2032.102 2502.233 2979.990 3496.039 4088.165 4781.526 5579.335 6468.134 7430.893 8457.508 9548.673 10713.245 11961.871 13300.731 14729.093 16242.109 17835.588 19509.299 21266.895 23112.982 25049.926 27077.309 29192.641 31396.832 33690.184 36071.746 38536.621 41082.227 43718.328 46465.617 49336.109 52314.152 55350.867 58355.160 61339.715 64630.266 67111.438 69251.664 73218.516 32812.371 585.524 4.289 0.557 1.041 0.000 0.000 1.583 0.444 0.074 0.020 0.002 0.000 0.000 0.000 0.000 0.000 0.000 0.000 0.000 0.000 0.000 0.000 0.000 0.000 0.000
0.000 0.000 0.000 0.000 0.000 0.000 1026.176 1569.878 2053.988 2528.415 3011.119 3532.015 4128.949 4827.115 5629.872 6524.004 7492.797 8526.036 9624.137 10795.667 12051.207 13397.121 14832.928 16354.021 17956.238 19639.170 21406.240 23261.930 25208.682 27245.887 29373.773 31591.643 33895.840 36286.582 38761.359 41321.988 43986.488 46771.422 49661.094 52604.871 55559.070 58520.277 61541.961 64958.957 67534.781 69661.094 75465.141 16750.025 21.015 0.181 0.054 0.061 0.000 1.029 0.068 0.011 0.038 0.019 0.002 0.000 0.005 0.000 0.000 0.000 0.000 0.000 0.000 0.000 0.000 0.000 0.000 0.000 0.000
0.000 0.000 0.000 0.000 0.000 0.000 1031.907 1576.891 2062.498 2539.390 3024.997 3548.970 4149.021 4850.004 5655.061 6551.119 7522.059 8558.062 9659.580 10834.837 12094.101 13443.633 14883.107 16408.234 18015.080 19703.188 21475.705 23336.820 25288.904 27331.678 29461.428 31677.145 33983.719 36378.809 38858.469 41434.535 44126.500 46925.688 49784.219 52661.777 55551.309 58521.312 61691.711 65276.922 67882.641 70149.336 71366.375 9478.479 0.110 0.358 0.017 0.000 0.006 0.186 0.979 2.141 0.061 0.087 0.022 0.049 0.009 0.000 0.000 0.000 0.000 0.000 0.000 0.000 0.000 0.000 0.000 0.000 0.000
0.000 0.000 0.000 0.000 0.000 0.000 1031.894 1577.356 2063.823 2541.687 3028.504 3553.988 4155.813 4858.365 5664.215 6560.301 7531.110 8567.454 9669.980 10846.695 12107.454 13458.222 14898.703 16424.904 18033.193 19723.168 21497.750 23360.807 25314.561 27358.754 29492.494 31714.230 34021.375 36415.840 38904.574 41501.805 44210.848 47004.289 49823.086 52626.629 55493.883 58595.199 62013.656 65656.094 68284.977 70599.055 68335.367 6290.791 0.358 0.104 0.000 0.000 0.021 0.061 1.263 6.543 0.064 4.841 1.304 0.304 0.057 0.000 0.000 0.000 0.000 0.000 0.000 0.000 0.000 0.000 0.000 0.000 0.000
0.000 0.000 0.000 0.000 0.000 0.000 1026.581 1572.774 2061.152 2539.876 3027.157 3553.356 4156.112 4859.422 5665.438 6561.157 7531.365 8567.314 9669.929 10847.146 12108.495 13459.704 14900.479 16426.996 18035.816 19726.629 21502.281 23366.453 25321.254 27366.609 29500.889 31720.777 34024.645 36420.570 38921.328 41536.516 44244.793 46979.996 49695.324 52480.094 55509.527 58932.281 62460.672 65888.445 68626.039 70833.562 67617.516 5414.911 0.813 0.000 0.001 0.000 0.110 0.105 0.000 2.305 9.385 2.473 0.833 0.793 0.443 0.000 0.000 0.000 0.000 0.000 0.000 0.000 0.000 0.000 0.000 0.000 0.000
0.000 0.000 0.000 0.000 0.000 0.000 1012.635 1559.058 2050.393 2530.298 3018.340 3546.064 4150.608 4854.845 5660.237 6554.119 7521.953 8555.926 9657.552 10834.545 12095.644 13446.116 14885.720 16410.963 18018.725 19708.803 21483.818 23347.152 25300.674 27344.205 29476.473 31695.746 33999.531 36396.305 38904.312 41525.496 44184.688 46801.191 49489.793 52462.059 55859.055 59375.871 62656.176 65820.016 68840.273 70888.438 67861.352 5839.572 0.022 0.911 1.007 0.000 0.152 0.504 0.331 0.218 2.646 0.947 2.779 2.003 0.000 0.000 0.000 0.000 0.000 0.000 0.000 0.000 0.000 0.000 0.000 0.000 0.000
0.000 0.000 0.000 0.000 0.000 0.000 990.034 1533.214 2026.255 2506.654 2995.305 3525.221 4132.313 4837.218 5640.274 6529.563 7492.048 8521.645 9620.582 10796.105 12055.670 13403.782 14840.389 16362.587 17967.666 19655.471 21428.273 23288.959 25239.084 27278.385 29405.621 31621.510 33932.691 36346.230 38863.031 41436.656 43969.461 46568.832 49464.781 52802.430 56292.059 59532.926 62437.840 65176.727 68411.898 70623.531 70045.742 7915.931 0.000 0.403 0.482 0.000 1.132 0.000 0.003 8.371 3.890 8.129 7.354 3.821 0.000 0.000 0.000 0.000 0.000 0.000 0.000 0.000 0.000 0.000 0.000 0.000 0.000
0.000 0.000 0.000 0.000 0.000 0.000 958.536 1490.672 1982.377 2461.401 2950.008 3482.248 4091.662 4795.648 5593.620 6474.838 7428.482 8450.670 9544.315 10715.993 11971.607 13314.834 14745.925 16262.619 17862.535 19545.504 21313.434 23168.812 25112.922 27145.605 29266.764 31479.502 33790.613 36198.801 38675.145 41147.961 43662.570 46446.391 49721.246 53158.211 56278.641 58859.125 61171.961 64073.359 67828.992 69875.477 74725.086 12933.300 97.123 9.161 8.243 7.609 4.088 0.000 10.453 0.000 6.572 5.829 11.069 1.826 0.000 0.000 0.000 0.000 0.000 0.000 0.000 0.000 0.000 0.000 0.000 0.000 0.000
0.000 0.000 0.000 0.000 0.000 0.000 911.672 1419.601 1909.420 2385.034 2872.486 3406.254 4016.278 4716.163 5505.099 6373.725 7314.018 8324.461 9408.483 10571.910 11818.997 13152.570 14573.224 16079.197 17668.299 19340.332 21097.107 22940.912 24872.922 26893.457 29004.016 31209.322 33509.891 35884.328 38284.629 40717.602 43371.492 46513.457 49913.219 52922.223 55131.672 57032.066 59756.590 63680.492 66973.406 69553.914 73795.641 22201.867 681.349 24.561 4.001 0.272 0.000 0.280 141.679 0.000 2.972 4.327 4.806 0.000 0.000 0.000 0.000 0.000 0.000 0.000 0.000 0.000 0.000 0.000 0.000 0.000 0.000
0.000 0.000 0.000 0.000 0.000 0.000 0.000 1303.915 1793.597 2265.555 2750.524 3283.694 3890.667 4581.482 5356.077 6206.374 7127.718 8120.759 9189.123 10338.003 11570.021 12887.137 14290.284 15778.054 17348.393 19001.379 20739.117 22564.000 24477.137 26479.238 28572.621 30759.080 33030.359 35351.473 37707.039 40227.547 43204.855 46520.047 49392.309 51301.254 52914.820 55505.156 59837.500 63783.539 66736.820 70431.273 71386.898 33373.770 2357.101 225.456 80.126 41.512 39.139 57.605 195.662 1.446 2.899 3.342 2.598 0.000 0.000 0.000 0.000 0.000 0.000 0.000 0.000 0.000 0.000 0.000 0.000 0.000 0.000
0.000 0.000 0.000 0.000 0.000 0.000 0.000 1128.705 1616.242 2087.857 2569.216 3098.293 3695.864 4370.519 5123.610 5948.143 6843.166 7810.934 8854.975 9980.025 11187.195 12477.652 13852.519 15310.805 16850.930 18473.637 20181.656 21977.289 23861.016 25833.293 27895.832 30045.424 32259.164 34518.859 36903.172 39641.793 42728.969 45469.082 47260.324 48751.227 51266.121 55935.547 60503.812 64396.668 68820.922 71892.180 71381.938 41594.633 5168.890 1078.835 478.424 383.513 385.612 310.909 160.016 234.592 0.462 2.630 0.000 0.000 0.000 0.000 0.000 0.000 0.000 0.000 0.000 0.000 0.000 0.000 0.000 0.000 0.000
0.000 0.000 0.000 0.000 0.000 0.000 0.000 887.732 1355.468 1833.710 2310.270 2831.177 3410.280 4058.840 4780.312 5569.156 6427.623 7358.738 8365.587 9452.614 10619.823 11867.572 13197.272 14608.879 16101.546 17676.828 19337.467 21084.561 22917.301 24835.328 26838.830 28919.416 31057.172 33271.109 35714.340 38431.328 40965.328 42844.797 44492.359 47113.777 51721.566 57205.531 61647.668 65989.125 64817.680 69675.016 69342.711 45601.398 8231.953 3009.229 1899.555 1459.457 1365.311 927.455 585.764 0.603 0.879 3.049 0.000 0.000 0.000 0.000 0.000 0.000 0.000 0.000 0.000 0.000 0.000 0.000 0.000 0.000 0.000
0.000 0.000 0.000 0.000 0.000 0.000 0.000 625.280 1005.702 1485.839 1952.146 2461.656 3011.328 3621.110 4297.557 5037.936 5845.848 6724.307 7676.034 8705.025 9810.263 10992.771 12254.152 13594.060 15013.621 16514.689 18097.188 19759.447 21499.531 23316.184 25206.340 27159.072 29155.418 31241.320 33563.719 35841.070 37790.648 39804.066 42619.977 47260.539 53431.703 58687.223 59334.262 55688.867 53997.715 60794.898 61148.562 43371.441 11371.704 5783.201 4034.290 3074.204 2366.200 1022.198 0.385 0.464 2.686 0.000 0.000 0.000 0.000 0.000 0.000 0.000 0.000 0.000 0.000 0.000 0.000 0.000 0.000 0.000 0.000
0.000 0.000 0.000 0.000 0.000 0.000 0.000 0.000 668.506 1050.707 1481.328 1970.394 2476.894 3035.344 3650.273 4325.089 5063.054 5865.902 6736.191 7678.478 8691.581 9775.726 10932.731 12163.527 13468.128 14844.655 16288.538 17795.189 19361.582 20984.562 22656.916 24358.713 26076.180 27883.613 29892.307 31888.082 33912.613 36850.031 41550.336 46429.637 50096.188 48512.641 44073.621 41631.266 44908.949 52174.008 52744.371 38475.949 15164.184 9931.140 6969.525 4099.492 1583.138 77.028 1.549 3.321 0.000 0.000 0.000 0.000 0.000 0.000 0.000 0.000 0.000 0.000 0.000 0.000 0.000 0.000 0.000 0.000 0.000
0.000 0.000 0.000 0.000 0.000 0.000 0.000 0.000 0.000 667.984 974.352 1372.798 1806.988 2292.507 2824.868 3412.938 4053.430 4747.388 5500.789 6318.637 7195.884 8132.727 9131.299 10190.238 11303.604 12461.925 13656.048 14881.816 16137.128 17418.480 18718.314 20027.988 21378.588 22921.305 24862.213 27050.641 29541.756 32808.145 36254.082 37058.402 34866.656 31702.096 30314.525 32336.475 40345.359 45606.676 45729.414 30216.078 17677.062 12270.142 6253.543 2060.292 263.311 0.000 1.367 0.000 0.000 0.000 0.000 0.000 0.000 0.000 0.000 0.000 0.000 0.000 0.000 0.000 0.000 0.000 0.000 0.000 0.000
0.000 0.000 0.000 0.000 0.000 0.000 0.000 0.000 0.000 0.000 595.780 862.188 1164.992 1533.408 1936.541 2386.389 2877.896 3417.549 4012.436 4652.734 5328.897 6046.066 6804.350 7591.853 8394.213 9201.330 10009.315 10820.515 11636.155 12456.966 13288.020 14156.801 15162.755 16547.213 18441.381 20299.148 21889.219 22927.422 22660.863 21510.617 20233.332 19940.627 21300.416 25844.863 34960.387 37692.496 32025.771 20308.969 13090.266 6974.772 2450.477 451.407 0.000 0.167 0.000 0.000 0.000 0.000 0.000 0.000 0.000 0.000 0.000 0.000 0.000 0.000 0.000 0.000 0.000 0.000 0.000 0.000 0.000
0.000 0.000 0.000 0.000 0.000 0.000 0.000 0.000 0.000 0.000 0.000 511.443 673.839 927.968 1191.797 1515.977 1878.886 2266.321 2681.172 3110.952 3556.567 4025.761 4504.872 4981.239 5453.233 5925.610 6403.168 6884.493 7365.979 7848.852 8339.236 8856.903 9453.498 10254.134 11202.684 11846.899 12147.244 12150.848 11907.739 11496.311 11425.240 11944.226 13954.725 17813.438 21817.094 21203.785 15178.996 10666.925 6384.038 2327.496 484.620 0.008 0.084 0.000 0.000 0.000 0.000 0.000 0.000 0.000 0.000 0.000 0.000 0.000 0.000 0.000 0.000 0.000 0.000 0.000 0.000 0.000 0.000
0.000 0.000 0.000 0.000 0.000 0.000 0.000 0.000 0.000 0.000 0.000 0.000 0.000 487.674 637.576 835.233 1105.902 1359.742 1607.463 1858.610 2132.323 2415.091 2681.628 2940.934 3206.792 3483.148 3760.137 4033.179 4297.579 4555.719 4811.806 5072.529 5353.136 5664.188 5919.858 6025.827 6015.466 5944.324 5838.912 5809.829 5925.306 6386.713 7308.112 8357.895 8471.076 7666.726 5591.412 3013.901 1255.596 333.115 0.000 0.041 0.000 0.000 0.000 0.000 0.000 0.000 0.000 0.000 0.000 0.000 0.000 0.000 0.000 0.000 0.000 0.000 0.000 0.000 0.000 0.000 0.000
0.000 0.000 0.000 0.000 0.000 0.000 0.000 0.000 0.000 0.000 0.000 0.000 0.000 0.000 0.000 389.927 551.635 683.218 794.747 892.242 1055.429 1211.700 1345.925 1488.015 1657.800 1826.100 1976.781 2115.087 2248.916 2374.175 2488.301 2592.490 2686.093 2749.873 2763.276 2736.353 2681.502 2630.828 2614.633 2625.547 2703.126 2862.889 3043.870 2988.807 2664.635 1969.945 1090.023 473.588 113.896 0.000 0.000 0.000 0.000 0.000 0.000 0.000 0.000 0.000 0.000 0.000 0.000 0.000 0.000 0.000 0.000 0.000 0.000 0.000 0.000 0.000 0.000 0.000 0.000
0.000 0.000 0.000 0.000 0.000 0.000 0.000 0.000 0.000 0.000 0.000 0.000 0.000 0.000 0.000 0.000 0.000 226.321 257.560 273.352 340.781 416.720 510.192 615.750 723.742 814.304 878.982 918.479 991.709 1048.056 1089.433 1119.581 1136.572 1134.745 1110.930 1069.214 1028.181 1006.868 1012.852 997.860 1029.997 1027.134 980.188 846.871 619.192 353.725 150.309 49.820 0.000 0.000 0.000 0.000 0.000 0.000 0.000 0.000 0.000 0.000 0.000 0.000 0.000 0.000 0.000 0.000 0.000 0.000 0.000 0.000 0.000 0.000 0.000 0.000 0.000
