avaframe/data/avaParabola/Avaflow_Input/prefix_results/prefix_ascii/prefix_tflow0014.asc
ncols 250
nrows 100
xllcenter 997.50
yllcenter -4997.50
cellsize 20.00
NODATA_value -9999.000
[rows 34 to 67 of 100, columns 75 to 149 of 250]
0.000 0.000 0.000 0.000 0.000 0.000 0.000 0.000 0.000 0.000 0.000 0.000 0.000 0.000 0.000 0.000 0.000 0.000 0.000 0.000 0.000 0.000 0.000 1.360 2.116 2.897 3.825 4.740 5.738 6.794 7.929 9.166 10.494 11.873 13.292 14.757 16.262 17.768 19.232 20.705 22.561 24.611 25.427 31.238 12.340 0.026 0.049 0.417 0.784 1.011 1.139 1.123 0.789 0.337 0.137 0.000 0.000 0.000 0.000 0.000 0.000 0.000 0.000 0.000 0.000 0.000 0.000 0.000 0.000 0.000 0.000 0.000 0.000 0.000 0.000
0.000 0.000 0.000 0.000 0.000 0.000 0.000 0.000 0.000 0.000 0.000 0.000 0.000 0.000 0.000 0.000 0.000 0.000 0.000 0.000 0.000 0.000 1.862 3.246 4.538 5.820 7.168 8.635 10.237 12.045 14.114 16.462 19.089 21.940 24.956 28.129 31.460 34.925 38.446 42.084 46.626 50.131 52.983 68.897 29.376 0.512 0.060 0.990 3.357 4.309 4.836 4.880 3.803 1.856 0.761 0.046 0.000 0.000 0.000 0.000 0.000 0.000 0.000 0.000 0.000 0.000 0.000 0.000 0.000 0.000 0.000 0.000 0.000 0.000 0.000
0.000 0.000 0.000 0.000 0.000 0.000 0.000 0.000 0.000 0.000 0.000 0.000 0.000 0.000 0.000 0.000 0.000 0.000 0.000 0.000 0.000 2.241 4.300 6.295 8.130 10.016 12.083 14.403 17.040 20.073 23.595 27.664 32.303 37.478 43.109 49.190 55.770 62.881 70.465 78.518 88.232 94.652 101.193 136.926 56.067 1.243 0.135 3.056 11.846 14.920 16.488 16.351 12.768 6.655 2.936 0.826 0.028 0.000 0.000 0.000 0.000 0.000 0.000 0.000 0.000 0.000 0.000 0.000 0.000 0.000 0.000 0.000 0.000 0.000 0.000
0.000 0.000 0.000 0.000 0.000 0.000 0.000 0.000 0.000 0.000 0.000 0.000 0.000 0.000 0.000 0.000 0.000 0.000 0.000 0.000 2.656 5.044 7.644 10.092 12.660 15.499 18.734 22.464 26.775 31.758 37.534 44.223 51.908 60.620 70.338 81.078 92.947 106.064 120.465 136.155 154.262 166.426 178.200 246.230 67.178 0.099 1.829 18.463 43.892 52.645 52.756 45.218 33.942 18.851 8.917 3.567 0.899 0.029 0.000 0.000 0.000 0.000 0.000 0.000 0.000 0.000 0.000 0.000 0.000 0.000 0.000 0.000 0.000 0.000 0.000
0.000 0.000 0.000 0.000 0.000 0.000 0.000 0.000 0.000 0.000 0.000 0.000 0.000 0.000 0.000 0.000 0.000 0.000 0.000 2.890 5.787 8.740 11.659 14.769 18.290 22.429 27.349 33.156 39.905 47.681 56.649 66.985 78.840 92.344 107.588 124.648 143.675 164.845 188.341 214.134 241.916 270.360 291.188 403.322 61.391 0.000 6.535 54.813 98.791 106.018 112.684 106.450 81.000 45.660 23.304 10.491 3.988 1.043 0.053 0.000 0.000 0.000 0.000 0.000 0.000 0.000 0.000 0.000 0.000 0.000 0.000 0.000 0.000 0.000 0.000
0.000 0.000 0.000 0.000 0.000 0.000 0.000 0.000 0.000 0.000 0.000 0.000 0.000 0.000 0.000 0.000 0.000 0.000 2.997 6.201 9.491 12.821 16.381 20.379 25.072 30.768 37.691 45.930 55.520 66.519 79.077 93.459 109.905 128.605 149.743 173.474 199.980 229.466 262.301 298.519 335.057 387.768 453.210 520.957 47.206 0.000 1.296 12.401 23.030 45.331 143.589 210.859 189.592 112.308 53.483 25.661 10.795 3.837 1.049 0.142 0.000 0.000 0.000 0.000 0.000 0.000 0.000 0.000 0.000 0.000 0.000 0.000 0.000 0.000 0.000
0.000 0.000 0.000 0.000 0.000 0.000 0.000 0.000 0.000 0.000 0.000 0.000 0.000 0.000 0.000 0.000 0.000 2.448 6.074 9.545 13.111 16.959 21.272 26.281 32.297 39.658 48.584 59.139 71.341 85.275 101.122 119.166 139.728 163.090 189.493 219.167 252.329 289.209 330.289 376.107 421.315 496.145 632.079 523.397 25.756 0.000 2.248 0.679 1.790 22.842 71.350 82.781 117.779 160.003 124.516 55.848 24.761 9.311 2.664 0.353 0.030 0.000 0.000 0.000 0.000 0.000 0.000 0.000 0.000 0.000 0.000 0.000 0.000 0.000 0.000
0.000 0.000 0.000 0.000 0.000 0.000 0.000 0.000 0.000 0.000 0.000 0.000 0.000 0.000 0.000 0.000 1.794 4.948 8.872 12.503 16.411 20.769 25.768 31.701 38.948 47.838 58.559 71.167 85.673 102.164 120.832 141.971 165.955 193.144 223.870 258.445 297.136 340.148 387.869 442.092 494.495 591.149 789.029 434.431 13.494 0.000 0.000 0.000 0.000 0.000 0.000 0.000 18.258 214.951 261.973 103.768 43.978 15.766 4.624 0.921 0.030 0.000 0.000 0.000 0.000 0.000 0.000 0.000 0.000 0.000 0.000 0.000 0.000 0.000 0.000
0.000 0.000 0.000 0.000 0.000 0.000 0.000 0.000 0.000 0.000 0.000 0.000 0.000 0.000 0.000 0.000 3.449 7.412 11.169 14.997 19.227 24.015 29.578 36.283 44.548 54.699 66.907 81.221 97.651 116.255 137.221 160.854 187.545 217.726 251.797 290.133 333.089 380.793 433.885 496.189 549.751 669.774 912.314 294.561 0.057 0.000 0.001 0.156 16.312 16.364 20.866 38.241 103.152 293.647 307.473 111.564 42.249 14.155 4.102 0.971 0.167 0.020 0.000 0.000 0.000 0.000 0.000 0.000 0.000 0.000 0.000 0.000 0.000 0.000 0.000
0.000 0.000 0.000 0.000 0.000 0.000 0.000 0.000 0.000 0.000 0.000 0.000 0.000 0.000 0.000 0.000 5.308 9.235 12.969 16.990 21.493 26.617 32.627 39.934 48.975 60.083 73.435 89.080 107.021 127.297 150.057 175.599 204.335 236.726 273.274 314.407 360.491 411.703 469.374 538.176 585.499 717.776 982.649 146.635 0.000 0.000 0.000 87.134 270.134 325.509 395.884 491.470 505.417 404.600 238.359 90.741 33.094 10.808 3.111 0.752 0.124 0.006 0.000 0.000 0.000 0.000 0.000 0.000 0.000 0.000 0.000 0.000 0.000 0.000 0.000
0.000 0.000 0.000 0.000 0.000 0.000 0.000 0.000 0.000 0.000 0.000 0.000 0.000 0.000 0.000 2.571 6.791 10.524 14.311 18.500 23.216 28.602 34.953 42.702 52.300 64.092 78.268 94.891 113.955 135.480 159.583 186.532 216.753 250.743 289.015 332.097 380.422 434.180 495.193 565.220 611.873 749.568 1045.428 71.047 0.000 0.025 29.598 267.100 561.629 663.135 676.525 633.386 527.302 339.916 165.482 67.421 23.986 7.659 2.180 0.537 0.089 0.003 0.000 0.000 0.000 0.000 0.000 0.000 0.000 0.000 0.000 0.000 0.000 0.000 0.000
0.000 0.000 0.000 0.000 0.000 0.000 0.000 0.000 0.000 0.000 0.000 0.000 0.000 0.000 0.000 3.745 7.754 11.393 15.256 19.578 24.457 30.041 36.642 44.703 54.681 66.937 81.679 98.977 118.828 141.231 166.285 194.244 225.511 260.605 300.078 344.482 394.294 450.047 512.873 578.738 662.031 868.019 1005.952 34.991 1.301 25.738 143.822 397.682 584.949 612.712 547.687 405.344 267.881 159.368 79.079 31.803 10.792 3.206 0.854 0.204 0.035 0.003 0.000 0.000 0.000 0.000 0.000 0.000 0.000 0.000 0.000 0.000 0.000 0.000 0.000
0.000 0.000 0.000 0.000 0.000 0.000 0.000 0.000 0.000 0.000 0.000 0.000 0.000 0.000 0.000 4.443 8.322 11.945 15.878 20.299 25.295 31.022 37.800 46.073 56.302 68.860 83.969 101.707 122.064 145.038 170.718 199.345 231.325 267.167 307.436 352.703 403.467 460.816 524.553 585.009 744.467 1000.128 823.967 9.802 10.310 107.837 308.357 469.218 497.034 427.267 281.384 148.278 73.655 35.118 14.877 4.997 1.361 0.311 0.059 0.010 0.002 0.000 0.000 0.000 0.000 0.000 0.000 0.000 0.000 0.000 0.000 0.000 0.000 0.000 0.000
0.000 0.000 0.000 0.000 0.000 0.000 0.000 0.000 0.000 0.000 0.000 0.000 0.000 0.000 0.000 4.773 8.632 12.266 16.249 20.738 25.812 31.634 38.530 46.942 57.335 70.082 85.416 103.418 124.079 147.385 173.430 202.464 234.885 271.206 311.991 357.820 409.197 467.484 532.591 590.966 779.533 1070.731 652.781 0.013 14.741 142.211 249.445 459.585 419.693 181.889 93.935 40.836 15.215 5.228 1.781 0.519 0.052 0.000 0.000 0.000 0.000 0.000 0.000 0.000 0.000 0.000 0.000 0.000 0.000 0.000 0.000 0.000 0.000 0.000 0.000
0.000 0.000 0.000 0.000 0.000 0.000 0.000 0.000 0.000 0.000 0.000 0.000 0.000 0.000 0.000 4.913 8.780 12.426 16.440 20.969 26.089 31.967 38.932 47.431 57.926 70.791 86.255 104.396 125.204 148.683 174.923 204.183 236.863 273.480 314.597 360.778 412.514 471.218 537.349 595.486 783.539 1119.770 518.776 0.000 0.939 59.162 64.121 0.143 0.165 25.113 19.206 8.052 1.231 0.157 0.000 0.021 0.067 0.026 0.018 0.004 0.001 0.000 0.000 0.000 0.000 0.000 0.000 0.000 0.000 0.000 0.000 0.000 0.000 0.000 0.000
0.000 0.000 0.000 0.000 0.000 0.000 0.000 0.000 0.000 0.000 0.000 0.000 0.000 0.000 0.000 4.960 8.832 12.485 16.514 21.060 26.201 32.106 39.105 47.651 58.206 71.143 86.678 104.883 125.740 149.265 175.572 204.939 237.751 274.527 315.835 362.211 414.116 472.993 539.291 597.659 787.223 1134.191 432.701 0.017 0.407 14.894 7.469 0.092 0.159 0.947 1.412 0.396 5.037 7.915 0.023 6.748 3.885 1.538 0.482 0.126 0.022 0.001 0.000 0.000 0.000 0.000 0.000 0.000 0.000 0.000 0.000 0.000 0.000 0.000 0.000
0.000 0.000 0.000 0.000 0.000 0.000 0.000 0.000 0.000 0.000 0.000 0.000 0.000 0.000 0.000 4.961 8.834 12.490 16.523 21.075 26.223 32.135 39.145 47.708 58.294 71.271 86.844 105.070 125.930 149.442 175.740 205.122 237.977 274.810 316.199 362.672 414.673 473.621 539.622 598.333 787.945 1139.416 395.513 0.000 0.001 0.002 0.022 0.065 0.467 0.089 0.057 9.218 5.103 127.840 109.002 49.718 16.753 5.174 1.457 0.361 0.066 0.004 0.000 0.000 0.000 0.000 0.000 0.000 0.000 0.000 0.000 0.000 0.000 0.000 0.000
0.000 0.000 0.000 0.000 0.000 0.000 0.000 0.000 0.000 0.000 0.000 0.000 0.000 0.000 0.000 4.921 8.795 12.452 16.483 21.034 26.181 32.092 39.105 47.677 58.280 71.278 86.867 105.086 125.906 149.363 175.609 204.952 237.801 274.642 316.054 362.562 414.626 473.537 538.970 598.295 788.471 1145.114 387.803 0.012 0.146 1.045 5.498 18.360 42.983 76.307 151.333 317.214 459.887 297.209 192.333 74.527 24.882 7.639 2.149 0.527 0.084 0.008 0.000 0.000 0.000 0.000 0.000 0.000 0.000 0.000 0.000 0.000 0.000 0.000 0.000
0.000 0.000 0.000 0.000 0.000 0.000 0.000 0.000 0.000 0.000 0.000 0.000 0.000 0.000 0.000 4.795 8.673 12.330 16.354 20.897 26.034 31.937 38.947 47.530 58.154 71.169 86.744 104.901 125.613 148.938 175.069 204.329 237.130 273.949 315.358 361.854 413.880 472.449 537.120 599.180 789.111 1143.712 392.714 0.000 1.406 18.996 98.144 228.375 342.143 488.451 706.892 783.321 691.564 454.510 218.535 85.523 29.921 9.489 2.738 0.671 0.103 0.000 0.000 0.000 0.000 0.000 0.000 0.000 0.000 0.000 0.000 0.000 0.000 0.000 0.000
0.000 0.000 0.000 0.000 0.000 0.000 0.000 0.000 0.000 0.000 0.000 0.000 0.000 0.000 0.000 4.502 8.414 12.074 16.080 20.599 25.714 31.594 38.589 47.170 57.803 70.807 86.314 104.322 124.813 147.886 173.797 202.897 235.591 272.331 313.666 360.069 411.913 469.662 534.219 599.541 792.987 1133.298 412.308 0.047 5.118 51.237 202.676 425.219 598.081 720.873 789.738 828.500 756.247 485.796 221.953 91.000 33.319 10.881 3.153 0.727 0.037 0.000 0.000 0.000 0.000 0.000 0.000 0.000 0.000 0.000 0.000 0.000 0.000 0.000 0.000
0.000 0.000 0.000 0.000 0.000 0.000 0.000 0.000 0.000 0.000 0.000 0.000 0.000 0.000 0.000 3.938 7.949 11.621 15.595 20.074 25.146 30.981 37.934 46.481 57.073 69.994 85.331 103.058 123.186 145.874 171.434 200.241 232.695 269.215 310.303 356.393 407.811 464.712 528.799 597.365 758.554 1108.911 467.979 0.000 4.883 46.464 161.075 378.582 619.542 760.461 817.279 200.384 1541.107 5.268 216.187 85.244 30.105 9.576 2.624 0.558 0.079 0.000 0.000 0.000 0.000 0.000 0.000 0.000 0.000 0.000 0.000 0.000 0.000 0.000 0.000
0.000 0.000 0.000 0.000 0.000 0.000 0.000 0.000 0.000 0.000 0.000 0.000 0.000 0.000 0.000 3.088 7.199 10.903 14.831 19.247 24.251 30.009 36.872 45.315 55.768 68.479 83.495 100.781 120.386 142.535 167.589 195.941 227.964 264.038 304.614 350.074 400.708 456.711 520.197 592.732 696.274 1068.812 570.074 0.206 0.000 6.556 13.624 75.399 316.730 533.077 621.844 262.402 1674.814 5.838 151.346 55.841 18.858 5.723 1.461 0.283 0.000 0.000 0.000 0.000 0.000 0.000 0.000 0.000 0.000 0.000 0.000 0.000 0.000 0.000 0.000
0.000 0.000 0.000 0.000 0.000 0.000 0.000 0.000 0.000 0.000 0.000 0.000 0.000 0.000 0.000 1.969 6.073 9.849 13.717 18.037 22.937 28.569 35.266 43.490 53.654 65.977 80.483 97.140 116.043 137.461 161.801 189.458 220.767 256.076 295.771 340.210 389.689 444.531 507.052 579.786 633.657 1006.826 705.446 5.459 0.000 0.368 0.000 0.000 52.722 122.724 193.278 264.262 294.953 197.912 86.544 32.031 10.607 2.997 0.575 0.074 0.000 0.000 0.000 0.000 0.000 0.000 0.000 0.000 0.000 0.000 0.000 0.000 0.000 0.000 0.000
0.000 0.000 0.000 0.000 0.000 0.000 0.000 0.000 0.000 0.000 0.000 0.000 0.000 0.000 0.000 1.060 4.529 8.394 12.190 16.367 21.107 26.539 32.961 40.807 50.479 62.189 75.964 91.777 109.749 130.192 153.520 180.116 210.296 244.355 282.637 325.488 373.257 426.398 486.344 555.321 603.439 848.468 981.853 37.730 580.592 1296.170 53.978 56.188 10.166 3.903 22.696 69.790 133.148 115.942 51.505 18.150 5.692 1.413 0.183 0.000 0.000 0.000 0.000 0.000 0.000 0.000 0.000 0.000 0.000 0.000 0.000 0.000 0.000 0.000 0.000
0.000 0.000 0.000 0.000 0.000 0.000 0.000 0.000 0.000 0.000 0.000 0.000 0.000 0.000 0.000 0.000 2.720 6.503 10.215 14.185 18.670 23.800 29.803 37.078 46.019 56.859 69.637 84.339 101.085 120.205 142.122 167.202 195.693 227.851 263.998 304.482 349.631 399.818 455.328 517.571 581.810 712.432 1115.260 145.029 602.857 1339.554 50.682 317.025 289.159 116.813 44.475 69.514 87.567 66.529 27.938 9.219 2.591 0.518 0.054 0.000 0.000 0.000 0.000 0.000 0.000 0.000 0.000 0.000 0.000 0.000 0.000 0.000 0.000 0.000 0.000
0.000 0.000 0.000 0.000 0.000 0.000 0.000 0.000 0.000 0.000 0.000 0.000 0.000 0.000 0.000 0.000 1.148 4.219 7.808 11.493 15.590 20.272 25.694 32.190 40.150 49.828 61.289 74.530 89.663 107.013 126.987 149.905 175.976 205.388 238.430 275.459 316.755 362.488 412.550 470.204 533.509 683.487 1013.823 349.184 0.984 0.162 19.749 117.543 219.112 272.845 223.917 119.684 67.554 33.494 12.782 3.858 0.809 0.045 0.000 0.000 0.000 0.000 0.000 0.000 0.000 0.000 0.000 0.000 0.000 0.000 0.000 0.000 0.000 0.000 0.000
0.000 0.000 0.000 0.000 0.000 0.000 0.000 0.000 0.000 0.000 0.000 0.000 0.000 0.000 0.000 0.000 0.000 1.921 5.070 8.388 11.950 16.001 20.664 26.179 32.894 41.077 50.829 62.177 75.234 90.284 107.657 127.573 150.203 175.739 204.450 236.593 272.393 312.174 356.098 408.359 465.034 507.599 848.464 486.490 18.463 0.001 0.442 36.222 91.393 112.091 119.174 91.389 40.516 14.456 4.807 1.288 0.210 0.023 0.000 0.000 0.000 0.000 0.000 0.000 0.000 0.000 0.000 0.000 0.000 0.000 0.000 0.000 0.000 0.000 0.000
0.000 0.000 0.000 0.000 0.000 0.000 0.000 0.000 0.000 0.000 0.000 0.000 0.000 0.000 0.000 0.000 0.000 0.000 2.303 5.099 8.012 11.242 14.952 19.274 24.462 30.795 38.452 47.486 57.968 70.071 84.000 99.919 117.977 138.354 161.224 186.776 215.251 246.856 281.535 324.347 366.951 385.413 598.848 590.769 62.852 0.000 0.000 15.010 37.849 42.663 43.068 30.962 13.508 4.858 1.473 0.351 0.059 0.000 0.000 0.000 0.000 0.000 0.000 0.000 0.000 0.000 0.000 0.000 0.000 0.000 0.000 0.000 0.000 0.000 0.000
0.000 0.000 0.000 0.000 0.000 0.000 0.000 0.000 0.000 0.000 0.000 0.000 0.000 0.000 0.000 0.000 0.000 0.000 0.695 2.158 4.246 6.497 9.030 11.932 15.363 19.665 25.036 31.466 38.914 47.397 57.008 67.973 80.474 94.532 110.155 127.390 146.378 166.858 188.357 214.877 242.568 258.653 372.031 554.749 133.071 2.888 0.000 11.079 13.464 15.547 16.029 9.760 3.930 1.340 0.376 0.081 0.000 0.000 0.000 0.000 0.000 0.000 0.000 0.000 0.000 0.000 0.000 0.000 0.000 0.000 0.000 0.000 0.000 0.000 0.000
0.000 0.000 0.000 0.000 0.000 0.000 0.000 0.000 0.000 0.000 0.000 0.000 0.000 0.000 0.000 0.000 0.000 0.000 0.000 0.642 1.636 2.839 4.153 5.649 7.578 10.094 13.196 16.821 20.926 25.515 30.787 36.902 43.710 51.160 59.192 67.840 77.283 87.381 97.760 110.017 125.486 136.793 191.531 323.482 141.031 2.947 0.778 3.269 4.367 5.195 5.162 2.782 1.022 0.317 0.080 0.000 0.000 0.000 0.000 0.000 0.000 0.000 0.000 0.000 0.000 0.000 0.000 0.000 0.000 0.000 0.000 0.000 0.000 0.000 0.000
0.000 0.000 0.000 0.000 0.000 0.000 0.000 0.000 0.000 0.000 0.000 0.000 0.000 0.000 0.000 0.000 0.000 0.000 0.000 0.000 0.497 0.977 1.404 2.028 2.883 4.158 5.645 7.164 8.707 10.479 12.794 15.508 18.412 21.403 24.497 27.837 31.528 35.551 39.786 44.963 51.962 58.443 80.615 153.077 80.910 2.367 0.473 1.246 1.573 1.844 1.511 0.671 0.225 0.062 0.000 0.000 0.000 0.000 0.000 0.000 0.000 0.000 0.000 0.000 0.000 0.000 0.000 0.000 0.000 0.000 0.000 0.000 0.000 0.000 0.000
0.000 0.000 0.000 0.000 0.000 0.000 0.000 0.000 0.000 0.000 0.000 0.000 0.000 0.000 0.000 0.000 0.000 0.000 0.000 0.000 0.000 0.000 0.375 0.538 0.824 1.293 1.824 2.244 2.586 2.958 3.862 4.807 5.746 6.686 7.776 8.991 10.339 11.737 13.211 15.112 17.841 20.664 28.010 58.579 29.310 0.852 0.000 0.359 0.505 0.592 0.340 0.093 0.028 0.000 0.000 0.000 0.000 0.000 0.000 0.000 0.000 0.000 0.000 0.000 0.000 0.000 0.000 0.000 0.000 0.000 0.000 0.000 0.000 0.000 0.000
0.000 0.000 0.000 0.000 0.000 0.000 0.000 0.000 0.000 0.000 0.000 0.000 0.000 0.000 0.000 0.000 0.000 0.000 0.000 0.000 0.000 0.000 0.000 0.000 0.000 0.000 0.319 0.373 0.402 0.416 0.589 0.835 1.083 1.358 1.710 2.117 2.538 2.911 3.198 3.776 4.584 5.482 7.330 15.168 8.348 0.461 0.000 0.071 0.106 0.129 0.026 0.009 0.000 0.000 0.000 0.000 0.000 0.000 0.000 0.000 0.000 0.000 0.000 0.000 0.000 0.000 0.000 0.000 0.000 0.000 0.000 0.000 0.000 0.000 0.000
0.000 0.000 0.000 0.000 0.000 0.000 0.000 0.000 0.000 0.000 0.000 0.000 0.000 0.000 0.000 0.000 0.000 0.000 0.000 0.000 0.000 0.000 0.000 0.000 0.000 0.000 0.000 0.000 0.000 0.000 0.000 0.000 0.000 0.000 0.206 0.284 0.357 0.410 0.419 0.509 0.654 0.838 1.211 2.300 1.695 0.022 0.002 0.008 0.013 0.016 0.000 0.000 0.000 0.000 0.000 0.000 0.000 0.000 0.000 0.000 0.000 0.000 0.000 0.000 0.000 0.000 0.000 0.000 0.000 0.000 0.000 0.000 0.000 0.000 0.000
