avaframe/data/avaParabola/Avaflow_Input/prefix_results/prefix_ascii/prefix_vflowx10008.asc
ncols 250
nrows 100
xllcenter 997.50
yllcenter -4997.50
cellsize 20.00
NODATA_value -9999.000
[rows 34 to 67 of 100, columns 77 to 153 of 250]
0.000 0.000 0.000 0.000 0.000 0.000 0.000 0.000 0.000 0.000 0.000 0.000 0.884 0.957 1.020 1.077 1.131 1.183 1.233 1.281 1.327 1.373 1.421 1.467 1.511 1.551 1.588 1.621 1.651 1.677 1.701 1.722 1.739 1.752 1.760 1.745 1.673 1.596 1.514 1.427 1.332 1.225 1.108 0.866 0.240 0.000 0.000 0.000 0.000 0.000 0.000 0.000 0.000 0.000 0.000 0.000 0.000 0.000 0.000 0.000 0.000 0.000 0.000 0.000 0.000 0.000 0.000 0.000 0.000 0.000 0.000 0.000 0.000 0.000 0.000 0.000 0.000
0.000 0.000 0.000 0.000 0.000 0.000 0.000 0.000 0.000 0.000 0.000 0.955 1.040 1.118 1.191 1.261 1.332 1.402 1.473 1.542 1.609 1.674 1.739 1.802 1.863 1.920 1.975 2.028 2.079 2.131 2.187 2.242 2.287 2.322 2.287 2.235 2.175 2.109 2.034 1.950 1.855 1.750 1.649 1.406 0.649 0.000 0.000 0.000 0.000 0.000 0.000 0.000 0.000 0.000 0.000 0.000 0.000 0.000 0.000 0.000 0.000 0.000 0.000 0.000 0.000 0.000 0.000 0.000 0.000 0.000 0.000 0.000 0.000 0.000 0.000 0.000 0.000
0.000 0.000 0.000 0.000 0.000 0.000 0.000 0.000 0.000 0.916 1.024 1.121 1.210 1.295 1.380 1.465 1.552 1.641 1.730 1.819 1.907 1.993 2.078 2.161 2.242 2.322 2.401 2.478 2.556 2.638 2.729 2.816 2.889 2.874 2.850 2.816 2.776 2.726 2.669 2.603 2.530 2.448 2.368 2.163 1.407 0.348 0.000 0.000 0.000 0.000 0.000 0.000 0.000 0.000 0.000 0.000 0.000 0.000 0.000 0.000 0.000 0.000 0.000 0.000 0.000 0.000 0.000 0.000 0.000 0.000 0.000 0.000 0.000 0.000 0.000 0.000 0.000
0.000 0.000 0.000 0.000 0.000 0.000 0.000 0.000 0.960 1.082 1.190 1.291 1.390 1.488 1.587 1.689 1.794 1.900 2.008 2.115 2.223 2.330 2.436 2.542 2.647 2.752 2.856 2.960 3.065 3.175 3.296 3.416 3.458 3.472 3.475 3.469 3.456 3.436 3.409 3.376 3.333 3.283 3.240 3.054 2.314 1.008 0.000 0.000 0.000 0.000 0.000 0.000 0.000 0.000 0.000 0.000 0.000 0.000 0.000 0.000 0.000 0.000 0.000 0.000 0.000 0.000 0.000 0.000 0.000 0.000 0.000 0.000 0.000 0.000 0.000 0.000 0.000
0.000 0.000 0.000 0.000 0.000 0.000 0.000 1.000 1.126 1.244 1.356 1.467 1.578 1.693 1.809 1.929 2.052 2.177 2.303 2.431 2.559 2.688 2.817 2.946 3.075 3.204 3.333 3.463 3.593 3.727 3.870 3.995 4.057 4.103 4.140 4.172 4.197 4.216 4.228 4.233 4.228 4.212 4.208 4.008 3.250 1.708 0.293 0.000 0.000 0.000 0.000 0.000 0.000 0.000 0.000 0.000 0.000 0.000 0.000 0.000 0.000 0.000 0.000 0.000 0.000 0.000 0.000 0.000 0.000 0.000 0.000 0.000 0.000 0.000 0.000 0.000 0.000
0.000 0.000 0.000 0.000 0.000 0.000 1.026 1.164 1.286 1.404 1.525 1.649 1.777 1.908 2.041 2.178 2.318 2.459 2.601 2.744 2.887 3.031 3.175 3.319 3.465 3.610 3.756 3.902 4.048 4.196 4.346 4.500 4.632 4.710 4.781 4.851 4.915 4.974 5.026 5.071 5.111 5.143 5.130 4.899 4.242 2.450 0.678 0.120 0.000 0.000 0.000 0.000 0.000 0.000 0.000 0.000 0.000 0.000 0.000 0.000 0.000 0.000 0.000 0.000 0.000 0.000 0.000 0.000 0.000 0.000 0.000 0.000 0.000 0.000 0.000 0.000 0.000
0.000 0.000 0.000 0.000 0.000 1.033 1.177 1.306 1.428 1.553 1.684 1.819 1.957 2.097 2.240 2.384 2.531 2.680 2.831 2.982 3.134 3.287 3.440 3.594 3.749 3.904 4.060 4.216 4.372 4.529 4.687 4.847 5.007 5.166 5.326 5.422 5.515 5.607 5.695 5.781 5.866 5.950 5.997 5.900 5.440 2.996 0.734 0.155 0.404 0.112 0.000 0.000 0.000 0.000 0.000 0.000 0.000 0.000 0.000 0.000 0.000 0.000 0.000 0.000 0.000 0.000 0.000 0.000 0.000 0.000 0.000 0.000 0.000 0.000 0.000 0.000 0.000
0.000 0.000 0.000 0.000 1.000 1.154 1.285 1.409 1.534 1.666 1.804 1.947 2.092 2.238 2.385 2.535 2.687 2.841 2.997 3.154 3.312 3.470 3.629 3.789 3.949 4.111 4.273 4.436 4.599 4.763 4.927 5.091 5.256 5.421 5.584 5.748 5.890 5.995 6.101 6.209 6.317 6.423 6.512 6.467 6.138 2.545 0.426 0.153 0.422 0.475 0.000 0.000 0.000 0.000 0.000 0.000 0.000 0.000 0.000 0.000 0.000 0.000 0.000 0.000 0.000 0.000 0.000 0.000 0.000 0.000 0.000 0.000 0.000 0.000 0.000 0.000 0.000
0.000 0.000 0.000 0.927 1.096 1.236 1.361 1.483 1.611 1.747 1.891 2.039 2.188 2.338 2.489 2.642 2.797 2.955 3.114 3.275 3.436 3.598 3.760 3.924 4.089 4.255 4.421 4.587 4.754 4.922 5.090 5.258 5.427 5.595 5.762 5.928 6.098 6.257 6.373 6.492 6.613 6.730 6.840 6.792 5.855 1.650 0.052 0.018 0.216 0.424 0.104 0.000 0.000 0.000 0.000 0.000 0.000 0.000 0.000 0.000 0.000 0.000 0.000 0.000 0.000 0.000 0.000 0.000 0.000 0.000 0.000 0.000 0.000 0.000 0.000 0.000 0.000
0.000 0.000 0.000 0.995 1.155 1.290 1.414 1.536 1.664 1.803 1.950 2.102 2.255 2.408 2.561 2.716 2.873 3.033 3.195 3.358 3.521 3.685 3.850 4.016 4.183 4.351 4.520 4.689 4.859 5.029 5.200 5.371 5.542 5.713 5.883 6.054 6.229 6.408 6.559 6.684 6.809 6.934 7.023 7.138 4.550 0.905 0.046 0.052 0.322 0.000 0.000 0.000 0.000 0.000 0.000 0.000 0.000 0.000 0.000 0.000 0.000 0.000 0.000 0.000 0.000 0.000 0.000 0.000 0.000 0.000 0.000 0.000 0.000 0.000 0.000 0.000 0.000
0.000 0.000 0.000 1.035 1.192 1.326 1.449 1.571 1.701 1.841 1.991 2.145 2.300 2.455 2.610 2.766 2.924 3.085 3.248 3.412 3.577 3.743 3.909 4.076 4.245 4.414 4.585 4.756 4.927 5.099 5.272 5.444 5.617 5.789 5.962 6.138 6.318 6.497 6.674 6.810 6.933 7.056 7.121 7.225 2.959 0.574 0.417 0.263 0.000 0.000 0.000 0.000 0.000 0.000 0.000 0.000 0.000 0.000 0.000 0.000 0.000 0.000 0.000 0.000 0.000 0.000 0.000 0.000 0.000 0.000 0.000 0.000 0.000 0.000 0.000 0.000 0.000
0.000 0.000 0.000 1.058 1.214 1.348 1.472 1.595 1.725 1.866 2.017 2.172 2.329 2.485 2.641 2.798 2.957 3.119 3.283 3.448 3.613 3.779 3.947 4.115 4.284 4.455 4.626 4.798 4.970 5.142 5.316 5.489 5.662 5.836 6.012 6.191 6.373 6.549 6.718 6.890 7.008 7.127 7.176 6.410 1.554 0.000 0.000 0.000 0.000 0.000 0.000 0.000 0.000 0.000 0.000 0.000 0.000 0.000 0.000 0.000 0.000 0.000 0.000 0.000 0.000 0.000 0.000 0.000 0.000 0.000 0.000 0.000 0.000 0.000 0.000 0.000 0.000
0.000 0.000 0.865 1.072 1.227 1.361 1.486 1.609 1.740 1.882 2.033 2.189 2.346 2.503 2.660 2.817 2.977 3.139 3.303 3.469 3.635 3.801 3.969 4.138 4.308 4.479 4.650 4.823 4.996 5.169 5.343 5.516 5.691 5.867 6.045 6.225 6.403 6.575 6.741 6.919 7.051 7.162 7.364 4.930 0.659 0.000 0.000 0.000 0.000 0.000 0.000 0.000 0.000 0.000 0.000 0.000 0.000 0.000 0.000 0.000 0.000 0.000 0.000 0.000 0.000 0.000 0.000 0.000 0.000 0.000 0.000 0.000 0.000 0.000 0.000 0.000 0.000
0.000 0.000 0.872 1.078 1.233 1.369 1.493 1.618 1.749 1.891 2.042 2.198 2.356 2.513 2.670 2.828 2.988 3.150 3.315 3.481 3.647 3.814 3.982 4.151 4.321 4.492 4.665 4.837 5.011 5.184 5.358 5.533 5.708 5.886 6.065 6.242 6.415 6.584 6.752 6.937 7.073 7.183 7.477 3.522 0.125 0.000 0.000 0.000 0.000 0.000 0.000 0.000 0.000 0.000 0.000 0.000 0.000 0.000 0.000 0.000 0.000 0.000 0.000 0.000 0.000 0.000 0.000 0.000 0.000 0.000 0.000 0.000 0.000 0.000 0.000 0.000 0.000
0.000 0.000 0.874 1.081 1.236 1.372 1.497 1.621 1.753 1.895 2.047 2.203 2.360 2.518 2.675 2.833 2.993 3.156 3.320 3.486 3.653 3.820 3.988 4.158 4.328 4.500 4.672 4.844 5.017 5.191 5.365 5.540 5.717 5.896 6.073 6.246 6.415 6.584 6.760 6.954 7.091 7.208 7.271 2.650 0.000 0.000 0.000 0.000 0.000 0.000 0.000 0.000 0.000 0.000 0.000 0.000 0.000 0.000 0.000 0.000 0.000 0.000 0.000 0.000 0.000 0.000 0.000 0.000 0.000 0.000 0.000 0.000 0.000 0.000 0.000 0.000 0.000
0.000 0.000 0.874 1.081 1.236 1.372 1.498 1.623 1.755 1.897 2.048 2.204 2.362 2.519 2.676 2.835 2.995 3.157 3.322 3.488 3.655 3.822 3.991 4.160 4.330 4.502 4.674 4.847 5.020 5.194 5.368 5.545 5.723 5.901 6.075 6.244 6.411 6.588 6.778 6.974 7.112 7.232 7.115 2.158 0.000 0.000 0.000 0.000 0.000 0.000 0.000 0.000 0.000 0.000 0.000 0.000 0.000 0.000 0.000 0.000 0.000 0.000 0.000 0.000 0.000 0.000 0.000 0.000 0.000 0.000 0.000 0.000 0.000 0.000 0.000 0.000 0.000
0.000 0.000 0.872 1.079 1.236 1.372 1.497 1.622 1.755 1.897 2.049 2.205 2.362 2.519 2.676 2.835 2.995 3.158 3.322 3.488 3.655 3.823 3.991 4.160 4.331 4.502 4.675 4.847 5.020 5.194 5.369 5.547 5.725 5.899 6.067 6.235 6.412 6.607 6.802 6.986 7.130 7.244 7.077 2.002 0.000 0.000 0.000 0.000 0.000 0.000 0.000 0.000 0.000 0.000 0.000 0.000 0.000 0.000 0.000 0.000 0.000 0.000 0.000 0.000 0.000 0.000 0.000 0.000 0.000 0.000 0.000 0.000 0.000 0.000 0.000 0.000 0.000
0.000 0.000 0.866 1.075 1.232 1.369 1.495 1.621 1.753 1.896 2.048 2.203 2.360 2.517 2.675 2.833 2.993 3.156 3.321 3.487 3.653 3.821 3.989 4.159 4.329 4.501 4.673 4.845 5.018 5.192 5.368 5.546 5.721 5.888 6.055 6.234 6.432 6.632 6.813 6.983 7.141 7.246 7.090 2.080 0.000 0.000 0.000 0.000 0.000 0.000 0.000 0.000 0.000 0.000 0.000 0.000 0.000 0.000 0.000 0.000 0.000 0.000 0.000 0.000 0.000 0.000 0.000 0.000 0.000 0.000 0.000 0.000 0.000 0.000 0.000 0.000 0.000
0.000 0.000 0.856 1.066 1.225 1.363 1.490 1.616 1.750 1.893 2.044 2.199 2.356 2.512 2.670 2.828 2.988 3.151 3.316 3.481 3.648 3.816 3.984 4.153 4.324 4.495 4.667 4.840 5.014 5.189 5.365 5.540 5.707 5.873 6.053 6.254 6.457 6.641 6.801 6.948 7.119 7.233 7.203 2.421 0.000 0.000 0.000 0.000 0.000 0.000 0.000 0.000 0.000 0.000 0.000 0.000 0.000 0.000 0.000 0.000 0.000 0.000 0.000 0.000 0.000 0.000 0.000 0.000 0.000 0.000 0.000 0.000 0.000 0.000 0.000 0.000 0.000
0.000 0.000 0.843 1.051 1.212 1.350 1.478 1.606 1.741 1.885 2.036 2.190 2.346 2.502 2.659 2.817 2.978 3.141 3.305 3.471 3.638 3.805 3.973 4.143 4.313 4.484 4.656 4.829 5.003 5.178 5.352 5.521 5.687 5.866 6.069 6.275 6.457 6.603 6.731 6.889 7.088 7.194 7.440 3.095 0.267 0.000 0.000 0.000 0.000 0.000 0.088 0.000 0.000 0.000 0.000 0.000 0.000 0.000 0.000 0.000 0.000 0.000 0.000 0.000 0.000 0.000 0.000 0.000 0.000 0.000 0.000 0.000 0.000 0.000 0.000 0.000 0.000
0.000 0.000 0.822 1.025 1.189 1.329 1.459 1.588 1.725 1.869 2.019 2.173 2.328 2.483 2.640 2.798 2.959 3.121 3.286 3.451 3.618 3.785 3.953 4.122 4.292 4.463 4.635 4.808 4.982 5.156 5.325 5.492 5.668 5.870 6.081 6.261 6.390 6.500 6.653 6.868 7.043 7.178 7.393 4.055 0.710 0.135 0.054 0.014 0.000 0.014 0.324 0.000 0.000 0.000 0.000 0.000 0.000 0.000 0.000 0.000 0.000 0.000 0.000 0.000 0.000 0.000 0.000 0.000 0.000 0.000 0.000 0.000 0.000 0.000 0.000 0.000 0.000
0.000 0.000 0.000 0.983 1.153 1.295 1.427 1.560 1.698 1.842 1.992 2.144 2.298 2.453 2.609 2.767 2.928 3.090 3.254 3.419 3.585 3.752 3.919 4.088 4.258 4.429 4.601 4.773 4.946 5.117 5.285 5.459 5.657 5.870 6.049 6.164 6.261 6.412 6.658 6.874 7.031 7.223 7.272 4.972 1.321 0.409 0.244 0.175 0.170 0.207 0.381 0.000 0.000 0.000 0.000 0.000 0.000 0.000 0.000 0.000 0.000 0.000 0.000 0.000 0.000 0.000 0.000 0.000 0.000 0.000 0.000 0.000 0.000 0.000 0.000 0.000 0.000
0.000 0.000 0.000 0.914 1.094 1.244 1.380 1.515 1.655 1.799 1.948 2.099 2.251 2.405 2.561 2.719 2.879 3.040 3.203 3.368 3.533 3.699 3.866 4.035 4.204 4.374 4.546 4.718 4.888 5.057 5.228 5.419 5.626 5.804 5.917 6.009 6.162 6.437 6.695 6.907 7.140 7.297 7.272 5.551 1.956 0.894 0.595 0.532 0.533 0.480 0.344 0.417 0.000 0.000 0.000 0.000 0.000 0.000 0.000 0.000 0.000 0.000 0.000 0.000 0.000 0.000 0.000 0.000 0.000 0.000 0.000 0.000 0.000 0.000 0.000 0.000 0.000
0.000 0.000 0.000 0.811 1.002 1.165 1.308 1.448 1.589 1.734 1.882 2.031 2.182 2.335 2.489 2.646 2.805 2.965 3.127 3.290 3.454 3.619 3.785 3.952 4.120 4.289 4.459 4.628 4.796 4.964 5.143 5.336 5.509 5.634 5.741 5.908 6.190 6.510 6.758 6.991 6.929 7.184 7.167 5.812 2.469 1.492 1.185 1.038 1.000 0.821 0.659 0.000 0.000 0.000 0.000 0.000 0.000 0.000 0.000 0.000 0.000 0.000 0.000 0.000 0.000 0.000 0.000 0.000 0.000 0.000 0.000 0.000 0.000 0.000 0.000 0.000 0.000
0.000 0.000 0.000 0.681 0.863 1.049 1.203 1.350 1.494 1.638 1.784 1.932 2.081 2.232 2.385 2.539 2.696 2.854 3.013 3.173 3.335 3.498 3.661 3.826 3.991 4.156 4.321 4.485 4.647 4.811 4.986 5.153 5.291 5.430 5.619 5.917 6.291 6.593 6.630 6.423 6.324 6.711 6.730 5.668 2.901 2.068 1.727 1.507 1.316 0.870 0.000 0.000 0.000 0.000 0.000 0.000 0.000 0.000 0.000 0.000 0.000 0.000 0.000 0.000 0.000 0.000 0.000 0.000 0.000 0.000 0.000 0.000 0.000 0.000 0.000 0.000 0.000
0.000 0.000 0.000 0.000 0.704 0.882 1.047 1.208 1.355 1.499 1.644 1.790 1.937 2.084 2.234 2.385 2.537 2.691 2.846 3.002 3.159 3.316 3.474 3.631 3.787 3.943 4.097 4.248 4.395 4.545 4.706 4.860 5.012 5.225 5.548 5.864 6.092 5.995 5.714 5.553 5.768 6.217 6.251 5.339 3.351 2.710 2.269 1.737 1.068 0.229 0.000 0.000 0.000 0.000 0.000 0.000 0.000 0.000 0.000 0.000 0.000 0.000 0.000 0.000 0.000 0.000 0.000 0.000 0.000 0.000 0.000 0.000 0.000 0.000 0.000 0.000 0.000
0.000 0.000 0.000 0.000 0.000 0.703 0.850 1.008 1.157 1.303 1.447 1.590 1.733 1.875 2.019 2.163 2.309 2.454 2.601 2.747 2.894 3.038 3.181 3.320 3.457 3.592 3.724 3.852 3.979 4.121 4.291 4.476 4.678 4.930 5.182 5.239 5.082 4.846 4.739 4.894 5.467 5.812 5.820 4.731 3.618 3.013 2.147 1.220 0.437 0.000 0.000 0.000 0.000 0.000 0.000 0.000 0.000 0.000 0.000 0.000 0.000 0.000 0.000 0.000 0.000 0.000 0.000 0.000 0.000 0.000 0.000 0.000 0.000 0.000 0.000 0.000 0.000
0.000 0.000 0.000 0.000 0.000 0.000 0.664 0.799 0.929 1.066 1.198 1.330 1.460 1.591 1.724 1.856 1.987 2.116 2.245 2.371 2.494 2.611 2.723 2.831 2.936 3.038 3.137 3.238 3.351 3.501 3.696 3.878 4.027 4.121 4.097 3.992 3.871 3.843 3.972 4.375 5.089 5.284 4.871 3.878 3.112 2.269 1.338 0.571 0.000 0.000 0.000 0.000 0.000 0.000 0.000 0.000 0.000 0.000 0.000 0.000 0.000 0.000 0.000 0.000 0.000 0.000 0.000 0.000 0.000 0.000 0.000 0.000 0.000 0.000 0.000 0.000 0.000
0.000 0.000 0.000 0.000 0.000 0.000 0.000 0.615 0.706 0.829 0.939 1.060 1.180 1.296 1.409 1.518 1.623 1.727 1.827 1.921 2.010 2.095 2.178 2.258 2.336 2.411 2.485 2.561 2.646 2.756 2.881 2.962 3.000 3.000 2.970 2.918 2.909 2.974 3.215 3.632 4.020 3.963 3.353 2.810 2.173 1.310 0.595 0.000 0.000 0.000 0.000 0.000 0.000 0.000 0.000 0.000 0.000 0.000 0.000 0.000 0.000 0.000 0.000 0.000 0.000 0.000 0.000 0.000 0.000 0.000 0.000 0.000 0.000 0.000 0.000 0.000 0.000
0.000 0.000 0.000 0.000 0.000 0.000 0.000 0.000 0.000 0.601 0.687 0.786 0.905 1.003 1.091 1.173 1.257 1.337 1.409 1.476 1.541 1.606 1.669 1.728 1.784 1.837 1.888 1.938 1.991 2.048 2.094 2.113 2.111 2.098 2.080 2.074 2.095 2.175 2.327 2.488 2.505 2.383 2.035 1.493 0.963 0.497 0.000 0.000 0.000 0.000 0.000 0.000 0.000 0.000 0.000 0.000 0.000 0.000 0.000 0.000 0.000 0.000 0.000 0.000 0.000 0.000 0.000 0.000 0.000 0.000 0.000 0.000 0.000 0.000 0.000 0.000 0.000
0.000 0.000 0.000 0.000 0.000 0.000 0.000 0.000 0.000 0.000 0.000 0.537 0.639 0.711 0.767 0.813 0.884 0.947 0.998 1.050 1.108 1.163 1.210 1.252 1.291 1.326 1.358 1.386 1.411 1.427 1.431 1.424 1.409 1.396 1.392 1.394 1.415 1.456 1.501 1.488 1.405 1.207 0.898 0.592 0.290 0.000 0.000 0.000 0.000 0.000 0.000 0.000 0.000 0.000 0.000 0.000 0.000 0.000 0.000 0.000 0.000 0.000 0.000 0.000 0.000 0.000 0.000 0.000 0.000 0.000 0.000 0.000 0.000 0.000 0.000 0.000 0.000
0.000 0.000 0.000 0.000 0.000 0.000 0.000 0.000 0.000 0.000 0.000 0.000 0.000 0.409 0.437 0.450 0.502 0.555 0.615 0.675 0.732 0.776 0.807 0.825 0.857 0.881 0.898 0.910 0.917 0.917 0.907 0.890 0.872 0.863 0.866 0.860 0.873 0.872 0.852 0.792 0.677 0.512 0.334 0.192 0.000 0.000 0.000 0.000 0.000 0.000 0.000 0.000 0.000 0.000 0.000 0.000 0.000 0.000 0.000 0.000 0.000 0.000 0.000 0.000 0.000 0.000 0.000 0.000 0.000 0.000 0.000 0.000 0.000 0.000 0.000 0.000 0.000
0.000 0.000 0.000 0.000 0.000 0.000 0.000 0.000 0.000 0.000 0.000 0.000 0.000 0.000 0.000 0.000 0.000 0.000 0.000 0.000 0.402 0.430 0.445 0.443 0.469 0.484 0.492 0.496 0.496 0.493 0.483 0.470 0.458 0.452 0.458 0.442 0.453 0.436 0.407 0.349 0.256 0.166 0.000 0.000 0.000 0.000 0.000 0.000 0.000 0.000 0.000 0.000 0.000 0.000 0.000 0.000 0.000 0.000 0.000 0.000 0.000 0.000 0.000 0.000 0.000 0.000 0.000 0.000 0.000 0.000 0.000 0.000 0.000 0.000 0.000 0.000 0.000
0.000 0.000 0.000 0.000 0.000 0.000 0.000 0.000 0.000 0.000 0.000 0.000 0.000 0.000 0.000 0.000 0.000 0.000 0.000 0.000 0.000 0.000 0.000 0.000 0.000 0.000 0.000 0.000 0.000 0.000 0.000 0.000 0.000 0.000 0.000 0.000 0.000 0.000 0.000 0.000 0.000 0.000 0.000 0.000 0.000 0.000 0.000 0.000 0.000 0.000 0.000 0.000 0.000 0.000 0.000 0.000 0.000 0.000 0.000 0.000 0.000 0.000 0.000 0.000 0.000 0.000 0.000 0.000 0.000 0.000 0.000 0.000 0.000 0.000 0.000 0.000 0.000
