avaframe/data/avaParabola/Avaflow_Input/prefix_results/prefix_ascii/prefix_tflow0004.asc
ncols 250
nrows 100
xllcenter 997.50
yllcenter -4997.50
cellsize 20.00
NODATA_value -9999.000
[rows 33 to 65 of 100, columns 74 to 147 of 250]
0.000 0.000 0.000 0.000 0.000 0.000 0.000 0.000 0.000 0.000 0.000 0.000 0.758 0.819 0.896 0.967 1.007 1.037 1.096 1.173 1.192 1.160 1.364 1.019 0.000 0.000 0.000 0.000 0.000 0.000 0.000 0.000 0.000 0.000 0.000 0.000 0.000 0.000 0.000 0.000 0.000 0.000 0.000 0.000 0.000 0.000 0.000 0.000 0.000 0.000 0.000 0.000 0.000 0.000 0.000 0.000 0.000 0.000 0.000 0.000 0.000 0.000 0.000 0.000 0.000 0.000 0.000 0.000 0.000 0.000 0.000 0.000 0.000 0.000
0.000 0.000 0.000 0.000 0.000 0.000 0.000 0.000 0.000 0.000 0.839 1.029 1.274 1.547 1.883 2.234 2.588 2.926 3.223 3.480 3.703 3.849 3.847 3.745 3.617 3.470 3.222 2.999 2.895 2.312 1.515 0.000 0.000 0.000 0.000 0.000 0.000 0.000 0.000 0.000 0.000 0.000 0.000 0.000 0.000 0.000 0.000 0.000 0.000 0.000 0.000 0.000 0.000 0.000 0.000 0.000 0.000 0.000 0.000 0.000 0.000 0.000 0.000 0.000 0.000 0.000 0.000 0.000 0.000 0.000 0.000 0.000 0.000 0.000
0.000 0.000 0.000 0.000 0.000 0.000 0.000 0.787 1.006 1.329 1.740 2.297 3.011 3.861 4.832 5.952 7.232 8.595 9.974 11.321 12.616 13.863 14.994 15.864 16.363 16.479 16.200 15.337 13.836 12.066 9.787 7.569 5.784 4.345 2.930 1.484 0.000 0.000 0.000 0.000 0.000 0.000 0.000 0.000 0.000 0.000 0.000 0.000 0.000 0.000 0.000 0.000 0.000 0.000 0.000 0.000 0.000 0.000 0.000 0.000 0.000 0.000 0.000 0.000 0.000 0.000 0.000 0.000 0.000 0.000 0.000 0.000 0.000 0.000
0.000 0.000 0.000 0.000 0.000 0.000 0.892 1.290 1.912 2.792 4.002 5.623 7.746 10.414 13.643 17.454 21.837 26.765 32.199 38.019 44.007 49.936 55.667 60.952 64.233 64.986 64.375 62.080 58.127 53.131 47.587 41.206 33.983 26.182 18.906 13.093 8.550 5.236 2.473 1.489 0.000 0.000 0.000 0.000 0.000 0.000 0.000 0.000 0.000 0.000 0.000 0.000 0.000 0.000 0.000 0.000 0.000 0.000 0.000 0.000 0.000 0.000 0.000 0.000 0.000 0.000 0.000 0.000 0.000 0.000 0.000 0.000 0.000 0.000
0.000 0.000 0.000 0.000 0.000 1.011 1.588 2.525 3.961 6.092 9.152 13.422 19.171 26.630 36.009 47.491 61.206 77.123 95.113 114.944 136.360 155.336 171.273 186.035 198.830 208.962 216.086 219.608 219.110 213.772 204.602 189.567 168.673 143.875 118.453 93.898 70.407 49.126 31.914 19.071 10.003 3.656 0.000 0.000 0.000 0.000 0.000 0.000 0.000 0.000 0.000 0.000 0.000 0.000 0.000 0.000 0.000 0.000 0.000 0.000 0.000 0.000 0.000 0.000 0.000 0.000 0.000 0.000 0.000 0.000 0.000 0.000 0.000 0.000
0.000 0.000 0.000 0.000 1.093 1.848 3.161 5.240 8.445 13.283 20.359 30.418 44.273 62.695 86.482 116.465 153.378 197.376 248.434 299.262 349.162 401.688 455.553 509.618 562.547 612.969 659.453 699.744 731.129 749.815 754.918 740.827 711.778 664.655 603.385 529.223 445.165 357.508 272.918 199.636 139.988 88.428 35.718 2.109 0.000 0.000 0.000 0.000 0.000 0.000 0.000 0.000 0.000 0.000 0.000 0.000 0.000 0.000 0.000 0.000 0.000 0.000 0.000 0.000 0.000 0.000 0.000 0.000 0.000 0.000 0.000 0.000 0.000 0.000
0.000 0.000 0.000 1.127 1.994 3.619 6.357 10.737 17.579 27.977 43.259 65.089 95.415 136.316 190.192 259.630 346.968 451.018 556.071 673.738 804.173 946.802 1100.739 1263.988 1434.272 1608.625 1783.934 1954.058 2113.067 2253.878 2370.055 2451.725 2496.184 2489.178 2430.895 2318.933 2147.567 1927.532 1665.895 1401.845 1205.539 1046.338 832.186 126.368 0.817 0.000 0.000 0.000 0.000 0.000 0.000 0.000 0.000 0.000 0.000 0.000 0.000 0.000 0.000 0.000 0.000 0.000 0.000 0.000 0.000 0.000 0.000 0.000 0.000 0.000 0.000 0.000 0.000 0.000
0.000 0.000 1.100 2.013 3.821 7.044 12.433 21.155 34.882 55.715 86.256 129.780 190.149 271.684 379.000 517.557 693.291 895.931 1120.354 1379.286 1676.031 2009.969 2382.708 2792.924 3237.352 3711.517 4212.467 4732.375 5262.316 5794.444 6313.469 6803.054 7236.886 7588.667 7839.525 7962.052 7906.335 7701.203 7291.690 6806.527 6537.475 7264.435 8810.186 3194.040 23.575 0.000 0.000 0.000 0.000 0.000 0.000 0.000 0.000 0.000 0.000 0.000 0.000 0.000 0.000 0.000 0.000 0.000 0.000 0.000 0.000 0.000 0.000 0.000 0.000 0.000 0.000 0.000 0.000 0.000
0.000 1.009 1.872 3.698 7.088 12.935 22.610 38.167 62.378 98.632 151.058 224.745 325.697 460.736 637.474 863.633 1147.480 1498.124 1924.300 2436.822 3031.726 3678.546 4418.150 5255.017 6186.854 7208.366 8325.262 9533.790 10821.670 12182.373 13598.324 15048.302 16510.863 17961.832 19354.037 20619.658 21677.633 22479.875 22818.352 22644.125 22910.014 30976.152 43520.418 29424.928 375.099 0.693 0.000 0.000 0.000 0.000 0.000 0.000 0.000 0.000 0.000 0.000 0.000 0.000 0.000 0.000 0.000 0.000 0.000 0.000 0.000 0.000 0.000 0.000 0.000 0.000 0.000 0.000 0.000 0.000
0.000 1.495 3.037 6.079 11.492 20.629 35.506 58.929 94.541 146.802 221.071 323.790 462.541 645.966 883.722 1186.331 1564.978 2031.652 2599.364 3282.251 4095.423 5053.631 6175.956 7480.734 8906.826 10474.399 12240.928 14210.950 16366.087 18723.111 21287.986 24032.441 26954.389 30065.955 33348.266 36776.734 40348.316 44038.000 47479.895 50145.125 52990.676 82079.617 125060.492 98544.117 3030.136 4.524 0.000 0.000 0.000 0.000 0.000 0.000 0.000 0.000 0.000 0.000 0.000 0.000 0.000 0.000 0.000 0.000 0.000 0.000 0.000 0.000 0.000 0.000 0.000 0.000 0.000 0.000 0.000 0.000
1.064 2.084 4.252 8.382 15.597 27.634 47.041 77.160 122.222 187.424 279.047 404.619 572.937 794.025 1079.082 1440.402 1891.374 2446.321 3120.558 3930.908 4895.511 6033.505 7366.143 8916.147 10705.074 12755.201 15100.185 17685.967 20473.408 23576.000 27016.480 30756.109 34810.637 39197.285 43909.125 48982.656 54485.414 60520.426 66624.039 72285.672 84654.180 154821.641 248417.828 219696.438 9544.499 15.633 0.000 0.000 0.000 0.000 0.000 0.000 0.000 0.000 0.000 0.000 0.000 0.000 0.000 0.000 0.000 0.000 0.000 0.000 0.000 0.000 0.000 0.000 0.000 0.000 0.000 0.000 0.000 0.000
1.296 2.583 5.183 10.129 18.733 32.984 55.800 90.895 142.904 217.522 321.631 463.458 652.626 900.108 1218.230 1620.533 2121.608 2737.352 3484.997 4382.818 5450.722 6710.637 8186.110 9901.994 11883.979 14158.617 16757.033 19711.004 23053.039 26837.455 30889.264 35329.566 40215.555 45542.461 51309.020 57579.727 64446.684 71995.797 79912.141 88688.086 116201.086 220226.047 341302.625 312891.062 14066.054 22.903 0.026 0.000 0.000 0.000 0.000 0.000 0.000 0.000 0.000 0.000 0.000 0.000 0.000 0.000 0.000 0.000 0.000 0.000 0.000 0.000 0.000 0.000 0.000 0.000 0.000 0.000 0.000 0.000
1.443 2.907 5.816 11.330 20.885 36.657 61.797 100.244 156.894 237.749 350.070 502.528 705.271 969.893 1309.335 1737.892 2271.103 2925.651 3719.660 4672.892 5806.586 7143.223 8707.358 10526.517 12628.891 15042.002 17796.287 20929.861 24488.227 28520.758 33060.391 38148.309 43603.695 49588.332 56116.352 63214.445 70952.992 79382.430 88294.656 101211.008 148460.156 278411.094 400331.250 354958.406 12814.019 22.147 0.022 0.000 0.000 0.000 0.000 0.000 0.000 0.000 0.000 0.000 0.000 0.000 0.000 0.000 0.000 0.000 0.000 0.000 0.000 0.000 0.000 0.000 0.000 0.000 0.000 0.000 0.000 0.000
1.535 3.103 6.209 12.094 22.246 38.972 65.557 106.066 165.564 250.233 367.561 526.473 737.380 1012.247 1364.486 1808.745 2360.998 3038.573 3860.059 4845.702 6017.551 7399.527 9016.446 10892.988 13058.672 15548.571 18399.566 21652.178 25348.096 29526.529 34212.180 39444.441 45362.957 51902.633 58978.176 66658.938 74933.867 83840.625 93638.156 113032.227 183457.594 339426.281 432263.750 344102.406 7389.642 14.302 0.013 0.000 0.000 0.000 0.000 0.000 0.000 0.000 0.000 0.000 0.000 0.000 0.000 0.000 0.000 0.000 0.000 0.000 0.000 0.000 0.000 0.000 0.000 0.000 0.000 0.000 0.000 0.000
1.586 3.215 6.439 12.544 23.041 40.314 67.709 109.359 170.436 257.227 377.348 539.877 755.388 1035.972 1395.240 1848.161 2410.920 3101.100 3937.815 4941.557 6134.538 7540.631 9185.050 11095.427 13300.236 15834.730 18744.568 22075.193 25860.662 30122.441 34880.332 40183.480 46183.871 53048.879 60419.035 68482.359 77179.891 86554.148 97670.578 131212.141 229824.109 388747.125 464014.719 292825.062 2566.305 4.569 0.000 0.000 0.000 0.000 0.000 0.000 0.000 0.000 0.000 0.000 0.000 0.000 0.000 0.000 0.000 0.000 0.000 0.000 0.000 0.000 0.000 0.000 0.000 0.000 0.000 0.000 0.000 0.000
1.605 3.270 6.560 12.784 23.463 41.007 68.794 110.985 172.819 260.648 382.153 546.471 764.259 1047.719 1410.525 1867.753 2435.803 3132.391 3976.721 4989.634 6193.674 7613.142 9273.612 11202.176 13431.851 16004.125 18964.906 22350.938 26175.332 30447.801 35212.309 40575.984 46690.703 53710.148 61308.969 69655.102 78698.211 88487.992 103629.070 157406.609 287636.000 432557.781 482109.219 111882.289 619.873 1.169 0.000 0.000 0.000 0.000 0.000 0.000 0.000 0.000 0.000 0.000 0.000 0.000 0.000 0.000 0.000 0.000 0.000 0.000 0.000 0.000 0.000 0.000 0.000 0.000 0.000 0.000 0.000 0.000
1.606 3.290 6.610 12.888 23.648 41.297 69.226 111.612 173.721 261.948 384.005 549.056 767.754 1052.292 1416.432 1875.304 2445.343 3144.371 3991.630 5008.020 6216.272 7641.153 9309.942 11252.438 13503.976 16107.514 19103.400 22510.893 26337.422 30597.029 35378.281 40833.383 47123.211 54258.051 62002.297 70641.219 80049.180 90391.430 113157.711 191646.672 351171.562 459978.562 435665.000 28762.246 112.161 0.278 0.000 0.000 0.000 0.000 0.000 0.000 0.000 0.000 0.000 0.000 0.000 0.000 0.000 0.000 0.000 0.000 0.000 0.000 0.000 0.000 0.000 0.000 0.000 0.000 0.000 0.000 0.000 0.000
1.591 3.291 6.625 12.910 23.695 41.365 69.308 111.712 173.851 262.141 384.305 549.502 768.430 1053.275 1417.669 1876.808 2447.232 3146.732 3994.599 5011.762 6221.061 7647.585 9319.521 11271.040 13541.841 16172.414 19189.934 22596.154 26371.512 30596.668 35446.816 41144.625 47804.059 54879.344 62891.965 71714.797 81184.133 93000.781 131547.906 248331.484 413207.875 482528.812 308306.562 4795.710 17.063 0.029 0.000 0.000 0.000 0.000 0.000 0.000 0.000 0.000 0.000 0.000 0.000 0.000 0.000 0.000 0.000 0.000 0.000 0.000 0.000 0.000 0.000 0.000 0.000 0.000 0.000 0.000 0.000 0.000
1.552 3.268 6.611 12.873 23.643 41.271 69.123 111.403 173.389 261.505 383.473 548.447 767.074 1051.549 1415.565 1874.173 2443.853 3142.519 3989.514 5005.882 6214.734 7641.830 9317.042 11276.709 13563.608 16213.246 19226.719 22574.734 26300.988 30558.746 35661.004 41820.129 48372.363 56072.211 64133.438 72426.250 81864.383 96869.695 166050.578 325950.531 443891.344 450687.969 64164.422 580.785 2.193 0.000 0.000 0.000 0.000 0.000 0.000 0.000 0.000 0.000 0.000 0.000 0.000 0.000 0.000 0.000 0.000 0.000 0.000 0.000 0.000 0.000 0.000 0.000 0.000 0.000 0.000 0.000 0.000 0.000
1.484 3.203 6.534 12.727 23.410 40.892 68.473 110.367 171.856 259.366 380.602 544.680 762.211 1045.292 1407.505 1863.927 2431.051 3126.838 3970.937 4984.781 6192.087 7619.930 9299.453 11268.606 13569.286 16214.608 19172.062 22449.092 26174.951 30720.180 36361.008 42447.688 50042.250 57046.836 64077.715 72694.555 81221.984 110031.242 231487.891 383480.250 437398.438 279478.406 7788.712 52.981 0.155 0.000 0.000 0.000 0.000 0.000 0.000 0.000 0.000 0.000 0.000 0.000 0.000 0.000 0.000 0.000 0.000 0.000 0.000 0.000 0.000 0.000 0.000 0.000 0.000 0.000 0.000 0.000 0.000 0.000
1.374 3.055 6.322 12.368 22.827 39.961 66.964 108.030 168.428 254.561 374.081 536.024 750.905 1030.738 1389.002 1840.692 2402.468 3092.673 3931.408 4940.992 6146.495 7576.590 9264.365 11244.288 13538.430 16128.294 18990.404 22248.924 26284.600 31426.211 37005.289 44521.250 50854.273 56368.871 62287.113 71606.250 83430.000 161694.547 303231.000 392942.125 329711.750 39512.328 614.232 3.995 0.000 0.000 0.000 0.000 0.000 0.000 0.000 0.000 0.000 0.000 0.000 0.000 0.000 0.000 0.000 0.000 0.000 0.000 0.000 0.000 0.000 0.000 0.000 0.000 0.000 0.000 0.000 0.000 0.000 0.000
1.186 2.765 5.883 11.658 21.671 38.124 64.081 103.651 162.041 245.577 361.802 519.614 729.349 1002.858 1353.581 1796.608 2348.922 3029.569 3859.575 4861.970 6062.612 7491.500 9180.216 11152.692 13397.705 15885.221 18700.580 22227.271 26939.111 32027.418 39022.379 44765.086 49138.504 53605.500 62208.508 68746.359 113831.836 232855.562 318263.312 315168.906 87818.625 2977.605 36.435 0.154 0.000 0.000 0.000 0.000 0.000 0.000 0.000 0.000 0.000 0.000 0.000 0.000 0.000 0.000 0.000 0.000 0.000 0.000 0.000 0.000 0.000 0.000 0.000 0.000 0.000 0.000 0.000 0.000 0.000 0.000
0.934 2.300 5.137 10.440 19.681 34.956 59.177 96.279 151.302 230.405 340.927 491.540 692.360 955.042 1292.964 1721.543 2258.434 2923.528 3738.159 4725.138 5909.879 7319.102 8975.761 10887.759 13038.843 15468.307 18452.689 22471.949 27388.273 33466.984 38266.215 41645.602 44989.508 53225.137 57712.793 85404.305 163428.562 249187.891 250021.703 109812.344 6698.406 139.884 1.321 0.000 0.000 0.000 0.000 0.000 0.000 0.000 0.000 0.000 0.000 0.000 0.000 0.000 0.000 0.000 0.000 0.000 0.000 0.000 0.000 0.000 0.000 0.000 0.000 0.000 0.000 0.000 0.000 0.000 0.000 0.000
0.000 1.697 4.052 8.594 16.624 30.061 51.601 84.896 134.667 206.746 308.129 447.150 633.609 878.953 1196.646 1602.485 2114.594 2752.704 3536.602 4485.192 5618.718 6959.083 8521.868 10315.313 12367.601 14823.568 18220.934 22618.096 27470.855 31300.574 33276.316 34877.426 39978.586 46805.238 63579.758 111737.133 172196.469 177663.312 84773.805 8131.166 283.258 5.559 0.030 0.000 0.000 0.000 0.000 0.000 0.000 0.000 0.000 0.000 0.000 0.000 0.000 0.000 0.000 0.000 0.000 0.000 0.000 0.000 0.000 0.000 0.000 0.000 0.000 0.000 0.000 0.000 0.000 0.000 0.000 0.000
0.000 1.039 2.691 6.139 12.458 23.289 41.012 68.842 110.980 172.718 260.512 382.128 546.847 765.779 1052.249 1421.871 1891.641 2478.142 3195.400 4053.981 5066.676 6251.126 7630.839 9261.118 11269.688 13816.432 17025.334 20547.381 22952.191 23857.117 24104.428 26478.615 34345.109 43241.145 71335.414 107151.977 105298.922 43615.734 5757.530 296.896 9.838 0.114 0.000 0.000 0.000 0.000 0.000 0.000 0.000 0.000 0.000 0.000 0.000 0.000 0.000 0.000 0.000 0.000 0.000 0.000 0.000 0.000 0.000 0.000 0.000 0.000 0.000 0.000 0.000 0.000 0.000 0.000 0.000 0.000
0.000 0.000 1.312 3.388 7.572 15.113 27.926 48.588 80.562 128.339 197.483 294.780 428.535 608.904 847.982 1158.806 1552.731 2038.581 2623.504 3303.359 4087.620 5000.006 6081.308 7395.302 9020.470 10863.892 12556.221 13598.647 13736.885 13491.797 14277.538 18452.969 25675.869 39478.656 56078.512 46292.680 15660.153 2594.154 183.043 8.629 0.187 0.000 0.000 0.000 0.000 0.000 0.000 0.000 0.000 0.000 0.000 0.000 0.000 0.000 0.000 0.000 0.000 0.000 0.000 0.000 0.000 0.000 0.000 0.000 0.000 0.000 0.000 0.000 0.000 0.000 0.000 0.000 0.000 0.000
0.000 0.000 0.000 1.319 3.358 7.399 14.737 27.190 47.200 78.039 123.924 190.118 283.111 410.683 581.037 799.369 1066.523 1377.519 1732.317 2127.693 2566.236 3071.738 3662.364 4320.051 4979.507 5520.645 5841.253 5773.344 5518.742 5421.266 6452.356 9101.372 12663.597 15181.911 11535.018 4222.458 802.906 75.258 4.862 0.173 0.000 0.000 0.000 0.000 0.000 0.000 0.000 0.000 0.000 0.000 0.000 0.000 0.000 0.000 0.000 0.000 0.000 0.000 0.000 0.000 0.000 0.000 0.000 0.000 0.000 0.000 0.000 0.000 0.000 0.000 0.000 0.000 0.000 0.000
0.000 0.000 0.000 0.000 1.108 2.750 5.990 11.780 21.491 36.825 59.966 93.799 141.784 207.608 294.007 399.899 521.350 651.852 787.587 930.726 1081.892 1247.176 1425.913 1599.605 1734.712 1798.898 1745.882 1659.548 1589.917 1635.360 1895.290 2409.710 2838.633 2122.509 848.441 190.750 22.570 1.915 0.101 0.000 0.000 0.000 0.000 0.000 0.000 0.000 0.000 0.000 0.000 0.000 0.000 0.000 0.000 0.000 0.000 0.000 0.000 0.000 0.000 0.000 0.000 0.000 0.000 0.000 0.000 0.000 0.000 0.000 0.000 0.000 0.000 0.000 0.000 0.000
0.000 0.000 0.000 0.000 0.000 0.771 1.895 4.114 8.005 14.206 23.525 36.961 55.612 80.216 110.600 145.346 181.946 218.844 255.174 291.370 328.245 364.777 398.718 425.147 438.981 435.961 415.889 388.712 370.752 368.625 376.639 382.717 299.673 140.595 37.591 5.342 0.467 0.035 0.000 0.000 0.000 0.000 0.000 0.000 0.000 0.000 0.000 0.000 0.000 0.000 0.000 0.000 0.000 0.000 0.000 0.000 0.000 0.000 0.000 0.000 0.000 0.000 0.000 0.000 0.000 0.000 0.000 0.000 0.000 0.000 0.000 0.000 0.000 0.000
0.000 0.000 0.000 0.000 0.000 0.000 0.405 1.056 2.273 4.345 7.504 12.003 17.969 25.309 33.644 42.370 50.917 59.073 66.873 74.415 81.539 87.734 92.345 94.820 94.613 91.150 84.277 75.381 67.393 60.100 51.763 38.306 19.733 6.116 1.033 0.097 0.000 0.000 0.000 0.000 0.000 0.000 0.000 0.000 0.000 0.000 0.000 0.000 0.000 0.000 0.000 0.000 0.000 0.000 0.000 0.000 0.000 0.000 0.000 0.000 0.000 0.000 0.000 0.000 0.000 0.000 0.000 0.000 0.000 0.000 0.000 0.000 0.000 0.000
0.000 0.000 0.000 0.000 0.000 0.000 0.000 0.000 0.380 0.888 1.743 2.895 4.396 6.078 7.815 9.492 11.045 12.469 13.777 14.957 15.949 16.682 17.069 17.079 16.607 15.527 13.776 11.562 9.321 6.970 4.597 2.343 0.806 0.160 0.000 0.000 0.000 0.000 0.000 0.000 0.000 0.000 0.000 0.000 0.000 0.000 0.000 0.000 0.000 0.000 0.000 0.000 0.000 0.000 0.000 0.000 0.000 0.000 0.000 0.000 0.000 0.000 0.000 0.000 0.000 0.000 0.000 0.000 0.000 0.000 0.000 0.000 0.000 0.000
0.000 0.000 0.000 0.000 0.000 0.000 0.000 0.000 0.000 0.000 0.000 0.391 0.610 0.839 1.054 1.250 1.424 1.579 1.715 1.829 1.912 1.958 1.970 1.940 1.852 1.685 1.438 1.135 0.828 0.503 0.225 0.066 0.000 0.000 0.000 0.000 0.000 0.000 0.000 0.000 0.000 0.000 0.000 0.000 0.000 0.000 0.000 0.000 0.000 0.000 0.000 0.000 0.000 0.000 0.000 0.000 0.000 0.000 0.000 0.000 0.000 0.000 0.000 0.000 0.000 0.000 0.000 0.000 0.000 0.000 0.000 0.000 0.000 0.000
0.000 0.000 0.000 0.000 0.000 0.000 0.000 0.000 0.000 0.000 0.000 0.000 0.000 0.000 0.000 0.000 0.000 0.000 0.000 0.000 0.074 0.075 0.075 0.073 0.069 0.000 0.000 0.000 0.000 0.000 0.000 0.000 0.000 0.000 0.000 0.000 0.000 0.000 0.000 0.000 0.000 0.000 0.000 0.000 0.000 0.000 0.000 0.000 0.000 0.000 0.000 0.000 0.000 0.000 0.000 0.000 0.000 0.000 0.000 0.000 0.000 0.000 0.000 0.000 0.000 0.000 0.000 0.000 0.000 0.000 0.000 0.000 0.000 0.000
