avaframe/data/avaParabola/Avaflow_Input/prefix_results/prefix_ascii/prefix_vflowy10009.asc
ncols 250
nrows 100
xllcenter 997.50
yllcenter -4997.50
cellsize 20.00
NODATA_value -9999.000
[rows 34 to 67 of 100, columns 76 to 151 of 250]
0.000 0.000 0.000 0.000 0.000 0.000 0.000 0.000 0.000 0.000 0.000 0.000 0.000 0.000 0.004 0.006 0.007 0.008 0.009 0.011 0.013 0.013 0.013 0.012 0.011 0.011 0.010 0.010 0.010 0.010 0.009 0.009 0.008 0.008 0.008 0.008 0.009 0.009 0.010 0.010 0.010 0.010 0.010 0.008 -0.000 -0.000 -0.005 -0.013 -0.004 0.011 0.016 0.002 0.000 0.000 0.000 0.000 0.000 0.000 0.000 0.000 0.000 0.000 0.000 0.000 0.000 0.000 0.000 0.000 0.000 0.000 0.000 0.000 0.000 0.000 0.000 0.000
0.000 0.000 0.000 0.000 0.000 0.000 0.000 0.000 0.000 0.000 0.000 0.000 0.000 0.007 0.011 0.012 0.012 0.013 0.013 0.013 0.013 0.013 0.013 0.012 0.011 0.010 0.010 0.009 0.009 0.008 0.008 0.008 0.008 0.007 0.007 0.008 0.008 0.008 0.008 0.009 0.009 0.009 0.009 0.010 0.001 -0.000 -0.000 0.018 0.033 0.042 0.046 0.044 0.041 0.000 0.000 0.000 0.000 0.000 0.000 0.000 0.000 0.000 0.000 0.000 0.000 0.000 0.000 0.000 0.000 0.000 0.000 0.000 0.000 0.000 0.000 0.000
0.000 0.000 0.000 0.000 0.000 0.000 0.000 0.000 0.000 0.000 0.000 0.000 0.002 0.012 0.014 0.014 0.013 0.012 0.012 0.011 0.011 0.010 0.009 0.009 0.008 0.008 0.008 0.007 0.007 0.007 0.006 0.006 0.007 0.008 0.008 0.009 0.009 0.009 0.010 0.010 0.010 0.010 0.010 0.011 0.009 -0.000 -0.000 0.035 0.064 0.082 0.087 0.091 0.083 0.054 0.000 0.000 0.000 0.000 0.000 0.000 0.000 0.000 0.000 0.000 0.000 0.000 0.000 0.000 0.000 0.000 0.000 0.000 0.000 0.000 0.000 0.000
0.000 0.000 0.000 0.000 0.000 0.000 0.000 0.000 0.000 0.000 0.000 0.012 0.013 0.014 0.013 0.012 0.011 0.010 0.009 0.008 0.007 0.007 0.007 0.006 0.006 0.006 0.006 0.007 0.007 0.007 0.007 0.007 0.009 0.010 0.011 0.011 0.012 0.013 0.014 0.014 0.015 0.015 0.015 0.016 0.017 -0.000 -0.000 0.038 0.070 0.127 0.144 0.153 0.133 0.111 0.066 0.000 0.000 0.000 0.000 0.000 0.000 0.000 0.000 0.000 0.000 0.000 0.000 0.000 0.000 0.000 0.000 0.000 0.000 0.000 0.000 0.000
0.000 0.000 0.000 0.000 0.000 0.000 0.000 0.000 0.000 0.000 0.002 0.013 0.012 0.011 0.010 0.009 0.008 0.007 0.006 0.006 0.005 0.005 0.005 0.005 0.005 0.005 0.006 0.006 0.007 0.008 0.008 0.009 0.010 0.010 0.011 0.012 0.013 0.014 0.015 0.016 0.017 0.018 0.019 0.021 0.024 0.025 -0.000 -0.000 0.086 0.155 0.204 0.232 0.199 0.164 0.135 0.082 0.000 0.000 0.000 0.000 0.000 0.000 0.000 0.000 0.000 0.000 0.000 0.000 0.000 0.000 0.000 0.000 0.000 0.000 0.000 0.000
0.000 0.000 0.000 0.000 0.000 0.000 0.000 0.000 0.000 0.012 0.011 0.010 0.009 0.008 0.007 0.005 0.005 0.004 0.004 0.003 0.003 0.004 0.004 0.005 0.005 0.005 0.006 0.006 0.007 0.008 0.008 0.007 0.006 0.007 0.007 0.008 0.008 0.009 0.010 0.011 0.012 0.013 0.014 0.020 0.028 0.031 -0.000 -0.000 0.006 0.250 0.349 0.358 0.291 0.239 0.198 0.157 0.118 0.000 0.000 0.000 0.000 0.000 0.000 0.000 0.000 0.000 0.000 0.000 0.000 0.000 0.000 0.000 0.000 0.000 0.000 0.000
0.000 0.000 0.000 0.000 0.000 0.000 0.000 0.000 -0.000 0.010 0.008 0.008 0.006 0.005 0.004 0.003 0.003 0.003 0.003 0.003 0.003 0.003 0.003 0.003 0.003 0.003 0.003 0.004 0.004 0.004 0.004 0.005 0.007 0.008 0.009 0.009 0.010 0.010 0.011 0.012 0.013 0.014 0.015 0.017 0.035 0.046 -0.000 -0.000 -0.000 0.299 0.396 0.431 0.397 0.348 0.285 0.219 0.160 0.115 0.000 0.000 0.000 0.000 0.000 0.000 0.000 0.000 0.000 0.000 0.000 0.000 0.000 0.000 0.000 0.000 0.000 0.000
0.000 0.000 0.000 0.000 0.000 0.000 0.000 0.009 0.008 0.007 0.006 0.004 0.003 0.002 0.002 0.001 0.001 0.001 0.001 0.002 0.002 0.002 0.003 0.003 0.003 0.004 0.004 0.004 0.004 0.005 0.005 0.008 0.010 0.011 0.012 0.013 0.014 0.014 0.015 0.016 0.017 0.018 0.020 0.017 0.053 0.036 -0.000 -0.000 -0.000 0.093 0.184 0.338 0.514 0.487 0.357 0.250 0.171 0.087 0.000 0.000 0.000 0.000 0.000 0.000 0.000 0.000 0.000 0.000 0.000 0.000 0.000 0.000 0.000 0.000 0.000 0.000
0.000 0.000 0.000 0.000 0.000 0.000 0.006 0.006 0.005 0.004 0.003 0.002 0.001 0.001 0.001 0.002 0.002 0.002 0.002 0.003 0.004 0.004 0.004 0.005 0.005 0.006 0.006 0.006 0.007 0.007 0.006 0.003 0.001 0.001 0.001 0.001 0.001 0.001 0.002 0.001 0.001 0.002 0.002 0.010 0.037 -0.000 -0.000 -0.000 0.273 0.303 0.256 0.331 0.450 0.440 0.249 0.162 0.109 0.073 0.049 0.000 0.000 0.000 0.000 0.000 0.000 0.000 0.000 0.000 0.000 0.000 0.000 0.000 0.000 0.000 0.000 0.000
0.000 0.000 0.000 0.000 0.000 0.000 0.004 0.004 0.003 0.002 0.001 0.001 0.001 0.001 0.001 0.002 0.001 0.001 0.002 0.001 0.000 0.000 -0.000 -0.000 -0.000 -0.000 -0.000 -0.000 -0.000 -0.000 0.002 0.004 0.004 0.004 0.004 0.005 0.005 0.005 0.005 0.006 0.006 0.006 0.013 0.026 0.070 0.028 0.130 0.299 0.528 0.622 0.573 0.503 0.330 0.185 0.144 0.096 0.067 0.045 0.028 0.000 0.000 0.000 0.000 0.000 0.000 0.000 0.000 0.000 0.000 0.000 0.000 0.000 0.000 0.000 0.000 0.000
0.000 0.000 0.000 0.000 0.000 0.000 0.003 0.002 0.002 0.002 0.001 0.001 0.001 0.001 0.001 0.001 0.001 0.001 0.001 0.001 0.001 0.001 0.002 0.002 0.002 0.002 0.002 0.002 0.002 0.003 0.005 0.007 0.008 0.008 0.009 0.009 0.010 0.011 0.011 0.012 0.012 0.013 0.009 0.043 0.046 -0.000 0.138 0.249 0.313 0.330 0.365 0.284 0.146 0.115 0.079 0.053 0.037 0.025 0.015 0.000 0.000 0.000 0.000 0.000 0.000 0.000 0.000 0.000 0.000 0.000 0.000 0.000 0.000 0.000 0.000 0.000
0.000 0.000 0.000 0.000 0.000 -0.000 0.002 0.002 0.002 0.001 0.001 0.001 0.001 0.002 0.002 0.002 0.002 0.002 0.002 0.003 0.003 0.003 0.003 0.004 0.004 0.004 0.005 0.005 0.006 0.006 0.002 -0.001 -0.000 -0.000 -0.000 -0.000 -0.000 -0.000 -0.000 -0.000 -0.000 -0.000 0.005 0.041 0.086 -0.000 0.034 -0.001 -0.009 -0.000 -0.000 -0.000 0.029 0.083 0.047 0.028 0.017 0.011 0.006 0.000 0.000 0.000 0.000 0.000 0.000 0.000 0.000 0.000 0.000 0.000 0.000 0.000 0.000 0.000 0.000 0.000
0.000 0.000 0.000 0.000 0.000 0.000 0.001 0.001 0.001 0.001 0.001 0.001 0.001 0.000 -0.000 -0.000 -0.000 -0.000 -0.000 -0.000 -0.000 -0.000 -0.000 -0.000 -0.000 -0.000 -0.000 -0.001 -0.000 -0.001 -0.000 0.002 0.002 0.002 0.002 0.003 0.003 0.003 0.003 0.003 0.004 0.004 0.015 0.056 0.017 0.001 0.067 0.114 0.125 0.098 0.048 0.045 0.058 0.037 0.016 0.010 0.006 0.003 0.001 0.000 0.000 0.000 0.000 0.000 0.000 0.000 0.000 0.000 0.000 0.000 0.000 0.000 0.000 0.000 0.000 0.000
0.000 0.000 0.000 0.000 0.000 0.001 0.001 0.001 0.001 0.001 0.001 0.001 0.001 0.001 0.001 0.001 0.001 0.001 0.001 0.001 0.001 0.001 0.001 0.001 0.001 0.001 0.001 0.001 0.001 0.004 0.006 0.006 0.006 0.007 0.007 0.008 0.008 0.009 0.009 0.010 0.011 0.011 0.006 0.031 0.017 0.051 0.078 0.091 0.099 0.171 0.149 0.039 0.014 -0.000 -0.001 -0.000 0.000 -0.000 -0.001 0.000 0.000 0.000 0.000 0.000 0.000 0.000 0.000 0.000 0.000 0.000 0.000 0.000 0.000 0.000 0.000 0.000
0.000 0.000 0.000 0.000 0.000 0.001 0.001 0.000 0.000 0.000 0.000 0.000 0.000 0.001 0.001 0.001 0.002 0.002 0.002 0.002 0.002 0.002 0.003 0.003 0.003 0.003 0.004 0.004 0.005 0.000 -0.003 -0.003 -0.003 -0.003 -0.003 -0.004 -0.004 -0.004 -0.004 -0.004 -0.005 -0.005 0.007 0.019 0.015 0.064 0.046 0.040 0.038 -0.033 -0.048 0.011 -0.000 0.007 0.026 0.006 -0.002 -0.009 -0.006 0.000 0.000 0.000 0.000 0.000 0.000 0.000 0.000 0.000 0.000 0.000 0.000 0.000 0.000 0.000 0.000 0.000
0.000 0.000 0.000 0.000 0.000 0.000 0.000 0.000 0.000 0.000 0.000 0.000 0.000 -0.000 -0.001 -0.001 -0.001 -0.001 -0.001 -0.001 -0.001 -0.001 -0.002 -0.002 -0.002 -0.002 -0.002 -0.002 -0.003 -0.000 0.001 0.001 0.001 0.000 0.001 0.001 0.001 0.001 0.001 0.001 0.000 0.001 0.004 -0.000 -0.000 0.016 0.019 0.014 0.009 0.002 -0.007 -0.008 -0.005 -0.026 -0.059 -0.038 -0.047 -0.036 -0.017 0.000 0.000 0.000 0.000 0.000 0.000 0.000 0.000 0.000 0.000 0.000 0.000 0.000 0.000 0.000 0.000 0.000
0.000 0.000 0.000 0.000 0.000 0.000 0.000 0.000 0.000 0.000 0.000 0.000 0.000 0.000 0.000 0.000 0.000 0.000 0.000 0.000 0.000 0.000 0.000 0.000 0.000 0.000 0.000 0.000 -0.000 0.002 0.005 0.005 0.005 0.005 0.005 0.005 0.006 0.006 0.006 0.006 0.006 0.007 0.004 -0.006 -0.028 -0.025 -0.004 -0.001 -0.011 -0.006 0.043 0.049 -0.000 -0.079 -0.159 -0.126 -0.079 -0.050 -0.030 0.000 0.000 0.000 0.000 0.000 0.000 0.000 0.000 0.000 0.000 0.000 0.000 0.000 0.000 0.000 0.000 0.000
0.000 0.000 0.000 0.000 0.000 -0.000 -0.000 -0.000 -0.000 0.000 -0.000 -0.000 -0.000 0.000 0.001 0.001 0.001 0.001 0.001 0.001 0.002 0.002 0.002 0.002 0.002 0.002 0.003 0.003 0.003 0.001 -0.002 -0.004 -0.004 -0.004 -0.005 -0.005 -0.005 -0.006 -0.007 -0.007 -0.006 -0.005 -0.002 -0.000 0.002 -0.000 -0.002 -0.008 -0.024 -0.034 -0.127 -0.251 -0.306 -0.305 -0.203 -0.148 -0.103 -0.068 0.000 0.000 0.000 0.000 0.000 0.000 0.000 0.000 0.000 0.000 0.000 0.000 0.000 0.000 0.000 0.000 0.000 0.000
0.000 0.000 0.000 0.000 0.000 -0.000 -0.000 -0.000 -0.000 -0.000 -0.000 -0.000 -0.000 -0.001 -0.001 -0.001 -0.001 -0.001 -0.002 -0.002 -0.002 -0.002 -0.002 -0.002 -0.003 -0.003 -0.003 -0.003 -0.004 -0.004 -0.002 -0.000 -0.000 -0.000 -0.000 -0.000 -0.001 -0.001 -0.001 -0.000 0.001 0.001 -0.004 0.031 0.015 -0.005 -0.023 -0.022 0.035 0.003 -0.078 -0.108 -0.156 -0.220 -0.156 -0.128 -0.109 -0.065 0.000 0.000 0.000 0.000 0.000 0.000 0.000 0.000 0.000 0.000 0.000 0.000 0.000 0.000 0.000 0.000 0.000 0.000
0.000 0.000 0.000 0.000 0.000 -0.001 -0.000 -0.000 -0.000 -0.000 -0.001 -0.000 -0.000 -0.000 -0.000 -0.000 -0.000 -0.000 -0.000 -0.000 -0.000 -0.000 -0.000 -0.000 -0.000 -0.000 -0.000 -0.001 -0.001 -0.001 0.000 0.003 0.004 0.004 0.004 0.004 0.004 0.004 0.005 0.007 0.009 0.007 -0.008 -0.018 0.025 -0.000 -0.060 -0.038 -0.044 -0.068 -0.017 0.001 -0.017 -0.114 -0.151 -0.127 -0.111 -0.087 0.000 0.000 0.000 0.000 0.000 0.000 0.000 0.000 0.000 0.000 0.000 0.000 0.000 0.000 0.000 0.000 0.000 0.000
0.000 0.000 0.000 0.000 0.000 -0.000 -0.001 -0.001 -0.000 -0.000 -0.001 -0.001 -0.001 -0.001 -0.001 -0.000 0.000 0.000 0.000 0.001 0.001 0.001 0.001 0.001 0.001 0.001 0.002 0.002 0.002 0.002 -0.000 -0.004 -0.006 -0.006 -0.007 -0.008 -0.008 -0.007 -0.006 -0.006 -0.008 -0.011 -0.015 -0.079 -0.092 -0.062 -0.046 -0.115 -0.136 -0.081 -0.132 -0.164 -0.129 -0.215 -0.205 -0.143 -0.108 0.000 0.000 0.000 0.000 0.000 0.000 0.000 0.000 0.000 0.000 0.000 0.000 0.000 0.000 0.000 0.000 0.000 0.000 0.000
0.000 0.000 0.000 0.000 0.000 -0.000 -0.002 -0.002 -0.002 -0.002 -0.000 -0.000 -0.001 -0.001 -0.001 -0.001 -0.002 -0.002 -0.002 -0.003 -0.003 -0.003 -0.003 -0.004 -0.004 -0.004 -0.005 -0.005 -0.005 -0.006 -0.006 -0.004 -0.002 -0.002 -0.002 -0.002 -0.002 -0.001 -0.001 -0.002 -0.004 -0.005 -0.003 -0.038 -0.000 0.044 0.043 -0.000 -0.000 -0.062 -0.000 -0.078 -0.179 -0.279 -0.210 -0.137 -0.084 0.000 0.000 0.000 0.000 0.000 0.000 0.000 0.000 0.000 0.000 0.000 0.000 0.000 0.000 0.000 0.000 0.000 0.000 0.000
0.000 0.000 0.000 0.000 0.000 -0.000 -0.003 -0.003 -0.002 -0.002 -0.002 -0.001 -0.001 -0.001 -0.001 -0.001 -0.001 -0.001 -0.001 -0.001 -0.001 -0.001 -0.001 -0.001 -0.002 -0.002 -0.002 -0.002 -0.002 -0.002 -0.002 -0.000 0.000 0.000 -0.000 0.000 0.002 0.003 0.001 -0.000 0.001 0.002 -0.003 -0.046 -0.046 -0.000 -0.000 -0.000 -0.000 -0.000 -0.000 -0.125 -0.067 -0.140 -0.120 -0.091 -0.063 0.000 0.000 0.000 0.000 0.000 0.000 0.000 0.000 0.000 0.000 0.000 0.000 0.000 0.000 0.000 0.000 0.000 0.000 0.000
0.000 0.000 0.000 0.000 0.000 0.000 -0.003 -0.004 -0.003 -0.002 -0.001 -0.001 -0.001 -0.001 -0.001 -0.001 -0.001 -0.000 -0.000 -0.000 -0.000 -0.000 -0.000 -0.000 -0.000 -0.000 -0.000 -0.000 -0.000 -0.000 0.000 -0.003 -0.008 -0.008 -0.009 -0.009 -0.009 -0.010 -0.012 -0.014 -0.013 -0.012 -0.012 -0.029 -0.012 -0.000 -0.000 -0.000 -0.000 -0.000 -0.000 -0.138 -0.091 -0.090 -0.092 -0.070 0.000 0.000 0.000 0.000 0.000 0.000 0.000 0.000 0.000 0.000 0.000 0.000 0.000 0.000 0.000 0.000 0.000 0.000 0.000 0.000
0.000 0.000 0.000 0.000 0.000 0.000 -0.003 -0.005 -0.006 -0.004 -0.002 -0.001 -0.001 -0.001 -0.001 -0.001 -0.002 -0.003 -0.003 -0.003 -0.003 -0.004 -0.004 -0.004 -0.005 -0.005 -0.005 -0.006 -0.006 -0.007 -0.008 -0.005 -0.003 -0.004 -0.004 -0.004 -0.005 -0.006 -0.007 -0.006 -0.003 -0.001 -0.003 -0.027 -0.062 -0.000 -0.000 -0.000 -0.000 -0.000 -0.000 -0.128 -0.129 -0.081 -0.060 0.000 0.000 0.000 0.000 0.000 0.000 0.000 0.000 0.000 0.000 0.000 0.000 0.000 0.000 0.000 0.000 0.000 0.000 0.000 0.000 0.000
0.000 0.000 0.000 0.000 0.000 0.000 0.000 -0.000 -0.009 -0.008 -0.007 -0.005 -0.003 -0.001 -0.001 -0.001 -0.002 -0.002 -0.002 -0.002 -0.002 -0.002 -0.002 -0.003 -0.003 -0.003 -0.003 -0.003 -0.003 -0.004 -0.004 -0.004 -0.006 -0.004 -0.001 -0.002 -0.002 -0.002 -0.000 -0.001 -0.003 -0.005 -0.010 -0.023 -0.040 -0.000 -0.000 -0.000 -0.000 -0.000 -0.019 -0.064 -0.094 -0.085 -0.052 0.000 0.000 0.000 0.000 0.000 0.000 0.000 0.000 0.000 0.000 0.000 0.000 0.000 0.000 0.000 0.000 0.000 0.000 0.000 0.000 0.000
0.000 0.000 0.000 0.000 0.000 0.000 0.000 0.000 -0.010 -0.011 -0.011 -0.010 -0.008 -0.005 -0.003 -0.002 -0.002 -0.002 -0.002 -0.003 -0.002 -0.002 -0.002 -0.002 -0.002 -0.002 -0.003 -0.005 -0.004 -0.004 -0.005 -0.005 -0.006 -0.010 -0.013 -0.014 -0.014 -0.014 -0.013 -0.009 -0.009 -0.015 -0.019 -0.023 -0.064 -0.025 -0.000 -0.000 -0.000 -0.000 -0.015 -0.063 -0.086 -0.077 0.000 0.000 0.000 0.000 0.000 0.000 0.000 0.000 0.000 0.000 0.000 0.000 0.000 0.000 0.000 0.000 0.000 0.000 0.000 0.000 0.000 0.000
0.000 0.000 0.000 0.000 0.000 0.000 0.000 0.000 -0.009 -0.013 -0.014 -0.014 -0.013 -0.012 -0.010 -0.008 -0.006 -0.004 -0.003 -0.003 -0.004 -0.005 -0.005 -0.006 -0.006 -0.007 -0.006 -0.005 -0.007 -0.008 -0.006 -0.006 -0.007 -0.008 -0.009 -0.009 -0.009 -0.009 -0.009 -0.014 -0.017 -0.017 -0.016 -0.017 -0.051 -0.094 -0.041 -0.000 -0.000 -0.016 -0.021 -0.040 -0.060 0.000 0.000 0.000 0.000 0.000 0.000 0.000 0.000 0.000 0.000 0.000 0.000 0.000 0.000 0.000 0.000 0.000 0.000 0.000 0.000 0.000 0.000 0.000
0.000 0.000 0.000 0.000 0.000 0.000 0.000 0.000 0.000 -0.000 -0.003 -0.014 -0.017 -0.018 -0.017 -0.016 -0.014 -0.012 -0.010 -0.008 -0.006 -0.005 -0.005 -0.004 -0.004 -0.005 -0.006 -0.006 -0.006 -0.006 -0.008 -0.008 -0.008 -0.008 -0.008 -0.008 -0.009 -0.011 -0.013 -0.015 -0.020 -0.024 -0.021 -0.022 -0.044 -0.088 -0.013 -0.000 -0.000 -0.011 -0.011 -0.028 0.000 0.000 0.000 0.000 0.000 0.000 0.000 0.000 0.000 0.000 0.000 0.000 0.000 0.000 0.000 0.000 0.000 0.000 0.000 0.000 0.000 0.000 0.000 0.000
0.000 0.000 0.000 0.000 0.000 0.000 0.000 0.000 0.000 0.000 0.000 -0.006 -0.012 -0.017 -0.021 -0.021 -0.021 -0.020 -0.018 -0.016 -0.016 -0.015 -0.015 -0.013 -0.012 -0.011 -0.009 -0.009 -0.010 -0.010 -0.009 -0.010 -0.012 -0.014 -0.014 -0.015 -0.017 -0.019 -0.021 -0.021 -0.019 -0.018 -0.020 -0.030 -0.048 -0.063 -0.000 -0.000 -0.006 -0.006 -0.009 0.000 0.000 0.000 0.000 0.000 0.000 0.000 0.000 0.000 0.000 0.000 0.000 0.000 0.000 0.000 0.000 0.000 0.000 0.000 0.000 0.000 0.000 0.000 0.000 0.000
0.000 0.000 0.000 0.000 0.000 0.000 0.000 0.000 0.000 0.000 0.000 0.000 0.000 -0.000 -0.005 -0.016 -0.019 -0.021 -0.024 -0.025 -0.025 -0.025 -0.024 -0.022 -0.021 -0.020 -0.019 -0.019 -0.019 -0.019 -0.019 -0.018 -0.018 -0.019 -0.019 -0.020 -0.021 -0.022 -0.023 -0.024 -0.024 -0.026 -0.033 -0.042 -0.043 -0.017 -0.000 -0.013 -0.011 -0.008 0.000 0.000 0.000 0.000 0.000 0.000 0.000 0.000 0.000 0.000 0.000 0.000 0.000 0.000 0.000 0.000 0.000 0.000 0.000 0.000 0.000 0.000 0.000 0.000 0.000 0.000
0.000 0.000 0.000 0.000 0.000 0.000 0.000 0.000 0.000 0.000 0.000 0.000 0.000 0.000 0.000 -0.008 -0.005 -0.000 -0.010 -0.019 -0.018 -0.022 -0.024 -0.024 -0.025 -0.028 -0.030 -0.031 -0.032 -0.032 -0.031 -0.030 -0.030 -0.029 -0.030 -0.030 -0.029 -0.027 -0.028 -0.031 -0.035 -0.037 -0.036 -0.028 -0.008 -0.000 -0.002 -0.005 0.000 0.000 0.000 0.000 0.000 0.000 0.000 0.000 0.000 0.000 0.000 0.000 0.000 0.000 0.000 0.000 0.000 0.000 0.000 0.000 0.000 0.000 0.000 0.000 0.000 0.000 0.000 0.000
0.000 0.000 0.000 0.000 0.000 0.000 0.000 0.000 0.000 0.000 0.000 0.000 0.000 0.000 0.000 0.000 0.000 0.000 0.000 0.000 0.000 -0.011 -0.007 -0.002 -0.010 -0.022 -0.026 -0.028 -0.029 -0.030 -0.030 -0.029 -0.028 -0.027 -0.026 -0.024 -0.022 -0.021 -0.021 -0.024 -0.025 -0.021 -0.013 -0.001 -0.000 -0.000 0.000 0.000 0.000 0.000 0.000 0.000 0.000 0.000 0.000 0.000 0.000 0.000 0.000 0.000 0.000 0.000 0.000 0.000 0.000 0.000 0.000 0.000 0.000 0.000 0.000 0.000 0.000 0.000 0.000 0.000
0.000 0.000 0.000 0.000 0.000 0.000 0.000 0.000 0.000 0.000 0.000 0.000 0.000 0.000 0.000 0.000 0.000 0.000 0.000 0.000 0.000 0.000 0.000 0.000 0.000 0.000 0.000 0.000 0.000 0.000 0.000 0.000 0.000 0.000 0.000 0.000 0.000 0.000 0.000 0.000 0.000 0.000 0.000 0.000 0.000 0.000 0.000 0.000 0.000 0.000 0.000 0.000 0.000 0.000 0.000 0.000 0.000 0.000 0.000 0.000 0.000 0.000 0.000 0.000 0.000 0.000 0.000 0.000 0.000 0.000 0.000 0.000 0.000 0.000 0.000 0.000
