avaframe/data/avaParabola/Avaflow_Input/prefix_results/prefix_ascii/prefix_pflow0011.asc
ncols 250
nrows 100
xllcenter 997.50
yllcenter -4997.50
cellsize 20.00
NODATA_value -9999.000
[rows 32 to 63 of 100, columns 74 to 147 of 250]
0.000 0.000 0.000 0.000 0.000 0.000 0.000 0.000 0.000 0.000 0.000 0.000 0.000 0.000 0.000 0.000 0.000 0.000 0.000 0.000 0.000 0.000 0.000 805.136 899.961 994.474 1104.544 1187.985 1252.070 1309.912 1369.160 1429.507 1478.060 1515.356 1535.676 1541.903 1544.156 1549.907 1561.941 1589.246 1614.473 1622.934 1614.526 1332.953 1155.602 547.730 2.861 0.006 0.022 0.001 0.746 0.000 0.000 0.000 0.000 0.000 0.000 0.000 0.000 0.000 0.000 0.000 0.000 0.000 0.000 0.000 0.000 0.000 0.000 0.000 0.000 0.000 0.000 0.000
0.000 0.000 0.000 0.000 0.000 0.000 0.000 0.000 0.000 0.000 0.000 0.000 0.000 0.000 0.000 0.000 0.000 0.000 0.000 0.000 0.000 992.706 1103.819 1211.524 1320.972 1439.900 1569.937 1703.966 1831.239 1946.678 2051.765 2147.565 2233.048 2307.272 2372.293 2435.180 2500.566 2573.941 2665.689 2799.846 2911.632 2960.200 2630.391 2306.792 2124.269 1033.317 22.145 0.044 0.350 0.702 0.716 0.585 0.898 0.000 0.000 0.000 0.000 0.000 0.000 0.000 0.000 0.000 0.000 0.000 0.000 0.000 0.000 0.000 0.000 0.000 0.000 0.000 0.000 0.000
0.000 0.000 0.000 0.000 0.000 0.000 0.000 0.000 0.000 0.000 0.000 0.000 0.000 0.000 0.000 0.000 0.000 0.000 0.000 1137.647 1311.414 1463.038 1609.462 1755.902 1905.214 2061.333 2228.948 2413.129 2603.070 2787.143 2963.689 3134.975 3303.846 3471.922 3640.827 3810.902 3978.627 4145.671 4339.011 4621.604 4869.390 4633.705 4276.239 3907.843 3717.965 1987.223 120.184 0.123 1.497 4.722 7.731 10.331 12.615 12.239 10.461 0.000 0.000 0.000 0.000 0.000 0.000 0.000 0.000 0.000 0.000 0.000 0.000 0.000 0.000 0.000 0.000 0.000 0.000 0.000
0.000 0.000 0.000 0.000 0.000 0.000 0.000 0.000 0.000 0.000 0.000 0.000 0.000 0.000 0.000 0.000 0.000 0.000 1319.893 1568.949 1788.046 1996.313 2202.550 2411.735 2627.872 2854.235 3093.398 3347.255 3614.897 3891.299 4175.117 4467.096 4765.831 5065.472 5362.499 5655.533 5944.538 6236.159 6579.099 7058.977 7247.039 7006.842 6673.182 6298.336 6221.398 3814.273 451.786 0.000 3.533 13.811 24.710 34.088 43.633 48.464 38.913 21.840 0.000 0.000 0.000 0.000 0.000 0.000 0.000 0.000 0.000 0.000 0.000 0.000 0.000 0.000 0.000 0.000 0.000 0.000
0.000 0.000 0.000 0.000 0.000 0.000 0.000 0.000 0.000 0.000 0.000 0.000 0.000 0.000 0.000 0.000 0.000 1441.885 1747.393 2023.058 2292.195 2565.976 2850.157 3147.214 3459.087 3787.194 4131.995 4493.834 4873.911 5272.828 5689.943 6123.749 6569.838 7020.612 7472.203 7924.605 8379.234 8847.160 9391.656 10103.709 10215.896 10121.953 9903.319 9613.857 9655.589 6923.520 1029.308 0.000 6.527 28.130 57.400 81.253 106.069 122.071 95.251 56.798 9.376 0.000 0.000 0.000 0.000 0.000 0.000 0.000 0.000 0.000 0.000 0.000 0.000 0.000 0.000 0.000 0.000 0.000
0.000 0.000 0.000 0.000 0.000 0.000 0.000 0.000 0.000 0.000 0.000 0.000 0.000 0.000 0.000 0.000 1566.081 1901.478 2209.897 2519.949 2845.099 3192.652 3564.387 3961.157 4384.444 4835.141 5312.082 5814.196 6340.589 6890.057 7461.908 8055.533 8668.832 9298.875 9944.526 10608.206 11291.933 12005.453 12803.853 13731.376 13828.138 13957.395 13994.376 13939.070 13966.861 11484.137 1944.472 4.817 10.609 53.587 117.021 171.179 222.066 249.990 189.848 126.614 70.393 11.711 0.000 0.000 0.000 0.000 0.000 0.000 0.000 0.000 0.000 0.000 0.000 0.000 0.000 0.000 0.000 0.000
0.000 0.000 0.000 0.000 0.000 0.000 0.000 0.000 0.000 0.000 0.000 0.000 0.000 0.000 0.000 1700.961 2062.758 2398.086 2734.730 3093.670 3487.907 3919.889 4389.192 4895.602 5440.115 6024.455 6647.185 7304.691 7993.401 8710.980 9456.461 10230.807 11035.934 11872.270 12739.607 13636.418 14563.160 15522.846 16529.090 17632.104 17938.357 18282.480 18644.707 18932.533 18988.604 16948.289 2584.632 7.431 10.078 64.272 260.423 452.171 582.754 534.112 337.716 227.620 152.132 88.557 20.719 0.000 0.000 0.000 0.000 0.000 0.000 0.000 0.000 0.000 0.000 0.000 0.000 0.000 0.000 0.000
0.000 0.000 0.000 0.000 0.000 0.000 0.000 0.000 0.000 0.000 0.000 0.000 0.000 0.000 1771.713 2171.974 2547.116 2921.744 3315.329 3747.494 4227.636 4753.984 5319.287 5920.786 6561.893 7246.376 7974.827 8744.381 9552.522 10398.251 11279.928 12196.812 13149.914 14139.561 15167.070 16234.183 17341.229 18487.908 19674.736 20904.652 22223.697 22957.676 23493.826 24041.283 24136.947 20516.637 1888.108 0.000 23.766 183.040 347.774 181.736 148.842 508.787 760.109 372.617 253.097 168.737 107.601 46.578 0.000 0.000 0.000 0.000 0.000 0.000 0.000 0.000 0.000 0.000 0.000 0.000 0.000 0.000
0.000 0.000 0.000 0.000 0.000 0.000 0.000 0.000 0.000 0.000 0.000 0.000 0.000 1751.246 2171.041 2566.356 2960.123 3371.683 3822.858 4325.689 4880.637 5481.009 6119.770 6794.710 7508.590 8266.240 9070.539 9921.645 10818.530 11759.529 12742.205 13765.270 14828.964 15932.867 17078.691 18269.084 19505.393 20787.807 22114.619 23483.562 24887.113 26401.475 27170.361 27806.830 28434.623 18947.334 944.130 0.000 100.460 432.581 0.126 0.000 5.179 101.415 473.978 690.510 386.882 252.929 155.825 60.217 18.757 0.000 0.000 0.000 0.000 0.000 0.000 0.000 0.000 0.000 0.000 0.000 0.000 0.000
0.000 0.000 0.000 0.000 0.000 0.000 0.000 0.000 0.000 0.000 0.000 0.000 1637.699 2075.898 2480.855 2880.508 3289.786 3732.162 4227.725 4783.780 5395.587 6053.256 6748.837 7479.707 8248.686 9061.371 9922.428 10833.788 11795.392 12805.712 13862.158 14962.717 16106.171 17291.971 18522.574 19801.502 21129.896 22508.500 23934.646 25404.521 26906.848 28485.572 30032.416 30655.875 33103.715 13537.085 271.132 0.000 16.568 195.864 24.102 11.059 0.000 0.000 239.515 1162.366 543.608 323.705 179.943 80.463 11.122 0.000 0.000 0.000 0.000 0.000 0.000 0.000 0.000 0.000 0.000 0.000 0.000 0.000
0.000 0.000 0.000 0.000 0.000 0.000 0.000 0.000 0.000 0.000 0.000 0.000 1894.270 2311.554 2714.689 3119.347 3542.714 4009.161 4536.903 5130.713 5783.633 6483.893 7222.109 7994.725 8804.294 9656.872 10558.392 11512.330 12519.606 13578.959 14687.456 15841.338 17037.254 18277.930 19566.549 20905.514 22296.102 23738.793 25231.193 26767.680 28346.969 30045.041 31667.436 32775.926 35767.215 8184.356 20.656 7.329 52.561 238.625 0.000 0.000 0.000 648.983 26.186 1016.986 420.654 205.440 96.887 43.838 17.402 6.008 0.000 0.000 0.000 0.000 0.000 0.000 0.000 0.000 0.000 0.000 0.000 0.000
0.000 0.000 0.000 0.000 0.000 0.000 0.000 0.000 0.000 0.000 0.000 1618.028 2067.695 2478.968 2884.334 3294.899 3730.095 4213.975 4763.638 5382.943 6064.369 6795.017 7563.978 8366.732 9205.194 10085.309 11013.961 11996.183 13033.961 14126.466 15270.125 16460.711 17695.705 18976.299 20303.994 21682.744 23114.750 24600.371 26137.656 27722.623 29383.695 31187.684 32503.348 34152.812 33655.547 3945.117 0.000 29.949 286.524 436.625 641.725 731.505 453.037 0.000 0.000 561.998 240.900 109.106 48.938 21.722 8.422 2.460 0.000 0.000 0.000 0.000 0.000 0.000 0.000 0.000 0.000 0.000 0.000 0.000
0.000 0.000 0.000 0.000 0.000 0.000 0.000 0.000 0.000 0.000 0.000 1746.679 2182.201 2593.743 3002.730 3419.418 3863.880 4359.660 4923.539 5559.434 6259.628 7010.833 7801.375 8625.439 9483.918 10382.703 11329.418 12330.233 13388.113 14502.482 15670.163 16886.652 18147.221 19452.555 20805.568 22209.689 23667.980 25181.520 26748.947 28371.973 30082.484 31836.877 32971.039 34813.059 27685.135 1261.594 0.000 0.001 8.576 3.390 0.000 2.686 180.912 460.765 414.380 317.495 135.831 55.956 25.161 11.501 4.572 1.138 0.000 0.000 0.000 0.000 0.000 0.000 0.000 0.000 0.000 0.000 0.000 0.000
0.000 0.000 0.000 0.000 0.000 0.000 0.000 0.000 0.000 0.000 1308.134 1823.085 2254.756 2668.764 3081.735 3503.846 3955.222 4458.944 5031.701 5677.756 6389.751 7154.345 7958.958 8796.933 9668.680 10579.950 11538.594 12551.370 13621.984 14750.334 15932.225 17162.203 18438.246 19760.184 21129.076 22548.797 24022.982 25553.922 27141.141 28800.908 30524.973 32108.182 34591.000 37443.148 19754.406 363.786 0.000 21.872 43.710 36.838 13.441 5.182 0.107 9.108 83.283 80.126 23.594 11.947 5.870 3.138 1.298 0.329 0.000 0.000 0.000 0.000 0.000 0.000 0.000 0.000 0.000 0.000 0.000 0.000
0.000 0.000 0.000 0.000 0.000 0.000 0.000 0.000 0.000 0.000 1360.180 1865.623 2297.683 2714.545 3131.014 3557.409 4013.732 4522.711 5100.913 5752.978 6471.805 7244.071 8056.929 8903.227 9783.128 10702.253 11668.380 12688.462 13766.599 14902.945 16094.312 17335.992 18623.305 19955.740 21335.477 22765.984 24251.348 25795.303 27397.602 29084.365 30816.043 32299.555 35993.914 40264.340 11468.586 73.152 19.931 79.869 149.347 146.343 104.735 43.408 15.169 0.492 0.000 0.000 0.359 1.105 0.625 0.273 0.063 0.009 0.000 0.000 0.000 0.000 0.000 0.000 0.000 0.000 0.000 0.000 0.000 0.000
0.000 0.000 0.000 0.000 0.000 0.000 0.000 0.000 0.000 0.000 1381.090 1886.566 2320.176 2739.380 3158.453 3587.882 4047.596 4560.058 5141.730 5797.269 6519.711 7295.798 8112.731 8963.482 9848.201 10772.333 11743.440 12768.404 13851.389 14992.737 16189.328 17436.547 18730.318 20070.158 21457.156 22894.656 24387.572 25940.771 27552.922 29243.484 30967.098 32513.859 36106.707 38634.117 6914.215 4.958 0.144 14.593 86.521 62.114 69.461 42.146 12.617 0.541 0.516 0.759 0.012 0.008 0.006 0.001 0.000 0.000 0.000 0.000 0.000 0.000 0.000 0.000 0.000 0.000 0.000 0.000 0.000 0.000
0.000 0.000 0.000 0.000 0.000 0.000 0.000 0.000 0.000 0.000 1388.062 1894.544 2329.375 2750.065 3170.736 3601.999 4063.815 4578.559 5162.559 5820.266 6544.466 7321.955 8140.242 8992.703 9879.754 10806.765 11781.040 12809.146 13895.025 15039.021 16238.176 17487.609 18782.645 20123.520 21512.932 22953.561 24450.699 26008.930 27623.246 29304.084 31015.455 32594.240 36351.023 36511.531 4371.565 3.289 2.161 8.222 6.687 0.018 2.404 6.380 4.867 1.445 0.039 0.000 0.047 0.043 0.000 0.275 0.166 0.063 0.000 0.000 0.000 0.000 0.000 0.000 0.000 0.000 0.000 0.000 0.000 0.000
0.000 0.000 0.000 0.000 0.000 0.000 0.000 0.000 0.000 0.000 1389.083 1895.890 2331.221 2752.569 3173.942 3605.986 4068.766 4584.812 5170.339 5829.402 6554.309 7331.766 8149.673 9002.003 9889.518 10817.605 11793.391 12823.081 13910.220 15054.990 16254.576 17504.967 18802.777 20145.697 21536.086 22979.248 24480.740 26041.512 27654.385 29325.785 31031.709 32626.941 36479.102 34601.555 3005.344 2.988 2.607 0.009 0.254 0.728 0.073 0.117 0.125 0.000 0.143 0.000 10.916 10.582 7.951 5.084 2.987 0.365 0.000 0.000 0.000 0.000 0.000 0.000 0.000 0.000 0.000 0.000 0.000 0.000
0.000 0.000 0.000 0.000 0.000 0.000 0.000 0.000 0.000 0.000 1386.981 1893.965 2329.625 2751.271 3172.934 3605.273 4068.433 4585.050 5171.311 5831.017 6556.122 7333.274 8150.612 9002.478 9889.891 10818.278 11794.732 12825.279 13913.168 15058.421 16258.313 17508.805 18806.023 20148.375 21540.395 22986.721 24491.502 26051.369 27653.992 29312.242 31028.691 32658.508 36514.797 33418.508 2579.241 0.040 0.010 0.000 0.012 0.000 0.086 0.160 3.962 6.913 9.637 118.021 84.779 49.164 29.253 16.162 7.137 0.805 0.000 0.000 0.000 0.000 0.000 0.000 0.000 0.000 0.000 0.000 0.000 0.000
0.000 0.000 0.000 0.000 0.000 0.000 0.000 0.000 0.000 0.000 1378.013 1885.150 2321.370 2743.560 3165.739 3598.605 4062.526 4580.294 5167.855 5828.357 6553.099 7328.662 8143.855 8993.877 9880.176 10808.234 11784.962 12815.934 13903.809 15048.313 16246.932 17496.234 18793.432 20136.545 21527.996 22974.492 24479.967 26035.275 27623.857 29278.926 31029.260 32673.275 36546.852 33108.586 2453.606 0.027 0.004 0.033 0.000 8.284 5.320 0.218 15.508 175.809 304.830 220.974 133.800 80.895 49.224 28.916 12.117 3.614 0.000 0.000 0.000 0.000 0.000 0.000 0.000 0.000 0.000 0.000 0.000 0.000
0.000 0.000 0.000 0.000 0.000 0.000 0.000 0.000 0.000 0.000 1354.625 1863.624 2301.048 2723.959 3146.749 3580.249 4045.302 4564.961 5154.494 5815.680 6538.734 7310.397 8120.982 8967.276 9851.370 10778.653 11755.532 12786.683 13873.817 15016.401 16212.428 17459.180 18754.586 20098.951 21492.719 22941.104 24443.381 25982.230 27559.273 29244.676 31039.715 32714.936 36583.012 33289.031 2548.612 1.215 0.981 0.167 6.465 1.267 0.454 9.287 286.495 354.591 293.464 231.527 161.574 111.250 74.060 46.418 22.608 0.000 0.000 0.000 0.000 0.000 0.000 0.000 0.000 0.000 0.000 0.000 0.000 0.000
0.000 0.000 0.000 0.000 0.000 0.000 0.000 0.000 0.000 0.000 1298.259 1821.143 2262.062 2686.130 3109.676 3543.862 4010.199 4531.927 5123.155 5783.597 6502.423 7267.239 8070.596 8911.257 9791.903 10717.498 11693.646 12723.880 13808.885 14948.011 16139.995 17382.924 18675.426 20016.760 21406.924 22849.113 24336.355 25857.611 27451.525 29196.771 31001.354 32642.508 36590.262 34567.953 2995.950 0.000 1.400 29.737 146.653 204.078 155.523 160.264 170.625 200.849 268.323 225.056 159.171 112.253 78.986 51.557 29.006 0.000 0.000 0.000 0.000 0.000 0.000 0.000 0.000 0.000 0.000 0.000 0.000 0.000
0.000 0.000 0.000 0.000 0.000 0.000 0.000 0.000 0.000 0.000 1186.211 1745.707 2195.737 2622.190 3047.017 3481.958 3949.211 4472.093 5063.199 5720.189 6431.432 7185.938 7979.115 8811.705 9686.720 10608.327 11581.153 12607.552 13687.256 14819.707 16004.432 17240.201 18525.514 19860.373 21245.850 22676.943 24145.848 25669.115 27319.561 29071.531 30815.990 32405.236 36461.277 36708.676 3976.973 0.104 6.295 140.019 243.674 451.084 708.688 585.516 336.798 269.684 316.976 267.225 186.961 125.178 78.982 43.490 21.431 0.000 0.000 0.000 0.000 0.000 0.000 0.000 0.000 0.000 0.000 0.000 0.000 0.000
0.000 0.000 0.000 0.000 0.000 0.000 0.000 0.000 0.000 0.000 1001.052 1620.131 2090.268 2521.964 2949.389 3385.320 3852.258 4373.759 4961.266 5610.796 6310.520 7051.149 7830.948 8652.649 9519.147 10433.549 11399.514 12418.306 13488.949 14610.974 15784.483 17009.051 18283.814 19608.754 20981.592 22397.816 23860.205 25413.211 27098.576 28755.998 30379.945 32068.885 34024.496 39018.332 6377.671 28.666 0.003 28.688 38.848 69.395 113.798 136.272 160.842 233.749 368.342 349.331 240.182 152.333 85.646 20.126 0.000 0.000 0.000 0.000 0.000 0.000 0.000 0.000 0.000 0.000 0.000 0.000 0.000 0.000
0.000 0.000 0.000 0.000 0.000 0.000 0.000 0.000 0.000 0.000 0.000 1417.657 1929.352 2372.442 2804.807 3242.283 3706.832 4222.602 4801.058 5437.513 6120.658 6843.406 7606.251 8412.901 9266.269 10168.425 11122.008 12127.310 13182.919 14288.678 15445.341 16652.881 17910.182 19214.979 20564.600 21962.342 23424.898 24997.621 26621.502 28174.281 29739.719 31567.547 32617.158 39958.512 11363.877 74.415 0.501 0.002 0.000 3.351 2.434 0.212 5.217 49.881 219.897 375.535 262.974 154.870 74.640 30.295 0.000 0.000 0.000 0.000 0.000 0.000 0.000 0.000 0.000 0.000 0.000 0.000 0.000 0.000
0.000 0.000 0.000 0.000 0.000 0.000 0.000 0.000 0.000 0.000 0.000 1098.236 1690.066 2157.771 2598.271 3038.139 3497.603 4001.579 4563.142 5178.912 5839.340 6539.057 7279.604 8065.055 8898.098 9779.781 10711.887 11694.323 12725.347 13805.143 14934.988 16114.852 17343.338 18617.562 19938.002 21315.070 22768.920 24304.678 25828.855 27327.953 28955.508 30786.463 31975.688 37414.758 18822.402 462.892 0.000 4.664 13.706 1.253 0.000 0.000 0.000 24.289 129.065 240.966 195.491 114.147 28.953 0.000 0.000 0.000 0.000 0.000 0.000 0.000 0.000 0.000 0.000 0.000 0.000 0.000 0.000 0.000
0.000 0.000 0.000 0.000 0.000 0.000 0.000 0.000 0.000 0.000 0.000 0.000 1339.600 1858.494 2313.042 2755.129 3206.472 3691.369 4226.115 4811.476 5441.312 6111.502 6822.803 7578.409 8380.686 9230.350 10128.315 11073.870 12065.935 13105.018 14192.585 15328.662 16512.375 17741.916 19019.943 20360.928 21772.332 23210.850 24636.168 26102.465 27657.193 29163.641 30469.766 34374.934 27832.762 2014.531 0.000 0.000 0.000 0.132 0.000 174.234 97.237 158.782 146.633 132.945 123.610 73.020 29.263 0.000 0.000 0.000 0.000 0.000 0.000 0.000 0.000 0.000 0.000 0.000 0.000 0.000 0.000 0.000
0.000 0.000 0.000 0.000 0.000 0.000 0.000 0.000 0.000 0.000 0.000 0.000 899.586 1444.488 1931.470 2373.775 2813.120 3270.659 3766.968 4311.155 4901.663 5533.545 6204.443 6916.087 7670.939 8469.711 9313.866 10202.959 11135.256 12111.534 13133.184 14199.164 15307.043 16456.117 17655.816 18921.303 20211.078 21480.725 22744.018 24045.920 25281.172 26530.396 28328.535 30818.209 34787.891 6010.630 88.892 22.696 41.602 224.603 234.352 250.223 91.936 52.040 118.038 85.609 72.731 42.640 0.000 0.000 0.000 0.000 0.000 0.000 0.000 0.000 0.000 0.000 0.000 0.000 0.000 0.000 0.000 0.000
0.000 0.000 0.000 0.000 0.000 0.000 0.000 0.000 0.000 0.000 0.000 0.000 0.000 939.444 1430.965 1877.565 2297.437 2720.462 3168.109 3660.828 4201.943 4781.651 5392.708 6035.494 6715.920 7436.782 8198.080 8998.700 9836.459 10711.732 11624.775 12572.683 13552.629 14567.482 15627.402 16716.531 17768.529 18775.607 19781.035 20866.955 22057.842 23947.053 26549.062 28387.691 33504.395 13653.331 778.101 31.667 182.714 257.150 934.890 521.119 19.518 34.992 67.805 47.601 17.738 0.000 0.000 0.000 0.000 0.000 0.000 0.000 0.000 0.000 0.000 0.000 0.000 0.000 0.000 0.000 0.000 0.000
0.000 0.000 0.000 0.000 0.000 0.000 0.000 0.000 0.000 0.000 0.000 0.000 0.000 552.529 885.910 1278.247 1662.512 2036.675 2425.596 2862.406 3339.505 3836.568 4349.522 4883.475 5452.456 6059.380 6697.863 7364.065 8054.377 8768.321 9505.460 10261.359 11033.061 11823.618 12632.269 13416.745 14150.561 14873.608 15730.474 17005.535 18760.785 21416.617 23463.352 24137.152 27522.535 20667.316 2099.703 37.193 99.925 215.296 16.977 20.355 37.987 45.924 34.531 9.957 0.000 0.000 0.000 0.000 0.000 0.000 0.000 0.000 0.000 0.000 0.000 0.000 0.000 0.000 0.000 0.000 0.000 0.000
0.000 0.000 0.000 0.000 0.000 0.000 0.000 0.000 0.000 0.000 0.000 0.000 0.000 0.000 546.509 756.995 1060.786 1356.679 1662.320 2002.718 2354.655 2710.505 3072.973 3463.070 3896.280 4355.181 4826.002 5303.706 5786.839 6279.900 6780.205 7280.726 7780.610 8281.313 8776.765 9264.154 9757.569 10311.504 11218.845 12797.909 14615.239 16100.458 16267.657 15982.552 18377.504 14880.306 2524.786 24.170 0.206 1.577 9.573 26.383 47.302 34.087 15.958 9.668 0.000 0.000 0.000 0.000 0.000 0.000 0.000 0.000 0.000 0.000 0.000 0.000 0.000 0.000 0.000 0.000 0.000 0.000
0.000 0.000 0.000 0.000 0.000 0.000 0.000 0.000 0.000 0.000 0.000 0.000 0.000 0.000 0.000 449.354 624.701 784.497 1022.078 1257.173 1461.946 1662.911 1904.824 2213.717 2537.606 2846.952 3144.162 3438.303 3742.331 4060.798 4375.043 4681.103 4981.042 5277.004 5570.504 5864.191 6169.569 6541.379 7182.382 8064.674 8762.859 9006.029 8884.699 8930.310 11010.834 8096.021 1478.751 3.482 2.422 4.471 10.833 21.595 35.002 8.486 9.036 0.000 0.000 0.000 0.000 0.000 0.000 0.000 0.000 0.000 0.000 0.000 0.000 0.000 0.000 0.000 0.000 0.000 0.000 0.000
