avaframe/data/avaParabola/Avaflow_Input/prefix_results/prefix_ascii/prefix_hflow10011.asc
ncols 250
nrows 100
xllcenter 997.50
yllcenter -4997.50
cellsize 20.00
NODATA_value -9999.000
[rows 34 to 67 of 100, columns 77 to 153 of 250]
0.000 0.001 0.001 0.001 0.000 0.000 0.000 0.000 0.000 0.000 0.000 0.000 0.000 0.000 0.001 0.001 0.001 0.001 0.002 0.002 0.002 0.002 0.002 0.003 0.003 0.003 0.003 0.004 0.004 0.004 0.004 0.004 0.004 0.005 0.005 0.005 0.005 0.005 0.005 0.005 0.006 0.006 0.008 0.010 0.009 0.009 0.008 0.007 0.006 0.004 0.003 0.001 0.001 0.000 0.000 0.000 0.000 0.000 0.000 0.000 0.000 0.000 0.000 0.000 0.000 0.000 0.000 0.000 0.000 0.000 0.000 0.000 0.000 0.000 0.000 0.000 0.000
0.001 0.001 0.000 0.000 0.000 0.000 0.000 0.000 0.000 0.000 0.000 0.000 0.001 0.001 0.001 0.001 0.002 0.002 0.002 0.003 0.003 0.003 0.004 0.004 0.004 0.004 0.005 0.005 0.005 0.006 0.006 0.006 0.007 0.007 0.007 0.008 0.008 0.009 0.009 0.009 0.010 0.010 0.014 0.021 0.021 0.020 0.018 0.016 0.014 0.011 0.007 0.004 0.002 0.001 0.000 0.000 0.000 0.000 0.000 0.000 0.000 0.000 0.000 0.000 0.000 0.000 0.000 0.000 0.000 0.000 0.000 0.000 0.000 0.000 0.000 0.000 0.000
0.001 0.000 0.000 0.000 0.000 0.000 0.000 0.000 0.000 0.000 0.000 0.001 0.001 0.001 0.001 0.002 0.002 0.003 0.003 0.004 0.004 0.004 0.005 0.005 0.006 0.006 0.007 0.007 0.008 0.008 0.009 0.009 0.010 0.010 0.011 0.012 0.012 0.013 0.014 0.015 0.015 0.016 0.022 0.040 0.044 0.042 0.039 0.035 0.031 0.025 0.017 0.010 0.005 0.002 0.001 0.000 0.000 0.000 0.000 0.000 0.000 0.000 0.000 0.000 0.000 0.000 0.000 0.000 0.000 0.000 0.000 0.000 0.000 0.000 0.000 0.000 0.000
0.000 0.000 0.000 0.000 0.000 0.000 0.000 0.000 0.000 0.000 0.001 0.001 0.001 0.001 0.002 0.003 0.003 0.004 0.004 0.005 0.005 0.006 0.006 0.007 0.008 0.008 0.009 0.010 0.011 0.011 0.012 0.013 0.014 0.015 0.016 0.016 0.017 0.019 0.020 0.021 0.023 0.024 0.033 0.069 0.085 0.082 0.078 0.072 0.064 0.053 0.037 0.022 0.011 0.005 0.002 0.001 0.000 0.000 0.000 0.000 0.000 0.000 0.000 0.000 0.000 0.000 0.000 0.000 0.000 0.000 0.000 0.000 0.000 0.000 0.000 0.000 0.000
0.000 0.000 0.000 0.000 0.000 0.000 0.000 0.000 0.000 0.001 0.001 0.001 0.001 0.002 0.003 0.004 0.004 0.005 0.005 0.006 0.007 0.007 0.008 0.009 0.010 0.011 0.012 0.013 0.014 0.015 0.016 0.017 0.018 0.020 0.021 0.022 0.024 0.026 0.028 0.030 0.032 0.034 0.047 0.111 0.149 0.147 0.143 0.136 0.123 0.104 0.076 0.045 0.024 0.012 0.005 0.002 0.001 0.000 0.000 0.000 0.000 0.000 0.000 0.000 0.000 0.000 0.000 0.000 0.000 0.000 0.000 0.000 0.000 0.000 0.000 0.000 0.000
0.000 0.000 0.000 0.000 0.000 0.000 0.000 0.000 0.001 0.001 0.001 0.001 0.002 0.003 0.004 0.004 0.005 0.006 0.006 0.007 0.008 0.009 0.010 0.011 0.012 0.014 0.015 0.016 0.018 0.019 0.020 0.022 0.024 0.025 0.027 0.029 0.031 0.033 0.035 0.038 0.040 0.043 0.064 0.169 0.231 0.240 0.240 0.234 0.218 0.191 0.146 0.089 0.049 0.024 0.011 0.005 0.002 0.000 0.000 0.000 0.000 0.000 0.000 0.000 0.000 0.000 0.000 0.000 0.000 0.000 0.000 0.000 0.000 0.000 0.000 0.000 0.000
0.000 0.000 0.000 0.000 0.000 0.000 0.000 0.000 0.001 0.001 0.001 0.002 0.003 0.004 0.005 0.005 0.006 0.007 0.008 0.009 0.010 0.011 0.012 0.013 0.015 0.016 0.018 0.019 0.021 0.023 0.024 0.026 0.028 0.030 0.032 0.034 0.036 0.039 0.041 0.044 0.047 0.050 0.088 0.239 0.328 0.362 0.373 0.370 0.354 0.321 0.263 0.165 0.091 0.046 0.021 0.009 0.003 0.001 0.000 0.000 0.000 0.000 0.000 0.000 0.000 0.000 0.000 0.000 0.000 0.000 0.000 0.000 0.000 0.000 0.000 0.000 0.000
0.000 0.000 0.000 0.000 0.000 0.000 0.000 0.001 0.001 0.001 0.002 0.003 0.004 0.005 0.005 0.006 0.007 0.008 0.009 0.010 0.011 0.013 0.014 0.015 0.017 0.018 0.020 0.022 0.024 0.025 0.027 0.030 0.032 0.034 0.036 0.038 0.041 0.043 0.046 0.049 0.052 0.056 0.125 0.317 0.434 0.507 0.541 0.544 0.515 0.510 0.433 0.285 0.159 0.082 0.039 0.017 0.007 0.002 0.001 0.000 0.000 0.000 0.000 0.000 0.000 0.000 0.000 0.000 0.000 0.000 0.000 0.000 0.000 0.000 0.000 0.000 0.000
0.000 0.000 0.000 0.000 0.000 0.000 0.000 0.001 0.001 0.002 0.003 0.004 0.005 0.005 0.006 0.007 0.008 0.009 0.010 0.011 0.012 0.014 0.015 0.017 0.018 0.020 0.022 0.024 0.026 0.028 0.030 0.032 0.034 0.037 0.039 0.042 0.044 0.047 0.050 0.053 0.056 0.064 0.175 0.396 0.537 0.650 0.724 0.750 0.730 0.726 0.629 0.450 0.258 0.135 0.065 0.029 0.011 0.004 0.001 0.000 0.000 0.000 0.000 0.000 0.000 0.000 0.000 0.000 0.000 0.000 0.000 0.000 0.000 0.000 0.000 0.000 0.000
0.000 0.000 0.000 0.000 0.000 0.000 0.001 0.001 0.001 0.003 0.004 0.004 0.005 0.006 0.007 0.007 0.008 0.010 0.011 0.012 0.013 0.015 0.016 0.018 0.020 0.021 0.023 0.025 0.027 0.029 0.032 0.034 0.036 0.039 0.041 0.044 0.047 0.050 0.052 0.056 0.059 0.077 0.235 0.471 0.648 0.800 0.899 0.936 0.937 0.902 0.799 0.600 0.354 0.188 0.091 0.041 0.016 0.006 0.002 0.000 0.000 0.000 0.000 0.000 0.000 0.000 0.000 0.000 0.000 0.000 0.000 0.000 0.000 0.000 0.000 0.000 0.000
0.000 0.000 0.000 0.000 0.000 0.000 0.001 0.001 0.002 0.003 0.004 0.005 0.005 0.006 0.007 0.008 0.009 0.010 0.011 0.013 0.014 0.015 0.017 0.019 0.020 0.022 0.024 0.026 0.028 0.030 0.033 0.035 0.038 0.040 0.043 0.046 0.048 0.051 0.054 0.058 0.060 0.098 0.304 0.551 0.763 0.937 1.041 1.081 1.082 1.044 0.928 0.701 0.417 0.222 0.108 0.048 0.020 0.007 0.002 0.001 0.000 0.000 0.000 0.000 0.000 0.000 0.000 0.000 0.000 0.000 0.000 0.000 0.000 0.000 0.000 0.000 0.000
0.000 0.000 0.000 0.000 0.000 0.000 0.001 0.001 0.002 0.003 0.004 0.005 0.006 0.006 0.007 0.008 0.009 0.010 0.012 0.013 0.014 0.016 0.018 0.019 0.021 0.023 0.025 0.027 0.029 0.031 0.034 0.036 0.039 0.041 0.044 0.047 0.050 0.053 0.056 0.059 0.061 0.131 0.380 0.636 0.867 1.046 1.151 1.186 1.186 1.143 1.013 0.761 0.452 0.240 0.117 0.052 0.021 0.008 0.002 0.001 0.000 0.000 0.000 0.000 0.000 0.000 0.000 0.000 0.000 0.000 0.000 0.000 0.000 0.000 0.000 0.000 0.000
0.000 0.000 0.000 0.000 0.000 0.000 0.001 0.001 0.002 0.003 0.004 0.005 0.006 0.006 0.007 0.008 0.009 0.011 0.012 0.013 0.015 0.016 0.018 0.020 0.021 0.023 0.025 0.027 0.030 0.032 0.034 0.037 0.039 0.042 0.044 0.047 0.050 0.053 0.057 0.059 0.064 0.181 0.458 0.715 0.961 1.139 1.239 1.271 1.266 1.212 1.063 0.789 0.466 0.247 0.120 0.053 0.021 0.008 0.002 0.001 0.000 0.000 0.000 0.000 0.000 0.000 0.000 0.000 0.000 0.000 0.000 0.000 0.000 0.000 0.000 0.000 0.000
0.000 0.000 0.000 0.000 0.000 0.000 0.001 0.001 0.003 0.003 0.004 0.005 0.006 0.007 0.007 0.008 0.009 0.011 0.012 0.013 0.015 0.016 0.018 0.020 0.022 0.023 0.025 0.028 0.030 0.032 0.034 0.037 0.040 0.042 0.045 0.048 0.051 0.054 0.057 0.060 0.071 0.231 0.527 0.779 1.024 1.201 1.296 1.324 1.316 1.252 1.089 0.797 0.468 0.247 0.120 0.053 0.021 0.008 0.002 0.001 0.000 0.000 0.000 0.000 0.000 0.000 0.000 0.000 0.000 0.000 0.000 0.000 0.000 0.000 0.000 0.000 0.000
0.000 0.000 0.000 0.000 0.000 0.000 0.001 0.001 0.003 0.003 0.004 0.005 0.006 0.007 0.007 0.008 0.010 0.011 0.012 0.014 0.015 0.017 0.018 0.020 0.022 0.024 0.026 0.028 0.030 0.032 0.035 0.037 0.040 0.042 0.045 0.048 0.051 0.054 0.057 0.060 0.079 0.272 0.570 0.821 1.063 1.236 1.325 1.349 1.338 1.267 1.095 0.794 0.463 0.244 0.118 0.052 0.021 0.007 0.002 0.001 0.000 0.000 0.000 0.000 0.000 0.000 0.000 0.000 0.000 0.000 0.000 0.000 0.000 0.000 0.000 0.000 0.000
0.000 0.000 0.000 0.000 0.000 0.000 0.001 0.001 0.003 0.004 0.004 0.005 0.006 0.007 0.008 0.008 0.010 0.011 0.012 0.014 0.015 0.017 0.018 0.020 0.022 0.024 0.026 0.028 0.030 0.032 0.035 0.037 0.040 0.043 0.045 0.048 0.051 0.054 0.057 0.060 0.084 0.298 0.589 0.845 1.083 1.250 1.334 1.355 1.343 1.269 1.090 0.778 0.449 0.235 0.112 0.049 0.019 0.007 0.002 0.000 0.000 0.000 0.000 0.000 0.000 0.000 0.000 0.000 0.000 0.000 0.000 0.000 0.000 0.000 0.000 0.000 0.000
0.000 0.000 0.000 0.000 0.000 0.000 0.001 0.001 0.003 0.004 0.004 0.005 0.006 0.007 0.008 0.008 0.010 0.011 0.012 0.014 0.015 0.017 0.018 0.020 0.022 0.024 0.026 0.028 0.030 0.032 0.035 0.037 0.040 0.043 0.045 0.048 0.051 0.054 0.057 0.060 0.087 0.308 0.598 0.853 1.088 1.252 1.334 1.353 1.339 1.259 1.069 0.744 0.421 0.217 0.102 0.043 0.017 0.006 0.002 0.000 0.000 0.000 0.000 0.000 0.000 0.000 0.000 0.000 0.000 0.000 0.000 0.000 0.000 0.000 0.000 0.000 0.000
0.000 0.000 0.000 0.000 0.000 0.000 0.001 0.001 0.003 0.004 0.004 0.005 0.006 0.007 0.008 0.008 0.010 0.011 0.012 0.014 0.015 0.017 0.018 0.020 0.022 0.024 0.026 0.028 0.030 0.032 0.035 0.037 0.040 0.043 0.045 0.048 0.051 0.054 0.057 0.060 0.088 0.310 0.599 0.854 1.086 1.245 1.321 1.337 1.319 1.229 1.022 0.686 0.379 0.190 0.087 0.036 0.013 0.004 0.001 0.000 0.000 0.000 0.000 0.000 0.000 0.000 0.000 0.000 0.000 0.000 0.000 0.000 0.000 0.000 0.000 0.000 0.000
0.000 0.000 0.000 0.000 0.000 0.000 0.001 0.001 0.003 0.003 0.004 0.005 0.006 0.007 0.008 0.008 0.010 0.011 0.012 0.014 0.015 0.017 0.018 0.020 0.022 0.024 0.026 0.028 0.030 0.032 0.035 0.037 0.040 0.043 0.045 0.048 0.051 0.054 0.057 0.061 0.087 0.306 0.595 0.848 1.073 1.224 1.292 1.303 1.277 1.173 0.948 0.606 0.326 0.158 0.069 0.027 0.010 0.003 0.001 0.000 0.000 0.000 0.000 0.000 0.000 0.000 0.000 0.000 0.000 0.000 0.000 0.000 0.000 0.000 0.000 0.000 0.000
0.000 0.000 0.000 0.000 0.000 0.000 0.001 0.001 0.003 0.003 0.004 0.005 0.006 0.007 0.007 0.008 0.010 0.011 0.012 0.014 0.015 0.017 0.018 0.020 0.022 0.024 0.026 0.028 0.030 0.032 0.035 0.037 0.040 0.042 0.045 0.048 0.051 0.054 0.057 0.061 0.084 0.293 0.584 0.829 1.043 1.180 1.237 1.244 1.209 1.090 0.847 0.511 0.265 0.123 0.052 0.020 0.007 0.002 0.000 0.000 0.000 0.000 0.000 0.000 0.000 0.000 0.000 0.000 0.000 0.000 0.000 0.000 0.000 0.000 0.000 0.000 0.000
0.000 0.000 0.000 0.000 0.000 0.000 0.001 0.001 0.002 0.003 0.004 0.005 0.006 0.007 0.007 0.008 0.009 0.011 0.012 0.013 0.015 0.017 0.018 0.020 0.022 0.024 0.026 0.028 0.030 0.032 0.035 0.037 0.040 0.042 0.045 0.048 0.051 0.054 0.057 0.060 0.077 0.267 0.556 0.796 0.989 1.110 1.155 1.157 1.113 0.980 0.721 0.409 0.203 0.091 0.037 0.013 0.004 0.001 0.000 0.000 0.000 0.000 0.000 0.000 0.000 0.000 0.000 0.000 0.000 0.000 0.000 0.000 0.000 0.000 0.000 0.000 0.000
0.000 0.000 0.000 0.000 0.000 0.000 0.001 0.001 0.002 0.003 0.004 0.005 0.006 0.006 0.007 0.008 0.009 0.011 0.012 0.013 0.015 0.016 0.018 0.020 0.021 0.023 0.025 0.027 0.030 0.032 0.034 0.037 0.039 0.042 0.045 0.048 0.051 0.054 0.057 0.060 0.069 0.226 0.517 0.738 0.910 1.012 1.045 1.041 0.987 0.841 0.575 0.306 0.145 0.062 0.024 0.008 0.003 0.001 0.000 0.000 0.000 0.000 0.000 0.000 0.000 0.000 0.000 0.000 0.000 0.000 0.000 0.000 0.000 0.000 0.000 0.000 0.000
0.000 0.000 0.000 0.000 0.000 0.000 0.001 0.001 0.002 0.003 0.004 0.005 0.005 0.006 0.007 0.008 0.009 0.010 0.012 0.013 0.015 0.016 0.018 0.019 0.021 0.023 0.025 0.027 0.029 0.031 0.034 0.036 0.039 0.041 0.044 0.047 0.050 0.053 0.056 0.059 0.063 0.179 0.463 0.668 0.823 0.904 0.924 0.911 0.844 0.683 0.423 0.213 0.096 0.040 0.015 0.005 0.001 0.000 0.000 0.000 0.000 0.000 0.000 0.000 0.000 0.000 0.000 0.000 0.000 0.000 0.000 0.000 0.000 0.000 0.000 0.000 0.000
0.000 0.000 0.000 0.000 0.000 0.000 0.001 0.001 0.001 0.003 0.004 0.004 0.005 0.006 0.007 0.008 0.009 0.010 0.011 0.013 0.014 0.016 0.017 0.019 0.021 0.022 0.024 0.026 0.029 0.031 0.033 0.036 0.038 0.041 0.043 0.046 0.049 0.052 0.055 0.058 0.060 0.130 0.384 0.596 0.730 0.790 0.799 0.772 0.693 0.523 0.287 0.136 0.059 0.023 0.008 0.003 0.001 0.000 0.000 0.000 0.000 0.000 0.000 0.000 0.000 0.000 0.000 0.000 0.000 0.000 0.000 0.000 0.000 0.000 0.000 0.000 0.000
0.000 0.000 0.000 0.000 0.000 0.000 0.001 0.001 0.001 0.002 0.003 0.004 0.005 0.006 0.006 0.007 0.008 0.010 0.011 0.012 0.013 0.015 0.016 0.018 0.020 0.022 0.024 0.026 0.028 0.030 0.032 0.034 0.037 0.039 0.042 0.045 0.048 0.051 0.054 0.057 0.059 0.091 0.293 0.508 0.623 0.652 0.661 0.603 0.516 0.359 0.173 0.078 0.032 0.012 0.004 0.001 0.000 0.000 0.000 0.000 0.000 0.000 0.000 0.000 0.000 0.000 0.000 0.000 0.000 0.000 0.000 0.000 0.000 0.000 0.000 0.000 0.000
0.000 0.000 0.000 0.000 0.000 0.000 0.001 0.001 0.001 0.001 0.002 0.003 0.004 0.005 0.006 0.007 0.008 0.009 0.010 0.011 0.013 0.014 0.016 0.017 0.019 0.021 0.022 0.024 0.026 0.028 0.031 0.033 0.035 0.038 0.040 0.043 0.046 0.048 0.051 0.054 0.056 0.067 0.205 0.416 0.495 0.499 0.497 0.431 0.339 0.209 0.094 0.041 0.016 0.006 0.002 0.000 0.000 0.000 0.000 0.000 0.000 0.000 0.000 0.000 0.000 0.000 0.000 0.000 0.000 0.000 0.000 0.000 0.000 0.000 0.000 0.000 0.000
0.000 0.000 0.000 0.000 0.000 0.000 0.000 0.001 0.001 0.001 0.002 0.003 0.004 0.004 0.005 0.006 0.007 0.008 0.009 0.010 0.011 0.013 0.014 0.016 0.017 0.019 0.021 0.022 0.024 0.026 0.028 0.030 0.033 0.035 0.037 0.040 0.042 0.045 0.047 0.049 0.052 0.057 0.132 0.320 0.367 0.363 0.334 0.295 0.196 0.101 0.046 0.019 0.007 0.003 0.001 0.000 0.000 0.000 0.000 0.000 0.000 0.000 0.000 0.000 0.000 0.000 0.000 0.000 0.000 0.000 0.000 0.000 0.000 0.000 0.000 0.000 0.000
0.000 0.000 0.000 0.000 0.000 0.000 0.000 0.001 0.001 0.001 0.001 0.002 0.003 0.003 0.004 0.005 0.006 0.007 0.008 0.009 0.010 0.011 0.012 0.014 0.015 0.017 0.018 0.020 0.022 0.023 0.025 0.027 0.029 0.031 0.033 0.035 0.037 0.039 0.041 0.044 0.049 0.053 0.088 0.216 0.246 0.241 0.213 0.173 0.099 0.047 0.021 0.008 0.003 0.001 0.000 0.000 0.000 0.000 0.000 0.000 0.000 0.000 0.000 0.000 0.000 0.000 0.000 0.000 0.000 0.000 0.000 0.000 0.000 0.000 0.000 0.000 0.000
0.000 0.000 0.000 0.000 0.000 0.000 0.000 0.000 0.001 0.001 0.001 0.001 0.002 0.002 0.003 0.004 0.004 0.005 0.006 0.007 0.008 0.009 0.010 0.011 0.012 0.014 0.015 0.016 0.018 0.019 0.020 0.022 0.023 0.025 0.026 0.028 0.029 0.031 0.035 0.040 0.043 0.045 0.062 0.130 0.148 0.142 0.127 0.083 0.044 0.020 0.008 0.003 0.001 0.000 0.000 0.000 0.000 0.000 0.000 0.000 0.000 0.000 0.000 0.000 0.000 0.000 0.000 0.000 0.000 0.000 0.000 0.000 0.000 0.000 0.000 0.000 0.000
0.000 0.000 0.000 0.000 0.000 0.000 0.000 0.000 0.001 0.001 0.001 0.001 0.001 0.001 0.002 0.003 0.003 0.004 0.004 0.005 0.006 0.006 0.007 0.008 0.009 0.010 0.011 0.012 0.013 0.013 0.014 0.015 0.016 0.017 0.018 0.019 0.021 0.024 0.027 0.030 0.030 0.030 0.039 0.072 0.081 0.074 0.060 0.035 0.017 0.008 0.003 0.001 0.000 0.000 0.000 0.000 0.000 0.000 0.000 0.000 0.000 0.000 0.000 0.000 0.000 0.000 0.000 0.000 0.000 0.000 0.000 0.000 0.000 0.000 0.000 0.000 0.000
0.000 0.000 0.000 0.000 0.000 0.000 0.000 0.000 0.000 0.000 0.000 0.001 0.001 0.001 0.001 0.001 0.002 0.002 0.003 0.003 0.004 0.004 0.005 0.005 0.006 0.006 0.007 0.008 0.008 0.009 0.009 0.010 0.010 0.011 0.011 0.012 0.013 0.015 0.016 0.017 0.016 0.017 0.023 0.036 0.039 0.034 0.024 0.013 0.006 0.003 0.001 0.000 0.000 0.000 0.000 0.000 0.000 0.000 0.000 0.000 0.000 0.000 0.000 0.000 0.000 0.000 0.000 0.000 0.000 0.000 0.000 0.000 0.000 0.000 0.000 0.000 0.000
0.000 0.000 0.000 0.000 0.000 0.000 0.000 0.000 0.000 0.000 0.000 0.000 0.000 0.000 0.001 0.001 0.001 0.001 0.001 0.002 0.002 0.002 0.003 0.003 0.003 0.004 0.004 0.004 0.005 0.005 0.005 0.006 0.006 0.006 0.006 0.007 0.007 0.008 0.008 0.008 0.008 0.009 0.012 0.016 0.016 0.013 0.009 0.004 0.002 0.001 0.000 0.000 0.000 0.000 0.000 0.000 0.000 0.000 0.000 0.000 0.000 0.000 0.000 0.000 0.000 0.000 0.000 0.000 0.000 0.000 0.000 0.000 0.000 0.000 0.000 0.000 0.000
0.000 0.000 0.000 0.000 0.000 0.000 0.000 0.000 0.000 0.000 0.000 0.000 0.000 0.000 0.000 0.000 0.000 0.000 0.000 0.001 0.001 0.001 0.001 0.002 0.002 0.002 0.002 0.002 0.002 0.002 0.003 0.003 0.003 0.003 0.003 0.003 0.003 0.004 0.004 0.004 0.004 0.004 0.005 0.006 0.006 0.005 0.003 0.001 0.000 0.000 0.000 0.000 0.000 0.000 0.000 0.000 0.000 0.000 0.000 0.000 0.000 0.000 0.000 0.000 0.000 0.000 0.000 0.000 0.000 0.000 0.000 0.000 0.000 0.000 0.000 0.000 0.000
0.000 0.000 0.000 0.000 0.000 0.000 0.000 0.000 0.000 0.000 0.000 0.000 0.000 0.000 0.000 0.000 0.000 0.000 0.000 0.000 0.000 0.000 0.000 0.000 0.000 0.001 0.001 0.001 0.001 0.001 0.001 0.001 0.001 0.001 0.001 0.001 0.001 0.001 0.001 0.001 0.001 0.001 0.002 0.002 0.002 0.001 0.001 0.000 0.000 0.000 0.000 0.000 0.000 0.000 0.000 0.000 0.000 0.000 0.000 0.000 0.000 0.000 0.000 0.000 0.000 0.000 0.000 0.000 0.000 0.000 0.000 0.000 0.000 0.000 0.000 0.000 0.000
