avaframe/data/avaParabola/Avaflow_Input/prefix_results/prefix_ascii/prefix_vflow10014.asc
ncols 250
nrows 100
xllcenter 997.50
yllcenter -4997.50
cellsize 20.00
NODATA_value -9999.000
[rows 34 to 67 of 100, columns 77 to 153 of 250]
0.000 0.000 0.000 0.000 0.000 0.000 0.000 0.000 0.000 0.000 0.000 0.000 0.000 0.000 0.000 0.000 0.000 0.000 0.000 0.000 0.000 0.960 1.035 1.099 1.156 1.209 1.260 1.311 1.362 1.413 1.463 1.510 1.555 1.598 1.638 1.676 1.711 1.746 1.793 1.832 1.785 1.622 0.745 0.033 0.047 0.146 0.214 0.259 0.298 0.332 0.338 0.288 0.252 0.000 0.000 0.000 0.000 0.000 0.000 0.000 0.000 0.000 0.000 0.000 0.000 0.000 0.000 0.000 0.000 0.000 0.000 0.000 0.000 0.000 0.000 0.000 0.000
0.000 0.000 0.000 0.000 0.000 0.000 0.000 0.000 0.000 0.000 0.000 0.000 0.000 0.000 0.000 0.000 0.000 0.000 0.000 0.000 1.058 1.141 1.208 1.269 1.327 1.384 1.441 1.500 1.561 1.622 1.684 1.744 1.801 1.857 1.911 1.964 2.014 2.064 2.130 2.150 2.118 1.913 0.865 0.107 0.037 0.158 0.311 0.372 0.422 0.470 0.494 0.442 0.378 0.131 0.000 0.000 0.000 0.000 0.000 0.000 0.000 0.000 0.000 0.000 0.000 0.000 0.000 0.000 0.000 0.000 0.000 0.000 0.000 0.000 0.000 0.000 0.000
0.000 0.000 0.000 0.000 0.000 0.000 0.000 0.000 0.000 0.000 0.000 0.000 0.000 0.000 0.000 0.000 0.000 0.000 0.000 1.118 1.214 1.292 1.361 1.427 1.492 1.558 1.625 1.693 1.763 1.835 1.908 1.980 2.050 2.120 2.190 2.259 2.327 2.395 2.477 2.487 2.465 2.192 0.919 0.126 0.041 0.201 0.421 0.494 0.552 0.602 0.622 0.569 0.499 0.364 0.096 0.000 0.000 0.000 0.000 0.000 0.000 0.000 0.000 0.000 0.000 0.000 0.000 0.000 0.000 0.000 0.000 0.000 0.000 0.000 0.000 0.000 0.000
0.000 0.000 0.000 0.000 0.000 0.000 0.000 0.000 0.000 0.000 0.000 0.000 0.000 0.000 0.000 0.000 0.000 0.000 1.159 1.263 1.348 1.426 1.500 1.575 1.652 1.730 1.809 1.889 1.970 2.054 2.138 2.222 2.307 2.391 2.476 2.561 2.645 2.730 2.823 2.835 2.818 2.439 0.795 0.028 0.116 0.371 0.603 0.682 0.719 0.722 0.718 0.671 0.606 0.521 0.370 0.099 0.000 0.000 0.000 0.000 0.000 0.000 0.000 0.000 0.000 0.000 0.000 0.000 0.000 0.000 0.000 0.000 0.000 0.000 0.000 0.000 0.000
0.000 0.000 0.000 0.000 0.000 0.000 0.000 0.000 0.000 0.000 0.000 0.000 0.000 0.000 0.000 0.000 0.000 1.187 1.300 1.391 1.473 1.552 1.634 1.719 1.808 1.898 1.989 2.079 2.169 2.261 2.354 2.447 2.541 2.635 2.729 2.823 2.917 3.011 3.102 3.171 3.186 2.618 0.622 0.000 0.174 0.505 0.694 0.734 0.789 0.822 0.810 0.752 0.702 0.636 0.550 0.410 0.141 0.000 0.000 0.000 0.000 0.000 0.000 0.000 0.000 0.000 0.000 0.000 0.000 0.000 0.000 0.000 0.000 0.000 0.000 0.000 0.000
0.000 0.000 0.000 0.000 0.000 0.000 0.000 0.000 0.000 0.000 0.000 0.000 0.000 0.000 0.000 0.000 1.195 1.314 1.412 1.501 1.585 1.668 1.756 1.849 1.945 2.041 2.137 2.233 2.329 2.426 2.524 2.622 2.722 2.821 2.921 3.022 3.123 3.224 3.309 3.456 3.628 2.480 0.458 0.000 0.064 0.196 0.267 0.374 0.683 0.888 0.935 0.872 0.783 0.729 0.659 0.566 0.445 0.260 0.000 0.000 0.000 0.000 0.000 0.000 0.000 0.000 0.000 0.000 0.000 0.000 0.000 0.000 0.000 0.000 0.000 0.000 0.000
0.000 0.000 0.000 0.000 0.000 0.000 0.000 0.000 0.000 0.000 0.000 0.000 0.000 0.000 0.000 1.176 1.304 1.407 1.500 1.588 1.673 1.761 1.854 1.952 2.052 2.153 2.253 2.352 2.452 2.552 2.653 2.754 2.857 2.961 3.065 3.169 3.274 3.380 3.466 3.664 3.960 2.048 0.299 0.000 0.069 0.039 0.063 0.205 0.379 0.438 0.575 0.792 0.904 0.811 0.748 0.657 0.522 0.295 0.145 0.000 0.000 0.000 0.000 0.000 0.000 0.000 0.000 0.000 0.000 0.000 0.000 0.000 0.000 0.000 0.000 0.000 0.000
0.000 0.000 0.000 0.000 0.000 0.000 0.000 0.000 0.000 0.000 0.000 0.000 0.000 0.000 1.114 1.269 1.380 1.477 1.567 1.654 1.741 1.832 1.929 2.030 2.134 2.237 2.340 2.442 2.544 2.646 2.748 2.852 2.957 3.063 3.169 3.276 3.383 3.496 3.581 3.819 4.034 1.572 0.196 0.000 0.000 0.000 0.000 0.000 0.000 0.000 0.182 0.721 1.021 0.857 0.768 0.655 0.522 0.357 0.105 0.000 0.000 0.000 0.000 0.000 0.000 0.000 0.000 0.000 0.000 0.000 0.000 0.000 0.000 0.000 0.000 0.000 0.000
0.000 0.000 0.000 0.000 0.000 0.000 0.000 0.000 0.000 0.000 0.000 0.000 0.000 0.000 1.204 1.331 1.434 1.528 1.616 1.702 1.790 1.884 1.983 2.087 2.193 2.299 2.404 2.508 2.611 2.714 2.818 2.923 3.029 3.136 3.244 3.352 3.461 3.584 3.651 3.934 3.854 1.135 0.012 0.000 0.001 0.014 0.133 0.129 0.146 0.205 0.359 0.688 0.892 0.712 0.599 0.491 0.386 0.285 0.189 0.113 0.000 0.000 0.000 0.000 0.000 0.000 0.000 0.000 0.000 0.000 0.000 0.000 0.000 0.000 0.000 0.000 0.000
0.000 0.000 0.000 0.000 0.000 0.000 0.000 0.000 0.000 0.000 0.000 0.000 0.000 0.000 1.260 1.374 1.473 1.564 1.652 1.738 1.827 1.921 2.022 2.127 2.235 2.343 2.449 2.555 2.659 2.763 2.867 2.972 3.079 3.187 3.296 3.405 3.518 3.648 3.675 3.994 3.482 0.722 0.000 0.000 0.000 0.285 0.482 0.522 0.577 0.655 0.703 0.710 0.684 0.556 0.457 0.368 0.288 0.214 0.138 0.050 0.000 0.000 0.000 0.000 0.000 0.000 0.000 0.000 0.000 0.000 0.000 0.000 0.000 0.000 0.000 0.000 0.000
0.000 0.000 0.000 0.000 0.000 0.000 0.000 0.000 0.000 0.000 0.000 0.000 0.000 1.153 1.294 1.402 1.499 1.590 1.676 1.763 1.852 1.947 2.049 2.155 2.264 2.373 2.480 2.587 2.692 2.796 2.901 3.006 3.113 3.222 3.331 3.441 3.558 3.678 3.691 4.055 3.124 0.454 0.000 0.005 0.165 0.461 0.645 0.693 0.702 0.692 0.667 0.604 0.528 0.444 0.361 0.287 0.223 0.167 0.108 0.033 0.000 0.000 0.000 0.000 0.000 0.000 0.000 0.000 0.000 0.000 0.000 0.000 0.000 0.000 0.000 0.000 0.000
0.000 0.000 0.000 0.000 0.000 0.000 0.000 0.000 0.000 0.000 0.000 0.000 0.000 1.184 1.314 1.420 1.516 1.607 1.693 1.780 1.869 1.965 2.067 2.174 2.283 2.392 2.501 2.608 2.714 2.818 2.923 3.029 3.136 3.245 3.355 3.466 3.582 3.681 3.808 4.345 2.673 0.289 0.044 0.164 0.344 0.533 0.626 0.634 0.601 0.528 0.454 0.397 0.351 0.294 0.233 0.179 0.135 0.099 0.066 0.032 0.000 0.000 0.000 0.000 0.000 0.000 0.000 0.000 0.000 0.000 0.000 0.000 0.000 0.000 0.000 0.000 0.000
0.000 0.000 0.000 0.000 0.000 0.000 0.000 0.000 0.000 0.000 0.000 0.000 0.000 1.200 1.326 1.431 1.527 1.617 1.704 1.790 1.881 1.976 2.078 2.185 2.295 2.405 2.514 2.621 2.727 2.832 2.937 3.043 3.151 3.259 3.369 3.483 3.597 3.675 4.035 4.521 2.106 0.141 0.116 0.319 0.482 0.558 0.557 0.513 0.418 0.310 0.232 0.183 0.150 0.115 0.082 0.055 0.035 0.022 0.014 0.007 0.000 0.000 0.000 0.000 0.000 0.000 0.000 0.000 0.000 0.000 0.000 0.000 0.000 0.000 0.000 0.000 0.000
0.000 0.000 0.000 0.000 0.000 0.000 0.000 0.000 0.000 0.000 0.000 0.000 0.000 1.208 1.333 1.437 1.533 1.623 1.710 1.797 1.887 1.983 2.085 2.192 2.302 2.412 2.521 2.629 2.735 2.840 2.946 3.052 3.159 3.268 3.378 3.493 3.607 3.679 4.135 4.414 1.691 0.005 0.132 0.354 0.422 0.540 0.502 0.329 0.237 0.160 0.104 0.070 0.052 0.037 0.016 0.000 0.001 0.000 0.000 0.000 0.000 0.000 0.000 0.000 0.000 0.000 0.000 0.000 0.000 0.000 0.000 0.000 0.000 0.000 0.000 0.000 0.000
0.000 0.000 0.000 0.000 0.000 0.000 0.000 0.000 0.000 0.000 0.000 0.000 0.000 1.211 1.335 1.440 1.536 1.626 1.713 1.800 1.890 1.987 2.089 2.196 2.306 2.416 2.525 2.632 2.739 2.844 2.950 3.056 3.164 3.273 3.383 3.498 3.612 3.683 4.141 4.308 1.420 0.000 0.032 0.224 0.211 0.009 0.010 0.121 0.106 0.071 0.030 0.012 0.000 0.007 0.018 0.016 0.019 0.014 0.010 0.004 0.000 0.000 0.000 0.000 0.000 0.000 0.000 0.000 0.000 0.000 0.000 0.000 0.000 0.000 0.000 0.000 0.000
0.000 0.000 0.000 0.000 0.000 0.000 0.000 0.000 0.000 0.000 0.000 0.000 0.000 1.212 1.336 1.440 1.536 1.627 1.714 1.801 1.891 1.988 2.090 2.198 2.308 2.418 2.526 2.634 2.740 2.845 2.951 3.058 3.165 3.275 3.385 3.499 3.614 3.684 4.147 4.180 1.250 0.005 0.021 0.111 0.071 0.008 0.010 0.023 0.029 0.016 0.060 0.087 0.006 0.135 0.140 0.125 0.102 0.079 0.053 0.015 0.000 0.000 0.000 0.000 0.000 0.000 0.000 0.000 0.000 0.000 0.000 0.000 0.000 0.000 0.000 0.000 0.000
0.000 0.000 0.000 0.000 0.000 0.000 0.000 0.000 0.000 0.000 0.000 0.000 0.000 1.211 1.335 1.440 1.536 1.627 1.714 1.801 1.891 1.988 2.091 2.198 2.308 2.418 2.527 2.634 2.740 2.845 2.951 3.058 3.166 3.275 3.385 3.500 3.613 3.684 4.148 4.104 1.169 0.000 0.001 0.001 0.004 0.006 0.017 0.007 0.006 0.076 0.061 0.354 0.419 0.376 0.300 0.238 0.186 0.141 0.097 0.040 0.000 0.000 0.000 0.000 0.000 0.000 0.000 0.000 0.000 0.000 0.000 0.000 0.000 0.000 0.000 0.000 0.000
0.000 0.000 0.000 0.000 0.000 0.000 0.000 0.000 0.000 0.000 0.000 0.000 0.000 1.207 1.333 1.438 1.535 1.625 1.712 1.800 1.890 1.987 2.090 2.198 2.308 2.418 2.526 2.633 2.739 2.844 2.950 3.057 3.165 3.274 3.385 3.499 3.611 3.685 4.149 4.095 1.149 0.004 0.013 0.029 0.061 0.106 0.159 0.212 0.301 0.450 0.587 0.558 0.579 0.483 0.387 0.308 0.243 0.186 0.121 0.068 0.000 0.000 0.000 0.000 0.000 0.000 0.000 0.000 0.000 0.000 0.000 0.000 0.000 0.000 0.000 0.000 0.000
0.000 0.000 0.000 0.000 0.000 0.000 0.000 0.000 0.000 0.000 0.000 0.000 0.000 1.199 1.328 1.434 1.530 1.621 1.709 1.796 1.888 1.985 2.089 2.197 2.306 2.416 2.523 2.630 2.735 2.841 2.947 3.054 3.162 3.272 3.382 3.496 3.605 3.690 4.150 4.102 1.161 0.000 0.039 0.125 0.261 0.379 0.455 0.543 0.659 0.721 0.743 0.725 0.657 0.556 0.462 0.379 0.308 0.240 0.157 0.000 0.000 0.000 0.000 0.000 0.000 0.000 0.000 0.000 0.000 0.000 0.000 0.000 0.000 0.000 0.000 0.000 0.000
0.000 0.000 0.000 0.000 0.000 0.000 0.000 0.000 0.000 0.000 0.000 0.000 0.000 1.183 1.317 1.425 1.522 1.614 1.702 1.790 1.882 1.980 2.085 2.193 2.302 2.411 2.517 2.623 2.729 2.834 2.941 3.048 3.157 3.266 3.377 3.488 3.599 3.697 4.154 4.150 1.211 0.009 0.075 0.208 0.380 0.527 0.615 0.675 0.716 0.768 0.816 0.808 0.722 0.636 0.549 0.465 0.385 0.295 0.113 0.000 0.000 0.000 0.000 0.000 0.000 0.000 0.000 0.000 0.000 0.000 0.000 0.000 0.000 0.000 0.000 0.000 0.000
0.000 0.000 0.000 0.000 0.000 0.000 0.000 0.000 0.000 0.000 0.000 0.000 0.000 1.153 1.298 1.409 1.509 1.602 1.691 1.780 1.873 1.972 2.076 2.184 2.293 2.400 2.506 2.612 2.717 2.823 2.929 3.037 3.146 3.255 3.365 3.475 3.589 3.697 4.055 4.259 1.337 0.000 0.075 0.203 0.349 0.513 0.648 0.718 0.759 0.398 1.254 0.093 0.803 0.704 0.606 0.512 0.417 0.313 0.205 0.000 0.000 0.000 0.000 0.000 0.000 0.000 0.000 0.000 0.000 0.000 0.000 0.000 0.000 0.000 0.000 0.000 0.000
0.000 0.000 0.000 0.000 0.000 0.000 0.000 0.000 0.000 0.000 0.000 0.000 0.000 1.100 1.267 1.385 1.487 1.583 1.673 1.763 1.857 1.957 2.062 2.169 2.277 2.383 2.488 2.593 2.698 2.804 2.911 3.019 3.128 3.238 3.347 3.457 3.572 3.693 3.886 4.388 1.550 0.019 0.000 0.079 0.106 0.240 0.486 0.633 0.702 0.490 1.453 0.112 0.777 0.668 0.569 0.476 0.379 0.278 0.000 0.000 0.000 0.000 0.000 0.000 0.000 0.000 0.000 0.000 0.000 0.000 0.000 0.000 0.000 0.000 0.000 0.000 0.000
0.000 0.000 0.000 0.000 0.000 0.000 0.000 0.000 0.000 0.000 0.000 0.000 0.000 1.013 1.219 1.348 1.456 1.554 1.647 1.739 1.833 1.933 2.038 2.145 2.251 2.356 2.461 2.565 2.670 2.777 2.884 2.992 3.101 3.210 3.319 3.429 3.546 3.669 3.711 4.445 1.857 0.101 0.000 0.020 0.000 0.000 0.211 0.325 0.423 0.545 0.702 0.764 0.698 0.609 0.520 0.426 0.300 0.183 0.000 0.000 0.000 0.000 0.000 0.000 0.000 0.000 0.000 0.000 0.000 0.000 0.000 0.000 0.000 0.000 0.000 0.000 0.000
0.000 0.000 0.000 0.000 0.000 0.000 0.000 0.000 0.000 0.000 0.000 0.000 0.000 0.879 1.143 1.294 1.410 1.513 1.609 1.702 1.797 1.897 2.001 2.107 2.212 2.317 2.420 2.524 2.629 2.736 2.843 2.951 3.059 3.167 3.277 3.387 3.501 3.617 3.645 4.273 2.507 0.291 0.916 1.263 0.241 0.237 0.100 0.063 0.160 0.319 0.560 0.705 0.659 0.569 0.480 0.374 0.221 0.000 0.000 0.000 0.000 0.000 0.000 0.000 0.000 0.000 0.000 0.000 0.000 0.000 0.000 0.000 0.000 0.000 0.000 0.000 0.000
0.000 0.000 0.000 0.000 0.000 0.000 0.000 0.000 0.000 0.000 0.000 0.000 0.000 0.000 1.022 1.214 1.345 1.454 1.555 1.650 1.746 1.844 1.947 2.052 2.156 2.260 2.362 2.466 2.571 2.677 2.783 2.890 2.998 3.105 3.213 3.322 3.430 3.537 3.630 3.986 3.275 0.641 0.995 1.402 0.258 0.623 0.590 0.381 0.253 0.377 0.556 0.665 0.614 0.520 0.421 0.300 0.164 0.000 0.000 0.000 0.000 0.000 0.000 0.000 0.000 0.000 0.000 0.000 0.000 0.000 0.000 0.000 0.000 0.000 0.000 0.000 0.000
0.000 0.000 0.000 0.000 0.000 0.000 0.000 0.000 0.000 0.000 0.000 0.000 0.000 0.000 0.836 1.094 1.253 1.372 1.478 1.576 1.672 1.769 1.870 1.974 2.077 2.179 2.281 2.384 2.488 2.592 2.698 2.803 2.908 3.014 3.120 3.225 3.328 3.441 3.555 3.921 3.770 1.108 0.045 0.017 0.180 0.434 0.594 0.684 0.682 0.617 0.622 0.610 0.544 0.447 0.317 0.123 0.000 0.000 0.000 0.000 0.000 0.000 0.000 0.000 0.000 0.000 0.000 0.000 0.000 0.000 0.000 0.000 0.000 0.000 0.000 0.000 0.000
0.000 0.000 0.000 0.000 0.000 0.000 0.000 0.000 0.000 0.000 0.000 0.000 0.000 0.000 0.000 0.904 1.120 1.258 1.371 1.473 1.570 1.666 1.765 1.865 1.966 2.066 2.166 2.267 2.370 2.472 2.573 2.675 2.777 2.879 2.981 3.083 3.185 3.305 3.411 3.450 4.044 1.578 0.227 0.001 0.030 0.281 0.456 0.534 0.628 0.704 0.637 0.537 0.453 0.356 0.227 0.129 0.000 0.000 0.000 0.000 0.000 0.000 0.000 0.000 0.000 0.000 0.000 0.000 0.000 0.000 0.000 0.000 0.000 0.000 0.000 0.000 0.000
0.000 0.000 0.000 0.000 0.000 0.000 0.000 0.000 0.000 0.000 0.000 0.000 0.000 0.000 0.000 0.000 0.915 1.098 1.225 1.331 1.429 1.523 1.616 1.712 1.810 1.908 2.006 2.103 2.200 2.296 2.392 2.488 2.584 2.679 2.774 2.869 2.963 3.078 3.155 3.133 3.861 2.254 0.482 0.000 0.000 0.217 0.359 0.416 0.499 0.556 0.505 0.433 0.354 0.267 0.179 0.000 0.000 0.000 0.000 0.000 0.000 0.000 0.000 0.000 0.000 0.000 0.000 0.000 0.000 0.000 0.000 0.000 0.000 0.000 0.000 0.000 0.000
0.000 0.000 0.000 0.000 0.000 0.000 0.000 0.000 0.000 0.000 0.000 0.000 0.000 0.000 0.000 0.000 0.676 0.875 1.023 1.134 1.229 1.316 1.402 1.494 1.591 1.687 1.780 1.869 1.954 2.040 2.127 2.212 2.296 2.378 2.458 2.535 2.604 2.693 2.754 2.775 3.351 2.894 0.841 0.112 0.000 0.231 0.273 0.332 0.422 0.439 0.388 0.328 0.262 0.193 0.000 0.000 0.000 0.000 0.000 0.000 0.000 0.000 0.000 0.000 0.000 0.000 0.000 0.000 0.000 0.000 0.000 0.000 0.000 0.000 0.000 0.000 0.000
0.000 0.000 0.000 0.000 0.000 0.000 0.000 0.000 0.000 0.000 0.000 0.000 0.000 0.000 0.000 0.000 0.000 0.647 0.797 0.898 0.980 1.053 1.139 1.235 1.324 1.404 1.476 1.545 1.617 1.692 1.764 1.831 1.893 1.953 2.012 2.070 2.123 2.193 2.264 2.311 2.715 2.842 1.118 0.142 0.075 0.163 0.207 0.267 0.344 0.341 0.292 0.240 0.186 0.000 0.000 0.000 0.000 0.000 0.000 0.000 0.000 0.000 0.000 0.000 0.000 0.000 0.000 0.000 0.000 0.000 0.000 0.000 0.000 0.000 0.000 0.000 0.000
0.000 0.000 0.000 0.000 0.000 0.000 0.000 0.000 0.000 0.000 0.000 0.000 0.000 0.000 0.000 0.000 0.000 0.000 0.594 0.676 0.720 0.793 0.879 0.976 1.049 1.101 1.145 1.195 1.261 1.327 1.381 1.428 1.472 1.518 1.566 1.613 1.659 1.719 1.790 1.838 2.115 2.481 1.131 0.169 0.078 0.138 0.174 0.232 0.277 0.254 0.211 0.168 0.000 0.000 0.000 0.000 0.000 0.000 0.000 0.000 0.000 0.000 0.000 0.000 0.000 0.000 0.000 0.000 0.000 0.000 0.000 0.000 0.000 0.000 0.000 0.000 0.000
0.000 0.000 0.000 0.000 0.000 0.000 0.000 0.000 0.000 0.000 0.000 0.000 0.000 0.000 0.000 0.000 0.000 0.000 0.000 0.000 0.493 0.556 0.625 0.706 0.755 0.779 0.797 0.819 0.897 0.948 0.985 1.021 1.064 1.110 1.155 1.192 1.228 1.276 1.338 1.383 1.568 1.971 0.942 0.144 0.000 0.106 0.145 0.200 0.203 0.149 0.122 0.000 0.000 0.000 0.000 0.000 0.000 0.000 0.000 0.000 0.000 0.000 0.000 0.000 0.000 0.000 0.000 0.000 0.000 0.000 0.000 0.000 0.000 0.000 0.000 0.000 0.000
0.000 0.000 0.000 0.000 0.000 0.000 0.000 0.000 0.000 0.000 0.000 0.000 0.000 0.000 0.000 0.000 0.000 0.000 0.000 0.000 0.000 0.000 0.000 0.000 0.437 0.441 0.444 0.442 0.512 0.557 0.600 0.646 0.699 0.746 0.783 0.807 0.819 0.864 0.915 0.955 1.067 1.354 0.735 0.159 0.000 0.071 0.102 0.148 0.091 0.078 0.000 0.000 0.000 0.000 0.000 0.000 0.000 0.000 0.000 0.000 0.000 0.000 0.000 0.000 0.000 0.000 0.000 0.000 0.000 0.000 0.000 0.000 0.000 0.000 0.000 0.000 0.000
0.000 0.000 0.000 0.000 0.000 0.000 0.000 0.000 0.000 0.000 0.000 0.000 0.000 0.000 0.000 0.000 0.000 0.000 0.000 0.000 0.000 0.000 0.000 0.000 0.000 0.000 0.000 0.000 0.000 0.000 0.000 0.000 0.383 0.416 0.437 0.446 0.438 0.476 0.512 0.547 0.630 0.776 0.524 0.056 0.017 0.039 0.058 0.090 0.000 0.000 0.000 0.000 0.000 0.000 0.000 0.000 0.000 0.000 0.000 0.000 0.000 0.000 0.000 0.000 0.000 0.000 0.000 0.000 0.000 0.000 0.000 0.000 0.000 0.000 0.000 0.000 0.000
