avaframe/data/avaParabola/Avaflow_Input/prefix_results/prefix_ascii/prefix_vflow10012.asc
ncols 250
nrows 100
xllcenter 997.50
yllcenter -4997.50
cellsize 20.00
NODATA_value -9999.000
[rows 34 to 67 of 100, columns 77 to 153 of 250]
0.000 0.000 0.000 0.000 0.000 0.000 0.000 0.000 0.000 0.000 0.000 0.000 0.000 0.000 0.000 0.000 0.000 0.000 0.936 1.003 1.061 1.114 1.164 1.214 1.265 1.317 1.369 1.420 1.468 1.513 1.555 1.595 1.633 1.668 1.701 1.734 1.771 1.828 1.863 1.809 1.750 1.687 1.001 0.145 0.023 0.077 0.118 0.141 0.157 0.186 0.214 0.107 0.000 0.000 0.000 0.000 0.000 0.000 0.000 0.000 0.000 0.000 0.000 0.000 0.000 0.000 0.000 0.000 0.000 0.000 0.000 0.000 0.000 0.000 0.000 0.000 0.000
0.000 0.000 0.000 0.000 0.000 0.000 0.000 0.000 0.000 0.000 0.000 0.000 0.000 0.000 0.000 0.000 0.000 1.022 1.107 1.176 1.238 1.297 1.354 1.411 1.470 1.530 1.593 1.655 1.715 1.773 1.831 1.887 1.942 1.996 2.049 2.101 2.157 2.231 2.236 2.205 2.167 2.141 1.273 0.245 0.029 0.104 0.183 0.232 0.271 0.312 0.338 0.259 0.164 0.117 0.000 0.000 0.000 0.000 0.000 0.000 0.000 0.000 0.000 0.000 0.000 0.000 0.000 0.000 0.000 0.000 0.000 0.000 0.000 0.000 0.000 0.000 0.000
0.000 0.000 0.000 0.000 0.000 0.000 0.000 0.000 0.000 0.000 0.000 0.000 0.000 0.000 0.000 0.000 1.075 1.175 1.257 1.331 1.402 1.472 1.541 1.611 1.681 1.752 1.826 1.900 1.974 2.047 2.121 2.194 2.267 2.339 2.409 2.477 2.548 2.637 2.636 2.623 2.606 2.639 1.586 0.406 0.333 0.129 0.249 0.334 0.393 0.445 0.466 0.403 0.308 0.220 0.164 0.000 0.000 0.000 0.000 0.000 0.000 0.000 0.000 0.000 0.000 0.000 0.000 0.000 0.000 0.000 0.000 0.000 0.000 0.000 0.000 0.000 0.000
0.000 0.000 0.000 0.000 0.000 0.000 0.000 0.000 0.000 0.000 0.000 0.000 0.000 0.000 0.000 1.115 1.222 1.311 1.394 1.475 1.556 1.639 1.722 1.806 1.890 1.976 2.063 2.151 2.240 2.329 2.418 2.507 2.596 2.683 2.770 2.855 2.943 3.045 3.043 3.046 3.050 3.150 1.921 0.522 0.041 0.162 0.300 0.445 0.522 0.573 0.577 0.530 0.450 0.352 0.256 0.184 0.000 0.000 0.000 0.000 0.000 0.000 0.000 0.000 0.000 0.000 0.000 0.000 0.000 0.000 0.000 0.000 0.000 0.000 0.000 0.000 0.000
0.000 0.000 0.000 0.000 0.000 0.000 0.000 0.000 0.000 0.000 0.000 0.000 0.000 0.000 1.155 1.267 1.359 1.445 1.530 1.618 1.711 1.806 1.903 2.000 2.099 2.199 2.299 2.400 2.500 2.601 2.702 2.802 2.902 3.003 3.102 3.202 3.302 3.405 3.436 3.455 3.472 3.636 2.108 0.363 0.082 0.142 0.384 0.584 0.675 0.702 0.670 0.645 0.584 0.484 0.369 0.251 0.172 0.000 0.000 0.000 0.000 0.000 0.000 0.000 0.000 0.000 0.000 0.000 0.000 0.000 0.000 0.000 0.000 0.000 0.000 0.000 0.000
0.000 0.000 0.000 0.000 0.000 0.000 0.000 0.000 0.000 0.000 0.000 0.000 0.000 1.173 1.292 1.393 1.486 1.576 1.668 1.765 1.865 1.968 2.071 2.175 2.280 2.385 2.492 2.599 2.707 2.815 2.923 3.031 3.139 3.247 3.355 3.463 3.572 3.680 3.794 3.838 3.858 4.034 1.863 0.145 0.091 0.254 0.502 0.619 0.656 0.658 0.669 0.739 0.717 0.620 0.497 0.356 0.136 0.000 0.000 0.000 0.000 0.000 0.000 0.000 0.000 0.000 0.000 0.000 0.000 0.000 0.000 0.000 0.000 0.000 0.000 0.000 0.000
0.000 0.000 0.000 0.000 0.000 0.000 0.000 0.000 0.000 0.000 0.000 0.000 1.162 1.288 1.395 1.492 1.585 1.680 1.779 1.882 1.989 2.097 2.204 2.312 2.420 2.529 2.639 2.750 2.862 2.975 3.088 3.201 3.314 3.427 3.541 3.654 3.768 3.883 4.003 4.108 4.120 4.043 1.428 0.024 0.156 0.337 0.388 0.377 0.390 0.451 0.535 0.686 0.802 0.753 0.635 0.488 0.334 0.227 0.000 0.000 0.000 0.000 0.000 0.000 0.000 0.000 0.000 0.000 0.000 0.000 0.000 0.000 0.000 0.000 0.000 0.000 0.000
0.000 0.000 0.000 0.000 0.000 0.000 0.000 0.000 0.000 0.000 0.000 1.120 1.258 1.370 1.471 1.566 1.660 1.758 1.862 1.970 2.081 2.193 2.304 2.414 2.524 2.636 2.748 2.862 2.977 3.092 3.209 3.325 3.442 3.558 3.675 3.791 3.909 4.028 4.153 4.241 4.303 3.898 1.115 0.000 0.132 0.220 0.285 0.303 0.296 0.359 0.441 0.556 0.732 0.815 0.717 0.547 0.384 0.251 0.157 0.000 0.000 0.000 0.000 0.000 0.000 0.000 0.000 0.000 0.000 0.000 0.000 0.000 0.000 0.000 0.000 0.000 0.000
0.000 0.000 0.000 0.000 0.000 0.000 0.000 0.000 0.000 0.000 0.000 1.201 1.323 1.429 1.527 1.620 1.715 1.815 1.922 2.033 2.147 2.262 2.376 2.488 2.600 2.713 2.827 2.942 3.059 3.176 3.294 3.413 3.531 3.650 3.768 3.887 4.007 4.128 4.243 4.359 4.488 3.522 0.790 0.000 0.112 0.172 0.367 0.554 0.571 0.531 0.460 0.484 0.593 0.647 0.550 0.406 0.277 0.180 0.066 0.000 0.000 0.000 0.000 0.000 0.000 0.000 0.000 0.000 0.000 0.000 0.000 0.000 0.000 0.000 0.000 0.000 0.000
0.000 0.000 0.000 0.000 0.000 0.000 0.000 0.000 0.000 0.000 1.109 1.254 1.368 1.470 1.566 1.659 1.755 1.857 1.965 2.078 2.194 2.311 2.426 2.540 2.654 2.767 2.882 2.998 3.116 3.234 3.354 3.474 3.594 3.714 3.834 3.954 4.075 4.198 4.304 4.557 4.756 2.915 0.390 0.156 0.003 0.000 0.239 0.535 0.582 0.621 0.621 0.568 0.523 0.485 0.403 0.294 0.200 0.132 0.080 0.000 0.000 0.000 0.000 0.000 0.000 0.000 0.000 0.000 0.000 0.000 0.000 0.000 0.000 0.000 0.000 0.000 0.000
0.000 0.000 0.000 0.000 0.000 0.000 0.000 0.000 0.000 0.000 1.155 1.287 1.397 1.498 1.593 1.687 1.783 1.885 1.994 2.109 2.226 2.344 2.461 2.576 2.690 2.805 2.920 3.036 3.154 3.274 3.394 3.515 3.636 3.757 3.877 3.998 4.120 4.247 4.347 4.611 4.909 2.246 0.075 0.008 0.014 0.137 0.280 0.431 0.449 0.579 0.678 0.577 0.452 0.374 0.296 0.217 0.150 0.102 0.055 0.000 0.000 0.000 0.000 0.000 0.000 0.000 0.000 0.000 0.000 0.000 0.000 0.000 0.000 0.000 0.000 0.000 0.000
0.000 0.000 0.000 0.000 0.000 0.000 0.000 0.000 0.000 0.998 1.181 1.308 1.417 1.517 1.612 1.705 1.802 1.905 2.014 2.129 2.247 2.366 2.484 2.600 2.715 2.829 2.945 3.061 3.180 3.300 3.421 3.542 3.663 3.784 3.905 4.026 4.149 4.280 4.363 4.651 4.728 1.620 0.000 0.040 0.214 0.290 0.359 0.361 0.292 0.147 0.237 0.385 0.288 0.220 0.158 0.113 0.081 0.057 0.029 0.009 0.000 0.000 0.000 0.000 0.000 0.000 0.000 0.000 0.000 0.000 0.000 0.000 0.000 0.000 0.000 0.000 0.000
0.000 0.000 0.000 0.000 0.000 0.000 0.000 0.000 0.000 1.019 1.195 1.320 1.428 1.528 1.623 1.717 1.814 1.917 2.027 2.142 2.261 2.380 2.498 2.614 2.730 2.845 2.960 3.077 3.196 3.316 3.437 3.559 3.680 3.802 3.923 4.045 4.167 4.303 4.370 4.658 4.250 1.003 0.000 0.212 0.512 0.681 0.559 0.355 0.238 0.098 0.015 0.046 0.052 0.055 0.047 0.028 0.018 0.012 0.005 0.002 0.000 0.000 0.000 0.000 0.000 0.000 0.000 0.000 0.000 0.000 0.000 0.000 0.000 0.000 0.000 0.000 0.000
0.000 0.000 0.000 0.000 0.000 0.000 0.000 0.000 0.000 1.028 1.202 1.326 1.434 1.535 1.630 1.724 1.821 1.924 2.034 2.150 2.268 2.388 2.506 2.622 2.738 2.853 2.969 3.086 3.205 3.325 3.447 3.569 3.691 3.812 3.934 4.055 4.178 4.319 4.373 4.650 3.765 0.611 0.000 0.222 0.197 0.088 0.161 0.218 0.176 0.102 0.030 0.001 0.000 0.009 0.009 0.001 0.001 0.000 0.001 0.000 0.000 0.000 0.000 0.000 0.000 0.000 0.000 0.000 0.000 0.000 0.000 0.000 0.000 0.000 0.000 0.000 0.000
0.000 0.000 0.000 0.000 0.000 0.000 0.000 0.000 0.000 1.030 1.204 1.328 1.437 1.537 1.633 1.727 1.824 1.928 2.038 2.154 2.272 2.392 2.510 2.626 2.742 2.858 2.974 3.091 3.210 3.330 3.451 3.573 3.695 3.817 3.939 4.060 4.183 4.327 4.384 4.699 3.479 0.453 0.000 0.048 0.065 0.020 0.000 0.061 0.084 0.069 0.047 0.038 0.014 0.009 0.021 0.022 0.016 0.012 0.007 0.002 0.000 0.000 0.000 0.000 0.000 0.000 0.000 0.000 0.000 0.000 0.000 0.000 0.000 0.000 0.000 0.000 0.000
0.000 0.000 0.000 0.000 0.000 0.000 0.000 0.000 0.000 1.031 1.205 1.329 1.438 1.538 1.634 1.728 1.826 1.929 2.040 2.155 2.274 2.393 2.511 2.628 2.743 2.859 2.975 3.093 3.211 3.332 3.453 3.575 3.697 3.819 3.941 4.062 4.186 4.331 4.392 4.777 3.255 0.398 0.000 0.000 0.012 0.028 0.000 0.032 0.037 0.031 0.019 0.003 0.065 0.109 0.120 0.097 0.078 0.060 0.036 0.000 0.000 0.000 0.000 0.000 0.000 0.000 0.000 0.000 0.000 0.000 0.000 0.000 0.000 0.000 0.000 0.000 0.000
0.000 0.000 0.000 0.000 0.000 0.000 0.000 0.000 0.000 1.030 1.204 1.329 1.437 1.538 1.633 1.728 1.826 1.929 2.040 2.156 2.274 2.393 2.511 2.628 2.743 2.859 2.975 3.093 3.212 3.332 3.454 3.575 3.697 3.819 3.941 4.063 4.188 4.332 4.391 4.834 3.123 0.366 0.017 0.005 0.001 0.000 0.003 0.005 0.002 0.009 0.097 0.212 0.330 0.290 0.233 0.180 0.139 0.102 0.064 0.000 0.000 0.000 0.000 0.000 0.000 0.000 0.000 0.000 0.000 0.000 0.000 0.000 0.000 0.000 0.000 0.000 0.000
0.000 0.000 0.000 0.000 0.000 0.000 0.000 0.000 0.000 1.027 1.202 1.326 1.435 1.536 1.632 1.727 1.824 1.929 2.039 2.155 2.274 2.393 2.510 2.627 2.742 2.858 2.974 3.092 3.211 3.331 3.453 3.574 3.696 3.818 3.940 4.062 4.188 4.330 4.390 4.855 3.092 0.358 0.007 0.007 0.084 0.169 0.098 0.083 0.092 0.089 0.336 0.448 0.485 0.391 0.303 0.236 0.183 0.135 0.051 0.000 0.000 0.000 0.000 0.000 0.000 0.000 0.000 0.000 0.000 0.000 0.000 0.000 0.000 0.000 0.000 0.000 0.000
0.000 0.000 0.000 0.000 0.000 0.000 0.000 0.000 0.000 1.016 1.195 1.321 1.431 1.532 1.628 1.723 1.821 1.926 2.037 2.153 2.272 2.390 2.507 2.623 2.739 2.854 2.971 3.089 3.208 3.328 3.449 3.571 3.693 3.815 3.937 4.060 4.186 4.323 4.377 4.836 3.114 0.364 0.001 0.027 0.097 0.257 0.331 0.393 0.574 0.575 0.522 0.573 0.549 0.456 0.365 0.294 0.236 0.170 0.053 0.000 0.000 0.000 0.000 0.000 0.000 0.000 0.000 0.000 0.000 0.000 0.000 0.000 0.000 0.000 0.000 0.000 0.000
0.000 0.000 0.000 0.000 0.000 0.000 0.000 0.000 0.000 0.988 1.181 1.310 1.421 1.523 1.620 1.716 1.815 1.920 2.032 2.148 2.266 2.384 2.500 2.616 2.731 2.847 2.964 3.082 3.201 3.321 3.442 3.564 3.686 3.808 3.930 4.053 4.177 4.309 4.361 4.778 3.231 0.391 0.019 0.158 0.396 0.495 0.544 0.598 0.604 0.604 0.614 0.618 0.575 0.490 0.412 0.341 0.274 0.188 0.117 0.000 0.000 0.000 0.000 0.000 0.000 0.000 0.000 0.000 0.000 0.000 0.000 0.000 0.000 0.000 0.000 0.000 0.000
0.000 0.000 0.000 0.000 0.000 0.000 0.000 0.000 0.000 0.935 1.156 1.292 1.405 1.509 1.607 1.704 1.804 1.910 2.022 2.138 2.255 2.372 2.487 2.602 2.718 2.834 2.951 3.069 3.189 3.309 3.429 3.551 3.673 3.795 3.917 4.039 4.161 4.286 4.352 4.691 3.447 0.445 0.077 0.153 0.287 0.408 0.505 0.545 0.584 0.621 0.640 0.630 0.570 0.497 0.420 0.347 0.268 0.126 0.000 0.000 0.000 0.000 0.000 0.000 0.000 0.000 0.000 0.000 0.000 0.000 0.000 0.000 0.000 0.000 0.000 0.000 0.000
0.000 0.000 0.000 0.000 0.000 0.000 0.000 0.000 0.000 0.853 1.113 1.261 1.380 1.486 1.586 1.684 1.785 1.892 2.005 2.120 2.236 2.352 2.466 2.581 2.697 2.813 2.930 3.049 3.168 3.288 3.408 3.529 3.651 3.773 3.895 4.015 4.136 4.260 4.353 4.634 3.702 0.645 0.193 0.018 0.115 0.195 0.282 0.331 0.360 0.437 0.535 0.589 0.563 0.509 0.431 0.343 0.245 0.157 0.000 0.000 0.000 0.000 0.000 0.000 0.000 0.000 0.000 0.000 0.000 0.000 0.000 0.000 0.000 0.000 0.000 0.000 0.000
0.000 0.000 0.000 0.000 0.000 0.000 0.000 0.000 0.000 0.000 1.040 1.214 1.341 1.452 1.555 1.655 1.757 1.864 1.977 2.092 2.207 2.321 2.435 2.549 2.665 2.781 2.898 3.017 3.136 3.255 3.375 3.496 3.617 3.738 3.859 3.979 4.100 4.228 4.349 4.640 4.035 0.895 0.000 0.077 0.030 0.049 0.058 0.020 0.031 0.119 0.309 0.462 0.530 0.504 0.427 0.327 0.152 0.000 0.000 0.000 0.000 0.000 0.000 0.000 0.000 0.000 0.000 0.000 0.000 0.000 0.000 0.000 0.000 0.000 0.000 0.000 0.000
0.000 0.000 0.000 0.000 0.000 0.000 0.000 0.000 0.000 0.000 0.912 1.139 1.283 1.402 1.510 1.612 1.715 1.822 1.934 2.048 2.161 2.275 2.388 2.502 2.617 2.733 2.850 2.968 3.087 3.205 3.325 3.445 3.565 3.685 3.804 3.926 4.049 4.182 4.314 4.550 4.539 1.437 0.000 0.219 0.476 0.535 0.463 0.378 0.384 0.324 0.301 0.396 0.481 0.463 0.389 0.291 0.093 0.000 0.000 0.000 0.000 0.000 0.000 0.000 0.000 0.000 0.000 0.000 0.000 0.000 0.000 0.000 0.000 0.000 0.000 0.000 0.000
0.000 0.000 0.000 0.000 0.000 0.000 0.000 0.000 0.000 0.000 0.000 1.020 1.199 1.330 1.444 1.550 1.654 1.761 1.871 1.983 2.096 2.209 2.322 2.435 2.549 2.664 2.781 2.897 3.014 3.132 3.250 3.369 3.487 3.605 3.725 3.848 3.972 4.101 4.223 4.266 4.856 2.217 0.196 0.000 0.277 0.388 0.560 0.721 0.749 0.726 0.533 0.414 0.415 0.390 0.305 0.143 0.000 0.000 0.000 0.000 0.000 0.000 0.000 0.000 0.000 0.000 0.000 0.000 0.000 0.000 0.000 0.000 0.000 0.000 0.000 0.000 0.000
0.000 0.000 0.000 0.000 0.000 0.000 0.000 0.000 0.000 0.000 0.000 0.837 1.071 1.227 1.351 1.463 1.568 1.673 1.782 1.893 2.005 2.117 2.228 2.339 2.452 2.565 2.680 2.794 2.909 3.024 3.140 3.255 3.371 3.487 3.606 3.728 3.844 3.957 4.060 4.106 4.656 3.114 0.587 0.000 0.009 0.069 0.136 0.251 0.370 0.533 0.527 0.413 0.349 0.307 0.223 0.142 0.000 0.000 0.000 0.000 0.000 0.000 0.000 0.000 0.000 0.000 0.000 0.000 0.000 0.000 0.000 0.000 0.000 0.000 0.000 0.000 0.000
0.000 0.000 0.000 0.000 0.000 0.000 0.000 0.000 0.000 0.000 0.000 0.000 0.871 1.077 1.220 1.338 1.447 1.551 1.658 1.768 1.879 1.987 2.095 2.203 2.313 2.423 2.534 2.644 2.754 2.864 2.975 3.085 3.195 3.307 3.421 3.530 3.626 3.712 3.803 3.905 4.301 3.853 1.136 0.132 0.074 0.284 0.000 0.084 0.151 0.269 0.373 0.310 0.274 0.232 0.173 0.000 0.000 0.000 0.000 0.000 0.000 0.000 0.000 0.000 0.000 0.000 0.000 0.000 0.000 0.000 0.000 0.000 0.000 0.000 0.000 0.000 0.000
0.000 0.000 0.000 0.000 0.000 0.000 0.000 0.000 0.000 0.000 0.000 0.000 0.655 0.859 1.033 1.164 1.279 1.385 1.491 1.598 1.702 1.803 1.905 2.009 2.114 2.218 2.321 2.422 2.524 2.625 2.725 2.823 2.922 3.022 3.117 3.200 3.272 3.348 3.480 3.625 3.893 4.157 1.743 0.420 0.206 0.234 0.247 0.000 0.199 0.216 0.273 0.238 0.209 0.172 0.000 0.000 0.000 0.000 0.000 0.000 0.000 0.000 0.000 0.000 0.000 0.000 0.000 0.000 0.000 0.000 0.000 0.000 0.000 0.000 0.000 0.000 0.000
0.000 0.000 0.000 0.000 0.000 0.000 0.000 0.000 0.000 0.000 0.000 0.000 0.000 0.647 0.814 0.947 1.059 1.166 1.265 1.359 1.448 1.539 1.636 1.734 1.829 1.920 2.008 2.095 2.181 2.266 2.348 2.427 2.506 2.580 2.647 2.707 2.777 2.903 3.106 3.247 3.422 3.919 2.243 0.741 0.337 0.565 0.059 0.000 0.278 0.249 0.214 0.190 0.161 0.000 0.000 0.000 0.000 0.000 0.000 0.000 0.000 0.000 0.000 0.000 0.000 0.000 0.000 0.000 0.000 0.000 0.000 0.000 0.000 0.000 0.000 0.000 0.000
0.000 0.000 0.000 0.000 0.000 0.000 0.000 0.000 0.000 0.000 0.000 0.000 0.000 0.000 0.629 0.718 0.825 0.923 1.001 1.071 1.150 1.246 1.338 1.420 1.493 1.564 1.634 1.706 1.775 1.841 1.903 1.963 2.020 2.074 2.125 2.177 2.252 2.400 2.555 2.611 2.738 3.082 2.047 0.800 0.277 0.042 0.069 0.151 0.231 0.205 0.177 0.151 0.000 0.000 0.000 0.000 0.000 0.000 0.000 0.000 0.000 0.000 0.000 0.000 0.000 0.000 0.000 0.000 0.000 0.000 0.000 0.000 0.000 0.000 0.000 0.000 0.000
0.000 0.000 0.000 0.000 0.000 0.000 0.000 0.000 0.000 0.000 0.000 0.000 0.000 0.000 0.000 0.000 0.592 0.670 0.735 0.773 0.861 0.963 1.045 1.103 1.151 1.199 1.259 1.321 1.374 1.422 1.467 1.508 1.546 1.581 1.618 1.661 1.728 1.833 1.898 1.916 2.024 2.388 1.567 0.544 0.710 0.066 0.132 0.205 0.195 0.158 0.135 0.000 0.000 0.000 0.000 0.000 0.000 0.000 0.000 0.000 0.000 0.000 0.000 0.000 0.000 0.000 0.000 0.000 0.000 0.000 0.000 0.000 0.000 0.000 0.000 0.000 0.000
0.000 0.000 0.000 0.000 0.000 0.000 0.000 0.000 0.000 0.000 0.000 0.000 0.000 0.000 0.000 0.000 0.000 0.000 0.476 0.515 0.601 0.685 0.746 0.778 0.802 0.819 0.881 0.933 0.970 1.001 1.031 1.057 1.079 1.108 1.142 1.181 1.232 1.292 1.319 1.333 1.417 1.737 1.100 1.356 0.017 0.047 0.092 0.147 0.116 0.100 0.000 0.000 0.000 0.000 0.000 0.000 0.000 0.000 0.000 0.000 0.000 0.000 0.000 0.000 0.000 0.000 0.000 0.000 0.000 0.000 0.000 0.000 0.000 0.000 0.000 0.000 0.000
0.000 0.000 0.000 0.000 0.000 0.000 0.000 0.000 0.000 0.000 0.000 0.000 0.000 0.000 0.000 0.000 0.000 0.000 0.000 0.000 0.000 0.000 0.430 0.443 0.451 0.443 0.498 0.535 0.555 0.570 0.586 0.606 0.643 0.691 0.729 0.764 0.797 0.826 0.842 0.851 0.911 1.072 0.692 0.075 0.019 0.041 0.070 0.072 0.065 0.000 0.000 0.000 0.000 0.000 0.000 0.000 0.000 0.000 0.000 0.000 0.000 0.000 0.000 0.000 0.000 0.000 0.000 0.000 0.000 0.000 0.000 0.000 0.000 0.000 0.000 0.000 0.000
0.000 0.000 0.000 0.000 0.000 0.000 0.000 0.000 0.000 0.000 0.000 0.000 0.000 0.000 0.000 0.000 0.000 0.000 0.000 0.000 0.000 0.000 0.000 0.000 0.000 0.000 0.000 0.000 0.000 0.000 0.000 0.000 0.000 0.357 0.388 0.411 0.425 0.437 0.446 0.448 0.486 0.556 0.394 0.000 0.023 0.026 0.038 0.000 0.000 0.000 0.000 0.000 0.000 0.000 0.000 0.000 0.000 0.000 0.000 0.000 0.000 0.000 0.000 0.000 0.000 0.000 0.000 0.000 0.000 0.000 0.000 0.000 0.000 0.000 0.000 0.000 0.000
