avaframe/data/avaParabola/Avaflow_Input/prefix_results/prefix_ascii/prefix_vflowy10012.asc
ncols 250
nrows 100
xllcenter 997.50
yllcenter -4997.50
cellsize 20.00
NODATA_value -9999.000
[rows 34 to 67 of 100, columns 76 to 151 of 250]
0.000 0.000 0.000 0.000 0.000 0.000 0.000 0.000 0.000 0.000 0.000 0.000 0.000 0.000 0.000 0.000 0.000 0.000 0.000 0.011 0.020 0.023 0.023 0.023 0.024 0.025 0.027 0.027 0.027 0.027 0.027 0.028 0.029 0.030 0.030 0.029 0.029 0.029 0.031 0.033 0.034 0.035 0.028 0.002 -0.000 0.023 0.077 0.118 0.141 0.157 0.186 0.214 0.107 0.000 0.000 0.000 0.000 0.000 0.000 0.000 0.000 0.000 0.000 0.000 0.000 0.000 0.000 0.000 0.000 0.000 0.000 0.000 0.000 0.000 0.000 0.000
0.000 0.000 0.000 0.000 0.000 0.000 0.000 0.000 0.000 0.000 0.000 0.000 0.000 0.000 0.000 0.000 0.000 0.000 -0.000 0.028 0.033 0.033 0.033 0.033 0.034 0.034 0.033 0.033 0.033 0.032 0.031 0.029 0.028 0.028 0.027 0.026 0.026 0.025 0.025 0.025 0.026 0.027 0.029 0.006 -0.000 0.029 0.104 0.183 0.232 0.271 0.312 0.338 0.259 0.164 0.117 0.000 0.000 0.000 0.000 0.000 0.000 0.000 0.000 0.000 0.000 0.000 0.000 0.000 0.000 0.000 0.000 0.000 0.000 0.000 0.000 0.000
0.000 0.000 0.000 0.000 0.000 0.000 0.000 0.000 0.000 0.000 0.000 0.000 0.000 0.000 0.000 0.000 0.000 0.033 0.036 0.034 0.033 0.033 0.033 0.032 0.032 0.032 0.031 0.029 0.028 0.027 0.026 0.024 0.022 0.021 0.018 0.017 0.016 0.015 0.015 0.015 0.016 0.017 0.021 0.007 -0.000 -0.000 0.129 0.249 0.334 0.393 0.445 0.466 0.403 0.308 0.220 0.164 0.000 0.000 0.000 0.000 0.000 0.000 0.000 0.000 0.000 0.000 0.000 0.000 0.000 0.000 0.000 0.000 0.000 0.000 0.000 0.000
0.000 0.000 0.000 0.000 0.000 0.000 0.000 0.000 0.000 0.000 0.000 0.000 0.000 0.000 0.000 0.000 -0.000 0.031 0.032 0.031 0.030 0.029 0.029 0.028 0.027 0.025 0.025 0.023 0.021 0.019 0.016 0.014 0.012 0.011 0.010 0.010 0.010 0.009 0.009 0.009 0.009 0.010 0.018 0.011 -0.000 -0.000 0.162 0.300 0.445 0.522 0.573 0.577 0.530 0.450 0.352 0.256 0.184 0.000 0.000 0.000 0.000 0.000 0.000 0.000 0.000 0.000 0.000 0.000 0.000 0.000 0.000 0.000 0.000 0.000 0.000 0.000
0.000 0.000 0.000 0.000 0.000 0.000 0.000 0.000 0.000 0.000 0.000 0.000 0.000 0.000 0.000 -0.000 0.033 0.029 0.027 0.026 0.025 0.025 0.024 0.022 0.021 0.018 0.015 0.012 0.011 0.009 0.009 0.008 0.007 0.007 0.007 0.007 0.007 0.008 0.008 0.008 0.008 0.008 0.020 0.016 -0.000 -0.000 0.142 0.384 0.584 0.675 0.702 0.670 0.645 0.584 0.484 0.369 0.251 0.172 0.000 0.000 0.000 0.000 0.000 0.000 0.000 0.000 0.000 0.000 0.000 0.000 0.000 0.000 0.000 0.000 0.000 0.000
0.000 0.000 0.000 0.000 0.000 0.000 0.000 0.000 0.000 0.000 0.000 0.000 0.000 0.000 -0.000 0.028 0.025 0.023 0.022 0.021 0.021 0.019 0.018 0.015 0.011 0.009 0.007 0.006 0.006 0.006 0.005 0.005 0.004 0.004 0.004 0.004 0.004 0.004 0.004 0.004 0.004 0.006 0.017 0.008 0.018 0.091 0.254 0.502 0.619 0.656 0.658 0.669 0.739 0.717 0.620 0.497 0.356 0.136 0.000 0.000 0.000 0.000 0.000 0.000 0.000 0.000 0.000 0.000 0.000 0.000 0.000 0.000 0.000 0.000 0.000 0.000
0.000 0.000 0.000 0.000 0.000 0.000 0.000 0.000 0.000 0.000 0.000 0.000 0.000 0.031 0.022 0.020 0.019 0.018 0.017 0.016 0.014 0.012 0.009 0.006 0.005 0.003 0.002 0.002 0.003 0.003 0.003 0.002 0.003 0.004 0.005 0.005 0.005 0.005 0.005 0.005 0.006 0.008 0.013 -0.000 -0.000 0.156 0.337 0.388 0.377 0.390 0.451 0.535 0.686 0.802 0.753 0.635 0.488 0.334 0.227 0.000 0.000 0.000 0.000 0.000 0.000 0.000 0.000 0.000 0.000 0.000 0.000 0.000 0.000 0.000 0.000 0.000
0.000 0.000 0.000 0.000 0.000 0.000 0.000 0.000 0.000 0.000 0.000 0.000 0.032 0.020 0.016 0.014 0.013 0.013 0.011 0.009 0.007 0.005 0.005 0.003 0.002 0.003 0.004 0.004 0.003 0.003 0.003 0.003 0.003 0.005 0.007 0.008 0.008 0.009 0.009 0.010 0.010 0.009 0.004 -0.000 -0.000 0.132 0.220 0.285 0.303 0.296 0.359 0.441 0.556 0.732 0.815 0.717 0.547 0.384 0.251 0.157 0.000 0.000 0.000 0.000 0.000 0.000 0.000 0.000 0.000 0.000 0.000 0.000 0.000 0.000 0.000 0.000
0.000 0.000 0.000 0.000 0.000 0.000 0.000 0.000 0.000 0.000 0.000 0.000 0.019 0.014 0.011 0.010 0.009 0.008 0.006 0.005 0.004 0.004 0.004 0.003 0.003 0.004 0.004 0.003 0.004 0.005 0.005 0.006 0.005 0.001 -0.000 -0.000 -0.000 -0.000 -0.000 -0.000 -0.000 0.005 0.040 -0.000 -0.000 0.112 0.172 0.367 0.554 0.571 0.531 0.460 0.484 0.593 0.647 0.550 0.406 0.277 0.180 0.066 0.000 0.000 0.000 0.000 0.000 0.000 0.000 0.000 0.000 0.000 0.000 0.000 0.000 0.000 0.000 0.000
0.000 0.000 0.000 0.000 0.000 0.000 0.000 0.000 0.000 0.000 0.000 0.021 0.012 0.010 0.008 0.007 0.006 0.005 0.004 0.005 0.004 0.002 0.001 0.001 0.003 0.002 0.002 0.003 0.001 -0.000 -0.000 -0.000 0.001 0.002 0.003 0.003 0.003 0.003 0.003 0.003 0.003 0.004 0.033 -0.000 -0.000 0.003 -0.000 0.239 0.535 0.582 0.621 0.621 0.568 0.523 0.485 0.403 0.294 0.200 0.132 0.080 0.000 0.000 0.000 0.000 0.000 0.000 0.000 0.000 0.000 0.000 0.000 0.000 0.000 0.000 0.000 0.000
0.000 0.000 0.000 0.000 0.000 0.000 0.000 0.000 0.000 0.000 0.000 0.011 0.008 0.007 0.006 0.005 0.004 0.003 0.005 0.005 0.003 0.002 0.004 0.003 0.002 0.002 0.002 0.002 0.002 0.002 0.002 0.002 0.004 0.006 0.006 0.007 0.007 0.007 0.008 0.008 0.009 0.027 0.016 -0.000 0.008 0.014 0.137 0.280 0.431 0.449 0.579 0.678 0.577 0.452 0.374 0.296 0.217 0.150 0.102 0.055 0.000 0.000 0.000 0.000 0.000 0.000 0.000 0.000 0.000 0.000 0.000 0.000 0.000 0.000 0.000 0.000
0.000 0.000 0.000 0.000 0.000 0.000 0.000 0.000 0.000 0.000 0.008 0.006 0.005 0.004 0.004 0.003 0.003 0.003 0.002 0.001 0.003 0.004 0.002 0.001 0.001 0.002 0.004 0.004 0.004 0.004 0.005 0.005 0.001 -0.001 -0.000 -0.000 -0.000 -0.001 -0.001 -0.001 0.000 0.028 -0.000 -0.000 0.040 0.214 0.290 0.359 0.361 0.292 0.147 0.237 0.385 0.288 0.220 0.158 0.113 0.081 0.057 0.029 0.009 0.000 0.000 0.000 0.000 0.000 0.000 0.000 0.000 0.000 0.000 0.000 0.000 0.000 0.000 0.000
0.000 0.000 0.000 0.000 0.000 0.000 0.000 0.000 0.000 0.000 -0.000 0.004 0.003 0.002 0.002 0.002 0.002 0.002 0.001 0.001 0.001 0.001 0.002 0.002 0.002 0.001 -0.000 -0.000 -0.000 -0.000 -0.001 -0.001 -0.000 0.002 0.002 0.002 0.002 0.002 0.002 0.002 0.003 0.008 -0.000 -0.000 0.212 0.512 0.681 0.559 0.355 0.238 0.098 -0.015 -0.046 0.052 0.055 0.047 0.028 0.018 0.012 0.005 0.002 0.000 0.000 0.000 0.000 0.000 0.000 0.000 0.000 0.000 0.000 0.000 0.000 0.000 0.000 0.000
0.000 0.000 0.000 0.000 0.000 0.000 0.000 0.000 0.000 0.000 -0.000 0.002 0.002 0.002 0.001 0.002 0.002 0.002 0.001 -0.000 -0.000 -0.001 0.001 0.002 0.001 0.001 0.001 0.001 0.001 0.001 0.001 0.001 0.001 0.003 0.005 0.006 0.006 0.006 0.007 0.007 0.006 0.007 -0.000 -0.000 0.222 0.197 0.088 0.161 0.218 0.176 0.102 0.030 0.001 -0.000 0.009 0.009 0.001 0.001 0.000 0.001 -0.000 0.000 0.000 0.000 0.000 0.000 0.000 0.000 0.000 0.000 0.000 0.000 0.000 0.000 0.000 0.000
0.000 0.000 0.000 0.000 0.000 0.000 0.000 0.000 0.000 0.000 0.002 0.001 0.001 0.001 0.001 0.001 0.001 0.002 0.001 0.000 0.000 0.001 -0.000 0.001 0.003 0.003 0.003 0.003 0.003 0.003 0.003 0.004 0.004 0.001 -0.003 -0.003 -0.003 -0.003 -0.003 -0.003 -0.003 0.001 -0.016 -0.000 -0.048 -0.065 -0.020 -0.000 0.061 0.084 0.069 0.047 0.038 0.014 -0.009 -0.021 -0.022 -0.016 -0.012 -0.007 -0.002 0.000 0.000 0.000 0.000 0.000 0.000 0.000 0.000 0.000 0.000 0.000 0.000 0.000 0.000 0.000
0.000 0.000 0.000 0.000 0.000 0.000 0.000 0.000 0.000 0.000 0.001 0.001 0.001 0.000 0.000 0.000 0.000 0.000 0.000 0.000 0.000 0.000 0.001 -0.000 -0.001 -0.001 -0.002 -0.002 -0.002 -0.002 -0.002 -0.002 -0.003 -0.001 0.000 0.000 0.000 0.000 0.000 0.001 0.001 0.004 -0.005 -0.000 -0.000 -0.012 -0.028 -0.000 0.032 0.037 0.031 0.019 -0.003 -0.065 -0.109 -0.120 -0.097 -0.078 -0.060 -0.036 0.000 0.000 0.000 0.000 0.000 0.000 0.000 0.000 0.000 0.000 0.000 0.000 0.000 0.000 0.000 0.000
0.000 0.000 0.000 0.000 0.000 0.000 0.000 0.000 0.000 0.000 0.000 0.000 0.000 0.000 0.000 0.000 -0.000 -0.000 -0.000 0.000 0.000 -0.000 -0.001 -0.000 0.000 0.000 0.000 0.000 0.000 0.000 0.000 0.000 -0.000 0.002 0.004 0.004 0.004 0.004 0.005 0.005 0.002 -0.001 -0.017 -0.017 -0.005 -0.001 -0.000 0.003 0.005 0.002 -0.009 -0.097 -0.212 -0.330 -0.290 -0.233 -0.180 -0.139 -0.102 -0.064 0.000 0.000 0.000 0.000 0.000 0.000 0.000 0.000 0.000 0.000 0.000 0.000 0.000 0.000 0.000 0.000
0.000 0.000 0.000 0.000 0.000 0.000 0.000 0.000 0.000 0.000 -0.000 -0.000 -0.000 -0.000 -0.000 -0.000 0.000 0.000 0.000 0.000 0.000 -0.000 -0.001 0.000 0.002 0.002 0.002 0.002 0.002 0.002 0.003 0.002 0.003 -0.000 -0.003 -0.004 -0.004 -0.004 -0.005 -0.005 -0.002 -0.002 0.000 0.007 0.007 0.084 0.169 0.098 0.083 0.092 -0.089 -0.336 -0.448 -0.485 -0.391 -0.303 -0.236 -0.183 -0.135 -0.051 0.000 0.000 0.000 0.000 0.000 0.000 0.000 0.000 0.000 0.000 0.000 0.000 0.000 0.000 0.000 0.000
0.000 0.000 0.000 0.000 0.000 0.000 0.000 0.000 0.000 0.000 -0.001 -0.001 -0.001 -0.001 -0.000 -0.000 -0.000 -0.000 -0.000 -0.000 -0.000 -0.000 0.001 -0.000 -0.002 -0.002 -0.002 -0.002 -0.003 -0.003 -0.003 -0.003 -0.004 -0.002 -0.000 -0.000 -0.000 -0.000 -0.000 -0.000 0.000 -0.001 -0.000 0.001 -0.027 -0.097 -0.257 -0.331 -0.393 -0.574 -0.575 -0.522 -0.573 -0.549 -0.456 -0.365 -0.294 -0.236 -0.170 -0.053 0.000 0.000 0.000 0.000 0.000 0.000 0.000 0.000 0.000 0.000 0.000 0.000 0.000 0.000 0.000 0.000
0.000 0.000 0.000 0.000 0.000 0.000 0.000 0.000 0.000 0.000 -0.000 -0.002 -0.001 -0.001 -0.001 -0.001 -0.001 -0.001 -0.001 0.000 0.001 -0.000 -0.002 -0.002 -0.001 -0.001 -0.001 -0.001 -0.001 -0.001 -0.001 -0.001 -0.001 0.000 0.003 0.003 0.003 0.004 0.004 0.004 -0.000 -0.005 0.036 -0.019 -0.158 -0.396 -0.495 -0.544 -0.598 -0.604 -0.604 -0.614 -0.618 -0.575 -0.490 -0.412 -0.341 -0.274 -0.188 -0.117 0.000 0.000 0.000 0.000 0.000 0.000 0.000 0.000 0.000 0.000 0.000 0.000 0.000 0.000 0.000 0.000
0.000 0.000 0.000 0.000 0.000 0.000 0.000 0.000 0.000 0.000 -0.000 -0.003 -0.002 -0.002 -0.001 -0.001 -0.001 -0.001 -0.001 -0.002 -0.001 0.000 -0.001 -0.002 -0.000 0.001 0.001 0.001 0.001 0.001 0.002 0.002 0.002 -0.000 -0.003 -0.005 -0.005 -0.006 -0.006 -0.007 -0.004 -0.010 -0.061 -0.077 -0.153 -0.287 -0.408 -0.505 -0.545 -0.584 -0.621 -0.640 -0.630 -0.570 -0.497 -0.420 -0.347 -0.268 -0.126 0.000 0.000 0.000 0.000 0.000 0.000 0.000 0.000 0.000 0.000 0.000 0.000 0.000 0.000 0.000 0.000 0.000
0.000 0.000 0.000 0.000 0.000 0.000 0.000 0.000 0.000 0.000 -0.008 -0.005 -0.004 -0.003 -0.002 -0.002 -0.002 -0.002 -0.001 -0.001 -0.002 -0.002 -0.001 -0.001 -0.002 -0.003 -0.003 -0.004 -0.004 -0.004 -0.004 -0.005 -0.005 -0.005 -0.003 -0.001 -0.001 -0.001 -0.002 -0.002 -0.002 -0.017 -0.000 0.018 -0.018 -0.115 -0.195 -0.282 -0.331 -0.360 -0.437 -0.535 -0.589 -0.563 -0.509 -0.431 -0.343 -0.245 -0.157 0.000 0.000 0.000 0.000 0.000 0.000 0.000 0.000 0.000 0.000 0.000 0.000 0.000 0.000 0.000 0.000 0.000
0.000 0.000 0.000 0.000 0.000 0.000 0.000 0.000 0.000 0.000 0.000 -0.010 -0.006 -0.005 -0.004 -0.004 -0.004 -0.003 -0.001 -0.001 -0.001 -0.000 -0.001 -0.002 -0.002 -0.002 -0.002 -0.002 -0.002 -0.002 -0.002 -0.002 -0.002 -0.002 -0.000 0.001 0.001 0.001 0.001 0.002 0.001 -0.026 -0.000 -0.000 -0.077 -0.030 -0.049 -0.058 -0.020 -0.031 -0.119 -0.309 -0.462 -0.530 -0.504 -0.427 -0.327 -0.152 0.000 0.000 0.000 0.000 0.000 0.000 0.000 0.000 0.000 0.000 0.000 0.000 0.000 0.000 0.000 0.000 0.000 0.000
0.000 0.000 0.000 0.000 0.000 0.000 0.000 0.000 0.000 0.000 0.000 -0.017 -0.010 -0.008 -0.007 -0.006 -0.005 -0.005 -0.005 -0.005 -0.004 -0.003 -0.002 -0.001 -0.003 -0.001 -0.000 -0.000 -0.000 -0.000 -0.000 -0.000 -0.000 0.000 -0.002 -0.007 -0.007 -0.007 -0.008 -0.008 -0.006 -0.027 -0.032 -0.000 -0.219 -0.476 -0.535 -0.463 -0.378 -0.384 -0.324 -0.301 -0.396 -0.481 -0.463 -0.389 -0.291 -0.093 0.000 0.000 0.000 0.000 0.000 0.000 0.000 0.000 0.000 0.000 0.000 0.000 0.000 0.000 0.000 0.000 0.000 0.000
0.000 0.000 0.000 0.000 0.000 0.000 0.000 0.000 0.000 0.000 0.000 0.000 -0.017 -0.013 -0.010 -0.009 -0.007 -0.006 -0.006 -0.005 -0.004 -0.005 -0.005 -0.004 -0.002 -0.003 -0.005 -0.005 -0.005 -0.005 -0.005 -0.005 -0.006 -0.007 -0.005 -0.003 -0.003 -0.003 -0.003 -0.003 -0.007 -0.028 -0.038 -0.000 -0.000 -0.277 -0.388 -0.560 -0.721 -0.749 -0.726 -0.533 -0.414 -0.415 -0.390 -0.305 -0.143 0.000 0.000 0.000 0.000 0.000 0.000 0.000 0.000 0.000 0.000 0.000 0.000 0.000 0.000 0.000 0.000 0.000 0.000 0.000
0.000 0.000 0.000 0.000 0.000 0.000 0.000 0.000 0.000 0.000 0.000 0.000 -0.032 -0.021 -0.017 -0.014 -0.011 -0.009 -0.007 -0.005 -0.003 -0.003 -0.001 -0.002 -0.003 -0.003 -0.003 -0.003 -0.003 -0.003 -0.003 -0.003 -0.003 -0.003 -0.004 -0.002 -0.000 -0.000 -0.000 -0.000 -0.000 -0.008 -0.055 -0.000 -0.000 -0.009 -0.069 -0.136 -0.251 -0.370 -0.533 -0.527 -0.413 -0.349 -0.307 -0.223 -0.142 0.000 0.000 0.000 0.000 0.000 0.000 0.000 0.000 0.000 0.000 0.000 0.000 0.000 0.000 0.000 0.000 0.000 0.000 0.000
0.000 0.000 0.000 0.000 0.000 0.000 0.000 0.000 0.000 0.000 0.000 0.000 0.000 -0.032 -0.024 -0.022 -0.020 -0.017 -0.015 -0.012 -0.010 -0.006 -0.004 -0.002 -0.001 -0.002 -0.002 -0.003 -0.004 -0.004 -0.004 -0.003 -0.002 -0.003 -0.003 -0.006 -0.008 -0.009 -0.009 -0.010 -0.011 -0.010 -0.040 -0.000 -0.000 -0.000 -0.000 -0.000 -0.084 -0.151 -0.269 -0.373 -0.310 -0.274 -0.232 -0.173 0.000 0.000 0.000 0.000 0.000 0.000 0.000 0.000 0.000 0.000 0.000 0.000 0.000 0.000 0.000 0.000 0.000 0.000 0.000 0.000
0.000 0.000 0.000 0.000 0.000 0.000 0.000 0.000 0.000 0.000 0.000 0.000 0.000 -0.043 -0.031 -0.030 -0.029 -0.028 -0.026 -0.025 -0.024 -0.021 -0.018 -0.013 -0.009 -0.007 -0.004 -0.002 -0.003 -0.004 -0.004 -0.005 -0.005 -0.003 -0.003 -0.004 -0.005 -0.005 -0.006 -0.006 -0.006 -0.006 -0.016 -0.005 -0.000 -0.000 -0.000 -0.000 -0.000 -0.199 -0.216 -0.273 -0.238 -0.209 -0.172 0.000 0.000 0.000 0.000 0.000 0.000 0.000 0.000 0.000 0.000 0.000 0.000 0.000 0.000 0.000 0.000 0.000 0.000 0.000 0.000 0.000
0.000 0.000 0.000 0.000 0.000 0.000 0.000 0.000 0.000 0.000 0.000 0.000 0.000 0.000 -0.033 -0.036 -0.038 -0.037 -0.036 -0.035 -0.034 -0.033 -0.031 -0.030 -0.027 -0.022 -0.018 -0.014 -0.011 -0.008 -0.007 -0.007 -0.006 -0.005 -0.005 -0.005 -0.005 -0.006 -0.005 -0.005 -0.003 -0.007 -0.017 -0.020 -0.000 -0.000 -0.000 -0.000 -0.000 -0.278 -0.249 -0.214 -0.190 -0.161 0.000 0.000 0.000 0.000 0.000 0.000 0.000 0.000 0.000 0.000 0.000 0.000 0.000 0.000 0.000 0.000 0.000 0.000 0.000 0.000 0.000 0.000
0.000 0.000 0.000 0.000 0.000 0.000 0.000 0.000 0.000 0.000 0.000 0.000 0.000 0.000 0.000 -0.029 -0.034 -0.040 -0.044 -0.044 -0.044 -0.044 -0.044 -0.044 -0.042 -0.041 -0.039 -0.036 -0.032 -0.030 -0.028 -0.026 -0.024 -0.023 -0.021 -0.020 -0.018 -0.017 -0.017 -0.017 -0.016 -0.017 -0.024 -0.000 -0.000 -0.000 -0.042 -0.069 -0.151 -0.231 -0.205 -0.177 -0.151 0.000 0.000 0.000 0.000 0.000 0.000 0.000 0.000 0.000 0.000 0.000 0.000 0.000 0.000 0.000 0.000 0.000 0.000 0.000 0.000 0.000 0.000 0.000
0.000 0.000 0.000 0.000 0.000 0.000 0.000 0.000 0.000 0.000 0.000 0.000 0.000 0.000 0.000 0.000 0.000 -0.009 -0.024 -0.034 -0.045 -0.052 -0.056 -0.055 -0.054 -0.054 -0.054 -0.057 -0.057 -0.056 -0.053 -0.051 -0.047 -0.043 -0.040 -0.038 -0.037 -0.037 -0.038 -0.040 -0.040 -0.039 -0.040 -0.003 -0.000 -0.000 -0.066 -0.132 -0.205 -0.195 -0.158 -0.135 0.000 0.000 0.000 0.000 0.000 0.000 0.000 0.000 0.000 0.000 0.000 0.000 0.000 0.000 0.000 0.000 0.000 0.000 0.000 0.000 0.000 0.000 0.000 0.000
0.000 0.000 0.000 0.000 0.000 0.000 0.000 0.000 0.000 0.000 0.000 0.000 0.000 0.000 0.000 0.000 0.000 0.000 0.000 -0.013 -0.000 -0.003 -0.031 -0.037 -0.042 -0.046 -0.056 -0.069 -0.071 -0.067 -0.062 -0.058 -0.057 -0.057 -0.057 -0.059 -0.062 -0.067 -0.073 -0.076 -0.076 -0.073 -0.056 -0.012 -0.000 -0.017 -0.047 -0.092 -0.147 -0.116 -0.100 0.000 0.000 0.000 0.000 0.000 0.000 0.000 0.000 0.000 0.000 0.000 0.000 0.000 0.000 0.000 0.000 0.000 0.000 0.000 0.000 0.000 0.000 0.000 0.000 0.000
0.000 0.000 0.000 0.000 0.000 0.000 0.000 0.000 0.000 0.000 0.000 0.000 0.000 0.000 0.000 0.000 0.000 0.000 0.000 0.000 0.000 0.000 0.000 -0.010 -0.007 -0.005 -0.000 -0.004 -0.066 -0.059 -0.042 -0.028 -0.027 -0.029 -0.037 -0.050 -0.062 -0.069 -0.071 -0.068 -0.064 -0.059 -0.037 -0.000 -0.000 -0.019 -0.041 -0.070 -0.072 -0.065 0.000 0.000 0.000 0.000 0.000 0.000 0.000 0.000 0.000 0.000 0.000 0.000 0.000 0.000 0.000 0.000 0.000 0.000 0.000 0.000 0.000 0.000 0.000 0.000 0.000 0.000
0.000 0.000 0.000 0.000 0.000 0.000 0.000 0.000 0.000 0.000 0.000 0.000 0.000 0.000 0.000 0.000 0.000 0.000 0.000 0.000 0.000 0.000 0.000 0.000 0.000 0.000 0.000 0.000 0.000 0.000 0.000 0.000 0.000 0.000 -0.014 -0.029 -0.044 -0.009 -0.000 -0.013 -0.011 -0.013 -0.010 -0.000 -0.000 -0.023 -0.026 -0.038 0.000 0.000 0.000 0.000 0.000 0.000 0.000 0.000 0.000 0.000 0.000 0.000 0.000 0.000 0.000 0.000 0.000 0.000 0.000 0.000 0.000 0.000 0.000 0.000 0.000 0.000 0.000 0.000
