avaframe/data/avaParabola/Avaflow_Input/prefix_results/prefix_ascii/prefix_pflow0005.asc
ncols 250
nrows 100
xllcenter 997.50
yllcenter -4997.50
cellsize 20.00
NODATA_value -9999.000
[rows 32 to 63 of 100, columns 73 to 145 of 250]
0.000 0.000 0.000 0.000 0.000 0.000 0.000 0.000 0.000 0.000 0.000 0.000 0.000 0.000 0.000 0.000 0.000 0.000 0.000 0.000 0.000 0.000 0.000 0.000 0.000 0.000 0.000 0.000 0.000 0.000 0.000 0.000 0.000 0.000 0.000 0.000 0.000 0.000 0.000 0.000 0.000 0.000 0.000 0.000 0.000 0.000 0.000 0.000 0.000 0.000 0.000 0.000 0.000 0.000 0.000 0.000 0.000 0.000 0.000 0.000 0.000 0.000 0.000 0.000 0.000 0.000 0.000 0.000 0.000 0.000 0.000 0.000 0.000
0.000 0.000 0.000 0.000 0.000 0.000 0.000 0.000 0.000 0.000 0.000 0.000 0.000 0.000 0.000 853.495 922.902 988.577 1054.037 1119.528 1181.845 1241.151 1297.953 1347.496 1385.558 1413.181 1434.573 1454.089 1443.229 1387.580 1290.569 1167.329 1253.235 0.000 0.000 0.000 0.000 0.000 0.000 0.000 0.000 0.000 0.000 0.000 0.000 0.000 0.000 0.000 0.000 0.000 0.000 0.000 0.000 0.000 0.000 0.000 0.000 0.000 0.000 0.000 0.000 0.000 0.000 0.000 0.000 0.000 0.000 0.000 0.000 0.000 0.000 0.000 0.000
0.000 0.000 0.000 0.000 0.000 0.000 0.000 0.000 0.000 0.000 0.000 792.835 915.486 1045.875 1178.952 1320.301 1467.364 1615.751 1766.643 1920.918 2072.792 2218.599 2359.391 2491.745 2606.077 2694.922 2752.001 2776.544 2762.059 2716.110 2661.906 2596.529 2506.863 2389.578 2232.461 2024.688 1775.513 1307.767 0.000 0.000 0.000 0.000 0.000 0.000 0.000 0.000 0.000 0.000 0.000 0.000 0.000 0.000 0.000 0.000 0.000 0.000 0.000 0.000 0.000 0.000 0.000 0.000 0.000 0.000 0.000 0.000 0.000 0.000 0.000 0.000 0.000 0.000 0.000
0.000 0.000 0.000 0.000 0.000 0.000 0.000 0.000 0.000 0.000 927.260 1118.477 1319.952 1544.349 1787.349 2045.272 2315.519 2597.203 2888.010 3186.045 3486.603 3783.082 4071.491 4346.241 4601.065 4830.162 5028.023 5197.523 5330.949 5421.414 5470.376 5462.381 5341.365 5017.038 4644.702 4223.262 3767.597 3306.997 2872.740 2466.953 2052.175 1776.222 1355.537 1240.429 0.000 0.000 0.000 0.000 0.000 0.000 0.000 0.000 0.000 0.000 0.000 0.000 0.000 0.000 0.000 0.000 0.000 0.000 0.000 0.000 0.000 0.000 0.000 0.000 0.000 0.000 0.000 0.000 0.000
0.000 0.000 0.000 0.000 0.000 0.000 0.000 0.000 846.915 1078.555 1332.772 1614.205 1923.798 2273.145 2662.966 3087.977 3541.736 4021.301 4523.055 5042.852 5577.063 6120.938 6669.622 7218.037 7756.243 8277.503 8773.467 9236.752 9654.322 9761.291 9641.623 9458.589 9202.959 8879.311 8457.504 7953.111 7397.412 6814.895 6195.918 5540.371 4843.135 4152.225 3487.464 2870.133 2319.329 1800.652 1316.083 1212.924 0.000 0.000 0.000 0.000 0.000 0.000 0.000 0.000 0.000 0.000 0.000 0.000 0.000 0.000 0.000 0.000 0.000 0.000 0.000 0.000 0.000 0.000 0.000 0.000 0.000
0.000 0.000 0.000 0.000 0.000 0.000 0.000 919.874 1203.005 1529.770 1895.145 2307.089 2772.361 3297.531 3886.488 4535.967 5241.116 5997.139 6799.272 7643.776 8528.208 9452.383 10417.286 11422.700 12429.419 13420.314 14394.285 14845.964 15138.747 15358.574 15490.868 15524.154 15452.559 15261.361 14966.813 14546.401 14030.865 13405.944 12659.735 11794.099 10826.457 9817.688 8775.571 7690.238 6688.540 5814.160 5006.990 4189.263 2878.612 884.224 0.000 0.000 0.000 0.000 0.000 0.000 0.000 0.000 0.000 0.000 0.000 0.000 0.000 0.000 0.000 0.000 0.000 0.000 0.000 0.000 0.000 0.000 0.000
0.000 0.000 0.000 0.000 0.000 0.000 969.029 1292.755 1682.163 2127.116 2636.158 3224.172 3897.806 4660.925 5516.043 6462.576 7499.441 8623.726 9831.641 11120.909 12493.554 13954.118 15505.983 17139.816 18793.266 20171.863 21055.447 21891.957 22674.025 23371.578 23973.928 24473.031 24857.588 25107.547 25232.762 25194.492 24986.531 24555.441 23977.941 23184.148 22203.428 21065.494 19756.371 18232.596 16720.750 15482.526 14791.314 14546.849 14010.556 6183.224 384.565 0.000 0.000 0.000 0.000 0.000 0.000 0.000 0.000 0.000 0.000 0.000 0.000 0.000 0.000 0.000 0.000 0.000 0.000 0.000 0.000 0.000 0.000
0.000 0.000 0.000 0.000 0.000 989.546 1343.503 1783.000 2297.074 2891.958 3587.789 4399.446 5333.952 6397.432 7595.249 8927.523 10392.805 11991.176 13721.618 15582.680 17574.037 19696.361 21948.160 24319.436 26449.863 28072.998 29633.057 31172.090 32693.920 34158.645 35540.559 36838.578 38051.719 39130.207 40059.910 40808.438 41353.078 41664.512 41768.199 41584.891 41069.828 40336.934 39282.789 37816.602 36160.441 35060.016 34944.457 39711.379 41206.172 29043.326 1847.111 0.000 0.000 0.000 0.000 0.000 0.000 0.000 0.000 0.000 0.000 0.000 0.000 0.000 0.000 0.000 0.000 0.000 0.000 0.000 0.000 0.000 0.000
0.000 0.000 0.000 0.000 0.000 1362.199 1831.392 2402.724 3071.495 3854.137 4773.045 5840.807 7064.536 8447.530 9985.088 11676.530 13528.449 15544.217 17723.996 20066.369 22568.168 25225.693 28035.982 30993.297 34089.523 37177.898 39556.996 41979.750 44459.617 46951.855 49385.352 51785.277 54158.113 56434.922 58571.180 60587.410 62398.598 63965.066 65250.191 66209.953 66926.289 67588.711 68031.797 67933.070 67701.953 66992.492 68665.961 76313.531 71336.688 53176.832 6744.064 259.916 0.000 0.000 0.000 0.000 0.000 0.000 0.000 0.000 0.000 0.000 0.000 0.000 0.000 0.000 0.000 0.000 0.000 0.000 0.000 0.000 0.000
0.000 0.000 0.000 0.000 1319.721 1777.853 2346.548 3038.138 3850.054 4794.839 5890.973 7149.667 8576.884 10175.973 11947.876 13894.677 16020.767 18329.307 20821.037 23495.723 26352.402 29389.268 32603.320 35990.766 39547.457 43270.469 47167.688 51252.805 55524.918 59590.020 63121.762 66756.062 70494.297 74218.336 77910.672 81637.906 85283.078 88822.109 92274.750 95622.031 98666.227 101276.875 103617.352 105246.195 105804.578 106040.391 108085.344 106132.062 91523.094 76921.281 18340.936 659.831 0.000 0.000 0.000 0.000 0.000 0.000 0.000 0.000 0.000 0.000 0.000 0.000 0.000 0.000 0.000 0.000 0.000 0.000 0.000 0.000 0.000
0.000 0.000 0.000 1170.927 1588.291 2101.173 2742.816 3525.625 4444.555 5507.066 6730.513 8126.860 9701.358 11455.732 13392.028 15515.266 17830.486 20340.629 23047.584 25952.100 29054.104 32352.898 35846.355 39531.953 43408.660 47476.457 51739.172 56202.457 60863.277 65715.547 70777.141 76064.977 81092.328 85650.422 90287.547 95057.516 99847.008 104648.305 109506.359 114420.305 119289.453 124070.375 128909.055 133604.359 137714.547 140919.250 139233.219 122425.016 104080.844 92928.148 32508.844 1116.352 16.553 0.000 0.000 0.000 0.000 0.000 0.000 0.000 0.000 0.000 0.000 0.000 0.000 0.000 0.000 0.000 0.000 0.000 0.000 0.000 0.000
0.000 0.000 0.000 1338.501 1779.103 2328.545 3022.607 3871.833 4867.920 6013.104 7324.026 8813.994 10488.465 12347.698 14394.429 16635.318 19076.516 21721.496 24571.689 27628.297 30891.812 34361.098 38035.199 41914.344 45998.527 50289.477 54787.441 59493.383 64410.914 69548.617 74902.031 80450.492 86160.203 92049.430 98220.133 103748.664 109276.781 114944.055 120755.055 126683.836 132614.797 138527.297 144517.828 150479.703 156365.625 163272.000 151289.359 118975.578 105511.930 99180.445 37569.602 1252.670 6.651 0.000 0.000 0.000 0.000 0.000 0.000 0.000 0.000 0.000 0.000 0.000 0.000 0.000 0.000 0.000 0.000 0.000 0.000 0.000 0.000
0.000 0.000 1013.841 1447.793 1907.186 2481.200 3209.912 4104.367 5152.876 6352.845 7721.036 9271.853 11011.167 12938.423 15056.514 17373.098 19894.289 22623.211 25562.688 28714.758 32079.764 35658.188 39449.906 43453.359 47668.152 52094.711 56735.660 61598.348 66684.102 71983.336 77482.250 83166.664 89039.125 95148.961 101578.398 108385.375 115197.742 121403.594 127805.375 134315.000 140868.500 147495.766 154220.188 160826.594 168214.250 173312.109 141558.625 109442.602 103533.164 101071.758 36369.785 1224.213 3.592 0.000 0.000 0.000 0.000 0.000 0.000 0.000 0.000 0.000 0.000 0.000 0.000 0.000 0.000 0.000 0.000 0.000 0.000 0.000 0.000
0.000 0.000 1057.505 1513.627 1988.787 2579.151 3329.596 4252.908 5334.742 6568.796 7972.208 9560.494 11339.987 13309.139 15471.014 17833.959 20404.521 23186.092 26181.254 29392.248 32819.902 36464.309 40325.449 44402.945 48696.598 53207.633 57936.805 62886.910 68061.188 73448.500 79024.273 84785.164 90766.375 97041.367 103689.305 110707.305 117933.875 125191.867 132098.547 138793.625 145616.375 152649.328 159898.656 167329.188 176167.641 169443.484 122748.195 102875.016 100506.492 101913.898 29069.732 1021.166 0.000 0.000 0.000 0.000 0.000 0.000 0.000 0.000 0.000 0.000 0.000 0.000 0.000 0.000 0.000 0.000 0.000 0.000 0.000 0.000 0.000
0.000 0.000 1080.299 1550.397 2037.348 2638.665 3402.223 4342.433 5443.566 6697.178 8120.907 9730.725 11533.010 13526.220 15713.552 18103.400 20702.213 23513.482 26539.900 29783.900 33246.465 36927.238 40825.801 44943.141 49279.793 53836.613 58616.961 63620.637 68840.352 74262.250 79879.570 85711.500 91826.414 98311.961 105158.812 112249.320 119367.281 126438.680 133740.469 141143.906 148107.859 155411.750 162972.625 171208.062 181052.172 153534.812 107266.180 100021.602 96848.039 98212.125 16533.611 581.134 0.087 0.000 0.000 0.000 0.000 0.000 0.000 0.000 0.000 0.000 0.000 0.000 0.000 0.000 0.000 0.000 0.000 0.000 0.000 0.000 0.000
0.000 0.000 1090.148 1568.435 2063.247 2672.039 3443.086 4391.836 5502.560 6766.165 8200.262 9821.176 11635.687 13642.110 15843.601 18248.486 20863.021 23690.666 26734.180 29996.156 33477.906 37179.836 41101.777 45243.566 49606.012 54190.746 58999.000 64028.719 69269.883 74708.109 80351.781 86268.539 92545.969 99182.477 106061.211 113010.305 119935.031 126911.469 134354.938 142321.781 149385.953 156891.562 164810.812 173938.156 177791.469 131990.609 99076.125 97097.766 94389.148 83298.578 7663.976 274.553 1.706 0.000 0.000 0.000 0.000 0.000 0.000 0.000 0.000 0.000 0.000 0.000 0.000 0.000 0.000 0.000 0.000 0.000 0.000 0.000 0.000
0.000 0.000 1092.498 1574.670 2074.301 2688.243 3463.210 4415.042 5529.235 6797.091 8235.876 9861.554 11681.237 13693.817 15902.311 18314.658 20936.924 23772.559 26824.371 30095.057 33585.941 37297.516 41230.027 45383.527 49758.688 54356.852 59178.305 64218.027 69464.734 74918.133 80623.500 86657.414 93053.336 99718.586 106447.016 113158.008 119869.734 126875.242 134640.750 142923.344 150251.312 158024.719 166255.641 176122.734 166317.531 115469.750 97687.047 95512.750 96470.562 71204.359 3213.244 152.355 0.000 0.000 0.000 0.000 0.000 0.000 0.000 0.000 0.000 0.000 0.000 0.000 0.000 0.000 0.000 0.000 0.000 0.000 0.000 0.000 0.000
0.000 0.000 1091.280 1574.770 2076.795 2693.959 3470.642 4422.509 5536.943 6806.038 8246.153 9872.670 11693.397 13707.771 15918.521 18333.211 20957.740 23795.654 26849.836 30122.861 33616.051 37329.941 41265.012 45421.617 49800.336 54401.559 59222.324 64254.930 69499.422 74987.953 80798.180 86995.062 93462.297 100013.648 106542.047 112994.477 119649.695 127012.273 135331.359 143387.656 151084.391 159172.906 168134.359 179070.500 151271.562 107006.953 98240.078 96440.242 98608.500 26476.295 1255.671 69.737 0.000 0.000 0.000 0.000 0.000 0.000 0.000 0.000 0.000 0.000 0.000 0.000 0.000 0.000 0.000 0.000 0.000 0.000 0.000 0.000 0.000
0.000 0.000 1084.904 1569.443 2074.334 2694.261 3471.612 4422.433 5535.854 6804.685 8244.886 9871.334 11691.636 13705.951 15917.196 18332.500 20957.564 23796.006 26850.771 30124.381 33618.133 37332.625 41268.449 45426.195 49806.645 54409.539 59229.477 64254.574 69503.461 75064.719 81035.906 87313.117 93648.398 99917.711 106032.227 112380.023 119412.617 127582.445 136447.156 144029.141 152211.719 160485.141 170231.750 177198.438 135847.312 104129.234 101366.961 102178.586 86678.867 8564.857 508.446 9.291 0.000 0.000 0.000 0.000 0.000 0.000 0.000 0.000 0.000 0.000 0.000 0.000 0.000 0.000 0.000 0.000 0.000 0.000 0.000 0.000 0.000
0.000 0.000 1069.789 1553.848 2063.738 2688.631 3466.509 4413.920 5523.844 6790.515 8228.744 9852.553 11669.964 13682.230 15892.169 18306.236 20929.656 23766.047 26818.387 30089.018 33579.262 37289.863 41221.738 45375.914 49753.043 54350.602 59158.746 64177.488 69469.531 75185.281 81280.031 87416.211 93391.203 99105.289 105102.023 111931.562 120146.398 129588.859 137117.062 145547.297 153759.469 161643.016 171095.344 169566.297 125986.156 104963.898 103654.766 102974.078 42150.770 2690.738 182.100 0.000 0.000 0.000 0.000 0.000 0.000 0.000 0.000 0.000 0.000 0.000 0.000 0.000 0.000 0.000 0.000 0.000 0.000 0.000 0.000 0.000 0.000
0.000 0.000 1042.292 1522.727 2038.483 2668.159 3445.426 4386.105 5488.402 6748.803 8181.016 9798.184 11608.648 13614.993 15819.854 18228.719 20846.363 23676.428 26721.766 29984.523 33466.148 37168.027 41091.777 45239.082 49610.055 54199.531 58999.180 64041.926 69458.617 75335.219 81319.883 87023.117 92324.992 97947.812 104632.844 113043.648 122852.023 130538.656 139642.188 146531.281 153920.594 162215.422 173561.578 165240.531 120927.805 107294.805 107018.641 88226.648 10902.184 819.150 43.571 0.000 0.000 0.000 0.000 0.000 0.000 0.000 0.000 0.000 0.000 0.000 0.000 0.000 0.000 0.000 0.000 0.000 0.000 0.000 0.000 0.000 0.000
0.000 0.000 997.513 1469.113 1989.214 2620.294 3394.315 4324.624 5413.729 6661.354 8081.104 9685.465 11482.636 13476.473 15669.619 18066.381 20671.033 23487.102 26517.551 29764.881 33231.449 36920.301 40833.816 44973.973 49341.285 53932.219 58754.242 63884.168 69474.602 75309.141 80791.125 85756.086 91013.992 97461.898 106052.008 116113.180 124100.742 133428.641 138342.297 143704.766 154158.875 161744.250 176867.266 154262.453 119217.914 107995.766 96895.484 32828.535 2790.172 246.095 4.392 0.000 0.000 0.000 0.000 0.000 0.000 0.000 0.000 0.000 0.000 0.000 0.000 0.000 0.000 0.000 0.000 0.000 0.000 0.000 0.000 0.000 0.000
0.000 0.000 927.081 1384.487 1902.603 2529.474 3294.952 4209.670 5277.993 6503.754 7901.448 9483.065 11256.758 13227.105 15396.708 17769.031 20347.914 23136.992 26139.775 29359.996 32802.023 36469.883 40366.910 44497.609 48863.848 53467.574 58335.730 63578.023 69154.680 74481.039 79272.828 84273.906 90505.938 99303.281 109505.836 117804.508 126291.922 130221.766 132742.438 138631.344 151507.016 162412.938 179910.938 138607.375 114308.867 101707.148 66393.117 6935.718 725.969 42.618 0.000 0.000 0.000 0.000 0.000 0.000 0.000 0.000 0.000 0.000 0.000 0.000 0.000 0.000 0.000 0.000 0.000 0.000 0.000 0.000 0.000 0.000 0.000
0.000 0.000 827.243 1257.147 1763.216 2376.701 3124.308 4014.691 5051.657 6242.913 7604.793 9149.597 10884.649 12814.335 14941.983 17271.045 19805.389 22549.422 25508.049 28687.191 32093.146 35733.371 39613.789 43733.727 48092.254 52693.691 57562.891 62734.062 67857.297 72590.352 77432.180 83517.797 92368.250 102505.523 111740.516 117459.297 120173.484 120610.273 124528.359 141042.312 147716.688 175091.516 164116.375 122288.945 104840.031 75402.375 12508.241 1525.445 134.179 0.000 0.000 0.000 0.000 0.000 0.000 0.000 0.000 0.000 0.000 0.000 0.000 0.000 0.000 0.000 0.000 0.000 0.000 0.000 0.000 0.000 0.000 0.000 0.000
0.000 0.000 0.000 1075.967 1555.032 2139.559 2855.359 3707.499 4698.144 5837.638 7143.922 8630.003 10303.265 12167.941 14227.607 16486.428 18949.438 21622.990 24514.572 27632.572 30983.848 34571.113 38393.973 42447.484 46722.289 51202.602 55867.324 60625.672 65239.121 70023.148 76003.898 84170.727 94862.641 102811.164 107384.164 106775.883 105958.211 109425.312 129398.281 133963.297 162685.578 163721.391 133214.828 104691.906 72178.742 16104.058 2311.898 326.356 16.791 0.000 0.000 0.000 0.000 0.000 0.000 0.000 0.000 0.000 0.000 0.000 0.000 0.000 0.000 0.000 0.000 0.000 0.000 0.000 0.000 0.000 0.000 0.000 0.000
0.000 0.000 0.000 839.000 1260.539 1795.928 2460.524 3253.723 4176.443 5239.986 6462.929 7859.102 9436.147 11198.302 13150.178 15297.738 17648.016 20209.975 22992.922 26002.826 29239.262 32696.893 36362.855 40212.551 44219.109 48349.531 52572.062 56886.617 61458.164 66932.711 75203.938 84323.195 91705.047 92905.203 89936.812 87752.094 91278.523 107516.852 119512.117 140940.203 156648.500 131500.797 99325.969 65267.352 15387.928 2628.733 509.531 39.466 0.000 0.000 0.000 0.000 0.000 0.000 0.000 0.000 0.000 0.000 0.000 0.000 0.000 0.000 0.000 0.000 0.000 0.000 0.000 0.000 0.000 0.000 0.000 0.000 0.000
0.000 0.000 0.000 0.000 880.939 1335.772 1920.355 2624.428 3448.637 4404.382 5506.835 6769.124 8201.302 9808.320 11595.315 13570.449 15743.435 18123.475 20713.484 23502.975 26472.088 29604.781 32881.484 36261.297 39711.512 43248.770 46966.941 51214.172 56324.754 62760.891 70025.516 74625.445 73264.531 68955.086 66299.125 69615.078 82185.805 101294.438 114788.266 133139.484 120340.617 84252.984 44253.129 11480.821 2299.615 481.043 56.128 0.000 0.000 0.000 0.000 0.000 0.000 0.000 0.000 0.000 0.000 0.000 0.000 0.000 0.000 0.000 0.000 0.000 0.000 0.000 0.000 0.000 0.000 0.000 0.000 0.000 0.000
0.000 0.000 0.000 0.000 543.518 863.106 1284.750 1835.595 2511.217 3308.584 4238.891 5310.906 6534.809 7911.828 9447.874 11156.412 13044.551 15109.658 17328.361 19655.521 22059.742 24532.254 27090.322 29651.988 32247.742 35024.430 38202.805 42047.551 46255.695 49769.184 50744.098 48735.879 45541.715 44300.020 46657.609 55635.230 74642.922 90832.688 99193.773 91929.414 56620.285 22910.018 6840.221 1603.573 395.987 59.387 0.000 0.000 0.000 0.000 0.000 0.000 0.000 0.000 0.000 0.000 0.000 0.000 0.000 0.000 0.000 0.000 0.000 0.000 0.000 0.000 0.000 0.000 0.000 0.000 0.000 0.000 0.000
0.000 0.000 0.000 0.000 0.000 506.894 757.663 1133.957 1617.034 2198.793 2882.267 3671.154 4572.104 5596.864 6755.729 8046.917 9459.088 10966.505 12508.105 14029.048 15521.703 16999.969 18502.236 19998.266 21540.305 23269.080 25231.652 27081.031 28158.203 28265.865 27641.682 26406.854 25781.877 26242.262 29791.244 37984.777 46679.242 46683.449 38912.727 23762.822 10323.747 3462.921 940.828 247.436 49.193 0.000 0.000 0.000 0.000 0.000 0.000 0.000 0.000 0.000 0.000 0.000 0.000 0.000 0.000 0.000 0.000 0.000 0.000 0.000 0.000 0.000 0.000 0.000 0.000 0.000 0.000 0.000 0.000
0.000 0.000 0.000 0.000 0.000 0.000 0.000 616.729 936.465 1325.269 1788.916 2328.327 2944.257 3629.917 4376.773 5176.117 6014.667 6871.941 7710.799 8515.986 9293.801 10055.898 10811.406 11582.898 12365.431 13157.355 13888.536 14365.683 14500.326 14336.935 13814.123 13381.684 13317.759 13704.938 15166.432 17246.467 17209.402 14771.551 9405.846 4287.497 1565.525 480.643 115.433 31.598 0.000 0.000 0.000 0.000 0.000 0.000 0.000 0.000 0.000 0.000 0.000 0.000 0.000 0.000 0.000 0.000 0.000 0.000 0.000 0.000 0.000 0.000 0.000 0.000 0.000 0.000 0.000 0.000 0.000
0.000 0.000 0.000 0.000 0.000 0.000 0.000 0.000 459.712 675.321 963.841 1310.593 1706.021 2128.016 2567.014 3008.682 3455.530 3898.833 4321.529 4718.199 5091.600 5449.588 5796.450 6133.994 6456.346 6735.320 6914.615 6974.976 6914.550 6686.499 6352.631 6153.709 6083.074 6110.201 6278.627 6071.279 5198.074 3494.980 1685.142 657.194 207.666 51.573 0.000 0.000 0.000 0.000 0.000 0.000 0.000 0.000 0.000 0.000 0.000 0.000 0.000 0.000 0.000 0.000 0.000 0.000 0.000 0.000 0.000 0.000 0.000 0.000 0.000 0.000 0.000 0.000 0.000 0.000 0.000
0.000 0.000 0.000 0.000 0.000 0.000 0.000 0.000 0.000 0.000 404.967 613.962 816.232 1037.429 1259.589 1486.836 1728.056 1953.541 2155.319 2337.136 2504.060 2658.132 2799.838 2925.797 3026.775 3089.528 3108.202 3085.907 2992.740 2808.105 2611.510 2469.663 2361.549 2253.544 2091.131 1761.883 1214.725 615.164 251.311 80.996 19.081 0.000 0.000 0.000 0.000 0.000 0.000 0.000 0.000 0.000 0.000 0.000 0.000 0.000 0.000 0.000 0.000 0.000 0.000 0.000 0.000 0.000 0.000 0.000 0.000 0.000 0.000 0.000 0.000 0.000 0.000 0.000 0.000
