avaframe/data/avaParabola/Avaflow_Input/prefix_results/prefix_ascii/prefix_pflow10014.asc
ncols 250
nrows 100
xllcenter 997.50
yllcenter -4997.50
cellsize 20.00
NODATA_value -9999.000
[rows 33 to 65 of 100, columns 74 to 147 of 250]
0.000 0.000 0.000 0.000 0.000 0.000 0.000 0.000 0.000 0.000 0.000 0.000 0.000 0.000 0.000 0.000 0.000 0.000 0.000 0.000 0.000 0.000 0.000 0.000 0.000 0.000 1144.140 1297.695 1446.594 1582.480 1710.841 1837.495 1962.721 2083.499 2199.576 2312.944 2424.096 2530.521 2628.585 2718.247 2808.242 2933.797 3183.062 2927.784 2394.534 517.420 0.000 1.024 9.824 19.885 29.262 42.891 53.029 25.625 31.597 0.000 0.000 0.000 0.000 0.000 0.000 0.000 0.000 0.000 0.000 0.000 0.000 0.000 0.000 0.000 0.000 0.000 0.000 0.000
0.000 0.000 0.000 0.000 0.000 0.000 0.000 0.000 0.000 0.000 0.000 0.000 0.000 0.000 0.000 0.000 0.000 0.000 0.000 0.000 0.000 0.000 0.000 0.000 1243.978 1447.046 1630.139 1805.517 1973.221 2142.734 2319.548 2503.693 2694.714 2888.483 3078.795 3264.844 3446.939 3624.135 3793.361 3952.542 4115.063 4340.232 4532.190 4300.528 3552.090 748.948 1.455 3.032 28.674 62.099 90.848 119.597 148.424 154.583 112.308 85.757 0.000 0.000 0.000 0.000 0.000 0.000 0.000 0.000 0.000 0.000 0.000 0.000 0.000 0.000 0.000 0.000 0.000 0.000
0.000 0.000 0.000 0.000 0.000 0.000 0.000 0.000 0.000 0.000 0.000 0.000 0.000 0.000 0.000 0.000 0.000 0.000 0.000 0.000 0.000 0.000 0.000 1510.194 1757.181 1970.188 2173.308 2376.506 2585.248 2804.338 3038.434 3288.681 3553.568 3828.417 4105.021 4380.568 4656.008 4932.065 5207.346 5476.600 5753.430 6122.938 6241.930 6053.440 4939.091 1009.153 15.331 1.886 33.637 130.618 186.905 240.681 298.354 329.922 264.000 193.302 22.992 0.000 0.000 0.000 0.000 0.000 0.000 0.000 0.000 0.000 0.000 0.000 0.000 0.000 0.000 0.000 0.000 0.000
0.000 0.000 0.000 0.000 0.000 0.000 0.000 0.000 0.000 0.000 0.000 0.000 0.000 0.000 0.000 0.000 0.000 0.000 0.000 0.000 0.000 0.000 1686.033 1988.811 2253.191 2501.860 2749.755 3006.508 3277.031 3563.490 3869.559 4197.685 4546.898 4913.083 5290.353 5674.804 6067.716 6472.039 6888.462 7310.639 7745.252 8284.377 8350.772 8204.917 6484.642 1141.224 21.360 2.324 54.514 239.541 329.454 410.821 489.462 522.948 437.534 336.588 179.064 12.421 0.000 0.000 0.000 0.000 0.000 0.000 0.000 0.000 0.000 0.000 0.000 0.000 0.000 0.000 0.000 0.000
0.000 0.000 0.000 0.000 0.000 0.000 0.000 0.000 0.000 0.000 0.000 0.000 0.000 0.000 0.000 0.000 0.000 0.000 0.000 0.000 0.000 1812.965 2152.199 2454.104 2744.353 3038.858 3349.618 3683.107 4038.901 4416.196 4816.540 5241.775 5692.781 6168.392 6666.186 7182.598 7717.775 8274.246 8851.711 9445.506 10059.032 10756.955 10849.863 10722.098 8030.540 852.883 1.055 18.303 185.774 490.245 627.799 697.710 702.838 696.446 608.624 495.313 366.926 185.251 13.194 0.000 0.000 0.000 0.000 0.000 0.000 0.000 0.000 0.000 0.000 0.000 0.000 0.000 0.000 0.000
0.000 0.000 0.000 0.000 0.000 0.000 0.000 0.000 0.000 0.000 0.000 0.000 0.000 0.000 0.000 0.000 0.000 0.000 0.000 0.000 1903.350 2279.917 2611.701 2930.548 3253.760 3602.355 3989.000 4412.271 4864.414 5338.379 5833.298 6353.968 6903.300 7480.817 8085.984 8716.942 9372.665 10053.812 10759.132 11490.450 12242.546 12987.175 13572.480 13700.716 9250.228 522.508 0.000 40.833 344.373 651.116 727.752 839.903 913.160 885.123 763.926 664.572 546.777 408.052 226.941 26.932 0.000 0.000 0.000 0.000 0.000 0.000 0.000 0.000 0.000 0.000 0.000 0.000 0.000 0.000
0.000 0.000 0.000 0.000 0.000 0.000 0.000 0.000 0.000 0.000 0.000 0.000 0.000 0.000 0.000 0.000 0.000 0.000 0.000 1927.417 2331.741 2692.767 3040.854 3390.144 3757.783 4163.407 4614.566 5104.549 5623.270 6165.349 6730.474 7321.928 7944.011 8598.201 9284.046 10000.638 10746.680 11521.910 12324.988 13165.024 14029.208 14778.984 16123.329 17773.188 8305.199 283.714 0.000 5.451 51.942 96.439 188.934 629.427 1063.513 1179.608 1026.431 827.552 718.422 585.452 433.126 267.521 91.400 0.000 0.000 0.000 0.000 0.000 0.000 0.000 0.000 0.000 0.000 0.000 0.000 0.000
0.000 0.000 0.000 0.000 0.000 0.000 0.000 0.000 0.000 0.000 0.000 0.000 0.000 0.000 0.000 0.000 0.000 0.000 1868.188 2294.366 2674.156 3039.448 3403.268 3779.442 4187.966 4642.730 5145.135 5686.744 6257.517 6851.979 7469.771 8113.814 8789.053 9498.360 10242.793 11021.842 11834.299 12679.063 13554.445 14471.098 15427.066 16216.925 18128.373 21169.570 5663.322 120.695 0.000 6.496 2.001 5.343 56.556 193.551 259.263 445.732 847.274 1104.231 888.324 754.774 581.932 367.335 117.591 28.544 0.000 0.000 0.000 0.000 0.000 0.000 0.000 0.000 0.000 0.000 0.000 0.000
0.000 0.000 0.000 0.000 0.000 0.000 0.000 0.000 0.000 0.000 0.000 0.000 0.000 0.000 0.000 0.000 0.000 1676.212 2173.291 2570.293 2944.895 3315.571 3691.228 4089.710 4530.371 5022.910 5564.811 6146.610 6758.362 7393.599 8051.671 8735.186 9448.704 10196.316 10980.602 11802.438 12662.172 13558.421 14486.941 15452.472 16497.018 17309.061 19684.439 21970.719 3334.101 52.052 0.000 0.000 0.000 0.000 0.000 0.000 0.000 44.501 702.523 1407.998 991.372 797.037 578.586 367.829 172.050 15.001 0.000 0.000 0.000 0.000 0.000 0.000 0.000 0.000 0.000 0.000 0.000 0.000
0.000 0.000 0.000 0.000 0.000 0.000 0.000 0.000 0.000 0.000 0.000 0.000 0.000 0.000 0.000 0.000 0.000 1958.465 2392.532 2777.151 3151.833 3526.528 3911.943 4327.559 4791.228 5310.365 5880.899 6492.761 7135.651 7802.440 8490.911 9203.039 9943.857 10718.368 11530.873 12382.822 13274.583 14205.157 15166.108 16173.046 17339.756 17995.145 20895.418 20050.576 1740.401 0.179 0.000 0.002 0.247 23.710 22.633 28.964 56.480 174.392 639.535 1073.551 683.473 484.943 324.817 201.105 109.650 48.120 17.382 0.000 0.000 0.000 0.000 0.000 0.000 0.000 0.000 0.000 0.000 0.000
0.000 0.000 0.000 0.000 0.000 0.000 0.000 0.000 0.000 0.000 0.000 0.000 0.000 0.000 0.000 0.000 0.000 2141.856 2547.604 2927.955 3304.197 3682.665 4076.090 4504.038 4983.237 5519.958 6109.908 6743.087 7408.788 8098.936 8810.120 9543.271 10303.513 11096.375 11926.483 12797.659 13710.925 14664.543 15650.676 16712.410 17969.121 18233.787 21539.082 16365.814 703.416 0.000 0.000 0.000 109.634 314.143 368.483 449.044 579.457 667.153 679.794 631.038 417.141 282.461 182.928 111.671 61.697 25.673 3.419 0.000 0.000 0.000 0.000 0.000 0.000 0.000 0.000 0.000 0.000 0.000
0.000 0.000 0.000 0.000 0.000 0.000 0.000 0.000 0.000 0.000 0.000 0.000 0.000 0.000 0.000 0.000 1795.270 2259.329 2653.862 3033.794 3412.062 3794.316 4194.168 4630.645 5119.732 5667.488 6269.982 6917.534 7599.160 8305.804 9033.218 9781.363 10554.810 11359.901 12202.307 13085.910 14012.918 14982.810 15988.029 17085.809 18263.031 18387.732 22198.750 13179.137 278.706 0.000 0.040 36.911 287.275 562.132 649.210 664.413 645.650 599.944 492.526 376.900 266.248 175.651 111.112 67.029 37.709 15.672 1.432 0.000 0.000 0.000 0.000 0.000 0.000 0.000 0.000 0.000 0.000 0.000
0.000 0.000 0.000 0.000 0.000 0.000 0.000 0.000 0.000 0.000 0.000 0.000 0.000 0.000 0.000 0.000 1892.140 2332.393 2723.323 3104.439 3484.948 3870.658 4275.462 4717.794 5213.016 5767.474 6377.861 7034.615 7726.436 8443.996 9182.094 9940.427 10723.664 11537.521 12388.012 13279.637 14215.295 15194.480 16220.303 17322.412 18291.129 19574.961 25491.549 9644.237 112.914 2.576 36.154 159.486 383.696 528.235 542.962 487.709 375.923 278.673 212.831 166.722 116.463 73.396 43.259 24.449 13.362 5.823 1.391 0.000 0.000 0.000 0.000 0.000 0.000 0.000 0.000 0.000 0.000 0.000
0.000 0.000 0.000 0.000 0.000 0.000 0.000 0.000 0.000 0.000 0.000 0.000 0.000 0.000 0.000 0.000 1944.082 2375.254 2765.649 3148.381 3530.975 3919.493 4327.905 4774.244 5273.531 5832.192 6447.270 7109.505 7807.334 8531.061 9275.342 10039.936 10829.116 11648.600 12504.477 13401.329 14342.282 15326.658 16377.090 17463.266 18236.764 21978.523 27589.799 5987.350 26.851 18.203 137.368 314.120 420.242 419.534 355.144 235.487 129.808 72.841 45.111 30.374 17.761 9.003 4.082 1.662 0.672 0.248 0.075 0.000 0.000 0.000 0.000 0.000 0.000 0.000 0.000 0.000 0.000 0.000
0.000 0.000 0.000 0.000 0.000 0.000 0.000 0.000 0.000 0.000 0.000 0.000 0.000 0.000 0.000 0.000 1969.611 2397.736 2788.594 3172.748 3556.978 3947.510 4358.366 4807.413 5309.498 5870.988 6488.903 7154.142 7855.058 8582.007 9329.214 10096.899 10889.549 11712.663 12572.436 13473.178 14418.176 15406.645 16470.727 17561.072 18273.889 23082.389 26307.268 3860.934 0.033 23.550 169.122 240.449 393.132 340.434 145.755 75.926 34.671 14.693 6.632 3.611 1.833 0.341 0.000 0.000 0.000 0.000 0.000 0.000 0.000 0.000 0.000 0.000 0.000 0.000 0.000 0.000 0.000 0.000
0.000 0.000 0.000 0.000 0.000 0.000 0.000 0.000 0.000 0.000 0.000 0.000 0.000 0.000 0.000 0.000 1979.640 2407.077 2798.509 3183.623 3568.897 3960.641 4372.936 4823.705 5327.728 5891.323 6511.235 7178.034 7879.868 8607.203 9355.474 10125.015 10920.072 11745.771 12608.513 13512.296 14459.864 15449.794 16516.111 17617.217 18311.094 23153.924 25057.301 2722.030 0.000 1.420 67.481 59.958 0.119 0.131 19.792 15.290 6.756 1.181 0.199 0.000 0.073 0.447 0.339 0.508 0.278 0.128 0.027 0.000 0.000 0.000 0.000 0.000 0.000 0.000 0.000 0.000 0.000 0.000
0.000 0.000 0.000 0.000 0.000 0.000 0.000 0.000 0.000 0.000 0.000 0.000 0.000 0.000 0.000 0.000 1981.485 2409.063 2800.884 3186.461 3572.214 3964.471 4377.354 4828.976 5334.342 5899.599 6520.988 7188.540 7890.288 8616.847 9364.581 10134.069 10930.042 11756.835 12621.126 13526.669 14475.261 15465.102 16532.025 17632.354 18319.348 23215.484 23582.197 2107.915 0.037 0.607 16.650 6.893 0.076 0.126 0.743 1.120 0.332 4.843 10.166 0.048 24.538 26.487 21.026 14.150 8.531 3.846 0.303 0.000 0.000 0.000 0.000 0.000 0.000 0.000 0.000 0.000 0.000 0.000
0.000 0.000 0.000 0.000 0.000 0.000 0.000 0.000 0.000 0.000 0.000 0.000 0.000 0.000 0.000 0.000 1979.194 2407.576 2799.743 3185.561 3571.539 3963.990 4377.059 4828.974 5334.908 5901.104 6523.562 7191.509 7892.786 8618.440 9365.219 10133.875 10930.046 11757.276 12622.210 13528.735 14478.271 15469.392 16537.600 17626.150 18324.248 23226.291 22735.420 1844.040 0.000 0.001 0.002 0.020 0.054 0.370 0.070 0.045 7.770 4.977 169.615 236.688 190.910 121.771 76.166 46.545 27.003 12.658 2.184 0.000 0.000 0.000 0.000 0.000 0.000 0.000 0.000 0.000 0.000 0.000
0.000 0.000 0.000 0.000 0.000 0.000 0.000 0.000 0.000 0.000 0.000 0.000 0.000 0.000 0.000 0.000 1968.261 2399.556 2792.776 3179.153 3565.608 3958.407 4371.830 4824.393 5331.503 5899.109 6522.557 7190.578 7890.774 8614.084 9358.513 10125.636 10921.182 11748.596 12614.041 13521.350 14471.673 15464.418 16530.066 17598.914 18329.539 23235.604 22641.684 1783.351 0.025 0.216 1.160 5.072 15.291 34.336 60.538 121.938 272.909 464.495 419.748 452.931 314.675 201.998 127.841 79.615 46.765 19.876 6.178 0.000 0.000 0.000 0.000 0.000 0.000 0.000 0.000 0.000 0.000 0.000
0.000 0.000 0.000 0.000 0.000 0.000 0.000 0.000 0.000 0.000 0.000 0.000 0.000 0.000 0.000 0.000 1941.178 2379.468 2774.864 3162.221 3549.448 3942.777 4356.830 4810.713 5320.063 5890.111 6514.722 7181.514 7877.885 8596.261 9336.617 10101.743 10896.861 11724.949 12591.532 13500.304 14451.316 15443.638 16497.404 17546.531 18385.059 23247.758 22717.084 1818.894 0.000 2.083 21.247 91.724 193.773 279.645 397.400 587.076 702.639 744.510 710.249 582.059 417.258 287.612 193.550 127.918 77.772 33.135 0.000 0.000 0.000 0.000 0.000 0.000 0.000 0.000 0.000 0.000 0.000 0.000
0.000 0.000 0.000 0.000 0.000 0.000 0.000 0.000 0.000 0.000 0.000 0.000 0.000 0.000 0.000 0.000 1887.772 2340.519 2740.058 3129.148 3517.695 3911.962 4327.051 4782.797 5294.843 5867.125 6491.551 7154.541 7844.292 8555.490 9289.920 10051.864 10846.082 11674.830 12542.409 13451.897 14402.450 15391.917 16422.156 17486.314 18451.061 23291.369 23252.512 1980.964 0.103 7.663 58.566 195.337 374.706 510.475 614.356 691.949 796.538 899.510 880.767 703.882 545.536 407.627 292.292 199.795 117.872 17.387 0.000 0.000 0.000 0.000 0.000 0.000 0.000 0.000 0.000 0.000 0.000 0.000
0.000 0.000 0.000 0.000 0.000 0.000 0.000 0.000 0.000 0.000 0.000 0.000 0.000 0.000 0.000 0.000 1793.237 2273.943 2681.153 3073.384 3464.248 3860.166 4276.609 4734.087 5247.957 5820.601 6442.142 7098.278 7778.499 8480.103 9207.158 9965.024 10757.236 11585.330 12452.075 13359.764 14306.701 15290.305 16303.637 17388.184 18447.393 22200.338 24483.650 2413.179 0.000 7.551 55.621 164.193 355.322 566.237 696.599 777.430 213.736 2123.682 11.708 870.226 669.364 494.952 353.940 234.923 132.306 56.982 0.000 0.000 0.000 0.000 0.000 0.000 0.000 0.000 0.000 0.000 0.000 0.000
0.000 0.000 0.000 0.000 0.000 0.000 0.000 0.000 0.000 0.000 0.000 0.000 0.000 0.000 0.000 0.000 1634.879 2167.916 2589.276 2987.066 3381.693 3780.208 4197.936 4655.815 5168.873 5738.327 6353.101 6998.802 7666.906 8357.454 9076.408 9829.104 10617.983 11443.520 12307.011 13209.972 14149.969 15124.546 16129.449 17229.695 18407.643 20381.670 25997.764 3243.849 0.488 0.000 8.494 15.205 77.915 319.062 540.508 664.478 324.406 2850.532 16.887 815.553 601.881 436.498 305.568 194.424 104.031 0.000 0.000 0.000 0.000 0.000 0.000 0.000 0.000 0.000 0.000 0.000 0.000 0.000
0.000 0.000 0.000 0.000 0.000 0.000 0.000 0.000 0.000 0.000 0.000 0.000 0.000 0.000 0.000 0.000 1385.435 2006.051 2453.399 2860.727 3260.686 3662.723 4081.010 4536.437 5044.146 5605.287 6208.683 6840.875 7494.974 8173.188 8881.758 9626.332 10408.634 11227.574 12083.796 12977.718 13907.225 14871.585 15871.393 16975.691 18171.227 18588.723 26675.264 4653.934 13.902 0.000 0.529 0.000 0.000 60.322 142.321 241.605 400.873 665.010 787.105 657.737 500.260 365.430 244.929 121.289 45.400 0.000 0.000 0.000 0.000 0.000 0.000 0.000 0.000 0.000 0.000 0.000 0.000 0.000
0.000 0.000 0.000 0.000 0.000 0.000 0.000 0.000 0.000 0.000 0.000 0.000 0.000 0.000 0.000 0.000 1042.733 1765.229 2259.630 2683.182 3089.613 3495.500 3912.727 4361.363 4857.479 5403.987 5991.178 6606.935 7244.657 7907.254 8601.810 9333.824 10103.832 10910.177 11752.490 12630.453 13543.501 14493.109 15482.895 16547.109 17664.871 17932.576 24647.895 8484.552 114.268 1132.866 2152.261 78.104 75.552 13.479 5.316 34.474 137.519 423.094 670.780 586.387 436.769 310.665 188.722 65.985 0.000 0.000 0.000 0.000 0.000 0.000 0.000 0.000 0.000 0.000 0.000 0.000 0.000 0.000
0.000 0.000 0.000 0.000 0.000 0.000 0.000 0.000 0.000 0.000 0.000 0.000 0.000 0.000 0.000 0.000 0.000 1410.063 1989.807 2441.326 2854.987 3263.293 3676.741 4113.259 4590.821 5115.935 5681.765 6276.592 6893.221 7534.623 8208.988 8922.093 9673.321 10458.834 11277.501 12130.083 13017.761 13940.334 14896.869 15880.577 16890.480 17785.473 21453.408 14482.683 555.204 1336.730 2654.025 90.048 523.927 470.108 195.916 86.265 191.500 417.966 597.888 509.199 365.228 239.489 121.493 36.475 0.000 0.000 0.000 0.000 0.000 0.000 0.000 0.000 0.000 0.000 0.000 0.000 0.000 0.000
0.000 0.000 0.000 0.000 0.000 0.000 0.000 0.000 0.000 0.000 0.000 0.000 0.000 0.000 0.000 0.000 0.000 944.501 1616.884 2119.468 2542.498 2949.064 3354.735 3773.752 4226.094 4722.750 5259.540 5825.050 6412.113 7024.083 7669.592 8353.426 9072.898 9823.641 10604.402 11416.771 12262.760 13139.594 14041.599 14954.663 15988.789 17056.672 20751.961 19188.902 1658.260 2.767 0.387 43.831 254.218 476.095 631.029 628.222 513.294 521.854 502.548 400.014 269.724 136.067 20.274 0.000 0.000 0.000 0.000 0.000 0.000 0.000 0.000 0.000 0.000 0.000 0.000 0.000 0.000 0.000
0.000 0.000 0.000 0.000 0.000 0.000 0.000 0.000 0.000 0.000 0.000 0.000 0.000 0.000 0.000 0.000 0.000 0.000 1103.131 1694.795 2137.959 2538.697 2930.305 3326.534 3746.298 4203.337 4696.842 5218.694 5764.064 6335.941 6940.907 7579.897 8246.867 8939.818 9660.291 10411.056 11190.594 11995.036 12829.461 13694.532 14745.495 15705.902 16070.164 22078.508 3359.780 69.403 0.002 1.253 106.815 280.400 385.338 532.609 669.001 547.870 389.817 277.486 171.114 69.761 22.632 0.000 0.000 0.000 0.000 0.000 0.000 0.000 0.000 0.000 0.000 0.000 0.000 0.000 0.000 0.000
0.000 0.000 0.000 0.000 0.000 0.000 0.000 0.000 0.000 0.000 0.000 0.000 0.000 0.000 0.000 0.000 0.000 0.000 0.000 1131.128 1626.458 2024.823 2392.320 2756.113 3129.480 3526.595 3956.750 4421.135 4913.740 5430.677 5972.021 6535.187 7118.352 7725.078 8357.114 9012.296 9687.732 10386.909 11113.131 11850.003 12789.596 13438.297 13251.297 20122.930 6857.607 313.681 0.000 0.000 63.310 174.370 234.166 336.687 417.565 344.515 253.146 168.853 96.172 43.154 0.000 0.000 0.000 0.000 0.000 0.000 0.000 0.000 0.000 0.000 0.000 0.000 0.000 0.000 0.000 0.000
0.000 0.000 0.000 0.000 0.000 0.000 0.000 0.000 0.000 0.000 0.000 0.000 0.000 0.000 0.000 0.000 0.000 0.000 0.000 617.015 1033.096 1411.932 1734.620 2039.830 2339.301 2652.301 3012.487 3418.020 3844.163 4277.168 4713.408 5154.975 5616.647 6104.838 6608.005 7117.749 7632.984 8159.221 8674.721 9152.486 9791.853 10241.651 10393.639 15160.610 11304.944 953.698 17.056 0.000 72.093 100.576 148.865 240.146 260.263 203.049 145.173 92.777 50.293 0.000 0.000 0.000 0.000 0.000 0.000 0.000 0.000 0.000 0.000 0.000 0.000 0.000 0.000 0.000 0.000 0.000
0.000 0.000 0.000 0.000 0.000 0.000 0.000 0.000 0.000 0.000 0.000 0.000 0.000 0.000 0.000 0.000 0.000 0.000 0.000 0.000 564.973 857.650 1088.502 1295.279 1497.792 1751.605 2057.432 2367.757 2659.521 2941.357 3222.859 3528.565 3866.677 4203.073 4525.735 4837.405 5146.979 5467.583 5783.176 6085.566 6491.051 6920.319 7212.546 9950.987 10901.423 1688.722 27.224 7.622 36.048 57.977 96.069 159.727 157.360 115.174 77.681 46.935 0.000 0.000 0.000 0.000 0.000 0.000 0.000 0.000 0.000 0.000 0.000 0.000 0.000 0.000 0.000 0.000 0.000 0.000
0.000 0.000 0.000 0.000 0.000 0.000 0.000 0.000 0.000 0.000 0.000 0.000 0.000 0.000 0.000 0.000 0.000 0.000 0.000 0.000 0.000 476.988 617.732 699.890 848.830 1042.994 1285.513 1485.245 1637.094 1770.823 1926.610 2146.331 2375.748 2573.719 2751.947 2924.754 3109.001 3309.132 3512.290 3716.021 3990.669 4323.510 4560.903 6036.253 8307.446 1725.486 38.552 8.293 25.544 40.924 72.527 103.468 86.800 60.074 38.253 0.000 0.000 0.000 0.000 0.000 0.000 0.000 0.000 0.000 0.000 0.000 0.000 0.000 0.000 0.000 0.000 0.000 0.000 0.000
0.000 0.000 0.000 0.000 0.000 0.000 0.000 0.000 0.000 0.000 0.000 0.000 0.000 0.000 0.000 0.000 0.000 0.000 0.000 0.000 0.000 0.000 0.000 328.250 416.628 527.845 673.718 770.518 819.927 856.709 905.635 1086.541 1213.643 1309.992 1406.403 1529.379 1663.556 1799.553 1919.285 2034.977 2199.602 2417.472 2583.942 3319.404 5243.172 1196.743 27.882 0.000 15.032 28.324 53.792 55.686 30.101 20.174 0.000 0.000 0.000 0.000 0.000 0.000 0.000 0.000 0.000 0.000 0.000 0.000 0.000 0.000 0.000 0.000 0.000 0.000 0.000 0.000
