avaframe/data/avaParabola/Avaflow_Input/prefix_results/prefix_ascii/prefix_tflow1_max.asc
ncols 250
nrows 100
xllcenter 997.50
yllcenter -4997.50
cellsize 20.00
NODATA_value -9999.000
[rows 31 to 61 of 100, columns 71 to 141 of 250]
0.000 0.000 0.000 0.000 0.000 0.000 0.000 0.000 0.000 0.000 0.000 0.000 0.000 0.000 0.000 0.000 0.000 0.000 0.000 0.780 0.000 0.552 0.558 0.000 0.000 0.588 0.616 0.629 1.060 1.377 1.246 0.990 0.940 1.668 1.499 1.125 1.201 1.335 1.433 1.518 1.586 1.723 1.841 1.892 1.937 2.415 6.094 8.490 28.009 1.122 0.533 1.058 1.432 1.673 1.677 1.296 0.647 0.145 0.000 0.000 0.000 0.000 0.000 0.000 0.000 0.000 0.000 0.000 0.000 0.000 0.000
0.000 0.000 0.000 0.000 0.000 0.000 0.000 0.000 0.000 0.000 0.000 0.000 0.000 0.000 0.000 0.596 0.000 1.142 0.606 0.916 0.923 0.822 0.915 0.932 0.957 1.100 1.060 1.160 1.384 1.622 1.807 1.944 2.078 2.214 2.366 2.520 2.640 2.770 2.904 3.020 3.170 3.428 3.748 4.038 4.309 5.170 15.670 12.412 5.247 27.018 1.558 3.109 4.230 4.983 5.370 4.832 2.948 0.914 0.287 0.148 0.000 0.000 0.000 0.000 0.000 0.000 0.000 0.000 0.000 0.000 0.000
0.000 0.000 0.000 0.000 0.000 0.000 0.000 0.000 0.000 0.000 0.000 0.000 1.091 0.556 1.120 1.162 0.957 1.072 1.292 1.290 1.528 1.742 1.948 2.154 2.378 2.602 2.840 3.106 3.348 3.616 3.913 4.300 4.717 5.127 5.532 5.954 6.378 6.799 7.222 7.632 8.061 8.474 8.890 9.342 10.029 11.225 34.814 22.750 5.583 18.981 4.303 8.143 10.755 12.408 13.073 11.759 8.173 3.846 1.617 0.713 0.331 0.000 0.000 0.000 0.000 0.000 0.000 0.000 0.000 0.000 0.000
0.000 0.000 0.000 0.000 0.000 0.000 0.000 0.000 0.000 0.000 1.007 0.625 1.441 1.356 1.235 1.373 1.715 2.052 2.410 2.806 3.241 3.779 4.456 5.163 5.905 6.686 7.515 8.384 9.266 10.157 11.085 12.010 12.918 13.861 14.796 15.705 16.673 17.657 18.684 19.863 21.133 22.603 24.298 26.063 27.770 29.553 62.823 40.692 15.749 18.847 10.817 18.837 24.096 26.987 28.035 24.887 17.424 10.442 5.243 2.514 1.164 0.492 0.000 0.000 0.000 0.000 0.000 0.000 0.000 0.000 0.000
0.000 0.000 0.000 0.000 0.000 0.000 0.000 0.000 1.112 0.622 1.281 1.310 1.428 1.941 2.510 3.160 3.930 4.941 6.209 7.633 9.209 10.924 12.812 14.834 16.939 19.168 21.527 23.890 26.350 28.871 31.385 33.954 36.586 39.173 41.823 44.523 47.340 50.074 53.108 55.968 59.320 62.458 66.122 69.871 73.831 77.702 107.407 105.202 64.622 29.358 20.884 35.565 42.512 41.657 46.912 42.744 32.711 22.125 12.469 6.593 3.291 1.465 0.546 0.000 0.000 0.000 0.000 0.000 0.000 0.000 0.000
0.000 0.000 0.000 0.000 0.000 0.000 0.000 1.145 1.272 1.540 1.689 2.483 3.491 4.803 6.631 9.047 11.937 15.232 18.991 23.208 27.852 32.955 38.544 44.491 50.723 57.563 64.300 71.766 79.001 86.659 94.158 101.973 109.731 117.054 124.608 131.984 139.112 146.563 153.787 161.121 168.545 175.927 183.454 191.062 199.011 206.583 214.909 252.200 215.541 150.703 82.919 53.915 68.392 65.950 72.612 69.892 54.342 39.414 24.737 14.209 7.813 3.768 1.577 0.551 0.000 0.000 0.000 0.000 0.000 0.000 0.000
0.000 0.000 0.000 0.000 0.000 0.627 1.123 1.453 1.856 2.776 4.469 7.051 10.567 15.754 22.548 30.720 40.165 50.859 62.974 76.385 90.953 107.531 125.593 144.680 164.893 185.841 206.985 228.702 250.852 272.534 294.197 315.720 336.339 356.759 376.600 395.637 414.451 432.421 449.600 466.986 484.066 500.874 517.720 534.151 551.019 567.979 583.743 601.278 630.075 549.391 399.926 287.568 255.127 182.846 133.951 122.380 98.377 73.468 43.503 27.366 17.349 8.675 3.931 1.445 0.384 0.000 0.000 0.000 0.000 0.000 0.000
0.000 0.000 0.000 0.000 0.623 1.250 1.792 2.598 4.853 8.980 16.096 26.979 41.759 61.757 86.427 115.073 148.099 184.675 226.598 273.101 323.813 377.825 435.377 495.625 558.355 622.384 687.397 752.643 816.743 879.457 940.667 999.573 1056.119 1110.060 1161.411 1211.092 1257.670 1301.901 1345.449 1386.283 1427.149 1468.048 1505.803 1543.361 1580.320 1616.738 1653.272 1692.251 1746.040 1632.876 1480.192 1593.178 1457.900 1084.949 480.028 178.924 165.662 143.031 87.258 58.333 38.560 18.308 8.960 3.540 0.937 0.160 0.000 0.000 0.000 0.000 0.000
0.000 0.000 0.000 0.657 0.926 1.988 3.748 8.789 20.847 44.470 82.222 133.400 198.757 280.923 376.690 485.839 605.197 739.003 886.375 1043.723 1210.921 1386.612 1569.914 1757.828 1951.343 2145.832 2340.595 2531.328 2718.650 2896.304 3065.146 3225.875 3378.710 3519.597 3649.642 3772.178 3884.148 3988.618 4091.633 4186.798 4281.146 4366.855 4448.107 4527.611 4601.389 4673.687 4765.144 4960.179 6324.103 7238.724 7393.402 7016.332 6019.997 4370.938 2323.326 658.516 262.795 208.828 143.658 95.317 68.928 36.823 18.747 8.150 2.428 0.345 0.000 0.000 0.000 0.000 0.000
0.000 0.000 0.604 1.325 2.280 5.606 17.049 61.156 157.291 311.461 518.397 775.189 1075.893 1424.003 1810.571 2220.756 2658.458 3129.380 3619.779 4133.667 4657.542 5200.996 5748.757 6311.569 6865.281 7422.731 7956.955 8485.712 8976.088 9448.968 9889.806 10304.880 10692.614 11067.367 11397.341 11706.792 11993.475 12286.617 12534.572 12769.032 12947.715 13121.272 13923.611 16570.090 19732.965 23261.256 25221.072 26565.332 26997.553 26730.254 25036.061 22006.670 17878.260 12906.896 7540.027 2941.422 660.613 304.453 234.674 167.359 112.045 66.513 34.859 16.084 5.678 1.178 0.201 0.000 0.000 0.000 0.000
0.000 0.558 0.867 2.686 7.063 54.262 313.721 886.373 1689.127 2671.197 3831.365 5023.732 6340.361 7653.446 9060.848 10433.931 11883.307 13291.176 14744.540 16155.044 17571.623 18989.172 20384.881 21778.881 23132.240 24467.037 25762.723 27012.008 28166.221 29280.521 30373.691 31475.939 32486.156 33384.453 34196.918 34826.375 38011.785 43149.902 49204.594 55649.922 60199.758 66074.094 70457.867 73631.492 76444.508 78508.836 79061.430 77434.797 73672.086 67764.492 60064.207 50781.383 40321.301 28852.150 18002.531 8547.382 2937.276 506.856 375.882 255.177 167.758 87.324 42.299 18.974 7.353 2.267 0.489 0.070 0.000 0.000 0.000
0.000 0.765 1.720 7.118 733.233 3988.515 8888.859 13892.447 18716.270 23338.723 27938.430 32017.605 35691.129 39149.762 42714.289 45979.645 49103.777 52249.258 55138.715 58033.230 60807.828 63565.191 66271.586 68836.664 71454.945 73923.758 76242.711 81313.703 91539.414 100172.328 111740.094 116435.781 128690.273 135577.297 140009.719 149072.797 155189.141 163499.344 169531.156 174511.938 179485.297 184857.469 188118.984 188890.312 187843.672 183122.656 175941.359 163956.469 148854.984 130579.758 111582.078 91979.445 72297.656 52870.402 34120.922 19500.301 8367.810 2075.846 481.024 301.283 160.172 78.361 36.495 15.992 6.346 2.151 0.530 0.043 0.000 0.000 0.000
0.000 0.970 3.684 271.173 9785.479 36527.785 73850.797 102488.164 135246.734 147506.953 155290.594 159081.672 162237.422 165696.656 168099.219 169963.688 171480.641 173136.406 174919.938 176869.344 178924.141 181057.172 183099.469 194288.344 226233.125 241058.469 255934.688 273758.156 286600.562 309906.281 318156.031 324792.344 343577.062 352450.656 356569.750 360365.188 366966.625 372919.438 372602.969 367094.312 363385.281 364582.625 361064.656 346840.969 329422.406 305838.375 277199.094 245985.297 210916.875 179692.406 151829.625 124117.969 100199.969 75259.195 51468.930 31081.076 15253.173 5088.562 652.955 279.157 137.778 65.415 29.946 13.014 5.185 1.807 0.505 0.113 0.000 0.000 0.000
0.540 1.266 6.550 983.973 16824.807 61131.305 122491.812 191979.297 260645.984 300495.938 352137.625 358572.500 372419.938 382376.062 381156.656 386577.469 387470.156 386962.625 391248.188 392073.438 391875.000 389370.688 392683.250 425623.188 479339.781 513507.750 541746.125 577316.000 578547.875 607740.875 622148.188 620472.125 628613.500 631807.312 626274.938 632782.250 628874.562 609401.500 582270.812 553503.625 526844.812 517362.812 499433.469 463177.312 423201.250 380294.562 335217.781 297124.031 261756.578 224914.531 189117.984 156679.172 124296.586 93874.773 64798.508 39708.156 20092.660 7468.095 1143.054 233.584 112.595 52.117 23.374 10.031 4.000 1.434 0.435 0.093 0.000 0.000 0.000
0.587 1.466 7.618 1078.738 18203.408 67926.531 139545.547 219862.844 303341.844 388081.469 431327.000 493691.281 498670.031 518186.625 533634.625 536045.250 543758.312 545417.875 550541.500 555876.562 556214.375 555243.125 557570.688 594266.812 680516.062 716261.750 771854.438 829657.938 828993.000 838497.875 861961.688 872104.250 861438.750 854444.625 833689.125 835149.250 817350.375 772529.625 737331.312 693554.500 647878.188 611464.562 569004.062 522751.750 477291.000 428805.781 382028.188 337443.281 294534.500 253536.234 215167.797 177294.234 139304.906 103978.789 72365.531 43237.004 22087.221 8297.603 1421.575 157.323 71.285 30.967 13.137 5.422 2.135 0.792 0.248 0.056 0.000 0.000 0.000
0.603 1.549 7.841 1079.665 18332.781 69120.250 144596.812 229369.359 318165.688 409517.562 491584.562 527297.125 574007.688 596402.938 605147.750 626457.688 628592.062 640291.062 646760.812 652833.375 662073.938 661980.000 664655.438 703007.062 805250.375 867240.688 930271.188 992974.562 989100.625 994585.625 1023390.250 1042986.562 1028434.812 1014659.062 1007518.812 983310.438 924890.562 875249.938 815719.375 766423.188 724345.250 682506.438 625632.875 566347.625 518500.625 468191.625 419766.719 372527.094 326588.688 279677.125 233163.984 186626.422 143362.156 104870.195 71461.586 43042.016 22286.787 8332.443 1396.613 54.686 19.261 6.557 2.280 0.820 0.303 0.114 0.037 0.010 0.000 0.000 0.000
0.608 1.575 7.872 1079.665 18337.111 69238.312 145345.500 232721.188 323454.906 416752.500 512744.156 551874.625 604568.312 617630.625 644624.250 666550.125 672208.688 687990.562 687822.125 704732.938 711002.625 720202.438 719940.688 769143.125 863879.500 961990.625 1028992.688 1095710.000 1085535.750 1106085.375 1154851.500 1135775.375 1135682.750 1131703.625 1082238.000 1029358.438 996920.938 950802.938 896671.812 845039.375 766130.938 716789.312 659580.125 602609.250 551900.875 490164.219 428448.156 368957.438 321917.594 275645.719 226367.719 183067.641 145786.844 108182.391 72143.547 44001.016 21216.604 7869.175 1352.907 24.725 0.723 0.054 0.024 0.005 0.000 0.001 0.000 0.000 0.000 0.000 0.000
0.610 1.584 7.876 1079.665 18337.135 69243.945 145415.953 233796.125 325540.906 418990.562 515763.938 563460.562 614104.812 632120.688 657497.938 679548.500 689763.625 703925.688 708581.812 722980.688 729988.562 742122.938 746513.688 794315.875 887306.188 1007885.812 1096622.625 1135680.750 1110268.250 1184731.500 1178747.125 1183010.750 1177620.250 1149153.125 1126783.000 1098038.125 1047948.562 980007.000 910098.750 846583.938 790284.562 723145.875 642148.500 586211.750 531882.500 482109.219 433415.031 383061.406 329232.750 276841.188 224799.516 177899.094 136990.797 98112.820 68829.945 39298.766 20119.299 7114.371 1058.035 16.195 1.224 0.421 0.160 0.063 0.023 0.008 0.002 0.001 0.000 0.000 0.000
0.612 1.588 7.877 1079.665 18337.135 69244.031 145419.719 233823.422 326006.938 419441.656 516267.406 565171.312 615687.375 635337.750 659760.250 681585.375 693491.438 706513.438 713099.750 725601.250 734573.750 745520.188 753674.125 803131.125 894745.125 1029175.188 1111016.625 1116272.750 1149145.750 1176494.750 1182732.000 1186548.500 1177804.125 1163249.375 1123980.875 1074802.125 1012737.625 948586.750 884139.062 814512.562 746843.250 696148.750 645011.438 575626.938 509855.344 454878.156 407691.562 364419.625 321610.062 272660.562 223952.375 177280.688 133868.312 96868.984 65669.773 37197.422 17695.469 5890.118 811.615 49.162 20.224 8.485 3.751 1.551 0.597 0.212 0.058 0.013 0.000 0.000 0.000
0.613 1.590 7.879 1079.665 18337.135 69243.945 145415.938 233795.562 325539.344 418987.125 515755.438 565167.875 614087.625 632574.750 656896.188 678864.688 689250.750 701258.062 707572.562 719272.812 726837.500 737679.125 749376.375 807165.000 893151.125 1022192.375 1068908.125 1083443.500 1110502.500 1142295.750 1147500.875 1155433.625 1138240.500 1112348.375 1056483.750 1016323.000 954232.500 881759.812 835067.188 773560.750 703515.562 644541.875 606466.312 553083.188 492103.438 430931.531 379882.219 337877.062 300590.094 258858.703 212129.109 167037.922 125966.328 90129.219 59901.762 34123.125 16577.896 4862.855 551.276 127.474 53.340 24.913 11.572 5.109 2.085 0.769 0.243 0.051 0.000 0.000 0.000
0.609 1.585 7.898 1079.665 18337.125 69238.453 145344.172 232716.000 323440.344 416717.125 512618.969 559538.688 603771.062 617648.875 642184.312 661877.938 668455.812 677561.750 683004.375 694595.750 695462.438 704683.812 727937.312 807067.062 861444.062 968284.375 1021006.688 1029888.312 1055932.125 1050514.625 1066309.125 1063025.000 1045774.875 1019469.750 965757.125 925801.750 875518.688 795915.750 767564.000 709787.375 634966.188 594225.125 556640.000 504911.375 450687.969 396017.406 349866.688 315043.969 279613.125 236462.359 193819.375 151456.922 112359.234 80597.844 50842.246 30077.848 12953.112 3740.495 339.378 177.961 89.360 45.592 21.973 9.894 4.056 1.446 0.429 0.089 0.000 0.000 0.000
0.580 1.552 7.967 1079.665 18333.361 69119.047 144580.766 229310.703 318009.531 408915.250 491478.750 528179.562 570715.875 580302.688 597611.938 611431.375 612844.625 623300.125 628170.688 631049.938 633802.000 635724.812 676953.875 767466.125 825602.125 908163.312 913914.625 914317.750 917206.125 930773.312 942773.938 929246.625 915405.312 896847.125 836479.062 821188.500 742628.250 718802.188 671519.438 604025.750 564016.938 530030.312 483184.344 437398.438 394257.750 354526.625 320070.781 286370.594 248230.562 207024.297 168223.781 129873.430 97244.523 69773.500 46146.102 24060.615 10365.565 2459.498 418.371 222.234 116.869 58.959 28.497 12.950 5.324 1.858 0.506 0.109 0.000 0.000 0.000
0.000 1.431 7.978 1078.745 18207.062 67894.070 139314.516 219176.500 300368.219 377427.469 441886.156 470670.188 489398.875 503203.531 513098.000 513038.844 518473.094 521284.688 521899.625 522187.938 520554.312 548161.375 602022.250 686531.250 729928.375 773965.188 769995.625 775076.562 775182.125 772074.375 773611.438 766513.188 754854.000 713739.250 708229.750 642838.812 632530.688 589137.438 538795.688 514851.062 479446.688 440484.312 404260.438 371008.812 336269.219 305155.281 273070.688 237455.422 201939.641 170044.094 139760.016 110298.484 83308.227 58026.137 35112.434 18300.652 6700.499 1215.109 454.166 255.490 154.649 72.802 33.540 15.466 6.413 2.214 0.542 0.048 0.000 0.000 0.000
0.000 1.156 7.363 985.753 16793.564 60375.527 119462.547 176524.156 242041.484 303448.406 337185.844 338898.469 347531.125 352800.750 355132.125 353617.188 355631.531 356566.750 355451.594 352148.531 362431.094 395881.281 465723.656 529239.500 568360.750 556707.812 560588.312 568054.625 571594.750 580665.125 582583.438 572619.000 557869.250 539302.125 518878.812 499137.188 467026.812 455454.281 427103.688 394213.625 375939.562 354208.906 326408.375 300519.812 274864.875 246554.781 218323.141 194389.391 168638.062 142223.859 115964.078 89780.062 65872.953 45091.621 26212.477 12357.896 3894.599 600.425 442.120 271.524 183.521 92.702 38.043 17.886 7.457 2.379 0.491 0.061 0.000 0.000 0.000
0.000 0.762 5.079 297.904 7962.468 29217.572 69764.086 98483.422 119344.945 126447.969 131966.031 136539.125 140162.109 143747.344 146972.172 150199.406 153519.234 156708.328 160118.453 163566.969 166645.328 179105.266 210201.250 251914.750 284965.375 311898.344 331121.625 348748.062 362855.094 369940.031 381189.375 381026.969 370745.062 363430.375 352484.906 341107.875 328193.344 320855.281 306529.375 288668.844 273553.500 261572.609 246037.281 227710.016 209125.172 190548.156 170396.750 149333.734 129467.758 109209.266 88657.180 68616.766 48914.211 31875.055 18246.277 7838.344 2074.643 502.994 341.409 233.683 164.242 87.627 35.800 16.812 6.842 1.900 0.151 0.000 0.000 0.000 0.000
0.000 0.000 2.010 15.770 631.548 3180.768 8418.555 13508.671 19153.805 24701.508 29970.803 34696.535 39394.090 43648.355 47520.512 51419.680 54917.723 58346.934 61832.078 65427.887 69200.164 72415.766 74379.922 74785.633 90012.344 110926.828 133059.484 156710.594 179176.000 194244.375 201651.672 213862.203 214182.172 216879.578 213916.828 213349.125 208314.391 203769.578 197173.094 191269.266 184433.469 177074.766 168995.609 159474.453 147880.484 135387.484 122956.273 108814.234 93517.961 78939.125 63409.941 47961.625 33664.621 20897.037 11226.636 3966.591 687.301 412.010 259.942 156.230 114.129 55.347 24.354 11.018 3.947 0.910 0.114 0.000 0.000 0.000 0.000
0.000 0.000 0.000 3.159 19.978 201.894 598.541 1421.925 2784.837 4432.248 6230.010 8121.797 10026.745 11954.226 13875.262 15785.671 17619.695 19495.225 21339.205 23265.350 25303.580 27301.850 29125.875 30624.344 31610.777 32138.637 35153.133 44072.754 54066.914 65266.641 77056.438 89915.492 101481.953 108668.758 113636.875 114732.547 114670.398 115469.609 115216.469 114213.625 112056.430 108915.258 105136.641 100270.281 94427.578 87900.203 81245.367 72189.797 62163.422 52362.859 42070.211 31121.822 20810.027 12129.096 5675.031 1545.657 904.434 309.417 185.582 113.175 73.430 35.012 15.233 6.401 1.905 0.153 0.000 0.000 0.000 0.000 0.000
0.000 0.000 0.000 0.688 3.331 15.173 65.365 209.856 426.838 805.457 1295.255 1866.053 2497.802 3177.529 3887.416 4607.353 5337.146 6089.803 6841.364 7625.399 8477.497 9350.049 10273.693 11174.993 12028.398 12754.778 13343.603 13743.308 13977.036 16279.199 20416.023 25137.605 30171.305 35480.402 40791.988 45911.953 51512.539 56078.512 58001.070 59593.496 59905.375 59533.238 58709.852 57380.961 55121.359 52027.223 48729.344 44420.727 38627.348 32275.514 25215.049 18102.621 11326.206 5644.936 2020.356 331.973 250.617 204.565 129.538 67.294 44.227 23.922 8.840 3.110 0.743 0.098 0.000 0.000 0.000 0.000 0.000
0.000 0.000 0.000 0.000 0.643 2.619 9.485 29.654 77.413 159.365 262.392 404.834 586.286 794.693 1024.792 1269.729 1524.692 1784.974 2053.290 2335.802 2638.458 2970.708 3329.272 3712.229 4109.952 4505.206 4899.280 5262.818 5583.897 5850.233 6067.214 6217.026 7254.449 9043.230 11045.486 13210.486 15450.316 17676.049 19927.904 22222.941 24663.652 27339.088 28485.625 28536.578 28118.699 27511.094 26125.883 23996.205 21523.133 17727.375 13706.825 9534.060 5169.192 4011.567 1259.945 252.975 169.291 129.816 84.819 46.963 24.887 11.946 4.573 1.030 0.159 0.000 0.000 0.000 0.000 0.000 0.000
0.000 0.000 0.000 0.000 0.000 0.000 1.662 5.089 13.072 28.786 55.088 93.017 141.568 195.029 256.548 328.608 410.198 496.636 586.399 680.138 778.913 886.437 1004.351 1136.103 1279.985 1435.143 1599.605 1770.703 1944.539 2116.392 2283.081 2433.342 2568.818 2686.843 2790.263 3034.990 3798.229 4640.334 5542.156 6483.582 7447.737 8451.363 9501.742 10615.875 11996.100 12556.702 12304.783 11723.355 10457.673 8669.177 6492.200 4214.296 1816.735 652.959 192.960 171.247 120.602 88.059 54.489 31.527 14.789 6.495 2.159 0.340 0.000 0.000 0.000 0.000 0.000 0.000 0.000
0.000 0.000 0.000 0.000 0.000 0.000 0.000 0.857 2.351 5.490 11.012 19.251 31.093 46.621 65.616 87.853 111.908 137.937 166.283 196.519 228.754 263.413 298.889 337.435 378.334 427.138 480.092 537.751 601.938 671.231 743.428 816.628 888.896 960.462 1032.159 1102.261 1168.309 1232.085 1292.845 1520.298 1865.070 2244.257 2656.744 3087.283 3548.341 4058.878 4663.707 4793.281 4403.520 3540.851 2506.820 1371.742 329.526 142.135 125.539 121.273 82.854 53.996 31.381 16.771 8.096 3.243 0.906 0.128 0.000 0.000 0.000 0.000 0.000 0.000 0.000
