avaframe/data/avaParabola/Avaflow_Input/prefix_results/prefix_ascii/prefix_tflow0006.asc
ncols 250
nrows 100
xllcenter 997.50
yllcenter -4997.50
cellsize 20.00
NODATA_value -9999.000
[rows 33 to 65 of 100, columns 74 to 147 of 250]
0.000 0.000 0.000 0.000 0.000 0.000 0.000 0.000 0.000 0.000 0.000 0.000 0.000 0.000 0.855 1.031 1.290 1.528 1.741 1.944 2.142 2.347 2.555 2.753 2.909 2.967 2.950 2.950 2.932 2.794 2.649 2.535 2.342 2.263 2.163 1.889 1.462 1.109 0.000 0.000 0.000 0.000 0.000 0.000 0.000 0.000 0.000 0.000 0.000 0.000 0.000 0.000 0.000 0.000 0.000 0.000 0.000 0.000 0.000 0.000 0.000 0.000 0.000 0.000 0.000 0.000 0.000 0.000 0.000 0.000 0.000 0.000 0.000 0.000
0.000 0.000 0.000 0.000 0.000 0.000 0.000 0.000 0.000 0.000 0.000 0.000 0.995 1.300 1.606 2.014 2.540 3.143 3.778 4.449 5.146 5.853 6.570 7.305 8.038 8.692 9.243 9.737 10.204 10.543 10.662 10.577 10.346 9.800 8.898 7.877 6.896 5.645 4.458 3.563 2.848 1.969 1.147 0.000 0.000 0.000 0.000 0.000 0.000 0.000 0.000 0.000 0.000 0.000 0.000 0.000 0.000 0.000 0.000 0.000 0.000 0.000 0.000 0.000 0.000 0.000 0.000 0.000 0.000 0.000 0.000 0.000 0.000 0.000
0.000 0.000 0.000 0.000 0.000 0.000 0.000 0.000 0.000 0.000 0.909 1.343 1.926 2.638 3.430 4.366 5.524 6.929 8.556 10.397 12.442 14.673 17.073 19.642 22.393 25.276 28.170 30.956 33.566 35.869 37.662 38.769 39.132 38.678 35.433 31.871 28.508 25.170 21.698 18.207 14.739 11.476 8.491 6.145 4.418 3.109 2.082 2.017 1.292 0.000 0.000 0.000 0.000 0.000 0.000 0.000 0.000 0.000 0.000 0.000 0.000 0.000 0.000 0.000 0.000 0.000 0.000 0.000 0.000 0.000 0.000 0.000 0.000 0.000
0.000 0.000 0.000 0.000 0.000 0.000 0.000 0.000 0.000 1.078 1.709 2.620 3.827 5.343 7.191 9.434 12.183 15.536 19.534 24.204 29.594 35.753 42.692 50.348 58.684 67.699 77.344 87.393 97.381 106.925 115.679 121.195 121.367 119.875 116.947 112.504 106.948 99.837 90.939 80.616 69.812 59.505 49.973 41.047 32.656 25.189 19.218 14.834 11.494 8.542 5.279 1.141 0.000 0.000 0.000 0.000 0.000 0.000 0.000 0.000 0.000 0.000 0.000 0.000 0.000 0.000 0.000 0.000 0.000 0.000 0.000 0.000 0.000 0.000
0.000 0.000 0.000 0.000 0.000 0.000 0.000 0.000 1.258 2.108 3.395 5.152 7.433 10.421 14.264 19.128 25.216 32.713 41.784 52.575 65.239 79.936 96.807 115.928 137.355 161.230 187.887 217.403 248.351 279.657 298.313 314.556 328.162 338.758 346.089 348.887 346.667 339.900 327.216 310.738 290.580 268.111 243.035 215.465 185.777 155.825 132.585 118.931 111.130 101.793 79.253 31.970 3.092 0.000 0.000 0.000 0.000 0.000 0.000 0.000 0.000 0.000 0.000 0.000 0.000 0.000 0.000 0.000 0.000 0.000 0.000 0.000 0.000 0.000
0.000 0.000 0.000 0.000 0.000 0.000 0.000 1.409 2.471 4.118 6.468 9.657 13.876 19.480 26.842 36.384 48.526 63.665 82.226 104.649 131.361 162.795 199.411 241.702 290.223 345.652 409.254 482.156 558.413 619.196 678.808 737.529 794.674 848.328 896.609 937.670 969.854 993.618 1006.378 1008.509 997.261 975.816 939.864 890.215 827.727 754.699 700.765 676.036 674.897 654.037 568.568 326.491 55.318 1.685 0.000 0.000 0.000 0.000 0.000 0.000 0.000 0.000 0.000 0.000 0.000 0.000 0.000 0.000 0.000 0.000 0.000 0.000 0.000 0.000
0.000 0.000 0.000 0.000 0.000 0.000 1.511 2.751 4.732 7.615 11.661 17.230 24.772 34.899 48.319 65.850 88.307 116.504 151.328 193.793 244.956 305.863 377.662 461.581 559.006 671.587 801.051 950.073 1102.297 1244.790 1393.726 1548.132 1707.387 1870.701 2033.891 2192.526 2347.785 2495.195 2629.369 2743.856 2832.769 2897.207 2927.636 2922.478 2888.560 2825.927 2747.554 2668.805 2732.755 2699.060 2425.655 1718.415 494.089 31.892 0.015 0.000 0.000 0.000 0.000 0.000 0.000 0.000 0.000 0.000 0.000 0.000 0.000 0.000 0.000 0.000 0.000 0.000 0.000 0.000
0.000 0.000 0.000 0.000 0.000 1.527 2.902 5.119 8.419 13.216 19.950 29.257 41.918 58.899 81.373 110.598 147.875 194.577 252.214 322.443 407.080 508.048 627.355 767.120 929.640 1117.509 1333.490 1579.733 1858.066 2168.877 2507.794 2824.719 3163.520 3533.425 3923.828 4323.617 4741.667 5170.912 5598.424 6017.235 6418.111 6793.399 7127.545 7420.290 7682.645 7796.109 7691.688 7577.842 7922.104 7868.296 7123.849 5759.988 2551.114 295.826 1.892 0.000 0.000 0.000 0.000 0.000 0.000 0.000 0.000 0.000 0.000 0.000 0.000 0.000 0.000 0.000 0.000 0.000 0.000 0.000
0.000 0.000 0.000 0.000 1.432 2.789 5.059 8.450 13.444 20.728 30.907 44.876 63.767 88.841 121.574 163.629 216.705 282.644 363.547 461.660 579.409 719.428 884.415 1077.276 1301.012 1558.688 1853.666 2189.295 2568.434 2993.731 3469.079 3996.738 4586.088 5232.535 5866.055 6545.052 7285.743 8077.316 8899.458 9749.898 10630.423 11541.849 12477.274 13434.343 14431.698 15372.030 16002.021 16134.416 17426.898 16996.850 15481.440 13755.272 8338.139 1495.752 15.535 0.000 0.000 0.000 0.000 0.000 0.000 0.000 0.000 0.000 0.000 0.000 0.000 0.000 0.000 0.000 0.000 0.000 0.000 0.000
0.000 0.000 0.000 1.117 2.391 4.441 7.498 11.987 18.646 28.349 41.892 60.271 84.771 116.961 158.650 211.767 278.300 360.422 460.645 581.769 726.778 898.857 1101.298 1337.429 1610.955 1925.682 2285.321 2694.038 3156.020 3674.969 4254.866 4901.360 5622.658 6430.944 7330.251 8322.646 9296.651 10347.882 11469.674 12655.399 13913.532 15256.485 16691.705 18215.213 19822.129 21458.738 23329.133 25663.088 29906.352 27790.604 26288.625 25260.387 19500.301 4872.618 61.964 0.007 0.000 0.000 0.000 0.000 0.000 0.000 0.000 0.000 0.000 0.000 0.000 0.000 0.000 0.000 0.000 0.000 0.000 0.000
0.000 0.000 0.000 1.581 3.361 5.941 9.605 14.981 23.022 34.733 51.064 73.060 102.098 139.943 188.655 250.393 327.354 421.946 536.973 675.591 841.208 1037.312 1267.560 1535.921 1846.478 2203.673 2611.878 3075.135 3598.340 4186.836 4846.126 5582.458 6403.211 7318.250 8332.273 9442.990 10653.769 11978.229 13299.112 14709.254 16252.515 17943.520 19775.504 21718.301 23742.553 25887.182 28904.506 34126.133 36417.402 34063.266 35050.762 35231.109 30841.896 10217.418 115.271 0.005 0.000 0.000 0.000 0.000 0.000 0.000 0.000 0.000 0.000 0.000 0.000 0.000 0.000 0.000 0.000 0.000 0.000 0.000
0.000 0.000 0.000 1.965 4.113 7.091 11.232 17.279 26.354 39.585 58.016 82.723 115.123 157.113 210.927 278.896 363.363 466.880 592.446 743.484 923.612 1136.643 1386.540 1677.411 2013.732 2400.127 2841.511 3343.081 3909.490 4546.125 5259.542 6058.202 6950.732 7940.266 9027.482 10210.981 11494.467 12896.909 14472.685 16079.894 17840.109 19775.477 21859.172 24059.328 26359.039 28993.648 33278.336 40103.445 37757.816 38487.980 43016.242 41817.684 37135.988 14165.101 130.465 0.003 0.000 0.000 0.000 0.000 0.000 0.000 0.000 0.000 0.000 0.000 0.000 0.000 0.000 0.000 0.000 0.000 0.000 0.000
0.000 0.000 0.000 2.219 4.625 7.894 12.387 18.916 28.707 42.993 62.885 89.472 124.188 169.005 226.279 298.466 388.004 497.536 630.169 789.492 979.341 1203.606 1466.401 1772.219 2125.701 2531.654 2995.097 3521.182 4115.535 4784.577 5535.662 6375.500 7309.362 8341.583 9470.800 10698.062 12038.312 13523.110 15190.541 17003.779 18909.275 20997.576 23219.422 25542.773 28005.633 31435.459 36927.359 41709.645 38375.246 43704.859 48261.473 46375.488 40180.547 14821.853 103.034 0.000 0.000 0.000 0.000 0.000 0.000 0.000 0.000 0.000 0.000 0.000 0.000 0.000 0.000 0.000 0.000 0.000 0.000 0.000
0.000 0.000 0.000 2.395 4.934 8.410 13.147 20.005 30.261 45.220 66.048 93.840 130.037 176.646 236.102 310.947 403.682 517.001 654.071 818.567 1014.426 1245.678 1516.523 1831.497 2195.440 2613.332 3090.290 3631.856 4244.000 4933.021 5706.150 6571.055 7530.862 8583.685 9732.112 10991.207 12387.686 13952.366 15700.685 17636.828 19661.857 21769.721 24002.029 26356.877 28926.287 33337.168 40101.043 40715.957 39890.477 49784.773 51709.969 49675.539 43042.016 9431.330 45.958 0.000 0.000 0.000 0.000 0.000 0.000 0.000 0.000 0.000 0.000 0.000 0.000 0.000 0.000 0.000 0.000 0.000 0.000 0.000
0.000 0.000 0.000 2.484 5.101 8.709 13.604 20.672 31.211 46.563 67.933 96.428 133.494 181.154 241.883 318.277 412.884 528.432 668.116 835.648 1035.020 1270.323 1545.832 1866.149 2236.183 2661.014 3145.890 3696.357 4318.685 5019.775 5806.459 6683.128 7651.347 8714.372 9882.440 11179.416 12636.029 14267.091 16062.304 17995.498 20076.145 22192.863 24404.713 26768.715 29534.033 34922.949 42203.434 39960.387 43876.320 53720.691 56880.379 51983.297 44001.016 3564.555 12.572 0.000 0.000 0.000 0.000 0.000 0.000 0.000 0.000 0.000 0.000 0.000 0.000 0.000 0.000 0.000 0.000 0.000 0.000 0.000
0.000 0.000 0.000 2.514 5.175 8.853 13.843 21.036 31.731 47.285 68.925 97.773 135.291 183.503 244.896 322.097 417.691 534.432 675.530 844.709 1045.985 1283.487 1561.533 1884.765 2258.133 2686.773 3176.026 3731.656 4360.024 5067.737 5859.303 6738.108 7707.612 8776.493 9968.937 11313.957 12820.597 14476.229 16261.418 18155.441 20188.693 22354.133 24559.287 26975.285 30141.082 36680.688 43024.961 41320.012 50738.766 57705.910 61882.863 54583.098 38388.992 989.462 0.812 0.000 0.000 0.000 0.000 0.000 0.000 0.000 0.000 0.000 0.000 0.000 0.000 0.000 0.000 0.000 0.000 0.000 0.000 0.000
0.000 0.000 0.000 2.519 5.193 8.899 13.936 21.193 31.965 47.602 69.340 98.319 136.018 184.461 246.127 323.651 419.645 536.891 678.605 848.502 1050.601 1289.048 1568.183 1892.658 2267.437 2697.698 3188.881 3746.894 4378.020 5087.933 5880.946 6757.907 7726.489 8810.471 10043.329 11430.398 12959.236 14603.392 16330.727 18152.379 20169.324 22349.760 24576.600 27075.926 31027.410 38865.008 43533.059 44476.906 58319.172 63225.969 64035.711 59954.699 24775.484 196.805 0.184 0.000 0.000 0.000 0.000 0.000 0.000 0.000 0.000 0.000 0.000 0.000 0.000 0.000 0.000 0.000 0.000 0.000 0.000 0.000
0.000 0.000 0.000 2.511 5.183 8.895 13.948 21.233 32.034 47.689 69.437 98.432 136.168 184.667 246.398 323.993 420.075 537.451 679.341 849.453 1051.792 1290.509 1569.957 1894.792 2269.972 2700.691 3192.475 3751.393 4383.678 5093.836 5882.193 6755.637 7733.838 8854.483 10127.081 11532.540 13039.589 14601.465 16238.240 18049.217 20108.709 22283.951 24600.359 27233.334 32479.258 41204.418 44565.738 50438.145 64591.160 69278.109 65698.914 59901.762 5486.421 29.703 0.044 0.000 0.000 0.000 0.000 0.000 0.000 0.000 0.000 0.000 0.000 0.000 0.000 0.000 0.000 0.000 0.000 0.000 0.000 0.000
0.000 0.000 0.000 2.479 5.131 8.839 13.901 21.198 31.998 47.622 69.315 98.246 135.925 184.369 246.027 323.526 419.508 536.790 678.590 848.592 1050.789 1289.332 1568.574 1893.166 2268.062 2698.500 3190.111 3748.925 4380.313 5086.876 5872.087 6749.344 7755.811 8906.966 10193.589 11574.133 12972.144 14430.489 16040.626 17906.012 20079.803 22268.740 24765.182 27708.018 34203.605 43424.336 46703.254 58784.082 70454.602 73041.523 72914.961 42724.707 775.563 3.833 0.000 0.000 0.000 0.000 0.000 0.000 0.000 0.000 0.000 0.000 0.000 0.000 0.000 0.000 0.000 0.000 0.000 0.000 0.000 0.000
0.000 0.000 0.000 2.410 5.006 8.683 13.739 21.032 31.794 47.311 68.835 97.560 135.019 183.221 244.583 321.717 417.282 534.119 675.427 844.848 1046.337 1284.034 1562.291 1885.743 2259.354 2688.432 3178.648 3735.553 4363.005 5063.584 5848.570 6750.777 7790.525 8958.431 10201.691 11442.062 12738.883 14182.343 15885.044 18015.203 20083.000 22609.389 25328.945 28454.225 35902.000 46135.777 52523.043 68055.617 75557.695 78491.320 69773.500 9200.526 82.297 0.180 0.000 0.000 0.000 0.000 0.000 0.000 0.000 0.000 0.000 0.000 0.000 0.000 0.000 0.000 0.000 0.000 0.000 0.000 0.000 0.000
0.000 0.000 0.000 2.273 4.776 8.370 13.380 20.614 31.259 46.538 67.705 95.990 132.948 180.580 241.259 317.575 412.192 527.969 668.091 836.139 1036.012 1271.829 1547.949 1869.014 2240.007 2666.282 3153.382 3706.200 4328.147 5026.701 5825.176 6754.000 7806.620 8922.687 10023.196 11169.761 12448.092 14050.591 16108.958 18099.627 20736.104 23405.289 25790.727 29076.393 37895.945 51518.621 62014.285 75487.992 79605.055 83308.227 42776.957 930.691 8.061 0.009 0.000 0.000 0.000 0.000 0.000 0.000 0.000 0.000 0.000 0.000 0.000 0.000 0.000 0.000 0.000 0.000 0.000 0.000 0.000 0.000
0.000 0.000 0.000 2.047 4.407 7.836 12.719 19.796 30.177 45.020 65.558 93.059 129.088 175.633 235.021 309.795 402.605 516.306 654.053 819.361 1016.062 1248.257 1520.322 1836.927 2203.082 2624.171 3105.617 3651.953 4268.880 4972.257 5792.902 6724.691 7716.587 8692.780 9703.247 10856.888 12382.242 14329.573 16340.640 19031.996 21232.262 23045.424 25600.967 29083.605 40712.824 59736.414 70420.609 79622.398 85156.922 61703.422 5028.437 68.535 0.190 0.000 0.000 0.000 0.000 0.000 0.000 0.000 0.000 0.000 0.000 0.000 0.000 0.000 0.000 0.000 0.000 0.000 0.000 0.000 0.000 0.000
0.000 0.000 0.000 1.751 3.858 7.016 11.642 18.405 28.306 42.423 61.956 88.194 122.691 167.401 224.598 296.755 386.467 496.543 630.090 790.563 981.739 1207.712 1472.908 1782.030 2140.079 2552.505 3024.916 3563.052 4175.649 4884.671 5696.590 6574.143 7446.542 8345.770 9384.988 10854.097 12713.132 14781.421 17211.611 18948.236 20065.521 21841.180 24417.115 29975.180 48324.676 67420.438 75126.945 81786.594 65388.086 13191.628 321.497 3.750 0.006 0.000 0.000 0.000 0.000 0.000 0.000 0.000 0.000 0.000 0.000 0.000 0.000 0.000 0.000 0.000 0.000 0.000 0.000 0.000 0.000 0.000
0.000 0.000 0.000 1.387 3.110 5.867 10.051 16.278 25.401 38.405 56.432 80.770 112.927 154.789 208.550 276.584 361.390 465.705 592.573 745.387 927.916 1144.251 1398.757 1696.116 2041.393 2440.122 2898.180 3421.461 4020.809 4702.290 5452.074 6231.418 7037.649 7998.342 9324.198 11189.091 13221.288 15141.629 16306.921 16804.801 17649.637 20360.711 22609.596 34890.398 57509.391 68611.570 74178.125 60081.059 19026.576 743.024 15.174 0.049 0.000 0.000 0.000 0.000 0.000 0.000 0.000 0.000 0.000 0.000 0.000 0.000 0.000 0.000 0.000 0.000 0.000 0.000 0.000 0.000 0.000 0.000
0.000 0.000 0.000 0.947 2.198 4.397 7.918 13.324 21.299 32.703 48.600 70.233 99.024 136.726 185.407 247.300 324.766 420.423 537.247 678.580 848.104 1049.738 1287.568 1565.908 1889.484 2263.502 2693.257 3183.226 3735.333 4343.493 4999.522 5719.382 6578.515 7796.625 9408.191 11223.676 12655.396 13140.644 13272.065 13636.959 16073.621 17223.232 25033.080 40887.758 57927.211 62163.422 48564.820 17128.926 972.234 29.934 0.262 0.000 0.000 0.000 0.000 0.000 0.000 0.000 0.000 0.000 0.000 0.000 0.000 0.000 0.000 0.000 0.000 0.000 0.000 0.000 0.000 0.000 0.000 0.000
0.000 0.000 0.000 0.000 1.259 2.739 5.368 9.631 16.051 25.330 38.405 56.416 80.640 112.632 154.255 207.540 274.639 357.976 460.358 584.935 735.002 913.869 1124.860 1371.296 1656.635 1984.605 2358.760 2780.652 3248.311 3765.459 4345.426 5092.977 6138.451 7402.150 8775.879 9491.791 9606.397 9377.255 9521.695 10881.154 12876.318 17595.754 28439.859 41003.598 44420.727 31523.209 9895.264 774.164 32.377 0.697 0.000 0.000 0.000 0.000 0.000 0.000 0.000 0.000 0.000 0.000 0.000 0.000 0.000 0.000 0.000 0.000 0.000 0.000 0.000 0.000 0.000 0.000 0.000 0.000
0.000 0.000 0.000 0.000 0.584 1.314 2.850 5.632 10.116 16.821 26.466 39.981 58.449 83.176 115.701 157.694 210.968 277.624 360.044 460.681 581.782 725.323 893.197 1087.317 1309.603 1562.110 1848.030 2171.629 2543.304 2975.227 3511.841 4200.160 5053.375 5771.063 6045.090 5908.279 5608.887 5645.200 6543.416 8566.240 11296.966 18304.918 25140.236 25229.705 16616.164 3748.174 388.194 22.393 0.787 0.000 0.000 0.000 0.000 0.000 0.000 0.000 0.000 0.000 0.000 0.000 0.000 0.000 0.000 0.000 0.000 0.000 0.000 0.000 0.000 0.000 0.000 0.000 0.000 0.000
0.000 0.000 0.000 0.000 0.000 0.540 1.180 2.504 4.917 8.817 14.673 23.173 35.098 51.379 73.065 101.336 137.519 183.069 239.428 307.659 388.158 481.295 587.526 707.416 842.000 993.978 1170.693 1382.309 1638.610 1938.085 2269.828 2597.968 2835.031 2935.336 2808.913 2630.055 2606.321 3115.133 4452.425 6615.133 9505.672 11996.100 9854.165 4400.107 1039.242 124.083 9.537 0.460 0.000 0.000 0.000 0.000 0.000 0.000 0.000 0.000 0.000 0.000 0.000 0.000 0.000 0.000 0.000 0.000 0.000 0.000 0.000 0.000 0.000 0.000 0.000 0.000 0.000 0.000
0.000 0.000 0.000 0.000 0.000 0.000 0.000 0.895 1.896 3.649 6.479 10.754 16.910 25.434 36.805 51.648 70.663 94.484 123.563 157.901 197.085 240.709 288.723 341.341 399.057 463.418 539.116 633.345 743.083 858.441 957.841 1025.360 1033.861 976.133 914.961 892.589 1019.330 1380.326 2007.651 2656.744 2887.449 2035.858 838.824 210.585 29.017 2.604 0.181 0.000 0.000 0.000 0.000 0.000 0.000 0.000 0.000 0.000 0.000 0.000 0.000 0.000 0.000 0.000 0.000 0.000 0.000 0.000 0.000 0.000 0.000 0.000 0.000 0.000 0.000 0.000
0.000 0.000 0.000 0.000 0.000 0.000 0.000 0.000 0.578 1.180 2.295 4.074 6.698 10.342 15.233 21.552 29.500 39.225 50.718 63.782 78.144 93.582 110.091 127.755 146.712 167.363 190.528 217.550 245.540 268.524 280.838 278.684 266.825 254.393 245.527 254.055 291.753 373.648 464.750 474.974 311.905 130.061 33.737 5.341 0.474 0.030 0.000 0.000 0.000 0.000 0.000 0.000 0.000 0.000 0.000 0.000 0.000 0.000 0.000 0.000 0.000 0.000 0.000 0.000 0.000 0.000 0.000 0.000 0.000 0.000 0.000 0.000 0.000 0.000
0.000 0.000 0.000 0.000 0.000 0.000 0.000 0.000 0.000 0.000 0.588 1.155 1.993 3.267 5.066 7.379 10.163 13.467 17.227 21.322 25.659 30.197 34.930 39.858 44.981 50.285 55.689 60.843 65.265 67.452 66.436 62.770 58.819 55.650 54.453 55.430 59.250 63.048 59.509 39.923 17.160 4.703 0.779 0.080 0.000 0.000 0.000 0.000 0.000 0.000 0.000 0.000 0.000 0.000 0.000 0.000 0.000 0.000 0.000 0.000 0.000 0.000 0.000 0.000 0.000 0.000 0.000 0.000 0.000 0.000 0.000 0.000 0.000 0.000
0.000 0.000 0.000 0.000 0.000 0.000 0.000 0.000 0.000 0.000 0.000 0.000 0.343 0.671 1.216 1.878 2.584 3.463 4.424 5.426 6.449 7.492 8.548 9.612 10.660 11.654 12.515 13.153 13.461 13.267 12.486 11.399 10.386 9.668 9.191 8.758 8.170 6.859 4.476 1.985 0.536 0.084 0.000 0.000 0.000 0.000 0.000 0.000 0.000 0.000 0.000 0.000 0.000 0.000 0.000 0.000 0.000 0.000 0.000 0.000 0.000 0.000 0.000 0.000 0.000 0.000 0.000 0.000 0.000 0.000 0.000 0.000 0.000 0.000
0.000 0.000 0.000 0.000 0.000 0.000 0.000 0.000 0.000 0.000 0.000 0.000 0.000 0.000 0.000 0.271 0.364 0.491 0.639 0.784 0.926 1.066 1.205 1.341 1.467 1.573 1.647 1.684 1.673 1.598 1.452 1.290 1.153 1.047 0.951 0.837 0.678 0.420 0.171 0.045 0.000 0.000 0.000 0.000 0.000 0.000 0.000 0.000 0.000 0.000 0.000 0.000 0.000 0.000 0.000 0.000 0.000 0.000 0.000 0.000 0.000 0.000 0.000 0.000 0.000 0.000 0.000 0.000 0.000 0.000 0.000 0.000 0.000 0.000
