avaframe/data/avaParabola/Avaflow_Input/prefix_results/prefix_ascii/prefix_vflow10010.asc
ncols 250
nrows 100
xllcenter 997.50
yllcenter -4997.50
cellsize 20.00
NODATA_value -9999.000
[rows 34 to 67 of 100, columns 77 to 153 of 250]
0.000 0.000 0.000 0.000 0.000 0.000 0.000 0.000 0.000 0.000 0.000 0.000 0.000 0.000 0.000 0.934 0.998 1.053 1.103 1.150 1.195 1.242 1.289 1.338 1.387 1.434 1.480 1.525 1.568 1.610 1.648 1.685 1.719 1.754 1.794 1.840 1.874 1.862 1.791 1.711 1.618 1.554 1.253 0.409 0.000 0.013 0.028 0.037 0.033 0.019 0.022 0.000 0.000 0.000 0.000 0.000 0.000 0.000 0.000 0.000 0.000 0.000 0.000 0.000 0.000 0.000 0.000 0.000 0.000 0.000 0.000 0.000 0.000 0.000 0.000 0.000 0.000
0.000 0.000 0.000 0.000 0.000 0.000 0.000 0.000 0.000 0.000 0.000 0.000 0.000 0.000 1.002 1.087 1.160 1.227 1.290 1.353 1.414 1.474 1.535 1.596 1.659 1.721 1.784 1.846 1.906 1.963 2.017 2.069 2.120 2.171 2.233 2.307 2.344 2.299 2.243 2.176 2.102 2.062 1.771 0.900 0.214 0.000 0.063 0.083 0.093 0.101 0.103 0.083 0.072 0.000 0.000 0.000 0.000 0.000 0.000 0.000 0.000 0.000 0.000 0.000 0.000 0.000 0.000 0.000 0.000 0.000 0.000 0.000 0.000 0.000 0.000 0.000 0.000
0.000 0.000 0.000 0.000 0.000 0.000 0.000 0.000 0.000 0.000 0.000 0.000 0.000 1.054 1.150 1.236 1.316 1.394 1.472 1.550 1.629 1.708 1.786 1.865 1.943 2.021 2.099 2.177 2.253 2.327 2.399 2.470 2.539 2.611 2.697 2.799 2.808 2.789 2.758 2.717 2.670 2.639 2.428 1.466 0.557 0.000 0.077 0.135 0.161 0.181 0.184 0.155 0.128 0.108 0.000 0.000 0.000 0.000 0.000 0.000 0.000 0.000 0.000 0.000 0.000 0.000 0.000 0.000 0.000 0.000 0.000 0.000 0.000 0.000 0.000 0.000 0.000
0.000 0.000 0.000 0.000 0.000 0.000 0.000 0.000 0.000 0.000 0.000 0.977 1.104 1.207 1.299 1.388 1.477 1.566 1.657 1.750 1.844 1.940 2.036 2.132 2.228 2.322 2.417 2.511 2.605 2.699 2.791 2.883 2.975 3.070 3.178 3.275 3.299 3.315 3.317 3.308 3.292 3.272 3.176 1.922 0.659 0.000 0.076 0.190 0.242 0.278 0.292 0.247 0.202 0.161 0.125 0.000 0.000 0.000 0.000 0.000 0.000 0.000 0.000 0.000 0.000 0.000 0.000 0.000 0.000 0.000 0.000 0.000 0.000 0.000 0.000 0.000 0.000
0.000 0.000 0.000 0.000 0.000 0.000 0.000 0.000 0.000 0.000 1.018 1.151 1.260 1.358 1.453 1.549 1.648 1.750 1.854 1.960 2.069 2.180 2.292 2.405 2.517 2.629 2.741 2.852 2.964 3.076 3.188 3.300 3.413 3.527 3.645 3.752 3.790 3.832 3.868 3.894 3.910 3.921 3.929 2.491 0.868 0.000 0.071 0.219 0.355 0.412 0.429 0.358 0.292 0.233 0.178 0.133 0.000 0.000 0.000 0.000 0.000 0.000 0.000 0.000 0.000 0.000 0.000 0.000 0.000 0.000 0.000 0.000 0.000 0.000 0.000 0.000 0.000
0.000 0.000 0.000 0.000 0.000 0.000 0.000 0.000 0.000 1.041 1.184 1.300 1.405 1.506 1.609 1.717 1.828 1.941 2.056 2.172 2.290 2.409 2.530 2.652 2.774 2.896 3.018 3.140 3.262 3.384 3.507 3.630 3.754 3.877 4.002 4.128 4.260 4.332 4.395 4.449 4.499 4.537 4.631 2.930 0.777 0.000 0.101 0.296 0.504 0.594 0.569 0.479 0.394 0.323 0.255 0.178 0.134 0.000 0.000 0.000 0.000 0.000 0.000 0.000 0.000 0.000 0.000 0.000 0.000 0.000 0.000 0.000 0.000 0.000 0.000 0.000 0.000
0.000 0.000 0.000 0.000 0.000 0.000 0.000 0.000 1.032 1.184 1.306 1.416 1.521 1.628 1.740 1.856 1.975 2.095 2.216 2.337 2.460 2.585 2.711 2.838 2.965 3.093 3.222 3.350 3.479 3.608 3.738 3.868 3.999 4.129 4.260 4.391 4.523 4.660 4.749 4.816 4.882 4.931 5.106 2.626 0.442 0.060 0.150 0.347 0.638 0.706 0.665 0.578 0.499 0.421 0.341 0.255 0.130 0.000 0.000 0.000 0.000 0.000 0.000 0.000 0.000 0.000 0.000 0.000 0.000 0.000 0.000 0.000 0.000 0.000 0.000 0.000 0.000
0.000 0.000 0.000 0.000 0.000 0.000 0.000 0.000 1.153 1.281 1.395 1.502 1.608 1.720 1.837 1.960 2.084 2.209 2.334 2.459 2.585 2.713 2.842 2.973 3.105 3.237 3.369 3.502 3.635 3.768 3.902 4.037 4.172 4.308 4.443 4.579 4.715 4.852 4.995 5.076 5.148 5.192 5.203 1.956 0.019 0.024 0.059 0.150 0.428 0.661 0.732 0.717 0.622 0.499 0.380 0.274 0.190 0.079 0.000 0.000 0.000 0.000 0.000 0.000 0.000 0.000 0.000 0.000 0.000 0.000 0.000 0.000 0.000 0.000 0.000 0.000 0.000
0.000 0.000 0.000 0.000 0.000 0.000 0.000 1.089 1.230 1.350 1.459 1.564 1.672 1.787 1.908 2.035 2.163 2.291 2.419 2.546 2.675 2.805 2.936 3.069 3.204 3.338 3.473 3.609 3.744 3.880 4.016 4.154 4.292 4.430 4.569 4.708 4.847 4.988 5.129 5.263 5.336 5.350 4.937 1.212 0.000 0.065 0.203 0.324 0.482 0.673 0.788 0.741 0.576 0.404 0.276 0.186 0.122 0.047 0.000 0.000 0.000 0.000 0.000 0.000 0.000 0.000 0.000 0.000 0.000 0.000 0.000 0.000 0.000 0.000 0.000 0.000 0.000
0.000 0.000 0.000 0.000 0.000 0.000 0.976 1.150 1.281 1.397 1.504 1.609 1.718 1.834 1.958 2.087 2.218 2.349 2.478 2.607 2.737 2.868 3.001 3.136 3.272 3.408 3.545 3.682 3.819 3.957 4.095 4.234 4.374 4.514 4.655 4.796 4.938 5.080 5.224 5.365 5.465 5.578 4.246 0.655 0.000 0.355 0.550 0.710 0.104 0.018 0.813 0.631 0.465 0.312 0.192 0.125 0.082 0.046 0.023 0.000 0.000 0.000 0.000 0.000 0.000 0.000 0.000 0.000 0.000 0.000 0.000 0.000 0.000 0.000 0.000 0.000 0.000
0.000 0.000 0.000 0.000 0.000 0.000 1.028 1.187 1.314 1.428 1.535 1.640 1.750 1.867 1.993 2.123 2.255 2.388 2.519 2.649 2.780 2.912 3.045 3.181 3.318 3.455 3.593 3.731 3.869 4.008 4.147 4.287 4.428 4.570 4.712 4.854 4.997 5.140 5.285 5.418 5.544 5.798 3.333 0.298 0.218 0.503 0.698 0.713 0.037 0.000 0.661 0.465 0.362 0.205 0.131 0.083 0.055 0.033 0.016 0.000 0.000 0.000 0.000 0.000 0.000 0.000 0.000 0.000 0.000 0.000 0.000 0.000 0.000 0.000 0.000 0.000 0.000
0.000 0.000 0.000 0.000 0.000 0.000 1.057 1.210 1.335 1.449 1.555 1.661 1.771 1.889 2.015 2.146 2.280 2.413 2.545 2.676 2.807 2.940 3.074 3.210 3.347 3.486 3.624 3.763 3.901 4.040 4.180 4.321 4.462 4.605 4.747 4.891 5.034 5.176 5.321 5.435 5.587 5.626 2.265 0.000 0.000 0.004 0.058 0.156 0.134 0.012 0.099 0.139 0.014 0.058 0.059 0.043 0.026 0.016 0.009 0.000 0.000 0.000 0.000 0.000 0.000 0.000 0.000 0.000 0.000 0.000 0.000 0.000 0.000 0.000 0.000 0.000 0.000
0.000 0.000 0.000 0.000 0.000 0.000 1.072 1.223 1.348 1.461 1.568 1.674 1.784 1.903 2.029 2.161 2.295 2.429 2.561 2.693 2.824 2.957 3.091 3.228 3.366 3.504 3.643 3.782 3.921 4.061 4.201 4.342 4.484 4.627 4.770 4.914 5.056 5.197 5.346 5.467 5.592 5.014 1.363 0.000 0.065 0.119 0.136 0.155 0.145 0.083 0.014 0.067 0.000 0.015 0.025 0.017 0.007 0.003 0.002 0.000 0.000 0.000 0.000 0.000 0.000 0.000 0.000 0.000 0.000 0.000 0.000 0.000 0.000 0.000 0.000 0.000 0.000
0.000 0.000 0.000 0.000 0.000 0.000 1.079 1.229 1.354 1.468 1.575 1.681 1.792 1.911 2.037 2.169 2.304 2.438 2.570 2.702 2.834 2.967 3.102 3.238 3.376 3.515 3.654 3.793 3.932 4.072 4.213 4.355 4.497 4.640 4.784 4.926 5.068 5.209 5.361 5.544 5.683 4.317 0.613 0.057 0.205 0.257 0.189 0.174 0.230 0.184 0.028 0.000 0.003 0.002 0.005 0.002 0.000 0.000 0.000 0.000 0.000 0.000 0.000 0.000 0.000 0.000 0.000 0.000 0.000 0.000 0.000 0.000 0.000 0.000 0.000 0.000 0.000
0.000 0.000 0.000 0.000 0.000 0.000 1.082 1.232 1.357 1.471 1.578 1.685 1.796 1.915 2.042 2.174 2.308 2.442 2.575 2.707 2.839 2.972 3.107 3.243 3.381 3.520 3.660 3.799 3.938 4.078 4.219 4.361 4.503 4.646 4.789 4.931 5.073 5.217 5.368 5.600 5.803 3.692 0.416 0.000 0.002 0.000 0.043 0.050 0.019 0.040 0.032 0.033 0.017 0.002 0.005 0.013 0.012 0.007 0.004 0.000 0.000 0.000 0.000 0.000 0.000 0.000 0.000 0.000 0.000 0.000 0.000 0.000 0.000 0.000 0.000 0.000 0.000
0.000 0.000 0.000 0.000 0.000 0.000 1.082 1.232 1.357 1.471 1.579 1.686 1.797 1.916 2.043 2.175 2.309 2.443 2.576 2.708 2.840 2.973 3.108 3.245 3.383 3.522 3.661 3.801 3.940 4.081 4.221 4.363 4.506 4.649 4.791 4.933 5.077 5.225 5.375 5.609 5.910 3.308 0.305 0.000 0.001 0.012 0.017 0.014 0.009 0.003 0.002 0.000 0.000 0.015 0.064 0.067 0.049 0.033 0.016 0.000 0.000 0.000 0.000 0.000 0.000 0.000 0.000 0.000 0.000 0.000 0.000 0.000 0.000 0.000 0.000 0.000 0.000
0.000 0.000 0.000 0.000 0.000 0.000 1.081 1.231 1.357 1.471 1.579 1.686 1.797 1.917 2.044 2.176 2.310 2.443 2.576 2.708 2.840 2.974 3.109 3.245 3.383 3.522 3.662 3.801 3.941 4.081 4.222 4.364 4.506 4.649 4.790 4.934 5.081 5.232 5.377 5.604 5.926 3.193 0.253 0.005 0.010 0.009 0.006 0.004 0.022 0.065 0.000 0.161 0.225 0.204 0.158 0.118 0.083 0.053 0.000 0.000 0.000 0.000 0.000 0.000 0.000 0.000 0.000 0.000 0.000 0.000 0.000 0.000 0.000 0.000 0.000 0.000 0.000
0.000 0.000 0.000 0.000 0.000 0.000 1.078 1.229 1.355 1.469 1.577 1.684 1.796 1.916 2.043 2.175 2.309 2.442 2.575 2.707 2.839 2.972 3.107 3.244 3.382 3.521 3.660 3.800 3.939 4.080 4.221 4.362 4.505 4.646 4.788 4.935 5.084 5.232 5.372 5.588 5.923 3.178 0.245 0.001 0.073 0.142 0.147 0.067 0.038 0.124 0.210 0.294 0.332 0.266 0.211 0.155 0.113 0.054 0.000 0.000 0.000 0.000 0.000 0.000 0.000 0.000 0.000 0.000 0.000 0.000 0.000 0.000 0.000 0.000 0.000 0.000 0.000
0.000 0.000 0.000 0.000 0.000 0.000 1.070 1.222 1.349 1.464 1.573 1.680 1.793 1.913 2.040 2.172 2.306 2.438 2.571 2.702 2.835 2.968 3.104 3.240 3.378 3.517 3.656 3.796 3.935 4.076 4.217 4.359 4.500 4.642 4.786 4.937 5.084 5.222 5.355 5.537 5.901 3.231 0.275 0.001 0.021 0.001 0.007 0.046 0.151 0.293 0.324 0.296 0.325 0.269 0.224 0.185 0.136 0.056 0.000 0.000 0.000 0.000 0.000 0.000 0.000 0.000 0.000 0.000 0.000 0.000 0.000 0.000 0.000 0.000 0.000 0.000 0.000
0.000 0.000 0.000 0.000 0.000 0.000 1.053 1.210 1.338 1.454 1.563 1.672 1.785 1.906 2.034 2.165 2.298 2.430 2.562 2.694 2.826 2.960 3.095 3.232 3.370 3.508 3.648 3.787 3.927 4.067 4.208 4.349 4.490 4.633 4.782 4.932 5.069 5.197 5.337 5.479 5.819 3.497 0.361 0.000 0.110 0.251 0.263 0.119 0.075 0.178 0.205 0.273 0.265 0.233 0.212 0.178 0.132 0.089 0.000 0.000 0.000 0.000 0.000 0.000 0.000 0.000 0.000 0.000 0.000 0.000 0.000 0.000 0.000 0.000 0.000 0.000 0.000
0.000 0.000 0.000 0.000 0.000 0.000 1.024 1.188 1.319 1.437 1.548 1.657 1.772 1.894 2.022 2.152 2.284 2.415 2.547 2.678 2.811 2.945 3.080 3.217 3.354 3.493 3.632 3.771 3.910 4.051 4.191 4.332 4.473 4.620 4.770 4.910 5.039 5.171 5.331 5.454 5.679 4.035 0.498 0.070 0.181 0.252 0.284 0.405 0.393 0.280 0.345 0.403 0.325 0.266 0.224 0.177 0.097 0.000 0.000 0.000 0.000 0.000 0.000 0.000 0.000 0.000 0.000 0.000 0.000 0.000 0.000 0.000 0.000 0.000 0.000 0.000 0.000
0.000 0.000 0.000 0.000 0.000 0.000 0.972 1.153 1.289 1.410 1.523 1.634 1.750 1.872 2.000 2.130 2.260 2.391 2.522 2.653 2.786 2.920 3.055 3.191 3.329 3.467 3.605 3.744 3.884 4.024 4.164 4.305 4.448 4.597 4.740 4.872 5.002 5.158 5.333 5.457 5.632 4.597 0.740 0.041 0.121 0.110 0.135 0.209 0.251 0.372 0.542 0.511 0.449 0.338 0.239 0.163 0.106 0.000 0.000 0.000 0.000 0.000 0.000 0.000 0.000 0.000 0.000 0.000 0.000 0.000 0.000 0.000 0.000 0.000 0.000 0.000 0.000
0.000 0.000 0.000 0.000 0.000 0.000 0.882 1.095 1.243 1.369 1.485 1.599 1.716 1.838 1.966 2.094 2.224 2.353 2.483 2.614 2.747 2.881 3.016 3.152 3.289 3.426 3.564 3.703 3.842 3.981 4.121 4.262 4.407 4.552 4.687 4.818 4.965 5.144 5.302 5.395 5.616 5.134 1.254 0.000 0.016 0.016 0.006 0.000 0.099 0.000 0.099 0.301 0.449 0.347 0.210 0.103 0.000 0.000 0.000 0.000 0.000 0.000 0.000 0.000 0.000 0.000 0.000 0.000 0.000 0.000 0.000 0.000 0.000 0.000 0.000 0.000 0.000
0.000 0.000 0.000 0.000 0.000 0.000 0.743 0.998 1.171 1.308 1.430 1.546 1.664 1.787 1.913 2.041 2.169 2.297 2.427 2.557 2.689 2.822 2.957 3.092 3.227 3.364 3.501 3.639 3.777 3.916 4.055 4.196 4.340 4.478 4.611 4.749 4.916 5.073 5.164 5.245 5.441 5.627 2.213 0.125 0.026 0.000 0.000 0.057 0.280 0.037 0.000 0.239 0.381 0.252 0.157 0.102 0.000 0.000 0.000 0.000 0.000 0.000 0.000 0.000 0.000 0.000 0.000 0.000 0.000 0.000 0.000 0.000 0.000 0.000 0.000 0.000 0.000
0.000 0.000 0.000 0.000 0.000 0.000 0.000 0.845 1.061 1.219 1.350 1.470 1.590 1.712 1.836 1.963 2.089 2.216 2.345 2.474 2.605 2.737 2.870 3.003 3.137 3.272 3.408 3.543 3.680 3.817 3.955 4.094 4.232 4.365 4.495 4.639 4.789 4.890 4.975 5.148 5.365 5.625 3.494 0.615 0.099 0.168 0.422 0.227 0.000 0.033 0.000 0.259 0.325 0.176 0.108 0.000 0.000 0.000 0.000 0.000 0.000 0.000 0.000 0.000 0.000 0.000 0.000 0.000 0.000 0.000 0.000 0.000 0.000 0.000 0.000 0.000 0.000
0.000 0.000 0.000 0.000 0.000 0.000 0.000 0.000 0.890 1.087 1.233 1.362 1.483 1.604 1.727 1.851 1.976 2.102 2.229 2.356 2.485 2.614 2.744 2.874 3.005 3.136 3.268 3.400 3.532 3.664 3.797 3.929 4.056 4.178 4.301 4.431 4.552 4.671 4.859 5.150 5.349 5.433 4.755 1.247 0.175 0.179 0.115 0.172 0.056 0.057 0.073 0.159 0.247 0.118 0.000 0.000 0.000 0.000 0.000 0.000 0.000 0.000 0.000 0.000 0.000 0.000 0.000 0.000 0.000 0.000 0.000 0.000 0.000 0.000 0.000 0.000 0.000
0.000 0.000 0.000 0.000 0.000 0.000 0.000 0.000 0.694 0.892 1.065 1.207 1.333 1.452 1.572 1.695 1.819 1.943 2.066 2.189 2.313 2.436 2.560 2.684 2.808 2.932 3.056 3.178 3.300 3.422 3.543 3.659 3.768 3.873 3.987 4.114 4.257 4.479 4.789 5.024 5.059 5.249 5.165 2.044 0.355 0.137 0.227 0.339 0.000 0.117 0.122 0.135 0.137 0.085 0.000 0.000 0.000 0.000 0.000 0.000 0.000 0.000 0.000 0.000 0.000 0.000 0.000 0.000 0.000 0.000 0.000 0.000 0.000 0.000 0.000 0.000 0.000
0.000 0.000 0.000 0.000 0.000 0.000 0.000 0.000 0.000 0.687 0.849 0.995 1.124 1.242 1.361 1.482 1.604 1.723 1.839 1.953 2.065 2.178 2.291 2.402 2.513 2.621 2.728 2.831 2.933 3.033 3.129 3.220 3.310 3.411 3.553 3.727 3.925 4.177 4.376 4.337 4.194 4.424 4.367 2.410 0.672 0.169 0.195 0.282 0.086 0.164 0.139 0.103 0.079 0.000 0.000 0.000 0.000 0.000 0.000 0.000 0.000 0.000 0.000 0.000 0.000 0.000 0.000 0.000 0.000 0.000 0.000 0.000 0.000 0.000 0.000 0.000 0.000
0.000 0.000 0.000 0.000 0.000 0.000 0.000 0.000 0.000 0.000 0.649 0.781 0.892 1.006 1.121 1.231 1.336 1.435 1.531 1.626 1.723 1.819 1.913 2.004 2.093 2.179 2.262 2.342 2.420 2.495 2.568 2.639 2.714 2.813 2.981 3.165 3.313 3.392 3.381 3.278 3.228 3.533 3.512 2.085 0.736 0.176 0.108 0.054 0.091 0.152 0.086 0.063 0.000 0.000 0.000 0.000 0.000 0.000 0.000 0.000 0.000 0.000 0.000 0.000 0.000 0.000 0.000 0.000 0.000 0.000 0.000 0.000 0.000 0.000 0.000 0.000 0.000
0.000 0.000 0.000 0.000 0.000 0.000 0.000 0.000 0.000 0.000 0.000 0.598 0.678 0.763 0.877 0.972 1.051 1.123 1.198 1.285 1.372 1.453 1.528 1.599 1.668 1.734 1.798 1.858 1.915 1.969 2.022 2.075 2.131 2.204 2.315 2.402 2.448 2.459 2.451 2.417 2.435 2.753 2.711 1.541 0.430 0.337 0.072 0.100 0.094 0.079 0.049 0.000 0.000 0.000 0.000 0.000 0.000 0.000 0.000 0.000 0.000 0.000 0.000 0.000 0.000 0.000 0.000 0.000 0.000 0.000 0.000 0.000 0.000 0.000 0.000 0.000 0.000
0.000 0.000 0.000 0.000 0.000 0.000 0.000 0.000 0.000 0.000 0.000 0.000 0.000 0.537 0.627 0.700 0.751 0.787 0.861 0.952 1.038 1.104 1.157 1.206 1.257 1.311 1.359 1.401 1.441 1.478 1.513 1.547 1.583 1.626 1.679 1.709 1.720 1.721 1.719 1.724 1.765 1.972 1.914 1.045 0.142 0.032 0.081 0.093 0.054 0.024 0.000 0.000 0.000 0.000 0.000 0.000 0.000 0.000 0.000 0.000 0.000 0.000 0.000 0.000 0.000 0.000 0.000 0.000 0.000 0.000 0.000 0.000 0.000 0.000 0.000 0.000 0.000
0.000 0.000 0.000 0.000 0.000 0.000 0.000 0.000 0.000 0.000 0.000 0.000 0.000 0.000 0.000 0.000 0.433 0.451 0.544 0.648 0.723 0.769 0.799 0.816 0.863 0.908 0.941 0.969 0.994 1.017 1.038 1.057 1.076 1.096 1.113 1.122 1.126 1.127 1.131 1.144 1.178 1.272 1.216 0.620 0.000 0.020 0.041 0.044 0.000 0.000 0.000 0.000 0.000 0.000 0.000 0.000 0.000 0.000 0.000 0.000 0.000 0.000 0.000 0.000 0.000 0.000 0.000 0.000 0.000 0.000 0.000 0.000 0.000 0.000 0.000 0.000 0.000
0.000 0.000 0.000 0.000 0.000 0.000 0.000 0.000 0.000 0.000 0.000 0.000 0.000 0.000 0.000 0.000 0.000 0.000 0.000 0.000 0.413 0.437 0.449 0.442 0.482 0.513 0.532 0.547 0.561 0.572 0.582 0.591 0.599 0.605 0.610 0.612 0.614 0.615 0.619 0.628 0.646 0.674 0.671 0.254 0.052 0.010 0.021 0.000 0.000 0.000 0.000 0.000 0.000 0.000 0.000 0.000 0.000 0.000 0.000 0.000 0.000 0.000 0.000 0.000 0.000 0.000 0.000 0.000 0.000 0.000 0.000 0.000 0.000 0.000 0.000 0.000 0.000
0.000 0.000 0.000 0.000 0.000 0.000 0.000 0.000 0.000 0.000 0.000 0.000 0.000 0.000 0.000 0.000 0.000 0.000 0.000 0.000 0.000 0.000 0.000 0.000 0.000 0.000 0.000 0.000 0.000 0.000 0.000 0.000 0.000 0.000 0.000 0.000 0.000 0.000 0.000 0.000 0.000 0.241 0.236 0.067 0.000 0.000 0.000 0.000 0.000 0.000 0.000 0.000 0.000 0.000 0.000 0.000 0.000 0.000 0.000 0.000 0.000 0.000 0.000 0.000 0.000 0.000 0.000 0.000 0.000 0.000 0.000 0.000 0.000 0.000 0.000 0.000 0.000
