avaframe/data/avaParabola/Avaflow_Input/prefix_results/prefix_ascii/prefix_tflow0010.asc
ncols 250
nrows 100
xllcenter 997.50
yllcenter -4997.50
cellsize 20.00
NODATA_value -9999.000
[rows 33 to 65 of 100, columns 75 to 149 of 250]
0.000 0.000 0.000 0.000 0.000 0.000 0.000 0.000 0.000 0.000 0.000 0.000 0.000 0.000 0.000 0.000 0.000 0.000 0.000 1.138 1.403 1.640 1.934 2.281 2.721 3.245 3.784 4.274 4.711 5.103 5.461 5.752 5.984 6.200 6.461 6.735 7.030 7.380 7.665 7.796 7.430 6.560 5.546 4.897 3.264 0.160 0.001 0.001 0.000 0.000 0.000 0.030 0.000 0.000 0.000 0.000 0.000 0.000 0.000 0.000 0.000 0.000 0.000 0.000 0.000 0.000 0.000 0.000 0.000 0.000 0.000 0.000 0.000 0.000 0.000
0.000 0.000 0.000 0.000 0.000 0.000 0.000 0.000 0.000 0.000 0.000 0.000 0.000 0.000 0.000 0.000 0.000 1.405 2.002 2.576 3.127 3.701 4.324 5.043 5.881 6.867 7.990 9.174 10.362 11.542 12.726 13.936 15.166 16.393 17.623 18.903 20.376 22.134 23.773 24.070 22.515 20.502 17.973 16.540 12.586 1.678 0.000 0.002 0.007 0.010 0.007 0.002 0.001 0.000 0.000 0.000 0.000 0.000 0.000 0.000 0.000 0.000 0.000 0.000 0.000 0.000 0.000 0.000 0.000 0.000 0.000 0.000 0.000 0.000 0.000
0.000 0.000 0.000 0.000 0.000 0.000 0.000 0.000 0.000 0.000 0.000 0.000 0.000 0.000 0.000 0.000 1.787 2.891 3.958 5.061 6.235 7.509 8.913 10.478 12.257 14.290 16.617 19.231 22.105 25.217 28.519 31.982 35.574 39.257 43.033 47.009 51.753 57.790 62.788 62.631 60.938 57.954 54.193 52.935 46.391 16.677 1.073 0.000 0.081 0.126 0.136 0.124 0.079 0.027 0.009 0.000 0.000 0.000 0.000 0.000 0.000 0.000 0.000 0.000 0.000 0.000 0.000 0.000 0.000 0.000 0.000 0.000 0.000 0.000 0.000
0.000 0.000 0.000 0.000 0.000 0.000 0.000 0.000 0.000 0.000 0.000 0.000 0.000 0.000 0.000 2.186 3.571 5.177 6.911 8.827 11.004 13.505 16.377 19.660 23.402 27.654 32.470 37.917 44.057 50.908 58.387 66.376 74.834 83.752 93.156 103.332 115.619 131.846 141.562 146.849 149.263 149.230 147.744 148.779 148.770 82.970 15.701 0.000 0.271 0.765 0.950 0.956 0.639 0.247 0.082 0.025 0.000 0.000 0.000 0.000 0.000 0.000 0.000 0.000 0.000 0.000 0.000 0.000 0.000 0.000 0.000 0.000 0.000 0.000 0.000
0.000 0.000 0.000 0.000 0.000 0.000 0.000 0.000 0.000 0.000 0.000 0.000 0.000 1.333 2.576 4.320 6.323 8.599 11.233 14.339 18.019 22.393 27.584 33.693 40.798 48.961 58.235 68.714 80.528 93.786 108.526 124.707 142.323 161.425 182.148 205.041 232.339 263.151 287.876 310.124 327.949 341.840 352.542 362.459 396.874 244.673 43.314 0.000 0.570 3.228 4.662 5.017 3.751 1.503 0.503 0.144 0.034 0.000 0.000 0.000 0.000 0.000 0.000 0.000 0.000 0.000 0.000 0.000 0.000 0.000 0.000 0.000 0.000 0.000 0.000
0.000 0.000 0.000 0.000 0.000 0.000 0.000 0.000 0.000 0.000 0.000 0.000 1.504 2.994 5.117 7.588 10.376 13.670 17.662 22.532 28.449 35.606 44.232 54.546 66.725 80.908 97.199 115.730 136.713 160.391 186.982 216.699 249.730 286.298 326.717 371.496 422.453 480.007 529.761 584.728 637.309 685.027 728.218 770.002 876.686 624.989 134.871 0.000 0.962 8.395 20.082 22.691 17.396 6.963 2.374 0.702 0.170 0.034 0.000 0.000 0.000 0.000 0.000 0.000 0.000 0.000 0.000 0.000 0.000 0.000 0.000 0.000 0.000 0.000 0.000
0.000 0.000 0.000 0.000 0.000 0.000 0.000 0.000 0.000 0.000 0.000 1.577 3.360 5.914 8.831 12.153 16.115 20.999 27.068 34.558 43.681 54.705 67.983 83.867 102.664 124.666 150.125 179.271 212.397 249.873 292.103 339.533 392.649 451.927 517.857 591.045 672.333 763.952 870.879 967.656 1067.819 1168.015 1269.139 1365.818 1585.156 1251.207 176.517 0.000 3.448 27.558 74.399 89.193 60.412 25.464 9.052 2.875 0.761 0.141 0.026 0.000 0.000 0.000 0.000 0.000 0.000 0.000 0.000 0.000 0.000 0.000 0.000 0.000 0.000 0.000 0.000
0.000 0.000 0.000 0.000 0.000 0.000 0.000 0.000 0.000 0.000 1.510 3.388 6.239 9.481 13.192 17.655 23.176 30.117 38.811 49.502 62.433 77.918 96.361 118.217 143.934 173.947 208.669 248.469 293.736 344.928 402.599 467.389 539.967 620.999 711.106 810.857 920.920 1042.288 1176.719 1330.048 1474.552 1618.787 1771.495 1915.182 2329.714 1473.544 83.580 1.757 11.668 61.704 200.452 218.468 150.265 70.496 28.081 9.614 2.747 0.606 0.054 0.000 0.000 0.000 0.000 0.000 0.000 0.000 0.000 0.000 0.000 0.000 0.000 0.000 0.000 0.000 0.000
0.000 0.000 0.000 0.000 0.000 0.000 0.000 0.000 0.000 0.000 3.043 5.903 9.205 12.973 17.488 23.082 30.195 39.235 50.511 64.246 80.678 100.159 123.189 150.333 182.149 219.189 261.962 310.938 366.607 429.535 500.387 579.919 668.975 768.410 878.965 1001.302 1136.067 1284.147 1446.939 1625.864 1829.043 2009.963 2200.381 2367.582 2975.125 1179.044 0.206 0.380 2.579 17.275 137.921 302.704 302.446 191.213 78.215 24.661 6.364 1.328 0.228 0.012 0.000 0.000 0.000 0.000 0.000 0.000 0.000 0.000 0.000 0.000 0.000 0.000 0.000 0.000 0.000
0.000 0.000 0.000 0.000 0.000 0.000 0.000 0.000 0.000 2.157 4.974 8.171 11.796 16.068 21.275 27.861 36.347 47.177 60.646 76.959 96.343 119.159 145.952 177.388 214.146 256.881 306.190 362.596 426.621 498.867 580.066 671.133 773.065 886.801 1013.224 1153.122 1307.218 1476.526 1662.508 1866.734 2090.422 2332.584 2546.338 2689.872 3452.058 616.784 0.000 3.665 40.796 108.434 239.801 447.728 527.573 328.272 110.762 27.356 5.825 1.079 0.172 0.008 0.000 0.000 0.000 0.000 0.000 0.000 0.000 0.000 0.000 0.000 0.000 0.000 0.000 0.000 0.000
0.000 0.000 0.000 0.000 0.000 0.000 0.000 0.000 1.308 3.480 6.575 9.965 13.903 18.593 24.369 31.753 41.323 53.553 68.748 87.094 108.803 134.232 163.936 198.641 239.126 286.150 340.386 402.397 472.715 551.977 640.950 740.541 851.873 976.106 1114.187 1266.949 1435.258 1620.333 1823.756 2046.566 2291.334 2555.370 2805.826 3075.631 3432.254 231.997 0.000 135.603 370.258 646.782 13.910 0.405 722.661 320.714 100.375 23.172 4.049 0.714 0.114 0.012 0.001 0.000 0.000 0.000 0.000 0.000 0.000 0.000 0.000 0.000 0.000 0.000 0.000 0.000 0.000
0.000 0.000 0.000 0.000 0.000 0.000 0.000 0.000 1.799 4.531 7.714 11.301 15.505 20.527 26.744 34.726 45.090 58.343 74.806 94.664 118.105 145.461 177.296 214.362 257.512 307.588 365.331 431.342 506.147 590.367 684.829 790.538 908.597 1040.206 1186.470 1348.298 1526.692 1722.940 1938.505 2173.812 2432.517 2703.785 2986.256 3582.047 2908.974 59.594 47.604 319.165 694.583 757.446 2.052 0.000 556.933 204.899 71.999 11.872 2.236 0.377 0.062 0.007 0.000 0.000 0.000 0.000 0.000 0.000 0.000 0.000 0.000 0.000 0.000 0.000 0.000 0.000 0.000
0.000 0.000 0.000 0.000 0.000 0.000 0.000 0.000 2.284 5.219 8.482 12.234 16.647 21.923 28.466 36.871 47.782 61.737 79.076 99.985 124.639 153.351 186.670 225.367 270.341 322.495 382.625 451.360 529.235 616.810 714.880 824.570 947.095 1083.635 1235.330 1403.210 1588.353 1791.915 2014.882 2257.692 2524.626 2784.607 3092.415 3936.571 1868.696 0.000 0.000 0.028 5.369 40.090 29.292 0.218 13.550 19.974 0.110 1.028 0.493 0.107 0.015 0.002 0.000 0.000 0.000 0.000 0.000 0.000 0.000 0.000 0.000 0.000 0.000 0.000 0.000 0.000 0.000
0.000 0.000 0.000 0.000 0.000 0.000 0.000 0.000 2.638 5.636 8.970 12.843 17.408 22.867 29.638 38.327 49.596 64.002 81.905 103.495 128.937 158.535 192.828 232.592 278.748 332.236 393.886 464.359 544.197 634.019 734.597 846.877 972.162 1111.856 1267.132 1439.004 1628.509 1836.519 2063.474 2309.785 2583.374 2856.608 3117.771 3988.776 921.138 0.000 5.285 21.929 31.573 42.267 36.814 11.409 0.303 4.820 0.000 0.070 0.091 0.017 0.001 0.000 0.000 0.000 0.000 0.000 0.000 0.000 0.000 0.000 0.000 0.000 0.000 0.000 0.000 0.000 0.000
0.000 0.000 0.000 0.000 0.000 0.000 0.000 0.000 2.821 5.862 9.250 13.204 17.869 23.451 30.371 39.243 50.733 65.410 83.644 105.633 131.544 161.678 196.572 236.997 283.883 338.185 400.755 472.274 553.297 644.417 746.492 860.591 987.859 1129.563 1287.078 1461.513 1653.647 1864.023 2092.948 2341.289 2619.790 2964.405 3257.683 3822.532 229.526 3.251 57.249 107.493 63.780 55.159 95.920 58.856 1.170 0.000 0.006 0.002 0.004 0.000 0.000 0.000 0.000 0.000 0.000 0.000 0.000 0.000 0.000 0.000 0.000 0.000 0.000 0.000 0.000 0.000 0.000
0.000 0.000 0.000 0.000 0.000 0.000 0.000 0.000 2.886 5.964 9.386 13.387 18.110 23.763 30.774 39.756 51.376 66.203 84.610 106.800 132.950 163.371 198.603 239.413 286.726 341.496 404.587 476.694 558.394 650.293 753.155 868.017 996.227 1139.121 1297.913 1473.614 1666.823 1877.986 2108.060 2359.326 2638.794 3041.266 3493.609 3352.048 118.031 0.000 0.006 0.000 3.434 4.617 0.675 2.791 1.591 1.150 0.182 0.001 0.003 0.010 0.003 0.000 0.000 0.000 0.000 0.000 0.000 0.000 0.000 0.000 0.000 0.000 0.000 0.000 0.000 0.000 0.000
0.000 0.000 0.000 0.000 0.000 0.000 0.000 0.000 2.904 5.995 9.432 13.454 18.204 23.891 30.947 39.987 51.677 66.578 85.058 107.321 133.557 164.090 199.470 240.466 287.990 342.984 406.308 478.668 560.662 652.898 756.231 871.644 1000.237 1143.511 1302.829 1478.973 1672.360 1883.742 2115.585 2371.590 2653.395 3059.157 3696.452 2986.660 67.062 0.000 0.003 0.227 0.509 0.392 0.142 0.012 0.004 0.000 0.000 0.062 0.547 0.241 0.047 0.007 0.000 0.000 0.000 0.000 0.000 0.000 0.000 0.000 0.000 0.000 0.000 0.000 0.000 0.000 0.000
0.000 0.000 0.000 0.000 0.000 0.000 0.000 0.000 2.901 5.993 9.433 13.459 18.217 23.915 30.986 40.050 51.771 66.702 85.202 107.475 133.717 164.267 199.686 240.745 288.350 343.430 406.832 479.268 561.351 653.715 757.124 872.665 1001.631 1145.229 1304.658 1480.656 1673.656 1885.590 2120.685 2381.615 2664.643 3061.717 3729.023 2901.630 47.075 0.030 0.139 0.127 0.069 0.037 0.903 7.435 0.000 25.694 27.503 11.153 2.951 0.653 0.112 0.014 0.000 0.000 0.000 0.000 0.000 0.000 0.000 0.000 0.000 0.000 0.000 0.000 0.000 0.000 0.000
0.000 0.000 0.000 0.000 0.000 0.000 0.000 0.000 2.877 5.957 9.391 13.415 18.170 23.868 30.945 40.019 51.750 66.680 85.159 107.393 133.590 164.102 199.499 240.554 288.161 343.233 406.607 478.998 561.034 653.368 756.813 872.338 1001.180 1144.786 1304.143 1479.563 1672.219 1886.030 2123.547 2385.095 2666.309 3047.447 3718.378 2884.061 44.430 0.002 7.798 34.233 39.601 8.224 2.663 26.189 61.794 78.857 53.439 16.277 4.364 0.894 0.157 0.010 0.000 0.000 0.000 0.000 0.000 0.000 0.000 0.000 0.000 0.000 0.000 0.000 0.000 0.000 0.000
0.000 0.000 0.000 0.000 0.000 0.000 0.000 0.000 2.809 5.857 9.271 13.276 18.015 23.701 30.775 39.853 51.579 66.472 84.867 106.977 133.036 163.417 198.708 239.677 287.196 342.146 405.346 477.518 559.316 651.408 754.641 870.129 998.965 1142.216 1300.780 1475.503 1668.959 1886.070 2124.568 2378.760 2648.954 2986.052 3670.061 2899.097 55.578 0.001 0.642 0.002 0.081 3.837 40.133 138.325 135.313 69.563 43.213 13.608 3.809 0.926 0.158 0.007 0.000 0.000 0.000 0.000 0.000 0.000 0.000 0.000 0.000 0.000 0.000 0.000 0.000 0.000 0.000
0.000 0.000 0.000 0.000 0.000 0.000 0.000 0.000 2.665 5.651 9.024 12.986 17.681 23.330 30.375 39.427 51.106 65.892 84.098 105.953 131.730 161.839 196.885 237.629 284.908 339.558 402.374 474.094 555.401 646.994 749.710 864.623 992.855 1135.255 1292.628 1466.907 1662.832 1880.489 2114.054 2356.221 2620.698 2905.277 3503.003 3150.625 92.267 0.000 17.008 101.292 117.653 24.321 9.469 47.371 48.000 49.660 23.130 7.777 2.481 0.600 0.099 0.011 0.000 0.000 0.000 0.000 0.000 0.000 0.000 0.000 0.000 0.000 0.000 0.000 0.000 0.000 0.000
0.000 0.000 0.000 0.000 0.000 0.000 0.000 0.000 2.380 5.287 8.595 12.479 17.093 22.659 29.626 38.590 50.133 64.689 82.548 103.966 129.264 158.895 193.473 233.747 280.508 334.541 396.617 467.486 547.866 638.477 740.152 853.907 980.705 1121.342 1277.282 1452.051 1648.033 1861.079 2084.164 2318.873 2590.001 2859.424 3267.425 3688.912 163.771 5.055 43.662 96.864 128.770 262.793 237.158 106.083 115.824 86.382 26.224 7.314 1.896 0.386 0.033 0.000 0.000 0.000 0.000 0.000 0.000 0.000 0.000 0.000 0.000 0.000 0.000 0.000 0.000 0.000 0.000
0.000 0.000 0.000 0.000 0.000 0.000 0.000 0.000 1.907 4.704 7.920 11.683 16.163 21.586 28.392 37.159 48.425 62.573 79.876 100.620 125.182 154.048 187.837 227.273 273.097 326.043 386.857 456.289 535.083 623.977 723.782 835.514 960.180 1098.617 1253.085 1427.153 1618.332 1822.533 2036.374 2279.157 2566.555 2855.592 3184.252 3979.926 319.235 1.611 18.025 16.728 26.479 62.971 86.612 160.339 225.655 101.736 34.998 7.801 1.369 0.195 0.021 0.000 0.000 0.000 0.000 0.000 0.000 0.000 0.000 0.000 0.000 0.000 0.000 0.000 0.000 0.000 0.000
0.000 0.000 0.000 0.000 0.000 0.000 0.000 0.000 1.307 3.827 6.928 10.518 14.805 19.998 26.523 34.933 45.718 59.220 75.700 95.474 118.965 146.686 179.245 217.336 261.646 312.859 371.693 438.898 515.229 601.431 698.312 806.778 927.895 1063.126 1214.884 1383.882 1567.157 1759.941 1974.826 2234.474 2523.750 2793.923 3169.286 3898.062 747.277 0.000 0.303 0.301 0.041 0.000 11.455 0.000 5.388 23.767 22.240 4.956 0.602 0.042 0.000 0.000 0.000 0.000 0.000 0.000 0.000 0.000 0.000 0.000 0.000 0.000 0.000 0.000 0.000 0.000 0.000
0.000 0.000 0.000 0.000 0.000 0.000 0.000 0.000 0.757 2.617 5.555 8.920 12.935 17.798 23.884 31.717 41.753 54.305 69.626 88.055 110.043 136.105 166.831 202.868 244.846 293.400 349.222 413.049 485.643 567.763 660.172 763.724 879.607 1009.315 1154.681 1314.760 1486.602 1672.285 1892.788 2141.097 2381.558 2610.427 2908.354 3683.493 1724.033 12.080 0.686 0.000 0.000 3.536 75.491 0.932 0.000 9.056 9.188 1.433 0.175 0.020 0.000 0.000 0.000 0.000 0.000 0.000 0.000 0.000 0.000 0.000 0.000 0.000 0.000 0.000 0.000 0.000 0.000
0.000 0.000 0.000 0.000 0.000 0.000 0.000 0.000 0.000 1.328 3.789 6.878 10.517 14.921 20.388 27.383 36.342 47.578 61.342 77.973 97.919 121.674 149.783 182.839 221.423 266.104 317.535 376.433 443.507 519.466 605.135 701.407 809.303 930.197 1064.393 1210.867 1367.662 1544.152 1745.369 1950.218 2149.784 2385.158 2672.584 3162.411 2972.901 243.111 8.353 25.631 162.542 43.767 0.000 0.475 0.000 5.804 3.443 0.341 0.038 0.000 0.000 0.000 0.000 0.000 0.000 0.000 0.000 0.000 0.000 0.000 0.000 0.000 0.000 0.000 0.000 0.000 0.000
0.000 0.000 0.000 0.000 0.000 0.000 0.000 0.000 0.000 0.000 1.907 4.493 7.622 11.401 16.057 21.946 29.481 38.998 50.759 65.077 82.355 103.024 127.563 156.493 190.319 229.563 274.815 326.709 385.890 452.957 528.508 613.372 708.704 814.824 930.684 1055.270 1189.196 1339.024 1505.114 1688.599 1905.946 2215.738 2558.391 2866.894 3777.459 747.210 20.965 22.691 9.305 18.152 1.383 0.739 0.552 1.061 0.917 0.067 0.000 0.000 0.000 0.000 0.000 0.000 0.000 0.000 0.000 0.000 0.000 0.000 0.000 0.000 0.000 0.000 0.000 0.000 0.000
0.000 0.000 0.000 0.000 0.000 0.000 0.000 0.000 0.000 0.000 0.733 2.128 4.522 7.472 11.119 15.666 21.475 28.919 38.266 49.736 63.652 80.348 100.207 123.671 151.143 183.027 219.811 261.969 309.924 364.095 424.907 492.915 568.633 651.242 739.528 832.936 936.551 1056.711 1201.087 1402.992 1688.990 2011.967 2290.580 2659.969 3288.183 1305.594 63.209 9.585 25.303 44.173 0.000 1.520 0.713 0.334 0.116 0.013 0.000 0.000 0.000 0.000 0.000 0.000 0.000 0.000 0.000 0.000 0.000 0.000 0.000 0.000 0.000 0.000 0.000 0.000 0.000
0.000 0.000 0.000 0.000 0.000 0.000 0.000 0.000 0.000 0.000 0.000 0.766 1.937 3.786 6.206 9.250 13.180 18.328 24.961 33.157 43.070 54.921 69.002 85.639 105.106 127.646 153.503 182.868 215.872 252.649 293.355 338.133 386.960 439.306 494.899 557.530 639.270 745.228 880.209 1067.150 1296.757 1456.407 1498.541 1690.421 1800.353 1115.041 148.380 9.682 11.387 16.648 0.808 1.301 0.376 0.074 0.014 0.000 0.000 0.000 0.000 0.000 0.000 0.000 0.000 0.000 0.000 0.000 0.000 0.000 0.000 0.000 0.000 0.000 0.000 0.000 0.000
0.000 0.000 0.000 0.000 0.000 0.000 0.000 0.000 0.000 0.000 0.000 0.000 0.672 1.484 2.658 4.314 6.540 9.464 13.239 17.889 23.477 30.182 38.185 47.625 58.587 71.136 85.328 101.188 118.681 137.768 158.457 180.766 204.663 230.143 257.790 292.496 349.077 427.020 514.603 598.083 672.885 694.722 661.474 741.127 814.869 525.828 104.569 5.945 1.872 0.280 0.364 0.431 0.052 0.009 0.000 0.000 0.000 0.000 0.000 0.000 0.000 0.000 0.000 0.000 0.000 0.000 0.000 0.000 0.000 0.000 0.000 0.000 0.000 0.000 0.000
0.000 0.000 0.000 0.000 0.000 0.000 0.000 0.000 0.000 0.000 0.000 0.000 0.000 0.509 0.946 1.562 2.623 4.001 5.651 7.600 9.983 13.052 16.798 21.144 26.066 31.579 37.706 44.479 51.803 59.616 67.895 76.649 85.916 95.776 106.745 120.804 143.070 173.074 202.706 224.071 233.191 225.249 215.133 266.382 315.769 177.300 18.304 10.689 0.355 0.357 0.137 0.039 0.005 0.000 0.000 0.000 0.000 0.000 0.000 0.000 0.000 0.000 0.000 0.000 0.000 0.000 0.000 0.000 0.000 0.000 0.000 0.000 0.000 0.000 0.000
0.000 0.000 0.000 0.000 0.000 0.000 0.000 0.000 0.000 0.000 0.000 0.000 0.000 0.000 0.000 0.447 0.771 1.268 1.796 2.312 3.153 4.395 5.998 7.734 9.535 11.456 13.645 16.134 18.735 21.423 24.188 27.029 29.963 33.038 36.396 40.532 46.242 52.802 57.581 59.925 60.297 60.230 61.371 77.835 93.618 43.511 0.867 0.039 0.160 0.100 0.014 0.001 0.000 0.000 0.000 0.000 0.000 0.000 0.000 0.000 0.000 0.000 0.000 0.000 0.000 0.000 0.000 0.000 0.000 0.000 0.000 0.000 0.000 0.000 0.000
0.000 0.000 0.000 0.000 0.000 0.000 0.000 0.000 0.000 0.000 0.000 0.000 0.000 0.000 0.000 0.000 0.000 0.000 0.310 0.387 0.618 1.050 1.598 2.148 2.620 3.004 3.650 4.392 5.131 5.846 6.552 7.250 7.939 8.632 9.349 10.147 11.052 11.980 12.483 12.671 12.774 13.035 13.911 17.012 19.385 6.613 0.000 0.005 0.011 0.006 0.000 0.000 0.000 0.000 0.000 0.000 0.000 0.000 0.000 0.000 0.000 0.000 0.000 0.000 0.000 0.000 0.000 0.000 0.000 0.000 0.000 0.000 0.000 0.000 0.000
