avaframe/data/avaParabola/Avaflow_Input/prefix_results/prefix_ascii/prefix_pflow10004.asc
ncols 250
nrows 100
xllcenter 997.50
yllcenter -4997.50
cellsize 20.00
NODATA_value -9999.000
[rows 32 to 63 of 100, columns 73 to 145 of 250]
0.000 0.000 0.000 0.000 0.000 0.000 0.000 0.000 0.000 0.000 0.000 0.000 0.000 0.000 0.000 0.000 0.000 0.000 0.000 0.000 0.000 0.000 0.000 0.000 0.000 0.000 0.000 0.000 0.000 0.000 0.000 0.000 0.000 0.000 0.000 0.000 0.000 0.000 0.000 0.000 0.000 0.000 0.000 0.000 0.000 0.000 0.000 0.000 0.000 0.000 0.000 0.000 0.000 0.000 0.000 0.000 0.000 0.000 0.000 0.000 0.000 0.000 0.000 0.000 0.000 0.000 0.000 0.000 0.000 0.000 0.000 0.000 0.000
0.000 0.000 0.000 0.000 0.000 0.000 0.000 0.000 0.000 0.000 0.000 0.000 0.000 742.990 783.054 860.556 922.740 966.365 1000.786 1028.059 1050.937 1053.362 1027.648 1228.657 984.595 0.000 0.000 0.000 0.000 0.000 0.000 0.000 0.000 0.000 0.000 0.000 0.000 0.000 0.000 0.000 0.000 0.000 0.000 0.000 0.000 0.000 0.000 0.000 0.000 0.000 0.000 0.000 0.000 0.000 0.000 0.000 0.000 0.000 0.000 0.000 0.000 0.000 0.000 0.000 0.000 0.000 0.000 0.000 0.000 0.000 0.000 0.000 0.000
0.000 0.000 0.000 0.000 0.000 0.000 0.000 0.000 0.000 0.000 0.000 833.253 943.425 1058.690 1175.162 1298.693 1428.249 1549.770 1656.966 1750.907 1835.877 1914.471 1981.563 2029.209 2053.589 2053.873 2038.111 1983.339 1870.631 1746.693 1521.694 1333.395 0.000 0.000 0.000 0.000 0.000 0.000 0.000 0.000 0.000 0.000 0.000 0.000 0.000 0.000 0.000 0.000 0.000 0.000 0.000 0.000 0.000 0.000 0.000 0.000 0.000 0.000 0.000 0.000 0.000 0.000 0.000 0.000 0.000 0.000 0.000 0.000 0.000 0.000 0.000 0.000 0.000
0.000 0.000 0.000 0.000 0.000 0.000 0.000 0.000 783.135 919.923 1089.579 1280.103 1495.042 1727.641 1970.865 2221.906 2477.999 2736.340 2996.277 3251.011 3491.579 3711.147 3910.478 4086.325 4221.988 4303.384 4333.350 4292.305 4175.665 4009.362 3812.287 3475.073 3091.583 2711.008 2377.749 1981.433 1383.617 0.000 0.000 0.000 0.000 0.000 0.000 0.000 0.000 0.000 0.000 0.000 0.000 0.000 0.000 0.000 0.000 0.000 0.000 0.000 0.000 0.000 0.000 0.000 0.000 0.000 0.000 0.000 0.000 0.000 0.000 0.000 0.000 0.000 0.000 0.000 0.000
0.000 0.000 0.000 0.000 0.000 0.000 0.000 876.161 1082.201 1338.478 1638.723 1983.685 2372.183 2797.816 3255.017 3738.183 4241.916 4758.691 5281.880 5802.946 6314.981 6806.077 7266.054 7687.100 8054.715 8215.493 8154.661 8022.073 7810.084 7517.009 7156.445 6741.038 6250.088 5664.766 4981.671 4293.667 3636.028 2983.864 2374.612 1554.657 1479.531 0.000 0.000 0.000 0.000 0.000 0.000 0.000 0.000 0.000 0.000 0.000 0.000 0.000 0.000 0.000 0.000 0.000 0.000 0.000 0.000 0.000 0.000 0.000 0.000 0.000 0.000 0.000 0.000 0.000 0.000 0.000 0.000
0.000 0.000 0.000 0.000 0.000 0.000 961.167 1238.130 1572.411 1977.748 2457.705 3015.776 3653.813 4364.114 5139.798 5973.823 6860.349 7791.599 8751.672 9723.973 10696.228 11660.319 12324.522 12728.724 13068.527 13329.936 13504.080 13588.434 13573.116 13443.252 13183.123 12818.033 12283.431 11568.640 10693.900 9729.693 8688.243 7553.575 6363.782 5218.557 4125.268 3095.267 1936.884 0.000 0.000 0.000 0.000 0.000 0.000 0.000 0.000 0.000 0.000 0.000 0.000 0.000 0.000 0.000 0.000 0.000 0.000 0.000 0.000 0.000 0.000 0.000 0.000 0.000 0.000 0.000 0.000 0.000 0.000
0.000 0.000 0.000 0.000 0.000 1019.422 1362.634 1779.214 2286.028 2900.202 3626.781 4473.306 5446.597 6543.145 7757.714 9086.070 10527.814 12072.856 13679.248 15329.030 16618.939 17627.568 18602.650 19523.340 20380.016 21159.932 21849.137 22438.182 22904.523 23217.896 23347.178 23278.816 22931.414 22401.682 21592.348 20545.119 19240.756 17677.414 15903.828 13974.563 12086.765 10327.718 8540.778 5692.339 1147.627 0.000 0.000 0.000 0.000 0.000 0.000 0.000 0.000 0.000 0.000 0.000 0.000 0.000 0.000 0.000 0.000 0.000 0.000 0.000 0.000 0.000 0.000 0.000 0.000 0.000 0.000 0.000 0.000
0.000 0.000 0.000 0.000 1040.490 1430.995 1918.848 2519.289 3258.722 4152.581 5209.147 6440.937 7857.268 9459.911 11250.069 13238.902 15430.259 17797.004 20173.434 21951.494 23734.107 25518.959 27292.641 29047.176 30759.061 32414.238 33988.793 35473.871 36818.664 37997.711 38976.191 39725.398 40184.594 40359.438 40123.312 39538.980 38542.660 37061.410 35126.113 32689.150 30102.361 28156.098 26753.412 25223.984 7587.465 391.711 0.000 0.000 0.000 0.000 0.000 0.000 0.000 0.000 0.000 0.000 0.000 0.000 0.000 0.000 0.000 0.000 0.000 0.000 0.000 0.000 0.000 0.000 0.000 0.000 0.000 0.000 0.000
0.000 0.000 0.000 1025.094 1444.652 1983.925 2658.348 3498.814 4534.551 5780.264 7245.176 8941.655 10880.610 13068.253 15508.584 18191.922 21110.639 24262.635 27184.693 29823.936 32535.637 35326.223 38169.363 41064.387 43989.824 46919.258 49823.820 52696.176 55493.504 58181.789 60754.387 63144.184 65288.938 67053.328 68352.406 69224.992 69530.648 69046.117 68045.242 66113.133 63901.398 62542.977 67026.680 74190.570 35578.359 1694.394 0.000 0.000 0.000 0.000 0.000 0.000 0.000 0.000 0.000 0.000 0.000 0.000 0.000 0.000 0.000 0.000 0.000 0.000 0.000 0.000 0.000 0.000 0.000 0.000 0.000 0.000 0.000
0.000 0.000 962.050 1388.606 1947.982 2649.487 3520.805 4592.944 5890.641 7428.277 9214.301 11258.732 13572.722 16164.212 19038.334 22196.531 25635.721 29352.072 33343.027 37609.383 42153.422 46740.645 50908.371 55210.934 59624.629 64101.395 68594.266 73107.953 77622.922 82085.336 86477.164 90730.570 94823.461 98751.094 102477.125 105867.977 108769.328 111005.180 112604.102 112961.344 112037.984 113230.625 133730.547 134611.312 98105.016 5747.178 237.683 0.000 0.000 0.000 0.000 0.000 0.000 0.000 0.000 0.000 0.000 0.000 0.000 0.000 0.000 0.000 0.000 0.000 0.000 0.000 0.000 0.000 0.000 0.000 0.000 0.000 0.000
0.000 0.000 1194.419 1704.656 2364.187 3185.799 4204.383 5445.680 6928.332 8666.650 10671.791 12955.767 15529.876 18402.545 21579.900 25065.756 28861.268 32965.344 37377.129 42097.648 47127.227 52464.180 58113.266 64081.727 70362.344 76301.398 82125.547 88166.391 94382.383 100681.039 107087.359 113586.047 120098.141 126602.758 133134.578 139654.766 146100.328 152471.562 158768.109 164297.125 168164.891 172387.734 203488.953 184317.172 139079.312 14258.175 453.806 0.000 0.000 0.000 0.000 0.000 0.000 0.000 0.000 0.000 0.000 0.000 0.000 0.000 0.000 0.000 0.000 0.000 0.000 0.000 0.000 0.000 0.000 0.000 0.000 0.000 0.000
0.000 956.479 1355.675 1922.218 2655.134 3562.477 4684.024 6041.867 7651.311 9526.107 11678.000 14119.997 16864.658 19921.988 23299.701 27002.213 31031.123 35388.047 40072.895 45083.895 50423.215 56094.727 62101.656 68448.180 75134.734 82157.656 89530.359 97257.773 104853.148 112165.305 119720.562 127510.258 135405.359 143415.453 151545.938 159764.125 168117.906 176678.875 185582.266 194056.000 201489.812 217556.656 251011.672 214843.281 170590.016 19890.172 618.038 0.000 0.000 0.000 0.000 0.000 0.000 0.000 0.000 0.000 0.000 0.000 0.000 0.000 0.000 0.000 0.000 0.000 0.000 0.000 0.000 0.000 0.000 0.000 0.000 0.000 0.000
0.000 1032.547 1458.274 2064.619 2845.469 3809.912 4999.718 6432.923 8123.883 10085.627 12330.552 14872.467 17724.320 20896.842 24398.084 28234.047 32408.039 36920.012 41770.375 46961.961 52496.062 58373.859 64600.641 71181.953 78118.992 85411.727 93061.422 101070.492 109441.719 118220.172 127429.344 136102.375 144886.625 153911.156 163116.016 172466.766 182037.469 191925.062 202166.938 212311.938 223630.359 248742.906 253083.203 211657.266 173584.375 20367.752 639.275 23.317 0.000 0.000 0.000 0.000 0.000 0.000 0.000 0.000 0.000 0.000 0.000 0.000 0.000 0.000 0.000 0.000 0.000 0.000 0.000 0.000 0.000 0.000 0.000 0.000 0.000
0.000 1076.746 1520.050 2153.486 2963.360 3963.524 5195.609 6674.444 8414.780 10428.864 12729.471 15330.827 18246.141 21487.209 25063.227 28979.373 33238.664 37842.348 42791.230 48087.145 53732.094 59729.465 66080.023 72785.391 79856.367 87297.836 95100.625 103265.492 111824.695 120828.781 130276.477 140099.203 150340.359 160126.688 170071.828 180230.219 190599.484 201237.016 212133.766 223060.203 238866.609 262309.406 237742.281 202394.375 166735.078 18024.756 595.280 18.884 0.000 0.000 0.000 0.000 0.000 0.000 0.000 0.000 0.000 0.000 0.000 0.000 0.000 0.000 0.000 0.000 0.000 0.000 0.000 0.000 0.000 0.000 0.000 0.000 0.000
0.000 1101.832 1556.161 2205.806 3032.687 4053.725 5309.653 6813.640 8581.343 10624.713 12956.924 15592.397 18544.043 21822.998 25439.004 29398.549 33704.047 38357.113 43359.621 48711.688 54415.391 60475.645 66897.578 73681.836 80816.023 88304.703 96179.258 104476.719 113225.109 122406.141 131958.406 141811.062 152035.719 162937.656 173918.359 184683.531 195628.328 206711.969 217940.984 229833.781 248760.203 257554.547 221273.406 186252.219 147452.344 11867.084 430.791 11.638 0.000 0.000 0.000 0.000 0.000 0.000 0.000 0.000 0.000 0.000 0.000 0.000 0.000 0.000 0.000 0.000 0.000 0.000 0.000 0.000 0.000 0.000 0.000 0.000 0.000
0.000 1114.240 1575.772 2234.500 3070.975 4102.761 5370.202 6886.120 8666.982 10725.061 13073.550 15726.563 18697.160 21996.799 25634.654 29617.111 33947.496 38627.316 43658.000 49041.512 54780.320 60877.098 67331.914 74142.109 81316.273 88870.172 96832.469 105241.766 114098.203 123336.352 132886.750 142737.562 153014.328 164036.109 175812.484 186917.734 198277.391 209758.125 221407.328 235082.359 259065.500 240808.984 200500.219 181702.906 128234.727 5788.434 207.916 0.000 0.000 0.000 0.000 0.000 0.000 0.000 0.000 0.000 0.000 0.000 0.000 0.000 0.000 0.000 0.000 0.000 0.000 0.000 0.000 0.000 0.000 0.000 0.000 0.000 0.000
0.000 1118.351 1584.760 2248.130 3089.519 4125.729 5397.290 6917.526 8703.292 10767.566 13123.477 15784.743 18764.080 22072.857 25720.484 29713.035 34054.184 38746.117 43790.035 49187.547 54941.266 61054.500 67531.117 74374.141 81588.953 89197.430 97245.578 105760.562 114683.727 123881.828 133308.891 143089.328 153505.953 164775.875 176812.812 188248.000 199924.547 211786.141 223933.750 241868.266 261639.922 221402.562 186786.359 176668.125 57364.062 2610.369 110.114 0.000 0.000 0.000 0.000 0.000 0.000 0.000 0.000 0.000 0.000 0.000 0.000 0.000 0.000 0.000 0.000 0.000 0.000 0.000 0.000 0.000 0.000 0.000 0.000 0.000 0.000
0.000 1117.786 1588.468 2252.400 3095.579 4133.263 5405.215 6926.093 8712.708 10778.589 13136.864 15800.884 18783.344 22094.734 25743.723 29737.914 34081.500 38776.035 43822.742 49223.109 54980.020 61097.770 67582.680 74445.281 81699.422 89376.703 97514.758 106080.453 114937.977 124012.750 133372.406 143308.422 154099.906 165769.109 177813.344 189359.938 201384.016 213606.453 226513.938 247312.047 250858.219 206958.516 177620.156 156862.516 22152.346 1057.119 61.156 0.000 0.000 0.000 0.000 0.000 0.000 0.000 0.000 0.000 0.000 0.000 0.000 0.000 0.000 0.000 0.000 0.000 0.000 0.000 0.000 0.000 0.000 0.000 0.000 0.000 0.000
0.000 1112.197 1589.847 2252.022 3095.094 4133.431 5404.246 6924.076 8709.719 10775.008 13133.104 15797.109 18779.412 22091.510 25742.262 29737.012 34080.285 38774.867 43821.789 49222.926 54981.332 61101.711 67591.609 74464.977 81756.188 89506.086 97711.188 106266.625 115025.188 123898.281 133229.859 143517.609 155036.984 167516.031 178771.953 190642.844 202839.891 215075.734 230076.391 254320.484 235207.000 196675.234 176326.391 124157.203 7754.860 422.847 16.861 0.000 0.000 0.000 0.000 0.000 0.000 0.000 0.000 0.000 0.000 0.000 0.000 0.000 0.000 0.000 0.000 0.000 0.000 0.000 0.000 0.000 0.000 0.000 0.000 0.000 0.000
0.000 1102.162 1586.576 2245.368 3086.808 4125.007 5391.702 6906.877 8688.210 10750.067 13105.598 15767.432 18747.816 22057.123 25703.824 29694.572 34033.465 38722.707 43764.434 49161.340 54917.023 61038.105 67536.375 74435.320 81775.656 89587.703 97816.297 106256.273 114714.836 123473.281 133187.688 144539.250 157352.766 168483.281 180716.562 192325.500 203486.531 215973.500 234048.859 261333.953 222480.234 185631.625 166013.953 37478.488 2531.613 166.665 0.000 0.000 0.000 0.000 0.000 0.000 0.000 0.000 0.000 0.000 0.000 0.000 0.000 0.000 0.000 0.000 0.000 0.000 0.000 0.000 0.000 0.000 0.000 0.000 0.000 0.000 0.000
0.000 1081.235 1569.287 2223.904 3060.876 4095.353 5353.171 6857.791 8628.789 10681.386 13028.521 15682.244 18654.092 21954.240 25590.707 29569.629 33895.781 38572.840 43604.715 48996.555 54754.047 60886.902 67413.023 74355.586 81749.492 89603.891 97735.438 105840.438 114087.555 123214.109 134352.266 147423.344 158585.000 171408.594 180999.766 190877.906 204107.406 215542.250 243576.828 250525.422 201900.641 174022.281 121661.609 10232.554 777.529 41.575 0.000 0.000 0.000 0.000 0.000 0.000 0.000 0.000 0.000 0.000 0.000 0.000 0.000 0.000 0.000 0.000 0.000 0.000 0.000 0.000 0.000 0.000 0.000 0.000 0.000 0.000 0.000
0.000 1035.526 1525.589 2175.271 3003.272 4027.075 5269.154 6754.940 8506.522 10540.444 12869.373 15504.735 18457.385 21737.240 25352.670 29309.898 33614.695 38274.184 43295.852 48686.504 54455.602 60618.508 67196.070 74210.602 81660.562 89428.750 97197.625 104924.367 113514.570 124410.570 137729.141 148734.891 162384.203 170323.922 177311.234 185829.219 202576.516 219431.406 267079.375 223576.047 183330.812 141006.672 29103.572 2739.975 235.187 0.000 0.000 0.000 0.000 0.000 0.000 0.000 0.000 0.000 0.000 0.000 0.000 0.000 0.000 0.000 0.000 0.000 0.000 0.000 0.000 0.000 0.000 0.000 0.000 0.000 0.000 0.000 0.000
0.000 952.247 1441.627 2082.393 2894.133 3896.489 5112.087 6567.213 8286.019 10286.492 12581.217 15181.245 18097.150 21338.254 24913.158 28830.645 33100.363 37734.020 42743.367 48137.895 53925.922 60118.906 66735.570 73773.922 81153.562 88595.531 95920.172 103894.672 114394.109 128152.055 139013.969 152479.422 159200.359 163407.469 169952.500 189455.562 199769.766 249243.859 248293.375 187857.188 151409.516 54933.641 6767.645 700.067 41.173 0.000 0.000 0.000 0.000 0.000 0.000 0.000 0.000 0.000 0.000 0.000 0.000 0.000 0.000 0.000 0.000 0.000 0.000 0.000 0.000 0.000 0.000 0.000 0.000 0.000 0.000 0.000 0.000
0.000 831.945 1304.382 1924.070 2707.298 3672.191 4844.461 6251.027 7916.691 9860.383 12095.345 14632.978 17484.176 20659.305 24168.928 28025.367 32244.615 36844.141 41837.711 47226.176 53005.523 59179.977 65741.625 72628.609 79694.734 86761.156 94281.133 103882.836 116799.586 129286.961 141021.328 145707.547 147486.281 152602.234 175889.094 183374.453 223655.484 241223.109 197748.719 148333.578 74341.586 10838.287 1399.018 130.475 0.000 0.000 0.000 0.000 0.000 0.000 0.000 0.000 0.000 0.000 0.000 0.000 0.000 0.000 0.000 0.000 0.000 0.000 0.000 0.000 0.000 0.000 0.000 0.000 0.000 0.000 0.000 0.000 0.000
0.000 0.000 1101.553 1677.498 2412.079 3315.807 4420.514 5751.854 7333.774 9185.696 11322.371 13756.494 16501.164 19569.047 22974.365 26736.357 30877.100 35413.102 40344.602 45647.035 51285.273 57241.438 63499.703 69998.484 76695.297 83801.219 92261.805 104361.430 117572.883 127006.609 128691.797 127421.945 129257.656 146376.453 165627.062 193733.062 220047.719 191481.203 140227.688 71847.352 13395.822 2078.326 305.591 16.879 0.000 0.000 0.000 0.000 0.000 0.000 0.000 0.000 0.000 0.000 0.000 0.000 0.000 0.000 0.000 0.000 0.000 0.000 0.000 0.000 0.000 0.000 0.000 0.000 0.000 0.000 0.000 0.000 0.000
0.000 0.000 823.188 1319.060 1976.103 2788.980 3792.795 5009.944 6463.075 8171.690 10153.577 12424.676 15000.117 17895.553 21131.385 24732.559 28717.836 33082.316 37788.199 42769.461 47958.227 53348.781 58971.453 64892.527 71444.531 79348.289 89030.742 99647.898 106318.992 105417.164 101434.555 101144.297 112215.047 143487.703 159526.312 187789.219 172603.703 120738.773 53089.211 12340.590 2248.191 422.198 38.633 0.000 0.000 0.000 0.000 0.000 0.000 0.000 0.000 0.000 0.000 0.000 0.000 0.000 0.000 0.000 0.000 0.000 0.000 0.000 0.000 0.000 0.000 0.000 0.000 0.000 0.000 0.000 0.000 0.000 0.000
0.000 0.000 0.000 860.372 1386.978 2069.032 2926.218 3975.987 5237.073 6731.076 8480.847 10502.781 12811.688 15427.132 18373.750 21669.697 25300.879 29197.033 33275.625 37490.363 41707.699 46025.844 50610.516 55686.488 61539.797 68179.742 73933.844 76157.820 73692.430 69770.734 69112.750 76010.875 98524.320 123565.047 143376.266 137681.766 84685.570 31775.877 8744.922 1876.021 397.826 53.587 0.000 0.000 0.000 0.000 0.000 0.000 0.000 0.000 0.000 0.000 0.000 0.000 0.000 0.000 0.000 0.000 0.000 0.000 0.000 0.000 0.000 0.000 0.000 0.000 0.000 0.000 0.000 0.000 0.000 0.000 0.000
0.000 0.000 0.000 0.000 827.763 1307.248 1930.983 2719.479 3692.757 4866.796 6260.697 7890.606 9774.899 11932.854 14375.252 17076.553 19919.965 22762.971 25477.295 28112.270 30646.740 33225.828 36039.480 39076.668 41892.547 43694.719 43725.406 42664.156 40937.000 40441.512 41961.531 50419.734 64665.535 69413.508 61220.086 39063.895 16256.194 5124.557 1287.507 311.194 55.270 0.000 0.000 0.000 0.000 0.000 0.000 0.000 0.000 0.000 0.000 0.000 0.000 0.000 0.000 0.000 0.000 0.000 0.000 0.000 0.000 0.000 0.000 0.000 0.000 0.000 0.000 0.000 0.000 0.000 0.000 0.000 0.000
0.000 0.000 0.000 0.000 0.000 722.904 1135.984 1675.003 2339.138 3142.613 4085.985 5172.249 6419.247 7832.650 9394.934 11044.262 12645.771 14133.064 15463.765 16693.271 17878.158 19063.287 20269.896 21365.633 22105.402 22361.285 22232.457 21562.424 21006.467 20975.027 21840.105 24395.193 25812.934 23707.426 16513.912 7485.856 2639.806 753.941 206.211 45.061 0.000 0.000 0.000 0.000 0.000 0.000 0.000 0.000 0.000 0.000 0.000 0.000 0.000 0.000 0.000 0.000 0.000 0.000 0.000 0.000 0.000 0.000 0.000 0.000 0.000 0.000 0.000 0.000 0.000 0.000 0.000 0.000 0.000
0.000 0.000 0.000 0.000 0.000 0.000 575.679 900.764 1326.317 1847.881 2441.087 3109.109 3858.822 4678.223 5530.307 6357.083 7106.616 7769.495 8361.730 8910.845 9425.481 9914.660 10333.208 10622.436 10745.751 10724.271 10528.835 10102.638 9736.608 9533.189 9492.880 9315.001 8473.997 6271.176 3203.870 1230.816 387.071 96.633 26.067 0.000 0.000 0.000 0.000 0.000 0.000 0.000 0.000 0.000 0.000 0.000 0.000 0.000 0.000 0.000 0.000 0.000 0.000 0.000 0.000 0.000 0.000 0.000 0.000 0.000 0.000 0.000 0.000 0.000 0.000 0.000 0.000 0.000 0.000
0.000 0.000 0.000 0.000 0.000 0.000 0.000 380.247 632.929 925.494 1269.646 1659.929 2084.751 2514.578 2921.393 3285.150 3599.179 3869.027 4105.800 4318.776 4509.706 4671.729 4778.713 4826.208 4820.735 4755.090 4590.330 4323.066 4029.921 3738.350 3404.898 2945.023 2221.124 1257.984 527.146 174.468 42.864 0.000 0.000 0.000 0.000 0.000 0.000 0.000 0.000 0.000 0.000 0.000 0.000 0.000 0.000 0.000 0.000 0.000 0.000 0.000 0.000 0.000 0.000 0.000 0.000 0.000 0.000 0.000 0.000 0.000 0.000 0.000 0.000 0.000 0.000 0.000 0.000
0.000 0.000 0.000 0.000 0.000 0.000 0.000 0.000 0.000 324.486 518.031 741.143 941.908 1138.760 1305.212 1444.561 1560.231 1657.182 1740.402 1812.051 1870.181 1909.863 1928.317 1928.927 1911.089 1860.350 1763.467 1620.728 1444.341 1249.171 1006.920 729.210 429.631 196.130 68.720 0.000 0.000 0.000 0.000 0.000 0.000 0.000 0.000 0.000 0.000 0.000 0.000 0.000 0.000 0.000 0.000 0.000 0.000 0.000 0.000 0.000 0.000 0.000 0.000 0.000 0.000 0.000 0.000 0.000 0.000 0.000 0.000 0.000 0.000 0.000 0.000 0.000 0.000
