avaframe/data/avaParabola/Avaflow_Input/prefix_results/prefix_ascii/prefix_tflow10009.asc
ncols 250
nrows 100
xllcenter 997.50
yllcenter -4997.50
cellsize 20.00
NODATA_value -9999.000
[rows 33 to 65 of 100, columns 75 to 149 of 250]
0.000 0.000 0.000 0.000 0.000 0.000 0.000 0.000 0.000 0.000 0.000 0.000 0.000 0.000 0.000 0.000 0.000 1.002 1.252 1.541 1.733 1.933 2.220 2.556 2.948 3.388 3.820 4.208 4.565 4.887 5.182 5.458 5.708 5.935 6.160 6.370 6.505 6.525 6.443 6.154 5.376 4.284 3.281 2.547 1.700 0.208 0.000 0.000 0.000 0.000 0.003 0.000 0.000 0.000 0.000 0.000 0.000 0.000 0.000 0.000 0.000 0.000 0.000 0.000 0.000 0.000 0.000 0.000 0.000 0.000 0.000 0.000 0.000 0.000 0.000
0.000 0.000 0.000 0.000 0.000 0.000 0.000 0.000 0.000 0.000 0.000 0.000 0.000 0.000 0.000 1.052 1.659 2.214 2.790 3.385 3.982 4.586 5.255 6.040 6.945 7.969 9.075 10.243 11.447 12.664 13.873 15.061 16.203 17.313 18.462 19.671 20.661 21.269 21.362 19.391 17.076 14.784 12.506 10.860 8.654 2.461 0.000 0.000 0.001 0.000 0.001 0.001 0.000 0.000 0.000 0.000 0.000 0.000 0.000 0.000 0.000 0.000 0.000 0.000 0.000 0.000 0.000 0.000 0.000 0.000 0.000 0.000 0.000 0.000 0.000
0.000 0.000 0.000 0.000 0.000 0.000 0.000 0.000 0.000 0.000 0.000 0.000 0.000 0.000 1.261 2.074 3.133 4.207 5.353 6.622 8.029 9.583 11.298 13.210 15.380 17.839 20.594 23.619 26.845 30.201 33.651 37.176 40.765 44.464 48.561 53.371 58.003 60.175 58.594 56.237 53.297 49.759 45.593 42.008 37.065 18.865 0.622 0.000 0.005 0.015 0.021 0.019 0.010 0.004 0.000 0.000 0.000 0.000 0.000 0.000 0.000 0.000 0.000 0.000 0.000 0.000 0.000 0.000 0.000 0.000 0.000 0.000 0.000 0.000 0.000
0.000 0.000 0.000 0.000 0.000 0.000 0.000 0.000 0.000 0.000 0.000 0.000 0.000 1.556 2.631 3.972 5.577 7.369 9.424 11.813 14.610 17.883 21.665 25.952 30.762 36.159 42.220 48.986 56.403 64.367 72.832 81.789 91.267 101.479 113.376 128.365 141.994 147.252 149.956 150.728 149.767 147.114 142.184 136.815 131.092 91.982 13.666 0.000 0.047 0.141 0.205 0.175 0.120 0.051 0.009 0.000 0.000 0.000 0.000 0.000 0.000 0.000 0.000 0.000 0.000 0.000 0.000 0.000 0.000 0.000 0.000 0.000 0.000 0.000 0.000
0.000 0.000 0.000 0.000 0.000 0.000 0.000 0.000 0.000 0.000 0.000 0.000 1.889 3.254 5.036 7.098 9.528 12.422 15.899 20.082 25.110 31.151 38.327 46.680 56.214 66.987 79.118 92.746 107.961 124.771 143.177 163.260 185.227 209.611 238.138 274.415 302.665 325.115 342.821 356.924 367.656 375.178 378.356 378.841 387.816 325.553 103.774 0.059 0.122 0.385 1.124 1.150 0.841 0.332 0.107 0.015 0.000 0.000 0.000 0.000 0.000 0.000 0.000 0.000 0.000 0.000 0.000 0.000 0.000 0.000 0.000 0.000 0.000 0.000 0.000
0.000 0.000 0.000 0.000 0.000 0.000 0.000 0.000 0.000 0.000 0.000 2.148 3.900 6.079 8.696 11.841 15.662 20.336 26.076 33.116 41.701 52.101 64.566 79.285 96.404 116.065 138.454 163.824 192.467 224.672 260.680 300.789 345.441 395.432 452.707 521.947 580.624 639.412 692.326 741.441 787.930 831.087 869.302 899.661 953.559 904.149 415.115 16.379 0.000 1.219 3.548 5.096 4.483 1.773 0.572 0.163 0.022 0.000 0.000 0.000 0.000 0.000 0.000 0.000 0.000 0.000 0.000 0.000 0.000 0.000 0.000 0.000 0.000 0.000 0.000
0.000 0.000 0.000 0.000 0.000 0.000 0.000 0.000 0.000 0.000 2.357 4.448 7.047 10.173 13.991 18.765 24.763 32.225 41.438 52.777 66.591 83.279 103.263 126.884 154.499 186.483 223.214 265.119 312.695 366.494 427.076 494.959 570.790 655.456 750.396 858.646 986.004 1107.339 1219.659 1334.847 1451.414 1569.173 1685.786 1795.258 1920.613 2023.245 1124.665 112.283 1.257 0.011 17.837 29.545 22.305 8.290 2.723 0.804 0.191 0.035 0.000 0.000 0.000 0.000 0.000 0.000 0.000 0.000 0.000 0.000 0.000 0.000 0.000 0.000 0.000 0.000 0.000
0.000 0.000 0.000 0.000 0.000 0.000 0.000 0.000 0.000 2.365 4.683 7.649 11.155 15.444 20.850 27.773 36.583 47.573 61.076 77.559 97.537 121.498 149.962 183.448 222.465 267.572 319.355 378.464 445.643 521.643 607.283 703.329 810.487 929.587 1061.702 1208.532 1372.976 1559.107 1765.788 1942.158 2131.327 2328.089 2533.359 2743.269 2949.522 3450.587 1637.349 86.056 6.483 0.000 44.301 68.429 61.790 30.912 11.801 3.504 0.810 0.147 0.022 0.000 0.000 0.000 0.000 0.000 0.000 0.000 0.000 0.000 0.000 0.000 0.000 0.000 0.000 0.000 0.000
0.000 0.000 0.000 0.000 0.000 0.000 0.000 0.000 2.017 4.431 7.447 11.016 15.371 20.887 28.038 37.276 48.973 63.428 80.995 102.193 127.655 158.062 194.096 236.387 285.542 342.214 407.116 481.063 565.003 659.958 766.997 887.104 1021.058 1169.749 1334.392 1516.408 1717.808 1941.070 2186.805 2459.006 2705.906 2961.982 3232.657 3522.464 3774.141 4640.841 1300.302 7.870 0.000 0.000 6.671 24.195 65.478 94.921 43.490 10.609 2.085 0.345 0.027 0.000 0.000 0.000 0.000 0.000 0.000 0.000 0.000 0.000 0.000 0.000 0.000 0.000 0.000 0.000 0.000
0.000 0.000 0.000 0.000 0.000 0.000 0.000 1.553 3.578 6.539 9.941 14.043 19.149 25.755 34.440 45.696 59.890 77.313 98.326 123.476 153.490 189.177 231.370 280.828 338.231 404.287 479.782 565.648 662.990 773.016 896.892 1035.689 1190.579 1362.520 1552.745 1762.977 1994.961 2250.351 2530.192 2832.651 3168.116 3466.221 3783.676 4130.600 4491.873 4963.481 465.277 0.000 0.000 79.650 98.145 66.859 94.898 119.610 60.738 9.112 1.587 0.261 0.037 0.004 0.000 0.000 0.000 0.000 0.000 0.000 0.000 0.000 0.000 0.000 0.000 0.000 0.000 0.000 0.000
0.000 0.000 0.000 0.000 0.000 0.000 0.000 2.425 5.057 8.236 11.979 16.528 22.253 29.744 39.652 52.510 68.691 88.473 112.209 140.453 173.982 213.707 260.577 315.461 379.111 452.257 535.715 630.490 737.805 858.989 995.384 1148.158 1318.362 1507.356 1716.680 1947.911 2202.687 2482.173 2786.921 3116.861 3473.462 3846.972 4207.503 4574.142 5357.150 4246.068 79.708 17.749 111.560 370.298 517.184 422.159 283.962 87.998 15.298 4.418 0.835 0.148 0.021 0.002 0.000 0.000 0.000 0.000 0.000 0.000 0.000 0.000 0.000 0.000 0.000 0.000 0.000 0.000 0.000
0.000 0.000 0.000 0.000 0.000 0.000 1.200 3.182 6.105 9.489 13.524 18.433 24.640 32.796 43.602 57.638 75.291 96.831 122.590 153.113 189.200 231.834 282.053 340.816 408.931 487.140 576.266 677.346 791.671 920.728 1065.937 1228.457 1409.552 1610.692 1833.405 2079.384 2349.924 2645.790 2967.674 3317.455 3698.093 4126.213 4515.001 4883.910 6160.246 2497.374 80.023 23.547 89.563 149.853 167.580 197.855 105.609 20.321 7.039 1.609 0.300 0.054 0.008 0.001 0.000 0.000 0.000 0.000 0.000 0.000 0.000 0.000 0.000 0.000 0.000 0.000 0.000 0.000 0.000
0.000 0.000 0.000 0.000 0.000 0.000 1.404 3.720 6.793 10.356 14.620 19.806 26.369 34.993 46.420 61.265 79.936 102.703 129.879 161.991 199.847 244.474 296.976 358.376 429.529 511.188 604.173 709.533 828.616 962.878 1113.801 1282.884 1471.227 1680.193 1911.563 2166.917 2447.213 2753.127 3086.406 3450.876 3852.559 4293.092 4732.146 5019.971 6344.518 811.668 1.164 1.651 0.003 0.130 0.000 0.000 0.000 0.882 4.008 0.604 0.091 0.013 0.002 0.000 0.000 0.000 0.000 0.000 0.000 0.000 0.000 0.000 0.000 0.000 0.000 0.000 0.000 0.000 0.000
0.000 0.000 0.000 0.000 0.000 0.000 1.609 4.064 7.220 10.916 15.345 20.730 27.541 36.478 48.309 63.674 82.999 106.558 134.657 167.808 206.817 252.733 306.699 369.781 442.869 526.730 622.182 730.286 852.372 990.060 1144.842 1317.985 1510.932 1725.105 1961.898 2222.770 2508.700 2821.029 3162.980 3539.382 3956.190 4409.326 4872.092 5467.364 5364.448 168.170 0.002 6.962 22.482 28.261 17.367 3.957 3.065 3.627 0.808 0.069 0.011 0.001 0.000 0.000 0.000 0.000 0.000 0.000 0.000 0.000 0.000 0.000 0.000 0.000 0.000 0.000 0.000 0.000 0.000
0.000 0.000 0.000 0.000 0.000 0.000 1.760 4.263 7.460 11.245 15.781 21.298 28.272 37.409 49.486 65.160 84.868 108.893 137.541 171.324 211.041 257.746 312.599 376.692 450.942 536.131 633.088 742.861 866.854 1006.621 1163.695 1339.596 1535.598 1752.945 1992.984 2256.927 2546.278 2863.732 3213.461 3598.973 4021.841 4482.838 4954.723 6007.741 3834.645 17.563 3.484 10.083 15.272 18.610 54.589 39.366 2.349 0.202 0.000 0.001 0.000 0.000 0.000 0.000 0.000 0.000 0.000 0.000 0.000 0.000 0.000 0.000 0.000 0.000 0.000 0.000 0.000 0.000 0.000
0.000 0.000 0.000 0.000 0.000 0.000 1.795 4.354 7.574 11.409 16.006 21.601 28.672 37.929 50.147 65.987 85.891 110.151 139.084 173.210 213.326 260.481 315.835 380.491 455.383 541.318 639.137 749.899 874.885 1015.687 1174.052 1351.321 1548.781 1767.719 2009.265 2274.743 2566.595 2888.727 3244.315 3633.342 4054.099 4512.853 4996.701 6185.718 2743.808 0.229 5.809 3.565 2.952 2.735 2.067 4.075 0.186 0.000 0.029 0.180 0.004 0.000 0.001 0.000 0.000 0.000 0.000 0.000 0.000 0.000 0.000 0.000 0.000 0.000 0.000 0.000 0.000 0.000 0.000
0.000 0.000 0.000 0.000 0.000 0.000 1.803 4.379 7.610 11.466 16.092 21.723 28.844 38.163 50.455 66.370 86.351 110.695 139.734 174.002 214.300 261.668 317.256 382.162 457.331 543.587 641.793 753.012 878.592 1020.006 1178.751 1356.495 1554.581 1774.059 2016.164 2282.882 2577.606 2903.755 3262.304 3650.868 4064.100 4516.174 5008.500 6282.988 2163.177 0.000 0.391 0.654 0.390 0.144 0.005 0.076 0.090 0.023 0.384 0.909 0.151 0.084 0.015 0.001 0.000 0.000 0.000 0.000 0.000 0.000 0.000 0.000 0.000 0.000 0.000 0.000 0.000 0.000 0.000
0.000 0.000 0.000 0.000 0.000 0.000 1.799 4.373 7.607 11.469 16.102 21.744 28.882 38.228 50.550 66.493 86.490 110.842 139.893 174.190 214.543 261.986 317.657 382.644 457.893 544.242 642.569 753.951 879.717 1021.361 1180.401 1358.342 1556.469 1775.914 2018.225 2286.551 2584.870 2913.256 3269.158 3647.928 4055.124 4512.147 5001.795 6326.958 1990.355 0.848 0.894 0.022 0.004 0.244 0.063 3.280 3.650 0.000 3.191 5.823 1.431 0.192 0.022 0.002 0.000 0.000 0.000 0.000 0.000 0.000 0.000 0.000 0.000 0.000 0.000 0.000 0.000 0.000 0.000
0.000 0.000 0.000 0.000 0.000 0.000 1.779 4.336 7.564 11.422 16.054 21.696 28.840 38.195 50.524 66.457 86.424 110.731 139.736 173.999 214.334 261.770 317.425 382.378 457.577 543.875 642.160 753.515 879.280 1020.966 1179.953 1357.646 1555.514 1774.645 2017.130 2287.106 2587.152 2913.333 3258.066 3627.518 4038.873 4509.995 4998.457 6350.664 2001.179 0.003 0.000 0.009 0.115 1.111 2.123 28.114 89.090 83.635 41.310 7.920 1.574 0.242 0.029 0.000 0.000 0.000 0.000 0.000 0.000 0.000 0.000 0.000 0.000 0.000 0.000 0.000 0.000 0.000 0.000
0.000 0.000 0.000 0.000 0.000 0.000 1.727 4.242 7.446 11.283 15.896 21.526 28.666 38.021 50.332 66.206 86.066 110.232 139.088 173.215 213.435 260.758 316.272 381.031 455.994 542.031 640.048 751.131 876.604 1017.985 1176.816 1354.236 1551.450 1770.360 2014.241 2286.014 2582.144 2896.302 3232.243 3608.194 4043.046 4532.507 5030.894 6375.547 2188.923 0.236 0.043 0.928 0.883 2.219 0.019 10.146 15.230 18.719 17.784 3.687 0.868 0.188 0.017 0.000 0.000 0.000 0.000 0.000 0.000 0.000 0.000 0.000 0.000 0.000 0.000 0.000 0.000 0.000 0.000
0.000 0.000 0.000 0.000 0.000 0.000 1.627 4.054 7.215 10.998 15.560 21.147 28.253 37.573 49.811 65.537 85.165 109.040 137.583 171.409 211.347 258.377 313.543 377.869 452.321 537.800 635.229 745.696 870.505 1011.112 1168.936 1345.271 1541.645 1760.577 2005.647 2274.409 2561.491 2866.456 3204.816 3606.496 4068.987 4558.199 5086.024 6322.803 2675.008 0.634 0.000 5.834 2.548 3.433 7.888 0.422 0.001 0.188 3.715 2.516 0.584 0.125 0.018 0.000 0.000 0.000 0.000 0.000 0.000 0.000 0.000 0.000 0.000 0.000 0.000 0.000 0.000 0.000 0.000
0.000 0.000 0.000 0.000 0.000 0.000 1.411 3.734 6.822 10.506 14.969 20.461 27.477 36.688 48.747 64.180 83.394 106.768 134.767 168.041 207.418 253.843 308.305 371.795 445.281 529.691 625.961 735.177 858.621 997.690 1153.736 1328.145 1522.918 1741.093 1982.897 2244.270 2521.102 2824.888 3189.192 3615.545 4078.820 4517.690 4977.786 6064.777 3437.098 9.719 5.079 3.256 21.625 30.566 10.492 23.828 26.220 8.343 9.717 3.162 0.467 0.069 0.000 0.000 0.000 0.000 0.000 0.000 0.000 0.000 0.000 0.000 0.000 0.000 0.000 0.000 0.000 0.000 0.000
0.000 0.000 0.000 0.000 0.000 0.000 1.140 3.247 6.204 9.736 14.038 19.359 26.191 35.170 46.890 61.824 80.380 102.975 130.118 162.484 200.893 246.245 299.473 361.527 433.371 515.947 610.203 717.217 838.252 974.666 1127.953 1299.765 1492.034 1706.361 1940.708 2192.234 2465.811 2790.108 3176.722 3594.265 3976.295 4339.020 4700.501 5387.588 4679.017 79.522 2.436 2.716 89.016 569.675 5.347 0.000 4.574 11.410 10.745 2.026 0.245 0.022 0.000 0.000 0.000 0.000 0.000 0.000 0.000 0.000 0.000 0.000 0.000 0.000 0.000 0.000 0.000 0.000 0.000
0.000 0.000 0.000 0.000 0.000 0.000 0.865 2.544 5.294 8.615 12.682 17.735 24.245 32.808 43.960 58.125 75.713 97.174 123.047 154.026 190.907 234.539 285.796 345.584 414.849 494.543 585.629 689.174 806.427 938.758 1087.526 1254.562 1441.821 1648.541 1872.457 2115.837 2400.571 2741.328 3106.984 3437.067 3747.009 4105.191 4593.692 4813.958 6109.421 561.750 0.000 0.000 413.803 1562.096 527.307 0.000 8.191 1.010 1.574 0.357 0.055 0.006 0.000 0.000 0.000 0.000 0.000 0.000 0.000 0.000 0.000 0.000 0.000 0.000 0.000 0.000 0.000 0.000 0.000
0.000 0.000 0.000 0.000 0.000 0.000 0.000 1.656 4.036 7.089 10.833 15.497 21.505 29.410 39.695 52.748 68.975 88.848 112.914 141.863 176.453 217.470 265.727 322.077 387.442 462.771 549.016 647.250 758.695 884.613 1026.438 1185.642 1363.135 1557.988 1769.529 2010.950 2296.308 2607.160 2901.714 3169.409 3490.304 4000.437 4409.854 4974.862 6646.875 2198.363 53.666 66.564 31.841 189.579 17.733 0.000 5.970 1.040 0.340 0.100 0.014 0.000 0.000 0.000 0.000 0.000 0.000 0.000 0.000 0.000 0.000 0.000 0.000 0.000 0.000 0.000 0.000 0.000 0.000
0.000 0.000 0.000 0.000 0.000 0.000 0.000 0.843 2.488 5.170 8.474 12.611 17.909 24.868 33.932 45.468 59.868 77.599 99.190 125.292 156.613 193.861 237.773 289.148 348.858 417.811 496.962 587.289 689.797 805.753 936.452 1082.935 1245.305 1422.368 1616.951 1843.686 2096.915 2351.492 2601.101 2883.289 3402.719 3862.079 4611.395 5209.822 6218.140 4032.577 291.444 26.906 11.462 8.630 39.490 11.626 2.685 0.987 0.121 0.017 0.000 0.000 0.000 0.000 0.000 0.000 0.000 0.000 0.000 0.000 0.000 0.000 0.000 0.000 0.000 0.000 0.000 0.000 0.000
0.000 0.000 0.000 0.000 0.000 0.000 0.000 0.000 1.151 3.018 5.714 9.155 13.538 19.262 26.739 36.320 48.373 63.332 81.685 104.001 130.893 162.978 200.910 245.405 297.235 357.188 426.035 504.630 593.819 694.358 807.241 932.825 1070.383 1219.262 1383.803 1574.089 1788.531 2011.759 2274.521 2712.309 3279.875 3888.636 4099.365 4229.500 4595.461 4610.161 1016.347 75.431 24.469 18.324 45.938 0.067 0.307 0.217 0.052 0.005 0.000 0.000 0.000 0.000 0.000 0.000 0.000 0.000 0.000 0.000 0.000 0.000 0.000 0.000 0.000 0.000 0.000 0.000 0.000
0.000 0.000 0.000 0.000 0.000 0.000 0.000 0.000 0.000 1.320 2.964 5.456 8.724 12.983 18.563 25.788 35.006 46.599 60.950 78.488 99.701 125.081 155.141 190.434 231.529 278.973 333.272 394.887 464.287 541.952 628.150 722.410 824.019 934.257 1060.900 1214.753 1410.878 1643.555 1950.343 2371.171 2723.316 2820.353 2676.591 2803.452 2926.858 3779.502 1636.119 301.442 20.700 13.057 37.924 0.018 0.112 0.064 0.014 0.000 0.000 0.000 0.000 0.000 0.000 0.000 0.000 0.000 0.000 0.000 0.000 0.000 0.000 0.000 0.000 0.000 0.000 0.000 0.000
0.000 0.000 0.000 0.000 0.000 0.000 0.000 0.000 0.000 0.551 1.172 2.460 4.390 7.002 10.511 15.178 21.279 29.100 38.847 50.782 65.230 82.497 102.825 126.483 153.782 184.948 220.084 259.286 302.663 350.298 402.229 458.500 520.132 593.176 692.011 817.516 977.869 1164.196 1352.960 1486.651 1542.387 1440.508 1363.570 1583.379 1859.670 2345.050 1480.566 532.884 28.619 14.577 0.019 0.013 0.015 0.010 0.000 0.000 0.000 0.000 0.000 0.000 0.000 0.000 0.000 0.000 0.000 0.000 0.000 0.000 0.000 0.000 0.000 0.000 0.000 0.000 0.000
0.000 0.000 0.000 0.000 0.000 0.000 0.000 0.000 0.000 0.000 0.469 0.885 1.744 2.954 4.743 7.237 10.533 14.782 20.046 26.451 34.184 43.327 53.938 66.181 80.152 95.761 112.965 131.726 152.022 173.884 197.393 222.831 251.357 287.186 343.755 416.050 490.186 556.793 604.689 618.127 581.079 545.598 586.995 775.306 1006.145 965.846 581.714 167.874 3.321 48.374 0.003 0.001 0.002 0.000 0.000 0.000 0.000 0.000 0.000 0.000 0.000 0.000 0.000 0.000 0.000 0.000 0.000 0.000 0.000 0.000 0.000 0.000 0.000 0.000 0.000
0.000 0.000 0.000 0.000 0.000 0.000 0.000 0.000 0.000 0.000 0.000 0.000 0.564 1.014 1.681 2.828 4.318 6.130 8.308 10.979 14.279 18.107 22.529 27.606 33.298 39.536 46.281 53.503 61.157 69.243 77.806 86.994 97.243 109.788 127.457 149.320 167.818 178.998 181.052 176.838 172.382 176.237 209.745 302.738 359.736 277.293 140.427 10.520 0.000 0.001 0.000 0.000 0.000 0.000 0.000 0.000 0.000 0.000 0.000 0.000 0.000 0.000 0.000 0.000 0.000 0.000 0.000 0.000 0.000 0.000 0.000 0.000 0.000 0.000 0.000
0.000 0.000 0.000 0.000 0.000 0.000 0.000 0.000 0.000 0.000 0.000 0.000 0.000 0.000 0.463 0.816 1.337 1.892 2.462 3.360 4.538 5.950 7.631 9.427 11.345 13.430 15.708 18.088 20.546 23.055 25.620 28.259 31.031 34.090 37.457 41.080 43.221 43.961 43.781 43.546 44.143 48.003 56.769 71.168 84.506 58.813 14.788 0.000 0.002 0.000 0.000 0.000 0.000 0.000 0.000 0.000 0.000 0.000 0.000 0.000 0.000 0.000 0.000 0.000 0.000 0.000 0.000 0.000 0.000 0.000 0.000 0.000 0.000 0.000 0.000
0.000 0.000 0.000 0.000 0.000 0.000 0.000 0.000 0.000 0.000 0.000 0.000 0.000 0.000 0.000 0.000 0.228 0.318 0.379 0.560 0.915 1.391 1.925 2.428 2.839 3.403 4.023 4.652 5.269 5.865 6.436 6.975 7.473 7.911 8.267 8.512 8.625 8.617 8.598 8.650 8.987 9.726 10.599 11.075 9.688 5.828 0.190 0.000 0.000 0.000 0.000 0.000 0.000 0.000 0.000 0.000 0.000 0.000 0.000 0.000 0.000 0.000 0.000 0.000 0.000 0.000 0.000 0.000 0.000 0.000 0.000 0.000 0.000 0.000 0.000
