avaframe/data/avaParabola/Avaflow_Input/prefix_results/prefix_ascii/prefix_hflow_max0019.asc
ncols 250
nrows 100
xllcenter 997.50
yllcenter -4997.50
cellsize 20.00
NODATA_value -9999.000
[rows 34 to 67 of 100, columns 77 to 153 of 250]
0.000 0.001 0.001 0.001 0.001 0.001 0.001 0.001 0.001 0.002 0.002 0.002 0.002 0.002 0.002 0.003 0.003 0.003 0.003 0.004 0.004 0.004 0.004 0.004 0.005 0.005 0.005 0.005 0.005 0.005 0.006 0.006 0.006 0.006 0.006 0.006 0.007 0.007 0.007 0.007 0.011 0.031 0.038 0.035 0.031 0.027 0.025 0.022 0.019 0.015 0.010 0.007 0.004 0.002 0.001 0.000 0.000 0.000 0.000 0.000 0.000 0.000 0.000 0.000 0.000 0.000 0.000 0.000 0.000 0.000 0.000 0.000 0.000 0.000 0.000 0.000 0.000
0.001 0.001 0.001 0.001 0.001 0.001 0.002 0.002 0.002 0.002 0.003 0.003 0.003 0.004 0.004 0.004 0.005 0.005 0.006 0.006 0.006 0.007 0.007 0.007 0.008 0.008 0.008 0.009 0.009 0.009 0.009 0.010 0.010 0.010 0.010 0.011 0.011 0.011 0.012 0.012 0.017 0.049 0.060 0.058 0.053 0.048 0.045 0.041 0.035 0.029 0.020 0.013 0.008 0.004 0.002 0.001 0.000 0.000 0.000 0.000 0.000 0.000 0.000 0.000 0.000 0.000 0.000 0.000 0.000 0.000 0.000 0.000 0.000 0.000 0.000 0.000 0.000
0.001 0.001 0.001 0.001 0.002 0.002 0.002 0.003 0.003 0.004 0.005 0.005 0.006 0.007 0.007 0.008 0.008 0.009 0.010 0.010 0.011 0.012 0.012 0.013 0.013 0.014 0.014 0.015 0.015 0.016 0.016 0.016 0.017 0.017 0.018 0.018 0.018 0.019 0.019 0.020 0.026 0.075 0.092 0.100 0.087 0.082 0.077 0.072 0.064 0.053 0.038 0.025 0.015 0.009 0.005 0.002 0.001 0.000 0.000 0.000 0.000 0.000 0.000 0.000 0.000 0.000 0.000 0.000 0.000 0.000 0.000 0.000 0.000 0.000 0.000 0.000 0.000
0.001 0.001 0.002 0.002 0.003 0.004 0.004 0.005 0.006 0.008 0.009 0.010 0.011 0.012 0.013 0.014 0.015 0.016 0.017 0.019 0.020 0.021 0.022 0.022 0.023 0.024 0.025 0.026 0.026 0.027 0.028 0.028 0.029 0.029 0.030 0.030 0.031 0.031 0.032 0.032 0.043 0.111 0.132 0.141 0.139 0.132 0.129 0.122 0.110 0.093 0.069 0.045 0.028 0.016 0.009 0.005 0.002 0.001 0.000 0.000 0.000 0.000 0.000 0.000 0.000 0.000 0.000 0.000 0.000 0.000 0.000 0.000 0.000 0.000 0.000 0.000 0.000
0.002 0.002 0.003 0.004 0.005 0.007 0.009 0.011 0.013 0.015 0.017 0.018 0.020 0.022 0.024 0.026 0.028 0.030 0.032 0.034 0.036 0.037 0.039 0.040 0.042 0.043 0.044 0.045 0.046 0.047 0.048 0.049 0.050 0.051 0.051 0.052 0.053 0.053 0.054 0.055 0.070 0.155 0.182 0.204 0.210 0.208 0.208 0.195 0.180 0.156 0.120 0.079 0.049 0.029 0.016 0.009 0.004 0.002 0.001 0.000 0.000 0.000 0.000 0.000 0.000 0.000 0.000 0.000 0.000 0.000 0.000 0.000 0.000 0.000 0.000 0.000 0.000
0.003 0.004 0.006 0.009 0.012 0.016 0.019 0.023 0.026 0.030 0.033 0.037 0.041 0.044 0.047 0.051 0.054 0.057 0.060 0.063 0.066 0.068 0.071 0.073 0.075 0.077 0.079 0.081 0.082 0.084 0.085 0.086 0.087 0.088 0.089 0.090 0.091 0.092 0.092 0.093 0.100 0.200 0.245 0.278 0.307 0.328 0.322 0.308 0.283 0.248 0.198 0.133 0.082 0.050 0.028 0.015 0.008 0.004 0.002 0.001 0.000 0.000 0.000 0.000 0.000 0.000 0.000 0.000 0.000 0.000 0.000 0.000 0.000 0.000 0.000 0.000 0.000
0.006 0.011 0.017 0.024 0.031 0.038 0.045 0.051 0.058 0.064 0.070 0.076 0.082 0.087 0.093 0.098 0.103 0.108 0.113 0.117 0.121 0.125 0.129 0.132 0.135 0.138 0.141 0.143 0.145 0.147 0.149 0.151 0.152 0.154 0.155 0.156 0.160 0.175 0.191 0.210 0.232 0.256 0.317 0.377 0.442 0.466 0.495 0.498 0.454 0.387 0.320 0.215 0.135 0.082 0.047 0.026 0.013 0.007 0.003 0.001 0.000 0.000 0.000 0.000 0.000 0.000 0.000 0.000 0.000 0.000 0.000 0.000 0.000 0.000 0.000 0.000 0.000
0.024 0.040 0.056 0.070 0.084 0.096 0.108 0.119 0.129 0.139 0.148 0.157 0.165 0.173 0.180 0.187 0.194 0.201 0.207 0.213 0.218 0.223 0.228 0.233 0.237 0.241 0.245 0.249 0.252 0.254 0.264 0.282 0.301 0.324 0.350 0.379 0.408 0.438 0.471 0.505 0.540 0.572 0.604 0.626 0.640 0.651 0.730 0.758 0.715 0.615 0.477 0.333 0.212 0.129 0.075 0.041 0.022 0.011 0.005 0.002 0.001 0.000 0.000 0.000 0.000 0.000 0.000 0.000 0.000 0.000 0.000 0.000 0.000 0.000 0.000 0.000 0.000
0.128 0.160 0.186 0.207 0.227 0.243 0.257 0.269 0.281 0.291 0.301 0.311 0.319 0.327 0.335 0.343 0.350 0.357 0.363 0.370 0.375 0.387 0.411 0.432 0.455 0.476 0.497 0.522 0.548 0.573 0.605 0.638 0.676 0.716 0.758 0.800 0.845 0.892 0.940 0.989 1.031 1.065 1.083 1.086 1.079 1.055 1.011 0.974 0.937 0.853 0.680 0.470 0.312 0.191 0.111 0.062 0.033 0.016 0.008 0.003 0.001 0.000 0.000 0.000 0.000 0.000 0.000 0.000 0.000 0.000 0.000 0.000 0.000 0.000 0.000 0.000 0.000
0.503 0.510 0.518 0.527 0.536 0.542 0.548 0.553 0.557 0.561 0.563 0.566 0.569 0.572 0.575 0.579 0.582 0.599 0.658 0.723 0.773 0.804 0.852 0.880 0.918 0.955 0.984 1.017 1.059 1.100 1.148 1.207 1.267 1.319 1.356 1.399 1.447 1.497 1.538 1.563 1.576 1.576 1.556 1.508 1.445 1.380 1.301 1.211 1.131 1.045 0.884 0.633 0.397 0.245 0.144 0.081 0.043 0.022 0.010 0.004 0.002 0.000 0.000 0.000 0.000 0.000 0.000 0.000 0.000 0.000 0.000 0.000 0.000 0.000 0.000 0.000 0.000
1.000 1.000 1.000 1.000 1.000 1.000 1.000 1.000 1.000 1.000 1.000 1.000 1.000 1.000 1.000 1.000 0.852 0.901 1.011 1.142 1.265 1.330 1.412 1.472 1.511 1.548 1.608 1.668 1.717 1.734 1.797 1.872 1.934 1.975 1.985 1.988 2.003 1.999 2.010 2.006 1.983 1.941 1.880 1.799 1.707 1.613 1.502 1.396 1.305 1.191 1.040 0.748 0.457 0.282 0.166 0.093 0.049 0.025 0.012 0.005 0.002 0.001 0.000 0.000 0.000 0.000 0.000 0.000 0.000 0.000 0.000 0.000 0.000 0.000 0.000 0.000 0.000
1.000 1.001 1.002 1.002 1.002 1.002 1.002 1.002 1.002 1.002 1.003 1.005 1.010 1.014 1.015 1.014 1.016 1.070 1.211 1.397 1.597 1.723 1.831 1.939 2.005 2.044 2.111 2.196 2.264 2.277 2.313 2.392 2.435 2.439 2.414 2.387 2.374 2.367 2.346 2.312 2.264 2.197 2.116 2.012 1.886 1.767 1.650 1.543 1.437 1.319 1.146 0.812 0.493 0.304 0.179 0.100 0.053 0.027 0.013 0.005 0.002 0.001 0.000 0.000 0.000 0.000 0.000 0.000 0.000 0.000 0.000 0.000 0.000 0.000 0.000 0.000 0.000
1.000 1.002 1.009 1.016 1.025 1.034 1.044 1.055 1.066 1.077 1.083 1.089 1.094 1.099 1.107 1.107 1.109 1.156 1.310 1.536 1.788 1.967 2.100 2.247 2.333 2.386 2.477 2.572 2.628 2.633 2.703 2.747 2.759 2.752 2.704 2.689 2.683 2.665 2.631 2.571 2.482 2.364 2.277 2.182 2.056 1.914 1.781 1.650 1.547 1.413 1.202 0.835 0.510 0.315 0.184 0.103 0.054 0.027 0.013 0.006 0.002 0.001 0.000 0.000 0.000 0.000 0.000 0.000 0.000 0.000 0.000 0.000 0.000 0.000 0.000 0.000 0.000
1.000 1.002 1.012 1.023 1.036 1.050 1.064 1.079 1.095 1.111 1.116 1.129 1.130 1.142 1.149 1.155 1.153 1.197 1.361 1.612 1.893 2.109 2.290 2.449 2.543 2.601 2.736 2.830 2.881 2.932 3.005 3.034 2.997 2.971 2.983 2.973 2.914 2.817 2.751 2.692 2.624 2.541 2.434 2.302 2.153 2.022 1.880 1.742 1.626 1.470 1.226 0.837 0.516 0.318 0.186 0.103 0.055 0.027 0.013 0.006 0.002 0.001 0.000 0.000 0.000 0.000 0.000 0.000 0.000 0.000 0.000 0.000 0.000 0.000 0.000 0.000 0.000
1.000 1.002 1.012 1.023 1.038 1.053 1.070 1.087 1.103 1.122 1.130 1.142 1.143 1.157 1.163 1.172 1.173 1.213 1.384 1.658 1.954 2.195 2.424 2.581 2.697 2.817 2.950 3.018 3.113 3.185 3.170 3.172 3.190 3.150 3.061 3.038 3.000 2.946 2.864 2.749 2.662 2.585 2.485 2.367 2.222 2.087 1.938 1.788 1.658 1.493 1.223 0.824 0.516 0.317 0.186 0.103 0.055 0.027 0.013 0.006 0.002 0.001 0.000 0.000 0.000 0.000 0.000 0.000 0.000 0.000 0.000 0.000 0.000 0.000 0.000 0.000 0.000
1.000 1.002 1.012 1.023 1.038 1.054 1.071 1.089 1.105 1.123 1.132 1.144 1.146 1.159 1.165 1.175 1.176 1.220 1.402 1.701 2.024 2.292 2.526 2.677 2.820 2.957 3.037 3.155 3.187 3.233 3.250 3.193 3.189 3.168 3.116 3.035 2.992 2.939 2.859 2.777 2.676 2.590 2.507 2.399 2.271 2.113 1.959 1.793 1.659 1.485 1.199 0.785 0.510 0.313 0.183 0.101 0.053 0.027 0.012 0.005 0.002 0.001 0.000 0.000 0.000 0.000 0.000 0.000 0.000 0.000 0.000 0.000 0.000 0.000 0.000 0.000 0.000
1.000 1.002 1.012 1.023 1.038 1.053 1.070 1.087 1.103 1.121 1.130 1.140 1.145 1.154 1.161 1.171 1.175 1.226 1.430 1.763 2.097 2.374 2.553 2.715 2.834 2.960 3.031 3.115 3.157 3.161 3.173 3.166 3.138 3.104 3.069 3.004 2.962 2.899 2.829 2.745 2.652 2.555 2.469 2.374 2.254 2.107 1.937 1.773 1.646 1.453 1.150 0.756 0.495 0.302 0.175 0.097 0.051 0.025 0.012 0.005 0.002 0.001 0.000 0.000 0.000 0.000 0.000 0.000 0.000 0.000 0.000 0.000 0.000 0.000 0.000 0.000 0.000
1.000 1.002 1.012 1.023 1.036 1.050 1.064 1.079 1.094 1.109 1.122 1.130 1.134 1.144 1.149 1.160 1.158 1.239 1.486 1.841 2.154 2.347 2.524 2.642 2.747 2.837 2.911 2.989 3.031 3.056 3.047 3.049 3.021 2.978 2.948 2.899 2.858 2.783 2.715 2.644 2.557 2.485 2.397 2.296 2.183 2.046 1.889 1.733 1.595 1.399 1.079 0.720 0.466 0.282 0.162 0.089 0.046 0.023 0.010 0.004 0.002 0.000 0.000 0.000 0.000 0.000 0.000 0.000 0.000 0.000 0.000 0.000 0.000 0.000 0.000 0.000 0.000
1.000 1.002 1.009 1.016 1.027 1.038 1.051 1.063 1.077 1.089 1.095 1.104 1.107 1.115 1.121 1.120 1.125 1.257 1.548 1.866 2.096 2.247 2.370 2.478 2.576 2.662 2.732 2.793 2.826 2.842 2.843 2.817 2.815 2.771 2.724 2.716 2.662 2.597 2.540 2.472 2.425 2.354 2.266 2.173 2.070 1.939 1.805 1.651 1.516 1.324 0.989 0.663 0.422 0.253 0.143 0.077 0.039 0.019 0.009 0.003 0.001 0.000 0.000 0.000 0.000 0.000 0.000 0.000 0.000 0.000 0.000 0.000 0.000 0.000 0.000 0.000 0.000
1.000 1.001 1.004 1.007 1.009 1.013 1.018 1.024 1.029 1.034 1.040 1.042 1.046 1.051 1.049 1.047 1.074 1.270 1.548 1.781 1.919 2.053 2.165 2.246 2.309 2.395 2.449 2.482 2.513 2.530 2.508 2.529 2.495 2.468 2.468 2.432 2.386 2.339 2.312 2.274 2.225 2.160 2.084 1.999 1.902 1.804 1.681 1.544 1.413 1.212 0.875 0.586 0.364 0.214 0.119 0.062 0.031 0.014 0.006 0.002 0.001 0.000 0.000 0.000 0.000 0.000 0.000 0.000 0.000 0.000 0.000 0.000 0.000 0.000 0.000 0.000 0.000
1.000 1.000 1.000 1.000 1.000 1.000 1.000 1.000 1.000 1.000 1.000 1.000 1.000 1.000 1.000 1.000 0.983 1.158 1.353 1.552 1.652 1.729 1.799 1.878 1.953 2.004 2.031 2.088 2.092 2.116 2.124 2.107 2.127 2.112 2.086 2.087 2.082 2.057 2.020 1.982 1.940 1.911 1.864 1.798 1.723 1.625 1.517 1.393 1.277 1.079 0.732 0.492 0.298 0.170 0.092 0.047 0.023 0.010 0.004 0.002 0.000 0.000 0.000 0.000 0.000 0.000 0.000 0.000 0.000 0.000 0.000 0.000 0.000 0.000 0.000 0.000 0.000
1.000 1.000 1.000 1.000 1.000 1.000 1.000 1.000 1.000 1.000 1.000 1.000 1.000 1.000 1.000 1.000 0.813 0.933 1.050 1.140 1.217 1.287 1.355 1.423 1.484 1.527 1.567 1.610 1.627 1.651 1.671 1.666 1.693 1.702 1.700 1.687 1.701 1.704 1.694 1.675 1.653 1.623 1.592 1.553 1.495 1.423 1.327 1.225 1.114 0.902 0.609 0.413 0.231 0.128 0.068 0.034 0.016 0.007 0.003 0.001 0.000 0.000 0.000 0.000 0.000 0.000 0.000 0.000 0.000 0.000 0.000 0.000 0.000 0.000 0.000 0.000 0.000
0.241 0.287 0.315 0.339 0.357 0.375 0.392 0.406 0.419 0.430 0.439 0.448 0.457 0.468 0.482 0.492 0.496 0.535 0.612 0.688 0.761 0.826 0.888 0.944 1.005 1.055 1.091 1.139 1.159 1.197 1.221 1.231 1.259 1.277 1.289 1.293 1.314 1.329 1.338 1.340 1.336 1.325 1.306 1.289 1.251 1.198 1.124 1.043 0.928 0.713 0.470 0.297 0.170 0.093 0.048 0.024 0.011 0.005 0.002 0.001 0.000 0.000 0.000 0.000 0.000 0.000 0.000 0.000 0.000 0.000 0.000 0.000 0.000 0.000 0.000 0.000 0.000
0.057 0.086 0.111 0.138 0.162 0.183 0.202 0.218 0.232 0.246 0.257 0.268 0.277 0.288 0.299 0.311 0.320 0.326 0.327 0.341 0.390 0.440 0.491 0.541 0.596 0.639 0.688 0.722 0.765 0.793 0.818 0.846 0.869 0.886 0.901 0.924 0.947 0.966 0.982 0.996 1.004 1.011 1.019 1.016 0.997 0.961 0.911 0.854 0.720 0.525 0.345 0.208 0.119 0.064 0.033 0.016 0.007 0.003 0.001 0.000 0.000 0.000 0.000 0.000 0.000 0.000 0.000 0.000 0.000 0.000 0.000 0.000 0.000 0.000 0.000 0.000 0.000
0.014 0.026 0.041 0.056 0.072 0.086 0.099 0.111 0.122 0.132 0.141 0.149 0.158 0.165 0.173 0.182 0.190 0.199 0.205 0.210 0.212 0.213 0.236 0.270 0.306 0.344 0.381 0.413 0.444 0.474 0.500 0.521 0.547 0.571 0.592 0.613 0.631 0.648 0.664 0.681 0.702 0.721 0.737 0.743 0.748 0.743 0.743 0.676 0.532 0.371 0.235 0.141 0.080 0.042 0.021 0.010 0.005 0.002 0.001 0.000 0.000 0.000 0.000 0.000 0.000 0.000 0.000 0.000 0.000 0.000 0.000 0.000 0.000 0.000 0.000 0.000 0.000
0.005 0.009 0.015 0.023 0.031 0.039 0.046 0.054 0.061 0.068 0.074 0.080 0.085 0.090 0.096 0.101 0.107 0.113 0.119 0.125 0.130 0.134 0.138 0.140 0.141 0.161 0.184 0.208 0.233 0.256 0.277 0.295 0.313 0.330 0.348 0.366 0.384 0.403 0.422 0.440 0.456 0.471 0.488 0.507 0.519 0.579 0.569 0.478 0.374 0.250 0.155 0.091 0.051 0.027 0.013 0.006 0.003 0.001 0.000 0.000 0.000 0.000 0.000 0.000 0.000 0.000 0.000 0.000 0.000 0.000 0.000 0.000 0.000 0.000 0.000 0.000 0.000
0.002 0.004 0.006 0.009 0.013 0.017 0.021 0.026 0.030 0.034 0.038 0.041 0.045 0.048 0.051 0.054 0.058 0.062 0.066 0.070 0.074 0.078 0.081 0.085 0.088 0.091 0.093 0.095 0.106 0.121 0.136 0.151 0.166 0.181 0.194 0.206 0.218 0.230 0.244 0.258 0.273 0.288 0.308 0.341 0.372 0.407 0.380 0.310 0.242 0.157 0.097 0.056 0.031 0.016 0.008 0.003 0.001 0.000 0.000 0.000 0.000 0.000 0.000 0.000 0.000 0.000 0.000 0.000 0.000 0.000 0.000 0.000 0.000 0.000 0.000 0.000 0.000
0.001 0.002 0.003 0.004 0.006 0.008 0.010 0.012 0.015 0.017 0.019 0.021 0.023 0.025 0.027 0.029 0.031 0.033 0.035 0.038 0.040 0.043 0.045 0.047 0.050 0.053 0.055 0.057 0.059 0.061 0.063 0.067 0.077 0.086 0.096 0.106 0.115 0.124 0.133 0.143 0.153 0.187 0.234 0.254 0.251 0.257 0.235 0.200 0.148 0.095 0.058 0.033 0.018 0.009 0.004 0.002 0.001 0.000 0.000 0.000 0.000 0.000 0.000 0.000 0.000 0.000 0.000 0.000 0.000 0.000 0.000 0.000 0.000 0.000 0.000 0.000 0.000
0.000 0.001 0.001 0.002 0.002 0.003 0.005 0.006 0.007 0.008 0.010 0.011 0.012 0.013 0.014 0.016 0.017 0.018 0.019 0.020 0.022 0.023 0.024 0.026 0.027 0.029 0.030 0.032 0.033 0.035 0.037 0.038 0.040 0.041 0.042 0.047 0.053 0.060 0.066 0.072 0.078 0.130 0.171 0.174 0.171 0.175 0.147 0.122 0.086 0.054 0.032 0.018 0.010 0.005 0.002 0.001 0.000 0.000 0.000 0.000 0.000 0.000 0.000 0.000 0.000 0.000 0.000 0.000 0.000 0.000 0.000 0.000 0.000 0.000 0.000 0.000 0.000
0.000 0.000 0.000 0.001 0.001 0.001 0.002 0.003 0.003 0.004 0.005 0.005 0.006 0.007 0.007 0.008 0.009 0.009 0.010 0.011 0.012 0.012 0.013 0.014 0.015 0.016 0.016 0.017 0.018 0.019 0.020 0.021 0.022 0.023 0.024 0.025 0.026 0.028 0.029 0.032 0.036 0.084 0.118 0.119 0.111 0.100 0.087 0.070 0.047 0.029 0.017 0.010 0.005 0.002 0.001 0.000 0.000 0.000 0.000 0.000 0.000 0.000 0.000 0.000 0.000 0.000 0.000 0.000 0.000 0.000 0.000 0.000 0.000 0.000 0.000 0.000 0.000
0.000 0.000 0.000 0.000 0.000 0.000 0.001 0.001 0.001 0.002 0.002 0.002 0.003 0.003 0.004 0.004 0.004 0.005 0.005 0.006 0.006 0.007 0.007 0.007 0.008 0.008 0.009 0.009 0.009 0.010 0.010 0.011 0.012 0.012 0.013 0.014 0.014 0.015 0.016 0.017 0.017 0.049 0.075 0.076 0.069 0.060 0.050 0.037 0.025 0.015 0.009 0.005 0.002 0.001 0.000 0.000 0.000 0.000 0.000 0.000 0.000 0.000 0.000 0.000 0.000 0.000 0.000 0.000 0.000 0.000 0.000 0.000 0.000 0.000 0.000 0.000 0.000
0.000 0.000 0.000 0.000 0.000 0.000 0.000 0.000 0.000 0.001 0.001 0.001 0.001 0.001 0.002 0.002 0.002 0.002 0.002 0.003 0.003 0.003 0.003 0.004 0.004 0.004 0.004 0.005 0.005 0.005 0.005 0.006 0.006 0.006 0.007 0.007 0.008 0.008 0.009 0.009 0.009 0.027 0.044 0.044 0.040 0.034 0.027 0.019 0.012 0.007 0.004 0.002 0.001 0.000 0.000 0.000 0.000 0.000 0.000 0.000 0.000 0.000 0.000 0.000 0.000 0.000 0.000 0.000 0.000 0.000 0.000 0.000 0.000 0.000 0.000 0.000 0.000
0.000 0.000 0.000 0.000 0.000 0.000 0.000 0.000 0.000 0.000 0.000 0.000 0.000 0.000 0.000 0.001 0.001 0.001 0.001 0.001 0.001 0.001 0.002 0.002 0.002 0.002 0.002 0.002 0.002 0.002 0.003 0.003 0.003 0.003 0.003 0.003 0.004 0.004 0.004 0.005 0.005 0.014 0.023 0.023 0.021 0.018 0.014 0.009 0.006 0.003 0.002 0.001 0.000 0.000 0.000 0.000 0.000 0.000 0.000 0.000 0.000 0.000 0.000 0.000 0.000 0.000 0.000 0.000 0.000 0.000 0.000 0.000 0.000 0.000 0.000 0.000 0.000
0.000 0.000 0.000 0.000 0.000 0.000 0.000 0.000 0.000 0.000 0.000 0.000 0.000 0.000 0.000 0.000 0.000 0.000 0.000 0.000 0.000 0.000 0.000 0.001 0.001 0.001 0.001 0.001 0.001 0.001 0.001 0.001 0.001 0.001 0.001 0.002 0.002 0.002 0.002 0.002 0.002 0.006 0.011 0.011 0.010 0.009 0.006 0.004 0.002 0.001 0.001 0.000 0.000 0.000 0.000 0.000 0.000 0.000 0.000 0.000 0.000 0.000 0.000 0.000 0.000 0.000 0.000 0.000 0.000 0.000 0.000 0.000 0.000 0.000 0.000 0.000 0.000
