benchmarks/avaHockeySmallNullTest/release1HS_ea20151544_C_M_null_dfa_ppr.asc
ncols        1001
nrows        401
xllcorner    997.500000000000
yllcorner    -5002.500000000000
cellsize     5.000000000000
NODATA_value nan
[rows 176 to 197 of 401, columns 539 to 587 of 1001]
0 0 0 0 0 0 0 0 0 0 0 0 0 0 0 0 0 0 0 0 0 0 0 0 0 0 0 0 0 0 0 0 0 0 0 0 0 0 0 0 0 0 0 0 0 0 0 0 0
4.9449448233550468146 4.6027060552172667229 6.9043706459994185209 7.5391306499185661849 7.5391306499185661849 6.8616513170609731986 6.2675579665645964056 5.6633413771009903925 4.9506000283385365179 4.5803237940957650665 4.5837763517977867522 4.5837763517977867522 4.5501498728593121612 4.6414319635708558565 4.9499618445709474557 5.4255773406096761136 6.0260990962526950199 6.557900305730021806 6.8020926408842994348 6.3410516602318001134 6.8038527920005824612 6.9873847625114953175 6.9873847625114953175 6.8109345739329834046 6.4379564047734261223 5.915039753648264842 5.3440566264317359568 0 0 0 0 0 0 0 0 0 0 0 0 0 0 0 0 0 0 0 0 0 7.9371279973075825609
7.8672046242483570921 8.0727609675884934859 8.035430600651435995 7.7604840981635287989 7.1887799360371102964 7.4026679572325759793 7.9657475078742008279 8.5638902245454406881 8.7190761286186013734 8.7190761286186013734 8.5580678820961075814 8.0460907041783968907 7.5406592711274216256 7.4277625018310429184 7.2141424029169005649 6.9114518455706450695 6.5411544824824590094 7.5521122711698085439 7.7377211324903703016 7.6967663717534335888 7.9261341200827271081 7.9261341200827271081 7.605340102658777468 6.874210240326437571 6.4379564047734261223 6.7636678872470339385 7.4968608358021651128 8.2225540215624413065 8.6173216769831135764 8.6173216769831135764 8.5944786823111893881 8.2284831510500531238 7.609018925728729954 6.830777119097017902 5.9512908050810855443 6.0594709342778383387 6.2300451088966015689 7.1152976873934319357 6.7376570999636937742 6.2270997606538207592 6.8801451276766520948 7.7676285476449100642 8.6447964201331721767 9.2005019189698007409 9.3055994397725196876 8.9663445429271693143 8.5415368641758551149 8.38021520949998866 8.7520328076301829867
10.959748708385449234 10.627342142297287353 9.0500112654554936142 8.7546647276778042368 9.0832467469445017372 10.05229128768571023 9.9649284638921837853 10.022552319043986913 10.142955065213531185 10.810141484586624827 10.535608776761060668 10.497477134748722349 10.56111117083606743 10.53322378152603811 10.235497308480939083 9.45789576886912009 10.097431310483425904 10.097431310483425904 9.5890068726454060766 9.0417609125528546343 8.6895656416817228518 8.4440632352859665843 8.2321787748852699451 9.1750669202285006776 9.7715770402153854235 9.5144203449780206938 9.1142077284489442235 8.6593791256860495054 9.7498737825223074083 9.7498737825223074083 9.5303299070736375853 9.8881011271700032239 10.039629613756170912 10.050992406442047056 10.123067932518232226 10.051843434903892316 9.7006160903165365994 9.2722971171950483438 8.982835135358433476 9.1248451301628179522 9.4013314292297636143 9.3344918229669815446 9.3764331239518732275 9.4885079772490765748 9.5581037015059528983 9.6160271780815858023 9.6304483173644541694 9.8902044115528315871 10.469489079485194694
11.235035764505548528 11.56070766451784948 11.683017382658032801 11.450604968191710142 10.912192967963658674 11.732733807887493427 11.667981036864773614 12.034753135587747508 12.254546057403773673 12.307515509169890677 12.342175582565095837 12.341772231032038576 12.346106690399903272 12.681513678520419219 12.91173731779795375 12.927444573073819001 12.735015973876260276 12.872677314061636622 12.872677314061636622 12.669223608258516123 12.984783872089973755 13.48553280404383159 13.48553280404383159 13.47068508334118242 13.008399008670910035 12.25318208209674431 11.416702443805236911 11.17543355025673435 11.365697178986582827 11.066569530560494528 10.93251730233483876 11.418001269048968283 12.462144539526571307 12.365443209325338358 11.844523562289623442 11.150539176470928737 10.41951982049831571 9.9949833169266586452 9.9584094204713498044 10.020864608036584187 10.155758070875897658 10.251256057609488437 10.324140926407686436 10.466242368440520139 10.595160684205854551 10.692299826516727279 10.73884887816326561 10.664587095246670145 10.644943983076679217
12.554967000334201543 12.346237845267623356 12.120405753607027322 11.910873265983239477 12.377699578328019925 12.753334838553730179 12.941842248696927342 13.184127243511012395 13.749809642141430643 13.794092885399971138 13.095009689925042551 13.288784626967904856 13.42628518526601944 13.403031097884072764 13.318230227846049374 13.234654592124947214 12.761069291629155487 12.555825460531501392 12.515189783273605428 12.653279009841277514 13.019050386037532618 13.196731823660899252 13.265118766836971886 13.19006043863037192 13.426961156895874439 13.180076285658723023 12.65961379921428609 12.286165195442654507 12.902594437484379952 13.042541244268591072 13.001601312495919771 12.732666018465101487 12.613276007342900442 12.522435477421213434 12.53693887246609151 12.34559075676891382 12.01089490723265385 11.582248847559277749 11.149955088157607719 10.765883099019706748 11.126074008374537527 11.173856698453617398 11.066222106550116067 11.181879537580950768 11.3832032330296542 11.873668940528991911 12.016177619868594562 12.449059501141242379 12.801242328419634831
13.720790888673567665 13.786123385215899972 16.36433141342733677 16.36433141342733677 15.524456807245970325 14.207952082789272907 14.36226572321502104 14.369453587193820709 14.37112944557195604 14.118694434557019335 13.654587196880694222 13.194453494993021891 12.939022680301704327 12.790461784308913451 12.727763001864376591 12.68418874593006862 12.66098007772776235 12.875687939610292787 13.128060768279652848 13.205132220184339076 13.185028024290739168 13.183010626089822992 12.941143009157867638 12.817179925442406585 12.957348157286766366 13.014170408120001809 13.115536111653106843 13.178329775890404107 12.874075661027202244 12.87493247210729308 13.044639273437432792 12.884025660490754817 12.864133249835818518 12.905358489650895493 12.697199753663378274 12.432623137300065963 12.567308806658603615 12.889035425276052393 12.841954157839516881 12.521388367247183737 11.560474948033563791 11.689250476922165234 11.821253968880039764 11.848543204582197674 11.860574714947576425 11.822888084695410527 12.172268608422955438 12.571018647592033801 12.885782126293305438
15.619944366362561894 15.916125750227914537 15.733806876774794503 15.27837195962879413 16.402765785707558166 17.329532286922916029 17.456227963663625502 17.271019221124308984 17.014770426796612668 17.421430428462745255 17.824987797703549575 17.924015363185098693 17.783597603797097975 17.479756101964106563 17.993629155021704236 17.780017257374613138 17.859435228791383565 17.71660392301487974 17.001920549507566705 15.780342549475280478 13.858745819171231162 18.144016409631962716 18.144016409631973374 16.708715246803908627 14.858591760606918442 13.0386942839444675 13.070464653000573918 13.056743372609046716 13.028421132509325986 12.989454507261806171 12.982539705245079276 14.460343750993986944 13.221694825250867922 13.602528152031796438 13.906838444076758066 14.15719960025007218 14.301688989978249111 14.306923378367242705 14.263347922183513106 13.99424431152017867 13.571089645551028369 13.342335347944139556 13.289428360921725414 13.338922755241886975 13.466362180541596061 13.511390847856210584 13.546410746750160214 13.542937615878125612 13.60406976033541504
17.581141999893105776 18.41873875987811715 19.125391905519233404 19.483862628659437632 19.407232485309798165 19.26873402481140829 19.27188874531126217 19.588252860264340427 19.821556916065315335 20.019111384828992328 20.003705831315201635 19.788400892482098214 19.652060027836203204 19.715515738806779211 19.285143631067079184 19.092915111135869921 18.913941490215034236 19.382567536698719124 19.592442480706537822 19.786319259717263463 19.720024280880739553 19.113349516826286134 18.444261619924340323 19.729726098698403547 20.951064185008007712 20.480200972976103202 19.45112803673641011 19.038262886419158093 18.390503388276130181 17.820006254717238647 17.408336923285851583 17.64850502384928177 17.601240435295089526 17.298727466228633887 16.595382102752964215 15.499325021917620404 14.043497302810399319 13.95157436419771102 15.30124193838418023 16.110919693111952711 16.414692055338512944 16.414692055338520049 15.842059832108061457 14.476409973939210474 14.486961700922243779 14.373110552274834362 14.176472598802035918 14.009937617438421142 13.853228619343747496
23.0007841771948911 23.244652118025069143 23.441153674413698127 23.446430996748542697 23.512685863794910546 23.558072186533586034 23.988458923949202983 24.384368380519600095 24.522182673318230428 24.239250102339632065 24.054686720039644143 24.255953851963820256 24.595717999469041359 24.670574724283753199 23.697417666803964664 22.863634644434370102 22.771984757597081739 22.743211223598589044 22.526470632110662251 22.337633057150672045 22.338449128784450437 22.427968038129218797 22.787007899022640345 23.085146788055372014 22.927518863708865382 22.631478179880556212 21.392280668657225107 20.596248283345264696 20.01667119688234564 19.530463565577491636 19.162510392942955662 18.864011477362200964 18.623493732296545033 18.694599787586909656 18.71753048100574901 19.071780813522387632 19.131335699834071562 18.502644745398757919 18.143948742365253679 17.831698117540621951 17.952748776602422964 19.743673867384231357 20.603788180930809659 21.012055790070057526 21.384175671025012377 21.790311316487454008 21.689048925092400566 21.191557765302100336 23.076748779219137475
24.076310163529676345 24.329016948435249645 24.458447098911470619 24.559145666527502527 24.877598465472392064 25.250435015684505657 25.66138853312685697 26.045632133269002395 26.30303139876548002 25.867928554214195458 25.415403430448993305 25.297302598751805647 25.12049672264713962 24.970259903418586589 24.272974431362914771 23.669856837119731097 23.552496344202761946 23.737804275032779344 23.888302394691958597 24.125414629286318302 24.110684344119839295 24.17383793461103636 24.320886108871228259 24.657624893725941462 24.97564031896160941 25.262266229516015414 25.169874823638291872 24.163190049437023532 23.344765834817831518 22.712744436150025251 22.305775186781907848 22.00023340693813978 21.847694133519386384 21.544067110786194519 21.45300479840738106 21.276470497054880582 20.960357572065397846 20.879833119144194598 21.09165373044069014 21.53607282937575107 21.792227974124465106 21.879062425156995175 21.943182195189464778 22.124470172850784877 22.214724985911377786 22.344091471691097439 22.734584971233374517 23.166264765648502788 23.349504538180564595
23.737838537824163865 23.93376765226617664 24.009367503608423533 24.089090922847411491 24.194868331768258685 24.606125418642680103 25.032539978691975335 25.309616639297637164 25.748478343320439166 25.665998054337734402 25.246775385119363477 24.29299725312196756 23.761272298878793663 23.525312448469268389 23.327263345837291553 23.095193067157897104 22.971751997511233867 23.027253350824384626 23.20283793184839638 23.323175480478127497 23.268321408748477097 22.977166702657022768 23.076297923298628945 23.313722094996581546 23.808515669664949144 24.365743068325695475 24.12055112782010724 23.739665066344006306 23.265956766757145857 22.941678871735767586 22.84489579265037662 22.821610731106236614 22.915718470167938392 23.214324513179651177 23.433973334584361936 23.780291840873744036 24.159716270688800677 24.317920617526475269 24.396174945032456094 23.924246598564273825 23.374762107890564522 23.259215440937673236 23.433480301862022799 23.611675495351072129 23.781726743406558455 23.88153244118994678 24.077409333002911751 24.302811742038237242 24.303638890314498866
26.475053538632518979 26.576947853704911751 26.561502245653095144 26.60984476615108818 26.762693924648672805 27.066600297064923097 27.1031820909191552 26.91357001620883338 26.347119346481385094 25.801426587182017869 25.615985619212505497 25.713569062982745805 25.997114305060225803 26.12065513680197526 26.13786243145458954 26.372369383414376642 26.850094005093179561 27.296704218517945151 27.822801428565973936 27.451798341427778638 26.914830982427940143 26.340607085151731326 26.040778147251984365 25.82169949302670986 25.625234778395654445 25.67665275427857452 25.846346810031906926 26.005174989192223478 26.191772962244641576 26.462371937268120092 26.617585702578939078 26.368147908710191984 26.415019670081100855 26.66217806182818606 26.814679604397891666 26.826393867701803231 26.758262747183007235 26.645372461931032149 26.571275307093682017 26.244835656681711811 26.05464520945486484 26.050699785398755637 25.883290329938038354 25.78530730816566674 25.815660767833719547 25.96350005453918186 26.189410634707574133 26.475711314678871844 26.928391896000817951
26.860107219104712328 26.876534069601497379 26.964331513358807513 26.999196652323494305 27.093442163405072165 27.310536939699339598 27.33621141385492237 27.246324651288411189 26.684891346789161304 26.050130081957135531 25.687412484314130268 25.760734018709015913 25.908047292498032732 25.958647011171958496 26.102897088555458538 26.593407535404306685 27.242161420480030642 27.592421008938394777 27.761700505178424692 27.100706849619200511 26.73819294942668634 26.59669672816221464 26.447037954558759054 26.144316069372596445 25.980808077016117608 26.119938538554052343 26.512325313655843217 27.03403614729269222 27.186972641418002183 27.283781557596469725 27.306079096491444602 27.065519463290176105 26.862183262946437878 26.70158133410437884 26.700059389681786826 26.69704859232219718 26.846603242106809262 26.934985072049069998 27.017833201430200063 27.173933954401153557 27.342171162141987395 27.396272404345861418 27.19165705860787341 26.993739167958874958 26.95127337320284866 26.93223802787787946 27.015445648358433317 27.249217456033047569 27.620329189727403474
23.968684851797441127 24.222525988230888316 25.96813929338436111 25.043647277502483206 25.383551961141712638 25.037027431059637905 25.703660176491624156 24.528328222201952968 24.118844157718569932 23.55745146150533742 23.082200808513057666 23.223295998565578913 23.449104891378674154 23.632658739062012643 24.113374120642678378 24.605476282501786756 24.987706252308640842 24.833864588328157907 24.936233906942270266 24.866794813520332497 24.763252749136523079 24.660361220175520458 24.243587416617724983 24.145954042365509906 24.107401114641000106 24.173885531424375017 24.506706869145318706 25.164900014061643674 25.430613419567976052 25.268089574018066656 24.56720301550545571 24.357626987458999679 24.229700322640880472 24.063982559106747772 24.014200795494001994 23.994477373383446661 23.67363484342480362 23.613454788693115205 23.945554414191072112 24.342635192281651513 24.573159415083111412 25.069815325093280478 25.122100496787115986 24.765207681419415309 24.566620476514199112 24.526771634429923807 24.266130034711022034 24.260267924852804811 24.519019662259253778
27.681749190667726879 27.86963600317042733 28.195075312239204379 30.458272562353819524 32.359222937957859756 32.901955616466096899 32.238158716879908638 30.509893846052712263 36.573995261129077505 33.929856893980669952 30.851274933759796681 32.002038853872917912 30.792159288449248322 27.450751664657460083 26.99234102375341493 25.072161519603383795 23.054118682147677788 22.230297823750717612 21.964430901338506175 22.023298542391771093 22.158629637866081197 21.691520731357940122 21.069262167251793016 21.137471604291551586 20.978494254213476466 20.556214913932901567 21.156051384092108947 21.814971285243267118 22.148545280546930059 22.184596548826164053 22.146647753910571055 22.218632997388670702 22.249901929458719252 22.491959135563131866 22.908166181652521942 23.038198240071647405 23.574782762201738961 23.783129461643088831 23.912322698860098313 24.203504321644061292 24.727462442721300562 25.244884142343178013 25.400715380992387793 25.367955175831028214 24.933452654970469808 24.507032524643125981 24.286247297760013453 24.213963804305787875 24.453831161067988376
35.087308813376957062 35.405559902929020666 36.645220892112924105 37.771615517320263677 38.365126950239940129 39.189966166230185252 39.860714275381688765 40.105325638274997857 39.81492461464433319 38.914154219113733291 38.863901383836491732 41.279730931161815022 41.483697168684848577 39.330808725036526141 36.432812958509714463 33.335589358617816913 30.280913703655151892 27.392522718892433176 26.625431156152419732 26.84778550003043307 26.693100874614867024 26.393657871030974604 26.271287843467344914 26.238517115426120085 26.405068764558194516 26.427557160974391337 26.372528324977036362 26.241769845206199818 26.065765198622919741 26.043649757224375918 26.292958711807990824 26.668078005385904561 27.03850346697844742 27.476962364424821317 28.027529598648175835 28.467040695022593155 28.628889165408814677 28.417548893190478054 27.701774887512733869 27.190430218158272879 27.157806402118399802 27.370914741664655878 27.538878582652326799 27.598156989592531829 27.462322808384833195 27.236558058091919321 27.105563566143583643 27.278125170586822179 27.537991640959820216
40.933010796438630052 41.013009021767317108 41.700445397381152191 42.764005329687037715 43.830700996900290534 44.547825516423841918 44.909461050782063296 47.634101460933798933 47.54700853095341273 46.849598227568741038 45.848897814896723446 44.512613708815607083 42.768246236540910843 40.696887521512003616 38.489169377384044424 36.22994949645131868 33.680764995472777912 31.259257951672186238 28.907474383946723862 27.332846955099018516 27.451695461691297595 27.592045892602719448 27.7093101673909743 27.792497421645467881 27.908944899199617851 27.928397613934137667 27.948812978144196961 27.86409757338833515 27.8281264600579199 27.930114638760468182 28.023501875732215183 28.161512937039134385 28.457478017066023313 28.823996704897421495 29.397777224941592067 30.095833927967792221 30.239404513189651169 29.461526349796617552 28.501874953620195186 28.047920314573229206 27.988568627207673245 28.064634700059606587 28.130008294490600917 28.22014683012679015 28.242827028865146843 28.154962262304646714 27.965780684080190355 28.013456132704547485 28.30987261378372466
44.396975367000592883 44.868508132428466695 45.952065455921051296 47.124957697289083569 48.23463607078029014 48.905883189577160408 49.269943505892229041 49.103517828913552989 48.562956222895358849 47.814889644135057267 46.842995641196516488 45.604305475822052074 43.991485239620047309 42.090726713102633028 40.070191107759256965 38.572486082454879863 36.550407961340724228 34.154604588437820212 31.870136428161327302 29.482645452574139711 27.194448576465411804 26.721505942816438761 26.696460766484435112 26.615151777515055898 26.568825812713111389 26.587996311571064467 26.710164914978417272 26.840031838815086473 26.899108799335117226 27.000350293604473251 27.108486864606746281 27.307996144398472893 27.710782313757686524 28.384756448389843797 29.033479816778413607 29.626885879454228245 29.505239357056172622 28.551639077559876512 27.994628255428462893 27.858842906800088457 27.826452679664374301 27.609888489063294514 27.389463211150019362 27.197386217209508885 27.087034456288854756 27.024357434362379138 26.953439681760155366 27.073116882666695915 27.615444459679579836
45.83204343524277391 46.73947870861217524 48.021151657987161343 49.220448200681751416 50.257338477161169976 51.120273252805034758 51.486677164694576447 51.652292411552046758 51.417159196576449176 50.834102516242658965 49.864381162666063574 48.451588135239397559 46.711189670039843236 44.713613954618736557 42.472453760092662378 40.085832677344768626 37.743823183070794869 35.250517022058126315 32.975051711955423173 32.654791542286289996 31.943460411044213743 30.920227007911911699 29.069071238336231744 27.087943922819331277 25.981385747962594479 25.344182793594679737 25.189988463335094337 25.558946346900103919 25.952154174013116972 26.328297713775196343 26.921618989208134565 27.495207150126592666 27.720174089185533717 27.722816379930048214 28.275599022198118604 28.397592558126810047 28.164597793592037078 27.90681489521221792 27.632301132045828496 27.415497559893449164 27.512608634900825422 27.463530385039735648 27.383738159458971495 27.701206680929882253 27.81489499124120357 28.290315292461272634 29.099028864106738723 29.882143701148905279 30.470303652041057063
45.046638165219285099 46.263024724968310863 47.629969564324191822 48.864586294735488536 49.900509276571646922 50.712798635932749391 51.407894264411289953 52.144246727584601331 52.356594751653872777 51.488923948404931252 49.941471654590827711 48.184476332889531136 46.05932028943356471 43.729274411043718374 41.366694463409785953 38.773475510467932281 36.470720378428090669 35.684253471462575646 35.450409813754781396 35.048804008026536394 34.081641978067267473 33.199464191254925538 32.513409910962920435 32.08345205537343503 31.582348528943125388 31.272013181223307754 31.028315162403458771 30.993317151983749369 31.068834586569980871 31.221141840201195095 31.352999973996283245 31.673805197006970502 31.987985437639345321 32.136990813133003542 32.244792421794201687 32.256968315119863178 32.139821195524021391 31.970339920117858412 31.792444823200405324 31.651463698727919649 31.805558132933231974 32.066956553175032241 32.375240764499991997 32.304074045935337267 32.267976471732310983 32.637584957655519702 32.812460926248185444 33.103437599307234507 33.457315466617139066
42.014016123933885183 43.237745749265577899 44.380571117308768692 45.351421785002621334 46.001037562895128019 46.408471815127043669 46.662618717831819026 46.351358031769009926 52.425825450444932585 51.513879896570173855 49.944402445344813657 48.168192436340454776 46.007715745366446924 43.642330362729886417 41.270048122744753982 38.673470400719658358 37.085070660399715337 36.732618692814909878 36.274911508556535011 35.543251962583553905 34.666702839995217289 34.08045316067650532 33.765525444863065729 33.505943266155789217 33.109547195110387463 32.920264435685936633 32.799296282100655731 32.771944544911988828 32.775549616346737025 32.920759554295109695 32.939622638721651526 32.995580914064689182 33.089001617648811759 33.259505065128642798 33.469854506066234023 33.680686596557812607 33.771882922072045119 33.765574581612000316 33.553359263870213169 33.365388903047410452 33.427624883855756366 33.500507374390082305 33.803485158271250555 33.865670820492120185 33.889531894669374879 34.067473203741378995 33.906247237834421071 33.947096279815475839 34.115856004510156652
