benchmarks/avaHockeySmallNullTest/release1HS_null_ref_0.15500_pfd.asc
ncols         1000
nrows         400
xllcenter     1000
yllcenter     -5000
cellsize      5
NODATA_value  -9999
[rows 170 to 203 of 400, columns 385 to 461 of 1000]
0 0 0 0 0 0 0 0 0 0 0 0 0 0 0 0 0 0 0 0 0 0 0 0 0 0 0 0 0 0 0 0 0 0 0 0 0 0 0 0 0 0 0 0 0 0 0 0 0 0 0 0 0 0 0 0 0 0 0 0 0 0 0 0 0 0 0 0 0 0 0 0 0 0 0 0 0
0 0 0 0 0 0 0 0 0 0 0 0 0 0 0 0 0 0 0 0 0 0 0 0 0 0 0 0 0 0 0 0 0 0 0 0 0 0 0 0 0 0 0 0 0 0 0 0 0 0 0 0 0 0 0 0 0 0 0 0 0 0 0 0 0 0 0 0 0 0 0 0 0 0 0 0 0
0 0 0 0 0 0 0 0 0 0 0 0 0 0 0 0 0 0 0 0 0 0 0 0 0 0 0 0 0 0 0 0 0 0 0 0 0 0 0 0 0 0 0 0 0 0 0 0 0 0 0 0 0 0 0 0 0 0 0 0 0 0 0 0 0 0 0 0 0 0 0 0 0 0 0 0 0
0 0 0 0 0 0 0 0 0 0 0 0 0 0 0 0 0 0 0 0 0 0 0 0 0 0 0 0 0 0 0 0 0 0 0 0 0 0 0 0 0 0 0 0 0 0 0 0 0 0 0 0 0 0 0 0 0 0 0 0 0 0 0 0 0 0 0 0 0 0 0 0 0 0 0 0 0
0 0 0 0 0 0 0 0 0 0 0 0 0 0 0 0 0 0 0 0 0 0 0 0 0 0 0 0 0 0 0 0 0 0 0 0 0 0 0 0 0 0 0 0 0 0 0 0 0 0 0 0 0 0 0 0 0 0 0 0 0 0 0 0 0 0 0 0 0 0 0 0 0 0 0 0 0
0 0 0 0 0 0 0 0 0 0 0 0 0 0 0 0 0 0 0 0 0 0 0 0 0 0 0 0 0 0 0 0 0 0 0 0 0 0 0 0 0 0 0 0 0 0 0 0 0 0 0 0 0 0 0 0 0 0 0 0 0 0 0 0 0 0 0 0 0 0 0 0.00154054 0.00584546 0.00999345 0.0137687 0.0164422 0.0189083
0.0539439 0.0553484 0.0551946 0.0542281 0.055597 0.0563444 0.0576033 0.0589261 0.0606627 0.0624558 0.0628304 0.0642748 0.0654318 0.0671553 0.06676 0.0680476 0.0683048 0.0690387 0.0670121 0.0682887 0.0683147 0.067812 0.0675322 0.0681845 0.0704517 0.0697007 0.0721053 0.0732372 0.0729239 0.0747418 0.0754637 0.075069 0.0734147 0.0750235 0.0750013 0.0733759 0.0747553 0.0750644 0.07967 0.0807225 0.0835085 0.0832261 0.0840781 0.0838515 0.0831573 0.0833585 0.0835769 0.0827883 0.0842572 0.0826457 0.0837918 0.0833 0.0831064 0.0844196 0.0839133 0.0849329 0.086469 0.0896092 0.0874119 0.0872797 0.0940285 0.108052 0.122818 0.135775 0.152886 0.164057 0.181865 0.200885 0.205431 0.217765 0.225346 0.233436 0.228833 0.222185 0.219285 0.2141 0.214483
0.199487 0.191963 0.195895 0.200575 0.196147 0.201456 0.20464 0.205346 0.207533 0.210193 0.210671 0.210506 0.212318 0.213384 0.214822 0.227703 0.244825 0.255998 0.258637 0.256641 0.250813 0.232379 0.231426 0.235141 0.226772 0.223679 0.215116 0.215435 0.214129 0.213431 0.223156 0.230796 0.236484 0.240761 0.244672 0.250154 0.258278 0.247838 0.223362 0.223742 0.222445 0.220049 0.21494 0.224257 0.228801 0.230447 0.229202 0.224425 0.235599 0.244728 0.246384 0.250411 0.248676 0.247514 0.255379 0.26255 0.266621 0.26327 0.273784 0.281671 0.311884 0.322467 0.327634 0.329127 0.327758 0.323398 0.320697 0.318315 0.301928 0.278728 0.281171 0.286479 0.284976 0.285897 0.278618 0.288201 0.295004
0.348346 0.345259 0.339189 0.341279 0.344363 0.356237 0.360527 0.363796 0.365624 0.368683 0.37819 0.393125 0.400135 0.387424 0.37216 0.374814 0.373617 0.375155 0.360195 0.35644 0.327822 0.325238 0.335815 0.327547 0.323238 0.305524 0.299764 0.301763 0.313356 0.318103 0.317546 0.306473 0.307975 0.307392 0.330445 0.336972 0.335474 0.332226 0.314646 0.288379 0.292671 0.302729 0.302336 0.311831 0.306939 0.308517 0.325261 0.329352 0.317808 0.336419 0.348197 0.366139 0.370844 0.357508 0.348527 0.334886 0.336775 0.336051 0.332978 0.327314 0.321901 0.313899 0.309055 0.319763 0.328985 0.335483 0.348802 0.362703 0.365213 0.358345 0.349413 0.350883 0.336595 0.33177 0.319557 0.316084 0.290721
0.424027 0.407576 0.391357 0.385193 0.418166 0.433133 0.433636 0.427918 0.426179 0.414468 0.418671 0.428387 0.42473 0.445255 0.464421 0.453793 0.439194 0.412496 0.390983 0.36316 0.378563 0.386214 0.409754 0.445399 0.45994 0.458553 0.439439 0.419152 0.419198 0.428787 0.425784 0.418817 0.408869 0.39627 0.373733 0.36714 0.350646 0.350418 0.361273 0.368104 0.372735 0.368297 0.363978 0.371041 0.378423 0.376866 0.369455 0.372007 0.377296 0.383552 0.377173 0.366361 0.36569 0.375585 0.389214 0.409669 0.423803 0.424168 0.424736 0.42141 0.411331 0.400489 0.39756 0.396305 0.396942 0.407502 0.396504 0.375284 0.37878 0.388136 0.430671 0.439105 0.432874 0.410682 0.383008 0.362717 0.352065
0.500235 0.526473 0.583255 0.613121 0.620274 0.635141 0.634677 0.620153 0.606077 0.609173 0.583448 0.562839 0.563003 0.562651 0.579716 0.591058 0.589431 0.583546 0.56457 0.572474 0.579158 0.589092 0.591068 0.586267 0.5624 0.544944 0.516268 0.516379 0.504152 0.492247 0.492496 0.505755 0.499125 0.480452 0.452517 0.445394 0.429494 0.418432 0.446299 0.501749 0.529519 0.542134 0.543401 0.52426 0.496079 0.458063 0.431271 0.405311 0.4366 0.448497 0.454966 0.44668 0.425572 0.400484 0.391114 0.396365 0.410707 0.429106 0.458816 0.484275 0.49918 0.510873 0.538237 0.557121 0.566805 0.562116 0.545134 0.513448 0.500706 0.520732 0.525517 0.506685 0.527591 0.549957 0.561114 0.569861 0.571086
0.645835 0.636278 0.629625 0.639863 0.64052 0.639108 0.626225 0.604656 0.588007 0.57494 0.591771 0.620361 0.634748 0.639106 0.642882 0.625532 0.627649 0.639506 0.651685 0.65309 0.657226 0.65777 0.647539 0.641438 0.623807 0.617419 0.625694 0.62865 0.651388 0.658605 0.636204 0.598098 0.554278 0.534357 0.524343 0.520165 0.507387 0.512246 0.501696 0.491173 0.498591 0.509596 0.490412 0.489018 0.491375 0.503596 0.49447 0.485175 0.459601 0.440638 0.463952 0.484583 0.493344 0.494295 0.487841 0.480613 0.473718 0.488873 0.522369 0.562737 0.578777 0.577137 0.5819 0.594756 0.603715 0.601031 0.606533 0.609254 0.628204 0.637539 0.6462 0.638257 0.629026 0.620429 0.621953 0.622899 0.615837
0.632973 0.635771 0.643173 0.650621 0.675199 0.686394 0.683578 0.690953 0.688544 0.694996 0.700133 0.698251 0.693992 0.685934 0.680393 0.681379 0.682615 0.691105 0.688591 0.678026 0.678674 0.676786 0.668475 0.666422 0.658098 0.648038 0.637614 0.633072 0.631146 0.642721 0.649894 0.643353 0.625222 0.611635 0.610214 0.604714 0.598743 0.595498 0.605768 0.628525 0.630768 0.649179 0.638775 0.60651 0.611952 0.620732 0.619892 0.619376 0.61681 0.613164 0.601939 0.614172 0.598164 0.593563 0.594589 0.613316 0.619852 0.609092 0.598937 0.602621 0.598969 0.599698 0.594895 0.596868 0.602396 0.604478 0.62113 0.627859 0.647873 0.656686 0.686213 0.686551 0.665855 0.651167 0.639537 0.639815 0.62654
0.627106 0.632506 0.653212 0.66977 0.675208 0.686581 0.684671 0.689137 0.690058 0.688462 0.710693 0.727874 0.706216 0.696776 0.668144 0.650842 0.629293 0.624651 0.608304 0.613292 0.629091 0.621222 0.612722 0.611315 0.624948 0.623674 0.635319 0.625996 0.63216 0.641838 0.647867 0.6584 0.669284 0.67476 0.682361 0.695114 0.709628 0.702802 0.699042 0.697805 0.686696 0.68778 0.688962 0.69648 0.706453 0.708702 0.698619 0.708096 0.713551 0.710234 0.702042 0.691938 0.682639 0.677994 0.677782 0.694631 0.696622 0.683655 0.669531 0.650745 0.62849 0.606423 0.579934 0.57192 0.570005 0.590901 0.605507 0.628894 0.636551 0.626113 0.640886 0.641829 0.629226 0.608806 0.589702 0.557154 0.567508
0.694134 0.671808 0.690202 0.717697 0.761375 0.798136 0.8315 0.852698 0.844046 0.853517 0.813208 0.810743 0.81098 0.807675 0.795622 0.779324 0.751274 0.728012 0.740776 0.726164 0.694554 0.664926 0.634719 0.613816 0.588157 0.582921 0.580211 0.577617 0.590885 0.645886 0.695001 0.716901 0.702916 0.694291 0.646876 0.633897 0.62612 0.63571 0.620596 0.609054 0.602909 0.607866 0.613246 0.61884 0.637716 0.635517 0.657944 0.652543 0.634823 0.646712 0.652046 0.661109 0.649523 0.671903 0.723734 0.729375 0.703842 0.703743 0.704897 0.701141 0.709642 0.722532 0.72762 0.728093 0.734573 0.731015 0.725332 0.718088 0.697745 0.685463 0.678483 0.665991 0.667716 0.677834 0.689293 0.712621 0.718001
0.915998 0.887322 0.870608 0.85464 0.82011 0.844975 0.8588 0.846731 0.831573 0.842039 0.848946 0.84543 0.828365 0.828562 0.857735 0.879086 0.888881 0.88857 0.919472 0.927498 0.923928 0.903159 0.871832 0.895255 0.913343 0.946476 0.949284 0.929069 0.918615 0.934634 0.925809 0.912036 0.915539 0.897933 0.873812 0.849517 0.853983 0.865784 0.863994 0.839579 0.801927 0.761794 0.732182 0.805171 0.845898 0.871107 0.879089 0.862958 0.82722 0.813587 0.787752 0.795351 0.834347 0.820813 0.78324 0.759798 0.733496 0.739087 0.742599 0.767752 0.789029 0.803638 0.808485 0.815621 0.804801 0.813908 0.825406 0.829791 0.818892 0.791766 0.757756 0.740577 0.721944 0.712855 0.697852 0.700047 0.700858
1.1156 1.09107 1.05688 1.04529 1.02838 1.01225 0.966731 0.919261 0.93583 0.966527 0.987211 1.00761 1.02434 1.01696 1.00229 1.0031 0.991834 0.998874 1.00523 0.998304 1.01332 1.02654 1.04683 1.07884 1.08531 1.11118 1.1107 1.11566 1.13264 1.0876 1.07102 1.05468 1.06927 1.07216 1.09411 1.10657 1.11364 1.09075 1.05304 1.07209 1.07417 1.10799 1.11761 1.074 1.10097 1.1033 1.11531 1.12721 1.08492 1.069 1.06244 1.04372 1.03453 1.03421 1.03389 1.05557 1.04485 1.04434 1.01421 1.02658 1.0086 1.05714 1.05814 1.05628 1.06115 1.03279 1.0252 0.990341 0.991065 0.985633 0.960921 0.96671 1.00268 1.02878 1.04861 1.07727 1.08445
1.1636 1.17007 1.15852 1.13657 1.13381 1.0904 1.06411 1.03137 1.0329 1.04618 1.04823 1.05184 1.05285 1.07183 1.09069 1.06534 1.05932 1.08236 1.07777 1.0734 1.09301 1.11277 1.12197 1.11974 1.1337 1.1745 1.19359 1.19569 1.21465 1.19026 1.19403 1.17726 1.19785 1.20929 1.23219 1.22379 1.253 1.2559 1.26116 1.23549 1.22577 1.19143 1.18664 1.12648 1.12852 1.10666 1.11479 1.13808 1.13589 1.15074 1.16216 1.19997 1.21757 1.24012 1.22729 1.2165 1.22952 1.1978 1.19893 1.18272 1.13741 1.13653 1.14396 1.14558 1.15665 1.13498 1.13648 1.18068 1.17485 1.23004 1.21628 1.25242 1.25679 1.29597 1.26436 1.27389 1.24439
1.21531 1.19994 1.22673 1.21002 1.21708 1.19294 1.14807 1.12225 1.0894 1.06056 1.02825 1.03715 1.05537 1.0579 1.0873 1.08506 1.08538 1.10255 1.10926 1.12425 1.15157 1.16455 1.19329 1.21746 1.22041 1.24199 1.23961 1.22825 1.2381 1.20845 1.22936 1.21279 1.24797 1.23135 1.26634 1.28379 1.30213 1.30382 1.30629 1.2881 1.24893 1.24798 1.23964 1.25108 1.25817 1.26142 1.28701 1.28866 1.33321 1.34121 1.32868 1.31797 1.31141 1.28853 1.28709 1.29869 1.29212 1.31878 1.31257 1.28733 1.29768 1.27551 1.29332 1.30641 1.30917 1.32143 1.30959 1.32531 1.31808 1.36433 1.32713 1.35723 1.32853 1.32808 1.33121 1.322 1.30722
1.19213 1.20572 1.15566 1.15544 1.16614 1.15154 1.14467 1.13531 1.14098 1.13585 1.15837 1.1876 1.16238 1.17374 1.20976 1.20008 1.20521 1.17488 1.14673 1.18072 1.15875 1.18233 1.16504 1.17456 1.17096 1.18325 1.19971 1.22681 1.21386 1.24127 1.23453 1.24433 1.26828 1.27373 1.29793 1.30902 1.32755 1.35172 1.35233 1.32187 1.29071 1.28166 1.27682 1.29113 1.2895 1.30287 1.31256 1.33067 1.35825 1.35193 1.36474 1.36862 1.37423 1.35967 1.37399 1.38231 1.38796 1.41158 1.41432 1.43829 1.42057 1.41042 1.42263 1.41605 1.41438 1.375 1.37352 1.3854 1.36497 1.37416 1.36726 1.37229 1.37432 1.35346 1.37798 1.36989 1.34579
1.15245 1.16215 1.17161 1.17768 1.12281 1.13078 1.11942 1.1184 1.12436 1.10315 1.12246 1.11498 1.11584 1.14348 1.16359 1.16184 1.14972 1.15506 1.15201 1.17153 1.19432 1.19163 1.22166 1.23302 1.24687 1.27646 1.29149 1.32263 1.32895 1.31988 1.35051 1.3585 1.36395 1.36833 1.39631 1.39385 1.38949 1.39081 1.37603 1.38692 1.36019 1.34311 1.36298 1.37919 1.36461 1.35425 1.3672 1.35165 1.36624 1.35786 1.3276 1.3316 1.30844 1.31094 1.34149 1.35782 1.40395 1.37361 1.41321 1.37738 1.3302 1.33614 1.3187 1.31698 1.33988 1.30275 1.31294 1.30299 1.27566 1.28316 1.27181 1.27138 1.26964 1.27319 1.29497 1.28433 1.27177
1.16546 1.18712 1.19314 1.21786 1.21196 1.21294 1.22303 1.20683 1.18317 1.18831 1.18454 1.2094 1.21705 1.24295 1.24665 1.25202 1.26344 1.27438 1.24019 1.25529 1.27338 1.26104 1.25749 1.27031 1.28705 1.30263 1.30259 1.32713 1.30309 1.30215 1.33196 1.33339 1.34139 1.34945 1.37595 1.33686 1.33829 1.32441 1.34034 1.33107 1.31554 1.33408 1.31283 1.30684 1.30106 1.31513 1.32442 1.37064 1.33957 1.34271 1.32625 1.33171 1.33918 1.35239 1.39883 1.4135 1.40992 1.40407 1.39287 1.33977 1.30884 1.26395 1.25638 1.2355 1.2667 1.26598 1.27322 1.23025 1.24905 1.23352 1.21958 1.18019 1.15155 1.16422 1.15337 1.18874 1.18629
1.30648 1.31208 1.32662 1.32546 1.30989 1.30219 1.29779 1.29919 1.30745 1.28398 1.28091 1.27557 1.2817 1.27259 1.26806 1.24834 1.24232 1.233 1.24602 1.25622 1.22588 1.24506 1.2366 1.24676 1.24925 1.23288 1.23875 1.22464 1.22197 1.2395 1.22977 1.26479 1.29368 1.28126 1.28539 1.24869 1.27028 1.23948 1.25528 1.26161 1.23057 1.26779 1.23862 1.2422 1.23215 1.21997 1.25314 1.24822 1.24025 1.2467 1.18787 1.19695 1.14155 1.15333 1.12497 1.11884 1.13276 1.17444 1.18727 1.18184 1.15457 1.09456 1.08918 1.08619 1.09859 1.12827 1.11667 1.14224 1.14401 1.15496 1.09697 1.06927 1.0697 1.06167 1.04821 1.05869 1.03168
1.36559 1.3691 1.37727 1.36796 1.36569 1.36573 1.35684 1.36506 1.36015 1.35608 1.35372 1.35827 1.36025 1.36053 1.36504 1.3706 1.36198 1.35597 1.36152 1.35208 1.33473 1.3113 1.28929 1.27431 1.26195 1.24885 1.2326 1.20846 1.18525 1.18897 1.18245 1.18235 1.20714 1.19795 1.22668 1.20524 1.19575 1.15858 1.15499 1.11955 1.11143 1.10756 1.07096 1.09209 1.07083 1.11659 1.08204 1.0954 1.07811 1.06241 1.06275 1.06041 1.05041 1.0451 1.06538 1.01861 1.0169 0.997155 0.96471 0.967606 0.955104 0.915116 0.899993 0.899101 0.91232 0.928131 0.913292 0.912679 0.899829 0.907702 0.940055 0.950427 0.942356 0.960837 0.958702 0.964355 0.927148
1.3431 1.33941 1.33786 1.36047 1.35747 1.34802 1.36512 1.41944 1.40631 1.38864 1.38961 1.38581 1.38535 1.39653 1.41166 1.4121 1.40085 1.40539 1.4067 1.41422 1.40646 1.40552 1.41182 1.41997 1.42615 1.43839 1.44221 1.4467 1.42448 1.39074 1.37971 1.36268 1.34291 1.3153 1.31024 1.27575 1.2275 1.22446 1.21249 1.14563 1.15472 1.14078 1.10152 1.06872 1.05316 1.02178 1.003 0.968902 0.925644 0.971437 0.991971 0.983255 0.982775 0.991406 1.0024 0.996661 1.00204 1.00481 1.00097 0.993477 1.0316 1.0566 1.07768 1.0878 1.06534 1.05033 1.0647 1.07379 1.10406 1.11534 1.11654 1.11036 1.101 1.10817 1.11474 1.14401 1.14121
1.40348 1.36765 1.37087 1.34161 1.33831 1.36274 1.33569 1.3394 1.36577 1.32969 1.36038 1.37778 1.35962 1.37467 1.393 1.40469 1.42326 1.45411 1.48373 1.50313 1.52911 1.54714 1.55885 1.57221 1.60484 1.63806 1.64753 1.6473 1.68122 1.7032 1.67474 1.68679 1.66221 1.63224 1.61951 1.58731 1.52892 1.53539 1.49011 1.41271 1.42297 1.37569 1.3085 1.29118 1.28084 1.24447 1.18175 1.1818 1.15107 1.14446 1.16466 1.18966 1.22568 1.20331 1.21034 1.21428 1.20479 1.22412 1.23797 1.22937 1.24657 1.27271 1.31458 1.3272 1.3198 1.33537 1.32479 1.3074 1.28084 1.30709 1.33764 1.37462 1.37608 1.37439 1.35885 1.35438 1.30814
1.48703 1.4662 1.47243 1.46363 1.47349 1.4511 1.47329 1.48715 1.49898 1.46656 1.45627 1.45386 1.45995 1.44447 1.45249 1.44648 1.47508 1.51659 1.56357 1.60281 1.63803 1.6721 1.71116 1.73784 1.76397 1.8077 1.81732 1.83882 1.86197 1.83439 1.83464 1.85899 1.84259 1.87905 1.85667 1.86409 1.84604 1.816 1.80786 1.75373 1.74539 1.71219 1.68924 1.62473 1.56805 1.52995 1.4564 1.43519 1.38089 1.32419 1.30531 1.29923 1.30587 1.32277 1.33527 1.3418 1.34703 1.35556 1.35545 1.3362 1.35655 1.35036 1.36604 1.37262 1.39667 1.4141 1.39918 1.40883 1.40963 1.40689 1.4079 1.41721 1.41552 1.39876 1.38879 1.39422 1.38432
1.37885 1.35629 1.349 1.33851 1.36216 1.39763 1.40803 1.44063 1.4726 1.48994 1.50907 1.53759 1.56958 1.61587 1.65014 1.6774 1.71702 1.74608 1.75912 1.78069 1.79122 1.7899 1.81243 1.81038 1.83141 1.85131 1.84236 1.85785 1.86242 1.88542 1.90812 1.90619 1.94887 1.95081 1.98853 1.98028 1.97276 2.00246 1.98536 1.9962 1.93928 1.92171 1.88714 1.84401 1.82949 1.77632 1.75875 1.70886 1.68106 1.61648 1.57324 1.52503 1.44172 1.40203 1.35017 1.34153 1.32361 1.32894 1.32202 1.31035 1.31713 1.31199 1.33972 1.33881 1.35695 1.36839 1.3687 1.40512 1.36869 1.37295 1.37268 1.34869 1.3103 1.29081 1.26153 1.2649 1.2586
1.59047 1.60323 1.60636 1.61485 1.61606 1.64735 1.66388 1.66737 1.68833 1.71546 1.73547 1.72322 1.72995 1.74595 1.72923 1.74009 1.74123 1.71309 1.72653 1.74589 1.7775 1.78714 1.82989 1.84403 1.88545 1.89458 1.91926 1.90494 1.89716 1.92279 1.90986 1.91033 1.90118 1.9119 1.93401 1.9165 1.9498 1.94883 1.96506 1.96119 1.97593 1.99259 1.94753 1.95525 1.9173 1.90463 1.8698 1.83175 1.79019 1.76323 1.70966 1.64037 1.608 1.52792 1.45105 1.42849 1.33914 1.28134 1.26516 1.18652 1.20383 1.19045 1.19821 1.19497 1.21464 1.25007 1.27088 1.28246 1.24784 1.25073 1.25828 1.24763 1.23091 1.1895 1.18342 1.17668 1.16744
1.66481 1.67615 1.66893 1.70193 1.7112 1.70196 1.71763 1.73742 1.72326 1.74357 1.74803 1.7334 1.75266 1.74732 1.73042 1.74178 1.70729 1.73236 1.73766 1.7456 1.7658 1.75211 1.77376 1.80199 1.83082 1.84397 1.83686 1.84409 1.85032 1.86611 1.85494 1.81232 1.77005 1.7834 1.77623 1.75694 1.77754 1.79715 1.85192 1.87166 1.87407 1.88891 1.85068 1.87239 1.83924 1.80973 1.79761 1.75517 1.75231 1.68772 1.6544 1.6452 1.59949 1.56115 1.49505 1.45256 1.38579 1.28412 1.22979 1.16594 1.09874 1.05702 1.0217 0.972057 0.984114 1.00866 0.992663 1.00617 1.0006 0.992866 1.02209 1.0267 1.05201 1.01961 1.03757 1.00391 0.996539
1.78646 1.75773 1.77513 1.76408 1.74439 1.77451 1.78565 1.77014 1.73355 1.74314 1.73804 1.71203 1.72093 1.70917 1.69423 1.67211 1.63802 1.59321 1.59347 1.55596 1.55657 1.55737 1.56014 1.59679 1.63173 1.68694 1.6958 1.71761 1.76247 1.8062 1.80438 1.8108 1.79216 1.78463 1.77396 1.76713 1.75906 1.72972 1.71407 1.74048 1.73429 1.71928 1.72808 1.70365 1.7112 1.68888 1.63575 1.62882 1.6107 1.56897 1.55202 1.49696 1.48547 1.45777 1.44369 1.38963 1.33176 1.28289 1.20956 1.12908 1.05177 1.01916 0.984368 0.946195 0.93475 0.921437 0.913086 0.910205 0.921471 0.920703 0.918527 0.924476 0.936257 0.932411 0.92256 0.950837 0.962063
1.67051 1.68448 1.68538 1.67168 1.65686 1.6822 1.68645 1.67051 1.64994 1.64882 1.63795 1.62456 1.64147 1.63116 1.6023 1.58036 1.55675 1.52135 1.50335 1.49793 1.49574 1.51519 1.522 1.5158 1.50694 1.51754 1.49313 1.50841 1.53862 1.55604 1.57408 1.5705 1.55666 1.54597 1.515 1.51745 1.50612 1.51667 1.50794 1.49836 1.53831 1.5788 1.59198 1.6349 1.64446 1.64715 1.63777 1.57929 1.53123 1.49053 1.42683 1.34347 1.29031 1.27177 1.24347 1.26005 1.27806 1.25904 1.19572 1.11711 1.06627 1.01579 0.972105 0.924632 0.919366 0.918473 0.932465 0.945615 0.937701 0.92479 0.921082 0.917391 0.915324 0.892268 0.894991 0.89672 0.886587
1.64918 1.63291 1.61622 1.59453 1.59574 1.5935 1.57152 1.5348 1.50248 1.51061 1.50581 1.49028 1.46693 1.42863 1.38569 1.3643 1.35537 1.34203 1.34791 1.32382 1.28428 1.25728 1.25521 1.26088 1.25581 1.26895 1.30306 1.34547 1.3507 1.34843 1.3705 1.34595 1.29979 1.25087 1.25159 1.24722 1.27299 1.30683 1.31888 1.30966 1.27122 1.23424 1.22432 1.23687 1.22647 1.22139 1.24844 1.25198 1.24229 1.21387 1.1669 1.14559 1.12666 1.09859 1.12323 1.11718 1.12038 1.10873 1.06103 1.0108 0.957171 0.910541 0.878679 0.867743 0.881103 0.880941 0.904484 0.928499 0.960255 0.971553 0.95716 0.942209 0.945398 0.959855 0.948721 0.921048 0.936801
1.44771 1.43684 1.42808 1.4262 1.42862 1.43206 1.42164 1.44154 1.4507 1.42342 1.37756 1.32753 1.28753 1.24908 1.24733 1.26762 1.24309 1.24043 1.24562 1.23822 1.21282 1.17055 1.13774 1.12305 1.12372 1.13477 1.10715 1.09458 1.12078 1.13232 1.15293 1.13536 1.13586 1.1188 1.09628 1.10751 1.1154 1.1402 1.13659 1.14235 1.12006 1.10689 1.09433 1.09328 1.1223 1.13686 1.11287 1.10534 1.0944 1.0968 1.09084 1.10143 1.0932 1.09727 1.08517 1.06386 1.04387 1.05962 1.04435 1.05538 1.0519 1.07296 1.07689 1.08185 1.07497 1.09586 1.1267 1.11303 1.13314 1.14548 1.17645 1.19 1.16525 1.16367 1.16716 1.16039 1.16335
