benchmarks/avaHockeySmallNullTest/release1HS_ea20151544_C_M_null_dfa_pft.asc
ncols        1001
nrows        401
xllcorner    997.500000000000
yllcorner    -5002.500000000000
cellsize     5.000000000000
NODATA_value nan
[rows 210 to 230 of 401, columns 539 to 587 of 1001]
0.48848326038835243601 0.48869303667012670145 0.498852859815260119 0.50741734804630878042 0.49741687476381646338 0.49852006086344885505 0.52219477750433673791 0.53853268483420413393 0.54011580143183779423 0.54070753433559215484 0.54069693454041356517 0.53748344197387620813 0.54629920378303931106 0.54316929143752024078 0.54351751330525166495 0.54565833091780491237 0.53008770989703068999 0.54213715864618128304 0.55040564043278994433 0.54840350346441846252 0.53758987291106008488 0.54553541064327470966 0.57238862165495263401 0.60282642625178650686 0.6374084863124775957 0.66277032105876076962 0.66551819007023904629 0.66649182168554843564 0.65965041420402914518 0.64363295680789323061 0.64462679948080858772 0.62671827471151841937 0.6115088831779840195 0.59351493441860592171 0.5833684847860339806 0.5810795720389104746 0.57871176601884810609 0.57194120054802677355 0.58071559312276699316 0.56815615461737511982 0.5724516773566179495 0.54640562347786603148 0.54339819841244385579 0.57378144283673671033 0.57248172990883239297 0.55409498578137383884 0.56563976492192757917 0.55433078600538066016 0.56096253614286151201
0.62547481371251467674 0.62307917824220981906 0.62646395732425363967 0.60960310699067088436 0.59985415229717786723 0.58406819628963868585 0.57640403386680105768 0.57561930594991039811 0.55242260721829350434 0.53458342493066224321 0.51829591661800622493 0.52987504171534227648 0.53262635614403019968 0.52735798057738991762 0.55818643875395312914 0.55567663611351303388 0.55960067440669902794 0.57058042259058605605 0.57091604532565698449 0.56497229416241501188 0.55149838693766539688 0.54077216761296253988 0.53026860213701587643 0.51833035393816295766 0.50695415829785184236 0.50521788856920579747 0.51227297028744922525 0.51309406045177685662 0.51213670933461430401 0.50609073036800067413 0.49835743726371023454 0.49030046677198707572 0.48086637955425637347 0.48399436091802611193 0.47039478004231577435 0.47119663866885530545 0.50796008472526565924 0.54970066720915544689 0.56882248299649640355 0.5686120207427941553 0.56263415264046579001 0.56353815437300014413 0.56212032431002512123 0.55613256921678411171 0.5487885235342512269 0.55622936113390974988 0.55652693399950636799 0.55959524361710721863 0.55802268792662834684
0.59307616508764282592 0.58327531520076458804 0.57833069195383357552 0.56816331082181614764 0.59971786221794931571 0.60055241589496244359 0.59242142516224949311 0.59582446820035606105 0.61956017199839596987 0.60475518749840717625 0.60368617418499881389 0.56992598418756568179 0.55394362792459306277 0.53976116974841914509 0.52026855861759735422 0.50182664331247406331 0.49289897011719419062 0.47443138332484274811 0.44318168774467509019 0.43685437620040090678 0.43179532223563793503 0.41214647451377994791 0.41006358128818798381 0.40416964965637214302 0.40198086497356882996 0.42125854302862775214 0.43655150695083738688 0.43026862048693709228 0.4322124239400259027 0.43141755454969099581 0.41909434420891922279 0.42324044545252381688 0.40252874038228114717 0.41123139395499647142 0.42095603477076376508 0.42652738855407579255 0.42821785153648683764 0.42765186352239520362 0.43295477320821529332 0.43102721640123575764 0.43465040261038839775 0.43143082223771844763 0.444668282359429623 0.45556789567749134129 0.45781967830064834724 0.44777685043615689242 0.44687746643022857596 0.47885142809909864159 0.51424717614384352071
0.49723913589663620849 0.48372494428257450938 0.46205636741179700877 0.45208018662109455965 0.45653534523032829329 0.46137475387456866605 0.46133250064146769098 0.47074639449399513502 0.4756175590199840375 0.47411952858730793681 0.45852062786827890717 0.43883608338378210512 0.42690791086927060149 0.42830092989665607961 0.41777317873725877684 0.4110084050670591016 0.40508354503280530334 0.40413460176050952644 0.41177375267684523941 0.42653605805763000758 0.43617484452146382257 0.44155833014682799309 0.43244672126881916752 0.42471666098423715985 0.42177529131483465497 0.41909658511321185026 0.42820584610821799121 0.41972196412051665515 0.41021453866330931382 0.41742959204646895577 0.41651712769165655237 0.40482178161149223738 0.40905684977360062815 0.40923445028482952068 0.39535027251524729186 0.39179667952683794319 0.3965122178397977315 0.40436128814886168614 0.40911430759822559056 0.3928900620645587316 0.36253676299556880647 0.38256993789274823525 0.39195223886444985339 0.39038698304113461646 0.40694698906618503864 0.43405317345018223918 0.46175589992627558145 0.48414480611501897744 0.50511950359253621201
0.45916486379935173012 0.46363103356837198632 0.46582449993511060304 0.46562345815182359932 0.45274000999386626587 0.45432861552145070716 0.46137686081333612043 0.45184640104591289322 0.44615628629958792306 0.44709339746397341875 0.4414271689261587972 0.4367964007014297767 0.44341299472363771006 0.44068582944532125323 0.43284992907395081208 0.45018715816971033306 0.45181573731520446868 0.45081552848642603148 0.44809840623673047322 0.44086736552342525863 0.43736529768640391991 0.44240582010605794538 0.43876802426030175885 0.43031309467424327941 0.41880046290617845006 0.40162378972709772418 0.40357672188224652521 0.40424013900124117216 0.41614190637459369526 0.42936284928139134554 0.44846348809723657336 0.46775636445482982051 0.46756658626055114247 0.46099277627322132744 0.44954100173745020763 0.42918217705713607169 0.41364770425672586773 0.41725913848930051842 0.41258448152523996555 0.40571523436140849439 0.41891992807347938621 0.43234654251360732369 0.45161198615576875204 0.46823879811548108076 0.47088592152681685299 0.47094543800410054724 0.46205681873754889111 0.47281104050130950966 0.46722471872655585434
0.44022712101094579884 0.45068269895772855582 0.45217476369704817651 0.44541539360132936798 0.43632689475182218075 0.42598037161961066488 0.41613314499057768581 0.41106993407059200241 0.42246867034025831211 0.4097054383004978817 0.40463806871204799354 0.39408654422944860984 0.3967972590389886034 0.40381057638792988707 0.40199238938512754649 0.39691765901259523641 0.3947298923349082389 0.39271813849339143321 0.40363847916597694887 0.4219401224533448902 0.41903454246978116826 0.42909655559061304908 0.42474329070669447628 0.44171461549934226687 0.4441865238809439842 0.44550340277023620095 0.44956740961504348952 0.4625557874883245435 0.46310503900049643233 0.47226746457221652209 0.46568532130810225134 0.46442080372038857528 0.45729605531535494345 0.44027990340676437242 0.43222690950925179987 0.42227826360685394302 0.4097206640534422073 0.41764823394054145789 0.42558009484569481184 0.42792818815715016889 0.43111464044200487056 0.42098641144803261582 0.40808575693920207117 0.41676780142243502469 0.41499907745593195285 0.41200290519894400276 0.41338254731048601487 0.42171293204322096715 0.42470317376239236085
0.42662067880075776882 0.42072028494992813608 0.4068119523695414852 0.39467800873214270441 0.38329135205841380341 0.37152112652874547116 0.40123134886359967943 0.42162040786617699384 0.43622338395137516542 0.44226952637768424115 0.44247526937390901924 0.4369203417454545213 0.42743770980063550136 0.41988960074510889298 0.4252646624807546738 0.42975753906938629623 0.43332324502181146508 0.43589621405017781042 0.43511388934434758191 0.41917586131334794164 0.43486147235319372317 0.43657534858094776409 0.45176328366628426547 0.44355941380218566472 0.46326315509384452529 0.45727136746902558029 0.43532682994802168741 0.44097074963045601592 0.42281779477129666223 0.4046188685051738676 0.3978746878979151913 0.39074864010180465623 0.38981011973962359507 0.38787559972021790067 0.40106047217008322647 0.4030365425204348595 0.4086116659693104225 0.40452338831994066881 0.40958687295825141339 0.39628474455199630411 0.40129462236465818226 0.40846258379614697187 0.4092800671354215325 0.41098294229300991187 0.41052501588442591451 0.40362393768879639699 0.40888850440131818686 0.41119988588204681168 0.41192974285131250811
0.49893173471200680247 0.50101212092597136039 0.51642751216867843755 0.50419018721407582451 0.49505651071706013866 0.47364592361237367601 0.44863949488828019918 0.4304105721698977538 0.41750180082266585835 0.41874267856999985993 0.41753344764348448992 0.41250681557147789169 0.40485403158121602285 0.40545450337935512453 0.40319635866702197013 0.3910187645488413799 0.373149839552861462 0.38094618152243242548 0.37998726272236871271 0.37586108395256129233 0.36771784812285007726 0.35611265599133001825 0.34106976155341783841 0.33950086141751567581 0.34140049776888792277 0.3430312760112036452 0.34880067697328737131 0.35066783710890020442 0.36030986359025585219 0.36639081968300024617 0.38709193631542238023 0.40075424880294419072 0.39719768534532778892 0.4167846477162264196 0.45159496595357973003 0.45740146238809098467 0.46393187405316915761 0.44765319670674058594 0.45040946587143437796 0.45243440883980207134 0.44853273512831071113 0.44385467453813315375 0.4563085335394194697 0.44656339085624818797 0.44496101925227826701 0.47094371843855642457 0.47645711829695086559 0.47292408776722455466 0.46318911650126592949
0.39703202453912384007 0.39088728638018821471 0.39080630454714354594 0.4028948595863999782 0.39670242845914266416 0.38062899689956330995 0.37886550673197921801 0.37822875527302740606 0.37576648211774887898 0.37200607350219411229 0.36855817278003744075 0.37314735376935309619 0.37808857212865643049 0.38014131061774675269 0.36418796979146456083 0.35111366594862059021 0.34420593195411514076 0.34860148214359532037 0.34680992661306131453 0.33872805972254482754 0.34521575132864823487 0.36833166158440183713 0.38091513440770452537 0.38882371603676962879 0.39184666992690381226 0.39149915147329528153 0.39301053786721346084 0.40078569040764566722 0.39937728811672124074 0.39227043581197756916 0.37905389923200516478 0.3727820746534245 0.37513800309974382197 0.3750096037578448116 0.38463449932553350763 0.39069482909059233267 0.41627067284990021401 0.42173000794110671041 0.41233843948221104991 0.41602153215122966712 0.43247543351559863956 0.45180646190758277925 0.46491623928769415519 0.45612284202069530714 0.43739578259705569341 0.42211155318511278667 0.41033704899138429001 0.40405949113774403125 0.40770962972488494769
0.35362474500292845336 0.34242502364253862845 0.34257680583566080257 0.348848742551538471 0.35501843974132019088 0.34842855906122255361 0.33770517755020507122 0.32262879193545918044 0.30722148876636728998 0.31636863638503082141 0.32746820212669142114 0.33979448978614429366 0.33783918765643849991 0.33164350117204927093 0.32912168823273540985 0.34370331514827512365 0.35236023398278987218 0.3595913484339589572 0.36961608992044547861 0.36269639580852003347 0.36151906999946065158 0.35854716363648403421 0.35736884736107149552 0.3403130332879684139 0.32705994643679808798 0.32864601547893629307 0.32847235075633762769 0.34850856006337149751 0.3572899897003234404 0.35606802815769689197 0.37349748748306355051 0.38749656213022570794 0.38997964608453472568 0.38187065028491667951 0.38697357508516438962 0.38511938174914078781 0.37370575972394315389 0.36117569956275552556 0.3714483637358620971 0.3612744692523149892 0.35334544957666846887 0.34523103095649665395 0.33568958616265631711 0.32507294563197819404 0.34306694367778478583 0.34832366630669142626 0.35209665891416858097 0.36041190202111000884 0.37220983374978944269
0.3222570786371677376 0.32949606572889084122 0.33324018448539527437 0.34102218271203244004 0.34457675485635325119 0.33351620405101350952 0.33201813910601896129 0.33684243628740517806 0.33544951046549037477 0.32908663150092404281 0.32179742256072557671 0.33040905432635780947 0.36056187802677847065 0.38579058052293391246 0.39157954195353594784 0.3764516147240654087 0.36043730073814067572 0.37380778351366095169 0.37622387050137046094 0.37227351889469229018 0.36348835632465409384 0.3581495796117470376 0.35132483634119576754 0.34160548340676877288 0.34921959318423506646 0.35858637821091704501 0.35052418244559552241 0.34192150759627865098 0.34391650646147159387 0.32853357374881608788 0.32491755195084093266 0.32166635259954906578 0.33007694757247896256 0.33903322536680757793 0.34730358700073216127 0.34425370867754145898 0.33015688362207007422 0.31942566883199347005 0.32088463873568884299 0.32295265241455967109 0.32955691138907278193 0.32434459362622386491 0.31267883441500815556 0.30779619388481266329 0.30652731243950692708 0.32335248651727988012 0.33664033962925649091 0.34919706666145799989 0.35961006155092190006
0.37683858920843638085 0.37395922233850087402 0.37524239098033912443 0.36796964728769493425 0.36508018683743154176 0.36450871245064081494 0.3554002980961248892 0.34878839674398398607 0.33932279307053958561 0.33018795591019667324 0.32062683568229444209 0.31256641850351635226 0.3009332757429808991 0.3079065311677992578 0.30735315684384512114 0.30431166759495337226 0.29624472588260464256 0.29939011813411892104 0.29706634269225473677 0.31019972200923640049 0.31004881382053578465 0.30228265669104659175 0.27985964709398747363 0.27972774687627161017 0.2866660881788969939 0.28554695107206296001 0.27973113287500983581 0.2712710117832145551 0.27151616065630174157 0.27565971161025248914 0.28900145952872041688 0.28556513914047854108 0.28035500122974421622 0.27441106762255418339 0.26691348620569027572 0.26783939426570058107 0.27588672853987755706 0.30460789635409313281 0.3131434946765305205 0.30205738321667752189 0.2963929560594824042 0.29048946692162352923 0.27945406612928380685 0.29927409213762817819 0.31291203177672943792 0.31583177946933765901 0.3142209586414749789 0.31017490557935822881 0.30787695598662079277
0.20713557820984901392 0.21090200824576732508 0.21014503524623559527 0.20733934956531155369 0.21167125771339867502 0.20723724267117396569 0.20157680335515379411 0.20025263247914942832 0.1997012934170461218 0.1980215840109999792 0.20851743881361153865 0.21415524254556639328 0.22120651662581994334 0.22760925298135872841 0.22450342898777908562 0.23414838266620219276 0.23700584203113575499 0.23836343962440401101 0.23733422874706136541 0.2370559337388009058 0.23663452478593929862 0.2375969305792975661 0.24024262044870303701 0.26272807126450631321 0.26504621572661174467 0.26106224174788889014 0.26380943569666076565 0.26214277865673674128 0.24570390416543344547 0.22658126781730325572 0.20368873536066051111 0.19216514214224228452 0.18213970510134822045 0.17944208668181002575 0.18139691053650425223 0.18224581918242777068 0.18143103416074565781 0.17654848457669089501 0.1732153060896412522 0.16535558035425776402 0.14669686411854018782 0.14698751017711669808 0.14903148456726134086 0.14891520330069285549 0.1572764640976783701 0.16496342350629311646 0.1709346478846354711 0.1747532630878414206 0.17606756214127169957
0.020027766882188088871 0.020278298516513030419 0.020651815712027912775 0.020108216344375214046 0.02039619202183791391 0.02017179740522534459 0.020506775514798829957 0.019928076911678711119 0.020557143804415183713 0.020183332639242743817 0.020520766402452175065 0.021175017620894225762 0.02152856101752472634 0.02399575708341427499 0.026247949846386873368 0.029086776679449203448 0.030327658716346468648 0.033027449879184191117 0.037197136684418284636 0.042159539717593459696 0.048259959620352142762 0.05180623846097505425 0.056899499911379165795 0.063477414334959084141 0.035337935334928162467 0.036581215588831560159 0.024647107664724193787 0.031086104401256798441 0.03627123621084529792 0.040434645051036388619 0.045270167897467732121 0.046777229310094529946 0.046560875474941039454 0.048268720400611378474 0.04746517272502186191 0.047790364647990829505 0.04761206916602395145 0.048077566113123228198 0.048171617496550134252 0.048936077799925037368 0.048727087071345237534 0.04883610044223765656 0.049515606860168613623 0.048966464799494929805 0.049381440548300431503 0.049108875668144015558 0.031274162536354399577 0 0
0 0 0 0 0 0 0 0 0 0 0 0 0 0 0 0 0 0 0 0 0 0 0 0 0 0 0 0 0 0 0 0 0 0 0 0 0 0 0 0 0 0 0 0 0 0 0 0 0
0 0 0 0 0 0 0 0 0 0 0 0 0 0 0 0 0 0 0 0 0 0 0 0 0 0 0 0 0 0 0 0 0 0 0 0 0 0 0 0 0 0 0 0 0 0 0 0 0
0 0 0 0 0 0 0 0 0 0 0 0 0 0 0 0 0 0 0 0 0 0 0 0 0 0 0 0 0 0 0 0 0 0 0 0 0 0 0 0 0 0 0 0 0 0 0 0 0
0 0 0 0 0 0 0 0 0 0 0 0 0 0 0 0 0 0 0 0 0 0 0 0 0 0 0 0 0 0 0 0 0 0 0 0 0 0 0 0 0 0 0 0 0 0 0 0 0
0 0 0 0 0 0 0 0 0 0 0 0 0 0 0 0 0 0 0 0 0 0 0 0 0 0 0 0 0 0 0 0 0 0 0 0 0 0 0 0 0 0 0 0 0 0 0 0 0
0 0 0 0 0 0 0 0 0 0 0 0 0 0 0 0 0 0 0 0 0 0 0 0 0 0 0 0 0 0 0 0 0 0 0 0 0 0 0 0 0 0 0 0 0 0 0 0 0
0 0 0 0 0 0 0 0 0 0 0 0 0 0 0 0 0 0 0 0 0 0 0 0 0 0 0 0 0 0 0 0 0 0 0 0 0 0 0 0 0 0 0 0 0 0 0 0 0
