benchmarks/avaHockeySmallNullTest/release1HS_ea20151544_C_M_null_dfa_ppr.asc
ncols        1001
nrows        401
xllcorner    997.500000000000
yllcorner    -5002.500000000000
cellsize     5.000000000000
NODATA_value nan
[rows 176 to 197 of 401, columns 343 to 391 of 1001]
0 0 0 0 0 0 0 0 0 0 0 0 0 0 0 0 0 0 0 0 0 0 0 0 0 0 0 0 0 0 0 0 0 0 0 0 0 0 0 0 0 0 0 0 0 0 0 0 0
0 0 0 0 0 0 0 0 0 0 0 0 0 0 0 0 0 0 0 0 0 0 0 0 0 0 0 0 0 0 0 0 0 0 0 0 0 0 0 0 0 0 0 0 7.7569946382661596473 7.7569946382661596473 7.6805137501059874694 7.2337358544205505595 6.7545080987895742552
8.140707361063789449 10.309402542253305768 10.321420387999562962 10.321420387999562962 9.879398224719379229 9.30943896363157819 8.7226865614364772483 9.8902747847009724325 10.517969139011073665 10.517969139011073665 9.7475170266256885299 9.5359872081552889966 9.5619241838666138023 9.2485038189667818642 8.8150951300584026171 8.3973099159258630664 8.3874011923281575065 8.7964818560970652328 9.5190070085741975703 9.6943978354094308969 9.6850176020837039914 9.6187786323734005833 9.4709705614987331757 9.3888768646640912152 9.3608922751891903147 9.8633145585252446352 10.001590962046346789 10.001590962046345012 9.6942475782680830321 9.5845056552673142392 9.4527310999925866497 10.256804317216280609 10.256804317216280609 9.2909080059009951924 8.3184796492802792756 8.3065266199814953296 7.9072291934856364648 7.7121126648291493666 7.5016532108769995446 7.344320466822551019 7.1829476391710915806 6.793283442849384457 7.0292000779207910455 11.197844619891196061 11.197844619891196061 11.194148417368721127 10.703806898129123226 9.8544703668540982733 10.037462234219646007
18.28841595102288764 17.920258611252940284 16.941868607188631302 15.586135912125007152 13.571001322655142474 12.51345037773889679 13.782884844550219228 16.230671135003223782 18.049434167897878467 18.715884386694987995 19.088050182269338251 19.088050182269338251 20.321680889561555716 20.007276713980449045 19.44889370379248561 18.721122694662014396 18.263131112298452763 17.515424025914732908 15.544794714090299337 14.57239526461375867 15.810709210428772309 16.421039705719511659 15.895042558519735465 15.746924182643883938 15.883198653765278507 17.90198100743519305 17.984599969467776504 17.984599969467776504 17.433032622854803151 16.394530613244963746 14.967887123849560993 12.96443491663359282 10.464193879841191759 18.116981732948151063 18.338351426765054697 17.404922422051125608 15.790075744152465731 17.82128705494392662 17.82128705494392662 17.518530041007238651 17.073268868282958977 16.300514850913327081 18.634490423289793881 19.740367947220661904 20.982851607844803965 20.340781982381312076 20.319557138671900276 19.793059672272839578 18.999404846192437191
19.607743807213228848 19.238968398961347361 20.01634005240926939 20.544907855368439442 20.40944794056721534 20.421716465189881262 20.939908074557177287 20.878635567824215258 20.480738597719220451 20.295704303203052632 20.521641527004465644 20.733788159754567459 20.835373577811768797 20.611332800150080402 19.922510601147411791 19.553331559433278386 18.922690270129777446 18.741029575456821021 18.299877171008400722 17.87826695235052199 17.753149749200293428 17.550013189337398956 17.855750452448571508 18.183197627635827587 19.051574809784639797 19.832579546202595111 19.994447642830902367 19.575560234426170325 19.343412690747264548 19.545957155258292914 19.791730412721449284 19.348284083574835535 19.085474327014750884 18.858787510826108047 18.457311838787912706 18.352483462439153072 18.538238586703286614 18.66337493375446499 18.521669511918172901 18.232151008874385667 18.781303892131276712 19.55012116811138867 20.301049335944203023 20.832363824181094003 21.073560035118443778 21.086888999517071852 20.769888072978172744 20.5196374386527296 20.706628502247610868
23.432535258112128673 23.334724573002826986 25.227285942373416816 23.307428500342979305 23.216438294158734834 25.178911792875233289 26.221716762161225489 26.397153869567915763 26.027641205274786529 27.777764835795075271 29.333233178247763107 29.44052828590312032 28.797445038742864654 27.710390588523925004 26.270255104204210284 25.795244108926183912 25.462743169483534444 24.707813075228475697 24.424035141028994644 23.740106141642826287 22.820745156492492356 22.184059459059170649 23.222619279638792023 23.301200026057838244 22.902398663356091646 23.385280534676528674 23.510142997134039433 22.298478967380251703 22.000678588243573586 21.778703182101061486 21.642880936668131397 21.504505979577828612 21.601665588712215538 21.994739654288842701 21.837685451635014289 21.940474283713601977 21.904094001445347573 21.901135187043223596 21.898241824709515413 22.12639196714521006 22.412308064971920629 22.646288111731152526 22.65156731495521214 22.589528699033671444 22.548584464066220079 22.293796307492769415 22.074406148790032489 21.951341210947504123 21.781051614435078534
30.39731189357787855 29.256740707758240205 29.273585601171060233 26.607896653296034373 26.426109230009881657 27.562215821891676626 28.655568855898252423 28.961282645376154932 29.132845983164749271 29.327276138899076585 29.222178572972019595 28.699609593200616331 28.043323529834562891 27.919003341770771698 28.110131704082181869 28.42003894696080124 27.946554190645411353 27.686804210046236818 27.117223861067113688 26.53247877974478186 26.011244539866702041 25.475892072482647421 25.33855901825104695 24.765109981567725583 24.306971222994679493 24.842624948739342017 25.398103019047184148 24.572255968108180468 22.828261966516496528 22.184466440959056399 21.923951281564125537 21.879653604360381536 22.085198651374795986 22.647581948474339697 22.784132192204655354 22.791239706874311111 22.273269014716831293 22.40130384094877769 22.08767647014017399 22.085155641662360892 22.226817628325942877 22.309385291615516422 22.274031215674302331 21.98028376018547192 21.906336167123750869 21.680508362168584569 22.042256466599400966 21.175092490609198848 21.416382148459941703
36.857807196445612874 38.22877403245817618 38.55098578325187475 38.299900958143787477 37.647712423320655262 36.750315022007761456 35.619484220470432945 36.077347920830007411 36.268414910976737531 35.58253866558703038 40.372510063189118057 40.323194864172187124 40.939820784924400243 40.648202068510329354 40.942341701413603516 40.06185870896277379 38.312860650392075001 38.646150655738971125 38.741786532915931218 36.509434774228267884 33.65767220345541233 30.067050237798323309 29.109797246231298828 29.193193320972145699 32.446562942848302669 31.571028171070722124 28.129052426647771057 26.981313370349333525 26.270759115444231924 25.599156061963910247 25.019736266299322125 25.176862078241459386 25.315678723401742189 25.875098841124501092 26.271358962935558168 26.203151334325927024 25.921051231657052938 26.166975714396475183 26.310242909135638456 26.213148168685155071 26.167969942092508262 25.974670490645834775 25.725061283855609418 25.482272911622889211 25.396356751645015493 25.520143727563841196 25.678568132112946643 24.922907677291295414 25.173399394858321898
42.206199892714529653 42.346771042789683293 42.177912631697914492 42.06234955008712717 41.862424069237249569 41.254631603369269044 40.833589680138196343 40.700011255802138521 40.261617419690253428 40.478424476729287562 41.005879102561969773 41.692451813815075923 42.609112373774820526 42.595416971631493652 42.726904863600672968 42.32854650746170222 41.793610371263795855 41.660561757522238224 41.68197574869288502 41.618838751115397656 40.970051884450477075 40.637222712249602807 40.676274856696736038 40.925228654226501135 41.468910859450367923 41.143011234286930744 41.20356588145979515 40.775039393441453228 39.953218965222660586 39.259720942568442581 39.37918614410008189 39.453741728924086374 38.790128608708329239 38.141721844904886041 38.387200019288464148 37.373586762851005005 35.887761242744787182 33.69643808643474614 33.93091978372112294 34.157374374255859095 32.525648369431614526 30.365309230981740285 31.334334707995679992 29.875110321352728704 28.597451782620822769 29.068597570368822858 28.872295678510841554 28.04943135215654948 27.966827708920842355
49.155211732855995876 49.433834175747662698 49.392863787770011186 48.809048318359785412 48.252698354120603597 47.713048144152480745 47.328077093171962986 47.145680645703144762 47.30539657412291632 47.648193950657656615 47.943404177648218933 47.9373224239237814 47.885951323089784637 47.616749515311589391 47.490603240005718533 46.868040279331346198 46.388255535666850449 46.215102972647137847 46.110619945952322496 46.280589366309655475 46.31764855629657518 46.115933433002545883 45.964828731637695114 45.469740592992494044 45.120053110005216013 44.556650230974938154 43.866247894156536802 43.455701296557492697 42.982341161653430106 42.762313419204801335 42.437569401638342015 41.720561043003499435 41.039155589671459268 40.745749553444973401 39.8758156554902925 38.911226691388343113 38.055733438292250526 37.169108759858168867 36.066088497188133033 35.176236387441690567 35.420149986331402658 36.9350716757278974 36.31915357023810742 41.432959866436206653 41.432959866436206653 39.428808051296890369 40.885334903755790492 38.78036480333013003 35.288349424443616442
60.886313775055192821 58.722689367751925715 60.179267796992341744 57.90371719451739807 54.518312440126663887 53.67970822508506501 53.337856853227954446 53.219432737341954009 52.897052190997790433 52.562713818358929529 52.056926214477940107 51.926651474875882286 51.743416035034435652 51.778919402024847329 51.4888798169034132 51.347189994197719898 51.193971757128309719 51.288454314284763313 51.306168483061192376 50.832912587824004902 50.292636778119806706 49.912959632487769568 49.88348072598874694 49.935179522816760311 49.540398670394722558 48.973337508353345982 48.373306537688002038 47.798669855811780849 47.509526675893269498 47.246033915800929037 46.863300568152403969 46.876801644481879805 46.449757563567807495 45.797347486844415698 44.839621490951898863 43.889266026067794257 43.128388773162846803 43.94574979975529061 43.993769602846946043 44.266043200725839313 44.584940804099588263 44.901629840273109551 45.753259942804881177 46.307520858922970319 46.860646285161479341 46.732277912314302171 46.88705593655254944 46.273195605255828866 45.042002795632129164
66.931042803853571854 67.181073181210123835 71.313337305639279862 71.043715066222546284 69.663806116436163052 67.643486251772088735 65.133281956765699761 62.948553562851280674 70.632146905548125915 68.02272387592590519 64.576424511084113078 60.396812248104630783 65.062044429554362068 61.385403834623645025 57.067555374175803706 56.235140654646976088 55.965315676191913496 55.224956978435642441 54.366440850851191158 53.653184518985135298 53.215864362397859111 53.15220199270561352 53.314302650414020945 53.318747257315543209 53.027502773978632433 52.540882199989681567 51.813896087337873553 51.215615905782648554 50.818819554393684257 50.454966878542791164 49.90740072113379 49.206348430154235984 48.478703563170121527 47.750107711391677867 46.964724491298873943 46.815197330495408323 47.016690676896558898 47.711228337607309413 48.083560539491884356 49.015952356628076814 49.733431746851579192 50.275897895924543946 51.112276343042708504 51.606426004894977666 51.718921038110998722 51.515618229660830707 50.773688634940306486 50.351933291810389903 50.135537168301667066
71.44733158431554898 72.260565977337734012 72.712461668145678573 73.12032317022978134 73.533017810374687429 74.211636236030130931 75.436554030657561043 77.906452656191845563 78.693536518731988849 78.689136475427488904 77.948950802055975373 77.704461525149440604 76.611643999675649752 75.170773168730462999 73.071825223930360949 71.02265491635789374 68.372719610215369812 74.104617149963488032 71.428895230713720821 66.745003956091949249 62.414104162178155377 58.346511545353322958 60.788624454623302995 57.80304142792844857 57.255766072139081757 56.562576772403680536 55.897239034582177908 55.537838848485549192 55.211638390297267165 54.497663851007651203 53.74120704003915705 53.195463281199202754 52.743728267192018677 52.493609098046675854 52.574992853291028894 53.541578705643395608 54.615288427062644416 55.734284001154207999 56.678912406688468195 56.992220988402841897 57.117682932831137066 57.264436206157164122 57.57186834710261536 58.048418736151255359 58.260903141399019489 57.875362992230705572 57.349945374841396983 56.833400578105951695 56.49168261261314683
75.040494257268122169 75.682197914537454153 75.98909356087233391 76.250808688621432907 76.366141539056300758 76.822560736074805732 77.304105904344879718 77.869459700264499702 78.211062567535762469 78.683518630310601338 78.850142233200188002 79.320210704988795669 79.911380059996389491 80.773602803316521204 81.330773809461973656 81.147547373534195003 80.361905741383921509 78.947229552577297795 76.900406514036717454 73.977829324414969392 71.225157485932484747 70.894065226958261405 73.538776021293813301 76.737948688251492513 73.897443827029988483 69.802322751599987782 65.041094104972543732 62.011138080998492228 62.302474128933226893 60.859539870536949024 60.45055042672458967 60.001386728546165727 59.794826829822426362 59.809876184151995915 60.373648709270980817 60.97356924108076015 61.875937751844610091 63.059988434778375677 63.855894772854902897 63.861469294062452207 63.441404281938744703 63.05239274826588769 63.228903866830798108 63.502025602444440722 63.371562889243556072 62.750636680656484145 61.475868130244563758 60.195058962739722119 59.483187489311937668
76.300094056310911128 76.604190009595399147 76.650426813221770317 76.660736680884383532 76.818463137138948582 77.263426654043556141 77.985594774539919172 78.668807872560535088 79.527180482124521177 80.152146958101440077 80.965786795397136189 81.632204316180263959 82.213673395773497532 82.540806832142067151 82.712614969628006634 82.990599809160187306 83.457795646703900161 84.116045557328604332 84.133473768308007834 83.971985154193134804 83.650982874516287779 83.122463071936394385 82.089913031311780856 80.737260532645478861 79.133961926013668631 77.813136584940806983 79.330692273287866101 76.460668587657991679 72.969929689411202389 69.183112285472361691 66.280613928211209895 66.273704722771455522 66.391724441907001619 66.715787111036533474 67.220808354595192213 67.671701149217838633 68.132574695018448097 68.923409214981376181 69.307750090160254786 69.280951201976932907 69.036164185379973901 68.838266841101301452 69.032118652064966113 69.39208832397491733 69.15179055083015669 67.920073861310584107 66.462969476117336853 65.716119271933266077 64.904507460900873639
79.784361675036507222 80.143437636290826731 80.025048499774072752 79.465693688018333773 78.659182431972666905 78.130864264527403407 77.826281412543920624 78.049368235109866987 78.582357801385711582 79.383994259347161915 80.280000790523587284 81.027279368244208513 81.993033641441471104 82.775086770950977666 83.465077527503126475 83.904709140216652941 84.219468375516484571 84.591676786881961903 84.725838463289335323 84.848271184118530641 84.886139368848773756 84.829056826015772685 84.887630717584542595 85.359733866332490493 85.143261140534761466 84.776315393179544344 83.612960569290706303 81.798339492167229992 79.492638426327033585 76.776099826184903918 78.165227549964455989 75.890132295481862457 72.834099405768299107 72.497795846864221403 73.104679558640100367 73.751605721800757465 74.025147813293600052 74.1524139566418512 74.106334172434799257 74.21292504755427899 74.239554596726335944 74.546098799771883137 74.529727397083064488 74.585311644185836144 74.584671134350273292 73.906873777391865588 72.927910479579310277 72.234630524379326744 71.575225646067963226
83.010205437752460966 83.542206317442591512 83.810933340930148461 83.74515385192214012 83.077505195936154792 82.13457547900131317 81.165685280597912765 80.971043219104856803 81.242632576092105978 82.006500770802915667 82.207033953028684437 81.880480722546494121 81.415712516109024932 81.084290915793886256 80.975360532886554665 81.940171188951964609 82.789096587258626414 83.689361213944181372 84.277142284622755142 84.898954462261016829 85.184972616988119398 85.475915356630920883 85.448344355167549224 85.259419898178450126 84.968925743807417916 84.588403019614645473 84.111578517083657403 83.39845575827669677 82.249325397082117206 80.855756540119060105 79.448462568023543895 77.942634969547739843 77.670566737003767344 77.700822288427843887 77.83281407804334151 78.149843886155224482 78.855142831904529999 79.205068717232194331 79.276393041852230681 79.525490815038921255 79.756755896833524844 79.349516862745218759 78.701750016608599481 78.249081606191765559 78.078300761826952225 77.959368233646344493 77.637335403749972329 77.694511672902066834 77.81983443212577356
84.812712850802057574 85.235079564522578721 85.758967359978868217 86.317763712028082068 86.311509220018990618 85.484533820768405121 84.561424214307962188 84.047192958003108743 84.144661949898861053 84.620711998168204104 85.307206188634978616 85.120187939852655745 84.647729332415792669 84.347878989626664747 84.964800734275556238 85.534994924504218261 85.469096660214162853 85.382437300968717864 85.328173011060783892 84.970363063348727906 84.410327205659484662 83.712248449090893132 84.464656890227786334 84.595378899159385355 84.71686663211495727 84.483032330141739408 84.158973263914944596 83.628160604053974225 82.884220688663376109 82.85001375293218473 82.78008261332622908 82.869651326561438509 82.819770348096639623 82.614455294280674025 82.339296348725937946 82.43519369428368293 82.754736996082044698 83.252422657537977102 83.399276509435253502 83.713648003673611697 83.756706207869598302 83.255317472084911401 82.429412124634595216 81.902933575548118483 82.010568225522987973 82.721548153346390109 83.610169813733378419 83.552004638145874083 83.848299178811117827
86.432565892763122406 86.758192655054443776 87.12207948272116198 87.656110420254066184 87.717210386612208595 87.395086172225560972 87.160481337826908543 86.859251108799170993 86.463633144103525296 86.592140106575712366 87.16837151372435244 87.468287130643943783 87.265993620501319583 87.066784054477764698 87.430266946424850971 88.159351059183876487 88.539605498025480301 88.31766558012155599 88.00626720347966625 87.503203395535066988 86.777826159893521663 86.05187651711264607 85.582877693996195489 85.273002315516862382 85.245913927398845544 85.51307930954396852 86.325838592729994048 87.016662499707862821 87.894360830870965628 88.218097362709755771 88.27105723745683008 88.029937662853129154 87.435789530644825618 86.676467734768039008 86.192418023594782994 85.978153448954714122 86.055180172413599848 85.981455897626474894 86.056728614343029449 86.464290380107485134 87.005772902797176016 86.797280325449918337 86.4380887032190941 86.356098431603768972 86.372312614695232469 86.687008136519068557 87.514776859602989134 87.649208121113943548 87.463443442535648842
87.330014410191012075 87.993726611186502851 88.101363262801186238 88.377868199080936051 88.526315985541714326 88.566540476898325096 89.044310915801233364 89.041689473867975835 88.625704009691645524 88.855666637352385351 89.337823281557874111 89.567930622084830361 89.569945125817469034 89.212998011122593311 89.052793954103648844 89.026730673727257681 89.326885583451883122 89.182989713577981661 88.727764688243141222 88.365253629834285221 88.08127959315480382 87.797592911673390859 87.794017329870243316 88.149787125185440573 88.143564346384536634 88.435604269416430157 89.192466360715414453 90.015392600070001095 90.764272088806066563 90.985471693025417039 91.037063157533154367 91.09757733293918136 90.644562496605175284 89.953197096494378115 89.434567391880918308 89.317682205778794469 89.324054069942420142 89.350857124594128322 89.278731193602496319 89.342999462594377746 89.444797945199283618 89.291184496363968037 88.930271154288121238 89.208958539265623244 89.18014913086015838 89.045046303417635158 89.466644408861810689 89.654873506025651864 89.867287029599054904
88.384294105146253173 88.796475966734021767 88.632636582575671014 88.781205578917905541 89.025359869533389201 89.398459592003575835 90.265065321506909868 90.604898819221574513 90.09061043381223044 89.966817415055899687 90.291706432542412131 90.579650966464555495 90.849083661433667203 90.645240645226706988 90.254468759676740319 90.031185836297908054 90.215395884423102757 90.064362727144882115 89.815803697522980542 89.653703632586470462 89.967906691245588036 90.125073756416995252 90.6458442388755401 91.371317531798055711 91.564251909381056294 91.297807610631537045 91.526063880728685263 91.93772833935140909 92.279287057416524931 92.396438228059537323 92.620136227348780267 93.63483576961964161 93.74991371224145098 93.061315476368520194 91.950707679711442211 91.600541535809298921 91.550888961359945029 91.769192930696746657 91.495840978005873012 91.128792944644487761 91.254852536850876277 91.421395121857244703 91.868862805274829952 91.881334414496393492 91.474131140719464383 91.178627555964084195 91.326769230704627489 91.362757118526431555 91.273894883221515784
89.277209542448090929 88.920058366355817725 88.36009228064587262 88.217532652018107342 88.885382895487992982 89.650697264842108325 90.213822342342993466 90.981171151427901123 90.828805578192643111 90.332150531366252721 90.207779656694512482 90.690293793479213491 91.286384627504489231 91.519135212724705752 91.255586287895127384 91.090952458010548298 91.442592596339636657 91.674846765710000795 91.437830807177732595 91.300259363922549483 91.4964912155901402 92.077440494197475118 93.025407371107149856 93.910397437320540348 94.109358131401805281 92.835516153782137394 92.652440943564513987 92.593703661660470061 92.270206565484969019 93.010637948639100614 94.354423351799255215 96.2387281015566316 97.382661766963735772 96.177262859216270385 94.242030748768641502 93.371882432702548726 93.239456559477815745 93.374065188617720423 93.241496420343253249 92.86057106220506796 92.707442072185003212 93.343879220814329756 94.123635849555157051 94.53640241006418421 94.049524362287058921 93.544477512283037868 93.375390039873181536 92.869694510228100626 92.349575600959227017
