benchmarks/avaHockeySmallNullTest/release1HS_null_dfa_83fbab0a01_pft.asc
ncols 1001
nrows 401
xllcenter 1000.00
yllcenter -5000.00
cellsize 5.00
noDataValue nan
[rows 192 to 215 of 401, columns 265 to 317 of 1001]
1.679668825552888 1.678666344129043 1.629988452921552 1.640787914023794 1.644295604611525 1.605597601151375 1.575814706326439 1.57133056993885 1.569243626779601 1.569093150453201 1.572286299089752 1.564368338090631 1.554760790185769 1.564028395448807 1.580783809884528 1.548019856996202 1.523232087034143 1.505158716948076 1.44140737250708 1.400503387222664 1.348674271646513 1.335168753806238 1.293823304619647 1.237468466739203 1.219034021513568 1.150091923010435 1.106273706400167 1.057604147190993 1.029554816223723 1.007279318241787 1.009643342818022 1.032991835700453 1.038616869761141 1.068371749319962 1.076752813868264 1.086592996759693 1.091258268527209 1.117752946360224 1.117709679111125 1.123833590133609 1.159362217593688 1.172446151088079 1.174500687938351 1.199501332228387 1.210042443338746 1.225711942803863 1.234930463723093 1.222927485983588 1.244987283132588 1.25168865025012 1.238285479927366 1.230147528948761 1.223076457627498
1.779696051479526 1.786628637983259 1.766603063814645 1.811322693458515 1.778001902376514 1.7649296976655 1.744445425102314 1.721414472969253 1.700688614171803 1.695808894153373 1.707520541499828 1.700366461317577 1.744382539844703 1.707926783164367 1.66663904300628 1.637130977064867 1.658082520103522 1.642152871908213 1.632252536847167 1.610198876403108 1.555882153859325 1.542980360442505 1.484203057838534 1.451564646594943 1.364463863078098 1.353673604870297 1.288208140135608 1.283856887102484 1.236547375888832 1.231515131820504 1.258601992974394 1.262623368311269 1.291131301066673 1.26465036608358 1.239317098226549 1.234956805682471 1.233869453717449 1.210464620939864 1.191696579478144 1.167283009680914 1.151701424374197 1.152649833885464 1.155116504428007 1.146010713176592 1.093475660918367 1.052113383218575 1.03328622691313 1.05906024679595 1.069234346472762 1.05953664867544 1.036909675220987 1.013362848324298 1.017303558830378
2.011118870827509 1.966199722541334 1.98362447847002 1.968545117502472 1.908227653646771 1.932746511847259 1.880854412749583 1.854155190795089 1.839593137306775 1.832654622609704 1.796843677995285 1.815182066038109 1.828099167777146 1.817062207511792 1.808704027747271 1.823068935113003 1.812045132514575 1.778726237534169 1.795556521350603 1.797958520917996 1.813248704237819 1.781427072186643 1.743469869645259 1.672330564755582 1.625823172179387 1.549838141159835 1.510620538891578 1.475891750782584 1.4318062478583 1.413508285057391 1.395304931004727 1.374101769029988 1.396910638946696 1.402056090420493 1.390625406619244 1.368012352588452 1.348231216995754 1.336371978343124 1.360302453043021 1.34114085474149 1.366743447065326 1.361446764218332 1.342390485160906 1.315548705673431 1.310249409244308 1.282676412372066 1.275666799870709 1.276095272437655 1.266524637849347 1.298365148763347 1.310455267533221 1.305753999386796 1.303133464161655
2.00625703453716 1.956638729532099 1.962402239160506 1.983170508717233 2.001499302696805 1.973461909266837 1.999251700905071 1.966631640180393 2.008673288724736 1.98975198917858 2.038941243236144 2.073382243845155 2.034626712559461 2.069867581694351 2.073963009973755 2.062051533763656 2.026081292916633 2.048990715207981 2.027628001323034 2.035491692825961 1.956429785076514 1.921998462474349 1.899044856568344 1.80911968543598 1.819546370074087 1.744065640192291 1.697156392282095 1.640788492125969 1.605688889572102 1.552949306352148 1.559455908842241 1.553739851401757 1.540740580135366 1.516186443768774 1.50266141102373 1.499480198218236 1.481391161392319 1.481600843110477 1.503147293087048 1.527913937180006 1.545891670266228 1.552969980383982 1.53523795172466 1.520323680530878 1.535732061444781 1.528178967442713 1.513811501129286 1.482021397287746 1.453281932564248 1.472039355264781 1.481909225280493 1.485717981309761 1.472205572531378
2.264828205421031 2.248924211132092 2.211171836456351 2.224760859386068 2.256743016331773 2.221730473159732 2.260356571114861 2.197621409118202 2.261692065894684 2.20097463998569 2.236770089430726 2.243444992694127 2.255948903261764 2.291876362399568 2.254212752419774 2.289727948220402 2.214822699963962 2.218823188844536 2.19017703711942 2.121903078444708 2.118668163083311 2.020758767807506 2.023868678596727 1.962286916160217 1.906644308235388 1.944644915254549 1.93633861789992 1.890428731318426 1.868280115211367 1.799891334449953 1.739236201606101 1.670743978950059 1.59386786158827 1.568763334374803 1.560885316248306 1.567980459904783 1.568962853131175 1.565675500015995 1.578894935908151 1.599110718525323 1.600256236295167 1.590165667135436 1.586710048686231 1.573279483632147 1.555320661995116 1.552767949715373 1.541695273912599 1.509810792750581 1.508162715594654 1.519746897497679 1.507048775718119 1.49272577938858 1.485850217877338
2.313774746323279 2.295079973159269 2.321058768385722 2.279677657191234 2.337364132040949 2.342776242797485 2.334951417378087 2.362672177345222 2.354226773508793 2.394033874334161 2.384264970817987 2.386091890715559 2.419717434645215 2.407820923137927 2.469196477569312 2.429094870653377 2.453830166760519 2.42938727352036 2.383546890952689 2.325064217067412 2.19623870652476 2.141955185608653 2.043893901327611 1.92434522717415 1.914931606381079 1.936225475413942 1.939307001941315 1.997630795764203 1.993892581175279 1.933807469018237 1.887893608425451 1.788228706811141 1.722005050432885 1.667125879217222 1.605921035407398 1.58668916952087 1.608411967043496 1.625171858744771 1.614995136776773 1.593782932641056 1.603340326924162 1.610617373588456 1.62253374798975 1.628178927157776 1.638243555849103 1.63130314195454 1.61626707939924 1.60707735177875 1.596479688202018 1.591882513090664 1.581706214798648 1.573479184320502 1.580547608995637
2.44025968073503 2.398793888050213 2.43331112782624 2.422983997211194 2.419989931133534 2.445007431935355 2.390983406736781 2.45031251731912 2.436521343063323 2.435020493557305 2.453594095703312 2.390495141042493 2.471962076509485 2.432642043609851 2.503634787136986 2.510091034347904 2.496705644488338 2.511482049310036 2.387216585123622 2.378107953687756 2.249485122741305 2.176942308874601 2.112170921144778 2.035828428041472 1.997811556157927 2.045027152406699 2.069531056880753 2.089793656518296 2.13630028999224 2.07763479052538 2.03369430307432 1.957808045138568 1.858467721454328 1.768101141026529 1.687921508306399 1.662170103473635 1.719123620844029 1.747018265743361 1.746817018478299 1.749021410768134 1.769094152613496 1.759445265859886 1.751272698634439 1.742410631998389 1.750928059993038 1.757112524936012 1.727793373230162 1.703080454261092 1.705937107006659 1.687534623579527 1.674383191484448 1.69502630267912 1.681754976525617
2.317839216587624 2.321337619867272 2.366094547022913 2.324208010987868 2.386635903142363 2.388859958168329 2.36879297365401 2.418279461584199 2.394289029892597 2.420256029212916 2.424746867705515 2.400340627520101 2.452543024594795 2.39806595229259 2.479826197671681 2.483864176606914 2.490767247465847 2.519398773591896 2.456782517409508 2.401900707189498 2.361159899875263 2.239317009302847 2.246575789872854 2.231009329186048 2.132425294762207 2.20062894163278 2.204505777832226 2.191068065473905 2.210180621825329 2.15466655313681 2.067290722519934 1.984122193513907 1.88676510253001 1.794007950708455 1.70933717487681 1.74246021342268 1.76202005912929 1.758464433153514 1.793724379462317 1.815375674185769 1.804073592381189 1.785228160514363 1.796472924431071 1.794559878133696 1.818010940494498 1.836184949131702 1.821990724670841 1.796298976398111 1.809131031503915 1.804269697262758 1.785306839326583 1.815466377238852 1.814128141846309
2.330476527665685 2.354455304690176 2.320589167029055 2.370380114183228 2.375692750009593 2.367305682325242 2.401926436614158 2.361438419670669 2.416216351633781 2.404040057468064 2.405530496406031 2.42319431594897 2.380759684087771 2.415852875479016 2.43269719138326 2.418613960779521 2.467713112580103 2.453790152343442 2.434307148208248 2.423352123407136 2.338045635086545 2.366596386165716 2.322794745449594 2.284297222887755 2.300026786452936 2.330748816063467 2.267824010642161 2.293595042557404 2.222715287617448 2.119829088386002 2.071351542323419 1.941578333733977 1.832720528117289 1.804100810383128 1.800915087931597 1.805678886427496 1.83677885811045 1.841648626935532 1.826755058920193 1.851569913846856 1.867624091474534 1.858785836180516 1.834487105156484 1.866537192861957 1.882078758553675 1.864027343694836 1.893494514479157 1.91661099280513 1.887201819227196 1.910716119251336 1.89925066338956 1.874786954835833 1.913185014752963
2.17932581365585 2.21377749603352 2.216460636279777 2.198132984730493 2.235767202933062 2.229897793298835 2.274861355249935 2.279746835155846 2.286021839545016 2.288371163583569 2.267233789842919 2.253941484356216 2.250851373855467 2.206560043443308 2.240040735784099 2.232274553788232 2.233180085615772 2.231885788036795 2.181176839917006 2.21771993250673 2.189082198846153 2.16072722797546 2.174394884489745 2.189060860602578 2.145543104225462 2.199474922124409 2.188779294929944 2.130804590964386 2.105288754986736 2.018698578962915 1.923514505707042 1.880957109758564 1.867946684448823 1.839703379341674 1.858554235186603 1.875062917395682 1.881990814096766 1.879003155219201 1.904447042599148 1.920609849995782 1.907674089787023 1.884596144412023 1.898418505797596 1.901722053412148 1.907873628730842 1.940894828617783 1.95054913977209 1.94544846186249 1.984587503124271 1.989430619613443 1.982010418052199 2.008756703355898 2.003550562164583
2.120982386512595 2.119249807044348 2.144970728383615 2.093350404252195 2.114804741263976 2.11478963963441 2.0712580634969 2.1137864480893 2.086512333895647 2.117192990606887 2.139478712223269 2.136505755962695 2.166468170258018 2.170018800026319 2.153792487278057 2.154089950664031 2.123830518211911 2.145579487347826 2.121413483104797 2.084654840338436 2.087029298291501 2.083551988361866 2.074017121441286 2.114137497034336 2.086177144599834 2.082915848199687 2.082007784140408 2.00569071018258 1.958320459060978 1.875860288123614 1.790098476962764 1.814586117652641 1.81068355650182 1.795638901986417 1.844219227799931 1.865262679369143 1.872141446998498 1.861021679439684 1.868185518169225 1.874274389744323 1.850703091252458 1.811784243939414 1.824433966815561 1.82187256498507 1.809327983850477 1.821695417302182 1.857936106547149 1.875710572506359 1.866110978824702 1.903762387758052 1.91251436447986 1.92766183142985 1.954039818393359
1.980117893951419 1.971379822119458 1.942691911157274 1.959306905885533 1.935740585536646 1.919100220945545 1.924687032206983 1.936303456234877 1.93928369181381 1.963226253884182 1.974174172340867 1.98084159671895 1.974665527568141 1.952346247356852 1.980962125689473 1.982078309985349 1.969348827799471 1.954739059379889 1.932139911575818 1.923547643183276 1.939823954924745 1.866116026213134 1.858333766177575 1.846224578509542 1.831532414046657 1.86353061237996 1.855158084708938 1.872352737410448 1.838737714727534 1.798549253954993 1.762610429216161 1.762666032569604 1.778168074147153 1.791423347109417 1.792352883939972 1.775977635369639 1.798673573007562 1.816521442381729 1.813906361375214 1.789604434254599 1.793022887576217 1.781236145439437 1.765112356747374 1.745706950832464 1.756607774566668 1.748654619712702 1.731976544900122 1.739550417132666 1.744719337079905 1.741689946313824 1.768539104069111 1.812107161866038 1.82766889083666
1.719692163944305 1.716147407623865 1.755307726440091 1.735754127527984 1.726423968326067 1.736550302176258 1.6780014859829 1.693868236292076 1.673194417774242 1.673793581675595 1.683934182848332 1.687109591547525 1.719478574902431 1.696312423530155 1.692226716233039 1.714708053965629 1.730528269272447 1.730198831256184 1.724615855554622 1.717314043083662 1.743307005441198 1.761992829045235 1.75163514142115 1.732244280053001 1.732895648241608 1.729764670821911 1.73647675281944 1.732179110365409 1.706028645911388 1.693401817184059 1.67822081891244 1.655624094055145 1.635775809414955 1.615297662586707 1.611190703650501 1.615292823674992 1.599467625000171 1.595535425599794 1.586329028111994 1.569679648723716 1.588970953036685 1.589633436559193 1.581335853933577 1.561935254772987 1.58032726009049 1.582645772707942 1.572041513991547 1.56215241125651 1.575911890956812 1.567470582044316 1.587664479720386 1.610911644220543 1.61109849239737
1.710931288271792 1.703615167664996 1.73185468679226 1.78086949628565 1.788134902432929 1.792687067531166 1.785137260412754 1.764875902159103 1.745732487507582 1.745117521100005 1.709084553957499 1.669846455107427 1.641916492882971 1.656683108436437 1.649632938169785 1.625899707298663 1.616497871392083 1.637044546920541 1.640111325534202 1.639540019058615 1.66428056514469 1.661623138937292 1.652693896972734 1.657039095941026 1.650971441573613 1.635350518224252 1.680910317573926 1.720582236121472 1.71967074957628 1.734757976632322 1.757745783581552 1.755321121480775 1.736345466345954 1.755116036570053 1.757442907214402 1.740595091318681 1.715612892803238 1.706493732638614 1.66232406837737 1.651307327977489 1.661423865607792 1.654924559161125 1.635576181498077 1.672156357105953 1.68094491299296 1.666675557805206 1.696082262077751 1.6982043680362 1.676653468226208 1.65553955581936 1.654403730750615 1.616966328061749 1.633971728961295
1.891246431210677 1.898467126767031 1.879879720036324 1.921717372458034 1.925146821095146 1.886764666612969 1.845893376401886 1.849145973627994 1.853106534265545 1.82302153712565 1.862309360417416 1.883448724618165 1.829864865510774 1.832411597944778 1.824875950870016 1.797715616299108 1.836841706821636 1.857214568456825 1.85218937437685 1.895040135825479 1.93650943979327 1.941305198881632 1.923802495425879 1.943551348107219 1.943978005128452 1.919586970849187 1.917029285731939 1.917927208582276 1.893670221731661 1.882529665399786 1.928850855161413 1.929114639724357 1.894592970795223 1.926904268495677 1.912734809686623 1.878129461169664 1.897526515847423 1.888496351404623 1.851331715354848 1.855550902510358 1.869426787963871 1.85294201175305 1.844065277805075 1.858944054369032 1.848149187946471 1.898500936831386 1.911703655749581 1.907656714094238 1.926989419965013 1.921960605214734 1.877444006842074 1.886824707997229 1.880691859532697
1.986442609992209 1.967735364220441 1.996280062194261 2.029173407772228 2.006201784461829 2.014059219335802 2.038003845056113 2.019449646418435 1.994671531403632 2.010540902879312 2.017801460563126 1.988278609414146 2.008903152465244 1.998852317476768 1.966503724150536 1.984460384087524 1.958371001113911 1.929002820796701 1.974769100911826 1.988469929042635 1.979000020932799 1.985238663714501 2.026756398448862 2.040392511779018 2.020212330202869 2.036034532980877 2.019880012248663 1.995282198090946 2.022187017577354 2.035474165077638 2.009845336619666 2.028917865512148 2.010508818336362 1.973603404784391 2.016736940366473 2.051143255563279 2.037025075404639 2.041520566747333 2.044230953936039 2.007686806015213 2.027735129817644 2.052071236745622 2.012353511089617 2.004138690956776 2.025350345550579 2.011254387134343 2.024588596798166 2.028422967528472 2.011828725731671 2.025305635888819 1.990949235437491 1.956289369968479 1.936273773560137
1.955913452797915 1.940421615062788 1.911071702511313 1.937766714969259 1.948647239319812 1.929652280914138 1.954224386738714 1.960860390402613 1.939453364430005 1.97929887436303 2.005505707169123 2.007413744266183 1.982144574339056 2.003210497176397 1.982748354040686 1.955465343872188 1.974200709274932 1.964259588974553 1.931042840335182 1.964517351481558 1.983093095046706 1.986810170072558 2.033175110945153 2.044197632423402 2.01665565721386 2.064253981393784 2.078544392269441 2.051329471325301 2.068192253998897 2.068163416390356 2.035733425100549 2.045075296616714 2.031162245299926 1.996769182586779 2.011314568879608 2.034706546960024 1.998958806939658 2.045663399063718 2.042217054481706 2.027345832994487 2.067516670440085 2.058234650389956 2.076538384892101 2.082952104357133 2.065691329030932 2.095944736159579 2.074629375256091 2.068519731078305 2.081552530771877 2.037161540684203 2.03899388509009 2.001625303266869 1.988811536197582
1.818907513185423 1.848866951076565 1.875685714474711 1.861881304061234 1.902053897825155 1.914365386957831 1.908262196579283 1.953874268788748 1.972091944845793 1.957633083437659 1.952660135414028 1.97248686061195 1.970636604765395 1.946036576885349 1.958846916821936 1.953570720898586 1.915798646100629 1.932316530019577 1.940221608298967 1.925834178507958 1.965848391453443 1.984008075506264 1.974780236752342 1.974642064915298 1.990466070455132 1.985459910936523 2.041387829806116 2.074239618967172 2.060086529413304 2.054793302951267 2.067716669703267 2.023895940242941 2.034431777100578 2.004682702811012 2.0028073896945 2.014741772934915 1.986907208102478 2.033282359792759 2.045845653280239 2.055607179913403 2.101988406279479 2.073345778355535 2.090117286251094 2.084045277167252 2.030202730138758 2.03619109585575 2.012060803733434 2.007484573786584 2.000688459893556 1.993738174682869 1.998612669056788 1.991774143939345 1.979573501870593
1.793320893000832 1.768826829794317 1.796945237250794 1.795533230974194 1.771706503877609 1.804365029842639 1.820568484697531 1.832516689982336 1.88743644800984 1.912405132271404 1.909932740993373 1.899446930777208 1.864061421264268 1.817520566538752 1.801456194604567 1.771938681505952 1.794903583644444 1.81798041169991 1.812817787912641 1.828442758301485 1.840411681829802 1.823088840019561 1.854949442404218 1.862109647245508 1.855020040345197 1.890823251658097 1.90805350710946 1.907027158750511 1.923609741337337 1.931870092851145 1.932074907182957 1.967799812367259 1.934336848999031 1.956906344166615 1.945931368672221 1.927509023194842 1.934424579068756 1.915891815399808 1.913569685264416 1.893394047840309 1.912343564872522 1.916132627579395 1.908639466407866 1.930210769596377 1.919187823415381 1.919915555113276 1.890727131064871 1.90605576286023 1.859341442264457 1.823491451201494 1.811944353814527 1.753171096081852 1.725540853263333
1.571613932918643 1.548337741422992 1.552092112151056 1.558103990510268 1.562988993177095 1.57383030343657 1.594813467321047 1.621848682801448 1.671151460861623 1.71178127943489 1.733991903394053 1.720354075726578 1.709831249716389 1.713334899948745 1.713854810449299 1.729194723151549 1.6999466663016 1.695918017995227 1.716287443026759 1.715293222667566 1.732314407088724 1.756459548430545 1.747199916229018 1.768268840338345 1.743237596429884 1.732426330747131 1.740077103777714 1.718199481901756 1.731684732658223 1.723402728274536 1.77194637445106 1.78287347258193 1.798247714715232 1.774302895407785 1.73337038700499 1.727756550638066 1.712388934208095 1.741976057906116 1.735452165786428 1.757669939903173 1.724272403061564 1.749609362874843 1.699451789900049 1.671059646030962 1.639513158566129 1.606431753144204 1.567470314738994 1.533242164788588 1.502311824867022 1.498263452765895 1.494784206869225 1.487689698469468 1.522185352132781
1.4617057282767 1.447694953171729 1.478305880138887 1.492954505748705 1.512191903483636 1.53218371806994 1.523942001358144 1.525004709536597 1.528132742360301 1.542915230050524 1.551739932968833 1.55442999156727 1.569866933025248 1.569346302755069 1.573873117731564 1.583932219988848 1.596352617158908 1.625631163773062 1.632001836440795 1.662541142525531 1.667756328749688 1.68172626737902 1.699465305598818 1.709117019767338 1.716235385256182 1.698571632228854 1.659062158681229 1.627108333897983 1.61985403809616 1.615185398549055 1.619300464870757 1.627264161524979 1.63663665510977 1.637404658728005 1.63280921929862 1.648528519915588 1.657711695382214 1.657978474737401 1.652748641160333 1.65449269283646 1.665720569731888 1.669521030603613 1.664268431832855 1.65913872928866 1.660450624504483 1.646485724368631 1.636750885059681 1.639696623950905 1.636349355801621 1.644467483383911 1.64581130767635 1.637777830164627 1.634031421409898
1.259890645325183 1.239369351101385 1.221354686474213 1.232329831711902 1.280286708915963 1.324938340363095 1.369752422521086 1.399779520409892 1.397238105488337 1.408877289866851 1.419224780136616 1.44160409750825 1.445104616963869 1.459019593630591 1.489188063127235 1.510246003648783 1.508564381331915 1.511330512315594 1.529062842556936 1.543160879182143 1.566997394823261 1.583267878319456 1.593079046448059 1.571870431454799 1.579588103208485 1.585507919505104 1.574793600912817 1.560222092931542 1.575088804665925 1.593617046041356 1.58073515386125 1.556936263393 1.54450943429503 1.544400480528626 1.549518125100125 1.552564373422817 1.55617543315023 1.570469257814983 1.583540083712388 1.583568357418062 1.59831786077827 1.582751281546063 1.555767633223052 1.560729841339987 1.570295106096269 1.562043669757011 1.574698436301369 1.594419140486818 1.612423066734965 1.643272038246296 1.642321426604304 1.639754504799992 1.633002510802616
1.162870896242005 1.137188561728406 1.114685729684856 1.078852926017308 1.116876486339832 1.166102185631167 1.232700323183543 1.214842118341775 1.283402813729257 1.306884292664525 1.317325741134523 1.329131558495751 1.320302916530701 1.328956653053195 1.340214255472485 1.331165063389576 1.337177572053881 1.327669513918434 1.295232224751536 1.311093186485573 1.325265408850122 1.369290544563418 1.388519704357043 1.375129735639007 1.387558709046521 1.382035129046142 1.365147685748595 1.3627893062196 1.351500933718062 1.338186709141937 1.342441895150324 1.371854426296078 1.40143699075713 1.429008877794171 1.442799316362297 1.429283951566124 1.415685876254535 1.423811426569085 1.447194237297822 1.463240086495981 1.468124636054673 1.47406460996807 1.435257315547429 1.423991364570995 1.448137296765752 1.474571011312824 1.497624328063259 1.520489625702926 1.520190553908148 1.529585127437765 1.518965620323947 1.510400090797384 1.524555333879235
0.9307593261060592 0.939884232304503 0.9627832716965661 0.9429044692976419 0.9603870363618687 0.9823909623161614 1.027845838598947 1.081139328010756 1.077131883246438 1.083081859708752 1.064620983599459 1.074011287946815 1.080697604193787 1.096396134092858 1.134633917480402 1.115678105179836 1.100456220254334 1.142765021005983 1.15077462542244 1.121077748778729 1.173619958585998 1.177705051656261 1.163132776886306 1.176614018488536 1.204858112628226 1.196842376244863 1.193235158476562 1.210969587745166 1.216153957872512 1.20331442633907 1.191503636009863 1.175387192045998 1.165572555814401 1.151560036410757 1.158210227217892 1.194184565963095 1.190881749448889 1.191291213519022 1.205973107129998 1.215972912035939 1.210868516622286 1.254425760374468 1.277797725900859 1.297242495728389 1.315507521865759 1.317912590210106 1.339985565090106 1.351906130869118 1.395664869537378 1.38479270455024 1.407806822998926 1.411095462642139 1.399481942200197
