benchmarks/avaHockeySmallnullTest/release1HS_null_ref_0.15500_ppr.asc
ncols         1000
nrows         400
xllcenter     1000
yllcenter     -5000
cellsize      5
NODATA_value  -9999
[rows 175 to 209 of 400, columns 390 to 467 of 1000]
0 0 0 0 0 0 0 0 0 0 0 0 0 0 0 0 0 0 0 0 0 0 0 0 0 0 0 0 0 0 0 0 0 0 0 0 0 0 0 0 0 0 0 0 0 0 0 0 0 0 0 0 0 0 0 0 0 0 0 0 0 0 0 0 0 0 6.74011 6.74011 6.53923 6.1659 5.91294 5.68423 5.51399 5.34197 5.2456 5.13059 5.04875 4.98405
3.9748 4.0337 4.03785 4.03785 4.00418 3.95906 3.90589 3.83153 3.79208 3.73665 3.7711 4.04109 4.30876 4.51702 4.69225 4.79731 4.82425 7.07624 7.28324 7.28324 7.11383 6.79137 6.42685 6.12472 5.82117 6.12941 6.45582 6.62713 6.65842 6.65843 6.54033 6.366 6.1923 5.97037 6.35582 6.57287 6.57287 6.44384 6.64141 6.78505 6.82582 6.82582 6.74655 6.56121 6.31481 6.39842 6.55738 6.55738 6.28982 7.16476 7.80986 7.80986 7.71227 7.68262 7.90023 8.54325 8.65163 10.6133 10.6133 10.3457 9.64082 9.05922 8.60776 8.85968 8.86193 8.98821 8.98821 8.96199 8.73786 8.43336 8.02542 7.81716 7.82502 7.59441 7.60472 7.65533 8.08847 8.60506
9.12321 8.80378 8.72053 8.4723 9.20055 9.44727 9.54328 9.87136 11.4798 11.3213 10.9368 10.9175 11.155 11.4543 11.502 11.753 10.8264 10.585 10.3047 10.0393 9.89108 9.71931 9.47886 9.47886 9.42931 9.19886 8.83588 10.9163 11.253 11.253 10.935 10.6298 9.08373 8.77757 9.00224 9.04648 9.04648 8.99137 9.23149 8.7467 9.00491 9.45859 9.45859 9.74543 10.4763 11.0741 9.9343 9.9582 11.8396 12.226 12.1286 11.8271 11.1795 10.2161 9.95495 10.8518 10.8518 10.5191 11.0981 10.4533 10.1207 10.0647 10.6705 11.1708 11.1763 10.8407 10.2574 9.52603 8.8495 9.05106 9.14404 8.90862 9.03708 8.67931 8.80244 9.04142 9.07502 8.60506
16.351 15.64 15.3172 22.5696 22.8599 22.0465 20.4969 20.8218 18.429 18.5613 19.947 18.4505 17.0185 16.2857 16.2244 15.2934 15.791 15.0788 14.9262 15.3326 15.7357 16.1539 22.3801 21.319 19.4267 17.3251 15.1657 12.995 12.1762 11.9228 11.4256 11.032 10.9019 11.1111 13.0146 13.327 13.327 13.3195 13.1488 12.9742 14.3798 14.7263 14.5283 14.0654 13.985 13.5922 12.3426 11.7664 11.7801 12.3517 13.0151 13.4064 13.605 13.9228 14.161 14.5669 14.8609 14.9116 14.4373 13.0425 12.1423 12.2857 12.1478 18.7523 19.0355 19.1087 19.3404 20.0739 20.4715 21.222 21.4134 20.6053 19.1382 17.1883 14.7249 12.1746 20.4548 20.4548
19.8607 20.8385 22.1853 23.2573 23.535 23.9444 22.9888 21.7324 20.8459 20.5521 20.5526 20.9695 21.7276 21.5015 20.381 19.3839 19.1648 19.4297 19.6759 20.3473 20.9418 22.6378 23.6356 25.0753 24.6489 18.5993 16.5499 15.3323 15.2598 14.4604 22.8872 19.9465 18.4342 17.0946 15.5646 14.6824 14.7593 15.2309 15.5239 16.7103 16.3747 16.5892 16.452 15.8177 15.5354 14.6627 13.735 14.7839 14.069 19.0557 18.048 13.9778 14.3687 17.0687 16.8694 16.1726 17.4135 18.4278 19.4862 19.9259 19.711 19.3035 18.788 18.6926 19.18 19.7018 20.0331 20.5563 21.1434 21.5773 22.0264 22.0557 22.1453 21.5885 21.4931 21.3934 21.1233 20.9152
25.1102 25.7808 26.3876 26.5887 26.5228 26.3338 25.7956 24.9081 24.5455 24.5925 24.6039 24.5681 24.4698 24.0314 23.5912 23.5122 23.5708 23.7861 24.4405 25.0805 25.3089 25.2345 25.0384 25.0088 24.8694 23.5891 23.6344 24.0082 25.9411 25.8856 22.6659 20.7998 19.2619 18.8112 18.6668 18.6056 19.0387 19.2392 19.1871 19.351 19.3012 19.301 19.4989 19.6615 19.7923 19.4219 19.3409 19.6801 19.8642 19.8891 20.2851 19.9699 19.6036 19.231 20.2394 20.6487 21.176 21.6871 22.4147 22.6763 23.0246 22.602 22.2112 22.2086 22.3049 22.4139 22.6694 23.0756 23.6159 24.1617 24.1981 24.0847 23.9599 23.4451 23.254 23.2269 23.582 23.781
27.3901 28.1455 28.5991 28.6334 28.1256 27.8226 27.4609 27.1535 26.6826 26.5388 26.4607 26.244 26.1027 26.0111 26.047 26.1511 26.0664 26.1864 26.6707 27.3689 27.1193 26.6195 26.4749 26.5333 26.543 26.4638 26.8081 27.1993 27.2966 27.1058 26.2155 25.032 23.6154 22.6581 22.5188 22.5139 22.4985 22.3673 22.6604 22.9093 22.9922 23.046 23.3594 23.5808 23.3841 23.31 23.2222 23.4861 23.7485 23.9254 24.1234 24.1439 24.4893 24.7639 25.4099 25.9716 26.3815 26.9525 26.8427 26.5923 25.6889 25.1643 24.8804 24.6681 24.6126 24.6319 24.9654 25.6367 26.2454 26.52 26.518 26.0737 25.946 25.7413 25.5351 25.4242 25.2894 25.162
28.1324 28.826 29.2199 29.6288 29.5152 29.5912 28.8179 28.4759 28.2923 29.0003 27.4517 26.6962 26.5797 26.5501 26.5451 26.7418 26.8428 27.0174 27.3804 27.9414 27.9307 27.908 27.6655 27.5296 27.3911 27.4214 27.7634 28.1085 28.0837 28.109 27.8265 27.4568 26.4791 26.1147 25.9434 25.8522 25.7281 25.7681 25.7913 25.8457 26.1297 26.3508 26.4696 26.5211 26.4597 26.4927 26.5676 26.5882 26.8865 27.1177 27.3542 27.5748 27.5663 27.5593 27.928 28.3052 28.6774 28.729 27.9882 27.2962 26.1459 25.694 25.5337 25.526 25.3125 25.5174 26.0363 26.5057 26.7948 26.8207 26.8152 26.4909 26.6587 26.6937 26.4286 26.2297 25.2918 24.8752
46.1234 42.41 38.4225 33.8322 39.4906 37.5717 33.4236 34.1726 34.8884 35.209 34.2182 33.3596 32.898 32.6842 32.6972 32.4764 32.0693 31.9612 31.5609 31.2537 31.039 30.7173 30.2185 29.531 28.2647 26.6256 27.2235 27.2391 27.413 27.6292 27.4914 30.0833 28.5956 27.4788 27.9404 27.0125 26.6879 26.6103 26.683 26.7678 26.8194 27.1025 27.4972 27.6924 27.768 27.8969 28.0615 28.21 28.4333 28.4332 29.3838 30.0575 30.0753 29.7969 29.2361 28.8072 28.6736 28.281 27.7542 27.7182 29.1907 30.4314 32.2441 33.709 33.4952 42.1876 43.6024 43.5798 42.158 42.1033 40.3895 37.564 34.242 30.3535 27.8317 27.8061 27.7915 27.9112
53.3377 50.7208 48.135 54.5865 54.9782 51.9951 49.215 46.2449 43.0123 39.6011 39.2458 38.7301 38.1776 37.8915 37.9998 38.06 38.3497 38.5138 38.1499 38.742 41.1972 41.7046 41.0948 40.0701 38.4901 37.4472 36.4429 36.7165 37.2913 37.5769 37.8828 37.9821 37.4362 38.3404 37.6792 37.3172 37.0197 35.7031 34.528 33.8333 33.939 35.4331 36.0125 36.0664 36.2042 36.0979 35.9906 36.4461 36.5688 37.2889 38.1533 38.8703 38.8036 38.1242 37.4785 38.1105 39.1076 38.3696 36.997 36.2331 35.9981 36.8099 37.9249 39.0863 40.6984 42.3858 43.2174 43.3689 43.5849 43.7691 44.2217 44.6229 45.0225 45.8964 46.7504 47.986 48.561 48.2136
59.1978 58.8929 58.7647 57.4809 60.8286 62.4259 60.7516 58.8328 56.2463 53.4723 50.7185 47.6133 44.3034 44.5649 45.5742 45.5552 45.595 45.5279 45.7205 46.1096 46.6537 47.1186 47.4804 48.0266 48.4064 47.9719 47.4763 46.9511 46.8793 46.4488 46.3222 46.5628 47.0891 47.1078 47.57 47.6695 46.8496 45.7565 45.0331 44.3885 44.4809 44.3999 44.4562 44.3986 44.44 44.6558 44.9135 45.3694 46.0134 46.3879 46.9592 47.5882 47.8181 47.6307 47.2868 46.3448 45.1175 44.5579 43.9622 43.6539 43.5708 43.9966 44.8348 46.2892 47.5829 48.5381 48.7393 48.5859 48.7355 48.6565 48.7619 49.0957 49.6246 50.35 50.7789 51.0484 51.3431 51.4396
59.8386 60.5528 61.3532 61.7422 62.351 62.3283 61.4387 60.7746 59.6389 61.0263 59.519 57.297 55.0197 52.1934 49.4988 49.4573 49.2608 49.2618 49.2001 49.661 50.3237 51.0228 52.0289 52.9548 53.8919 54.3375 54.17 53.7928 53.0685 52.2695 51.95 52.0842 52.6179 53.3916 54.0078 54.0062 53.8706 53.7735 53.8118 53.5293 52.8566 52.2557 51.6822 51.6454 51.7404 51.7012 51.5913 51.9051 52.4614 52.5278 52.4524 52.8897 53.3404 53.8216 54.1529 54.006 53.4445 52.4286 51.7353 51.4015 51.2751 51.563 51.8954 52.316 52.4198 52.6299 52.5043 52.4553 52.6356 53.0704 53.7926 54.8456 55.6633 55.854 55.7342 55.8315 56.0682 56.2203
60.1733 61.0355 61.8574 62.6151 63.1087 63.3144 63.2147 63.091 63.4578 61.6034 61.6752 58.4897 59.6192 54.448 54.9787 52.6564 52.4177 52.2547 52.1953 52.3351 52.9076 53.5953 54.5224 55.5893 56.6688 57.5496 57.5745 57.1736 56.4516 55.7026 55.3905 55.4675 56.0103 57.0433 58.421 59.2176 59.6087 59.5255 59.232 58.5745 57.8459 57.0268 56.386 56.2024 56.2898 56.2448 56.3052 56.5273 56.9444 57.1656 57.0893 56.8866 57.3201 57.9197 58.2664 58.2815 58.2583 57.9585 57.7021 57.3411 57.2139 57.1 57.0336 56.7032 56.6599 56.4774 56.4059 56.4407 56.6181 56.9835 57.6832 58.31 58.7096 58.8274 58.9225 58.982 58.9897 59.1082
59.427 60.2828 61.2963 62.3581 63.3482 64.1052 64.438 64.4683 64.2651 63.8577 62.8003 61.7525 59.8947 57.8616 55.4904 54.6794 54.6106 54.687 54.6359 54.4255 54.8584 55.6536 56.4102 57.1868 58.0765 59.0555 59.2898 59.2174 58.8879 58.6716 58.2683 58.31 58.9497 60.0382 61.5742 63.1955 63.5035 62.7974 62.1976 61.9437 61.4578 60.8103 59.9313 59.3412 59.4006 59.9227 60.4914 60.8776 61.1471 61.028 60.5924 59.9099 59.7719 60.244 60.6253 60.8848 60.9874 60.8837 60.934 61.2328 61.2484 61.0119 60.6638 60.4378 59.9703 59.7954 59.8695 59.9923 59.6416 59.8081 60.1984 60.7177 60.7453 61.114 61.3852 61.3053 60.8968 60.6136
57.098 57.7061 58.6636 59.9206 61.22 62.1741 62.7215 62.978 62.8765 62.4795 61.9413 61.2533 59.7671 58.174 56.5899 56.081 56.0258 56.26 56.3321 56.0285 56.0815 56.5164 57.1038 57.9616 58.7109 59.2369 59.5919 59.5466 63.1252 63.0349 61.9657 60.1424 60.9617 62.3204 63.9893 65.6198 66.3146 64.835 64.0898 63.8764 63.8875 63.4426 62.5873 61.7992 61.6739 62.3519 63.271 63.4289 62.9557 62.1959 61.7573 61.1034 61.0541 61.3031 62.332 62.9616 63.104 63.0572 63.2107 63.6612 63.8375 63.506 63.2493 62.6696 61.967 61.9416 62.2407 62.4037 61.7828 61.5498 61.3915 61.4936 61.7498 62.302 62.7247 62.4324 61.6638 60.6645
53.4562 53.9261 54.7231 55.7397 56.9571 57.9883 58.5015 58.8274 58.8899 59.3166 58.9916 58.4831 57.1349 57.3555 56.7432 56.2707 56.5532 57.0658 57.0472 56.8573 56.5718 56.7751 57.3948 58.6009 59.1378 59.3064 59.2988 62.2418 69.5374 69.3799 69.471 67.9325 65.7908 63.4671 67.372 65.5711 65.2556 64.3706 64.2648 64.3804 64.1775 63.7697 63.4692 63.0462 63.0485 63.7598 64.5587 64.2044 62.8116 61.5198 60.8665 60.6938 60.7414 61.2627 62.7729 63.8832 64.2307 63.9967 63.5025 63.0355 63.0926 63.1401 63.2375 62.4972 61.5511 61.991 62.4535 62.3671 61.6741 60.9502 60.5646 60.5538 61.2531 62.2489 62.8977 61.7868 60.7226 59.3543
62.2636 62.3518 62.2492 62.3158 62.5873 62.8435 62.7829 62.981 63.2989 63.4604 63.3952 63.8189 64.2832 64.7003 65.2323 65.6374 65.6543 65.6093 65.9068 66.2085 66.5906 67.0757 67.4569 68.0244 68.6912 69.5419 70.948 72.9387 74.1271 74.6002 76.8958 77.7084 78.9045 76.8338 75.8385 75.1579 73.476 70.3873 65.1847 71.4461 67.7581 63.5326 61.8266 62.0997 62.7999 63.5902 63.829 62.1354 60.2336 59.1378 58.6544 58.7969 59.1583 59.7332 61.2522 62.7208 63.5343 63.3602 61.2161 60.0991 59.9533 60.355 60.5685 60.1153 59.2546 59.8271 60.4498 60.5342 60.0272 58.6656 57.7282 57.9276 59.0552 60.312 60.5473 58.4786 56.7691 55.7288
67.6369 67.9159 68.2418 68.6181 68.9317 69.2245 69.3923 69.5762 69.7994 70.1171 70.5346 71.0175 71.8297 72.5358 73.2048 73.8211 74.3617 74.8391 75.2725 75.6279 76.0612 76.6023 77.3415 78.3288 79.3829 80.7285 82.1974 83.3881 89.1509 89.0385 88.4958 87.6736 86.8065 85.9028 91.7117 89.9289 88.0131 85.9071 83.1656 80.1094 85.5704 82.3679 78.6214 74.5463 70.041 74.9606 70.1348 65.5133 66.731 61.128 56.0909 56.5087 56.2657 56.6222 57.8666 59.4759 60.1925 59.73 57.7253 56.4848 55.8788 55.8064 55.9065 55.5172 55.3168 55.5304 55.6729 55.495 55.4199 54.7809 53.7429 53.5244 53.8125 54.4098 55.1695 53.9418 52.3212 50.7756
69.4012 69.5714 69.908 70.3596 70.8996 71.469 71.976 72.4382 72.8223 73.1355 73.7045 74.5368 75.4035 76.4621 77.7586 79.1713 80.5426 81.278 81.8389 82.5827 83.418 84.4882 85.8006 87.1017 88.4128 89.6008 90.7368 91.8573 92.8488 93.254 93.214 93.2529 93.8692 93.9394 93.9292 93.6229 101.375 99.9408 98.0913 95.9441 93.728 91.3895 90.0958 88.0239 85.3999 82.5867 88.91 85.2671 82.107 78.2056 73.566 69.2661 73.2674 68.4505 63.6366 57.7835 52.6211 51.9462 55.1044 50.6746 50.1396 49.7943 49.4264 48.9683 48.5716 48.0727 48.2224 48.3876 48.1552 47.9724 47.7398 47.7183 47.9943 48.3472 48.9473 48.1376 47.3416 47.1227
68.0779 68.3731 68.9117 69.5188 70.3153 71.246 72.1694 72.953 73.4911 74.0633 74.9214 75.9432 76.7447 77.5586 78.934 80.6256 81.7143 82.3641 82.9797 83.9342 85.1188 86.5214 88.0202 89.4426 90.7306 92.1576 93.8912 95.6733 97.1699 98.3794 99.3777 100.867 101.935 102.564 102.767 102.752 102.84 102.148 101.512 106.366 103.982 101.38 103.117 100.696 97.7989 97.3833 95.7169 99.5621 96.3162 92.8733 89.6787 86.8438 83.8585 80.437 79.3688 79.3269 77.2841 75.1955 70.6927 65.9815 60.7495 55.9284 55.9043 56.0278 55.4427 54.3963 53.6674 53.4591 53.6859 54.0398 54.2873 54.7673 55.1833 55.4093 55.9448 56.2681 55.4556 54.4111
65.5309 66.2506 67.0929 68.1405 69.3566 70.7709 72.1383 73.3392 74.4169 75.5777 76.9166 78.228 79.2864 80.2901 81.3663 82.7462 83.7662 84.6244 85.3709 86.0855 87.1184 88.2569 89.1728 90.1847 91.1977 92.5846 93.762 94.8895 95.8088 97.2166 98.4282 99.821 100.986 102.164 103.188 104.358 105.628 106.741 106.885 107.111 106.669 109.297 106.411 109.377 106.488 104.544 105.544 102.077 102.129 99.1429 96.8376 95.1422 92.6924 89.9279 86.9694 84.2086 90.5707 86.2122 81.856 77.7528 73.7883 69.7091 64.982 60.8217 63.6108 58.4348 57.9157 58.1848 58.789 59.2514 59.8321 60.4362 60.1926 60.2679 60.3617 60.3298 59.2732 58.522
71.2111 72.596 73.7862 75.2196 76.4096 77.7387 78.806 79.9066 80.7617 81.6221 82.4703 83.2963 84.1185 84.7845 85.7822 86.6397 87.621 88.261 88.8885 89.5696 90.2718 91.0896 91.6484 92.4233 92.9805 93.9182 94.5735 94.9198 95.4252 96.0723 97.0997 97.7051 98.5292 99.1439 100.053 101.247 102.128 103.19 104.293 105.081 106.084 107.569 108.223 109.377 108.291 107.859 107.083 106.452 105.257 104.219 102.794 101.35 100.579 98.8317 96.9098 97.5884 92.6757 88.7393 85.2264 82.399 81.9636 79.6894 79.683 75.5768 67.5716 64.2143 62.4364 61.4297 62.0271 61.9192 61.9312 62.6226 63.0662 63.316 62.8371 62.0504 60.6594 59.8874
80.504 81.1171 82.0199 82.8196 83.7206 84.4475 85.1377 85.8644 86.3922 87.1407 87.6631 88.2818 88.7879 89.1963 89.7241 90.0638 90.5787 90.8316 91.4073 91.8032 92.4531 92.8831 93.527 94.0504 94.4819 94.9646 95.3785 95.6144 95.6433 95.9267 96.1521 96.5972 96.8349 97.112 97.6303 98.402 98.7941 99.4347 99.9206 100.554 101.14 102.011 102.098 103.033 104.099 105.238 106.494 107.677 108.247 108.535 107.676 106.496 105.338 103.472 101.669 99.5568 97.0125 94.3872 91.9521 90.4576 86.9086 83.8569 80.6313 77.172 73.9396 70.4642 69.023 63.1276 62.4692 62.0757 61.584 61.9262 62.3856 62.6532 62.047 60.369 58.9226 58.2021
85.8809 86.3112 86.6256 87.2657 87.6227 88.0721 88.5248 89.0482 89.6692 90.0089 90.6186 90.9902 91.3531 91.6335 91.6235 91.7324 91.6039 91.598 91.7129 91.9167 92.2904 92.6507 93.3529 93.929 94.4862 95.1875 95.9901 96.1113 96.1678 96.1661 95.9118 95.8674 95.5279 95.4678 95.4693 95.5826 95.6939 96.2185 96.6279 97.2298 97.5976 98.0014 97.9621 98.5366 98.906 99.5454 100.004 101.051 102.471 104.131 104.979 104.988 105.928 103.042 101.679 100.423 97.8472 95.6887 93.3789 90.8718 88.1758 85.412 82.4305 79.3672 76.302 73.2357 70.9508 66.382 62.9042 59.807 59.2289 59.1849 59.0906 58.4348 57.2316 55.4333 54.4852 54.5403
87.7145 88.0668 88.3262 88.6057 88.8502 88.9563 89.4804 90.0341 90.6063 91.1667 91.5074 92.0958 92.2443 92.2535 92.1685 91.7919 91.2651 90.8791 90.3394 89.9777 89.8925 89.8416 90.4685 90.8261 91.7185 92.919 94.0831 94.6929 95.0438 95.4011 95.3172 94.8544 94.396 94.01 93.4315 93.0719 92.7716 92.9801 93.1531 93.5418 93.8263 93.8496 93.8735 93.8481 94.1799 94.0896 94.1573 94.1466 94.4027 94.5975 95.9267 101.92 102.894 102.794 102.125 100.569 98.5816 96.6504 94.2069 91.3544 88.382 85.404 82.2727 79.0422 75.7252 72.3565 69.0732 65.925 62.4236 58.7427 55.2221 52.3708 51.5746 50.9889 50.7406 50.083 49.5569 49.1954
87.52 87.5956 87.8677 87.6873 87.5708 87.8591 88.1281 88.3602 88.824 89.2055 89.867 90.1635 90.2211 90.2638 90.0942 89.4226 88.7646 87.8094 86.7576 85.8149 85.2439 84.9692 85.0535 85.7636 86.6757 88.2006 89.4878 90.1648 91.11 91.8148 92.1814 91.8599 91.4114 90.8565 89.9988 89.0858 88.4433 87.9353 88.1054 88.4507 89.0771 88.9786 88.6238 89.0395 89.7471 90.4933 90.2759 89.4623 88.6502 88.1056 88.1583 88.8975 90.0828 91.3913 95.4487 95.5783 94.4477 92.473 92.2077 88.2604 85.1133 81.9489 78.8573 75.869 73.0623 70.3296 66.4706 63.4703 60.8406 58.3064 54.2288 50.5207 47.4686 44.064 42.5661 42.7324 42.9375 42.4697
84.9763 84.9819 84.9829 84.8447 84.6905 84.7041 84.8176 85.1825 85.4011 85.4108 85.7786 86.0598 85.9409 85.6153 85.4719 84.7907 83.9142 82.748 81.6051 80.5046 79.6506 79.0772 79.502 80.2002 81.5576 82.735 83.7144 84.3302 85.3403 86.4407 86.86 86.6839 86.6521 86.3239 85.4035 84.3354 83.0961 82.1212 81.4744 81.8343 82.2068 82.0486 82.1987 82.6024 83.8754 85.0915 85.2313 83.9899 82.492 80.9614 79.8194 78.7309 78.4131 79.8106 91.4614 92.6979 91.9446 90.153 87.5909 84.5263 81.399 78.3393 75.3507 72.4245 69.2947 65.886 62.4153 59.3398 60.1944 56.6215 53.0541 49.4305 45.9215 43.9857 43.9352 44.0488 44.0349 43.9547
80.1277 80.0796 80.1142 79.7236 79.5964 79.8973 80.3916 80.1945 80.3022 80.4445 80.1431 79.6421 78.7059 78.0665 77.8603 77.7115 77.67 77.0409 76.0018 74.9165 73.8835 73.2081 73.2164 73.7872 74.7975 75.552 76.2886 77.2987 78.8294 80.4245 80.5229 79.6377 78.8769 78.0929 77.1794 76.332 75.4762 74.2887 73.3116 72.9269 72.9791 72.7935 73.122 73.1473 74.1648 75.9055 75.972 75.0832 74.0136 73.0097 70.9504 68.8956 67.8996 68.5785 71.2402 74.6067 77.778 77.4829 76.2094 74.2446 71.7933 74.3616 71.4367 67.7945 64.3793 61.0546 57.3518 54.101 50.5037 50.7046 50.8469 51.227 51.1353 50.9846 50.964 51.1057 51.4552 51.7773
73.8408 73.5618 72.8962 72.5805 73.3531 74.147 74.6655 74.2565 73.8645 73.1261 71.8287 70.7789 69.8835 69.1237 69.0563 69.55 69.9433 70.2182 69.7026 68.5071 67.032 66.0788 65.7008 65.9067 66.3104 67.0448 67.6573 68.8175 69.5973 70.544 71.4061 70.6146 68.9559 66.8588 65.7475 64.9634 64.2794 63.775 63.7069 63.1385 62.2966 61.5031 61.3601 61.7167 62.5492 63.2622 64.1848 64.3516 63.8066 61.7324 60.4364 59.2509 58.9467 59.1164 59.8187 60.9966 64.4482 65.1799 64.6351 62.2273 59.695 67.1772 63.9724 59.7586 56.1693 53.6446 54.4802 55.3001 55.8751 55.8975 56.0873 56.2226 56.269 56.1451 55.9804 55.8703 56.0256 56.2172
66.8448 65.8101 64.9625 64.6669 64.3581 64.5296 63.85 63.2447 62.8488 62.1986 61.5703 61.4906 61.9202 62.4446 63.106 63.2969 63.3795 63.1674 62.4243 60.4991 58.7182 57.4735 56.971 56.2573 55.6618 55.8191 56.631 57.0628 56.3072 55.4421 55.2421 55.6336 56.5138 55.8958 54.7542 55.2211 55.2462 55.2514 55.1647 54.8087 54.7386 54.7251 55.0322 55.4011 55.7052 55.375 54.7624 54.408 54.7085 55.652 56.6032 56.6984 56.4313 56.1931 56.047 55.9209 55.781 55.7798 54.7546 54.4096 54.1551 54.3675 54.7684 55.6916 56.2638 56.8408 57.6779 58.3025 58.8073 59.2515 59.4059 59.5596 59.6297 59.6327 59.2294 59.0577 58.855 58.7701
58.7465 57.6369 57.5403 58.0461 58.3481 57.8394 57.4977 57.0842 56.558 56.1219 55.7572 55.2291 54.5918 55.491 55.7935 59.7169 57.88 56.4586 55.2829 53.8558 53.0753 53.5472 54.4001 54.9006 54.7556 54.2844 54.5411 55.1381 55.4317 55.4543 54.9448 54.3717 54.3638 54.998 55.5714 55.8965 55.6257 55.4326 55.2246 55.1771 55.5856 55.8875 56.0264 56.3538 56.5502 56.6252 56.2332 55.7324 55.9103 56.5494 57.1084 57.0625 56.8832 56.886 56.9045 57.0038 56.8418 56.566 56.1695 55.7897 55.4617 55.5147 55.9984 56.8024 57.404 57.9335 58.5448 58.9524 59.4664 60.004 60.4485 60.503 60.6931 60.7744 60.4391 60.1158 59.8151 59.5001
63.1159 61.6797 60.9853 61.0881 60.8927 60.5191 60.6923 60.9202 61.1447 60.9985 61.0925 61.7636 63.1625 63.4503 61.7699 60.4334 58.7729 57.2676 55.6707 54.0883 52.9278 51.828 52.6796 53.5144 53.3498 53.0165 52.8351 53.0441 53.2236 53.2429 53.0306 52.888 53.1798 53.9729 54.7656 54.8144 54.5253 54.254 54.0469 54.1106 54.4539 54.857 54.8734 54.8606 54.8493 54.9581 54.9363 54.6238 54.5845 54.8524 54.9556 55.0504 55.1709 55.1764 55.509 55.4554 55.45 55.4169 55.4253 55.4832 55.3088 55.3332 55.5933 55.9585 56.2312 56.4012 56.6929 57.2076 57.7387 58.5167 58.8634 59.1485 59.1522 59.1985 58.7654 58.4461 57.9796 57.8432
66.2577 65.1045 64.4128 64.287 64.255 64.3262 64.6699 65.1992 65.6298 66.0353 66.1815 65.7829 64.8833 63.5213 62.0747 60.3664 58.4683 56.7219 54.7854 52.9043 51.1763 49.201 48.5273 48.8129 48.9598 49.0183 49.1087 49.2384 49.49 49.591 49.6802 49.7216 50.1715 50.9307 51.371 51.5438 51.4787 51.3031 50.984 51.0648 51.3681 51.6922 51.7292 51.5658 51.2963 51.3468 51.1761 51.0596 50.8864 50.8185 50.7777 50.9948 51.1077 51.4173 51.5669 51.6053 51.7769 52.2205 52.8482 53.108 53.1062 52.7309 52.5986 52.5481 52.5511 52.5868 52.7235 53.2535 53.8548 54.8158 55.1418 55.4327 55.6176 55.8075 55.2728 54.6491 54.1275 53.921
68.6879 68.6076 68.1917 68.0081 68.2152 68.1764 68.1222 68.0397 67.6318 66.6395 65.4673 64.2165 64.0447 61.0117 61.181 58.03 57.6553 54.7694 53.7555 51.5421 49.4814 47.5941 45.523 43.7925 43.7611 43.6895 43.9533 44.2977 44.7771 44.9965 45.0863 45.1962 45.5572 46.153 46.6948 47.0551 46.7785 46.2302 45.8574 45.95 46.7358 47.0714 46.9526 46.4632 46.0069 45.4311 45.114 45.1837 45.3839 45.3719 45.0871 44.9105 45.1265 45.7406 46.1952 46.4761 46.6573 47.5853 48.0816 48.1332 48.1851 47.9399 47.3317 47.0238 47.0485 47.2404 47.0672 47.3673 47.8971 48.238 48.6759 49.0271 49.5468 49.7947 49.8788 49.1084 48.2059 47.922
70.619 71.1853 71.4225 70.6827 69.6033 68.4229 68.9446 68.8918 67.965 65.3697 64.8902 63.0706 60.2707 58.7122 56.708 54.2136 51.7217 49.0404 46.2464 43.225 40.1896 44.7094 41.338 37.9493 37.2761 37.4351 37.516 37.6375 37.8925 37.7799 37.9661 38.2178 38.2589 38.7587 39.4953 39.8107 39.5397 38.8211 38.4689 39.0058 39.457 40.1416 39.3218 38.5631 38.2582 37.8265 37.8334 37.8704 38.0867 38.5226 38.4775 38.1072 37.6913 36.9135 36.6929 37.3806 38.7476 39.8887 40.1893 39.8243 39.37 38.9748 39.1334 39.3266 39.3992 39.675 39.6901 39.1532 38.7157 38.9222 39.4823 40.017 40.695 40.8797 41.3848 42.428 41.264 40.6018
