benchmarks/avaHockeySmallNullTest/release1HS_null_ref_0.15500_pfd.asc
ncols         1000
nrows         400
xllcenter     1000
yllcenter     -5000
cellsize      5
NODATA_value  -9999
[rows 204 to 237 of 400, columns 539 to 615 of 1000]
1.28063 1.27409 1.28387 1.29025 1.27266 1.28692 1.28042 1.25996 1.28874 1.25683 1.28039 1.24652 1.24238 1.24357 1.23496 1.21668 1.21649 1.20396 1.20926 1.19012 1.17139 1.16622 1.15494 1.12666 1.11358 1.0935 1.06326 1.05091 1.01178 0.985507 0.960006 0.911749 0.878851 0.857186 0.821755 0.80714 0.774969 0.758657 0.717446 0.687082 0.669577 0.639536 0.621109 0.593623 0.558615 0.525321 0.48181 0.442527 0.429711 0.425126 0.416001 0.406701 0.400722 0.409786 0.411415 0.408124 0.407822 0.404162 0.40277 0.417125 0.43266 0.438703 0.449117 0.4615 0.478035 0.478897 0.47396 0.465329 0.448258 0.427069 0.410611 0.401921 0.413996 0.413995 0.412654 0.413835 0.423791
1.24357 1.23701 1.24972 1.23949 1.21176 1.21852 1.18963 1.19249 1.17749 1.16433 1.16301 1.16243 1.14063 1.14687 1.10939 1.11917 1.09842 1.07845 1.08317 1.07382 1.05416 1.06916 1.06534 1.03672 1.03771 1.01061 0.992592 0.95504 0.915272 0.876542 0.834767 0.795194 0.756553 0.709521 0.697939 0.668345 0.646363 0.620693 0.589379 0.565247 0.532735 0.496049 0.471198 0.454515 0.450877 0.440078 0.431551 0.411152 0.406021 0.405632 0.43308 0.455619 0.451926 0.446287 0.441574 0.451524 0.465663 0.477178 0.477283 0.474995 0.483503 0.487836 0.492985 0.491744 0.484456 0.471318 0.451771 0.433377 0.437026 0.439698 0.436908 0.462706 0.472685 0.470178 0.45935 0.446849 0.444478
1.16592 1.15149 1.1411 1.12135 1.07098 1.06127 1.05726 1.07329 1.12577 1.13396 1.13603 1.11415 1.09817 1.08197 1.06889 1.06082 1.04622 1.02911 1.01462 0.992155 0.941115 0.932037 0.894533 0.841244 0.817121 0.781128 0.766378 0.743356 0.708659 0.67231 0.63033 0.627975 0.619029 0.603105 0.574981 0.545062 0.52509 0.523039 0.478913 0.446537 0.433946 0.447444 0.480001 0.507851 0.523147 0.517033 0.507462 0.487651 0.45894 0.442124 0.438227 0.433248 0.440074 0.459472 0.471585 0.486806 0.502502 0.510075 0.513433 0.513982 0.516229 0.521065 0.524766 0.527297 0.524908 0.516534 0.512753 0.510311 0.511923 0.501871 0.484479 0.487558 0.48865 0.477476 0.481782 0.502644 0.504601
1.03729 1.03358 1.01208 1.00353 0.979416 0.990142 0.982076 0.964696 0.953352 0.916074 0.875542 0.867375 0.84333 0.851597 0.827875 0.76912 0.743745 0.707342 0.672114 0.666285 0.628451 0.611095 0.597229 0.578165 0.555346 0.529588 0.505059 0.531046 0.529793 0.533677 0.509765 0.500876 0.498688 0.49796 0.503549 0.511032 0.515704 0.509666 0.501112 0.507912 0.506438 0.498646 0.489064 0.485327 0.497327 0.50292 0.488279 0.46897 0.452177 0.42963 0.432108 0.445609 0.462111 0.479771 0.484326 0.487243 0.485866 0.489635 0.496408 0.512492 0.52875 0.534666 0.53219 0.536138 0.530893 0.528031 0.53872 0.545697 0.544924 0.549866 0.548348 0.540909 0.53771 0.544878 0.549557 0.546774 0.537731
0.800958 0.799675 0.810352 0.797511 0.758426 0.718874 0.687001 0.682192 0.651494 0.642022 0.646667 0.647798 0.654909 0.659566 0.664912 0.662198 0.68065 0.681984 0.675512 0.674131 0.6677 0.660427 0.663658 0.661334 0.65983 0.658792 0.645196 0.622514 0.605328 0.582738 0.553563 0.5654 0.586531 0.598615 0.620275 0.629688 0.636743 0.650266 0.652442 0.656571 0.673228 0.664219 0.655172 0.635565 0.61922 0.590449 0.576518 0.562391 0.545616 0.515461 0.490958 0.464152 0.432791 0.414835 0.434718 0.425743 0.419446 0.424732 0.419222 0.441561 0.464148 0.463072 0.471083 0.472664 0.465761 0.466925 0.488031 0.492358 0.509569 0.51636 0.516268 0.510136 0.496703 0.497376 0.50721 0.510358 0.501949
0.670065 0.66739 0.659003 0.65243 0.661374 0.665342 0.65757 0.655873 0.655471 0.659376 0.655931 0.668459 0.67107 0.668397 0.673614 0.667284 0.658292 0.642581 0.627717 0.620631 0.632276 0.645628 0.657486 0.654263 0.646198 0.635501 0.638822 0.637266 0.631398 0.652889 0.68438 0.71436 0.743154 0.754965 0.765768 0.786434 0.782515 0.787895 0.785522 0.752794 0.728956 0.719527 0.723876 0.721299 0.722457 0.723135 0.718375 0.690054 0.673093 0.650064 0.606643 0.588809 0.591518 0.607217 0.605421 0.602009 0.579599 0.559354 0.545796 0.528902 0.501339 0.487142 0.460798 0.432938 0.428758 0.443117 0.447032 0.453341 0.460216 0.469079 0.449641 0.445464 0.449726 0.452977 0.453376 0.451054 0.463176
0.703976 0.710951 0.71397 0.715732 0.730833 0.734904 0.723604 0.716508 0.718734 0.72536 0.724253 0.723517 0.727972 0.725065 0.72721 0.722626 0.722478 0.711249 0.680792 0.658209 0.648234 0.638618 0.626247 0.609817 0.585941 0.554491 0.551119 0.543455 0.526691 0.519955 0.562183 0.592538 0.618767 0.636932 0.653974 0.673126 0.675873 0.696758 0.702963 0.680653 0.691999 0.677929 0.68276 0.722949 0.738525 0.731804 0.708641 0.680327 0.649118 0.628162 0.602256 0.592343 0.596946 0.600873 0.602814 0.608763 0.600328 0.586773 0.58626 0.595396 0.601811 0.594527 0.600155 0.606509 0.601373 0.604202 0.584892 0.573714 0.566352 0.572389 0.558279 0.546286 0.519163 0.518578 0.520951 0.526148 0.532527
0.565472 0.561945 0.54561 0.532386 0.549741 0.584278 0.601838 0.604673 0.62728 0.645107 0.658622 0.669071 0.679775 0.684822 0.683439 0.678042 0.678847 0.679058 0.669092 0.649288 0.656026 0.676279 0.68301 0.676183 0.674852 0.666589 0.640282 0.607289 0.5745 0.541525 0.549484 0.589945 0.598809 0.630804 0.68334 0.703845 0.699448 0.692622 0.70197 0.694952 0.674405 0.666797 0.661976 0.652037 0.68124 0.692955 0.697877 0.73548 0.753775 0.721528 0.709462 0.687589 0.670376 0.664704 0.671896 0.670718 0.67708 0.678568 0.67947 0.673298 0.659085 0.639766 0.637992 0.631556 0.604804 0.58851 0.58366 0.57538 0.57851 0.588268 0.579781 0.569879 0.586199 0.607588 0.600803 0.60081 0.606934
0.614316 0.616812 0.6219 0.621481 0.612161 0.599399 0.585527 0.571405 0.555621 0.537876 0.539255 0.538346 0.534722 0.529911 0.544649 0.5392 0.537968 0.554639 0.562643 0.569043 0.555162 0.519514 0.51377 0.505466 0.471471 0.442636 0.420659 0.421425 0.417915 0.435913 0.444354 0.453469 0.472901 0.507945 0.523547 0.526932 0.525554 0.530458 0.527799 0.52859 0.545707 0.568079 0.571505 0.583323 0.588164 0.602953 0.597314 0.584243 0.565694 0.53712 0.496826 0.474584 0.457966 0.532564 0.534146 0.54286 0.53691 0.55487 0.558829 0.556312 0.556071 0.560408 0.565036 0.578757 0.602538 0.602045 0.608157 0.624419 0.641794 0.646595 0.633055 0.617961 0.588675 0.567278 0.549851 0.525418 0.542543
0.432018 0.427511 0.426198 0.436554 0.46028 0.473687 0.456345 0.453544 0.464173 0.484741 0.483504 0.492311 0.499429 0.498991 0.485201 0.473784 0.477154 0.47607 0.459601 0.45025 0.439812 0.418964 0.408778 0.397671 0.388268 0.393138 0.388348 0.390611 0.39747 0.416003 0.425658 0.4317 0.43401 0.436125 0.458178 0.494219 0.494925 0.495618 0.488057 0.479329 0.45606 0.447225 0.42931 0.446899 0.438063 0.450807 0.439627 0.446239 0.448889 0.439498 0.443913 0.440628 0.430544 0.418298 0.40287 0.400987 0.406269 0.423451 0.45348 0.455465 0.46105 0.473814 0.496691 0.509652 0.50305 0.499255 0.494245 0.478259 0.472557 0.471852 0.485366 0.49074 0.487779 0.476942 0.463498 0.458978 0.470717
0.424223 0.411717 0.409449 0.432631 0.447585 0.444323 0.432639 0.414426 0.401824 0.401304 0.401314 0.404187 0.393001 0.384133 0.371531 0.372785 0.385348 0.375627 0.367987 0.372671 0.382577 0.396475 0.41222 0.437455 0.451283 0.453587 0.45952 0.464733 0.43757 0.445015 0.457113 0.458223 0.468174 0.467291 0.469511 0.472929 0.467816 0.456421 0.453727 0.445414 0.433899 0.431448 0.426692 0.418333 0.40736 0.4198 0.421963 0.425964 0.424615 0.408129 0.409858 0.404077 0.406353 0.432028 0.441689 0.441374 0.432427 0.427189 0.441353 0.429857 0.427234 0.424699 0.405376 0.401039 0.427924 0.421817 0.401668 0.396089 0.379831 0.371962 0.375119 0.407521 0.418954 0.422224 0.425305 0.427389 0.470652
0.392109 0.40198 0.393971 0.393758 0.385904 0.384856 0.387081 0.389386 0.390447 0.390157 0.39837 0.403553 0.409731 0.407596 0.411776 0.408831 0.408336 0.412118 0.406066 0.399507 0.387955 0.393836 0.401376 0.392966 0.389673 0.387922 0.379765 0.395495 0.396632 0.387696 0.373108 0.374637 0.375357 0.374981 0.387918 0.395139 0.391101 0.388023 0.382444 0.379297 0.390596 0.378228 0.367748 0.375616 0.386552 0.395741 0.39942 0.389622 0.389024 0.389462 0.399269 0.401423 0.426249 0.444682 0.450188 0.442201 0.434006 0.438301 0.449233 0.457718 0.463862 0.470382 0.467535 0.457121 0.434614 0.410294 0.416621 0.422203 0.416213 0.418685 0.410413 0.397328 0.395131 0.394909 0.404145 0.40169 0.383448
0.403214 0.386324 0.375568 0.386621 0.40833 0.410307 0.408209 0.40338 0.394612 0.380863 0.398299 0.409987 0.417125 0.415879 0.407211 0.403144 0.40986 0.409531 0.400701 0.387466 0.380347 0.378367 0.36788 0.360835 0.364467 0.369831 0.372874 0.380101 0.376846 0.358344 0.352872 0.355854 0.367698 0.375931 0.390508 0.398273 0.395703 0.385532 0.374658 0.367313 0.37848 0.379093 0.384453 0.388706 0.382783 0.373147 0.379414 0.386763 0.38654 0.406651 0.434823 0.442905 0.44625 0.452776 0.429238 0.420522 0.418889 0.416105 0.417417 0.424222 0.415051 0.423444 0.443121 0.453778 0.453241 0.440196 0.427656 0.448149 0.471432 0.482228 0.488548 0.465516 0.469373 0.441454 0.43938 0.41545 0.390819
0.384691 0.386695 0.381389 0.380679 0.39385 0.401859 0.397905 0.403126 0.432459 0.457445 0.464565 0.465494 0.46204 0.449886 0.442226 0.413756 0.384789 0.375148 0.360817 0.347232 0.331002 0.335471 0.372224 0.39039 0.396509 0.394259 0.38846 0.387761 0.384677 0.380888 0.380185 0.381388 0.382348 0.381032 0.391863 0.3842 0.388947 0.386962 0.385434 0.393063 0.388466 0.383945 0.395255 0.394494 0.384626 0.394031 0.396878 0.3902 0.386763 0.390895 0.392852 0.394577 0.39052 0.394342 0.390193 0.388356 0.380236 0.385022 0.406767 0.43971 0.448407 0.444983 0.436003 0.435252 0.431329 0.423045 0.423842 0.424885 0.425377 0.421001 0.427186 0.424302 0.431452 0.444522 0.452968 0.456456 0.457888
0.377428 0.37081 0.366297 0.35317 0.370668 0.397155 0.409235 0.40421 0.410885 0.437739 0.441388 0.444592 0.444576 0.425597 0.403301 0.396772 0.409426 0.415866 0.409258 0.405119 0.399432 0.394562 0.380648 0.386264 0.383905 0.385563 0.391161 0.386366 0.392015 0.397517 0.385349 0.381661 0.381345 0.373038 0.368403 0.360835 0.353101 0.341734 0.332469 0.323647 0.339566 0.361062 0.359023 0.366473 0.36578 0.357388 0.349723 0.359086 0.374037 0.385891 0.385077 0.38178 0.377199 0.370496 0.387677 0.390902 0.406608 0.420056 0.413541 0.402324 0.385112 0.354413 0.322339 0.320794 0.315936 0.314756 0.31598 0.330345 0.344176 0.358538 0.361333 0.358447 0.354375 0.36016 0.371362 0.372399 0.365318
0.356981 0.348906 0.357665 0.355477 0.356659 0.359372 0.359584 0.355888 0.348266 0.349685 0.361652 0.365164 0.363339 0.359207 0.359758 0.36323 0.367836 0.372516 0.370694 0.370065 0.368419 0.359801 0.346834 0.339858 0.321766 0.31743 0.321916 0.325096 0.327092 0.328444 0.328524 0.311367 0.314122 0.318321 0.326526 0.328727 0.339445 0.35623 0.363667 0.363415 0.358672 0.351398 0.344002 0.333395 0.321467 0.309157 0.321498 0.327357 0.314642 0.309772 0.306683 0.31116 0.308051 0.312379 0.308668 0.308046 0.309565 0.32336 0.278655 0.265625 0.246574 0.259744 0.276844 0.270425 0.292132 0.311189 0.323444 0.32681 0.324371 0.318967 0.307611 0.300038 0.295805 0.287907 0.290457 0.282866 0.2783
0.326534 0.327066 0.3208 0.30995 0.295334 0.278867 0.261865 0.263234 0.287242 0.291508 0.300939 0.30124 0.303397 0.310997 0.325824 0.325805 0.328212 0.322336 0.321519 0.311563 0.300603 0.314239 0.329751 0.342868 0.332881 0.341757 0.335389 0.329928 0.323685 0.311912 0.301122 0.285547 0.275328 0.283913 0.297717 0.314006 0.329108 0.341419 0.349195 0.347244 0.333718 0.283296 0.259618 0.260946 0.283681 0.293201 0.2931 0.300815 0.317913 0.328644 0.332525 0.318956 0.297782 0.287004 0.277344 0.279961 0.287283 0.283578 0.292648 0.294338 0.290824 0.284719 0.281853 0.27387 0.270988 0.291286 0.313634 0.329358 0.325758 0.316886 0.301031 0.282554 0.281584 0.274895 0.263188 0.256558 0.254009
0.210504 0.190555 0.201858 0.203072 0.212969 0.219112 0.225637 0.232569 0.239091 0.238774 0.23184 0.223851 0.216209 0.215837 0.218335 0.22319 0.229007 0.223287 0.207848 0.202967 0.202831 0.209014 0.209244 0.21117 0.215574 0.221571 0.227707 0.23424 0.242179 0.225362 0.2186 0.230199 0.228441 0.23339 0.23949 0.242322 0.243797 0.251538 0.242476 0.248223 0.248975 0.249876 0.246172 0.248679 0.254351 0.245984 0.255509 0.251013 0.258018 0.254082 0.260796 0.257247 0.239728 0.243245 0.248096 0.251476 0.245653 0.256222 0.266391 0.281506 0.293103 0.302614 0.308915 0.304837 0.29617 0.165301 0.168783 0.164055 0.165719 0.174514 0.170978 0.177536 0.182533 0.17949 0.182596 0.183001 0.181094
0.0549495 0.0561773 0.0565279 0.0567201 0.0562214 0.0563373 0.0559377 0.0562421 0.0561442 0.0567377 0.0590983 0.0618773 0.0655712 0.0718678 0.0762431 0.0817931 0.0838538 0.0886319 0.090407 0.0901288 0.0905616 0.0918925 0.0907415 0.0319808 0.0281129 0.0314469 0.0356834 0.0404044 0.0446585 0.0482709 0.0526513 0.0534804 0.044488 0 0 0 0 0 0 0 0 0 0 0 0 0 0 0 0 6.95289e-06 0.000402663 0.00142786 0.000683317 0 0 0 0 0 0 2.19835e-05 0.000997048 0.0037928 0.0080556 0.0134565 0.0154286 0 0 0 0 0 0 0 0 0 0 0 0
0 0 0 0 0 0 0 0 0 0 0 0 0 0 0 0 0 0 0 0 0 0 0 0 0 0 0 0 0 0 0 0 0 0 0 0 0 0 0 0 0 0 0 0 0 0 0 0 0 0 0 0 0 0 0 0 0 0 0 0 0 0 0 0 0 0 0 0 0 0 0 0 0 0 0 0 0
0 0 0 0 0 0 0 0 0 0 0 0 0 0 0 0 0 0 0 0 0 0 0 0 0 0 0 0 0 0 0 0 0 0 0 0 0 0 0 0 0 0 0 0 0 0 0 0 0 0 0 0 0 0 0 0 0 0 0 0 0 0 0 0 0 0 0 0 0 0 0 0 0 0 0 0 0
0 0 0 0 0 0 0 0 0 0 0 0 0 0 0 0 0 0 0 0 0 0 0 0 0 0 0 0 0 0 0 0 0 0 0 0 0 0 0 0 0 0 0 0 0 0 0 0 0 0 0 0 0 0 0 0 0 0 0 0 0 0 0 0 0 0 0 0 0 0 0 0 0 0 0 0 0
0 0 0 0 0 0 0 0 0 0 0 0 0 0 0 0 0 0 0 0 0 0 0 0 0 0 0 0 0 0 0 0 0 0 0 0 0 0 0 0 0 0 0 0 0 0 0 0 0 0 0 0 0 0 0 0 0 0 0 0 0 0 0 0 0 0 0 0 0 0 0 0 0 0 0 0 0
0 0 0 0 0 0 0 0 0 0 0 0 0 0 0 0 0 0 0 0 0 0 0 0 0 0 0 0 0 0 0 0 0 0 0 0 0 0 0 0 0 0 0 0 0 0 0 0 0 0 0 0 0 0 0 0 0 0 0 0 0 0 0 0 0 0 0 0 0 0 0 0 0 0 0 0 0
0 0 0 0 0 0 0 0 0 0 0 0 0 0 0 0 0 0 0 0 0 0 0 0 0 0 0 0 0 0 0 0 0 0 0 0 0 0 0 0 0 0 0 0 0 0 0 0 0 0 0 0 0 0 0 0 0 0 0 0 0 0 0 0 0 0 0 0 0 0 0 0 0 0 0 0 0
0 0 0 0 0 0 0 0 0 0 0 0 0 0 0 0 0 0 0 0 0 0 0 0 0 0 0 0 0 0 0 0 0 0 0 0 0 0 0 0 0 0 0 0 0 0 0 0 0 0 0 0 0 0 0 0 0 0 0 0 0 0 0 0 0 0 0 0 0 0 0 0 0 0 0 0 0
0 0 0 0 0 0 0 0 0 0 0 0 0 0 0 0 0 0 0 0 0 0 0 0 0 0 0 0 0 0 0 0 0 0 0 0 0 0 0 0 0 0 0 0 0 0 0 0 0 0 0 0 0 0 0 0 0 0 0 0 0 0 0 0 0 0 0 0 0 0 0 0 0 0 0 0 0
0 0 0 0 0 0 0 0 0 0 0 0 0 0 0 0 0 0 0 0 0 0 0 0 0 0 0 0 0 0 0 0 0 0 0 0 0 0 0 0 0 0 0 0 0 0 0 0 0 0 0 0 0 0 0 0 0 0 0 0 0 0 0 0 0 0 0 0 0 0 0 0 0 0 0 0 0
0 0 0 0 0 0 0 0 0 0 0 0 0 0 0 0 0 0 0 0 0 0 0 0 0 0 0 0 0 0 0 0 0 0 0 0 0 0 0 0 0 0 0 0 0 0 0 0 0 0 0 0 0 0 0 0 0 0 0 0 0 0 0 0 0 0 0 0 0 0 0 0 0 0 0 0 0
0 0 0 0 0 0 0 0 0 0 0 0 0 0 0 0 0 0 0 0 0 0 0 0 0 0 0 0 0 0 0 0 0 0 0 0 0 0 0 0 0 0 0 0 0 0 0 0 0 0 0 0 0 0 0 0 0 0 0 0 0 0 0 0 0 0 0 0 0 0 0 0 0 0 0 0 0
0 0 0 0 0 0 0 0 0 0 0 0 0 0 0 0 0 0 0 0 0 0 0 0 0 0 0 0 0 0 0 0 0 0 0 0 0 0 0 0 0 0 0 0 0 0 0 0 0 0 0 0 0 0 0 0 0 0 0 0 0 0 0 0 0 0 0 0 0 0 0 0 0 0 0 0 0
0 0 0 0 0 0 0 0 0 0 0 0 0 0 0 0 0 0 0 0 0 0 0 0 0 0 0 0 0 0 0 0 0 0 0 0 0 0 0 0 0 0 0 0 0 0 0 0 0 0 0 0 0 0 0 0 0 0 0 0 0 0 0 0 0 0 0 0 0 0 0 0 0 0 0 0 0
0 0 0 0 0 0 0 0 0 0 0 0 0 0 0 0 0 0 0 0 0 0 0 0 0 0 0 0 0 0 0 0 0 0 0 0 0 0 0 0 0 0 0 0 0 0 0 0 0 0 0 0 0 0 0 0 0 0 0 0 0 0 0 0 0 0 0 0 0 0 0 0 0 0 0 0 0
0 0 0 0 0 0 0 0 0 0 0 0 0 0 0 0 0 0 0 0 0 0 0 0 0 0 0 0 0 0 0 0 0 0 0 0 0 0 0 0 0 0 0 0 0 0 0 0 0 0 0 0 0 0 0 0 0 0 0 0 0 0 0 0 0 0 0 0 0 0 0 0 0 0 0 0 0
