benchmarks/avaHockeySmallNullTest/release1HS_8bfc07aae5_C_M_null_dfa_ppr.asc
ncols 1001
nrows 401
xllcenter 1000.00
yllcenter -5000.00
cellsize 5.00
nodata_value nan
[rows 168 to 191 of 401, columns 486 to 539 of 1001]
0 0 0 0 0 0 0 0 0 0 0 0 0 0 0 0 0 0 0 0 0 0 0 0 0 0 0 0 0 0 0 0 0 0 0 0 0 0 0 0 0 0 0 0 0 0 0 0 0 0 0 0 0 0
0 0 0 0 0 0 0 0 0 0 0 0 0 0 0 0 0 0 0 0 0 0 0 0 0 0 0 0 0 0 0 0 0 0 0 0 0 0 0 0 0 0 0 0 0 0 0 0 0 0 0 0 0 0
0 0 0 0 0 0 0 0 0 0 0 0 0 0 0 0 0 0 0 0 0 0 0 0 0 0 0 0 0 0 0 0 0 0 0 0 0 0 0 0 0 0 0 0 0 0 0 0 0 0 0 0 0 0
0 0 0 0 0 0 0 0 0 0 0 0 0 0 0 0 0 0 0 0 0 0 0 0 0 0 0 0 0 0 0 0 0 0 0 0 0 0 0 0 0 0 0 0 0 0 0 0 0 0 0 0 0 0
0 0 0 0 0 0 0 0 0 0 0 0 0 0 0 0 0 0 0 0 0 0 0 0 0 0 0 0 0 0 0 0 0 0 0 0 0 0 0 0 0 0 0 0 0 0 0 0 0 0 0 0 0 0
0 0 0 0 0 0 0 0 0 0 0 0 0 0 0 0 0 0 0 0 0 0 0 0 0 0 0 0 0 0 0 0 0 0 0 0 0 0 0 0 0 0 0 0 0 0 0 0 0 0 0 0 0 0
0 0 0 0 0 0 0 0 0 0 0 0 0 0 0 0 0 0 0 0 0 0 0 0 0 0 0 0 0 0 0 0 0 0 0 0 0 0 0 0 0 0 0 0 0 0 0 0 0 0 0 0 0 0
0 0 0 0 0 0 0 0 0 0 0 0 0 0 0 0 0 0 0 0 0 0 0 0 0 0 0 0 0 0 0 0 0 0 0 0 0 0 0 0 0 0 0 0 0 0 0 0 0 0 0 0 0 0
0 0 0 0 0 0 0 0 0 0 0 0 0 0 0 0 0 0 0 0 0 0 0 0 0 0 0 0 0 0 0 0 0 0 0 0 0 0 0 0 0 0 0 0 0 0 0 0 0 0 0 0 0 0
7.024216862220596 6.663626241952231 6.024412301113652 5.454806651661885 4.98751617220088 4.722632609629132 4.473970274934833 4.843791567347384 5.386675629850035 5.500979718319695 5.500979718319694 5.293327074465057 4.936041981999807 5.35760210355351 5.35760210355351 5.325636599904822 5.223054640616557 5.172930731330645 5.120937623022508 5.070966470092686 6.099801252846377 7.006669601595411 7.006669601595413 6.884331494307706 6.57133943731306 5.996998311910106 5.671878778593172 5.671878778593172 5.670138565154756 5.659807348399749 5.611664577035612 5.89411378536211 6.110409224072789 6.212300740472318 6.310562395956041 6.310562395956041 6.230294350493458 6.022368708677041 5.752317596845224 5.400607988277048 4.975763089150544 4.627233551584809 4.167905722497522 4.167905722497523 4.221226545392548 5.764919981824645 7.061341563323467 7.709981871953653 7.867323582908427 7.867323582908427 7.599783281328501 4.240779051589425 4.424511946541188 4.424511946541188
9.486571900201879 9.710729322988479 9.853490436880346 9.718362718643981 9.239594238277139 8.456525267018115 7.713614184270035 8.045556067972138 8.045556067972138 7.467346046855956 7.666856265970424 9.504948389029609 9.504948389029611 8.426150505923395 7.105788481522594 6.694900952403044 6.338793951097837 5.798624789678891 9.343439603090761 9.512683010265588 9.512683010265588 9.414727115397291 9.134802738514642 9.689433359399764 9.273918372142948 9.880951353340439 10.3566076853651 10.69814114503272 10.82011936191553 10.82011936191553 10.7290235854401 10.4221427664188 9.950793205499604 9.524992526450934 10.04147983952281 10.04147983952281 9.463192050264443 8.677487706183943 8.514303846100242 8.302316317965568 8.275508266053803 8.980095774141896 9.507463917404451 9.634507203473959 9.634507203473962 9.314223648431314 8.992067834091261 8.972853887227249 9.094934325110168 9.206410013893956 9.206410013893956 9.164313885460391 8.911489095556055 7.936735697297784
11.13168543798227 11.26556701697032 11.26556701697032 10.49229775397414 10.93116342567876 11.42170197826516 11.57190632469215 11.58376380854036 11.28833738206616 10.86701523214341 10.47482308239331 9.976514698709842 9.987437875444563 8.967907149732516 9.393233886052091 9.712162037228843 9.879904429114953 9.758923569750682 9.452635307049542 9.607056286298034 10.09825183755463 10.29806607611624 10.50479512471031 10.57791804142875 10.53893621879445 10.6164492276812 10.82820788891971 10.88280208749309 10.70656833704366 10.49218334215253 10.30374671633508 10.12408648898691 10.25979009534164 10.16677439927543 10.19434501860928 10.23473302499398 10.44596564877617 10.18172193175684 10.17222744779308 10.37664420792156 12.3852390281891 12.6918268572869 12.06550064528037 11.32619906941476 11.16491818756206 11.02200695198265 10.61279328559032 10.18570653198101 9.897107706729475 10.32966447035379 11.48498908423523 10.93891085238371 10.39422002563885 8.851921887864101
12.41397522714571 11.9053917704824 11.65695192490565 11.6507008393063 11.75891511172695 11.7614921601525 11.60730252821202 11.39508002582378 11.27043280203372 11.31095205920301 11.22042636706234 11.82699771325445 10.32436496404151 10.93161281821025 10.83577490258676 10.44269038233853 11.41636677574202 11.27281786963649 10.87117096292968 11.82577346308247 11.82577346308248 11.33922599402881 10.37837992114905 10.65426538274696 11.19599270568291 11.19599270568291 11.14896911015314 10.80711449681291 10.71027567435583 10.65312647223249 10.6827711251026 10.71879718812348 10.6312282355831 10.55146015144863 10.31407809127778 10.81646441357067 10.88795301620279 11.24531051277569 11.54821290891365 11.96946754971403 12.03511763301897 12.06463287635006 11.54321146433014 11.31093863698298 11.25778878267051 11.25617422998009 11.28641759399002 11.25499354163253 11.07996536998297 10.9382263418104 11.0505865361201 10.89241370515739 10.37793929855461 10.73506524680141
13.12979887433771 13.43051404251059 13.87334124445517 15.25479990215902 15.79461031248148 15.62978918754053 15.00393827271493 14.46255441610069 13.85534852584706 13.21849164495345 16.16829052360562 15.40287517602829 12.93363960302669 16.89217940822273 18.45014047279382 18.98224774881151 18.98224774881151 18.89491148335068 18.18430812315483 16.7107439022806 20.15524890503247 20.40381781159255 20.02763360798544 19.30444163303711 18.17746729580401 16.56218825175378 14.65295923517841 11.80674529758604 19.02849952384812 19.02849952384812 17.8654913148989 15.88885758519089 14.00340097113756 12.18358406245627 11.87872196268169 11.92539983008412 11.96622357466975 11.97061401902991 11.91378512831315 12.47133841506502 13.85142411002298 13.81265519904769 14.11386939378648 14.11753594258432 14.31720891729246 14.46986738796957 14.09217320398936 13.75591898043307 14.00016632820316 13.98978611444994 14.26140700121918 14.48321075977628 14.17408993294149 13.70588724374507
16.13625131780361 16.50730703863852 16.62910522554421 16.47126121251848 16.00596185934333 15.45878418395912 18.25561463099817 19.47160255876674 19.47160255876674 19.14002838733244 18.18713893064839 16.82056310132826 17.0347316184522 18.27835009700993 18.73911925350099 19.05588347072188 19.75608868792803 20.27274144291201 20.75615039558097 21.59090310922779 20.20124371585436 19.61393198250343 19.06109903942228 18.85244047011366 18.28072193023248 18.11766128712361 18.36210525029363 18.49517970736896 18.84550405925492 19.02849952384812 17.91416089844127 22.5053066147861 22.28979153298976 21.63930100007021 20.76797765312757 19.78566559406577 17.35341721111044 15.59466816677378 14.43427819061384 14.62212198456424 14.91128787949657 15.05426237277478 14.9979236217179 16.42522140773798 17.55131181803931 17.78216874424562 19.03768217138227 19.10999051605151 19.82034531702154 20.30511358449006 19.8468583799397 18.48771697823266 17.38031722101038 16.7566803526413
22.60258734641548 21.90818141404259 21.32914700983826 21.20906137958605 21.2607201615638 21.22939939060459 20.80586589930881 20.95919504204764 20.65616770212061 20.81986762570596 21.35439782567827 22.0564333797494 22.0564333797494 21.83259051097484 22.1796399812703 23.71563567008942 22.87099715149003 23.01447715318092 23.29095919760668 22.85194746632544 22.56017861166857 22.63624256486512 22.40420776618178 21.75890643462731 21.17789041205129 20.97270437450064 20.87801509392381 20.97615628905726 21.39304781749453 22.77258492395451 22.77258492395451 22.33635637037109 22.02467273574171 21.58219980674995 21.36797348120244 20.69766076880912 19.26619337473191 17.49582748347474 16.59715009527291 16.64508476349241 16.72252308006525 17.28115167177634 18.13689252732446 18.38523811943641 18.77970753300274 19.211717636425 19.74728929925648 20.21421020468264 20.71955827035558 21.01379385410386 20.95390388687602 20.61013107546727 19.39828771750614 18.72033164887355
23.44267005548775 23.14706602880443 23.04833324006286 23.13087605774775 23.45673406873853 23.82324999620521 24.14128790603757 24.20394060107076 24.01989581096173 24.01552722576987 23.96275953807989 23.98338428026759 24.20242834893714 24.45461696538252 24.20903663000263 24.04280394861115 23.9960059990331 23.95338804946659 23.90048950795335 23.79931920980895 23.89370443589833 24.03185986772474 24.11623504261201 23.58082821353699 23.28948508045986 22.77414249031662 22.40054585975521 22.52055312507069 22.55320581247679 23.08880827357052 23.19803926809164 23.20822756648027 23.20353903382572 23.14062281450954 22.965431150664 22.58604302332215 21.878050351445 21.12792812199403 20.75453525872954 21.77622066139375 21.42057549599505 20.74217194743642 20.96023461183747 21.25226162826717 21.41071057427014 21.60880192780722 21.73602771262059 21.76554333262496 21.9712673141569 22.33215285268366 22.65360631918558 22.7029904492398 22.39788968665937 21.94520927008868
31.69273578875621 31.44541014659871 27.16738294528101 24.97257775828556 25.16150021013252 25.48343429409065 25.64856830260213 25.62647933496862 25.40004785092999 25.4094268156968 25.40482368913864 25.45712846292178 25.62352492466968 25.69059021767038 25.62802210464612 25.49453560746092 24.71767341336114 23.98736938196813 23.61602471043877 23.56243885539416 23.80046544159692 24.14341353004746 24.28857321738949 24.39070038831199 24.10023839175497 23.73827118025002 23.28924476232324 23.12682209511286 23.24202290346884 23.43375679580059 23.45132254285787 23.3517872570304 23.40931602987056 23.55865384053589 23.60083554546976 23.38112787040339 23.09069076332851 22.83988614536836 22.56596585229444 22.27164707645325 21.94668597604545 21.72301183586028 21.78039845474951 21.9588756895576 22.11040348887475 22.12629191348679 22.33889935835263 22.53211065585467 22.68747553786474 22.83968630546084 23.10559300240002 23.10718638045718 22.64843044461636 22.08056937879242
44.74759229555395 47.26444780144535 44.63937443314139 41.68461576381591 38.72029355539225 35.84592588683017 32.60391805742448 37.69692102656347 34.82473023820501 31.60376854910589 28.6235711161632 25.58687851438281 25.05233084720119 25.18298055266026 25.38118236188364 25.61558485269987 25.02832201507 24.53437099854479 23.78919447549616 23.53313114781846 23.63360919225618 23.88166184963265 24.12340075335479 24.36082043719603 24.23072841627378 23.69988141040441 22.99323444530276 22.61847313149026 22.59139763358346 22.77137143850961 22.71088334533278 22.71363947301344 22.79805503982272 23.02672656858833 23.38340796838098 22.95468157057537 22.90807132871995 22.86837009003387 22.75378230217293 22.53390024050202 21.68947692659576 20.98903373614102 20.66203897092214 20.74142093690614 21.00019302686044 23.23802435603436 22.8591475812892 21.4580901891716 21.43180797510124 21.40752377303319 21.35249518065037 21.06151856195696 20.42461556872324 19.78540629514651
51.12494304266889 50.35287901457646 49.55548470618644 48.58133690375723 47.64719509028711 46.61561671073611 45.30788417992956 43.42745235680742 41.13493000815586 38.55091666089879 43.70743142772092 41.28767695035822 38.41407014620481 35.72206382529414 32.88871206078925 30.16953144116712 27.35200939505577 30.91119427891741 28.27536077246939 25.27355573932505 22.243660466183 20.93081478721287 20.93717518473252 22.35084764343715 23.29513193186244 22.09767841054733 20.56894081337411 20.24245192270275 19.55752991427574 19.83993341253116 20.45167842128994 20.77212491726698 20.74282693773231 20.86840156549553 21.03805964368965 20.58466777985615 20.48087877679949 20.38931982647158 20.41410239477506 20.70110464009777 21.2514127627329 21.68722722785745 22.03033755664135 22.44236013105695 23.31244212585836 23.78236554905711 23.65411388634647 22.67400641202657 21.73540931588294 21.29839595499319 21.10803614591845 21.2431290646166 21.63886986812597 21.90864312532986
49.78010799422539 48.71746033186506 47.74916202291215 47.22143564988941 47.19765603781617 47.37701129880114 46.88211709789655 46.06631117916429 45.0193253671065 44.45643593987688 43.79350233117757 42.87350284379568 41.05332147860318 39.8455202729406 38.84835294592314 37.50462827885509 36.74547521274227 35.42077811624856 33.75332608508711 35.83593743546316 34.36039502665191 32.61956483720821 30.60707480635828 28.50893119151827 26.30432639619482 24.75740744348655 24.61353292466976 24.54866219053647 24.82282493286929 25.17447844274608 25.23466100819246 24.96402252827402 24.8735133648201 25.06204140755909 25.06959997822342 25.18941799477485 25.38935089002204 25.65021487347539 25.8722291099997 26.06815336816774 25.95897531517383 26.15191261394642 26.60688489105759 27.21296466921185 27.73333945041022 28.22465093651546 28.19904288977018 27.37179199308146 26.90912654148977 26.56579649530363 26.1928637831856 25.98677498343817 25.99648441355968 26.17868202053399
48.79843668983591 47.5796698004543 46.84137841205587 46.73844603332697 47.17204935811565 46.90654375652494 46.09698330140795 44.6874610157659 43.52232500065719 42.54066344317984 41.59060837091646 40.37230223995954 39.10023722768091 38.34145462796864 37.83153793661748 37.425747868138 37.17515771061937 36.47746177882007 35.76830819564105 34.87347630884359 34.01321564401497 33.17312875416758 32.44876857796772 31.5700203494177 30.58114184201126 29.48080796930036 28.28574025587556 26.98222749435272 26.57017297643147 26.59559354880103 26.77260213190148 27.11462768911677 27.25403826247977 27.26679416234619 27.28915882042637 27.371115485321 27.58663146613214 27.78780439732973 27.91750669689266 28.06106502550093 28.16426103997502 28.30837814925302 28.664795840567 28.95904654904695 29.32783948119467 29.39623391807696 29.34437646781759 29.08586758428565 29.01399927288784 28.77757738095721 28.39289569853828 27.98340343484189 27.9276556991784 28.2071583030789
45.86379833960361 44.93150264013737 44.30307826066568 44.15302948459647 44.40062756034271 44.5390401328909 43.69655240238895 42.25852907773559 41.00325833703171 39.97589228074039 38.78969285810802 37.94956844780705 37.52257836853243 37.04245972782609 36.56119073214832 35.93017439793724 35.14617957734279 34.46501658344199 33.72200016392625 32.86567203655252 32.07158826368838 31.34204171198293 30.69442830383578 29.98631018287958 29.18262966044055 28.4893946495068 27.8312149509324 27.37630940161072 26.94230990390924 26.72673116890019 26.99292512772748 27.17841032022366 27.22734974652235 27.31446707279693 27.50135077558511 27.57492867993475 27.58767262949027 27.61304327635774 27.62712080620652 27.71893718503447 27.99962488933539 28.29847576845414 28.51254563945065 28.74013018721503 29.01839803710443 29.23871264377894 29.43148331387023 29.61604060436733 29.88206237180659 29.79479203268719 29.35191949483999 28.98927264757879 28.93664948854305 29.01009646374636
40.83013054854562 39.9066212425316 39.24310516214626 38.45184361103176 37.69517585879283 37.66052003592975 37.28038077478222 36.77494464009537 36.41340161816314 35.30726047461251 34.43687730874176 33.81463950775009 33.41503706822679 33.24895014240276 33.05730382115817 31.99446485132401 31.24079266724233 30.93600037785764 30.49644257300517 29.88229503481717 29.48028486892436 29.0148254707186 28.70049305196372 28.53190168943708 28.2366650631097 27.83746945596145 27.47759537336894 27.059083597312 26.54936308937233 25.86873748559969 25.12579175254655 24.86645410259884 25.07422281997668 25.05422483456758 25.25890034446308 25.63330749559368 25.5120579206592 25.97231798629607 27.35687492653008 28.34657106487414 28.98277297015596 28.80528223909242 29.36933329121551 30.62516677903657 30.9731447638936 31.31345436557271 31.56697882105518 32.28890577492398 32.34952174545656 32.534049039636 32.86485753443601 33.19020368146288 33.36101474091964 33.57272697335026
