benchmarks/avaHockeySmallNullTest/release1HS_null_dfa_83fbab0a01_pfv.asc
ncols 1001
nrows 401
xllcenter 1000.00
yllcenter -5000.00
cellsize 5.00
noDataValue nan
[rows 192 to 215 of 401, columns 54 to 107 of 1001]
20.90008000861517 20.95699554281452 21.00599302278594 21.05672717075495 21.10719250900813 21.15079108585648 21.17235333651286 21.18510431307369 21.1882995436692 21.19939660772162 21.21200073885524 21.23865930023324 21.2588011516432 21.28256965889085 21.29578681957607 21.3066105617557 21.31644910935883 21.3285884924849 21.33862433515781 21.3516913543493 21.37201128614794 21.38596382517663 21.38762233110788 21.38417440609752 21.40584291401758 21.46662826350097 21.5111461947833 21.54630731316433 21.58359952990057 21.61638961048714 21.63105795614312 21.6431429054874 21.65374694271753 21.66728123265159 21.67968535083122 21.69059993352969 21.70634434612294 21.72534216458 21.73306898109692 21.73982013341202 21.7530120535908 21.76264948044131 21.77472426488771 21.7821243009745 21.78919973298209 21.84406434530972 21.90117894132884 21.95070293072542 21.99539250913994 22.03509210659731 22.07715736196009 22.11134680672321 22.14550871399025 22.17617988107579
21.19454924842614 21.25593402274332 21.30863809919114 21.35682834626094 21.40097548300703 21.4451372652813 21.46918019440709 21.4818369690714 21.49876351321409 21.51896531150233 21.53162916004881 21.57143102917581 21.59465693571769 21.62108269177589 21.65640085630882 21.6815666101814 21.71897044164202 21.75168941735642 21.77626510957034 21.80347941992138 21.8212012543782 21.83423180131714 21.8488971537257 21.86062629855354 21.87204748241392 21.88373466385482 21.89088713825683 21.89864326969337 21.91143776317459 21.92426448115714 21.94965065793918 21.99315386306744 22.01669235620555 22.04108677144553 22.06754094783237 22.07857366414652 22.0809523904114 22.09593670417409 22.10556017109653 22.12098926676586 22.12563629186279 22.14268904930494 22.15658270418804 22.16268721589093 22.17637135892215 22.19621523858033 22.20452202149881 22.22532125698767 22.24198321222766 22.28523129963557 22.33137295954032 22.37764093832278 22.41996344524805 22.46590460995033
21.33787946385807 21.41078563232216 21.48034536557913 21.54086614901572 21.60100894223918 21.65760972911297 21.70018899483006 21.73309147318026 21.76351624911755 21.78759448895176 21.80343405138307 21.81796417963944 21.84886623602351 21.90492001684694 21.95278779618531 21.9958729185813 22.03165869865777 22.06937564910492 22.10124136481152 22.12567046212896 22.15082999964533 22.17274939168106 22.196924424828 22.22364433371199 22.25718005052458 22.28128974214144 22.29941645742775 22.32286803785746 22.34086468698665 22.35199748114614 22.36458809939974 22.37799060407063 22.39508605394317 22.40545540207565 22.41661334506666 22.42657014561436 22.44353133138089 22.46544093290544 22.4784477376456 22.48643234501777 22.50172036585118 22.51370908638558 22.52582518138575 22.53549309384261 22.53768939645557 22.5549351057328 22.56482198101762 22.57006384438187 22.57267777940682 22.5799099235774 22.58828005418221 22.60275003307021 22.64298314946427 22.68782029680923
21.47044329068977 21.56458764997977 21.64554175578447 21.71142351844685 21.76811525979531 21.82583228214078 21.87792077099106 21.92249920497966 21.95481006543541 21.97925399137995 22.00678496017669 22.02770536038328 22.03877916709397 22.09070966302566 22.14513690993116 22.19057516680144 22.22463348131997 22.26748564049057 22.31028638318949 22.35080385427032 22.39222255193391 22.43645734561665 22.46512342002351 22.49627489209864 22.53391238154626 22.55751783627077 22.58147856258251 22.6092183618099 22.63068788918106 22.65850775737045 22.68260047342514 22.70256774567915 22.71831434898822 22.7427926758516 22.76080517754539 22.77443078404072 22.79431079553543 22.80323495652478 22.82432084976749 22.83885821330402 22.85088229859736 22.85463678479244 22.87509901943011 22.87994816444445 22.88674150494424 22.90172647127147 22.90142810238797 22.91501062760253 22.92792197873608 22.9403063664947 22.9547821024555 22.96027009160821 22.9596881394691 22.97614891756065
21.5789534582795 21.67597823214146 21.75578601114294 21.83148394415069 21.89955886598906 21.95557277980336 22.00518748647412 22.05429846924093 22.09125275145904 22.12601013387676 22.15079435706886 22.17414574593766 22.19903272780154 22.21564367363194 22.25742383029755 22.31610095830215 22.37833398503533 22.43685451661475 22.48208367141712 22.52230337229783 22.57012580073411 22.60706513643678 22.63758209974445 22.67294711169989 22.70807166644233 22.73764236319334 22.76749832477838 22.79646295389658 22.81972508853337 22.85259308170566 22.8783206399073 22.89974990009778 22.92289442472382 22.94388575335543 22.96307880171153 22.98607370148235 23.00384802977314 23.01576220728953 23.02842860288429 23.03993198653414 23.05689246166589 23.07097205490586 23.08742790369508 23.09125665969575 23.0985736668489 23.11476112937114 23.12415780089931 23.14405296035031 23.15430119426467 23.1660691905996 23.17434350666004 23.19203640028322 23.20338132687777 23.21255861795003
21.56681319391307 21.66474198937627 21.75222785031718 21.82874336342871 21.90644191603243 21.96740235919049 22.0198930494583 22.06910178406268 22.11330620519189 22.14767740125161 22.1724252383284 22.1943475029737 22.21533262300053 22.28253201138465 22.348465221058 22.41566016363653 22.47489664187514 22.53229038470967 22.58231923269835 22.63157446691157 22.67961333475547 22.7188014577823 22.74785201966824 22.78393436149592 22.81398770234056 22.84531315275666 22.87417122916792 22.90787004366203 22.93207903960094 22.96097672986266 22.98384535072162 23.00362722759657 23.02390353052114 23.0468650502824 23.06718545099412 23.08814910934813 23.10607990059155 23.12410836645444 23.14154008183575 23.15316717599007 23.16835972194612 23.18798761913635 23.20138099299268 23.21272966281809 23.22196178382594 23.22776630329797 23.23601908108952 23.25327228565465 23.26305224198738 23.27923687253572 23.29064668264912 23.3004648425072 23.31570576655304 23.32251529579896
21.51944100047775 21.60935551673726 21.69939238146699 21.78706508104588 21.86404807941777 21.92803427360571 21.99352581068244 22.04586360116213 22.09304824944165 22.13372043254473 22.1907286210403 22.26799029808672 22.32846406277179 22.39074352466772 22.44802746157753 22.50151432445005 22.55606601932458 22.59663079160811 22.6499087185273 22.68438705955152 22.72266599323103 22.75118341754291 22.78189667449846 22.8111033385234 22.83808623157544 22.8706699795545 22.890794449008 22.91857372870946 22.94062546002067 22.96326998657518 22.98934937599997 23.00376774508665 23.02712999541582 23.04537091919185 23.06350403835359 23.07962808573846 23.09931908572082 23.11061215460935 23.12669261006987 23.14059899358238 23.15451377099443 23.17529808772136 23.18881089491966 23.20848257804789 23.22198237315072 23.23669148982063 23.24558847372293 23.26398901184796 23.2709782039507 23.28581938822503 23.29990758913742 23.3096302526518 23.32609186975913 23.32975986720693
21.45508230879379 21.53796800484634 21.62362759415634 21.70654653990887 21.77867353494301 21.84269769480474 21.90946081804088 21.95971926959179 22.04939693533192 22.13210347473318 22.20920173562344 22.28362830083467 22.3448863838879 22.41195592683923 22.46695378814878 22.51809677503141 22.56565703045594 22.60431110722611 22.65378691375652 22.68756158598537 22.72408339054995 22.7582424004332 22.78649477821111 22.81433612056029 22.84280084482733 22.86411974144946 22.88837302988089 22.91261479479086 22.93230463579646 22.94841654354253 22.96249936716138 22.97532681034283 22.98765315907449 22.99661424467469 23.00549862932429 23.01592855471144 23.02513552830985 23.03223022324095 23.04454952089323 23.05473283107619 23.07224946042232 23.08414489776426 23.09995938439305 23.11486047689483 23.12184455854155 23.13919083404294 23.14197742587006 23.16019530195274 23.16461041859592 23.18117609975905 23.19241835936131 23.21128305133389 23.22468894322686 23.2426513301808
21.39057901724739 21.48052318788194 21.55700958495894 21.6210723920546 21.68576412600117 21.7795091348443 21.87224314976016 21.95931229580965 22.05051696824236 22.13456515737987 22.21592005973226 22.29413946444235 22.35844657873408 22.41895781846408 22.47970803521792 22.52484964075678 22.57500681108937 22.62270843976893 22.66322879565978 22.7021220836802 22.73037995238695 22.75818304941775 22.78445341122028 22.80491645562008 22.82751766699248 22.84182622391094 22.85967286941579 22.87365114847813 22.8829291568771 22.89234515155476 22.90269912573086 22.9056468594209 22.90866431524351 22.9112441978311 22.91396399827061 22.91696715433057 22.92560802974171 22.9294458761589 22.93396315349878 22.94063782736966 22.93935411351629 22.94193628500102 22.95033606982922 22.95062212836068 22.95631414800189 22.97355699408305 22.99464399171587 23.01580367107659 23.02294249650546 23.03893765310185 23.05040900075187 23.06631201154421 23.08706594292906 23.10182269766873
21.36340193133929 21.45457311072052 21.55057845930843 21.66363721977848 21.76833285070757 21.86991770613599 21.96956587785337 22.05701772150027 22.13988896101466 22.21459796733446 22.27704652108728 22.33411321302752 22.38568329127978 22.42884199420927 22.4708389844032 22.50000313308941 22.53567584292631 22.56746409838761 22.59100707456416 22.62549660953229 22.65450954962815 22.68374074060249 22.72090632570614 22.74448804296684 22.76954135009207 22.78992688346288 22.8099808144028 22.82379259847664 22.83316286257759 22.83666502912442 22.845310651437 22.84543811837949 22.83806386359343 22.83705671661196 22.83513049785409 22.82390806016868 22.84770692747857 22.88495092701306 22.92479350650509 22.96308053854893 22.99405585022831 23.03064839397504 23.05867744086876 23.08719807632184 23.11905512275034 23.15107527741415 23.17815950105052 23.21567468242002 23.23984023600285 23.26950961280266 23.29958956945354 23.3240490310737 23.35471511227385 23.38294789589042
21.41846643014879 21.53325628348292 21.63959003790169 21.73893424762813 21.82920699797512 21.91204093197838 21.99202914396875 22.06622339715118 22.13126058419807 22.18904403887169 22.24347890614723 22.29266004049385 22.33925092696227 22.38026507482624 22.42139801035981 22.4573420162075 22.49257335201719 22.52589841126784 22.55531049053261 22.58704027924782 22.60587628085096 22.62754903978043 22.64601449402206 22.66208937771127 22.67053500708186 22.67845746799971 22.68294365658082 22.69371077701732 22.69489813411655 22.69880164701965 22.69843698723631 22.73896831213311 22.77590077571323 22.81716382142455 22.86100330090227 22.90203660864356 22.94562608311585 22.98801979901009 23.02340496622616 23.06215597276446 23.09398112050592 23.12480167569022 23.15639623580556 23.18920207324888 23.22590203833347 23.26478556740627 23.29774100923019 23.33733543152158 23.37487289706388 23.41307272130603 23.46234188735669 23.49706739222454 23.5441475593356 23.58380895121211
21.38774186873107 21.50503649034972 21.6168481103144 21.71714871791317 21.81503576693283 21.90174880144717 21.9699269342191 22.04234993608739 22.10427637641325 22.15674940500633 22.2133878160567 22.26289645063018 22.3085590800937 22.34994319707329 22.38814993825999 22.4267433487244 22.45638721132386 22.49273251790873 22.52419596228974 22.54760362895343 22.57051626089424 22.5888803641921 22.60349932040601 22.61399179495777 22.62202440154277 22.63029043466118 22.63568255552334 22.64231575428376 22.64778925779026 22.68161151852393 22.71967537085483 22.75591153326774 22.79742020153721 22.84046779191164 22.8760170347789 22.91280112704548 22.9569386456109 22.99711885785296 23.03819324889709 23.08534583574536 23.12035293294161 23.16216017655913 23.19760760501879 23.2342280576039 23.27202545293567 23.31146732991737 23.35179202937295 23.3986129072448 23.44437337870709 23.48835664243067 23.53489614173242 23.57999323526884 23.62641013401807 23.67769883284957
21.41444451024233 21.52165923338577 21.61942907590167 21.71108122753666 21.79496092672584 21.87863066583055 21.94821273760218 22.0201752041362 22.08588347970538 22.13983017999809 22.19032081137993 22.24306045714164 22.28818494713957 22.3253152870029 22.35606801591595 22.39015484521098 22.41103115305121 22.43270504342745 22.45438000832964 22.46523870000359 22.47278864822065 22.49036501695135 22.48944330033518 22.4960982931788 22.50039291026167 22.50543553099801 22.51269199939713 22.53035914019781 22.58070912430654 22.63578633478745 22.68301563154366 22.7299928417266 22.7778958386923 22.81471461324498 22.85646333546489 22.8956575921628 22.92977982144864 22.96899069984561 23.00689104625588 23.04159779817748 23.07828272261967 23.11574960379865 23.15499283007584 23.19999761940493 23.245492926015 23.29360183073431 23.3433222392286 23.39510969913712 23.44346160257768 23.4958159857479 23.54431125761242 23.60114532446309 23.6527493216396 23.70773893159952
21.31136762762133 21.40448104683571 21.50252673951977 21.59601271144777 21.67640329044576 21.7556991305808 21.82863027137484 21.8977929242443 21.96435069932979 22.01659359307322 22.07386177108104 22.11723722180599 22.15992241835098 22.19881591492996 22.23951980379655 22.27058386181631 22.29859468912851 22.32131641651341 22.35163408639483 22.36904712763548 22.3878813806677 22.39839746008288 22.40734011367767 22.41542380935463 22.42124179721525 22.42279288684507 22.42555378210905 22.42681089276497 22.46989994666515 22.51371050232416 22.55086984528294 22.58455030164489 22.61715343198361 22.65062314254241 22.69428130493457 22.74227696696091 22.78065944875246 22.82680180484848 22.87341174664094 22.91293049382177 22.96188037213232 23.00078792425746 23.04559062797951 23.09399200860782 23.13929298585768 23.19390713907328 23.24599159716431 23.30145499139864 23.35267528366856 23.40681345590567 23.45713193732224 23.51115618547827 23.56329290744265 23.61181846357325
21.20943536610018 21.30387458610632 21.38897536125942 21.46197846753128 21.5283526342027 21.59200127372967 21.66341399174674 21.73176324928617 21.78985601516709 21.84750054907251 21.9003269378561 21.94536701559351 21.98317230594504 22.02242762418349 22.0584860796551 22.08144094972373 22.10097026862489 22.12921970961481 22.14629162966555 22.1581413470865 22.17904437927989 22.19397932960464 22.20211519226099 22.21036687641468 22.22352665397889 22.23849966041237 22.24256021241417 22.24918873902857 22.26167193354559 22.29189627764822 22.33175070766646 22.3701859344069 22.410793711163 22.44873318396923 22.49565249251031 22.5367703400184 22.57064597202022 22.61638752548265 22.65232490972158 22.68674018471971 22.73787237846137 22.7772470025296 22.82252996801801 22.87837526957215 22.92197013458328 22.96796388255687 23.02305567046853 23.07750902957545 23.1283354768101 23.185874471518 23.23951277921626 23.29451009947332 23.3488023476464 23.39919760494449
21.02366481769002 21.11750733368802 21.19830229057875 21.27113493607725 21.34696709814379 21.4233487339017 21.48821940831423 21.54330570272045 21.59161372399667 21.63538700122936 21.67529005604434 21.69922227341926 21.72574302236708 21.75316961625711 21.76695382872759 21.78107149869562 21.79579846000349 21.81823831520338 21.83716216994768 21.85297649781424 21.86059246423828 21.8749457960454 21.89533181058688 21.89662371454642 21.9124443079633 21.94074546646369 21.96720824214495 21.98925894292098 22.01492058631774 22.04032844344619 22.06839115488355 22.09684733477586 22.12954780462518 22.17148846057795 22.20743415586965 22.24485668508595 22.28834226263545 22.3302069524807 22.36293019888414 22.40425464210804 22.44731612799626 22.48698642524434 22.53338124268778 22.58018221483821 22.61982624960349 22.6599834662181 22.71499274168273 22.76043665284268 22.81370545330224 22.86625983273325 22.91401891820832 22.96328801758393 23.02682838497567 23.08338946863727
20.83380432569856 20.9353457446889 21.02099977931114 21.09428714470242 21.16154017284236 21.21257406827662 21.26305388098687 21.30990299275141 21.35177267248076 21.39836808779019 21.43460932125299 21.46180181663628 21.48844856802159 21.51085270897244 21.52873482838276 21.54611732359979 21.55149876521903 21.55103864571459 21.55637537941067 21.5561450228505 21.54993127052616 21.54736962621656 21.54787294762033 21.57976855208674 21.60232233857998 21.62614102650288 21.64637686236364 21.66641995071336 21.67990554114548 21.682749879848 21.69705319107281 21.71895422847572 21.73351232071412 21.76853254146748 21.80130422647643 21.83888083969345 21.88047520997281 21.91907757739462 21.95277517796949 21.99411681988018 22.03288896065106 22.07511945925996 22.12455991648454 22.17124416792299 22.22371128843456 22.26845369878484 22.3148765187629 22.37121552281835 22.42776131931343 22.47061592603801 22.52385041850994 22.58833018258259 22.63808425361907 22.6839596901133
20.52590229006095 20.61353709944237 20.69952415622416 20.7741812664152 20.83704572173994 20.88621457045452 20.9213627511038 20.95426162647143 20.978188590333 21.00656534580711 21.03191202513035 21.05083976059074 21.07133248477888 21.08150155458451 21.09595612259159 21.09574644627448 21.10262432681519 21.11565300235324 21.11149588128244 21.11395001934205 21.11906995221506 21.11646869547957 21.1193936294451 21.13061588821898 21.15125139384749 21.16486783904013 21.17284182612362 21.17365539352871 21.16825213214944 21.19754951151799 21.22931671060225 21.25051007490834 21.27594053478979 21.31386811335835 21.34826290956231 21.37904577005373 21.42318466403375 21.46016203153406 21.49129582352058 21.53608328269768 21.57278443482713 21.60493375676608 21.64822332411228 21.69088602552644 21.72591642046661 21.7672217242438 21.8144475854402 21.86108636124705 21.90929572038941 21.96217832226927 22.01649822418949 22.06565456052323 22.12031816145835 22.1742220668574
20.14378212059407 20.21709978900135 20.27702186212692 20.33443670693637 20.38419671251253 20.42347486157288 20.46287698324874 20.4911200981536 20.52086431335426 20.55250660438446 20.58233055312472 20.5966689137099 20.6130570961831 20.61151283871788 20.61542938319926 20.60131746421231 20.5969181253727 20.60291023161906 20.59890422560176 20.60294773717607 20.61629061727275 20.61419702499932 20.59976331643032 20.60147033823171 20.60393374223667 20.60261977906922 20.59336529692164 20.59267475077627 20.62000196171373 20.64369253586992 20.67390461414978 20.69710758106572 20.72677136799426 20.76384228287426 20.80596225568915 20.84173003600108 20.86595698656195 20.88883686881443 20.91904889879338 20.93886701140724 20.96396616728526 21.00251288014557 21.02372637703813 21.05490770281785 21.09400583007207 21.12718286066303 21.15437475684 21.19776511578187 21.23107990331452 21.28110750542717 21.33684831805012 21.39310012907323 21.44783577178681 21.50234147517201
19.60053834704816 19.65339945400633 19.69628994475353 19.74343971225865 19.78355393781781 19.81273320874 19.83523509343291 19.85295261639502 19.86210438633552 19.87667959663369 19.87727112067871 19.88933244264626 19.90853141029504 19.91639968813379 19.91811849349931 19.92928867439331 19.93248797955995 19.91687706662936 19.90639849551782 19.90224878046084 19.89604750861486 19.9026166070644 19.90841734790398 19.90950219895913 19.90606561467926 19.91064721821366 19.919648406525 19.92863908803056 19.92407040684792 19.93307946240292 19.95001496970272 19.97392414941455 20.00383114913557 20.02076112359495 20.03997434810812 20.0601666695948 20.09525220254645 20.11542470213205 20.11471579546681 20.12870230533046 20.15207892083933 20.18501838487564 20.20626443915434 20.24656138789088 20.29913981064872 20.3464165113066 20.39198029377369 20.44315422559965 20.48259084955799 20.52397204889716 20.57010409286446 20.61101734359843 20.66102684425201 20.70825671026184
18.82484977753844 18.88918764518686 18.94232866413491 18.98433848707922 19.02111103544528 19.04411674644576 19.05595732919441 19.06578174460909 19.06286576600595 19.0767184956414 19.08875203184594 19.09961030304115 19.11056496922236 19.11537990926305 19.13674862971016 19.15740182499426 19.16787761263162 19.19287756228463 19.20060454735361 19.2025998424621 19.19961196545363 19.20655099621967 19.1996956366265 19.18452026460178 19.17893587213667 19.16231698763636 19.13669144026955 19.11091006822251 19.09763986316595 19.10684375492459 19.1245384635391 19.1632197617657 19.21044472781186 19.24339338800842 19.24564777128198 19.23443883697204 19.25319720839242 19.27956241310224 19.29527769338541 19.32625390707575 19.34731356916671 19.35139012134989 19.39118516631558 19.42346943437247 19.47178788916058 19.51900701719721 19.54598985177202 19.57328059503253 19.60520024437095 19.62961160856946 19.65583450825551 19.69866803980993 19.74648752408357 19.79987430521605
17.95364945540639 17.98756845964065 17.99637689210844 18.01577899566011 18.04871944207989 18.09413874730101 18.12682167858792 18.13616403522532 18.1570143210567 18.1711742697743 18.21355614824995 18.22452905105989 18.22021487527102 18.22429934061713 18.19942058738205 18.16928796640829 18.16318968042541 18.17483289243217 18.20052030179411 18.21186007123251 18.22207975645558 18.24323799715577 18.25419920482485 18.27094770673272 18.27858770670142 18.26330752120156 18.27965228584985 18.28188178741348 18.2830259663962 18.26180614672064 18.22977373940214 18.19976756952888 18.16574598567034 18.14583494634854 18.16887470738382 18.18662302176726 18.20981997403169 18.24982939464856 18.27424422610238 18.31537008977001 18.36483609149682 18.386698226755 18.42540786454858 18.45042589259781 18.47118032451074 18.47439753594326 18.49369710535369 18.50937497847967 18.53864310011208 18.57525046171217 18.63490977424322 18.68991777768441 19.04997018166516 18.79918217451035
16.79102565884876 16.79571507075994 16.85625644672985 16.88862569630201 16.92932498700265 16.91853831227433 16.91751397317067 16.94184277566851 16.97328043560494 16.94673473979831 16.94944109428067 16.93579725668772 16.9523676599164 16.956379960514 16.96934382656088 17.00497473532095 17.05213514005646 17.09212327619275 17.10348979204807 17.09576365676149 17.10522737840269 17.09319378146248 17.08044630817393 17.05263186983478 17.03518362405124 16.99854335341427 16.99820925612571 17.01119560609108 17.02678654390971 16.99962998659504 16.97450494870859 16.98440519192085 16.9912256100818 17.00879562173074 16.96917113509688 16.94343169788624 16.98502519841081 17.01690703438537 17.04879156958552 17.04351589585122 17.04479923501473 17.05258616573925 17.05159390203652 17.09305777575515 17.12028795938278 17.28994556886387 17.18917925365634 17.45841344382551 17.48390272002915 17.50288984381583 17.4933463904979 17.49405337043369 17.53340080349311 17.58468701350901
15.35795383128617 15.36055238285125 15.3728542453493 15.4474239976973 15.52189277339687 15.48035450442201 15.44144832070055 15.43088201005727 15.41977376781404 15.39603855189717 15.35159796102503 15.41851171212544 15.48983387717967 15.51519172354759 15.59859097885157 15.62965309910095 15.64177003648231 15.63579929373909 15.5922348458487 15.52128589684192 15.52936577107256 15.56731253697594 15.60469827688451 15.59578019350851 15.60844433143135 15.657015238643 15.66564897447499 15.6488707329895 15.6196500081542 15.61395038871179 15.5968891136689 15.56292097637217 15.53988594838307 15.55351743357354 15.62683658310437 15.68949213961313 15.7187383340469 15.69092698399909 15.63441609719492 15.57324802386711 15.54203069333022 15.5626410471473 15.65238864350853 15.67762693303456 15.72762084933794 16.39123677752036 16.37633533700009 16.34245161618493 16.31653567296988 16.2417088265533 16.52948380741865 16.43453354963924 16.29983775451321 16.16336946121258
