benchmarks/avaHockeySmallNullTest/release1HS_c79287155f_null_dfa_ppr.asc
ncols 1001
nrows 401
xllcenter 1000.00
yllcenter -5000.00
cellsize 5.00
noDataValue nan
[rows 168 to 191 of 401, columns 432 to 485 of 1001]
0 0 0 0 0 0 0 0 0 0 0 0 0 0 0 0 0 0 0 0 0 0 0 0 0 0 0 0 0 0 0 0 0 0 0 0 0 0 0 0 0 0 0 0 0 0 0 0 0 0 0 0 0 0
0 0 0 0 0 0 0 0 0 0 0 0 0 0 0 0 0 0 0 0 0 0 0 0 0 0 0 0 0 0 0 0 0 0 0 0 0 0 0 0 0 0 0 0 0 0 0 0 0 0 0 0 0 0
0 0 0 0 0 0 0 0 0 0 0 0 0 0 0 0 0 0 0 0 0 0 0 0 0 0 0 0 0 0 0 0 0 0 0 0 0 0 0 0 0 0 0 0 0 0 0 0 0 0 0 0 0 0
0 0 0 0 0 0 0 0 0 0 0 0 0 0 0 0 0 0 0 0 0 0 0 0 0 0 0 0 0 0 0 0 0 0 0 0 0 0 0 0 0 0 0 0 0 0 0 0 0 0 0 0 0 0
0 0 0 0 0 0 0 0 0 0 0 0 0 0 0 0 0 0 0 0 0 0 0 0 0 0 0 0 0 0 0 0 0 0 0 0 0 0 0 0 0 0 0 0 0 0 0 0 0 0 0 0 0 0
0 0 0 0 0 0 0 0 0 0 0 0 0 0 0 0 0 0 0 0 0 0 0 0 0 0 0 0 0 0 0 0 0 0 0 0 0 0 0 0 0 0 0 0 0 0 0 0 0 0 0 0 0 0
0 0 0 0 0 0 0 0 0 0 0 0 0 0 0 0 0 0 0 0 0 0 0 0 0 0 0 0 0 0 0 0 0 0 0 0 0 0 0 0 0 0 0 0 0 0 0 0 0 0 0 0 0 0
0 0 0 0 0 0 0 0 0 0 0 0 0 0 0 0 0 0 0 0 0 0 0 0 0 0 0 0 0 0 0 0 0 0 0 0 0 0 0 0 0 0 0 0 0 0 0 0 0 0 0 0 0 0
0 0 0 0 0 0 0 0 0 0 0 0 0 0 0 0 0 0 0 0 0 0 0 0 0 0 0 0 0 0 0 0 0 0 0 0 0 0 0 0 0 0 0 0 0 0 0 0 0 0 0 0 0 0
4.061671569737211 4.170676077665628 4.244493512595705 4.286970150988571 4.315400864188881 4.352718233218068 4.431529720087615 4.478999411349383 4.478999411349383 4.434394125901362 4.390843423652147 4.477409718403305 4.563773074221815 4.697215197984455 4.761642917880009 4.836169524547028 5.037129178321946 5.289048120248109 5.547139895048256 5.786667477076138 6.146067352674091 6.435247231824284 6.767490142792341 7.033255418358148 7.281508674630619 7.528804117627811 7.749354915212759 8.061937972038361 8.360824645835223 8.587961691934037 8.778571225498593 8.859519497259939 8.914791916240583 8.79647530915277 6.08585105714612 5.670630807537234 5.24902966579618 4.853108528762526 4.2772966057641 3.871041325012713 5.197126423211484 6.621291231448014 7.581774127543021 7.960143638655305 7.960143638655305 7.867307346372698 7.508508094155145 7.060165383822349 6.558396889914261 6.098395975020023 5.657133370483671 5.208648295067044 4.78142896640351 4.369012286769439
10.94956946809265 10.64659096497892 10.62044050636555 10.16041210523551 9.372998050439936 9.026660634329067 9.008883912693308 8.796073599018582 9.001802648885123 9.001802648885123 8.978404352008242 8.679060501718467 10.82815179249032 11.48160617653064 11.51179588559428 11.52104008020256 11.52104008020256 11.30573998165386 10.8905519938476 10.22947678670756 9.334833542498476 8.310353643674054 7.494820758699745 7.349609112947602 7.371067206273688 7.668595991915239 8.065996820322303 8.048006664829355 8.072790933117117 8.268507080923357 8.532937898561388 8.659571017613887 8.644968083144825 8.787936754489415 8.800809801697868 8.754552894961035 9.133301711821705 9.19135968309635 9.19135968309635 8.932147724416764 8.398450948789487 9.476800065751469 9.476800065751473 9.099148860096962 14.84035694454829 15.45223403179871 15.45223403179871 15.35361862160956 14.82719623763673 14.05339240613515 13.17570127096821 12.18590434914058 11.31889243319668 10.55867439425983
11.13971601888841 10.50211448607608 10.27610518791794 10.34712406870129 10.36923599316043 10.54774239045579 10.84951502423028 10.82922733852272 11.17086591923655 11.19905604036629 11.33249537626228 11.25223283567463 10.95541762927269 10.98092530798956 11.02440946246012 10.92697035318787 10.74397757393947 10.49057893015722 11.59734954061633 11.10597811993473 10.64999277334472 10.37604662683337 9.975083675463978 9.452632193515679 8.92245301416083 9.078700975402803 8.942094777506256 10.250418179815 10.9088134059617 11.25733275784888 11.42338703155661 11.51062048100022 11.8059946193555 12.11799381522658 11.97468296688479 11.99032980958994 12.0285005406938 11.91175978313555 11.65575779698826 12.19188565606774 12.81345854478792 13.13466356541834 13.54001088409271 13.77235049853781 14.26325753101553 14.8076364218702 14.84755812333444 14.96793192879752 15.1468415504314 14.84319424551382 14.28247744771089 13.53110549994206 12.79148399947623 12.44880008335087
12.13361635261037 15.63835014312619 16.09001504609617 16.09001504609617 15.73425060913612 15.05895223058602 14.24865405469196 13.42722727764093 12.49643509976829 12.29416047302206 12.30503766177189 12.44044887082624 12.30832459558451 12.33649840382302 12.41055456186679 15.58374039527178 15.74587257877862 15.74587257877861 15.50562536468538 16.87493690356247 16.60910702179921 16.15723282771794 16.96619233669261 16.43497033132295 15.64919403144414 14.79036169883686 13.77731759888842 12.86067859787707 12.3030474932118 11.65048003983366 11.67876582852715 11.81482874297622 11.9229817177657 12.11993845463916 11.91775342875181 11.5887741622159 11.43620743822303 15.65330930123195 16.03938765015671 15.58992333789888 14.91153772521982 14.39352190545403 14.1864047230666 14.02470514602703 13.74975081802262 13.64257308602689 13.737588875225 13.75812304109743 13.81296676057346 13.8597602905735 14.03249334227287 14.01792420531313 13.7889419709242 13.54289294485564
29.28267390602684 25.74678042435259 31.36838118340609 31.79901027909098 31.79901027909099 29.75918342348878 26.53085822254253 22.15665661893683 17.08461937230587 14.21041753398484 17.0838524343438 15.27819722000977 14.43238791141455 14.64569178909004 16.3623046935386 16.76839973553142 16.76839973553142 16.03560947983567 16.32641067500978 16.36574854631335 16.40163057006403 16.27503645650385 16.46723060540499 16.17212255938509 15.75653412156694 15.79563179614206 15.38628656203689 14.55627094390565 13.93565062946475 14.15871558529268 14.56456339891908 14.51047849646433 14.24887545356575 14.00954504236059 14.09998223627974 14.42944650558513 14.76471204999621 15.32996029201335 16.60651108216279 16.5801398521819 16.11841352823144 15.30571357109463 14.69343217256463 14.6088410136296 14.45197729577287 14.31332487657238 14.24903073862817 14.43406411110518 14.59874664228555 14.88332832050742 14.9592473180605 14.80791775322428 14.67355222799771 14.32551748056012
38.68265922068625 37.94287340036035 37.43660684730902 38.66609146227096 40.63334602162765 40.89961304555393 41.19906424468273 40.860266994447 39.70698482922414 38.00202627924107 35.66991114807444 32.81197704423493 30.84682158616853 29.09121702251003 28.90023588888142 35.04031852189295 35.06330741642071 34.3983845102234 33.131405024771 31.45725541558656 28.95337564169064 26.04085857552105 27.16087684489933 23.60273634790609 20.08317900144801 16.21228770126923 16.13164986325845 16.64239312353346 22.58528245094407 22.58528245094407 21.28880254047648 17.02131918537328 17.07884924460994 17.19018805845862 17.14067137437271 17.37710231127198 17.70687689181782 17.75966345964269 19.8372877170783 19.77240564960766 19.45724139785264 18.45419416282186 20.64074827331529 19.35228656574173 16.08925183136847 15.90656878534737 15.91643695169251 16.14266859541959 16.22654557403742 16.40307934864826 16.48323343261594 16.33668603984243 16.02554569441745 15.84730588720446
42.02892183379181 42.08572897402752 42.1839668855642 42.41202801877795 42.46439850427408 42.52225343541622 42.42066192876911 42.45193856956408 42.20317171701884 42.05056843539815 36.69266865420085 36.20559712868418 36.00886400159653 35.82465759894671 35.67177277493624 35.85241601320861 35.76888227061079 35.9633120755416 36.79476650285086 36.56051516131522 34.2903563211109 33.34990579208906 32.82202455449141 32.05189121926615 32.18101530461715 32.51363626816968 36.97423159231023 37.31476742765484 36.49110512412482 35.06283132659424 39.55729990601735 38.46383934658384 37.70105605401245 35.55503168835243 33.42221511899385 30.85356046019352 28.15427864777856 25.32108139760391 21.63470020144784 21.29282677008308 23.99485255810103 21.83822156719088 20.87384620902049 19.28399160737525 17.50049891453336 17.01640883907848 16.76840598289167 16.2909706361096 16.13124210458235 16.17949789547662 16.33915945845483 16.55188909812965 16.91976799202835 16.85237310590076
45.25480019131636 45.12856524166106 44.85446760414739 44.48914581305296 44.50975290385781 44.90027435940416 45.27814372014082 45.6822467027636 45.65365353901163 45.5219210990439 41.95915117719489 41.51812505902927 41.53738376283856 40.47750233842863 39.220623900823 39.06436861860313 39.23652028894094 39.69731294462088 40.19169970077912 39.40931068129292 37.63069909373393 36.51599821633253 35.9443228341008 36.40305152059435 37.00420242299796 37.44935571241292 38.22645127342334 38.91758396394335 39.48388853425146 39.18835143376656 39.28085042736133 39.29052763002633 41.10987245463008 40.04088548930598 40.06197644833053 39.51041827970619 39.17845483401679 39.0682263482641 38.65436357028992 38.11849117953805 36.83867270962116 37.15151545304406 37.81532894732878 37.2627569710152 36.47637345159167 34.92941191182808 37.13179060606095 35.97345521995015 33.84746504811201 31.61954532932631 28.98678612794226 34.99715476010251 32.9485153085523 30.26264667002464
46.64463024697183 46.33308459042383 45.60258761512043 44.79169522259602 44.46857634642191 44.73978492708383 45.07810411034779 45.19961157982218 45.18005193931533 44.45348570601458 43.91306752837558 43.70824002035987 43.48133498248459 42.8026911771973 42.10924526438964 42.08012001201664 42.44357266238313 43.16382426229729 43.52907472684652 42.73012865127646 41.1941612715319 40.3008072429765 40.0395340728386 40.21493010444279 40.39126245326959 40.61499560485458 41.14846857683311 41.53786378492055 41.43957055770052 41.62446110102508 41.67251729625802 41.1770340490901 40.57241612860693 39.62439569719141 38.81157105097356 38.16949255718162 37.83533947603109 37.55473987669888 37.25438557252053 36.62743164697077 36.63636411008431 36.82194109032798 36.91152790809974 36.98622870217411 37.32109144416025 37.38737444854434 37.58778669045867 37.56922064433716 37.79220476219147 38.37213388898251 38.89172563761308 38.75302012297094 37.97927691976751 36.56019554609772
45.49353390416798 45.27281202316557 44.80829636088869 44.15219456970916 43.71648942292958 43.67445000210257 43.81834768177186 43.81760118033434 44.00741506254089 43.95676810928922 43.82391901846409 43.62968414473143 43.79527066414021 43.80533092891204 43.81728926340777 43.55963736414653 43.66055262838389 44.18328822854736 44.61886711017681 44.12325392051365 43.1004065062145 42.40579277003066 42.42692477985538 42.81860317719678 42.86829490721207 42.8947967008015 42.66463233334161 42.94463232349947 43.1521773836114 43.39355705462036 43.80418774501344 44.08375728782212 43.13103837080531 41.66288936856482 39.82316359324786 38.87781649542057 38.52050703233726 38.46755140152281 38.3115162131395 38.15630237295621 38.37102657609863 38.60283829013479 38.71947264417543 38.80781359672362 39.13251555140993 39.39309056502831 39.65454542085232 40.06464995991717 40.43962198430323 40.47418136244693 40.28247861009638 40.05565884198475 40.08233838052715 40.13653976078131
42.2407293082053 42.35699947416154 42.13951114294733 41.68684060820406 41.29239470011341 41.21858620482238 41.33387673438379 41.4917600656858 41.78099733027552 42.11851554903264 42.14793074244074 42.27971087444602 42.72067664959488 43.40609477894872 44.07279889044243 44.14000397436002 43.61938703480173 43.35788156754491 43.39696931993934 43.37797883174091 42.72697130394722 42.42794747537158 42.87032282942094 43.22725110944708 42.95732006029024 42.2643995551777 41.55831061158789 41.53801009759553 41.94564132181993 42.53223993922205 43.2692279289668 43.85934061216757 43.66910113254879 42.77349690916519 41.03849568968592 39.70600414312957 39.10902506606251 38.98855110840967 38.99947318006607 39.09543345599752 39.30877019635144 39.50394151821934 39.81261008684945 40.10302631948093 40.56764081961463 40.86550786732336 41.18946633526488 41.64619385785502 41.88083600235075 41.8909717388555 41.91723444564944 42.09162682888306 42.16326417698497 42.12943675812385
39.27239397037785 36.8102462821358 36.64359452242145 36.7067965945056 36.7430591177277 36.74345421187494 36.86551451562968 37.06065139325928 37.32339346332662 37.72831594435402 38.22353340991684 38.85733752224688 39.80336574207534 40.80785860387221 41.7729948693577 41.90143272624589 41.49111026193592 40.88940792848211 40.60804249051348 40.75385881242518 40.7054926982068 40.67332821969131 41.12214339721442 41.47035273534413 41.65806409751735 41.33005516395239 40.58597897544864 40.46676830526545 40.69347749170554 40.84066024851792 41.29181263456603 41.48781772090383 41.40685047589952 40.76794743892343 39.83378156564794 39.10581258568281 38.57988183299046 40.6989074725156 38.03388159332412 38.07296837454395 38.15330682936697 38.39301397850372 38.74795807835277 39.10453137709426 39.56183161211419 39.88988733657983 40.21685200604949 40.59336580547823 40.79670907250339 40.90633673945419 41.06594464678418 41.17173740747012 41.48888651038104 41.79225992803684
52.4389284522678 46.06008783167389 39.88145379993665 35.57242835741995 41.9041933044907 38.18377315811487 35.40285144301086 35.51607093146529 35.57675189831676 35.93387311595551 36.38367394149195 36.39497945008133 36.06886725206427 36.61543024018427 37.2201400930194 37.6243514264255 38.3202518911425 39.15006157237259 39.4413485397631 39.43819423782708 39.89001675039125 40.10522804522322 40.22815794602686 40.76569036193111 41.35136472160099 42.41013228667401 42.90392794158195 43.18723742763493 43.24107755377069 42.97580360695997 43.0871707474095 42.72871453479218 41.87610503296008 42.0897735370235 41.78846577304687 42.51667182731615 43.72014199971606 44.47709191727157 43.86927149138175 41.34469615352699 39.18195070221651 38.22568661495794 38.62948771844164 38.39337400064453 37.45783826004452 36.87400033535015 37.98193566023303 37.91813301557386 37.57790722937521 37.88762105871341 38.05477688402553 38.28672838167047 38.66458643394469 38.86658001732855
76.08026903740344 71.2844958664224 66.31804637359261 61.31654527754032 54.86152879880498 58.48314357658409 55.57058197124305 50.09010423704685 44.50914855549079 42.48437363008722 42.7143484043583 42.91545707989805 43.03800412223449 43.42585588519645 44.23758357970311 44.9411945077396 45.20173728532651 45.36057149524378 45.35103458928427 45.52602468504532 45.81290228783435 45.99778916037003 46.4083975039112 46.72982209457812 47.09124375935329 47.91091675868643 48.7952807726294 49.75219513839373 50.26261365592526 50.22001371191692 49.93377682831761 49.83566339945935 49.76777923886819 50.19524914048551 50.13219011575259 49.65386076865285 49.80670770354183 50.00530645552029 49.68140846551255 48.55938611280549 47.9118198850693 47.7215190426087 46.93146467197691 46.43945393694811 46.17347497520148 46.25822217616371 46.4316819367966 46.18112218296731 46.1108491775693 46.42174414401004 46.94276723107438 47.52621073620026 48.00461649184957 48.05355642871158
87.65586977386117 84.43588517459901 81.16586648609615 83.3785310233712 79.44795290898868 75.37509402606143 70.39117670631379 65.45923107067921 61.70660461980258 65.54176535944438 59.92725606491974 54.76874786806727 48.80151798666287 49.06325040537729 50.08493581379215 50.79302252139461 50.75555863315588 50.72396562114983 50.72889778257131 50.57421740072331 50.53902488569314 50.52698019118513 50.86773728392658 51.29318233511707 51.93408733069644 52.67146928296667 53.53421569367661 54.69638921980822 55.95463624460034 56.08143507027817 55.5747335221075 55.09217783994931 55.01962904103117 55.19939310117169 55.24993376479928 54.96610020072466 54.77745230908384 54.7402965067253 55.12507145357516 55.20624504404378 55.08850761980299 54.27534403790314 53.84280420555333 53.67266254764529 53.63070180737827 54.01021091895799 53.86951642595009 54.03839115007878 54.43910309811816 54.86423779931001 55.1541189821025 55.54441725762896 56.24145404725213 56.6913394476456
