benchmarks/avaHockeySmallNullTest/release1HS_ea20151544_C_M_null_dfa_ppr.asc
ncols        1001
nrows        401
xllcorner    997.500000000000
yllcorner    -5002.500000000000
cellsize     5.000000000000
NODATA_value nan
[rows 176 to 197 of 401, columns 490 to 538 of 1001]
0 0 0 0 0 0 0 0 0 0 0 0 0 0 0 0 0 0 0 0 0 0 0 0 0 0 0 0 0 0 0 0 0 0 0 0 0 0 0 0 0 0 0 0 0 0 0 0 0
6.6918280470974407237 6.3234604546813963921 6.061360073729844089 5.7556513756791094494 5.4485010765623691498 5.015064153103134359 5.6985158421375530224 6.0670484273827245403 6.1270899705946089142 6.1270899705946115787 5.826810830960358345 5.0749367254901880386 4.1785397317451415944 4.1899603128894087334 4.7262048240021687917 5.0119367526384488443 5.0119367526384488443 10.208258356041145731 10.439845445458258766 10.439845445458258766 10.098986082026536693 9.6677164132164161714 9.2036492460219569978 8.6437440734149628696 7.8865055832661310475 6.7680625080898666468 6.0225146184778912684 5.7949270312160408025 4.8197246187768634229 3.6551770841159703096 3.7111658994532579214 3.7123817727086052543 3.7379768512970881211 3.7379768512970881211 3.7191249503552978872 3.7061763891720698183 6.4780193466438049654 6.4780193466438049654 6.1589072124283070764 5.8797218277846541312 5.6714231176570635284 5.7354639143830130621 6.1831162002815380774 6.6203642308245145287 6.8702834376014125795 6.8197867462662689064 6.9943360553637576871 7.2109886581916882164 7.3436881480580940007
8.6528710561797996803 8.6737277459557553527 10.451854776165687255 10.642601120977019491 10.642601120977019491 10.437453657077242042 10.747842994285838003 10.747842994285838003 10.692205452659418796 10.175168124518130242 9.4822313881438837768 8.8318167636083781957 8.4571306699413604235 9.4178960745714110914 9.9267970580533404501 10.289323974102451587 10.503002342253688894 10.699061445749395105 10.74301923842438633 10.810030934443739525 10.581843637973751271 9.9121335192219550692 9.6666088738624456056 9.9574676221337359294 10.322354351445945042 10.322354351445945042 10.107692522844001104 12.184927948480506643 11.942476197634665169 11.493964205224900255 10.966894387497317709 10.360188322908554071 10.227363220357373663 11.426724875336020659 11.426724875336020659 10.306254819491902808 8.4294195507649565258 8.0599244441581276988 7.7019691327026897909 7.9470663941546924036 8.2976035055999926016 8.2024658664102521044 8.2941486664450039257 8.6884561699445388427 8.5349123769810173457 8.5835474672165261723 8.6070606690876676481 8.7595863170481376159 8.2252796381960315841
10.377395490381735144 11.082559745217798408 10.721070049045042794 10.791599533236990283 10.564320327362402452 10.712125295008380732 13.149777649552552461 13.043426132851857702 13.013950378818073261 12.981611759929226224 12.856169052720794355 12.52875522042121581 11.641778010766639539 11.410461271286582274 11.228627966451181663 10.892417644381563235 10.631148983689733711 10.653214712954127918 10.739905875609007779 10.802735730288061333 10.886035643246044557 11.172635336990026644 11.24468145033218569 11.404451212667185089 11.635625217772922468 11.695412241300662259 12.015142994436452284 12.300386783567262228 12.254601295335108446 12.094034484903341209 11.798522769780806385 13.602195081514683039 13.341044046013383451 10.698966285532899079 10.203218998195614731 9.5898762085181772363 11.207517990597628099 12.276700822344487563 12.243891529082345571 11.72301645500615308 10.921019289335516689 9.9968421801591080822 10.97144631709578988 10.876052198650315361 10.785919264398176054 9.8904044939671713621 10.228662284276266448 10.017858478927324839 10.649014546750109389
11.16412300360395804 11.08846669048098299 11.191988626361730752 11.173055059157730895 11.126475625102036915 12.338424407049163989 12.231985832184726348 12.611011707730110487 12.637383116824695506 12.518384588791059642 12.284498163951012017 12.202117700441233339 11.467105458078810543 11.555739899845379526 11.628529169078030137 11.713545460443944179 11.822651056273302927 11.842051277647083651 11.939404125741612361 12.078985375767436139 12.280709485322846675 12.428148264051143812 12.503044026398498545 12.527929486318383212 12.453159251136327157 12.523919295848317645 12.743965627495484227 12.952956229417946332 13.047760933174400222 13.008092714240655496 12.897719102768876454 12.663344419783138406 12.633571286105459208 12.724530061471288178 12.814998258360665417 12.874675455718429973 13.188094175372933492 13.011743858068520296 12.859166387730409653 12.490751994736621455 12.03519258268550729 11.77348866966125307 11.201916530376543335 10.866555672320387771 11.52038567683941217 12.642785371729248212 12.255041214978623643 11.285983010909836466 10.958874644019232392
20.014631584951988685 18.750412945096012862 20.735805441154237627 20.234321093249810986 19.062196329099151626 17.479302922322567326 19.360136375216892901 19.681059853111332103 19.681059853111332103 19.421324797031395804 18.97302304097999226 17.951733866118008365 16.377104690427199074 13.895346230267993093 19.087219287144002067 19.921716208583664098 19.305647431927759783 17.085643842466890163 14.565334575710501497 11.947901007943126928 11.864967142330494099 12.204372537552005795 12.415219198572277293 12.714045029470060655 12.859349038229694884 12.888210030388425054 12.807340254561706772 12.861725195966082325 13.025513255450841044 13.123929042837266579 13.152110416459164455 13.135125206999132885 13.126884715584420604 13.082950774926237258 12.956329587685022631 12.884844295943349124 12.813495235625646629 12.613251945839557777 12.660162987454114614 12.694408320272998481 14.296136070366408433 14.189838251392066226 13.830404686363831246 13.185865328517175854 12.5950825738893748 12.701391689261303242 12.854282515348927518 12.720732527525861144 12.679194939449402568
21.130406064713419312 20.721788162100438058 20.536224989152962905 20.280284353260192631 19.670927878349765194 19.99580786016691647 20.324072209907754427 20.507842191065783766 20.524849882992977967 20.452234688350422687 20.301056256412589818 20.621226107762822721 20.928838650336189176 21.085808915209369729 21.255398614569109839 21.452777785006471589 21.299152299203520045 21.46011483045780821 22.098148832400816843 20.986742893447452474 19.554479748728923028 24.66235019710316223 24.385767610411068773 23.228008667159631528 21.595448593763837408 19.681698339434248624 17.364984334998496252 14.847916726256746855 15.462969952066989876 15.303691844892224339 13.288993691042787049 13.551363427164901054 13.752935063415895556 13.909431486408891487 13.981836480439566728 14.163876560038080044 14.53741411413039053 14.620347886356006128 14.850897819315695969 14.787475962832891341 17.887208488199068057 17.8496491265145103 17.48565387799311921 16.746481139172281871 16.491900614179272111 16.408103321727779189 16.05705078003369124 15.189650361792530475 13.929918659109693735
23.669115038638594228 23.498417095640768082 23.319950199897508725 23.255098349200302721 22.987598345679934653 22.836258467265835748 22.621366906925629792 22.431569308294605491 22.264125862573738601 22.309214027969975547 22.46673619433671476 22.768315721971401189 23.173238227088248209 23.70266527874700202 23.898609865291756904 23.890303378534408552 23.445916299447013387 23.336364150333363199 23.500315239579204984 23.746859681971312028 23.905946752376316056 24.048765381692557952 23.792003780587073436 23.616123195168128746 26.693606681479341347 25.741135925584014643 24.591458585774454093 23.049505742620461035 18.321699778275785775 16.590800256460031648 15.741468941841624485 14.31347569264371522 15.974546784851908043 15.974546784851908043 15.391352861725996704 14.627535210288577616 15.408584420723364872 16.163665493516937488 16.91804219672954801 16.98008295397304579 17.221072876891312831 17.510983352929109458 17.625836382346236064 17.577575306621689322 17.145182048964759502 16.386855778331792521 16.090540907637247869 15.472658932316837976 15.21617360919442774
25.871493637645844643 25.814802550694828653 25.792175251818569848 25.889055599434804833 25.68046357368478283 25.531311658958390609 25.319247301116877935 25.330841115867428925 25.271377361559636654 25.06071417897222986 24.882658444286271049 24.895525462805206729 25.110949129728407314 25.709884532635545185 25.82498031903800495 25.375932530360426398 24.646868095419076639 24.546184960875070402 24.662943177491314373 24.966714995407357947 25.345981334564619658 25.686476989521562331 25.936242759351237908 26.159102094077976375 26.515140342293673115 26.105599786156684416 25.44865104471414341 23.579822142816535546 20.47314201062252792 19.454909010451913787 19.149759510681434449 18.481018646691108387 18.187095897504296005 18.324421145114168752 19.970574068506238063 20.820668572911202432 20.849418064777683668 20.572151050450045773 19.917932169481296967 19.658006168784421419 18.951029679916974402 18.751654011865380056 18.79880250897700833 18.749086914061603437 18.601680077132197511 18.460760433513300427 18.357148860965402548 18.176124478549475327 17.840290847863013113
30.221381379552518354 25.900078003788784997 25.776004234617673205 25.55625868176481319 25.401158359544904641 25.402725792972447039 25.467663937317880141 25.78470306279508506 25.950644114541791652 26.007513455094667165 26.030429936468447494 25.903264904687524961 26.012196051693866394 26.390209307513021741 26.27965558564092774 25.902196546259375509 25.482106624626403857 25.40782674554498044 25.382622023637971154 25.528357981127886234 26.010599416779722759 26.550954792783635128 26.773849613361925037 26.715064036151161986 26.562427745447735106 26.353887344814083349 26.377586037923425266 26.240337792347851575 23.576874548263276665 21.731325907832800937 20.614729779232948914 20.389197319889348137 20.437602040863069419 21.032893951695026402 21.478854733727676063 21.561644632055362081 21.183117081028676409 20.960005600065795051 20.969028895275151569 20.970007520891741137 20.941663206631304206 21.087485590083904441 21.285737074489937015 21.505618463234732474 21.809482055645311505 22.282095198357627197 22.681906859958179012 22.794187923413986141 22.846676426308931696
46.318144860451141653 43.219860837644006324 39.601163381866740565 35.610996148120008797 41.436265832347999094 39.790779657172997474 36.253764614752640227 32.306715283385649684 28.117594040929947852 25.75185714124647518 26.263215499085148963 24.605579910500242846 24.303588281934420223 24.561967867425714473 24.785530960631319886 24.948287666816845842 24.901087026873067742 24.965357546978019343 24.777236546890204494 24.658152412586009206 24.741731577804820574 25.05474521884680783 25.398667548833120833 25.463742310320913731 25.795265720845794277 25.965577349708656385 25.967996639796346869 25.511351814185633913 24.906749353268793357 24.125710125095423564 22.533969643265336913 22.01214574358683862 22.223161871846421889 22.475514250996685206 21.931611472566846288 22.007462602558970133 22.007631628841785698 22.074108630838310319 22.168798274570502116 22.17748837572889542 22.309509698889314677 22.355002366771408617 22.468184307112085918 22.670860396730429187 22.874211602829248591 23.154891693835061517 23.432894339308198539 23.630858037547643136 23.832347564015385899
53.630651579666640316 51.961229749634220809 51.206621011073650607 48.91685566471991109 46.548609354564980833 45.193585258491282275 44.036562289997405628 44.377791793238479556 41.674387483613209326 38.637363534204752114 35.571294012287935971 37.981063720177452581 35.29683908096126288 32.487965942733637803 29.981884846637580466 27.462551695613271363 25.21599146428375704 29.067859037453903426 26.561387530968005422 24.891084082876414385 24.857934381580047756 24.951111772712469161 25.159941764737880021 25.630372340391300412 25.814663528237460355 25.587839559444770288 24.733123553326922917 24.069429013863654632 23.721252876740628324 23.73384767742765078 23.923861155226575193 24.157305253199261585 24.267700008044691629 24.37147395649187942 23.684566317526471124 23.436113857682538963 23.233218987740929862 22.856426059684327612 22.637176414066459529 22.624940464433201726 23.078131011129670469 23.460616684803568432 23.408067399160970012 23.123352636939799254 23.109598877803552597 23.176071893247431888 23.404568866341207922 23.562555524899426729 23.596491734355616643
53.756783031953915497 54.096188857149051898 52.857351092736948317 50.8316249043862598 50.305564458551593532 49.938663285626510913 48.909535062007485351 47.406878882340755865 45.726495987410061161 44.700850485372164655 44.188339544685412363 42.852523525662434167 41.644496075354702214 40.497811164823581009 38.789091086179553258 37.101871234897082275 35.170128667968270975 38.72624787658501333 37.374643681705940423 34.960038971847403388 32.777154941614810468 30.368558920080122476 27.965136824485895772 25.520556103002775217 25.424947932287544461 25.323649115997167058 25.26542932290774246 25.488380635005750463 25.603214335157083781 25.648341719494592184 25.635395249796175676 25.587765101588356487 25.50883044494727514 25.383594277964579788 25.276257868268587004 25.203124351848391171 25.43387796672000789 25.606811277490734824 25.677250927841765105 25.819721745606550201 25.965460749493935566 25.919763825375380151 25.90975576409991632 25.926705010793721584 25.84443694070663966 25.91097752843578661 26.09119546676686241 26.398499610299065665 26.503664614885380502
52.67516525375179981 51.921632458451902892 50.367839573700592837 49.460089169732242453 49.090657463231210045 48.331216798855628269 47.586904661779861669 46.440143725081817649 44.698421492642758324 43.22650988902966418 42.189234682838630874 41.61144780126908671 41.267982425910915367 41.075446350659078121 40.886329689628404083 40.798693516604508602 40.598538249337032369 40.205690600380727062 39.723344151143457736 38.73069661085099824 37.131472676632306218 35.326593757876516122 33.125959578847620435 30.864086823140457483 28.57290289665885652 26.299815640240296943 30.289778972921112654 28.315825376786115442 25.977977802098841664 25.9866500230001094 26.008296687570378936 26.012805076478660027 25.962482508727397601 25.855438152275596053 25.78631670254158692 25.725786740280955911 25.652293053011781865 25.607505424333361077 25.741904306113287504 26.059146046256103091 26.407596676537998803 26.55283647408148795 26.641166450139312616 26.772321094661268859 26.683597196759826886 26.681668833718457989 26.710498833337627644 26.771859688728891769 26.806019947190517172
50.047324253714847941 49.459280416577996675 48.620402045456096118 47.718909666471951425 47.189797291776663712 46.863595469996475629 45.845416721242443714 44.289734377298067614 43.020117100302790902 42.049204450683141943 41.217971621914017533 40.589595261672144488 40.26489398600667613 40.000624819908836116 39.842440557835715254 39.748164230461149771 39.731938909017983974 39.638245629095479217 39.726918667981664157 39.518942348297962042 38.964086516906782265 38.219052622373538952 36.867220868587573079 35.685605107210683684 34.069090397611184073 32.307247673663709975 31.518296259808479931 30.063029571343847124 28.55515809094061197 26.998443532509412535 25.670843350293012008 23.945534699374832144 23.697383431819705635 23.464564150794185338 22.925669670380045773 22.811460613387414043 22.523522750578258922 22.330756907047078386 22.344999339708035535 22.559484638945892954 22.839561302420975153 23.025913759131611869 23.260782238172769354 23.497731282406739695 23.879709219740977488 23.964974631385800308 24.010644271268319017 24.011575166325943798 24.112053038789120762
45.3784053580102551 45.067122557894357726 44.528946899949296778 44.14577684226392762 44.243664600036581191 44.060800310642925126 43.379388925902738094 41.778635798127659484 40.599138187162949976 39.916455414060962426 39.28066511541089767 38.526418849869592975 37.890757059275848917 37.478758372568563573 37.308638797989836178 37.268632209216868034 37.464794585780822445 37.812517389546847824 38.020575603672156717 37.798507072905422888 37.2629241705063734 36.856837871733155509 36.335885617544306569 35.598705629787858129 34.463831053441062124 33.380244137196598331 32.255965228866074312 30.957992931298182526 29.612444061316590904 28.295731822262219168 27.316473350371747841 26.593198865626547445 26.607439349019067265 25.790113727781562858 25.033664606567128885 24.731371306300253821 24.813670975524821927 24.405296494724446177 23.64279531768483622 24.660165824145565239 26.257621888662548315 25.921034106664745167 24.973314201133888446 23.578696782487149619 25.487640611953963798 26.005222455300746276 25.549877611830261515 25.694278909399383082 27.236199371845458472
39.940149652590960727 40.17443699335432683 40.036190359717110709 39.629829238249911327 39.417538805417862591 39.193100695945766176 39.206922609432062643 38.404005004780124466 37.644972154180464941 36.557557907270172848 35.616865602860237061 34.793679064154780178 34.120029376280179179 34.112229467909301661 34.662904333143522706 34.893010803506953721 34.496012083526544245 34.347449085345488129 34.624607331520159903 35.088171107945449023 35.433814869482020526 35.449410066995604041 35.784617753087431424 35.959483073255299246 35.588820491917708466 35.036611461428542214 34.601101750820689062 33.978805306739822356 33.664689177202717474 33.991819652881574143 34.156285065628111397 34.69058765041805259 34.49677426091822241 34.092884043923568527 34.043877298635941031 34.005599922862195683 34.032742658334122154 34.293733347129681022 34.43839411725994637 34.851484633671702795 35.42441778996950319 35.93531897510219153 35.831524107636120391 35.46493983891348023 35.660294288621152248 35.650186144726099258 36.102415452037313059 36.182882634047558668 35.322736345369953881
37.400988541505903129 37.366432235604200685 37.286670827949805584 37.566488444878480379 38.052363072819652245 38.328348470539431503 38.320883801839407568 38.475734829416254001 38.822353535724275275 39.289548606209656612 39.776122328237946135 40.018735366073407533 40.227136147269803246 40.279635635729924559 40.442835781808959439 40.751738506330468681 41.194052767420444638 41.534786475115936355 41.959772995731974277 42.516126177176523981 42.589915159821956081 42.219966434858832827 41.466924194672351689 41.105379363769237955 40.935242225148506634 40.852856759523611174 40.846056146594278857 41.000517026340823179 41.324283773039120149 41.512908481586286769 41.735131841808787101 41.39064583945223319 41.235667318492495781 41.129916565466899669 41.077646519790370405 41.187258684591746771 41.348160308847042188 41.585530717737682949 41.795882481242948359 42.026239037851723879 41.837501194823872197 41.299613447209218009 41.08060400404332313 41.221122260671243964 41.809359039969415051 42.632896727171001316 43.2026355088102747 42.951251858304900111 42.069307244096130205
41.609216099471005634 41.585432537075654125 41.623298912751742762 41.873036715110707462 42.191252060090675968 42.39006158682840919 42.551783229306707312 42.726573965594219828 42.968045697505104386 43.293220831899787981 43.491023473327928173 43.581374785029026953 43.593632661963233943 43.74063558866923529 44.188146043178605282 44.734801704487324514 45.346014183423740462 45.809302737673050387 46.286254645945817288 46.530753466822837083 46.344177994347688809 45.994095323717196777 45.662814690257782502 45.578344867805519414 45.575464534245277548 45.609279231481217209 45.662958694174854202 46.073962254419583928 46.552884633426955929 46.49517020994782257 46.152905839040357705 45.836456641834836034 45.55554768497068352 45.138745463085726328 45.023097626784398528 45.011088969932167458 44.932571392629895968 45.004915206330451838 45.313431157791853821 45.616656175454636468 45.420272188405455438 44.973307631191580924 44.426489143166847384 44.256868789491861094 44.597680494157458497 45.125082687765974754 45.508117051084077787 45.34707647575027778 44.753495399342845928
42.60870794131218986 42.674062980207644102 42.870339210351104953 43.170773499359981429 43.517090714252226746 43.803962338893519757 43.924163264326061551 44.073862533434912336 44.232303020401197102 44.407686018662779759 44.535918135352282832 44.771670141077606786 44.872481895705440991 45.016529113451831279 45.360025280059971919 45.979086583696208379 46.883779298452196826 47.598462042096493008 47.807767750811812846 47.876030844711628731 47.794161413728907917 47.636943082353106149 47.648268495321673299 47.84355813310656913 48.367267687168869372 48.966128844370011564 48.956534881151313243 49.118079414283393191 49.2639864269769987 49.171024345621297869 48.672697224976957386 48.706717579747639491 48.722612750805453175 48.019279993702717491 47.239800474392311003 46.841905661291058038 46.577477679014769762 46.347542164816005084 46.348422632322957782 46.327579680334565637 46.182944505105815836 45.818245774083024457 45.212222585759143101 44.751843128212996703 44.791731163263442284 45.144343454182688902 45.391955852919217307 45.294781176830277047 45.383656004473195367
41.422133323627662094 41.764737005157755334 42.210886736960745225 42.571172271825695077 42.729744550332426911 42.960732417803846772 43.11493958116248848 43.257069661751806677 43.398659044994992939 43.51633548234335791 43.650601727461250334 43.766695394547788567 43.842264388538715991 43.991053345347239656 44.379411265514235652 44.960225971050036264 45.737956024823930079 46.287108007745374039 46.561256338875040228 46.616957219086202713 46.688093463458528731 46.738376823321431175 46.844121963918929907 47.104144320258583889 47.598713944967407485 48.309407495384753872 48.170243419002552798 48.090345107409277148 47.963830364539020934 47.665601014124462154 47.595619204350882114 47.986768563483536809 48.603678442769769674 48.947078947518683378 48.091705005985531329 46.966420009628819798 46.280692133533449351 45.317643319651814693 44.811044427454532979 44.587872222096834207 44.338701026496536883 44.135570031229796939 43.698849300257805339 43.301577321626595563 43.305483610250995241 43.585659428450611586 43.775200037972318512 43.917448810787313107 44.296990486628494921
38.188260218874255258 38.58957957192685484 38.773580069265008774 39.021073484804780662 39.475518755312904773 39.638072215534577936 39.604362772521120917 39.618082002242012152 39.567997478825070345 39.756930082720373321 40.007079557245667445 40.250890265877927732 40.463302203115098621 40.916674791913322906 41.485449864818384924 42.25509905736627303 42.905281806794754118 43.628404347967396859 44.156132889277259324 44.057224721378915433 43.905929417831835337 44.08832074829165748 44.219750274388758271 44.204196915957147951 43.934923569788701059 43.930118353745207571 43.862742579694142364 44.03736995235100693 43.945576027813608277 43.586729547099167803 43.395235365311066289 43.825834721465596999 44.49517081758472159 44.979794638464220213 45.411377888082398613 45.403783596816687407 45.232751407011427602 44.115623674204904603 42.959910292403392873 41.621051695794349712 40.851331774064767899 40.233031819426742004 39.931002519623824298 39.735446315004594453 39.577284642026917538 39.672401659503265137 39.986960071716318055 40.474578139310878555 41.052103883316874544
