benchmarks/avaHockeySmallNullTest/release1HS_ea20151544_C_M_null_dfa_pft.asc
ncols        1001
nrows        401
xllcorner    997.500000000000
yllcorner    -5002.500000000000
cellsize     5.000000000000
NODATA_value nan
[rows 189 to 209 of 401, columns 588 to 636 of 1001]
0.73308497186631127462 0.71186645579305152243 0.70510247303035000765 0.70467755574339385749 0.71222719210163376591 0.71440856670839780751 0.71338799153849252743 0.72624794228614031333 0.72162365170208453424 0.71693274183583022285 0.71453805129833425358 0.72855977190920906406 0.7291808768770607907 0.72882125840439215825 0.71143011009102219422 0.68833286328421339206 0.66675661176624179127 0.65361522594133913966 0.65180406222356757073 0.65113309565801424927 0.65682270540953591187 0.66371852863416969104 0.66930070103908545498 0.6729409887031699844 0.69387565845817600341 0.69493839570591176003 0.68986798472491950296 0.67665008402222504014 0.64804278591391539788 0.63684655023787550832 0.63929961792345735283 0.63092002821737980245 0.6104277914722906484 0.59736970294679903049 0.59489533112647452473 0.57445699728841181919 0.55608908609187190919 0.54784808904375403849 0.53892933433002532251 0.52398174921149864858 0.51938391849378295895 0.52844665065993812192 0.53504553583507841186 0.54826173358562335647 0.57927491041675183148 0.60945837318802420501 0.62743558992835035681 0.61722543007330255005 0.61049392022884907405
0.55641418640696094222 0.55968651291080762089 0.56029509182095516007 0.5562184998176180617 0.53516358179712708587 0.53123924958962343013 0.54041920032115153827 0.54495508835584416385 0.53694892389153514589 0.55829398411379371758 0.57151065529847522306 0.578802991945850831 0.57385211462058027809 0.60932643691063970159 0.60574033138572958013 0.59256516252681801227 0.57683602864649807795 0.5625385829468458887 0.5508765734556767546 0.54238621395861608132 0.53731223138438333198 0.53839187081136674617 0.53747866833154878119 0.53873510180655703738 0.5396265951210801326 0.53509006099112688126 0.54295997672823614888 0.54711539590558144752 0.54371914128027731827 0.52826711217973909562 0.54120663415508474259 0.53539003981966570844 0.5463197452747998728 0.57502218253261061509 0.61440348169173175652 0.6235570234613440066 0.62587637625805747632 0.63050813261766902595 0.64699822770963144603 0.64606128450870392577 0.65625390558019458531 0.67266899515919675867 0.67562910090555705622 0.68408608985991126161 0.68281940530695395264 0.68111178813539730026 0.67727744748149576459 0.67888687001732650472 0.68386944663756055185
0.51682193303758949821 0.51224459769597363579 0.51277300563736705197 0.53122907379886996626 0.56784616809984433949 0.59700042677368381216 0.61420325543075093844 0.66273625454998486006 0.70018072177095314057 0.7019178166722802592 0.69390837391119919442 0.67866466675458980706 0.68076142984782650469 0.6920824979683067868 0.70038827705535389168 0.69357012951734264838 0.67634774443276479694 0.68521074983172969297 0.67510740014599979197 0.69345470827536481728 0.6972435974824041649 0.68416966638379217436 0.65905762402529166621 0.64607024218182018682 0.61491881664687764175 0.59161253759772658434 0.56701311391889630542 0.54634786183191264008 0.53755856109921196229 0.52778132239902209033 0.5255512087360925122 0.52216892570524842121 0.52337030608119028408 0.54400465368129291566 0.53686203062209680859 0.53096499725112789037 0.52419164049023125873 0.51460884868266443259 0.54944073678455573884 0.56752817848686754054 0.5930561314460075506 0.59832820461339575324 0.61500318911448748072 0.60868115704220293605 0.59663122864428574932 0.58590383664718570511 0.60095332420894453929 0.61890903106000638711 0.6069602206603352812
0.6938786977395681177 0.70457766845840175129 0.70640343090558865846 0.73512583330161840323 0.75116741306641332532 0.74598767919715225361 0.73192890687413214579 0.71002358446174462792 0.70578248768736395746 0.70197712106461496173 0.6907912723703029112 0.68285139053212817739 0.69549661351648806029 0.69783096068650762867 0.69214782922599771275 0.69797578251834102581 0.696734318168358846 0.69077394421123683443 0.69032875335908550074 0.67994237170648896829 0.68756416834909894753 0.69049599836137687259 0.69002410204381570136 0.67957336797820422358 0.6893997152221190694 0.70060570055347659579 0.70531108223955663039 0.70888497195395772099 0.70797508289385957525 0.70409585746968661457 0.70434500309249170602 0.69129064417093144534 0.67114531969760493624 0.66552933524061574921 0.65296568109643671196 0.63459171997704755253 0.59174631108818365188 0.54313370764069512919 0.51013957660703967978 0.49206468347013265774 0.47815527096053167533 0.44842665223331251712 0.42369739558025903969 0.41291176727544615099 0.42002587697036669612 0.42864853533514701844 0.42389898864598307693 0.44217507559250290861 0.44541168885124471366
0.71218807311355925016 0.71538223886634988435 0.72192476267891858566 0.7201626100816753695 0.72242024425707185298 0.72256784194422363221 0.71562185849577009122 0.72397972672375632275 0.71979107365319905387 0.70637831039148257783 0.70369570811724069248 0.70576383088143324063 0.72335528010514915653 0.74433536311069214975 0.74739965757845283623 0.73619346562442244952 0.73165713721565295291 0.73865388961874745011 0.73823602359340445567 0.72794477235207322163 0.73064648291824785264 0.71199528479678786397 0.70131825098373945515 0.70849945383787460429 0.70273408378077895087 0.70234374151309109102 0.70094135042895433507 0.69803754089043523745 0.69840384752371353905 0.68385499237667735084 0.66393921358325480586 0.65326702038530248817 0.63439578081403980025 0.62918281636788608857 0.62398374376107490491 0.61341275997664668207 0.60952901853498708817 0.59147553160707633246 0.56737259030297282347 0.54248058958141687214 0.52241879258360024441 0.49378546868263623049 0.47437692563458161432 0.46016939588498523284 0.45429385093178353827 0.45709617502244209719 0.45953464939190247218 0.45496684369862250286 0.44331364037518417032
0.69570735832977304014 0.70220113820718588205 0.70246315434141870515 0.69687970757679884581 0.68015802802787639347 0.68067827944804659701 0.66603986651796587282 0.6598185847208560828 0.64159882483295893607 0.62535368520567968798 0.61278953849410455756 0.60773280427603482146 0.6053570009135641472 0.60733192841954231067 0.60025564828758637415 0.60500787121517285438 0.60352666813765676324 0.61465123632565588085 0.63720464617741545688 0.66441978508045462792 0.68757900985441355868 0.68228428826392084616 0.67966432005529475724 0.68930267169446779452 0.69378490807899784176 0.70242024267655900349 0.70849484379693583591 0.71038676130438382916 0.70024810506104495644 0.68782513351649432476 0.66425589647577309993 0.65175464724032605712 0.63950511930126130444 0.62952810039273199294 0.62252882914417040361 0.6239363515322958742 0.60816597385755355454 0.58268890272431772548 0.55934064175272191211 0.53688174811991473678 0.49846258255193670594 0.4598615520934567491 0.43328225028152611564 0.4161092538390599449 0.40008144913222504213 0.40771997237063889452 0.40988397058866010703 0.41288369621829990042 0.41126258547353317097
0.69587672987664372926 0.65865734278002829871 0.62388530090600213818 0.59237472148170278174 0.55664158386261330946 0.54339799772832297897 0.53008847471054465483 0.52851298936385326943 0.53865042161168896762 0.54851366218219421711 0.56131180127791413526 0.590135982636625811 0.57499277898039191648 0.53310706111354455583 0.55245334210015228926 0.55842705746071241713 0.55541858245584840859 0.54181775153505007392 0.5269500631118843037 0.50055717389195886202 0.48910739778221645757 0.48061662972549051842 0.46070947739436168833 0.47560183113277693101 0.54002386760818699152 0.57367228924227819942 0.58382054743301137201 0.57021648382521394893 0.57594968410762570343 0.54862983734645365264 0.53073989089101281103 0.54102110264188418842 0.5552648817656171687 0.55648040161215761579 0.51450507727571559435 0.48117279666354367818 0.4580062078892684907 0.44195158019853891807 0.41917667362860883129 0.41828383329069468433 0.44047150326618500493 0.43728074820560225433 0.43776610698649115472 0.43683685470676875129 0.45470958520591320262 0.47340500405444863041 0.46469802152949618579 0.43405475957865491399 0.40871799246241674597
0.6607872736771666089 0.65028715657129565475 0.64515104618351293286 0.65563803841702628095 0.65082116318386940002 0.6840697586799672214 0.68596422606359142016 0.68133486799225073671 0.67907098553958200604 0.6699810498142100279 0.64794183113328729373 0.62318620964559101605 0.65032007978305006457 0.64677730904153352132 0.6198638162111873573 0.62198231336469222974 0.62314706199092195771 0.61015197757384043165 0.60362509823971866041 0.64639858556268658951 0.67170346247355772196 0.69517474748616803204 0.7085497701241640911 0.70587642949875706311 0.68914656246397298922 0.65606946972916579952 0.61312580904741642573 0.60068574351132697497 0.59002237937715207305 0.5777483560607461488 0.56542622133859732347 0.54910505480966664837 0.55707482048483958348 0.55698784497184017361 0.57028571267820915569 0.59678083120917702065 0.61901291659155088798 0.63728499691883555567 0.64530463297374618392 0.64786273430441743137 0.64511256252073356787 0.65816485452648609833 0.67376034271646978446 0.65918731323545753931 0.64760500641600471372 0.62702732470719357849 0.64168951798486584259 0.65269625778134865435 0.64652787108728781984
0.817545168038506187 0.82600911873354010417 0.81856695475621576996 0.81500222942468547593 0.80571844830530336967 0.78599050986765928162 0.76975673522226917278 0.77448723086602888621 0.76833868687225137517 0.78911969051682917531 0.80373502713055255953 0.82081866765580502321 0.81822798662206563947 0.80711327608553351531 0.8302766946012140048 0.84264627816941739535 0.83028305249974110325 0.82524125974241069326 0.83748934875381664256 0.82213048934372490173 0.82846874530956704508 0.80083133435685016632 0.79805690600991363581 0.78751038268447692836 0.76297031049969787908 0.7665581516463993994 0.75654390022288864337 0.75074182738789729807 0.7453243417203774257 0.74070155851716690254 0.74688073709986202431 0.74972867534829001901 0.77244296602400086549 0.7698205827551505287 0.77515076137320881866 0.79373310726957591044 0.77968882117029836287 0.82216176104242100209 0.8270178833799460838 0.82304564441454919343 0.81431844282433929472 0.77881284416841334295 0.75262021124259892435 0.75465720320630202966 0.73640343826232501634 0.73758332980502128162 0.74612138686166507018 0.73465501343528427647 0.73644796406106360909
0.80764010110188588776 0.82010146961019603218 0.81858647836057663039 0.80582502511473741436 0.80599081195916733034 0.80679964695076111791 0.81977776863515749994 0.8088748462081134516 0.82178077893298240308 0.82719855315251700212 0.83026425709541196163 0.83015264627275897613 0.82429183010967699285 0.85030180384018838602 0.8415512020274822369 0.85018356797472660613 0.82978374000686305756 0.84297108134210896324 0.81799744830968823539 0.81310179507335522686 0.81958409446781588237 0.79936489518534026288 0.8139404234575531305 0.79830573455411424355 0.80368448800598646375 0.79901387622373143405 0.80198802840166560912 0.81937262492861051566 0.82215555769321813084 0.81709517174375079218 0.81951507407354595713 0.81544564326236845808 0.81994068270715014801 0.80100338653933300659 0.81031220808233628272 0.81594105318958187745 0.8084809830953043619 0.79507547224495211946 0.79458046696854489621 0.77174692355472007677 0.78113814509922141482 0.78439675274086295698 0.78975247054335395713 0.80461484140669425891 0.80210157810860438499 0.80412097496295209531 0.80461690109859318465 0.80527854400367271381 0.80248229523583880507
0.80307726017705238775 0.79993827280691498505 0.80970621669127629261 0.82127791455498588835 0.80839624484514638336 0.8174782745786473015 0.82288392258222575748 0.82006786481635762787 0.8403277993386114586 0.85597120840027851596 0.84906783683597764067 0.86579221024620856006 0.85625492595949936891 0.85419796442655460122 0.85872929986551760351 0.88948931899949923441 0.90352967014984397753 0.89156202465270950608 0.86619481353678617896 0.8301641376245809667 0.81778135076900215772 0.80823555459749485408 0.828607521758828236 0.80650523035980647979 0.83177151064203069808 0.82447106323356544877 0.8345021568556343361 0.82347085704185829513 0.85120537388815031843 0.8288279025385707488 0.82722255608835704166 0.80478213088136008047 0.81246683262445551499 0.82433897556815072249 0.84777970497391386129 0.86150657818179476877 0.87361497897205386831 0.8585881607778212965 0.84174658735169460844 0.82280531022992708934 0.80820153767995317473 0.80072892769074799357 0.78670064904706193953 0.79309806755787204402 0.76239802738313311448 0.77778034690324682199 0.77422478795187410494 0.78341623477351829408 0.76998556251012006957
0.79868312699955956724 0.78473450772834207889 0.77916433600895473877 0.7741353327087013847 0.74751387776774336213 0.76427486710562630989 0.77531421630845176463 0.78475672298935617022 0.77639218565289447316 0.79512077941730829878 0.82647360016249782344 0.82382548286233525658 0.82011353918364782167 0.80490129715296387936 0.79013508975084034702 0.77741204633168303761 0.7921254437500970802 0.81326532919055627424 0.80751931831230217007 0.80704295466799980119 0.7904381550774802756 0.78850868396633777557 0.77291875183556235651 0.76077957887703218098 0.74486418691963585115 0.7316304090242635727 0.72545015509653987262 0.72847467786475450513 0.73197798655983747906 0.73613380981563214522 0.71990212748578719104 0.73143899850472438029 0.74138386559007440901 0.73777027576401288389 0.77138559211157142759 0.77369850469060552633 0.75427388763021785412 0.72719852215210123436 0.69700507127202016022 0.66525214692854206522 0.67552688346075107084 0.68492846010523400491 0.68016592092938554792 0.68285447581191327515 0.68202440626136029422 0.6762997001431311217 0.68145335623875102904 0.68689879730102154642 0.68968269897695921866
0.80680734497732997657 0.80739904134865603247 0.82878628393894904214 0.83442258881798059278 0.83861217822952105472 0.83565600559880592879 0.83699168058187400909 0.83377228665697677989 0.84174026801564016953 0.84213698826241312201 0.85185972730237979889 0.86651988229451770707 0.87348327910315015643 0.86967635899905793018 0.86267950380098168406 0.86637753793843952366 0.8757329273257485891 0.87721684560448887069 0.89927045106107461603 0.92112517701419460714 0.92652754407315318641 0.94694244936473770391 0.94128965501216910194 0.93905033247139990671 0.91676382606155915056 0.89294697797148303575 0.86672775253754941183 0.85596952399174597303 0.85286821834899650963 0.85440748973994984361 0.85372168465484010724 0.83482750995846233266 0.82378024581006614735 0.80298245780166943586 0.80931820567304080249 0.81085657145561940151 0.81299260508836534989 0.8027564883083158076 0.79881486847463145651 0.78213326389469639555 0.76556709663310107405 0.75642790729436970576 0.71637599895329007182 0.69718242062004598392 0.67148606668817578669 0.63668543980708169894 0.62622229557247022225 0.59851518004085568769 0.58512064166559696332
0.71973897629131433629 0.72586249462309626601 0.72456912537330531165 0.74764381433733417825 0.76330060707770464035 0.75339422949602241619 0.77884017482957612621 0.77378466845627302817 0.79766574697344727607 0.81217913358060744855 0.83231743283549353141 0.84601015243687283096 0.86594012273180831496 0.88143097772614154017 0.87439388879565305146 0.87061829772251408954 0.87201882591845492065 0.86012799396258987628 0.85992427851261066252 0.87387936599417204153 0.86889777862213435355 0.90658066328215347607 0.8924477572427835792 0.9062554118033766537 0.91092372897937023968 0.89002859457433425305 0.86313252760840808442 0.85588739746719300072 0.84098249980071082543 0.85520860829932698888 0.8373768371978234093 0.82542967200727368482 0.8146519383092835076 0.8003644565969254554 0.78346194535886448662 0.77599640233038136294 0.74878902794489421435 0.74614032055398582521 0.73404940686957920182 0.71861969145663195935 0.71558787230620735098 0.72925831451461664567 0.72056567541250471365 0.71298524940186558396 0.71690758610575888721 0.67914438939716792465 0.6699187605415890534 0.64610340684645628517 0.66057510947892628117
0.64687977314297828713 0.6392891860271772142 0.64078703395400182785 0.63465690071108094017 0.66128961441765521378 0.67853581401467932821 0.67995733368851674072 0.69345484281296299045 0.69232975165453480848 0.71421552025940260311 0.72620483741882213558 0.72744630046001901302 0.75145155200007041074 0.74780148900648213406 0.7566114727192240208 0.75357879260293259005 0.75051127717293109054 0.7539121873654928141 0.7713287633081398198 0.77425581397642351256 0.79428184193546502723 0.81846370920967470575 0.81147486132447199658 0.81184084529258138119 0.81114907973319838597 0.80675233947838154158 0.79248107544983259487 0.79869883771881344803 0.79587888825315533659 0.7974271889326073337 0.7916987985474622791 0.78548813229947189729 0.80120702974726398793 0.81778445129971988337 0.84802741563984251894 0.83276208343169511039 0.82946506660798702271 0.81824657395651989589 0.83048416329434648908 0.82529408344234311823 0.84366080923725961238 0.85401964083075776468 0.87957436228838414838 0.85732106337282421027 0.84398721047983171761 0.81897082974689483503 0.78565988784713436388 0.73388919340967606608 0.68981382328039542173
0.63222697834308994036 0.62418404133323679428 0.63017359255126581541 0.62244282377764925673 0.65530983288357869121 0.67189733347358537863 0.6745769163076645869 0.66448417532770798211 0.65461997530304472104 0.66502888606667764915 0.67555382708424660532 0.66941986061294955768 0.66946947889749752747 0.6992686071420669558 0.70851276658703365996 0.71168107665356838964 0.70971570421351615199 0.71788209883587483784 0.70334300753481193702 0.70152187795735310161 0.68106031732631810982 0.67325412505222392845 0.66081279326953668019 0.67873851938215012947 0.67753074621759989959 0.70534044348528868174 0.75605311470644565031 0.78359640623399540171 0.77671069241030721297 0.75898688945194536792 0.73951920999364184617 0.6971176298281921424 0.67381064017933678389 0.66321909103436849087 0.66077728454936468516 0.67166676404054936889 0.67342394783940862091 0.66773091886733826339 0.66867433678572929523 0.66917252988692221827 0.64087120526945284826 0.61813476213819462668 0.61534781045219888451 0.63316080714602940294 0.64020103879634893129 0.65369807550943304086 0.66631860353212812864 0.66364618721479273766 0.66659548063014639752
0.56306210062260730886 0.56531787465243665824 0.56656223833527363798 0.58051133278149946726 0.57374670103319391767 0.57567148371676957197 0.58325737745091432718 0.60060344779143903793 0.61844140129454761023 0.64983370355547676045 0.68214138249165434669 0.68276004344105700739 0.69131429931189214422 0.6933207525543746419 0.67906971648602598712 0.65160293774957689372 0.64515069524258439326 0.63405601061509875294 0.63334233528231120847 0.6242453264653338163 0.61872058505038707299 0.61110588225569195675 0.6107951184460147509 0.61026168371331679374 0.63036432182836443783 0.62347783453685301502 0.62857337579974426056 0.62936667993910400121 0.60962902247132622069 0.61874822213269864424 0.64007182858323585783 0.63114777872310623419 0.62717533316653983899 0.62544344430406006996 0.62622536825991492737 0.63117499501957019525 0.629903246345391854 0.63424408935488651995 0.65067629690783979068 0.67060953905828757371 0.68256566729493817203 0.6899465603231834665 0.69069247561552304937 0.68305316689178607881 0.67285031848929910403 0.65879648775671151295 0.63968947316222501964 0.65117086918003108664 0.66024448000113833412
0.60135897753146672073 0.60251726167873986828 0.59822095697311716833 0.60561905413077798954 0.60887478516364546 0.59189273872961933876 0.59781492468030361653 0.59910930316816346508 0.60488745121998821475 0.60189776998087074489 0.5868833473042941451 0.58222809371811334866 0.57179477740335860059 0.56329155567654831671 0.57538350144019234644 0.59411151854819066465 0.58309454323087739347 0.57778569218228281734 0.55745225562102374006 0.55709425937865075795 0.56837943430309156856 0.57313877315386885236 0.58029884002612419636 0.60318980010972689243 0.61653811745646691644 0.61412657369557399623 0.59974934277605751465 0.60118409327084842975 0.59923589764682960723 0.6216975995662201715 0.62628173267484021913 0.62540336014844899459 0.62061908411718880174 0.62460575066285783929 0.63402762912120835814 0.63936920955483877993 0.62594722328480001394 0.61929136705340370739 0.61078307765897621451 0.58181703687554431337 0.58237173782256390631 0.60249749594812229692 0.62840214796084170601 0.63785358856846996467 0.62285991208886182235 0.62797562160733655379 0.62189038181230937852 0.63680213828998821768 0.63874435113281846643
0.62122764153117027153 0.62487858352150793539 0.62373737763857128868 0.62521059661243760797 0.63103982295845917339 0.63311308824380863047 0.64439866767207609755 0.66062054319221952259 0.6582399236854394875 0.6547605379401360004 0.6605354647840251392 0.67338042957553023715 0.6713911062712524247 0.66081826093000417544 0.65464672527790701562 0.6501985166519433923 0.63143274634985002702 0.61850649803668400484 0.62940530287405693777 0.60967010800847842855 0.61210829346839890075 0.5868293991020729905 0.5854073719258601205 0.56908505783030971514 0.57950487009195217336 0.59149247886781997074 0.60653521294045131818 0.59694735518449526523 0.59797840850075512087 0.60871811350237503557 0.6145491346735357796 0.61302589330219714459 0.61122267562382393002 0.60840157255291360539 0.61751289800669884045 0.63665567859707439258 0.65562570435159805982 0.66966580672090103565 0.67725191224395608902 0.66658622735711825502 0.65867123897240609232 0.65124169796665221099 0.64732974376032781372 0.63919488721253092667 0.63699177652687255513 0.64700373464299676396 0.64105558109025106983 0.62508928724761003703 0.64607253141533949048
0.63380561160365678219 0.6435993040391547737 0.64854356798293300024 0.63124610670369440957 0.63460658331567154633 0.63923061202606401565 0.63638730458027570336 0.62295133266223079449 0.61444492899920621909 0.60638255923497352828 0.58766089102929874866 0.57374972480687391752 0.56531035898297155029 0.59526478505326296808 0.59344679448828763224 0.59196934021858171882 0.60711424886189235828 0.61487926293062511451 0.61590141430590950034 0.64345670202766125367 0.66178398944404925874 0.66446298979571372101 0.66789738069462611936 0.68342276911933896866 0.68969621807560133053 0.67812763235106365833 0.66822946698230145657 0.6704274757415413788 0.67282066519348893152 0.66990333018684278255 0.66863021400541977624 0.65934124136184502074 0.65912848427679981977 0.66214472478405961287 0.66087846445281117624 0.65946780293603668444 0.65312537921692914722 0.65427034547180040747 0.64386528878499238449 0.62959376732451066694 0.62650366790108502624 0.62199166998684152219 0.61515860921182519139 0.62048379401555309176 0.62171945384167737192 0.62014419851147650764 0.59948161311852166122 0.58448495022823510059 0.59075451973711523568
0.61437175571343960456 0.61861112515673444268 0.61874400495779213749 0.62129979568293125514 0.62823111307085177657 0.63094281149055875257 0.64651723564508778441 0.65389739809039515439 0.65708099805034902996 0.67119750204902284274 0.67755177087538454028 0.69986092273937727803 0.71089876715613853353 0.7209903399606411023 0.73516437986224625334 0.74387219440904672751 0.74039729274906829204 0.73748063499985416769 0.72817742358195391983 0.71890169783298019102 0.72371584474248429331 0.7350972660532896219 0.73741589939365559392 0.72815604723114735197 0.7194588079215959997 0.70534278905922265235 0.69038028162772646645 0.67287427083163420249 0.65310184921018143989 0.63540784079961099007 0.63444373185063973608 0.62103831588035440792 0.60382838535457172835 0.60198827643691688039 0.61206121300323712564 0.62585695599990842641 0.63268653075962921761 0.64856633840268862468 0.63565153000050300669 0.61480956712031697986 0.59432602095491493532 0.58524507710119688664 0.56546021554982761614 0.56105909439980661269 0.55394927327420895313 0.5612433259285790621 0.54750486390512753676 0.54735456197761189756 0.55494522636269882909
