benchmarks/avaHockeySmallNullTest/release1HS_c79287155f_null_dfa_ppr.asc
ncols 1001
nrows 401
xllcenter 1000.00
yllcenter -5000.00
cellsize 5.00
noDataValue nan
[rows 192 to 215 of 401, columns 324 to 377 of 1001]
72.12886183275943 72.45551546701776 72.83719376784029 73.0624528323049 73.26156028476078 73.44296255511604 73.59403974407533 73.77154800283191 74.16459586814693 74.658090040311 75.10403935555667 75.41560511239464 75.80455944437885 76.14257890661395 76.5023327802715 76.71827690221052 76.93064359959924 77.25844167833208 77.65794094421572 78.09256079541024 78.3996953424504 78.60288125332039 79.04454307507721 79.71485180067636 80.42022337712808 81.28199280483908 82.05218337556985 82.51095176341917 83.11308652718193 83.42074620981623 83.50823195080871 83.72688237294395 83.83437004465537 83.9998603446946 84.31062400141603 84.46860183075752 84.95882244782824 85.36203163088243 85.66963519749913 86.05272365091125 86.11435271485293 86.48409189982836 86.48382531984716 86.65661732736596 86.30986132420861 86.0646474216464 85.53500933550174 84.76004347254519 83.783232328279 82.90161825491133 81.92683908012654 80.75448118630669 79.28840136245859 77.71820909696515
65.71261727966444 66.23183777182933 66.68604614107539 66.93021472275902 67.22588397808414 67.59178433169676 67.89586192499492 68.28132218864738 68.63084815983417 68.92418676886116 69.27615545422829 69.7191400371959 70.17874460194153 70.61073258736212 71.29301019534388 71.98548780108177 72.46906278152544 72.68418789073863 72.76116644757957 73.15443131740113 73.4950631360868 73.79746662438072 73.95937718905574 74.52569991999673 75.10306890637801 75.57532766666762 76.28457572664881 76.78734855121309 77.15057240715694 77.62360633974991 77.98436905505969 78.19990329438107 78.47734936147725 78.79011740596678 78.95796310663923 79.44400761840599 79.82659995244548 80.37961594741321 80.92674682747644 81.29606636527139 81.7659893121629 81.8986149434289 82.13638546333549 82.16647980861639 82.20541380499181 82.03878267527956 81.74301413954046 81.29693237305328 80.6731958000848 79.87120757231122 78.77673932348924 78.18145176879233 79.02298990122601 79.25790135505051
70.49101977706073 70.54651079747224 70.37762971512589 70.17745769775237 70.06166641952257 70.21768752371587 70.34582330802348 70.29691186700722 70.43517253463439 70.37845679224779 70.31275028413326 70.24982844842226 70.47075542415853 70.65036794299048 70.6093897201674 70.51039590211485 70.64813454576675 70.68010403645907 70.57978284057066 70.63121442501223 70.70455103729317 70.80415424328871 71.01819546065944 71.06448707445416 71.10904596229365 71.37975519982992 71.75443966063881 72.19256753445657 72.66880733756444 73.06693380554951 73.33635849698199 73.51027122050397 73.79330715917644 74.48904077071047 75.02712887790217 75.41032698022202 75.77445574209167 75.90462443249108 76.12029604987787 76.3270455045654 76.50230149373506 76.64870811439476 76.80466581650549 76.89328248205159 77.14389410252561 77.59325596857641 77.88806798467928 78.07799783902318 78.51062180191811 79.24078815186989 80.26379907665225 81.03753283307232 81.38104008357224 81.18522991109982
76.11773570479183 76.28610224287 76.21364914662716 76.04847907294294 76.03064419352093 76.1139547878964 76.01505979324783 75.76528065741289 75.40155133143713 75.16745619869577 75.14351439652151 75.2309486958993 75.33353114324915 75.50305006840398 75.52712453360077 75.46446117611102 75.37665978715799 75.50085067261273 75.56234052177287 75.65626900713563 75.79703294917144 75.88833566487837 76.08608006515588 76.4014208458704 76.60662367820713 76.96221714000973 77.3224333858342 77.59222960401014 77.93477197653621 78.09810599818159 78.12269623847541 78.32957757879464 78.92169895892813 79.71841068431954 80.16327286566117 80.17360561731115 80.09281976677804 79.9633097854136 79.77635723191254 79.58750093770584 79.613999954977 79.71920309818174 79.60218395157789 79.37788794601035 79.36262568536942 79.41889413311539 79.51672877915301 79.88002625533885 80.28614666096095 80.86334515775413 81.63002149805796 82.0949419427242 82.18532260197168 82.01367895456021
81.80740303419024 81.4825311256144 80.92491639848841 80.40601998150869 80.20010911628714 80.4882005067071 80.54200708197516 80.16742897330911 79.86018886130377 79.68538490088542 79.67731957390608 79.78890912635538 79.81736066027604 79.82969243700695 79.67102050691432 79.43256934873176 79.25444163512445 79.17172837830992 79.07835947769325 79.08299107499727 79.1323057432672 79.08049280114736 79.03707165892982 79.29559546782889 79.58825153519741 79.77719672100248 80.30871111590183 80.69905248856959 81.2744561784004 81.59636823911919 81.64780134370888 81.89461622216101 82.29372702468088 82.96164973720533 83.37504209078146 83.12189063814503 82.60797245928555 82.11876490706894 81.96069724884498 81.94807924543692 81.94456686554433 82.06131446888976 81.82278361923478 81.42807797065788 81.12439335566874 81.09598870462104 81.15879014170051 81.33063655256768 81.42707342800611 81.51880996548175 81.64166738600625 81.90695030629183 84.32035856773956 84.01836674257648
86.76576830452964 85.79782402154709 84.79940464821458 84.24007746648165 84.17921034565265 84.84371411299593 85.47796927647271 85.36271885577747 85.03294436204339 84.74321359498397 84.46237116146993 84.16727324809233 84.19471631742908 84.12662292211439 83.90584886927998 83.497057811685 82.83719280477573 82.55082490422014 82.41470959929654 82.26112953735681 82.1824695802477 82.08669152197001 82.24886871822487 82.59697541884805 82.94759414321753 83.06708795101557 83.10602482122118 83.082072410077 82.94844212094311 82.92298406205231 82.93344858848566 82.89086723527727 83.1553996259409 83.72544739995739 84.47518068204782 84.84590939648652 84.61075645856761 84.2908518491034 84.07568562306648 84.09743916479336 84.59548982226733 84.46334673510083 83.98271518358645 83.37908338606397 82.98187006248351 82.82823129926267 82.95849877461488 83.09036936442091 82.95479162332903 82.74565540820043 82.6312778411401 83.61479318444589 84.25476805675784 84.31023762212153
90.67952822408381 89.44627905377976 88.63784977778199 88.26775379552683 88.84956417518526 90.18140699983219 91.81681336917006 92.49970541216831 91.32372732532019 90.29199745883813 89.33420326828802 88.56972758500623 88.31043661438892 88.34435660629218 88.71022927989851 88.27735248570897 87.13277277634623 86.79062349912851 87.17778370715642 87.25500452279226 87.58029542908194 88.18209492285055 88.2932898567466 87.86531136174595 87.92174525815059 87.25631906263355 86.46893821483965 86.03313215553771 85.37275643784076 84.68169027891123 84.30311822448405 84.35120377354907 84.87325533088654 85.71333919583984 87.04389662108983 88.16112035272486 88.39052840273983 88.50111624859159 88.12117231668365 88.07410000481507 88.07304728933615 87.84763356197836 87.22832124710081 86.2256189459484 85.3438124984378 84.89171334325103 84.97922211092487 85.70407183328967 86.32789493566995 86.46910893340045 86.11788026597317 85.87088254195666 86.68528252707262 87.25966467328891
93.34477594625332 92.49868575345077 92.20476269782348 92.49815315782756 93.07591862944942 94.0752182840163 95.52266606032185 96.72851580059607 96.13563896603024 94.99135235443515 94.36829842867091 93.91973435712485 93.22843843435142 92.82896216458846 93.34219631201572 93.22366382929663 92.44863254945352 92.08050810292531 92.0830618575888 91.90515842493859 91.99843638178012 92.71851283119462 93.89204190058327 93.74627635512923 93.44896180245667 92.63861128891274 91.5534111088499 90.25780544711623 89.42887893117248 88.75282940018013 88.40514206850654 88.66563876275434 89.3198935361527 90.51601697681426 92.22231420011566 92.92459181824029 93.18835284835967 93.26967076024306 93.81693350582027 93.26714542013552 93.2012135650821 92.96859473301454 92.35057284533053 91.1358653520265 89.9567833723512 89.60469678047536 90.58928604571739 92.57418242771455 95.09561266795842 95.6976470938308 92.55141615175566 90.01795858047717 88.49017074798655 87.12677803321742
96.31509709310291 95.93867373662404 95.51761646717671 95.41451740797646 95.75046965463129 95.87250139346436 96.51309629508586 97.3244159049014 97.65336822433409 98.22033149010558 98.60525009369846 98.27261583650306 96.91478570758426 96.26171794683611 95.83588069937379 95.72727772993947 95.39749417613939 95.73514428971018 95.81708835856456 95.68087225665491 95.2598924247208 95.47891030376663 96.37104079797301 96.74457872658985 96.72991727441084 96.32892724488315 95.06766575054755 93.35674181007226 92.77306893702701 92.65228766218893 92.45508696471363 92.43258673691822 92.6314315961905 94.1196396716207 95.6364708348555 96.83962196701297 96.24148461184332 96.64145854960417 97.4186279437385 96.92879353260261 96.71522380245017 95.95402131379984 95.66118778763595 95.05468439802878 93.75142916046096 93.42781323486024 94.71813409874396 96.74509511528625 98.72281151224263 99.33338813367523 97.25282812868626 95.17739329212995 93.36034277690574 91.98490186407837
96.20791313885844 96.5194344497918 96.34005421554576 95.87337117896037 95.91697982712068 95.7114161455289 95.67789338994002 96.2732146735849 97.43028181477086 99.46058981528921 101.6303139800282 102.0007457500697 100.1280485159495 98.91982998643732 98.16380574491087 97.31313978458502 97.0110647070105 97.45311705744608 97.90373119338231 97.93979583985508 97.05208024285133 96.87087045236136 96.84922135638494 96.78759939554369 96.94174734930159 96.84555791395995 96.34385641699417 95.00409348909881 94.05868276846502 93.7937996735599 93.93948248306948 93.88226273753016 94.59796372255479 95.68909097574635 97.29844327032637 98.30765225434088 98.68622167699854 98.85259457511241 99.1307549303074 98.93763579694267 98.46591999635734 97.77782642005356 97.46639294185206 97.03955102235702 95.45143145698222 94.80617411661028 95.27047773106629 96.49909314838393 97.91537150933308 99.36781004347466 99.31360734770166 97.51679742275013 95.92092531531038 95.1186233346922
93.48718016518234 93.9296388112179 94.21783152505348 94.2614493849057 94.0033962507801 93.82372816458982 93.74841862749288 94.24709237278809 95.75384379015384 98.20250185020406 100.3521830622899 100.6415550252939 99.67085197883262 98.76000301709439 98.14365216742959 97.50404368275206 97.1664710483188 97.5649179833344 97.74520388737679 97.80104505105963 96.98509755853047 96.42108433328086 95.93474024604404 95.34959525507354 95.06184857498812 94.95149875158381 94.39270697627356 93.93875012617876 93.36260291438799 93.01698728119251 93.33578683600375 93.76224464163276 94.89807827578328 95.90234266346876 97.28964338210733 98.0583708348891 98.94914293622254 99.37107867794001 99.46803522837226 99.26273857144409 98.85505099645088 98.73768258249578 98.74037335219855 98.46033484164553 96.87516018400402 95.30186379024551 94.25245495276972 93.76351734149522 94.06589107553579 94.85830217452475 96.38049400160557 96.44257970484821 95.94601867644995 95.62495942482664
90.47019835644819 90.96381886559972 91.44749347407773 91.50288391550521 91.56633927629578 91.39344681983161 91.18805508647799 91.78005998468899 92.91957654666001 94.4999885514973 95.84110370430734 96.29032877812705 96.51350839787932 96.63192936622883 96.69290976849483 96.80250614498294 96.91662386223844 97.31138631422593 97.20293834184631 96.94345608133087 96.36655023977401 95.47279016788336 94.65443776115163 93.92096629339379 93.06105941987229 92.50393336977136 92.18917700358374 91.63143426429122 91.50091063531232 91.40729178235874 91.6207589271766 92.35573667505902 93.17713251746861 94.53501030964131 95.60800627897065 96.20917603028407 96.89726186102391 97.65560366895596 98.00840866028743 97.28210835721865 97.07825408636191 97.11195518691552 97.50494257249153 97.47968512818154 96.10857291637579 94.39376495240533 92.76056920324812 91.4514760538794 90.61348338387424 90.81692780555531 91.97515681267164 92.77460600703554 93.43442272573441 93.65747181302291
86.30039828231449 86.84057274539985 87.19426438355033 87.25682935104901 87.31988169499382 87.30474716677537 87.12494735515229 87.42113452328536 87.83946669922955 88.65652497620118 89.1581275375881 89.75939617218573 90.34119105235663 91.25190714728036 92.09075066291931 92.92583020195633 93.67460943625974 94.15095075994248 94.19368205513258 94.06719282675373 93.54634664706967 93.090997258359 92.30953024579044 91.19216752718829 89.832068388218 88.95652194087094 88.18993736885925 87.47765004968021 87.32617241212786 87.39306123326536 87.8642204517419 88.52143852101638 89.34396144833937 90.29748771453644 90.82323921945482 91.58487543548662 92.72018065109415 93.54099841753339 93.63159996195863 93.38255081548901 93.25043721963479 93.2220544138858 93.62607252406778 93.32835673510368 92.2646419130412 91.17564273196592 89.87114477960239 88.43746795617392 87.33912591653566 87.13877258901024 87.56600652842798 88.36945345363368 89.33967505611908 90.30867038038282
80.65128008465457 80.56692872171473 80.93843283886537 81.6613144914823 82.66180571544686 83.09047041132922 83.19795556622678 82.8738872868846 82.34909849183158 81.74492998872276 81.06294635423882 81.50966970896394 82.48672946384735 83.76567193049375 85.3936892398585 86.39463600571183 87.3349098006297 87.85182706335664 87.97847152718745 88.02762363386965 87.80508558870993 87.63326862282095 87.53253598885985 86.88141509407066 85.56604369476736 84.2176991034296 83.02158685578698 82.16629521681813 81.62198248683359 83.40718998312464 85.58795899764968 86.2992553289296 85.92405168333303 84.79835446800509 84.3614135575622 84.9000184793645 85.80249023044406 86.34255844372535 86.54035033357373 86.40559973959223 86.4532639402176 86.86154970050941 87.27123597232293 87.34814317222549 86.77117141513703 85.85952853071379 84.798536171313 83.8501826989522 83.13833705471487 82.70742418254386 82.87378306510607 83.45353994687801 84.41014369973796 85.13364508601775
86.77103470717441 86.45474004189678 86.78224657612635 87.17387551281824 88.08012024920019 88.67388299410743 88.67711648405403 88.41200590906708 87.86318881598629 87.15011415847088 86.82963838529352 86.25616506625278 85.63183874516211 85.21647223170679 84.63015538912015 83.81676196750108 82.99528990754368 82.59874752731811 82.54819304525759 82.64651999072304 83.10803331690344 83.41734279673499 83.76842404892925 84.07777403727046 84.42884829485891 84.78489919046523 85.69015184954699 87.76099754403562 90.03665666258465 90.30508377134878 92.88286431376258 91.28574689476314 88.61386236572443 86.09887803887409 83.73769788539776 81.29772936091399 78.69353444237082 78.54592288599028 78.87402597829477 78.84952139631825 78.89384734421606 79.18489549143459 79.72293811701201 79.96698146817397 79.86465399172417 79.53321673510659 79.14956983726525 78.27888638941414 77.36366084590432 76.91388795258727 76.66625372794294 76.94221945666884 77.71949449761848 78.29011262148974
91.43522593110063 90.72107715457777 90.60923662045919 90.71567124520911 91.33751472841777 92.1456938397038 92.44591959418656 92.40342964404435 91.90983604331416 91.55907656268249 91.00468237895102 90.40713225243726 89.94089297750567 89.23659454789238 88.48346994112799 88.02897941545956 87.7181174283986 87.44713095947856 87.70310945666871 88.0326912481837 88.79346910503763 89.41680771835097 90.25298536112199 91.25075158351237 93.26023899101082 94.29969920452001 94.42659821517721 94.19534474272641 93.56479914966515 92.6124977416533 91.3372898681469 89.66942525605317 87.55969359541137 85.30195302971056 82.74329284032048 79.99874335843553 77.14633256761743 74.18560873966675 71.22065802972546 69.10920781181993 69.26398332846024 69.34600264154044 69.64702877721328 70.1738075318368 70.93968902587859 71.43631639641961 70.86343066758671 70.02123619977088 69.06910999899729 68.14758297977592 67.99855753568541 68.17087724691385 68.77257105443864 69.47426067923635
94.29063973917795 93.28859883890325 92.64249741580296 92.90128961952563 93.58889597612135 94.87188188450958 95.22557108951293 94.9326743252815 94.56244040212844 94.09590388958647 93.83247625141183 93.31460059351149 93.10477895259737 92.86960063264081 92.81797117397653 93.01520448792461 93.37298962337876 93.63941623926461 94.29924326112526 95.03661549328184 95.57546858362252 96.53725284104422 96.82076822106393 96.43587063061587 95.68398814498367 94.90047711877421 93.46279959905652 91.77878105339103 90.14462499725961 88.51291738091831 86.99863848807713 86.42739933674696 84.20826573263223 82.38206930506871 80.23899951063304 77.56777238947187 75.31763208513769 73.03936178719435 68.30505113339615 65.23893244154981 62.95083626762318 58.2225364341591 58.20606466571102 58.74741978369138 59.11036415472589 59.02717562485945 58.96924843535574 58.61751401219596 58.1959841002593 57.72161647107632 57.24005940817897 57.26589089346991 57.48121357040161 58.36050038109812
96.17236471318164 95.51887648398845 95.07092751341618 95.48572581846324 96.16992399970007 97.5707803512411 97.93945240787643 97.44926642089827 97.17489479826715 96.76041825352787 96.53322018504149 96.04609907612085 96.14466120245781 96.09810287331389 96.38861843121715 96.92800275355236 97.58143971189651 98.1335068461711 98.3095149099549 97.73202014246952 96.91044533247971 97.44984500952785 95.47070698868916 93.86150212806496 92.59953940046323 93.19846970340834 91.26357327127832 88.6246852221775 86.11487498408297 83.72827005498426 81.42983874511232 79.45328898720295 81.35604605792997 78.69846314428459 72.60299539328608 71.00928036512745 68.48937364324726 64.95032329687685 61.28962486891331 64.28171229058113 60.38968003038998 56.3554367218487 52.31702748097654 48.58815353340312 47.5908713302267 48.04361279767555 47.09637578096012 46.15502625282684 45.80566609722985 46.10641880015859 46.28853865812403 46.62100797923715 47.10655883900305 47.6321386409898
98.41875332147146 98.01882479824003 97.71239730319402 98.23088063576259 98.80827831488912 99.76772826242156 100.8434986496673 100.5528319094119 100.2497467301446 99.8049093829087 99.38834270339281 98.95807498214566 97.80019347803517 96.59852828786443 95.81675906987711 94.98412183032912 95.76330243077068 94.8903586664772 98.6419854573407 97.36552956910343 95.28760606750062 93.26030911435221 92.1144863207889 89.36784749900735 86.83418289316322 84.65401075292527 89.81604389670981 86.93061796251946 83.729852598242 80.1684500231225 76.30596823593088 72.70564121751828 69.02346568768637 64.99911750245609 69.29858767210182 65.70374050813622 61.28310264130968 57.00129387580238 52.39762252491867 49.46272529646457 50.06179663237364 50.54489553259158 50.59883364482136 50.42655968070297 50.1358587122383 49.91109679665661 49.9747243619384 50.18423705688031 50.41494622926294 50.60009945295341 50.63651625411165 50.82720633161821 51.23788980414057 51.75206127894006
102.0107512884204 101.6762963519766 100.7852700967148 100.8781170301301 99.68690598607377 100.095801419018 99.8323606231793 102.2331450736067 101.0941090865015 97.27707722162769 97.30450619121977 95.59875642781573 97.52970380102491 94.93420542075374 92.19037525334649 90.06547137320386 88.38179501004845 85.91036252468879 83.39093298407967 80.85139404502279 80.14976902449793 87.17723885453086 83.69655199504308 79.77372539588181 75.70533028239986 71.36110213245625 77.94490918541695 73.88785211818691 69.35256136432774 66.50699216452618 66.55410092055389 67.05515135787583 66.8410269838831 65.10602915413959 62.51537824157582 61.71382308401894 60.81151709739861 60.72915303800573 60.00258576534943 59.84885689748477 58.41100905512006 56.16562076627012 54.52196179170557 53.25128621645139 52.87211133953513 52.66920509381358 52.60578794235557 52.38445529638025 52.46227874370911 52.44048983038746 52.63931684504219 52.99542056196921 53.40235184840539 53.80602263868302
94.62863497300711 101.8120866202851 98.42733701272785 97.35234510976835 94.50976627324265 91.59250374669709 88.26116992313618 94.2235456053595 95.81148935528414 92.35147211225134 88.51423050497132 84.40695075352788 80.93381400301975 77.17355576216353 72.83245598967558 83.35043101194358 79.86656013273864 75.7764275816303 72.60744626467515 73.09716591381732 72.96528734216278 71.86908978963898 70.74591429342833 69.64186780751669 69.46107914304446 69.91037489809605 70.47384009034805 70.45210920834249 69.34005163795871 68.77706596661605 68.81557370180788 68.9977521828018 68.67466167405787 67.29897529453881 65.86083944403633 65.7067373777991 66.07117345662211 66.7957968265243 66.30876930696029 65.56182879980737 63.62518946748547 61.75327162954601 60.12584120494689 58.589954393719 56.53203436036972 55.31681042232451 54.42382073341015 54.21092171578332 54.17338413637729 53.59000963336524 52.83245190265196 53.49996242115908 54.01139755122195 54.484999647098
83.57162801785442 79.40235246366504 75.35976921982667 85.98666688458088 82.12102248285849 77.80751886053002 73.81976105479038 74.36767860909276 74.82069523408103 74.7350631101303 74.13972836717997 73.31198935433927 72.73600835189251 72.41997267441991 72.31059263479798 72.12868350722752 72.08836931902144 72.23237767440389 72.29323657480622 72.49797567081673 72.56481844641777 72.26059315451289 71.88898306455044 71.47817214916739 71.20329968223008 71.12904866728101 71.39634590367842 71.31184834201926 70.76138821695405 70.36115823069738 70.14451258787052 69.88370697149782 69.71388214806063 69.03467161227655 68.33893258149239 68.40928389000339 68.43520604916779 68.14129016573922 67.06331174545164 66.44652295645334 65.78982228943504 65.10443839986347 63.35566946364925 61.44199266276228 59.20512715137678 57.59207387530553 56.88162409329425 56.2337292626812 55.49176445591245 54.59135490901651 53.8819838053105 53.64759958602903 53.30921243191135 53.16176964252083
71.52619207322952 71.35367620910525 71.47044399415591 71.74180474024432 72.26129216979771 72.61216435463101 72.89628821538047 73.48755383422161 74.37445537591229 74.70677821220386 74.06447040266384 73.35546799709661 73.14568729036924 73.06674760160374 72.70895195560138 71.9590972356435 71.45523551577769 71.31347359480407 71.33361186626557 71.29225935404895 71.53702278276207 71.78446972764536 72.0815462551703 72.03612462758427 71.65195359260467 71.28021833835891 71.58362932856126 71.56715968272864 71.19662318458424 71.08823512718969 70.86215922580679 70.22195379031987 69.66928968743871 69.8619525959453 69.98774624845072 69.84712478525994 69.71463808141174 68.35293697286134 66.32914991569739 65.57683410591991 65.22281535673068 65.06617250562347 63.89344467466593 62.65453193943627 60.12776352780909 58.07183222898781 56.98850919276126 56.58400468564086 56.74940594378307 55.15063436115828 53.91330523147469 53.30141385319597 52.8825354155265 52.61861749434437
70.03178990852884 69.89421012874503 69.96192919659653 70.07652800314347 70.42508945493131 70.69897199270966 70.98698364122551 71.61155233479263 72.52847387161634 73.07885940856647 72.63908360486883 72.48931613885679 72.73064773077617 72.85466340647635 72.55807292145423 71.75419979626534 71.01108795815469 70.42830218595483 69.93133016096655 69.61231652343271 69.81249288986683 70.59604139291632 71.32136561948248 71.85788467332897 72.03731188202326 71.97812437491041 71.52753713708151 71.09182366456854 70.32076967072187 69.94639644572632 70.35678756260593 70.12440357128121 70.44849782673833 70.38574781834429 71.59141390108903 72.14708697664001 71.7608840917453 71.01259699790558 69.33546198153111 66.250441074089 64.73750405324932 64.83575977319006 65.56009633240883 64.45081101310858 63.25628968141574 59.9271112540672 58.15643004129299 56.20880256493743 54.61378947754486 57.34266992148979 55.4092821661448 53.86877721483199 52.06878376319654 49.73079205789752
