benchmarks/avaHockeySmallNullTest/release1HS_ea20151544_C_M_null_dfa_pft.asc
ncols        1001
nrows        401
xllcorner    997.500000000000
yllcorner    -5002.500000000000
cellsize     5.000000000000
NODATA_value nan
[rows 189 to 209 of 401, columns 343 to 391 of 1001]
1.3710405600182622443 1.3572573912162408938 1.3454686788444312207 1.3479542065727494471 1.3253719766488623044 1.308513858477372338 1.3490467687394076535 1.3397120074630981534 1.3515222141493921093 1.3220884472083411776 1.3414601214164447729 1.3287953362886011366 1.3298968655468192956 1.349653799845952129 1.3405862841045195211 1.3445002363744715801 1.3176329713118646314 1.3396622549603758312 1.3107113913691326168 1.2976358226634763238 1.3049778709336197213 1.2989383303704169492 1.298615126627754135 1.2687677330350159988 1.2561806014005068022 1.2512282990541088168 1.2699668102434202854 1.2521108924747490487 1.2744656560404619139 1.2276711067334247218 1.2191885304857883465 1.2028373825044953449 1.1755666299401419383 1.1910273360939978016 1.1610474578195317807 1.1740909619796513486 1.1674998504856353154 1.1850724746785470387 1.1910263204065989484 1.1927237543555022636 1.2524716110458296026 1.2509688535564633671 1.2784659463393537315 1.2779348403309320759 1.2685097351899707885 1.2373595889509858559 1.214516669308522312 1.2065534832645194996 1.2093293837857532758
1.4570231314824915181 1.4418571305571066254 1.4293164498771504523 1.4256561499972244533 1.4081593133469294532 1.4057160070103420502 1.3863314928624856925 1.3775185856447138555 1.371042601963622598 1.3639039230147826931 1.3564132446161616397 1.3429231486595167855 1.3380559348070450998 1.3278119014590668012 1.3152504473069894786 1.313947830561925656 1.3004202096048185222 1.2928054036094109858 1.3012188377767213154 1.2868549071484767232 1.28163865900567564 1.3006355177884718621 1.2886730240342816334 1.2867375726010372716 1.2967189493748154661 1.2761342381097586784 1.3083736028233377002 1.3198885006600051817 1.3261570804598856732 1.3345943717244472815 1.3281102547260519309 1.3068346556711385453 1.3288500978360120452 1.295914980123815452 1.2886220251842512852 1.2784899779228704464 1.2737508441803708781 1.2695051250370779083 1.2582513426413803881 1.2637261516843938391 1.2518640022168023851 1.2817042371801106171 1.2983932898062762185 1.308660217722389385 1.3179333626564395665 1.2869972054090133007 1.2667805124561402064 1.2376985869333734236 1.2212158076418291319
1.4965933134931102 1.4884675948906254117 1.4734079156237234187 1.4661215987632236768 1.4696309954063946357 1.4699374695922291512 1.4611887384311323945 1.4566487850246188085 1.4386819185574672986 1.4276412973857204314 1.4396464121727268193 1.4527836243967187091 1.4448099278069177487 1.4254077810352991929 1.4066697212814969209 1.3844733299236422486 1.3640543472835633398 1.3430336784975858144 1.3152453954213161325 1.3008063732930938983 1.3059333595670925554 1.2747678923137373275 1.2639758766174771232 1.2469669171986021983 1.2286062136331892258 1.2127853634069820643 1.2126797882290039077 1.2392924529059983207 1.2525163338335252305 1.2781905314885566582 1.322360091705034435 1.3636713039099512823 1.3555120795924415766 1.3319899138057551546 1.3491891207688015974 1.3680427740302048001 1.3742975241074966153 1.3603634785626932402 1.3704792714693507794 1.3796670142019440419 1.3599706223048846354 1.3221958356446044114 1.2824163127759271585 1.299892738623545263 1.292358616055835574 1.3123871704752172462 1.2836278283740187867 1.2521777335908927942 1.2357289061420029253
1.6015797989582722938 1.5749456420698548786 1.5478560447395068866 1.5496458224227773748 1.5533219413614445248 1.5478050123602840049 1.5737556153202776343 1.5834315747433960198 1.5702326483416786385 1.5326804645786076264 1.4954365092695443007 1.4914587825510794428 1.4822520787356803229 1.4694278049029165789 1.471990322290603892 1.4692761136327188165 1.4626531581928527981 1.4614349573879152899 1.4460710008890160783 1.4178120968739902352 1.4309801652847835562 1.4424515386836338493 1.4280642591704952871 1.4082835926901697832 1.3942640582935417193 1.4197833227526555078 1.4330601736071781893 1.4149918775575001106 1.4002967687948273401 1.4327732940082380519 1.4641294458125442279 1.4631885140848295279 1.4821334790049502939 1.4970818121028526271 1.5102645224423578707 1.4963313585485595869 1.4799189404110719703 1.4683804440909649092 1.4448876784203725787 1.4118864972173199579 1.3729748087243220933 1.3571499537695148607 1.3667186534489175198 1.3849327583034674038 1.4112698079157219855 1.4318657077188812199 1.4597505254090517024 1.4675781788654642668 1.4501984810950525606
1.7118322990767957936 1.7065325883623889691 1.7203328223105005534 1.700271914408166829 1.6685974093534170493 1.6898290380599141347 1.7078210071551669369 1.7348178045226878563 1.7579652011076896123 1.7384799355931019882 1.710341865563138386 1.7291356172365148769 1.7486351411066403116 1.7392603078302184549 1.6948613218450807594 1.6605677494689845553 1.6486397608973619722 1.6302471140629160029 1.6267838055226608862 1.6222906891808404062 1.6158771791782347016 1.6071220607496476962 1.6086590427412821303 1.6422834689974168398 1.6467051451688397012 1.6680106806202741332 1.6609663293410970031 1.6420852325460228993 1.6665920049021707428 1.6642289726117878157 1.6441629220941966771 1.6186595556936904661 1.6174932340329282177 1.6169543062185054438 1.6340412730368871763 1.6425340227456290965 1.6290635600571519159 1.5952343712695018496 1.5812026034269583974 1.5842667328420727557 1.6093721466532973086 1.6269441442781231721 1.6274005687153816346 1.618913454484919745 1.6039408457885218073 1.5742120149011202823 1.521332944286760025 1.5082270878906571809 1.5032156720745359912
1.7768777056056748176 1.7494920820525745597 1.7715258916677447676 1.7556525197561432261 1.7240345689974039267 1.7159592670827648053 1.7318634355401507641 1.7377442461417480501 1.7191948539179149336 1.7501883814091516722 1.7487956046066470694 1.7235232417257271287 1.7650938815530738957 1.771125081023555925 1.7398697178161901533 1.7513678990801806457 1.7374321252409676841 1.7099458638590039339 1.7215976086902453623 1.7089986140011945714 1.6961157353625826438 1.7393157492019466481 1.7637032874128091287 1.7592596293814521946 1.7292191515887458397 1.7353495280789965616 1.7122679989567994863 1.7225028750898216945 1.7209007529680626636 1.7022485748672318007 1.6876060290287864252 1.6739474989860978482 1.6512366679096865951 1.6673129116987368548 1.6814726069487349047 1.717700865488794415 1.7543771008076678442 1.7635772271077412299 1.7437447962462473416 1.7302928230062983861 1.7033467047717201215 1.6902519620020479696 1.7134907823767231427 1.7052835620462452049 1.6773775809011839399 1.6748556545150239394 1.6520842592587867692 1.6295381574829324034 1.6175948213730748648
1.792256730632714401 1.7989353273743571293 1.823131685154957049 1.8226027348788325089 1.8031037428759233432 1.8203348346148022774 1.8202774097177107926 1.8050036401379767614 1.8307876110178635809 1.832224314312480562 1.7991805392949165032 1.7723818739204353356 1.7685727018088452933 1.7603182761034164017 1.7440602157819338203 1.7551121111965597432 1.770256638892329315 1.7462872362625485589 1.7479273876670313737 1.7709602969205966438 1.7918841874811328729 1.8295488101244601342 1.8380400841652475563 1.8218909409114225628 1.8318864234397123081 1.8290517033516702217 1.839399025319099712 1.8461277732480265712 1.8142861569129635768 1.7971838324080458005 1.7925693666028206241 1.7744039124842445609 1.7678927980723508906 1.7752679331339749069 1.7681955028226008508 1.8155479206015237015 1.820790140674996449 1.7834281847291262313 1.7720473065043349514 1.7858124371880503833 1.7819651378674903341 1.7899322848123229157 1.8096601710798601026 1.7949027063004576732 1.8188190070501837337 1.8360568118568258988 1.8227125461951567686 1.838701500392240229 1.8403635899655939046
1.7467549433852143093 1.7318456557836430232 1.7546543689983298275 1.7734558423663091542 1.773577038894603275 1.8003731277285872636 1.8082496240780507879 1.7937168840504067457 1.7876776352723904306 1.8245519446112841155 1.8203134398606157784 1.8024957790878970432 1.8285555260764698726 1.8246911897762727595 1.8098980604623853274 1.8463218839639212732 1.8656177131992854878 1.8580478749634090629 1.9064002423346109172 1.9274931819601488492 1.9066678670617411839 1.940686461590474865 1.9238091650222666207 1.8778828732448031857 1.8835816157270968141 1.8957937624814860111 1.8844520775600792639 1.8819969727029679518 1.8869367641604497532 1.8588302436098984582 1.8854700183298687133 1.8925442549134274817 1.8423862348973460978 1.8717311835799932407 1.8789516970271751273 1.8884811051972940632 1.9036258660321518921 1.8962164179938769681 1.885628008783215348 1.9088304974938983261 1.9109861852302829632 1.8947216190032238892 1.895884945593855786 1.8885602302549868714 1.8957236247276216812 1.9308750990536864833 1.9111449617978137905 1.9014496270566549896 1.9310200221609012949
1.7849576240113553816 1.7856226866731312874 1.8137957021694923743 1.8650173252415278569 1.8845988575100678375 1.8583070759106496972 1.8586439521912658801 1.8637636437854319116 1.8446156939221460824 1.8957058277215907971 1.9191567553115138622 1.9077366316573041161 1.88194173308294177 1.9144788923321482965 1.9081367101187671764 1.9157890117330862445 1.947522144791463683 1.9229100643726946274 1.8965416089359079521 1.9423299084260952085 1.9421315988984946266 1.9166561352652122796 1.931528181822317114 1.8996128735677910715 1.8683628529273004215 1.890005274280226466 1.9108654448589801333 1.8920289753665913146 1.9400367695819327185 1.9512632488675858422 1.9037033814908754792 1.9018090094495925246 1.8801316726258143763 1.8520687801722137689 1.8997168723078863284 1.936167647170508932 1.9211538913457013589 1.9458435020118827197 1.9561197820183175988 1.9779817314046379551 2.0268362235491581558 2.0161599864145038907 1.9824689160103985408 2.0032129994582223986 2.0015111454301619531 1.9662614381430314481 1.9903864622029763254 1.9940052819068108114 2.0014487121356721033
1.8143948849525928235 1.823559692332229254 1.8345894837434861824 1.8856333820224462361 1.9066564715093445859 1.8920748945574330513 1.8933117471764089323 1.9238464366270404682 1.9060963035929052722 1.8888591589241894297 1.9063290680696181045 1.9378904018772622475 1.9415179616575521937 1.9228230154017293962 1.9573692517607403918 1.947441736049380312 1.9129835887574802022 1.9334749782177778066 1.9291157942010110915 1.9153534891875341195 1.9137341132583467473 1.9486255803289282973 1.9415283234916163035 1.8957910028114324241 1.9268857953727087651 1.9531189977293108573 1.9289428743785774767 1.979374003484810407 1.9877604782806079786 1.9775570796849661903 1.9863115173953136416 1.9401961564218477285 1.9096885800799383581 1.9382244911584278757 1.9519494451101522259 1.9517517168025391161 1.9726850206406407739 1.9588075601245205082 1.9257679211131224495 1.968356032918631815 1.9644479353947053024 1.9257916559937637846 1.9274618839706978424 1.9248628014345530168 1.8991117235202965574 1.9208169151200202851 1.8832837793529100257 1.8973771696723760183 1.9574405204394191848
1.8331797343760609653 1.8332144819268185731 1.856446310420843071 1.8789785975506980709 1.8697416162752480417 1.8384450798303024754 1.8518863464029562405 1.8521822157367486827 1.8316768146615860502 1.8290658192729354337 1.8426969649752658054 1.8421003892092495668 1.8275713319900273035 1.8535312145069930967 1.8740224173801323104 1.8616719088718112207 1.8416328647485107339 1.868543885434201135 1.8697690175931258594 1.8581832534986337802 1.8801303007810321599 1.9150761623824195112 1.9028774935957717407 1.8771768187206243628 1.9065061111972561037 1.9114112360749837549 1.8977310683652197643 1.9401912033350223741 1.9403160456503985021 1.9222039963627974846 1.9447394486757065835 1.9212195323862357732 1.8822782734908864999 1.9161352645696254626 1.9388535487890903308 1.9140139032066247893 1.9285455503172947989 1.9287295943070972282 1.8949905180403074922 1.9228011211347331155 1.9003757800838327885 1.8820140668544154128 1.9306164979160798101 1.9273925305750718717 1.8632313618230613717 1.8742156903610600605 1.8643243528826143329 1.8298229721032761574 1.8677851441936019761
1.8469125517670135217 1.8830775416863259064 1.9061860647361719145 1.9234674899878010379 1.9175908214761927528 1.9045620679448402868 1.9151314773162251281 1.8947492331257800302 1.8765216318293926889 1.8670290697163440807 1.8650377092711094562 1.8540639960887266291 1.8376441881315759286 1.8225252650819225853 1.8506232105224460494 1.8668372214989241709 1.8643189890105302808 1.8629486043136835871 1.8737728467165561952 1.8633507880650694855 1.8469709903635906922 1.9028248426639944313 1.9127999059795290915 1.8614601356275248811 1.8332001623431017912 1.8311529652953808522 1.8275863656772004529 1.8104103871851173757 1.8410026799052114921 1.8512411546436711163 1.8292440136169951792 1.8573609388095142503 1.8628442193231737889 1.8289275486404206195 1.87004142469754564 1.8587226817431350412 1.8313810204197971121 1.84607835092057182 1.8363021251732216665 1.8138785492227886831 1.79291690990111241 1.8219020587483116813 1.8167585573905380425 1.8026313349618421356 1.7982942696912460612 1.7602249700709835523 1.7214292050744992579 1.7255424463615485209 1.7219332308445121082
1.7665389018941981547 1.7855303638209347739 1.7864614782119656589 1.775009276456705809 1.759855935606877031 1.7745939999201600923 1.7657730592354148325 1.7418219946146205057 1.7507511189014064446 1.760187001139420504 1.7562784972265206296 1.7551937929850331965 1.7817106762398540187 1.7916273236830009274 1.7838841188527687631 1.8014448917067358291 1.8262187816835311338 1.8409217050732802345 1.831555096033653518 1.8374008956905867329 1.8464674635793463242 1.8313538759079575069 1.8010826442774952039 1.7665596308912610013 1.7380879338025874148 1.7141884314264597133 1.7187830827138832479 1.7144303436007268804 1.6944511022060066985 1.6922060665263725099 1.691536437012212124 1.7020815849806785192 1.7128653503561801497 1.7477440385640050646 1.7538523221110942085 1.7338277245869395671 1.7566880641077127212 1.7590553627909346623 1.7397559213599009809 1.7393421197950258428 1.7613715741991275987 1.75615339786646385 1.7693509861770151392 1.7753411408982100461 1.7518401442894069309 1.7321642549395768196 1.7360899355598451432 1.7311283995084021381 1.7373673764759394178
1.6351311651232938171 1.6478468534589194583 1.639049395397729203 1.6192761304160885327 1.6004856996128520308 1.6005344841889068697 1.5993477850169870447 1.5801176875953211187 1.5599565829465975586 1.5713732919762619655 1.5694034296736303347 1.5640391536075488599 1.5529577579965447853 1.5557427721828775979 1.5548333710952013664 1.5967615359676599063 1.6330493079986976301 1.6592211982334097442 1.6676686180372441992 1.7047699746454281211 1.7122749978566522699 1.705297817956343609 1.7104383760964225747 1.6942623287335927262 1.6615968622464221127 1.6426978046380149578 1.6339039680928097997 1.6130190933428554256 1.5855958835136998442 1.6091574541899804629 1.6176699868660739945 1.5999234297735378529 1.5802013734335045303 1.5672040115548133699 1.5998477984327414969 1.6131488344155962 1.6020781212380614811 1.6252532432282138508 1.6284189427790540794 1.6336728553534849429 1.6296035638063315343 1.6278832812477406211 1.6382210990011223384 1.6414625831316289606 1.6717470764818711526 1.6718046919977758158 1.6543264971776658889 1.6296115445662811005 1.6405650814211574229
1.373141283090183018 1.3695537642627049202 1.3952697707963719331 1.4301206152717911291 1.4321650932838088099 1.4084111223520776601 1.4095596264619580928 1.4108879330097627847 1.408028584578770781 1.3972239091201223982 1.3632301835608604534 1.3604069149108701797 1.380504199986359426 1.3751246994291586034 1.3584055657569482634 1.3536956146880738672 1.3904944087849937517 1.387949818672823854 1.3452711465844462424 1.3013332391338467975 1.3224664903291210027 1.3447217100469084361 1.3912472871905909866 1.4056056860653145524 1.4025266232393627241 1.404707770202226369 1.3974310132137168772 1.4166272894555871353 1.4139589940188312944 1.4185820332295038249 1.4198407696012576018 1.4073043231238444584 1.3809477077804630518 1.4372494967353950379 1.4457441970971112166 1.425548126800932236 1.3862918909965942227 1.3870574185105526421 1.3822292066010777312 1.3849645546687499031 1.3912175430286699562 1.4056063607998872111 1.4227689070484834666 1.4168338245978873147 1.4249485202593892286 1.4301480370867551972 1.4576194776606974379 1.4513603158934766935 1.4261408299872966321
1.1557156559561450049 1.1313123567290901406 1.1251581801869494637 1.1008840475902785805 1.102685743423844178 1.1177879802588424063 1.0892102297699128854 1.047940916690384805 1.0750849025373798717 1.0983224572192116231 1.0922815223577233557 1.1032607778924081732 1.09822268343120788 1.1000166810022022901 1.0462491130935180905 1.0345849575203158732 1.0678330284102817149 1.0772682878470491996 1.0652377220876387831 1.0565177067702264946 1.1144970145924537608 1.0932904630852793293 1.0570000714341991621 1.0370898101810592795 1.0019759454355980921 1.0148618649856209206 1.0507772354474114174 1.0952220198871756018 1.1024128759644125086 1.0616126088275605888 1.054068136339947781 1.047577875542945014 1.0736573782492253581 1.0505264782474734719 1.0601460718230080182 1.0458860213950242901 1.0529712317462385229 1.0854433579516624686 1.1098621802538555237 1.1097617361377121181 1.0772306808708560499 1.0854888697409754705 1.0773649394583089123 1.0826484847649362475 1.1247460876198722701 1.1147160310631574198 1.0873124869245862634 1.0894687164058596274 1.1104039664819760347
1.3229429303457487244 1.3460369056896914763 1.3364216211624275754 1.3437859528635884843 1.3347353470684586441 1.2993000720679110938 1.2632117657833517033 1.2584894904165604412 1.2328307990250826354 1.1676850089101329377 1.097048481253848573 1.0295019838890087094 0.97758667438477730993 0.94428138953115836607 0.89836723942518215136 0.8727797538131147892 0.84610978748784371195 0.80840470295822264291 0.78797775095897448772 0.8061128892083826436 0.81002398553151133687 0.82088029287841013382 0.83712978334604548625 0.83286178001014832262 0.882557977513179992 0.88599837475520448749 0.87884794336496740996 0.87145986491797200468 0.86119371115007281592 0.84257619782260362307 0.83521886130251521418 0.82205284943956125066 0.79395027817746444132 0.77820521686256294291 0.7778393548579835004 0.7757634532483248524 0.79493320876418860355 0.8023111288008586417 0.81268009661663631604 0.83118717898772476183 0.85616193104797011504 0.86181462162680233519 0.86051543004362374134 0.87538647866709007328 0.89971370052457810829 0.91298058407929227887 0.89661758709126859745 0.8759482904892084143 0.89434641309220919148
1.4949688627286452647 1.475365887163983869 1.4423884555170196631 1.3972508425271419341 1.3616014459440095585 1.3112183683466587247 1.2499164324745581922 1.1849244817728539214 1.1220911663125565649 1.0695328070662299957 1.0244216645518089415 0.97974805309135637454 0.96266019506841582487 0.94800051290612930011 0.93526427530090694429 0.93351763035934154367 0.99489756602102219496 1.0372839192527845142 1.0574049617223970632 1.0673125620261798563 1.0714090067599781886 1.0614988669405074351 1.0762779774272070998 1.0513577315219522212 1.0544823884922021051 0.994158961106237693 0.99543771811654269133 0.98378126504459528778 0.96017882882488259089 0.95930317877303850072 0.94782323285060632312 0.92627774471611823426 0.95468344700139740056 0.95819336935471655092 0.98415871721995273891 1.0008314651559357955 1.0001337268050654039 0.99169347831955023675 1.012141575709600172 0.99915846151055776048 1.0242360626690867331 1.0408904771747622409 1.0236772994970113615 1.007390599694384381 1.0262296416935658971 1.0343371866234150058 1.0200160001969842405 1.0393850818720575813 1.0310813100222391281
1.4732130929628626248 1.4181173458153155664 1.3536284551824322442 1.2742191908269040468 1.2049065528818496684 1.1871380640516089322 1.1819856827043657699 1.1644249738867658017 1.1669076224471592873 1.1509824708184976938 1.1762182995177250522 1.209793803087332309 1.1740254401983447607 1.1774480218747902516 1.149901988339033565 1.1337215989880835565 1.1297008293155483827 1.1482416563183983627 1.1195730730190789348 1.1529793329094892851 1.127353191646518038 1.1498726558645362417 1.1106888191097383789 1.0985018326517197451 1.0891074116094925373 1.0887571026716145184 1.0940162430039839236 1.087270133256657445 1.0957360335646211258 1.1438247743414977631 1.1336215339466886309 1.1440031952081695099 1.1231336954924711069 1.1021014057035432021 1.1115886715357039538 1.1335074348938807276 1.1095341335750787959 1.1194913858192001577 1.0902354207216904403 1.1039255588374545791 1.1181396072906724104 1.1046365224345480183 1.1191021661044293634 1.0856430329050732464 1.0831314493101831253 1.0678777119502438353 1.0669482984149050164 1.0654955271403079298 1.0711243797026646085
1.3387654746589092714 1.348434918919283465 1.360069895662654238 1.3155962874614497427 1.3214229649801711997 1.3185824470878508841 1.3302109717452879067 1.312190635514025594 1.3253419200885352414 1.3222782866031779214 1.315650844507759043 1.3025153614936446633 1.2762334906379293464 1.2546870353139965015 1.238451035214797491 1.2233179500351223368 1.2363577776038952027 1.2532744559577460031 1.237855734883401615 1.2261640892845802053 1.2200214734501169112 1.2255155697706801021 1.2229548243884873493 1.243884481556405408 1.2469428790086001246 1.2432585181072188796 1.2587995106534677348 1.2628762406681577346 1.2741661179928127634 1.2857947225091310717 1.2420543113928730339 1.2438707722393971267 1.208648394008184912 1.2319428633026174857 1.2201885754957457753 1.2219771322084143073 1.2218581752261410411 1.2023763010629573422 1.2074925715479627453 1.1701060086291830142 1.1719733156818217257 1.1684472087546280417 1.1923813161861500642 1.2066372154350892831 1.2061768056515724812 1.2135535851569088095 1.1836232913668502942 1.1750293517451293468 1.1446726714789088319
1.4791063066052418939 1.4399220624916806432 1.4490003675665237282 1.4460152048495726884 1.4261590873236864585 1.4004652944073410215 1.4025074695446453354 1.4068009170742874492 1.4035745380572617336 1.3975589671797257196 1.3734604015850553349 1.351597977743899337 1.2953004811654917905 1.2644941470583377363 1.2672354021009128999 1.2623670334117917946 1.2916339967520393817 1.301396175824874879 1.3332337026101073185 1.3568732747708287523 1.3616966105350303273 1.3580269133930829017 1.3457101780802203095 1.3564633866131976525 1.369259900981023792 1.3600397653332627623 1.3720613907630523354 1.3516107389398521743 1.3690370139710956732 1.3653006679715153915 1.3383448634150172385 1.3356819919210474179 1.3223641368215743874 1.3413537854205224154 1.3488409714716418364 1.3402170335708909477 1.368306231572819387 1.3627664115913773468 1.3533474767816431328 1.3487332404824741161 1.3340753256301696172 1.3351999939416345775 1.2920181510330805974 1.2768346782255670657 1.2990375144639105809 1.266641912410612969 1.2508500279898278063 1.2271157861920636289 1.1983614140014866578
