benchmarks/avaHockeySmallNullTest/release1HS_8bfc07aae5_C_M_null_dfa_pfv.asc
ncols 1001
nrows 401
xllcenter 1000.00
yllcenter -5000.00
cellsize 5.00
nodata_value nan
[rows 192 to 215 of 401, columns 108 to 161 of 1001]
21.9535501663715 21.9902608312824 22.01286666028073 22.04510723029318 22.08624864254938 22.12155916731251 22.14517809908053 22.1731633268448 22.20964876979584 22.2273675709016 22.23753062982833 22.2555743669641 22.27270566211123 22.27382580461885 22.27848907818608 22.29729026433652 22.30790094091784 22.31416016630932 22.32048006697303 22.34153597933591 22.35510524978688 22.37159187456287 22.37264017044441 22.37235157310192 22.36129882455476 22.34768684736663 22.37515442605727 22.69335283936563 22.44064508699921 22.48382928665804 22.56114999811881 22.55992073185161 22.60906907361428 22.65703431688103 22.7038782703135 22.74353769340946 22.78742333782781 22.8576238983291 22.90208757258779 22.95132333543578 22.98488055923311 23.03716870724787 23.0848277675474 23.11424977015477 23.14401109266886 23.17550781908729 23.21908984632077 23.27292429888016 23.31077110383596 23.36136154996251 23.41362234784678 23.49473593016657 23.57880932782205 23.66311914284311
22.23601945924609 22.2840327183762 22.32517965852112 22.35965790834841 22.39977182123444 22.43980679107831 22.47181426184523 22.51044837337688 22.54141324456396 22.56341233172137 22.6012531840981 22.63265772607051 22.6507908978923 22.66432615716885 22.68936604852398 22.70496484158089 22.71634541343404 22.71752815456225 22.72704320650393 22.74431762452873 22.74822216198137 22.76150445663707 22.76682298636793 22.77752384464932 22.79436529813351 22.80565950596907 22.83161066892161 22.8552206716421 22.89782908186513 23.09091781517688 22.99762442434622 23.03372463304166 23.07364632598961 23.13686218092497 23.19027071303848 23.23003940510297 23.27424610864036 23.33766021672566 23.39071830808958 23.44538216339117 23.48474012008799 23.54527560198703 23.60234234606897 23.66353601153075 23.71195765901083 23.75784576460561 23.79956217038969 23.86499015109985 23.91644061799397 23.96087207096992 24.00063331775648 24.05214843134424 24.11550339449108 24.18460076744659
22.44354240694904 22.49048276301743 22.53073557570989 22.56844050497015 22.60791569306084 22.64409704779541 22.67419054858472 22.71380368279727 22.75380058646954 22.78477560283913 22.81937430474126 22.84720300654525 22.87046471077624 22.90831099800817 22.93462452560437 22.94924738094375 22.96588328560182 22.98418892286924 22.99697871331404 23.01651042448836 23.02463797021921 23.03601145948699 23.05386535853997 23.07970811439996 23.10601022486294 23.14931868755098 23.18972503733929 23.23200063504273 23.28480268110453 23.34053050519066 23.38295949643171 23.42475677426352 23.48471820977858 23.54058120124328 23.58609500031728 23.62972668440274 23.69044781496232 23.75649972120238 23.8095947298396 23.8505300462857 23.91460142129838 23.97961914872041 24.04160995075675 24.09756516749897 24.14630894546138 24.1999090561056 24.2720386942816 24.33525597557819 24.40027200786718 24.44616278824763 24.48804233360683 24.55048849614247 24.61975607982431 24.677220586831
22.72399037159931 22.74261061831906 22.75132047302412 22.76462274162586 22.77330348841685 22.78827857841496 22.81745380300291 22.85269414058767 22.88425573397422 22.91398649298463 22.95081709953153 22.98772222390788 23.02316604043915 23.05846247067793 23.0941345663911 23.12177026203151 23.14631117529136 23.18293308480909 23.20451553697194 23.22123170730425 23.23162594068679 23.25688659130321 23.28246197075955 23.31058273368036 23.33156190221887 23.37036407335311 23.42436378122475 23.48367891666502 23.52856167818799 23.56680009769586 23.63854175613468 23.69207591904644 23.74840435070695 23.79456443710188 23.85716780978786 23.92248817369216 23.9882214652817 24.04922306801181 24.10063987988282 24.17408339050527 24.2469676816476 24.31157729210351 24.37065941907401 24.42699465629266 24.50817379203644 24.58258352875837 24.65037526505592 24.709908277192 24.76724847750586 24.84828438091464 24.92815451993783 24.99232642566722 25.0620697623813 25.11620974547851
22.95689993923628 22.96691056426094 22.97791780877706 22.99920488442424 23.0218012555737 23.03771833323032 23.05553265295331 23.06903355892493 23.08394095116102 23.10672913738779 23.12593463097275 23.14720109881978 23.16463095862587 23.18394237961511 23.20233043111603 23.23356866432767 23.26115108437352 23.28666271219692 23.31193354281064 23.3313759160818 23.35473224696196 23.38836796008891 23.42132065787318 23.46088200634331 23.49448069239579 23.53809085746046 23.57618042253157 23.6246204382054 23.69054175845297 23.74632378666707 23.79910553640688 23.8597763892027 23.93134194010341 23.99850630894617 24.05223230679568 24.10816770658934 24.18398724175496 24.25672465204108 24.32210424429458 24.38390543155884 24.45272514274759 24.53862210964774 24.61654021033172 24.6906164605668 24.75910663291734 24.83623923677807 24.92793078670478 25.01372861853264 25.09227016495483 25.16316950095338 25.23853740147906 25.33030739195154 25.42575561386013 25.51118730049954
23.08755121229671 23.11312942627411 23.12876092541583 23.14510773761567 23.15590156124872 23.16794780279303 23.19165766294763 23.20868408013124 23.23371501057056 23.24721847512928 23.26320075374787 23.2798680641274 23.30250582911141 23.33322284583502 23.35200779286446 23.37528588115424 23.39409647147143 23.41350144295044 23.4435398825946 23.47870703212158 23.50266546197015 23.53778580044307 23.55990585203751 23.58890312837007 23.62304894795477 23.66652506667065 23.70686733123359 23.74739853763959 23.79373819684566 23.83529393224604 23.88145207526462 23.94520898150969 24.02106859648866 24.09437399495491 24.15953738063146 24.21680489092238 24.30123624468276 24.38465136714329 24.46633210986453 24.54119267666463 24.61099916590263 24.71275093418368 24.80680117559025 24.89463991701703 24.96700316580666 25.04822616966946 25.14607212229696 25.24786405895604 25.34037012403957 25.42877814934131 25.51648541041068 25.60728702605603 25.71213829609304 25.81667582717474
23.10676374521703 23.12261975914102 23.13881261461891 23.15429618956033 23.1794838217949 23.20747814665902 23.22516279251232 23.24273840923043 23.25481325328426 23.27693576675491 23.30442092307796 23.31916607842496 23.34043390634516 23.35264972146068 23.37961722347176 23.40367275569774 23.43378265466999 23.45407850977307 23.48044484402997 23.50165759945935 23.52933357375663 23.57262311759859 23.60331799708717 23.63796059036871 23.67110101832319 23.69894296674483 23.74641333539181 23.79494141273617 23.84185738714401 23.89163085950766 23.93060562606256 24.00853763869095 24.08786533948085 24.16073413763158 24.23249249056856 24.32398868404784 24.41172263103326 24.49419071976784 24.57584484491439 24.6652145358513 24.76720107858699 24.86614734143095 24.96241193082892 25.05025798880422 25.13229127550097 25.2406466359896 25.34760955633416 25.45423661692431 25.55370047807887 25.65016882563111 25.74885990366729 25.85024364543964 25.95814015979833 26.06351101270836
23.03870440587264 23.05895310763742 23.0718107374626 23.08354035605144 23.08874284408178 23.10763288068226 23.12298364068347 23.1404203958395 23.15759253576902 23.1728279512859 23.18803724999156 23.20955382223088 23.2384547809076 23.26264168259366 23.28448482298591 23.30252281805275 23.33215495321951 23.36768912040718 23.39253592321483 23.42303846401332 23.44466256590092 23.47729484071332 23.51872916308205 23.55674726677637 23.59288700805046 23.62389598492471 23.68688831308636 23.76492028677498 23.84569015011348 23.92214416660507 24.01322238865497 24.10211497862993 24.19296189238044 24.27978490047874 24.36322284722076 24.45927444745964 24.55528407284147 24.65648903551224 24.75087956467359 24.84796106098039 24.93910018466228 25.03995077565396 25.14556738295101 25.2520562645754 25.35386099181804 25.45634885607744 25.55684149790345 25.65868438386815 25.75327530342986 25.8600546662619 25.97201212994877 26.07810466228635 26.17536901752142 26.27571520079975
22.918993525283 22.95390022087864 22.98796057698035 23.02932539188853 23.06849980947811 23.11462296228832 23.16113592124583 23.19731181662786 23.24098966689845 23.27489886090574 23.30930449672835 23.34101021523474 23.37254633564544 23.40994977117688 23.45025511735271 23.49032009705857 23.54102658934332 23.58402844762838 23.64384285794059 23.69031046270479 23.75081109184886 23.80923634127435 23.85987762713286 23.92141246643227 23.97550306966255 24.03910878214271 24.09585204387841 24.16253738334582 24.22622446790004 24.29645449893709 24.37125921576517 24.45027994407954 24.53414768593458 24.61635298869042 24.70250345896193 24.7838779509178 24.86686121526969 24.94859921852359 25.03223305588998 25.11579360033503 25.19976811680514 25.28789863798873 25.38148004669911 25.47797166571566 25.57660089328556 25.67708152556721 25.77427135235377 25.87619883615208 25.9705244657106 26.06725347071136 26.16018584131848 26.24536714877766 26.32892712392457 26.41216832023685
23.21790499310193 23.25956640197815 23.29507517267871 23.33680809753074 23.38386908618337 23.42872285967327 23.48206838131578 23.52517742252687 23.57810232875932 23.61969680612873 23.67150072289076 23.72459045639575 23.77968112066373 23.84157926838938 23.89617796185761 23.95924131192344 24.01350861436819 24.07096009972579 24.12788527115173 24.17821113874124 24.23662690202832 24.29244946296604 24.36200164401844 24.41694979246653 24.48458679698912 24.54288741587393 24.60944783964288 24.67231446156224 24.7369958919241 24.80316154454686 24.86695349182619 24.93468145283537 24.99546701145555 25.0571275237713 25.11771898724956 25.17390330219652 25.23267760369148 25.29260610282431 25.35483010975498 25.42160221843713 25.48894962493098 25.55555449826009 25.62882449231692 25.70292623501132 25.77975192740682 25.8614049506127 25.94423260751136 26.02974663288195 26.11318848761905 26.19807666319661 26.28500490260436 26.36842753056066 26.45154022105181 26.53316782888511
23.42535006746965 23.47628823540219 23.52457451707659 23.57738055597995 23.63028755009366 23.68227420250599 23.73833365569018 23.78761149108306 23.8432005676347 23.90198898528966 23.96264839816554 24.02246745761074 24.08420635760718 24.14364217767996 24.20217821387787 24.25965334893021 24.31474546988836 24.36664176256472 24.43244939483056 24.49321816802394 24.55805209426603 24.61821201614714 24.68089699591302 24.74106166221125 24.80387431345977 24.86327928839582 24.92485086449433 24.98529524269546 25.0435084210969 25.10305385111687 25.16711900457278 25.22904401598182 25.29043496352285 25.3478424818813 25.40233568579453 25.45388130963275 25.50423147905822 25.55483035799767 25.60353097362233 25.65653660858202 25.71215313118043 25.76597772545733 25.82483362325455 25.88433532935312 25.94421400906443 26.00793923431693 26.07493956587498 26.14327254452035 26.21343021189061 26.28456097210239 26.35873672403164 26.43172895490542 26.50756887880064 26.57909643781228
23.53312927666146 23.59011142865041 23.64826049531848 23.70376526460975 23.76075483131758 23.81749296780074 23.86835975036557 23.92223515467977 23.98382306071591 24.04951140985644 24.10890820592887 24.17195952180368 24.2310889458162 24.29324483523411 24.34956108445006 24.40432154038488 24.46936996149107 24.53759451387998 24.6054797821727 24.67033385245982 24.73298685174581 24.7931359678491 24.85052995133587 24.90797884543817 24.96283437666383 25.02496832380071 25.09137010017551 25.1554830862003 25.21656801938966 25.2723380629757 25.3235018250029 25.37448758038093 25.42022605358228 25.46705785112121 25.50824404887559 25.55358164067337 25.59693173183668 25.65166776696237 25.70530425725349 25.75969196551716 25.81627512181971 25.864119969164 25.91690854648503 25.96635701805989 26.01514509533884 26.06705416722146 26.12266380475733 26.18007263420817 26.24122704721845 26.30468828246069 26.36837679122342 26.43050816730123 26.49993565858893 26.56787166106234
23.569764386833 23.63379096080544 23.68999172643871 23.74949383087282 23.80153864910322 23.85509626720838 23.90751595022282 23.97253301649389 24.0351001017876 24.1002493733378 24.16323260944099 24.22311577192152 24.28267704809317 24.33627691328153 24.4034814557735 24.4688048689936 24.53945268870669 24.5968345355001 24.65946660440743 24.70703264258226 24.75857236398248 24.81402157989835 24.88216841428155 24.94127989343245 25.0008339276661 25.05705628170111 25.1114732573743 25.16149500375699 25.20702701150962 25.24894417173734 25.30170772952716 25.35870725995146 25.41238371922353 25.46074500394275 25.50812563803989 25.55151526610083 25.59399294583639 25.6400422374726 25.68424771962179 25.72592783627255 25.77100362600547 25.81111736802807 25.85296746017931 25.89877667142722 25.9446363933291 25.99160220535262 26.03971122931368 26.09136988179439 26.14083213222349 26.19487478161191 26.24812741516873 26.30567296110132 26.36085330971222 26.41793587833444
23.48725962148084 23.54843758272969 23.60622816464583 23.65824217215996 23.70540709548622 23.77178340594154 23.83252197023349 23.89398145857825 23.95558784715763 24.01143526287395 24.07081517923528 24.12259127761106 24.19439009195522 24.2581720737332 24.31953693891036 24.3788484894645 24.42882385320482 24.47830169011598 24.54007424255706 24.60441888111245 24.66281771399163 24.71610173070165 24.76569154753585 24.80671837780629 24.85416564395443 24.91479043582567 24.97702528249122 25.03173676807651 25.08554359495357 25.13808941979223 25.18609003606402 25.23004193550608 25.26821974385655 25.3170656020303 25.36920915603001 25.41831608533142 25.46846261724235 25.51008425825858 25.55347248951067 25.59202980449868 25.63276985268526 25.67265660205343 25.70423295952379 25.74815951042914 25.78382929928094 25.82381729875485 25.86145469704569 25.90215732023917 25.9518009857271 26.00000210175461 26.04788262397805 26.10074008339301 26.14961506076299 26.20056468319651
23.28061628814858 23.34028563476129 23.39069577027386 23.44952857686909 23.51128170462918 23.57479478762547 23.63046240701914 23.68039456270064 23.73533903814689 23.79899874751623 23.86565528043321 23.92075066884509 23.97617280096097 24.02453554684918 24.08194369529938 24.1506786082334 24.20245582376963 24.26628055086957 24.30710067355403 24.35151967331618 24.4061833540298 24.46901473827641 24.52406731396043 24.57561581726641 24.62635668211855 24.67663732802041 24.71820857457771 24.788049271598 24.8435123599966 24.90105420239873 24.95155730798917 24.98901335899725 25.03117538231223 25.0695287736152 25.10920565109 25.15667390119019 25.20236764617897 25.24784729761822 25.28896901266442 25.32976991955228 25.3698450730866 25.40923504853858 25.44651130358179 25.48080538032183 25.51600765693644 25.54674559018289 25.58136874019161 25.61716296750509 25.65266032027578 25.69477580518328 25.73148573191708 25.77492921028146 25.82438416733825 25.87016056107617
22.9493717476179 23.00727968514189 23.07475954613403 23.13167229873091 23.19043531538797 23.24240666723553 23.29652756960303 23.36694970124422 23.42423384946051 23.47733084666243 23.52323347615438 23.58219979589755 23.64858658145213 23.69851794266859 23.74735327867536 23.79027742785575 23.8558042364084 23.91533686284378 23.97207463833098 24.02393824007162 24.06396060432361 24.11385099117501 24.16986058587915 24.22378607172686 24.27443466121984 24.33086945828484 24.37788147626274 24.42454653747237 24.47995497269596 24.5326012999822 24.58362922030023 24.62212723975495 24.65978731541246 24.69425788301313 24.73360035096042 24.78093831152412 24.83103232116575 24.87527381005936 24.91587498372573 24.9557742966337 24.98969603534271 25.02001391546123 25.04890803400806 25.07227630728677 25.09872055251357 25.12851202353636 25.15652160812804 25.19303438466048 25.22233243088561 25.25918586157454 25.29800131159123 25.33892824374378 25.3791378422925 25.41985536457184
22.56299747016604 22.61324261900589 22.6601553584732 22.72386824132966 22.78508299079888 22.83642008910254 22.88070005956012 22.93731212228561 23.00367486814029 23.05289225690442 23.10194519652472 23.15487859042261 23.21533893915078 23.26407498781195 23.30545369548237 23.34474209821089 23.40153724458517 23.45848792990434 23.51898397662627 23.57175903511263 23.61885377090104 23.66643323900024 23.72771323454664 23.77461579980011 23.82054665817529 23.86627877836551 23.90400206390643 23.95629883711315 24.00129825576899 24.03473467206063 24.06623950088345 24.08583978291324 24.11809150712 24.15219537287252 24.20657691695256 24.26110416645332 24.31975454236083 24.36244629808972 24.39035962563341 24.4215759728558 24.44829343187054 24.4717296359479 24.50117446578284 24.53448984976132 24.56506473031884 24.59572829927497 24.61491231820067 24.64120888397517 24.6671701959653 24.69295271414813 24.72665554050606 24.75224782324318 24.7942885392313 24.83120187779332
22.04551517359515 22.1059236200493 22.15461992245947 22.21507949103182 22.28281503311693 22.32491697730883 22.36844102132682 22.4271869331931 22.46438941392802 22.50828917490178 22.55065738202842 22.5989602055089 22.65668956140321 22.71226399603892 22.74154607731021 22.77878404428384 22.84582744633384 22.89376874306053 22.94166063186297 22.99382825119454 23.04452078609413 23.09489179058755 23.13655577419113 23.15580342761557 23.1984775624204 23.25098804521614 23.30621787506966 23.34116341098099 23.37124476630212 23.3852142541814 23.43116090942168 23.46658680138672 23.495217030972 23.53218882540834 23.57418039538636 23.61210866375424 23.66505887781902 23.69887972982886 23.73899687659714 23.76110095393588 23.79329400901751 23.79861977044343 23.81465921006333 23.82349058475419 23.85925165113975 23.89186764713775 23.92449634516536 23.96854054752656 23.97416821598813 23.98215058130954 24.00125221954691 24.03213792885973 24.07551933873069 24.13236184536671
21.36239210325002 21.42240025629964 21.465249027963 21.51754640217548 21.56806866497692 21.6127607552442 21.66366792082875 21.71756868006904 21.76208817329868 21.81147252265617 21.86340518492568 21.91701085994755 21.96532167461807 22.00907650827338 22.06973456717957 22.10987425297921 22.13776485274965 22.17050348391614 22.22063230359806 22.26396212788173 22.29835461002634 22.32925856450654 22.35700440201445 22.39063442706574 22.41388540055125 22.45326123482413 22.5085120112268 22.55005785118207 22.58366693414727 22.59215978151857 22.60431926279338 22.63081280506561 22.66978109980672 22.71301783153068 22.74238850881904 22.79406183299342 22.82249826822354 22.85077590091242 22.86258127877115 22.9006619429165 22.92207246315187 22.96165975225043 22.96837940084985 22.98984956702605 23.00303684298985 23.03693616455969 23.0449263328957 23.04532844755033 23.04701158616023 23.06770551929032 23.09438309993312 23.15620961131949 23.2127661887168 23.27132311015808
20.54105716849871 20.57567948076444 20.61829374409722 20.64817576051643 20.68993611689222 20.73055369866614 20.77976074378805 20.83707045266604 20.90562294278791 20.94637927940332 20.9859866147902 21.04085695780216 21.08863844164072 21.12826174165877 21.1812860065334 21.22826322659156 21.25793132640021 21.27602118534038 21.31418304038181 21.35270240337703 21.40524023423657 21.44726204160291 21.49029691467821 21.5291788281974 21.56094468149713 21.58720571271858 21.61173316192135 21.61829556610506 21.6182160945569 21.64581154030404 21.69113608027252 21.70221992516491 21.73550666904174 21.74481280631432 21.7958761535645 21.79916980121298 21.81317522306122 21.82833862977544 21.8551554383952 21.86246117839877 21.87305819856944 21.89151624303033 21.93006496351175 21.98669113371605 22.02055810644497 22.05371506358104 22.04451458735732 22.04078350383023 22.06027886443323 22.09980569758625 22.15263068597393 22.21433901148796 22.3002903602564 22.38450956180507
19.6496345503428 19.69456377777896 19.74328385289035 19.77401379846001 19.80602819394443 19.84272101052972 19.89098568638517 19.95686253989987 20.02703575499421 20.05764587851837 20.07029713046031 20.09071218931784 20.10653994382855 20.10044290394787 20.15054157823199 20.18808439079267 20.22876325321265 20.27571351255466 20.30230025822243 20.32414673205923 20.35873555374651 20.3987879227133 20.43545446216449 20.48507110270635 20.52203511609265 20.5511119960752 20.55844846292281 20.53641803304807 20.5274049127622 20.56052039786416 20.54568708348626 20.58224490692696 20.61035065271882 20.62844023880803 20.64630074844358 20.63384682578105 20.64247726221581 20.64588004229992 20.65749659336326 20.68064548559861 20.74381696588641 20.80972834408758 20.83214071347585 20.83597588254688 20.82021664421387 20.83512860400511 20.85670419844113 20.89553316197612 20.93355584685122 21.01889722925039 21.1019405988981 21.22818863528649 21.30112661637396 21.41718275217438
18.67981279847186 18.70819949089516 18.97158997391995 18.91486964250117 18.79829267502243 18.81114727388188 18.81004870341762 18.80320770359141 18.83128940456777 18.90028104516328 18.95596131232668 18.99715390552957 19.04636438260012 19.05370599411085 19.08745917220653 19.10332698570268 19.12677563316795 19.13687184768899 19.11564019699323 19.11116761770791 19.13963971579888 19.18223513585736 19.22039389591478 19.22728907853151 19.22594638967602 19.20994759027406 19.18623466489052 19.1630868902731 19.17279873927121 19.18482590556733 19.16192125392758 19.1516208688708 19.16837030041278 19.21732414607514 19.25495942293232 19.31184237577392 19.30358833224648 19.32567118752887 19.33643590883541 19.3747299567837 19.39233257645463 19.38968552310967 19.40307171392048 19.44868893667737 19.49135059322621 19.5537926211982 19.62178918975142 19.70828346322836 19.79717800189269 19.85863680629308 19.94988552473361 20.06458690962219 20.1625543243674 20.27320055403596
17.42677519236188 17.90614974419128 17.6758434881325 17.53079741233836 17.55225854654321 17.56307061959349 17.56141636064695 17.58325412025607 17.58662625071091 17.59587445549921 17.63875896889624 17.71664780418854 17.76218392266047 17.79406429115328 17.79020266360995 17.79678518113885 17.78394291701392 17.82912622178353 17.85666459163792 17.84296283252875 17.84958927339106 17.93061235686449 17.98928035275675 17.97038130171165 17.90595139058931 17.86308159919271 17.82489097487491 17.85000537097363 17.90078122397127 17.93527585320473 17.93053172420635 17.90370310031476 17.87172483182595 17.85583863555365 17.84174887283766 17.8001373940928 17.78053063492176 17.79378653718755 17.8338472193166 17.77113429261464 17.80016103739035 17.85839963536005 17.90628568238634 17.94106362104252 18.03049428873603 18.1820519743551 18.30766190388109 18.40458747392332 18.42719268507254 18.45277679269334 18.57964134315961 18.74075209838973 18.94525642103321 19.1061046764235
15.93846843753253 16.03267620917899 16.39416498661916 16.27415505538567 16.18090914847743 16.19272521168657 16.20273254130718 16.24596903425906 16.29028014241543 16.33818432660063 16.35023783882808 16.34591917686853 16.42171041233631 16.5539857077439 16.63076308651653 16.61765731188155 16.58116354880709 16.545355778218 16.61644377750726 16.66164569816524 16.65846087376474 16.59449613849009 16.51637625850395 16.54372738431087 16.51303561274469 16.49106926974473 16.43428082585359 16.44925824039043 16.3978302043047 16.36521618643251 16.30733863236441 16.30265220269203 16.2817763020923 16.2761320626064 16.29770404926025 16.34512751745596 16.37979706050048 16.34970044878221 16.38369208692317 16.49784535151878 16.54191547999395 16.56685923414788 16.52245328413044 16.43107192981444 16.47611018701759 16.70398499191279 16.95283945311732 17.35242030136093 17.48176253600401 17.5085987159933 17.40028899543429 17.44863919619434 17.5493727056478 18.83769519034352
