benchmarks/avaHockeySmallNullTest/release1HS_8bfc07aae5_C_M_null_dfa_pft.asc
ncols 1001
nrows 401
xllcenter 1000.00
yllcenter -5000.00
cellsize 5.00
nodata_value nan
[rows 192 to 215 of 401, columns 0 to 52 of 1001]
0 0 0 0 0 0 0 0 0 0 0 0 0 0 0 0 0 0 0 0 0.7657261440932118 1.305568497331303 1.161064348312738 1.045460933120271 1.084251599296242 1.040403608825124 1.010361247843403 1.006214604556913 1.004964585745044 1.196402445717951 1.105431318868197 1.068939843936452 1.128880625176091 1.088978727029938 1.214928697148148 1.184779471848952 1.160157735107829 1.135309376232178 1.114815594867575 1.216973767924525 1.162757712017881 1.373795311077198 1.210815209649995 1.161600209090991 1.123244315494718 1.104284329632739 1.284676012142941 1.185657991940865 1.143163430807316 1.106335027733817 1.068076682619617 1.058073713205916 1.040524656831568
0 0 0 0 0 0 0 0 0 0 0 0 0 0 0 0 0 0 0 0 0.5319586697998652 1.242907409702519 1.059530528986101 1.240260744866105 1.235525379943899 1.136662606172885 1.103263099684122 1.07222351914192 1.075148224133415 1.09171652874191 1.063479440198634 1.04426624859362 1.100202191912479 1.053194217643912 1.11309759272172 1.095735765628732 1.081437503715904 1.085826343612697 1.067076779204883 1.080261662220488 1.071813830056996 1.156096633374444 1.124652955848874 1.115537827804202 1.112004485379579 1.089042568594748 1.131884093709535 1.090236341160323 1.130072221257483 1.056789806704364 1.146249723955059 1.109645548704078 1.097427986559138
0 0 0 0 0 0 0 0 0 0 0 0 0 0 0 0 0 0 0 0 0.4775106379671358 1.009225972770194 0.9414591074083797 0.9232008770165525 1.128617707949573 1.070622887000465 1.048856689275258 1.078128303889204 1.071725159013383 1.055634509527501 1.064871265597558 1.040402449178094 1.044300937430962 1.032775583331252 1.200098838926583 1.134632738367996 1.080463885277806 1.06088226710338 1.105437851139095 1.069872896786492 1.046058110514367 1.174556075797516 1.082555582537991 1.061823421618498 1.159438468105831 1.078913102790685 1.048359231111273 1.05364831612301 1.044399530642514 1.053337047346411 1.306398487507659 1.188474017185512 1.152856749703219
0 0 0 0 0 0 0 0 0 0 0 0 0 0 0 0 0 0 0 0 0.5649261552176158 0.7606776087154837 0.8523967901815546 1.096718850012105 1.156580129207901 1.136240078140623 1.22096936300009 1.203277922408112 1.130779902492516 1.094701678708543 1.079594328136807 1.137928588299368 1.079601266892651 1.060398092210818 1.193268397826982 1.178793716909374 1.128725632890064 1.096627939647354 1.183833130491377 1.08860143291928 1.068969133017122 1.21740010207874 1.336880209538491 1.201978250086499 1.154299761046059 1.133883621071587 1.112713879788935 1.23202313934693 1.169453145990166 1.129785426810987 1.093711130878607 1.240616474576681 1.198229775241538
0 0 0 0 0 0 0 0 0 0 0 0 0 0 0 0 0 0 0 0 0.695511696593005 1.161618257741629 0.9885062332339912 1.174103385184448 1.130380738247092 1.094701066367494 1.064351727452417 1.13955508490903 1.209986032811152 1.157134264191331 1.120652768331138 1.089485609315306 1.219910376047582 1.284748264268989 1.184790220276076 1.118501297103806 1.103144626458408 1.091419760482101 1.083545679853057 1.081571170842498 1.163901478510163 1.060853236106752 1.038383559605524 1.050332763805102 1.037371370466734 1.040446034396035 1.040439126492397 1.124784208566245 1.070116581095449 1.065315032477463 1.065112989462422 1.207096692992741 1.159247807203176
0 0 0 0 0 0 0 0 0 0 0 0 0 0 0 0 0 0 0 0 0.3145133682580947 0.9935554267777497 0.9241260966975553 1.15082846776087 1.098114902485798 1.053639845926877 1.04326861581055 1.071701968805272 1.259518112947105 1.198896615741737 1.160538928221857 1.128923985488372 1.105510974107975 1.080190340469954 1.108080468887908 1.236610113428255 1.173011773156536 1.149188645557698 1.126037380548788 1.350666123351893 1.319236399083741 1.207906498612146 1.143178441269282 1.106265288107143 1.084706047631314 1.329037185608722 1.198844494239817 1.11359879999283 1.156162121328317 1.272587970514812 1.187488333664138 1.13540306612504 1.186255294626953
0 0 0 0 0 0 0 0 0 0 0 0 0 0 0 0 0 0 0 0 0.5430807523878182 1.15125086002084 1.256587365832742 1.256951139287902 1.134011853458485 1.206038631675367 1.182146251767292 1.119007003416702 1.089093203114389 1.164292086721092 1.127839894415696 1.08746917490786 1.166510645536124 1.112153026329479 1.095867726542134 1.096455536064125 1.224319467796593 1.187747705251801 1.107274990071097 1.206804947591829 1.149159481523513 1.222717325866553 1.130675915721812 1.324657493807111 1.16510894842827 1.117198945434462 1.093173614644171 1.136993887018024 1.075797700115215 1.243826583992005 1.120793612272854 1.096191621940269 1.08502708714212
0 0 0 0 0 0 0 0 0 0 0 0 0 0 0 0 0 0 0 0 0.4869670371209728 0.8011158113507167 0.9917896461577083 1.114475159775741 1.056890964533724 1.055471385058194 1.01471930000815 1.036857437460868 1.061609192901587 1.061189109106574 1.053452235485304 1.042742655471871 1.101908013283516 1.112451758107923 1.158746478603749 1.111954459261088 1.091302040191946 1.076341075016511 1.10314440288772 1.130210190518872 1.122184702494215 1.131222545317021 1.113033957567667 1.10669273956037 1.082572268557974 1.116303179476793 1.119747717097608 1.111456667522129 1.105866458001524 1.095007796208129 1.099105836377546 1.237162211293531 1.151279310595494
0 0 0 0 0 0 0 0 0 0 0 0 0 0 0 0 0 0 0 0 0.4011932538940313 0.8975035565648166 1.181536769308872 1.098955592863424 1.023395949592728 0.997224392331947 1.10305623621628 1.535839899368805 1.338722961733898 1.236800219371224 1.173497649208428 1.140773883446108 1.157509993978993 1.106187956798348 1.143038336864647 1.125195874479145 1.102608603003002 1.094369582249411 1.161613599454114 1.14226733596743 1.245871870416439 1.163999137919919 1.117285464953694 1.089652742624649 1.084592465816901 1.079188788314246 1.070461553823449 1.075593002730727 1.076432177032922 1.070566160644405 1.072137737325725 1.076144672594329 1.059149071927705
0 0 0 0 0 0 0 0 0 0 0 0 0 0 0 0 0 0 0 0 0.2262615649466553 0.9424881885917732 1.130379183301575 1.051071909003265 0.9970447895092543 0.9700619912547446 1.022689252545406 1.080849586662432 1.196214999543314 1.15984406673447 1.12974164105758 1.146924547649203 1.112170791104374 1.104282245031496 1.092577568167024 1.085709948543724 1.068478089843718 1.318732977044204 1.174298250674823 1.12702594592135 1.084010481649249 1.074527602472729 1.173941564096397 1.118023057460079 1.098580741625136 1.17671730166508 1.096119608002217 1.08996684500292 1.132633227120292 1.198349481539936 1.11920813683179 1.12263860508831 1.160101085974069
0 0 0 0 0 0 0 0 0 0 0 0 0 0 0 0 0 0 0 0 0.3552299616216812 0.9981379597539297 1.185983572279658 1.080149979206714 1.009960736585888 0.9390757841068634 1.132567233558046 1.139240418460067 1.11469095012471 1.099406900109545 1.073827556379535 1.0608930279539 1.047153335335533 1.053532711732824 1.038489931972931 1.046514644696936 1.050408708336112 1.061322133562372 1.069260155946908 1.129457126240065 1.080546520253284 1.061342338476179 1.142777118922557 1.175530007272703 1.152545918869423 1.131845488051539 1.113580075492059 1.086079605311874 1.080883688274822 1.124208421705721 1.087707413319678 1.050155739324932 1.146824903164152
0 0 0 0 0 0 0 0 0 0 0 0 0 0 0 0 0 0 0 0 0.4687049525289355 0.9920670894705396 0.8665513055125523 0.9479757665824242 1.099118710648079 1.076626122420304 1.13788851062048 1.106850119589802 1.157378705696819 1.254426863123513 1.207319611704072 1.230578406180646 1.152183973166129 1.118687076578688 1.106841667597397 1.108164221572837 1.093013811785009 1.08757604301435 1.209349223913071 1.21595953182115 1.137465365616023 1.141270455215079 1.101750224883145 1.272964867742104 1.215233600802268 1.24326319111878 1.161511932799782 1.12415918199705 1.232684847864927 1.188729795012057 1.22181027186436 1.13964805548427 1.116333581068984
0 0 0 0 0 0 0 0 0 0 0 0 0 0 0 0 0 0 0 0 0.3580543656963897 0.9408702085984134 0.9842881937764877 0.9748932255823121 1.271268151650824 1.139292904028495 1.092061037599755 1.057424717172314 1.113805008292022 1.094380537527026 1.088998419176782 1.090708451991125 1.07775815300244 1.090488738382854 1.202153532568003 1.155177451617841 1.189723973423718 1.216279939482375 1.168434678866886 1.136093664969216 1.12152022618506 1.098696469476333 1.085454515959743 1.07226556199177 1.071694980372254 1.062562054357084 1.102125667599402 1.097815139099766 1.078230438368162 1.096702497698798 1.064378471684198 1.050718788906424 1.11866884276198
0 0 0 0 0 0 0 0 0 0 0 0 0 0 0 0 0 0 0 0 0.7985176310116993 0.997428492694324 1.19859276075365 1.277215170343758 1.053104534140567 1.052033920055084 1.149609936187187 1.163793940884724 1.116824692302101 1.09053169224767 1.128378795357833 1.065468922910126 1.276967767132587 1.217639747731841 1.247563567543795 1.137273028018506 1.10949970882967 1.372058886917316 1.239116817066676 1.182494907141513 1.151789016493477 1.123528768265185 1.107028142884229 1.12467229450067 1.105541456578285 1.093611852414102 1.181769020598056 1.135096230890629 1.154027646699142 1.143300150993804 1.109523533001511 1.086268719525721 1.18245944415842
0 0 0 0 0 0 0 0 0 0 0 0 0 0 0 0 0 0 0 0 0.7261991989662684 0.9587064364302894 0.9877440554033681 0.9553285311834375 1.023031167177968 1.169994768105579 1.097377359826905 1.081727521829807 1.057401470001355 1.202521577781237 1.142880597737025 1.112412012294095 1.296155116464272 1.180369609321528 1.146567130512834 1.120522632304655 1.097041791889175 1.07668274405313 1.06278497373062 1.053804139714063 1.229204581645191 1.140610380292446 1.113969876272751 1.094663985587476 1.079617498764224 1.069881020724771 1.050330403107686 1.101337375211836 1.061895857890978 1.057388733356346 1.051052650140699 1.386505594585339 1.247043431496275
0 0 0 0 0 0 0 0 0 0 0 0 0 0 0 0 0 0 0 0 0.3403466362756684 0.9203471984977825 1.252119259502086 1.065572167921889 0.992936246557593 1.370799114851819 1.159078570951808 1.0949162497935 1.067977482096767 1.043872747185749 1.023440623955814 1.019148430048548 1.197911686386214 1.190231724439075 1.146399906332853 1.307842214753562 1.135775568288278 1.091933711773527 1.092096658198842 1.270993624207913 1.191881118874675 1.1432035521613 1.117993001203371 1.100676787041545 1.233733010093431 1.191032330324888 1.15141743336611 1.113961320574995 1.092973273553339 1.091708328707051 1.067012415476464 1.061785664685724 1.145606594013985
0 0 0 0 0 0 0 0 0 0 0 0 0 0 0 0 0 0 0 0 0.4228276060072175 1.286565474151029 1.073643082595142 0.9924384430422598 0.9807376769154993 1.085883362566379 1.070447851116222 1.147521335293072 1.105621788800789 1.190214859535521 1.13410186013735 1.099478924218535 1.091992497212141 1.08787074324928 1.065368277018605 1.152439856895046 1.13296844964439 1.094301084207219 1.162910770174428 1.235044249669214 1.162691296981461 1.124750579390081 1.099395657127327 1.091226729185476 1.144354293001028 1.128255546119885 1.130996477296335 1.077153601280658 1.065430715973484 1.060788090784857 1.045341165424961 1.052077913938172 1.123052429556549
0 0 0 0 0 0 0 0 0 0 0 0 0 0 0 0 0 0 0 0 0.479747550232012 1.086277961027809 1.101286473197927 1.150143322947252 1.062945855926979 1.090717930621037 1.095367941377625 1.049919206787664 1.119802220250129 1.109971040253995 1.06301412100141 1.046082515952385 1.044712548626659 1.075099351853295 1.071896617163395 1.182242530322322 1.114110727636998 1.050370564397659 1.075844049379198 1.069600260078467 1.054312845370041 1.210504949462909 1.206035141218686 1.131648580208434 1.093754147381404 1.117701993961302 1.095314385195338 1.073296361179012 1.146948022035714 1.144080630310209 1.116530807629586 1.086438212901001 1.063302614621336
0 0 0 0 0 0 0 0 0 0 0 0 0 0 0 0 0 0 0 0 0.5170194140487203 1.014710974866606 1.112249323074289 1.084593502721404 1.052516803007509 1.090109060906654 1.063176653868062 1.084053040400943 1.089874851222457 1.094030794136398 1.101796014342683 1.088658665196897 1.080801541250779 1.057532683038121 1.038035494070811 1.133709112020701 1.044419131870477 1.005973479627889 1.141273591201538 1.077640977782817 1.247362835829962 1.170627643258707 1.128053355090627 1.092672521974158 1.076387498039248 1.069181359587665 1.060310953897006 1.072192408640324 1.199420757355052 1.312004339336505 1.176667054374014 1.126841103946618 1.081393188735641
0 0 0 0 0 0 0 0 0 0 0 0 0 0 0 0 0 0 0 0 0.7147951933442416 1.142034068883319 1.069944620560041 1.090088738043349 1.037092369683629 1.20726884962211 1.186291915973262 1.132728680252107 1.07813000595143 1.124864856073722 1.283865943423854 1.305748815238308 1.191073507563012 1.137641099473531 1.085219911915588 1.135119602145767 1.103849228730302 1.22743158360396 1.138590933603328 1.192658661254075 1.112150158056882 1.065958707927319 1.040279830364629 1.094176675604296 1.193867238478337 1.127907266693183 1.175431980870698 1.242655997177849 1.073805351714809 1.269423752066536 1.152471324311084 1.08226128594104 1.150276260804998
0 0 0 0 0 0 0 0 0 0 0 0 0 0 0 0 0 0 0 0 0.2044403657163837 0.905105551534107 1.015118439232367 1.164603719410547 1.178472062361971 1.125419220912879 1.035752930930208 0.9903237508286895 1.139622184444518 1.147633824143349 1.081102271930365 1.176160094999936 1.078012158913891 1.045238726767985 1.014298091327076 1.037023766767312 0.9517915057096507 0.9790938117259148 1.072790519346938 1.028338024358655 1.008767146792676 1.01076145225791 1.052383688555367 1.00802512210509 1.196165167902352 1.111067936373795 1.075335470444869 1.047532538630791 0.9900586754511458 1.080312655049075 1.067255992845273 1.007497342334583 1.162144077501668
0 0 0 0 0 0 0 0 0 0 0 0 0 0 0 0 0 0 0 0 0.52005546382555 0.8533929115600813 0.9366246401883633 1.11261532130435 1.162713895061554 1.042264605844324 1.002954565559907 0.9408835031800158 1.186145525019424 1.029351885058997 1.012049610979912 1.05867841622952 1.096535780294977 1.076487280194032 0.9675032629346202 0.9438156673154208 1.081988225177714 0.9258139698279678 0.9849764396105095 0.9818542507366794 0.9554472191859801 1.215648298225843 1.201815329618261 1.053287545026466 0.962705459691115 1.048331153508142 0.9676414274146601 0.9615366220711957 0.9082233294041518 1.025126694184012 0.9514530870363518 1.031144622140286 0.9028844325969927
0 0 0 0 0 0 0 0 0 0 0 0 0 0 0 0 0 0 0 0 0.2490321922179118 0.5635200236706605 0.6109641144227013 0.5672120696989337 0.5847523953869205 0.5879327512034078 0.6248887448115796 0.7034887703122965 0.696590946100354 0.7168450376646076 0.7153632657228406 0.6974996645327198 0.699082505520307 0.6892945599107231 0.6887820004487359 0.6935074387669479 0.6966593479120751 0.7044276274688366 0.7062697232159504 0.711303933421688 0.7040748626910346 0.7042698859063669 0.7923492309203576 0.8535156662076854 0.8563444135309892 0.8336379792323605 0.8133974075450805 0.7438247625844937 0.7138069104876861 0.7317183941770542 0.7212251027995521 0.712197467567236 0.7281476220895355
0 0 0 0 0 0 0 0 0 0 0 0 0 0 0 0 0 0 0 0 0 0.006990624361534156 0.03128743281783248 0.07280224457151424 0.1250674717273746 0.1660522713731269 0.193299958488515 0.2125403168086011 0.2608523754520903 0.3204959343531865 0.3910436072195245 0.4278373264630426 0.4406094710421113 0.4856544697304301 0.5132228432595083 0.5122688172852576 0.5317409897715967 0.52786315768784 0.5461620519067888 0.5712089421820643 0.5390033802054024 0.5311152141672261 0.5507198627770804 0.5546083450543439 0.533953990009875 0.5366130333338242 0.5788357440538048 0.6019859774942452 0.6164104128714356 0.628048943378711 0.6272158785205664 0.6308789878877157 0.643147695425492
