benchmarks/avaHockeySmallNullTest/release1HS_8bfc07aae5_C_M_null_dfa_pft.asc
ncols 1001
nrows 401
xllcenter 1000.00
yllcenter -5000.00
cellsize 5.00
nodata_value nan
[rows 168 to 191 of 401, columns 371 to 423 of 1001]
0 0 0 0 0 0 0 0 0 0 0 0 0 0 0 0 0 0 0 0 0 0 0 0 0 0 0 0 0 0 0 0 0 0 0 0 0 0 0 0 0 0 0 0 0 0 0 0 0 0 0 0 0
0 0 0 0 0 0 0 0 0 0 0 0 0 0 0 0 0 0 0 0 0 0 0 0 0 0 0 0 0 0 0 0 0 0 0 0 0 0 0 0 0 0 0 0 0 0 0 0 0 0 0 0 0
0 0 0 0 0 0 0 0 0 0 0 0 0 0 0 0 0 0 0 0 0 0 0 0 0 0 0 0 0 0 0 0 0 0 0 0 0 0 0 0 0 0 0 0 0 0 0 0 0 0 0 0 0
0 0 0 0 0 0 0 0 0 0 0 0 0 0 0 0 0 0 0 0 0 0 0 0 0 0 0 0 0 0 0 0 0 0 0 0 0 0 0 0 0 0 0 0 0 0 0 0 0 0 0 0 0
0 0 0 0 0 0 0 0 0 0 0 0 0 0 0 0 0 0 0 0 0 0 0 0 0 0 0 0 0 0 0 0 0 0 0 0 0 0 0 0 0 0 0 0 0 0 0 0 0 0 0 0 0
0 0 0 0 0 0 0 0 0 0 0 0 0 0 0 0 0 0 0 0 0 0 0 0 0 0 0 0 0 0 0 0 0 0 0 0 0 0 0 0 0 0 0 0 0 0 0 0 0 0 0 0 0
0 0 0 0 0 0 0 0 0 0 0 0 0 0 0 0 0 0 0 0 0 0 0 0 0 0 0 0 0 0 0 0 0 0 0 0 0 0 0 0 0 0 0 0 0 0 0 0 0 0 0 0 0
0 0 0 0 0 0 0 0 0 0 0 0 0 0 0 0 0 0 0 0 0 0 0 0 0 0 0 0 0 0 0 0 0 0 0 0 0 0 0 0 0 0 0 0 0 0 0 0 0 0 0 0 0
0 0 0 0 0 0 0 0 0 0 0 0 0 0 0 0 0 0 0 0 0 0 0 0 0 0 0 0 0 0 0 0 0 0 0 0 0 0 0 0 0 0 0 0 0 0 0 0 0 0 0 0 0
0 0 0 0 0 0 0 0 0 0 0 0 0 0 0 0 0 0 0 0 0 0 0 0.0001518176026863271 0.002194777026388559 0.006978256516124637 0.01369887752819865 0.02167884861353481 0.03094976629474433 0.03932498451164376 0.04803242471775593 0.05426778360366768 0.06057853202268211 0.06372080324231023 0.06770136826698862 0.0689394295373877 0.07174225381970555 0.07316748799092769 0.07354802423935228 0.07339067832160887 0.07577183982636033 0.07503207056407897 0.07648571095269208 0.07517552473118889 0.07711332546370173 0.07665133117450161 0.0755918997850884 0.07686369005324316 0.07798549927820031 0.07723477658577875 0.07648651292214867 0.07587686347101232 0.06307733203215452
0.1880022263997121 0.1903257311658276 0.1861527905456631 0.1881215496352999 0.1908947183743527 0.190627018768393 0.1878492813019601 0.1856255310675714 0.1885542488209958 0.1865589671844181 0.1895428322370284 0.1831953394645825 0.1839258013268524 0.1866206857535743 0.1879832707224012 0.1946023092934926 0.2024169706271167 0.2075995069988446 0.2133052653979531 0.2198523829779668 0.2273194251106532 0.2358185545583215 0.243666541167479 0.2520606877632005 0.2571562688754499 0.2597255586804658 0.2542092687687779 0.2485864306969166 0.2427442711405574 0.2350012173795081 0.2287175437256845 0.2223306972427274 0.2182593417445611 0.2160962810599874 0.2142200307665269 0.2145372084860452 0.2189260446984478 0.2257531790217253 0.2283561473573546 0.2284339949804657 0.2230713624208863 0.2165309202320965 0.2075856074202929 0.2016192131257457 0.2092863796297885 0.2046584770554512 0.2054639693662725 0.2091460804917928 0.2219078754324003 0.233403768966998 0.2354730443688526 0.2317522791692004 0.2367706978598532
0.3212795014963277 0.303520181729212 0.2871383236718624 0.2816057640011337 0.2795151287208993 0.2747166038453425 0.2713833713968753 0.2770485166642572 0.2885587074238514 0.2930560014420676 0.2897166214245829 0.2876759878269741 0.283377953281183 0.2830557584373954 0.2930539407585326 0.2992015246435957 0.3023542875715995 0.3059310970276102 0.3033885526025436 0.297340451307187 0.3010804622063428 0.3066400731653874 0.300987553070826 0.2985982839220906 0.2923597802702434 0.2823667273165908 0.2833908909083507 0.2947404659937266 0.3202605657316492 0.3471617806165111 0.3586196672121499 0.3681021382010379 0.3689995161749595 0.3665639336594102 0.3621496087905169 0.3569657582048714 0.3474062875758677 0.3340416062830698 0.3246649648554133 0.3148973426946472 0.3084045230502588 0.3059638578293355 0.3067070860483248 0.3088511269497195 0.3220015980287632 0.3404043685201019 0.3553549518112957 0.3604052077391486 0.3565607288849519 0.3501625336432816 0.3492910798559324 0.3582578580423136 0.3575101740373694
0.4079589548768601 0.4236083967695781 0.4181173850819141 0.4155237566082992 0.3877653957538357 0.376034501324723 0.36323921524959 0.3488403190262475 0.3711130122242565 0.4095013674232063 0.422374626693987 0.4199654768180774 0.4186298790659681 0.4208323700989715 0.4072845740049217 0.4051106036106984 0.4136726522558988 0.4166225939051624 0.3911160071636768 0.3699902881490472 0.3395013947376401 0.3460485868570244 0.3655415226479219 0.3790669638803934 0.3862634776237239 0.3897025540384801 0.40063785109272 0.377979104566301 0.3582878191001797 0.3576809861401034 0.3738478170757171 0.375808218418748 0.367025683509508 0.3606105495917961 0.3558615031087051 0.349556578621781 0.3459110982064015 0.3325971088236022 0.3087926131165645 0.3100390308253285 0.3245965519141631 0.3550681154169125 0.3664317056651233 0.3670623136774033 0.3511376543832082 0.320549925202617 0.3362730213007045 0.3624494136480231 0.3648996990022474 0.358550585659384 0.3547633688053942 0.3479389187719443 0.3378406938194857
0.5285518705601894 0.5255143520434302 0.5179593577028322 0.5085726792838834 0.4970428438507973 0.5058175297085181 0.5069531880209055 0.5008015626141902 0.5178146894206402 0.5284279685186608 0.531724728468942 0.5377657998162277 0.5469576214563298 0.549450442903603 0.5472218123919719 0.5565036652304974 0.5611006890557452 0.5540041124038738 0.540219774315894 0.5301596255458243 0.5153977610963345 0.4907962495471578 0.4710774772557533 0.4857597943662329 0.5021951854711775 0.5153462126044207 0.5159862103028249 0.5040993046176723 0.5259628075044956 0.5454832568610103 0.5522371706111462 0.546671282438575 0.530032041325185 0.532638261591052 0.5264569482340927 0.5097332100407042 0.4914449663180558 0.4758150054551644 0.4613394533607466 0.4524318217198844 0.4672475668073744 0.4701957492042069 0.4577717544298448 0.4558480524432042 0.4465592362761241 0.4298714801114082 0.412310226070895 0.4111630055060323 0.3947274520628234 0.3792219813294894 0.398000434382738 0.415606477496643 0.4281214962221773
0.5778956162062355 0.5648839568990831 0.5686689027725468 0.5757882117025327 0.5793092175371984 0.5815581199295355 0.5771449618539515 0.5831831183370566 0.6026816870060644 0.6140623548495991 0.6152914184144724 0.6060757795681369 0.6183958381805104 0.620355769095386 0.6204652107921808 0.625974119978134 0.631182898303756 0.6189928289143524 0.6128992431311714 0.6117201967831093 0.6050590741851442 0.5698492883069307 0.548568694446762 0.5296245036538778 0.5086725876749496 0.4847198472501043 0.4626565872327065 0.4548157548140035 0.4441392189387314 0.4616962939509227 0.4814344673508231 0.4923625157941012 0.4965274493788761 0.4952951898391468 0.4889575199488762 0.4773160821050135 0.4701356290357148 0.4695832985698243 0.4782002464608455 0.4996683618339024 0.5014748960360133 0.5111623856619983 0.5237569821348491 0.5290650616708567 0.5417451986545079 0.5391344284053377 0.5510196389322871 0.5570774304207174 0.5628806819795873 0.5600023473789939 0.5801717947692875 0.6053353360496272 0.6200243878702409
0.5530840914732258 0.5352507827633105 0.5448540122331276 0.5392438971249367 0.5325445840757532 0.5272338194916506 0.5199023719133288 0.5074231903834662 0.4844737055639933 0.4742412721137422 0.4710195649823289 0.4776100533389804 0.4948662372064669 0.504272527733857 0.5178293125965061 0.5443361289040599 0.5467768054268539 0.54353521052698 0.5245890127263866 0.5247711580463773 0.5146878349332236 0.506446767974508 0.5005655195615399 0.4769305588859486 0.4753394450499099 0.4966321352051268 0.5275525708300202 0.5117650437149198 0.515778520357228 0.4924061618520121 0.5134232832456073 0.5429046300495016 0.5583230031611695 0.5583920479149219 0.5540959564501655 0.5493360437381262 0.5535094039483696 0.5471207972985032 0.5439456650394062 0.5475911369704887 0.5628735669097809 0.5432619826415929 0.5748655503527325 0.5874625938892662 0.611489017526772 0.5995969977367924 0.5958384798192945 0.6020851598039717 0.5956308738563935 0.6119720720717998 0.6166101669386086 0.6236351844904447 0.5963236671480225
0.6543112114064734 0.6539467462430075 0.6396391973212421 0.6287449495211346 0.6427140204852583 0.634093213360583 0.6234978667925256 0.6037310595123843 0.5901424673654286 0.5764406487001157 0.5838473386162538 0.6021676775100323 0.6052251496145975 0.6076715583698578 0.5906959411369315 0.5829987990695426 0.5770582297122768 0.5785452355750933 0.5708710326791281 0.5611932375997319 0.5607500678816715 0.5773279288572152 0.5813322524452008 0.5563438606404914 0.5605589164510607 0.56365427487238 0.564953649104491 0.5802523951659069 0.5988060703308005 0.5930057650128748 0.607790690265069 0.6353238955853785 0.6617129766064329 0.6870322797819384 0.7136544081006642 0.7272728636022286 0.7296336811854486 0.7206715154076836 0.7089825193333769 0.714172066394512 0.7173061911593279 0.7116688418283316 0.706090221754612 0.7080990764269185 0.704792537927342 0.7004039503818849 0.70049250797709 0.6962511571794009 0.7076657529619959 0.7103738171742471 0.7147211683135175 0.7125827110070814 0.7046510543940685
0.7196273863693171 0.7380023214227717 0.7498824731141353 0.7406432706039151 0.7312305176463294 0.7203017064169144 0.7106093651164003 0.7304921839802565 0.7447129591486228 0.7503062633223705 0.7442700641277832 0.7378882858284859 0.755455476688732 0.7609588410463282 0.7600009620587683 0.7677389625888276 0.7794270263412713 0.7904574871435056 0.7850540498165829 0.7674848745974155 0.754976187502859 0.7432005877963053 0.7378567086586646 0.7299776999756615 0.7334738054934298 0.7368301311973119 0.7374968725745445 0.7298516989413495 0.730090970800123 0.7259343212391026 0.7112727502324365 0.6995293898803939 0.7030249900580321 0.6986546961675782 0.6976015628284893 0.6976711939929443 0.6900176113999966 0.6790672330089231 0.6879144267064814 0.7043770336132184 0.7140374068539611 0.7192953140513024 0.7193811645370769 0.7118721809246193 0.7028075547898912 0.7106114941332484 0.7152706443107153 0.7136048779201914 0.7093628690997976 0.7046825188306768 0.703247182063845 0.7039392533153076 0.7023713708195539
0.7579613814274095 0.7414251816732234 0.7337522645982352 0.7324278792425233 0.7340825315053452 0.7194302999684559 0.7119965218555265 0.717722319934146 0.7187978288527268 0.7393704729803049 0.7547947362759969 0.7517052492527767 0.7712443651324574 0.767576510022509 0.7416877578087464 0.7182451281837697 0.6792777024850489 0.6696203494077281 0.6714167815247815 0.6638277024670087 0.6498507810624031 0.6605288054275273 0.6851440295922325 0.6908160444614712 0.7059473387798519 0.6934142175518476 0.6668818284358792 0.6333276216148329 0.6387739848314266 0.6402549858721965 0.6284082497161588 0.6126948667061947 0.6024812612696163 0.5907988655072468 0.5858489192761895 0.5953343907935612 0.5987634604558895 0.5971783262603666 0.6000676270719759 0.6058042878577855 0.6190938296742893 0.6314568110249145 0.6307625260160963 0.6159497421571729 0.6142278725153039 0.6248897603607372 0.6387068610635606 0.6425515789136518 0.6317610434876125 0.6223846315370511 0.608923824389466 0.6218338843344191 0.6369681180863015
0.8755561530391665 0.8752083390910177 0.8868886354456776 0.8913603561789645 0.8985116325117255 0.9102280709538604 0.9232814191846472 0.9087074255530506 0.8787238502321854 0.8389123961058002 0.8433318344604492 0.8376456930468321 0.8371792440430125 0.8586326751283372 0.8809197364283705 0.8767915708218756 0.8741964560908692 0.8520177102090649 0.8238720468578031 0.8008483765723687 0.797569151318114 0.7876817223639714 0.79421614804606 0.8002345986812148 0.8060588703123502 0.8553148880188983 0.8689892708393386 0.8788087975363281 0.8676834865263218 0.8671065402328649 0.8818972400068436 0.8903259370105655 0.9130634933429513 0.9138726081068427 0.888427425572782 0.8537095861298032 0.861639495557287 0.8930086798256981 0.8975158965064417 0.8799106452219713 0.8909018932614841 0.857888435411662 0.8264478201898847 0.8239600678356596 0.8318765952429591 0.8416168742100012 0.8432623396374055 0.8313683811053818 0.816844793922788 0.8016702462850561 0.7836566382776275 0.7434303733113655 0.6942657845482774
1.130938724548796 1.125394791211143 1.083254491845721 1.074088160997569 1.085408472497815 1.081712136786713 1.091861215371823 1.089355294263176 1.072979167350091 1.082664329624422 1.092399035828153 1.078292134534121 1.073548350907135 1.090501957275966 1.079978534259718 1.093956674343802 1.082077980607568 1.067545298416496 1.068965212891385 1.046995175015665 1.055245179181284 1.090845918665964 1.125824906127785 1.137797561844926 1.148812829624567 1.13337468642394 1.124735939174091 1.113702767057276 1.099485131075948 1.138761560957624 1.168664291302882 1.134697909473625 1.104852286773896 1.075549033666354 1.059454902619649 1.038396096848532 1.043849477632256 1.030278270042289 1.000813209437257 1.004241615670354 0.9982930042179231 1.008920267039244 1.045773429747527 1.037380843901504 1.027889607052613 1.01312871709264 0.9884416147570293 0.9648536894626217 0.9746356502215596 0.9718323963725719 0.9854917677093313 1.008697633776973 1.018196025789276
1.276310897221316 1.253119374876441 1.200383866383028 1.167142539203307 1.169160424253836 1.16284815411083 1.172442800126732 1.175794295622205 1.169987902155218 1.191846965877383 1.199363356515441 1.243131031439183 1.258480008104782 1.268967501277118 1.268531004874327 1.274094479926883 1.220471956868956 1.209769525863931 1.205678474220407 1.181687820514122 1.168761313070936 1.16369090100781 1.126561448940073 1.139667889432907 1.141358215183089 1.151825191632007 1.185571600421455 1.15461651926879 1.159935735925715 1.164313096742177 1.147839501781865 1.155815096329402 1.140481606466553 1.151944640539142 1.131578120078712 1.127346708092401 1.118424372079338 1.104819287946058 1.11076783055242 1.095415378524975 1.115015402391427 1.10388410841708 1.094104011405485 1.067787189751561 1.057765008454002 1.037826215655334 1.061790316171464 1.065341034826663 1.072618756560532 1.087825530505691 1.08503360500417 1.082834819098445 1.067655633255488
1.300322559667744 1.269924521645047 1.249466681005001 1.236784073200118 1.211826992729185 1.243250695740614 1.220444676138311 1.252280722325038 1.251880436149984 1.253376708190597 1.292084349486441 1.281130575556981 1.306765137493502 1.30198080210301 1.308958799770275 1.322459596866137 1.314830610587754 1.333587151009026 1.313675478077051 1.302262632358397 1.309677071991403 1.299967712984322 1.311804643143657 1.306206059604939 1.321974227486352 1.305146525095733 1.309746386530286 1.296257497599705 1.298796034651629 1.29892372268546 1.315061885710533 1.306504540540836 1.298793531483558 1.277907127805628 1.238771775494356 1.208799793099205 1.178605826177892 1.198822984047625 1.193684966527052 1.201602959974637 1.203922994800982 1.188101525409912 1.173017066274106 1.159633769750327 1.170673935034774 1.172482306244174 1.185264655995058 1.167922241539972 1.167430731598586 1.168567066872511 1.141279016582306 1.121199062677563 1.122801210940172
1.258323304158464 1.272314180643729 1.326584273545959 1.354186394342196 1.367009922514548 1.343726187875371 1.348517448037883 1.361217015114424 1.354293201466844 1.336973913495461 1.348917425784358 1.363295310546327 1.352346081186141 1.319528643971358 1.314214567834594 1.280697797928856 1.264431800108247 1.261903111693085 1.269312019145743 1.272113212050877 1.253099049780403 1.250767166262709 1.248201825767307 1.230003142957225 1.248228370596682 1.223993536646992 1.229348896042817 1.251180237815208 1.247097066341836 1.264234533501468 1.286608773168469 1.306210774203146 1.332062189196591 1.306271083123019 1.289140793284566 1.26120323273967 1.286584660334103 1.269432404680484 1.257470683232986 1.239088221454515 1.185536883595753 1.158247652910223 1.123702455970053 1.118047261628611 1.090208445292534 1.094970085146109 1.108810018344058 1.13714066109124 1.171842660076159 1.180089735905348 1.17729408916851 1.159165730425635 1.146412650266135
