benchmarks/avaHockeySmallNullTest/release1HS_null_dfa_83fbab0a01_pfv.asc
ncols 1001
nrows 401
xllcenter 1000.00
yllcenter -5000.00
cellsize 5.00
noDataValue nan
[rows 192 to 215 of 401, columns 108 to 161 of 1001]
22.20052461095308 22.23030339844042 22.26783756369475 22.29139486623147 22.31771879776445 22.34768792950279 22.37854642233946 22.4050764960265 22.43317816803738 22.4478335437133 22.4628848796679 22.4786296518419 22.48940773205333 22.48549805278072 22.49334722617945 22.50794383987437 22.51035062706331 22.51071360150272 22.51527087494737 22.53600946607003 22.54181413600926 22.54925056981039 22.54956093926633 22.5878285287495 22.62271075596732 22.65270824774122 22.73279530807616 22.73154444907282 22.76536789315734 22.82395562085851 22.83149280249918 22.87600723292627 22.9275350646047 22.96988286723827 23.01566275812075 23.04926976021071 23.10757564277898 23.16904182067441 23.22567561109744 23.27600826420948 23.32394025132917 23.36417968906887 23.41832680996446 23.46823362038324 23.50170810106526 23.53784345953393 23.57021305714545 23.61361983948553 23.67478387077687 23.72275615035846 23.78421203609432 23.84961768312031 23.92159271478545 23.99522452856048
22.5000014025229 22.53222522995779 22.57202732854218 22.6143113738787 22.64712580022987 22.68618709348928 22.71474270330438 22.7361229264769 22.77669434102214 22.804436370335 22.83018997026787 22.8559495879999 22.86916006088411 22.8899431935398 22.91365395029767 22.92464032743515 22.93163309305139 22.934057163975 22.93967052621377 22.94750549888764 22.94798080163958 22.96955469787471 23.01294193036414 23.06547926668138 23.10357944474076 23.1363858422117 23.16516454093544 23.21268825329749 23.25075647247353 23.28591766423866 23.32302063537966 23.36514443479095 23.42501118247563 23.48104842916608 23.52622961377735 23.57210673170366 23.62432814910713 23.68090196864773 23.73982978642949 23.79402544614499 23.84140233424184 23.8895178270039 23.95545074425857 24.01349976657722 24.07519702244385 24.12612649377421 24.17787331220939 24.2170610377589 24.27191171739327 24.32960219713041 24.37887299337101 24.43954770291052 24.48712442231281 24.54910096951756
22.72422950353818 22.75606459324051 22.79330421517663 22.82786130134749 22.86300784015367 22.89949639228311 22.93504619605408 22.96554466101416 23.00102468104205 23.02897378615167 23.0553471207394 23.08738513721837 23.11198485188784 23.14322752571585 23.1659260398241 23.17597873449246 23.19308706869187 23.20727318314122 23.22066954994049 23.24732670764639 23.28197164530485 23.33145546344285 23.3822154831724 23.42416909135394 23.46897464773297 23.50495884318474 23.55929283358186 23.61237853339907 23.65203901387574 23.70060570768248 23.74299140729407 23.80663062390768 23.85854637659768 23.90824002671243 23.94958940695234 23.99603557233518 24.05833080956527 24.12185944222339 24.17084889864771 24.22513142111616 24.26750269532387 24.33749825992325 24.40491788506759 24.46139966614372 24.52091390474346 24.57282774697741 24.62194544897444 24.69066728316163 24.75619788535657 24.82745844754781 24.87746316033316 24.93209311208648 24.98146645133235 25.03062995682187
22.98471930862573 22.9886023537881 23.00126743645135 23.00046513620453 23.00546101733485 23.04266995019979 23.0802464491695 23.10783816478786 23.14342256833953 23.17801903594797 23.20987044382612 23.23927416271294 23.26979216298844 23.30156388015633 23.33369354516766 23.36007331623442 23.38676384499151 23.41858926961171 23.45303205824297 23.49364979148278 23.54078769871585 23.57576377311895 23.61699804256987 23.6620871305861 23.71515048509347 23.77187696640008 23.81348273216974 23.8603105308768 23.90691824424026 23.9705769150084 24.03162871091768 24.08051888414133 24.12783654827281 24.1747656963058 24.2470603220702 24.3111059303942 24.371566341465 24.42798485346453 24.48427196431953 24.54265904629065 24.61916271472359 24.68636092527948 24.75038496115995 24.80246655106824 24.8553359826006 24.93576937913984 25.01258235016152 25.08512387219545 25.150291879258 25.21095311504027 25.26535643859638 25.33449831306283 25.41403940176738 25.48725273726022
23.21849982827691 23.21762067274314 23.22721899902062 23.23900787403274 23.25006092142865 23.26313541323484 23.27011226386577 23.27651587749987 23.28473954543695 23.29925888540193 23.31354953704872 23.35049727153239 23.3789425020713 23.41340376599502 23.44710047880277 23.48214360241638 23.50648424936015 23.54321036216532 23.58180016480147 23.61883284371922 23.67073420660092 23.72320244983636 23.77107290692945 23.82099116971841 23.86243291660479 23.9183554663298 23.97837287187767 24.03558004836658 24.09199047328038 24.14051477226161 24.19883123405778 24.26643485077021 24.33577796177765 24.39713977863259 24.45131895901035 24.50177417091709 24.58023260579373 24.65123956511034 24.7175462734218 24.77816915938575 24.83641055654505 24.90949016753611 24.9903175242273 25.06659890011976 25.13993714832244 25.21238806015673 25.27333306471185 25.35018066622546 25.43681688313789 25.52206349419318 25.60337810960117 25.68191521234578 25.76002815497478 25.8288386245658
23.34161697381439 23.3541120213771 23.3690703266243 23.37644397637121 23.38438347903374 23.38899168818033 23.3968590670289 23.41450594654158 23.42641524362981 23.44395388683711 23.45349387025639 23.46712496818185 23.47281238851441 23.48389122832922 23.49745938507812 23.51411651859271 23.53507906840442 23.57664404665521 23.61972580115671 23.65991380657032 23.7125729613877 23.76503066252609 23.8227606887622 23.87915686708187 23.9311180721334 23.97861605379939 24.04487965435686 24.11207502653596 24.17269858199292 24.23142847980509 24.28156564865746 24.35270121795773 24.42385187927224 24.49323434809312 24.56018325077975 24.61871047110506 24.68481311981019 24.76506781252061 24.84674984509138 24.92353978144785 25.00135870448463 25.06682650742431 25.1524482373483 25.24548902989348 25.33383495831458 25.40940939615398 25.4860904097713 25.56141237536482 25.64625796026884 25.74817395821134 25.84813873148055 25.93706015020419 26.03148508233851 26.11890981076802
23.34020533498774 23.34903571552804 23.35700997431294 23.37280574135465 23.38425227586238 23.40107505506547 23.42229840295388 23.43540523921762 23.45264723034959 23.46146688110967 23.47378712560761 23.48878298175423 23.50438694554869 23.52102046243387 23.53757792834917 23.55117693295418 23.56929971800319 23.58382508790294 23.60526613196563 23.65597622502064 23.71630088573074 23.77264450376516 23.82970040421704 23.88293631587307 23.93516761357135 24.00079867100538 24.06983172672856 24.13187420259395 24.1934274106737 24.25439178523309 24.31945591832089 24.3994410478028 24.47351150648252 24.54981652358261 24.61546407746641 24.68220130917193 24.7689456059491 24.85645505182461 24.93825476383972 25.01976817185046 25.10091616649611 25.17805741540959 25.27924223929783 25.37817001842032 25.47070610577014 25.55619257545265 25.64254880777339 25.72460879084356 25.82743695152987 25.93897986001599 26.04388765713036 26.1406357143918 26.24242712265273 26.33923006183305
23.25520597168726 23.26314906630092 23.27990285614969 23.28848709893079 23.29602492235157 23.29863462791466 23.30697595363786 23.31472825114396 23.32835586504411 23.33998161769609 23.35922412738865 23.37575267180294 23.3931396440193 23.41357788383535 23.42862206959385 23.4499885252697 23.47569443271746 23.50406894426141 23.52852976693854 23.57999204476508 23.63670284121012 23.70122614703078 23.76646249953584 23.83899408953281 23.90490905889708 23.97721825963912 24.04315090341496 24.11227107022432 24.1937388097847 24.27753983282908 24.35364398037096 24.432938861379 24.50451730633248 24.59374020936692 24.68316909129805 24.77112990260888 24.86006552048545 24.94166850606823 25.02564050444494 25.12593108572891 25.22694831211773 25.32618773275156 25.42213668779468 25.51416769396476 25.60484345660161 25.69791390458785 25.80407396539316 25.913338213837 26.02311325422157 26.12675220919393 26.23141861556001 26.32455139395153 26.42041729375253 26.50562427224708
23.11614445630615 23.14807166876422 23.18725000344288 23.22090667319648 23.25907395858783 23.29698161053451 23.33294493034791 23.36924208430214 23.40153338047181 23.43480060768253 23.46296624787805 23.49239682047488 23.52093155314468 23.55285092215857 23.58565755341457 23.62249279580398 23.6586381949093 23.70635912352675 23.74845149012317 23.7949419731734 23.84480475852988 23.90094965620298 23.9477193042708 24.00942906243512 24.05652055045512 24.12032319185316 24.17302694998523 24.2440841945047 24.30467538796089 24.38532288068096 24.47125753506308 24.5633233043989 24.6578001385705 24.75504010525986 24.84792247870728 24.93975100713071 25.0320150508719 25.11956930951316 25.20816550667462 25.30518706650977 25.39955375215231 25.49782411499645 25.59413429687722 25.69577800223611 25.79564577550542 25.89371448867655 25.98892168810924 26.08864512034147 26.1841371625254 26.27345216944318 26.36318632482805 26.45480493956331 26.54868013402351 26.64087995224266
23.41318354218987 23.44449946862377 23.47777119161588 23.51334509434875 23.54995277718237 23.59424526887188 23.63074478158014 23.68180133061333 23.72625625434228 23.77431927846195 23.82182873497803 23.86984484451233 23.92362868038896 23.97352805131009 24.03142759072087 24.07919960116502 24.13599833830785 24.18095024681373 24.2443232494494 24.2941269399361 24.35468732192366 24.40561058812026 24.46417903547459 24.51684953665124 24.57597914712317 24.63169247567563 24.69135994753368 24.75338980085357 24.81308367823941 24.88037093173581 24.94317329803511 25.01606898569854 25.08040678619089 25.14969811996377 25.21714425791124 25.28288299289592 25.35143344169174 25.42163848190987 25.4979778457952 25.57034356214166 25.65131141823025 25.7299443218966 25.8094179241311 25.8942108241705 25.97982422501358 26.06339208006816 26.15066125457036 26.2391790888129 26.33016352760755 26.41540441097101 26.50399504722405 26.58395458006823 26.66706020323713 26.7502232374059
23.62688817301143 23.67000878774867 23.7133549664698 23.76438840683867 23.81102517749269 23.86388692310835 23.91149964654434 23.96457261626312 24.01670605172627 24.06661945556056 24.12160459402569 24.17465705284763 24.22868596056115 24.28654846972261 24.34756491205894 24.40642675679072 24.46859516141548 24.52727640705306 24.58477283090738 24.64220517000015 24.69807787955747 24.75351203697373 24.80900498207462 24.86277297357298 24.91975009771692 24.97950961336864 25.03901224264209 25.098804462482 25.16097032815074 25.22645593896896 25.2887950283417 25.35161847041222 25.41427457348231 25.47151286704983 25.53152133412668 25.58520617868966 25.64108467802262 25.69954763938455 25.75419714951033 25.81098542474655 25.87337983739906 25.93604062759613 25.99895087465838 26.0666782470599 26.13161702790815 26.19572926052354 26.26747421969054 26.33962890129068 26.41282852055926 26.48864119474822 26.56576168359334 26.64190001037364 26.71662941743555 26.79644845111212
23.72870340493849 23.7835542548362 23.83882072301104 23.89472449252669 23.95024780929751 24.00411685818803 24.05926689871184 24.11096948851294 24.1656882918231 24.21785373398247 24.27237848149947 24.33172355330846 24.39772888489934 24.45921610415637 24.52526938424949 24.58820993349566 24.65085074937652 24.71108643828625 24.77197679790037 24.83353263619366 24.88773011275572 24.94555644802363 25.00546170817031 25.0711429021416 25.13364962467655 25.19809445315213 25.26149175327292 25.32155667260258 25.38370924123176 25.43689615846323 25.49103920077892 25.54121764499609 25.593152137537 25.64060341375925 25.68953432895047 25.73848164250381 25.79000339999818 25.84030698004283 25.8921303540232 25.94321125138956 25.99855766242833 26.0504580358241 26.10142599459 26.15687882947803 26.20726608361272 26.26019682333978 26.31981850454987 26.38140277958238 26.44716860780276 26.5115015619895 26.5790810615677 26.64345560917556 26.70581057770295 26.76993660794445
23.76005289364588 23.82304557439643 23.88078103724599 23.94156435771684 23.99591214340269 24.0507966530548 24.10354475801949 24.15948569535198 24.21518506271098 24.27447749328461 24.33962232500504 24.40664847156677 24.47127512480782 24.53840950031419 24.59948794992525 24.66348202963424 24.7193559484506 24.77455934646508 24.82689099077088 24.89305158789451 24.95677036465372 25.0168689237473 25.07854483276277 25.13649731729101 25.19228492672923 25.24660642883432 25.30104688200023 25.35011858233854 25.39929373944066 25.45106039440248 25.50504530843471 25.56199703901301 25.61612648797612 25.66763346928651 25.71472184814214 25.76488054725875 25.80822206297571 25.85543641924576 25.9073075240564 25.95237719996128 25.99900397078887 26.04796074213923 26.0942020299813 26.13960329171273 26.18758143821091 26.232278380844 26.28079127531842 26.32928271390508 26.3805852389687 26.43681453631105 26.49411457397104 26.54317659567344 26.59807935533038 26.65303463685813
23.67501537914152 23.73258652651524 23.79439208515862 23.85148020032506 23.90705893045765 23.95726041593268 24.01126429792947 24.07128108413479 24.13510343049856 24.20312485615712 24.26508791687727 24.3313288400706 24.38790740728198 24.44826611368363 24.50333395356497 24.56337610449369 24.62882334521845 24.69340262911594 24.75458557195399 24.8107467974457 24.86451728716376 24.91569656447918 24.96328361459972 25.01904169823899 25.07759172140591 25.1354549494618 25.19221674206579 25.24609312652169 25.30031934976203 25.35447774237649 25.40534202206843 25.45542619202041 25.49835061584385 25.53804173948923 25.58719040946293 25.63929326593367 25.68838448216559 25.73971205815447 25.78217633657196 25.82796682103836 25.86916828850947 25.91464546634295 25.95760784294057 25.99567136588405 26.04002197319011 26.0845209800262 26.12375091461857 26.1716201906247 26.21523542635048 26.26028779546071 26.30422528443986 26.34652879446832 26.39583099278908 26.44257022613483
23.46896540980491 23.52170432399321 23.58222830427466 23.63865185762172 23.6922269455141 23.7508097866463 23.81158366602103 23.8769924872428 23.93508097734014 23.99539411042943 24.04601279453009 24.10000625190944 24.1641335208841 24.23090523327643 24.28857535792204 24.35207338636327 24.40298489602686 24.45155897427005 24.50312534141771 24.56439578861044 24.62563506593608 24.68081982729547 24.73748012959588 24.78559555780481 24.83538055572728 24.8866067747588 24.93845825533782 25.0051977270749 25.06057275431335 25.11863460410266 25.17300459386858 25.22124844451657 25.26528868331978 25.31215829758286 25.35281318435386 25.39903046919224 25.43970856017611 25.47879889729581 25.5245845724778 25.56826651511271 25.60977402026815 25.65164918264445 25.69768628504576 25.73660543504407 25.77860068013995 25.81693730052854 25.8554642537051 25.89127926656091 25.92987280138071 25.95826231242808 25.98713944411007 26.02331829921353 26.06367184901134 26.11158668556327
23.14142860822063 23.20040130506177 23.250217661095 23.30682323095265 23.37398311284769 23.43476659232251 23.49967044587944 23.54891654277816 23.60077761401457 23.66832017351228 23.72914645003546 23.78928953317744 23.83671759183391 23.88342955006316 23.9382444197453 24.00160139313342 24.06170052205409 24.11450216239981 24.16616067872346 24.21501400649511 24.26406182309431 24.32621701393725 24.38199902937371 24.43435836947109 24.48412507486189 24.54016573892591 24.59051646510015 24.63830103204145 24.69468355454387 24.74831993964821 24.80506485314369 24.84773465877404 24.89614755949642 24.93903859536438 24.97857076160049 25.02121843189881 25.06092350372803 25.11237781522113 25.15695691489473 25.19896005621737 25.23950428539208 25.27725539299756 25.309781892972 25.34301593468437 25.37530137924748 25.40526895078865 25.43498454505622 25.4615918974125 25.48187038239567 25.51720668639509 25.54226331231337 25.57880898045534 25.61265414869698 25.65373427574336
22.7324538637476 22.79581030131033 22.85001832644783 22.90326386743446 22.95440667216216 23.01336096006859 23.0732226753843 23.13146110618251 23.17730623990589 23.22824225656576 23.2886698186788 23.35038768415523 23.40942843541592 23.45267495657412 23.48984814873856 23.5484025978589 23.60313675897571 23.65522033737332 23.70986654856882 23.76056673950731 23.80834422382973 23.87051919704276 23.93118653231994 23.98102803630005 24.02784203960405 24.07380392752135 24.11975003742151 24.17281350539608 24.22373781734435 24.26330468594335 24.29117811239145 24.32023115947714 24.35066836766078 24.38519119243331 24.41605294291271 24.47970607703154 24.53268930803243 24.59210085940134 24.63591127320468 24.66807768287993 24.70549071399363 24.73073214775517 24.75967439212471 24.78365244223507 24.81007151387811 24.8381409495726 24.85888179271785 24.89015938439703 24.91957012671652 24.95625144379106 24.98402198437203 25.01633741270901 25.05375989126405 25.08920736484307
22.22741281885146 22.27375447463864 22.34184068485373 22.39981867833151 22.44975837781257 22.50691096342313 22.55663846983946 22.6082327187041 22.65435371052459 22.68356261842999 22.7433469015761 22.79602403656869 22.84037409696611 22.89147198011361 22.93072539307085 22.97840263599484 23.03468481631647 23.08082865643125 23.12411775526081 23.17971047546015 23.23543918626633 23.28770926156187 23.32940297507771 23.35337035847079 23.39839927682776 23.45074942471492 23.50869589109587 23.55307972421934 23.58056909301355 23.6081670207882 23.63243675667014 23.66478264976296 23.70071323558691 23.73391880760301 23.78167659731792 23.83108242385061 23.87025941492633 23.91856231515387 23.93720325885589 23.97892931866829 24.00845585621249 24.04364210114455 24.04992088009034 24.07798981216765 24.09802481731584 24.12441293056058 24.16626769110498 24.1927382467785 24.2125150611873 24.2248987287452 24.24308862559491 24.27574830302102 24.30953110463578 24.35668426353651
21.55854877062691 21.60281796042731 21.65263364347291 21.704899906643 21.74306365956186 21.7898975285478 21.83956172982916 21.89125327239259 21.93362827864662 21.98984869458832 22.05271779176114 22.0900169592444 22.13839612392678 22.20039342015119 22.25045839336611 22.28928149777145 22.31689796377564 22.36132557278011 22.4079824445689 22.44940189863421 22.49012555254016 22.52242742695623 22.54735421024746 22.57957675890946 22.59693799829096 22.63932635414957 22.69497838627735 22.73900351537878 22.7780551506131 22.79596410560042 22.80237309416856 22.81793191062884 22.84399579732146 22.90223101534298 22.94440779557494 22.98462669353464 23.03167525931397 23.04573915109094 23.06988718348784 23.07255689216662 23.11785591753631 23.14207949681455 23.18839376285227 23.20034056610822 23.21506291108288 23.24583917098925 23.25455012874793 23.26305461581975 23.26529896955897 23.28226733992251 23.30893843637962 23.35589927019075 23.4127821662184 23.47123736542314
20.74315690207577 20.77304885011307 20.8054136343813 20.83058005192205 20.86806137121157 20.904790746426 20.95164816899606 21.01211191032082 21.06855864383979 21.11520197638437 21.16473486128669 21.20919729201113 21.25404873214913 21.29594379449581 21.35044083767152 21.39423144006759 21.42288354446297 21.44771536745518 21.48189543587223 21.52222645654269 21.57263190233585 21.6133350191096 21.66305196384815 21.69565482266477 21.73898969031481 21.7522151397957 21.78169609850089 21.81826320080082 21.80327452753609 21.84385556413378 21.85372097711817 21.87022939995328 21.90706167307599 21.92612386526548 21.95625553755195 21.98352734595055 21.99158725709325 22.01548638347623 22.03690621064894 22.03820670264103 22.06466331039815 22.08265555733416 22.11290158981516 22.15847774796114 22.19845734121076 22.23904600830303 22.26577491915604 22.26218080726864 22.26445289480776 22.28996468184528 22.32443926336186 22.38546359075423 22.47724629909319 22.56234478769019
19.84367642652381 19.88487399562757 19.97620191926758 19.94150009796859 19.97765426624513 20.01163968496676 20.05844374810035 20.12879624602858 20.18990105858944 20.2242998516577 20.2356017101029 20.24610160758142 20.26257002931416 20.25604077265891 20.29872358973238 20.33557696514801 20.38432095469038 20.42521187069459 20.4497885418566 20.47268831619598 20.50981920468478 20.54160510392169 20.57183788456265 20.62178893102166 20.65438137019349 20.69300356996109 20.70856667550179 20.69218226893811 20.68614457592025 20.70484223755693 20.71397434272663 20.71779575509743 20.74279746858878 20.77081455680462 20.7797908728287 20.79967914819636 20.7994594462091 20.82363670252861 20.81369647598426 20.84066619071171 20.87763864888628 20.96235550834254 20.99427196087828 20.98045358954143 20.98227284789457 20.98998145937718 21.01999664026897 21.0588180505306 21.07088074735238 21.12249400678829 21.23024536773318 21.37314071770232 21.46452026653438 21.56663017186352
18.85362021613114 18.89956412806949 19.18023555963261 19.10222699427405 18.97481036915146 18.98876736447631 18.99742600244008 18.97579182771237 18.99600270480314 19.05570034679779 19.0994686555683 19.14022393843174 19.17304292983661 19.18791873381986 19.21904722772523 19.22575553825711 19.24659652310567 19.26440178732825 19.24923750502602 19.25128157196286 19.27693188936555 19.31652077593128 19.34705903402321 19.3504537908612 19.35488702607849 19.34205101609284 19.31759391959886 19.27854596738663 19.28745700681533 19.29098145585786 19.26854102077665 19.2703580866928 19.26454423469739 19.31249283873235 19.3755839244894 19.41981205110397 19.40431644977601 19.43287572611571 19.42690637973531 19.4866306546384 19.50525214108913 19.52889216452359 19.55255466025532 19.57668579496621 19.62647343478321 19.65039273485767 19.71947332151403 19.7756776934929 19.83161790298783 19.89268197259829 19.98545683754852 20.12037721749121 20.20120667351743 20.32042854734964
17.62939777393171 18.12823894934477 17.86924857498688 17.73682644747593 17.72057670844449 17.73776976229991 17.73324882746539 17.74602420147383 17.7531945436259 17.76149341322632 17.81057370780236 17.87304670833785 17.90922368768716 17.93870715130283 17.93552770737487 17.94165644185963 17.92493865206603 17.95632623529558 17.98588788809388 17.97135435623997 17.96957171127056 18.03718678970015 18.11903534996553 18.11055542095326 18.04214260338395 18.01063000270339 17.96097702790658 17.9603534794526 18.02087378549817 18.02806942762056 18.04957358406881 18.01876132337115 17.98712330368875 17.96300170100586 17.94543553600409 17.92039243589897 17.88333439041116 17.86817833667159 17.88054774833657 17.84579548596242 17.83911403467638 17.90822458954224 17.96991879247957 18.01045066424822 18.08650507894378 18.21378478416065 18.34682951360786 18.42901038072899 18.44989163448744 18.48543501965732 18.63336106675693 18.75733074808664 18.88430378538079 19.09114864592912
16.15718720925245 16.23223420618991 16.29076916275838 16.46586028344022 16.35140519132736 16.3750849581645 16.37234068553295 16.41065283463849 16.45579771950385 16.50613903616525 16.52426489154992 16.5135633720752 16.58010433053171 16.67697975724545 16.7592968859619 16.75044924504911 16.71194313328157 16.6716429590507 16.74202372078077 16.78422797264371 16.80198080147408 16.73489283360237 16.64930644569701 16.66210941689112 16.65784459760326 16.60215395152278 16.56464866826967 16.5463234330529 16.51682910480223 16.49454201207784 16.44296575810163 16.40292992695408 16.36412411932574 16.33845564737788 16.33869391943274 16.3733852284755 16.43051802663429 16.39045914793082 16.37766956500147 16.47885437402028 16.52877855273076 16.56018775236185 16.52323980904393 16.45547231680934 16.47332798173323 16.6823758474284 16.84925883609571 17.29107837828503 17.54033903900277 17.60561547597193 17.57559927969502 17.65223881703172 17.64609644309946 17.71754918289325
