benchmarks/avaHockeySmallNullTest/release1HS_8bfc07aae5_C_M_null_dfa_ppr.asc
ncols 1001
nrows 401
xllcenter 1000.00
yllcenter -5000.00
cellsize 5.00
nodata_value nan
[rows 168 to 191 of 401, columns 540 to 593 of 1001]
0 0 0 0 0 0 0 0 0 0 0 0 0 0 0 0 0 0 0 0 0 0 0 0 0 0 0 0 0 0 0 0 0 0 0 0 0 0 0 0 0 0 0 0 0 0 0 0 0 0 0 0 0 0
0 0 0 0 0 0 0 0 0 0 0 0 0 0 0 0 0 0 0 0 0 0 0 0 0 0 0 0 0 0 0 0 0 0 0 0 0 0 0 0 0 0 0 0 0 0 0 0 0 0 0 0 0 0
0 0 0 0 0 0 0 0 0 0 0 0 0 0 0 0 0 0 0 0 0 0 0 0 0 0 0 0 0 0 0 0 0 0 0 0 0 0 0 0 0 0 0 0 0 0 0 0 0 0 0 0 0 0
0 0 0 0 0 0 0 0 0 0 0 0 0 0 0 0 0 0 0 0 0 0 0 0 0 0 0 0 0 0 0 0 0 0 0 0 0 0 0 0 0 0 0 0 0 0 0 0 0 0 0 0 0 0
0 0 0 0 0 0 0 0 0 0 0 0 0 0 0 0 0 0 0 0 0 0 0 0 0 0 0 0 0 0 0 0 0 0 0 0 0 0 0 0 0 0 0 0 0 0 0 0 0 0 0 0 0 0
0 0 0 0 0 0 0 0 0 0 0 0 0 0 0 0 0 0 0 0 0 0 0 0 0 0 0 0 0 0 0 0 0 0 0 0 0 0 0 0 0 0 0 0 0 0 0 0 0 0 0 0 0 0
0 0 0 0 0 0 0 0 0 0 0 0 0 0 0 0 0 0 0 0 0 0 0 0 0 0 0 0 0 0 0 0 0 0 0 0 0 0 0 0 0 0 0 0 0 0 0 0 0 0 0 0 0 0
0 0 0 0 0 0 0 0 0 0 0 0 0 0 0 0 0 0 0 0 0 0 0 0 0 0 0 0 0 0 0 0 0 0 0 0 0 0 0 0 0 0 0 0 0 0 0 0 0 0 0 0 0 0
0 0 0 0 0 0 0 0 0 0 0 0 0 0 0 0 0 0 0 0 0 0 0 0 0 0 0 0 0 0 0 0 0 0 0 0 0 0 0 0 0 0 0 0 0 0 0 0 0 0 0 0 0 0
3.145357731603763 3.732160896993423 4.413537872299041 4.818910461519328 4.960199258357474 4.960199258357474 4.807941438296841 4.245289462290101 3.291549467574383 2.881254134425301 2.871933696264554 2.854505991558198 0 0 0 0 0 0 0 0 0 0 0 0 0 0 0 0 0 0 0 0 0 0 0 0 0 0 0 0 0 0 0 0 0 0 0 0 0 0 0 0 0 0
7.857086955571571 7.660128175424222 7.870436322382924 7.995306920519162 8.00830342445979 7.929901409326348 8.17819511951326 8.296991032354798 8.249093731677442 8.170382273099817 8.170326400905688 7.618762493628316 7.641622032972052 7.220045871998536 7.114883589305104 6.70730021283987 6.524950636750103 6.524950636750103 6.517954298974074 6.503484887677945 6.525745053478698 6.842766562735214 7.300260670389355 7.871053989581307 8.440562492845999 8.954198933643218 9.295784963066447 9.458166796549097 9.458166796549097 9.438675215242334 9.243514729065307 8.818711112678773 8.516689667116003 8.35250966793245 8.126999667565752 7.629303605236491 6.867109293725732 5.907042835748748 5.004320568227126 5.359771711251932 5.690363253017434 5.690363253017434 5.436873455523862 4.4235224787754 3.725088552554013 3.677823772621924 3.457898077564308 3.272167116561304 3.376426317514456 7.872866222762269 7.872866222762269 7.825722547461776 7.553983434404299 7.293515331667161
8.648854316466268 8.638010954463995 10.47999422004012 10.73301739060093 10.84288721483782 10.73795681827571 10.46467114978947 9.870586214645259 8.815581769834946 9.215290253515695 9.478243529595531 9.478243529595531 9.050816306325025 9.181967410858546 8.652279960541094 8.688906643118596 9.735173041879758 10.91977791005849 10.79654403735596 11.48486344592517 11.60396080264531 11.53576235944101 11.68213758921084 11.96212132791821 11.93548742899641 11.71464685624203 11.41467393469156 11.37066115319192 11.40450498480305 11.34122010476718 11.19980799017036 10.97790619694709 10.64729784896544 10.23634737276406 10.53672871544909 11.12722535437232 11.33329909083377 11.44168690404221 11.47497947693437 11.43027463047245 11.2956697473152 11.02667957820341 9.455759092511801 8.850444470871869 10.87126131160739 10.60737689507544 10.17848539440109 9.443096599123511 9.328789120985302 9.3287891209853 9.118139632754831 8.512087983588238 7.811527259882689 8.325128986330853
10.76796823292894 11.53157184427582 12.72312354600641 12.79415587167501 12.52749235758741 11.98880671085072 11.07593073248023 12.29683844033363 13.09242801247826 13.5123830915764 13.40975980705673 15.1406689889216 14.95385948036269 14.46526032424747 14.30019831783676 13.26401758194683 13.1888175443696 13.20704234151225 13.08877386586209 12.69992756775307 12.3934341089028 11.77230011001536 11.97740271949262 12.24200491110157 12.46068685529608 12.39019313251844 12.11775711330335 12.01580014481156 11.83365753780118 11.82291076117951 11.87397309667695 11.87397309667695 11.56880130411981 10.92823155274632 10.7889841896725 11.12722535437232 11.41483626355224 12.04688627251244 12.04688627251243 11.58564269861218 11.2956697473152 11.06125008156769 10.78035566838146 10.33097681913398 10.29127868781955 10.08648957954766 9.834480656447964 9.830805707480135 9.419705583694929 9.3287891209853 9.118139632754831 9.331121895540273 9.814114268379313 10.14411376089545
14.11049555999346 14.54441193437201 14.31975814916425 13.92720384367447 14.35125284602126 14.58088447895085 13.5937367059924 13.92480291675168 14.12088192850809 14.29592582619928 14.46258631976361 14.60477812780864 14.69120964533402 14.4779970465988 13.97281251770407 13.77791150744901 13.75388116947969 13.65709486555441 13.57336703172669 13.48296864197309 13.1651721589772 12.76858153489883 12.37406853522885 12.27896627825417 12.26790207004156 12.20070845960827 12.12458764716095 12.22669797406265 12.47152924223586 12.72865050734123 12.62762630084496 12.48021522166745 12.05571283732101 12.11327268393284 12.26088181076621 12.30671041765465 12.21501214379377 12.24278247299818 12.11213795649769 11.95679638905183 12.09038259029228 12.53321151099266 14.02692376412869 14.08612837584243 14.22178484433606 14.2278737500534 14.0801835220804 13.43846869108546 12.29787594044184 10.87849268998216 11.61546124285712 13.36211295806416 12.89458832940951 12.77546955430203
16.45186081353183 16.30649759048253 16.56202070873412 17.31604448674615 17.49604861801791 17.22020444552667 16.15873338637587 15.41729830713235 15.19730485503902 16.69669908466651 17.64944747127883 18.93707991583384 19.37870215469194 19.23711630720368 18.96605029655858 18.95409382751555 18.55704609814823 17.79717024314593 16.60860921744858 15.31519662769262 14.16072099746941 12.96089258240308 16.42355070959698 15.90122477966692 14.12439829307511 13.01049803585643 12.87614772265593 13.16563849078177 13.66748140018327 14.07311793005689 14.35372437811259 14.49372200307492 14.53959213740739 14.42186474868846 14.44278463705177 14.52577651374795 14.57982149503358 14.55434709653407 14.54047843491542 14.55027879324837 14.5345743143126 14.5240293738862 14.54521802084424 14.42494623723171 14.17936521091318 14.13331510437838 14.13642275482859 14.25782833405513 14.21819317445432 14.0570003653025 13.89284615002862 13.55524628042456 13.2339032977812 12.98254473941972
18.46392346240826 18.6565521909981 19.06446336726327 19.23782129373041 19.40598838762343 19.45812688445655 19.32298778289685 19.32537811281657 19.42352444311862 19.71346124337429 19.9793755860067 20.04049126040584 19.91461912788565 19.96457436874547 19.88481879248784 20.28810550904361 19.65659727720973 19.1435558545983 18.6934860763918 18.824534848656 18.82279037463467 19.05487398372069 18.88880668597163 17.83138775934869 17.17564406109804 17.07541327075143 18.98527892336009 19.63188067440696 19.57727133738478 19.33743373371876 19.23510941415287 19.01290749648923 21.64969814477785 22.81740369388971 23.08128100500413 22.76560730772862 22.01918441444986 20.78838497282932 18.95524925732275 17.17362793339024 15.60665129787713 14.94210611479058 14.86565874593782 14.80171725032633 16.63905002717475 16.91481808985129 17.85165462120801 15.56600511791492 14.82626223430929 14.23386469569646 13.82781515469346 13.75874767274814 13.75666727795397 13.7362266856387
21.0657653114272 20.46109721086817 20.13072922133958 20.01963056011551 20.05906962879343 19.97463683072821 19.98201153817714 19.98330923029502 20.38188858881949 20.73601843395588 21.16143022211356 21.14128495740293 20.89024916310643 20.9287169999975 20.98282708927286 20.70199666082352 20.47486820668505 20.32221846543583 20.45746605956776 20.62771846450579 20.79217882460833 20.87496596141017 20.98414092379259 20.98664923938691 21.01923534951777 21.03381077588494 21.21957638259282 21.45605608149894 21.42592563166811 21.46072785595423 21.52789189976712 21.87131309269582 22.39782380817688 22.68485196281225 22.74114258440141 22.93174824806828 23.34103986936986 20.89952212163635 19.39778866325802 18.57435770527891 18.24201818699313 18.40711537849937 18.62899134649698 18.84745151017155 18.88379436000275 18.9935686929216 18.81649665078681 18.93665083019085 19.01291436592651 19.30785619622801 19.50636623830088 19.21376875619544 18.22200883872443 18.01544556739963
21.30699412022678 20.81026736540349 20.62532347598956 20.60839688825249 20.5932228568781 20.615667141145 20.90478859665881 21.3558690983861 21.66601331870934 21.92440587090451 21.94544503250101 22.05105218014739 21.5246567077264 20.94569917217398 20.70892990020494 20.7742744462791 20.83710947005251 21.07081504640937 21.30725978381246 21.62733587637307 21.59603934566865 21.44812012501438 21.29813234745958 21.26262791927945 21.34390800070724 21.52369286818781 21.58840056051155 22.0175048453577 22.27361297803416 22.29604477759942 22.53894380485266 22.72576205156698 22.95491324155704 23.27881586418522 23.48233471129367 23.67946914724027 23.41387579123315 22.7754875228337 21.7535933167505 21.60510527174643 21.52892556509397 21.30094564712999 21.13796732054863 21.45086863568708 21.80461176874973 22.03704562830538 22.34392186291509 22.36776635325441 22.25785359271189 22.02710430323029 21.77645580728562 21.63557199344647 21.63917950760585 21.70966502224243
19.37180038745534 19.20350581707328 19.32155475603399 19.7510408505902 19.86278081182162 19.81188143328793 19.51147071731479 19.8223709277109 20.04501775326575 20.32962914670451 20.33101658036261 19.9356587608981 19.67637292534133 19.58049671537593 19.94061028076645 20.10766261382347 20.21353263971329 20.53137555338696 20.91915672658064 21.09009260206871 20.99472084264559 20.82309154757847 20.78259757761241 20.84611087925299 21.00024775742858 21.25905007448854 21.79302690131826 22.06773419542692 22.12312298261559 22.02261958052682 22.09248770028197 22.44176715870189 22.65585022829277 23.05812013760497 23.51519884447828 23.89345218051914 23.83033799653724 23.39310796078282 22.73831276927998 22.8568473092766 22.96156358482176 23.09702684609763 23.24629451171006 23.56107559080417 23.96560308345546 24.39969821851799 24.75600626241318 24.83892362710452 24.77791265800717 24.62478622528767 24.67772825043648 24.7368148055344 24.89294583763558 24.97028476149881
22.16867723441539 22.11477314203369 21.79546202931471 21.49097290172945 21.62346640623755 21.71171255511945 21.51475153831743 21.31227003947041 21.19263990983594 21.57080482148364 21.53989139643176 21.30661032756493 21.02865218939516 20.59152766000435 20.48176230927285 20.50204780413347 20.84044695588696 21.21357004796966 21.53913378151946 21.58813204791484 21.41430523388959 21.08587692379281 20.80320241193465 20.73407897655396 20.69364831163437 21.03591732046812 21.39732722439773 21.50654381196903 21.48827844387433 21.38012966796816 21.29321477321346 21.2581374949888 21.42675715490348 21.66818579495247 21.95711834559082 22.32244687431437 23.0319386336556 22.86476610542105 22.89722782205609 22.84738605385176 23.01052062845145 23.14685562415825 23.27899440816961 23.45526948915811 23.7540451927085 24.06073755066377 24.2549056971665 24.55385972653032 24.52385351839559 24.40367834087379 24.26881127926662 24.37814300152482 24.57801178329251 24.76254243775438
26.51830547519087 27.02729598697492 27.40009439219341 26.97636548569096 26.25583933117709 26.40662867820535 26.33370286266415 25.91339672680891 25.14395602697872 23.99505584464737 23.37610528452619 23.39207676246162 23.41947348322541 23.40608600588889 23.34836059962361 23.17128149110744 22.73325902442511 22.60407437010905 22.35510148958649 22.46126716256815 22.89050851820879 23.24156109896884 23.5395705478552 24.24798262291173 24.71516094528882 25.24882894682518 25.40761692171561 25.21053346373159 24.76041357000782 24.15561685523052 23.87209088238162 23.87923321254187 23.9581402764172 23.93716129549521 23.98099967854329 23.92368916325487 23.67953670199001 23.74294954937333 24.02832589283959 24.53981623433818 25.02615967796147 26.35006466211509 25.37077315634216 23.94860020931065 23.07539009158412 22.49377558121082 22.50074257321959 22.68834910485419 23.11366098448569 23.60640971915018 23.68731344763848 23.82602729863319 23.62717188046843 23.45619480143761
28.80418953894396 29.43380414189851 29.57710198473496 29.38120090550053 29.13655734195158 29.49996051709026 29.78321301318965 30.14201752054788 28.97920809947633 27.88332917245272 27.59130160793371 27.66863073181597 27.70588236434114 27.49282712242955 27.25287497081175 27.2311375116979 27.36894845077917 27.50870388177924 27.71637650104062 27.89966425730925 28.00314667254879 27.8575442273624 27.82532907109393 28.20751188347412 28.34013960424522 28.60304982075237 28.11716276963069 27.59790046691033 27.25262214737922 27.05179163795035 27.1137504905339 27.49082500745905 27.60436090258959 27.34155216472707 26.72667432536219 26.69923382880466 26.46915202017256 26.05537311723227 25.98349551235441 26.23705607593974 26.47173223986497 26.4460503737131 26.32680893329852 25.81106779486064 25.23066930074101 24.82477605622509 24.85458447557552 25.17741802821852 25.51932963292121 25.93544507212116 26.38350755000773 26.8343467542623 27.22516205373896 27.00553941580744
30.1932487474483 31.86448591443258 33.134162143799 32.71695858368464 31.13196767165726 30.81542415744764 30.83819185405668 30.3543598334555 29.91585140600726 29.65489537392509 29.72751648488065 29.79881841417268 29.60845891496488 29.42122990577833 29.27216807298261 29.21465034036832 29.34636612380039 29.5614282409814 29.64683857556917 29.73428486583593 29.73773984622262 29.19525720463766 29.16649234920386 29.60475868191273 29.72654267366277 29.54998221751614 28.85767880981696 27.87121047860008 27.3959470886789 27.347920505019 27.66482030176664 28.11466013492261 28.16519733361926 27.90995606469579 27.06393667922408 26.82516716109086 26.38291495907285 25.95675502072297 25.85364679227333 25.94667170636399 26.00193154152177 26.07649464473685 26.26634464394575 26.33612580157265 26.26488878147524 26.1882566933405 26.21968699254837 26.3587092038265 26.55450759359356 26.80158485659484 27.16459978175551 27.53090757247196 27.86863990487468 28.19263737869567
33.66247797509858 33.7963349187651 33.44674451717834 32.99999557881503 36.71682111396038 36.77629509895215 37.58725837866923 36.75886485692509 35.1478501793931 32.86771203954448 30.18518524408338 28.88525822600418 28.49788230937856 28.31549189694001 28.39279857354998 28.15676669953347 27.81481215746199 27.61342204800716 27.31163968438469 27.49229153889546 27.4784915140961 27.11865848572948 27.26871318866194 27.72990374651301 27.87904575115489 27.74920726222308 27.07928848880421 25.91447955812099 25.25659396977397 25.1099272201664 25.66150088849803 26.38261993665293 26.63897265560751 26.29909240418112 25.68152242972692 25.12811375794717 24.59761600019065 24.25326176115846 24.10987800606918 24.24038530540839 24.44337431720035 24.72034353374069 25.10664893808539 25.44527503932618 25.60449542088495 25.73325819714778 25.81760163948813 25.95185492330464 26.0809661041731 26.18339444177376 26.21743395397464 26.55211436722888 27.07690502454136 27.66064158159037
