benchmarks/avaHockeySmallNullTest/release1HS_ea20151544_C_M_null_dfa_pft.asc
ncols        1001
nrows        401
xllcorner    997.500000000000
yllcorner    -5002.500000000000
cellsize     5.000000000000
NODATA_value nan
[rows 210 to 230 of 401, columns 392 to 440 of 1001]
1.199914211719714352 1.1571122847512389509 1.12842921996009804 1.0909398811031296717 1.0294123465261215689 0.9970465599932107903 0.94773556965653038553 0.92036634920541471327 0.87276253394590375123 0.85147139915344238759 0.82707676374882499459 0.81141309098150393719 0.83266378229316495574 0.83215125377836862697 0.8098326627903486008 0.78501205786362515671 0.76086617522813115855 0.75198699890131159851 0.73638771236434619194 0.73143445190473677098 0.7223179246126261166 0.71000220467209462782 0.72532883541566450791 0.72428393830362292061 0.72392674736009343661 0.7181732983251584157 0.70754618004177871615 0.69920429322584387588 0.69170156314955100196 0.68866689054740271025 0.67887370362778876043 0.66745807118589906004 0.64591337552913341558 0.61735591555153235266 0.59145104722319263857 0.58885011026119615796 0.62099718557885352777 0.64420216102652971824 0.65446250125964411382 0.66095605674740021129 0.6563859188401243161 0.63806528941598106286 0.62363687861615768604 0.62642586937723832019 0.62294630935413519701 0.61090250694758296834 0.60659038032648748828 0.60005781641834876616 0.609171590559794085
1.0173318224071703497 1.0352921283027747279 1.031291202676962504 1.0373189021020992051 1.0362547864812357012 1.0095740804464985452 0.98135374806539044101 0.98146054243023550523 0.96961260121782588683 0.95680265081079118872 0.93581484402377157483 0.93249315697524193247 0.90680011655574777052 0.87432915417939838232 0.87525588647657148744 0.86472429444113330099 0.8484033432055498869 0.82549300988857177153 0.81415439230940445103 0.82125445004623964795 0.80315043160698118552 0.80081790083220105725 0.79409176502104894535 0.7811342141520802862 0.77135053789746554909 0.76743574888599785933 0.77594691152792116817 0.78772342446649901149 0.78903926027644444297 0.802492180797438448 0.80305155563724095469 0.80070053776924765554 0.78817774094510906213 0.7797298870102568058 0.77732009441704008612 0.77381681403209878756 0.76241884955961725101 0.74548360066414587344 0.72959190810729190879 0.72900128913620465543 0.73333492377556086517 0.73160509337504397998 0.71489379606104241915 0.69265056651530487741 0.6768353039635122137 0.67416921474742719234 0.66854900167023667557 0.67114176327923491527 0.66648927704750438039
1.0907677827240369606 1.092467757266604389 1.0884124314918359744 1.0939151202315582356 1.0866778144071431722 1.0845772751967719394 1.0713489429275113718 1.0735494494945121424 1.087921401615398409 1.0762216754918274564 1.079373588076216306 1.0679607671905682054 1.0876665145292623293 1.0653991868577357138 1.066292813833306985 1.0508172507971047516 1.0337856374366083401 1.0103037170827899871 1.0264717419236841778 1.0030497682609160748 0.98078145802031357903 0.96869461914591348251 0.95547476738311465372 0.94572159255663190702 0.95518892209590089415 0.95742579415745732163 0.95431077808620246028 0.94070506854296687127 0.91989939849946156247 0.890887264205858731 0.86793610403070253767 0.85260624416805064207 0.83758016344925012575 0.83265957910380983265 0.81088996245404976193 0.79428869934314572099 0.76890234636674015256 0.74072866005328052985 0.71459263422846375224 0.69986909912817452106 0.69012074646094279107 0.68008329352945540158 0.68095789007269680315 0.65276747775022703202 0.64246086850019834547 0.64327259098894806755 0.65285917151592831598 0.68023366072579782848 0.68851168205392698773
1.0754569990509501576 1.0779870512415041794 1.1200013129763266573 1.1413235014394309541 1.1390591804850562774 1.1596152518885720628 1.1498761164590918238 1.1764900626359027225 1.1870418650761371815 1.1922596233158297974 1.1730343653921764258 1.1745051390940033365 1.1743930504768644862 1.1702494244135612789 1.1618272468756338789 1.1636838019509925246 1.1444501673800309138 1.1426038681467065583 1.1414855108969030884 1.1327893250115361745 1.1362349849169603999 1.1091894512327815647 1.1002372963806508199 1.0826827650306276585 1.0759993718974922849 1.0682249558844967297 1.0450098004174823707 1.0187828134163954275 0.99751949645370907582 0.99010559195574832092 0.99656788067695312172 0.98398334919167906865 0.9705505266657745711 0.95788996316321661784 0.93011603250809637977 0.90726328667750788526 0.88521601863601706572 0.8719171391831163076 0.85204099054466342356 0.82088585452696682943 0.80085098928189346612 0.78833846428536269446 0.78449590159497128994 0.79061275607629000195 0.79090720845764961311 0.78652215059616625847 0.78086417297257748604 0.7937441561952786051 0.76854378603007178494
0.88328592960451968175 0.89004943289946991669 0.92109636993678056793 0.96087341165341888516 1.0209526649343425575 1.0624744129231875611 1.0859700105476153276 1.1037544158366330294 1.1264151125150645427 1.1570843453736836537 1.1660949068557384667 1.1501532137437937564 1.1505476751989600626 1.1735596913935746333 1.1821639227750380119 1.1998367945163110893 1.181459797045355975 1.1739500204559674135 1.1679555237651988442 1.1590953956244014478 1.1461593022414826581 1.1208459002920163616 1.1026206303655137209 1.1105199894979902453 1.1135714910321614646 1.093665775251543959 1.0582251406685847517 1.036008320312881148 1.020422217469187709 0.98866334371431474626 0.97500760323117696693 0.96541256262385588549 0.95116636219530759089 0.95651877677325169991 0.93117707290418560984 0.90150391990018097221 0.86199938715479540452 0.82725999365628555271 0.80137011859867568475 0.77139218529351893938 0.7539169800064483562 0.72727206795197052447 0.72027134575139573069 0.71286469732919266473 0.6969086115213153354 0.6951937739555776874 0.6724404401364834083 0.67437662468640935387 0.64129505260058317084
0.80450174471834656753 0.84167750763042059603 0.89129721389394289677 0.94882810737701317461 0.98585466648522634969 1.0040210897966856951 1.0163383724766374971 1.0231708688878342617 1.0194516347754813967 1.0317225082241858747 1.0384757169417011546 1.043782672427483682 1.0413827849433945349 1.0740417371973902672 1.0803904378071855774 1.0797173746335428923 1.0650665862386548 1.0642620477581958838 1.0732558921796382378 1.0675431784027304971 1.0781941783229931353 1.0695924039101549763 1.0520614638791201401 1.0138481622639337054 0.97291338824723005985 0.95213222759472115886 0.95956280132620119794 0.95672921182117753869 0.94285386318505148839 0.91484843596623610651 0.91770200101807164472 0.89269630035540648016 0.85772711163120485267 0.81737521437828175586 0.77404957116013994867 0.75115870832336884 0.73095363255185263895 0.69494885160403818691 0.6433807911033750937 0.60403251707257576975 0.58443871171212524729 0.57424681674518351926 0.57916653036256859899 0.55653554122225379341 0.53451593999384050537 0.53965817598372389785 0.54662321327674923133 0.54651130436701467197 0.52713555782814680573
0.6109806714112832049 0.62112701532577030417 0.64975675889615824854 0.68240547554367281258 0.72072105553971765879 0.73852204402951526774 0.75245135688940167906 0.76117783325358046032 0.77686627388251494608 0.79448778163411537534 0.76979206587333903755 0.73995493986206550829 0.71540944863933941811 0.70775864087515405476 0.70164411870788601089 0.69815340475642739815 0.68894904875716689308 0.67616717991661490217 0.66376701436610385798 0.63181638053587496628 0.63068921348175122077 0.62679335982985462383 0.60731715954512632827 0.60403337713037852374 0.60225211727086502833 0.6059736373581979807 0.60730956853937134721 0.60235237547060382912 0.58798406968794381111 0.57480906889290539485 0.5667746941236407876 0.56446724849776341859 0.56689023984494069097 0.58659952434760009865 0.58670612069986693982 0.60791324001663349375 0.62058024259396038502 0.6106992285112158303 0.60999222388073515155 0.61346699309782815046 0.62941660327504311834 0.6306164868425522263 0.62000209471350664625 0.60550135523608528132 0.59011721197273880879 0.57161678911461266672 0.5774613214892531099 0.5843464822882089571 0.59154697892550300864
0.43585760438885223778 0.45679298157708936312 0.47962806926869505642 0.48623034805278908532 0.49440931834151163882 0.50189519261475368239 0.50354444581181245777 0.49076885554963411984 0.50174812400368340448 0.51687800554832796784 0.51710910953236965959 0.51754377609298296559 0.50763689310733040028 0.49625009130504982302 0.48767029311360843291 0.46400986226541562907 0.42055680562373992659 0.41087146094520016204 0.42122519271771158289 0.44323951340951028843 0.44764515289072748239 0.46910395804228410821 0.50114635439681165519 0.52184457686721474889 0.53068079265564904734 0.53874339426903650185 0.52231901002098657383 0.54309444838522924481 0.54883840440030784436 0.54944830533635713454 0.52544469487251366235 0.53209166867713586502 0.50833802942587802409 0.49363593119293130984 0.50181990832666423241 0.50036622731640878481 0.49176797309664349589 0.47435927089992302452 0.4761986943138729611 0.49041209791133888451 0.51752957561623058602 0.55771720931109236563 0.56621202531992664841 0.58117068441400343559 0.60171264081459152617 0.61734629078493574728 0.65001565854149845336 0.6788131152650369593 0.7006222218365981691
0.41761523377441600591 0.40629110687664127255 0.41695684145700712131 0.43563036493119716708 0.44327085959000278592 0.4665286330699687789 0.47618891305693772376 0.48787783742095230943 0.49453879072153500429 0.49526156749663025058 0.4845762236514879473 0.47037203375051162002 0.48098992113935362669 0.50714241092573020264 0.50805948000768852424 0.50722158334481348696 0.51221097023274952953 0.49631865041977007991 0.4718356760162564778 0.45876297577993435661 0.4437858425891694214 0.42886241499570110225 0.42926476524561529846 0.42392406675977484243 0.42913986456915259593 0.45484474476632197337 0.46752730162861438901 0.49167310788154217072 0.52141979663349613539 0.5369244952372895785 0.54312767025311770031 0.54268570502145307977 0.54766008360632634222 0.56619065506853982761 0.56202419555901805825 0.55944365228525705369 0.55046323397821939061 0.53468546354449308922 0.53109099366986756152 0.53172411479989456495 0.5133784740722020512 0.50045703393302976014 0.51526189941306621556 0.52754643534630474289 0.54260304753738752837 0.56376174869560535807 0.57637529849181246 0.59293913492969196888 0.60646489805777070714
0.40740287012444276193 0.40378259154627071936 0.38195003112948028301 0.35552679363688288738 0.3580500803296361445 0.36712096251473219644 0.36649469465927309031 0.36224793412997008391 0.35605921990440697611 0.37756775785745871898 0.42373401325624449054 0.45670288134598574503 0.46718735832147745279 0.47220332026534894698 0.46845573435475690305 0.44329650163626321824 0.42053018275692372052 0.38833736210308816839 0.42013020240974591202 0.44469392439418164997 0.46361433089397341423 0.46641943303395527742 0.46876662437573662912 0.46027603308849751595 0.44886324043200898082 0.44855593788877579087 0.451341917890930866 0.44376106628379163865 0.42170092456636304457 0.41300031694411221128 0.41799347870882380684 0.41622784468195833663 0.40485207968892222841 0.40496840726238642061 0.40792006566011512758 0.4073645268352492077 0.38659125460492627102 0.37988123989990202345 0.35709310422493339976 0.36217451383251775265 0.36149469323539029642 0.35546039671691437301 0.34614282250168582067 0.33457476906758992774 0.3416247010335639045 0.35139311303280074128 0.36686145497031497076 0.37691289270610861539 0.36416749493279482186
0.39201672419425731553 0.39210066966784962172 0.38826292014861180091 0.39449421180870675174 0.37391730477290008317 0.37580611966177512873 0.35977387585422537786 0.35170793911417141953 0.3564336816263335983 0.36577812076057042434 0.38048904373573722015 0.38895247611305866497 0.39126688897820144364 0.38562042086485154302 0.37740701007180843529 0.36560858373536103683 0.36188098067852858541 0.35386093177569438728 0.36502676553302065843 0.36313375334825304108 0.36450316477538008408 0.37454336573991647841 0.37019509171948800086 0.3657748693003624596 0.34082063004999035849 0.34361537905220018718 0.35621700976087639079 0.35666816731562905884 0.36387940451120037721 0.36527444445247048144 0.36434568494915314796 0.36060723636917302315 0.35505730460749135302 0.35685569177505455096 0.36928625507429380104 0.35988347328219782995 0.36261484339970911916 0.35060056383898346999 0.35512918927008768621 0.34577058675262040133 0.35346347171405162468 0.36785190755049795852 0.37330277609426709695 0.37559413295976457059 0.37337643202637954554 0.37121983915190948089 0.38144572640719509593 0.39255578763535620146 0.3968877424932424347
0.3147637828213072364 0.3065667365574090697 0.30911545139590795861 0.30472949343512950593 0.32109393072827635551 0.33661982121141820201 0.34335398371018055474 0.34158116028131974007 0.35303101235307465799 0.34221099152575679136 0.33752456662855351288 0.33606862241077078979 0.34349099751050271578 0.34417102281884143222 0.33997669069119096363 0.34251627501463988157 0.37005326726494797152 0.3741331497710873033 0.37216907737566018444 0.37114797389709386355 0.36067681848601168548 0.34393886316519434176 0.3241740076228073475 0.32085361284387986514 0.31962847784079551072 0.33177520750870442834 0.32622908138165251923 0.32552634792262385988 0.32722559040704374267 0.32329502587847941397 0.31844949627738627917 0.33193815028099332709 0.3506218500744839317 0.36458674859479256458 0.37050028971935150546 0.38875716608177895983 0.39167315246139322582 0.39027291265187591396 0.39444492340338088709 0.40561067065644768048 0.40900114139974047545 0.41042743848422547082 0.4036279477537560445 0.39817403014500102332 0.38510131648240408797 0.36663940412394074864 0.34393815350911866036 0.32770431536181870991 0.32883407561947325393
0.17387486577906782759 0.1690367919614803871 0.17364102644597359526 0.17024127075480233184 0.17346998648265399279 0.17047627445956595182 0.18349086528198685353 0.18806020028966044522 0.20339291592384148299 0.21319666947124626954 0.21482885619405711619 0.21722485656396745002 0.21860540700419867077 0.20746610841153764748 0.20522208353204512976 0.20130323977047248629 0.20183688100970342827 0.20814139359051878064 0.21778763076470436522 0.22822809097004284618 0.23562722583876052895 0.23723597579064703567 0.23219847130155740755 0.2276313311280442897 0.20845293672525264106 0.19413098784820559395 0.19542245707082497863 0.19083799504898768529 0.19491416840765429797 0.19449481651598585219 0.19088673754443177821 0.19610445705130599703 0.19313719153363040348 0.19483081873022120578 0.19915399119846061149 0.19957258759121918046 0.2079222543660551592 0.2183157150715186734 0.22102032125058426737 0.2354314986362231743 0.2343146935743636583 0.2202717624024886911 0.21483531035124228681 0.22631782206070880092 0.24130773026196966624 0.23910561117673487241 0.24035040355649353594 0.23764540441933945658 0.23182646634880332837
0 0 0 0 0 0 0 0 0 0 0 0 0.00054768465020378740045 0.0020651682978936264715 0.0033060929836501110751 0.0040778142560483820675 0.004438318936300068851 0.0046563886440136922212 0.0047879511342243325292 0.0053371280308994253905 0.0078602936183637048262 0.012543615060457813382 0.018703236067259477321 0.025388381645484014992 0.028874881870655844107 0.032930643530644315708 0.03499410851717986437 0.037492770665206197334 0.038108296562598856227 0.038583119644098363976 0.038051916459804525916 0.03753357353776323041 0.037990360436566991686 0.038492057460202705466 0.038211973535183497985 0.037690903406462195058 0.037840135670014089786 0.038337428058372591266 0.0383753316382900167 0.037850408372104869803 0.037688840988645645746 0.038182772246539473104 0.038537352783328975014 0.038007386768237470809 0.037540988966310175068 0.038032743365702420535 0.03853567278092016879 0.038165634455219622778 0.037645642573583326662
0 0 0 0 0 0 0 0 0 0 0 0 0 0 0 0 0 0 0 0 0 0 0 0 0 0 0 0 0 0 0 0 0 0 0 0 0 0 0 0 0 0 0 0 0 0 0 0 0
0 0 0 0 0 0 0 0 0 0 0 0 0 0 0 0 0 0 0 0 0 0 0 0 0 0 0 0 0 0 0 0 0 0 0 0 0 0 0 0 0 0 0 0 0 0 0 0 0
0 0 0 0 0 0 0 0 0 0 0 0 0 0 0 0 0 0 0 0 0 0 0 0 0 0 0 0 0 0 0 0 0 0 0 0 0 0 0 0 0 0 0 0 0 0 0 0 0
0 0 0 0 0 0 0 0 0 0 0 0 0 0 0 0 0 0 0 0 0 0 0 0 0 0 0 0 0 0 0 0 0 0 0 0 0 0 0 0 0 0 0 0 0 0 0 0 0
0 0 0 0 0 0 0 0 0 0 0 0 0 0 0 0 0 0 0 0 0 0 0 0 0 0 0 0 0 0 0 0 0 0 0 0 0 0 0 0 0 0 0 0 0 0 0 0 0
0 0 0 0 0 0 0 0 0 0 0 0 0 0 0 0 0 0 0 0 0 0 0 0 0 0 0 0 0 0 0 0 0 0 0 0 0 0 0 0 0 0 0 0 0 0 0 0 0
0 0 0 0 0 0 0 0 0 0 0 0 0 0 0 0 0 0 0 0 0 0 0 0 0 0 0 0 0 0 0 0 0 0 0 0 0 0 0 0 0 0 0 0 0 0 0 0 0
