benchmarks/avaHockeySmallNullTest/release1HS_null_dfa_83fbab0a01_pfv.asc
ncols 1001
nrows 401
xllcenter 1000.00
yllcenter -5000.00
cellsize 5.00
noDataValue nan
[rows 168 to 191 of 401, columns 594 to 647 of 1001]
0 0 0 0 0 0 0 0 0 0 0 0 0 0 0 0 0 0 0 0 0 0 0 0 0 0 0 0 0 0 0 0 0 0 0 0 0 0 0 0 0 0 0 0 0 0 0 0 0 0 0 0 0 0
0 0 0 0 0 0 0 0 0 0 0 0 0 0 0 0 0 0 0 0 0 0 0 0 0 0 0 0 0 0 0 0 0 0 0 0 0 0 0 0 0 0 0 0 0 0 0 0 0 0 0 0 0 0
0 0 0 0 0 0 0 0 0 0 0 0 0 0 0 0 0 0 0 0 0 0 0 0 0 0 0 0 0 0 0 0 0 0 0 0 0 0 0 0 0 0 0 0 0 0 0 0 0 0 0 0 0 0
0 0 0 0 0 0 0 0 0 0 0 0 0 0 0 0 0 0 0 0 0 0 0 0 0 0 0 0 0 0 0 0 0 0 0 0 0 0 0 0 0 0 0 0 0 0 0 0 0 0 0 0 0 0
0 0 0 0 0 0 0 0 0 0 0 0 0 0 0 0 0 0 0 0 0 0 0 0 0 0 0 0 0 0 0 0 0 0 0 0 0 0 0 0 0 0 0 0 0 0 0 0 0 0 0 0 0 0
0 0 0 0 0 0 0 0 0 0 0 0 0 0 0 0 0 0 0 0 0 0 0 0 0 0 0 0 0 0 0 0 0 0 0 0 0 0 0 0 0 0 0 0 0 0 0 0 0 0 0 0 0 0
0 0 0 0 0 0 0 0 0 0 0 0 0 0 0 0 0 0 0 0 0 0 0 0 0 0 0 0 0 0 0 0 0 0 0 0 0 0 0 0 0 0 0 0 0 0 0 0 0 0 0 0 0 0
0 0 0 0 0 0 0 0 0 0 0 0 0 0 0 0 0 0 0 0 0 0 0 0 0 0 0 0 0 0 0 0 0 0 0 0 0 0 0 0 0 0 0 0 0 0 0 0 0 0 0 0 0 0
0 0 0 0 0 0 0 0 0 0 0 0 0 0 0 0 0 0 0 0 0 0 0 0 0 0 0 0 0 0 0 0 0 0 0 0 0 0 0 0 0 0 0 0 0 0 0 0 0 0 0 0 0 0
0 0 0 0 0 0 0 0 0 0 0 0 0 0 0 0 0 0 0 0 0 0 0 0 0 0 0 0 0 0 0 0 0 0 0 0 0 0 0 0 0 0 0 0 0 0 0 0 0 0 0 0 0 0
7.965403266918201 7.929836390306411 7.777436340807745 7.633463656286815 7.466009431419095 7.243458905650021 6.990494519310671 6.675883262477186 6.268106425703994 6.158323951037945 6.026166821438347 5.974368515770512 6.012382145527318 7.066655517170048 7.066655517170048 6.832321906461495 6.571356237106336 6.232740311921396 5.92383659671391 5.591566782196465 5.214458786306928 5.109230683630667 4.998994754853988 4.875705253377371 4.712340423416821 4.646257015631003 5.305282753536153 5.819466384338392 6.270923805318134 6.552075671822557 6.715374651851432 6.769523275306623 6.769523275306624 6.695804372362063 6.529828540128881 6.34912894411898 6.189851329003832 6.077955979528589 5.966164983460098 5.803752348551003 5.741139754074748 5.741139754074749 5.738386543404853 5.699281852032168 5.677871116093199 5.659999866678134 5.572983861901367 5.414826880425691 5.216284745178311 4.967776453476247 0 0 0 0
7.895627663344613 7.940379304465786 8.098681386722383 8.128930596323082 8.289578000569703 8.500937193669529 8.36613725240437 8.055211559163544 7.976375307629142 7.858955975032243 7.644490821352511 7.327420836134685 7.210764491383769 7.214275313761214 7.182825246928859 7.084658003346378 6.936183141207991 6.7659270608358 7.04116189966388 7.082412621192883 7.082412621192882 6.830845818774984 6.683913811960344 6.580618988764571 6.466149731381212 6.541596533980645 6.652366982331612 6.714252715273169 6.725004169878257 6.781076057250583 6.822993256744756 6.802911429008929 6.749297059549888 6.660206694076881 6.637960120844553 6.620419846133213 6.528327865233597 6.441861686745226 6.378048851556924 6.325985478450497 6.322548122275029 6.338176607389877 6.310214519876742 6.232032432228832 6.164359666300599 6.130223244161759 6.050017457402696 6.022307340997822 5.628108124350114 5.995169673316177 6.17405994583227 6.146848583538548 5.985676107380546 5.957131255893155
8.372792998298616 8.338256182127051 8.377248435999777 8.399683501905871 8.327043156391804 8.251912186917526 7.985673654936353 7.876521212868326 7.80438161696316 7.703431236261566 7.621584141751752 7.666412698927395 7.617948270091365 7.329471448312003 7.537471117792609 6.965050920120668 6.90660474175588 6.910443952887992 7.071099476167258 7.18609689572972 6.945452894492835 6.746088115394163 6.670953594668952 6.713154665631272 6.756681845816585 7.417058728197758 7.663804418852448 7.668204544249622 7.510102539272083 7.279166057181819 7.018868511345495 6.981230882105026 6.938102837831762 6.81077468465474 6.960392314643732 6.660657885054889 6.386130664909826 6.337616864538601 7.371889199277017 7.558197112158605 7.735109911104948 7.87057845776166 7.921623227897793 7.99746144119406 8.029968968346047 7.994649846228524 7.889873747449469 7.722074599214933 7.621143090614368 7.65526326370682 7.581928385100916 7.379840365279622 7.087833448359593 6.761349872439177
8.992869804622366 8.884338009847243 8.855154702110621 8.847768551450864 8.812944728037003 8.624675589729488 8.430915168533744 8.300217255897234 8.184152935273138 8.046062196497491 8.171952842728679 9.484805928197757 9.461628905601016 9.243106019085154 8.860477339329522 8.100319321182994 8.100319321182996 8.100146506569629 7.94937887380549 8.529438596899739 8.471961256841897 8.083088086135998 7.641602972640955 7.392698351014328 7.422535549315382 7.48114084650303 7.640400762779786 7.600585186673019 7.531696283795153 7.43361589008174 7.45542578049203 7.376825838719741 7.544728346720737 7.661297131979969 7.714648427232243 7.682564707042823 7.569538078002354 7.62187628679675 7.825381109941866 7.825381109941865 7.809989807747435 7.791635452753821 7.838178449386771 7.895637039081429 7.928046846309167 8.005629268583437 8.050093369634196 8.01549779221633 7.927163031049055 7.822342452420583 7.590802148917714 7.379840365279624 7.169108512208212 7.015387864419256
9.650958563901401 9.722527173395397 9.816809842897371 9.883729312524887 9.83890244797966 9.762348559511508 9.475142803312979 9.216608469628515 9.207069475566716 9.245731009967324 9.218126153754598 9.194391070637492 9.126656717000946 9.009266197275705 8.86562669375231 8.761976806060771 8.817714925301825 8.901569200975558 8.873280446586381 8.783292219864776 8.621278456506539 8.524247070881074 8.314675597171862 8.210480718351683 8.247342062624424 8.37757496015073 8.402601402088489 8.37246798940995 8.417931804028287 8.381396079949379 8.402880835282829 8.502296482218487 8.567377299424493 8.610340725350094 8.535422793194833 8.276150620623076 8.174813662633401 8.172250564727237 8.137897136634001 8.032566298709458 7.98151502834682 7.959599358564862 8.002858968724547 8.310339091890636 7.818406152025971 7.547244296227654 7.646332645586187 7.705699730408148 8.074348741649192 8.118504262207429 7.990888393845265 7.713725055614864 7.392325987645235 6.884490829429391
9.459763563964836 9.510518450491062 9.527062852873744 9.479811701032045 9.467351079916186 9.317025692951491 9.118510608017985 9.064124032104145 9.098049976681052 9.140409152723542 9.164536052304831 9.169532412675842 9.184063116842696 9.177517655815704 9.173446521704371 9.1817468592716 9.16033944180105 9.128552099099291 9.126939591372537 9.174200326962632 9.230560169597334 9.229343216308438 9.086766578283767 8.897478497944741 8.863246061050083 8.914875616676506 8.974162959283261 8.96233164710911 8.940833812977859 8.910143417397782 9.15363391282655 8.999025854919946 9.118084948102947 9.157154171810843 9.138875313271528 9.132034194019868 9.149379156741002 9.157162499829958 9.197737439067982 9.175995568099685 9.160499941604503 9.151352209129525 9.120263784584742 9.070045431248708 8.872767589221956 8.730445195315001 8.537667284850418 8.386037765787457 8.265685614720068 8.174675958422958 8.034533683065165 7.890331408509791 7.741431779637968 7.556225118690971
8.938844928665675 8.982793925572365 8.933495428659594 9.033180905872824 9.208537498345306 9.279365994686287 9.239064049476916 9.258544970914075 9.452077764152905 9.471318212033628 9.373983143592975 9.171080429706047 9.127349190058421 9.169051896718509 9.10313243964551 8.956201710115897 8.945366444908748 8.963034853821281 8.920431991972041 8.964386592187168 8.97270503895818 9.106802145339378 9.142302960860683 9.272872044001307 9.450398664725045 9.577439616583439 9.617630818756956 9.557493677493266 9.736796874796383 9.909665713374299 9.910775681307753 9.902821403996345 9.777795818859644 9.529353326683959 9.337185369202336 9.318418414448738 9.289499418847958 9.269684317183815 9.311148016791813 9.540761708620906 9.540761708620906 9.408487403346941 9.395394369056504 9.34583371890121 9.332383163008055 9.529928294640953 9.231094981931985 8.428383942934314 8.241664558090632 8.183135031152817 8.115602634534621 8.297247778500285 8.393249599283354 8.266587587307372
9.675213106367629 9.748172037022909 9.800238357412645 9.879369754994071 9.950648662396835 9.994365187087276 10.15576323304524 10.21906048501553 10.28044336451985 10.23749019552894 10.1593546596566 10.08462277807321 9.976811256548778 9.839315731763131 9.754099858544365 9.748183538641063 9.758781803583224 9.808564663132424 9.865555978762831 9.909258523747054 9.913147097100564 9.922066782769051 9.929611546475467 9.876210764648173 9.933026026521453 9.986319750191253 10.00071523046681 10.06344666297138 10.0762719361193 10.1043171647196 10.15975138535678 10.31501416642431 10.36898432955906 10.2561467572413 10.13285588681115 10.08335809588818 10.1344332232855 10.16470076091833 10.1533617625633 10.15083993862026 10.03823495534597 10.01728071355698 9.937755637413915 9.954065891315246 9.913541980920312 9.819676160141778 9.687330423756647 9.545080112537258 9.337967691293642 9.148656811213824 8.970342825890281 8.960822596954086 8.892399907710665 8.818529189601334
10.33061267862819 10.35787915724455 10.36620023050452 10.44572466598315 10.55060485766769 10.64783973476453 10.74154909585841 10.77517346628514 10.80277807846343 10.7704543534595 10.75005164971273 10.66936059264738 10.54556450747878 10.47279597314492 10.42481485812088 10.36746217284545 10.33501165771851 10.34671193454738 10.36590835085076 10.39961249522729 10.42998282768168 10.47074921891821 10.53757447351745 10.56613081028671 10.60004547497155 10.60981319625009 10.59111508616504 10.57170383820416 10.60829176040741 10.61566361371167 10.61846134716402 10.63310794665833 10.61123955763367 10.57074244293867 10.57603384819778 10.59262978087446 10.65466500067221 10.77488932105399 10.87600221686427 10.959291805121 10.96175510300313 11.07856855824581 11.18705900405293 10.8415258641907 10.51817710411536 10.42683976399752 10.3602200001972 10.33475487354915 10.27013351897354 10.2165313102775 10.07374208712232 9.897648659931123 9.786113510182005 9.685684089646614
10.74000388733943 10.6216582968886 10.46567053261865 10.53087190445844 10.63256932870314 10.72690598212765 10.69940402573642 10.71145994503139 10.72588960471925 10.73496458001452 10.68930019487022 10.58866705762273 10.52358243305166 10.4869844079618 10.45892869897176 10.43906351515678 10.43642410982761 10.43658143128328 10.44758682749996 10.45282662070968 10.44004187233045 10.47889625191359 10.55688297137779 10.59546386873282 10.55415834955436 10.43099746575017 10.45890642781875 10.48487700782154 10.49018018019904 10.44626585646806 10.47841024550399 10.53157297240829 10.54376562982738 10.53664159723856 10.55168856543905 10.52817783551457 10.58004853455681 10.70295767089773 10.79357547654849 10.85305371634962 10.88200161246843 10.88986703047221 10.82620660701338 10.72655784773878 10.57897102545293 10.46853230437281 10.35101761060318 10.28096273309103 10.21685647803515 10.11360268582265 9.918618121899975 9.713501931257895 9.556763810957417 9.379930356590028
11.03450582451325 11.06105527190619 10.9904428432631 10.91130157508739 10.8598615732201 10.81600493561726 10.69120630307368 10.51878743627144 10.51755229860876 10.61532732899934 10.64501508488398 10.8840156250859 11.16005968382699 11.17672738366203 11.06976890819429 10.43505273069873 10.42150795644855 10.43052399183064 10.46388646399384 10.40389779144826 10.30743232185982 10.30125214424822 10.34119734383485 10.34360481593597 10.32084255727534 10.39201895090218 10.51085230397209 10.55166942557032 10.65314833354229 10.77229129292363 10.95568137069322 11.02599997032508 11.12611489740194 11.26316951488628 11.38136093310567 11.43695687562894 11.38941741359418 11.22444390231006 10.94122785394612 11.34446606856767 11.02844550130743 10.60127104961779 10.21332916685334 9.825031712587554 9.807621052381528 9.795007527269762 9.799716619534861 9.819292622005202 9.872711077243768 9.866191856684043 9.860195803656502 9.590605651820647 9.366615247293495 9.085057528398671
11.55749363503626 11.53958857583988 11.57578377603824 11.61552206667536 11.54851178802535 11.45003716262772 11.4043365008467 11.40833771411548 11.37654535291465 11.46044796591405 11.61265138648176 11.71369730571917 11.76828768943104 11.76676397103526 11.64538599605088 11.42288545987806 11.01284024945878 10.92486010072244 10.93342559403353 10.91719110958532 10.92111629145971 10.9697158593908 11.01385184171466 11.0530827763408 11.10518650791203 11.13264898469651 11.15768032922504 11.20423818781254 11.25594115452364 11.31734616899824 11.30945676184859 11.31289217226713 11.30305945448583 11.31720759228589 11.38981997403206 11.45538948324037 11.50433868312864 11.56245070633325 11.59696743120291 11.20804081688411 10.80003408789822 10.57896935148163 10.45547612758988 10.48440105494348 10.50286078026202 10.65449245027045 10.72819226453566 10.69559491820309 10.56503547503996 10.32836607818449 9.991887844572535 9.728364736733278 9.465807219329546 9.149330868813406
12.08941276323246 12.10262896923702 12.15038066155352 12.23091886336876 12.18243284589752 12.11461736527161 12.07964398920287 12.08193943005227 12.09482520779441 12.18642977745382 12.33991455462337 12.46275700253157 12.47867014247457 12.41614333848102 12.32187281027793 12.16715548920584 11.89511243397543 11.67144013712276 11.56080862480434 11.53267796522644 11.57090970384847 11.59156827589755 11.62713931825899 11.69372354826518 11.78830112344985 11.8358884728812 11.86041303997421 11.92767601996134 11.98567605767365 11.90682755790426 11.80757664947772 11.71523130567786 11.54729227420964 11.48208024321961 11.55726555255124 11.62978426539553 11.6802004583761 11.63834737406962 11.42480086666567 11.14020450015604 10.88346372025132 10.71323299490782 10.70589999104641 10.7508167214874 10.82372671305546 10.82540776080147 10.81334737543519 10.73796457451884 10.59485557677974 10.35195705185223 10.29568693362943 10.16811322736271 9.9692155963484 9.714425476176341
12.19322369912652 12.22716234956064 12.28471611833663 12.33291025562472 12.30460037291171 12.19957505473712 12.12975068727727 12.14356281509543 12.23668290271435 12.3848867853279 12.52684871442903 12.54686929404888 12.56100446119268 12.42898485392717 12.29722542848128 12.16118477034587 12.02247106679526 11.91402058205241 11.86648030973464 11.86058211139503 11.89950057448563 11.95627707473392 12.00865114672841 12.09974168278918 12.24496886395405 12.31474963999975 12.3125002759411 12.35365746143871 12.45442643792745 12.42156890609382 12.31270982188542 12.18505764916219 11.95222881552221 11.81382590995699 11.76875014152731 11.72122869737007 11.66706689079024 11.48099350317258 11.29730444151088 11.15426642947073 11.09750033179976 11.05523941628805 11.08694985240574 11.15400871915982 11.19790372149387 11.18682637784155 11.14594355203707 11.0923039706277 11.05379374180894 10.94820950639294 10.77314667595517 10.54882553894073 10.30833827035821 10.00619691140812
