benchmarks/avaHockeySmallNullTest/release1HS_null_ref_0.15500_pfd.asc
ncols         1000
nrows         400
xllcenter     1000
yllcenter     -5000
cellsize      5
NODATA_value  -9999
[rows 170 to 203 of 400, columns 154 to 230 of 1000]
0 0 0 0 0 0 0 0 0 0 0 0 0 0 0 0 0 0 0 0 0 0 0 0 0 0 0 0 0 0 0 0 0 0 0 0 0 0 0 0 0 0 0 0 0 0 0 0 0 0 0 0 0 0 0 0 0 0 0 0 0 0 0 0 0 0 0 0 0 0 0 0 0 0 0 0 0
0 0 0 0 0 0 0 0 0 0 0 0 0 0 0 0 0 0 0 0 0 0 0 0 0 0 0 0 0 0 0 0 0 0 0 0 0 0 0 0 0 0 0 0 0 0 0 0 0 0 0 0 0 0 0 0 0 0 0 0 0 0 0 0 0 0 0 0 0 0 0 0 0 0 0 0 0
0 0 0 0 0 0 0 0 0 0 0 0 0 0 0 0 0 0 0 0 0 0 0 0 0 0 0 0 0 0 0 0 0 0 0 0 0 0 0 0 0 0 0 0 0 0 0 0 0 0 0 0 0 0 0 0 0 0 0 0 0 0 0 0 0 0 0 0 0 0 0 0 0 0 0 0 0
0 0 0 0 0 0 0 0 0 0 0 0 0 0 0 0 0 0 0 0 0 0 0 0 0 0 0 0 0 0 0 0 0 0 0 0 0 0 0 0 0 0 0 0 0 0 0 0 0 0 0 0 0 0 0 0 0 0 0 0 0 0 0 0 0 0 0 0 0 0 0 0 0 0 0 0 0
0 0 0 0 0 0 0 0 0 0 0 0 0 0 0 0 0 0 0 0 0 0 0 0 0 0 0 0 0 0 0 0 0 0 0 0 0 0 0 0 0 0 0 0 0 0 0 0 0 0 0 0 0 0 0 0 0 0 0 0 0 0 0 0 0 0 0 0 0 0 0 0 0 0 0 0 0
0 0 0 0 0 0 0 0 0 0 0 0 0 0 0 0 0 0 0 0 0 0 0 0 0 0 0 0 0 0 0 0 0 0 0 0 0 0 0 0 0 0 0 0 0 0 0 0 0 0 0 0 0 0 0 0 0 0 0 0 0 0 0 0 0 0 0 0 0 0 0 0 0 0 0 0 0
0 0 0 0 0 0 0 0 0 0 0 0 0 0 0 0 0 0 0 0 0 0 0 0 0 0 0 0 0 0 0 0 0 0 0 0 0 0 0 0 0 0 0 0 0 0 0 0 0 0 0 0 0 0 0 0 0 0 0 0 0 0 0 0 0 0 0 0 0 0 0 0 0 0 0 0 0
0 0 0 0 0 0 0 0 0 0 0 0 0 0 0 0 0 0 0 0 0 0 0 0 0 0 0 0 0 0 0 0 0 0 0 0 0 0 0 0 0 0 0 0 0 0 0 0 0 0 0 0 0 0 0 0 0 0 0 0 0 0 0 0 0 0 0 0 0 0 0 0 0 0 0 0 0
0 0 0 0 0 0 0 0 0 0 0 0 0 0 0 0 0 0 0 0 0 0 0 0 0 0 0 0 0 0.000234284 0.00372209 0.0103041 0.0162677 0.0212668 0.0269238 0.0349433 0.0435068 0.0510994 0.0572893 0.0619476 0.0672344 0.071355 0.072999 0.0752559 0.0776547 0.0778933 0.0762936 0.0734453 0.0724044 0.0748592 0.0771499 0.0787942 0.0849843 0.0884666 0.0929352 0.0928144 0.0961547 0.104065 0.106627 0.111977 0.11203 0.114427 0.112018 0.114208 0.115014 0.117244 0.123653 0.148499 0.163427 0.172176 0.181522 0.185678 0.187785 0.188725 0.187478 0.189977 0.184376
0.150352 0.153619 0.180139 0.205456 0.220895 0.228837 0.231948 0.232094 0.230514 0.227009 0.221119 0.214649 0.20624 0.206916 0.207826 0.207243 0.218669 0.228522 0.239163 0.252869 0.248884 0.251494 0.256662 0.257396 0.257367 0.255509 0.260297 0.266128 0.270368 0.276324 0.27846 0.289554 0.305134 0.316831 0.322995 0.324329 0.323055 0.318969 0.313743 0.308733 0.304664 0.300802 0.296005 0.28972 0.283616 0.271555 0.260341 0.239713 0.24791 0.250076 0.253885 0.246285 0.25175 0.255809 0.257638 0.255649 0.252247 0.255725 0.27301 0.285575 0.288632 0.328215 0.349015 0.366542 0.388458 0.401358 0.407211 0.40855 0.416849 0.40984 0.418292 0.410891 0.389873 0.373484 0.365052 0.346399 0.349738
0.323294 0.316688 0.309593 0.31532 0.32156 0.309303 0.30588 0.302035 0.307421 0.31041 0.3302 0.344476 0.351311 0.348175 0.341759 0.331444 0.316299 0.301509 0.303449 0.303622 0.312666 0.320292 0.337441 0.352179 0.34149 0.322649 0.308254 0.305447 0.315529 0.316569 0.315653 0.316878 0.315772 0.342139 0.370346 0.369014 0.342439 0.325217 0.376513 0.39159 0.396358 0.392772 0.368387 0.391996 0.414268 0.454196 0.469885 0.456629 0.449675 0.430723 0.408345 0.374612 0.365944 0.3708 0.35396 0.344093 0.362918 0.421696 0.457884 0.472735 0.467382 0.464745 0.430728 0.402548 0.357637 0.381542 0.391553 0.387233 0.361687 0.338734 0.365185 0.390593 0.397882 0.41961 0.412037 0.411157 0.405946
0.413491 0.417234 0.407658 0.389978 0.389748 0.37975 0.39635 0.401829 0.393561 0.400059 0.410983 0.427596 0.438891 0.451256 0.44326 0.427767 0.411629 0.403199 0.394481 0.404147 0.44289 0.468769 0.48857 0.49457 0.486337 0.470602 0.45131 0.446196 0.438998 0.449758 0.486699 0.49098 0.489243 0.47971 0.48231 0.516151 0.56226 0.593744 0.611616 0.610762 0.597091 0.595648 0.576964 0.543725 0.550025 0.551744 0.557763 0.569239 0.560293 0.554985 0.527798 0.491827 0.450601 0.443833 0.468181 0.475724 0.470002 0.469067 0.465269 0.458584 0.459457 0.460526 0.46121 0.465801 0.455543 0.447029 0.440484 0.441102 0.46193 0.504632 0.509352 0.503707 0.483558 0.523677 0.561757 0.590095 0.59366
0.561153 0.573499 0.57329 0.545912 0.546572 0.537029 0.547628 0.533383 0.525 0.522447 0.502035 0.493287 0.486094 0.51172 0.531867 0.544324 0.546209 0.538665 0.536083 0.548979 0.536181 0.51878 0.530772 0.541524 0.533696 0.545204 0.574161 0.590562 0.589174 0.59494 0.634217 0.680661 0.71515 0.725808 0.711864 0.710394 0.713287 0.709091 0.723067 0.699235 0.703746 0.720586 0.715556 0.701866 0.667031 0.620973 0.601816 0.612622 0.627534 0.648119 0.669336 0.665089 0.679645 0.666116 0.641523 0.621879 0.588506 0.56375 0.588628 0.602408 0.615091 0.613622 0.605299 0.586387 0.58358 0.616025 0.65425 0.687796 0.718412 0.742343 0.770042 0.779313 0.78927 0.775485 0.772899 0.794772 0.802139
0.724781 0.729683 0.712402 0.702585 0.685296 0.692122 0.661437 0.662837 0.653698 0.627983 0.618462 0.636782 0.636754 0.624045 0.638247 0.598571 0.611369 0.596614 0.602044 0.633733 0.648592 0.641711 0.627085 0.641416 0.657606 0.647294 0.645118 0.622558 0.645592 0.658614 0.697693 0.719106 0.744173 0.762849 0.771224 0.789477 0.79598 0.793824 0.797801 0.78524 0.793133 0.792392 0.815525 0.83157 0.799106 0.798483 0.816524 0.824251 0.801106 0.796284 0.79946 0.78169 0.745598 0.709535 0.709515 0.703639 0.69339 0.666059 0.655992 0.662828 0.704007 0.71602 0.707971 0.722784 0.764832 0.793347 0.789942 0.797187 0.813901 0.832532 0.869529 0.909329 0.934261 0.974539 0.989717 0.992467 1.0097
0.813686 0.804127 0.778153 0.784172 0.776624 0.756146 0.779148 0.800077 0.834927 0.835803 0.845087 0.831281 0.820144 0.829092 0.830729 0.852499 0.857838 0.819822 0.826883 0.81559 0.81121 0.756368 0.780061 0.793637 0.775273 0.775486 0.781404 0.801153 0.824765 0.82977 0.847779 0.868725 0.879982 0.904065 0.912696 0.889395 0.875202 0.866751 0.861263 0.852778 0.860583 0.885237 0.890772 0.897308 0.910439 0.896965 0.875424 0.845459 0.834688 0.838335 0.839331 0.848902 0.85008 0.839512 0.813385 0.823546 0.84004 0.863135 0.856999 0.847533 0.861873 0.875874 0.863781 0.855949 0.825812 0.808585 0.838432 0.901058 0.968502 1.01208 1.04891 1.08178 1.12037 1.1275 1.15348 1.16992 1.18386
0.915876 0.914822 0.963606 0.991504 0.998286 0.972333 0.986028 0.987644 1.00656 0.975603 0.963316 0.95193 0.942892 0.939829 0.96037 0.956685 0.955073 0.939776 0.928283 0.946999 0.991181 1.00448 1.00858 0.990691 1.01326 1.03593 1.02305 1.00141 0.983961 0.958104 0.971359 0.952562 0.909731 0.907059 0.889495 0.862764 0.880195 0.899923 0.918767 0.932387 0.935619 0.945551 0.941631 0.954196 0.96543 0.970488 0.963477 0.959095 0.959231 0.976383 0.967121 0.96736 0.963324 1.00397 1.04211 1.06701 1.08101 1.04096 0.973379 0.960438 0.990031 1.00349 0.980725 0.947845 0.937017 0.958748 0.984913 1.03114 1.04733 1.05864 1.09054 1.11646 1.14179 1.15368 1.18463 1.19424 1.22986
1.10491 1.11223 1.1017 1.10181 1.11734 1.10384 1.08503 1.10293 1.10972 1.11516 1.11799 1.12239 1.13275 1.1496 1.18943 1.23373 1.22464 1.20468 1.19358 1.21677 1.21201 1.23413 1.24572 1.24673 1.25382 1.22771 1.21906 1.23374 1.24096 1.23887 1.22647 1.25337 1.23133 1.23428 1.27706 1.29743 1.24437 1.21468 1.16049 1.15703 1.19353 1.11335 1.14521 1.10658 1.12886 1.10079 1.11561 1.14096 1.16746 1.18536 1.21193 1.23031 1.20657 1.18951 1.18098 1.18819 1.19034 1.19381 1.20659 1.20705 1.1876 1.22662 1.24234 1.23868 1.2284 1.24783 1.24581 1.22929 1.21839 1.22386 1.22229 1.24058 1.26187 1.26224 1.30521 1.30847 1.31139
1.24685 1.26779 1.26447 1.24874 1.25197 1.2637 1.31414 1.31995 1.30947 1.27242 1.29274 1.34324 1.36628 1.35825 1.36197 1.36183 1.40623 1.40255 1.41361 1.41059 1.43577 1.42262 1.45738 1.40468 1.4287 1.43745 1.46178 1.51836 1.48442 1.48303 1.47496 1.5501 1.54638 1.54044 1.50674 1.5317 1.51243 1.53926 1.51598 1.49028 1.4462 1.4539 1.45722 1.46608 1.4148 1.36864 1.39663 1.37423 1.36557 1.38941 1.4299 1.44795 1.45828 1.43975 1.43792 1.4084 1.37212 1.39382 1.40272 1.3727 1.40032 1.42557 1.42893 1.43703 1.44373 1.43402 1.42241 1.40775 1.44021 1.43716 1.42038 1.43864 1.42818 1.44905 1.46247 1.44165 1.45488
1.36844 1.36575 1.38905 1.4086 1.38547 1.39912 1.40828 1.42051 1.47035 1.47167 1.47037 1.47341 1.49529 1.53954 1.52758 1.56228 1.56383 1.56128 1.60216 1.58262 1.60496 1.64372 1.69067 1.67986 1.67708 1.67497 1.70076 1.7054 1.71477 1.78486 1.74207 1.76827 1.75741 1.78198 1.81846 1.7821 1.75402 1.7347 1.72456 1.75917 1.79335 1.76993 1.79452 1.73192 1.7284 1.70385 1.68035 1.70722 1.70498 1.67728 1.59687 1.55636 1.57017 1.61469 1.63024 1.61905 1.63997 1.63698 1.59486 1.60573 1.61124 1.60256 1.59632 1.59463 1.59993 1.63064 1.61739 1.60368 1.59479 1.61729 1.62531 1.6224 1.60496 1.5947 1.61329 1.62162 1.61828
1.48502 1.47118 1.45353 1.44377 1.43757 1.46332 1.51737 1.51625 1.55774 1.5597 1.58975 1.58991 1.63054 1.61873 1.64124 1.66902 1.68922 1.70662 1.7332 1.75416 1.78853 1.75957 1.82883 1.83252 1.87592 1.89035 1.89275 1.90117 1.9481 1.96551 1.92502 1.94116 1.92478 1.93229 1.94592 1.95686 1.98912 1.98686 2.01172 1.98357 1.96279 1.95619 1.97456 1.99873 2.01192 2.01657 1.99295 2.04453 1.98277 1.96338 1.94938 1.92397 1.92216 1.89829 1.82049 1.83938 1.84381 1.82934 1.82151 1.81201 1.81707 1.79781 1.80689 1.83153 1.79665 1.80293 1.8095 1.83768 1.84586 1.84363 1.7963 1.80824 1.86026 1.84469 1.85846 1.81075 1.81371
1.63688 1.60629 1.61415 1.62004 1.63383 1.63724 1.66072 1.65615 1.67684 1.67803 1.69141 1.70119 1.74167 1.73873 1.74093 1.76804 1.76956 1.79848 1.81878 1.80122 1.85333 1.85794 1.88229 1.88945 1.91536 1.91594 1.97332 1.98008 1.98816 2.01511 2.01064 2.04697 2.05983 2.07222 2.08387 2.07241 2.09907 2.13512 2.13016 2.14923 2.18682 2.19053 2.20685 2.20342 2.22222 2.22197 2.20062 2.20576 2.23309 2.25252 2.26243 2.2179 2.19549 2.18928 2.14956 2.08876 2.0499 2.02357 2.00784 2.0027 2.00995 2.03788 1.99542 1.9888 1.97703 1.96536 1.96885 1.99139 1.98821 1.99294 1.99355 1.98436 1.94253 1.94317 1.97781 1.98822 2.0246
1.78064 1.81666 1.80792 1.84172 1.81762 1.85199 1.83419 1.86947 1.83754 1.85767 1.86182 1.87026 1.88906 1.90179 1.90795 1.90917 1.94578 1.97837 2.00494 1.99204 2.03507 2.03763 2.07774 2.08074 2.05666 2.04702 2.06525 2.05235 2.02157 2.06268 2.05051 2.09108 2.10583 2.11806 2.11857 2.16385 2.17889 2.18953 2.19009 2.19438 2.23319 2.24033 2.27078 2.30314 2.31287 2.30638 2.33414 2.32751 2.31847 2.35797 2.35082 2.33419 2.34768 2.37602 2.39438 2.36108 2.34907 2.33566 2.29472 2.24211 2.17649 2.13734 2.19223 2.14908 2.15911 2.16108 2.12595 2.13381 2.1173 2.1622 2.11757 2.144 2.14229 2.14233 2.17921 2.16897 2.23236
1.9237 1.90949 1.94455 1.9364 1.97806 1.98023 2.00169 2.00033 2.00658 2.03386 2.03461 2.03694 2.0526 2.0773 2.07932 2.09028 2.11468 2.11151 2.17363 2.13867 2.19179 2.16354 2.18804 2.15166 2.18011 2.17666 2.17935 2.18749 2.20749 2.19065 2.19117 2.21061 2.16788 2.22003 2.17741 2.21053 2.25577 2.22251 2.27461 2.24445 2.29031 2.26333 2.28097 2.28085 2.24514 2.26968 2.27531 2.31253 2.36049 2.37279 2.42559 2.3836 2.36879 2.36954 2.37508 2.3664 2.38605 2.40798 2.38732 2.38617 2.35546 2.353 2.30971 2.25523 2.24222 2.2094 2.23688 2.21508 2.24766 2.24765 2.25999 2.29914 2.28612 2.3632 2.36072 2.3645 2.39604
2.08364 2.09884 2.087 2.10561 2.08272 2.14502 2.10628 2.16981 2.15875 2.20878 2.18986 2.24514 2.21503 2.23368 2.19399 2.25121 2.17569 2.20098 2.18809 2.23181 2.22277 2.23673 2.21799 2.22894 2.23625 2.2417 2.28904 2.24509 2.31213 2.27284 2.30918 2.31516 2.325 2.3366 2.34648 2.35562 2.33698 2.34787 2.31574 2.35716 2.33722 2.33422 2.33823 2.29158 2.3138 2.32172 2.3389 2.34529 2.28042 2.28626 2.25222 2.2921 2.2912 2.29127 2.31079 2.33603 2.35392 2.37136 2.39086 2.40938 2.42062 2.45103 2.39568 2.40838 2.37713 2.39403 2.37517 2.36352 2.39792 2.39084 2.41038 2.38372 2.43826 2.39098 2.45804 2.43245 2.44194
2.17838 2.16509 2.18095 2.16147 2.18586 2.17884 2.20047 2.18802 2.2047 2.19074 2.23316 2.21483 2.2703 2.23008 2.28406 2.23567 2.29299 2.23601 2.27133 2.26212 2.3025 2.28465 2.31223 2.28695 2.30407 2.32613 2.30835 2.35403 2.31264 2.35682 2.31445 2.34042 2.32197 2.36688 2.35306 2.37187 2.40566 2.38254 2.4376 2.39425 2.43467 2.39597 2.40888 2.38589 2.35043 2.35604 2.32218 2.35225 2.30313 2.28629 2.34172 2.30515 2.3492 2.31047 2.30712 2.3254 2.30699 2.3446 2.34638 2.35387 2.38349 2.37224 2.38679 2.41097 2.39921 2.38207 2.36683 2.31704 2.38112 2.32189 2.3984 2.36785 2.41314 2.39888 2.41741 2.43408 2.42903
2.2074 2.20983 2.22527 2.22791 2.24299 2.25327 2.27387 2.27108 2.2934 2.28811 2.29444 2.29499 2.29847 2.31388 2.31881 2.3386 2.31332 2.33184 2.31487 2.36638 2.35069 2.39065 2.34967 2.39525 2.37359 2.42015 2.38553 2.43584 2.38626 2.4289 2.36302 2.37597 2.35327 2.36941 2.33169 2.34168 2.3501 2.33644 2.36917 2.32639 2.37781 2.34344 2.35419 2.35677 2.32373 2.36137 2.30797 2.33743 2.27863 2.28043 2.28289 2.26614 2.29304 2.28073 2.26478 2.30816 2.28457 2.31432 2.30902 2.34011 2.32553 2.37251 2.37055 2.3726 2.39342 2.35744 2.38943 2.34855 2.41741 2.37883 2.40185 2.39003 2.39517 2.37373 2.39473 2.41398 2.42019
2.35902 2.36319 2.3645 2.33437 2.34163 2.36374 2.36471 2.35647 2.32196 2.34305 2.37742 2.35858 2.3654 2.32457 2.3417 2.35814 2.36878 2.36527 2.32353 2.30067 2.32386 2.33536 2.36936 2.33902 2.31005 2.35711 2.31937 2.36045 2.33119 2.37462 2.31183 2.32983 2.31194 2.33927 2.33232 2.35371 2.35887 2.34089 2.34914 2.31877 2.33979 2.2653 2.31585 2.27134 2.296 2.28813 2.27724 2.28123 2.25219 2.26779 2.26138 2.26695 2.27329 2.31534 2.32674 2.33497 2.30697 2.28332 2.30099 2.30435 2.28504 2.27627 2.25805 2.27248 2.2855 2.30721 2.30933 2.29028 2.25227 2.23333 2.2012 2.19398 2.14356 2.18745 2.1554 2.18193 2.17438
2.51162 2.49747 2.46744 2.51369 2.51168 2.53986 2.55006 2.50431 2.53225 2.54925 2.55168 2.5648 2.52906 2.49323 2.50642 2.51325 2.51048 2.5419 2.51167 2.4864 2.51483 2.51634 2.52919 2.52818 2.51199 2.4758 2.45436 2.48518 2.46933 2.47428 2.44689 2.4145 2.41344 2.42973 2.43499 2.45303 2.42818 2.39921 2.39304 2.39738 2.43137 2.45511 2.44912 2.44731 2.42326 2.47793 2.50207 2.4724 2.43655 2.4386 2.41739 2.46668 2.45636 2.38665 2.45949 2.45529 2.47522 2.46697 2.4388 2.4679 2.45962 2.43164 2.38448 2.31679 2.29278 2.29655 2.29843 2.29123 2.29986 2.27166 2.24963 2.22999 2.14557 2.06902 2.01661 2.0387 2.01401
2.53162 2.58089 2.61526 2.63037 2.62221 2.60994 2.61871 2.64215 2.67729 2.67703 2.67152 2.63216 2.63346 2.65216 2.69445 2.67538 2.6871 2.65684 2.62401 2.66051 2.66539 2.66636 2.65812 2.64648 2.61177 2.61628 2.65496 2.67221 2.64581 2.59438 2.57291 2.56332 2.55967 2.57845 2.60587 2.58665 2.59817 2.54301 2.58115 2.57464 2.57506 2.57563 2.54496 2.52 2.54555 2.55765 2.57566 2.54109 2.51058 2.56182 2.5794 2.59187 2.60467 2.57283 2.62241 2.65318 2.63535 2.59698 2.55789 2.57513 2.57508 2.52919 2.42558 2.36768 2.34014 2.33467 2.34103 2.38236 2.37519 2.36689 2.38537 2.31514 2.24323 2.17098 2.06331 1.97279 1.89904
2.71567 2.72886 2.70973 2.73237 2.76896 2.77375 2.77072 2.75239 2.73159 2.75443 2.78742 2.80465 2.79655 2.77665 2.74648 2.72526 2.75691 2.78835 2.79211 2.79688 2.74639 2.71768 2.71271 2.7572 2.76216 2.77066 2.77083 2.73851 2.65833 2.65089 2.67865 2.70554 2.70506 2.7011 2.70478 2.64766 2.68942 2.71412 2.72432 2.72668 2.69144 2.63403 2.65417 2.67497 2.69509 2.6921 2.67785 2.65464 2.70614 2.74306 2.72026 2.69907 2.70915 2.73909 2.77289 2.77992 2.73005 2.74501 2.76932 2.74572 2.68658 2.5737 2.52407 2.48149 2.44403 2.44051 2.39871 2.38612 2.41091 2.4796 2.45762 2.37306 2.29351 2.17622 2.07356 1.99936 1.91941
2.72338 2.74467 2.73236 2.70882 2.74422 2.77926 2.80881 2.82127 2.83669 2.83347 2.80517 2.84044 2.87865 2.89859 2.89109 2.86059 2.82681 2.79366 2.8262 2.84611 2.82932 2.83763 2.81064 2.78914 2.7649 2.81705 2.8453 2.84266 2.8212 2.82087 2.78621 2.74528 2.77859 2.83311 2.85164 2.84778 2.83272 2.7637 2.75153 2.78428 2.79642 2.7772 2.75518 2.72664 2.75586 2.78642 2.78607 2.79274 2.78036 2.75161 2.81552 2.85559 2.85761 2.82917 2.8172 2.85868 2.8775 2.84408 2.79681 2.76524 2.7624 2.71434 2.634 2.55669 2.49372 2.49519 2.51912 2.54813 2.56896 2.52296 2.48088 2.4159 2.3386 2.21947 2.11082 2.01279 1.89485
2.76303 2.7827 2.77633 2.76042 2.77725 2.80412 2.83218 2.84901 2.83582 2.82692 2.79871 2.81631 2.83765 2.85912 2.86612 2.85162 2.84049 2.80809 2.82228 2.84095 2.83971 2.84807 2.84756 2.83774 2.83025 2.77057 2.81191 2.83071 2.8474 2.85091 2.83474 2.78819 2.7687 2.81543 2.84374 2.85434 2.85678 2.81604 2.77405 2.79828 2.82456 2.85534 2.84901 2.83524 2.79503 2.851 2.85267 2.87073 2.85015 2.79794 2.84702 2.87649 2.88709 2.87203 2.83389 2.84445 2.8736 2.86693 2.80422 2.71414 2.71422 2.71336 2.64857 2.60055 2.54304 2.53352 2.57262 2.60209 2.58484 2.53444 2.42838 2.33065 2.24217 2.16333 2.07258 1.98267 1.88996
2.7601 2.77512 2.75407 2.7493 2.78938 2.80763 2.82879 2.83268 2.83185 2.82133 2.79727 2.83623 2.8676 2.88053 2.86732 2.85625 2.83257 2.79608 2.83579 2.86179 2.86336 2.84459 2.83107 2.79565 2.76763 2.78196 2.8089 2.83308 2.83716 2.85661 2.82389 2.77994 2.78894 2.81568 2.82585 2.81578 2.80262 2.76723 2.75175 2.78541 2.81264 2.81591 2.80588 2.78108 2.77339 2.81271 2.83437 2.8373 2.79879 2.7624 2.79829 2.81496 2.83405 2.79001 2.75596 2.79589 2.79257 2.78468 2.73739 2.68651 2.70885 2.69562 2.67235 2.62324 2.57169 2.5886 2.59292 2.59284 2.52186 2.42392 2.30967 2.22222 2.13849 2.04842 1.95301 1.85113 1.76475
2.62426 2.63853 2.70497 2.71298 2.7444 2.7568 2.74224 2.71333 2.72606 2.75167 2.76242 2.791 2.78468 2.7782 2.74089 2.7234 2.74815 2.78344 2.79343 2.79665 2.78234 2.71517 2.69545 2.7368 2.77639 2.75352 2.7578 2.74195 2.70679 2.69119 2.74708 2.75051 2.7656 2.76914 2.75569 2.74477 2.74665 2.74793 2.77407 2.76279 2.73349 2.6922 2.71445 2.74367 2.78164 2.76421 2.72829 2.68851 2.70164 2.752 2.72815 2.69646 2.67133 2.65215 2.68879 2.67777 2.65173 2.60659 2.5884 2.62058 2.62148 2.58955 2.53717 2.56108 2.55869 2.55103 2.48383 2.41531 2.29245 2.21009 2.13776 2.04336 1.96588 1.90608 1.82051 1.7582 1.70739
