benchmarks/avaHockeySmallNullTest/release1HS_8bfc07aae5_C_M_null_dfa_pft.asc
ncols 1001
nrows 401
xllcenter 1000.00
yllcenter -5000.00
cellsize 5.00
nodata_value nan
[rows 168 to 191 of 401, columns 477 to 529 of 1001]
0 0 0 0 0 0 0 0 0 0 0 0 0 0 0 0 0 0 0 0 0 0 0 0 0 0 0 0 0 0 0 0 0 0 0 0 0 0 0 0 0 0 0 0 0 0 0 0 0 0 0 0 0
0 0 0 0 0 0 0 0 0 0 0 0 0 0 0 0 0 0 0 0 0 0 0 0 0 0 0 0 0 0 0 0 0 0 0 0 0 0 0 0 0 0 0 0 0 0 0 0 0 0 0 0 0
0 0 0 0 0 0 0 0 0 0 0 0 0 0 0 0 0 0 0 0 0 0 0 0 0 0 0 0 0 0 0 0 0 0 0 0 0 0 0 0 0 0 0 0 0 0 0 0 0 0 0 0 0
0 0 0 0 0 0 0 0 0 0 0 0 0 0 0 0 0 0 0 0 0 0 0 0 0 0 0 0 0 0 0 0 0 0 0 0 0 0 0 0 0 0 0 0 0 0 0 0 0 0 0 0 0
0 0 0 0 0 0 0 0 0 0 0 0 0 0 0 0 0 0 0 0 0 0 0 0 0 0 0 0 0 0 0 0 0 0 0 0 0 0 0 0 0 0 0 0 0 0 0 0 0 0 0 0 0
0 0 0 0 0 0 0 0 0 0 0 0 0 0 0 0 0 0 0 0 0 0 0 0 0 0 0 0 0 0 0 0 0 0 0 0 0 0 0 0 0 0 0 0 0 0 0 0 0 0 0 0 0
0 0 0 0 0 0 0 0 0 0 0 0 0 0 0 0 0 0 0 0 0 0 0 0 0 0 0 0 0 0 0 0 0 0 0 0 0 0 0 0 0 0 0 0 0 0 0 0 0 0 0 0 0
0 0 0 0 0 0 0 0 0 0 0 0 0 0 0 0 0 0 0 0 0 0 0 0 0 0 0 0 0 0 0 0 0 0 0 0 0 0 0 0 0 0 0 0 0 0 0 0 0 0 0 0 0
0 0 0 0 0 0 0 0 0 0 0 0 0 0 0 0 0 0 0 0 0 0 0 0 0 0 0 0 0 0 0 0 0 0 0 0 0 0 0 0 0 0 0 0 0 0 0 0 0 0 0 0 0
0.1531189745708051 0.1552101573144517 0.1546682379469056 0.1567103204166855 0.1529672130798213 0.1566324263038739 0.1539005925652959 0.1551996084489206 0.1526818515926057 0.1538320259603096 0.1566974335039755 0.1529089194400088 0.1564093744702362 0.1537802040902604 0.1555025799269417 0.1548471614564168 0.1530829853666094 0.1530791671735882 0.1536066910895905 0.1533333755994231 0.1585171167944735 0.1577624300803527 0.1591586141375419 0.156872500102456 0.1553354892019377 0.1553645159587037 0.1575337172882244 0.1556273694486309 0.118639270150571 0.1160325628922634 0.1168721160900127 0.1212645338050157 0.1238067195995923 0.1279177815928124 0.1338135878094927 0.1355122869544358 0.1375804032879516 0.1357263346279927 0.1380618960979 0.1377994066278936 0.1395727859917419 0.1384689978450669 0.1383764157635664 0.09592549255848512 0.0328473565311649 0.03457434434260102 0.03613809489810747 0.03641454501223541 0.03689337391556168 0.03792249839089434 0.038713735301276 0.04079995937088011 0.04078728286897664
0.2479341726770375 0.2458207786347515 0.2385179932990579 0.2408603346754598 0.2436516877692588 0.2789336800265794 0.2967239352666827 0.3086626151532006 0.3037853585132878 0.2938550482202457 0.2912049627530383 0.2831276570373032 0.2733976940352754 0.262484105687551 0.2489998946589601 0.2372336384445211 0.2381134373422761 0.2418884986096529 0.2442519156359229 0.239672712480917 0.2362801922758454 0.2334038233694305 0.229812303587948 0.2283408596344672 0.2309165441730451 0.2271713041316669 0.2091875353502902 0.2135311573074892 0.2162700621478812 0.2245414092088535 0.2403961959426125 0.2446058570176201 0.2330681219592987 0.2306346222354629 0.222745434576043 0.2228097960078592 0.2244104140501286 0.2254324224674024 0.2263140838882902 0.2257874495579427 0.2211219304584139 0.224962143274768 0.2269258590357024 0.222352219579696 0.2218599282548163 0.2198516904926072 0.2233762742419826 0.2162474365347631 0.2177498063539179 0.2308633749280835 0.2304938185482833 0.2293657899326878 0.2242367690201055
0.3444734632278504 0.3383708149300181 0.32026876096844 0.2945838441440239 0.2894873442201207 0.293728721939266 0.3035347246995267 0.3154216161703797 0.3197284185249676 0.3187759638330551 0.3109514984406139 0.3020732795058511 0.2890379193533505 0.2805412479976764 0.2759275271790739 0.2743252314172565 0.275348461169821 0.2683749521436893 0.2711018794175185 0.2590910427040627 0.2561468365933079 0.2498347712100176 0.245852450497397 0.2434429289628741 0.2392661799243378 0.2469296034879349 0.2675961766014899 0.2836826252836012 0.280518666575401 0.286841532979094 0.3003908423591778 0.3109783148732437 0.3170005230818252 0.3228238803151182 0.3347553959732565 0.3386060848874403 0.3533808820483966 0.3639575939571023 0.371620564800076 0.3710688987076545 0.3617317843809492 0.3524214502695265 0.3516389661554727 0.3508716676154528 0.3507455849792198 0.3499880805504041 0.3495523403802611 0.34608317946152 0.3419955671596259 0.3379742418202301 0.337844441507176 0.3433237509304133 0.3452264852520238
0.3802952811001171 0.3853532113170376 0.3849498380595054 0.3808735372265285 0.3702985806323789 0.3570006238127748 0.3581239387463246 0.3585650853831058 0.3561920374411673 0.35394678382831 0.3654081631845595 0.3810921754471281 0.3853071894527581 0.385390981208355 0.3910327803957167 0.3851336254341289 0.3683344999767101 0.3483449131159505 0.371800552298466 0.3656701538053129 0.3442141246087733 0.3273145225449443 0.3093908639782718 0.3088133380233042 0.3202146283530801 0.3248944796798369 0.3253988629394068 0.3169107543156181 0.309044802545175 0.3057751762437391 0.3042633202193709 0.2952979490360668 0.3094256565235347 0.3242130489456414 0.3398231953531026 0.3426022240405052 0.3441091540579249 0.3436517806513277 0.3395777059231667 0.3381898557030795 0.3276319345088768 0.3251056853930128 0.3224877517365933 0.3222577129933334 0.3264066075350878 0.3273232602236363 0.3233385559226052 0.3254152647247951 0.3500321612088156 0.3727623096845726 0.3906112712883116 0.3880369008412044 0.3898376561995773
0.3590088467919122 0.3409349126999247 0.3529763313555274 0.3550885620888153 0.3762178564575223 0.38032170169253 0.3600425583335847 0.343531211520429 0.345226553823964 0.3421178517918559 0.3372801780441637 0.3589174873582993 0.3715832167697231 0.3732993886694219 0.3780304513046458 0.3804527573319944 0.3856651896252338 0.3808732104077202 0.3807094455911211 0.382910945106015 0.389569950561029 0.3874994711085237 0.379945391168406 0.3861276435613306 0.3892995693172348 0.383207830361911 0.3808355379083976 0.3803552111605922 0.3875632666167514 0.3903650961194126 0.3902428937055818 0.3884405707924583 0.3865214444227802 0.3803294543340441 0.3615487179377351 0.3534693528464893 0.3518761759497311 0.3378129967640301 0.3382016192505999 0.3428848108751285 0.3468969986665079 0.353653295638845 0.3681073216461325 0.3869277747034106 0.3928198274097288 0.394352047084229 0.3884088124969487 0.3768602249226671 0.3657588411975261 0.3518104882663247 0.3369227882971097 0.3389517211555197 0.3357779843295728
0.4232797744038647 0.4427270057545316 0.4517520984324498 0.4530533685113928 0.4377228356118338 0.4574603215642504 0.4708581191969851 0.4690659339943947 0.4673197580485682 0.4477960985650117 0.4261319944518705 0.4196288428501643 0.4131958311608402 0.4152091416718482 0.4060063187891057 0.3975373031762841 0.3947830595102001 0.4018636583134879 0.402790329600594 0.4014180111383415 0.4000277396414825 0.4008505286057319 0.4004745996648148 0.4007746770147955 0.3950664515028878 0.3930613619907893 0.4015554405612837 0.4085481009870501 0.4123604786479784 0.4042208139297094 0.3807455811053211 0.368884465311948 0.3667486232898975 0.3616146204879103 0.3621489388204956 0.3633899618833362 0.3880733279223091 0.3982290040738735 0.3805726976671284 0.3724177350501286 0.3846629925039891 0.3888041386680163 0.3951974757557521 0.3978204606799082 0.3950254716672743 0.4019694254687561 0.4076670641826892 0.4273043514537667 0.4320868904051933 0.4302561401560211 0.4311462651906176 0.421662877691287 0.4241579228211355
0.4113790196482925 0.4275484840248498 0.4409126096328103 0.4315453619247026 0.4168629114519515 0.4208650354938288 0.4223620111882597 0.4185111136596136 0.4085442529294813 0.3862385097115521 0.3870408334580016 0.3837145350575283 0.3922365586765492 0.4453678865833807 0.4713105295367379 0.4873536375617739 0.4937844275885081 0.5164416359622813 0.5566279579590281 0.5834326251792564 0.5951918195687731 0.5913224913431361 0.5807865729934166 0.5606476655706693 0.5628499539393567 0.5594147554864173 0.5699715632896454 0.5578409498038829 0.5490615521036868 0.5601732172568348 0.5790291659669349 0.5750088517914006 0.5898654963772593 0.5878346880688821 0.5860208215343627 0.5700176919497787 0.5519450509573337 0.5188550034131151 0.5008706914244754 0.4881259504387291 0.4642262377577742 0.4458939333902072 0.4327161792706311 0.4167633653139864 0.4118864584638657 0.4203336196364057 0.4285233935145331 0.4233058565255132 0.4274931628419119 0.4344147873766935 0.4322413808838428 0.4349168069176805 0.4354598301778993
0.5854639034993888 0.5973962469870215 0.589330592761617 0.5921509832533808 0.6063512562411453 0.5970622238394265 0.5982018736655954 0.5824995837218363 0.5938135200027004 0.5969217738609398 0.5868101496977789 0.5830637858186984 0.5872738595251468 0.596981201508086 0.580633406026246 0.5908149148314927 0.562376939970255 0.5539836869850834 0.5481667366890769 0.5575728579994791 0.5604582742385557 0.566141534740045 0.5663406592369284 0.5488269890411307 0.5525390375228877 0.5464013529515755 0.5464779372950214 0.5339253222201485 0.5385012370253857 0.5257806270482793 0.5334290778862049 0.5451204916040983 0.5495467874328391 0.5570772298120316 0.5560367090880561 0.5527407972838994 0.5579593026465006 0.554957205069976 0.5459699023257178 0.5258182677856736 0.5321889953303147 0.514854562136364 0.513755132876629 0.5041211428506973 0.5006556209578357 0.4911340954995879 0.4971363518457473 0.4888487874802614 0.4831421686065638 0.4911758837430346 0.501439139856718 0.4949745564651971 0.5078621961689868
0.6306313250434181 0.6339094027671478 0.6442726755014094 0.6392648730893852 0.6675050362191836 0.6750899993781291 0.6821835144292947 0.6843975722815366 0.6854681076703977 0.6762987121248273 0.670103399006727 0.6706465735346072 0.6774180713020013 0.6675090797764841 0.6538553686946874 0.644790797164243 0.6234232134512754 0.6160683834694362 0.6274922883690425 0.6151454941632701 0.6073473613853352 0.5990375626639062 0.596640039312422 0.5905578522421732 0.5952021131886956 0.6020369470743551 0.6227333193146503 0.6425206904554137 0.6592578017026632 0.6719136938884158 0.6784597062232427 0.6690978571532509 0.6639894750260106 0.6400211425826202 0.6253391768428266 0.6081249475125119 0.5884538414516515 0.5762198412060091 0.5546516906847567 0.5716283754928813 0.5776135047612609 0.5789871735606699 0.5757228257274631 0.5836386372482263 0.5677539915798478 0.5612854576550899 0.5389627981642154 0.5449101345796548 0.547605624510717 0.558690143040001 0.5641375868029946 0.5635125141489383 0.572684897832909
0.5674422988422128 0.5364877852390763 0.5254325440314173 0.5148668446846054 0.5330583593596159 0.5446930379226925 0.553308291809874 0.5621767998296795 0.5690792890619486 0.5738068553265471 0.5779731264026901 0.57887022402963 0.5809141938447235 0.5844870854234199 0.5859307385815371 0.57894089110875 0.5771926698399314 0.5723442914665891 0.5820936671866195 0.5780395771872635 0.5790678978587509 0.5798355702603406 0.5829875914424633 0.5890522975231895 0.5852185586300874 0.5769600493877803 0.5763655599744373 0.5864744511156567 0.5914004455808802 0.5994813085689651 0.5904843436614018 0.5804945763108535 0.5783062315978023 0.5768062274802181 0.5768109294727292 0.586706190352376 0.5764757231729314 0.5625069346458346 0.5615898705815572 0.5633459620210924 0.5422985768816558 0.5508020069284451 0.5525682857292706 0.5502716490905585 0.5467432036630958 0.5474886049917671 0.5225414152092184 0.5154769677731549 0.5010403592221888 0.4952455399104952 0.4839077621590844 0.495406683520335 0.5012944925790097
0.8810906607654779 0.8688816297403326 0.8473009984415039 0.8528945136727102 0.8319062339424202 0.7655457538151236 0.7431857593922636 0.7171183364776499 0.6857179874347183 0.6479134456276379 0.6192591176831145 0.5822356022252115 0.5684457004376647 0.5707123884881304 0.5482094086868905 0.5504598916252027 0.5420003546882027 0.5409229758049475 0.5426762485446041 0.5310243933027875 0.5297498768471245 0.544330616409115 0.5350828549553347 0.5340693569662511 0.5319517767359445 0.5196341698577995 0.5212491053860062 0.5133335123057887 0.4972742399445597 0.501134977477859 0.4922254413770963 0.4878418378256154 0.4996203663884313 0.4945223935694552 0.483361645202 0.4734190699789637 0.4786863297273103 0.4757753074693489 0.4688564829107477 0.4524768249322567 0.4598059396248891 0.4693743530931727 0.4737102520590183 0.4741679294115831 0.4725703784681443 0.4769051348112084 0.4875788808362722 0.4982924335296235 0.5065227607619234 0.5193959286501862 0.5269778122522939 0.5202673324578297 0.5196858522674777
1.1507208156423 1.136414068262788 1.09062010350228 1.060461739402796 1.012313302527372 0.9785305212216586 0.9647974565432222 0.9347964986980174 0.9325357801324199 0.9302225953333468 0.9119718195877782 0.8794531447495916 0.8420855852935218 0.8034362547769693 0.7724067176955849 0.7448643504270714 0.7376006368810639 0.7140315853619394 0.6772791755433105 0.6365485205315837 0.5799206159225899 0.5386773427591504 0.5535689786751391 0.573183399111315 0.5729462725807741 0.5734092788742765 0.5841507950470347 0.5988931997457375 0.586109946965066 0.5856599572936824 0.5942267118658807 0.6000804715431504 0.599077951754138 0.5686957358865236 0.5789265595821832 0.6031765884318532 0.6255592401217717 0.6149274215168117 0.6080245489931031 0.6115399013435802 0.6061357652157595 0.6096603975811984 0.5845894625730849 0.5733968180598877 0.5608498903185941 0.5647500450537709 0.5660520533100822 0.6013541438003863 0.6231669471560266 0.6205837419404865 0.6166174594236643 0.6207062140537317 0.6190751564873722
1.185226181005993 1.173032618830291 1.14654118880125 1.135512499589409 1.103955855698105 1.07628656846007 1.058155123417211 1.036386711975906 1.012330066011137 1.00649961385085 1.006578950376382 0.9944964125743596 0.9751454396671425 0.9385221299248563 0.8943121865667872 0.8746824764489891 0.85878868357982 0.8373466871243513 0.8260800370020557 0.8160431514510169 0.8260535132379003 0.8099170209784591 0.7784105953241628 0.7707544802819852 0.7435077198053293 0.6974696210407505 0.6918128108679865 0.6677828250190374 0.6603247234733967 0.6671892863660129 0.6655123175754061 0.6608800724058352 0.6550172410317033 0.6512853373435536 0.6453079487290683 0.6422599130905446 0.6604475117159031 0.6533441509016721 0.6519616924261038 0.6509686367370103 0.6431184822179716 0.636704233062406 0.6391281635238352 0.6384402579241728 0.6275740688578507 0.6052715467642806 0.605659414905143 0.609920431609801 0.6263484714922717 0.6514599718221485 0.6644077743984491 0.6705926534185749 0.6843085983442458
1.10540826137344 1.096072333539083 1.071052469167016 1.037270107710461 1.005660175587333 0.9701505806291074 0.9660474134062363 0.9742688882699608 0.968889579510349 0.9700380250670073 0.9752838597530554 0.968706016109012 0.9852737843226377 0.9736213756664733 0.9355966520382477 0.8893131298327891 0.8779682912171271 0.8712545015566034 0.8672405564818655 0.8529464284144583 0.8426120582183447 0.8323283591072351 0.8200154448527988 0.804086641840953 0.7702691788968195 0.7567304683297887 0.7323989140810482 0.7058808055626057 0.6752056083197802 0.6524973973849425 0.66868801596644 0.6800014573152477 0.6884316003732577 0.6933570516100754 0.6906231361412163 0.6990355231021914 0.6997374529611345 0.6893626707180101 0.7068341241970727 0.718887413405025 0.7226073393115772 0.7093810299375651 0.7040707121551352 0.6872859921530982 0.6589695865109624 0.6595748618740122 0.6610512181842532 0.6434683112428889 0.6214084975286804 0.62299958536357 0.6211897329122014 0.6184724283572954 0.6399564494077646
0.9070163651394276 0.8825557777295368 0.8955934512478789 0.8992702941498217 0.8862899328522446 0.8764330736938271 0.869998177052946 0.8618546855802207 0.8561249182702149 0.8164184013401787 0.7706510217896327 0.7415085535504233 0.7262407058288195 0.7230899406923471 0.7169050078954182 0.7014978451666853 0.6857396485653839 0.6883801411621475 0.6711298958862393 0.6547507873581054 0.6378735866149897 0.6087576783385166 0.5914247523128255 0.5760543689599764 0.5970307275933525 0.6006556695601357 0.6237875662166508 0.6445421654932675 0.6481977741360235 0.6389938009601888 0.6377792866486218 0.6380003335112053 0.6213250932484871 0.611567633541836 0.6115261523384298 0.5984267034399225 0.5963994004902684 0.6137648610117338 0.6162184022822584 0.6083489569565497 0.6035672836007818 0.5619778687327701 0.5404616912617921 0.5399432571668892 0.5230356157998206 0.5051408220108334 0.5069805092077149 0.4856702905850889 0.478864716739364 0.4959048693086446 0.5613322717249789 0.5731045068974346 0.5850269665027803
