benchmarks/avaHockeySmallNullTest/release1HS_c79287155f_null_dfa_ppr.asc
ncols 1001
nrows 401
xllcenter 1000.00
yllcenter -5000.00
cellsize 5.00
noDataValue nan
[rows 168 to 191 of 401, columns 216 to 269 of 1001]
0 0 0 0 0 0 0 0 0 0 0 0 0 0 0 0 0 0 0 0 0 0 0 0 0 0 0 0 0 0 0 0 0 0 0 0 0 0 0 0 0 0 0 0 0 0 0 0 0 0 0 0 0 0
0 0 0 0 0 0 0 0 0 0 0 0 0 0 0 0 0 0 0 0 0 0 0 0 0 0 0 0 0 0 0 0 0 0 0 0 0 0 0 0 0 0 0 0 0 0 0 0 0 0 0 0 0 0
0 0 0 0 0 0 0 0 0 0 0 0 0 0 0 0 0 0 0 0 0 0 0 0 0 0 0 0 0 0 0 0 0 0 0 0 0 0 0 0 0 0 0 0 0 0 0 0 0 0 0 0 0 0
0 0 0 0 0 0 0 0 0 0 0 0 0 0 0 0 0 0 0 0 0 0 0 0 0 0 0 0 0 0 0 0 0 0 0 0 0 0 0 0 0 0 0 0 0 0 0 0 0 0 0 0 0 0
0 0 0 0 0 0 0 0 0 0 0 0 0 0 0 0 0 0 0 0 0 0 0 0 0 0 0 0 0 0 0 0 0 0 0 0 0 0 0 0 0 0 0 0 0 0 0 0 0 0 0 0 0 0
0 0 0 0 0 0 0 0 0 0 0 0 0 0 0 0 0 0 0 0 0 0 0 0 0 0 0 0 0 0 0 0 0 0 0 0 0 0 0 0 0 0 0 0 0 0 0 0 0 0 0 0 0 0
0 0 0 0 0 0 0 0 0 0 0 0 0 0 0 0 0 0 0 0 0 0 0 0 0 0 0 0 0 0 0 0 0 0 0 0 0 0 0 0 0 0 0 0 0 0 0 0 0 0 0 0 0 0
0 0 0 0 0 0 0 0 0 0 0 0 0 0 0 0 0 0 0 0 0 0 0 0 0 0 0 0 0 0 0 0 0 0 0 0 0 0 0 0 0 0 0 0 0 0 0 0 0 0 0 0 0 0
0 0 0 0 0 0 0 0 0 0 0 0 0 0 0 0 0 0 0 0 0 0 0 0 0 0 0 0 0 0 0 0 0 0 0 0 0 0 0 0 0 0 0 0 0 0 0 0 0 0 0 0 0 0
0 0 0 0 0 0 0 0 0 0 0 0 0 0 0 0 0 0 0 0 0 0 0 0 0 0 0 0 0 0 0 0 0 0 0 0 0 0 0 0 0 0 0 0 0 0 0 0 0 0 0 0 0 0
0 0 0 0 0 0 5.901022705171782 6.718492650109849 6.718492650109846 6.22894800112847 5.713499431129631 5.381580437759316 5.109199845247789 4.842192457374329 4.581422206794889 4.26184529832664 3.802203256222688 3.427037090707288 3.264618285845167 3.249508356318466 6.704873173266116 7.443019441435299 7.443019441435304 6.674802230100767 5.91344149128316 5.53323238520407 5.412523170060408 5.376126057388665 5.338415111396511 5.219964268230796 5.061212692897067 4.887196825173175 4.711294445852898 4.521254264816768 4.382554555051542 4.334368461881693 4.473564506942562 4.786181373516673 5.215263576649551 5.478575525633464 5.478575525633464 5.295444410434387 5.866412937617188 5.866412937617188 5.807713429222754 5.741386377661823 5.672378078384027 6.97133421380389 7.395986750825233 7.477226958721919 7.549827502095165 7.636540546158065 7.729540493055882 7.752679173942672
10.67587681917291 9.778624514751803 8.900468699317072 7.844471197098481 6.900650371621788 6.854181422413388 6.826101617977282 6.814835975520724 6.808932635305037 6.370029516572619 7.062794293349417 8.066990160470912 8.962352605359102 9.25834951119325 9.403503142009548 9.954669995993656 10.14839568416842 10.44034253244083 9.517848379168104 9.30634921259532 9.076763017296404 9.982287484915627 9.598917625589934 11.85511266422392 11.85511266422392 10.76482796757902 9.737671479982216 9.00972337755287 9.239369341310397 9.797974051903376 10.4719874363197 10.4719874363197 10.21402136466484 9.475735517502208 10.37645262137071 10.89161967917728 10.89161967917728 11.98145629317009 11.98145629317009 11.66727146924667 10.96978720492049 10.11206201419305 10.91996475841363 10.60058795736414 9.309293039464508 8.367127071228179 8.752461662546983 8.752461662546983 8.469286950285181 7.735573648167329 8.004386916683043 9.465266579809265 9.98761123409219 10.0957925567557
13.41949971851224 11.77182111666429 10.93389773641013 10.53086666102215 11.06962838290833 10.83617082406205 11.54543729292346 12.16357653394899 13.96341007025763 18.13369634175279 18.41643194523559 18.41643194523559 16.75177797457044 14.05291757712913 11.84267774725238 17.25549773101942 15.74657884001789 13.39060348521494 16.5554797398337 16.56022841559462 16.56022841559461 14.63310288184814 14.0065435163916 15.35171083988753 15.92731804124049 15.92731804124049 14.24986706249518 13.1803177210455 15.22832916324227 17.40556921040377 14.925434183318 12.45107114187126 11.48752191237621 11.58620913198393 12.77281958172477 13.20466143206863 14.21003372750663 14.35584160610202 14.44280749504706 16.69132520619244 17.49660252562013 17.49660252562013 17.13524278927251 15.93808129198861 13.88229892764996 11.6599448978246 13.29475380971216 12.68600982887225 12.32572456775507 13.12812899612226 16.69039217437983 15.89005091691819 14.62018496578031 12.71512640974823
21.93412835952465 20.60936731662055 21.64236626548615 22.00278373882709 22.34941150462994 22.03245074585416 21.41239464353957 20.4114431422242 20.75680087035106 20.51436237602035 20.50912954137784 20.41521156434239 20.18423418568099 19.6279903949601 19.28979223108071 19.45178338767676 19.84590089502527 20.32120516673728 20.28973084246521 20.91450945954467 22.41087952249814 22.41087952249813 22.31169508684645 21.63267548288257 22.94125944485319 22.18389325589245 20.4793445687986 21.72799438331324 21.56211255297902 20.06707695210837 22.05808786640584 22.41941117705736 21.8703843231184 20.20897889375127 22.20463324626866 21.56501954597096 19.47683199165723 20.04681631335141 18.20693524644975 17.77407516770871 17.95969089646242 18.25776385274968 18.67841732930528 19.08108918402683 19.1002648585919 18.11722957661833 17.56779012618198 17.59611779179315 17.79660248477546 18.01592945334938 17.97104953139227 18.48658758109492 18.48658758109492 17.85603854104851
26.15965869173267 26.39624414642718 26.20106408245606 25.54324335351559 25.33909879272442 24.90355478988942 24.51131390920983 24.50691517859382 24.49693540314604 24.27206999161556 24.07319646684708 24.16620495494862 24.22728366959164 24.24863630803601 24.40576129721073 24.5036397385424 24.03250265398992 23.70878335219964 23.36164168623953 23.09261984439643 22.76189702593554 22.44863870363218 22.58771320148351 23.58272359224976 24.06113340001659 23.91173790428438 24.10325871652919 23.48216691423506 23.09176625052782 23.27496516028982 23.21646150114888 23.26460355226449 23.59665549305074 23.90590469286106 24.23081789263892 24.27728264589642 23.90537796007762 23.41525983972748 23.67849444968422 24.36049016406055 25.64184598100075 26.25328544040961 26.03740212058732 29.23994561750071 29.5738186760286 28.57435712596777 28.40367243337287 28.70546054864561 28.45794822850962 27.61007891795183 25.39211702747767 35.00597716430406 35.00597716430406 34.85501140532401
34.52999741705183 34.4609747944552 33.60119395376359 33.27177345209928 31.18990494413054 30.5783952567431 29.12984801259912 28.4737125763954 36.16783172196408 36.65627800062855 35.71480816460528 30.97999803785288 28.9337451196686 27.38961257795795 26.80496649229079 26.32240076317265 26.25067006270206 26.33535770313744 26.71022823730399 26.96576035674707 27.15745682514818 27.48688830767826 28.12839901243477 28.55904572722779 28.54445750277295 28.1067186463965 27.36876915166193 27.21751506399217 27.42655979894487 27.32327534637145 27.27301551500857 27.11891959750817 27.21914491003288 27.04539269291127 26.77536593262263 26.2471906349673 26.71421985239277 27.25559699501771 27.5441442287901 28.08092701669176 28.35986280942056 28.33281420807998 28.58946047822975 28.90510420538187 29.09881186021104 29.53268145771189 30.04629162403614 30.65191177498986 31.5963688049917 32.71416338699725 34.07081475440816 35.02055070127425 35.33761084660771 35.82171823240326
35.76407522711017 35.51714724641828 35.18372538229407 35.90446856180562 36.57458242389933 36.82827129482304 36.35518435826472 35.92639018630608 35.46312552107305 35.17803661784659 34.77551544611899 37.20547862863586 38.78499718717494 38.99228853037565 39.80648472055461 40.20552650252223 39.42884488108525 37.7241389649913 46.9276086596724 47.34880640845728 47.62993323403979 47.15548229053428 45.52100872234914 47.07268765584673 46.07426424543479 44.54935940623822 46.13341342027843 47.45142085302298 45.10366209529268 48.26230080567126 46.84869216059541 43.19623292499328 45.89965220372905 42.03806065184146 37.43264594112522 32.97835912764113 38.25326938955112 33.81794834290834 31.87404632626968 32.31371861157781 32.60144157019429 32.92078798751155 33.43546582549379 34.04249902397282 34.53147632667927 35.00901897733006 35.52682486059479 35.94661017881385 36.2498300504025 36.37569631003837 37.47683411047542 38.72624530302117 39.73925343330383 40.20217847123825
42.45093675487313 42.35313052349361 41.98009664767495 41.94572465953676 41.58038224374763 41.25558815662236 41.21901724312495 42.1956632065379 43.3565864903149 43.31610816623461 43.64246424145244 44.3244451165017 44.68092545881111 44.43525078497203 45.40791507247567 46.89265458477694 47.76135504328161 48.4627138942768 49.18466479070523 49.71095217054721 50.16739970304904 50.72312607525397 50.90437253833145 51.75749591666748 52.28679328244127 52.73208948850892 53.1427977117159 54.17360537996531 56.06981148062088 57.24829390006623 58.58648561242867 58.65783157411841 58.17486438076958 59.11275585457796 58.88374226983811 58.01780087233894 57.54022354057124 56.70588178416509 59.16739461702114 58.91168816547238 57.03437683674682 54.43164181701875 57.28229460921953 54.37835362768039 50.05521763533962 53.65176899871068 49.64362372860427 49.06327951179783 45.96517135807557 42.63832897739627 43.27710174303976 43.62782301790141 43.78144582998941 44.27925539405942
72.9027917539141 68.91772827205216 63.3979558347052 58.70088963582645 62.34565388648657 56.836178703701 54.0537212820415 52.01803867583352 51.95659425719027 51.92867525956604 52.75735646192908 53.22752039830051 53.50563108889133 53.94548085632766 54.51274985481541 55.06814581825634 55.51416217847465 55.8011612390891 56.36909803756119 56.97045019732398 57.43845197693148 57.68176575797449 58.39290293429856 58.88745351342821 59.57191975428727 59.50570398857806 59.97819711187052 60.17740622602309 60.87337079361502 61.6678214675723 61.97781229518047 62.23643495065943 62.1865264095174 61.79014112855346 61.40469921151607 61.88922164748192 62.65619194465248 63.37139550434972 64.23869344866736 64.85322242469277 65.73481430922254 65.60442416785811 66.15963546793714 67.05517387676194 66.93084865193333 66.72832480559693 69.5491608007503 68.3421285788244 65.82039328636213 63.35993744888636 68.90920450385293 66.54736711838436 70.02984565095801 67.6392145153854
90.19737342923079 91.83808942499269 88.52882719117055 84.94433469420341 80.78080885228449 80.95367210916028 79.50986756822337 84.85686279609558 81.7437295970883 76.387273645061 69.98112326858238 64.03471602246235 71.93432203147134 70.86466023912067 66.86137935835021 64.30620529203689 64.4803979194223 64.54380885208546 64.75556279006898 65.00384822955309 65.18623992176761 65.46000882085058 65.6045473780317 65.99234315145262 66.15354814797037 66.55591537584223 67.047231516244 67.77014362662234 67.97803273010096 68.06149666657122 67.98935162713803 68.03872845348144 68.67454058825678 69.01728680753801 69.5568787180186 69.74693527900503 69.74035607725359 69.80421866056568 69.64051747120484 69.73031363379053 70.0579588457458 70.52926111279506 71.01280650288288 70.95099014062032 71.58276492093736 72.26617939128295 72.8772215371025 73.18260643374369 73.49435518534109 74.17507186454016 75.5103703371291 76.81080627988342 76.70746982555509 79.58423406695226
102.8876462885788 103.1710482521757 102.3299586302744 100.0651082762253 105.2537391168835 107.1908643473455 106.8852123858413 104.0091962136222 104.501996587575 101.6506185551523 104.774375703039 100.999514765346 96.87644486786959 92.11957936402472 87.82773238762225 95.6490830355314 91.71816580289274 91.54145456839625 85.84095851075448 78.76927330623623 72.17878469578393 72.02315486191269 71.99436367432885 72.00362182973134 72.02038001242636 72.21475880561658 72.43590084775383 72.70389488041192 72.67332658985893 72.788528739936 72.80356721310253 72.95826117597699 73.36496462205371 73.72841845991732 74.31637935557397 75.02116134099616 75.3089290361231 75.65925174443164 76.10713721265719 76.31507935122416 76.50701288343024 76.81444690109048 77.03349616925902 77.38409362389748 77.75838628911082 77.99984496962381 78.13465414220454 78.4916414608178 78.78475728003264 79.38826351789611 79.962714880441 80.44820740686407 80.9574497070398 81.11951926255944
106.1994779783759 107.1898961885063 108.0879154080247 108.7941610599705 109.961537294933 112.4909361022741 112.2001821715267 115.2902563404084 115.411362099182 115.1462466735285 115.0005201118915 113.7516450966827 112.1179096080409 108.62205227718 117.3990634894309 118.596082067005 115.5087367306255 116.6406273636886 113.3121305756155 108.1014961943084 108.4969938102148 105.1953620233584 100.5092036051768 94.69452129962856 100.9892353685871 95.60778410601803 89.03930699286479 90.5950475136334 88.11198442539055 81.32504826312265 78.2988884667366 78.20122022460461 78.06072352358912 78.06929001470616 78.30532342378203 78.52310725886706 78.93187649837972 79.45280082137566 80.00503080315839 80.46963884907159 80.73610961155728 81.06928402417063 81.21477156584024 81.41356248258936 81.5426398793165 81.79619655229283 82.24613102550865 82.71408830559955 83.14564342088249 83.60634387095809 84.05600211972772 84.49153021148761 84.88083123244613 85.41484490613691
110.4796238335362 111.216980770985 112.0896221066068 113.1982989783712 114.2753540929015 115.2287075135185 116.1040499160264 117.1061530784438 118.9502400044753 122.562601956828 124.4609829992229 125.7780498261254 125.5918198133846 126.2277592516872 127.0118330240214 125.7254523122191 123.922659147202 121.9579709045396 119.2078375147433 128.6219563068445 126.3034485270711 123.1406018272088 120.641495249773 116.02388053582 111.6562851777563 106.1674690343216 117.8284498857511 114.7508805319465 114.2159733010643 109.6509692482001 109.101908853716 103.2494639694323 97.87677940644011 90.80095539335403 83.75838510372708 83.67004528250371 86.65028066494322 83.85491643683561 84.09175089084013 84.4158982489146 84.52245427649336 84.58206659605806 84.38678663409215 84.23744668476229 84.24198309329957 84.26195290378563 84.64864139910117 85.05056067844026 85.16408210860558 85.30963164555516 85.3844684315449 85.89331436510643 86.44506720847889 86.92600938061292
111.8418517880311 112.8680750821412 113.9875070288392 115.144579270948 116.2979268564589 117.5620748666789 118.7798061051259 120.1999648686591 121.958317663683 123.3923592746972 124.8019499997486 126.147158699424 127.4478724948297 128.9917762377547 130.8214893221772 132.4067139686094 132.3664015598288 134.9801919040588 137.9894076053802 138.8257925572252 138.1462662765211 136.8416707302178 134.2842312558362 132.1499362472892 130.0556406911149 127.0107607505355 135.6245065572676 133.4022352114848 128.5239312753269 124.7692995410164 120.0483346985218 115.5973090114352 121.0606883157394 109.2849645953834 110.9478375297899 110.5075229642993 105.0926214443607 99.47527224565282 94.08547186658254 90.23518885467131 89.62783818465195 89.20480839536752 89.13937541197933 89.11070050948464 88.92750880142259 88.7282755979479 88.638777769771 88.49863507995543 88.1416698534096 87.91691270684998 87.92354834789816 88.22988993042938 88.45662800181145 88.72362319829233
