benchmarks/avaHockeySmallNullTest/release1HS_null_ref_0.15500_pfd.asc
ncols         1000
nrows         400
xllcenter     1000
yllcenter     -5000
cellsize      5
NODATA_value  -9999
[rows 204 to 237 of 400, columns 385 to 461 of 1000]
1.2347 1.19976 1.20002 1.19458 1.17791 1.19088 1.1987 1.19803 1.21148 1.19495 1.18549 1.19364 1.20433 1.17671 1.17872 1.20138 1.19024 1.19011 1.18429 1.18058 1.18031 1.19671 1.19243 1.21505 1.20528 1.21697 1.21767 1.20411 1.21894 1.19761 1.22031 1.21317 1.20356 1.20566 1.19242 1.20286 1.21696 1.21052 1.22134 1.21618 1.24337 1.24358 1.23892 1.23398 1.23529 1.22346 1.2274 1.23654 1.23435 1.21872 1.21141 1.22376 1.22028 1.23732 1.24329 1.23338 1.22231 1.20788 1.21998 1.20284 1.20989 1.21456 1.21183 1.23121 1.2277 1.23789 1.26824 1.24703 1.25384 1.24649 1.26848 1.2531 1.2604 1.2428 1.23261 1.22925 1.21323
1.17181 1.18067 1.18066 1.19298 1.1777 1.18563 1.19343 1.1694 1.18241 1.17859 1.20503 1.19948 1.1966 1.21166 1.2234 1.24656 1.21337 1.19874 1.18492 1.15822 1.17321 1.15144 1.15031 1.14595 1.15473 1.17001 1.18247 1.17667 1.18677 1.20569 1.21062 1.20185 1.21379 1.19527 1.19587 1.21525 1.21358 1.24865 1.22732 1.23171 1.25226 1.25001 1.25741 1.26801 1.28404 1.29134 1.28677 1.27726 1.28817 1.28555 1.2789 1.28155 1.26338 1.28763 1.24825 1.24658 1.25102 1.23172 1.22736 1.2329 1.206 1.22959 1.21266 1.23131 1.22983 1.24681 1.27293 1.28365 1.28885 1.30082 1.30518 1.30375 1.30949 1.31257 1.29267 1.2923 1.29206
1.25528 1.23689 1.20262 1.20324 1.16464 1.18206 1.19948 1.17896 1.1882 1.17917 1.17636 1.18102 1.15918 1.15924 1.16554 1.15802 1.15247 1.14723 1.11757 1.11377 1.10838 1.10823 1.13557 1.18713 1.19226 1.19954 1.19365 1.17146 1.17857 1.18128 1.16877 1.19992 1.19051 1.18378 1.18848 1.18702 1.20197 1.20823 1.20109 1.16609 1.17169 1.17649 1.16092 1.16092 1.16429 1.16766 1.17946 1.17689 1.17772 1.17958 1.19928 1.19859 1.21583 1.22509 1.22357 1.21275 1.20367 1.20541 1.21334 1.21638 1.23565 1.22359 1.24963 1.2367 1.24171 1.24857 1.24707 1.25328 1.24776 1.2362 1.24162 1.23716 1.22512 1.2166 1.2204 1.21304 1.21722
1.32331 1.32878 1.30612 1.30951 1.28896 1.26918 1.27464 1.27164 1.24453 1.22888 1.21425 1.16244 1.14511 1.10417 1.0585 1.05009 1.05751 1.03538 1.03135 1.00504 1.01775 1.00743 1.02129 1.02641 1.02042 1.02017 1.03849 1.06603 1.07695 1.06795 1.0465 1.04489 1.02227 1.03372 1.03748 1.01759 1.01244 1.03723 1.03697 1.02807 1.04461 1.04205 1.02154 1.0356 1.02841 1.04121 1.02688 1.03753 1.04908 1.05746 1.04506 1.05563 1.08271 1.10318 1.10291 1.13677 1.15671 1.159 1.16757 1.18763 1.19772 1.20115 1.19074 1.1636 1.12851 1.14221 1.13279 1.13811 1.14917 1.14022 1.14122 1.1496 1.17784 1.17254 1.13763 1.10969 1.08052
1.35836 1.35576 1.3457 1.33051 1.30345 1.27249 1.25753 1.22407 1.17914 1.12259 1.09953 1.04092 0.985651 0.935316 0.888237 0.891453 0.8871 0.905645 0.918649 0.908099 0.879984 0.888791 0.890416 0.877982 0.85938 0.861266 0.863615 0.867882 0.869565 0.862824 0.844143 0.845232 0.843699 0.847028 0.867475 0.875623 0.897181 0.894739 0.89247 0.902012 0.893912 0.893638 0.886631 0.897338 0.916923 0.897478 0.870848 0.863806 0.851681 0.842926 0.84149 0.823509 0.80951 0.807272 0.812538 0.85279 0.902191 0.924954 0.939386 0.935767 0.90989 0.906656 0.898546 0.918379 0.91943 0.929891 0.937852 0.931205 0.903301 0.925691 0.955091 0.974962 0.991117 1.02179 1.02463 1.00643 0.990342
1.215 1.18226 1.17346 1.16301 1.12869 1.07476 1.02372 0.984067 0.926273 0.870061 0.85309 0.851237 0.861575 0.857899 0.859445 0.845384 0.8227 0.810093 0.806614 0.7953 0.771007 0.757034 0.72438 0.715141 0.676562 0.661688 0.731752 0.759019 0.777777 0.765464 0.747126 0.697666 0.687901 0.701787 0.704002 0.692037 0.681129 0.67682 0.66261 0.660217 0.641654 0.625203 0.643154 0.668535 0.688408 0.688402 0.674296 0.670511 0.702998 0.700231 0.676028 0.675726 0.684376 0.686823 0.684329 0.686804 0.666772 0.6472 0.642673 0.609117 0.621457 0.629049 0.631424 0.646942 0.656147 0.6638 0.670945 0.668684 0.6871 0.672583 0.662544 0.659718 0.645605 0.672327 0.70341 0.732054 0.765248
0.949665 0.926716 0.86661 0.812622 0.779094 0.753977 0.716187 0.680585 0.656364 0.65871 0.648186 0.671237 0.680668 0.68462 0.689063 0.697239 0.704453 0.699804 0.725872 0.714636 0.715538 0.699916 0.674514 0.650037 0.645912 0.672344 0.681131 0.696096 0.719757 0.728685 0.729016 0.726904 0.707615 0.702588 0.710506 0.701477 0.683584 0.677692 0.6714 0.653235 0.68072 0.700757 0.70282 0.685871 0.665083 0.711535 0.709979 0.710629 0.717244 0.750455 0.752372 0.785805 0.786204 0.790772 0.779101 0.782975 0.783309 0.770913 0.798078 0.76936 0.781965 0.785021 0.797844 0.815932 0.824317 0.845101 0.836715 0.833475 0.839158 0.817767 0.800533 0.815761 0.805794 0.798151 0.799904 0.780158 0.764986
0.669502 0.652224 0.661344 0.696725 0.706624 0.735012 0.729468 0.729788 0.710401 0.702767 0.732911 0.728227 0.734718 0.746092 0.755227 0.750687 0.733951 0.742467 0.77746 0.752603 0.746215 0.742999 0.730138 0.765981 0.784453 0.812232 0.792029 0.790429 0.815624 0.838921 0.854209 0.815282 0.800739 0.795485 0.788413 0.790754 0.791139 0.811419 0.821563 0.813563 0.855046 0.868369 0.852376 0.846967 0.842721 0.835135 0.848002 0.849139 0.846453 0.850593 0.867952 0.867342 0.879422 0.874253 0.891373 0.90456 0.898673 0.876659 0.878558 0.898518 0.916142 0.935621 0.945268 0.934664 0.917756 0.92469 0.953726 0.978182 0.992843 0.988779 0.973713 0.980882 0.972455 0.965506 0.967434 0.966107 0.958658
0.927655 0.939004 0.942114 0.937361 0.924192 0.923349 0.910982 0.909163 0.89707 0.906143 0.874364 0.883073 0.881999 0.905118 0.902772 0.89908 0.879259 0.871623 0.872524 0.869387 0.869024 0.887664 0.890196 0.886599 0.87086 0.86757 0.862264 0.861396 0.858794 0.88046 0.88295 0.89949 0.915964 0.937554 0.937167 0.926261 0.938259 0.93691 0.942675 0.954089 0.957732 0.947465 0.941311 0.949888 0.953727 0.9518 0.940121 0.92391 0.918446 0.941484 0.952533 0.950375 0.959662 0.962745 0.972654 0.967871 0.965818 0.961127 0.972812 0.97811 0.983424 0.988777 1.00054 0.994884 1.00012 0.991833 0.997911 1.00235 1.01927 1.01821 0.99969 0.983534 0.988808 0.991977 0.980682 0.959619 0.93383
0.942723 0.95976 0.958432 0.970384 0.984915 0.979193 0.966125 0.956116 0.950872 0.938284 0.935941 0.947453 0.974105 0.97211 0.967483 0.96809 0.964518 0.970818 0.97096 0.966574 0.974024 0.988784 0.996068 1.01032 1.02258 1.04005 1.03186 1.02801 1.03074 1.04266 1.05567 1.06872 1.07533 1.06742 1.06191 1.06497 1.057 1.0356 1.02629 1.03277 1.03545 1.03845 1.03944 1.05319 1.05979 1.05891 1.05669 1.07335 1.07683 1.06562 1.04392 1.04337 1.05832 1.05941 1.05164 1.04306 1.02345 1.0013 0.98622 0.982478 1.00086 0.996325 0.999243 0.992581 0.998803 1.00239 1.01556 1.03519 1.04673 1.03284 1.00039 0.986784 0.978035 0.981425 0.973278 0.947984 0.921708
0.85507 0.874015 0.910441 0.919525 0.960117 0.956103 0.934403 0.940037 0.946306 0.957776 0.965555 0.982837 1.01396 1.02961 1.0291 1.0205 1.00108 0.985471 0.984591 0.987112 0.987759 0.991276 1.0026 0.998702 0.998751 1.0031 1.00482 1.00695 1.02344 1.04052 1.03833 1.03703 1.05663 1.0656 1.06216 1.06235 1.06872 1.05672 1.0416 1.0398 1.02908 1.00527 0.997026 0.996928 0.993837 0.988401 1.00078 1.01173 1.00833 0.991938 0.987556 0.987421 0.992524 0.98655 0.974506 0.966858 0.947201 0.926816 0.909058 0.904972 0.914448 0.913788 0.911919 0.903742 0.898844 0.902357 0.914766 0.914059 0.897865 0.898786 0.885288 0.854236 0.822612 0.803798 0.789492 0.779644 0.806638
0.864346 0.840076 0.83941 0.85589 0.878924 0.874801 0.868588 0.878308 0.828075 0.84237 0.835253 0.843044 0.824192 0.828265 0.828472 0.811896 0.831201 0.854939 0.872908 0.878414 0.861295 0.8714 0.900072 0.920573 0.920801 0.904858 0.906636 0.913464 0.91437 0.929917 0.929222 0.933037 0.943778 0.945862 0.919783 0.925709 0.914649 0.910347 0.914626 0.927608 0.918973 0.905383 0.893524 0.889233 0.889904 0.892421 0.925459 0.940744 0.946557 0.926362 0.909715 0.888855 0.867432 0.864523 0.857715 0.86824 0.875778 0.861593 0.827755 0.801183 0.788893 0.815575 0.838849 0.814678 0.811355 0.795043 0.789588 0.792952 0.788416 0.799078 0.786427 0.756074 0.718611 0.671996 0.624159 0.587738 0.561528
0.743368 0.751045 0.711175 0.725036 0.719676 0.727652 0.72731 0.713849 0.727677 0.735914 0.718313 0.690929 0.694054 0.704856 0.710055 0.705824 0.745999 0.758073 0.745806 0.72606 0.721748 0.701534 0.675797 0.659667 0.643708 0.71225 0.717837 0.736215 0.752189 0.749215 0.752423 0.723992 0.715983 0.742001 0.758422 0.766835 0.766903 0.760596 0.746778 0.72816 0.711338 0.700903 0.685187 0.688829 0.739625 0.745751 0.776904 0.812531 0.791022 0.791349 0.771585 0.789945 0.790885 0.803021 0.780373 0.758932 0.73787 0.702491 0.67794 0.677463 0.658448 0.659625 0.672566 0.657399 0.664944 0.661818 0.670643 0.658888 0.611319 0.574402 0.543545 0.527772 0.571948 0.610642 0.61651 0.634395 0.616563
0.665806 0.637359 0.667658 0.68584 0.674519 0.673838 0.689316 0.687816 0.646883 0.592344 0.562765 0.540968 0.515092 0.493687 0.459981 0.462533 0.461309 0.45899 0.452229 0.449469 0.500814 0.537328 0.556355 0.583036 0.593338 0.596826 0.58376 0.554464 0.517874 0.507896 0.522057 0.533899 0.546746 0.53583 0.547009 0.599092 0.60947 0.628537 0.633383 0.636983 0.614672 0.598417 0.606286 0.599627 0.575024 0.546935 0.501276 0.467572 0.446924 0.464815 0.480681 0.522279 0.527321 0.497305 0.478961 0.512161 0.534781 0.549699 0.542066 0.537095 0.52819 0.49775 0.470047 0.449894 0.432007 0.446525 0.454988 0.464618 0.458931 0.457635 0.458774 0.454307 0.449711 0.470319 0.484085 0.479926 0.453782
0.410182 0.447704 0.468724 0.469483 0.460998 0.452605 0.445422 0.429555 0.419939 0.443254 0.453058 0.441946 0.470151 0.462281 0.438118 0.41385 0.394853 0.372235 0.363753 0.354254 0.357053 0.359268 0.374762 0.396999 0.398364 0.404912 0.393173 0.391059 0.392255 0.395163 0.394166 0.386165 0.391008 0.411567 0.41409 0.404869 0.404506 0.398822 0.387347 0.380035 0.373317 0.378846 0.385559 0.385089 0.377151 0.377206 0.380227 0.384538 0.382311 0.372324 0.367757 0.360413 0.348118 0.364866 0.381236 0.384564 0.398635 0.396346 0.388234 0.382195 0.373012 0.372194 0.384706 0.372859 0.378742 0.387244 0.391981 0.385758 0.37529 0.364408 0.365706 0.370965 0.363644 0.37285 0.364842 0.374851 0.372869
0.376545 0.378464 0.373182 0.355603 0.347367 0.349015 0.355067 0.364411 0.358153 0.344167 0.334499 0.316899 0.31285 0.328221 0.350185 0.357842 0.362418 0.362727 0.359694 0.35549 0.358301 0.350749 0.351321 0.351569 0.353231 0.359273 0.357358 0.363536 0.357292 0.351981 0.339905 0.323663 0.308081 0.317662 0.330348 0.332284 0.334179 0.326981 0.328771 0.330235 0.33717 0.346177 0.352756 0.348111 0.366721 0.371845 0.383912 0.374943 0.364627 0.365342 0.363946 0.360402 0.354705 0.348569 0.34318 0.343051 0.342513 0.338017 0.340688 0.331786 0.337791 0.335475 0.33639 0.337571 0.333131 0.332616 0.332979 0.334666 0.328603 0.325947 0.310789 0.316305 0.334909 0.358617 0.37353 0.384029 0.394801
0.273965 0.259585 0.259571 0.259272 0.258214 0.262429 0.28063 0.303731 0.29843 0.294123 0.285408 0.277126 0.263315 0.256595 0.259424 0.272452 0.282639 0.294182 0.302831 0.301772 0.300526 0.313107 0.335541 0.337841 0.343567 0.340509 0.331677 0.326508 0.321878 0.31765 0.316772 0.321947 0.317956 0.322932 0.320268 0.324381 0.325222 0.323034 0.316756 0.308857 0.301646 0.294573 0.305008 0.297068 0.289689 0.301421 0.299549 0.293424 0.2901 0.278186 0.276065 0.276214 0.289505 0.297217 0.296177 0.287899 0.279015 0.285693 0.296405 0.29581 0.285035 0.283696 0.27824 0.281405 0.287454 0.291151 0.295961 0.288797 0.281526 0.282132 0.283972 0.283207 0.284559 0.296506 0.311603 0.322155 0.341737
0.168752 0.167593 0.169068 0.170384 0.172274 0.168357 0.170815 0.16824 0.171513 0.168633 0.169481 0.168578 0.171357 0.169085 0.172212 0.172549 0.171033 0.1682 0.16976 0.170282 0.171857 0.183501 0.196311 0.207978 0.212812 0.222568 0.221559 0.221715 0.220713 0.217752 0.218125 0.21292 0.218522 0.21799 0.215392 0.212881 0.211664 0.208815 0.207979 0.210908 0.216989 0.218316 0.218815 0.215309 0.212473 0.207838 0.204615 0.205334 0.195729 0.192328 0.189398 0.193405 0.194924 0.194988 0.197724 0.197756 0.197305 0.203129 0.207709 0.221388 0.232441 0.239852 0.252366 0.257072 0.267009 0.265063 0.263363 0.259775 0.265861 0.257777 0.254877 0.262419 0.271364 0.276314 0.274743 0.269473 0.268935
0 0 0 0 0 0 0 0 0 0 0 0 0 0 0 0 0 0 0 0 0 0 0 0 0 0 0 5.17003e-05 0.00100592 0.00260002 0.00362659 0.00390835 0.00408206 0.00419391 0.00446774 0.00454715 0.00451015 0.00462149 0.00456653 0.0044743 0.00456603 0.00462828 0.0045511 0.00505023 0.00544855 0.00564037 0.00565883 0.00588076 0.00569628 0.00575656 0.00572351 0.00588437 0.00586866 0.00580595 0.00575268 0.00489946 0.00458006 0.00448363 0.00455351 0.00464131 0.00454309 0.00449687 0.0045888 0.00460448 0.00450749 0.00453065 0.00860783 0.0129664 0.0171753 0.0197037 0.0222147 0.0233159 0.0245623 0.0257041 0.0274415 0.030271 0.0349837
0 0 0 0 0 0 0 0 0 0 0 0 0 0 0 0 0 0 0 0 0 0 0 0 0 0 0 0 0 0 0 0 0 0 0 0 0 0 0 0 0 0 0 0 0 0 0 0 0 0 0 0 0 0 0 0 0 0 0 0 0 0 0 0 0 0 0 0 0 0 0 0 0 0 0 0 0
0 0 0 0 0 0 0 0 0 0 0 0 0 0 0 0 0 0 0 0 0 0 0 0 0 0 0 0 0 0 0 0 0 0 0 0 0 0 0 0 0 0 0 0 0 0 0 0 0 0 0 0 0 0 0 0 0 0 0 0 0 0 0 0 0 0 0 0 0 0 0 0 0 0 0 0 0
0 0 0 0 0 0 0 0 0 0 0 0 0 0 0 0 0 0 0 0 0 0 0 0 0 0 0 0 0 0 0 0 0 0 0 0 0 0 0 0 0 0 0 0 0 0 0 0 0 0 0 0 0 0 0 0 0 0 0 0 0 0 0 0 0 0 0 0 0 0 0 0 0 0 0 0 0
0 0 0 0 0 0 0 0 0 0 0 0 0 0 0 0 0 0 0 0 0 0 0 0 0 0 0 0 0 0 0 0 0 0 0 0 0 0 0 0 0 0 0 0 0 0 0 0 0 0 0 0 0 0 0 0 0 0 0 0 0 0 0 0 0 0 0 0 0 0 0 0 0 0 0 0 0
0 0 0 0 0 0 0 0 0 0 0 0 0 0 0 0 0 0 0 0 0 0 0 0 0 0 0 0 0 0 0 0 0 0 0 0 0 0 0 0 0 0 0 0 0 0 0 0 0 0 0 0 0 0 0 0 0 0 0 0 0 0 0 0 0 0 0 0 0 0 0 0 0 0 0 0 0
0 0 0 0 0 0 0 0 0 0 0 0 0 0 0 0 0 0 0 0 0 0 0 0 0 0 0 0 0 0 0 0 0 0 0 0 0 0 0 0 0 0 0 0 0 0 0 0 0 0 0 0 0 0 0 0 0 0 0 0 0 0 0 0 0 0 0 0 0 0 0 0 0 0 0 0 0
0 0 0 0 0 0 0 0 0 0 0 0 0 0 0 0 0 0 0 0 0 0 0 0 0 0 0 0 0 0 0 0 0 0 0 0 0 0 0 0 0 0 0 0 0 0 0 0 0 0 0 0 0 0 0 0 0 0 0 0 0 0 0 0 0 0 0 0 0 0 0 0 0 0 0 0 0
0 0 0 0 0 0 0 0 0 0 0 0 0 0 0 0 0 0 0 0 0 0 0 0 0 0 0 0 0 0 0 0 0 0 0 0 0 0 0 0 0 0 0 0 0 0 0 0 0 0 0 0 0 0 0 0 0 0 0 0 0 0 0 0 0 0 0 0 0 0 0 0 0 0 0 0 0
0 0 0 0 0 0 0 0 0 0 0 0 0 0 0 0 0 0 0 0 0 0 0 0 0 0 0 0 0 0 0 0 0 0 0 0 0 0 0 0 0 0 0 0 0 0 0 0 0 0 0 0 0 0 0 0 0 0 0 0 0 0 0 0 0 0 0 0 0 0 0 0 0 0 0 0 0
0 0 0 0 0 0 0 0 0 0 0 0 0 0 0 0 0 0 0 0 0 0 0 0 0 0 0 0 0 0 0 0 0 0 0 0 0 0 0 0 0 0 0 0 0 0 0 0 0 0 0 0 0 0 0 0 0 0 0 0 0 0 0 0 0 0 0 0 0 0 0 0 0 0 0 0 0
0 0 0 0 0 0 0 0 0 0 0 0 0 0 0 0 0 0 0 0 0 0 0 0 0 0 0 0 0 0 0 0 0 0 0 0 0 0 0 0 0 0 0 0 0 0 0 0 0 0 0 0 0 0 0 0 0 0 0 0 0 0 0 0 0 0 0 0 0 0 0 0 0 0 0 0 0
0 0 0 0 0 0 0 0 0 0 0 0 0 0 0 0 0 0 0 0 0 0 0 0 0 0 0 0 0 0 0 0 0 0 0 0 0 0 0 0 0 0 0 0 0 0 0 0 0 0 0 0 0 0 0 0 0 0 0 0 0 0 0 0 0 0 0 0 0 0 0 0 0 0 0 0 0
0 0 0 0 0 0 0 0 0 0 0 0 0 0 0 0 0 0 0 0 0 0 0 0 0 0 0 0 0 0 0 0 0 0 0 0 0 0 0 0 0 0 0 0 0 0 0 0 0 0 0 0 0 0 0 0 0 0 0 0 0 0 0 0 0 0 0 0 0 0 0 0 0 0 0 0 0
0 0 0 0 0 0 0 0 0 0 0 0 0 0 0 0 0 0 0 0 0 0 0 0 0 0 0 0 0 0 0 0 0 0 0 0 0 0 0 0 0 0 0 0 0 0 0 0 0 0 0 0 0 0 0 0 0 0 0 0 0 0 0 0 0 0 0 0 0 0 0 0 0 0 0 0 0
0 0 0 0 0 0 0 0 0 0 0 0 0 0 0 0 0 0 0 0 0 0 0 0 0 0 0 0 0 0 0 0 0 0 0 0 0 0 0 0 0 0 0 0 0 0 0 0 0 0 0 0 0 0 0 0 0 0 0 0 0 0 0 0 0 0 0 0 0 0 0 0 0 0 0 0 0
