benchmarks/avaHockeySmallNullTest/release1HS_8bfc07aae5_C_M_null_dfa_pft.asc
ncols 1001
nrows 401
xllcenter 1000.00
yllcenter -5000.00
cellsize 5.00
nodata_value nan
[rows 192 to 215 of 401, columns 371 to 423 of 1001]
1.406079881280308 1.435053075177437 1.459182287756071 1.460336660519006 1.475567019612757 1.472522732566763 1.478322250579467 1.471749811852975 1.485481339108737 1.514379067904951 1.523777567045202 1.514810266596045 1.480878914762133 1.435857328036121 1.427319305769563 1.41255626727064 1.397636808808116 1.395944300161396 1.416112073108438 1.408222622676799 1.374423698582828 1.347908507217868 1.329462706752728 1.348206803986532 1.328826254127183 1.29137887771468 1.270557828890471 1.280690822703142 1.281767732608568 1.258835772719682 1.236705147450962 1.213538809410223 1.205255643440093 1.23254066944188 1.238738332003172 1.238598743267225 1.228913256843121 1.24383221893817 1.213270828551081 1.165168163746563 1.133786569571257 1.118978208222382 1.104678341425415 1.075925456488888 1.057795934791057 1.06378635581433 1.054988883757234 1.04628865076679 1.026985643863148 1.025087743997318 1.031202128664658 1.024460455297475 0.9988350313763231
1.621144398465497 1.607783617222129 1.574218160476365 1.534207974994749 1.520258073355785 1.516847490310417 1.53036884393501 1.5583854245509 1.564016380942092 1.593933878486465 1.605079662300909 1.593424132888404 1.599699683493753 1.603654941013047 1.594343185194818 1.583058146533984 1.598140446759777 1.593862786094562 1.560798113485855 1.522323257455481 1.522158353175956 1.509815418949122 1.534291991603223 1.556205247732793 1.545494090202747 1.522815953876761 1.494143882494085 1.488659569195455 1.498704112603448 1.514449917347328 1.501231018931017 1.469488705505253 1.440631306131431 1.447207557787184 1.452004072207948 1.469093086990723 1.47417402751804 1.455116552427607 1.442941648187072 1.446550323387629 1.434723208486596 1.385427433084051 1.340485867499398 1.312225547540368 1.323773551447772 1.28980258842015 1.231658874673548 1.190206699069029 1.139328667482158 1.079623858749556 1.049972890159379 1.027813519960483 0.990149051868106
1.740013314272557 1.709886179694333 1.721513697986474 1.715759676760826 1.686948172799773 1.697271935198244 1.703423479021594 1.730665200809582 1.778162656886365 1.790486650359126 1.767386028290427 1.730648460679109 1.681848336154562 1.660943340017396 1.685914659803621 1.688664027808598 1.675506641322369 1.68337393719555 1.667084456963977 1.639701907627283 1.654205296121217 1.653740013467755 1.680863539467959 1.709060593685336 1.688073265832263 1.660552217215414 1.679810766152185 1.680205864880024 1.706312035248638 1.723575966079296 1.715786770268227 1.676123461835635 1.631900023887034 1.619607917813479 1.609708754603099 1.626723106645572 1.64371348295725 1.627664549029964 1.611887350793372 1.581392060137028 1.578722834711511 1.569631641111535 1.563827432043431 1.571731885373389 1.544124475768343 1.521176135949982 1.515009093713778 1.485764992203289 1.483296340443866 1.446421015811427 1.363404129123129 1.308545697904073 1.239488914149983
1.796648849395645 1.796935146494692 1.80522620433449 1.784518451039433 1.814935565439352 1.82687227621814 1.831262405084315 1.887478105279472 1.913089527157887 1.883102725058505 1.860142474865097 1.838062034476501 1.789238547853732 1.816435201046927 1.816060878149984 1.828903914181443 1.85765859753872 1.844530503430522 1.849069716360976 1.853200537950066 1.830687964705461 1.785378368849772 1.792298078273633 1.781513463151555 1.747920488984257 1.792137243294558 1.813502173498544 1.810401153790272 1.819145664691026 1.83853767912035 1.827550040588142 1.827418273776757 1.865546876119337 1.87509297700012 1.838452540628301 1.835806914314468 1.813090704325815 1.784753640811237 1.795422643539043 1.790228247868085 1.758346336451035 1.755990107695598 1.758086944455701 1.740367508327175 1.751495230339646 1.74713217392681 1.727140898291322 1.704540006921994 1.680341791608374 1.621172899880215 1.609465360840951 1.566226014782486 1.507476316886842
1.884367008307962 1.863762640753589 1.905956450514076 1.918584696991362 1.896164783642839 1.917504928413533 1.924010991033767 1.974333195393339 2.003116194925723 1.962604205086835 1.918076546305628 1.890123267170834 1.878479016761845 1.854438298611778 1.88095894406574 1.858265333615337 1.88000210950723 1.896897541034508 1.886602746457231 1.908949963613402 1.915971696483053 1.889626586617618 1.883095065694294 1.922933147963978 1.919722448055269 1.88281197565814 1.904859299393705 1.885286658483178 1.873139093618612 1.906622293366978 1.918092459964543 1.894394329746299 1.905579284740437 1.924978946021035 1.897128736153476 1.902433254009528 1.920590788503104 1.903685544649295 1.874812045086814 1.884679093654222 1.840304240257551 1.840641003179146 1.851737675716662 1.826945900626346 1.828991499058603 1.836594890039102 1.808821817998463 1.801638344052534 1.818746201091326 1.800188894811368 1.769837725037068 1.756311475324384 1.700765502431102
1.85926315173865 1.880604874151163 1.872203082575073 1.904812113466053 1.947757635011654 1.930275694339711 1.954946003070269 1.955969413738843 1.936787576119621 1.955165792913177 1.921811888785004 1.85871650397611 1.897022897735807 1.899363331369203 1.860960938242521 1.905430638961963 1.921602077999898 1.909556756643239 1.955768604969882 1.971158619698404 1.96659808677299 1.99426304357852 1.992239204189442 1.936519765440512 1.933860470609834 1.937744884368324 1.907757545665053 1.941742457860864 1.936763908079876 1.918606599194154 1.95932645215896 1.999692755926174 2.005681335150956 2.001481917480227 1.99859927239119 1.9780324708785 1.970328386310694 1.989393112114876 1.982081466568129 1.944934140367485 1.975232949500171 1.95669429243903 1.927763568393733 1.958122706332032 1.960579228324627 1.935753371363479 1.94928020748398 1.951948921100356 1.921654417444757 1.924671061851029 1.934780359599314 1.900220549606159 1.889180344979035
1.92837663777986 1.904455629662905 1.931210391327314 1.924356419839263 1.907048634939859 1.927399111788396 1.937333803614281 1.907219144429639 1.951819552011158 1.955025367764357 1.913349311073654 1.92904720467592 1.918970787265523 1.892975957683093 1.960726706489172 1.964877641159796 1.950318042450699 1.975400212631197 1.999456564226143 1.980350360427285 1.986503193131202 2.00857888045851 1.968545362820526 1.944853785634173 1.918536882316213 1.903076937112838 1.918620573198473 1.941213801608406 1.918104396355868 1.941932054289785 1.997198261725688 2.021503604347653 2.012481772614063 2.040858010486915 2.01085050472922 1.982169115710722 2.022655114024403 1.988956926603011 1.918535894309616 1.929052428078989 1.931873150278433 1.895930949461144 1.928593338103444 1.959760846599937 1.946758742802809 1.982491185819453 2.013692235468693 2.001169413631204 2.012526931625017 2.016194591503637 1.987624637127565 1.932383884070794 1.94805559279645
1.914787537208751 1.906415827077616 1.927272520975907 1.915267434763424 1.867449154528065 1.878162451777101 1.888504429544249 1.86414150604574 1.918784077664329 1.944166176020613 1.918278716007084 1.937656848246241 1.936295940891441 1.928118602953968 1.92580019394069 1.965108101801863 1.951347382726054 1.92335193329081 1.947676982850816 1.938877254103848 1.91534299421534 1.955065878205571 1.952419702484508 1.891234105753821 1.868649979010011 1.874756648599592 1.85693346253481 1.862274367821517 1.883959083979348 1.878260144403612 1.884206044335725 1.914285775440479 1.921609893508203 1.891422415860708 1.909672828581964 1.903350488893347 1.861651036995517 1.875302097587553 1.828231764422487 1.783180155418089 1.842073014604185 1.847308380006955 1.825600258777323 1.873351313780072 1.883839233906341 1.847128937827078 1.878240855776542 1.910018942967 1.905188243183183 1.870563566709965 1.871293025196424 1.831878500023511 1.778530482118825
1.844779532420809 1.869675384721317 1.856676801046593 1.834495492927046 1.832998250360533 1.77557124669003 1.765043563739372 1.773101648419941 1.782176609779786 1.778564163049485 1.825395495465647 1.832140799703899 1.790612134912761 1.792527121837387 1.810359803440052 1.803471756705544 1.812806230083311 1.822679053473758 1.816039687968221 1.804421436083527 1.853368544348664 1.86878220440733 1.852254591328827 1.872600992378948 1.881365944540422 1.839746886992994 1.845262373728527 1.828171281391532 1.830393112360693 1.86727706195139 1.876722198590387 1.856639679882687 1.827690371031761 1.843516589164301 1.820872852788298 1.830881343059887 1.842922267249358 1.813389166037666 1.789418610499547 1.79278760621551 1.790458022427144 1.756410995358158 1.785106391157144 1.762372220251001 1.760827955679975 1.769002587614119 1.771978636167214 1.808290287959555 1.850611992278129 1.857933671122599 1.836315509849449 1.839497518308227 1.82909231043761
1.763191831811678 1.737585638703366 1.752945344774405 1.752139280009364 1.740367857810314 1.71286292024943 1.701790599365402 1.713713142577859 1.70854596704783 1.746426736998722 1.768561531916797 1.759527723436025 1.75203893891591 1.773720662611923 1.76595481656096 1.747642498804059 1.763885596700068 1.765449435056823 1.740445592578042 1.765189270637266 1.763726069865656 1.730653490252918 1.722289660926934 1.714240286074968 1.688941203782874 1.67065441081715 1.67734153178314 1.658500998477361 1.648716249615847 1.679221366384524 1.684963569781893 1.674574608942965 1.710210233474535 1.709078755801628 1.690950491990695 1.716325687418433 1.718622273539952 1.696492182241182 1.718019842609039 1.722701972782208 1.710111126900525 1.725544689447881 1.726064849733759 1.692617176201628 1.717424507018668 1.714231173838839 1.701248458907782 1.736144748162672 1.758483537858383 1.746092116436702 1.752808499489183 1.759765563266311 1.731546520457513
1.622855114947228 1.599832950346062 1.579882258517677 1.596295461349976 1.588106633817812 1.57113816426087 1.574205314554729 1.573952735007372 1.572462494941621 1.600881668599322 1.607857848607094 1.596825369650243 1.583608869008696 1.595026959516087 1.603159582840517 1.593283751763505 1.595060239064729 1.598515774138175 1.590372861703129 1.56201513872286 1.559958758060781 1.560643917260414 1.564464730944357 1.578761301236241 1.578039683039781 1.582240339337168 1.598783821181443 1.602220083777533 1.602956177010384 1.617591832310635 1.605797832429383 1.583390565093578 1.597643118440582 1.604878724984195 1.59665072880103 1.605939765636919 1.608819401989345 1.606917581851798 1.609311850556012 1.604971852075286 1.581159096162557 1.584352490916761 1.585739695573128 1.600416286806737 1.629555504781887 1.633666402214729 1.65057707245627 1.674060418613575 1.668955023201749 1.700851950250027 1.721180261901623 1.71587915695508 1.731387493375965
1.383944779872624 1.395125952204723 1.401142168277641 1.411080204831332 1.421418821454146 1.428970820178936 1.428185069610974 1.42840504770849 1.407470362076349 1.38519669361189 1.374123729606848 1.377176300031337 1.39344324577946 1.391776090561019 1.406023277859766 1.402981503346334 1.395911680462521 1.364451625206097 1.354808246141513 1.362582075727232 1.372473448632106 1.403235445524346 1.404647960521502 1.382351560765201 1.35213821251398 1.357996745175184 1.356604272213551 1.344057099283992 1.32525343649305 1.333788387044041 1.35848114491224 1.361054957803473 1.397297052985025 1.421686920949158 1.428904250615982 1.419623845829038 1.43156179693755 1.446073734878541 1.423505560443983 1.416317651064274 1.439105705472316 1.449754658613594 1.441747876349436 1.453014963632093 1.460201797516168 1.458067927607683 1.481111660650321 1.498578805593703 1.496139610474146 1.535438670945912 1.54939128470373 1.5524759212808 1.576935543670178
0.9794434667600114 0.9816021827618854 1.013335823044297 1.040124922415607 1.092261748311224 1.08792311228875 1.079363901038989 1.089728893327561 1.107629902630785 1.136075012101239 1.1777055412505 1.18307513995612 1.183506161998938 1.187603004059024 1.190501631824306 1.217529396122552 1.207230432786544 1.199299862058537 1.171009929702703 1.151905036316386 1.120608804214578 1.119667404140642 1.103999287473637 1.124133439504999 1.109474588227525 1.080908463267092 1.073540415834478 1.120415874416459 1.131865743501981 1.114498888009027 1.130724910999738 1.106862408186807 1.095293839193783 1.114489632787825 1.119642036430317 1.102903732733055 1.096516239764707 1.102171728348449 1.100700602803951 1.101064341059881 1.106870832327742 1.115548728555204 1.131323903538787 1.128588152509767 1.136350493497394 1.139640762893917 1.146344002842887 1.15450091155103 1.185168975902242 1.220579906621299 1.24457427353826 1.283364248851414 1.309252648837462
0.860643063821242 0.8923956859168478 0.8905160955947781 0.8920834135875932 0.8702236000836668 0.8646566973170496 0.8588663689460965 0.8741302144176958 0.8897786314453746 0.8776054041399344 0.8762337612528138 0.8600673016994496 0.8482315308320227 0.8596741241326799 0.9039916731852358 0.8867278247846742 0.860024246884841 0.8535571292787716 0.8589503954362151 0.858808247968229 0.8780500933367638 0.9139188949042656 0.91027914980304 0.948749845660716 0.9004462582477921 0.8822565889127745 0.8361442690393319 0.8264014169098675 0.8266122273118285 0.8272232945884742 0.8245887157406158 0.8274507738742334 0.8208430778113613 0.8179165305026964 0.8300296332129744 0.8396857745133836 0.8396067603285654 0.8323357315037665 0.8558685352512907 0.8636448995799983 0.8892216979007939 0.8570789978332438 0.8576835769334268 0.8306591446826762 0.8414008685444682 0.8580686612351099 0.8721453509482039 0.8953347512954778 0.8966699532104346 0.9051284770042739 0.9080793751813161 0.9229317167616798 0.9621504072514465
1.082156191400054 1.041873463335259 1.025187983654899 1.016964270918471 1.024623449559049 1.014800890815791 1.010401030688044 1.035465704838376 1.031380650991908 1.036722462730626 1.037939311269713 1.012938074905072 1.015048244767947 1.00773703802972 0.9682773326549798 0.9642516491905002 0.9291014084536169 0.9376310046753893 0.9460335561823419 0.9775970131966778 1.009545247734523 1.00644695961752 0.993140713957159 0.9921687128464685 1.008893334918339 1.001329797431707 0.9907078052184247 0.9969629743028192 1.008234839399165 0.9980099366572132 0.9870266457229033 0.961758813833249 0.9680393806646105 0.9737985214262894 0.9521160921060188 0.941783621368668 0.929067483172289 0.904901580358636 0.8830487392135093 0.8798167862301181 0.8707452657354071 0.9039930424404444 0.9163797867199722 0.9185687616967022 0.9290967866795391 0.9322712696598688 0.9220683401271119 0.9130943198852378 0.8958420611775454 0.8735866743706981 0.8495714745445326 0.8279446886221058 0.8129621163394165
1.187937395109275 1.164402825888163 1.165340010186226 1.167348950204366 1.135510992917685 1.148265710238884 1.107222973644875 1.117955259675273 1.088128737896364 1.094587671016426 1.086455165926934 1.109334350313971 1.139817345754942 1.143793406490237 1.145988106783113 1.154724414264478 1.178773338864963 1.182631914579173 1.190267407202197 1.156287368707794 1.138556058721735 1.130754477392388 1.095845310550986 1.095745388077836 1.073866957886033 1.064748072642598 1.028708344492092 1.028861522181031 0.9852578557768308 0.9845744434482948 1.011414806704244 1.023635993909337 1.020603263606675 1.008037799227649 1.014364222755127 1.062140179920404 1.055986415038025 1.061370757257209 1.045871161307208 1.015930880091561 1.000361587373334 0.9677722631315621 0.9202044574532847 0.9017728458956423 0.8830547788243537 0.83746428096973 0.8146344121773854 0.7924620704104124 0.7695670812286101 0.7476373749679355 0.7484746136949586 0.7395843615455205 0.7492718959213788
1.303523394377765 1.261912105872242 1.247530022454389 1.227818256815356 1.2371080044992 1.256762635163657 1.261864483589103 1.273132247963503 1.278402183558965 1.282029094016363 1.28056091598948 1.29084120027333 1.243486836248601 1.223825183436643 1.234303978113462 1.221051462893903 1.239152129062504 1.265014805410071 1.236717167721978 1.230003282487939 1.228240282550894 1.196345602269185 1.213154072336243 1.188857772896982 1.201460025369108 1.168078322934081 1.158896641676727 1.148082637385656 1.134016139532816 1.125829873650666 1.115790327220519 1.098959873687569 1.107554128488899 1.081393185920464 1.091874951146978 1.066877073101279 1.031685834929355 1.024504298843033 0.9770864521011668 0.9554211600790836 0.9220046612880064 0.8777510210327886 0.8696378774908479 0.8407658917729891 0.8049345615689136 0.7923833760959365 0.7797927119635403 0.7477423535302729 0.718217587828505 0.6953063234484944 0.6708748380079137 0.6887474060740081 0.6824722322753136
1.435470363687094 1.434043429590768 1.410838902525933 1.396835694808242 1.424994371369686 1.423735748709882 1.413657977430306 1.431824752741296 1.433377689140235 1.4203753893975 1.395847420527583 1.404493590493033 1.379079523240458 1.337138395886987 1.326309942296806 1.32409312040613 1.318578707230992 1.320417594686849 1.295840546507525 1.278227934061797 1.273074772969998 1.258118719829537 1.257785273924636 1.226443350869691 1.193946491214066 1.176154757633173 1.149351210564822 1.127626304188575 1.119183999846703 1.064063259716855 1.068187371234356 1.00908259407409 1.003403501381763 0.9530852485355713 0.9301427490673497 0.8943371479469518 0.8716834138693818 0.8415817846913892 0.8150468849228368 0.7942412423653922 0.7609128755832468 0.7231718606913256 0.7163124028309757 0.7124534645900872 0.7086371306295446 0.6930891410217879 0.6887616978249997 0.6911258039706919 0.678480025324528 0.6624290746768018 0.637018887809563 0.6257686876948677 0.6177569149647799
1.440025416698608 1.411218249094002 1.374914011727438 1.375110086677554 1.378663709326273 1.348910408272759 1.337489273042656 1.350533465922908 1.331358983661046 1.309243738964123 1.292268941391556 1.258688812330494 1.250238954083073 1.245547140104301 1.222765305194343 1.207605632057063 1.23126952774679 1.202492730355433 1.175641398959254 1.185971437371291 1.161118147311637 1.166603181381764 1.153277174184098 1.141676803380146 1.123030128163268 1.076732919350927 1.039708068844902 1.010315898289739 0.9475290864453568 0.9460378623824481 0.8853838614866326 0.8738624582791318 0.8213799997360904 0.8015532062504254 0.7722875743823455 0.7461400851633956 0.7415128984748254 0.7176109277863336 0.7026328285183373 0.6927019821315361 0.7103188337796041 0.689063640040814 0.6792631588485413 0.6790061597964344 0.6620741434732855 0.6493751746855887 0.6464213966867354 0.6193959994372287 0.6212189245254685 0.6154058972475563 0.6102849624525408 0.6102504902713835 0.5966663654250831
1.424015779192118 1.390678294842534 1.385607407811122 1.371841059673938 1.347177550786182 1.321885789069014 1.297107701480843 1.275055216273185 1.261179943144713 1.254035117637812 1.263017764241032 1.26094452518513 1.260118215927426 1.250376689212492 1.252230804348368 1.23746684613328 1.242752213181503 1.237185795647422 1.170951863864036 1.102229410705424 1.074974900017247 1.026396452631378 0.9463306619530896 0.924741176054894 0.9175814381655822 0.9309942800557539 0.9195489981201904 0.9115001821340163 0.8921873887453344 0.872675371078415 0.8571539529349587 0.8408288153933422 0.8333626148110015 0.8219439564830376 0.8204321029037493 0.8365488935902691 0.8398383284170345 0.8467943556343858 0.8487468963093194 0.8571703007371337 0.8525087088723537 0.8725584350589253 0.8892434300698203 0.8915049906745056 0.8847798455202854 0.874886254218379 0.8748834020704791 0.8670452359410836 0.8383912639639058 0.7899500096675776 0.7651725404998238 0.7618146609376872 0.7526892841289701
1.361705178623975 1.365183168248465 1.350296869181391 1.352366344987243 1.355114917359639 1.31092332538022 1.259539537198368 1.201163317725853 1.162371967941234 1.159036733714928 1.152679934739623 1.150440790122591 1.138089842128047 1.147109354605513 1.143482642244323 1.151259135892612 1.135070377797848 1.115108601963983 1.121643440694246 1.11151459319488 1.086338939423289 1.066015776643494 1.06498970577034 1.06710134443102 1.072488938232474 1.0432937808429 0.9962235812702013 0.9757778970675305 0.9600197102221942 0.9446159735873173 0.918904516739222 0.908141170660823 0.9165097448621343 0.9265413029204275 0.9367308755824089 0.9333022641968436 0.9490136068415314 0.9572568835308355 0.9614676678829212 0.9558928520557828 0.9406744450179474 0.9196212178715073 0.895807569213283 0.8612871758840611 0.8339155969118479 0.8177219066818169 0.8132072920083386 0.8140294799891773 0.8221410685348163 0.8541589825187502 0.8592779083272016 0.8416255503121528 0.8221783350507551
1.222993064497668 1.192417078146473 1.164333288302317 1.126398374998766 1.122054160251527 1.087247554302425 1.093027861809901 1.08214657929112 1.078834044510016 1.074759373134171 1.088669222286317 1.083530869190869 1.067470654220731 1.07453745282977 1.09576155844301 1.098130605745297 1.091711089702532 1.097163958913341 1.089764230498882 1.087566522717612 1.089696000617532 1.078025835168596 1.058110862038859 1.049511284940265 1.032825760242166 0.997871915038948 1.00095064377751 0.9808984143442074 0.9783718946192668 1.001372193103453 1.017772750620634 1.036204624246291 1.048095439457354 1.050916035189688 1.077001405397891 1.089774716233305 1.082769216828731 1.073196936884346 1.071513472191978 1.063409616741274 1.058760787453071 1.052353861657392 1.065710613087876 1.071702217209108 1.071974218243119 1.070752301839601 1.069113544052942 1.063488138269158 1.058172730233323 1.039223518886223 1.018135386733195 0.9908558980105407 0.9555857386127786
1.169427961936613 1.148890322837906 1.171395694102034 1.146203021334945 1.106109025529622 1.105464393511772 1.103132747472295 1.101370550276363 1.08982874301209 1.068618602405515 1.060576802296452 1.05878271956088 1.038799402647039 1.017668112722678 1.000319669711387 0.9712857248145901 0.9319825519453038 0.910168334133812 0.9034182430974588 0.8784429118448067 0.8500842115589601 0.8400676914853088 0.8436377871678267 0.8330180910703934 0.8704145371156269 0.9209166919433274 0.9710020302685453 1.009246025323792 1.039499740470677 1.077485642959906 1.079341143632313 1.07354675120068 1.081435215024495 1.087033785066319 1.088405669064949 1.078939385378789 1.083070065022504 1.081384522662587 1.068651300330918 1.075134483839384 1.083021164693481 1.088650129766445 1.093812413381485 1.0823134991657 1.045547119573968 1.024657649291441 1.033229727694634 1.030586354605502 1.013715520655818 0.9975413545993267 0.9855470011473813 0.9682399189082684 0.9617947796851165
1.013292563381107 0.9834818250491163 0.9508602879734644 0.9408234047764769 0.9214973965458227 0.9016484282422194 0.9138611837034121 0.9128276627148463 0.9099246916741778 0.8971705400847303 0.882598599321292 0.8683784823394907 0.8629852784390792 0.8631676132345498 0.8473405758756203 0.8301624124122909 0.8324631680610198 0.8143088950887091 0.7892572929443742 0.7644409138035643 0.7447473701419111 0.733775935462916 0.7405764652789163 0.758747288593058 0.7630323157191399 0.7913970008595156 0.8224047924090967 0.8430321133910653 0.8836868427422186 0.8960556512091579 0.8864701043132419 0.8939609832090427 0.9032945761583834 0.9002316880893917 0.8936795748026508 0.9030723731795942 0.9264261558286813 0.9483577416222491 0.974828132566276 0.9958956194868085 1.00251525589878 0.9924586224876503 0.9727157387840013 0.9761371262561214 0.974907018449284 0.9451616078403804 0.9390836102129182 0.9289107414730798 0.9119654149512397 0.8837376770763348 0.8619178395425501 0.8429163597633083 0.813645594561976
