benchmarks/avaHockeySmallNullTest/release1HS_null_dfa_83fbab0a01_pft.asc
ncols 1001
nrows 401
xllcenter 1000.00
yllcenter -5000.00
cellsize 5.00
noDataValue nan
[rows 192 to 215 of 401, columns 106 to 158 of 1001]
1.035330764644636 1.048473774723447 1.044172304842614 1.040635710047184 1.056419078517953 1.061728056056126 1.055258350696479 1.059754924662485 1.084672660346749 1.09335891595384 1.107019051105481 1.123550066431412 1.134307154376252 1.156189954116941 1.161632447137079 1.174973911132135 1.183466821894139 1.187717326481547 1.187404637914514 1.182741848256303 1.206061885558593 1.191123725506624 1.21505879867978 1.211512658472519 1.228586582537579 1.258539328756247 1.258303981136027 1.292642260541109 1.296730573410145 1.269736605530452 1.309165839381325 1.333235752531594 1.331619863676527 1.363149535218214 1.376929897541454 1.399523705538526 1.438424688418474 1.46606120074771 1.477146138550461 1.529198241669361 1.528959071507846 1.52497226037622 1.574177746304007 1.561228928430013 1.588178821727737 1.573288605069855 1.613240157144721 1.609198574112711 1.645232599973752 1.643338031224884 1.664619460802568 1.632746503291334 1.65751638882851
1.086986536703466 1.073622170402264 1.070484394485344 1.073690874412123 1.072055584766332 1.084587950922661 1.082682794868103 1.074475961616127 1.104210453853715 1.105459171077178 1.099406590175127 1.115037462449656 1.119147060406128 1.116670740044692 1.143182843070471 1.15696417190326 1.169802264994323 1.202032074538588 1.197557969830283 1.215286084665271 1.237419568140579 1.221957945261197 1.250100334964856 1.238725494961511 1.254185411810569 1.303295322133652 1.26375711974263 1.309742580466894 1.298225200243384 1.336257431460252 1.3733251425393 1.369925998862778 1.409696043966348 1.432605241329385 1.443468572685955 1.470545208214094 1.49360267909029 1.481015012036904 1.49462688953678 1.531025010035131 1.520676194708985 1.537557188542662 1.570167830402662 1.588829736788356 1.609552835481746 1.641164689623892 1.645860889340261 1.685642645780042 1.715084444381396 1.77332326343466 1.780142489116649 1.816524801264759 1.799425854405139
1.116180271024865 1.111424440480319 1.106849486044023 1.099860206162956 1.100831414533785 1.106054507845926 1.104499731675104 1.118413113525857 1.133426559516659 1.124532508742185 1.151892640777754 1.154489279891932 1.150988157416885 1.162173524800598 1.169918076780336 1.187686176178147 1.198325199512069 1.216789815300843 1.226461753887299 1.250171742013225 1.270395996254316 1.273040614877449 1.304421661657599 1.299855178842876 1.301932181943191 1.332987663933771 1.305158984996886 1.350074820095462 1.36210192725051 1.378305405020698 1.405347551497981 1.404555535355251 1.43839183487387 1.419686236385985 1.449724293290408 1.4326486598022 1.454712786605286 1.47184733103927 1.496622908973289 1.547440656337518 1.544568442162956 1.608362065212994 1.613351676378404 1.666343160644308 1.703157304748172 1.734942455592464 1.751980610390684 1.779806926361466 1.798624399789388 1.812235662287399 1.852573355522432 1.902719225374424 1.916219179834625
1.158935044837778 1.133260281793458 1.118917077222527 1.120828243031138 1.135751865622527 1.109362845112664 1.102984163765331 1.106203808242754 1.09965010320741 1.121593007880233 1.131342038767656 1.151954371236996 1.16884328210492 1.167054793765059 1.19662904664129 1.198123448528333 1.218184451052022 1.233951908000536 1.243176049044273 1.26376764978905 1.272955059178636 1.276535811224794 1.316384415690516 1.314795457818438 1.344287225134264 1.365168088777049 1.371293392120987 1.384302293172559 1.404255583779776 1.415771151357726 1.426096274103072 1.446602192924708 1.466353343481227 1.47693792997016 1.501596295846952 1.528052311271194 1.525792439722187 1.576022723064741 1.569000637311744 1.58909660280213 1.59720090741297 1.616754234122211 1.639239453171512 1.653540900487625 1.665701435818739 1.709721067773247 1.73840768699028 1.786773651855604 1.831747925564926 1.902572271409734 1.924457997698445 1.991939487712488 2.02896522163905
1.13731468481729 1.134040520000906 1.108116110573768 1.118152439365338 1.109723987719216 1.122731509714684 1.129384437350901 1.124503507489927 1.141327138269746 1.152129563399535 1.14800364270401 1.157753767866965 1.154335164148892 1.16375770861449 1.165653873778428 1.178938107448806 1.192310303013218 1.212838774871033 1.229713838696121 1.241765502244327 1.270477695900758 1.287185903971544 1.303477067963093 1.338517198975733 1.343048902124872 1.371656077932732 1.393565210510105 1.410434221815499 1.429296097325613 1.450104077065816 1.474790958127702 1.488894729592749 1.500270063414328 1.521766997432155 1.547425928687332 1.566157972040811 1.579903975394841 1.594374741918693 1.622437614763885 1.633261399790603 1.657954363187796 1.667512960375861 1.69805059820837 1.715033170495616 1.736523889023071 1.736366277766917 1.752225403672822 1.784455773617243 1.790605774183566 1.837553152528776 1.897879897226757 1.950895034273598 1.991877120216684
1.182731359279501 1.164409211588775 1.157412147163951 1.168749232654822 1.155317925117806 1.155264677614588 1.150823701273314 1.146776733009709 1.144358527469692 1.129468313710171 1.152866727392736 1.140462848050033 1.1421067095054 1.15657634805474 1.170158331267846 1.177653376736383 1.194471743185842 1.214558399696679 1.220878747917407 1.242159089951938 1.271185010791428 1.283520586809964 1.298550544506273 1.338864306698592 1.353278169507671 1.367623873515121 1.408348614051539 1.411212912154086 1.446456559812678 1.475286608495738 1.501934500039946 1.51785476040478 1.551672705833718 1.564644370257979 1.584774090562286 1.612604842315049 1.630805534741047 1.628143020749207 1.661124367813821 1.680627664420659 1.716093946258511 1.73542861677786 1.751677312584192 1.764383019045674 1.797843057715906 1.837988070005665 1.856956171135443 1.862578139771779 1.881261205642357 1.924995714470012 1.944479478309372 1.969346427268993 1.976161198478463
1.161614800806171 1.135799089170395 1.126453410883711 1.161142555581628 1.129672460305676 1.107078876897484 1.137651759325196 1.122926326647855 1.115344068199777 1.114985258956976 1.121580998401403 1.138470990686379 1.147090320155634 1.151384556864326 1.176310873666228 1.181297648888856 1.203456251899057 1.207263489018846 1.213379352872116 1.231367313304791 1.258681015609779 1.273658394606842 1.301521828648504 1.3141878103875 1.344429262786005 1.361591244741509 1.389740380215949 1.404713516888022 1.439423992796613 1.467527790479371 1.480692106158367 1.517230070793049 1.548948355424331 1.580191447979543 1.603076688486287 1.632837908602327 1.670160230746781 1.71989177674893 1.745771103927575 1.757808090269702 1.803800540538703 1.836556908885815 1.85153518318613 1.873485707123689 1.909365958209315 1.941833640265999 1.951188832554783 1.973802762018352 1.995633303047858 2.032028555199354 2.061846435133201 2.076770743116319 2.090276676264731
1.149153460146694 1.129849222541204 1.140925406353232 1.152920331706583 1.128136275376324 1.117738665329114 1.146579998435737 1.126577465177318 1.113618892283309 1.140136072386525 1.123038031038559 1.140902674429127 1.134146646660435 1.140059646611165 1.127013797504323 1.140564631975103 1.142987298863829 1.180526434603411 1.168466841286149 1.193165163681139 1.20871070734879 1.235077164660873 1.270153897483159 1.279977101873156 1.307890473584856 1.342608127812296 1.371894491665395 1.392888035406159 1.438282298704069 1.469168519904005 1.501316728769055 1.5347544273587 1.580766020158547 1.600769317942595 1.63941803281181 1.670297118104329 1.712966364770417 1.758473505617211 1.78938845695902 1.821898935966119 1.87055037227684 1.914809686256843 1.950956719477409 1.979517933503166 2.03743111394058 2.073613945506679 2.102334787393381 2.132925426861111 2.153208645124255 2.186479467269357 2.247777529277288 2.26184109742179 2.270082323398077
1.135433033531851 1.136700165046377 1.136985206013644 1.138236093852504 1.135834182818674 1.124648267671779 1.141011580459683 1.124734286725414 1.124066536642484 1.13992898253655 1.12103569132278 1.121714507373547 1.139147968299109 1.129114656994875 1.125994524591936 1.148454199600656 1.137770941721846 1.166519932760269 1.186880377729475 1.18995301891717 1.227104183929294 1.239181282053042 1.265689288175391 1.287574375034348 1.31005421511516 1.349488732450574 1.370268617130253 1.401444555243701 1.445352739319112 1.480313101468979 1.509418479858597 1.561210331185123 1.593283572386411 1.62229860772988 1.672227488169972 1.708359455556275 1.741081257542659 1.773245899969421 1.822380708204686 1.877521668885392 1.909165899229627 1.926622991183755 1.981970310936481 2.03872904100532 2.069900156974425 2.096476861527859 2.132600893469034 2.181724061487246 2.213990685449921 2.24425554940808 2.270775059845308 2.280239314777423 2.306310850645715
1.153718939057272 1.145809514406451 1.142575089409296 1.16455434699813 1.161274655859969 1.147327097420441 1.16386660540605 1.165084106456818 1.15055295609735 1.164005886428448 1.165106528028219 1.154433930606369 1.175822809386617 1.179312370098233 1.215317778032026 1.201169061278049 1.239783391387639 1.232915980319216 1.257718023533534 1.245349029553875 1.260776032811771 1.253212827085077 1.25273768610244 1.254476266786283 1.28916204244539 1.313020550134174 1.342685305049908 1.382150798995207 1.413454321100299 1.444217041222331 1.48436875879585 1.528529880921558 1.585981139730068 1.629337366049539 1.688845563174329 1.748713090130242 1.780700610500708 1.841368835547058 1.896009990190483 1.922700108229189 1.976611417360201 2.035941844730996 2.090728410682076 2.13079434473461 2.146484162758394 2.211764200995707 2.255666947948796 2.285807157188253 2.301780978130284 2.306801682404906 2.350489987881968 2.385756196873863 2.421427365769616
1.156223556242229 1.153621679832343 1.176078394194081 1.160279756599985 1.193956873999762 1.189015913950583 1.21325217837875 1.221778434692389 1.246506983652589 1.251339398203932 1.269364606809054 1.276271929347297 1.291636307095272 1.300183482954168 1.29980613196131 1.306409207320756 1.309398678578462 1.302542630051808 1.311621186258424 1.300964210697829 1.309819441581682 1.300748432206738 1.314971647987436 1.322106481206984 1.33453776169249 1.340318691310146 1.354732919827807 1.371045551999663 1.410393028388313 1.46626762683511 1.508327493823304 1.550882906193525 1.596790338765533 1.655456333019157 1.707440147577019 1.746438691903179 1.800821982960726 1.868038609924606 1.92661218511955 1.970177408661009 2.01747955207238 2.050911356908388 2.115470249976842 2.154073870044748 2.199399565027012 2.235059975812604 2.252772460185696 2.288132933605036 2.336650518700126 2.388565560546743 2.407528330261726 2.442249233943716 2.45401619407207
1.173798590764299 1.191265063772727 1.196974219122631 1.220355714635439 1.215404141698405 1.236610116721002 1.232866338690234 1.250352032898437 1.251105407546462 1.272172858367267 1.259850515039021 1.286609755464759 1.283871640258297 1.302744931415313 1.311040587972927 1.334941303638673 1.351481401077489 1.36749264187079 1.385163448393421 1.398802778223228 1.422868227903258 1.430759121898913 1.442291724870865 1.440843906365703 1.456968831893951 1.463525715126818 1.460407710986176 1.47566460902491 1.479025653617284 1.487895673091926 1.507304048898261 1.514444553195118 1.570824746074567 1.622307324985843 1.672297517301199 1.719837782156883 1.768085672058419 1.810456990844335 1.870536071723834 1.940322298833127 1.97258372473665 2.040713601252086 2.085460147238914 2.137677482132104 2.183238685142406 2.239487638160084 2.273272251886095 2.308195325878011 2.343863053437638 2.391253091170823 2.442762695825772 2.472584647041022 2.498123824555362
1.23289093422652 1.243650495286922 1.255075364069967 1.249247407007884 1.280903190761692 1.275279625230302 1.31124179401413 1.315199701992981 1.343537349536573 1.347380800397125 1.376497331376217 1.376107749817489 1.396172597080086 1.400368591478428 1.420193377098976 1.428003614858318 1.438195804455972 1.425921637755651 1.447004653509754 1.435696407707738 1.464892225197213 1.456994300016806 1.46723514356815 1.481783234427209 1.492871321131608 1.516226152156379 1.518872646900368 1.548236335205261 1.575227366051272 1.573060301864675 1.601441977782045 1.625492267094814 1.639073917233331 1.678874469808634 1.702034165571712 1.742854571557552 1.777704077350109 1.826862402170086 1.884975940171819 1.925831346630215 1.99060763099015 2.031270772612997 2.06559286001612 2.130488629050062 2.183994719987271 2.225643136069682 2.292634000235747 2.321200682965733 2.357778472237503 2.382484157879599 2.375229510107773 2.416309244539736 2.442903624960371
1.217715252863083 1.235035912542272 1.248568627556361 1.261074134897743 1.287018128938911 1.292195319441534 1.321990307421243 1.328399407471536 1.341342205345021 1.376013781637246 1.377859963722343 1.400381875061953 1.406497029977071 1.429443455365725 1.440733072633118 1.466047927007117 1.474959225667911 1.485820691494425 1.505782882522831 1.517976080679505 1.538353909967756 1.539173127787829 1.560308211707917 1.559193715999279 1.565373028412562 1.578746485334213 1.58107347406933 1.609516657545594 1.614723421754733 1.638267510074351 1.638784350387523 1.657476834126844 1.672945552227775 1.686765124421835 1.746040583109664 1.761072319920433 1.821243673498588 1.858885630913693 1.887742050555887 1.958299343374845 1.963259920551736 2.019694016367896 2.062495182049037 2.073008033208196 2.130905702028 2.172246207086151 2.216094520186569 2.256754007256502 2.273629248972521 2.291912290045403 2.344955616573097 2.357381714819627 2.404333013737113
1.203316524576034 1.225581847927012 1.236056043396913 1.252903236379966 1.268578391188991 1.25975502012229 1.304793239264047 1.305712681454177 1.327093258618242 1.344345181007051 1.358008406705974 1.382917442411927 1.386763978627993 1.422699680271525 1.421678322936942 1.454355871226689 1.447770663788461 1.490537865791348 1.50034428469741 1.522341510597105 1.54811338705333 1.571504395805262 1.589600236739523 1.600792793523941 1.637456045273514 1.638110220948814 1.663268100310515 1.673396874860408 1.671102121641192 1.673008966652076 1.708413350746856 1.723566541608033 1.780400852232245 1.777471149706733 1.822055733506307 1.836676092814305 1.836125211690122 1.855154445892066 1.874857038825387 1.91062638086996 1.93422115988058 1.960123538737765 1.996958795693196 2.053131782942025 2.059750778167695 2.123616159001958 2.127853735374302 2.174308691650118 2.19237168628598 2.209619484605216 2.235744204661414 2.278110031098272 2.305432899937952
1.222584108723518 1.232897440914375 1.249735196880185 1.275830679039474 1.284354241608354 1.308701663205521 1.32796020091455 1.347514650734368 1.361792791779232 1.371361744259226 1.404249794664276 1.408458615207468 1.420624512849947 1.430645264495692 1.458311219362246 1.487616158480843 1.495943600494635 1.531292573199486 1.527139701408102 1.557425387040862 1.562944030497067 1.589227316350746 1.613700114288857 1.605938666914031 1.628422095764983 1.617600016301434 1.643649188797505 1.655256724319912 1.658247756002064 1.696818920438227 1.734244226136572 1.730810437948298 1.758237708347302 1.767251485377724 1.78808296517647 1.792136937140411 1.778088924927699 1.826752401073053 1.790982972143638 1.849180478809509 1.828796198734027 1.880091752739078 1.895830758402132 1.918048912576223 1.945461037051929 1.925102833376015 1.987346893850909 1.991746698957021 2.076768428380572 2.097866836501328 2.125736890097829 2.159497409302992 2.14332011035743
1.152928306326849 1.170581913827839 1.211740492840144 1.195609670120394 1.219706229063962 1.23467003327762 1.247305365530818 1.276568394243121 1.286936985887847 1.327288145412515 1.347392710727892 1.358393188214168 1.418113682260342 1.414914187784423 1.446856534865451 1.471405215730252 1.480429160819532 1.518654175255572 1.519679602944431 1.544077838551637 1.543636031449921 1.578488411565869 1.575850226232951 1.596797053461097 1.603620731220814 1.621403736784232 1.622983267820525 1.631137485656694 1.637574400450369 1.653884992355872 1.662689676951665 1.656629984310294 1.660427408604874 1.656859962634749 1.657716204222359 1.687856797144847 1.68013278791733 1.707476565087828 1.712709220852275 1.755450379480382 1.744155302241712 1.739712780223176 1.746832273702807 1.743374640433716 1.773901469736007 1.746541197095174 1.829133532044626 1.817547143232085 1.89844463589831 1.880705906293277 1.917251272995222 1.914762858523577 1.974096407966107
1.144588320568582 1.186482955513721 1.215827240413119 1.202156718814416 1.223785442619987 1.256618284599844 1.251067369515526 1.276361741593444 1.290799004221542 1.306447853304991 1.323529867702553 1.321550945638604 1.363939979768757 1.381302845844832 1.404478465630277 1.420689113982296 1.435713461019973 1.446994873504234 1.439191604527584 1.485041384885964 1.475843845591812 1.495457924593979 1.509154663105693 1.509485433816073 1.53860724261687 1.509574625749008 1.52466222396886 1.515136004481662 1.534062913436248 1.533118512214141 1.532612079873859 1.528162858297782 1.530543591493343 1.538886524544026 1.528369036596507 1.565328145317958 1.551584077829616 1.54698414759228 1.561476391677997 1.545962203471183 1.570170057937141 1.556734681720807 1.579648427971738 1.60331172468248 1.590640163113135 1.644680777043738 1.637632255174712 1.619708989168756 1.653436777636247 1.648084107732124 1.687569552744149 1.773959364426768 1.78242823164937
1.074292286682776 1.09906091936317 1.123270729991334 1.111269514268851 1.135723193070375 1.188474886939269 1.209138603721866 1.18206702644071 1.219765207668871 1.248502309333291 1.255324511047821 1.273517604130135 1.287063782051884 1.295287730678196 1.33456871817914 1.323618829444445 1.32348365476661 1.357670480916861 1.353406031678624 1.357704659130903 1.395422757470578 1.375867961265485 1.382064083989929 1.395640219202709 1.370811121249784 1.394882547864927 1.384142812113617 1.389005997118964 1.408074546211461 1.407593975818921 1.392626760940866 1.399097765149499 1.39993156416142 1.429507067952866 1.436552164398779 1.423925817338514 1.418935919049339 1.433081443166434 1.426731662725425 1.411463138854807 1.42238551957471 1.419390791107969 1.408362217605787 1.41010552222646 1.450478704737419 1.435543201220251 1.442931377020422 1.452974302751409 1.505860506621375 1.529526772624672 1.54548379485398 1.535458013370749 1.546906427950837
1.045530992016534 1.048017919371713 1.059673662537447 1.074804293114455 1.078086968356934 1.075318306629181 1.088093482245825 1.099056918830979 1.104783780945546 1.100321226691626 1.123126444903749 1.156460807637714 1.166533816906606 1.175808637596665 1.17427076607353 1.204296436048718 1.210147006723523 1.207810154386266 1.194127262297219 1.197567427796195 1.224854863691294 1.23919964538832 1.264730698912281 1.271386621939048 1.283232558212308 1.27053924665 1.29912909119589 1.296826706470726 1.27362391805169 1.295424586551746 1.271043529749672 1.273193802154904 1.282840979087693 1.231236113853318 1.223908550264268 1.218059838422314 1.241044934105933 1.257900762547111 1.278285478556594 1.269376120932639 1.273671756694107 1.265004816920497 1.282486422321875 1.257296284508459 1.256960267946291 1.273039331900969 1.263898306948446 1.257511402545636 1.291615082143352 1.316091227100071 1.359305460576952 1.352366137968532 1.339300561614964
0.9266923903912118 0.9327926282442798 0.9464042758356495 0.9558708581705829 0.9685077822335439 0.9811441065036259 0.986732967740368 0.9940327230384848 0.9982383672877048 1.029859431183609 1.053946794827119 1.056911801602664 1.052328347105811 1.07159575959729 1.079139093974554 1.069746180365552 1.050980367681011 1.058286276801655 1.080379268545134 1.090082471178268 1.099477526342522 1.102441611316059 1.102106524506799 1.091333585500706 1.073025640413931 1.074371129892228 1.07796340092287 1.106493718830011 1.097425522940825 1.11318414597336 1.124189725884569 1.105675674021946 1.115865945727696 1.123791856184323 1.146298612626011 1.135189974901541 1.111830442022412 1.105228396593563 1.091161420238812 1.082029263185376 1.062387206148111 1.071554373958556 1.083554825702393 1.110237308231972 1.141642643950291 1.163022923624904 1.162856731774714 1.136889619123923 1.110312601127554 1.110427390159589 1.117672154913423 1.111306955683448 1.142009897261528
0.8630149872946608 0.8885721860967812 0.9019337475911552 0.9061214578035186 0.8919826442710523 0.8804005248616242 0.8926954003601509 0.9291880131343621 0.9532761973762151 0.9642504019393473 0.9479166249903223 0.9292256569014352 0.9349874810926285 0.9303733399188057 0.9091359169274096 0.917339814958431 0.9180711577779359 0.9321213225434044 0.9487022561929119 0.9587145333067835 0.9566477215854569 0.9450515234834035 0.9269418652182335 0.9443429280191001 0.9835479910521785 1.009144293534752 1.007299519720607 0.9957773525209479 0.9891132746440428 0.9656526609714419 0.9172216465519787 0.9003540326741646 0.9133171756525885 0.9294845874932911 0.9214574175142471 0.9181042208929518 0.9108204038480575 0.8954385450910793 0.9065487368957387 0.9209783750424904 0.9248473427792194 0.9287239307343718 0.9704263243652366 0.9828995273308251 0.9725902412245724 0.9541769764192976 0.9509274306213982 0.9441322826965249 0.9628671003791994 0.9917857450612579 0.9900826363576237 0.9800121332318507 0.988569098890557
0.8142790045528118 0.8007236153177122 0.8003641716064075 0.7839332185971429 0.797459659967665 0.8178927443156003 0.8152111587254381 0.8506321506226209 0.8439270642433788 0.8128532846815457 0.8109129082832348 0.8122443501642507 0.8367905701091276 0.838559028049329 0.8373451337646766 0.8546668354550431 0.8579813737207651 0.8485297648723337 0.8532187809125633 0.842016951657646 0.8349430113933107 0.8335073598382182 0.8422718531693076 0.8379382160417701 0.8338990561448081 0.8428917741347244 0.8285571770253066 0.8318063644423471 0.8188798687966379 0.8137569845694187 0.8247109324676742 0.8514524312752059 0.8758090758547323 0.8624099583078588 0.850072956241133 0.8345490017488184 0.8497971209908293 0.8673057467809373 0.8449483321996866 0.8211290193462687 0.8106991054972796 0.7892682633705447 0.7821561007138824 0.8134494905144455 0.8125137649973371 0.8294031181093683 0.8189101643628058 0.823844584988798 0.8188811298162166 0.8181984101895077 0.8036527928907692 0.8166194571339391 0.8280019763453079
0.7192946904198498 0.7330282890487564 0.7371093050714812 0.7117513122554524 0.7139152348285127 0.7181670877644525 0.7111837492748408 0.6914763651700516 0.6957565682704171 0.7120152780275039 0.7260053684190694 0.7339477730155743 0.7530363014247754 0.749787773870051 0.7602330864406871 0.7308169900752769 0.7116266353768799 0.7440104727719716 0.7624384316585817 0.7716236201604451 0.7679509776655876 0.7850789930001312 0.8045543977990571 0.8145983627843776 0.8037693959229905 0.7737209561485918 0.7784717767216918 0.7525840056753422 0.7444295537426845 0.7244636296373719 0.7172131757138382 0.7243174571501322 0.7215762707622783 0.7537964736697417 0.7575864528814318 0.7402737323226448 0.7289750721334084 0.7149832210246606 0.6991350941814299 0.7181555389155095 0.7249783771744296 0.6924990139686098 0.6699862978084808 0.6684106031452162 0.6824440547342799 0.6840671662110188 0.6708811997140365 0.6598068655361663 0.6506445551410807 0.6647776492824605 0.6665451988365889 0.6826201924542036 0.6688704585260875
