benchmarks/avaHockeySmallNullTest/release1HS_8bfc07aae5_C_M_null_dfa_ppr.asc
ncols 1001
nrows 401
xllcenter 1000.00
yllcenter -5000.00
cellsize 5.00
nodata_value nan
[rows 192 to 215 of 401, columns 324 to 377 of 1001]
77.53187532905714 77.83444419236008 77.96755857222509 78.24023028897088 78.45935128707544 78.87781307856106 79.99577986855743 80.75789146781483 81.05016134781012 81.55454810984871 82.40672225973694 83.08937707872695 82.6752181761983 81.61576436439377 81.19869208292199 81.71223051381965 83.12550357454001 83.80765252112541 83.39771723190472 82.86480516730536 82.9881590304726 83.23988253254144 82.77300807007501 81.70013384368957 80.78926408128075 80.4130459523189 80.72699066723457 81.61451121445364 82.87504731955659 83.16967694789913 82.63387262219722 82.18407297489136 81.84460751658837 81.63239772143572 82.69761691402717 83.56506262317977 84.45510603248738 84.99284102213763 85.41378161426448 85.6411975573035 85.57028534232927 85.39335037637393 85.08994306849286 84.8262298122922 84.65404039580089 84.5583511089871 84.23177208332523 83.28847624332737 82.33701431522063 80.81624952595405 79.53169295500395 78.32783332225343 78.39116764965247 78.08600134736272
78.53565328002827 78.87275928836031 79.17840309642392 79.68852390623199 80.3423507020387 80.84458123463895 81.40339184062083 82.12531396836161 82.36066260414391 82.92257741387277 83.68301511823577 84.55427580645041 84.58521359055845 83.96606910911595 83.77956991025388 84.28192201380912 84.87257016388048 85.18776521069188 84.97324881388717 84.44822352078123 84.30191425455176 84.60062671295728 84.74729829980893 84.7617012655527 84.26163574766292 83.85771108180563 84.21012221769995 85.06261894147841 86.00984875090548 86.93219574483331 86.35981235416587 85.62651973913005 85.14797249281351 85.1349865637179 85.39260659823076 85.13340583874266 84.85777901531833 84.75277836172229 84.52128070638928 84.1860978279571 83.6836626928831 84.11252946496649 84.22096111888887 84.17770167355626 83.85049761680763 83.36315159366862 82.67740546411393 82.51340595835694 82.82399415039862 83.42001327688979 83.66486673533268 83.61739512258866 83.45745806679935 82.90822550951005
79.2706640321165 79.92548353342706 80.63893593733265 81.28924367794924 81.88116747548133 82.11316344333322 82.46520658751444 82.94915169841461 83.24370700023169 83.65838427567466 84.12000527677368 84.6657991141189 85.28394963390423 85.2763203637912 85.42181648367021 85.98402984297545 86.3933145569487 86.1564631989239 85.8828800047166 85.72595234435963 85.75815683934462 85.95752628490837 86.23751611528186 86.38547998506574 86.48185986726638 86.35652530938665 86.2304680666948 86.58221372349577 87.24821609066532 88.49217956738779 88.77445811707462 88.77402054910148 88.29206491051364 87.90064295339835 88.14471048065978 88.06551933098511 87.74965999262076 87.22938626882753 86.99499945256949 86.70420333693559 86.08262277438513 85.48411822188932 85.21480743805139 85.14105949548974 85.21578793749687 86.07691307934468 87.05925149837464 87.90935353272612 88.18342880024255 88.39545005934183 88.34034012366672 87.86740234800449 87.15031330656609 86.51169083797146
80.64828164291262 80.92722702762636 81.48389995778386 82.04299683626827 82.18575032834653 82.31646200051745 82.77765783430554 83.35423372431575 83.8983168348184 84.16091887756932 84.54896667649079 85.28660320215229 86.32892514564449 86.68851854923986 86.64010261424129 86.51032195975297 86.65489226764487 86.71055315699635 86.58777668370982 86.62582476685716 87.07197138210121 87.52801805011984 87.70719969468033 87.45963904503216 87.45938606255017 87.51789310806706 87.57803301744191 87.91610108014063 88.80184329939692 90.04166118124121 90.69366273801536 90.85068192641928 90.42558985928054 89.78774556326697 89.26977292427789 89.29764654772488 89.05352195386104 88.4340336030584 88.14915867981746 88.19882972581368 88.11538951377078 88.48132217382036 88.5143841547591 88.47624238298988 88.93500072430921 89.55615150209414 90.44471331625104 91.08475908052061 91.01588546634926 90.9498130223121 90.63788760556378 89.98768871874536 89.22626117603079 88.73986677139982
81.94155607546068 81.88299532366493 81.81084200992768 81.82227480199899 81.67714579616042 81.91328473378972 82.4977705270996 83.15248034656163 83.8026019338475 84.13847186759666 84.79934786544376 85.91798526400872 87.10537081150441 87.65890469186978 87.75184980543737 87.46650324293471 87.4488055605477 87.81740739473996 87.8620508155517 87.76691314378104 88.05101392261987 88.76378063536153 89.06057518762795 88.1843330280838 87.56909480565912 87.4732684583562 88.06952284965594 88.88298460480432 90.04732345616681 90.76236819008585 91.09367375363196 90.97148731784145 91.26769101714004 91.14041190989526 90.69051689083497 90.36514845752036 90.09193539659762 89.63052047136347 89.53072163295717 89.85017753225438 90.15674088434881 91.12133939092723 91.42906170674227 91.51973300841895 92.08392913735523 92.72805960638443 93.39824539087856 93.61447587508414 93.13071735090654 92.72007280753489 92.21058029550959 91.55757541302812 90.90216769849054 90.77262457207533
84.55104337620524 84.20809829414556 83.33493451413405 82.48768056960597 82.23826251529405 82.4102639485025 82.96674465967025 83.25870561012232 83.61786538583107 84.13215579409972 85.11320845116251 86.50034953942009 87.79958087494552 88.84271395913474 89.95946244189335 90.4311668499541 90.1651828410802 90.68581621659003 90.84614349343521 89.53647656395381 88.72580819409154 88.82662557725754 89.03149275568242 88.30050809078612 87.65402787096203 87.56320629837037 88.0349682927832 89.79184359091666 90.85275736870922 91.30730943493469 91.37511982011371 91.69279966629171 92.61027130145416 93.05652090978835 92.37287806590409 91.717073542108 91.1764474515271 90.78732127492326 90.44171425379449 90.95735087918345 91.74757966914879 92.77762956225902 93.34641946366769 93.64440993250366 94.67512206778012 95.69032180086133 96.03515834034211 95.3854577510026 94.36306963608978 93.80634525862563 93.30237499227117 93.28662996127738 93.29434243389932 93.17676955890511
86.99060690119572 86.3834399493889 84.85158287047896 83.45143956734331 83.45314639502364 83.96901488839947 84.27309880015414 84.00758423708177 83.98788360701559 84.92240808260109 85.94430679374936 86.93509555125233 87.55437201882326 88.35580203389175 89.62565754954497 91.29566315521468 91.74043346153996 92.60629019483233 92.36319637330371 90.4580292468646 88.48278931149446 88.01684502161932 87.9013357366471 87.6986686836552 87.58382667644187 88.02815704889116 88.74041819809075 90.54894104609032 91.61634262384842 91.85651207704362 92.01037319369453 92.82687984231968 93.69135656755971 94.45806635671461 93.28349795147729 91.76381738851352 90.79203798214148 90.37507121444177 90.26933598245051 90.62155262365346 91.49998745482029 92.48169768930283 92.84509509872987 93.50040918972435 94.6112076148505 96.21936746309144 96.9089161781579 95.82936770099998 94.23659292924444 94.54883419336706 95.02674652303951 95.26533016319071 95.65243275959162 95.09818059004786
86.33036029349155 86.29755795118032 85.10181865948952 84.03049721647176 84.02718736339224 84.90329977707087 85.26425301464002 84.6296833216599 84.14061743719385 84.55243841817588 85.53746837913305 86.3830267136254 86.53428142709791 86.80065724132076 87.68940948248178 88.87790724889665 89.35777522375918 89.86351381828429 89.87589348036788 88.93394105537934 87.56560873401972 86.98613048266685 86.7574603063251 87.02517340943307 87.68329294286524 88.32140071726451 89.17684522758714 90.07826176633233 90.86285469564429 91.96541139200895 92.40605919098344 92.57044033193719 93.22514400179659 93.63150277907218 92.70561195815137 91.29440701384205 90.38379490365992 90.17647880416729 89.74642007129199 89.50169002090988 90.07146525320393 90.76620042537211 91.18767158499934 91.55746388351523 92.15234290107666 93.0591467696696 94.24002298194758 93.66598411165204 93.20976964583595 93.3764573712 94.44008085900013 95.31829955489745 95.99912130052299 95.2177485853511
83.50109719170831 83.87499864901443 83.33110283563114 82.73716783466445 82.84373349467307 83.57745333673036 83.82468657044795 83.33791884436862 82.8821432658242 82.84965838804641 83.2852821453544 83.98832012181109 84.39746274740619 84.52821974100274 84.74634931647886 85.15168020647104 85.28751555066123 85.54601541315576 85.65478314601479 85.56425387052629 85.23206010175592 84.96654496904415 84.88209356834298 85.37824780823075 86.49363152177602 87.51062597768457 88.35600807593789 88.53555511683261 88.9542588775938 89.9522200409022 90.77868572238691 90.60548481717674 90.70788721343068 91.12060767718015 90.66793719407428 89.66455770411874 88.81155526573137 88.23421406084374 87.52733232092845 87.00921182273648 86.92238509028464 87.37448423041729 88.05336196139147 88.21435486335214 88.38318664596369 89.25033635966726 89.99528142780635 90.48808639162651 90.66055188026483 90.7557497591792 91.41109194912637 92.66165538357603 93.66230077407209 93.70711938551322
80.02572738129966 80.17474228842129 79.9612918834293 79.82985439436762 80.02467763453672 80.38978910317581 80.45403325026521 80.37148777544913 80.21514484904762 80.24562433692385 80.41350113455283 80.63850683340478 80.97206718904037 81.39331413990418 81.67618049916631 81.76302698601333 81.7644716827712 81.79456429024202 82.02890854514924 82.24850533426165 82.22097000684927 82.00935792699752 82.11331934905441 82.73223135642888 83.49773898933783 84.14387320003969 84.41655574742295 84.36018334449692 84.64457723539496 85.2931854492146 85.60664172530102 85.30441135890443 84.93969928967815 85.11534154987494 85.0382604794368 84.60263472517008 84.12325505813331 83.65888635066435 83.27132911286907 82.99894461395837 82.90965978192642 83.3101772579821 83.69697299069296 83.82639350794732 83.98729050496006 84.55891373751268 85.18801161827288 85.71591088996752 85.96899626748217 85.86425841427209 85.89727984462799 86.59382868211769 86.97004441192284 87.02880568349542
75.51081677795921 75.40535200054471 75.30203286347836 75.15936846532766 75.2904375068599 75.54890289338222 75.68935007233866 75.74154386102012 75.93745023482101 76.08775292275158 76.26082862070623 76.35109759622425 76.5648189937327 77.18388357705544 77.51386855534662 77.48313470504324 77.360386522545 77.21949491950583 77.39692182132106 77.56663380016091 77.5965243220256 77.52711922770895 77.64653944393149 78.2833027470451 78.77697130112415 78.9915082546167 79.12325622904106 79.03251730810996 79.06547735572717 79.2141559485661 79.60984444053706 79.53615744503786 79.26914629275126 79.20033175575927 79.44008115587452 79.19532798710084 78.79009996302753 78.50861627470921 78.58753953638136 78.69089758333415 78.82405510668941 79.02366971592384 79.20323001718516 79.2093640295091 79.01718388926187 79.26895928807748 79.67601327052913 79.89255806453481 80.04336695158992 79.93805047704745 79.84410096793269 80.00734543385251 80.35780755719831 80.51685313369529
69.17830901117109 68.82473653885657 68.91418671044973 69.02590515399345 68.90618054314055 68.74396576122365 68.7231413699036 68.96383226050641 69.41878786482692 69.63490698055379 69.60580780315458 69.77824280484607 70.17304214807776 70.79917402381429 71.63263782834308 71.52342063365127 71.19270663016854 71.28925598811027 71.45254155159334 71.59192712060445 71.34761471433511 71.27105718005845 71.15857989817259 71.2418099232767 71.74656680766108 71.78501984816197 71.66586280456093 71.43712568680431 71.49416070321762 71.80288463916206 71.97341841815516 72.04672692551289 72.10741770231553 72.1024219310427 72.24818481645772 72.36420105834134 72.43553567006857 72.49748633349294 72.53682744360141 72.40938473291403 72.70973420942555 72.73421673180036 72.78119986293829 72.65768547673871 72.3557186727475 72.00925771483297 72.02195361654782 72.33444489217075 72.36436322236402 72.49036836722195 72.62831791716384 72.89199892225049 73.31099254161731 73.50640835916738
71.06836640224118 71.54254348902219 72.47007315341546 73.39474790364729 73.05184851634644 72.31552964647403 71.59459079224109 70.96986010429571 70.41549317216231 69.98581583766696 69.40412216443735 68.95596643062106 68.27729818104132 67.54016024662717 66.9397679722754 66.40140070164429 65.94968823953747 65.63266691865614 65.99647527408932 66.14733245480157 66.3214007077909 66.16586807238862 66.10849047059982 66.04695023895681 65.71629735550557 65.28305873164597 65.07906186301982 65.14578510582132 65.43240615409034 65.95918495408912 78.88479252501915 77.54430105230871 75.7457387882551 73.44726124085132 70.89675068229231 68.36560349975407 65.57885448710476 63.87081180383323 63.7156647569363 63.32246191434258 62.90346705490077 62.52353305146424 62.46418121886599 62.32522127526521 62.70322242185328 62.95547766217778 63.02153946973442 63.21176358832151 63.44071160852862 63.54140331426483 63.25267830693974 63.3161321371218 63.80979330922185 64.24661857102394
79.28387258709752 79.99849798654431 80.42003837784773 80.25325846015637 79.7505612055853 79.60121100987767 79.42894427910927 79.28507171014883 78.6237768701349 77.77795234440359 77.25291401613353 76.13506144897703 75.07753177269905 74.18715590727734 73.47489182622817 73.0715604814923 73.20672306377053 73.4583721728692 73.62105448558836 73.68053996136372 73.54579333644213 73.18369006442931 73.00020391926645 73.00463693321541 73.30759332865628 73.95014139308014 74.55234082222421 75.54023449828892 77.38520000925628 80.24979316224696 79.91467455994278 78.69786672088205 77.02125398044059 74.91723798723575 72.57781321598156 70.23842167726113 69.43178999094972 66.83949184173197 63.48942944807137 60.42812123363668 57.16878246943404 54.20001343824713 51.64134373656871 51.56478115467407 51.3792932706205 51.89152267628245 51.98739074384564 51.13878132949595 50.85687837747614 50.50557718039748 50.53721824455828 50.20151132612465 49.71199034449514 49.47561412315609
85.46024818408002 85.72463504144234 85.83144017838057 86.0466973579055 86.23448724235902 86.24721860398755 85.9981066326489 85.43296209531569 84.45930091772317 83.58951415967221 82.67391784333037 81.71832601079927 80.66782635809432 80.02410182373498 79.54902554506195 79.10184506550199 79.06614442524348 79.12410427833348 79.14590974766935 79.4167902678346 79.43492446036618 79.48664315140317 79.62682400525198 80.10878462992282 81.09971529061798 83.23067075139136 85.8417727487667 86.00266158075092 85.63164582682114 83.74920422888754 82.00472064801198 80.15350288864084 78.14676268079693 75.98918178622147 73.71558984438188 71.39976978688786 68.91175865999978 66.26413758763093 63.0823104825105 60.07598118646152 56.90608638076186 53.99352418943658 53.16345514137009 53.34867784849696 53.60857412004827 53.57956458917849 53.54154858199158 53.38299980499469 53.39533003558441 53.38706129372743 53.22061261105114 52.97321175155412 52.84526444000371 52.62144338526254
88.88262821401601 89.24335826509633 89.6445733442409 90.07792637078698 90.64731960218022 90.56795807546179 89.8423807845605 88.86747077873916 88.23129505349365 87.49911245411329 86.71900604302022 86.19448353775893 85.61140619441331 85.09078387672028 84.87456811976577 84.71710677523822 84.66582777587701 85.33290685179207 85.92867459063567 86.75756151373244 87.48797391987603 88.0135486923925 93.37567429444557 89.82327658584347 90.03016114573957 88.87505781437606 87.64405668729613 86.16324158506924 84.36747448913509 82.37802335304269 80.26045907294905 78.05162446530112 75.78928096991079 73.57285722829464 71.1900639785631 68.37451335826532 65.68544066861874 63.19956054897432 60.26397131793104 57.60695299281783 56.99931757093542 57.19514080713886 57.2937774101624 57.45599000571749 57.56886333124014 57.52013883717136 57.62754859404916 57.98089177283311 58.78074162366602 58.99250823364051 58.92372313839958 58.39855611384514 58.0087835579532 57.70259808268074
91.49084154632548 91.75670386153553 92.04668396673324 92.75438831904916 93.32567227090431 93.39434457659664 92.56989093920207 91.93136951265043 91.39801365635179 90.8382864713649 90.6053426935111 90.55828599400863 90.34371082153027 90.3918376108159 90.20472003801835 90.5433199169306 91.02134333962867 91.57015051027395 92.60004671910909 93.53308032052371 93.62833387582033 93.30318421694646 92.37756205467824 91.05610645764396 89.2428311071686 87.33890257712187 85.26367411085941 82.9594422045253 80.6688783814099 78.40151101018456 76.1160914904972 73.68583595294704 71.31712359249143 70.53353964893361 69.68196407250575 64.53565785847547 63.06305650951759 61.93574670401149 61.51978664215474 61.0005962877647 60.77732352450704 60.7057620098938 60.52315948449711 60.42374842514687 60.43770677782364 60.52707522321523 60.73959813123612 61.72994691135941 62.71440026836392 63.10317377261627 62.64130019424913 61.752667747674 61.27090014130406 61.10932935021157
94.04066995182853 94.58900712912401 95.00012249397932 95.71541046239804 96.55196100344243 96.50635252329748 95.23726588168495 94.21422214480134 93.61036565826417 93.19100663716682 93.24853905798538 93.37698041597767 93.61785246877565 94.08216153814568 94.47931421304634 94.82695262001566 94.72766260293923 95.4475241275657 95.30441733796846 94.80849531786245 93.51789339311466 92.59109480040948 90.43724950197738 88.11706007799296 85.92899496433637 83.6731123389886 81.51163702691687 79.0358547259406 75.94011850467248 72.60243407859977 70.49626669258086 71.2047937767326 68.21876882796383 67.35027734518604 66.51021734321473 66.22191239430077 66.0355247076692 65.22141561841778 64.49647902039834 64.4175456368593 64.26939600197623 63.80192724691278 63.19135835969433 62.46326252059439 62.28017085421809 62.12873992313063 62.18144344802035 62.99966502414303 64.17988193034967 64.69947309841776 64.51930231096148 63.83654273290058 63.36203787580372 63.10668670151031
97.45090721294343 97.81532869857247 97.83916013642956 97.83114657324394 98.11059906503083 98.13168509874029 97.90888590067243 96.97593705819095 96.08406800319227 95.23215247995172 94.38917468890921 93.26744625073516 92.4265807594707 91.53107261026076 91.229358068179 95.40408972414644 94.17931263427893 91.49548318625787 89.55264040762727 87.94632623065426 87.59173201467338 85.56530030747935 83.21483202041543 80.63721485398021 78.60015027282243 77.46948429373556 75.18554843743082 78.34258546800297 74.75303593448001 73.12451679748169 72.80227491641908 70.65416098599606 70.31681940563676 69.46158948309838 68.65560215825209 68.48982321655411 68.3081191258653 67.70980760446558 67.22639678978408 67.33286527493348 66.93826219855764 66.08019752431453 65.08158012883906 64.2078475267778 63.35221641011758 62.96360793418262 63.03463856005891 63.6873313667173 64.66551921725122 65.38334537926974 65.55792564656997 65.47420448366077 65.49968055345347 65.40964276528611
98.76271746837001 98.4059120276624 97.64716779899841 97.02132482839257 97.43499190135024 95.84208973152258 93.32641231356993 91.58732959766797 95.66816430463159 89.92446443632602 92.24638883534914 89.80091191173608 87.3370339882547 84.82617512584581 83.90573935672077 81.9213939594478 79.52071925989472 76.75413276277683 73.91702427384068 84.18830113014063 81.17362470079969 77.65385463858236 73.79189199037253 70.16502220076485 70.16255522356434 70.43552025961662 71.0771250880794 71.68165753318615 72.29093868075269 72.5742592126954 72.25128118258799 70.57137237955969 70.16393439898718 69.83046279877594 69.73153274577348 69.82984223483462 69.17515838242463 68.30957745944197 67.8987869176478 67.94069392926828 67.70667320529806 66.87968633174408 66.09036955645475 64.92397589705671 64.1159278346971 63.51036046122348 63.21327941738052 63.30943590083613 63.89605758569282 64.38126931321551 64.81539175398885 65.34440530610435 66.10337426074879 66.69931642250353
98.3101854959618 96.33276357656237 93.97926246681536 95.34929941525426 93.1204088686017 90.30281500562037 87.40446150424668 84.31564630058071 81.14368394498804 78.38688809969884 84.52887230541542 80.9059221835637 77.54062903983862 74.12287834983209 79.74163969940649 76.72576280281746 69.6504942329202 69.59398197107831 69.75039240199366 69.98418854551535 69.89751739728244 69.39189958837756 68.75372203057483 68.31822445204119 68.44182476263093 69.0669225123045 69.86320526471481 69.92072698476341 70.27898895372022 70.89406596505729 70.9880402971264 70.16442576353782 69.82925242530816 69.46604532179975 69.19315745230081 68.74580462885365 67.57284123576088 66.72581534933597 66.67379048534487 66.89557158073222 67.05546288113003 66.46375834320706 66.04373331243153 65.03531139409628 64.3476546051204 63.81186939472965 63.53160975790481 63.169521275527 63.33266344350794 63.77308417040966 64.39138071348063 65.31702037815487 66.28967038576319 67.6275454547069
77.74572206099617 83.80964946729632 80.22764744442166 76.38404559763056 72.53986986667773 67.85930451393754 67.16987133527253 67.02154239342164 66.96857652233942 69.6723999158438 66.41753063627935 66.94500273965141 67.23840725897591 67.18645817519247 66.85097813661538 66.86142733948044 67.37073743921439 67.60560252516876 67.73219017980679 67.50228766298397 67.1370190475204 67.10991213403811 67.05914987652885 67.02496226011233 67.13352178724722 67.43258797988706 67.56524826598063 67.43930149203732 67.85109878675905 68.62284189943163 69.14154624155937 69.59878170262495 69.87611230438189 69.69569466354311 68.62799951735322 67.13762919072637 65.76434931065744 64.96292599087019 64.79010660238011 65.08255821143831 65.59688592415465 65.43354492870237 65.26878557812337 64.57876848793391 64.03912608055155 63.72396634365875 63.60683894916561 63.63116499980906 63.9265207128526 64.23656478747117 64.53146171457298 64.86360680058661 65.32392486482503 66.03941967690172
60.25899501486768 60.71204442928263 61.37969505632685 61.96078454358769 62.76807194623264 63.24687602120962 63.26505433281869 62.98282637008149 62.80831044928409 62.78599380551929 63.22002407151508 63.76800151161068 64.16186793152244 64.28229496641954 64.23781074579263 64.67547534605156 65.30389539829659 65.48278752754398 65.42920103314621 64.99204969589397 64.82451648172429 64.84655015594065 65.06772712194351 65.1582894301699 65.31459202149185 65.31716175143971 65.46908974775913 65.56357457164022 66.0374359236443 66.77407860173429 67.63370035825338 68.30936873293145 68.76694903939158 68.6606205553537 67.76290007568528 65.55358302922443 63.80599588485443 62.7075703927096 62.32264072624327 62.68111908312476 63.395427653269 64.04579932992779 64.36471405237606 64.74664219311958 64.44418503668501 64.13345081454712 64.93191784157085 64.2188921136003 63.43726421905481 65.00425102848344 66.42832205992744 66.47515713135837 66.10602293246708 65.89268699439519
55.89296776482252 56.57983979853643 56.98992966196016 57.45923501758467 58.19660100930158 58.67031415354649 58.91747466725305 58.74394770858991 58.75448052806927 59.01813499289866 59.39715910445241 60.13767412232355 60.62088932331382 60.7126549673994 61.18136949433556 61.92482211603791 62.36408459280009 62.2077836714323 61.96997215033167 61.68224642670406 61.33207731256938 61.32116476833676 61.65799055189474 61.93463924477747 62.01546586884107 62.22549390153946 62.40325371774762 62.55268957785644 62.69962535186587 63.3990868167684 64.58165189663428 65.54103165899757 67.16598022971309 67.77809139359475 67.54588386558409 66.28217544566238 63.99067042789679 62.35247150770788 62.87885142615546 62.18750609529818 62.05545680404723 60.56551907005676 58.86765130865091 65.30350525560365 64.15457346257961 62.10526503338818 60.16278472307117 57.25379520697729 54.64994874145049 55.09048355531441 60.13842738673244 57.94021064300621 55.33042168784177 53.01999207024774
