benchmarks/avaHockeySmallNullTest/release1HS_ea20151544_C_M_null_dfa_ppr.asc
ncols        1001
nrows        401
xllcorner    997.500000000000
yllcorner    -5002.500000000000
cellsize     5.000000000000
NODATA_value nan
[rows 198 to 219 of 401, columns 0 to 48 of 1001]
0 0 0 0 0 0 0 0 0 0 0 0 0 0 0 0 0 0 0 0 6.5987294197238242077 13.295765589928107531 17.530503409042932361 20.520524426641792104 22.536732471600064542 26.99541750099140458 30.818770454789511604 34.511494823670496146 38.032299206393354041 41.897407903190988065 45.481888911220593741 48.591984546778299148 51.483400093925034469 54.169201054339922052 56.729533752358825893 59.309494102749987121 61.814825068687490273 64.234548827087095901 66.380349820190446053 68.477226877848707431 70.417174960590344313 72.211976720238510552 73.967128627554998843 75.746045083582359325 77.429258851694029886 79.041859908477547947 80.577685456794725383 82.063284821453549966 83.42590022685183726
0 0 0 0 0 0 0 0 0 0 0 0 0 0 0 0 0 0 0 0 6.9976679831709098778 13.18312013220777601 16.726526005285059284 19.077742723759318011 22.360438357492181893 26.478199312345275018 30.228108993141869831 33.991050308997294849 37.667593858721772904 41.416125375399779784 45.041092910669725313 48.265892932382378433 51.151802946829249663 53.864301484201455139 56.399706231628456976 58.878381196069462078 61.149803807035489456 63.34853922088965561 65.338087446143134684 67.240927697829476983 69.137301915140227493 71.357886582483189386 73.405003235211339074 75.241506417883101676 76.934456498163882543 78.58332319038514413 80.136470436526735739 81.645062059921002628 82.953773569432954105
0 0 0 0 0 0 0 0 0 0 0 0 0 0 0 0 0 0 0 0 6.9976679831709098778 13.18312013220777601 16.516651750557254985 18.306299449691689318 22.246105953745381356 26.305863647033877584 30.342240118375951141 34.099401313707097927 37.8959622762843793 41.565035620722845522 45.054640552561650679 48.173740251633098808 50.978798850480387728 53.505400642140976686 56.000310703559740944 58.429898928576243122 60.712299014664189656 62.801628263131767937 64.89184689135876738 66.901589493786744356 69.033501270095584346 71.195861347718889078 73.198616044582379914 75.015833669466005063 76.756507521866311095 78.41439442237006574 79.906386037049671245 81.354247493689769044 82.698546357695477127
0 0 0 0 0 0 0 0 0 0 0 0 0 0 0 0 0 0 0 0 3.4795716074847606869 12.274054526860373571 17.46992221001651302 21.001502898845036071 22.794669970172019902 26.421410785411044486 30.419533298682598144 34.361831897141541958 38.149812127867768652 41.666364996650280261 44.839158460577799303 47.830069585524093156 50.719341006600956234 53.486879212334343947 56.040407009158684559 58.377145604152701708 60.497348120496631907 62.687847671742666478 64.789945987515636716 66.892627644815647159 69.180517407163691246 71.292263164145722953 73.250557278832772568 75.07340092337254589 76.795767700710015902 78.454844172177573114 79.980076275949969045 81.323959394960255054 82.548316796264543882
0 0 0 0 0 0 0 0 0 0 0 0 0 0 0 0 0 0 0 0 6.0739990532306338267 12.641965463197447406 17.215370917608325385 19.767849527586573544 22.106835005975010944 26.528888923051315629 30.768982905032181918 34.947934185762292714 38.566258704252057044 41.757957754236187498 44.680127998620093877 47.492784495710083092 50.331546994022730246 53.066597033984500342 55.668038947705049679 58.068492304109867064 60.584290340446614209 63.057930637503183391 65.424364333814480688 67.612807119815826695 69.641553323792720676 71.508928403751625069 73.457966329624440505 75.192748994945702634 76.841127904138261329 78.457088005360361649 80.000299770369153407 81.438426546180551213 82.69145338158759273
0 0 0 0 0 0 0 0 0 0 0 0 0 0 0 0 0 0 0 0 6.0739990532306338267 12.641965463197447406 17.215370917608325385 19.866551905593148319 23.008230075330310171 26.65320364648691509 30.791430483435927812 34.635969209711454653 38.08579418407808248 41.204579405878213549 44.29465261157141498 47.28326175211645932 50.138721790964069669 53.049863079573881919 56.000675251655948728 58.69295964601943183 61.172150789762760326 63.571035008190648341 65.918055584276970649 68.060400131224184861 70.046910102022010847 71.820607569702232809 73.665665634098559167 75.443279870139036802 77.10009335076365744 78.596269616477513864 79.852245000972061462 81.084751273366350688 82.302197308199211534
0 0 0 0 0 0 0 0 0 0 0 0 0 0 0 0 0 0 0 0 6.5260086301726687452 12.706387944828515302 18.069029796506406171 21.647368149387808955 24.240824661965390874 27.27322152770432595 31.127766471666650006 34.797722135279208544 38.275795822065212803 41.439375710483098203 44.488224291425588319 47.390591604783580237 50.269046369712555133 53.253660420117029162 56.182506330835003894 58.71199518283044938 61.14789146866245062 63.313225420940106858 65.663515434906557289 67.904344640518942811 70.035827597999514182 71.888044128153069323 73.666854683203979448 75.330692494388259206 76.882474555787609916 78.392944315297896196 79.767831463315872043 81.041678599322906962 82.299942822952402821
0 0 0 0 0 0 0 0 0 0 0 0 0 0 0 0 0 0 0 0 6.4761178711771485439 13.25417632818139424 18.26982494073437735 21.917743240808636784 23.896657323428261321 27.618503662385833763 31.439825019203084366 34.833050224263878647 38.164921383558414902 41.633766477305243825 44.87480268898121949 47.862643163512096578 50.660192083120435314 53.403449435981599436 56.142757894064182267 58.756989553766231893 61.030797094460929486 63.268928177526539969 65.492362816604384079 67.705852165265497433 69.765212877600944807 71.682156559802223228 73.478952494408844132 75.167043965803969741 76.700012525221438864 78.130822055650313018 79.450774102613294758 80.71355531709684783 81.861704433825224214
0 0 0 0 0 0 0 0 0 0 0 0 0 0 0 0 0 0 0 0 6.1766995062186129672 13.25417632818139424 17.911889997654778739 21.588448063117553488 23.722567729632107358 27.583635709895414578 31.490104407545548071 35.016783580827677724 38.433505334565381872 42.064936018514437421 45.257635673943767074 48.127588064572393023 50.797267930526608382 53.303839859056289185 55.973915730990498218 58.780148848400799011 61.353517828435151671 63.69858690923678779 65.956243585670577545 68.076991173413119895 70.096645538778247442 71.903843654504044025 73.589847646326688846 75.066794036868500939 76.512279225940403649 77.854702171239125619 79.094748375496394033 80.245769235153645127 81.273372060500975067
0 0 0 0 0 0 0 0 0 0 0 0 0 0 0 0 0 0 0 0 5.6602994605075362955 12.567147581811358492 18.287563911935954764 22.414853625256949243 24.745321021760400271 27.531322207969097349 31.576401699797358447 35.480409702410909745 39.132324547560521921 42.607278184869535664 45.635387183091495444 48.431226141350350645 51.167464812393077978 53.558013853918815528 56.097909387225733724 58.762352536720293017 61.357748490364294014 63.77950357396432679 66.103052825083352673 68.210398065484000085 70.156890076710823223 71.937212248664991421 73.591266912783908083 75.03691778744855867 76.368387263859162317 77.567785606335874604 78.649022071719826954 79.667984526135100509 80.632527606576545054
0 0 0 0 0 0 0 0 0 0 0 0 0 0 0 0 0 0 0 0 4.6689934778982227215 11.748414126083529752 17.83963911206868147 22.449854962579504303 25.336419191369355275 27.691342604057293642 31.86728112348422215 35.769915817946412062 39.329297563019380846 42.567578214431620154 45.567996344764523542 48.388551980949365827 51.06992426239436611 53.614095441476933956 56.285916134638398489 59.006456827992174397 61.455188277629943627 63.637501371409655349 65.695326993136205829 67.670029221293134469 69.516089331939753038 71.123548235800143402 72.576345712294994428 73.851620429999272233 75.036267351970167283 76.21243333542786047 77.39988233276655194 78.445858787462967143 79.44282933326168461
0 0 0 0 0 0 0 0 0 0 0 0 0 0 0 0 0 0 0 0 4.8135478396438884374 11.861121103078668071 17.933676983227496038 22.515261483638653317 25.339153042103582436 27.316066321500677816 31.344774691787506526 35.209103092534924428 38.599482733866693707 41.910216486270726932 45.08218907004165743 48.049755701061968693 50.71513585107973654 53.286910699403918557 55.781907529822433389 58.278036323450507439 60.603045387805273947 62.643445934073497483 64.526308314276576539 66.173510430290733098 67.734167686451215218 69.232926524307799809 70.596708471672030782 71.757343923513872141 72.786856928327281935 73.663806390898429299 74.511122413593255942 75.828223587281030404 77.008139434421238434
0 0 0 0 0 0 0 0 0 0 0 0 0 0 0 0 0 0 0 0 6.3262902094443829171 12.456178036030687295 17.573765278300093939 20.642758712021148426 23.636964338905624317 26.945485359135133763 31.039271900439810992 35.021143365253074364 38.549224696807733892 41.87160026376074029 44.960924731322265302 47.763249952574831525 50.476937959106280118 52.906639312539006426 55.159380928318704207 57.295731943585757051 59.224069137775799732 60.841549678910986643 62.308669322262034029 63.945024009912039276 65.487416156133008371 66.775909171029994127 67.917426984767274689 68.838357525706285855 69.77428912773766001 70.845274099852886707 71.740618863474495015 72.823351355544474472 73.955752946444974327
0 0 0 0 0 0 0 0 0 0 0 0 0 0 0 0 0 0 0 0 6.3262902094443829171 12.456178036030687295 17.573765278300093939 20.642758712021148426 22.601423463369691547 26.789174921102826943 30.714510650124164926 34.421511599319273955 37.801678379478396153 40.963094758158845821 43.655604417739859002 46.108397446759425975 48.683891274006199978 51.02712050858283277 53.077112933254838367 55.136411643589291032 57.167013518457444832 58.965470025463019965 60.388639129319251708 61.601367548958819498 62.626684382499675507 63.500586702222733493 64.353833075999929747 65.54207830807457924 66.761488624555539673 67.757785764756960134 68.583717802316115808 69.446184209223844164 70.298023257103324113
0 0 0 0 0 0 0 0 0 0 0 0 0 0 0 0 0 0 0 0 7.146281037382943957 12.152469209646618253 15.583132704595911378 18.822661270097611919 21.360037168939765451 25.432130192183837636 29.269323400235123245 32.980179033512357023 36.032413819798264853 38.858262119152890079 41.355143296829659505 43.465627088720836468 45.824823711268528825 48.053087020332284851 50.233062980054896229 52.211291111268266718 53.963286389419984346 55.358491689332197438 56.533332500463416181 57.404775408614291621 58.074879964154668244 58.909150781380098749 60.076729294243193635 61.183735566836269015 62.298282954841184278 63.384509564597287579 64.336477911068058688 65.22285110084185078 66.034744781600650754
0 0 0 0 0 0 0 0 0 0 0 0 0 0 0 0 0 0 0 0 7.1686620748244500589 11.909303363746921889 14.30421580579762697 16.149171030983232811 19.719213716885860777 23.898552362010800465 27.3318291338163597 30.434883287632672477 33.433770633465165645 36.079527587573480218 38.342032509551550845 40.763692578334769223 42.836475022995763595 44.752976191223986291 46.465202098311934265 48.114630668038678607 49.363638913327676505 50.290131112514686151 51.16932506838148953 51.73174064668778982 52.644838830108390937 53.76053651476309625 54.830150770674421778 55.995204220672675888 57.054652605164271506 57.99056563598590941 58.781315534495718111 59.391799163075020829 60.007920560206599703
0 0 0 0 0 0 0 0 0 0 0 0 0 0 0 0 0 0 0 0 7.1849429608824708637 11.565632197655917324 13.344154013099194245 14.959286656353414813 18.027464775301890398 21.105547271042151891 23.860831944894737688 26.492785128844438702 28.827057246267301593 31.249292427421806906 33.426449666342470834 35.666785590339266321 37.547710669890449253 39.103457549620856071 40.753650066297922194 42.012238719586044056 43.023091208624386184 43.508788309164479813 44.314988256533744959 45.442111296561094491 46.462730050660809411 47.265733659499893804 48.310631873964290151 49.219007564901836815 50.060897990256989942 50.990717116899674011 51.659765003854865029 52.209431326439904808 52.502791491259969803
0 0 0 0 0 0 0 0 0 0 0 0 0 0 0 0 0 0 0 0 0 10.803767385743269003 12.742958128918802529 14.798111173672188201 17.532464989474590311 19.629310951775284622 21.246894432277141362 23.131313127542586727 24.533331262625974745 26.134508927929964273 27.838030811205310755 30.199511646394416431 32.148005619415435774 33.341841308166479507 33.624740439009997317 33.933207037232456571 35.359330351232884482 36.292229622975462178 36.866971569784880103 37.771683667729725187 38.816248077009575468 39.450391738828528787 39.915591841482743973 41.04774551701130747 41.711937840124534205 42.151920651321567846 43.552328139994862966 44.505602872186166508 44.842332741390897866
0 0 0 0 0 0 0 0 0 0 0 0 0 0 0 0 0 0 0 0 0 0 0 0 0 0 0 0 0 0 26.791834030490655039 27.279346243133595351 28.052120232830656477 28.863693999655900768 30.624651263936279122 31.691443183425469954 31.921969252775127757 33.038677909505800301 34.362179814538784228 35.031393483143794754 35.938609851313167098 36.146752666415800093 37.20718253355006766 38.247438421444584833 38.466527813272591629 38.372933014669733609 39.65284095172768275 40.287894985557791472 40.387519207095685658
0 0 0 0 0 0 0 0 0 0 0 0 0 0 0 0 0 0 0 0 0 0 0 0 0 0 0 0 0 0 0 0 0 0 0 0 0 0 0 0 0 0 24.279522067954367515 25.641033509708677229 25.641033509708677229 23.921381108132710125 22.243069236441098013 26.776664155808273193 27.651605356138997394
0 0 0 0 0 0 0 0 0 0 0 0 0 0 0 0 0 0 0 0 0 0 0 0 0 0 0 0 0 0 0 0 0 0 0 0 0 0 0 0 0 0 0 0 0 0 0 0 0
0 0 0 0 0 0 0 0 0 0 0 0 0 0 0 0 0 0 0 0 0 0 0 0 0 0 0 0 0 0 0 0 0 0 0 0 0 0 0 0 0 0 0 0 0 0 0 0 0
