benchmarks/avaInclinedPlane/release1IP_entres_ref_0.155_ppr.asc
ncols         1000
nrows         400
xllcenter     1000
yllcenter     -5000
cellsize      5
NODATA_value  -9999
[rows 155 to 185 of 400, columns 210 to 279 of 1000]
0 0 0 0 0 0 0 0 0 0 0 0 0 0 0 0 0 0 0 0 0 0 0 0 0 0 0 0 0 0 0 0 0 0 0 0 0 0 0 0 0 0 0 0 0 0 0 0 0 0 0 0 0 0 0 0 0 0 0 0 0 0 0 0 0 0 0 0 0 0
0 0 0 0 0 0 0 0 0 0 0 0 0 0 0 0 0 0 0 0 0 0 0 0 0 0 0 0 0 0 0 0 0 0 0 0 0 0 0 0 0 0 0 0 0 0 0 0 0 0 0 0 0 0 0 0 0 0 0 0 0 0 0 0 0 0 0 0 0 0
0 0 0 0 0 0 0 0 0 0 0 0 0 0 0 0 0 0 0 0 0 0 0 0 0 0 0 0 0 0 0 0 0 0 0 0 0 0 0 0 0 0 0 0 0 0 0 0 0 0 0 0 0 0 0 0 0 0 0 0 0 0 0 0 0 0 0 0 0 0
0 0 0 0 0 0 0 0 0 0 0 0 0 0 0 0 0 0 0 0 0 0 0 0 0 0 0 0 0 0 0 0 0 0 0 0 0 0 0 0 0 0 0 0 0 0 0 0 0 0 0 0 0 0 0 0 0 0 0 0 0 0 0 0 0 0 0 0 0 0
0 0 0 0 0 0 0 0 0 0 0 0 0 0 0 0 0 0 0 0 0 0 0 0 0 0 0 0 0 0 0 0 0 0 0 0 0 0 0 0 0 0 0 0 0 0 0 0 0 0 0 0 0 0 0 0 0 0 0 0 0 0 0 0 0 0 0 0 0 0
0 0 0 0 0 0 0 0 0 0 0 0 0 0 0 0 0 0 0 0 0 0 0 0 0 0 0 0 0 0 0 0 0 0 0 0 0 0 0 0 0 0 0 0 0 0 0 0 0 0 0 0 0 0 0 0 0 0 0 0 0 0 0 0 0 0 0 0 0 0
0 0 0 0 0 0 0 0 0 0 0 0 0 0 0 0 0 0 0 0 0 0 0 0 0 0 0 0 0 0 0 0 0 0 0 0 0 0 0 0 0 0 0 0 0 0 0 0 0 0 0 0 0 0 0 0 0 0 0 0 0 0 0 0 0 0 0 0 0 0
0 0 0 0 0 0 0 0 0 0 0 0 0 0 0 0 0 0 0 0 0 0 0 0 0 0 0 0 0 0 0 0 0 0 0 0 0 0 0 0 0 0 0 0 0 0 0 0 0 0 0 0 0 0 0 0 0 0 0 0 0 0 0 0 0 0 0 0 0 0
0 0 0 0 0 0 0 0 0 0 0 0 5.95465 5.95465 5.82255 5.53188 5.33293 5.17143 5.11217 5.07223 5.01819 4.8932 4.65632 4.4051 4.23769 4.3377 4.92463 4.92463 4.8732 4.48624 4.17947 4.03934 4.02907 4.02907 4.02717 4.02493 4.02248 4.01981 4.01693 4.01384 4.01054 4.00704 4.00336 3.99952 3.99554 4.00003 4.86711 7.69396 8.27788 8.27788 7.50336 6.73696 6.10255 5.60396 5.27018 5.092 7.41415 8.20389 9.03371 9.03371 8.30212 7.31067 6.2517 5.07558 4.29501 4.2686 4.26262 4.35252 6.08802 6.08802
10.7892 10.7586 10.6448 12.0569 12.5632 12.5632 12.5616 12.4548 13.0704 12.8252 12.1451 11.3726 11.6078 13.3625 14.2452 14.2452 13.5937 12.0047 11.3594 11.6037 11.6037 11.0046 10.7489 10.9278 10.7051 11.8161 12.8618 12.8618 11.6248 13.9564 16.639 17.8755 17.9999 17.9999 16.7522 18.0221 18.0221 17.5569 16.2699 15.4463 15.4017 14.9838 16.245 16.245 14.9985 13.1354 12.1404 14.0897 14.0897 15.1115 15.8277 15.8277 15.6493 13.5725 10.5505 10.7102 10.6505 10.1654 9.91695 9.5813 9.34799 22.9818 23.0333 21.9718 21.8753 20.8554 19.2312 22.49 22.7107 21.5404
18.983 18.086 16.2631 16.9999 16.0988 13.3964 13.2869 19.4063 19.4063 16.8857 16.8592 18.0266 17.6062 16.4475 15.9183 18.7486 18.7486 16.8989 14.9299 15.2838 16.3426 22.8744 23.7154 23.7154 22.1185 19.1194 16.4262 19.3974 21.3868 22.2644 21.8268 21.4762 20.9501 20.8811 26.4893 26.4893 24.1616 20.7728 16.986 18.1954 18.5634 18.4693 24.307 24.3971 24.3971 22.1802 25.9383 26.717 24.9098 22.0976 19.6507 24.4324 25.6887 26.2488 25.3383 23.4575 26.343 26.343 26.0097 22.5387 22.8238 26.0625 26.0625 25.5103 22.5089 22.4577 23.0257 24.0112 24.943 26.9643
19.9721 21.21 22.0275 22.7826 23.2896 22.9426 22.4612 22.8889 22.9717 24.1023 22.7223 24.9365 25.3918 32.47 27.5343 30.2269 29.8615 28.9729 28.1952 31.072 31.072 30.7634 27.0497 25.3116 25.4965 24.9049 25.5051 25.7 26.9624 27.5311 28.5894 29.1462 28.9864 33.7556 35.3618 33.9169 32.3034 30.8215 30.4427 29.6815 28.2198 27.357 34.8777 33.5535 33.755 32.2242 30.6021 29.0957 29.0297 27.7847 27.6452 27.8671 30.3032 32.0278 38.411 33.0656 32.9813 33.6981 34.6103 34.5168 42.5755 43.0872 42.6292 41.4609 41.0865 41.5525 42.5732 43.7102 44.0008 43.3909
38.1788 40.7745 42.5568 43.1563 43.7678 44.3876 44.9652 43.4519 40.4161 37.9627 38.1643 38.8396 37.8715 37.1891 38.8441 41.0111 41.5295 40.4345 40.9273 41.7999 40.7173 39.9557 46.2292 44.3178 45.3293 45.5768 45.6517 44.5344 42.1053 43.579 49.4819 52.3983 52.7606 51.4586 48.0243 44.1915 40.0385 48.9883 46.0107 41.5823 47.6257 47.7273 50.2228 46.4875 41.3022 50.7079 48.7933 52.9455 51.0706 46.7663 40.8168 36.2959 54.3752 54.3752 50.8718 45.5523 52.2086 49.8555 44.2307 51.4564 45.9419 48.941 46.7391 42.7642 42.9108 43.303 43.8148 44.4203 44.8668 45.1772
42.6951 43.9371 45.3197 46.4689 47.6195 48.0042 48.7342 48.1538 47.269 46.5688 46.2148 45.7554 46.0402 46.6361 46.9574 46.8609 46.7385 46.865 46.9932 46.8828 47.4671 48.3707 48.5988 48.3899 48.757 49.2504 50.5487 51.5989 52.0805 52.6624 53.273 54.1737 54.7772 54.6392 54.1789 54.4072 54.8532 54.9554 55.0124 55.7007 56.1978 57.1452 57.6764 58.1987 59.2667 63.5395 66.7607 67.6728 67.5667 67.906 68.5823 68.731 69.7809 69.8716 70.8888 70.5718 69.0348 71.0732 71.1057 69.791 67.3039 64.6436 71.5953 69.8052 72.8063 70.6747 67.6154 64.0477 59.0976 69.7216
50.1676 51.4335 52.534 53.8487 54.9914 55.6668 55.5235 54.459 53.7107 53.1739 53.1579 53.1679 53.3229 53.3015 53.7128 54.1718 54.1529 54.1244 54.0698 54.1926 54.4465 54.8493 55.501 56.1733 56.5095 56.844 57.424 57.9674 58.9427 59.581 59.9357 60.4136 60.6993 60.9319 61.2784 61.5896 61.5805 61.7154 61.9445 62.7181 63.5934 64.3888 65.179 65.801 66.838 67.5669 68.2194 69.0127 69.5991 70.3462 70.829 71.4098 71.8237 71.7286 71.7952 71.7403 72.0104 72.6006 72.8267 72.9578 73.027 73.4188 73.9193 74.3389 74.3502 74.4843 75.1677 75.8193 76.8716 76.3908
57.8943 59.2179 60.6016 61.1826 61.2797 61.5539 61.9024 61.8602 62.0417 61.972 61.7519 62.0054 61.9599 61.8098 61.6879 61.3636 61.262 61.4014 61.3524 61.4375 61.7601 62.2176 62.7596 62.8256 62.7972 62.9846 63.6778 64.2441 64.9575 65.6296 66.1326 66.3574 66.6794 67.1151 67.695 68.2434 68.3612 68.5547 69.2499 69.911 70.5014 70.7421 71.1515 71.6727 72.2534 72.9621 73.4644 74.2474 74.9386 75.3022 75.7503 76.2539 76.5065 76.7215 76.7379 76.4745 76.7546 77.1489 77.3127 77.6954 77.9714 77.9847 77.9058 77.8514 77.5109 77.6828 77.5817 77.4671 77.8484 78.1579
64.9817 65.6847 66.3593 67.0435 67.5609 68.1776 68.9105 69.5072 69.356 68.9183 68.9817 69.3662 69.6624 69.321 68.8942 68.843 68.9826 68.7275 68.6692 68.6966 68.6614 68.5481 68.4807 68.5388 68.7732 69.2438 69.6939 70.0565 70.3642 70.7731 71.2932 71.6879 71.9944 72.3112 72.6655 72.883 73.0434 73.2421 73.7083 74.2106 75.0117 75.4751 76.125 76.6468 77.2807 77.602 77.9923 78.5917 79.307 79.7802 79.8808 80.0427 80.0671 79.9418 80.0886 80.1395 80.2432 80.7785 81.1441 81.3929 81.7808 81.5383 81.4046 81.1614 80.9656 80.7683 80.5307 80.8224 80.9286 81.0432
70.0914 70.7028 71.359 72.04 72.6926 73.3251 73.7049 73.8794 73.9389 74.0236 74.044 74.346 74.7658 74.8909 75.0041 75.1089 75.0511 74.8813 74.7907 74.7177 74.5845 74.3523 74.2368 74.2356 74.2732 74.3375 74.4423 74.5789 74.8292 75.1837 75.4931 75.808 76.2241 76.8761 77.3256 77.488 77.4823 77.5987 77.9896 78.5516 79.0074 79.6329 80.3523 80.9223 81.4423 81.9761 82.2195 82.4038 82.8837 83.2888 83.1782 82.9062 82.905 83.0712 83.4852 83.998 84.4799 84.6019 84.4974 84.59 84.7716 84.6397 84.5321 84.3257 84.3879 84.0218 83.8161 83.895 84.0137 84.0182
92.1332 96.709 97.8607 94.0457 88.9551 83.0853 77.4687 83.4381 83.4381 79.8983 77.1019 77.2911 77.599 77.9667 78.0359 78.1027 78.0413 78.0493 78.1168 78.2464 78.216 78.1667 78.1054 78.0819 78.1044 78.0134 78.0024 78.1438 78.365 78.701 78.9248 79.2757 79.7339 80.1159 80.373 80.4766 80.5458 80.8212 81.2233 81.5563 81.8182 82.1124 82.8033 83.6703 84.2497 84.8682 85.0799 85.2706 85.6344 85.9388 86.0174 85.8614 85.8589 85.912 85.9014 86.083 86.0838 86.2016 86.2142 86.2406 86.2144 86.4639 86.619 86.7072 86.5524 86.5259 86.4148 86.3275 86.2251 86.203
112.287 111.476 109.35 106.534 112.844 110.86 108.635 105.043 100.132 97.038 104.965 104.967 103.058 98.8068 94.0229 87.2826 92.1308 86.3561 79.8982 79.903 79.9623 80.0556 80.1512 80.247 80.1915 79.9843 79.8611 79.9017 80.3805 80.7442 80.9257 81.0077 81.2369 81.5838 81.9639 82.2377 82.3969 82.5701 82.7314 83.0472 83.2376 83.4482 83.8658 84.4902 85.3675 85.9114 86.1951 86.4746 86.8954 87.0458 86.9994 87.0478 87.12 87.0337 86.7415 86.641 86.8497 87.0702 87.1675 87.1562 87.3884 87.4083 87.4499 87.6194 87.6157 87.7237 87.6861 87.9021 87.5929 87.4256
118.925 118.927 118.711 127.475 128.589 128.855 128.026 128.916 126.941 124.086 120.571 124.875 122.481 121.233 122.44 116.82 111.725 105.044 113.194 110.221 110.005 104.406 98.1392 90.0395 82.05 86.9576 84.9472 80.0578 80.3235 80.5579 80.6869 80.7182 80.9032 81.113 81.4258 81.7494 81.9956 82.2568 82.4217 82.6786 82.9228 83.0815 83.3524 83.7893 84.4324 85.0572 85.5656 85.9486 86.2162 86.1436 85.8909 85.9002 86.0037 86.058 85.8566 85.7082 85.9279 86.4581 86.8629 86.9626 86.9061 86.8755 86.7883 86.7315 86.3359 86.5283 86.9012 86.8495 86.6611 86.4997
125.38 126.93 128.616 129.844 131.59 134.241 136.043 137.06 136.951 136.189 142.973 142.74 142.833 139.891 137.164 133.086 140.019 138.76 133.758 129.24 131.83 125.52 120.552 123.617 118.387 110.157 103.717 94.8523 99.8238 97.5993 97.8597 91.9191 84.91 79.0125 79.212 79.3596 79.7026 79.9461 80.2334 80.4011 80.5557 80.5435 80.8029 81.2193 81.6201 82.0918 82.7089 83.0488 82.9778 82.6302 82.2516 82.4586 82.7798 82.8954 82.9659 83.0956 83.4801 84.1267 84.8032 85.1868 84.6902 84.2036 83.8225 83.4919 83.2254 83.2256 83.3988 83.5762 83.5287 83.5429
131.776 133.437 135.058 136.589 138.168 139.49 140.973 142.792 144.469 149.207 150.424 152.936 155.3 155.908 154.536 156.101 154.187 151.181 147.788 144.837 157.138 152.345 151.251 145.999 140.187 134.253 139.612 132.578 126.256 125.581 122.746 115.047 109.137 101.014 94.3206 103.087 98.3347 90.2435 81.548 76.2333 78.6915 76.3159 76.4394 76.5752 76.778 77.0605 77.7339 78.2935 78.2145 78.0233 78.0017 77.9373 77.8567 78.0362 78.1545 78.4483 78.9439 79.7337 80.4503 80.7151 80.1162 79.4127 78.8756 78.7824 78.7096 78.6352 78.746 78.6136 78.7565 79.0847
135.826 137.765 139.756 141.998 144.297 146.649 148.779 151.102 153.076 155.15 156.589 157.965 159.577 161.5 167.992 168.909 168.771 167.81 169.822 168.344 165.678 166.353 165.741 163.519 159.426 154.422 160.633 155.518 149.533 143.328 137.288 143.621 138.519 133.189 125.01 118.447 120.459 118.711 110.426 103.61 94.2045 85.0396 79.5985 81.3569 81.3569 80.016 80.0468 80.087 80.155 80.1549 80.3097 80.5789 80.7344 80.9018 80.8785 80.836 80.7355 80.7034 80.7582 80.9808 81.212 81.4242 81.6081 81.7296 81.8758 82.1266 82.4211 82.9177 83.3368 83.7973
141.616 142.708 144.365 146.366 148.322 150.687 152.844 155.111 157.54 159.866 162.376 165.014 167.109 168.94 170.393 173.295 175.392 176.635 179.57 179.707 179.159 177.699 175.522 179.914 177.375 173.907 169.988 167.449 171.409 167.457 162.728 157.314 148.641 144.014 150.541 146.148 138.843 132.011 124.803 127.808 114.266 116.309 109.199 100.54 93.633 85.6861 82.587 82.5087 82.4075 82.3054 82.1988 82.1352 82.1018 82.1033 82.0719 82.0808 82.2701 82.5521 82.8748 83.2375 83.5489 83.8992 84.2417 84.5283 84.9219 85.1879 85.6098 85.9485 86.36 86.7277
149.514 150.105 150.866 151.859 153.237 154.73 156.272 157.955 160.235 162.799 165.68 168.708 171.635 174.914 177.504 179.992 181.761 183.337 185.049 187.456 189.009 189.028 188.099 186.796 185.252 190.898 188.512 185.315 181.624 178.306 174.05 178.761 174.402 169.438 164.074 158.236 151.936 148.62 149.777 144.793 138.067 140.16 134.631 125.429 118.765 118.9 111.376 102.519 95.8372 87.1476 89.0529 83.7372 83.8672 84.2942 84.7599 85.1688 85.6202 85.987 86.3631 86.6702 87.0573 87.3349 87.5513 87.7933 88.1058 88.3541 88.5781 88.7088 88.9494 89.287
158.525 158.691 158.938 159.333 159.886 160.645 161.666 162.833 164.188 165.988 168.376 171.346 174.578 178.297 181.333 184.775 187.432 190.032 191.887 193.384 195.112 196.126 198.184 199.762 199.672 198.272 196.72 195.055 193.01 190.341 197.411 197.969 194.856 190.719 186.4 184.585 178.562 168.966 162.986 166.645 160.767 154.168 147.128 140.754 134.407 125.677 130.897 121.945 115.009 112.739 104.422 95.8991 89.7684 86.5947 86.8245 87.0429 87.2503 87.4803 87.7434 88.1544 88.5964 88.9782 89.4004 89.7851 90.0976 90.4424 90.6695 90.897 91.245 91.5718
165.631 166.192 167.016 167.779 168.521 169.085 169.428 169.612 170.073 171.08 172.396 174.401 176.734 179.677 182.726 186.421 189.615 193.415 196.128 198.961 200.959 203.296 207.475 209.772 210.472 210.895 209.836 208.296 206.258 208.255 205.705 203.234 200.555 197.065 203.857 197.592 191.345 186.614 183.087 177.715 172.184 166.347 160.65 159.915 158.085 151.273 144.668 135.184 136.534 129.62 122.799 113.849 107.336 99.039 90.664 95.6665 93.0124 88.9372 89.1645 89.5195 89.784 90.1247 90.5047 90.828 91.0183 91.2296 91.4472 91.5749 91.8138 92.0876
171.542 172.165 173.012 173.944 175.062 175.92 176.604 176.964 177.044 177.072 177.234 177.804 179.048 180.608 183.337 186.607 190.2 194.014 197.616 201.321 204.668 208.123 210.543 212.426 213.71 214.209 214.593 214.885 214.847 213.786 212.319 211.449 209.775 208.76 205.487 201.475 197.892 202.557 197.778 192.963 187.828 182.019 185.828 180.395 173.575 166.56 159.729 153.29 145.209 138.819 132.013 128.063 132.39 131.551 125.548 116.288 109.04 100.156 91.3912 89.5023 89.5758 89.6437 89.7864 90.0121 90.3706 90.6927 90.9968 91.375 91.5559 91.9334
176.684 177.316 177.988 178.722 179.623 180.462 181.324 182.026 182.824 183.363 183.495 183.37 183.499 183.998 185.199 187.062 189.675 192.877 197.192 201.071 205.983 209.681 213.492 215.818 218.152 219.494 221.779 221.443 222.091 224.194 222.974 222.062 220.4 218.06 215.343 212.476 209.476 207.995 205.009 202.328 206.155 200.826 195.208 189.528 183.829 177.938 171.815 165.765 169.646 163.246 156.41 149.256 142.372 133.709 127.204 121.355 113.09 114.938 106.944 99.1979 93.6879 93.5236 89.956 90.1553 90.2948 90.4273 90.4931 90.6342 90.674 90.8014
181.466 181.801 182.237 182.682 183.156 183.899 184.724 185.629 186.915 188.186 189.312 189.633 189.884 189.784 189.649 189.998 190.954 193.085 195.927 200.35 204.534 209.094 213.191 216.987 219.859 222.764 224.363 225.868 226.283 226.29 226.825 226.611 226.642 225.375 223.146 226.439 224.046 220.194 218.315 213.86 209.376 204.788 200.077 203.133 198.178 192.595 187.406 183.137 177.679 171.981 166.303 160.88 154.442 154.845 148.734 140.244 132.821 126.147 117.95 111.605 104.122 98.3525 91.2376 87.8881 89.9285 87.9465 87.8681 87.8918 87.9006 88.0047
