benchmarks/avaInclinedPlane/release1IP_entres_ref_0.155_pv.asc
ncols         1000
nrows         400
xllcenter     1000
yllcenter     -5000
cellsize      5
NODATA_value  -9999
[rows 155 to 185 of 400, columns 560 to 629 of 1000]
0 0 0 0 0 0 0 0 0 0 0 0 0 0 0 0 0 0 0 0 0 0 0 0 0 0 0 0 0 0 0 0 0 0 0 0 0 0 0 0 0 0 0 0 0 0 0 0 0 0 0 0 0 0 0 0 0 0 0 0 0 0 0 0 0 0 0 0 0 0
0 0 0 0 0 0 0 0 0 0 0 0 0 0 0 0 0 0 0 0 0 0 0 0 0 0 0 0 0 0 0 0 0 0 0 0 0 0 0 0 0 0 0 0 0 0 0 0 0 0 0 0 0 0 0 0 0 0 0 0 0 0 0 0 0 0 0 0 0 0
0 0 0 0 0 0 0 0 0 0 0 0 0 0 0 0 0 0 0 0 0 0 0 0 0 0 0 0 0 0 0 0 0 0 0 0 0 0 0 0 0 0 0 0 0 0 0 0 0 0 0 0 0 0 0 0 0 0 0 0 0 0 0 0 0 0 0 0 0 0
0 0 0 0 0 0 0 0 0 0 0 0 0 0 0 0 0 0 0 0 0 0 0 0 0 0 0 0 0 0 0 0 0 0 0 0 0 0 0 0 0 0 0 0 0 0 0 0 0 0 0 0 0 0 0 0 0 0 0 0 0 0 0 0 0 0 0 0 0 0
0 0 0 0 0 0 0 0 0 0 0 0 0 0 0 0 0 0 0 0 0 0 0 0 0 0 0 0 0 0 0 0 0 0 0 0 0 0 0 0 0 0 0 0 0 0 0 0 0 0 0 0 0 0 0 0 0 0 0 0 0 0 0 0 0 0 0 0 0 0
0 0 0 0 0 0 0 0 0 0 0 0 0 0 0 0 0 0 0 0 0 0 0 0 0 0 0 0 0 0 0 0 0 0 0 0 0 0 0 0 0 0 0 0 0 0 0 0 0 0 0 0 0 0 0 0 0 0 0 0 0 0 0 0 0 0 0 0 0 0
0 0 0 0 0 0 0 0 0 0 0 0 0 0 0 0 0 0 0 0 0 0 0 0 0 0 0 0 0 0 0 0 0 0 0 0 0 0 0 0 0 0 0 0 0 0 0 0 0 0 0 0 0 0 0 0 0 0 0 0 0 0 0 0 0 0 0 0 0 0
5.14958 5.3109 5.5066 5.68841 5.92817 6.11841 6.18062 6.18062 6.10345 5.87718 5.43643 4.82095 4.51084 4.68706 5.75127 5.7534 5.7534 5.44206 5.44647 5.44647 5.33005 4.90442 4.871 6.87455 7.06328 7.06328 6.9536 7.02026 7.11969 7.18805 7.18814 7.14984 7.06301 6.60942 6.4839 5.69154 5.69154 5.68863 5.67008 5.62689 5.55557 5.43288 4.75158 4.74728 4.73156 4.72591 4.67175 4.52747 4.30492 0 0 0 0 0 0 0 0 0 0 0 0 0 0 0 0 0 0 0 0 0
7.52258 7.62496 7.70592 7.76249 7.79621 7.81159 7.81159 7.80898 7.80746 7.80709 7.8038 7.77589 7.68149 7.51081 7.20778 6.84181 6.80997 6.84385 6.75564 7.63647 7.79975 7.79985 7.79985 7.78004 7.74322 7.63985 7.46919 7.18676 7.04138 7.12169 7.15833 7.13625 7.05205 6.90073 6.80578 6.4742 6.46789 6.53117 6.45552 6.05441 6.84463 6.90022 6.90022 7.03215 7.1756 7.30294 7.41172 7.5239 7.40015 7.45866 7.45866 7.42464 7.2302 6.93429 6.57743 6.2204 5.98412 6.04392 5.59315 5.43529 5.36407 5.3065 5.29248 5.29248 5.29099 5.23236 5.08822 5.06748 5.11376 5.17291
8.42137 8.4171 8.40642 8.38716 8.34163 8.28868 8.24072 8.1518 8.09069 7.99282 7.935 7.99759 8.06613 8.12271 8.15362 8.23442 8.22849 8.15331 7.97985 7.71323 7.76358 7.7706 7.76457 7.7308 7.73465 7.6841 7.78067 7.78224 7.70399 7.52709 7.27787 7.16201 7.14914 7.15449 7.17625 7.11537 7.02945 6.99511 7.04533 6.85892 6.89848 6.94427 6.94837 7.03215 7.1756 7.30983 7.42295 7.52639 7.64348 7.68429 7.56485 7.42464 7.2302 6.93429 6.94987 6.94987 6.96489 6.76543 6.67297 6.57889 6.62956 6.39003 6.28195 6.35499 6.58111 6.73934 6.80641 6.82814 6.93566 6.98778
8.4171 8.40642 8.38865 8.3914 8.39262 8.36872 8.33365 8.29635 8.22511 8.16316 8.07796 8.00873 7.9512 8.09855 8.18693 8.23442 8.22849 8.15331 7.80765 7.73021 7.81685 7.86484 7.867 8.06655 8.41032 8.42756 8.42756 8.33135 8.14105 7.97357 7.78608 7.6191 7.6342 7.68106 7.68799 8.18625 8.32161 8.29158 8.01435 7.80679 7.69651 7.77117 7.77688 7.77688 7.72276 7.60896 7.44189 7.23615 7.68738 7.79462 7.79462 7.68869 7.4785 7.19864 7.14882 7.22433 7.24207 7.22729 7.15483 7.14116 7.28831 7.29855 7.29856 7.0935 6.97904 7.00288 7.01271 7.01671 7.05166 7.07375
8.54718 8.53603 8.44001 8.28501 8.39262 8.36872 8.33365 8.29635 8.22511 8.31305 8.28424 8.17191 8.57805 8.46289 8.25928 8.41945 8.45552 8.4692 8.45551 8.41559 8.18365 8.1432 8.15229 8.24369 8.39276 8.3894 8.38449 8.2932 8.10591 7.95888 8.28271 8.14418 8.23855 8.31037 8.29889 8.3362 8.32671 8.30683 8.18111 8.07201 8.05006 7.95161 7.82294 7.70092 7.79913 8.14075 8.32919 8.32919 8.29892 8.13813 7.96828 8.09626 8.32874 8.49138 8.50862 8.52207 8.4292 8.22292 8.09216 7.93589 7.6297 7.54355 7.5261 7.52437 7.44802 7.44092 7.32473 7.83498 7.82377 7.74896
8.78608 8.62841 8.38442 8.32172 8.32605 8.33189 8.34065 8.28424 8.28342 8.33997 8.34844 8.33166 8.30218 8.29663 8.31399 8.41945 8.45552 8.47851 8.51318 8.5216 8.65515 9.10192 9.25136 9.18219 9.02465 8.81419 8.53503 8.40911 8.39047 8.39526 8.43225 8.52062 8.6179 8.6896 8.7185 8.67502 8.64208 8.60826 8.56775 8.52711 8.56918 8.59506 8.66543 8.77574 8.81349 8.75691 8.70845 8.98821 9.21538 9.25671 9.17426 9.16225 9.21796 9.20922 9.1879 8.95345 8.67049 8.55955 8.53669 8.50441 8.51885 8.55417 8.60205 8.52494 8.33872 7.97438 8.34929 8.54003 8.85827 9.0638
8.69262 8.51875 8.71204 8.83585 8.82003 8.81052 8.59388 8.55534 8.61992 8.6343 8.63363 8.67961 8.7547 8.98069 8.60281 8.67891 8.83461 8.9072 8.94963 9.05835 9.19366 9.32551 9.31266 9.24537 9.8144 9.72784 9.57953 9.21112 8.86035 8.8967 8.95575 9.05009 9.14808 9.20432 9.2519 9.29264 9.2961 9.31309 9.31795 9.29615 9.23886 9.20683 9.22953 9.31932 9.39222 9.77867 9.77867 9.69594 9.65431 9.51828 9.37084 9.25424 9.27297 9.33093 9.72152 9.41862 9.28863 9.02365 8.87084 9.49323 9.5443 9.54996 9.26882 9.41148 9.42479 9.39275 9.33864 9.27571 9.2639 9.30951
8.97501 9.07601 9.14371 9.22208 9.29565 9.44628 9.85006 9.66931 9.74847 9.82303 9.9051 9.91121 9.93229 9.95102 9.94351 9.92412 9.88773 9.85718 9.81265 9.71533 9.70656 9.72017 9.70605 9.6532 9.57654 9.4441 9.31399 9.12196 9.06342 9.1476 9.19907 9.21159 9.20223 9.16196 9.16415 9.25182 9.33584 9.423 9.48792 9.50898 9.51291 9.51099 9.51668 9.6459 9.70882 9.75362 9.77867 9.69594 9.6347 9.6024 9.63423 9.69003 9.81094 9.95854 10.0889 10.0986 10.1812 10.2119 10.182 10.1146 10.0666 9.70792 9.34527 9.83412 10.0641 10.0004 10.7136 10.1019 9.96831 10.0747
10.637 10.6785 10.7245 10.7022 10.6665 10.5797 10.4769 10.4421 10.413 10.5044 10.5219 10.5352 10.5985 10.6531 10.7235 10.8641 10.8838 11.073 10.9142 10.353 10.0075 9.82983 9.71284 9.66889 9.80665 9.84741 9.80134 9.71718 9.58864 9.47396 9.33993 9.37657 9.63953 9.81488 9.91558 9.96103 10.0846 10.3149 10.4255 10.4084 10.3311 10.2506 10.0355 9.87682 9.82637 9.82083 9.869 9.98243 10.0627 10.1398 10.281 10.4586 10.5843 10.6444 10.7641 10.7791 10.7715 10.7765 10.7562 10.7755 10.8498 10.8799 10.8896 11.324 11.5288 11.5554 11.0943 10.9151 10.8785 10.795
11.2413 11.208 11.159 11.1827 11.2656 11.3139 11.3271 11.3202 11.352 11.3646 11.3717 11.3988 11.4467 11.5559 11.7504 11.6533 11.22 12.093 12.1471 11.9408 11.6285 11.4094 11.0154 10.9382 10.8357 10.6769 10.5033 10.3881 10.3281 10.3443 10.3804 10.524 10.6133 10.6614 10.6596 10.6527 10.7704 10.9221 11.0027 10.9938 10.8916 10.8172 10.7612 10.708 10.6833 10.7225 10.7359 10.7408 10.7947 10.8296 10.9177 11.0065 11.1135 11.196 11.2193 11.2485 11.2411 11.2045 11.2515 11.2958 11.406 11.5117 11.5893 11.6187 11.6217 11.5743 11.4929 11.557 11.3542 11.1561
11.5655 11.5496 11.5828 11.6536 11.7521 11.786 11.7723 11.6913 11.7667 11.7835 11.7807 11.7034 11.716 11.8139 11.8922 11.884 11.9209 11.9869 12.0246 11.6646 11.5469 11.4409 11.3145 11.2058 11.1906 11.1127 11.0613 11.0512 11.0383 11.003 11.0033 11.0714 11.1004 11.1205 11.1368 11.1714 11.2528 11.353 11.3609 11.3101 11.1663 11.1034 11.0649 11.0337 11.0053 10.9946 10.9609 10.9592 11.026 11.0852 11.1453 11.1863 11.2607 11.325 11.3493 11.3532 11.3309 11.3045 11.3169 11.3497 11.4424 11.5067 11.5767 11.58 11.5411 11.559 11.5867 11.5063 11.3486 11.5338
12.8482 12.9549 12.9904 13.0901 13.243 13.2403 13.2757 13.2063 12.996 12.8078 12.6092 12.5741 12.6261 12.7209 13.0247 13.4177 13.6836 13.6456 13.4525 13.0472 12.5017 11.9157 11.7938 11.588 12.5341 12.2134 11.7397 11.0592 10.9399 10.9442 10.9526 11.0399 11.1062 11.0997 11.1033 11.0462 11.0868 11.1799 11.2516 11.2585 11.2452 11.2324 11.2393 11.2001 11.1589 11.1585 11.2469 11.3334 11.406 11.4594 11.5007 11.4958 11.448 11.4005 11.3882 11.4732 11.5578 11.5955 11.6395 11.7184 11.8238 11.8482 11.8211 11.7646 11.7496 11.774 11.8419 11.8896 11.953 11.9424
13.4002 13.4679 13.5195 13.6191 13.7524 13.7771 13.7876 13.7409 13.6433 13.4585 13.3422 13.2034 13.2351 13.292 13.4262 13.6025 13.6355 13.7001 13.7777 13.3896 12.8949 12.6761 12.6722 12.6883 12.7265 12.7916 12.8771 12.8046 12.6047 12.2633 14.0691 14.0702 14.0689 13.8955 13.8703 13.8509 13.7628 13.5474 13.2668 12.9758 12.5965 12.1175 11.57 13.3712 13.1791 12.8869 12.4852 12.0648 11.5381 12.8957 12.6117 12.1645 11.6186 11.4723 11.4723 11.4995 11.5347 11.5668 11.5887 11.6208 11.6822 11.748 11.7768 11.7883 11.7932 11.8266 11.8831 11.9294 11.9194 11.8936
14.2086 14.285 14.3789 14.4317 14.5715 14.6326 14.6488 14.4995 14.4318 14.302 14.1234 13.9773 13.9469 13.9699 14.066 14.1599 14.2104 14.2403 14.2039 13.9414 13.4937 13.3011 13.2224 13.1908 13.1682 13.2022 13.3719 13.5773 13.8243 13.9269 13.9883 13.9542 13.7787 13.7329 13.7614 13.7022 13.5666 13.4531 13.3672 13.3713 13.3795 13.3864 13.4166 13.5129 13.4278 13.3335 13.2058 13.1218 13.1195 13.2972 13.4281 13.5509 13.2786 13.1409 13.1038 12.9907 12.8823 12.6878 12.384 12.0262 11.5647 11.0981 12.9116 12.792 12.5126 12.1304 11.6217 11.5069 11.5704 11.5487
14.5185 14.5724 14.5918 14.5888 14.6308 14.6585 14.6955 14.7147 14.7953 14.8065 14.778 14.6374 14.5628 14.5465 14.6038 14.7022 14.8346 14.9553 14.8318 14.4656 14.0873 13.9471 13.9109 13.9058 13.9651 14.1292 14.3583 14.4877 14.5662 14.3748 14.241 14.0941 14.01 14.0445 14.1522 14.1091 13.9189 13.7701 13.7348 13.6969 13.6627 13.6548 13.6781 13.6412 13.5451 13.4411 13.3471 13.3868 13.4339 13.4829 13.4115 13.2628 13.1187 13.0265 12.946 12.9097 12.911 12.9556 12.95 12.9749 12.9095 12.8681 12.8439 12.8721 12.9163 12.9446 12.8104 12.6206 12.4348 12.1831
14.5769 14.5665 14.5483 14.5214 14.5134 14.5194 14.5803 14.6525 14.7392 14.7608 14.7171 14.6687 14.67 14.6351 14.6498 14.7389 14.8666 14.9046 14.7817 14.5849 14.4136 14.3794 14.3206 14.2682 14.2676 14.312 14.3965 14.4185 14.42 14.2683 14.2011 14.1598 14.1447 14.3695 14.4217 14.4401 14.2171 13.9657 13.8263 13.7178 13.7563 14.2841 13.9072 13.7275 13.6544 13.5175 13.4535 13.5184 13.6377 13.7115 13.6943 13.601 13.4849 13.3794 13.3074 13.2154 13.1404 13.0985 13.0745 12.9939 12.9059 12.767 12.7207 12.7326 12.6991 12.6091 12.5445 12.4659 12.3853 12.3168
14.2877 14.2049 14.1211 14.0703 14.0975 14.1378 14.1908 14.2382 14.2615 14.2421 14.2191 14.2104 14.2361 14.2255 14.2264 14.2799 14.3914 14.4531 14.3876 14.359 14.3297 14.3455 14.3493 14.3261 14.3301 14.3275 14.3026 14.3221 14.3138 14.2193 14.2746 14.4103 14.5414 14.61 14.5676 14.5453 14.5576 14.569 14.6001 14.5517 14.4771 14.5485 14.617 14.5007 14.3162 14.1317 13.9308 13.6667 13.5079 14.5569 14.7386 14.5815 14.336 14.0038 13.6005 14.0387 13.5992 13.0346 12.3724 12.0711 12.1065 12.0135 11.9439 11.9895 12.0008 12.0165 11.9561 11.8905 11.7995 11.7278
13.6262 13.6263 13.6822 13.7473 13.7976 13.778 13.7553 13.793 13.842 13.8711 13.9298 14.0184 14.0744 14.125 14.2167 14.2938 14.3624 14.4325 14.5065 14.624 14.6864 14.6327 14.4858 14.382 14.3487 14.3545 14.3677 14.433 14.5626 14.6578 14.7894 14.9717 15.0623 15.0732 14.9989 14.9463 14.9456 14.9425 14.8903 14.8715 14.8619 14.8258 14.7453 14.6395 14.5601 14.5193 14.514 14.5293 14.5991 14.6688 14.9172 15.0983 15.1428 15.0348 14.8982 14.797 14.6103 14.32 13.9462 13.5256 14.2068 13.7322 13.2033 12.6247 12.0807 11.5602 11.1239 10.5512 10.5868 10.6305
14.2878 14.3515 14.334 14.3155 14.3349 14.3289 14.3162 14.3657 14.4034 14.434 14.5058 14.5576 14.5502 14.4949 14.4614 14.4644 14.4817 14.5525 14.6753 14.8459 14.9246 14.9065 14.771 14.661 14.6105 14.6003 14.6041 14.6377 14.7488 14.8659 15.0203 15.2179 15.3623 15.3331 15.147 15.0366 15.0063 14.9806 14.9222 14.9067 14.8957 14.8519 14.7994 14.7663 14.751 14.7682 14.7904 14.8223 14.8753 14.9519 15.0034 15.0016 14.915 14.8402 14.8099 14.8356 14.9003 14.8892 14.7838 14.6772 14.729 14.529 14.2812 14.0231 13.6772 13.3902 13.0049 12.5912 12.1281 11.6688
14.7361 14.7741 14.7441 14.6494 14.5771 14.5687 14.5754 14.6113 14.6526 14.687 14.7375 14.7108 14.6192 14.4746 14.3853 14.3343 14.3136 14.3712 14.4859 14.6186 14.7126 14.7184 14.6642 14.6134 14.6022 14.6225 14.6592 14.6821 14.7429 14.8669 15.0385 15.2268 15.3964 15.3592 15.103 14.871 14.768 14.7044 14.6843 14.663 14.6397 14.6101 14.6071 14.6346 14.6737 14.6924 14.7127 14.7317 14.7716 14.8659 14.9157 14.8523 14.7638 14.6959 14.6651 14.7044 14.7022 14.6415 14.5182 14.4604 14.3745 14.346 14.2372 14.0927 13.9392 13.9265 13.8092 13.7173 13.4783 13.169
14.5911 14.573 14.4751 14.3795 14.385 14.4629 14.5688 14.6638 14.755 14.8261 14.8637 14.9531 14.6389 14.3085 14.0421 13.8725 13.8255 13.8489 13.9507 14.0396 14.1378 14.198 14.2034 14.2067 14.2234 14.2711 14.3339 14.3712 14.3929 14.473 14.665 14.8644 14.9792 14.9056 14.6798 14.4444 14.3015 14.2262 14.1998 14.1644 14.1908 14.2126 14.2425 14.273 14.3074 14.3295 14.3471 14.3543 14.3703 14.4034 14.432 14.3881 14.3511 14.3423 14.3758 14.4344 14.4282 14.2774 14.1746 14.112 14.0585 13.9384 13.7657 13.6193 13.5428 13.4752 13.3023 13.0936 12.8836 12.7509
14.5297 14.4079 14.4494 14.5591 14.6719 14.7458 14.8034 14.8098 14.7625 14.6041 14.4315 14.2932 14.1251 14.0224 13.932 13.8744 13.8593 13.8837 13.9344 13.9368 13.9248 14.0232 14.1674 14.3313 14.4758 14.5944 14.6511 14.6486 14.6568 14.7226 14.8323 14.93 15.0648 15.1577 15.1973 15.1783 15.0733 14.6429 14.0577 13.6806 13.4187 13.2513 13.2908 13.331 13.4158 13.476 13.4422 13.4158 13.3862 13.3999 13.4089 13.3958 13.446 13.4329 13.4747 13.547 13.6142 13.5503 13.4943 13.4465 13.3909 13.2531 12.9972 12.7766 12.8794 12.9592 12.9748 12.9247 12.9112 12.9554
14.3659 14.3461 14.3776 14.4549 14.5363 14.6092 14.656 14.6796 14.661 14.6255 14.5549 14.48 14.4099 14.3362 14.3062 14.3155 14.3376 14.3871 14.4222 14.4412 14.4494 14.4889 14.5806 14.6743 14.7989 14.9085 14.9607 14.9214 14.9112 14.9489 15.0594 15.1717 15.2681 15.3345 15.3842 15.348 15.2678 14.9152 14.5516 14.3382 14.2384 14.2219 13.9636 13.5049 13.2052 13.0736 12.999 12.9859 13.016 13.0379 13.1451 13.2459 13.2755 13.2875 13.2809 13.2991 13.3505 13.3662 13.3496 13.3377 13.314 13.3216 13.3469 13.4157 13.454 13.4628 13.4975 13.5971 13.6803 13.7385
13.8671 13.869 13.8932 13.9631 14.0187 14.0757 14.129 14.1931 14.2516 14.2829 14.2894 14.2774 14.2855 14.2745 14.289 14.2961 14.3601 14.4432 14.4931 14.5087 14.5029 14.5197 14.5891 14.65 14.731 14.842 14.8965 14.8877 14.8335 14.8218 14.8609 14.9479 15.0608 15.1376 15.2092 15.2225 15.2104 15.1348 15.1109 15.0279 14.9157 14.6238 14.0341 13.5638 13.2957 13.1852 13.1215 13.118 13.1246 13.1755 13.2752 13.3868 13.4586 13.4817 13.4971 13.5334 13.5965 13.644 13.6542 13.6532 13.658 13.6772 13.7177 13.7723 13.7956 13.8045 13.8281 13.8774 13.9166 13.9163
