benchmarks/avaInclinedPlane/release1IP_entres_ref_0.155_pfd.asc
ncols         1000
nrows         400
xllcenter     1000
yllcenter     -5000
cellsize      5
NODATA_value  -9999
[rows 155 to 185 of 400, columns 340 to 407 of 1000]
0 0 0 0 0 0 0 0 0 0 0 0 0 0 0 0 0 0 0 0 0 0 0 0 0 0 0 0 0 0 0 0 0 0 0 0 0 0 0 0 0 0 0 0 0 0 0 0 0 0 0 0 0 0 0 0 0 0 0 0 0 0 0 0 0 0 0 0
0 0 0 0 0 0 0 0 0 0 0 0 0 0 0 0 0 0 0 0 0 0 0 0 0 0 0 0 0 0 0 0 0 0 0 0 0 0 0 0 0 0 0 0 0 0 0 0 0 0 0 0 0 0 0 0 0 0 0 0 0 0 0 0 0 0 0 0
0 0 0 0 0 0 0 0 0 0 0 0 0 0 0 0 0 0 0 0 0 0 0 0 0 0 0 0 0 0 0 0 0 0 0 0 0 0 0 0 0 0 0 0 0 0 0 0 0 0 0 0 0 0 0 0 0 0 0 0 0 0 0 0 0 0 0 0
0 0 0 0 0 0 0 0 0 0 0 0 0 0 0 0 0 0 0 0 0 0 0 0 0 0 0 0 0 0 0 0 0 0 0 0 0 0 0 0 0 0 0 0 0 0 0 0 0 0 0 0 0 0 0 0 0 0 0 0 0 0 0 0 0 0 0 0
0 0 0 0 0 0 0 0 0 0 0 0 0 0 0 0 0 0 0 0 0 0 0 0 0 0 0 0 0 0 0 0 0 0 0 0 0 0 0 0 0 0 0 0 0 0 0 0 0 0 0 0 0 0 0 0 0 0 0 0 0 0 0 0 0 0 0 0
0 0 0 0 0 0 0 0 0 0 0 0 0 0 0 0 0 0 0 0 0 0 0 0 0 0 0 0 0 0 0 0 0 0 0 0 0 0 0 0 0 0 0 0 0 0 0 0 0 0 0 0 0 0 0 0 0 0 0 0 0 0 0 0 0 0 0 0
0 0 0 0 0 0 0 0 0 0 0 0 0 0 0 0 0 0 0 0 0 0 0 0 0 0 0 0 0 0 0 0 0 0 0 0 0 0 0 0 0 0 0 0 0 0 0 0 0 0 0 0 0 0 0 0 0 0 0 0 0 0 0 0 0 0 0 0
0 0 0 0 0 0 0 0 0 5.72274e-05 0.000662587 0.00136106 0.00174112 0.00278928 0.00492731 0.00737189 0.009072 0.00981979 0.0101108 0.0103133 0.0105245 0.0101956 0.0105238 0.0103597 0.0102598 0.0102245 0.0102825 0.0106723 0.0111036 0.0123991 0.0169051 0.0199705 0.0222875 0.0246583 0.0255588 0.0256107 0.0251697 0.0257199 0.0256081 0.0264634 0.0260639 0.0288412 0.0311142 0.0320322 0.0331747 0.0366696 0.0439579 0.0498335 0.0553976 0.0571207 0.0603969 0.0604408 0.0618165 0.0615104 0.0612197 0.0609362 0.0606571 0.0605563 0.0608191 0.0616364 0.068288 0.0698827 0.0723436 0.0733696 0.0727504 0.0723567 0.0732022 0.0745478
0.163243 0.159143 0.168282 0.185549 0.194572 0.204766 0.220044 0.228134 0.21963 0.215343 0.213205 0.209079 0.213073 0.216702 0.221818 0.218248 0.208861 0.202417 0.199833 0.199488 0.199852 0.19048 0.193287 0.187642 0.199035 0.208449 0.225258 0.239953 0.232027 0.221584 0.223051 0.221231 0.211135 0.211283 0.209174 0.205947 0.207871 0.211773 0.221381 0.219207 0.226437 0.227416 0.223606 0.232994 0.24541 0.250427 0.250895 0.246495 0.243111 0.236626 0.234873 0.240504 0.253367 0.261909 0.261137 0.266742 0.274015 0.275466 0.265829 0.251222 0.239274 0.223724 0.236245 0.247219 0.239552 0.227164 0.217672 0.211279
0.305918 0.31758 0.328454 0.335486 0.336397 0.322896 0.313269 0.313141 0.317545 0.318178 0.317363 0.317041 0.313324 0.30997 0.308632 0.312194 0.317468 0.323877 0.338934 0.341787 0.331956 0.332943 0.334157 0.33613 0.339295 0.343733 0.348531 0.335667 0.325148 0.317971 0.300506 0.301809 0.302113 0.304335 0.303322 0.308979 0.316924 0.31614 0.31589 0.30579 0.293977 0.288452 0.30826 0.328956 0.353657 0.352051 0.355605 0.347935 0.339666 0.324623 0.345532 0.357248 0.370532 0.379655 0.377677 0.366536 0.352953 0.319591 0.326158 0.346367 0.374076 0.360206 0.359738 0.359043 0.356223 0.365821 0.363696 0.355501
0.451734 0.436347 0.42324 0.398393 0.41322 0.421884 0.397149 0.390614 0.386614 0.388568 0.380629 0.372841 0.376907 0.3764 0.381729 0.394372 0.410991 0.417035 0.409386 0.388447 0.371671 0.368029 0.371341 0.37401 0.383299 0.393857 0.403862 0.401821 0.396286 0.389562 0.393493 0.406028 0.403197 0.410529 0.416992 0.408922 0.395941 0.389666 0.387868 0.384736 0.371972 0.354332 0.393742 0.425417 0.455106 0.457752 0.479071 0.485116 0.465715 0.45398 0.439991 0.428132 0.44157 0.455862 0.472094 0.478621 0.49503 0.491686 0.481045 0.462144 0.433321 0.393873 0.356722 0.35743 0.352991 0.352185 0.354913 0.366314
0.696541 0.719114 0.703743 0.693814 0.667445 0.677184 0.691161 0.695109 0.703508 0.740854 0.75947 0.755829 0.726953 0.68611 0.688098 0.663266 0.63739 0.615042 0.589395 0.586184 0.585762 0.580171 0.562641 0.603086 0.630732 0.636948 0.637668 0.645681 0.644213 0.66066 0.689637 0.669478 0.673688 0.634254 0.620944 0.620295 0.636452 0.625931 0.604503 0.63007 0.631613 0.635494 0.646356 0.644246 0.643217 0.640526 0.622585 0.589684 0.557708 0.554954 0.53244 0.502465 0.48832 0.488386 0.512063 0.523574 0.55771 0.565783 0.579702 0.569677 0.541784 0.512169 0.513796 0.494888 0.474615 0.446019 0.407802 0.404367
0.782621 0.783602 0.784203 0.800669 0.786211 0.785601 0.791258 0.784228 0.81077 0.808277 0.835985 0.822459 0.828297 0.858004 0.851451 0.870889 0.894122 0.883077 0.872523 0.865602 0.864503 0.877712 0.858604 0.878962 0.847859 0.86127 0.86363 0.8496 0.842975 0.848775 0.857268 0.830464 0.815731 0.806574 0.809451 0.813058 0.810281 0.817105 0.817611 0.817137 0.826846 0.823768 0.816554 0.807715 0.801507 0.80322 0.804674 0.815368 0.832266 0.83835 0.852593 0.868829 0.878854 0.871529 0.854177 0.860718 0.851983 0.833705 0.799412 0.789477 0.809891 0.78177 0.792467 0.786191 0.804118 0.790852 0.776187 0.760382
0.88557 0.878282 0.870781 0.891843 0.898217 0.896878 0.899779 0.904484 0.903035 0.901595 0.904042 0.903453 0.901128 0.911561 0.892045 0.882706 0.884744 0.891272 0.897234 0.904829 0.904943 0.902405 0.886504 0.893344 0.893931 0.882101 0.873212 0.867286 0.854585 0.864813 0.886325 0.915411 0.917279 0.926888 0.956704 0.97982 0.972667 0.994039 1.00082 0.985269 0.970229 0.972109 0.981501 0.973394 0.977417 0.984884 0.965236 0.953713 0.951623 0.950803 0.920515 0.904251 0.910551 0.905046 0.907441 0.916615 0.918302 0.917573 0.920026 0.910999 0.929648 0.921014 0.909959 0.913478 0.900285 0.887412 0.899955 0.876727
0.878867 0.875322 0.884303 0.882746 0.872975 0.88034 0.861337 0.864325 0.881556 0.872442 0.889722 0.89968 0.871904 0.861677 0.853331 0.817403 0.80566 0.812002 0.813498 0.806564 0.80316 0.789858 0.78914 0.794023 0.79095 0.794957 0.815514 0.830362 0.841976 0.84619 0.862065 0.857103 0.857001 0.865212 0.857857 0.847979 0.850366 0.840662 0.82237 0.800727 0.788407 0.788285 0.782127 0.790012 0.819667 0.840815 0.833167 0.840901 0.820736 0.78905 0.799954 0.80014 0.80916 0.815501 0.837343 0.854181 0.836709 0.853433 0.86263 0.86013 0.852987 0.87204 0.860988 0.87281 0.873712 0.866608 0.848894 0.844493
0.812289 0.822489 0.805457 0.808324 0.834805 0.838238 0.833343 0.813124 0.805719 0.796777 0.808945 0.835622 0.836672 0.841736 0.829435 0.815514 0.810088 0.775615 0.78852 0.801804 0.811866 0.794197 0.767757 0.752137 0.73135 0.761647 0.756667 0.782727 0.799015 0.787928 0.780741 0.756169 0.77624 0.792983 0.78709 0.782632 0.760036 0.718355 0.703417 0.663444 0.645658 0.664167 0.676447 0.671311 0.676646 0.699848 0.698884 0.699474 0.67039 0.663598 0.636761 0.64485 0.661795 0.653848 0.638611 0.643067 0.667947 0.678678 0.692343 0.684412 0.693218 0.701221 0.684677 0.679896 0.668632 0.692346 0.704039 0.72988
0.946773 0.951514 0.95639 0.948537 0.952613 0.951133 0.95149 0.963305 0.969126 0.967746 0.954295 0.944118 0.969126 0.995489 1.00926 1.01668 1.01214 0.998181 0.972391 0.96013 0.946439 0.92587 0.904083 0.890284 0.860735 0.853163 0.864894 0.870744 0.89573 0.887045 0.886101 0.876341 0.864135 0.861972 0.900413 0.908903 0.917344 0.930479 0.948689 0.944562 0.928838 0.892247 0.859636 0.834124 0.815631 0.77868 0.77484 0.768594 0.771651 0.751285 0.736561 0.687262 0.663073 0.645587 0.627885 0.652584 0.669782 0.718511 0.694867 0.688887 0.661326 0.642165 0.620693 0.612945 0.611915 0.630353 0.634524 0.627861
1.01416 1.01391 1.02792 1.02749 1.03308 1.03254 1.02599 1.03998 1.03988 1.0311 1.02437 1.00558 0.986423 0.985512 0.979918 0.971911 0.971645 0.987809 0.979793 0.971503 0.972515 0.951981 0.924989 0.910158 0.902224 0.900579 0.907343 0.914046 0.913836 0.915127 0.914906 0.930902 0.931731 0.916228 0.904717 0.89207 0.867712 0.852311 0.83853 0.830296 0.812063 0.787761 0.765877 0.753228 0.748909 0.742331 0.75134 0.765942 0.801926 0.810428 0.808474 0.792785 0.759022 0.742628 0.751962 0.744663 0.743873 0.746101 0.726952 0.722916 0.710517 0.689672 0.685047 0.678506 0.690441 0.701218 0.709288 0.673081
1.01637 1.01659 1.01927 1.01226 1.01468 1.0038 0.999137 1.00402 1.00955 1.00974 1.01194 1.00237 0.991281 0.986775 0.972289 0.958548 0.970882 0.972996 0.970332 0.952177 0.938186 0.918064 0.906622 0.911844 0.916703 0.914735 0.903522 0.920852 0.941117 0.955326 0.965331 0.976121 0.967096 0.942785 0.917835 0.917887 0.923718 0.928226 0.915288 0.885726 0.871459 0.864639 0.874238 0.87704 0.876086 0.906955 0.923914 0.93837 0.965198 0.980033 0.967426 0.944441 0.928529 0.91211 0.929017 0.930838 0.915765 0.893951 0.883353 0.880779 0.887283 0.889218 0.885381 0.900234 0.932826 0.949308 0.964911 0.998473
1.45981 1.45876 1.44564 1.41119 1.3489 1.28615 1.25717 1.20685 1.18096 1.15842 1.11249 1.08043 1.07987 1.04958 1.01662 0.982641 0.943916 0.937437 0.945401 0.939766 0.909055 0.875034 0.892057 0.894698 0.904917 0.925466 0.942044 0.952052 0.961307 0.963537 0.959435 0.965712 0.966795 0.961729 0.963846 0.949565 0.935578 0.928118 0.918011 0.922257 0.936433 0.968237 0.979805 0.969391 0.976892 0.983583 0.97442 0.967075 0.983792 0.999128 1.00719 1.00111 0.998125 1.00915 1.0135 0.998838 0.995666 1.01454 1.04613 1.0542 1.09501 1.12377 1.11937 1.09475 1.09094 1.08655 1.08084 1.06854
1.70013 1.68299 1.68251 1.67109 1.62679 1.60059 1.56346 1.50714 1.46938 1.44127 1.41999 1.4293 1.39789 1.3527 1.29581 1.28081 1.2992 1.33388 1.29459 1.21788 1.21997 1.21973 1.20667 1.15839 1.18135 1.19531 1.17056 1.16979 1.12744 1.07487 1.0622 1.03722 1.03701 1.04321 1.04425 1.07421 1.09673 1.04376 1.02943 1.04479 1.0676 1.07332 1.07129 1.05292 1.04626 1.06737 1.05314 1.05002 1.04481 1.06271 1.07454 1.06922 1.08568 1.0901 1.10853 1.10475 1.11842 1.13172 1.12888 1.1344 1.11549 1.10997 1.08376 1.06184 1.05205 1.05742 1.04641 1.05957
1.70802 1.68328 1.69665 1.7074 1.70469 1.69271 1.68725 1.66637 1.62664 1.63767 1.64262 1.64566 1.65297 1.65942 1.66584 1.65577 1.66895 1.66149 1.64376 1.68484 1.69722 1.66366 1.65934 1.60743 1.59702 1.53971 1.4852 1.46422 1.3978 1.40081 1.39973 1.31945 1.29174 1.2402 1.24951 1.23037 1.19156 1.19814 1.19622 1.19466 1.22774 1.23778 1.23596 1.22689 1.21962 1.21339 1.21395 1.23597 1.2791 1.25354 1.22451 1.22869 1.22193 1.2073 1.18004 1.14686 1.12945 1.17151 1.18327 1.16824 1.15348 1.16891 1.17239 1.15919 1.14304 1.14564 1.13252 1.14092
1.67048 1.67081 1.69024 1.70561 1.73249 1.75421 1.7549 1.74468 1.74045 1.72714 1.77162 1.81073 1.80835 1.81566 1.86711 1.9054 1.95034 1.95089 1.98034 1.93821 1.99937 1.98598 1.98094 1.99429 1.91022 1.94078 1.91022 1.90084 1.88825 1.90674 1.76022 1.7853 1.72824 1.72711 1.59783 1.6264 1.5537 1.55032 1.53104 1.55774 1.57935 1.5476 1.52995 1.52872 1.56102 1.6096 1.57862 1.56362 1.55774 1.57294 1.57561 1.5231 1.44539 1.39402 1.38031 1.3689 1.41001 1.43537 1.43417 1.42165 1.40633 1.40981 1.41724 1.43228 1.43735 1.45538 1.46735 1.46941
1.691 1.70459 1.72534 1.72333 1.72967 1.76003 1.77908 1.76661 1.81664 1.85138 1.87058 1.94922 1.98992 2.0285 2.05498 2.08558 2.10911 2.12915 2.19535 2.14474 2.21055 2.19535 2.19156 2.21389 2.1957 2.16905 2.18569 2.15716 2.09388 2.09724 2.10194 2.02028 2.00999 1.97068 1.9285 1.85681 1.8635 1.83691 1.82896 1.836 1.81672 1.86012 1.8049 1.74565 1.76457 1.75186 1.73279 1.69818 1.75383 1.74184 1.77877 1.77232 1.74959 1.68699 1.67979 1.63095 1.62226 1.64267 1.727 1.75837 1.7112 1.72166 1.74631 1.80243 1.76683 1.75498 1.72629 1.67571
1.77578 1.75567 1.72692 1.72894 1.72982 1.75339 1.84359 1.9179 1.99496 2.04266 2.07025 2.1208 2.15504 2.19627 2.2304 2.25049 2.22406 2.3 2.27354 2.28695 2.31096 2.28562 2.25939 2.29662 2.28808 2.23278 2.22363 2.26032 2.20189 2.15163 2.15648 2.13418 2.09672 2.08325 2.09002 2.08286 2.08697 2.07257 1.99745 2.00255 1.99883 1.9849 1.98668 2.00197 2.01868 2.00334 2.02333 1.94693 1.92696 1.86405 1.84846 1.79172 1.80872 1.74624 1.79628 1.78277 1.82791 1.89879 1.97089 1.94161 1.95972 1.98049 1.92851 1.92059 1.90101 1.91373 1.90092 1.85
1.81941 1.88406 1.94777 1.99318 2.03902 2.11691 2.1556 2.23652 2.24658 2.26687 2.30188 2.29386 2.30478 2.34799 2.3297 2.3063 2.32225 2.36837 2.35065 2.29811 2.3367 2.34801 2.34879 2.30524 2.32446 2.35673 2.29429 2.25169 2.24778 2.22498 2.20181 2.16592 2.15014 2.18746 2.18603 2.16235 2.16639 2.21264 2.20658 2.18093 2.19636 2.19803 2.20834 2.20091 2.22321 2.22415 2.21542 2.15763 2.1058 2.02069 1.99694 1.95619 1.97285 1.9253 2.00047 2.01511 2.04439 2.07523 2.0997 2.12011 2.10951 2.1272 2.07181 2.09752 2.0661 2.03429 2.02108 2.03504
2.10254 2.15323 2.16651 2.23407 2.26808 2.2767 2.34477 2.37077 2.38495 2.40385 2.43261 2.45961 2.41066 2.48533 2.46813 2.45336 2.43342 2.44088 2.45465 2.40827 2.37117 2.39481 2.41545 2.41562 2.35358 2.3759 2.38798 2.40082 2.34601 2.31501 2.34706 2.33239 2.33188 2.26556 2.2546 2.29112 2.2644 2.25605 2.23188 2.27148 2.28455 2.36514 2.34663 2.35063 2.3471 2.33894 2.31204 2.24247 2.16105 2.09098 2.0178 2.00555 2.02874 2.04978 2.09439 2.08489 2.13178 2.11035 2.1784 2.1572 2.23267 2.1989 2.21463 2.17061 2.14024 2.09597 2.06993 2.10087
2.32381 2.31603 2.32432 2.34874 2.35563 2.37183 2.37952 2.44267 2.43964 2.43874 2.46869 2.50767 2.48912 2.453 2.48767 2.50979 2.4972 2.46668 2.45671 2.47972 2.48213 2.4531 2.44987 2.46951 2.48903 2.49453 2.42808 2.40658 2.41264 2.39663 2.35254 2.30998 2.33427 2.34747 2.3467 2.31934 2.31217 2.33531 2.3911 2.40662 2.45736 2.472 2.52695 2.61371 2.66655 2.7127 2.66742 2.57793 2.46895 2.36292 2.23727 2.14134 2.09844 2.10049 2.11962 2.05774 2.0998 2.03665 2.09875 2.05194 2.10641 2.08796 2.16108 2.11404 2.14402 2.12517 2.17508 2.16161
2.33411 2.39868 2.38763 2.38091 2.41497 2.43612 2.39195 2.43937 2.45131 2.48558 2.45776 2.46648 2.49307 2.47846 2.4214 2.43805 2.43466 2.46953 2.44896 2.41074 2.4345 2.47618 2.49505 2.47686 2.44228 2.47587 2.48956 2.47754 2.42362 2.45466 2.51166 2.50292 2.50563 2.51497 2.51535 2.60166 2.65972 2.66974 2.6855 2.68125 2.72075 2.78917 2.84104 2.89174 2.89222 2.85415 2.77693 2.74106 2.67707 2.61455 2.56057 2.50516 2.43579 2.36787 2.28074 2.17342 2.05713 1.97962 1.93657 1.93096 1.86525 1.9138 1.90886 1.92104 1.98703 2.0161 2.02714 2.1105
2.38447 2.37455 2.41424 2.45986 2.47232 2.50433 2.54135 2.59446 2.5701 2.58738 2.59801 2.59676 2.53462 2.5399 2.54699 2.51792 2.47274 2.50645 2.52688 2.53232 2.52401 2.49017 2.55264 2.58562 2.59478 2.56649 2.56575 2.60969 2.6191 2.59543 2.56358 2.62832 2.66823 2.67894 2.67835 2.66225 2.66818 2.71638 2.77063 2.81681 2.82471 2.85234 2.84074 2.83602 2.85582 2.85185 2.84068 2.80391 2.75759 2.7542 2.74103 2.73158 2.72321 2.68109 2.59233 2.52723 2.43948 2.36849 2.28318 2.21224 2.14011 2.07506 2.02494 1.98581 1.92155 1.91949 1.9267 1.93787
2.35425 2.40009 2.39105 2.40439 2.45702 2.52829 2.52894 2.58161 2.6113 2.58884 2.53149 2.57026 2.52222 2.48555 2.45209 2.4672 2.49495 2.45487 2.46702 2.52982 2.54675 2.56409 2.54186 2.58836 2.6551 2.65828 2.61619 2.68614 2.7216 2.71886 2.70655 2.70428 2.73038 2.75783 2.77139 2.73377 2.7017 2.74081 2.76898 2.80368 2.82299 2.86539 2.89891 2.87179 2.82855 2.84621 2.87294 2.8824 2.8269 2.80383 2.78176 2.81283 2.79551 2.76591 2.75105 2.67837 2.61847 2.5788 2.5496 2.54998 2.51603 2.46993 2.39884 2.31692 2.23077 2.13812 2.0324 1.93118
