benchmarks/avaInclinedPlane/release1IP_entres_ref_0.155_ppr.asc
ncols         1000
nrows         400
xllcenter     1000
yllcenter     -5000
cellsize      5
NODATA_value  -9999
[rows 186 to 216 of 400, columns 140 to 209 of 1000]
136.468 137.054 137.518 138.07 138.671 139.188 140.266 141.402 142.594 143.755 144.964 146.211 147.513 148.759 150.051 151.344 152.639 153.926 155.2 156.434 157.677 159.04 161.267 163.577 165.787 167.915 170.123 172.676 175.328 178.043 180.778 184.447 187.882 191.493 195.296 198.516 202.034 204.948 207.347 209.548 211.374 212.672 213.318 216.629 215.488 214.094 212.826 211.542 210.147 212.147 210.178 206.37 202.866 199.201 195.559 191.897 188.083 184.114 179.954 177.756 178.767 179.643 180.539 181.446 182.222 182.87 183.62 184.228 184.692 185.021
137.465 138.009 138.46 139.051 139.622 140.262 141.423 142.575 143.785 144.956 146.152 147.432 148.728 150.035 151.323 152.637 153.973 155.292 156.6 157.873 159.111 160.494 162.785 165.09 167.229 169.286 171.418 173.744 176.172 178.713 181.308 184.767 188.329 191.772 195.993 199.594 203.422 206.832 209.645 212.392 214.579 216.384 217.568 218.879 219.199 218.852 217.862 217.067 218.178 216.029 213.298 210.497 207.846 205.214 202.506 203.401 198.176 193.622 188.962 184.277 181.342 182.273 183.233 184.111 184.857 185.507 186.241 186.845 187.334 187.765
137.333 137.922 138.531 139.111 140.209 141.387 142.536 143.724 144.873 146.112 147.281 148.487 149.737 151.097 152.406 153.74 155.07 156.42 157.734 159.02 160.311 161.729 164.004 166.298 168.411 170.38 172.475 174.613 176.841 179.222 181.718 184.903 188.541 191.927 196.32 200.203 204.341 208.178 211.44 214.597 217.179 219.66 221.452 223.335 223.74 223.32 223.034 223.444 222.325 220.344 217.995 215.473 213.369 212.145 208.82 205.004 200.811 196.424 192.022 187.655 183.257 183.943 184.911 185.757 186.581 187.427 188.176 188.854 189.404 189.982
136.321 137.471 138.606 139.746 140.884 142.031 143.189 144.372 145.544 146.767 147.948 149.19 150.456 151.789 153.157 154.471 155.82 157.194 158.515 159.83 161.143 162.592 164.879 167.188 169.311 171.217 173.255 175.241 177.274 179.48 181.834 184.789 188.504 191.985 196.461 200.603 204.742 208.88 212.206 215.724 218.371 221.031 222.943 224.839 225.64 225.464 225.571 225.806 224.692 222.778 221.002 219.258 218.188 215.345 211.799 208.103 204.352 200.609 196.888 193.075 189.085 185.93 185.835 186.605 187.352 188.13 188.875 189.714 190.49 191.128
136.78 137.919 139.13 140.265 141.451 142.655 143.824 145.016 146.224 147.415 148.597 149.827 150.995 152.292 153.617 154.945 156.295 157.599 158.932 160.242 161.52 162.957 165.232 167.536 169.674 171.614 173.665 175.579 177.509 179.595 181.863 184.732 188.432 191.902 196.334 200.542 204.757 209.081 212.753 216.508 219.649 222.581 225.019 226.712 227.333 227.419 228.952 227.799 226.431 224.794 223.285 223.15 220.187 216.942 213.535 210.177 206.966 205.795 201.624 197.27 192.597 187.77 186.702 187.148 187.721 188.328 189.003 189.661 190.358 191.13
136.949 138.069 139.257 140.464 141.633 142.845 144.022 145.249 146.436 147.637 148.801 150.035 151.192 152.525 153.841 155.202 156.519 157.874 159.215 160.494 161.791 163.218 165.438 167.718 169.824 171.872 173.862 175.738 177.65 179.687 181.868 184.854 188.435 191.8 196.421 200.544 205.092 209.337 213.308 217.019 220.574 223.218 225.825 227.329 227.741 228.474 228.779 227.869 226.584 225.218 224.041 222.423 219.829 216.757 213.762 210.797 208.05 205.247 201.319 196.858 192.187 187.44 188.027 188.474 188.838 189.117 189.535 189.905 190.287 190.819
136.509 137.637 138.816 140.018 141.215 142.416 143.641 144.857 146.061 147.262 148.443 149.73 151.043 152.374 153.744 155.032 156.288 157.628 158.874 160.104 161.345 162.748 164.924 167.135 169.378 171.606 173.644 175.573 177.509 179.538 181.78 185.179 188.535 192.329 196.684 200.698 205.405 209.206 213.494 216.865 220.296 223.008 224.984 226.088 226.652 227.681 227.328 226.112 224.881 223.96 222.79 220.832 218.047 215.156 212.478 209.806 207.596 204.162 199.979 195.481 190.846 188.473 189.627 190.154 190.515 190.782 190.948 191.127 191.464 192.171
135.543 136.707 137.916 139.078 140.277 141.455 142.684 143.846 145.084 146.355 147.654 148.988 150.364 151.689 152.985 154.308 155.583 156.804 158.049 159.228 160.356 161.693 163.902 166.388 168.712 170.924 173.008 175.009 177.02 179.049 182.055 185.162 188.321 192.531 196.251 200.758 204.695 208.853 212.361 215.489 218.062 220.212 221.533 222.371 223.203 223.652 223.177 221.986 221.05 220.516 219.248 217.012 214.636 212.078 209.609 207.216 204.697 201.419 197.467 193.318 188.875 189.266 190.287 190.958 191.733 192.15 192.462 192.702 193.299 194.285
134.205 135.31 136.482 137.637 138.83 140.02 141.276 142.517 143.768 145.037 146.32 147.608 148.954 150.266 151.566 152.842 154.06 155.282 156.475 157.572 158.692 160.156 162.62 165.084 167.416 169.626 171.757 173.849 176.07 178.925 181.797 184.709 188.538 192.026 195.997 199.75 203.358 206.757 209.357 211.813 213.79 215.289 216.42 217.23 217.774 217.668 217.085 216.278 216.048 215.39 213.777 211.571 209.449 207.395 205.166 202.925 200.962 197.868 194.154 190.155 190.396 191.213 192.295 192.94 193.774 194.065 194.266 194.536 194.782 195.404
135.201 135.832 136.289 136.654 136.914 138.025 139.212 140.369 141.56 142.783 143.986 145.227 146.517 147.772 149.006 150.226 151.44 152.639 153.96 155.281 156.599 158.073 160.437 162.897 165.249 167.502 169.898 172.536 175.215 177.884 181.015 184.389 187.531 191.392 194.736 198.117 201.168 203.531 205.63 207.352 208.591 209.509 210.072 210.465 210.714 210.639 210.176 210.123 209.887 208.846 207.205 205.133 203.142 201.305 199.254 197.056 197.391 194.23 190.594 190.971 191.952 192.834 193.811 194.263 194.9 195.256 195.446 195.899 196.215 196.587
135.979 136.38 136.859 137.427 137.999 138.374 138.771 139.052 139.358 139.783 140.972 142.21 143.506 144.79 146.065 147.358 148.662 149.947 151.231 152.502 153.771 155.196 157.605 160.34 162.998 165.628 168.236 170.803 173.853 176.911 179.825 183.343 186.53 189.809 192.823 195.318 197.464 199.392 200.858 201.914 202.578 203.079 203.382 203.467 203.467 203.254 203.061 203.008 202.391 201.247 199.686 197.828 196.009 194.145 192.159 189.99 190.508 191.484 192.433 193.04 193.66 194.337 195.329 195.981 196.22 196.341 196.665 197.365 197.725 197.93
136.139 136.563 136.85 137.138 137.585 138.112 138.635 139.089 139.452 139.764 139.909 140.22 140.744 141.958 143.272 144.631 145.967 147.34 148.694 150.045 151.431 152.997 155.551 158.376 161.309 164.221 167.105 170.247 173.487 176.533 179.808 182.859 185.518 187.942 190.046 191.735 193.077 194.105 194.828 195.226 195.556 195.784 195.904 195.884 195.814 195.751 195.322 194.524 193.434 192.103 190.658 189.149 187.923 188.827 189.758 190.748 191.65 192.825 194.153 195.063 195.638 196.045 196.857 197.778 198.32 198.574 198.763 198.866 199.408 199.71
135.247 135.628 135.96 136.225 136.434 136.95 137.425 137.873 138.188 138.409 138.491 138.746 139.432 140.672 141.906 143.19 144.406 145.686 147.015 148.344 149.913 151.861 154.791 157.943 161.125 164.751 168.298 171.892 175.432 178.524 181.251 183.569 185.413 186.848 187.923 188.711 189.242 189.539 189.623 189.583 189.553 189.515 189.381 189.054 188.477 187.693 186.753 185.677 185.727 186.456 187.171 188.067 188.83 189.556 190.222 191.191 192.306 193.321 194.199 195.095 196.173 196.95 197.688 198.27 198.736 199.416 199.975 200.362 200.613 200.797
133.257 133.499 133.775 133.799 134.288 134.65 134.975 135.22 135.288 136.333 137.535 138.727 139.971 141.159 142.303 143.491 144.687 146.008 147.426 149.192 151.069 153.304 156.636 160.525 164.594 168.472 172.529 175.969 178.801 181.215 183.056 184.399 185.342 185.988 186.334 186.44 186.353 186.088 185.637 185.007 184.242 183.361 182.381 181.305 181.799 182.836 183.757 184.58 185.293 186.187 187.184 188.055 188.763 189.381 190.301 191.274 192.159 192.98 193.884 195.223 196.176 196.809 197.321 198.202 199.025 199.758 200.278 201.084 202.005 202.866
129.775 129.926 130.286 131.104 132.169 133.26 134.358 135.427 136.495 137.583 138.682 139.817 140.907 141.993 143.127 144.319 145.639 147.143 148.885 150.792 153.247 155.974 159.739 164.024 168.258 171.988 175.348 178.208 180.51 182.351 183.664 184.53 185.004 185.141 184.987 184.574 183.933 183.092 182.069 180.882 179.551 178.988 179.776 180.826 181.783 182.621 183.351 183.988 184.654 185.628 186.53 187.337 188.014 188.758 189.795 190.681 191.477 192.229 193.411 194.498 195.341 195.906 196.676 197.584 198.351 199.147 200.489 201.613 202.668 203.998
128.669 129.614 130.59 131.545 132.555 133.55 134.577 135.636 136.703 137.77 138.85 139.941 141.053 142.134 143.335 144.698 146.319 148.193 150.334 152.631 155.047 158.313 162.508 166.796 171.032 174.582 177.727 180.211 182.079 183.407 184.24 184.645 184.684 184.46 183.98 183.204 182.185 180.956 179.537 177.941 177.605 178.654 179.752 180.74 181.622 182.391 183.047 183.6 184.454 185.347 186.173 186.904 187.512 188.2 189.173 190.024 190.789 191.454 192.522 193.46 194.23 194.833 195.523 196.531 197.418 198.328 200.117 201.652 203.026 205.561
132.628 133.232 133.967 134.465 135.015 135.492 135.865 136.235 136.627 137.771 138.834 139.921 141.032 142.188 143.495 144.982 146.725 148.692 150.859 153.659 156.556 159.524 163.768 168.218 172.03 175.417 178.186 180.256 181.904 182.981 183.568 183.737 183.543 183.039 182.295 181.339 180.19 178.887 177.451 175.893 176.702 177.729 178.902 179.954 180.871 181.687 182.378 182.951 183.775 184.669 185.466 186.154 186.742 187.222 188.063 188.929 189.708 190.387 190.937 191.923 192.756 193.464 194.073 194.89 196.064 197.204 198.782 200.773 202.47 204.872
136.581 137.162 137.633 138.055 138.516 138.851 139.11 139.447 139.922 140.351 140.792 141.18 141.602 141.999 142.933 144.531 146.392 148.832 151.4 154.087 156.747 159.91 163.966 167.904 171.43 174.448 176.906 178.881 180.306 181.216 181.673 181.741 181.473 180.907 180.096 179.07 177.854 176.508 175.046 173.769 174.78 175.664 176.538 177.734 178.803 179.82 180.732 181.49 182.128 183.061 184.005 184.833 185.558 186.181 186.696 187.544 188.438 189.209 189.845 190.36 191.099 191.98 192.781 193.514 194.341 195.755 197.118 198.659 200.564 202.133
139.788 140.12 140.508 140.935 141.496 142.083 142.517 143.124 143.477 144.007 144.283 144.668 145.054 145.327 145.776 146.062 146.648 147.954 150.336 153.183 156.213 159.073 162.831 166.776 170.005 172.764 174.948 176.615 177.817 178.599 178.993 179.037 178.791 178.293 177.582 176.677 175.604 174.687 173.812 172.613 172.005 173.02 173.97 174.852 175.614 176.402 177.523 178.582 179.596 180.49 181.235 181.881 182.958 183.93 184.777 185.493 186.103 186.96 187.9 188.705 189.422 190.055 190.949 192.025 193.016 193.935 195.08 196.614 197.994 199.175
142.549 143.115 143.686 144.251 144.733 145.27 145.725 146.232 146.612 147.025 147.328 147.715 148.057 148.415 149.011 149.236 150.069 150.835 151.602 152.2 154.723 157.612 161.319 164.908 168.001 170.409 172.263 173.612 174.523 175.088 175.341 175.312 175.067 174.649 174.085 173.381 172.487 171.392 170.782 167.742 167.885 168.741 169.673 170.796 171.79 172.691 173.518 174.307 175.143 176.045 177.299 178.403 179.382 180.248 181.023 181.841 182.939 183.921 184.865 185.759 186.619 187.833 189.061 190.177 191.259 192.301 193.752 195.182 196.528 197.807
145.139 145.67 146.123 146.631 147.094 147.511 148.056 148.555 149.092 149.542 150.003 150.483 150.9 151.564 152.2 152.903 153.551 154.337 155.142 155.919 156.567 157.602 158.795 161.705 164.506 166.706 168.305 169.355 169.967 170.204 170.195 170.016 169.769 169.481 169.734 170.116 171.601 171.033 171.607 171.95 172.097 172.111 172.3 172.556 172.702 172.712 172.584 172.748 172.801 172.735 172.768 173.949 175.133 176.238 177.307 178.355 179.442 180.844 182.313 183.82 185.352 186.922 188.574 190.338 192.205 194.157 196.149 198.198 200.274 202.331
146.907 147.459 148.028 148.613 149.219 149.758 150.418 150.983 151.54 152.077 152.594 153.262 153.674 154.528 155.124 156.007 156.813 157.599 158.456 159.337 160.109 161.016 162.438 163.839 165.177 166.518 167.757 168.897 169.936 171.014 172.194 173.137 173.992 174.756 175.427 175.977 176.869 177.571 178.135 178.525 178.896 179.561 180.017 180.296 180.816 181.442 181.796 181.819 182.198 182.339 182.512 183.081 183.299 183.883 184.305 185.186 186.322 187.521 189.083 191.055 193.141 195.352 197.645 199.779 202.027 204.128 206.163 208.289 210.085 212.166
147.8 148.442 148.9 149.511 150.062 150.638 151.338 151.8 152.427 152.938 153.708 154.494 155.312 156.219 156.813 157.847 158.525 159.855 160.75 161.983 163.09 164.256 165.499 166.784 168.383 170.035 171.512 172.887 174.162 175.273 176.2 177.47 178.627 179.672 180.553 181.238 182.345 183.317 184.091 184.64 185.614 186.349 186.807 187.194 188.046 188.624 188.98 189.872 190.436 190.974 191.889 192.463 193.478 194.147 195.306 196.354 197.65 199.122 200.455 202.193 203.78 205.591 207.206 209.06 210.738 212.687 214.232 216.22 217.765 219.486
148.087 148.733 149.384 150.044 150.687 151.378 152.017 152.609 153.257 153.826 154.874 155.699 156.643 157.625 158.498 159.243 159.92 161.11 161.977 162.969 163.945 165.398 167.073 168.763 170.373 171.874 173.269 175.072 176.735 178.233 179.54 180.638 181.964 183.339 184.504 185.461 186.239 187.542 188.59 189.36 190.089 191.169 191.954 192.456 193.404 194.1 194.507 195.458 196.19 196.913 197.879 198.537 199.696 200.534 201.798 202.837 204.152 205.341 206.753 208.098 209.608 211.032 212.692 214.267 216.056 217.633 219.31 221.001 222.227 224.092
147.108 147.835 148.524 149.214 149.906 150.661 151.266 152.039 152.722 153.538 154.471 155.402 156.354 157.269 158.019 159.07 159.965 161.221 162.373 163.206 164.402 165.729 167.394 169.025 170.917 172.911 174.719 176.372 177.856 179.296 181.021 182.539 183.845 184.929 186.084 187.436 188.554 189.431 190.479 191.631 192.488 193.153 194.252 195.055 195.567 196.594 197.408 198.013 199.115 199.909 200.842 201.912 202.763 204.11 205.15 206.564 207.79 209.074 210.472 211.711 213.167 214.472 216.044 217.551 219.303 220.502 222.061 223.647 224.616 226.227
144.847 145.612 146.351 147.072 147.791 148.599 149.199 150.08 150.785 151.59 152.529 153.528 154.684 155.757 156.623 157.654 158.646 159.8 161.031 161.844 163.075 164.333 166.062 168.305 170.358 172.249 173.958 175.493 177.324 179.101 180.661 182.01 183.188 184.791 186.144 187.245 188.162 189.475 190.525 191.311 192.235 193.258 194.016 194.674 195.699 196.474 197.181 198.286 199.132 200.296 201.459 202.63 204.065 205.288 206.902 208.181 209.834 211.207 212.651 214.032 215.114 216.569 217.891 219.07 220.69 221.766 222.502 224.164 225.081 225.654
141.031 141.754 142.586 143.445 144.273 145.121 146.027 146.914 147.861 148.723 149.691 150.558 151.928 152.632 153.876 154.438 155.772 156.691 158.081 158.83 159.79 161.098 163.339 165.549 167.577 169.435 171.173 173.195 175.024 176.659 178.09 179.523 181.145 182.549 183.727 184.835 186.187 187.298 188.162 189.138 190.219 191.069 191.794 192.918 193.808 194.593 195.796 196.769 198.042 199.342 200.782 202.35 203.919 205.648 207.084 208.896 210.508 212.041 213.558 214.632 215.463 216.797 217.986 218.813 219.968 221.148 221.783 222.451 223.766 224.484
135.367 136.098 136.792 137.938 138.832 139.92 140.831 141.716 142.739 143.743 144.492 145.486 146.564 147.378 148.69 149.786 150.629 151.795 152.928 153.728 154.702 156.06 158.33 160.557 162.545 164.39 166.496 168.41 170.154 171.722 173.309 175.041 176.565 177.885 179.275 180.735 181.977 183.003 184.176 185.372 186.37 187.344 188.588 189.643 190.69 192.022 193.173 194.545 196.003 197.511 199.269 200.854 202.725 204.325 205.861 207.594 209.132 210.386 212.084 213.264 214.202 215.119 216.492 217.381 217.949 219.029 220 220.546 221.099 222.31
127.624 128.282 128.965 129.928 130.668 131.9 132.537 133.622 134.561 135.715 136.392 137.713 138.481 139.709 140.986 142.262 143.079 144.037 145.234 146.296 147.369 148.753 150.841 153.106 155.232 157.442 159.451 161.344 163.183 165.139 166.98 168.657 170.296 172.002 173.549 174.896 176.391 177.829 179.133 180.318 181.766 183.096 184.298 185.778 187.228 188.538 190.062 191.611 193.067 194.959 196.694 198.486 200.334 201.879 203.192 204.853 206.395 207.712 208.889 210.485 211.595 212.381 213.152 214.486 215.349 215.635 216.264 217.218 217.798 217.899
122.632 123.541 124.549 125.502 126.493 127.389 128.389 129.321 130.287 131.214 132.159 133.121 134.05 135.048 136.085 137.125 138.213 139.285 140.348 141.432 142.511 143.812 145.898 148.153 150.306 152.402 154.444 156.366 158.229 160.032 161.761 163.466 165.099 166.696 168.268 169.803 171.288 172.726 174.135 175.507 176.992 178.569 180.109 181.585 183.302 184.986 186.578 188.052 189.802 191.6 193.299 194.729 196.658 198.218 199.554 200.669 202.105 203.663 204.996 205.973 207.244 208.457 209.195 209.641 210.174 211.031 211.615 211.802 212.364 213.244
126.721 127.524 128.308 129.087 129.943 130.796 131.591 132.436 133.271 134.075 134.906 135.746 136.579 137.413 138.236 139.089 139.963 140.795 141.705 142.53 143.395 144.47 146.402 148.456 150.405 152.289 154.099 155.795 157.425 158.975 160.433 161.837 163.167 164.473 165.748 166.996 168.191 169.499 170.903 172.318 173.722 175.104 176.475 178.054 179.663 181.143 182.553 183.894 185.257 186.912 188.51 189.911 191.215 192.588 194.228 195.599 196.78 197.681 199.129 200.413 201.347 202.014 202.75 203.739 204.41 204.774 204.85 205.615 206.232 206.501
