benchmarks/avaInclinedPlane/release1IP_entres_ref_0.155_pv.asc
ncols         1000
nrows         400
xllcenter     1000
yllcenter     -5000
cellsize      5
NODATA_value  -9999
[rows 186 to 216 of 400, columns 420 to 489 of 1000]
27.5715 27.3819 27.1988 26.9261 26.6956 26.4435 26.2479 25.9311 25.6269 25.3924 25.0156 24.6764 24.3333 23.9411 24.0597 24.0351 23.8829 23.7914 23.7636 23.7913 23.8464 23.9324 24.1225 24.3051 24.3871 24.3342 24.331 24.2889 24.3015 24.2504 24.1561 24.0346 23.9673 24.046 24.1246 24.1947 24.3805 24.5302 24.6531 24.6599 24.6485 24.7206 24.8219 24.8647 24.7665 24.6447 24.6092 24.6552 24.7084 24.7713 24.8192 24.7837 24.736 24.7443 24.7009 24.7154 24.6793 24.6741 24.722 24.7155 24.6111 24.7014 24.8476 24.9445 24.7452 24.7221 24.7714 24.7855 24.7397 24.7722
27.6626 27.5033 27.3 27.0963 26.8769 26.6128 26.33 26.0235 25.7475 25.4266 25.1269 24.7514 24.4405 24.0403 24.19 24.3194 24.2223 24.0987 23.9604 23.9246 23.9311 24.0495 24.2577 24.4702 24.619 24.6011 24.5211 24.4969 24.5628 24.5872 24.4554 24.307 24.1645 24.1779 24.2931 24.4686 24.6121 24.7242 24.8474 24.8511 24.93 25.1578 25.3423 25.3105 25.0817 24.8374 24.7694 24.7511 24.7856 24.8773 24.9652 24.9922 24.906 24.9198 24.8315 24.8186 24.9346 25.0723 25.2087 25.2959 25.2152 25.1971 25.2195 25.1494 25.0038 24.8777 24.8533 24.9461 25.0942 25.2267
27.6085 27.0542 27.0886 27.0795 27.0563 26.8394 26.3248 26.1576 25.9141 25.4099 25.1778 24.8876 24.456 24.2065 24.38 24.5598 24.5557 24.4056 24.2493 24.2182 24.2366 24.2675 24.3549 24.4376 24.5705 24.5724 24.621 24.6651 24.7733 24.8467 24.7195 24.5369 24.3817 24.3085 24.3728 24.5537 24.6882 24.734 24.8819 24.9792 25.03 25.2541 25.4658 25.5099 25.2784 25.1183 24.9327 24.8794 24.8791 24.914 25.0471 25.1547 25.177 25.1114 25.0365 25.0838 25.2208 25.3756 25.4651 25.5499 25.5306 25.463 25.4248 25.2765 25.1625 25.0148 24.8955 24.9597 25.1518 25.3331
25.0353 24.9229 24.8018 24.681 24.6787 26.1936 25.7459 25.6617 25.3976 25.0855 24.788 24.5279 24.3301 24.3228 24.4368 24.5508 24.5377 24.4653 24.3609 24.3228 24.2945 24.2367 24.2881 24.2971 24.359 24.474 24.6023 24.7204 24.7997 24.8293 24.7249 24.5653 24.4226 24.2969 24.315 24.447 24.5703 24.6073 24.7814 24.9736 25.0928 25.1865 25.3307 25.3621 25.2388 25.1854 25.0313 24.9357 24.91 24.965 25.0673 25.1641 25.1959 25.1226 25.1766 25.3625 25.5744 25.6945 25.6113 25.7031 25.7365 25.6416 25.6278 25.531 25.326 25.1766 25.0173 24.9804 25.118 25.314
24.222 24.096 23.9477 23.8547 23.8123 23.8033 23.8355 23.8592 23.8899 24.2929 24.3797 24.3432 24.4733 24.4501 24.5348 24.5793 24.5605 24.5043 24.393 24.2786 24.1944 24.1514 24.2519 24.3351 24.4371 24.5478 24.7227 24.8046 24.8128 24.7393 24.6466 24.5359 24.3994 24.2772 24.2695 24.3361 24.4195 24.4561 24.6058 24.8309 25.0444 25.1232 25.1932 25.1431 25.1302 25.1035 25.0533 24.9738 24.9745 25.049 25.1101 25.128 25.1248 25.082 25.1696 25.3985 25.7053 25.8917 25.8169 25.7981 25.8826 25.7606 25.6979 25.5896 25.3305 25.1758 25.018 24.9602 25.0815 25.269
23.6313 23.6508 23.6079 23.6501 23.6789 23.6981 23.7419 23.7679 23.904 24.1351 24.4127 24.5714 24.5893 24.6054 24.6222 24.6312 24.597 24.4845 24.3524 24.1717 24.0583 24.0317 24.194 24.4096 24.632 24.8 24.8117 24.8047 24.7266 24.6572 24.5554 24.4698 24.3619 24.2308 24.1812 24.1685 24.2181 24.2679 24.3698 24.5956 24.8724 25.0032 25.0475 25.0133 25.0334 24.9904 24.9574 24.9171 24.9058 24.9144 24.9591 24.9382 24.8597 24.8138 24.8685 25.0577 25.3274 25.5516 25.6718 25.7249 25.8061 25.7412 25.5975 25.3767 25.1307 24.9226 24.7977 24.7993 24.9246 25.1488
23.657 23.6736 23.6873 23.6882 23.7332 23.7867 23.9175 24.0779 24.1964 24.3252 24.4627 24.5217 24.5269 24.5241 24.5227 24.5404 24.4674 24.3665 24.2224 24.02 23.8698 23.8237 23.9827 24.2626 24.591 24.8972 24.8342 24.6842 24.5683 24.5081 24.406 24.3529 24.2322 24.1226 24.0351 23.9881 24.0336 24.0853 24.1858 24.377 24.6713 24.8274 24.8764 24.914 24.976 24.9309 24.896 24.833 24.7716 24.7845 24.7797 24.6933 24.6342 24.5724 24.5881 24.7357 24.9609 25.2645 25.5613 25.6653 25.6659 25.558 25.369 25.1176 24.8765 24.6932 24.61 24.5666 24.6396 24.8011
23.629 23.5924 23.5635 23.5627 23.5911 23.6967 23.9691 24.2262 24.3771 24.2714 24.2426 24.2415 24.3174 24.3036 24.3347 24.3548 24.2682 24.1892 24.0342 23.8253 23.6478 23.5847 23.6931 23.9351 24.2954 24.6392 24.7223 24.5291 24.4228 24.3576 24.2995 24.2617 24.1296 24.0411 23.9444 23.9424 23.9619 23.9882 24.0274 24.1577 24.3134 24.4426 24.5402 24.7043 24.8428 24.8958 24.8277 24.7186 24.6593 24.582 24.4783 24.3899 24.275 24.2123 24.2533 24.3736 24.5642 24.878 25.1628 25.3071 25.1264 24.9604 24.7645 24.5551 24.3952 24.3027 24.2459 24.2771 24.3025 24.3951
23.7225 23.6234 23.5697 23.5201 23.5252 23.5753 23.8061 24.0939 24.2731 24.1942 24.1908 24.1751 24.2133 24.1976 24.2109 24.1985 24.0662 23.9845 23.787 23.6424 23.4744 23.4465 23.4884 23.6138 23.8872 24.1778 24.3106 24.206 24.1504 24.0842 24.0551 24.0335 23.9944 23.942 23.9191 23.9348 23.9019 23.9138 23.8928 23.8608 23.9304 24.0444 24.0858 24.241 24.5278 24.722 24.6136 24.4938 24.3104 24.215 24.093 23.9451 23.8402 23.7395 23.78 23.8683 24.0092 24.6029 24.911 24.4465 24.4351 24.3315 24.2141 24.0482 23.9772 23.9515 23.8826 23.8652 23.8188 23.8097
23.7688 23.6979 23.6126 23.5137 23.4336 23.4347 23.5464 23.7488 23.9161 23.9415 23.9435 23.885 23.8648 23.8115 23.8518 23.8297 23.7117 23.5989 23.5455 23.4324 23.3785 23.3421 23.3373 23.3965 23.4562 23.518 23.6081 23.6346 23.7082 23.6873 23.7119 23.7354 23.7538 23.8207 23.8556 23.8135 23.7453 23.6312 23.5165 23.4452 23.4631 23.5356 23.5898 23.7312 24.0219 24.2888 24.1678 23.9692 23.8258 23.8538 23.8735 23.9108 23.9571 24.9064 26.7741 26.5825 26.3413 26.0482 25.7118 25.3577 24.9143 24.5321 24.5013 23.7499 23.7093 23.3959 23.2625 23.1485 23.0597 23.016
23.7838 23.7324 23.7052 23.5037 23.3682 23.2677 23.2456 23.371 23.517 23.5335 23.4269 23.4185 23.3236 23.261 23.2658 23.2641 23.2413 23.2819 23.3673 23.4291 23.4922 23.5315 23.5695 23.6226 23.6966 23.7587 23.8173 23.8899 23.9469 24.0247 24.104 24.1696 24.1866 24.2092 24.2383 24.2805 24.3685 24.4677 24.5928 24.6567 24.7241 24.771 24.8078 24.844 24.8633 24.9212 25.0033 25.0757 26.733 26.9801 27.1463 27.1702 27.1711 27.0995 26.9781 26.7808 26.628 26.9759 26.5638 26.1621 25.7954 25.3518 24.913 24.5189 24.0548 23.7672 23.1754 23.379 22.6643 22.1273
23.41 23.4584 23.5067 23.5566 23.5857 23.6403 23.7027 23.7295 23.8025 23.8473 23.8743 23.943 24.0058 24.0512 24.1031 24.1785 24.2523 24.3191 24.3745 24.4383 24.4807 24.5372 24.5723 24.6133 24.6757 24.7271 24.8037 24.8696 24.9346 24.9677 24.9909 25.033 25.0789 25.1377 25.2138 25.2985 25.3754 25.4664 25.5838 25.7 25.8129 25.9419 26.0503 26.146 26.2484 26.3841 26.5527 26.9324 27.4875 28.04 28.3249 28.3703 28.8211 28.5015 28.1914 27.8806 27.5902 27.3551 27.0488 26.6385 26.2005 25.8797 25.5345 25.0908 24.735 24.3085 23.8399 23.4152 23.1043 23.2148
23.9145 24.0043 24.0519 24.1408 24.2332 24.3158 24.3627 24.4503 24.4786 24.5189 24.5756 24.641 24.6988 24.7519 24.8307 24.8992 24.9616 25.0103 25.0636 25.143 25.211 25.2836 25.339 25.3767 25.4036 25.4186 25.4274 25.4638 25.483 25.4895 25.5119 25.5392 25.6132 25.7327 25.8642 26.004 26.148 26.3018 26.4522 26.6053 26.7804 26.9858 27.2165 27.483 27.8083 28.1831 28.8266 29.0916 29.2434 29.2717 29.2327 29.1419 29.0209 28.8788 28.6625 28.435 28.2068 27.9728 27.5764 27.2745 26.8835 26.5184 26.7584 25.8193 25.4425 25.4647 25.2641 24.7601 24.1926 23.6538
24.2232 24.3385 24.4459 24.5495 24.6709 24.8029 24.8975 24.9397 24.9947 25.0405 25.0757 25.1313 25.2114 25.3019 25.3876 25.456 25.5008 25.543 25.6127 25.7008 25.7981 25.8564 25.8774 25.8584 25.8178 25.8017 25.7951 25.7964 25.7997 25.7951 25.8441 25.9298 26.0669 26.2605 26.488 26.7294 26.9765 27.2315 27.4901 27.7548 28.0443 28.3751 28.689 29.5553 29.8423 29.9388 29.979 29.9675 29.9113 29.8203 29.7015 29.5608 29.4042 29.2338 29.0492 28.8467 28.6351 28.342 28.0689 27.7885 27.4838 27.1692 26.8977 26.7221 26.3401 25.7555 25.3635 24.9384 24.3831 23.9342
24.4363 24.6023 24.7686 24.9088 25.0275 25.1982 25.3479 25.432 25.4447 25.4976 25.5808 25.6804 25.7628 25.8114 25.871 25.9421 25.9981 26.0513 26.1127 26.175 26.1993 26.1785 26.146 26.0793 25.9885 25.9173 25.9108 25.933 25.976 26.0275 26.1057 26.2445 26.4762 26.7884 27.1455 27.5218 27.8901 28.2392 28.6021 28.9691 29.2824 29.5701 29.8136 29.9948 30.1156 30.1854 30.2084 30.1932 30.1446 30.0663 29.9614 29.8341 29.687 29.5225 29.3376 29.1526 28.9456 28.7032 28.4394 28.167 27.8815 27.5299 27.1781 26.7451 26.3595 25.9402 25.5517 25.0053 24.5973 24.0209
24.7607 24.9815 25.1964 25.346 25.4832 25.6613 25.8356 25.9025 25.8897 25.8845 25.9597 26.0697 26.1413 26.1583 26.2033 26.2455 26.2642 26.3048 26.3482 26.3611 26.3246 26.233 26.1609 26.0495 25.9188 25.8381 25.8456 25.8993 26.0003 26.1296 26.3105 26.5961 26.955 27.367 27.8479 28.3253 28.7585 29.1442 29.4895 29.8062 30.0565 30.2505 30.496 30.5874 30.637 30.6134 30.5753 30.526 30.4536 30.362 30.2577 30.1312 29.9818 29.8174 29.6359 29.4387 29.2257 28.9946 28.642 28.3036 27.9342 27.562 27.1955 26.8596 26.4448 25.9945 25.5677 25.1354 24.6442 24.2165
25.0936 25.3281 25.5304 25.7141 25.9529 26.2302 26.4087 26.3184 26.2456 26.198 26.2614 26.3417 26.3928 26.3919 26.4181 26.4372 26.4703 26.4972 26.5127 26.4508 26.3265 26.2079 26.0716 25.8977 25.756 25.721 25.7505 25.8525 26.0055 26.1944 26.4576 26.8234 27.2723 27.8164 28.3316 28.8003 29.2363 29.6174 29.9351 30.1911 30.3944 30.5507 30.6647 30.7396 30.7792 30.7969 30.7936 30.7564 30.6906 30.5999 30.485 30.3467 30.1854 30.0021 29.7997 29.5785 29.3382 29.0967 28.8533 28.5707 28.1123 27.7186 27.3317 26.9734 26.6761 26.1466 25.6652 25.3067 24.7419 24.2572
25.4282 25.608 25.7921 26.0487 26.408 26.7487 26.8276 26.5648 26.4867 26.4407 26.4679 26.5372 26.5552 26.5308 26.5408 26.5423 26.5826 26.5962 26.5481 26.4199 26.2437 26.0991 25.9033 25.7236 25.6643 25.671 25.7407 25.8731 26.0399 26.2368 26.4955 26.8448 27.2834 27.7471 28.2984 28.7983 29.2374 29.6156 29.9448 30.2165 30.4298 30.5927 30.7114 30.791 30.8329 30.8372 30.809 30.7623 30.6988 30.6095 30.4948 30.3549 30.1899 30.0007 29.7913 29.5615 29.3164 29.0882 28.828 28.5707 28.09 27.6977 27.3064 26.9489 26.6269 26.1133 25.6509 25.2522 24.6714 24.2074
25.6461 25.741 25.9017 26.1857 26.5754 26.7718 26.7191 26.607 26.6104 26.5283 26.5551 26.6442 26.6337 26.5786 26.5893 26.5758 26.563 26.4875 26.3439 26.222 26.0755 25.8734 25.7088 25.6495 25.6769 25.7783 25.8929 26.0176 26.1846 26.4303 26.6932 26.9229 27.197 27.5209 27.9267 28.4014 28.9312 29.4077 29.7874 30.0855 30.342 30.5323 30.6691 30.7583 30.8035 30.8069 30.7743 30.7109 30.6281 30.5331 30.4112 30.2632 30.0897 29.8902 29.6654 29.4163 29.1421 28.8471 28.5232 28.1798 27.8317 27.4681 27.1248 26.7481 26.3013 25.8849 25.498 25.2326 24.4754 24.1738
25.9383 25.9218 25.974 26.1995 26.4751 26.6051 26.6099 26.6609 26.6429 26.5396 26.5851 26.6387 26.6187 26.5722 26.5335 26.4253 26.3234 26.2284 26.1156 25.9608 25.7964 25.7051 25.6292 25.6553 25.8026 25.9921 26.1339 26.238 26.4597 26.7996 27.13 27.2128 27.236 27.3401 27.61 28.0332 28.5731 29.0466 29.439 29.7791 30.0655 30.2703 30.4098 30.4936 30.5313 30.5472 30.5342 30.4844 30.3991 30.2791 30.1287 29.9676 29.7845 29.575 29.3418 29.094 28.8271 28.5499 28.2824 28.0328 27.8021 27.4837 26.7963 26.3941 26.1008 25.3542 24.9317 24.613 24.3818 23.526
25.884 25.8769 25.8659 25.9855 26.2289 26.3956 26.4996 26.5956 26.5881 26.5409 26.504 26.5402 26.5288 26.4321 26.2776 26.1446 26.0337 25.9235 25.7782 25.7059 25.6587 25.6246 25.6538 25.7969 26.0302 26.2568 26.3626 26.5235 26.8288 27.2299 27.5148 27.4341 27.2955 27.2594 27.4966 27.9111 28.4058 28.9206 29.3358 29.6842 29.993 30.2183 30.3748 30.4721 30.5109 30.5288 30.5051 30.4328 30.321 30.1764 30.0045 29.8199 29.6119 29.3861 29.1469 28.8933 28.6201 28.3345 28.0433 27.5363 27.125 26.7017 26.3358 26.2616 25.3927 24.9857 24.6452 23.8684 23.4884 22.8411
25.602 25.6159 25.6456 25.7797 25.9757 26.1392 26.2157 26.3755 26.4367 26.4577 26.3826 26.376 26.3303 26.1982 26.036 25.9004 25.7764 25.6719 25.6579 25.6637 25.6841 25.7528 25.8987 26.1423 26.3865 26.5354 26.6693 26.9501 27.3301 27.7029 27.826 27.5706 27.3379 27.2723 27.5214 27.9241 28.3282 28.7919 29.1716 29.4705 29.6939 29.8561 29.9897 30.0727 30.1134 30.113 30.0776 30.4947 30.3713 30.2134 30.027 29.8165 29.5877 29.3485 29.0984 28.5328 28.2401 27.9779 27.6441 27.2452 26.8425 26.2705 25.8125 25.3643 24.7521 24.2412 24.3139 23.7281 23.001 22.3022
25.3236 25.3678 25.4161 25.4969 25.6142 25.747 25.8209 25.9081 25.9788 26.0444 26.0762 26.0525 25.989 25.8538 25.7481 25.6497 25.5741 25.5691 25.6279 25.7155 25.8388 26.0041 26.2461 26.5085 26.6756 26.8188 27.035 27.2504 27.5164 27.698 27.6654 27.4888 27.3701 27.4056 27.6878 28.0638 28.4437 28.8454 29.1409 29.3613 29.5229 29.666 29.7555 29.7943 29.7958 29.7671 29.7101 29.6251 29.5054 29.3541 29.2236 29.0447 28.7974 28.5528 28.6232 28.326 27.9881 27.6293 26.8016 26.568 26.1111 25.6952 25.0038 24.475 23.7715 23.2086 22.5051 21.774 21.1359 20.3944
25.3068 25.3153 25.2908 25.2607 25.299 25.3401 25.3793 25.4134 25.4981 25.5906 25.6641 25.683 25.6304 25.5546 25.4999 25.4539 25.4328 25.472 25.5716 25.7087 25.884 26.0953 26.3579 26.5786 26.7138 26.9168 27.158 27.1573 27.2015 27.3339 27.472 27.5658 27.6922 27.8654 28.1524 28.4571 28.7188 28.9267 29.1093 29.243 29.3306 29.3821 29.4043 29.4001 29.4001 29.4616 29.4647 29.4101 29.2873 29.119 28.904 28.3177 28.013 27.7051 27.4573 27.1193 26.6974 26.2261 26.521 25.6348 25.4384 24.9223 24.2174 23.638 22.9001 22.3132 21.5505 20.7718 19.9925 19.2875
25.3175 25.2466 25.1815 25.1079 25.0058 24.9855 24.9694 24.9669 24.9808 25.0718 25.1634 25.2305 25.2598 25.246 25.2843 25.2983 25.3026 25.3556 25.4453 25.6084 25.8283 26.0838 26.3197 26.5231 26.6687 26.9118 27.1671 27.1829 27.2733 27.3489 27.5945 27.8429 28.1135 28.3614 28.6182 28.7916 28.9059 28.9788 29.0114 29.0071 28.9681 28.9064 28.8272 28.7348 28.6393 28.8143 28.3316 28.1146 27.9084 27.7418 27.6881 27.5587 27.5959 27.262 26.4606 26.2454 26.0027 25.5355 25.6445 25.1938 24.5041 23.9465 23.1962 22.5997 21.7629 20.9352 20.1069 19.2495 18.3801 18.3544
25.3388 25.2916 25.2076 25.0714 24.9557 24.8178 24.6941 24.6378 24.5989 24.6191 24.7195 24.8289 24.931 25.0278 25.092 25.1288 25.1497 25.2036 25.3225 25.5175 25.7841 26.0605 26.2782 26.5247 26.7356 27.0016 27.3097 27.4928 27.7277 27.9036 28.1563 28.3934 28.5728 28.6935 28.754 28.771 28.7602 28.7135 28.6724 28.6018 28.5047 28.3902 28.2598 28.221 28.3928 27.8465 27.6408 27.4583 27.3531 27.1082 26.9838 26.5047 26.1539 25.994 26.131 25.7089 24.9261 24.5047 23.7879 23.2366 22.5261 21.8316 21.1028 20.305 19.5006 20.2621 19.5038 18.5095 17.6089 17.7007
25.1447 25.1059 25.0272 24.9312 24.7879 24.6049 24.4454 24.2821 24.2189 24.2228 24.2909 24.4023 24.5735 24.7332 24.8476 24.9031 24.9831 25.1102 25.305 25.5819 25.9195 26.2617 26.5942 26.9136 27.1654 27.4022 27.6223 27.8108 27.9484 28.0714 28.1397 28.1848 28.205 28.2146 28.2146 28.2113 28.1837 28.1354 28.0318 27.912 27.8482 27.9503 27.8688 27.7141 27.3064 27.0573 26.8631 26.5831 26.1115 25.8323 25.4322 25.0656 24.6353 24.7692 25.0474 24.497 23.8073 23.2105 22.4245 21.6494 21.1118 20.6751 20.5047 19.6472 18.5737 17.6483 16.7783 16.959 16.564 16.6485
24.6354 24.6473 24.6217 24.5637 24.4142 24.2837 24.0901 23.9618 23.8653 23.8601 23.9626 24.1355 24.325 24.4756 24.6172 24.7656 24.9141 25.1134 25.3906 25.7225 26.0832 26.4364 26.7641 27.0566 27.2946 27.4706 27.5872 27.661 27.7154 27.7413 27.754 27.7624 27.7345 27.6847 27.6225 27.5641 27.5349 27.3165 27.133 26.9785 26.823 26.6648 26.2643 25.9969 25.7347 26.8406 25.3276 25.9906 25.5482 25.0399 24.5182 24.014 23.3683 24.0019 23.4437 22.7974 22.1055 21.2696 20.4023 19.4953 18.5644 17.7457 16.7315 16.6136 15.544 14.7469 15.3062 15.198 15.1674 15.3707
23.9621 23.9823 23.9547 23.8902 23.8207 23.7148 23.6073 23.5332 23.4978 23.583 23.7444 23.9668 24.2096 24.3888 24.5482 24.7184 24.9229 25.1573 25.4272 25.7268 26.0142 26.2646 26.4984 26.7096 26.8665 26.9839 27.0588 27.1136 27.1245 27.1011 27.6043 26.9757 26.9189 27.2509 27.1283 26.9968 26.7219 26.5888 26.4528 26.8394 25.925 25.7056 25.7973 24.9459 24.8938 24.6281 24.9497 24.1878 23.9013 23.2937 22.6345 21.9466 21.2001 21.6715 20.9243 20.0709 19.1603 18.231 18.9079 18.0155 16.947 15.9936 14.7848 14.7469 14.7318 14.5701 14.507 14.3733 14.3012 14.2977
23.2686 23.2583 23.2587 23.1994 23.1769 23.1277 23.1014 23.1281 23.189 23.3241 23.5531 23.8238 24.1033 24.3468 24.5099 24.6739 24.8526 25.0695 25.271 25.4702 25.7173 25.7244 25.9388 26.2849 26.0778 26.2313 26.4378 26.1702 26.862 26.815 26.4486 26.3946 26.2154 26.0636 25.8503 25.6665 26.1746 25.2211 25.0525 25.1177 24.446 24.3641 24.8038 24.2966 23.755 23.1992 22.569 22.0033 21.3261 20.6413 21.6584 20.8449 19.9068 18.9962 17.9365 16.9932 15.8645 15.4061 15.9413 15.6087 15.7225 15.8781 15.9649 15.9947 16.0651 16.0646 15.9768 15.9247 15.9171 15.9532
22.8319 22.8399 22.8185 22.7993 22.7633 22.7973 22.8356 22.8985 23.0422 23.2353 23.445 23.6847 23.9223 24.1618 24.3079 24.4158 24.4556 24.5479 24.541 24.6192 24.6278 24.6984 25.093 24.7125 24.9771 25.9583 25.0237 25.388 25.4812 24.9355 24.9337 25.1181 25.351 24.6872 24.5822 24.1838 23.6956 24.3898 23.9313 23.3225 23.5578 23.0702 22.4663 21.8527 21.0111 21.5946 20.7734 19.8986 18.9624 17.9748 16.9761 17.9004 17.3333 17.1221 16.0618 16.0441 16.076 16.1267 16.2322 16.3651 16.5374 16.7232 16.8798 16.9716 17.0114 17.0311 17.0078 16.9649 16.9324 16.9532
