benchmarks/avaInclinedPlane/release1IP_entres_ref_0.155_pv.asc
ncols         1000
nrows         400
xllcenter     1000
yllcenter     -5000
cellsize      5
NODATA_value  -9999
[rows 186 to 216 of 400, columns 770 to 839 of 1000]
11.0249 11.0358 10.9961 11.0692 11.139 11.1969 11.2326 11.3789 11.5054 11.3172 11.0997 10.8438 10.9002 10.9373 10.8114 10.882 10.8941 10.9446 10.988 10.9905 10.9686 10.9089 10.8401 10.8653 10.9612 11.0773 11.1761 11.1261 11.1125 11.151 11.2152 11.2606 11.3463 11.4942 11.6169 11.7043 11.6549 11.6304 11.6656 11.6851 11.5799 11.5578 11.6359 11.7098 11.751 11.7857 11.7883 11.766 11.6805 11.5527 11.4773 11.4653 11.5587 11.6171 11.7666 11.8684 11.9321 12.0088 12.0394 11.7403 11.6442 11.6632 11.6936 12.0875 12.3005 12.2681 12.0426 11.5183 11.1006 11.12
11.2854 11.6159 11.6064 11.5082 11.2694 11.1424 11.3335 11.3782 11.1546 11.123 11.1883 11.3001 11.3066 11.2833 11.2783 11.3146 11.3197 11.4077 11.4077 11.3195 11.3342 11.3533 11.4589 11.5722 11.4805 11.3733 11.3316 11.2892 11.5689 11.7321 11.8164 11.7595 11.5522 11.2176 11.248 11.3037 11.3131 11.3254 11.3661 11.3801 11.3167 11.2751 11.3264 11.3938 11.4318 11.4316 11.4727 11.4327 11.2215 11.1578 11.2203 11.2625 11.2879 11.3287 11.3555 11.4791 11.6598 12.0316 12.0694 11.8941 11.3331 11.0215 10.8796 10.8656 10.9095 10.9231 10.8951 10.8536 10.9025 10.9402
12.2704 12.3143 12.2774 12.118 11.9579 11.8913 11.9028 11.9601 12.0529 12.172 12.2502 12.2658 12.2537 12.3159 12.4101 12.5374 12.6414 12.6291 12.5259 12.5205 12.5464 12.5504 12.5536 12.429 12.1968 12.0451 11.961 11.9555 11.9882 12.0198 12.2174 12.4417 12.5406 12.5794 12.5458 12.4649 12.5097 12.6536 12.7643 12.7618 12.6455 12.3984 12.0771 11.7196 11.3251 11.0426 11.0557 10.7608 10.4731 10.5592 10.6455 10.7099 10.69 10.7082 10.6652 10.6601 10.6874 10.6729 10.7204 10.5791 10.4633 10.4749 10.4688 10.4481 10.4864 10.5543 10.6087 10.623 10.5968 10.6107
12.8396 12.8758 12.8299 12.7317 12.6584 12.604 12.615 12.644 12.7007 12.7379 12.7629 12.8067 12.8579 12.9252 12.9982 13.0841 13.1444 13.195 13.2328 13.2132 13.1985 13.2176 13.1817 13.0368 12.8536 12.689 12.5912 12.5851 12.6531 12.7295 12.7962 12.8294 12.8661 12.912 12.9468 12.9824 13.0225 13.0436 13.2096 13.5236 13.5175 13.5539 13.3732 13.1957 12.7071 12.4416 12.3213 12.2004 12.0336 11.8003 11.5435 11.2905 10.989 10.7888 10.4938 10.142 9.80568 9.8261 9.81681 9.78601 9.91321 10.0801 10.1547 10.1661 10.2416 10.3756 10.4991 10.5819 10.6621 10.7138
12.8266 12.8196 12.8033 12.7565 12.7269 12.723 12.7536 12.7863 12.8037 12.8018 12.8185 12.8733 12.9427 12.9885 13.0225 13.0533 13.132 13.2328 13.2546 13.2245 13.1184 13.0747 13.0624 13.0109 12.905 12.8078 12.7773 12.8152 12.8991 12.9584 13.0034 13.0525 13.1155 13.1833 13.2098 13.2365 13.2747 13.3504 13.3504 13.3357 13.2744 13.2532 13.0823 12.567 12.2986 12.1525 12.0573 11.9993 11.9197 11.8029 11.7907 11.8659 11.8123 11.7152 11.6839 11.6935 11.6535 11.5454 11.3687 11.1533 11.7488 11.4852 11.084 10.6176 10.4986 10.5396 10.6018 10.6398 10.7422 10.8287
12.1658 12.1877 12.1845 12.1613 12.1507 12.1634 12.1792 12.1516 12.2236 12.2892 12.3116 12.3277 12.372 12.3793 12.4326 12.4983 12.5681 12.6341 12.6446 12.5742 12.4755 12.4776 12.5146 12.5581 12.5248 12.4638 12.4665 12.5326 12.661 12.7236 12.7649 12.8067 12.8664 12.8706 12.7944 12.8054 12.7967 12.7431 12.7381 12.7675 12.7196 12.5593 12.3286 12.1279 12.0467 12.0173 11.97 11.9221 11.8158 11.7466 11.7186 11.6046 11.5281 11.5229 11.545 11.5122 11.4993 11.5122 11.57 11.6028 11.5817 11.3519 11.0018 10.6448 10.4848 10.5145 10.5679 10.6549 10.7978 10.8744
11.7978 11.5472 11.3123 11.1509 10.9968 11.0695 11.2694 11.3289 11.2608 11.1719 11.0899 11.0195 11.03 11.2622 11.4506 11.517 11.5152 11.5216 11.6395 11.6539 11.4696 11.4447 11.3541 11.3108 11.1986 11.0256 10.9213 11.2089 11.6951 11.9905 12.1309 12.0911 12.0604 12.0127 12.1277 12.1169 12.0411 11.8712 11.5623 11.3563 11.2368 11.1917 11.1391 11.0931 11.2157 11.3523 11.3835 11.3951 11.3501 11.3156 11.3786 11.407 11.42 11.4289 11.4558 11.416 11.3501 11.2761 11.1652 11.0396 10.9577 10.847 10.7188 10.6214 10.556 10.4859 10.4706 10.4635 10.573 10.6834
11.589 11.3352 11.1767 11.0455 10.9401 10.8489 10.7772 10.7683 10.7382 10.7573 10.6993 10.5707 10.3709 10.1044 10.2783 10.3978 10.5176 10.8706 11.1304 11.1626 10.9454 10.81 10.7926 10.8044 10.6459 10.3755 10.0169 9.93853 9.89289 9.82467 9.73872 10.7437 10.5649 10.4932 10.2299 10.3174 10.3338 10.3108 10.3084 10.3393 10.3226 10.2828 10.5513 10.336 10.5028 10.5871 10.829 10.5929 10.6631 10.7274 10.844 10.9288 10.9787 10.9015 10.8378 10.7806 10.626 10.5317 10.4841 10.4418 10.3426 10.3322 10.3305 10.3014 10.2956 10.2791 10.289 10.3007 10.2877 10.2515
11.3803 11.1515 11.0171 10.9264 10.9043 10.8628 10.7742 10.7065 10.6788 10.598 10.4909 10.3524 10.2189 10.3817 10.6391 10.7067 10.7765 10.7485 10.7061 10.7335 10.7276 10.7398 10.7048 10.7104 10.635 10.5545 10.5568 10.6587 10.7204 10.8046 10.8313 10.7924 10.7719 10.7459 10.7549 10.8241 10.8831 10.8699 10.8995 10.8725 10.8401 10.7297 10.6368 10.5448 10.5349 10.6275 10.7582 10.445 10.0773 10.1836 10.2642 10.2362 10.3038 10.1777 9.96508 9.83786 9.80888 9.75725 9.70053 9.75279 9.70807 9.59863 9.63694 9.64108 9.65194 9.68657 9.73588 9.79234 9.85512 9.85468
10.5146 10.4923 10.5206 10.5203 10.5046 10.5159 10.5083 10.683 10.8003 10.8837 10.9679 11.0616 11.1212 11.1902 11.2191 11.2531 11.303 11.308 11.2939 11.2994 11.3201 11.2887 11.2444 11.18 11.1554 11.2415 11.3038 11.2843 11.3176 11.4045 11.475 11.5163 11.5038 11.4758 11.444 11.4648 11.5058 11.5085 11.4512 11.31 11.1781 11.1172 11.138 11.45 11.4823 11.327 11.0424 10.7375 10.5651 10.7383 10.9291 10.8933 10.7665 10.6177 10.5853 10.6986 10.8371 12.071 12.3027 12.3593 12.2974 11.6394 11.0066 10.5616 10.1293 10.8564 10.0214 9.79995 9.84662 9.91451
10.8807 10.8516 10.881 10.9266 10.9865 11.0167 11.0335 11.1106 11.1904 11.2823 11.4211 11.5048 11.5583 11.6123 11.6923 11.7724 11.8285 11.8403 11.8279 11.8034 11.7751 11.748 11.7723 11.8026 11.845 11.9047 11.9359 11.9572 11.9847 11.9957 12.0157 12.0377 12.0456 12.0537 12.0889 12.1193 12.1904 12.2853 12.3532 12.3364 12.3376 12.3869 12.431 12.4495 12.3619 12.3392 12.3519 12.3686 12.4266 12.456 12.5507 12.5332 12.4477 12.3586 12.3546 12.4108 12.4663 12.604 12.6934 12.7612 12.8472 12.3175 11.8088 11.5106 11.4977 11.5238 11.5649 11.064 10.9797 11.017
11.4463 11.1233 11.0957 11.037 10.9946 10.9445 11.0237 11.2363 11.4312 11.5857 11.7049 11.741 11.7675 11.841 11.9062 11.9644 12.0175 12.0479 12.0924 12.1361 12.1574 12.2276 12.3164 12.4151 12.4572 12.4673 12.4463 12.4175 12.4337 12.4574 12.4866 12.5034 12.5672 12.6281 12.6735 12.6976 12.7833 12.9263 12.9975 12.9988 12.9598 12.9638 13.0499 13.1234 13.1289 13.1402 13.1396 13.2162 13.3194 13.3656 13.3582 13.2299 13.1342 13.1387 13.1278 13.2174 13.3472 13.452 13.5319 13.6378 13.6616 13.437 13.2111 12.9971 12.922 12.8204 12.6604 12.4166 12.3013 12.3228
11.8058 11.4255 11.0795 11.117 11.1592 11.2815 11.3919 11.4922 11.6118 11.7132 11.8034 11.8524 11.914 11.9711 12.0451 12.1064 12.1741 12.2786 12.3767 12.3994 12.3978 12.3946 12.4126 12.4544 12.4862 12.5145 12.5249 12.5196 12.5526 12.6119 12.6108 12.6445 12.7207 12.8268 12.9049 12.9696 13.0603 13.1948 13.2854 13.3225 13.2951 13.2423 13.2211 13.2413 13.2532 13.2992 13.3733 13.5032 13.6194 13.6321 13.5861 13.5257 13.5242 13.5859 13.6486 13.7393 13.8113 13.8777 13.9865 14.1183 14.1845 14.2072 14.1242 13.9933 13.7335 13.5983 13.4991 13.4425 13.4426 13.549
12.0037 11.6374 11.4716 11.4622 11.4236 11.4342 11.4918 11.5223 11.5486 11.6282 11.7079 11.7515 11.803 11.8907 11.9889 12.0594 12.1276 12.185 12.2721 12.3027 12.2824 12.2771 12.2801 12.2932 12.2717 12.2828 12.26 12.2999 12.3791 12.4914 12.5644 12.6191 12.7128 12.8197 12.8988 12.9349 13.0057 13.1094 13.2175 13.2945 13.3372 13.2972 13.1503 13.1071 13.119 13.1681 13.2787 13.3992 13.5274 13.6102 13.6535 13.6806 13.7155 13.7608 13.8341 13.9126 13.9571 13.9847 14.0858 14.2527 14.4086 14.5239 14.5203 14.3402 14.0851 13.9925 13.9695 13.8759 13.8744 13.9759
12.0149 11.7362 11.7093 11.7446 11.7863 11.7825 11.7262 11.6446 11.5757 11.5444 11.5369 11.5811 11.647 11.743 11.8221 11.918 12.0114 12.1003 12.1739 12.2528 12.3124 12.4079 12.4707 12.5019 12.5476 12.574 12.4587 12.3743 12.341 12.3457 12.4073 12.5218 12.6622 12.8482 12.9753 13.1156 13.0451 13.0788 13.1783 13.2676 13.3278 13.3031 13.2165 13.1326 13.1161 13.171 13.2547 13.3602 13.48 13.5681 13.6508 13.7122 13.7964 13.9095 13.9901 14.0354 14.0685 14.1138 14.2131 14.3595 14.538 14.6065 14.5989 14.4757 14.2581 14.0754 13.9851 13.9545 13.9606 13.9893
11.9075 12.0089 12.063 12.0583 12.0688 12.0199 11.8866 11.6279 11.5881 11.6408 11.6543 11.6625 11.7038 11.7581 11.8047 11.8567 11.9323 12.0048 12.0958 12.2134 12.4065 12.5564 12.6895 12.6704 12.6263 12.5547 12.4015 12.3616 12.3804 12.4242 12.4881 12.5824 12.6885 12.8263 12.9253 12.9487 12.9351 12.9545 13.0175 13.0914 13.1529 13.1592 13.0886 13.0255 13.0071 13.0538 13.1223 13.2061 13.296 13.3856 13.4704 13.5765 13.7121 13.8772 13.9699 14.0198 14.0369 14.0666 14.0723 14.1538 14.2566 14.3423 14.3411 14.1791 13.8398 13.5835 13.4414 13.4672 13.5076 13.4962
12.6314 12.6358 12.6301 12.602 12.4731 12.2655 12.1373 12.0748 12.0759 12.0183 12.0336 12.021 12.3193 12.2751 11.8477 11.8563 11.9148 11.9465 11.9938 12.0751 12.1635 12.2021 12.1981 12.1681 12.1316 12.1043 12.142 12.1628 12.1836 12.1717 12.1955 12.2665 12.3847 12.4847 12.5929 12.6979 12.7431 12.7625 12.7643 12.7353 12.71 12.6675 12.6212 12.591 12.5769 12.6511 12.7327 12.8108 12.8674 12.9564 13.0343 13.1463 13.2664 13.4406 13.5809 13.6324 13.6196 13.53 13.3402 13.3832 13.5101 13.7022 13.6142 13.4675 13.1582 12.8544 12.6725 12.6255 12.6795 12.7433
13.2862 13.1904 13.1517 13.1312 13.0598 12.9479 12.5478 12.3722 12.3044 12.3057 12.2987 12.3207 12.3677 12.2917 12.1136 11.8834 11.7065 11.5373 11.5314 11.5675 11.7181 11.8003 11.7798 11.7461 11.7312 11.7567 11.8041 11.819 11.826 11.75 11.7301 11.7596 11.8456 12.0037 12.0911 12.1096 12.113 12.0891 12.1141 12.0249 11.826 11.724 11.6639 11.6736 11.7413 11.8391 11.9669 12.0873 12.1802 12.2486 12.3257 12.4464 12.5674 12.7781 12.992 13.1733 13.2445 12.7426 12.4544 12.4675 12.439 12.4637 12.449 12.272 12.0021 11.7446 11.5732 11.5185 11.5996 11.7344
13.6939 13.6141 13.5224 13.4526 13.4046 13.2656 13.1806 12.6406 12.3621 12.279 12.4079 12.3457 12.1754 11.9319 11.5834 11.1329 10.6611 11.2858 11.0277 10.6618 10.7267 10.7926 10.8391 10.8667 10.8957 10.9002 10.9939 11.0719 10.936 10.696 10.6792 10.598 10.5311 10.9816 11.3663 11.2664 11.2573 11.3644 11.407 11.5025 10.952 10.5743 10.2127 9.98064 10.3893 10.821 11.2575 11.4179 11.7694 11.5881 10.8321 10.9708 11.3082 11.568 11.6584 11.7654 11.8836 11.5281 11.3556 11.2124 11.1664 11.0455 10.8236 12.0368 10.6933 10.5371 10.3371 10.1788 10.2059 10.2343
13.6782 13.3695 13.0168 12.6151 12.2524 13.2171 12.9746 12.527 12.1072 11.767 11.4864 11.1819 10.8487 10.6196 10.6644 10.8357 10.9346 11.0724 11.1413 11.2212 11.2874 11.3298 11.3558 11.3162 11.1702 11.0492 10.9787 10.9255 10.839 10.7537 10.6588 10.6184 10.5419 10.4497 10.3692 10.2335 10.1655 10.4834 10.593 10.7567 10.9616 10.8472 9.99941 9.92759 9.9504 12.3221 11.5077 10.1031 10.2305 10.3214 10.3852 10.4745 10.6459 10.7333 10.7502 10.6714 10.6699 10.6459 10.7826 10.9294 10.754 10.3834 10.2755 10.2071 10.1841 10.1358 10.1671 10.1872 10.1904 10.1897
13.1024 12.6255 12.0291 11.8016 11.77 11.8134 12.0084 12.1646 12.3059 12.131 11.9256 11.7373 11.585 11.4947 11.5234 11.5656 11.6295 11.6787 11.7464 11.7683 11.8481 11.957 11.9953 11.9572 11.9472 12.0331 11.9257 11.7913 11.7197 11.7172 11.7562 11.8294 11.8751 11.9085 11.9256 11.9328 11.883 11.8255 11.7961 11.8214 11.9888 12.2099 12.3853 12.419 12.3612 12.2369 12.1163 11.8389 11.1829 10.7245 10.707 10.773 10.868 10.9289 11.0038 11.067 11.0995 11.0803 10.9526 10.9294 10.7592 10.791 10.8185 10.8317 10.8569 10.8541 10.8284 10.8167 10.8586 10.8832
12.7488 12.7849 12.6497 12.5205 12.4772 12.5341 12.6348 12.7686 12.8531 12.8192 12.7214 12.606 12.5471 12.4126 12.2981 12.2531 12.2698 12.3102 12.3865 12.4794 12.5456 12.6401 12.7244 12.8008 12.8177 12.7836 12.6863 12.6019 12.568 12.5432 12.5301 12.555 12.5662 12.5605 12.5893 12.6357 12.6497 12.6367 12.6123 12.6407 12.7215 12.7846 12.8237 12.7407 12.5341 12.3053 12.1606 11.9822 11.7179 11.5592 11.4279 11.2113 11.2661 11.3118 11.3515 11.3795 11.3543 11.2144 10.8569 10.8232 10.8659 10.8817 10.9411 10.9594 10.9619 10.9801 11.133 11.0594 11.0028 11.0275
13.0002 13.0152 12.8703 12.7605 12.6816 12.6832 12.744 12.8484 12.9095 12.9557 12.965 12.8792 12.7326 12.6016 12.5113 12.4887 12.5171 12.553 12.6398 12.7296 12.8016 12.8575 12.9071 12.9047 12.8689 12.7842 12.7011 12.6049 12.5548 12.5268 12.5169 12.5371 12.58 12.5949 12.6101 12.6022 12.6076 12.5724 12.5635 12.5937 12.6102 12.6914 12.8517 12.9692 12.9462 12.5949 12.3203 12.3282 12.2 11.9476 11.651 11.2885 11.2472 11.3397 11.3848 11.3639 11.2091 11.0991 10.8705 10.9007 10.8868 10.9907 11.3032 11.9079 11.2834 10.9831 10.9848 10.8413 10.7914 10.7531
12.8916 12.9424 12.828 12.7123 12.5747 12.5262 12.5197 12.5531 12.5962 12.6249 12.6298 12.5766 12.4387 12.2319 12.0985 12.0676 12.1572 12.28 12.4163 12.5086 12.5766 12.5748 12.5596 12.4249 12.1707 11.9647 11.8584 11.8382 11.8226 11.8659 11.9747 12.0887 12.165 12.1975 12.2095 12.2436 12.2427 12.1746 12.0429 11.8615 11.574 11.2977 12.7281 12.5136 12.1554 11.6573 11.0879 10.9421 10.9283 10.9261 10.9612 11.0409 11.0766 11.2075 11.3426 11.4996 11.5917 11.6817 11.7854 11.8339 11.8995 11.9356 12.0183 11.9575 11.4852 11.2293 11.0558 10.9984 10.9723 10.8886
12.2102 12.2414 12.1561 12.0609 11.9148 11.7195 11.5382 11.53 11.6086 11.6617 11.6569 11.5812 11.1821 11.0379 10.9763 10.9597 10.896 11.9892 12.2865 12.4664 12.5923 12.4097 11.8232 11.1619 10.8601 10.884 10.9516 10.9966 11.0265 11.0995 11.2961 11.6873 11.9155 12.014 11.9948 11.869 11.6369 11.303 11.2801 11.7427 11.3842 11.4699 11.5531 11.5932 11.594 11.6076 11.5723 11.5159 11.4761 11.4934 11.5473 11.607 11.6862 11.7644 11.8665 11.9578 12.0045 12.1009 12.1664 12.2146 12.2351 12.2595 11.9853 11.7008 11.5213 11.4249 11.3577 11.3736 11.4126 11.376
11.1207 11.1328 11.5726 11.7165 11.5183 11.2351 11.2651 11.3179 11.3618 11.3693 11.3522 11.2169 11.2038 11.1454 11.1166 11.0842 11.0476 11.0831 11.1187 11.1182 11.0762 11.0531 11.0328 11.0155 11.0557 11.0807 11.1231 11.16 11.1966 11.2363 11.2902 11.3484 11.4088 11.439 11.4542 11.4661 11.5142 11.5684 11.5944 11.6223 11.6849 11.7795 11.8771 11.9478 12.0277 11.9512 11.8088 11.6792 11.5955 11.5631 11.5773 11.6422 11.7138 11.7859 11.8257 11.8443 11.9189 11.9809 12.0569 12.1094 12.1282 12.0325 11.8642 11.6705 11.547 11.5475 11.6092 11.7017 11.8077 11.924
11.0769 10.9647 10.9554 10.9745 11.0288 11.0904 11.1608 11.1939 11.2111 11.2298 11.1928 11.1533 11.1044 11.012 10.9511 10.9117 10.8221 10.8023 10.8909 10.9755 10.9801 11.0177 10.9595 10.7747 10.7746 10.7878 10.7995 10.858 10.9267 11.0266 11.1227 11.197 11.2217 11.207 11.2034 11.2068 11.2522 11.2873 11.2421 11.2505 11.3286 11.4189 11.5117 11.5662 11.6055 11.5181 11.3716 11.2663 11.1515 11.0869 11.0655 11.0932 11.1213 11.1013 11.1382 11.197 11.306 11.3802 11.4802 11.5892 11.6621 11.6198 11.4882 11.3669 11.322 11.3493 11.4644 11.6116 11.752 11.917
10.7846 10.8116 10.8536 10.9463 11.0418 11.1639 11.2955 11.3888 11.4698 11.5024 11.504 11.5377 11.5587 11.5131 11.4987 11.5007 11.516 11.5409 11.5669 11.6095 11.6303 11.6933 11.5908 11.0769 10.8808 10.8251 10.7976 10.7271 10.662 10.5861 10.4922 10.4868 10.4375 10.3439 10.2857 10.3227 10.329 10.2984 10.2408 10.1773 10.1983 10.2279 10.4982 11.0361 10.9972 10.8111 10.5981 10.631 10.6429 10.6351 10.6272 10.3361 10.1919 10.2225 10.2868 10.4672 10.6498 10.8268 10.9781 11.0494 11.0989 11.1359 10.9758 10.8666 10.8137 10.8327 10.9346 11.13 11.3242 11.5113
11.8538 11.8137 11.8286 11.8509 11.8608 11.8695 11.8594 11.8572 11.9003 11.9517 12.0062 12.0643 12.063 11.9884 12.0181 12.0171 11.9983 12.0057 12.051 12.0535 12.0298 11.9226 11.7778 11.4606 11.2737 11.1094 10.9729 11.2226 10.987 11.125 11.2006 11.2006 11.135 11.0749 11.0718 11.1079 11.1381 11.1267 11.011 10.8883 10.7699 10.6532 10.5591 10.5154 10.4524 10.2647 10.2961 10.345 10.3972 10.4187 10.4094 10.2599 10.153 10.116 10.0812 10.0537 10.2025 10.2618 10.2719 10.2789 10.2793 10.2236 10.1765 10.1983 10.2143 10.2426 10.3663 10.5121 10.6476 10.6734
12.5911 12.463 12.3608 12.3418 12.3333 12.3205 12.371 12.3654 12.3451 12.3249 12.3484 12.3894 12.4228 12.4249 12.3896 12.359 12.4003 12.4813 12.4862 12.4063 12.2538 12.1228 12.0242 11.9479 11.9019 11.8492 11.7695 11.6771 11.5895 11.4885 11.4954 11.5316 11.6289 11.686 11.6993 11.5643 11.2929 11.1415 11.1115 11.094 11.0985 11.0783 11.0393 11.0971 11.0185 10.8437 10.5906 10.2823 9.99776 9.82743 9.72541 9.73888 9.67752 9.67785 9.67364 9.68697 9.69909 9.70758 9.71316 9.65918 9.66853 9.64264 9.65036 9.75172 9.80504 9.85444 9.98531 10.0691 10.1162 10.1781
12.8807 12.7849 12.7346 12.675 12.6614 12.6007 12.5258 12.4406 12.3922 12.3885 12.4558 12.5401 12.591 12.6041 12.6327 12.7139 12.7948 12.8315 12.76 12.6046 12.4061 12.2209 12.1107 12.0606 12.0514 12.0521 12.0265 11.9949 11.9207 11.8577 11.8189 11.8441 11.9219 11.9999 12.0542 12.028 11.6871 11.4879 11.3799 11.3227 11.3264 11.2895 11.1609 11.0971 11.0228 10.8437 10.6382 10.65 10.5824 10.4687 10.2898 9.94414 9.82114 9.76201 9.71831 9.68072 9.66411 9.611 9.57315 9.60079 9.60278 9.57809 9.51505 9.49553 9.30036 9.10846 9.02661 9.01329 9.14067 9.31618
