benchmarks/avaInclinedPlane/release1IP_entres_ref_0.155_pv.asc
ncols         1000
nrows         400
xllcenter     1000
yllcenter     -5000
cellsize      5
NODATA_value  -9999
[rows 155 to 185 of 400, columns 630 to 699 of 1000]
0 0 0 0 0 0 0 0 0 0 0 0 0 0 0 0 0 0 0 0 0 0 0 0 0 0 0 0 0 0 0 0 0 0 0 0 0 0 0 0 0 0 0 0 0 0 0 0 0 0 0 0 0 0 0 0 0 0 0 0 0 0 0 0 0 0 0 0 0 0
0 0 0 0 0 0 0 0 0 0 0 0 0 0 0 0 0 0 0 0 0 0 0 0 0 0 0 0 0 0 0 0 0 0 0 0 0 0 0 0 0 0 0 0 0 0 0 0 0 0 0 0 0 0 0 0 0 0 0 0 0 0 0 0 0 0 0 0 0 0
0 0 0 0 0 0 0 0 0 0 0 0 0 0 0 0 0 0 0 0 0 0 0 0 0 0 0 0 0 0 0 0 0 0 0 0 0 0 0 0 0 0 0 0 0 0 0 0 0 0 0 0 0 0 0 0 0 0 0 0 0 0 0 0 0 0 0 0 0 0
0 0 0 0 0 0 0 0 0 0 0 0 0 0 0 0 0 0 0 0 0 0 0 0 0 0 0 0 0 0 0 0 0 0 0 0 0 0 0 0 0 0 0 0 0 0 0 0 0 0 0 0 0 0 0 0 0 0 0 0 0 0 0 0 0 0 0 0 0 0
0 0 0 0 0 0 0 0 0 0 0 0 0 0 0 0 0 0 0 0 0 0 0 0 0 0 0 0 0 0 0 0 0 0 0 0 0 0 0 0 0 0 0 0 0 0 0 0 0 0 0 0 0 0 0 0 0 0 0 0 0 0 0 0 0 0 0 0 0 0
0 0 0 0 0 0 0 0 0 0 0 0 0 0 0 0 0 0 0 0 0 0 0 0 0 0 0 0 0 0 0 0 0 0 0 0 0 0 0 0 0 0 0 0 0 0 0 0 0 0 0 0 0 0 0 0 0 0 0 0 0 0 0 0 0 0 0 0 0 0
0 0 0 0 0 0 0 0 0 0 0 0 0 0 0 0 0 0 0 0 0 0 0 0 0 0 0 0 0 0 0 0 0 0 0 0 0 0 0 0 0 0 0 0 0 0 0 0 0 0 0 0 0 0 0 0 0 0 0 0 0 0 0 0 0 0 0 0 0 0
0 0 0 0 0 0 0 0 0 0 0 0 0 0 0 0 0 0 0 0 0 0 0 0 0 0 0 0 0 0 0 0 0 0 0 0 0 0 0 0 0 0 0 0 0 0 0 0 0 0 0 0 0 0 0 0 0 0 0 0 0 0 0 0 0 0 0 0 0 0
6.37126 6.32746 6.27602 6.2175 6.15776 6.10528 0 0 0 0 0 0 0 0 0 0 7.09771 7.19581 7.19581 7.13856 7.06183 6.95741 6.83295 6.69051 6.55877 6.44489 0 0 0 0 0 0 0 0 0 0 0 0 0 0 0 0 0 0 0 0 0 0 0 0 0 0 0 0 0 0 0 0 0 0 0 0 0 0 0 0 0 0 0 0
8.29937 8.2817 8.14704 8.12234 8.03521 7.92147 7.78143 7.59866 7.45873 7.40029 7.34715 7.38611 7.2659 7.04027 7.01341 7.03851 7.13005 7.16723 7.16382 7.10236 7.02189 7.00712 7.0066 7.00614 7.00573 7.00536 7.00504 7.00815 7.01611 7.01738 7.01738 7.01647 7.015 7.01353 7.01221 7.01105 7.01005 0 0 0 0 0 0 0 0 0 0 0 0 0 0 0 0 0 0 0 0 0 0 0 0 0 0 0 0 0 0 0 0 0
8.28265 8.22845 8.13339 8.03787 7.94755 7.83269 7.62345 7.5079 8.95916 9.07973 9.07973 8.92652 8.84832 8.82481 8.75261 8.6777 8.6696 8.68049 8.56515 8.34116 8.06278 7.77126 7.49235 7.2795 7.80828 7.88557 7.88557 7.86768 7.76553 7.5885 7.16272 7.18774 7.19771 7.20791 7.20791 7.20336 7.18736 7.17678 7.15899 7.1305 7.1043 7.08325 7.04538 7.00313 6.95979 6.91097 6.8586 6.84619 6.84556 6.86708 6.84061 6.11531 0 0 0 0 0 0 0 0 0 0 0 0 0 0 0 0 0 0
8.11353 8.20414 8.29193 8.23493 8.14769 8.15627 8.45567 8.70448 8.95916 9.03496 8.93382 8.84115 8.80562 8.81395 8.8155 8.85625 8.7944 8.68049 8.56515 8.34116 8.06278 7.77126 7.53712 7.6174 7.76201 7.83369 7.79576 7.70756 7.55399 7.43689 7.20426 7.17341 7.24097 7.31413 7.48952 7.141 7.93362 8.20888 8.20888 8.19022 9.84326 9.97703 9.93479 9.97893 10.0016 9.98174 9.94026 9.90387 9.69772 9.37587 8.97334 8.56365 8.20867 8.04924 8.13823 8.19266 8.2491 8.25438 8.25438 7.56524 7.64852 7.66858 7.66858 7.7384 7.94175 8.02495 8.19443 8.20256 7.92207 7.8683
8.39395 8.3308 8.29158 8.18604 8.36573 8.56768 8.56768 8.55528 8.41849 8.17429 7.86945 8.09481 8.09481 8.06629 8.99238 9.13919 9.15878 9.09378 8.91649 8.68095 8.29432 8.29031 8.26849 8.24524 8.3379 8.30923 8.32748 8.23548 8.20517 8.39459 8.77816 9.00447 9.12656 9.24907 9.31593 9.35816 9.34713 9.35301 9.47273 9.59757 9.73137 9.83496 9.95557 9.98991 9.92136 9.90528 9.94026 9.90387 9.69772 9.37586 8.97292 8.56254 8.4804 8.29675 8.17356 8.88977 8.88977 8.7159 8.44204 8.14133 8.03069 8.16106 8.34465 8.38148 8.48777 8.56711 8.61779 8.6371 8.62889 8.55717
8.96479 8.9055 8.88757 8.90303 8.92819 9.38561 9.4485 9.36376 9.23712 9.44908 9.44908 9.40784 9.25198 9.10136 8.93186 8.73002 8.47476 8.27897 8.43014 8.57614 8.69837 8.77669 8.80199 8.79693 8.78852 8.80173 8.47239 8.48785 8.54702 8.64946 8.74024 8.89737 9.07456 9.19533 9.2898 9.34636 9.41294 9.48952 9.58796 9.69545 9.7793 9.8845 9.95033 10.0068 10.1051 10.2137 10.0145 9.2825 8.73875 8.6295 8.66752 9.03014 8.76726 8.84276 8.91178 8.91453 9.0134 9.16796 9.34899 9.47199 9.5558 9.6464 9.75939 9.64379 9.43127 9.34784 9.33065 9.34453 9.42372 9.43067
9.67125 9.6821 9.74326 9.82205 9.86956 9.88638 9.81434 9.68764 9.60196 9.30618 9.26714 9.1546 9.16725 9.22966 9.22966 9.12275 8.90478 8.63198 8.55092 8.57614 8.69837 8.77669 8.79583 8.78637 8.73228 8.68792 8.69246 8.75278 8.81581 8.85847 8.88917 8.92622 8.99632 9.06731 9.12084 9.17838 9.27104 9.30306 9.33735 9.3736 9.42911 9.59037 9.75001 9.91735 10.1054 10.2395 10.2604 10.1252 9.83387 9.59706 9.33704 9.04604 9.07253 9.11401 9.15344 9.15814 9.18026 9.24139 9.34001 9.42286 9.49159 9.57041 9.59121 9.57681 9.46109 9.42315 9.43195 9.46736 9.50038 9.5163
9.70208 9.6951 9.64094 9.72281 9.97797 10.1089 10.1466 10.0884 9.8417 9.3878 9.09849 9.03867 9.17717 9.26616 9.21551 9.26516 9.29414 9.22732 8.95561 8.9801 8.94545 8.95729 8.94076 9.19425 9.21855 9.21855 9.18048 9.06071 8.89215 8.88473 9.48907 9.80335 10.1311 9.74872 9.36978 9.31547 8.94043 8.70419 8.75697 8.82335 8.78169 8.6899 8.72861 8.73655 8.73655 8.69788 8.72411 9.89099 9.55179 9.24029 8.89446 8.89911 8.96053 8.97057 9.04095 9.06685 9.11408 9.1555 9.17883 9.22361 9.30391 9.37168 9.40422 9.36073 9.32253 9.31245 9.35518 9.40269 9.42063 9.40731
8.9426 8.92331 8.95043 8.94113 8.86381 8.91066 9.04772 9.21352 9.32415 9.43952 9.4654 9.38197 9.38913 9.41395 9.44524 9.43992 9.40815 9.38779 9.31356 9.17148 9.19572 9.51286 9.44168 9.23224 9.40448 9.56505 9.73617 9.83274 9.89699 9.99457 10.1226 10.2607 10.2901 10.325 10.2905 10.2252 10.2007 9.69481 8.85285 8.82538 8.85314 9.17456 9.42153 9.65131 9.91013 10.0052 10.0502 9.56858 9.70016 9.77465 9.7999 9.79193 9.72102 9.61991 9.50312 9.39052 9.3857 9.36551 9.01494 9.081 9.06751 9.11131 9.0094 9.10339 9.55362 9.55362 9.40521 9.19623 8.97037 8.92234
10.1018 10.0274 9.83625 9.62176 9.50609 9.47888 9.55083 9.72608 9.8878 10.0135 10.087 10.136 10.131 10.0998 10.0366 10.0785 10.1671 10.285 10.4288 10.4973 10.4721 10.4871 10.4991 10.5029 10.5014 10.5385 10.5496 10.5646 10.5462 10.5437 10.5816 10.6475 10.7113 10.7487 10.7864 10.7599 10.7559 9.80446 9.04952 8.9996 9.20195 9.37 9.56216 9.83503 9.98467 10.0901 10.1547 10.1846 10.2337 10.3562 10.389 10.3543 10.274 10.1527 10.0125 9.60935 9.35293 9.36272 9.41842 9.43425 9.4175 9.38767 9.50975 9.47882 9.63478 9.5967 9.50987 9.38197 9.24431 9.08407
10.6521 10.5513 10.3777 10.2556 10.1876 10.1931 10.2655 10.3457 10.4685 10.5911 10.6791 10.7281 10.7583 10.7919 10.7601 10.7658 10.7891 10.8893 11.0131 10.9908 10.9697 11.0012 11.0061 11.0391 11.0541 11.0904 11.0481 10.936 10.829 10.704 10.6438 10.6914 10.7851 10.9102 10.9985 10.9869 10.9258 10.1024 9.41635 9.41454 9.40496 9.49502 9.81891 9.91544 10.0488 10.1631 10.2488 10.3317 10.4065 10.4551 10.4798 10.4856 10.5298 10.5638 10.4855 9.98295 9.77792 9.72083 9.74583 9.81444 9.88491 9.90464 9.90874 9.9696 10.0144 10.0252 9.98738 9.98322 9.97226 9.87092
10.9318 10.834 10.7256 10.3484 10.2825 10.3043 10.3835 10.4912 10.6266 10.7028 10.769 10.8471 10.9264 10.9447 10.8786 10.8366 10.8232 10.853 10.9145 10.8577 10.8466 10.9096 10.9541 10.998 11.0522 11.1153 11.0931 11.0899 10.8212 10.5393 10.3637 10.351 10.4479 10.5391 10.5881 10.6367 10.6951 9.58446 9.56742 9.5649 9.54707 9.53325 9.51935 9.70401 9.82637 9.90976 9.98627 10.0424 10.117 10.1736 10.241 10.3203 10.3799 10.4135 10.4484 10.1633 9.99623 9.95507 9.95904 9.97039 9.99765 9.98669 9.98633 9.99726 9.99866 10.004 10.0274 10.0448 9.97806 9.89362
10.9301 11.0398 10.9151 10.2796 10.1117 10.1748 10.283 10.3935 10.4394 10.4777 10.5501 10.6687 10.7578 10.8105 10.7896 10.6251 10.4698 10.392 10.4197 10.426 10.4287 10.4654 10.5254 10.6609 10.7097 10.6783 10.6394 10.5775 10.3484 10.0207 9.76017 9.58997 9.55295 9.54192 9.56919 9.63079 9.31981 9.32602 9.36434 9.34379 9.32195 9.31503 9.33987 9.38436 9.52582 9.59896 9.60615 9.63663 9.63713 9.66607 9.75123 9.85349 9.89114 9.89276 9.86649 9.86709 9.8539 9.8602 9.894 9.99664 9.77742 9.72275 9.71474 9.66203 9.6481 9.5723 9.5246 9.51526 9.51285 9.52192
10.194 10.4227 10.2447 10.0572 10.0582 10.1768 10.3499 10.4352 10.5151 10.3631 10.1342 10.0981 10.1869 10.1529 10.0839 9.93748 9.78924 9.71056 9.78958 9.83522 11.2702 11.2702 10.8989 10.348 10.3237 10.4657 10.4216 10.2349 9.93459 9.53915 9.33207 9.22315 9.17798 9.24133 9.27584 9.25633 9.23606 9.14314 9.19362 9.22594 9.02793 9.03934 9.1551 9.32704 9.64025 9.62431 9.84672 9.84672 9.51418 9.15153 9.1123 9.25321 9.34137 9.37636 9.38734 9.40214 9.44633 9.4998 9.42337 9.38986 9.37216 9.3384 9.33809 9.36138 9.33159 9.27683 9.27584 9.32035 9.77917 9.80408
11.2654 11.2667 11.3031 11.3828 11.39 11.3978 11.4175 11.4058 11.415 11.2859 11.1162 11.0478 11.139 11.1778 11.2483 11.3264 11.5578 11.6856 12.5088 12.3601 12.1735 11.9683 12.53 12.2726 11.8253 11.0236 9.95071 9.44877 9.44618 9.89111 10.2607 10.4235 10.5046 10.5243 10.6038 10.7124 10.6413 10.4141 10.1548 10.117 10.0499 10.4817 10.9516 10.6745 10.4892 10.5167 11.119 10.6956 10.6215 10.6414 10.5108 10.2438 9.74415 9.79725 9.90012 9.833 9.80765 9.76415 9.97669 10.0137 10.1057 10.0714 10.1393 10.1987 10.184 10.1331 10.0688 10.0099 10.062 10.2231
12.3861 12.4799 12.5715 12.4829 12.3035 12.2048 12.167 12.1394 12.0827 12.1028 12.1988 12.2399 12.2997 12.4063 12.5033 12.5887 12.6369 12.6603 12.5992 12.5686 12.5521 12.5172 12.5711 12.5772 12.4949 12.2527 11.9809 11.7012 11.4651 11.4397 11.5355 11.7129 11.6749 11.5343 11.3557 11.2597 11.2554 11.2966 11.345 11.4756 11.589 11.6765 11.6716 11.5183 11.5194 11.7796 12.0178 12.0035 11.9082 11.718 11.5452 11.3907 11.338 11.6388 11.7556 11.6558 11.6298 11.6211 11.5605 11.5769 11.5782 11.593 11.6893 11.77 11.9059 11.8733 12.0153 12.1356 12.2275 12.2194
12.7052 12.7511 12.7682 12.7219 12.647 12.6287 12.6598 12.6826 12.7377 12.7607 12.8128 12.8718 12.9579 13.053 13.1538 13.2038 13.1645 13.1287 13.0607 13.0209 13.0493 13.1156 13.1723 13.2304 13.1993 13.0717 12.8696 12.73 12.6354 12.6497 12.6777 12.7189 12.6645 12.5592 12.5338 12.5045 12.4492 12.4449 12.4564 12.526 12.6037 12.6362 12.6615 12.6828 12.7271 12.8213 12.8498 12.7703 12.6864 12.6994 12.7015 12.6836 12.7638 12.8209 12.8398 12.8983 12.9492 12.9437 12.9894 13.0329 13.0251 13.0023 12.9589 12.9657 12.9642 12.9577 12.9466 12.9587 12.9786 13.0264
12.5895 12.5873 12.6052 12.588 12.6079 12.6962 12.7664 12.8403 12.9268 12.9857 13.01 13.0063 13.0014 13.0486 13.1216 13.157 13.1716 13.1644 13.1757 13.2015 13.2486 13.3419 13.4395 13.5479 13.5745 13.4875 13.3019 13.1644 13.1187 13.1305 13.1792 13.1979 13.181 13.1169 13.0631 13.0142 13.0091 12.9975 13.0131 13.0246 13.0645 13.0622 13.0862 13.1205 13.1385 13.2002 13.2416 13.2743 13.2913 13.2796 13.2739 13.2651 13.3026 13.3546 13.3889 13.3871 13.3835 13.3977 13.4526 13.5362 13.534 13.4968 13.4391 13.4165 13.4416 13.4564 13.4698 13.5287 13.582 13.6058
12.1609 12.2099 12.2475 12.2629 12.2778 12.3564 12.4555 12.5331 12.6048 12.6248 12.6688 12.6975 12.7171 12.7405 12.7915 12.7914 12.8311 12.831 12.8024 12.8059 12.8579 12.9484 13.0179 13.0886 13.1445 13.1158 13.019 12.959 12.9778 13.0396 13.1224 13.1458 13.1068 13.1196 13.0808 13.0458 13.0604 13.0442 13.0301 13.0276 12.9876 12.9688 12.9828 13.0137 13.0507 13.1046 13.1514 13.1704 13.2537 13.3513 13.4041 13.4295 13.4288 13.4433 13.4419 13.3941 13.3435 13.3167 13.3129 13.3708 13.3956 13.4022 13.3768 13.3837 13.4303 13.5208 13.6253 13.7324 13.7876 13.8174
13.6824 13.6094 13.1281 12.415 11.9495 12.0306 12.0913 12.0848 12.0646 12.0533 12.0312 12.0351 12.044 12.1523 11.9765 11.9681 12.0555 12.0685 12.0149 11.9857 12.0088 12.0455 11.9839 12.1113 12.1415 12.1163 12.0812 12.1315 12.2486 12.3446 12.397 12.3632 12.3143 12.2149 12.1861 12.252 12.2571 12.2383 12.3043 12.2618 12.2176 12.263 12.3085 12.3368 12.3552 12.4808 12.581 12.6852 12.7992 12.9489 13.0525 13.125 13.176 13.2289 13.2199 13.0607 12.9068 12.825 12.7758 12.7677 12.7686 12.7775 12.798 12.8575 12.9164 12.9782 13.059 13.1967 13.2589 13.2168
14.1376 14.1496 13.9038 13.525 13.2043 12.9819 12.8842 12.8605 12.9678 13.0152 12.9904 12.913 12.8615 12.8462 12.6852 12.5428 12.4546 12.4656 12.5253 12.4829 12.4862 12.4713 12.4611 12.4389 12.4961 12.6337 12.7023 12.5482 12.2365 12.0077 11.8647 11.774 11.7837 11.8976 12.0847 12.1921 12.1877 12.0499 11.8751 11.7789 11.794 11.9457 12.1265 12.2526 12.2603 12.1594 11.8976 11.6932 11.6853 11.7269 11.9123 12.0966 12.189 12.3194 12.2746 12.0668 11.9267 11.9005 11.8864 11.8372 11.7944 11.7009 11.69 11.7761 11.9312 12.0827 12.1447 12.1046 12.0959 12.0578
14.4033 14.409 14.2634 13.9963 13.8086 13.7174 13.7246 13.8038 13.8732 13.9911 14.4323 14.2241 13.885 13.6454 13.447 13.341 13.3314 13.4293 13.5412 13.5096 13.4966 13.536 13.6456 13.6481 13.5831 13.5095 13.4556 13.3258 13.1719 13.0506 13.0311 12.9965 13.0188 13.0293 13.1241 13.1417 13.1154 12.9992 12.9376 12.9265 12.9611 13.0371 13.0809 13.1137 13.2001 13.2081 13.0929 12.997 12.9841 12.8932 12.7493 12.6216 12.4751 12.4862 12.4549 12.441 12.4307 12.4352 12.4205 12.4431 12.4836 12.4954 12.4905 12.4409 12.4015 12.3355 12.2908 12.2783 12.2828 12.2672
14.4013 14.3749 14.3199 14.2342 14.172 14.1429 14.1831 14.3101 14.4339 14.5555 14.626 14.6169 14.3771 14.1087 13.9185 13.8392 13.8606 13.9407 14.057 14.1612 14.2505 14.2926 14.3425 14.3392 14.1143 13.8877 13.7381 13.6242 13.5166 13.4327 13.3681 13.3213 13.3262 13.3622 13.3927 13.3589 13.3265 13.2803 13.2912 13.2984 13.3065 13.304 13.3053 13.3503 13.4309 13.5305 13.5664 13.5639 13.5172 13.4083 13.2943 13.2263 13.1363 13.0948 13.0221 12.9688 12.9496 12.9136 12.8824 12.8686 12.857 12.8536 12.8443 12.8508 12.813 12.8014 12.7481 12.7112 12.6878 12.6596
