benchmarks/avaInclinedPlane/release1IP_entres_ref_0.155_pfd.asc
ncols         1000
nrows         400
xllcenter     1000
yllcenter     -5000
cellsize      5
NODATA_value  -9999
[rows 217 to 247 of 400, columns 340 to 407 of 1000]
2.34672 2.31941 2.24391 2.27068 2.19726 2.20588 2.1542 2.15359 2.14679 2.16255 2.11666 2.14332 2.09423 2.15708 2.13524 2.17288 2.1839 2.16473 2.25585 2.2275 2.32662 2.29734 2.35546 2.36246 2.36545 2.40582 2.36881 2.40501 2.40705 2.36319 2.40709 2.37474 2.3919 2.36681 2.31561 2.25968 2.23785 2.22143 2.16304 2.22737 2.17319 2.18341 2.19869 2.2297 2.21527 2.28064 2.30193 2.27295 2.32538 2.27469 2.32703 2.31278 2.27503 2.26407 2.27114 2.22665 2.21012 2.20439 2.16703 2.11803 2.13179 2.05328 2.08366 2.0749 2.04693 2.08541 2.10511 2.09121
2.38303 2.4063 2.37588 2.31231 2.3199 2.27412 2.24919 2.2433 2.19707 2.22857 2.17688 2.17001 2.19604 2.1473 2.2168 2.18577 2.25643 2.27812 2.31516 2.36751 2.35218 2.43703 2.46231 2.4866 2.53265 2.49635 2.55034 2.55994 2.54165 2.57816 2.56892 2.55429 2.58771 2.51741 2.50565 2.44389 2.3554 2.33035 2.26563 2.15577 2.11809 2.08877 2.07391 2.0867 2.12537 2.11547 2.15876 2.20977 2.21322 2.25125 2.27185 2.2375 2.23312 2.19149 2.15902 2.15949 2.15159 2.11403 2.0523 2.05844 2.01271 1.99088 1.9848 1.93598 1.91518 1.91049 1.85528 1.86039
2.45702 2.41119 2.43095 2.36756 2.38013 2.37183 2.34375 2.36315 2.3505 2.3661 2.37035 2.33358 2.36981 2.36715 2.3892 2.41753 2.39438 2.44249 2.40761 2.43042 2.42319 2.39238 2.43793 2.42403 2.42199 2.44053 2.38679 2.44689 2.44608 2.46796 2.49961 2.48891 2.50635 2.49243 2.39625 2.37328 2.31856 2.2569 2.22233 2.15282 2.05809 2.01525 2.04365 2.05714 2.05324 2.09017 2.15528 2.1577 2.19947 2.20093 2.1317 2.09075 2.00682 1.93389 1.92055 1.87819 1.90073 1.89078 1.87444 1.85974 1.8406 1.77684 1.7525 1.75902 1.68896 1.71886 1.66343 1.61568
2.31118 2.30752 2.33034 2.29914 2.35542 2.36145 2.38104 2.41111 2.38554 2.42411 2.43054 2.41781 2.44608 2.39047 2.43352 2.4044 2.40524 2.40651 2.35952 2.35334 2.32822 2.29944 2.32612 2.31415 2.29862 2.31659 2.25082 2.32276 2.29624 2.33895 2.38736 2.40622 2.45119 2.46636 2.40246 2.37823 2.31334 2.22815 2.12659 2.05769 1.96754 1.92492 1.88011 1.88625 1.87977 1.83982 1.88762 1.89369 1.85248 1.87244 1.85348 1.80096 1.74901 1.68172 1.60388 1.62857 1.54324 1.53623 1.48577 1.44252 1.45307 1.40662 1.40359 1.35169 1.35312 1.30719 1.30929 1.27609
2.21152 2.2286 2.18475 2.1808 2.17517 2.20545 2.23144 2.22537 2.29266 2.30469 2.31719 2.37928 2.34752 2.38674 2.41287 2.34736 2.40263 2.3108 2.28862 2.21482 2.16818 2.15741 2.15888 2.09446 2.14843 2.09721 2.14447 2.13105 2.11927 2.18772 2.23286 2.19611 2.21884 2.17306 2.11981 2.09748 2.05255 1.9777 1.92513 1.85553 1.77729 1.69832 1.64319 1.637 1.59045 1.55323 1.55215 1.54064 1.48739 1.49215 1.44663 1.41424 1.39771 1.35075 1.35306 1.32087 1.24427 1.26225 1.19494 1.22975 1.1457 1.1745 1.13122 1.12214 1.1131 1.11659 1.11602 1.09909
2.04937 2.06211 2.08125 2.04537 2.05532 2.0345 1.98389 2.04995 2.03091 2.0841 2.12428 2.16076 2.14783 2.16683 2.15693 2.18948 2.20761 2.17412 2.17823 2.10562 2.14184 2.09421 2.04504 2.05052 2.05052 1.96963 2.01153 1.94409 1.9662 1.92675 1.8759 1.86367 1.84943 1.78258 1.73749 1.72167 1.64985 1.61503 1.55889 1.48762 1.43108 1.4291 1.36966 1.31648 1.28267 1.2704 1.19455 1.18603 1.13269 1.10626 1.10686 1.08701 1.06372 1.0612 1.01371 1.00904 1.01534 1.00993 1.00439 1.04429 1.06713 1.06551 1.09062 1.12442 1.12862 1.13444 1.13485 1.14896
1.8403 1.85784 1.83864 1.83264 1.83444 1.86408 1.82784 1.84726 1.83774 1.88753 1.93658 1.98973 1.98817 2.03747 2.00019 1.96265 1.89328 1.80771 1.82636 1.79527 1.80306 1.79599 1.71735 1.70077 1.68089 1.70142 1.65386 1.64522 1.57334 1.54686 1.49325 1.46226 1.41715 1.42661 1.41989 1.35944 1.33877 1.28213 1.26197 1.19499 1.16333 1.15212 1.13593 1.16054 1.14214 1.11937 1.10692 1.0815 1.07033 1.04272 1.03659 1.02057 1.00212 1.00256 1.01062 1.05583 1.08692 1.10702 1.13404 1.15778 1.17403 1.17728 1.18856 1.1877 1.20219 1.20114 1.21045 1.21299
1.46469 1.53511 1.57299 1.56638 1.54799 1.55918 1.5685 1.56916 1.5453 1.55878 1.50687 1.51322 1.52122 1.51924 1.52876 1.49262 1.46308 1.461 1.45018 1.36767 1.35085 1.27478 1.27948 1.3006 1.27106 1.25899 1.23641 1.17892 1.17391 1.13988 1.12344 1.0963 1.10308 1.10554 1.14474 1.17492 1.15618 1.18343 1.19591 1.19209 1.20072 1.18221 1.19997 1.18992 1.20068 1.2212 1.23416 1.21889 1.22377 1.20656 1.20868 1.22517 1.23173 1.25833 1.25206 1.28478 1.29859 1.29505 1.29497 1.27992 1.30837 1.2711 1.31944 1.26061 1.28757 1.26157 1.27989 1.29896
1.0692 1.07507 1.06945 1.13439 1.19406 1.22118 1.19916 1.17136 1.1416 1.14354 1.14757 1.09258 1.10904 1.08603 1.06375 1.03798 1.01826 0.991513 0.976423 0.957175 0.977612 0.944762 0.957582 0.914152 0.916282 0.93151 0.942891 0.97051 0.992626 0.984343 0.991468 1.01328 1.02069 1.04539 1.04233 1.07099 1.09201 1.13173 1.15609 1.16403 1.1652 1.1589 1.16359 1.142 1.16561 1.13579 1.1411 1.1225 1.12483 1.08864 1.09147 1.08146 1.07331 1.07163 1.0857 1.10843 1.12103 1.13197 1.13012 1.14657 1.114 1.12348 1.09806 1.10203 1.13982 1.12528 1.14138 1.12714
1.15928 1.17104 1.14261 1.14754 1.13538 1.12634 1.11817 1.08988 1.07227 1.05405 1.03338 1.02392 1.02173 0.994481 1.00556 0.989618 0.986231 0.995913 0.964256 0.977094 0.954113 0.951947 0.932809 0.928431 0.912533 0.935913 0.949275 0.979555 1.01171 1.0614 1.0758 1.10671 1.08349 1.06002 1.03802 1.04431 1.056 1.06279 1.0688 1.07299 1.08598 1.07504 1.07915 1.07668 1.04753 1.01468 1.01495 1.02373 1.0427 1.01788 0.969554 0.967789 0.944096 0.934744 0.922375 0.887848 0.862777 0.894654 0.911297 0.945209 0.963307 0.986318 1.01181 0.998635 0.957603 0.951947 0.942214 0.956093
1.17303 1.16984 1.15248 1.14486 1.1095 1.10589 1.10492 1.10273 1.08845 1.08891 1.0894 1.06138 1.07105 1.03019 1.05548 1.05245 1.08277 1.07711 1.10036 1.09996 1.06483 1.06636 1.04254 1.02548 1.0054 0.972398 0.957403 0.95363 0.985332 1.0142 1.01757 1.00745 0.977266 0.942078 0.895704 0.891633 0.901368 0.932466 0.928003 0.932207 0.910815 0.877431 0.830424 0.769148 0.760328 0.803245 0.838293 0.855693 0.870211 0.890065 0.910692 0.90928 0.920811 0.921919 0.91575 0.906602 0.897629 0.874679 0.885745 0.896537 0.917377 0.897548 0.865119 0.880159 0.876762 0.847217 0.832036 0.831044
1.00917 0.987868 0.985242 0.981661 0.974367 0.95929 0.964701 0.9705 0.978834 0.981087 0.972783 0.951115 0.955844 0.957552 0.946972 0.947725 0.945088 0.934507 0.917971 0.910403 0.893348 0.866799 0.850571 0.825064 0.812949 0.813456 0.802226 0.806573 0.809876 0.811246 0.796199 0.812431 0.842461 0.831704 0.839716 0.823761 0.811729 0.794812 0.777823 0.773425 0.76362 0.751184 0.743031 0.735222 0.728977 0.705629 0.696489 0.717923 0.746914 0.766558 0.800617 0.825792 0.811157 0.804061 0.786903 0.745749 0.75832 0.760899 0.731906 0.731558 0.729101 0.725402 0.712214 0.733114 0.722599 0.701598 0.697826 0.69204
0.931781 0.948023 0.957701 0.966777 0.977648 0.978843 0.995976 1.00336 1.01655 1.01874 1.00009 0.966103 0.953171 0.937188 0.915318 0.9056 0.891464 0.89226 0.887735 0.904794 0.901498 0.885358 0.887873 0.893523 0.881386 0.863074 0.828424 0.804964 0.78269 0.760643 0.769902 0.781978 0.812678 0.820648 0.851757 0.835677 0.828081 0.816431 0.787016 0.750787 0.716477 0.682489 0.673606 0.657473 0.630187 0.605786 0.610468 0.59506 0.565081 0.536774 0.546662 0.591232 0.620894 0.633975 0.645246 0.637406 0.632509 0.636236 0.625071 0.601628 0.585774 0.566001 0.54473 0.54823 0.534524 0.558817 0.578828 0.600826
0.70199 0.685127 0.639046 0.61256 0.585157 0.55635 0.572495 0.619254 0.648989 0.665132 0.646046 0.61902 0.589105 0.559194 0.608115 0.608201 0.610024 0.622512 0.603025 0.615601 0.606627 0.587484 0.558096 0.523365 0.499218 0.499208 0.488907 0.497332 0.513629 0.532148 0.527091 0.514281 0.494483 0.477069 0.475611 0.492287 0.513264 0.508531 0.494058 0.5031 0.548145 0.572171 0.583192 0.594168 0.585475 0.574541 0.575887 0.583952 0.572271 0.546951 0.496345 0.488733 0.475798 0.5036 0.515287 0.511679 0.50791 0.505281 0.489695 0.468361 0.493205 0.486459 0.486754 0.480653 0.476039 0.486449 0.471159 0.479911
0.436688 0.431174 0.411476 0.408065 0.411044 0.426191 0.446889 0.479255 0.491228 0.480597 0.472214 0.506339 0.571736 0.600152 0.607562 0.570639 0.531398 0.494576 0.485971 0.491681 0.481165 0.455521 0.447624 0.439823 0.450389 0.453792 0.445492 0.441397 0.440815 0.441024 0.449303 0.45763 0.462567 0.462594 0.454607 0.458455 0.460607 0.469808 0.43901 0.422215 0.433309 0.428614 0.434428 0.441918 0.440076 0.433576 0.420137 0.429254 0.427819 0.423794 0.437519 0.447795 0.452934 0.43084 0.44265 0.449816 0.454132 0.45151 0.435456 0.443251 0.424151 0.443621 0.444463 0.447086 0.437342 0.450866 0.451523 0.441134
0.364416 0.366076 0.364867 0.368875 0.378543 0.371385 0.375412 0.387671 0.403428 0.409316 0.421796 0.421495 0.401262 0.400803 0.398774 0.385062 0.390429 0.386977 0.379951 0.373059 0.378609 0.387883 0.398039 0.404936 0.407436 0.409849 0.412858 0.410812 0.414136 0.4054 0.407045 0.398537 0.392156 0.383809 0.372029 0.379428 0.382451 0.38234 0.380476 0.372178 0.359414 0.345199 0.363665 0.369335 0.371417 0.381132 0.382239 0.370232 0.391779 0.407496 0.413097 0.407626 0.396327 0.384548 0.370892 0.375432 0.38646 0.401785 0.406597 0.407762 0.403302 0.389954 0.381685 0.382049 0.383553 0.382428 0.397397 0.41406
0.33169 0.336588 0.339963 0.32943 0.32517 0.321769 0.324789 0.341624 0.366491 0.375697 0.379947 0.379538 0.375008 0.367562 0.378654 0.383084 0.380623 0.368885 0.358743 0.355922 0.354731 0.350839 0.345522 0.351278 0.342366 0.331637 0.320842 0.331522 0.34496 0.372523 0.385942 0.387037 0.374794 0.364893 0.361198 0.367572 0.36943 0.373697 0.384188 0.381949 0.388019 0.406837 0.407078 0.409577 0.420481 0.426326 0.41811 0.405386 0.390263 0.373832 0.381459 0.37724 0.371909 0.396794 0.395115 0.379398 0.389037 0.400563 0.405549 0.41407 0.42792 0.430908 0.423336 0.387273 0.374981 0.368833 0.372674 0.37374
0.245526 0.249627 0.252515 0.293822 0.309603 0.3168 0.312986 0.297452 0.268439 0.266719 0.273782 0.278377 0.282229 0.284035 0.289527 0.293829 0.297222 0.300128 0.304459 0.306971 0.32982 0.342963 0.348355 0.35028 0.350375 0.350419 0.343476 0.326634 0.320717 0.312517 0.306374 0.319095 0.32193 0.317397 0.306656 0.298199 0.296289 0.285685 0.278308 0.275825 0.274003 0.276447 0.286308 0.273265 0.273312 0.285432 0.29201 0.298716 0.285787 0.255104 0.251575 0.259363 0.267084 0.277917 0.291336 0.299814 0.309729 0.316223 0.321757 0.299202 0.294757 0.309553 0.325309 0.342345 0.35718 0.370711 0.380546 0.38365
0.209335 0.205635 0.2051 0.203582 0.198783 0.188069 0.178181 0.18323 0.196573 0.201741 0.208606 0.21443 0.22042 0.218573 0.212951 0.203874 0.207585 0.201606 0.197951 0.197833 0.207143 0.210581 0.220113 0.220626 0.21018 0.197114 0.179336 0.177672 0.179281 0.175894 0.180255 0.177709 0.177272 0.180839 0.176241 0.178675 0.179379 0.17583 0.175895 0.193484 0.217884 0.226423 0.235813 0.233548 0.232955 0.233079 0.226512 0.214129 0.207109 0.201109 0.194814 0.191999 0.199436 0.213458 0.203573 0.202555 0.212005 0.224072 0.240526 0.236632 0.233525 0.225696 0.210108 0.193181 0.175114 0.173502 0.174067 0.195753
0.040446 0.0402722 0.0408434 0.0417145 0.0425313 0.0421109 0.042152 0.0416697 0.0427967 0.0424669 0.0419357 0.0420691 0.0422358 0.0423991 0.0425579 0.0427111 0.0428581 0.0429387 0.0428029 0.0426608 0.0425131 0.0423606 0.042204 0.0420445 0.0418831 0.0417923 0.0419626 0.0421313 0.042297 0.0424588 0.0426156 0.0427666 0.0429111 0.0428885 0.0427502 0.042606 0.0424563 0.0423021 0.0421444 0.041984 0.0418223 0.0418564 0.0420263 0.0421939 0.0423583 0.0452207 0.0490374 0.0520731 0.0540239 0.0552346 0.0556298 0.0549544 0.0563328 0.0550766 0.0580019 0.0589253 0.0628254 0.0657656 0.0654183 0.066779 0.0668384 0.068208 0.0678126 0.066854 0.0672235 0.0676978 0.067918 0.0680388
0 0 0 0 0 0 0 0 0 0 0 0 0 0 0 0 0 0 0 0 0 0 0 0 0 0 0 0 0 0 0 0 0 0 0 0 0 0 0 0 0 0 0 0 0 0 0 0 0 0 0 0 0 0 0 0 0 0 0 0 0 0 0 0 0 0 0 0
0 0 0 0 0 0 0 0 0 0 0 0 0 0 0 0 0 0 0 0 0 0 0 0 0 0 0 0 0 0 0 0 0 0 0 0 0 0 0 0 0 0 0 0 0 0 0 0 0 0 0 0 0 0 0 0 0 0 0 0 0 0 0 0 0 0 0 0
0 0 0 0 0 0 0 0 0 0 0 0 0 0 0 0 0 0 0 0 0 0 0 0 0 0 0 0 0 0 0 0 0 0 0 0 0 0 0 0 0 0 0 0 0 0 0 0 0 0 0 0 0 0 0 0 0 0 0 0 0 0 0 0 0 0 0 0
0 0 0 0 0 0 0 0 0 0 0 0 0 0 0 0 0 0 0 0 0 0 0 0 0 0 0 0 0 0 0 0 0 0 0 0 0 0 0 0 0 0 0 0 0 0 0 0 0 0 0 0 0 0 0 0 0 0 0 0 0 0 0 0 0 0 0 0
0 0 0 0 0 0 0 0 0 0 0 0 0 0 0 0 0 0 0 0 0 0 0 0 0 0 0 0 0 0 0 0 0 0 0 0 0 0 0 0 0 0 0 0 0 0 0 0 0 0 0 0 0 0 0 0 0 0 0 0 0 0 0 0 0 0 0 0
0 0 0 0 0 0 0 0 0 0 0 0 0 0 0 0 0 0 0 0 0 0 0 0 0 0 0 0 0 0 0 0 0 0 0 0 0 0 0 0 0 0 0 0 0 0 0 0 0 0 0 0 0 0 0 0 0 0 0 0 0 0 0 0 0 0 0 0
0 0 0 0 0 0 0 0 0 0 0 0 0 0 0 0 0 0 0 0 0 0 0 0 0 0 0 0 0 0 0 0 0 0 0 0 0 0 0 0 0 0 0 0 0 0 0 0 0 0 0 0 0 0 0 0 0 0 0 0 0 0 0 0 0 0 0 0
0 0 0 0 0 0 0 0 0 0 0 0 0 0 0 0 0 0 0 0 0 0 0 0 0 0 0 0 0 0 0 0 0 0 0 0 0 0 0 0 0 0 0 0 0 0 0 0 0 0 0 0 0 0 0 0 0 0 0 0 0 0 0 0 0 0 0 0
0 0 0 0 0 0 0 0 0 0 0 0 0 0 0 0 0 0 0 0 0 0 0 0 0 0 0 0 0 0 0 0 0 0 0 0 0 0 0 0 0 0 0 0 0 0 0 0 0 0 0 0 0 0 0 0 0 0 0 0 0 0 0 0 0 0 0 0
0 0 0 0 0 0 0 0 0 0 0 0 0 0 0 0 0 0 0 0 0 0 0 0 0 0 0 0 0 0 0 0 0 0 0 0 0 0 0 0 0 0 0 0 0 0 0 0 0 0 0 0 0 0 0 0 0 0 0 0 0 0 0 0 0 0 0 0
0 0 0 0 0 0 0 0 0 0 0 0 0 0 0 0 0 0 0 0 0 0 0 0 0 0 0 0 0 0 0 0 0 0 0 0 0 0 0 0 0 0 0 0 0 0 0 0 0 0 0 0 0 0 0 0 0 0 0 0 0 0 0 0 0 0 0 0
