benchmarks/avaInclinedPlane/release1IP_entres_ref_0.155_ppr.asc
ncols         1000
nrows         400
xllcenter     1000
yllcenter     -5000
cellsize      5
NODATA_value  -9999
[rows 155 to 185 of 400, columns 560 to 629 of 1000]
0 0 0 0 0 0 0 0 0 0 0 0 0 0 0 0 0 0 0 0 0 0 0 0 0 0 0 0 0 0 0 0 0 0 0 0 0 0 0 0 0 0 0 0 0 0 0 0 0 0 0 0 0 0 0 0 0 0 0 0 0 0 0 0 0 0 0 0 0 0
0 0 0 0 0 0 0 0 0 0 0 0 0 0 0 0 0 0 0 0 0 0 0 0 0 0 0 0 0 0 0 0 0 0 0 0 0 0 0 0 0 0 0 0 0 0 0 0 0 0 0 0 0 0 0 0 0 0 0 0 0 0 0 0 0 0 0 0 0 0
0 0 0 0 0 0 0 0 0 0 0 0 0 0 0 0 0 0 0 0 0 0 0 0 0 0 0 0 0 0 0 0 0 0 0 0 0 0 0 0 0 0 0 0 0 0 0 0 0 0 0 0 0 0 0 0 0 0 0 0 0 0 0 0 0 0 0 0 0 0
0 0 0 0 0 0 0 0 0 0 0 0 0 0 0 0 0 0 0 0 0 0 0 0 0 0 0 0 0 0 0 0 0 0 0 0 0 0 0 0 0 0 0 0 0 0 0 0 0 0 0 0 0 0 0 0 0 0 0 0 0 0 0 0 0 0 0 0 0 0
0 0 0 0 0 0 0 0 0 0 0 0 0 0 0 0 0 0 0 0 0 0 0 0 0 0 0 0 0 0 0 0 0 0 0 0 0 0 0 0 0 0 0 0 0 0 0 0 0 0 0 0 0 0 0 0 0 0 0 0 0 0 0 0 0 0 0 0 0 0
0 0 0 0 0 0 0 0 0 0 0 0 0 0 0 0 0 0 0 0 0 0 0 0 0 0 0 0 0 0 0 0 0 0 0 0 0 0 0 0 0 0 0 0 0 0 0 0 0 0 0 0 0 0 0 0 0 0 0 0 0 0 0 0 0 0 0 0 0 0
0 0 0 0 0 0 0 0 0 0 0 0 0 0 0 0 0 0 0 0 0 0 0 0 0 0 0 0 0 0 0 0 0 0 0 0 0 0 0 0 0 0 0 0 0 0 0 0 0 0 0 0 0 0 0 0 0 0 0 0 0 0 0 0 0 0 0 0 0 0
5.30364 5.64112 6.06454 6.47161 7.02863 7.48698 7.64002 7.64002 7.45042 6.90824 5.91096 4.64831 4.06954 4.3937 6.61542 6.62032 6.62032 5.92321 5.9328 5.9328 5.68189 4.81067 4.74532 9.45188 9.97799 9.97799 9.67051 9.8568 10.138 10.3336 10.3339 10.224 9.97722 8.73688 8.4082 6.47872 6.47872 6.47211 6.42997 6.33237 6.17287 5.90324 4.5155 4.50734 4.47753 4.46684 4.36504 4.0996 3.70646 0 0 0 0 0 0 0 0 0 0 0 0 0 0 0 0 0 0 0 0 0
11.3178 11.628 11.8762 12.0513 12.1562 12.2042 12.2042 12.196 12.1913 12.1901 12.1799 12.0929 11.801 11.2824 10.3904 9.36207 9.27513 9.36766 9.12773 11.6631 12.1672 12.1675 12.1675 12.1058 11.9915 11.6735 11.1578 10.3299 9.91621 10.1437 10.2483 10.1852 9.94628 9.52402 9.26372 8.38305 8.36672 8.53124 8.33476 7.33119 9.36979 9.52261 9.52261 9.89023 10.2978 10.6666 10.9867 11.3218 10.9524 11.1263 11.1263 11.0251 10.4551 9.61688 8.65253 7.73867 7.16193 7.30579 6.25666 5.90848 5.75465 5.63178 5.60208 5.60208 5.59891 5.47551 5.17801 5.13587 5.23011 5.35179
14.1839 14.1695 14.1336 14.0689 13.9166 13.7404 13.5819 13.2904 13.0919 12.777 12.5928 12.7923 13.0125 13.1957 13.2963 13.5611 13.5416 13.2953 12.7356 11.8988 12.0546 12.0764 12.0577 11.9531 11.965 11.8091 12.1078 12.1127 11.8703 11.3314 10.5935 10.2589 10.222 10.2373 10.2997 10.1257 9.88263 9.78631 9.92733 9.40896 9.51781 9.64458 9.65596 9.89023 10.2979 10.6867 11.02 11.3293 11.6846 11.8097 11.4454 11.0251 10.4551 9.61688 9.66013 9.66013 9.70194 9.1542 8.9057 8.65635 8.79021 8.16651 7.89257 8.07717 8.66219 9.08375 9.26546 9.32469 9.62068 9.76582
14.1695 14.1336 14.0739 14.0831 14.0872 14.0071 13.8899 13.7659 13.5305 13.3274 13.0507 12.8279 12.6443 13.1173 13.4052 13.5611 13.5416 13.2953 12.1919 11.9512 12.2206 12.3711 12.3779 13.0138 14.1467 14.2048 14.2048 13.8823 13.2553 12.7156 12.1246 11.6101 11.6562 11.7997 11.821 13.403 13.8498 13.7501 12.846 12.1892 11.8473 12.0782 12.096 12.096 11.9282 11.5792 11.0763 10.4724 11.8192 12.1512 12.1512 11.8232 11.1856 10.3641 10.2211 10.4382 10.4895 10.4467 10.2383 10.1992 10.6239 10.6538 10.6538 10.0635 9.74139 9.80805 9.83563 9.84685 9.94518 10.0076
14.6109 14.5728 14.2467 13.7283 14.0872 14.0071 13.8899 13.7659 13.5305 13.8214 13.7257 13.356 14.7166 14.3241 13.6431 14.1774 14.2992 14.3455 14.2991 14.1644 13.3944 13.2624 13.292 13.5917 14.0877 14.0764 14.0599 13.7554 13.1412 12.6687 13.7207 13.2655 13.5748 13.8125 13.7743 13.8985 13.8668 13.8007 13.3861 13.0315 12.9607 12.6456 12.2397 11.8608 12.1653 13.2543 13.8751 13.8751 13.7744 13.2458 12.6987 13.1099 13.8736 14.4207 14.4793 14.5251 14.2103 13.5233 13.0966 12.5957 11.6425 11.381 11.3284 11.3232 11.0946 11.0735 10.7303 12.2774 12.2423 12.0093
15.4391 14.8899 14.0597 13.8502 13.8646 13.8841 13.9133 13.7257 13.723 13.911 13.9393 13.8833 13.7852 13.7668 13.8245 14.1774 14.2992 14.377 14.4948 14.5235 14.9823 16.569 17.1175 16.8625 16.2889 15.538 14.5693 14.1426 14.08 14.0961 14.2206 14.5202 14.8536 15.1018 15.2024 15.0512 14.9371 14.8204 14.6813 14.5423 14.6862 14.775 15.0179 15.4027 15.5355 15.3367 15.1674 16.1576 16.9846 17.1373 16.8334 16.7894 16.9941 16.962 16.8835 16.0328 15.0355 14.6532 14.575 14.465 14.5142 14.6348 14.7991 14.5349 13.9068 12.7181 13.9421 14.5864 15.6938 16.4305
15.1123 14.5138 15.1799 15.6145 15.5586 15.5251 14.771 14.6388 14.8606 14.9102 14.9079 15.0671 15.329 16.1306 14.8017 15.0647 15.6101 15.8676 16.0192 16.4107 16.9047 17.393 17.3451 17.0954 19.2645 18.9262 18.3535 16.969 15.7012 15.8303 16.0411 16.3808 16.7375 16.9439 17.1195 17.2706 17.2835 17.3467 17.3648 17.2837 17.0713 16.9531 17.0369 17.37 17.6428 19.1245 19.1245 18.8023 18.6411 18.1195 17.5625 17.1282 17.1976 17.4132 18.9016 17.7421 17.2557 16.2853 15.7384 18.0243 18.2187 18.2404 17.1822 17.7152 17.7653 17.6448 17.442 17.2077 17.164 17.3334
16.1102 16.4748 16.7215 17.0093 17.2818 17.8465 19.4047 18.6991 19.0065 19.2984 19.6222 19.6464 19.7301 19.8046 19.7747 19.6976 19.5535 19.4328 19.2576 18.8775 18.8435 18.8963 18.8415 18.6369 18.342 17.8382 17.3501 16.642 16.4291 16.7357 16.9246 16.9707 16.9362 16.7883 16.7963 17.1192 17.4316 17.7586 18.0041 18.0841 18.0991 18.0918 18.1134 18.6087 18.8522 19.0266 19.1245 18.8023 18.5655 18.4412 18.5637 18.7794 19.2509 19.8345 20.3573 20.3963 20.7312 20.8568 20.7347 20.461 20.2672 18.8487 17.4668 19.342 20.2573 20.0016 22.9563 20.4095 19.8734 20.3001
22.629 22.806 23.003 22.9073 22.7548 22.3859 21.9532 21.8075 21.6861 22.0684 22.1421 22.1981 22.4656 22.6975 22.9988 23.6057 23.6915 24.5225 23.8239 21.4367 20.03 19.3251 18.8679 18.6975 19.2341 19.3943 19.2133 18.8847 18.3884 17.9512 17.4469 17.584 18.5841 19.2664 19.6637 19.8444 20.34 21.2795 21.7384 21.6669 21.3462 21.0149 20.1421 19.5103 19.3115 19.2897 19.4794 19.9298 20.2514 20.5629 21.1397 21.8767 22.4053 22.6608 23.173 23.238 23.2052 23.2264 23.1392 23.2222 23.5435 23.6746 23.7166 25.6467 26.5826 26.7053 24.6168 23.8277 23.6685 23.3063
25.2733 25.1238 24.9048 25.0106 25.3826 25.6008 25.6605 25.6293 25.7735 25.8309 25.8631 25.9864 26.2056 26.7079 27.6146 27.1598 25.1776 29.2479 29.5102 28.5164 27.0445 26.0349 24.2677 23.9288 23.4826 22.7994 22.064 21.5827 21.334 21.4011 21.5504 22.1508 22.5282 22.7332 22.7253 22.6961 23.2003 23.8583 24.2118 24.1729 23.7253 23.4024 23.1605 22.9323 22.8267 22.9946 23.0517 23.0728 23.305 23.4561 23.839 24.2288 24.7019 25.0699 25.1744 25.3058 25.2724 25.1082 25.3193 25.519 26.0194 26.5039 26.8625 26.9988 27.013 26.7931 26.4175 26.7127 25.7835 24.8915
26.7523 26.6785 26.8323 27.1612 27.6224 27.7821 27.7172 27.3371 27.6912 27.7703 27.757 27.3938 27.4531 27.9135 28.285 28.2459 28.4218 28.737 28.9181 27.2127 26.6662 26.1789 25.6036 25.114 25.0461 24.6986 24.4703 24.4259 24.3689 24.2131 24.2147 24.5153 24.6439 24.7331 24.8055 24.96 25.3252 25.7783 25.8138 25.5837 24.9371 24.6573 24.4866 24.3486 24.2234 24.1761 24.0284 24.0209 24.3145 24.5763 24.8437 25.0269 25.3605 25.6509 25.7613 25.7792 25.6777 25.5582 25.6144 25.7633 26.1857 26.481 26.8039 26.8195 26.6393 26.722 26.8502 26.4789 25.7583 26.6059
33.0152 33.566 33.7499 34.2702 35.0754 35.0612 35.2486 34.8815 33.7793 32.8077 31.7984 31.6217 31.8836 32.3642 33.9285 36.0071 37.4481 37.2404 36.1938 34.0458 31.2583 28.3968 27.8187 26.8566 31.4207 29.8336 27.5641 24.461 23.9363 23.955 23.9921 24.3758 24.6697 24.6405 24.6566 24.4037 24.5833 24.998 25.3199 25.3509 25.2909 25.2333 25.2645 25.0884 24.9041 24.9024 25.2986 25.6892 26.0193 26.2638 26.4533 26.4308 26.2115 25.9942 25.9381 26.3271 26.7164 26.8912 27.0954 27.4642 27.9603 28.0758 27.9479 27.681 27.6108 27.7252 28.0462 28.2724 28.5749 28.5242
35.9129 36.277 36.5555 37.0958 37.8255 37.9619 38.0196 37.7625 37.2278 36.2265 35.603 34.8662 35.0336 35.3356 36.0525 37.0055 37.1855 37.5383 37.9652 35.856 33.2559 32.1369 32.1171 32.1987 32.3926 32.725 33.1638 32.7917 31.7757 30.0778 39.5881 39.5939 39.5869 38.6168 38.4773 38.3694 37.8829 36.7065 35.2015 33.6742 31.7345 29.3666 26.7729 35.758 34.7377 33.2147 31.1761 29.112 26.6257 33.2597 31.811 29.5951 26.9982 26.3226 26.3228 26.4479 26.6101 26.758 26.8596 27.0088 27.2948 27.6029 27.7386 27.7929 27.8158 27.9736 28.2418 28.462 28.4145 28.2916
40.3766 40.812 41.3503 41.6549 42.4657 42.8226 42.9174 42.0473 41.6553 40.9095 39.8942 39.073 38.9034 39.0318 39.5702 40.1003 40.387 40.5573 40.3502 38.8727 36.4159 35.384 34.9661 34.7993 34.6803 34.8594 35.7615 36.8687 38.2222 38.7916 39.1344 38.944 37.9706 37.7187 37.875 37.5501 36.8105 36.1972 35.7362 35.7581 35.8021 35.8393 36.0009 36.5199 36.0613 35.5565 34.8789 34.4365 34.424 35.3632 36.0628 36.7252 35.264 34.5366 34.3421 33.7517 33.1905 32.1959 30.6728 28.9257 26.7487 24.6333 33.3417 32.7271 31.3129 29.4294 27.0129 26.4818 26.7748 26.6746
42.1572 42.4712 42.5841 42.5669 42.8123 42.9745 43.1917 43.3046 43.7803 43.8463 43.6776 42.8508 42.4153 42.3201 42.6543 43.2309 44.0133 44.732 43.9964 41.8505 39.6904 38.9043 38.7024 38.6744 39.0047 39.9267 41.2324 41.9787 42.4348 41.3269 40.5614 39.7289 39.2562 39.4496 40.0569 39.8131 38.7473 37.923 37.7288 37.5208 37.3341 37.2905 37.4183 37.2166 36.6939 36.1328 35.629 35.8411 36.0939 36.3579 35.9739 35.1802 34.42 33.9379 33.5198 33.3321 33.3387 33.5694 33.5405 33.6696 33.331 33.1177 32.9933 33.138 33.3661 33.5125 32.8211 31.856 30.9248 29.6855
42.4971 42.4366 42.3308 42.1743 42.1279 42.1627 42.5171 42.9394 43.4487 43.5764 43.3186 43.034 43.0416 42.8374 42.9231 43.4473 44.2032 44.4295 43.6995 42.5436 41.5504 41.3535 41.0162 40.7166 40.7127 40.9667 41.4517 41.5787 41.5875 40.7167 40.3343 40.1 40.0145 41.2965 41.5969 41.7035 40.4253 39.0081 38.2334 37.6357 37.847 40.8069 38.6821 37.6887 37.2884 36.5448 36.1991 36.5493 37.1972 37.6012 37.5068 36.9976 36.3685 35.8017 35.4176 34.9291 34.5339 34.3142 34.1887 33.7681 33.3127 32.599 32.3633 32.424 32.2532 31.798 31.4731 31.0796 30.679 30.3406
40.8278 40.3558 39.881 39.5944 39.7479 39.9753 40.2756 40.5451 40.678 40.5673 40.4365 40.3869 40.5336 40.4727 40.4782 40.7834 41.4227 41.7783 41.4007 41.2362 41.0681 41.1588 41.1806 41.0475 41.0704 41.0557 40.9131 41.0244 40.9772 40.4377 40.7528 41.5313 42.2903 42.6904 42.443 42.3134 42.3847 42.4514 42.6323 42.3503 41.9172 42.3316 42.7312 42.0543 40.9909 39.9411 38.8136 37.3555 36.4925 42.3806 43.4453 42.524 41.1041 39.2214 36.9949 39.4169 36.9879 33.98 30.6151 29.1422 29.3133 28.8651 28.5312 28.7494 28.8039 28.879 28.5894 28.2766 27.8457 27.5081
37.1346 37.1353 37.4406 37.7974 38.0749 37.9667 37.8418 38.0491 38.3204 38.4813 38.8077 39.303 39.6176 39.9033 40.4227 40.8626 41.2555 41.6593 42.0879 42.7722 43.1381 42.8233 41.9678 41.3685 41.1772 41.2101 41.2861 41.6621 42.4139 42.9702 43.7452 44.8302 45.3748 45.4406 44.9935 44.6782 44.6742 44.6555 44.344 44.2324 44.1753 43.961 43.4849 42.8627 42.3992 42.1623 42.1313 42.2199 42.627 43.0347 44.5044 45.5919 45.8606 45.2092 44.3912 43.7902 42.6921 41.0124 38.8995 36.5884 40.3668 37.7149 34.8655 31.8766 29.1888 26.7274 24.7482 22.2654 22.416 22.6014
40.828 41.1932 41.0925 40.9865 41.0979 41.0637 40.9906 41.2749 41.4918 41.6681 42.0836 42.3845 42.3415 42.0204 41.8263 41.8437 41.9438 42.3551 43.0732 44.0804 44.5486 44.4405 43.6363 42.9892 42.6933 42.6337 42.656 42.8524 43.5054 44.1989 45.122 46.3167 47.2003 47.021 45.8865 45.2199 45.0379 44.8839 44.5347 44.4419 44.3765 44.1157 43.8045 43.6089 43.5186 43.6199 43.7511 43.9398 44.2548 44.712 45.0202 45.0094 44.4912 44.0464 43.8664 44.0189 44.4038 44.3375 43.7122 43.0841 43.3885 42.2184 40.7906 39.3293 37.4134 35.8593 33.8255 31.7075 29.4179 27.232
43.4306 43.6548 43.4776 42.9211 42.4982 42.4496 42.4882 42.6979 42.9397 43.1419 43.4385 43.2816 42.744 41.9028 41.3872 41.0944 40.9759 41.3062 41.9681 42.7407 43.2918 43.3261 43.0079 42.7104 42.6447 42.7635 42.9787 43.1131 43.4709 44.2048 45.231 46.3709 47.4101 47.1809 45.6201 44.2296 43.619 43.2436 43.1258 43.0007 42.8642 42.6911 42.6733 42.8344 43.0636 43.1732 43.2928 43.4044 43.6398 44.1988 44.4959 44.1181 43.5939 43.1937 43.0133 43.2437 43.2312 42.8748 42.1559 41.8205 41.3253 41.1615 40.5396 39.7209 38.8602 38.7893 38.1386 37.6329 36.3331 34.6846
42.58 42.4742 41.9057 41.3538 41.3859 41.8348 42.4499 43.0052 43.5423 43.9625 44.1857 44.7193 42.8592 40.9466 39.4361 38.4894 38.229 38.3586 38.9242 39.422 39.9755 40.3164 40.3473 40.3659 40.4609 40.7328 41.0923 41.3065 41.4312 41.8937 43.0122 44.1901 44.8751 44.4355 43.0996 41.7283 40.9065 40.4769 40.3268 40.1258 40.2757 40.3995 40.57 40.7437 40.9402 41.0671 41.1677 41.209 41.3012 41.4916 41.6567 41.4037 41.1908 41.1406 41.3328 41.6705 41.6344 40.769 40.184 39.83 39.5284 38.8557 37.8989 37.0969 36.6817 36.3163 35.39 34.2887 33.1975 32.5171
42.2223 41.5175 41.7568 42.3932 43.053 43.4876 43.8279 43.866 43.5861 42.6562 41.6539 40.8589 39.904 39.3255 38.8202 38.4996 38.4163 38.5514 38.8333 38.8469 38.7799 39.3298 40.143 41.077 41.9099 42.5995 42.9312 42.9165 42.9645 43.3511 43.9997 44.5809 45.3895 45.9511 46.1919 46.0763 45.441 42.8831 39.524 37.4316 36.0122 35.1194 35.3291 35.5429 35.9968 36.3203 36.1386 35.9968 35.8379 35.9114 35.96 35.8897 36.1589 36.0883 36.3135 36.7043 37.0693 36.722 36.4192 36.1619 35.863 35.1288 33.7852 32.6483 33.1759 33.5882 33.6689 33.4098 33.3396 33.5686
41.2761 41.1623 41.343 41.7889 42.261 42.6855 42.9595 43.0983 42.9892 42.7811 42.3688 41.934 41.5289 41.1053 40.9332 40.9868 41.1136 41.398 41.6 41.7097 41.7571 41.9856 42.519 43.0668 43.8013 44.4524 44.7643 44.5299 44.469 44.6938 45.3572 46.036 46.623 47.0295 47.3348 47.112 46.6212 44.4927 42.3497 41.1168 40.5464 40.4522 38.9965 36.4766 34.8755 34.1839 33.7948 33.7269 33.8832 33.9973 34.5585 35.0909 35.2476 35.3114 35.2765 35.3733 35.6471 35.731 35.6422 35.5789 35.4525 35.4932 35.6279 35.996 36.202 36.2492 36.4363 36.9762 37.4303 37.7495
38.4592 38.4697 38.6041 38.9938 39.305 39.6249 39.9256 40.2886 40.6214 40.8004 40.8371 40.7688 40.8149 40.752 40.8352 40.8759 41.2423 41.7214 42.0099 42.1003 42.0666 42.1644 42.5682 42.9248 43.4007 44.0568 44.3813 44.3285 44.0066 43.9369 44.1692 44.6877 45.3657 45.8291 46.2641 46.3451 46.271 45.8122 45.6677 45.1676 44.4957 42.7709 39.3912 36.7954 35.3552 34.7697 34.4349 34.4163 34.451 34.7188 35.2464 35.8411 36.2269 36.351 36.4346 36.6305 36.9728 37.2317 37.2875 37.2822 37.3081 37.4129 37.6352 37.935 38.0636 38.1127 38.2432 38.5163 38.7346 38.7324
