benchmarks/avaInclinedPlane/release1IP_entres_ref_0.155_pfd.asc
ncols         1000
nrows         400
xllcenter     1000
yllcenter     -5000
cellsize      5
NODATA_value  -9999
[rows 186 to 216 of 400, columns 680 to 747 of 1000]
0.843574 0.842273 0.8281 0.850624 0.883332 0.902923 0.88702 0.871324 0.881158 0.89718 0.909219 0.917852 0.936095 0.939827 0.929 0.921454 0.903207 0.890797 0.886441 0.885019 0.871119 0.861982 0.863058 0.855584 0.836169 0.819788 0.8317 0.844089 0.85027 0.846908 0.834722 0.84083 0.859613 0.868449 0.863997 0.86077 0.854948 0.861891 0.856041 0.863293 0.871414 0.88771 0.898765 0.913173 0.916221 0.911805 0.908875 0.909516 0.909928 0.937326 0.957096 0.973708 0.981382 0.988772 0.985833 0.982054 0.996646 1.00667 1.01121 1.01965 1.00627 0.974458 0.940317 0.904557 0.859659 0.834575 0.825244 0.807639
0.833664 0.813078 0.787824 0.754818 0.755169 0.717685 0.716775 0.697694 0.701003 0.718994 0.715905 0.742005 0.753461 0.730569 0.733456 0.739895 0.745916 0.761188 0.814619 0.859502 0.855801 0.85492 0.877445 0.860378 0.831708 0.832699 0.828913 0.813838 0.814295 0.813494 0.813864 0.805066 0.800671 0.811305 0.819747 0.820317 0.805947 0.793212 0.779612 0.788684 0.802985 0.801987 0.821543 0.869465 0.896926 0.908106 0.905353 0.900923 0.910076 0.925647 0.938328 0.93442 0.926839 0.930659 0.924407 0.917829 0.916501 0.933549 0.941636 0.949094 0.942967 0.950047 0.946071 0.930567 0.916241 0.895063 0.874294 0.86196
0.542483 0.549662 0.541223 0.527837 0.491227 0.467806 0.466713 0.492464 0.505499 0.511853 0.517768 0.507164 0.524577 0.550151 0.563736 0.590445 0.624114 0.645636 0.660695 0.675889 0.689566 0.726793 0.762607 0.77643 0.806678 0.814355 0.810811 0.820095 0.823209 0.826609 0.829383 0.828632 0.791649 0.773666 0.740472 0.70822 0.70094 0.689207 0.69351 0.717459 0.753851 0.78059 0.800611 0.796047 0.827697 0.804543 0.790291 0.778923 0.76724 0.783373 0.779361 0.796537 0.781219 0.785906 0.780606 0.800563 0.796475 0.777906 0.811296 0.820477 0.791265 0.829432 0.831069 0.818433 0.807161 0.810353 0.803605 0.800943
0.553228 0.569938 0.579705 0.593314 0.590649 0.610956 0.596752 0.596563 0.599657 0.623733 0.662889 0.685826 0.687534 0.697084 0.699602 0.693013 0.713342 0.739858 0.75979 0.763921 0.762481 0.747525 0.747729 0.739483 0.735987 0.731007 0.71798 0.706667 0.687023 0.691839 0.708055 0.707878 0.715563 0.706373 0.695534 0.712027 0.66654 0.66669 0.639542 0.652671 0.626908 0.628284 0.593493 0.547697 0.545657 0.59029 0.606778 0.588725 0.568928 0.55547 0.546086 0.581063 0.599251 0.586326 0.564049 0.547912 0.550195 0.529238 0.493773 0.514028 0.521866 0.554113 0.580161 0.609649 0.622983 0.649529 0.670597 0.68564
0.570251 0.565668 0.572833 0.572143 0.570817 0.613539 0.630137 0.629053 0.610389 0.610591 0.618375 0.621587 0.617599 0.619848 0.630744 0.659025 0.681201 0.687294 0.678496 0.65819 0.639197 0.638086 0.648278 0.64673 0.653741 0.657377 0.636292 0.645925 0.645602 0.634641 0.623978 0.61558 0.593182 0.619137 0.613133 0.636335 0.610048 0.61856 0.599484 0.593622 0.577843 0.569689 0.548761 0.52214 0.528763 0.538885 0.545276 0.564725 0.576267 0.583493 0.563483 0.542584 0.518243 0.52066 0.529137 0.538691 0.53889 0.520215 0.5172 0.523082 0.53503 0.562897 0.582194 0.59128 0.583082 0.568918 0.548756 0.570181
0.643222 0.640322 0.63897 0.633127 0.62067 0.607235 0.604482 0.627157 0.638212 0.642832 0.639414 0.637661 0.635308 0.642518 0.640143 0.633767 0.651 0.656524 0.661846 0.688273 0.670832 0.678248 0.656306 0.60599 0.57924 0.544785 0.517765 0.539058 0.561267 0.553473 0.59931 0.615238 0.615925 0.631037 0.643316 0.639292 0.652309 0.655151 0.663063 0.692941 0.710945 0.687659 0.696592 0.722961 0.711176 0.705856 0.686784 0.684409 0.661115 0.701868 0.726216 0.75613 0.766218 0.752404 0.76148 0.759194 0.77249 0.776108 0.772645 0.754939 0.752555 0.742355 0.718255 0.668726 0.646198 0.636745 0.630773 0.634137
0.737657 0.736535 0.749571 0.753528 0.737484 0.731429 0.720549 0.732786 0.734711 0.743201 0.741104 0.761173 0.763046 0.753309 0.761576 0.774368 0.784135 0.807027 0.803307 0.818502 0.845757 0.849473 0.843476 0.825157 0.829681 0.829829 0.810635 0.817709 0.837351 0.843311 0.836516 0.809296 0.799017 0.780154 0.782406 0.802975 0.787666 0.803417 0.787396 0.768061 0.749601 0.775802 0.783508 0.796226 0.810795 0.854758 0.84064 0.86856 0.857115 0.826309 0.820669 0.824697 0.816858 0.817276 0.82795 0.814789 0.825578 0.811186 0.835874 0.822491 0.826671 0.805677 0.790739 0.776057 0.769688 0.782221 0.78609 0.783468
0.636027 0.63094 0.640839 0.649429 0.651688 0.66759 0.693017 0.679489 0.683336 0.671121 0.678549 0.664212 0.656619 0.676885 0.665704 0.684947 0.699636 0.721702 0.756847 0.782071 0.792701 0.828755 0.824746 0.815776 0.780673 0.773774 0.776722 0.760294 0.781529 0.809622 0.833427 0.847901 0.859255 0.857905 0.85261 0.862153 0.85371 0.85431 0.867586 0.87645 0.892667 0.880941 0.890746 0.882276 0.885483 0.861836 0.85142 0.83779 0.813614 0.799882 0.801056 0.797012 0.769078 0.762798 0.755543 0.765861 0.768201 0.785196 0.806482 0.815533 0.833151 0.837124 0.834917 0.85559 0.827343 0.836484 0.808288 0.803292
0.622227 0.612306 0.604201 0.603529 0.59796 0.611447 0.625406 0.626078 0.612836 0.597982 0.591763 0.594554 0.604961 0.629825 0.648064 0.683468 0.716885 0.732885 0.756185 0.794711 0.802275 0.831847 0.852731 0.882041 0.873036 0.907655 0.889378 0.879861 0.893209 0.883947 0.916412 0.900785 0.897355 0.888061 0.87752 0.878297 0.866558 0.870513 0.879014 0.876706 0.887124 0.876505 0.87874 0.872579 0.854881 0.850999 0.853577 0.865836 0.849623 0.837023 0.805382 0.754116 0.734076 0.713403 0.711536 0.699886 0.71449 0.714811 0.737866 0.761455 0.754713 0.748573 0.740614 0.743649 0.721602 0.727111 0.738949 0.770906
0.561146 0.578817 0.592533 0.614716 0.637726 0.654378 0.659629 0.655912 0.658196 0.649044 0.643548 0.639502 0.647404 0.653505 0.671206 0.674653 0.668858 0.664117 0.651994 0.634433 0.631754 0.628822 0.629665 0.639319 0.665784 0.672238 0.66552 0.672843 0.681594 0.71016 0.734224 0.731786 0.748421 0.734022 0.728434 0.726702 0.733635 0.747439 0.759417 0.746957 0.731113 0.722827 0.720459 0.741439 0.747204 0.740004 0.740137 0.723668 0.723073 0.735852 0.709134 0.700713 0.671107 0.645764 0.63058 0.635768 0.655816 0.657736 0.657414 0.650307 0.653086 0.641743 0.626274 0.628035 0.619921 0.63016 0.638489 0.635915
0.566858 0.585919 0.587771 0.577868 0.580623 0.591923 0.594369 0.590773 0.58104 0.59621 0.611604 0.610599 0.601689 0.587206 0.570528 0.550552 0.531589 0.531491 0.535668 0.5255 0.53553 0.53962 0.554245 0.597309 0.632448 0.6558 0.678116 0.686676 0.691423 0.685804 0.697155 0.682768 0.682381 0.671689 0.648669 0.640654 0.636709 0.640837 0.605584 0.602756 0.61992 0.6546 0.655145 0.646898 0.665951 0.665314 0.648035 0.616232 0.598343 0.59773 0.579001 0.550125 0.519068 0.517372 0.514712 0.518949 0.534566 0.574556 0.619386 0.646645 0.645815 0.640888 0.628812 0.623383 0.615706 0.586287 0.558014 0.57494
0.710624 0.698713 0.677717 0.660499 0.645935 0.626334 0.606827 0.586498 0.575153 0.597809 0.629517 0.641472 0.636531 0.662347 0.682234 0.682855 0.668125 0.663347 0.659003 0.653272 0.673024 0.684183 0.683359 0.664432 0.652951 0.645245 0.656799 0.66183 0.65987 0.650164 0.665339 0.667444 0.652318 0.668826 0.682496 0.677413 0.679186 0.699708 0.694051 0.67103 0.647351 0.609755 0.594347 0.58832 0.584509 0.59282 0.591356 0.579574 0.560012 0.566507 0.593172 0.62776 0.640898 0.645116 0.64157 0.628117 0.64722 0.663699 0.671538 0.673733 0.657397 0.636441 0.627957 0.63012 0.656092 0.678043 0.697555 0.706407
0.661101 0.667818 0.658975 0.664516 0.683203 0.696924 0.705794 0.712502 0.749213 0.773968 0.804382 0.810747 0.796854 0.792887 0.783977 0.779366 0.783827 0.783401 0.777835 0.778573 0.772062 0.759432 0.751944 0.742553 0.736513 0.727511 0.716204 0.704573 0.697994 0.698074 0.700203 0.696675 0.686288 0.696642 0.712008 0.721248 0.731518 0.734254 0.726536 0.713006 0.702772 0.691292 0.692755 0.713514 0.723426 0.737658 0.735411 0.721255 0.724988 0.728757 0.744657 0.747534 0.741678 0.738008 0.741064 0.733454 0.745627 0.758707 0.762808 0.765834 0.763212 0.770503 0.774714 0.797428 0.794646 0.791847 0.801949 0.800939
0.689646 0.683904 0.692842 0.696743 0.685933 0.664553 0.633569 0.627148 0.63179 0.630024 0.612114 0.606944 0.600535 0.617366 0.62672 0.627634 0.632335 0.638146 0.644106 0.645683 0.642495 0.640594 0.646269 0.665739 0.682198 0.68312 0.681766 0.681691 0.665149 0.656617 0.653486 0.644251 0.628807 0.613723 0.60305 0.606138 0.597403 0.610872 0.626615 0.63442 0.619481 0.61626 0.618898 0.620359 0.631227 0.646563 0.657659 0.66498 0.681653 0.68382 0.672401 0.671341 0.68053 0.681368 0.670104 0.663657 0.672124 0.675529 0.672935 0.650549 0.636871 0.641854 0.62195 0.622522 0.637846 0.641788 0.635369 0.646834
0.718369 0.730461 0.736141 0.755883 0.782497 0.784553 0.785713 0.786608 0.767787 0.754332 0.749467 0.767379 0.77966 0.774585 0.754706 0.750977 0.738264 0.719826 0.724183 0.70415 0.676714 0.683908 0.694604 0.720005 0.721412 0.71994 0.719937 0.704786 0.711046 0.726479 0.743343 0.716591 0.736759 0.712627 0.694287 0.69387 0.675964 0.660058 0.636821 0.628281 0.630231 0.648617 0.653543 0.647394 0.635539 0.634463 0.639614 0.63646 0.619789 0.620947 0.617512 0.619143 0.660566 0.688395 0.717908 0.746548 0.754804 0.756318 0.75422 0.760138 0.744303 0.753022 0.739216 0.746603 0.756918 0.748611 0.750741 0.737136
0.830535 0.81856 0.788043 0.784283 0.788707 0.787989 0.772624 0.74351 0.71786 0.715378 0.717681 0.73465 0.731737 0.762685 0.783448 0.783933 0.804286 0.804314 0.789549 0.792005 0.787086 0.780775 0.748717 0.721618 0.704715 0.68892 0.677546 0.700687 0.713631 0.708567 0.698956 0.705064 0.702866 0.692977 0.679022 0.664083 0.655095 0.638939 0.611127 0.611357 0.610223 0.591028 0.578394 0.569827 0.569927 0.574135 0.559346 0.558945 0.584514 0.621251 0.647505 0.698513 0.734012 0.756461 0.751679 0.784543 0.809448 0.815423 0.830343 0.81421 0.825525 0.784022 0.803626 0.7775 0.775504 0.781342 0.766528 0.728464
0.687634 0.698233 0.698844 0.713892 0.713133 0.697774 0.666885 0.635902 0.64322 0.644145 0.638596 0.628351 0.629919 0.623956 0.619039 0.619155 0.613243 0.612259 0.600342 0.610593 0.618317 0.632245 0.661991 0.685206 0.690934 0.693635 0.713785 0.728134 0.731447 0.718346 0.702017 0.699234 0.695712 0.686244 0.682022 0.70093 0.71638 0.725344 0.739793 0.772428 0.774443 0.790139 0.804315 0.812787 0.811369 0.790611 0.785286 0.772318 0.756268 0.757841 0.738428 0.73308 0.738101 0.696045 0.661037 0.659393 0.631797 0.600639 0.596773 0.602644 0.588359 0.54389 0.526631 0.536726 0.538083 0.5551 0.60009 0.62651
0.653046 0.663909 0.669889 0.690939 0.701923 0.713817 0.732926 0.73374 0.728887 0.704406 0.681052 0.658981 0.656779 0.650028 0.628125 0.622495 0.61415 0.596286 0.611986 0.615303 0.586585 0.565323 0.549134 0.58222 0.606962 0.612392 0.629998 0.643931 0.659395 0.663449 0.653865 0.634669 0.62426 0.617391 0.61069 0.596658 0.583096 0.560456 0.559998 0.602191 0.683516 0.721337 0.723361 0.732114 0.728707 0.712062 0.685513 0.668044 0.680471 0.679282 0.706324 0.70901 0.697837 0.675883 0.653311 0.629438 0.606005 0.587732 0.576787 0.562881 0.553017 0.568794 0.56855 0.559326 0.536785 0.521534 0.503283 0.483449
0.652786 0.636232 0.634508 0.632477 0.642048 0.645328 0.637079 0.624533 0.605342 0.577364 0.549008 0.540062 0.551976 0.542098 0.532142 0.535362 0.572278 0.596953 0.628964 0.65118 0.649015 0.640705 0.628702 0.62268 0.61975 0.615469 0.605868 0.593907 0.600636 0.602711 0.591407 0.592609 0.589333 0.588532 0.601157 0.602433 0.589233 0.592121 0.591531 0.578773 0.566095 0.560446 0.560245 0.54227 0.533883 0.549002 0.548136 0.54108 0.542607 0.57168 0.574519 0.618889 0.642563 0.650329 0.637149 0.625861 0.621123 0.609816 0.611228 0.593815 0.576411 0.568756 0.582019 0.588347 0.582287 0.57275 0.5353 0.507852
0.658021 0.646389 0.648775 0.65684 0.647959 0.64844 0.672024 0.670783 0.666036 0.661912 0.655318 0.663396 0.664282 0.671085 0.663605 0.647042 0.645664 0.660405 0.67022 0.675438 0.677844 0.676892 0.682922 0.683875 0.676471 0.677864 0.66399 0.65318 0.646422 0.649142 0.658126 0.64735 0.655769 0.665443 0.694696 0.71343 0.695171 0.673796 0.663014 0.666479 0.667183 0.66512 0.677443 0.692368 0.693533 0.699986 0.707166 0.699836 0.691158 0.702071 0.705511 0.705981 0.693151 0.670333 0.640591 0.641894 0.651256 0.632617 0.648054 0.648941 0.632497 0.609553 0.596371 0.584616 0.578101 0.567613 0.568335 0.569483
0.685318 0.672362 0.660144 0.659963 0.667264 0.667822 0.653199 0.651285 0.662471 0.665425 0.666145 0.668687 0.665914 0.68167 0.694908 0.69238 0.68068 0.664712 0.640486 0.629079 0.617845 0.604398 0.615427 0.617848 0.618404 0.608923 0.607111 0.613898 0.638361 0.645556 0.634778 0.622662 0.614086 0.619514 0.631116 0.634032 0.626138 0.611797 0.60385 0.597218 0.609964 0.605771 0.600465 0.596756 0.597733 0.603847 0.627986 0.627371 0.652291 0.636505 0.637455 0.630455 0.626134 0.623136 0.618683 0.589465 0.603118 0.633506 0.651798 0.66708 0.690288 0.69014 0.678908 0.654651 0.635994 0.60594 0.609469 0.634709
0.72051 0.712783 0.705214 0.688821 0.666751 0.637437 0.591416 0.557348 0.569635 0.572131 0.576267 0.600798 0.625829 0.654334 0.686656 0.716463 0.730691 0.733211 0.731287 0.732785 0.737392 0.732572 0.726978 0.719927 0.727927 0.71686 0.706337 0.700048 0.685251 0.662395 0.674233 0.672985 0.658435 0.630246 0.607415 0.619447 0.607274 0.582386 0.572357 0.560039 0.543608 0.549553 0.565643 0.587758 0.595413 0.585337 0.583092 0.584201 0.571379 0.583448 0.565064 0.560831 0.561243 0.555216 0.548621 0.578089 0.608188 0.624116 0.632321 0.632767 0.635595 0.642331 0.641374 0.651287 0.659504 0.669755 0.683394 0.699937
0.66578 0.654307 0.630214 0.61217 0.611689 0.61104 0.606483 0.595615 0.58358 0.588345 0.589928 0.594379 0.597309 0.601671 0.618761 0.632481 0.637344 0.634079 0.62732 0.654629 0.684531 0.688085 0.685145 0.683484 0.670684 0.645747 0.647368 0.659756 0.662239 0.65715 0.64958 0.640069 0.628188 0.621905 0.606531 0.58357 0.583291 0.583158 0.579304 0.568982 0.554969 0.543952 0.530385 0.525772 0.513851 0.536739 0.546943 0.566781 0.570724 0.576551 0.593374 0.586269 0.59191 0.582031 0.580875 0.582807 0.590568 0.593824 0.58427 0.565435 0.564756 0.575266 0.579468 0.584082 0.58578 0.574483 0.556354 0.557737
0.776019 0.772581 0.771119 0.782601 0.760295 0.763553 0.75893 0.774504 0.770086 0.73035 0.709071 0.708134 0.709312 0.705549 0.691875 0.666797 0.639478 0.60931 0.584368 0.564026 0.544487 0.527588 0.516091 0.511192 0.535743 0.578015 0.628108 0.648758 0.652783 0.644688 0.624698 0.610175 0.606601 0.607988 0.610664 0.607954 0.622811 0.624736 0.624565 0.638431 0.635866 0.624688 0.638144 0.664585 0.677221 0.678722 0.670318 0.64347 0.610863 0.601401 0.581682 0.550581 0.511801 0.530292 0.557806 0.566116 0.554501 0.569957 0.604813 0.631051 0.658287 0.675497 0.640156 0.651496 0.63172 0.617238 0.637292 0.634535
0.614748 0.593276 0.585333 0.606194 0.611874 0.598504 0.582279 0.591188 0.616834 0.653278 0.674134 0.684352 0.693054 0.690121 0.679157 0.661884 0.64148 0.638664 0.649095 0.654375 0.67387 0.684204 0.707769 0.724986 0.727702 0.740349 0.724111 0.707286 0.711914 0.677912 0.684372 0.67432 0.66288 0.665753 0.651201 0.641629 0.641367 0.624116 0.62316 0.626993 0.608857 0.60137 0.613497 0.637 0.628546 0.642299 0.630219 0.602168 0.614508 0.638739 0.624141 0.620839 0.63056 0.656198 0.691781 0.705456 0.74818 0.76574 0.772037 0.763822 0.736219 0.726324 0.727192 0.723251 0.731215 0.725053 0.715832 0.712054
0.570477 0.584473 0.575474 0.599699 0.589946 0.608741 0.602996 0.596511 0.601269 0.611674 0.613743 0.614052 0.654045 0.687055 0.709022 0.71868 0.719766 0.74697 0.76438 0.760877 0.747817 0.758256 0.764888 0.748769 0.752638 0.755711 0.752213 0.759747 0.755709 0.779206 0.774125 0.786712 0.786824 0.800941 0.783861 0.788464 0.791604 0.798813 0.773696 0.770113 0.774469 0.773816 0.764177 0.755449 0.741282 0.7268 0.725878 0.718227 0.691828 0.669024 0.664637 0.656196 0.651919 0.658262 0.62957 0.639964 0.674222 0.702885 0.708967 0.713715 0.714227 0.716602 0.719203 0.724073 0.734236 0.759651 0.770446 0.800651
0.516808 0.522641 0.524302 0.512601 0.521254 0.530943 0.51739 0.537672 0.530987 0.53236 0.531522 0.527743 0.522453 0.527494 0.531945 0.55756 0.577266 0.592706 0.602195 0.641753 0.668574 0.68377 0.689968 0.676824 0.694938 0.709376 0.691014 0.659515 0.680614 0.688252 0.701137 0.702612 0.719931 0.719722 0.721672 0.764398 0.760587 0.795919 0.789113 0.802571 0.792805 0.789383 0.780471 0.76629 0.770361 0.74463 0.752264 0.752451 0.739411 0.734583 0.728099 0.739599 0.741929 0.775413 0.785248 0.792918 0.819323 0.820851 0.808097 0.804613 0.816015 0.812892 0.819831 0.826641 0.834611 0.830964 0.818399 0.797495
0.618714 0.60639 0.586586 0.581465 0.603948 0.614136 0.660146 0.700302 0.714288 0.71529 0.710475 0.707025 0.710928 0.706616 0.692012 0.668971 0.629907 0.62993 0.635945 0.63417 0.635519 0.633008 0.649035 0.685545 0.698975 0.693879 0.703438 0.693039 0.703289 0.709169 0.701353 0.703369 0.684756 0.685468 0.669471 0.649959 0.650097 0.624541 0.636832 0.636746 0.639787 0.658281 0.678079 0.710428 0.724041 0.751802 0.764578 0.787317 0.752947 0.74891 0.728636 0.739178 0.732822 0.715197 0.730321 0.745446 0.765476 0.755859 0.735853 0.728339 0.72503 0.747859 0.734763 0.735952 0.735688 0.690964 0.657166 0.642391
0.712635 0.715988 0.713056 0.730942 0.743192 0.761809 0.7559 0.737345 0.728056 0.695691 0.693118 0.687224 0.670487 0.660359 0.653463 0.649787 0.641973 0.650328 0.656625 0.652355 0.642756 0.639801 0.633195 0.620152 0.645338 0.665233 0.678686 0.680404 0.674398 0.661478 0.638623 0.663426 0.662054 0.671576 0.674791 0.696649 0.708851 0.695087 0.689817 0.689817 0.658228 0.654894 0.648498 0.617041 0.639422 0.683228 0.719803 0.77232 0.795955 0.785221 0.797749 0.785371 0.807844 0.795174 0.808177 0.809704 0.809204 0.808917 0.792446 0.772759 0.751662 0.729942 0.714158 0.694783 0.679632 0.677911 0.657922 0.64248
0.760365 0.736032 0.729491 0.725907 0.72205 0.729645 0.71583 0.673183 0.659976 0.650558 0.652506 0.66665 0.664725 0.672484 0.678793 0.67338 0.659625 0.641428 0.642372 0.646728 0.652637 0.653717 0.642564 0.663077 0.672759 0.678165 0.67796 0.683534 0.684493 0.670935 0.656057 0.646856 0.648095 0.646431 0.64685 0.650049 0.64698 0.645004 0.645363 0.640656 0.637297 0.63131 0.639731 0.650253 0.65218 0.65521 0.642405 0.651078 0.691315 0.717307 0.741756 0.727949 0.723649 0.716015 0.688819 0.679657 0.655974 0.657238 0.653937 0.655977 0.682549 0.691971 0.682426 0.684309 0.694411 0.696314 0.710968 0.712295
0.630161 0.641293 0.654255 0.672493 0.688541 0.689285 0.676211 0.65745 0.640225 0.628857 0.601264 0.592349 0.582036 0.573984 0.565703 0.55682 0.555615 0.549843 0.561062 0.577379 0.583224 0.589166 0.58796 0.578854 0.546336 0.550283 0.546467 0.541295 0.555037 0.560844 0.556558 0.558385 0.562159 0.563302 0.555148 0.559273 0.568666 0.58813 0.584485 0.616947 0.637747 0.648627 0.64812 0.637178 0.60337 0.604934 0.586525 0.565479 0.543486 0.546071 0.553793 0.554151 0.562567 0.543852 0.555855 0.542488 0.548338 0.597111 0.622874 0.622356 0.609098 0.588836 0.559444 0.511376 0.503295 0.492581 0.480689 0.487183
