benchmarks/avaInclinedPlane/release1IP_entres_ref_0.155_pv.asc
ncols         1000
nrows         400
xllcenter     1000
yllcenter     -5000
cellsize      5
NODATA_value  -9999
[rows 217 to 247 of 400, columns 350 to 419 of 1000]
24.118 24.1498 23.9806 23.8545 23.7641 23.6623 23.5433 23.461 23.3583 23.3209 23.2995 23.3144 23.3017 23.3365 23.3688 23.3962 23.4301 23.4899 23.6336 23.7735 23.8236 23.8934 23.9781 24.0895 24.3102 24.5633 24.7243 24.7396 24.7796 24.8513 24.8999 24.8107 24.6655 24.5133 24.3878 24.2973 24.2381 24.1827 24.1947 24.1907 24.148 24.1818 24.2432 24.3701 24.4161 24.4966 24.5688 24.6448 24.7355 24.8361 24.872 24.8843 24.7951 24.6771 24.5122 24.3116 24.1278 24.0381 24.004 24.0694 24.1625 24.2297 24.2967 24.3735 24.5053 24.6679 24.8588 25.1066 25.3726 25.6281
24.2845 24.3494 24.3051 24.1643 24.1059 23.977 23.9047 23.7664 23.7104 23.6517 23.6598 23.6332 23.644 23.6545 23.6721 23.7224 23.7226 23.7503 23.7904 23.8253 23.8694 23.9069 24.0135 24.1731 24.4151 24.6934 24.9365 24.9252 25.0983 25.3641 25.4351 25.3075 25.043 24.8705 24.6673 24.5108 24.3396 24.2296 24.1477 24.0886 24.1204 24.2183 24.3247 24.4318 24.4657 24.4129 24.4679 24.5687 24.6752 24.7308 24.6976 24.7207 24.6542 24.5963 24.5195 24.3561 24.2756 24.2712 24.3157 24.4051 24.535 24.6393 24.758 24.8754 24.9759 25.0461 25.0835 25.102 25.094 25.049
24.0229 24.0939 24.1125 24.0499 24.0283 23.9647 23.9515 23.9173 23.9063 23.9437 23.923 23.9606 23.9426 23.9687 24.0204 24.0415 24.0523 24.0148 23.9295 23.8599 23.7915 23.8055 23.8725 24.0421 24.2733 24.5625 24.7689 24.8721 25.1627 25.523 25.7202 25.5437 25.2973 25.1039 24.9251 24.6949 24.4875 24.3422 24.236 24.2405 24.3078 24.4823 24.6834 24.8035 24.7851 24.5676 24.5156 24.5293 24.5401 24.6244 24.6418 24.6749 24.6667 24.7143 24.7605 24.7654 24.786 24.8394 24.8635 24.8978 24.8704 24.8521 24.7864 24.67 24.6261 24.9087 24.5437 24.8371 24.5773 24.5875
23.6533 23.6701 23.6847 23.7298 23.745 23.7681 23.8324 23.9092 24.0511 24.1624 24.1962 24.2248 24.2445 24.2343 24.3028 24.3043 24.2455 24.1737 24.013 23.8521 23.7416 23.7306 23.7738 23.9438 24.1726 24.4442 24.6821 24.8839 25.2247 25.5992 25.8113 25.6373 25.504 25.4337 25.2259 25.0092 24.8075 24.6297 24.6208 24.6435 24.7383 24.8978 25.0777 25.2357 25.3236 25.3598 25.0981 24.9704 24.9561 24.8989 24.9614 24.8786 24.9002 24.7893 24.7935 24.9822 25.1425 25.0288 25.004 24.8445 24.7553 24.5742 24.4063 24.2523 23.9237 23.7678 23.5406 23.3608 23.0958 22.7633
23.1787 23.1777 23.1946 23.2736 23.3782 23.4585 23.6007 23.8084 24.0265 24.1493 24.2074 24.2376 24.2437 24.2772 24.3136 24.2799 24.2715 24.2448 24.139 24.0157 23.9241 23.9384 23.9912 24.11 24.3053 24.5578 24.7876 25.0321 25.3477 25.6664 25.9414 25.7693 25.7238 25.7043 25.5994 25.5228 25.443 25.2705 25.1864 25.1326 25.1252 25.1328 25.0789 25.0955 25.1076 25.0836 25.0323 24.7961 24.5982 24.3727 24.2766 24.1377 24.0658 23.9366 24.1773 23.7146 24.0529 23.7373 23.6757 23.4412 23.5464 22.9486 23.3148 23.0414 23.4308 22.5437 22.9574 22.8718 22.3991 21.8806
22.7812 22.7801 22.818 22.9108 23.0724 23.2321 23.4233 23.6316 23.8116 23.9628 24.0798 24.1489 24.1813 24.1675 24.1757 24.2085 24.2327 24.3015 24.3022 24.3075 24.2655 24.2756 24.3594 24.4974 24.6619 24.8854 25.06 25.2462 25.4239 25.5928 25.6689 25.7916 26.0626 25.6554 25.6899 25.8435 25.8828 25.4602 25.477 25.3224 25.0526 24.9364 24.6595 24.5007 24.271 24.0026 24.9453 23.6164 24.3147 23.5306 23.6782 23.4086 23.6194 23.4663 23.2211 22.8131 22.4444 22.2744 21.9287 21.5555 21.1447 21.2271 22.0851 21.572 21.0318 20.3737 19.6669 18.9137 20.0651 19.2678
22.4076 22.4215 22.4895 22.6306 22.8169 23.0214 23.2393 23.4767 23.645 23.7686 23.9574 24.1323 24.2608 24.2518 24.2531 24.2898 24.3486 24.4233 24.4391 24.4282 24.4525 24.5461 24.6395 24.7266 24.773 24.8095 24.8987 25.226 25.2865 25.1552 25.1698 25.5544 25.0735 25.2511 25.0298 24.7018 24.4101 25.2091 24.1088 24.5347 23.9946 23.7564 23.3226 23.2764 23.6889 23.2013 22.7149 22.2715 22.9215 22.4709 21.9001 21.3439 20.8215 21.5871 21.009 20.5598 20.9348 20.3349 19.6104 18.6491 19.7101 19.1594 19.2112 18.4644 17.7535 17.7885 17.7904 17.8008 17.7998 17.7843
22.0994 22.1441 22.2325 22.3699 22.5441 22.7656 23.01 23.2509 23.4452 23.5899 23.7547 23.9405 24.1102 24.141 24.1359 24.1401 24.1244 24.241 24.4189 24.418 24.4384 24.2475 24.6485 24.5894 24.4791 24.3048 24.0697 23.9165 24.6314 24.4242 24.049 23.7636 23.3743 23.015 22.6343 23.9107 23.437 22.8959 22.4811 21.9814 21.4722 22.4158 21.9245 21.3443 20.7916 20.1354 19.3323 20.7651 20.1067 19.3119 18.2978 17.2295 18.9392 18.1334 17.3032 17.3367 17.3342 17.3293 17.3124 17.2863 17.3016 17.3888 17.556 17.6845 17.6919 17.6158 17.5332 17.4728 17.4258 17.3736
21.5357 21.6229 21.7667 21.8878 22.0688 22.2838 22.4466 22.7389 23.1417 23.217 23.5454 23.7403 23.7124 23.6463 23.4327 24.3536 24.076 23.8082 23.4688 23.1282 23.2419 23.5702 23.2003 22.805 23.4498 23.0616 22.5952 22.1501 21.6621 21.3851 22.7964 22.512 22.0124 21.3892 20.7278 19.9182 21.2601 20.854 20.1457 19.3672 18.3698 17.2108 18.3503 18.035 18.1047 17.0758 16.4886 16.4563 16.4229 16.4495 16.4832 16.5723 16.6616 16.7623 16.8796 16.9048 16.9266 16.9444 16.8862 16.7717 16.6708 16.6868 16.7938 16.9148 17.0476 16.9006 16.7476 16.6398 16.6027 16.5762
20.8988 21.0155 21.0738 20.9363 20.9756 21.0122 21.7757 22.4538 22.3304 22.2756 21.9494 21.667 21.3359 22.4477 22.0233 21.6243 21.0538 20.406 22.0086 21.5861 21.0408 20.3187 19.4899 21.1833 20.6969 19.9904 19.1057 18.0944 19.7239 19.0694 18.0718 16.9045 18.7476 17.9489 16.8262 16.1769 16.118 16.2629 16.2629 16.2374 16.2467 16.1094 15.9928 15.9316 15.9011 15.8227 15.714 15.6146 15.5773 15.5953 15.6507 15.7509 15.8786 15.958 16.063 16.1061 16.064 16.0355 15.8047 15.5939 15.5606 15.5715 15.6875 15.8607 15.9182 15.9199 15.7388 15.5104 15.3695 15.2952
18.5971 20.1078 19.9709 19.5411 19.9383 19.6556 19.0839 19.615 19.1001 18.4161 17.4195 16.6353 18.5337 17.4967 19.138 19.2436 18.5932 17.6774 16.274 16.1262 16.1335 16.7639 16.34 16.5671 16.631 16.4487 16.202 16.0228 15.8244 15.7289 15.7578 15.7191 15.5149 15.4194 15.4216 15.3609 15.3672 15.3141 15.2343 15.0417 14.8595 14.7634 14.7139 14.7192 14.635 14.5803 14.5007 14.3634 14.3135 14.3066 14.3232 14.2638 14.2568 14.4268 14.5643 14.5367 14.3739 14.6984 14.6752 14.4458 14.3766 14.3727 14.5392 14.5123 14.3679 14.0857 13.8382 13.6265 13.6927 13.7215
15.8907 16.0506 16.1583 16.134 16.0564 16.0173 15.9971 15.9761 15.8841 15.7718 15.7446 15.6915 15.6575 15.6614 15.6117 15.4817 15.3602 15.2857 15.2125 15.166 15.152 15.148 15.3056 15.6147 15.8043 15.3305 14.8989 14.6332 14.8531 14.7896 14.5816 14.4028 14.2268 14.0737 13.9655 13.9116 13.8718 13.8138 13.9787 13.9173 13.7364 13.7527 13.7954 13.847 13.9226 13.8926 13.7824 13.7328 13.6912 13.6275 13.5491 13.5429 13.5088 13.4204 13.3382 13.2509 13.1726 13.1632 13.2032 13.1951 13.0713 12.9728 12.9132 12.873 12.8478 12.9402 12.9876 12.9864 13.006 13.1154
14.8955 15.1056 15.2425 15.2774 15.1925 15.0687 14.9625 14.8086 14.7629 14.5939 14.4624 14.3915 14.3629 14.3488 14.3579 14.371 14.3837 14.3938 14.3802 14.355 14.3303 14.2972 14.2707 14.2867 15.2413 14.533 14.62 14.6837 14.7579 14.8049 14.8323 14.6608 14.3437 14.0925 13.8702 13.6774 13.4917 13.3181 13.1874 13.1127 13.156 13.2252 13.2343 13.24 13.2789 13.3206 13.286 13.2155 13.2478 13.235 13.0786 12.9716 12.99 12.9813 12.8877 12.9751 13.0114 13.0791 13.1354 13.1738 13.0383 12.683 12.4994 12.3972 12.4307 12.5181 12.6791 12.8867 12.9882 12.9564
14.1276 14.1519 14.1683 14.1748 14.2196 14.2577 14.271 14.3129 14.3272 14.2515 14.1502 14.0609 14.0819 14.0934 14.0771 14.0598 14.0423 14.0571 14.0021 13.999 14.0291 14.0723 14.0815 14.2679 14.3231 14.4105 14.7948 14.9226 14.979 14.9496 14.799 14.5164 14.1111 13.6367 13.0568 12.4572 13.2885 12.8852 12.4353 11.956 11.4309 11.2628 11.2507 11.2387 11.1871 11.1416 12.7106 12.7106 12.6436 12.2817 11.9419 12.7788 12.3319 11.7563 11.1 11.0674 11.063 11.4428 11.1346 11.2136 11.3415 11.4807 11.5223 11.634 11.6907 11.8044 11.7929 11.46 11.0904 10.9065
11.8974 11.9956 12.7006 12.3244 14.152 14.1379 13.9158 13.7063 14.2749 14.2338 13.9645 13.6074 13.1485 12.5955 11.9161 11.0457 10.4306 11.8525 11.2407 13.9328 13.9328 13.7401 13.3424 12.8874 12.2652 11.5187 10.5603 12.5474 11.9892 11.1342 10.31 10.3439 10.5708 10.7361 10.7461 10.539 10.2715 10.0637 10.0027 9.81975 9.69366 9.5816 9.67481 9.783 9.75492 9.69904 9.90989 9.94834 9.82668 9.77945 9.7061 9.58202 9.65143 9.74595 9.78709 9.8967 9.96962 10.1136 10.1567 10.1964 10.285 10.4073 10.6025 10.9113 11.0079 11.0301 10.282 9.46074 9.31825 9.28665
9.7603 9.2341 9.15432 9.3679 11.4485 12.1995 11.0891 10.5467 10.0842 9.8292 9.62862 9.44355 9.27429 8.98658 10.5 10.3382 10.1865 9.79007 9.38448 9.44649 9.73294 9.73294 9.58139 9.18657 8.73327 8.56427 8.55213 8.53683 8.59128 8.66408 9.21112 9.79454 9.99104 9.86587 8.95452 8.45207 8.69427 8.83449 8.87099 8.96375 9.0315 9.04868 9.10481 9.15806 9.57521 9.45728 9.13674 8.9339 8.88261 8.86244 8.91012 8.86891 8.93947 8.95233 8.93556 9.25954 9.41794 9.32692 9.08857 8.86499 8.9805 9.8653 10.1006 10.14 9.53757 8.88902 8.9755 9.05121 9.07701 9.10534
8.61892 8.68373 8.82205 8.95939 9.12184 9.12184 8.93716 9.31481 9.31481 8.60844 8.61295 8.76561 8.67788 8.75681 8.75892 8.75892 8.33708 7.88734 7.68603 7.93363 8.14146 8.21185 8.17117 8.14837 8.11494 7.99971 8.16758 8.25813 8.38827 8.37481 8.54854 8.54854 8.39587 8.47969 8.51315 8.51315 8.49107 8.43664 8.48726 8.50684 8.4572 8.38613 8.50241 8.58259 8.65645 8.69114 8.72247 8.62441 8.59476 8.40603 8.28711 8.25193 8.20778 8.8959 8.71016 8.60653 8.55294 8.36447 8.46963 8.67726 8.71382 8.58507 8.48829 8.54743 8.5608 8.54176 8.5511 8.92338 8.92338 8.82055
7.75033 7.60601 7.44239 7.36532 8.99548 9.19108 9.05234 8.7914 8.46396 8.25731 8.21819 7.97269 7.6521 7.3127 7.08561 7.08561 7.11779 7.19174 7.14631 7.20365 7.26724 7.46669 7.59999 7.60632 8.03195 8.03195 7.91094 7.76239 7.69629 7.56002 7.35821 7.44064 7.98302 8.0426 8.04128 8.04128 7.78004 8.54529 8.317 7.6809 7.62371 8.08967 8.21771 8.02531 7.92644 7.72274 7.81293 8.20045 8.30655 8.23876 8.31739 8.17778 7.94785 7.91552 8.12007 8.24527 8.33453 8.40438 8.41836 8.39921 8.36181 8.32016 8.36222 8.40939 8.38768 8.37678 7.9292 7.83033 7.74209 7.66383
6.92533 6.6875 6.76004 6.80216 6.82645 6.82645 6.90048 6.90048 6.88289 6.77703 6.66936 6.61366 6.78948 6.70364 6.71648 6.84659 6.91928 6.99132 6.96541 6.82344 6.87562 6.87562 6.64425 6.94976 6.96024 6.96024 6.8942 6.95523 6.89177 6.71239 6.57399 6.57399 6.55352 6.46562 6.35111 6.58069 6.62804 6.6281 6.6281 6.57625 6.47918 6.36428 6.84246 6.89594 7.34555 7.53592 7.53592 7.45604 7.15722 7.20463 7.20463 7.09515 6.87976 6.74584 6.72172 7.03637 6.99531 7.15994 7.07873 7.02632 6.86102 7.04078 7.105 8.12631 8.37678 8.37678 8.0377 7.63265 7.34031 7.0516
3.79283 3.73878 5.47898 5.47898 5.38306 5.26265 5.17152 5.1239 5.06662 5.06589 5.19035 5.36049 5.57944 5.66184 5.66184 5.53173 5.22945 4.72942 4.40268 4.35353 4.35399 4.35399 4.34538 4.35527 4.35527 4.34964 4.35076 4.35076 4.47114 4.77155 4.96752 5.167 5.2432 5.2432 5.16641 5.01822 4.84593 4.69071 4.55561 4.44282 4.35298 4.29089 4.42876 4.75079 4.95843 4.95843 4.71322 4.18458 5.90877 5.92488 5.92488 5.7651 5.63985 5.45366 5.13927 4.60268 4.20678 4.15586 4.1469 4.14925 6.19791 6.60227 6.60227 6.21766 5.9554 5.82295 5.69746 5.40927 4.77575 6.06333
0 0 0 0 0 0 0 0 0 0 0 0 0 0 0 0 0 0 0 0 0 0 0 0 0 0 0 0 0 0 0 0 0 0 0 0 0 0 0 0 0 0 0 0 0 0 0 0 0 0 0 0 0 0 0 0 0 0 0 0 0 0 0 0 0 0 0 0 0 0
0 0 0 0 0 0 0 0 0 0 0 0 0 0 0 0 0 0 0 0 0 0 0 0 0 0 0 0 0 0 0 0 0 0 0 0 0 0 0 0 0 0 0 0 0 0 0 0 0 0 0 0 0 0 0 0 0 0 0 0 0 0 0 0 0 0 0 0 0 0
0 0 0 0 0 0 0 0 0 0 0 0 0 0 0 0 0 0 0 0 0 0 0 0 0 0 0 0 0 0 0 0 0 0 0 0 0 0 0 0 0 0 0 0 0 0 0 0 0 0 0 0 0 0 0 0 0 0 0 0 0 0 0 0 0 0 0 0 0 0
0 0 0 0 0 0 0 0 0 0 0 0 0 0 0 0 0 0 0 0 0 0 0 0 0 0 0 0 0 0 0 0 0 0 0 0 0 0 0 0 0 0 0 0 0 0 0 0 0 0 0 0 0 0 0 0 0 0 0 0 0 0 0 0 0 0 0 0 0 0
0 0 0 0 0 0 0 0 0 0 0 0 0 0 0 0 0 0 0 0 0 0 0 0 0 0 0 0 0 0 0 0 0 0 0 0 0 0 0 0 0 0 0 0 0 0 0 0 0 0 0 0 0 0 0 0 0 0 0 0 0 0 0 0 0 0 0 0 0 0
0 0 0 0 0 0 0 0 0 0 0 0 0 0 0 0 0 0 0 0 0 0 0 0 0 0 0 0 0 0 0 0 0 0 0 0 0 0 0 0 0 0 0 0 0 0 0 0 0 0 0 0 0 0 0 0 0 0 0 0 0 0 0 0 0 0 0 0 0 0
0 0 0 0 0 0 0 0 0 0 0 0 0 0 0 0 0 0 0 0 0 0 0 0 0 0 0 0 0 0 0 0 0 0 0 0 0 0 0 0 0 0 0 0 0 0 0 0 0 0 0 0 0 0 0 0 0 0 0 0 0 0 0 0 0 0 0 0 0 0
0 0 0 0 0 0 0 0 0 0 0 0 0 0 0 0 0 0 0 0 0 0 0 0 0 0 0 0 0 0 0 0 0 0 0 0 0 0 0 0 0 0 0 0 0 0 0 0 0 0 0 0 0 0 0 0 0 0 0 0 0 0 0 0 0 0 0 0 0 0
0 0 0 0 0 0 0 0 0 0 0 0 0 0 0 0 0 0 0 0 0 0 0 0 0 0 0 0 0 0 0 0 0 0 0 0 0 0 0 0 0 0 0 0 0 0 0 0 0 0 0 0 0 0 0 0 0 0 0 0 0 0 0 0 0 0 0 0 0 0
0 0 0 0 0 0 0 0 0 0 0 0 0 0 0 0 0 0 0 0 0 0 0 0 0 0 0 0 0 0 0 0 0 0 0 0 0 0 0 0 0 0 0 0 0 0 0 0 0 0 0 0 0 0 0 0 0 0 0 0 0 0 0 0 0 0 0 0 0 0
0 0 0 0 0 0 0 0 0 0 0 0 0 0 0 0 0 0 0 0 0 0 0 0 0 0 0 0 0 0 0 0 0 0 0 0 0 0 0 0 0 0 0 0 0 0 0 0 0 0 0 0 0 0 0 0 0 0 0 0 0 0 0 0 0 0 0 0 0 0
