benchmarks/avaInclinedPlane/release1IP_entres_ref_0.155_pfd.asc
ncols         1000
nrows         400
xllcenter     1000
yllcenter     -5000
cellsize      5
NODATA_value  -9999
[rows 155 to 185 of 400, columns 544 to 611 of 1000]
0 0 0 0 0 0 0 0 0 0 0 0 0 0 0 0 0 0 0 0 0 0 0 0 0 0 0 0 0 0 0 0 0 0 0 0 0 0 0 0 0 0 0 0 0 0 0 0 0 0 0 0 0 0 0 0 0 0 0 0 0 0 0 0 0 0 0 0
0 0 0 0 0 0 0 0 0 0 0 0 0 0 0 0 0 0 0 0 0 0 0 0 0 0 0 0 0 0 0 0 0 0 0 0 0 0 0 0 0 0 0 0 0 0 0 0 0 0 0 0 0 0 0 0 0 0 0 0 0 0 0 0 0 0 0 0
0 0 0 0 0 0 0 0 0 0 0 0 0 0 0 0 0 0 0 0 0 0 0 0 0 0 0 0 0 0 0 0 0 0 0 0 0 0 0 0 0 0 0 0 0 0 0 0 0 0 0 0 0 0 0 0 0 0 0 0 0 0 0 0 0 0 0 0
0 0 0 0 0 0 0 0 0 0 0 0 0 0 0 0 0 0 0 0 0 0 0 0 0 0 0 0 0 0 0 0 0 0 0 0 0 0 0 0 0 0 0 0 0 0 0 0 0 0 0 0 0 0 0 0 0 0 0 0 0 0 0 0 0 0 0 0
0 0 0 0 0 0 0 0 0 0 0 0 0 0 0 0 0 0 0 0 0 0 0 0 0 0 0 0 0 0 0 0 0 0 0 0 0 0 0 0 0 0 0 0 0 0 0 0 0 0 0 0 0 0 0 0 0 0 0 0 0 0 0 0 0 0 0 0
0 0 0 0 0 0 0 0 0 0 0 0 0 0 0 0 0 0 0 0 0 0 0 0 0 0 0 0 0 0 0 0 0 0 0 0 0 0 0 0 0 0 0 0 0 0 0 0 0 0 0 0 0 0 0 0 0 0 0 0 0 0 0 0 0 0 0 0
0 0 0 0 0 0 0 0 0 0 0 0 0 0 0 0 0 0 0 0 0 0 0 0 0 0 0 0 0 0 0 0 0 0 0 0 0 0 0 0 0 0 0 0 0 0 0 0 0 0 0 0 0 0 0 0 0 0 0 0 0 0 0 0 0 0 0 0
0.155042 0.157026 0.157113 0.157101 0.163543 0.170658 0.180769 0.182774 0.184528 0.185827 0.192793 0.198637 0.198895 0.193791 0.198719 0.19336 0.195036 0.194131 0.194782 0.197633 0.198669 0.194345 0.199204 0.194901 0.198528 0.195611 0.198304 0.194096 0.195413 0.195296 0.19528 0.19449 0.198236 0.201105 0.201665 0.201842 0.0524859 0.0516078 0.0528092 0.0515886 0.0524558 0.051967 0.0520939 0.0521767 0.0522456 0.0538732 0.0604539 0.0703226 0.0829918 0.0907206 0.0474839 0.0379003 0.0396079 0.0397109 0.0408426 0.0426853 0.0442259 0.0433906 0.0455332 0.0476703 0.0492347 0.0496547 0.0492296 0.0494805 0.00627874 0 0 0
0.245567 0.234721 0.255226 0.286692 0.301057 0.303763 0.296932 0.291209 0.275898 0.257159 0.243848 0.244097 0.245699 0.236998 0.231211 0.22895 0.223564 0.225277 0.228859 0.244391 0.251452 0.259299 0.251798 0.242461 0.23088 0.23361 0.234382 0.2336 0.232005 0.241497 0.245982 0.253559 0.263381 0.273152 0.274539 0.269962 0.264916 0.272681 0.274775 0.276808 0.279709 0.285607 0.291667 0.310082 0.335339 0.338711 0.345975 0.336695 0.340606 0.335753 0.234103 0.23219 0.232986 0.234507 0.238543 0.242149 0.231944 0.211985 0.212148 0.209951 0.205211 0.19732 0.188118 0.176626 0.158807 0.156809 0.158659 0.160465
0.324967 0.321062 0.312791 0.293967 0.298784 0.306589 0.314805 0.322811 0.317453 0.315431 0.318835 0.307209 0.301648 0.298184 0.292769 0.299567 0.315822 0.317184 0.333836 0.33453 0.338377 0.326998 0.321992 0.326642 0.328716 0.324611 0.35 0.344929 0.353693 0.332828 0.333908 0.333206 0.330182 0.328807 0.333646 0.335835 0.340797 0.350377 0.367652 0.378755 0.376889 0.366546 0.350327 0.328386 0.305006 0.311517 0.316056 0.315318 0.317437 0.319206 0.320746 0.320406 0.320238 0.321317 0.322007 0.32463 0.32573 0.31427 0.302833 0.315889 0.331216 0.336352 0.350523 0.357357 0.36699 0.369242 0.36379 0.353574
0.407996 0.420797 0.424889 0.420406 0.406971 0.394523 0.384879 0.382959 0.39314 0.41537 0.424083 0.431218 0.438402 0.444115 0.449815 0.441221 0.424309 0.413822 0.397785 0.3837 0.365931 0.366357 0.365916 0.358974 0.357925 0.351208 0.350888 0.345477 0.340528 0.33746 0.336974 0.332532 0.328391 0.324301 0.320139 0.314231 0.304945 0.31029 0.31461 0.307173 0.311287 0.325421 0.337864 0.337765 0.33386 0.333324 0.331808 0.317223 0.322489 0.336439 0.35078 0.364145 0.384469 0.364769 0.361497 0.35744 0.349088 0.3447 0.346909 0.347292 0.333504 0.321525 0.316749 0.316045 0.311419 0.315302 0.319339 0.317223
0.380011 0.36814 0.379176 0.384303 0.387944 0.393958 0.388409 0.382704 0.37858 0.357313 0.364299 0.356559 0.355736 0.342496 0.366916 0.370134 0.384847 0.397159 0.39896 0.39726 0.384961 0.377244 0.364286 0.36931 0.354854 0.356019 0.352631 0.349081 0.355085 0.340278 0.329195 0.321734 0.306932 0.31262 0.320698 0.328779 0.360597 0.382611 0.392022 0.408061 0.414896 0.393827 0.408106 0.391705 0.402523 0.392194 0.38873 0.38067 0.370482 0.375801 0.371515 0.364385 0.36322 0.369437 0.389159 0.407106 0.410096 0.409195 0.404962 0.395922 0.38191 0.362638 0.338036 0.343152 0.359906 0.352692 0.354927 0.352389
0.408232 0.395108 0.402046 0.433821 0.448701 0.452757 0.471825 0.488253 0.485048 0.472405 0.462253 0.447472 0.428957 0.416586 0.406368 0.396038 0.395037 0.389496 0.393123 0.396658 0.401603 0.39992 0.393961 0.387772 0.377619 0.372975 0.381274 0.378042 0.382831 0.393553 0.407401 0.41987 0.434794 0.443303 0.447939 0.448335 0.443605 0.433672 0.430523 0.406763 0.384899 0.385087 0.387149 0.372156 0.371034 0.384297 0.402489 0.431357 0.451096 0.45588 0.451408 0.465439 0.46755 0.461679 0.451647 0.436696 0.417682 0.397136 0.399462 0.401209 0.401481 0.401245 0.411408 0.421662 0.423983 0.439922 0.444595 0.446365
0.416316 0.421701 0.424176 0.419449 0.412246 0.409362 0.401637 0.39687 0.398273 0.395038 0.392504 0.397573 0.393427 0.391615 0.390509 0.407677 0.419341 0.423609 0.432304 0.424771 0.422045 0.410764 0.413468 0.404205 0.411573 0.408855 0.413396 0.40913 0.435504 0.453885 0.459032 0.45321 0.431143 0.431564 0.434326 0.433109 0.435422 0.435157 0.439405 0.436279 0.436968 0.433277 0.436092 0.430881 0.421722 0.417191 0.415806 0.412729 0.408664 0.409172 0.408206 0.401154 0.393679 0.381967 0.402949 0.424818 0.42856 0.435742 0.441311 0.464683 0.479509 0.515784 0.525504 0.537277 0.543008 0.540491 0.537809 0.529851
0.393169 0.367026 0.367929 0.371667 0.373755 0.36927 0.37011 0.386656 0.409552 0.429942 0.432897 0.436251 0.424435 0.41455 0.404322 0.399635 0.410861 0.41813 0.431926 0.423095 0.428091 0.429306 0.431818 0.430607 0.437811 0.449364 0.4449 0.441913 0.437726 0.428618 0.417792 0.455756 0.487693 0.5062 0.515105 0.516005 0.498999 0.495692 0.473975 0.455846 0.434029 0.408488 0.411336 0.422378 0.433019 0.441787 0.438019 0.425165 0.421016 0.414045 0.41458 0.430274 0.439514 0.43592 0.452603 0.446954 0.435134 0.439346 0.439135 0.460085 0.455245 0.452886 0.442785 0.441442 0.453522 0.485891 0.50015 0.497542
0.562592 0.559441 0.557082 0.549461 0.541545 0.536524 0.527515 0.51092 0.508976 0.51412 0.497415 0.478482 0.443236 0.435932 0.428031 0.432678 0.429451 0.42757 0.424676 0.429859 0.447745 0.454084 0.444309 0.451316 0.479354 0.496551 0.499157 0.496775 0.48888 0.483316 0.462726 0.447139 0.447417 0.442366 0.435903 0.438315 0.434904 0.452451 0.453011 0.447742 0.446753 0.431752 0.43936 0.43931 0.441998 0.448383 0.454137 0.497407 0.514354 0.537022 0.552037 0.554841 0.557276 0.562125 0.567958 0.568088 0.561305 0.536274 0.508231 0.487208 0.462595 0.462993 0.450987 0.436591 0.427165 0.435049 0.476295 0.49473
0.627358 0.624262 0.626524 0.627308 0.614182 0.604083 0.598928 0.5904 0.584569 0.577868 0.573018 0.593585 0.601702 0.58653 0.580472 0.581198 0.554394 0.546395 0.51189 0.496776 0.480012 0.477123 0.501462 0.521831 0.54294 0.54289 0.559828 0.561535 0.537884 0.532287 0.520844 0.499234 0.488972 0.474711 0.470097 0.486954 0.504887 0.50734 0.485717 0.46822 0.461738 0.468403 0.485954 0.479061 0.481566 0.490103 0.481111 0.478221 0.472507 0.476851 0.487139 0.500342 0.494083 0.492215 0.481856 0.474717 0.487693 0.500901 0.519892 0.555276 0.565859 0.580211 0.572014 0.572294 0.579515 0.572637 0.58575 0.603562
0.684838 0.713837 0.723024 0.717387 0.698845 0.689284 0.694684 0.689994 0.670385 0.649591 0.64469 0.633885 0.618363 0.61065 0.601234 0.597683 0.59024 0.571235 0.589272 0.606495 0.611373 0.61011 0.622839 0.628289 0.622805 0.605775 0.585563 0.606062 0.63227 0.642239 0.639531 0.633109 0.635427 0.636711 0.625372 0.649555 0.649691 0.653127 0.642726 0.613594 0.616604 0.58775 0.57194 0.584198 0.616259 0.614535 0.63102 0.605914 0.584318 0.56899 0.568828 0.574517 0.596224 0.590966 0.580892 0.586888 0.594889 0.588957 0.60588 0.613717 0.623507 0.647365 0.662746 0.678603 0.69125 0.689213 0.687389 0.676063
0.673461 0.707047 0.703433 0.740144 0.756101 0.758395 0.76525 0.775387 0.765247 0.770691 0.767747 0.757693 0.755427 0.737451 0.730525 0.736168 0.744005 0.750723 0.741365 0.722046 0.721401 0.726672 0.721596 0.741336 0.731696 0.710601 0.692708 0.684354 0.688917 0.694332 0.700595 0.703714 0.697706 0.685017 0.672999 0.672535 0.661203 0.652033 0.639913 0.627219 0.623891 0.614584 0.612585 0.611012 0.605578 0.617291 0.615671 0.611107 0.593449 0.60873 0.609087 0.61725 0.635004 0.62689 0.616742 0.60104 0.588124 0.582404 0.559158 0.551364 0.562086 0.571063 0.598001 0.600695 0.611709 0.634309 0.649725 0.670926
0.75218 0.755357 0.744446 0.749576 0.752464 0.741187 0.728474 0.729107 0.720946 0.721634 0.727111 0.713062 0.729225 0.734042 0.743457 0.736397 0.754033 0.767629 0.770558 0.761244 0.754915 0.763736 0.74977 0.719666 0.707083 0.69851 0.682207 0.6825 0.659741 0.666306 0.660682 0.626603 0.596412 0.571628 0.56302 0.564166 0.544537 0.5153 0.514937 0.528597 0.483478 0.465963 0.488521 0.510523 0.540512 0.5827 0.608796 0.626157 0.655262 0.675654 0.683594 0.716606 0.704996 0.711584 0.713058 0.727086 0.711175 0.704639 0.688125 0.68038 0.681758 0.681701 0.687635 0.673034 0.669554 0.659105 0.659835 0.639894
0.734158 0.71511 0.69616 0.711678 0.70545 0.718697 0.73314 0.758678 0.787097 0.814087 0.829475 0.856844 0.86343 0.89184 0.920311 0.915082 0.903504 0.901881 0.903569 0.883125 0.856568 0.825942 0.785936 0.753982 0.748421 0.758984 0.759288 0.76313 0.754986 0.716617 0.708463 0.718072 0.710406 0.70265 0.696476 0.696513 0.658932 0.648273 0.640643 0.643536 0.632577 0.616953 0.588396 0.597422 0.602829 0.65987 0.696183 0.670864 0.669172 0.670189 0.631962 0.614675 0.578821 0.572102 0.573484 0.581356 0.602147 0.599839 0.584535 0.577236 0.576067 0.576309 0.576306 0.547362 0.534418 0.513549 0.494062 0.465842
0.871339 0.865632 0.865552 0.896046 0.915223 0.930528 0.938693 0.938339 0.920725 0.911637 0.900178 0.871393 0.834683 0.84069 0.847051 0.858758 0.897218 0.916589 0.914941 0.909923 0.914219 0.927235 0.929701 0.936354 0.92327 0.914425 0.903334 0.892749 0.883095 0.866732 0.852252 0.830389 0.805688 0.7809 0.76565 0.766909 0.779484 0.794703 0.840833 0.888982 0.93659 0.947022 0.915583 0.891772 0.855069 0.836262 0.830086 0.831375 0.847737 0.854683 0.857102 0.860537 0.872173 0.862138 0.848518 0.856354 0.843891 0.810083 0.795008 0.765192 0.755516 0.764243 0.740984 0.754463 0.709621 0.719884 0.681685 0.676515
0.974505 0.979257 0.979146 0.977846 0.974066 0.963153 0.958822 0.958493 0.956008 0.959575 0.942888 0.917465 0.901037 0.902259 0.910649 0.908713 0.936675 0.952291 0.965996 0.981674 0.97668 0.962087 0.955797 0.954176 0.953813 0.956824 0.947266 0.93684 0.935432 0.941859 0.935843 0.927277 0.909917 0.901071 0.913144 0.917517 0.909599 0.899418 0.888792 0.888273 0.882014 0.862171 0.850034 0.846095 0.845807 0.845477 0.838723 0.845844 0.855726 0.846145 0.832978 0.830221 0.828907 0.817797 0.812215 0.823086 0.856171 0.849215 0.835043 0.853381 0.846699 0.831214 0.82985 0.844497 0.796453 0.798679 0.791092 0.802787
0.921252 0.952717 0.996499 1.03106 1.03984 1.02432 1.00052 0.971718 0.931473 0.90524 0.890996 0.888416 0.874621 0.861052 0.855778 0.852901 0.864561 0.865279 0.842507 0.824968 0.819195 0.804507 0.782255 0.770004 0.765118 0.776305 0.77057 0.784793 0.792304 0.805862 0.818582 0.833273 0.846937 0.838549 0.853858 0.870184 0.875959 0.879465 0.895008 0.903183 0.886428 0.883061 0.884338 0.89187 0.901716 0.908315 0.911218 0.905649 0.912757 0.924339 0.894993 0.860943 0.862679 0.838041 0.83186 0.854176 0.836613 0.834743 0.840606 0.810237 0.814224 0.788946 0.776846 0.744442 0.75036 0.699783 0.698887 0.645814
0.729127 0.727819 0.721302 0.704284 0.709595 0.705585 0.702433 0.706401 0.677636 0.665699 0.656636 0.66474 0.656506 0.675999 0.690243 0.703315 0.740036 0.760617 0.7489 0.762119 0.760821 0.734272 0.721272 0.725879 0.752441 0.790961 0.80355 0.806602 0.813906 0.8348 0.850977 0.876366 0.901672 0.904384 0.897532 0.888406 0.879467 0.879469 0.89092 0.900105 0.912434 0.927342 0.913515 0.925462 0.927214 0.921272 0.939239 0.939033 0.923916 0.912621 0.902994 0.90092 0.914227 0.924498 0.924317 0.906781 0.874415 0.848403 0.846066 0.837387 0.82247 0.802028 0.766608 0.730019 0.705284 0.67676 0.633086 0.589733
0.638654 0.672158 0.697146 0.722841 0.73554 0.748219 0.758369 0.751187 0.768893 0.777747 0.792174 0.77699 0.793147 0.818133 0.846977 0.853091 0.84149 0.852505 0.880075 0.907866 0.913467 0.916648 0.947497 0.965831 0.965731 0.984106 1.00192 1.00104 0.992512 0.995547 0.989475 0.984048 0.985898 0.977636 0.955787 0.930254 0.900267 0.874543 0.872866 0.869988 0.859606 0.875062 0.89576 0.902357 0.900828 0.901013 0.899655 0.880066 0.857297 0.867134 0.880833 0.882487 0.872253 0.87479 0.878657 0.871607 0.85271 0.824925 0.830051 0.822333 0.814471 0.796686 0.804062 0.804496 0.788781 0.770762 0.749503 0.729843
0.96383 0.970878 0.947624 0.953424 0.952352 0.945083 0.923283 0.914491 0.912373 0.937289 0.948355 0.947129 0.940232 0.951938 0.96347 0.947848 0.930122 0.919935 0.91018 0.907213 0.905445 0.901479 0.903476 0.907255 0.894842 0.866894 0.862192 0.858332 0.861883 0.86983 0.866395 0.876462 0.891822 0.906747 0.926709 0.917628 0.905267 0.905231 0.903955 0.89949 0.905927 0.930293 0.943947 0.957614 0.972189 0.986542 0.97484 0.946746 0.909933 0.900378 0.905744 0.904912 0.899306 0.912182 0.911818 0.899292 0.893854 0.897946 0.898728 0.918455 0.935286 0.928909 0.920663 0.897199 0.918124 0.923583 0.930274 0.930426
0.908668 0.925638 0.929897 0.92677 0.938332 0.945048 0.95339 0.946328 0.941795 0.950207 0.950418 0.955952 0.951552 0.953793 0.952795 0.941592 0.942182 0.944975 0.938229 0.946696 0.948213 0.932666 0.904566 0.867824 0.831197 0.809344 0.78836 0.777122 0.774747 0.765153 0.755767 0.775479 0.787998 0.786721 0.769372 0.762113 0.755822 0.752299 0.733937 0.740169 0.784877 0.860326 0.912221 0.953338 0.977794 0.991624 0.978156 0.968138 0.94995 0.93725 0.922444 0.902677 0.902542 0.931377 0.953148 0.942198 0.927435 0.896589 0.87586 0.84559 0.842395 0.842883 0.866166 0.883463 0.898778 0.923463 0.932926 0.896893
0.965064 0.983853 0.977257 0.965008 0.939835 0.905279 0.879545 0.831882 0.811814 0.817693 0.820502 0.835924 0.840819 0.84874 0.849842 0.854862 0.865275 0.885982 0.884368 0.887794 0.881671 0.861222 0.861162 0.853857 0.849678 0.829613 0.810492 0.795735 0.788885 0.781001 0.757397 0.753716 0.757239 0.796378 0.765683 0.767899 0.798665 0.834311 0.819472 0.815861 0.82158 0.831868 0.831562 0.822124 0.815019 0.800458 0.780875 0.756777 0.727933 0.698689 0.670494 0.699944 0.717962 0.68383 0.679981 0.712331 0.719476 0.7206 0.712539 0.711522 0.708399 0.737722 0.723405 0.693083 0.68587 0.663056 0.664195 0.661788
0.704403 0.672679 0.633693 0.616331 0.634771 0.645889 0.650011 0.693598 0.740027 0.783568 0.823714 0.871233 0.883247 0.894147 0.906646 0.901659 0.908056 0.910627 0.884156 0.878831 0.86998 0.854791 0.836598 0.813883 0.800888 0.817892 0.838917 0.887946 0.929221 0.964789 0.983047 0.97986 0.997133 1.00017 0.985395 0.973055 0.969916 0.963845 0.950707 0.944933 0.952045 0.949174 0.952173 0.949757 0.942484 0.939625 0.920568 0.902648 0.88645 0.861961 0.832576 0.802112 0.776057 0.758839 0.760283 0.770539 0.75965 0.740034 0.757035 0.725459 0.744895 0.737202 0.755332 0.754393 0.790387 0.790211 0.782576 0.792502
0.798827 0.780117 0.786401 0.771884 0.76958 0.775924 0.773017 0.782037 0.810085 0.826921 0.830452 0.824755 0.814959 0.799183 0.795771 0.805068 0.775339 0.738727 0.727304 0.709727 0.703282 0.711545 0.705378 0.719077 0.750265 0.793772 0.818637 0.848405 0.87992 0.910642 0.916743 0.917116 0.938552 0.96105 0.964151 0.974404 0.981372 0.98957 1.00451 0.998529 0.983302 0.977293 0.961802 0.955499 0.961857 0.975716 0.969438 0.95822 0.929893 0.916349 0.902808 0.884807 0.864647 0.846615 0.824329 0.798579 0.781645 0.776846 0.780489 0.789376 0.797895 0.828478 0.831649 0.845038 0.839905 0.839675 0.824329 0.811986
