benchmarks/avaInclinedPlane/release1IP_entres_ref_0.155_pv.asc
ncols         1000
nrows         400
xllcenter     1000
yllcenter     -5000
cellsize      5
NODATA_value  -9999
[rows 217 to 247 of 400, columns 630 to 699 of 1000]
12.3162 12.2211 12.149 12.1021 12.0471 11.9781 11.924 11.8694 11.8376 11.905 12.0013 12.1016 12.1981 12.2342 12.2636 12.296 12.2242 12.1409 12.083 12.1019 12.2072 12.3583 12.443 12.4078 12.3979 12.4533 12.5642 12.6989 12.805 12.9235 12.9978 12.9657 12.6845 12.6017 12.5859 12.5635 12.5602 12.6165 12.5776 12.396 12.2621 12.1743 12.2706 12.4345 12.5972 12.6651 12.6818 12.6458 12.5572 12.4342 12.2556 12.0155 11.8044 11.8156 11.7875 11.8177 11.8782 11.9704 12.0237 12.0519 12.0114 11.8361 11.6204 11.4804 11.4752 11.5113 11.55 11.5872 11.6437 11.6895
11.8808 11.7303 11.6121 11.5541 11.4695 11.3714 11.2764 11.1978 11.1584 11.1288 11.1261 11.3031 11.3854 11.4777 11.5436 11.5658 11.6132 11.6257 11.5911 11.623 11.7095 11.8688 11.9826 12.0241 11.9391 11.845 11.7674 11.7332 11.7308 11.7692 13.1694 13.2231 13.0941 12.7669 12.6932 12.7249 12.7009 12.501 12.4617 12.4002 12.1983 12.0592 11.9354 11.7628 11.4703 11.1089 10.8452 10.8908 10.9039 10.931 10.9675 10.999 11.0286 11.0177 11.0872 11.2236 11.3338 11.3677 11.3417 11.3375 11.3146 11.158 10.977 10.8888 10.8511 10.881 10.9083 10.8768 10.7955 10.8052
10.7381 10.7359 10.7679 10.856 10.9091 10.9407 10.9683 11.0366 11.0863 11.1351 11.1809 11.277 11.3275 11.3624 11.4244 11.5149 11.6172 11.7156 11.8106 11.8709 11.7878 11.784 11.8225 11.8119 11.9264 11.8325 11.7259 11.5779 11.3279 10.9601 10.5982 11.4651 11.4651 11.1313 10.8726 10.8442 10.7161 10.6527 10.6622 10.6501 10.5483 10.4161 10.4016 10.4665 10.5102 10.5593 10.6056 10.7499 10.8346 10.8852 10.905 10.9279 10.8644 10.8222 10.8633 10.9387 10.9934 10.9999 10.9479 10.8542 10.7008 10.5277 10.4065 10.4037 10.4744 10.5868 10.7104 10.7155 10.5967 10.4566
11.5516 11.608 11.5405 11.4817 11.3599 12.224 11.3341 11.2054 11.2602 11.3033 11.3416 11.3736 11.4298 11.5086 11.5817 11.635 11.6843 11.7648 11.852 11.9613 12.0291 12.0455 12.045 11.8947 11.6363 11.3612 11.1614 11.0352 10.9943 10.9822 10.9848 10.9898 11.0145 11.0422 10.9804 10.8251 10.7054 10.7342 10.7889 10.7841 10.739 10.6291 10.498 10.3536 10.2754 10.2235 10.183 10.2241 10.2927 10.3875 10.4617 10.4996 10.5495 10.4179 10.3641 10.3726 10.2483 10.4386 10.4386 10.4369 10.1284 10.1758 10.2498 10.321 10.3408 10.1644 10.1582 10.2249 10.2268 10.2003
12.4288 12.4549 12.4691 12.421 12.3888 12.2809 12.0923 11.9275 11.8368 11.772 11.7629 11.7158 11.6708 11.6677 11.6686 11.6903 11.7319 11.7858 11.8799 11.9777 12.0116 11.9797 11.9141 11.7559 11.4583 11.2716 11.2855 11.2742 11.229 11.1728 11.0071 10.8723 10.8891 10.8556 10.7713 10.8454 10.8806 10.8416 10.7529 10.6154 10.4879 10.4281 10.4356 10.4035 10.3081 10.1887 10.0506 9.91256 9.91524 9.99298 9.98422 9.95636 9.94185 9.9338 9.96846 9.99979 10.118 10.1184 10.022 10.0362 10.1779 10.2185 10.2571 10.2355 10.2745 10.196 10.2767 10.3798 10.3995 10.3019
12.8889 12.9129 12.9232 12.8301 12.6879 12.5325 12.3541 12.2543 12.2242 12.2398 12.2474 12.2544 12.2388 12.2486 12.2334 12.2032 12.1899 12.1656 12.1529 12.1587 12.1545 12.1384 12.1114 12.0958 12.0788 12.0571 12.0996 12.1435 12.0871 11.9073 11.7074 11.5687 11.5336 11.5398 11.5602 11.5357 11.5336 11.5281 11.4796 11.4526 11.4077 11.3569 11.2675 11.2072 11.1356 11.0759 10.774 10.4769 10.2346 10.042 9.93766 9.95578 9.94218 9.74847 9.65751 9.59689 9.54299 9.51654 9.51872 9.56802 9.68666 9.86731 9.97118 10.036 10.0983 10.1636 10.2497 10.3157 10.3257 10.3449
12.8793 12.9283 12.9513 12.9064 12.7398 12.4177 12.2032 12.1088 12.0848 12.1237 12.1836 12.2208 12.2499 12.2394 12.2044 12.1669 12.1447 12.1629 12.1898 12.2203 12.2563 12.2481 12.253 12.2524 12.2691 12.2741 12.2681 12.2541 12.2484 12.082 11.91 11.7239 11.6473 11.6856 11.713 11.7018 11.6783 11.6518 11.6247 11.5633 11.5147 11.4817 11.4232 11.4625 11.4662 11.3848 11.1763 10.9613 10.604 10.3148 10.1155 9.98816 9.9127 9.84636 9.7404 9.68871 9.60896 9.54717 9.56556 9.60822 9.68539 9.77905 9.82581 9.88899 9.99489 10.0843 10.1748 10.2148 10.2179 10.1969
12.3149 12.3185 12.3512 12.462 12.2094 11.7787 11.5803 11.5091 11.5965 11.6172 11.5916 11.6232 11.7283 11.8277 11.9277 11.7626 11.6859 11.6729 11.6856 11.7517 11.8849 11.974 11.9585 12.0343 12.1212 12.2909 12.3716 12.3374 12.2453 12.0623 11.7973 11.5208 11.2359 10.9047 11.8837 11.8778 11.833 11.7848 11.67 11.4751 11.2293 10.9744 11.2873 11.2151 10.8033 10.2635 9.67349 9.19946 9.31924 9.3436 9.20865 9.18712 9.25456 9.27659 9.27272 9.31421 9.337 9.35626 9.39859 9.47932 9.59273 9.70507 9.75441 9.79454 9.86885 9.97197 10.0667 10.1108 10.1641 10.1413
11.7147 11.7523 11.6733 11.526 11.2365 10.7439 10.5798 10.5799 10.8099 10.9763 10.9532 10.9442 10.7998 10.4904 11.3936 11.0157 10.5698 9.93883 9.71287 11.3927 11.7529 12.0633 11.9154 11.5974 11.1309 11.7008 11.2493 10.6457 9.96498 9.93418 9.85565 9.75136 9.68622 9.59462 9.49483 9.40917 9.30796 9.32602 9.39913 9.51281 9.62269 9.6548 9.58824 9.39343 9.28352 9.29734 9.38855 9.47182 9.55277 9.60936 9.66289 9.69134 9.63471 9.57151 9.50282 9.44417 9.41857 9.41479 9.37552 9.31704 9.26829 9.18723 9.26465 9.31844 9.41405 9.48087 9.6088 9.69875 9.84026 9.93242
11.6788 11.55 11.2498 10.8361 10.6783 10.6665 10.6604 10.6199 10.5387 10.4317 10.3194 9.72134 9.49173 9.41306 9.38012 9.38309 9.30263 9.26094 9.28267 9.2846 9.4062 9.46094 9.48475 9.53953 9.46916 9.34371 9.21731 9.27042 9.3177 9.35172 9.50631 9.42827 9.45349 9.42651 9.41637 9.42912 9.40409 9.34479 9.22582 9.0699 9.13252 9.10993 9.11398 9.11234 9.08685 9.19322 9.39404 9.5283 9.66458 9.75524 9.79434 9.77319 9.7339 9.71987 9.70787 9.6728 9.62032 9.59636 9.55244 9.45594 9.34762 9.22396 9.12896 8.99497 8.87928 8.82458 8.76091 8.83713 8.82718 8.74011
11.9358 11.9901 11.8061 11.4917 11.0282 10.8684 10.8953 10.8928 10.845 10.6639 10.407 10.0738 9.6045 9.46012 9.40857 9.31582 9.28153 9.31372 9.32076 9.29406 9.63399 9.63399 9.61083 9.51758 9.60469 9.53374 9.43011 9.27133 9.12476 8.93196 8.72483 8.54147 8.67234 8.71239 8.64934 8.63195 8.61346 8.59489 8.63233 8.59281 8.77645 8.99578 9.09901 8.80935 8.77679 8.83074 8.84984 8.93842 9.17146 9.48152 9.66999 9.74177 9.74177 9.69673 9.58145 9.41934 9.27024 9.12425 8.99625 8.8566 8.70779 8.52776 8.48483 8.51293 8.80302 8.91169 8.79435 8.69342 8.58273 8.46601
9.60625 9.21 9.24251 9.23864 9.22797 9.18329 9.16526 9.14828 9.13735 9.14868 9.1927 9.25565 9.30882 9.31942 9.26366 9.20544 9.12368 9.05924 8.98635 8.86732 8.81221 8.79217 8.80649 8.7112 8.60852 8.49155 8.37865 8.39397 8.39499 8.41367 8.38242 8.41764 8.49253 8.58581 8.60803 8.67519 8.75038 8.81279 8.8161 8.80476 8.78069 8.62203 8.49148 8.64255 8.81739 8.85277 8.85277 8.72757 8.51082 8.51012 8.48968 8.85679 8.85679 8.66806 8.51067 8.45683 8.37924 8.24162 8.29064 8.09764 8.21322 8.44241 8.52859 8.65749 8.72166 8.72875 8.69888 8.59723 8.59268 8.5839
8.81291 8.67862 8.5572 8.49399 8.51077 8.50652 8.47605 8.48732 8.53308 8.49802 8.5349 8.67975 8.69233 8.57654 8.61625 8.64531 8.75599 8.82379 8.7777 8.63327 8.66538 8.70779 8.70425 8.65967 8.64261 8.6104 8.52873 8.23026 8.41808 8.23973 8.13747 8.02507 8.03587 8.11502 8.2801 8.35145 8.36642 8.39764 8.44625 8.50106 8.55672 8.5927 8.64815 8.33145 8.20402 8.35916 8.36969 8.34724 8.34224 8.58067 8.55847 8.49025 8.40486 8.51171 8.51067 8.56021 8.60535 8.60169 8.60064 8.57646 8.59222 8.67198 8.7915 8.87251 8.89755 8.88409 8.85736 8.83766 8.82953 8.81352
8.28115 8.30674 8.35888 8.40394 8.44546 8.4589 8.46794 8.54558 8.56597 8.53988 8.51589 8.48938 8.33691 8.4459 8.56751 8.58189 8.65266 8.71554 8.63002 8.52055 8.58289 8.63776 8.65387 8.65738 8.73605 8.78384 8.78957 8.38659 8.02534 8.20677 8.21739 8.21739 8.0949 8.05267 8.07622 8.06994 7.97286 7.8242 7.70836 7.82135 7.89433 8.65107 8.65107 8.33145 8.10444 8.01915 8.03126 8.01948 8.12992 8.14721 8.33829 8.45451 8.378 8.39511 8.43407 8.56021 8.62357 8.66229 8.68068 8.6056 8.61065 8.68479 8.72408 8.75429 8.74308 8.78984 8.80825 8.76 8.74835 8.74918
8.4719 8.45299 8.46438 8.47513 8.46909 8.43501 8.43735 8.44275 8.40597 8.34246 8.3596 8.34882 8.29369 8.23716 8.18408 7.96754 7.77027 7.85961 7.80383 7.86426 7.93187 7.94363 7.97451 7.94348 7.92828 7.98641 8.0153 8.06029 8.09272 8.18445 8.15282 8.15532 8.42484 8.27619 7.8699 7.56959 7.49586 7.53771 7.60179 7.75491 7.9124 8.07334 8.14254 8.11594 8.10444 8.00031 7.88393 7.82018 7.85024 7.97494 8.17014 8.3974 8.53473 8.61526 8.64923 8.66694 8.68391 8.71341 8.75087 8.8453 8.93937 9.12714 9.2686 9.38223 9.4123 9.40229 9.31872 9.24129 8.96994 8.69622
7.94693 7.98096 7.98185 7.98185 7.95648 7.89138 7.70631 7.37446 7.34364 7.304 7.24839 7.31076 8.12478 8.26744 8.26744 8.05661 7.68184 7.56634 7.64008 7.64008 7.59498 7.64292 7.66864 7.67737 7.69386 7.70227 7.79278 7.89852 8.01572 8.12664 8.22784 8.34593 8.37518 8.3326 8.33238 8.23759 8.05622 7.53771 7.60179 7.75491 7.9124 8.07334 8.05451 7.48228 7.42766 7.56488 7.71042 7.82137 7.9062 7.95467 7.98836 8.39093 8.52604 8.60728 8.64661 8.6755 8.65837 8.69674 7.80866 7.6285 7.70146 7.84065 7.84 7.79081 7.71913 7.64719 7.8089 7.91693 7.93621 7.96157
7.05875 6.86158 6.87808 6.91627 6.96773 7.03958 7.25372 7.42626 7.34511 7.28911 7.37841 7.43394 7.35132 7.17907 6.99341 7.09464 7.41381 7.59544 7.62939 7.3447 7.34423 7.3258 7.29113 7.23886 7.13252 6.97024 6.77351 8.03173 8.04938 8.00141 7.84939 8.02045 8.24663 8.33238 8.33238 8.23759 8.05622 7.75807 7.47216 7.45005 7.45005 7.39877 7.24442 7.05269 6.86422 6.67306 6.48105 6.54561 6.63401 6.717 6.84171 7.35413 7.65778 7.83614 7.87495 7.87495 7.77324 7.68585 7.58769 7.43282 7.11928 6.62243 5.73556 4.53772 4.14049 4.13101 4.12036 4.12775 4.12808 4.12808
6.82359 6.82359 6.78646 6.68924 6.76333 6.78123 6.78123 6.75499 6.65908 6.55205 7.33338 7.54704 7.54704 7.45585 7.27573 6.99657 6.66695 6.47783 6.50724 6.54303 6.577 6.59192 6.61048 6.62503 6.62503 6.62113 6.60667 6.59394 6.54451 6.48582 6.40142 6.33213 6.28072 6.24497 6.20997 6.18372 6.16475 6.15671 6.15171 4.88702 4.88702 0 0 0 0 0 0 0 0 0 0 0 0 0 0 0 0 0 0 0 0 0 0 0 0 0 0 0 0 0
6.22093 6.22093 5.22113 5.59123 5.85776 6.0258 6.07693 6.07692 6.06758 6.06406 5.05843 5.03933 4.9749 4.87743 0 0 0 0 0 0 0 0 0 0 0 0 0 0 0 0 0 0 0 0 0 0 0 0 0 0 0 0 0 0 0 0 0 0 0 0 0 0 0 0 0 0 0 0 0 0 0 0 0 0 0 0 0 0 0 0
0 0 0 0 0 0 0 0 0 0 0 0 0 0 0 0 0 0 0 0 0 0 0 0 0 0 0 0 0 0 0 0 0 0 0 0 0 0 0 0 0 0 0 0 0 0 0 0 0 0 0 0 0 0 0 0 0 0 0 0 0 0 0 0 0 0 0 0 0 0
0 0 0 0 0 0 0 0 0 0 0 0 0 0 0 0 0 0 0 0 0 0 0 0 0 0 0 0 0 0 0 0 0 0 0 0 0 0 0 0 0 0 0 0 0 0 0 0 0 0 0 0 0 0 0 0 0 0 0 0 0 0 0 0 0 0 0 0 0 0
0 0 0 0 0 0 0 0 0 0 0 0 0 0 0 0 0 0 0 0 0 0 0 0 0 0 0 0 0 0 0 0 0 0 0 0 0 0 0 0 0 0 0 0 0 0 0 0 0 0 0 0 0 0 0 0 0 0 0 0 0 0 0 0 0 0 0 0 0 0
0 0 0 0 0 0 0 0 0 0 0 0 0 0 0 0 0 0 0 0 0 0 0 0 0 0 0 0 0 0 0 0 0 0 0 0 0 0 0 0 0 0 0 0 0 0 0 0 0 0 0 0 0 0 0 0 0 0 0 0 0 0 0 0 0 0 0 0 0 0
0 0 0 0 0 0 0 0 0 0 0 0 0 0 0 0 0 0 0 0 0 0 0 0 0 0 0 0 0 0 0 0 0 0 0 0 0 0 0 0 0 0 0 0 0 0 0 0 0 0 0 0 0 0 0 0 0 0 0 0 0 0 0 0 0 0 0 0 0 0
0 0 0 0 0 0 0 0 0 0 0 0 0 0 0 0 0 0 0 0 0 0 0 0 0 0 0 0 0 0 0 0 0 0 0 0 0 0 0 0 0 0 0 0 0 0 0 0 0 0 0 0 0 0 0 0 0 0 0 0 0 0 0 0 0 0 0 0 0 0
0 0 0 0 0 0 0 0 0 0 0 0 0 0 0 0 0 0 0 0 0 0 0 0 0 0 0 0 0 0 0 0 0 0 0 0 0 0 0 0 0 0 0 0 0 0 0 0 0 0 0 0 0 0 0 0 0 0 0 0 0 0 0 0 0 0 0 0 0 0
0 0 0 0 0 0 0 0 0 0 0 0 0 0 0 0 0 0 0 0 0 0 0 0 0 0 0 0 0 0 0 0 0 0 0 0 0 0 0 0 0 0 0 0 0 0 0 0 0 0 0 0 0 0 0 0 0 0 0 0 0 0 0 0 0 0 0 0 0 0
0 0 0 0 0 0 0 0 0 0 0 0 0 0 0 0 0 0 0 0 0 0 0 0 0 0 0 0 0 0 0 0 0 0 0 0 0 0 0 0 0 0 0 0 0 0 0 0 0 0 0 0 0 0 0 0 0 0 0 0 0 0 0 0 0 0 0 0 0 0
0 0 0 0 0 0 0 0 0 0 0 0 0 0 0 0 0 0 0 0 0 0 0 0 0 0 0 0 0 0 0 0 0 0 0 0 0 0 0 0 0 0 0 0 0 0 0 0 0 0 0 0 0 0 0 0 0 0 0 0 0 0 0 0 0 0 0 0 0 0
0 0 0 0 0 0 0 0 0 0 0 0 0 0 0 0 0 0 0 0 0 0 0 0 0 0 0 0 0 0 0 0 0 0 0 0 0 0 0 0 0 0 0 0 0 0 0 0 0 0 0 0 0 0 0 0 0 0 0 0 0 0 0 0 0 0 0 0 0 0
0 0 0 0 0 0 0 0 0 0 0 0 0 0 0 0 0 0 0 0 0 0 0 0 0 0 0 0 0 0 0 0 0 0 0 0 0 0 0 0 0 0 0 0 0 0 0 0 0 0 0 0 0 0 0 0 0 0 0 0 0 0 0 0 0 0 0 0 0 0
