benchmarks/avaInclinedPlane/release1IP_entres_ref_0.155_ppr.asc
ncols         1000
nrows         400
xllcenter     1000
yllcenter     -5000
cellsize      5
NODATA_value  -9999
[rows 155 to 185 of 400, columns 630 to 699 of 1000]
0 0 0 0 0 0 0 0 0 0 0 0 0 0 0 0 0 0 0 0 0 0 0 0 0 0 0 0 0 0 0 0 0 0 0 0 0 0 0 0 0 0 0 0 0 0 0 0 0 0 0 0 0 0 0 0 0 0 0 0 0 0 0 0 0 0 0 0 0 0
0 0 0 0 0 0 0 0 0 0 0 0 0 0 0 0 0 0 0 0 0 0 0 0 0 0 0 0 0 0 0 0 0 0 0 0 0 0 0 0 0 0 0 0 0 0 0 0 0 0 0 0 0 0 0 0 0 0 0 0 0 0 0 0 0 0 0 0 0 0
0 0 0 0 0 0 0 0 0 0 0 0 0 0 0 0 0 0 0 0 0 0 0 0 0 0 0 0 0 0 0 0 0 0 0 0 0 0 0 0 0 0 0 0 0 0 0 0 0 0 0 0 0 0 0 0 0 0 0 0 0 0 0 0 0 0 0 0 0 0
0 0 0 0 0 0 0 0 0 0 0 0 0 0 0 0 0 0 0 0 0 0 0 0 0 0 0 0 0 0 0 0 0 0 0 0 0 0 0 0 0 0 0 0 0 0 0 0 0 0 0 0 0 0 0 0 0 0 0 0 0 0 0 0 0 0 0 0 0 0
0 0 0 0 0 0 0 0 0 0 0 0 0 0 0 0 0 0 0 0 0 0 0 0 0 0 0 0 0 0 0 0 0 0 0 0 0 0 0 0 0 0 0 0 0 0 0 0 0 0 0 0 0 0 0 0 0 0 0 0 0 0 0 0 0 0 0 0 0 0
0 0 0 0 0 0 0 0 0 0 0 0 0 0 0 0 0 0 0 0 0 0 0 0 0 0 0 0 0 0 0 0 0 0 0 0 0 0 0 0 0 0 0 0 0 0 0 0 0 0 0 0 0 0 0 0 0 0 0 0 0 0 0 0 0 0 0 0 0 0
0 0 0 0 0 0 0 0 0 0 0 0 0 0 0 0 0 0 0 0 0 0 0 0 0 0 0 0 0 0 0 0 0 0 0 0 0 0 0 0 0 0 0 0 0 0 0 0 0 0 0 0 0 0 0 0 0 0 0 0 0 0 0 0 0 0 0 0 0 0
0 0 0 0 0 0 0 0 0 0 0 0 0 0 0 0 0 0 0 0 0 0 0 0 0 0 0 0 0 0 0 0 0 0 0 0 0 0 0 0 0 0 0 0 0 0 0 0 0 0 0 0 0 0 0 0 0 0 0 0 0 0 0 0 0 0 0 0 0 0
5.50753 5.63332 5.73009 5.79906 5.86578 6.06939 6.38285 8.75905 8.75905 8.46707 8.16164 7.8877 7.65151 7.48933 7.44926 7.43051 7.43051 0 0 0 0 0 0 0 0 0 0 0 0 0 0 0 0 0 0 0 0 0 0 0 0 0 0 0 0 0 0 0 0 0 0 0 0 0 0 0 0 0 0 0 0 0 0 0 0 0 0 0 0 0
9.82164 9.82164 9.77974 9.64244 9.48181 9.4177 9.27388 9.06075 8.75905 9.11006 9.37971 9.46116 9.46116 9.31736 9.01671 8.62947 8.20432 7.76447 7.18432 6.83744 6.84034 6.84318 6.84598 7.03929 8.54942 10.1521 11.5305 12.7331 13.4826 13.8704 13.9043 13.9043 13.7596 13.3796 12.956 12.3511 11.7062 10.2428 0 0 0 0 0 0 0 0 0 0 0 0 0 0 0 0 0 0 0 0 0 0 0 0 0 0 0 0 0 0 0 0
10.474 10.477 10.0033 9.46945 9.48181 9.61261 9.84945 10.7852 10.6112 10.4193 10.6575 11.0404 11.1484 12.6022 12.9881 13.4308 13.7389 14.0828 14.4414 14.7954 15.1465 15.5088 15.8447 16.1466 16.1745 16.1585 16.0067 15.7438 15.5369 15.3261 15.087 14.8088 14.4892 14.1474 13.9859 14.342 14.1639 13.8505 9.04351 11.4382 11.85 11.85 11.2605 10.7418 10.4017 10.1543 9.97492 10.0138 10.186 10.3882 10.4948 10.5916 10.5886 10.5285 10.477 10.3905 10.5186 10.5553 10.6855 11.0856 11.4678 11.7681 11.9175 11.9175 11.911 11.7882 11.6212 11.4776 11.3057 11.1088
11.5472 10.9484 11.248 11.7451 12.0723 16.2106 16.603 16.603 16.2429 15.3771 14.5062 13.7722 12.7713 15.4726 15.2233 14.1258 13.7389 14.0828 14.4414 14.7954 15.1398 15.4751 15.7594 15.9767 16.1381 16.1403 16.1222 15.9275 15.6428 15.3673 15.2949 15.1455 15.025 15.083 14.9297 14.5585 14.212 13.8505 12.0236 12.0221 12.0185 11.85 11.2605 10.7418 10.4017 10.5686 10.9987 11.506 11.87 12.1301 10.3903 10.3147 10.3173 10.2751 10.4109 10.4767 10.5186 10.5553 10.5993 10.9174 11.378 11.8163 11.9739 11.9912 11.955 11.838 11.573 11.6492 11.7977 11.7869
17.0175 17.1143 17.1143 16.7992 16.3978 16.3247 16.3241 16.3605 16.4386 15.5835 15.4073 15.4656 15.9822 16.417 16.9665 17.0432 17.0543 17.0249 16.5367 15.8464 15.2462 16.1005 16.7847 17.0157 17.0288 16.9066 16.7434 16.2193 15.5613 15.3948 15.248 14.6233 13.5958 13.5437 13.6018 13.7513 14.15 14.4291 14.7189 14.9731 15.1739 15.0523 14.7235 14.2471 13.745 13.3739 13.4403 13.1708 11.87 12.1301 12.2275 12.9888 16.7364 17.3639 17.5316 17.2866 16.7372 15.7293 15.0375 14.2203 13.6636 13.1529 12.5706 12.7594 13.647 12.8839 11.647 11.8951 11.8951 11.7774
17.337 17.35 17.2743 17.1447 16.956 16.8392 16.8864 16.946 16.9735 16.8468 17.5126 18.2709 18.565 18.3022 18.0473 18.3932 17.6913 17.0355 16.9801 16.966 16.7432 20.3521 19.3684 19.1195 18.7003 17.9887 16.7924 17.4153 16.5877 16.3832 16.3589 16.4889 16.5398 16.5539 14.7989 17.5633 18.1415 18.1415 17.4142 16.2289 19.3638 19.3638 18.0472 16.3883 15.1685 14.2176 14.3144 14.2258 15.1593 15.273 15.3389 15.8421 16.4186 16.9814 17.321 17.4836 17.4803 16.9772 15.9668 15.2411 14.804 14.321 14.034 13.8768 13.3188 12.8396 12.3677 12.5398 12.5423 12.5282
20.8516 20.5897 20.5992 15.9667 15.843 17.02 19.0111 19.7126 20.6497 21.0881 21.0471 20.7655 20.5098 20.457 20.2206 20.1564 20.1066 19.9634 20.0273 20.0135 19.5464 18.9305 18.8186 18.5122 17.9576 17.8613 18.2716 19.892 21.286 21.6352 21.5312 21.058 20.52 19.5728 18.7926 18.477 18.3608 18.6934 19.1242 19.5073 19.418 18.6548 17.1833 16.0437 15.5929 16.1046 16.3921 16.2077 15.8389 15.5636 15.6391 15.8277 16.0638 16.3842 16.4209 16.3018 16.274 16.2938 15.1248 14.2536 16.3029 16.574 16.574 16.2149 15.7724 15.46 15.1814 14.9338 14.7147 14.5239
23.0585 22.363 21.801 21.9181 22.0674 22.2484 22.2479 22.3887 22.3503 22.4478 22.7147 22.9177 23.1415 23.3078 23.3775 23.6462 24.1339 24.8415 23.5129 23.0801 22.7472 22.8396 23.2558 23.6348 23.696 23.2927 23.1792 23.1253 23.1559 23.0751 22.8858 22.5069 22.0099 21.5261 20.8364 20.3409 20.1541 20.0106 19.7189 19.4871 19.1785 19.2346 19.2021 18.8902 18.5303 18.1305 17.8471 17.6497 17.3442 17.3108 17.6798 18.196 18.4441 18.3874 18.1659 17.8847 17.6411 17.4241 17.2017 17.0652 16.7051 16.6855 16.5094 16.4517 16.2757 16.0683 16.2987 16.5385 16.6437 16.6437
24.3152 23.9388 24.2827 24.3123 24.5386 25.0835 25.4885 25.6854 25.7956 25.8828 25.9923 26.2328 26.399 26.264 25.8485 24.8601 24.7938 24.6876 24.4225 23.9709 23.5365 23.1818 23.0005 22.9303 22.7093 22.5911 22.5651 22.1283 21.7917 21.6897 21.7118 22.1064 22.3718 22.2689 22.3002 21.4748 20.4727 19.7197 19.0743 18.5674 18.1745 17.9477 17.7338 17.6453 18.5869 18.5869 17.8312 17.8657 17.8078 17.8466 17.9123 17.9703 18.0701 18.062 17.9584 17.9726 18.0473 18.2268 18.3223 18.3257 17.3925 17.4118 17.4725 17.5256 17.7148 17.844 18.0091 17.955 17.9457 17.7603
26.6744 26.2454 25.6642 24.6502 24.8118 25.0569 25.2547 25.4868 25.6395 25.8615 26.0777 26.3895 26.6987 26.7477 25.39 23.9585 24.0415 24.3447 24.1962 23.9728 23.5882 23.1368 22.7515 22.3131 22.0388 21.7822 21.4327 21.1369 20.5259 20.3881 20.3896 20.3948 20.5834 20.7282 22.0119 21.9179 19.7979 18.3184 17.1432 18.6305 19.7085 20.0399 19.9224 19.6559 19.3886 19.1372 18.8453 19.8022 20.4488 20.9012 21.5626 21.9465 22.4323 23.044 23.0341 22.5662 21.8057 20.7937 19.6969 18.8016 17.8612 16.8864 17.1725 20.1576 20.2615 19.164 18.1992 18.5086 18.5756 18.4079
28.2747 27.9863 27.9599 28.0712 27.9929 27.3908 25.6736 23.5796 23.4367 23.4085 23.5387 23.5944 23.5574 23.2728 22.3104 21.4959 21.479 21.9447 22.2781 22.6478 23.024 23.0177 23.3881 23.6291 23.2357 22.6073 22.2316 22.0181 22.26 22.4169 23.3274 24.579 22.5302 20.7899 20.2021 19.9052 20.2324 20.6654 21.0346 21.1174 21.1799 21.1241 21.3121 21.7526 21.7064 21.6326 21.3281 21.6409 22.0576 22.3633 22.8207 22.9904 22.9333 22.6706 22.5143 22.4591 22.5034 21.3399 21.1442 21.1244 21.3876 21.5778 21.4115 21.6065 21.3777 20.7505 19.7378 20.0612 20.1913 19.9348
28.1158 27.9727 27.9498 28.0182 28.0251 27.8762 27.237 26.1214 25.2782 24.7361 24.4999 24.4299 24.3273 23.8369 23.5006 23.1399 23.1006 23.2748 23.6757 23.9881 24.1439 24.0849 24.0164 24.0286 24.1232 24.0601 24.0593 23.9874 23.7748 23.8373 24.0629 23.9784 24.1549 23.3027 22.7393 22.4186 22.6411 22.9904 23.0739 22.8614 22.5733 22.3554 22.3214 22.4847 22.3552 22.2962 22.5516 22.7302 22.8842 23.2784 23.8017 23.9948 23.8541 23.5167 23.12 22.8302 22.2944 22.1177 22.3116 22.4914 22.4668 22.3062 22.1031 21.8531 21.5629 20.9833 20.1405 20.2822 20.2403 20.097
26.1465 25.5899 25.1901 25.2399 25.5791 26.5362 27.0433 27.2767 25.5532 24.7644 24.3205 23.873 23.4923 23.1905 22.7126 22.3382 22.1839 22.1173 22.3855 22.6821 22.7831 22.8056 22.9227 23.0346 23.0346 23.0222 23.1071 23.4939 23.0745 22.9738 22.9581 22.9058 22.6488 22.3607 22.1962 22.3707 22.7569 23.2901 23.5284 23.4975 22.8386 22.3122 21.8498 21.6424 21.544 21.5598 21.7514 21.9691 22.2741 22.6358 22.9065 22.9559 22.8897 22.745 22.4948 22.1731 21.9664 21.5585 21.1686 20.8156 20.4253 20.1797 20.0245 20.1548 20.0031 19.6949 19.7985 19.8315 19.9706 19.9398
32.0003 31.1735 30.0732 28.7435 27.0636 25.123 27.267 27.8232 27.2907 25.4321 22.986 22.7533 23.0116 23.3219 23.492 23.4205 23.2008 23.1224 23.0535 23.1329 23.4134 23.4041 23.11 22.6036 22.3018 21.952 21.9018 22.0503 22.2668 22.2641 22.0176 20.9061 20.047 19.9945 20.0844 20.6363 21.0326 21.1639 21.0099 21.2857 21.4756 20.4587 20.4491 20.7123 20.7492 21.1848 21.1385 20.7935 20.3399 19.1424 19.5278 20.0793 20.1928 21.7746 21.8548 21.3667 20.5165 20.9635 19.8768 20.1825 20.6278 21.082 21.3428 21.282 21.0814 20.6011 20.1964 19.9293 20.1429 20.2287
30.2867 30.2374 29.7998 29.33 28.8636 27.45 26.7028 26.1686 25.7107 24.9047 24.244 23.7726 24.0379 24.4114 24.6314 24.2764 23.9532 23.6499 23.6968 23.6941 23.4751 23.2284 22.6821 21.7734 21.249 21.163 21.2439 21.4485 21.5234 21.8008 21.0416 19.3961 19.1303 19.1667 19.0694 18.8722 18.6488 18.4378 18.7541 19.0565 19.0925 19.21 19.1221 18.8557 18.701 18.5751 18.6749 18.9415 19.1297 19.5937 20.165 20.6033 20.7568 20.9496 21.1558 21.1096 21.0876 21.0238 20.0782 20.3517 20.7416 21.0316 21.3245 21.6239 21.783 21.4568 20.9327 20.6674 20.6827 20.833
27.4779 27.4372 26.9965 26.4289 25.7449 25.3449 24.9612 24.8977 24.7343 24.9381 25.1527 25.1476 24.2721 23.6658 23.4935 23.599 23.0757 22.505 22.2679 22.155 21.8233 21.7066 20.4271 19.6891 19.7078 19.6355 19.8771 19.5779 19.5075 19.4428 19.655 19.9788 20.1293 20.1909 20.2529 20.3474 20.4054 20.2555 20.0594 19.7228 19.1321 18.6742 18.4101 18.3159 18.3545 18.3639 18.6824 19.1145 19.3189 19.7654 20.3048 20.9377 21.356 21.551 21.6097 21.3825 21.2216 20.5293 18.7545 18.7398 19.0669 19.3917 19.7542 20.2062 20.4624 20.5715 20.3296 20.4477 20.3446 20.0841
23.1963 23.7715 23.982 24.0643 23.9442 24.0042 23.9747 23.996 23.9179 23.5816 23.3273 22.8679 22.4682 22.253 21.9287 21.7179 21.5048 22.8488 21.7927 21.5699 21.5239 21.3867 21.3117 21.4532 21.7948 22.1243 22.1962 21.8764 20.9618 20.5378 20.6454 20.6997 20.8045 20.9247 21.0285 21 21.0821 21.2073 21.0813 20.8371 19.7759 18.962 19.0099 19.4713 19.8282 20.5183 21.0685 21.5687 21.9298 22.1316 21.9536 21.8423 21.7566 21.7349 21.5788 21.0899 20.679 20.2899 20.4125 20.5334 20.452 20.3813 20.4621 20.3703 20.4088 20.5062 20.4662 20.3505 20.2907 20.2449
25.2984 23.5935 24.6637 29.4637 27.0942 24.4087 23.7918 23.9784 23.9828 22.4928 21.6813 21.4095 21.2578 21.2482 21.5327 21.6684 21.5514 21.4818 21.3383 21.5931 21.7397 21.7449 21.687 21.7986 21.8951 21.9613 22.1003 22.2601 22.4269 22.6892 22.8954 23.2687 23.4531 23.5378 23.5725 23.6553 23.7599 23.8275 23.3193 22.4417 20.9657 20.727 21.398 22.0566 22.824 23.4739 24.0438 24.5507 24.8286 25.1692 25.1729 24.7092 24.2003 23.8797 23.6796 23.67 23.7129 23.5718 23.318 23.094 22.7726 22.5267 22.1343 21.6635 21.1204 20.7229 20.3719 20.0623 19.8518 19.7837
33.9181 32.5975 31.4059 30.2163 30.7776 29.228 27.2304 25.0917 23.5812 25.2815 23.7706 22.6449 22.5634 22.9263 23.1134 23.0975 22.8629 22.6095 22.5549 22.6269 22.6369 22.7036 23.0274 23.2671 23.2698 23.0356 22.7089 22.7584 22.7537 22.5323 22.4975 22.6404 22.5203 22.5127 22.5342 22.6814 22.8695 23.3401 23.7996 24.6591 24.8772 25.0057 25.3327 26.0108 26.6996 27.3644 27.8873 28.3769 28.7328 28.4271 27.6444 26.9013 26.0876 25.6623 25.346 25.1334 24.9352 24.7256 24.3721 23.9376 23.4975 22.8881 22.3212 21.8482 22.2244 23.1518 23.6635 23.8786 23.6643 24.0499
32.0935 32.0117 31.866 31.3026 30.7722 30.1416 29.3226 28.6476 28.6061 28.6621 28.1316 27.6242 27.5869 27.3256 26.9059 26.7581 26.3531 25.6769 25.0694 24.905 25.3774 25.88 26.5459 26.5857 26.1073 26.7274 27.6695 28.9186 29.7116 29.1658 28.257 27.3667 27.3361 26.837 27.5759 28.2659 28.6883 29.005 29.4052 29.8025 29.8747 30.0791 29.9717 30.1832 30.4762 31.0197 31.7141 31.9057 31.8102 31.3021 30.9061 30.3098 30.1134 29.5237 28.9445 28.259 27.7143 27.4885 28.6486 28.657 27.6622 26.1676 26.2314 27.5126 28.0937 28.4997 29.5271 35.1673 34.7294 31.9854
33.7451 33.6397 33.2763 33.2869 33.2407 33.4357 33.8349 34.202 34.4028 34.6425 34.6003 34.2468 33.8636 33.5935 33.404 33.3995 33.2509 33.5386 33.3466 32.958 32.6296 32.5379 32.7141 32.7385 32.9978 33.4856 34.0228 34.2795 34.3889 34.1824 33.9894 33.8898 33.9682 33.9219 34.2807 34.3789 34.3365 34.1775 34.5096 34.9361 34.8717 34.6543 34.6035 34.3777 34.4687 34.5336 34.8512 35.3669 35.6537 35.7505 36.1734 36.4381 36.0734 35.6928 35.4436 35.2453 34.9413 34.708 34.4499 34.4842 34.426 34.8766 35.4682 36.223 37.1229 38.2109 38.8272 39.2262 40.1389 40.9931
37.4128 36.8363 36.4605 36.1146 36.0118 36.0668 36.2789 36.5943 36.921 37.3242 37.759 37.9353 37.624 37.3014 37.2937 37.5711 37.5863 37.6921 37.7199 37.5043 37.5039 37.4735 37.6824 37.545 37.3557 37.6327 38.1806 38.4409 38.6188 38.4826 38.4299 38.291 38.2272 38.3267 38.645 38.8471 38.9258 39.141 39.6508 39.593 39.645 39.7677 39.8225 39.7605 39.4079 38.9956 38.7338 38.8822 39.2793 39.5334 39.7857 39.8217 39.855 39.8618 40.0515 40.3447 40.4566 40.2976 40.1873 40.0597 40.064 40.3393 40.8181 41.7043 42.6913 43.0889 43.2198 43.3682 43.579 43.6374
38.1639 37.4678 37.0685 36.6578 36.5508 36.5521 36.87 37.188 37.6391 38.2879 39.108 39.5311 39.2637 38.8174 38.8236 39.1697 39.2767 39.1793 39.2884 39.4444 39.4059 39.3212 39.4104 39.2084 38.9887 38.8664 38.8425 38.8783 38.8697 38.8354 38.926 39.0891 39.0838 39.1694 39.4477 39.8832 40.2135 40.6516 41.3637 41.3342 41.2529 41.4772 41.9444 42.2953 41.9687 41.3146 40.6365 40.4203 40.4068 40.5823 40.7933 40.8832 40.9082 41.0053 41.2708 41.678 42.1293 42.3371 42.1934 42.0023 41.9524 41.9545 42.0639 42.387 43.0056 43.0971 43.059 43.0461 43.0263 42.9829
