benchmarks/avaInclinedPlane/release1IP_entres_ref_0.155_pv.asc
ncols         1000
nrows         400
xllcenter     1000
yllcenter     -5000
cellsize      5
NODATA_value  -9999
[rows 155 to 185 of 400, columns 280 to 349 of 1000]
0 0 0 0 0 0 0 0 0 0 0 0 0 0 0 0 0 0 0 0 0 0 0 0 0 0 0 0 0 0 0 0 0 0 0 0 0 0 0 0 0 0 0 0 0 0 0 0 0 0 0 0 0 0 0 0 0 0 0 0 0 0 0 0 0 0 0 0 0 0
0 0 0 0 0 0 0 0 0 0 0 0 0 0 0 0 0 0 0 0 0 0 0 0 0 0 0 0 0 0 0 0 0 0 0 0 0 0 0 0 0 0 0 0 0 0 0 0 0 0 0 0 0 0 0 0 0 0 0 0 0 0 0 0 0 0 0 0 0 0
0 0 0 0 0 0 0 0 0 0 0 0 0 0 0 0 0 0 0 0 0 0 0 0 0 0 0 0 0 0 0 0 0 0 0 0 0 0 0 0 0 0 0 0 0 0 0 0 0 0 0 0 0 0 0 0 0 0 0 0 0 0 0 0 0 0 0 0 0 0
0 0 0 0 0 0 0 0 0 0 0 0 0 0 0 0 0 0 0 0 0 0 0 0 0 0 0 0 0 0 0 0 0 0 0 0 0 0 0 0 0 0 0 0 0 0 0 0 0 0 0 0 0 0 0 0 0 0 0 0 0 0 0 0 0 0 0 0 0 0
0 0 0 0 0 0 0 0 0 0 0 0 0 0 0 0 0 0 0 0 0 0 0 0 0 0 0 0 0 0 0 0 0 0 0 0 0 0 0 0 0 0 0 0 0 0 0 0 0 0 0 0 0 0 0 0 0 0 0 0 0 0 0 0 0 0 0 0 0 0
0 0 0 0 0 0 0 0 0 0 0 0 0 0 0 0 0 0 0 0 0 0 0 0 0 0 0 0 0 0 0 0 0 0 0 0 0 0 0 0 0 0 0 0 0 0 0 0 0 0 0 0 0 0 0 0 0 0 0 0 0 0 0 0 0 0 0 0 0 0
0 0 0 0 0 0 0 0 0 0 0 0 0 0 0 0 0 0 0 0 0 0 0 0 0 0 0 0 0 0 0 0 0 0 0 0 0 0 0 0 0 0 0 0 0 0 0 0 0 0 0 0 0 0 0 0 0 0 0 0 0 0 0 0 0 0 0 0 0 0
0 0 0 0 0 0 0 0 0 0 0 0 0 0 0 0 0 0 0 0 0 0 0 0 0 0 0 0 0 0 0 0 0 0 0 0 0 0 0 0 0 0 0 0 0 0 0 0 0 0 0 0 0 0 0 0 0 0 0 0 0 0 0 0 0 0 0 0 0 5.16296
5.48226 5.39435 5.28739 5.18844 5.18523 6.14901 6.48851 6.76237 6.93939 7.05917 7.06497 7.06497 6.96964 6.79297 6.57004 6.68756 6.68756 6.03636 6.02524 5.90459 7.04465 7.04465 6.73572 6.27381 6.22562 6.10622 6.09891 6.09938 6.23827 6.33908 6.39256 7.73374 7.73374 7.18893 6.34966 6.34062 6.22585 6.04198 6.59111 7.95547 8.1372 8.18474 8.18474 8.06752 7.72496 6.831 5.87011 5.92209 5.96422 5.90203 5.82572 7.52123 7.52123 7.33474 6.99705 6.94765 7.19375 7.19375 6.92251 6.92251 6.7879 7.49706 7.49849 7.44975 7.21231 6.88855 6.47163 6.49584 7.15964 7.42064
10.6015 10.2037 9.35027 8.21507 10.7076 10.7076 10.4929 10.6708 10.7503 10.3175 9.5735 10.1752 10.1752 9.50924 8.60843 9.67156 9.67156 9.0337 10.935 11.0448 10.8698 10.3578 9.61255 8.6885 8.44307 10.9276 10.9276 10.8934 10.5782 10.0804 11.4884 11.4901 11.3851 11.0014 10.3601 9.51297 8.87991 8.92517 9.41692 9.41692 9.64073 10.5044 10.5044 9.91074 9.0509 8.96973 8.90632 8.61091 11.0317 11.0317 10.6051 9.85154 11.3733 11.3733 11.4124 11.8639 11.6752 11.6624 11.4247 11.1133 11.2589 11.1841 10.8088 10.1794 11.7011 11.7011 11.444 10.8986 10.2718 9.35684
12.2225 12.127 11.97 11.5023 11.1169 11.0458 11.0354 11.0526 11.2373 11.308 10.9967 10.6048 10.4945 10.4526 10.3666 10.6027 10.8999 11.1479 12.2244 12.1158 12.2999 12.2847 12.0412 11.8354 11.618 11.3274 11.1658 11.1241 11.1649 11.2808 11.4383 11.7501 11.809 11.713 11.5054 11.2742 11.1594 11.0306 11.0351 10.9976 11.6872 12.3316 12.5637 12.4926 12.3018 12.22 11.9642 11.6152 11.388 11.2887 11.4144 11.63 11.752 11.9122 12.0309 11.8496 11.6306 11.4664 11.5053 11.6147 11.8041 12.0208 12.0529 11.9127 11.8685 11.7423 11.7612 11.6892 11.6028 11.4119
14.6612 14.4333 14.1262 13.8669 13.9198 14.0325 14.5237 14.5005 13.9706 13.9851 13.8375 13.5916 13.4848 13.6059 13.9066 14.2332 14.3234 14.3835 14.5337 14.4425 14.6237 14.6599 14.6064 14.7545 14.5351 14.6928 14.5623 14.2509 13.7779 14.7542 14.9171 14.7166 14.2717 14.5456 14.1987 13.7728 13.1122 12.5665 12.5992 13.537 13.537 13.5314 12.8455 12.8152 12.8973 12.8983 12.7669 12.6781 12.6375 12.6239 12.6939 12.7485 12.8083 12.7698 12.7421 12.6926 12.6182 12.5738 12.5745 12.6371 12.7142 12.7524 12.7469 12.7698 12.8558 12.8846 12.7898 12.6704 12.5795 12.6026
15.0971 15.011 14.882 14.9141 15.0162 15.1062 15.1653 15.074 14.9407 14.8424 14.758 14.7316 14.6602 14.6024 14.6263 14.7289 14.7578 14.8005 14.7427 14.7446 14.7797 14.9356 15.0186 15.1161 15.0404 14.9724 14.9637 15.0643 15.1865 15.1866 15.7306 16.094 15.1555 15.0203 15.0627 15.2784 15.329 15.2119 15.0906 14.8361 15.0821 15.2475 15.125 14.7851 14.5775 14.3109 14.1783 14.0361 13.9528 13.6585 13.5539 13.5282 13.7199 13.7236 13.6519 13.6037 13.4946 13.3727 13.3471 13.3709 13.8635 13.4367 14.0553 13.7757 13.5014 13.5103 13.4587 13.4316 13.3871 13.3959
18.5738 18.1174 17.6133 18.6641 18.4221 17.8872 17.2255 18.2399 17.8955 17.1254 16.3023 17.6222 16.8444 16.0062 15.9019 16.8598 16.0896 16.0282 16.6352 15.9509 15.9695 16.0923 17.2572 17.2572 17.2272 16.5836 15.8924 15.9306 16.0392 16.1927 16.2904 16.2861 16.1484 16.077 16.0479 16.1202 16.1566 16.1293 16.0505 16.0199 16.1074 15.9684 15.8526 15.4904 15.2928 15.1221 15.0199 14.7594 14.4428 14.2021 14.1131 14.1015 14.0924 14.0849 14.1483 14.1959 14.2691 14.3734 14.3554 14.2707 14.1573 14.1037 14.052 13.9984 13.9066 13.8305 13.8552 13.843 13.8406 13.8572
19.6413 19.7446 19.8705 20.1061 20.1799 20.1286 20.3762 20.2615 20.0051 19.9303 19.8325 19.772 19.7111 19.5318 19.2575 18.8403 20.2289 20.3107 20.1985 19.9211 19.5433 20.0629 19.84 19.5049 19.8457 19.6186 19.2651 18.788 19.619 19.3643 18.9404 18.4163 17.7816 16.9601 18.7389 18.3318 17.8045 17.1411 16.8472 16.8521 17.1652 17.1059 16.8897 16.5386 16.4126 16.2671 16.3344 16.3344 15.7172 15.484 15.3588 15.2399 15.1792 15.1433 15.1236 15.0874 15.0752 15.0842 15.0434 15.0034 14.927 14.8743 14.814 14.7426 14.6406 14.5358 14.4208 14.4001 14.3649 14.276
19.8213 19.9223 20.0279 20.1418 20.2427 20.3421 20.3857 20.1956 19.996 19.8606 19.7909 19.7994 19.8191 19.8367 19.9125 19.9894 20.0841 20.1247 20.0998 20.0425 19.9887 20.0263 20.0289 20.0325 20.0209 19.9428 19.945 20.0731 20.1724 20.0981 19.9065 19.7036 19.5679 19.5581 19.4939 19.3761 19.1819 19.2949 19.5182 19.6518 19.6657 19.5358 19.3401 19.5019 19.3143 19.0237 19.6404 19.3893 19.0351 18.6573 18.1888 19.1367 18.8391 18.4075 18.9247 18.4558 17.8311 17.1656 16.2211 15.695 15.5489 16.5869 16.5659 15.9781 15.1417 15.0354 14.9254 14.8336 14.7873 14.6926
20.1805 20.2778 20.3553 20.455 20.4896 20.481 20.4679 20.4013 20.2966 20.2146 20.1965 20.1875 20.2079 20.1978 20.207 20.2844 20.4005 20.4604 20.4673 20.4156 20.351 20.3072 20.3495 20.3661 20.3327 20.2953 20.255 20.2282 20.2112 20.1525 20.096 20.0309 19.9709 19.9447 19.9121 19.8531 19.8486 19.8457 19.8659 19.8878 19.8474 19.7959 19.7684 19.7764 19.7832 19.8592 19.9294 19.9747 19.969 19.909 19.7739 19.784 20.8383 20.6062 20.2528 19.9097 19.6264 19.2976 19.0059 19.6769 19.2626 19.5926 19.1218 18.5751 17.9541 17.1244 18.4133 17.7584 17.0297 16.0733
20.5025 20.5729 20.6235 20.6408 20.6629 20.672 20.6947 20.7325 20.753 20.7085 20.7031 20.7207 20.6773 20.6131 20.6133 20.69 20.7381 20.7609 20.7504 20.7137 20.6704 20.6731 20.712 20.6989 20.6786 20.6327 20.6007 20.5839 20.6116 20.5969 20.5679 20.5471 20.5007 20.4438 20.4282 20.4176 20.3874 20.4037 20.3665 20.3281 20.3105 20.2804 20.281 20.2729 20.2813 20.3108 20.3342 20.4666 20.6489 20.7844 20.9323 20.942 20.9573 21.0824 21.1272 21.0804 21.0638 21.0105 21.3127 21.1774 21.0672 20.9405 21.0791 20.7844 20.4467 20.8624 20.5268 20.1505 19.7884 19.3817
20.7665 20.77 20.788 20.8151 20.8164 20.8054 20.8618 20.9513 20.9613 20.9502 20.9759 20.9795 20.9427 20.9097 20.9099 20.9215 20.9397 20.9808 20.9678 20.9146 20.8989 20.903 20.9172 20.9396 20.9556 20.9415 20.9086 20.9018 20.8788 20.8413 20.8117 20.7934 20.751 20.6957 20.692 20.6674 20.6226 20.619 20.6003 20.5593 20.5709 20.5628 20.5718 20.5744 20.6007 20.6237 20.674 20.7526 20.8383 20.8843 20.9102 20.9248 20.9754 21.0256 21.107 21.2126 21.3441 21.4638 21.5629 21.6238 21.6925 21.7195 21.6303 21.5041 21.788 21.6195 21.4242 21.2166 21.0102 20.7795
20.8811 20.8767 20.8871 20.9007 20.8956 20.8947 20.9337 20.9662 20.9655 20.9682 20.9995 21.0125 20.9714 20.9747 20.9916 20.9955 21.0306 21.1174 21.1211 21.0773 21.0556 21.0528 21.0586 21.0611 21.0743 21.0687 21.0324 21.0021 20.9606 20.9135 20.8525 20.8379 20.8001 20.7432 20.7119 20.685 20.6406 20.5947 20.5853 20.5578 20.5518 20.5482 20.5231 20.511 20.5217 20.5474 20.5844 20.6468 20.7069 20.7424 20.7678 20.7837 20.8142 20.8627 20.9651 21.0775 21.2011 21.2559 21.3182 21.374 21.4727 21.5093 21.4824 21.5095 21.6266 21.5608 21.5206 21.4838 21.5102 21.3728
20.786 20.7624 20.763 20.7939 20.7991 20.8012 20.806 20.8125 20.8138 20.7888 20.7944 20.8171 20.7996 20.7957 20.8189 20.8483 20.9158 21.0088 21.0192 20.9494 20.9167 20.9393 20.9653 20.9458 20.9214 20.9431 20.9081 20.849 20.821 20.7777 20.726 20.6663 20.6376 20.5977 20.5435 20.4789 20.4472 20.4086 20.3618 20.3235 20.312 20.2872 20.2784 20.2793 20.2712 20.3062 20.3469 20.4066 20.4822 20.5539 20.6102 20.6516 20.6985 20.7398 20.8109 20.8866 20.9508 20.9668 20.9968 21.0391 21.0384 21.0219 20.9694 20.938 20.9653 21.0444 21.1728 21.2457 21.1936 21.0485
20.4501 20.4662 20.4798 20.4614 20.4426 20.4613 20.4541 20.4441 20.4353 20.4077 20.4314 20.4387 20.4291 20.434 20.4913 20.5161 20.5343 20.5908 20.6222 20.5929 20.5535 20.5568 20.5673 20.572 20.5519 20.5336 20.4958 20.4427 20.411 20.359 20.3025 20.2226 20.1815 20.1369 20.0789 20.0232 19.9814 19.9368 19.8874 19.8588 19.8401 19.8169 19.8376 19.8358 19.8516 19.8768 19.9456 20.0411 20.1505 20.2425 20.3515 20.4232 20.4965 20.5458 20.5753 20.6197 20.6411 20.6515 20.6941 20.7324 20.727 20.7072 20.6833 20.657 20.6448 20.7083 20.8472 20.9441 20.9734 21.0005
19.9582 20.0173 20.0484 20.0849 20.1777 20.2978 20.4012 20.4652 20.5524 20.6426 20.7294 20.8347 20.9196 20.9586 20.9891 21.0314 21.0891 21.0919 21.0575 20.98 20.7973 20.4984 20.1213 19.837 19.7947 19.8451 20.272 20.2669 20.0707 20.1394 19.7968 19.5634 19.5014 19.4391 19.4037 19.3626 19.3121 19.2546 19.3269 19.4847 19.583 19.5765 19.5403 19.5376 19.533 19.5177 19.5313 19.6381 19.8061 19.9362 19.9909 20.0187 20.1175 20.1859 20.2188 20.2514 20.2993 20.3547 20.4237 20.4452 20.4348 20.4158 20.4113 20.4239 20.4693 20.5715 20.7331 20.9244 21.1025 21.2969
20.5105 20.5563 20.6172 20.7097 20.8048 20.9124 21.024 21.1333 21.2389 21.3215 21.3746 21.4036 21.423 21.439 21.424 21.4343 21.4044 21.5273 21.6749 21.7922 21.7522 21.6018 21.5618 21.5108 21.3668 21.1559 21.0521 21.7153 21.4992 21.1838 20.7639 20.3145 19.8394 20.3678 19.9977 19.5373 19.4576 19.4501 19.5205 19.6268 19.7204 19.7578 19.7426 19.7461 19.7229 19.6996 19.6781 19.728 19.8581 19.9676 20.017 20.0333 20.0305 20.0435 20.002 19.9767 20.0297 20.1693 20.3928 20.5398 20.6139 20.6212 20.7867 20.9635 21.2239 21.4181 21.6582 21.8597 22.0693 22.3069
20.8695 20.9164 20.9798 21.045 21.1372 21.2424 21.3459 21.4597 21.5627 21.6485 21.7248 21.7856 21.8389 21.8754 21.924 21.9508 21.97 21.9508 21.9321 21.9212 21.9403 21.9639 21.9764 22.0325 22.1066 22.0858 22.0388 21.9782 22.3331 22.2229 22.0832 21.8168 21.53 21.1018 20.9509 21.5507 21.2388 20.7928 20.243 19.6439 20.4796 20.0089 19.7925 19.7974 19.7894 19.9232 20.0915 20.2541 20.3992 20.5357 20.6888 20.8243 20.9985 21.1639 21.2739 21.3972 21.5176 21.6717 21.8547 21.9833 22.1116 22.2252 22.3469 22.5033 22.6542 22.7931 22.9309 23.0825 23.2327 23.4148
21.17 21.2081 21.2454 21.2933 21.3405 21.3958 21.466 21.544 21.6242 21.7095 21.7802 21.8477 21.9297 22.011 22.0842 22.159 22.2299 22.2923 22.3575 22.4146 22.4651 22.4949 22.4975 22.4848 22.4602 22.4345 22.4349 22.4483 22.4687 22.4726 22.4412 22.5863 22.5371 22.4972 22.4038 22.3075 22.7237 22.6205 22.3667 22.0928 21.7672 22.4323 22.1858 21.7727 21.3163 21.3875 21.4971 21.6196 21.7305 21.8739 22.0002 22.093 22.1904 22.2816 22.3655 22.4672 22.5636 22.6709 22.812 22.9833 23.122 23.2575 23.3712 23.4879 23.6073 23.7047 23.7985 23.8958 24.013 24.1768
21.4457 21.4849 21.5108 21.5411 21.5571 21.5757 21.5905 21.6055 21.6371 21.6664 21.7183 21.7797 21.8569 21.9537 22.0601 22.1624 22.2483 22.3417 22.428 22.505 22.5679 22.6334 22.6723 22.7127 22.7489 22.7829 22.7951 22.7924 22.7813 22.7638 22.7403 22.704 22.6919 22.7024 22.747 22.8482 22.9361 23.0437 22.951 23.2589 23.181 23.1063 22.934 22.7251 22.5137 22.2452 22.3374 22.4359 22.7856 22.6077 22.6949 22.7486 22.7849 22.863 22.9244 22.9978 23.099 23.2262 23.3623 23.5108 23.6452 23.7958 23.9467 24.0815 24.1901 24.2623 24.3557 24.4407 24.5409 24.6699
21.4964 21.5332 21.5734 21.6123 21.6319 21.6371 21.6382 21.6366 21.6651 21.6904 21.7212 21.7717 21.8218 21.8929 21.9753 22.0639 22.1451 22.2408 22.3459 22.4152 22.4761 22.5468 22.6156 22.6676 22.7041 22.7272 22.756 22.7831 22.7966 22.809 22.8341 22.8651 22.897 22.9154 22.9622 22.9991 23.0279 23.0653 23.099 23.1169 23.1051 23.0809 23.043 23.0343 23.066 23.0095 23.0056 23.0474 23.1999 23.1818 23.269 23.3602 23.2737 23.2444 23.2555 23.3416 23.4326 23.5465 23.6888 23.8726 24.0516 24.1973 24.3416 24.4506 24.5613 24.6713 24.7502 24.7965 24.8411 24.9283
21.4748 21.5116 21.5542 21.5764 21.6062 21.6346 21.653 21.6853 21.7123 21.7373 21.7655 21.7827 21.8185 21.848 21.9068 21.9613 22.0202 22.0858 22.1417 22.2168 22.2803 22.3337 22.402 22.455 22.4948 22.5414 22.5715 22.5752 22.6112 22.6235 22.6199 22.6441 22.66 22.6658 22.7155 22.7544 22.7833 22.8263 22.8393 22.8329 22.8041 22.7493 22.8198 22.9153 23.0217 23.1076 23.2132 23.3048 23.356 23.4082 23.412 23.3891 23.3746 23.3517 23.3879 23.461 23.5708 23.7293 23.9167 24.131 24.3228 24.4354 24.5363 24.6342 24.7205 24.7871 24.8641 24.9396 24.9926 25.023
21.3274 21.3402 21.3591 21.3755 21.4089 21.4321 21.4688 21.4942 21.5324 21.5701 21.6068 21.6305 21.6617 21.671 21.6933 21.732 21.7567 21.7984 21.8264 21.8743 21.9343 21.9763 22.0343 22.0919 22.1424 22.1846 22.2028 22.2504 22.2583 22.2946 22.3041 22.335 22.3552 22.3624 22.386 22.3968 22.4691 22.5623 22.6849 22.7748 22.8358 22.9311 23.0138 23.1185 23.2238 23.2919 23.4058 23.4739 23.5276 23.5611 23.5105 23.4944 23.4237 23.4257 23.4462 23.526 23.7038 23.9097 24.1208 24.3045 24.4474 24.5631 24.617 24.6428 24.6789 24.7101 24.7475 24.8236 24.9404 25.0471
20.9757 20.9838 20.9872 21.0154 21.0628 21.1023 21.1738 21.2349 21.3275 21.4168 21.5471 21.6184 21.6241 21.5804 21.5219 21.4985 21.5037 21.5566 21.6374 21.7348 21.7901 21.8586 21.9111 21.9836 22.0445 22.1223 22.156 22.1938 22.1835 22.2204 22.2268 22.2713 22.2794 22.3475 22.4242 22.5333 22.6578 22.7548 22.843 22.8943 22.9446 23.0208 23.1054 23.2215 23.327 23.382 23.4775 23.5184 23.5867 23.5834 23.54 23.4806 23.4444 23.4706 23.5454 23.669 23.8702 24.0902 24.2601 24.4036 24.5667 24.6621 24.683 24.6899 24.6343 24.6426 24.6643 24.691 24.7848 24.9668
