benchmarks/avaInclinedPlane/release1IP_entres_ref_0.155_pv.asc
ncols         1000
nrows         400
xllcenter     1000
yllcenter     -5000
cellsize      5
NODATA_value  -9999
[rows 186 to 216 of 400, columns 490 to 559 of 1000]
24.9428 25.0818 25.1119 25.1134 25.1483 25.2718 25.4297 25.6208 25.7944 25.9381 26.0703 26.2129 26.354 26.4941 26.6416 26.7948 26.9408 27.062 27.1946 27.2954 27.3206 27.2537 27.1842 27.1127 27.0112 26.9158 27.3863 27.2407 26.5353 26.5447 26.3027 26.1472 25.7945 25.515 25.235 24.8506 24.6559 25.4871 24.3342 24.6235 24.0654 23.7542 23.2626 22.8418 22.425 23.4163 22.9214 22.2469 21.7845 21.2056 20.5898 19.9375 19.1915 20.5321 19.8856 19.1813 18.4047 17.6141 16.5867 15.595 16.4933 15.5113 15.8381 14.8545 14.2741 14.2265 14.2018 14.2308 14.2684 14.3211
25.298 25.3201 25.2743 25.2018 25.2118 25.2341 25.2973 25.3814 25.4575 25.5413 25.6068 25.7118 25.8726 26.0866 26.2996 26.5127 26.7346 26.9455 27.1255 27.2205 27.2984 27.3575 27.474 27.3852 27.3814 27.4189 27.3863 27.2407 27.0155 26.8916 26.7576 27.1431 26.48 26.3265 26.4737 26.3553 25.8936 25.7427 25.5798 25.1571 25.0322 25.5404 24.5302 24.5254 23.999 24.1079 23.3374 23.3886 22.9486 22.5911 22.1644 22.9638 22.4588 21.9398 21.3751 20.8159 20.1877 20.8525 20.2595 19.6227 18.9653 18.1613 17.4096 17.771 17.3802 16.4277 15.3937 14.3618 13.7781 13.8591
25.3854 25.3523 25.3807 25.4302 25.3971 25.3743 25.4193 25.4077 25.3688 25.3371 25.3079 25.2972 25.3492 25.5047 25.6965 25.9129 26.1603 26.4006 26.5497 26.6527 26.7428 26.7919 26.8879 27.0208 27.2066 27.3767 27.5245 27.595 27.5473 27.4151 27.3157 27.2053 27.0131 26.901 26.7886 26.6535 26.4478 26.2732 26.1613 25.9484 25.7056 25.7089 25.2535 25.0435 25.0555 24.559 24.4719 24.1294 23.9429 23.7517 23.5087 23.1708 22.8571 22.5446 22.1486 22.6297 22.1504 21.6328 21.1507 20.7203 20.6273 20.7148 20.0935 19.4122 18.7423 18.0901 17.3573 16.6142 15.8039 14.9491
25.4226 25.4597 25.4789 25.5863 25.5837 25.5158 25.4714 25.4405 25.3663 25.2348 25.1331 25.0276 25.0106 25.1185 25.2694 25.4303 25.6165 25.762 25.8169 25.9137 25.9519 25.9503 26.0106 26.1576 26.3286 26.4744 26.6769 26.8651 26.6855 26.5013 26.4944 26.6233 26.7158 26.6871 26.6674 26.6493 26.5352 26.5437 26.4554 26.1686 26.0021 25.8827 25.7468 25.6076 25.4543 25.3569 25.2089 25.0595 24.9425 24.7822 24.8013 24.3822 24.2187 23.8368 23.5656 23.2136 22.8933 22.5527 22.2266 21.8823 21.4204 20.9708 20.4853 20.5887 20.0324 19.4572 18.8196 18.1507 17.47 16.7855
25.4214 25.4356 25.4396 25.5116 25.4936 25.412 25.3617 25.3027 25.2015 25.0839 24.97 24.8638 24.8631 24.9322 25.033 25.0786 25.1565 25.2621 25.3567 25.4111 25.439 25.4628 25.5073 25.5589 25.6473 25.749 25.9048 26.0225 26.038 25.9761 26.0036 26.0857 26.0972 26.0116 25.8642 25.6963 25.4919 25.3534 25.2571 25.2214 25.2218 25.2584 25.3148 25.3834 25.4389 25.8469 25.398 25.3432 25.3428 25.0331 24.882 24.673 24.4511 24.2279 23.9658 23.7032 23.444 23.1412 23.2353 22.5352 22.0997 22.1042 21.6605 21.0502 20.5426 20.1074 19.7145 19.1533 18.574 18.0389
25.3577 25.3732 25.3484 25.3625 25.3068 25.2167 25.1559 25.0066 24.9075 24.8042 24.7152 24.7179 24.7531 24.8026 24.8576 24.8921 24.9311 24.9751 25.0808 25.1663 25.1965 25.1718 25.2202 25.2666 25.3164 25.3319 25.3677 25.4781 25.6241 25.7004 25.6203 25.5994 25.551 25.4037 25.2562 25.1135 24.9409 24.7479 24.6266 24.5254 24.4053 24.3624 24.3611 24.4318 24.5593 24.7097 24.8777 25.1818 25.0919 25.1167 25.0823 24.9863 24.891 24.6883 24.5264 24.2657 24.0281 23.7141 23.4513 23.0957 22.7743 22.4044 22.0245 21.6263 21.2419 20.8409 20.4113 19.9512 19.4824 19.016
24.98 25.0712 25.0759 25.0354 24.9939 24.8979 24.7518 24.6146 24.4872 24.4217 24.444 24.4672 24.5138 24.5892 24.6255 24.6311 24.6533 24.7167 24.8473 24.9081 24.9038 24.909 24.9471 24.959 24.9928 24.9934 24.9217 25.0079 25.1827 25.2315 25.1938 25.1543 25.0994 24.9749 24.8167 24.6743 24.5034 24.2912 24.1461 23.9854 23.8535 23.7237 23.6487 23.6451 23.7428 23.8733 24.0812 24.3245 24.5456 25.1259 24.8451 24.8894 24.8169 24.7052 24.5914 24.3037 24.0804 23.8059 23.5522 23.2612 22.9491 22.6326 22.2728 21.8677 21.4675 21.0602 20.6191 20.1433 19.6555 19.1597
24.5026 24.5763 24.6235 24.5845 24.4965 24.4122 24.2587 24.1451 23.9997 23.9414 23.9502 23.9965 24.0895 24.1651 24.2362 24.276 24.2874 24.3135 24.368 24.4102 24.4007 24.44 24.5027 24.5 24.4451 24.3997 24.3152 24.4158 24.5482 24.5914 24.4767 24.4376 24.3408 24.2839 24.1709 24.0514 23.8981 23.7535 23.5792 23.4214 23.2578 23.1303 23.0534 23.022 23.0415 23.148 23.3087 23.5225 23.7678 24.4062 24.3315 24.7667 24.786 24.64 24.5219 24.2305 24.0399 23.6948 23.4784 23.1148 22.7904 22.495 22.1028 21.7283 21.4314 21.0509 20.6609 20.2292 19.7672 19.2951
23.8139 23.8764 23.9321 23.9061 23.8745 23.7787 23.7118 23.5905 23.4576 23.3846 23.3681 23.3869 23.4752 23.5789 23.7142 23.8325 23.8534 23.7997 23.7197 23.6618 23.5978 23.5992 23.6364 23.655 23.6419 23.6252 23.6318 23.6926 23.7621 23.7148 23.6144 23.5031 23.4085 23.3407 23.2899 23.2458 23.228 23.1821 23.0664 22.876 22.7256 22.5465 22.4512 22.4099 22.3807 22.4273 22.5426 22.6517 22.7691 22.9125 23.1023 24.1831 24.1645 24.1491 23.9834 23.8538 23.651 23.3998 23.1411 22.8163 22.5461 22.1935 21.83 21.4859 21.1514 20.7625 20.3671 19.9531 19.5315 19.1193
23.0009 22.9871 23.076 23.1866 23.2645 23.2355 23.1683 23.0429 22.8912 22.7487 22.6858 22.6982 22.7158 22.8252 23.0115 23.1841 23.2415 23.167 23.0079 22.8363 22.682 22.6082 22.5752 22.5656 22.5885 22.6111 22.7031 22.7536 22.7819 22.719 22.5933 22.5081 22.4606 22.4496 22.4321 22.413 22.4219 22.3855 22.3195 22.1929 22.0233 21.8448 21.7248 21.6294 21.6027 21.6471 21.7269 21.8099 21.8216 21.8572 21.9253 22.292 22.7434 22.97 22.9745 23.7185 23.5388 23.209 22.8879 22.5192 22.1108 21.7226 21.3326 20.896 20.4466 19.973 19.4957 19.0359 19.2343 18.1145
22.125 22.1299 22.2138 22.355 22.4881 22.4125 22.3365 22.1938 21.9724 21.8109 21.772 21.7599 21.8161 21.9643 22.2043 22.3425 22.3269 22.1437 21.9237 21.7565 21.6269 21.5313 21.447 21.4416 21.4263 21.4726 21.5282 21.6383 21.6814 21.6421 21.5558 21.4315 21.3734 21.332 21.3114 21.2697 21.236 21.2154 21.2061 21.1923 21.0872 20.9065 20.7757 20.7305 20.7384 20.7712 20.7774 20.7282 20.7057 20.6761 20.6777 20.7112 20.7926 22.141 22.213 22.1684 22.0022 21.7507 21.5337 21.2252 20.8904 20.5187 20.7738 20.41 19.9479 19.4279 18.8813 18.3418 17.8303 17.2212
22.6986 22.0886 21.4607 21.1742 21.3261 21.3507 21.1202 20.8889 20.7374 20.6154 20.5695 20.5836 20.6053 20.7682 20.9987 21.1378 21.1386 20.9508 20.7178 20.4702 20.2696 20.1882 20.1568 20.1907 20.2483 20.2428 20.3582 20.4575 20.3892 20.242 20.0614 20.0524 20.146 20.2453 20.3197 20.2959 20.2623 20.215 20.1397 20.0558 19.9275 19.747 19.6229 19.5453 19.5644 19.5412 19.4923 19.4606 19.4794 19.4494 19.3535 19.2038 19.1141 19.4147 19.6407 20.2203 20.5423 20.5455 21.0008 20.8465 20.5222 20.1332 19.7 19.1895 18.6349 18.0649 17.4996 17.6149 17.3678 16.7777
23.0545 22.5426 21.9267 21.3321 20.7732 20.2791 19.6408 19.3766 19.1792 19.0864 18.9271 18.8326 19.0268 19.2148 19.2734 19.1472 19.0945 19.0756 18.9484 18.7355 18.5375 18.4357 18.5702 18.6865 18.6721 18.7489 18.7515 18.7024 18.5965 18.4662 18.4363 18.468 18.4703 18.4148 18.5164 18.605 18.6345 18.6951 18.7619 18.6032 18.5349 18.3922 18.2893 18.2042 18.1761 18.1693 18.1095 18.0569 18.1386 18.1727 18.0934 17.9302 17.6902 17.5453 17.8703 18.3391 18.5688 18.5616 18.3111 19.308 19.0235 18.6168 18.134 17.5383 16.9966 16.3801 15.8727 16.3368 15.7417 15.097
23.35 22.8888 22.3022 21.7056 21.1616 20.6634 20.0919 19.5222 18.9214 18.3026 17.6774 17.1607 16.8942 16.868 16.7203 16.6994 16.648 16.5721 16.7101 16.6458 16.5223 16.4524 16.5153 16.7158 16.8574 16.8508 16.7108 16.6108 16.4964 16.3209 16.1571 16.4119 16.5059 16.5011 16.722 16.8026 16.6886 16.8261 16.6847 16.3465 16.1732 16.0114 16.0065 16.1166 16.5774 16.7105 16.6197 16.3276 16.24 16.4509 16.4813 16.2486 15.9028 15.5823 15.6103 17.0439 17.27 17.294 17.2018 16.9479 16.6182 16.2255 15.7759 15.3268 14.8673 15.196 15.1106 14.6065 14.052 13.801
23.5966 23.0051 22.5714 21.9556 21.3739 20.7847 20.1979 19.6076 19.0283 18.4184 17.7881 17.1882 16.5879 16.0093 15.463 15.1539 15.0313 14.7207 14.4134 14.4987 14.3493 14.1414 13.9752 14.2075 14.356 14.5635 14.6889 14.7559 14.6927 14.6564 14.6258 14.5933 14.56 14.4521 14.3354 14.1738 13.9553 14.0237 14.0912 13.8347 13.6738 13.6875 13.6352 13.5217 13.4061 13.1817 15.7892 15.2422 15.1402 14.6786 13.7238 13.4894 13.5144 13.3409 13.2149 13.403 14.2081 14.437 14.4754 15.4166 15.0715 14.6885 14.2473 13.8559 13.9146 13.9922 14.0787 14.1363 14.2329 14.3282
23.6439 23.2005 22.6036 22.0115 21.4512 20.9092 20.2992 19.6844 19.0872 18.4616 17.8202 17.2196 16.6001 16.0211 15.43 14.8768 14.3401 13.8093 13.2964 12.7956 12.3504 12.3714 12.4347 12.5469 12.5868 12.6823 12.8097 12.787 12.7269 12.7516 12.8212 12.8021 12.9649 13.0543 12.9378 12.8454 12.8462 12.8441 12.9675 12.8616 12.8743 12.8842 12.9109 12.9564 13.0011 13.0365 13.0896 13.1477 13.1643 13.1919 13.2249 13.2837 13.3261 13.3706 13.4089 13.4531 13.4942 13.5586 13.6619 13.757 13.8177 13.8853 13.9775 14.0886 14.2151 14.3053 14.3688 14.3815 14.5226 14.6134
23.7174 23.2079 22.622 22.0549 21.4786 20.8458 20.215 19.5846 18.974 18.3792 17.7296 17.0747 16.4599 16.0211 15.4096 14.8354 14.285 13.5716 13.221 12.9974 13.2009 13.3417 13.4474 13.4633 13.5102 13.5383 13.5313 13.6419 13.592 13.4566 13.2912 13.1406 13.0485 13.0228 12.9522 12.8286 13.1463 13.4954 13.6582 13.515 13.2293 13.0899 12.9402 13.0994 13.2805 13.2347 13.1541 13.038 13.1721 13.7557 13.9378 13.6793 13.2446 13.1166 13.1931 13.2366 13.3153 13.4104 13.5176 13.6135 13.6875 13.7998 13.9214 14.0283 14.1175 14.1888 14.2491 14.363 14.5567 14.7555
23.6135 23.1334 22.5059 21.9079 21.3897 20.7277 20.0726 19.4356 18.8401 18.3172 17.5099 16.9601 16.2378 15.6016 15.0077 14.449 13.8885 13.932 14.1251 14.2784 14.4173 14.5088 14.5338 14.5487 14.637 14.7257 14.8569 14.7738 14.6049 14.4855 14.3938 14.4018 14.3646 14.4093 14.4766 14.6639 14.8821 15.056 15.1309 15.0149 14.9189 14.9236 14.9387 15.0781 15.3639 15.6287 15.2575 14.9091 14.7121 14.5827 14.4667 14.4004 14.4157 14.4302 14.361 14.4478 14.5737 14.6238 14.5727 14.5848 14.612 14.6176 14.6226 14.7137 14.8186 14.9028 14.9673 15.1617 15.3784 15.5758
23.3709 23.0854 22.4204 21.6128 21.3045 20.6253 19.9485 19.2856 18.645 17.9601 17.2659 16.5758 15.8949 15.2256 14.7909 14.9269 15.0872 15.2463 15.4043 15.5074 15.5074 15.4525 15.4567 15.5565 15.6595 15.7359 15.701 15.6152 15.5201 15.5243 15.5416 15.5657 15.5938 15.635 15.7297 15.826 15.9504 16.0542 16.0995 16.0783 16.0114 15.9772 16.0735 16.2601 16.3882 16.427 16.2592 16.0703 15.9963 15.8531 15.7533 15.7034 15.7864 15.8742 16.0488 16.1627 16.2153 16.2343 16.218 16.18 16.2117 16.2689 16.2929 16.306 16.3311 16.3999 16.4944 16.5931 16.7187 16.8578
23.2192 22.5453 21.7502 21.3376 20.6092 19.8961 19.2073 18.5535 17.8089 17.1224 16.4194 15.7756 15.8932 16.0513 16.1819 16.3056 16.407 16.4279 16.4397 16.3912 16.3855 16.3986 16.396 16.4561 16.51 16.5462 16.5395 16.4994 16.4919 16.5166 16.5412 16.6079 16.6905 16.7621 16.7983 16.7539 16.7481 16.7963 16.8808 16.9593 17.0113 16.9909 16.9677 17.0142 17.0499 17.09 17.1112 17.1269 17.1017 17.0308 16.9805 16.9591 16.9778 17.059 17.1677 17.2619 17.2791 17.29 17.3075 17.312 17.3376 17.3876 17.3977 17.4098 17.4166 17.4375 17.4513 17.461 17.5085 17.6061
22.0044 21.619 20.9006 20.1829 19.4705 18.7737 18.111 17.3187 16.8203 16.8362 16.681 16.7189 16.8009 16.9446 17.0571 17.162 17.1811 17.1585 17.148 17.1586 17.1124 17.1144 17.1128 17.0939 17.1212 17.1332 17.1564 17.1816 17.174 17.1703 17.1492 17.2124 17.32 17.4672 17.5862 17.5622 17.514 17.5349 17.5859 17.6119 17.5947 17.4866 17.4044 17.4187 17.4952 17.5982 17.7501 17.8545 17.9046 17.9084 17.8571 17.7797 17.6844 17.6819 17.7164 17.7509 17.7813 17.82 17.8818 17.9457 17.9882 18.0303 18.0111 17.9631 18.0001 18.0163 18.041 18.0709 18.1079 18.1725
21.613 20.8365 20.0896 19.3597 18.6395 17.9356 17.8496 17.6909 17.503 17.3705 17.2862 17.28 17.3708 17.5207 17.6761 17.7402 17.687 17.6564 17.6313 17.6592 17.6021 17.5598 17.5511 17.5527 17.5884 17.6139 17.6268 17.661 17.6578 17.6296 17.5946 17.5878 17.6845 17.8537 17.992 18.0067 17.9787 18.0008 18.0139 17.9815 17.883 17.801 17.7487 17.742 17.8009 17.9341 18.1271 18.3291 18.5011 18.5308 18.4419 18.2685 18.1085 18.0029 17.9837 17.9789 18.0213 18.1103 18.2385 18.3698 18.5006 18.5704 18.5474 18.3564 18.3383 18.3679 18.3915 18.4036 18.4119 18.4356
19.6674 19.9854 19.2678 19.0663 18.3987 18.3806 18.3099 18.1252 17.9255 17.7582 17.6686 17.6576 17.7188 17.8721 18.0281 18.0669 18.0426 17.9852 17.9967 18.0189 17.9973 17.9163 17.7945 17.7653 17.8338 17.9375 18.0145 18.0799 18.1266 18.0971 17.9366 17.8689 17.8881 18.0091 18.0895 18.0991 18.087 18.1031 18.0833 18.0039 17.8684 17.8358 17.8154 17.8106 17.8489 17.9651 18.1684 18.3985 18.6512 18.8071 18.793 18.565 18.3444 18.1916 18.1067 18.0543 18.0331 18.1104 18.228 18.3736 18.5179 18.5898 18.562 18.4731 18.4586 18.5237 18.5807 18.5626 18.5724 18.5921
18.6208 18.6565 18.6764 18.6667 18.7185 18.7038 18.5542 18.3049 18.097 17.9438 17.823 17.7868 17.8239 17.9435 18.1332 18.2325 18.2616 18.312 18.3388 18.3233 18.2145 18.0894 17.8814 17.8057 17.8991 18.0285 18.1068 18.2307 18.2947 18.2504 18.1142 18.1056 18.1754 18.3096 18.3481 18.2504 18.0718 17.9734 17.8949 17.8135 17.7643 17.7637 17.7694 17.7841 17.7831 17.8463 17.9783 18.1839 18.4631 18.6779 18.731 18.5643 18.353 18.2234 18.136 18.0568 18.0043 18.0161 18.0786 18.1607 18.231 18.2881 18.3183 18.3125 18.3484 18.3917 18.3999 18.375 18.39 18.4365
18.4785 18.661 18.7954 18.7676 18.714 18.6896 18.5464 18.3416 18.1523 17.9419 17.7882 17.6877 17.6811 17.7893 17.9404 18.1089 18.2913 18.4256 18.4058 18.2678 18.0616 17.8886 17.756 17.7054 17.8256 17.9508 18.0183 18.1713 18.3133 18.3514 18.3083 18.3994 18.5155 18.5587 18.5075 18.1803 17.7484 17.5287 17.3939 17.3404 17.3758 17.4845 17.5483 17.6046 17.5865 17.6556 17.7354 17.8535 18.002 18.2229 18.3643 18.27 17.95 17.8747 17.8693 17.8139 17.7815 17.755 17.7622 17.7727 17.7804 17.7923 17.8 17.8332 17.8769 17.8924 17.908 17.9182 17.9441 17.9897
17.8376 18.0233 18.1629 18.1216 18.0218 18.0192 18.0685 18.0509 17.9482 17.7441 17.5879 17.4734 17.4433 17.4569 17.5301 17.6303 17.7694 17.9242 17.9643 17.8243 17.6993 17.5547 17.4519 17.4828 17.6091 17.6505 17.6339 17.7816 18.006 18.1889 18.2771 18.382 18.5039 18.5933 18.3842 17.5554 17.068 16.8348 16.6703 16.6532 16.6539 16.7829 16.8998 16.9569 17.0152 17.1787 17.3234 17.4405 17.4504 17.5057 17.5224 17.5229 17.3325 17.3015 17.3154 17.2819 17.2252 17.2199 17.2109 17.1912 17.1338 17.0943 17.0337 17.0159 17.0125 17.0254 17.0618 17.1116 17.1934 17.271
16.7842 17.0055 17.2054 17.2374 17.2101 17.3059 17.496 17.5753 17.5095 17.2476 17.0832 16.9634 16.9146 16.8884 16.9164 16.9871 17.0468 17.1471 17.2719 17.233 17.1684 17.063 16.9967 17.0001 17.1089 17.1359 17.0942 17.2547 17.5023 17.7233 17.8497 17.7975 17.5847 17.5759 17.2769 16.596 16.2938 16.1044 16.0474 16.0027 16.0263 16.0836 16.1411 16.1447 16.217 16.3873 16.6091 16.7446 16.7784 16.6636 16.5817 16.4541 16.424 16.5154 16.5472 16.4674 16.4003 16.3169 16.1575 16.1769 16.2214 16.1597 16.0153 15.899 15.8512 15.8687 15.9476 16.0293 16.088 16.183
15.6496 15.9049 16.1036 16.229 16.2889 16.386 16.5685 16.7295 16.8797 16.7022 16.5206 16.285 16.1383 16.0937 16.0991 16.0738 16.0866 16.1723 16.1788 16.1441 16.1134 16.034 15.9825 16.0356 16.1285 16.1761 16.2574 16.4046 16.6116 16.777 16.8497 16.6169 16.2619 16.0009 15.8026 15.584 15.4332 15.3608 15.3538 15.3492 15.3191 15.332 15.507 15.3795 15.4446 15.533 15.7488 15.8892 15.9941 15.8201 15.8219 15.8508 15.8444 15.8134 15.7105 15.6694 15.5737 15.4097 15.3063 15.2206 15.1661 15.094 14.9925 14.8669 14.6817 14.4994 14.3402 14.4082 14.291 14.2933
14.4779 14.6422 14.839 15.0141 15.1524 15.3979 15.375 15.4563 15.7625 15.9919 16.0449 15.7866 15.5152 15.4057 15.3342 15.0338 14.7263 14.6611 14.5831 14.6328 14.6105 14.7319 14.8068 14.8163 14.8506 15.0305 15.2058 15.3796 15.5559 16.0836 16.0883 15.6761 15.3526 15.0823 14.8672 14.7933 14.9271 15.0851 15.1043 15.1084 15.814 16.8013 16.9247 16.5184 16.0268 15.3963 15.1956 15.132 15.0706 15.1009 15.202 15.2302 15.1716 15.4326 15.4864 15.4615 15.467 15.5352 15.6263 15.5628 15.2068 14.9458 14.7057 14.4844 14.3119 14.2749 14.0163 13.8107 13.7096 13.6089
16.0144 16.0926 16.1468 16.2389 16.332 16.4378 16.5469 16.6654 16.8004 16.793 16.7242 16.7286 16.7243 16.7136 16.6419 16.5502 16.4794 16.3057 16.2791 16.265 16.3283 16.2748 16.1137 15.992 15.9218 15.9452 15.9495 16.0208 16.1073 16.2203 16.2315 16.1688 16.1343 16.1669 16.1665 16.2271 16.3887 16.5294 16.7489 16.9399 17.1731 17.3942 17.4991 17.4436 17.2743 17.0233 16.9097 16.8774 16.8977 16.8459 16.7785 16.7329 16.7602 16.8173 16.9704 16.9343 16.9201 16.7689 16.6513 16.5494 16.408 16.1413 15.9574 15.9849 16.0585 15.9676 15.646 15.447 15.3456 15.281
17.0473 17.1239 17.1164 17.1755 17.2809 17.3864 17.4883 17.5938 17.7148 17.7437 17.6553 17.6327 17.6333 17.7037 17.7825 17.7925 17.6405 17.4908 17.4061 17.4657 17.4405 17.4312 17.3291 17.2815 17.233 17.2374 17.2703 17.2996 17.3 17.3118 17.3198 17.3268 17.3061 17.2814 17.2842 17.3073 17.419 17.5894 17.7813 17.9638 18.1218 18.1706 18.1783 18.09 18.0495 18.0326 18.0255 18.0316 18.0725 18.1391 18.0882 17.9943 17.9298 17.9978 18.1598 18.3037 18.187 17.7425 17.2366 17.0479 16.8311 16.6575 16.6001 16.628 16.6903 16.622 16.4725 16.3247 16.2056 16.0671
