data/avaHelix/Inputs/DEM_HX_Topo.asc
nCols  1001
nRows  401
xllcenter  1000.00
yllcenter -5000.00
cellsize  5
nodata_value -9999.00
[rows 54 to 80 of 401, columns 120 to 179 of 1001]
142.324862 141.491493 140.658180 139.824937 138.991776 138.158713 137.325761 136.492935 135.660250 134.827719 133.995359 133.163183 132.331206 131.499445 130.667914 129.836629 129.005606 128.174860 127.344408 126.514265 125.684448 124.854973 124.025858 123.197118 122.368771 121.540833 120.713323 119.886257 119.059653 118.233529 117.407903 116.582792 115.758216 114.934192 114.110740 113.287877 112.465624 111.643998 110.823020 110.002708 109.183083 108.364165 107.545972 106.728527 105.911848 105.095957 104.280873 103.466619 102.653216 101.840684 101.029045 100.218320 99.408533 98.599704 97.791856 96.985012 96.179193 95.374424 94.570726 93.768124
143.242823 142.406993 141.571205 140.735470 139.899805 139.064221 138.228734 137.393359 136.558108 135.722998 134.888042 134.053256 133.218655 132.384254 131.550068 130.716113 129.882404 129.048957 128.215789 127.382915 126.550351 125.718115 124.886223 124.054690 123.223535 122.392775 121.562426 120.732506 119.903033 119.074025 118.245498 117.417472 116.589965 115.762995 114.936580 114.110740 113.285493 112.460859 111.636856 110.813505 109.990825 109.168835 108.347556 107.527009 106.707212 105.888188 105.069956 104.252537 103.435954 102.620226 101.805376 100.991425 100.178396 99.366309 98.555188 97.745055 96.935932 96.127843 95.320810 94.514857
144.166154 143.327866 142.489603 141.651380 140.813210 139.975108 139.137088 138.299164 137.461350 136.623661 135.786111 134.948717 134.111491 133.274451 132.437610 131.600985 130.764592 129.928445 129.092561 128.256956 127.421646 126.586648 125.751979 124.917654 124.083691 123.250107 122.416919 121.584145 120.751802 119.919908 119.088480 118.257537 117.427097 116.597179 115.767801 114.938982 114.110740 113.283095 112.456066 111.629673 110.803935 109.978872 109.154504 108.330852 107.507935 106.685774 105.864391 105.043805 104.224038 103.405111 102.587047 101.769865 100.953589 100.138241 99.323843 98.510416 97.697985 96.886571 96.076198 95.266890
145.094884 144.254139 143.413404 142.572694 141.732023 140.891404 140.050852 139.210381 138.370005 137.529738 136.689596 135.849594 135.009746 134.170067 133.330573 132.491279 131.652201 130.813354 129.974755 129.136420 128.298364 127.460605 126.623158 125.786040 124.949269 124.112861 123.276834 122.441205 121.605991 120.771210 119.936880 119.103020 118.269646 117.436779 116.604436 115.772635 114.941397 114.110740 113.280683 112.451246 111.622448 110.794309 109.966850 109.140090 108.314050 107.488751 106.664212 105.840455 105.017502 104.195373 103.374090 102.553675 101.734149 100.915535 100.097855 99.281131 98.465387 97.650644 96.836926 96.024257
146.029043 145.185842 144.342638 143.499443 142.656272 141.813139 140.970056 140.127039 139.284103 138.441261 137.598528 136.755919 135.913448 135.071132 134.228986 133.387024 132.545262 131.703717 130.862403 130.021337 129.180536 128.340015 127.499791 126.659881 125.820301 124.981070 124.142203 123.303718 122.465632 121.627965 120.790732 119.953953 119.117645 118.281827 117.446517 116.611735 115.777498 114.943827 114.110740 113.278257 112.446397 111.615181 110.784628 109.954758 109.125592 108.297151 107.469454 106.642524 105.816381 104.991046 104.166542 103.342889 102.520109 101.698226 100.877260 100.057235 99.238173 98.420097 97.603030 96.786995
146.968658 146.123006 145.277334 144.431657 143.585988 142.740341 141.894730 141.049170 140.203674 139.358258 138.512935 137.667721 136.822630 135.977678 135.132880 134.288251 133.443807 132.599563 131.755536 130.911740 130.068193 129.224912 128.381911 127.539208 126.696820 125.854764 125.013057 124.171716 123.330759 122.490204 121.650068 120.810369 119.971125 119.132356 118.294078 117.456312 116.619076 115.782389 114.946271 114.110740 113.275816 112.441520 111.607871 110.774889 109.942595 109.111009 108.280152 107.450045 106.620709 105.792166 104.964436 104.137542 103.311506 102.486348 101.662093 100.838762 100.016379 99.194965 98.374544 97.555140
147.913760 147.065658 146.217521 145.369363 144.521199 143.673041 142.824904 141.976802 141.128749 140.280760 139.432850 138.585032 137.737322 136.889736 136.042287 135.194992 134.347866 133.500925 132.654184 131.807660 130.961369 130.115326 129.269549 128.424054 127.578858 126.733978 125.889430 125.045233 124.201404 123.357961 122.514920 121.672301 120.830121 119.988399 119.147153 118.306402 117.466165 116.626461 115.787309 114.948729 114.110740 113.273362 112.436614 111.600518 110.765093 109.930361 109.096341 108.263054 107.430523 106.598767 105.767809 104.937671 104.108373 103.279939 102.452391 101.625750 100.800041 99.975285 99.151506 98.328727
148.864378 148.013828 147.163229 146.312594 145.461936 144.611269 143.760608 142.909967 142.059359 141.208799 140.358302 139.507883 138.657555 137.807335 136.957238 136.107278 135.257472 134.407834 133.558381 132.709129 131.860093 131.011291 130.162737 129.314451 128.466446 127.618742 126.771355 125.924302 125.077600 124.231268 123.385323 122.539783 121.694666 120.849990 120.005775 119.162038 118.318799 117.476077 116.633890 115.792259 114.951202 114.110740 113.270892 112.431680 111.593122 110.755240 109.918054 109.081586 108.245856 107.410885 106.576696 105.743310 104.910748 104.079033 103.248188 102.418234 101.589195 100.761092 99.933951 99.107793
149.820542 148.967548 148.114488 147.261377 146.408228 145.555056 144.701873 143.848694 142.995533 142.142404 141.289323 140.436303 139.583360 138.730508 137.877763 137.025140 136.172654 135.320321 134.468157 133.616178 132.764399 131.912837 131.061509 130.210430 129.359619 128.509091 127.658863 126.808954 125.959380 125.110159 124.261309 123.412847 122.564793 121.717163 120.869977 120.023254 119.177012 118.331269 117.486047 116.641363 115.797237 114.953689 114.110740 113.268409 112.426716 111.585682 110.745328 109.905675 109.066744 108.228556 107.391132 106.554495 105.718666 104.883667 104.049521 103.216250 102.383877 101.552424 100.721916 99.892375
150.782281 149.926845 149.071328 148.215744 147.360107 146.504431 145.648728 144.793014 143.937302 143.081607 142.225943 141.370325 140.514768 139.659286 138.803895 137.948610 137.093446 136.238419 135.383545 134.528840 133.674319 132.819998 131.965895 131.112026 130.258407 129.405056 128.551988 127.699223 126.846777 125.994667 125.142911 124.291528 123.440536 122.589951 121.739795 120.890083 120.040837 119.192074 118.343814 117.496076 116.648880 115.802245 114.956192 114.110740 113.265910 112.421723 111.578198 110.735358 109.893223 109.051814 108.211153 107.371262 106.532162 105.693876 104.856426 104.019834 103.184124 102.349317 101.515438 100.682509
151.749625 150.891750 150.033779 149.175725 148.317603 147.459425 146.601205 145.742958 144.884698 144.026438 143.168194 142.309980 141.451810 140.593700 139.735665 138.877720 138.019879 137.162160 136.304577 135.447146 134.589884 133.732806 132.875929 132.019270 131.162845 130.306670 129.450764 128.595142 127.739824 126.884825 126.030164 125.175859 124.321928 123.468389 122.615260 121.762561 120.910309 120.058525 119.207226 118.356433 117.506165 116.656441 115.807283 114.958709 114.110740 113.263397 112.416700 111.570670 110.725328 109.880696 109.036796 108.193647 107.351274 106.509697 105.668940 104.829024 103.989972 103.151808 102.314554 101.478233
152.722604 151.862293 151.001871 150.141350 149.280745 148.420068 147.559334 146.698557 145.837751 144.976929 144.116107 143.255298 142.394519 141.533782 140.673105 139.812501 138.951986 138.091575 137.231285 136.371130 135.511128 134.651294 133.791644 132.932195 132.072964 131.213968 130.355222 129.496746 128.638555 127.780668 126.923102 126.065875 125.209005 124.352510 123.496409 122.640721 121.785463 120.930656 120.076318 119.222469 118.369128 117.516314 116.664048 115.812351 114.961241 114.110740 113.260868 112.411647 111.563097 110.715239 109.868095 109.021688 108.176038 107.331167 106.487099 105.643855 104.801459 103.959933 103.119300 102.279584
153.701248 152.838505 151.975634 151.112650 150.249564 149.386392 148.523147 147.659842 146.796492 145.933110 145.069712 144.206312 143.342925 142.479564 141.616246 140.752985 139.889797 139.026697 138.163701 137.300824 136.438083 135.575494 134.713072 133.850835 132.988799 132.126981 131.265398 130.404066 129.543004 128.682228 127.821757 126.961608 126.101799 125.242349 124.383276 123.524598 122.666334 121.808503 120.951125 120.094219 119.237803 118.381898 117.526524 116.671701 115.817449 114.963788 114.110740 113.258325 112.406564 111.555478 110.705089 109.855419 109.006490 108.158323 107.310941 106.464366 105.618622 104.773730 103.929715 103.086599
154.685588 153.820415 152.955100 152.089654 151.224092 150.358427 149.492673 148.626843 147.760952 146.895014 146.029043 145.163053 144.297060 143.431077 142.565121 141.699205 140.833346 139.967558 139.101858 138.236261 137.370783 136.505439 135.640247 134.775223 133.910383 133.045744 132.181323 131.317137 130.453204 129.589540 128.726164 127.863094 127.000346 126.137940 125.275894 124.414226 123.552956 122.692102 121.831682 120.971717 120.112227 119.253229 118.394746 117.536796 116.679400 115.822578 114.966351 114.110740 113.255766 112.401450 111.547814 110.694879 109.842667 108.991201 108.140502 107.290593 106.441497 105.593237 104.745836 103.899317
155.675653 154.808055 153.940297 153.072394 152.204359 151.336204 150.467944 149.599593 148.731164 147.862671 146.994129 146.125553 145.256956 144.388354 143.519761 142.651193 141.782665 140.914191 140.045789 139.177473 138.309259 137.441163 136.573202 135.705392 134.837749 133.970290 133.103033 132.235994 131.369190 130.502639 129.636358 128.770366 127.904680 127.039319 126.174300 125.309642 124.445364 123.581485 122.718025 121.855001 120.992434 120.130343 119.268749 118.407671 117.547129 116.687145 115.827738 114.968929 114.110740 113.253192 112.396305 111.540103 110.684607 109.829838 108.975820 108.122574 107.270123 106.418491 105.567700 104.717774
156.671473 155.801453 154.931258 154.060901 153.190395 152.319754 151.448992 150.578121 149.707157 148.836113 147.965004 147.093843 146.222646 145.351426 144.480200 143.608981 142.737786 141.866629 140.995526 140.124493 139.253545 138.382698 137.511970 136.641375 135.770931 134.900654 134.030561 133.160669 132.290995 131.421558 130.552373 129.683460 128.814836 127.946519 127.078527 126.210879 125.343594 124.476691 123.610188 122.744105 121.878461 121.013276 120.148570 119.284362 118.420674 117.557525 116.694936 115.832929 114.971523 114.110740 113.250602 112.391130 111.532346 110.674273 109.816932 108.960346 108.104538 107.249530 106.395346 105.542010
157.673081 156.800643 155.928013 155.055205 154.182233 153.309109 152.435847 151.562461 150.688965 149.815373 148.941698 148.067956 147.194161 146.320327 145.446469 144.572603 143.698742 142.824904 141.951103 141.077354 140.203674 139.330079 138.456584 137.583206 136.709962 135.836868 134.963940 134.091197 133.218655 132.346331 131.474244 130.602410 129.730848 128.859576 127.988612 127.117974 126.247681 125.377753 124.508208 123.639065 122.770343 121.902063 121.034245 120.166907 119.300071 118.433756 117.567984 116.702776 115.838151 114.974132 114.110740 113.247996 112.385923 111.524542 110.663876 109.803948 108.944779 108.086393 107.228813 106.372062
158.680505 157.805653 156.930593 156.055338 155.179903 154.304299 153.428542 152.552643 151.676618 150.800481 149.924245 149.047924 148.171533 147.295088 146.418601 145.542089 144.665567 143.789049 142.912552 142.036090 141.159680 140.283338 139.407079 138.530920 137.654877 136.778967 135.903207 135.027613 134.152203 133.276995 132.402005 131.527251 130.652752 129.778525 128.904588 128.030961 127.157661 126.284708 125.412120 124.539917 123.668117 122.796742 121.925810 121.055341 120.185356 119.315875 118.446918 117.578507 116.710662 115.843405 114.976757 114.110740 113.245375 112.380685 111.516691 110.653417 109.790885 108.929117 108.068138 107.207970
159.693778 158.816515 157.939028 157.061331 156.183436 155.305357 154.427107 153.548700 152.670150 151.791470 150.912675 150.033779 149.154796 148.275742 147.396629 146.517475 145.638293 144.759098 143.879907 143.000735 142.121597 141.242509 140.363488 139.484549 138.605709 137.726985 136.848393 135.969951 135.091675 134.213582 133.335691 132.458019 131.580583 130.703402 129.826493 128.949877 128.073570 127.197591 126.321961 125.446697 124.571820 123.697348 122.823302 121.949701 121.076566 120.203917 119.331775 118.460160 117.589094 116.718597 115.848692 114.979399 114.110740 113.242738 112.375414 111.508792 110.642894 109.777742 108.913360 108.049772
160.712929 159.833260 158.953351 158.073214 157.192864 156.312313 155.431575 154.550662 153.669590 152.788372 151.907022 151.025554 150.143982 149.262321 148.380586 147.498792 146.616953 145.735084 144.853202 143.971321 143.089457 142.207627 141.325845 140.444129 139.562494 138.680957 137.799536 136.918246 136.037105 135.156129 134.275338 133.394747 132.514376 131.634241 130.754362 129.874756 128.995442 128.116439 127.237766 126.359442 125.481486 124.603918 123.726757 122.850024 121.973739 121.097922 120.222593 119.347773 118.473484 117.599746 116.726581 115.854010 114.982056 114.110740 113.240084 112.370112 111.500845 110.632306 109.764519 108.897508
161.737990 160.855919 159.973592 159.091021 158.208219 157.325200 156.441977 155.558563 154.674973 153.791220 152.907318 152.023281 151.139123 150.254860 149.370505 148.486073 147.601580 146.717040 145.832469 144.947883 144.063296 143.178725 142.294185 141.409693 140.525265 139.640918 138.756668 137.872532 136.988527 136.104671 135.220980 134.337473 133.454167 132.571080 131.688230 130.805636 129.923316 129.041289 128.159573 127.278189 126.397154 125.516489 124.636214 123.756348 122.876912 121.997925 121.119408 120.241383 119.363869 118.486889 117.610463 116.734614 115.859362 114.984730 114.110740 113.237415 112.364777 111.492849 110.621654 109.751216
162.768993 161.884524 160.999783 160.114781 159.229532 158.344049 157.458345 156.572434 155.686330 154.800045 153.913595 153.026993 152.140253 151.253390 150.366418 149.479353 148.592209 147.705000 146.817744 145.930454 145.043146 144.155837 143.268541 142.381276 141.494057 140.606902 139.719825 138.832845 137.945979 137.059243 136.172654 135.286232 134.399992 133.513953 132.628134 131.742552 130.857226 129.972175 129.087418 128.202973 127.318860 126.435099 125.551709 124.668709 123.786121 122.903965 122.022260 121.141027 120.260289 119.380065 118.500377 117.621247 116.742696 115.864746 114.987420 114.110740 113.234728 112.359409 111.484803 110.610936
163.805967 162.919106 162.031955 161.144527 160.256835 159.368893 158.480712 157.592308 156.703693 155.814881 154.925886 154.036722 153.147404 152.257945 151.368360 150.478664 149.588872 148.698998 147.809059 146.919068 146.029043 145.138998 144.248949 143.358913 142.468906 141.578943 140.689043 139.799220 138.909494 138.019879 137.130395 136.241058 135.351886 134.462898 133.574110 132.685541 131.797211 130.909136 130.021337 129.133833 128.246642 127.359784 126.473279 125.587146 124.701406 123.816079 122.931185 122.046745 121.162780 120.279312 119.396361 118.513948 117.632097 116.750828 115.870164 114.990127 114.110740 113.232026 112.354008 111.476709
164.848945 163.959696 163.070140 162.180291 161.290161 160.399763 159.509110 158.618217 157.727095 156.835760 155.944224 155.052503 154.160609 153.268558 152.376363 151.484040 150.591603 149.699067 148.806448 147.913760 147.021020 146.128242 145.235443 144.342638 143.449844 142.557078 141.664355 140.771693 139.879108 138.986617 138.094239 137.201989 136.309887 135.417949 134.526194 133.634640 132.743305 131.852208 130.961369 130.070805 129.180536 128.290582 127.400962 126.511695 125.622803 124.734305 123.846222 122.958574 122.071383 121.184668 120.298453 119.412757 118.527604 117.643014 116.759010 115.875615 114.992850 114.110740 113.229306 112.348573
165.897958 165.006326 164.114370 163.222104 162.329540 161.436691 160.543571 159.650193 158.756569 157.862715 156.968643 156.074367 155.179903 154.285263 153.390462 152.495515 151.600437 150.705242 149.809946 148.914564 148.019112 147.123604 146.228057 145.332487 144.436909 143.541341 142.645798 141.750298 140.854857 139.959492 139.064221 138.169061 137.274029 136.379144 135.484423 134.589884 133.695547 132.801428 131.907549 131.013926 130.120580 129.227530 128.334795 127.442396 126.550351 125.658683 124.767410 123.876553 122.986134 122.096174 121.206693 120.317713 119.429256 118.541344 117.653999 116.767243 115.881100 114.995591 114.110740 113.226570
166.953038 166.059028 165.164677 164.269999 163.375006 162.479711 161.584128 160.688269 159.792148 158.895779 157.999174 157.102349 156.205317 155.308092 154.410689 153.513123 152.615407 151.717557 150.819588 149.921515 149.023353 148.125119 147.226827 146.328494 145.430135 144.531768 143.633408 142.735072 141.836777 140.938540 140.040378 139.142309 138.244350 137.346519 136.448833 135.551312 134.653972 133.756834 132.859915 131.963235 131.066812 130.170667 129.274818 128.379285 127.484089 126.589249 125.694786 124.800721 123.907074 123.013866 122.121119 121.228854 120.337093 119.445858 118.555170 117.665053 116.775528 115.886619 114.998348 114.110740
168.014217 167.117833 166.221093 165.324008 164.426591 163.528855 162.630813 161.732478 160.833864 159.934984 159.035852 158.136481 157.236886 156.337081 155.437080 154.536897 153.636547 152.736046 151.835407 150.934646 150.033779 149.132821 148.231787 147.330694 146.429558 145.528394 144.627219 143.726050 142.824904 141.923797 141.022747 140.121771 139.220886 138.320111 137.419462 136.518959 135.618620 134.718462 133.818505 132.918768 132.019270 131.120030 130.221067 129.322402 128.424054 127.526043 126.628391 125.731116 124.834241 123.937786 123.041772 122.146221 121.251155 120.356595 119.462563 118.569083 117.676175 116.783864 115.892173 115.001123
