data/avaHelix/Inputs/DEM_HX_Topo.asc
nCols  1001
nRows  401
xllcenter  1000.00
yllcenter -5000.00
cellsize  5
nodata_value -9999.00
[rows 189 to 215 of 401, columns 360 to 419 of 1001]
28.738599 27.803594 26.880073 25.968233 25.068274 24.180396 23.304801 22.441693 21.591277 20.753760 19.929351 19.118259 18.320695 17.536871 16.767002 16.011302 15.269989 14.543280 13.831394 13.134552 12.452975 11.786886 11.136508 10.502068 9.883790 9.281902 8.696632 8.128208 7.576862 7.042823 6.526323 6.027595 5.546872 5.084387 4.640375 4.215071 3.808710 3.421528 3.053762 2.705649 2.377426 2.069329 1.781597 1.514468 1.268178 1.042966 0.839069 0.656725 0.496171 0.357644 0.241382 0.147620 0.076594 0.028539 0.003691 0.000000 0.000000 0.000000 0.000000 0.000000
29.368218 28.421205 27.485655 26.561766 25.649739 24.749777 23.862085 22.986867 22.124331 21.274687 20.438143 19.614912 18.805207 18.009244 17.227237 16.459404 15.705965 14.967140 14.243149 13.534216 12.840565 12.162422 11.500011 10.853562 10.223303 9.609463 9.012274 8.431967 7.868774 7.322930 6.794669 6.284226 5.791838 5.317740 4.862172 4.425369 4.007573 3.609020 3.229952 2.870607 2.531227 2.212052 1.913323 1.635281 1.378166 1.142221 0.927686 0.734803 0.563811 0.414953 0.288467 0.184595 0.103574 0.045645 0.011046 0.000000 0.000000 0.000000 0.000000 0.000000
30.008893 29.049772 28.102091 27.166050 26.241852 25.329702 24.429805 23.542370 22.667604 21.805720 20.956930 20.121446 19.299486 18.491266 17.697003 16.916918 16.151233 15.400169 14.663950 13.942803 13.236953 12.546627 11.872057 11.213470 10.571099 9.945176 9.335936 8.743611 8.168438 7.610654 7.070495 6.548200 6.044009 5.558160 5.090895 4.642455 4.213081 3.803016 3.412502 3.041784 2.691104 2.360706 2.050836 1.761736 1.493653 1.246829 1.021511 0.817942 0.636368 0.477031 0.340177 0.226048 0.134887 0.066939 0.022443 0.001643 0.000000 0.000000 0.000000 0.000000
30.660796 29.689468 28.729554 27.781259 26.844785 25.920340 25.008131 24.108369 23.221264 22.347028 21.485878 20.638028 19.803696 18.983101 18.176464 17.384007 16.605953 15.842528 15.093958 14.360470 13.642294 12.939660 12.252799 11.581944 10.927331 10.289193 9.667766 9.063290 8.476001 7.906139 7.353945 6.819660 6.303526 5.805786 5.326684 4.866463 4.425369 4.003648 3.601546 3.219308 2.857183 2.515418 2.194260 1.893956 1.614757 1.356908 1.120659 0.906257 0.713951 0.543989 0.396617 0.272084 0.170636 0.092520 0.037981 0.007264 0.000000 0.000000 0.000000 0.000000
31.324102 30.340465 29.368218 28.407564 27.458710 26.521864 25.597236 24.685037 23.785481 22.898782 22.025157 21.164825 20.318004 19.484917 18.665786 17.860835 17.070291 16.294381 15.533334 14.787379 14.056749 13.341677 12.642396 11.959143 11.292153 10.641666 10.007919 9.391155 8.791613 8.209536 7.645167 7.098752 6.570534 6.060761 5.569678 5.097533 4.644576 4.211053 3.797216 3.403313 3.029596 2.676315 2.343721 2.032066 1.741601 1.472577 1.225248 0.999864 0.796677 0.615939 0.457900 0.322813 0.210927 0.122493 0.057761 0.016979 0.000396 0.000000 0.000000 0.000000
31.998989 31.002944 30.018260 29.045144 28.083804 27.134450 26.197293 25.272548 24.360429 23.461154 22.574940 21.702009 20.842583 19.996884 19.165138 18.347572 17.544414 16.755894 15.982244 15.223695 14.480482 13.752841 13.041009 12.345224 11.665725 11.002753 10.356550 9.727360 9.115426 8.520994 7.944311 7.385623 6.845179 6.323229 5.820021 5.335808 4.870840 4.425369 3.999650 3.593934 3.208476 2.843529 2.499350 2.176192 1.874311 1.593961 1.335400 1.098881 0.884661 0.692995 0.524138 0.378344 0.255868 0.156965 0.081887 0.030888 0.004220 0.000000 0.000000 0.000000
32.685638 31.677083 30.679861 29.694178 28.720246 27.758276 26.808482 25.871080 24.946286 24.034320 23.135402 22.249756 21.377605 20.519174 19.674692 18.844388 18.028492 17.227237 16.440856 15.669584 14.913659 14.173318 13.448802 12.740351 12.048207 11.372615 10.713818 10.072063 9.447598 8.840670 8.251529 7.680426 7.127612 6.593339 6.077861 5.581431 5.104305 4.646738 4.208987 3.791307 3.393957 3.017195 2.661277 2.326464 2.013014 1.721186 1.451239 1.203432 0.978025 0.775276 0.595445 0.438791 0.305571 0.196043 0.110466 0.049096 0.012189 0.000000 0.000000 0.000000
33.384233 32.363067 31.353202 30.354849 29.368218 28.393525 27.430983 26.480813 25.543231 24.618460 23.706722 22.808243 21.923247 21.051965 20.194625 19.351458 18.522699 17.708581 16.909341 16.125217 15.356449 14.603276 13.865942 13.144690 12.439765 11.751414 11.079884 10.425425 9.788286 9.168720 8.566978 7.983315 7.417985 6.871243 6.343346 5.834552 5.345118 4.875304 4.425369 3.995575 3.586180 3.197448 2.829639 2.483017 2.157843 1.854380 1.572891 1.313640 1.076889 0.862902 0.671941 0.504268 0.360147 0.239839 0.143606 0.071709 0.024407 0.001961 0.000000 0.000000
34.094961 33.061082 32.038471 31.027341 30.027905 29.040380 28.064981 27.101930 26.151447 25.213756 24.289081 23.377650 22.479691 21.595435 20.725113 19.868960 19.027211 18.200103 17.387876 16.590769 15.809024 15.042886 14.292599 13.558409 12.840565 12.139317 11.454914 10.787608 10.137654 9.505305 8.890818 8.294448 7.716454 7.157094 6.616630 6.095320 5.593428 5.111214 4.648944 4.206880 3.785286 3.384429 3.004573 2.645985 2.308930 1.993675 1.700487 1.429634 1.181381 0.955996 0.753745 0.574896 0.419715 0.288467 0.181419 0.098835 0.040980 0.008118 0.000000 0.000000
34.818011 33.771317 32.735857 31.711845 30.699496 29.699029 28.710663 27.734619 26.771120 25.820393 24.882664 23.958163 23.047119 22.149767 21.266339 20.397074 19.542208 18.701982 17.876636 17.066414 16.271561 15.492322 14.728946 13.981681 13.250780 12.536493 11.839075 11.158781 10.495866 9.850590 9.223209 8.613985 8.023179 7.451052 6.897868 6.363891 5.849387 5.354620 4.879859 4.425369 3.991421 3.578281 3.186220 2.815507 2.466412 2.139206 1.834159 1.551542 1.291627 1.054683 0.840982 0.650795 0.484392 0.342043 0.224019 0.130587 0.062018 0.018579 0.000537 0.000000
35.553577 34.493965 33.445551 32.408551 31.383182 30.369664 29.368218 28.379068 27.402440 26.438560 25.487659 24.549967 23.625718 22.715146 21.818488 20.935984 20.067873 19.214399 18.375804 17.552334 16.744237 15.951763 15.175160 14.414682 13.670582 12.943116 12.232540 11.539113 10.863092 10.204741 9.564319 8.942091 8.338322 7.753276 7.187220 6.640422 6.113150 5.605675 5.118266 4.651194 4.204731 3.779150 3.374724 2.991726 2.630430 2.291111 1.974042 1.679500 1.407758 1.159093 0.933778 0.732089 0.554301 0.400687 0.271522 0.167080 0.087633 0.033454 0.004814 0.000000
36.301854 35.229221 34.167749 33.117654 32.079157 31.052478 30.037841 29.035472 28.045598 27.068449 26.104257 25.153254 24.215676 23.291761 22.381748 21.485878 20.604393 19.737540 18.885563 18.048712 17.227237 16.421389 15.631421 14.857590 14.100151 13.359362 12.635484 11.928777 11.239504 10.567928 9.914316 9.278934 8.662049 8.063930 7.484848 6.925073 6.384878 5.864536 5.364320 4.884506 4.425369 3.987186 3.570232 3.174787 2.801126 2.449530 2.120276 1.813643 1.529910 1.269357 1.032263 0.818906 0.629566 0.464521 0.324049 0.208430 0.117939 0.052853 0.013450 0.000003
37.063041 35.977285 34.902649 33.839353 32.787619 31.747669 30.719729 29.704026 28.700792 27.710256 26.732652 25.768217 24.817189 23.879806 22.956310 22.046946 21.151958 20.271594 19.406102 18.555735 17.720744 16.901385 16.097913 15.310587 14.539666 13.785410 13.048084 12.327950 11.625276 10.940327 10.273373 9.624683 8.994529 8.383183 7.790918 7.218009 6.664732 6.131363 5.618181 5.125463 4.653490 4.202540 3.772896 3.364837 2.978647 2.614607 2.273001 1.954110 1.658219 1.385610 1.136568 0.911375 0.710314 0.533669 0.381723 0.254757 0.153053 0.076893 0.026558 0.002326
37.837341 36.738358 35.650453 34.573849 33.508769 32.455437 31.414081 30.384931 29.368218 28.364177 27.373043 26.395054 25.430451 24.479475 23.542370 22.619382 21.710760 20.816752 19.937612 19.073593 18.224950 17.391940 16.574823 15.773859 14.989311 14.221444 13.470522 12.736814 12.020588 11.322115 10.641666 9.979514 9.335936 8.711205 8.105599 7.519397 6.952877 6.406321 5.880009 5.374225 4.889250 4.425369 3.982868 3.562030 3.163142 2.786491 2.432363 2.101045 1.792825 1.507991 1.246829 1.009629 0.796677 0.608261 0.444667 0.306184 0.193097 0.105691 0.044253 0.009066
38.624959 37.512645 36.411366 35.321347 34.242811 33.175985 32.121101 31.078388 30.048081 29.030416 28.025631 27.033965 26.055663 25.090967 24.140125 23.203384 22.280996 21.373212 20.480288 19.602480 18.740045 17.893245 17.062340 16.247596 15.449276 14.667650 13.902985 13.155551 12.425622 11.713471 11.019373 10.343605 9.686444 9.048170 8.429064 7.829408 7.249484 6.689577 6.149971 5.630954 5.132812 4.655833 4.200305 3.766519 3.354764 2.965331 2.598510 2.254593 1.933872 1.636639 1.363186 1.113805 0.888788 0.688426 0.513012 0.362838 0.238193 0.139368 0.066653 0.020338
39.426103 38.300355 37.185597 36.082054 34.989952 33.909523 32.840995 31.784604 30.740586 29.709177 28.690619 27.685155 26.693028 25.714486 24.749777 23.799153 22.862866 21.941172 21.034328 20.142593 19.266227 18.405494 17.560660 16.731989 15.919752 15.124218 14.345660 13.584350 12.840565 12.114582 11.406679 10.717136 10.046235 9.394258 8.761490 8.148216 7.554724 6.981301 6.428235 5.895818 5.384340 4.894093 4.425369 3.978463 3.553669 3.151281 2.771594 2.414904 2.081508 1.771701 1.485780 1.224042 0.986783 0.774300 0.586889 0.424846 0.288467 0.178047 0.093879 0.036259
40.240987 39.101700 37.973356 36.856181 35.750405 34.656259 33.573975 32.503790 31.445942 30.400670 29.368218 28.348830 27.342754 26.350238 25.371533 24.406894 23.456575 22.520836 21.599934 20.694133 19.803696 18.928888 18.069979 17.227237 16.400934 15.591343 14.798740 14.023402 13.265607 12.525635 11.803770 11.100293 10.415491 9.749649 9.103056 8.476001 7.868774 7.281667 6.714974 6.168987 5.644003 5.140316 4.658224 4.198025 3.760017 3.344498 2.951770 2.582130 2.235881 1.913323 1.614757 1.340483 1.090804 0.866020 0.666433 0.492343 0.344050 0.221854 0.126055 0.056952
41.069824 39.916895 38.774859 37.643945 36.524384 35.416408 34.320254 33.236158 32.164362 31.105107 30.058639 29.025203 28.005051 26.998432 26.005601 25.026815 24.062331 23.112409 22.177312 21.257305 20.352655 19.463629 18.590499 17.733538 16.893020 16.069222 15.262422 14.472901 13.700940 12.946823 12.210836 11.493265 10.794400 10.114530 9.453947 8.812943 8.191814 7.590855 7.010363 6.450636 5.911972 5.394672 4.899038 4.425369 3.973971 3.545145 3.139196 2.756428 2.397147 2.061657 1.750264 1.463274 1.200994 0.963727 0.751782 0.565462 0.405073 0.270920 0.163308 0.082539
41.912834 40.746158 39.590324 38.445562 37.312106 36.190189 35.080049 33.981926 32.896063 31.822704 30.762096 29.714488 28.680133 27.659283 26.652195 25.659128 24.680343 23.716103 22.766672 21.832318 20.913312 20.009923 19.122427 18.251098 17.396215 16.558058 15.736907 14.933047 14.146763 13.378341 12.628072 11.896245 11.183153 10.489089 9.814349 9.159229 8.524029 7.909047 7.314584 6.740942 6.188425 5.657336 5.147981 4.660666 4.195698 3.753385 3.334035 2.937958 2.565462 2.216858 1.892455 1.592565 1.317499 1.067566 0.843077 0.644342 0.471673 0.325378 0.205767 0.113148
42.770240 41.589713 40.419974 39.261256 38.113793 36.977821 35.853581 34.741315 33.641266 32.553681 31.478810 30.416905 29.368218 28.333007 27.311531 26.304050 25.310829 24.332131 23.368227 22.419385 21.485878 20.567981 19.665970 18.780124 17.910725 17.058055 16.222398 15.404042 14.603276 13.820390 13.055676 12.309429 11.581944 10.873520 10.184455 9.515049 8.865605 8.236427 7.627819 7.040087 6.473539 5.928484 5.405230 4.904088 4.425369 3.969387 3.536453 3.126882 2.740987 2.379083 2.041486 1.728509 1.440470 1.177683 0.940463 0.729127 0.543989 0.385364 0.253567 0.148910
43.642267 42.447785 41.264034 40.091251 38.929670 37.779532 36.641076 35.514548 34.400194 33.298262 32.209004 31.132674 30.069529 29.019827 27.983830 26.961801 25.954005 24.960713 23.982194 23.018720 22.070569 21.138016 20.221342 19.320829 18.436761 17.569423 16.719104 15.886094 15.070686 14.273173 13.493851 12.733018 11.990974 11.268020 10.564459 9.880596 9.216735 8.573186 7.950257 7.348258 6.767500 6.208297 5.670963 5.155812 4.663159 4.193323 3.746620 3.323369 2.923888 2.548497 2.197515 1.871263 1.570061 1.294230 1.044089 0.819960 0.622163 0.451018 0.306843 0.189959
44.529145 43.320602 42.122734 40.935777 39.759968 38.595548 37.442762 36.301854 35.173074 34.056673 32.952904 31.862024 30.784292 29.719968 28.669316 27.632603 26.610097 25.602070 24.608794 23.630546 22.667604 21.720248 20.788761 19.873429 18.974537 18.092376 17.227237 16.379413 15.549201 14.736898 13.942803 13.167218 12.410446 11.672792 10.954563 10.256067 9.577615 8.919518 8.282089 7.665643 7.070495 6.496963 5.945364 5.416019 4.909247 4.425369 3.964709 3.527589 3.114332 2.725263 2.360706 2.020987 1.706430 1.417362 1.154108 0.916993 0.706343 0.522483 0.365737 0.236431
45.431107 44.208400 42.996307 41.795066 40.604917 39.426103 38.258870 37.103465 35.960140 34.829147 33.710742 32.605185 31.512735 30.433658 29.368218 28.316686 27.279331 26.256429 25.248254 24.255087 23.277207 22.314899 21.368448 20.438143 19.524273 18.627132 17.747013 16.884215 16.039036 15.211777 14.402742 13.612236 12.840565 12.088039 11.354969 10.641666 9.948445 9.275621 8.623512 7.992437 7.382715 6.794669 6.228621 5.684894 5.163814 4.665706 4.190898 3.739718 3.312493 2.909553 2.531227 2.177846 1.849739 1.547239 1.270674 1.020377 0.796677 0.599905 0.430392 0.288467
46.348390 45.111413 43.884989 42.669356 41.464756 40.271434 39.089638 37.919618 36.761626 35.615918 34.482752 33.362390 32.255094 31.161131 30.080769 29.014280 27.961938 26.924020 25.900803 24.892571 23.899606 22.922196 21.960629 21.015197 20.086192 19.173912 18.278654 17.400719 16.540408 15.698028 14.873885 14.068287 13.281545 12.513973 11.765885 11.037597 10.329428 9.641697 8.974726 8.328838 7.704358 7.101610 6.520924 5.962626 5.427047 4.914518 4.425369 3.959935 3.518547 3.101540 2.709248 2.342008 2.000154 1.684022 1.393948 1.130269 0.893320 0.683437 0.500956 0.346212
47.281234 46.029884 44.789021 43.558886 42.339724 41.131780 39.935305 38.750551 37.577772 36.417226 35.269174 34.133878 33.011606 31.902624 30.807205 29.725623 28.658154 27.605077 26.566675 25.543231 24.535033 23.542370 22.565533 21.604819 20.660523 19.732944 18.822384 17.929148 17.053540 16.195871 15.356449 14.535588 13.733602 12.950808 12.187525 11.444073 10.720774 10.017953 9.335936 8.675049 8.035622 7.417985 6.822470 6.249409 5.699139 5.171993 4.668308 4.188423 3.732674 3.301402 2.894945 2.513645 2.157843 1.827878 1.524093 1.246829 0.996428 0.773231 0.577579 0.409813
48.229884 46.964056 45.708647 44.463902 43.230066 42.007387 40.796116 39.596509 38.408822 37.233314 36.070249 34.919893 33.782512 32.658380 31.547768 30.450955 29.368218 28.299841 27.246107 26.207305 25.183723 24.175655 23.183396 22.207243 21.247496 20.304458 19.378434 18.469731 17.578659 16.705530 15.850659 15.014360 14.196955 13.398762 12.620104 11.861307 11.122696 10.404600 9.707350 9.031276 8.376712 7.743994 7.133458 6.545441 5.980283 5.438324 4.919905 4.425369 3.955060 3.509321 3.088498 2.692935 2.322980 1.978978 1.661277 1.370224 1.106164 0.869447 0.660418 0.479423
49.194588 47.914177 46.644117 45.384652 44.136030 42.898501 41.672319 40.457740 39.255023 38.064430 36.886226 35.720680 34.568061 33.428643 32.302703 31.190520 30.092375 29.008554 27.939343 26.885034 25.845919 24.822293 23.814455 22.822706 21.847348 20.888689 19.947036 19.022701 18.115996 17.227237 16.356742 15.504832 14.671829 13.858058 13.063845 12.289519 11.535411 10.801854 10.089182 9.397731 8.727839 8.079846 7.454094 6.850924 6.270680 5.713708 5.180355 4.670967 4.185894 3.725484 3.290089 2.880058 2.495743 2.137497 1.805672 1.500620 1.222694 0.972246 0.749630 0.555197
