data/avaHelix/Inputs/DEM_HX_Topo.asc
nCols  1001
nRows  401
xllcenter  1000.00
yllcenter -5000.00
cellsize  5
nodata_value -9999.00
[rows 243 to 269 of 401, columns 180 to 239 of 1001]
378.753314 377.468736 376.179857 374.886666 373.589149 372.287296 370.981094 369.670533 368.355601 367.036287 365.712579 364.384466 363.051938 361.714985 360.373594 359.027757 357.677463 356.322701 354.963461 353.599735 352.231512 350.858783 349.481539 348.099770 346.713469 345.322626 343.927232 342.527281 341.122763 339.713672 338.299999 336.881737 335.458880 334.031421 332.599353 331.162670 329.721367 328.275437 326.824875 325.369677 323.909837 322.445352 320.976217 319.502429 318.023984 316.540880 315.053114 313.560683 312.063586 310.561821 309.055387 307.544285 306.028513 304.508072 302.982963 301.453186 299.918744 298.379639 296.835873 295.287449
381.374936 380.090951 378.802635 377.509975 376.212959 374.911575 373.605811 372.295655 370.981094 369.662118 368.338714 367.010872 365.678579 364.341825 363.000599 361.654889 360.304685 358.949977 357.590753 356.227004 354.858719 353.485888 352.108503 350.726552 349.340027 347.948919 346.553219 345.152917 343.748006 342.338477 340.924322 339.505534 338.082104 336.654025 335.221290 333.783893 332.341827 330.895085 329.443663 327.987553 326.526751 325.061252 323.591051 322.116143 320.636525 319.152194 317.663145 316.169376 314.670884 313.167667 311.659723 310.147052 308.629652 307.107522 305.580663 304.049075 302.512759 300.971716 299.425949 297.875459
384.012095 382.728772 381.441089 380.149031 378.852586 377.551742 376.246486 374.936805 373.622688 372.304121 370.981094 369.653594 368.321609 366.985128 365.644139 364.298630 362.948591 361.594009 360.234875 358.871178 357.502906 356.130049 354.752598 353.370541 351.983869 350.592572 349.196641 347.796067 346.390840 344.980951 343.566391 342.147153 340.723228 339.294608 337.861286 336.423254 334.980504 333.533030 332.080826 330.623885 329.162201 327.695768 326.224581 324.748635 323.267926 321.782448 320.292198 318.797172 317.297367 315.792780 314.283409 312.769251 311.250305 309.726570 308.198044 306.664728 305.126621 303.583724 302.036038 300.483565
386.664848 385.382258 384.095277 382.803892 381.508089 380.207856 378.903179 377.594046 376.280444 374.962361 373.639783 372.312698 370.981094 369.644959 368.304281 366.959048 365.609248 364.254869 362.895900 361.532329 360.164146 358.791340 357.413899 356.031812 354.645070 353.253663 351.857579 350.456809 349.051343 347.641173 346.226288 344.806680 343.382339 341.953258 340.519427 339.080840 337.637487 336.189362 334.736457 333.278765 331.816280 330.348995 328.876905 327.400002 325.918283 324.431742 322.940373 321.444174 319.943139 318.437266 316.926550 315.410990 313.890582 312.365324 310.835216 309.300256 307.760443 306.215776 304.666257 303.111886
389.333252 388.051465 386.765258 385.474617 384.179528 382.879978 381.575953 380.267440 378.954427 377.636899 376.314844 374.988248 373.657100 372.321386 370.981094 369.636212 368.286726 366.932625 365.573897 364.210531 362.842513 361.469834 360.092480 358.710442 357.323708 355.932267 354.536109 353.135223 351.729599 350.319226 348.904095 347.484197 346.059521 344.630058 343.195801 341.756739 340.312865 338.864170 337.410646 335.952286 334.489083 333.021028 331.548117 330.070341 328.587695 327.100174 325.607771 324.110482 322.608302 321.101227 319.589251 318.072373 316.550589 315.023895 313.492290 311.955771 310.414338 308.867988 307.316722 305.760539
392.017364 390.736452 389.451090 388.161264 386.866962 385.568167 384.264868 382.957049 381.644698 380.327800 379.006342 377.680311 376.349693 375.014475 373.674645 372.330189 370.981094 369.627348 368.268939 366.905853 365.538079 364.165604 362.788417 361.406506 360.019858 358.628464 357.232311 355.831388 354.425685 353.015190 351.599895 350.179787 348.754857 347.325095 345.890492 344.451039 343.006725 341.557543 340.103484 338.644539 337.180700 335.711961 334.238312 332.759748 331.276260 329.787844 328.294492 326.796199 325.292959 323.784767 322.271618 320.753509 319.230434 317.702391 316.169376 314.631386 313.088419 311.540474 309.987548 308.429642
394.717239 393.437274 392.152830 390.863893 389.570450 388.272485 386.969984 385.662934 384.351319 383.035125 381.714340 380.388949 379.058937 377.724292 376.385000 375.041048 373.692421 372.339108 370.981094 369.618368 368.250915 366.878724 365.501783 364.120077 362.733597 361.342329 359.946261 358.545383 357.139682 355.729147 354.313768 352.893533 351.468431 350.038453 348.603588 347.163826 345.719157 344.269571 342.815060 341.355615 339.891226 338.421886 336.947586 335.468318 333.984075 332.494850 331.000635 329.501424 327.997211 326.487990 324.973756 323.454502 321.930225 320.400920 318.866584 317.327211 315.782800 314.233348 312.678852 311.119311
397.432934 396.153988 394.870535 393.582561 392.290051 390.992990 389.691362 388.385155 387.074352 385.758939 384.438902 383.114226 381.784898 380.450903 379.112226 377.768855 376.420775 375.067972 373.710434 372.348145 370.981094 369.609267 368.232651 366.851232 365.464999 364.073938 362.678038 361.277286 359.871669 358.461177 357.045797 355.625518 354.200328 352.770217 351.335173 349.895187 348.450247 347.000343 345.545466 344.085606 342.620753 341.150898 339.676033 338.196149 336.711237 335.221290 333.726300 332.226260 330.721162 329.211000 327.695768 326.175460 324.650070 323.119593 321.584024 320.043359 318.497594 316.946725 315.390749 313.829665
400.164503 398.886650 397.604262 396.317325 395.025823 393.729740 392.429062 391.123773 389.813858 388.499302 387.180090 385.856208 384.527640 383.194372 381.856390 380.513678 379.166224 377.814011 376.457027 375.095257 373.728687 372.357304 370.981094 369.600044 368.214140 366.823369 365.427718 364.027175 362.621726 361.211359 359.796062 358.375823 356.950630 355.520470 354.085334 352.645208 351.200083 349.749947 348.294790 346.834602 345.369372 343.899090 342.423748 340.943335 339.457843 337.967263 336.471586 334.970805 333.464912 331.953899 330.437760 328.916487 327.390074 325.858516 324.321806 322.779939 321.232911 319.680718 318.123355 316.560818
402.912001 401.635315 400.354068 399.068242 397.777823 396.482795 395.183142 393.878848 392.569898 391.256276 389.937967 388.614956 387.287227 385.954765 384.617556 383.275584 381.928834 380.577292 379.220942 377.859772 376.493765 375.122908 373.747186 372.366586 370.981094 369.590696 368.195378 366.795127 365.389930 363.979773 362.564644 361.144530 359.719419 358.289297 356.854154 355.413976 353.968753 352.518472 351.063123 349.602694 348.137175 346.666555 345.190824 343.709972 342.223989 340.732865 339.236592 337.735161 336.228563 334.716790 333.199835 331.677689 330.150345 328.617797 327.080039 325.537064 323.988866 322.435441 320.876784 319.312889
405.675483 404.400040 403.120007 401.835369 400.546110 399.252212 397.953661 396.650440 395.342532 394.029922 392.712595 391.390533 390.063723 388.732147 387.395790 386.054638 384.708673 383.357883 382.002250 380.641760 379.276398 377.906149 376.530999 375.150933 373.765936 372.375995 370.981094 369.581221 368.176360 366.766499 365.351624 363.931721 362.506778 361.076781 359.641718 358.201576 356.756342 355.306005 353.850552 352.389972 350.924253 349.453385 347.977355 346.496154 345.009770 343.518195 342.021417 340.519427 339.012217 337.499776 335.982097 334.459171 332.930990 331.397546 329.858833 328.314843 326.765570 325.211008 323.651151 322.085994
408.455002 407.180877 405.902136 404.618763 403.330739 402.038050 400.740678 399.438607 398.131821 396.820302 395.504035 394.183003 392.857190 391.526580 390.191157 388.850905 387.505808 386.155851 384.801017 383.441290 382.076657 380.707100 379.332605 377.953157 376.568740 375.179340 373.784942 372.385532 370.981094 369.571615 368.157081 366.737477 365.312790 363.883005 362.448111 361.008093 359.562938 358.112633 356.657167 355.196526 353.730698 352.259672 350.783435 349.301976 347.815284 346.323349 344.826158 343.323703 341.815973 340.302959 338.784650 337.261038 335.732113 334.197869 332.658296 331.113387 329.563134 328.007531 326.446571 324.880248
411.250613 409.977883 408.700510 407.418477 406.131768 404.840365 403.544251 402.243409 400.937823 399.627475 398.312348 396.992426 395.667692 394.338129 393.003722 391.664452 390.320305 388.971263 387.617311 386.258432 384.894610 383.525830 382.152075 380.773330 379.389579 378.000806 376.606998 375.208137 373.804209 372.395200 370.981094 369.561877 368.137535 366.708052 365.273416 363.833612 362.388626 360.938445 359.483055 358.022445 356.556599 355.085507 353.609155 352.127532 350.640625 349.148423 347.650914 346.148088 344.639933 343.126439 341.607596 340.083394 338.553822 337.018873 335.478537 333.932806 332.381671 330.825124 329.263159 327.695768
414.062369 412.791110 411.515183 410.234569 408.949252 407.659214 406.364437 405.064905 403.760598 402.451501 401.137595 399.818864 398.495291 397.166858 395.833547 394.495344 393.152229 391.804187 390.451201 389.093253 387.730328 386.362409 384.989480 383.611524 382.228525 380.840468 379.447335 378.049112 376.645783 375.237332 373.823743 372.405002 370.981094 369.552004 368.117716 366.678217 365.233491 363.783525 362.328305 360.867817 359.402047 357.930983 356.454610 354.972916 353.485888 351.993515 350.495783 348.992680 347.484197 345.970320 344.451039 342.926343 341.396222 339.860666 338.319665 336.773209 335.221290 333.663899 332.101028 330.532669
416.890321 415.620612 414.346209 413.067093 411.783248 410.494654 409.201294 407.903150 406.600205 405.292439 403.979837 402.662379 401.340048 400.012827 398.680698 397.343643 396.001646 394.654688 393.302752 391.945822 390.583880 389.216908 387.844891 386.467812 385.085652 383.698397 382.306029 380.908533 379.505890 378.098087 376.685106 375.266932 373.843549 372.414942 370.981094 369.541992 368.097619 366.647961 365.193004 363.732732 362.267132 360.796189 359.319890 357.838221 356.351168 354.858719 353.360860 351.857579 350.348863 348.834701 347.315080 345.789989 344.259417 342.723353 341.181786 339.634706 338.082104 336.523969 334.960292 333.391066
419.734523 418.466442 417.193642 415.916103 414.633809 413.346740 412.054878 410.758204 409.456701 408.150350 406.839132 405.523030 404.202026 402.876100 401.545236 400.209415 398.868619 397.522831 396.172032 394.816205 393.455332 392.089396 390.718379 389.342263 387.961032 386.574668 385.183154 383.786473 382.384609 380.977544 379.565261 378.147745 376.724979 375.296947 373.863633 372.425021 370.981094 369.531839 368.077238 366.617278 365.151942 363.681217 362.205088 360.723540 359.236559 357.744131 356.246243 354.742881 353.234032 351.719683 350.199822 348.674435 347.143512 345.607041 344.065009 342.517406 340.964221 339.405444 337.841065 336.271073
422.595026 421.328652 420.057534 418.781653 417.500991 416.215527 414.925244 413.630123 412.330144 411.025290 409.715541 408.400878 407.081284 405.756739 404.427224 403.092722 401.753214 400.408682 399.059107 397.704470 396.344754 394.979941 393.610012 392.234950 390.854736 389.469353 388.078783 386.683009 385.282013 383.875778 382.464286 381.047521 379.625465 378.198102 376.765414 375.327386 373.884001 372.435242 370.981094 369.521541 368.056567 366.586156 365.110294 363.628965 362.142154 360.649846 359.152028 357.648684 356.139802 354.625367 353.105365 351.579785 350.048612 348.511835 346.969440 345.421417 343.867753 342.308437 340.743459 339.172807
425.471880 424.207294 422.937939 421.663797 420.384847 419.101071 417.812449 416.518963 415.220592 413.917318 412.609121 411.295982 409.977883 408.654803 407.326725 405.993628 404.655495 403.312305 401.964041 400.610683 399.252212 397.888611 396.519860 395.145941 393.766835 392.382524 390.992990 389.598214 388.198179 386.792866 385.382258 383.966337 382.545085 381.118485 379.686519 378.249170 376.806422 375.358257 373.904658 372.445610 370.981094 369.511096 368.035599 366.554588 365.068046 363.575959 362.078310 360.575086 359.066271 357.551851 356.031812 354.506140 352.974820 351.437840 349.895187 348.346847 346.792808 345.233059 343.667586 342.096380
428.365138 427.102420 425.834909 424.562587 423.285432 422.003426 420.716548 419.424780 418.128101 416.826491 415.519931 414.208402 412.891883 411.570355 410.243799 408.912195 407.575523 406.233765 404.886900 403.534910 402.177774 400.815474 399.447991 398.075306 396.697399 395.314252 393.925845 392.532161 391.133180 389.728883 388.319253 386.904270 385.483918 384.058176 382.627028 381.190456 379.748441 378.300967 376.848016 375.389570 373.925612 372.456126 370.981094 369.500501 368.014329 366.522563 365.025186 363.522183 362.013538 360.499237 358.979263 357.453602 355.922240 354.385162 352.842355 351.293804 349.739497 348.179419 346.613560 345.041905
431.274849 430.014080 428.748495 427.478075 426.202798 424.922645 423.637595 422.347629 421.052726 419.752866 418.448029 417.138195 415.823343 414.503455 413.178508 411.848484 410.513363 409.173124 407.827748 406.477215 405.121505 403.760598 402.394474 401.023115 399.646499 398.264608 396.877423 395.484923 394.087090 392.683905 391.275347 389.861399 388.442042 387.017256 385.587023 384.151324 382.710141 381.263456 379.811251 378.353507 376.890207 375.421334 373.946868 372.466794 370.981094 369.489752 367.992749 366.490071 364.981700 363.467621 361.947817 360.422273 358.890974 357.353904 355.811050 354.262395 352.707926 351.147630 349.581491 348.009498
434.201062 432.942325 431.678749 430.410313 429.136998 427.858782 426.575645 425.287566 423.994524 422.696500 421.393472 420.085420 418.772323 417.454160 416.130912 414.802558 413.469076 412.130447 410.786650 409.437665 408.083471 406.724049 405.359377 403.989435 402.614204 401.233664 399.847793 398.456573 397.059984 395.658005 394.250617 392.837800 391.419534 389.995802 388.566582 387.131855 385.691604 384.245808 382.794449 381.337508 379.874967 378.406807 376.933010 375.453558 373.968434 372.477618 370.981094 369.478845 367.970853 366.457102 364.937574 363.412254 361.881125 360.344171 358.801377 357.252727 355.698206 354.137799 352.571491 350.999269
437.143828 435.887205 434.625720 433.359354 432.088084 430.811890 429.530750 428.244644 426.953550 425.657448 424.356316 423.050134 421.738879 420.422532 419.101071 417.774475 416.442723 415.105795 413.763668 412.416323 411.063738 409.705892 408.342765 406.974336 405.600583 404.221488 402.837028 401.447183 400.051933 398.651257 397.245135 395.833547 394.416473 392.993892 391.565784 390.132131 388.692910 387.248105 385.797693 384.341657 382.879978 381.412635 379.939609 378.460883 376.976438 375.486255 373.990315 372.488601 370.981094 369.467778 367.948634 366.423645 364.892795 363.356065 361.813441 360.264905 358.710442 357.150036 355.583670 354.011331
440.103193 438.848768 437.589460 436.325246 435.056107 433.782020 432.502964 431.218917 429.929858 428.635765 427.336618 426.032393 424.723071 423.408628 422.089044 420.764298 419.434366 418.099230 416.758865 415.413252 414.062369 412.706194 411.344705 409.977883 408.605705 407.228149 405.845196 404.456823 403.063010 401.663735 400.258978 398.848718 397.432934 396.011605 394.584710 393.152229 391.714142 390.270428 388.821067 387.366039 385.905324 384.438902 382.966753 381.488858 380.005198 378.515753 377.020504 375.519432 374.012519 372.499746 370.981094 369.456546 367.926084 366.389690 364.847346 363.299036 361.744743 360.184449 358.618139 357.045797
443.079208 441.827064 440.570016 439.308041 438.041118 436.769224 435.492338 434.210438 432.923501 431.631507 430.334432 429.032255 427.724953 426.412506 425.094890 423.772084 422.444066 421.110813 419.772304 418.428516 417.079429 415.725018 414.365264 413.000144 411.629636 410.253718 408.872368 407.485565 406.093287 404.695512 403.292219 401.883387 400.468993 399.049016 397.623436 396.192230 394.755379 393.312860 391.864653 390.410737 388.951091 387.485696 386.014529 384.537572 383.054804 381.566204 380.071754 378.571433 377.065223 375.553102 374.035053 372.511057 370.981094 369.445147 367.903197 366.355225 364.801215 363.241148 361.675008 360.102776
446.071918 444.822141 443.567438 442.307788 441.043167 439.773554 438.498925 437.219260 435.934534 434.644726 433.349814 432.049774 430.744585 429.434223 428.118667 426.797894 425.471880 424.140605 422.804045 421.462178 420.114980 418.762431 417.404506 416.041185 414.672444 413.298260 411.918613 410.533478 409.142834 407.746659 406.344931 404.937627 403.524725 402.106203 400.682040 399.252212 397.816700 396.375481 394.928532 393.475834 392.017364 390.553101 389.083024 387.607112 386.125344 384.637700 383.144158 381.644698 380.139299 378.627943 377.110608 375.587275 374.057925 372.522538 370.981094 369.433576 367.879963 366.320239 364.754384 363.182381
449.081370 447.834046 446.581775 445.324536 444.062305 442.795059 441.522776 440.245434 438.963008 437.675477 436.382817 435.085006 433.782020 432.473836 431.160432 429.841784 428.517870 427.188666 425.854150 424.514298 423.169087 421.818494 420.462497 419.101071 417.734195 416.361845 414.983998 413.600632 412.211723 410.817248 409.417186 408.011512 406.600205 405.183241 403.760598 402.332254 400.898185 399.458371 398.012787 396.561413 395.104226 393.641204 392.172324 390.697567 389.216908 387.730328 386.237805 384.739317 383.234843 381.724363 380.207856 378.685300 377.156676 375.621963 374.081142 372.534192 370.981094 369.421829 367.856377 366.284719
452.107612 450.862826 449.613074 448.358333 447.098579 445.833790 444.563942 443.289012 442.008976 440.723812 439.433496 438.138004 436.837314 435.531401 434.220242 432.903814 431.582093 430.255056 428.922679 427.584938 426.241810 424.893271 423.539298 422.179868 420.814955 419.444538 418.068593 416.687095 415.300022 413.907350 412.509056 411.105116 409.695506 408.280205 406.859187 405.432431 403.999913 402.561610 401.117498 399.667556 398.211760 396.750087 395.282515 393.809022 392.329584 390.844180 389.352787 387.855384 386.351948 384.842458 383.326892 381.805228 380.277446 378.743524 377.203442 375.657178 374.104712 372.546024 370.981094 369.409902
