data/avaHelix/Inputs/DEM_HX_Topo.asc
nCols  1001
nRows  401
xllcenter  1000.00
yllcenter -5000.00
cellsize  5
nodata_value -9999.00
[rows 54 to 80 of 401, columns 0 to 59 of 1001]
239.726869 238.953778 238.179845 237.405074 236.629467 235.853027 235.075759 234.297664 233.518747 232.739011 231.958459 231.177094 230.394921 229.611942 228.828162 228.043584 227.258212 226.472049 225.685100 224.897368 224.108857 223.319572 222.529517 221.738695 220.947111 220.154769 219.361674 218.567829 217.773240 216.977911 216.181846 215.385051 214.587529 213.789286 212.990326 212.190655 211.390278 210.589199 209.787423 208.984956 208.181804 207.377971 206.573462 205.768284 204.962442 204.155942 203.348788 202.540988 201.732546 200.923470 200.113764 199.303435 198.492489 197.680932 196.868771 196.056012 195.242662 194.428726 193.614213 192.799127
240.845791 240.071687 239.296731 238.520928 237.744280 236.966790 236.188461 235.409297 234.629301 233.848476 233.066826 232.284354 231.501063 230.716957 229.932039 229.146314 228.359785 227.572456 226.784330 225.995411 225.205704 224.415212 223.623939 222.831890 222.039068 221.245478 220.451125 219.656011 218.860143 218.063524 217.266159 216.468052 215.669209 214.869634 214.069331 213.268306 212.466564 211.664109 210.860947 210.057083 209.252522 208.447269 207.641330 206.834710 206.027414 205.219449 204.410820 203.601532 202.791592 201.981005 201.169777 200.357915 199.545424 198.732311 197.918581 197.104242 196.289300 195.473760 194.657631 193.840918
241.969420 241.194309 240.418339 239.641511 238.863829 238.085296 237.305915 236.525689 235.744621 234.962715 234.179974 233.396401 232.612000 231.826774 231.040727 230.253862 229.466183 228.677694 227.888399 227.098301 226.307404 225.515712 224.723229 223.929959 223.135907 222.341076 221.545471 220.749096 219.951956 219.154054 218.355396 217.555985 216.755827 215.954926 215.153288 214.350916 213.547815 212.743992 211.939450 211.134195 210.328232 209.521566 208.714202 207.906147 207.097405 206.287981 205.477883 204.667114 203.855681 203.043591 202.230848 201.417458 200.603428 199.788765 198.973473 198.157560 197.341031 196.523894 195.706154 194.887820
243.097771 242.321663 241.544685 240.766840 239.988132 239.208563 238.428137 237.646856 236.864724 236.081745 235.297920 234.513254 233.727750 232.941412 232.154242 231.366245 230.577424 229.787783 228.997325 228.206055 227.413975 226.621091 225.827405 225.032923 224.237647 223.441582 222.644733 221.847103 221.048698 220.249520 219.449576 218.648868 217.847402 217.045183 216.242215 215.438503 214.634052 213.828866 213.022951 212.216312 211.408954 210.600881 209.792100 208.982616 208.172434 207.361559 206.549997 205.737754 204.924836 204.111248 203.296995 202.482085 201.666523 200.850315 200.033467 199.215986 198.397878 197.579149 196.759806 195.939855
244.230863 243.453763 242.675785 241.896931 241.117205 240.336608 239.555144 238.772816 237.989628 237.205582 236.420682 235.634930 234.848331 234.060888 233.272603 232.483481 231.693526 230.902740 230.111127 229.318691 228.525437 227.731367 226.936486 226.140798 225.344306 224.547015 223.748929 222.950051 222.150388 221.349942 220.548718 219.746720 218.943954 218.140423 217.336133 216.531088 215.725292 214.918752 214.111471 213.303454 212.494707 211.685236 210.875044 210.064137 209.252522 208.440202 207.627184 206.813474 205.999076 205.183997 204.368242 203.551818 202.734730 201.916984 201.098587 200.279544 199.459862 198.639548 197.818607 196.997047
245.368710 244.590628 243.811657 243.031802 242.251064 241.469447 240.686954 239.903587 239.119349 238.334245 237.548276 236.761447 235.973760 235.185219 234.395827 233.605588 232.814505 232.022582 231.229822 230.436229 229.641807 228.846559 228.050490 227.253603 226.455903 225.657392 224.858076 224.057959 223.257045 222.455337 221.652841 220.849561 220.045502 219.240667 218.435061 217.628690 216.821557 216.013669 215.205028 214.395642 213.585514 212.774649 211.963054 211.150732 210.337690 209.523932 208.709465 207.894293 207.078423 206.261860 205.444609 204.626677 203.808070 202.988793 202.168852 201.348255 200.527006 199.705112 198.882581 198.059417
246.511329 245.732272 244.952317 244.171468 243.389728 242.607098 241.823583 241.039184 240.253906 239.467750 238.680721 237.892822 237.104055 236.314424 235.523932 234.732584 233.940381 233.147328 232.353428 231.558685 230.763103 229.966685 229.169435 228.371358 227.572456 226.772734 225.972196 225.170846 224.368688 223.565727 222.761966 221.957410 221.152064 220.345932 219.539019 218.731329 217.922867 217.113637 216.303645 215.492895 214.681393 213.869143 213.056150 212.242420 211.427958 210.612770 209.796860 208.980234 208.162898 207.344857 206.526117 205.706685 204.886564 204.065763 203.244286 202.422140 201.599330 200.775864 199.951748 199.126987
247.658737 246.878713 246.097782 245.315948 244.533212 243.749577 242.965048 242.179626 241.393314 240.606115 239.818034 239.029072 238.239233 237.448520 236.656936 235.864485 235.071171 234.276996 233.481964 232.686079 231.889344 231.091764 230.293341 229.494080 228.693984 227.893058 227.091305 226.288730 225.485336 224.681128 223.876110 223.070287 222.263662 221.456240 220.648026 219.839025 219.029240 218.218677 217.407340 216.595234 215.782364 214.968736 214.154354 213.339223 212.523348 211.706735 210.889390 210.071317 209.252522 208.433010 207.612788 206.791861 205.970235 205.147916 204.324909 203.501221 202.676858 201.851826 201.026131 200.199780
248.810951 248.029968 247.248069 246.465256 245.681533 244.896902 244.111366 243.324928 242.537591 241.749358 240.960231 240.170215 239.379311 238.587524 237.794856 237.001312 236.206893 235.411604 234.615447 233.818428 233.020549 232.221813 231.422225 230.621788 229.820506 229.018384 228.215424 227.411631 226.607009 225.801562 224.995294 224.188210 223.380314 222.571610 221.762103 220.951797 220.140697 219.328807 218.516133 217.702679 216.888449 216.073450 215.257685 214.441160 213.623880 212.805850 211.987076 211.167563 210.347316 209.526341 208.704644 207.882229 207.059104 206.235274 205.410744 204.585521 203.759610 202.933019 202.105753 201.277818
249.967987 249.186052 248.403193 247.619411 246.834709 246.049089 245.262555 244.475109 243.686755 242.897494 242.107331 241.316268 240.524308 239.731455 238.937711 238.143080 237.347565 236.551169 235.753897 234.955751 234.156734 233.356852 232.556106 231.754501 230.952041 230.148730 229.344570 228.539567 227.733725 226.927046 226.119537 225.311200 224.502040 223.692061 222.881269 222.069666 221.257258 220.444050 219.630045 218.815250 217.999668 217.183304 216.366164 215.548252 214.729574 213.910134 213.089939 212.268993 211.447301 210.624870 209.801704 208.977810 208.153192 207.327858 206.501812 205.675061 204.847610 204.019466 203.190635 202.361123
251.129861 250.346984 249.563172 248.778428 247.992755 247.206155 246.418631 245.630186 244.840822 244.050543 243.259351 242.467250 241.674241 240.880330 240.085517 239.289808 238.493205 237.695711 236.897330 236.098065 235.297920 234.496898 233.695003 232.892238 232.088607 231.284115 230.478764 229.672559 228.865503 228.057601 227.248857 226.439275 225.628859 224.817614 224.005543 223.192651 222.378943 221.564423 220.749096 219.932967 219.116040 218.298320 217.479812 216.660521 215.840452 215.019610 214.198000 213.375628 212.552499 211.728619 210.903992 210.078624 209.252522 208.425690 207.598135 206.769863 205.940879 205.111189 204.280800 203.449718
252.296590 251.512778 250.728023 249.942326 249.155690 248.368118 247.579612 246.790176 245.999811 245.208521 244.416308 243.623176 242.829128 242.034166 241.238294 240.441515 239.643831 238.845247 238.045766 237.245390 236.444124 235.641971 234.838934 234.035017 233.230224 232.424558 231.618024 230.810624 230.002364 229.193246 228.383275 227.572456 226.760791 225.948287 225.134945 224.320772 223.505772 222.689948 221.873307 221.055851 220.237586 219.418517 218.598649 217.777986 216.956534 216.134297 215.311281 214.487490 213.662931 212.837608 212.011528 211.184694 210.357114 209.528793 208.699736 207.869949 207.039439 206.208211 205.376271 204.543625
253.468190 252.683453 251.897762 251.111120 250.323530 249.534994 248.745515 247.955095 247.163737 246.371445 245.578220 244.784066 243.988986 243.192982 242.396058 241.598217 240.799462 239.999795 239.199222 238.397744 237.595365 236.792088 235.987918 235.182857 234.376909 233.570078 232.762368 231.953782 231.144325 230.333999 229.522810 228.710761 227.897856 227.084100 226.269496 225.454050 224.637765 223.820645 223.002696 222.183922 221.364328 220.543918 219.722697 218.900669 218.077841 217.254217 216.429801 215.604600 214.778618 213.951861 213.124334 212.296042 211.466991 210.637187 209.806635 208.975342 208.143312 207.310553 206.477069 205.642867
254.644679 253.859024 253.072406 252.284828 251.496292 250.706800 249.916356 249.124962 248.332620 247.539333 246.745105 245.949937 245.153833 244.356796 243.558828 242.759933 241.960114 241.159374 240.357716 239.555144 238.751661 237.947269 237.141973 236.335777 235.528683 234.720695 233.911817 233.102053 232.291406 231.479881 230.667481 229.854211 229.040074 228.225074 227.409216 226.592503 225.774941 224.956534 224.137286 223.317201 222.496285 221.674541 220.851975 220.028591 219.204395 218.379390 217.553583 216.726979 215.899582 215.071397 214.242431 213.412688 212.582175 211.750895 210.918856 210.086063 209.252522 208.418238 207.583218 206.747467
255.826073 255.039509 254.251972 253.463466 252.673992 251.883554 251.092153 250.299793 249.506475 248.712203 247.916979 247.120806 246.323687 245.525624 244.726622 243.926682 243.125807 242.324002 241.521268 240.717610 239.913030 239.107532 238.301119 237.493795 236.685563 235.876426 235.066389 234.255455 233.443628 232.630911 231.817308 231.002824 230.187463 229.371228 228.554123 227.736153 226.917322 226.097635 225.277095 224.455708 223.633477 222.810408 221.986505 221.161772 220.336215 219.509839 218.682648 217.854648 217.025843 216.196240 215.365842 214.534656 213.702686 212.869939 212.036421 211.202135 210.367089 209.531289 208.694739 207.857447
257.012388 256.224923 255.436477 254.647051 253.856649 253.065272 252.272924 251.479605 250.685320 249.890071 249.093860 248.296691 247.498565 246.699486 245.899457 245.098480 244.296559 243.493696 242.689895 241.885160 241.079492 240.272896 239.465374 238.656930 237.847569 237.037292 236.226103 235.414008 234.601008 233.787108 232.972311 232.156622 231.340044 230.522581 229.704238 228.885019 228.064928 227.243968 226.422145 225.599463 224.775926 223.951539 223.126307 222.300233 221.473324 220.645584 219.817017 218.987629 218.157424 217.326409 216.494588 215.661966 214.828548 213.994341 213.159350 212.323580 211.487038 210.649727 209.811656 208.972829
258.203641 257.415284 256.625937 255.835601 255.044278 254.251972 253.458684 252.664417 251.869173 251.072956 250.275767 249.477609 248.678485 247.878398 247.077351 246.275346 245.472387 244.668476 243.863616 243.057811 242.251064 241.443378 240.634756 239.825202 239.014719 238.203310 237.390979 236.577730 235.763566 234.948491 234.132508 233.315622 232.497836 231.679155 230.859582 230.039121 229.217777 228.395554 227.572456 226.748487 225.923652 225.097956 224.271402 223.443996 222.615742 221.786645 220.956710 220.125942 219.294346 218.461927 217.628690 216.794640 215.959783 215.124123 214.287668 213.450421 212.612389 211.773577 210.933991 210.093637
259.399848 258.610609 257.820369 257.029132 256.236898 255.443671 254.649452 253.854245 253.058052 252.260874 251.462716 250.663579 249.863466 249.062379 248.260323 247.457298 246.653309 245.848359 245.042449 244.235584 243.427766 242.618999 241.809285 240.998629 240.187033 239.374501 238.561036 237.746642 236.931322 236.115080 235.297920 234.479845 233.660860 232.840968 232.020173 231.198480 230.375892 229.552413 228.728048 227.902801 227.076676 226.249678 225.421811 224.593081 223.763490 222.933046 222.101751 221.269611 220.436631 219.602816 218.768170 217.932701 217.096411 216.259307 215.421395 214.582679 213.743165 212.902859 212.061767 211.219894
260.601027 259.810914 259.019791 258.227660 257.434524 256.640385 255.845245 255.049107 254.251972 253.453844 252.654725 251.854617 251.053524 250.251447 249.448390 248.644355 247.839345 247.033363 246.226412 245.418496 244.609616 243.799776 242.988979 242.177230 241.364529 240.550882 239.736292 238.920762 238.104295 237.286895 236.468566 235.649311 234.829135 234.008041 233.186033 232.363115 231.539291 230.714565 229.888941 229.062424 228.235018 227.406727 226.577556 225.747509 224.916590 224.084805 223.252159 222.418655 221.584299 220.749096 219.913051 219.076169 218.238456 217.399915 216.560554 215.720377 214.879389 214.037597 213.195006 212.351622
261.807194 261.016216 260.224218 259.431204 258.637174 257.842132 257.046080 256.249019 255.450952 254.651883 253.851812 253.050742 252.248677 251.445619 250.641570 249.836534 249.030512 248.223508 247.415525 246.606565 245.796632 244.985728 244.173858 243.361023 242.547228 241.732475 240.916767 240.100109 239.282504 238.463955 237.644466 236.824040 236.002681 235.180394 234.357181 233.533047 232.707995 231.882031 231.055157 230.227379 229.398699 228.569124 227.738656 226.907301 226.075063 225.241946 224.407956 223.573097 222.737374 221.900791 221.063354 220.225068 219.385939 218.545970 217.705168 216.863537 216.021084 215.177814 214.333732 213.488844
263.018365 262.226531 261.433669 260.639779 259.844866 259.048930 258.251974 257.454000 256.655010 255.855007 255.053994 254.251972 253.448944 252.644914 251.839882 251.033853 250.226828 249.418811 248.609804 247.799810 246.988833 246.176875 245.363939 244.550028 243.735146 242.919296 242.102481 241.284704 240.465969 239.646280 238.825639 238.004050 237.181518 236.358046 235.533637 234.708295 233.882026 233.054831 232.226716 231.397684 230.567740 229.736889 228.905133 228.072478 227.238929 226.404489 225.569164 224.732958 223.895875 223.057921 222.219101 221.379420 220.538882 219.697493 218.855258 218.012182 217.168272 216.323531 215.477966 214.631583
264.234558 263.441877 262.648158 261.853404 261.057615 260.260794 259.462944 258.664066 257.864162 257.063236 256.261289 255.458324 254.654343 253.849348 253.043343 252.236330 251.428312 250.619290 249.809269 248.998250 248.186238 247.373234 246.559242 245.744264 244.928305 244.111366 243.293452 242.474565 241.654710 240.833888 240.012105 239.189363 238.365666 237.541017 236.715421 235.888881 235.061402 234.232986 233.403638 232.573362 231.742162 230.910043 230.077008 229.243062 228.408210 227.572456 226.735804 225.898259 225.059826 224.220509 223.380314 222.539245 221.697308 220.854507 220.010848 219.166335 218.320975 217.474772 216.627733 215.779862
265.455788 264.662270 263.867705 263.072094 262.275440 261.477743 260.679008 259.879235 259.078427 258.276586 257.473715 256.669815 255.864890 255.058942 254.251972 253.443984 252.634981 251.824965 251.013938 250.201904 249.388865 248.574825 247.759785 246.943750 246.126722 245.308704 244.489700 243.669712 242.848745 242.026801 241.203884 240.379997 239.555144 238.729329 237.902554 237.074825 236.246144 235.416515 234.585944 233.754432 232.921985 232.088607 231.254302 230.419074 229.582928 228.745867 227.907897 227.069022 226.229247 225.388576 224.547015 223.704567 222.861239 222.017034 221.171959 220.326018 219.479217 218.631560 217.783054 216.933704
266.682074 265.887728 265.092325 264.295867 263.498356 262.699794 261.900183 261.099524 260.297821 259.495075 258.691289 257.886465 257.080605 256.273711 255.465786 254.656833 253.846855 253.035853 252.223830 251.410789 250.596733 249.781665 248.965588 248.148504 247.330417 246.511329 245.691244 244.870165 244.048095 243.225037 242.400996 241.575973 240.749973 239.923000 239.095056 238.266146 237.436273 236.605441 235.773654 234.940916 234.107231 233.272603 232.437036 231.600535 230.763103 229.924745 229.085466 228.245270 227.404161 226.562145 225.719225 224.875408 224.030697 223.185097 222.338614 221.491254 220.643020 219.793918 218.943954 218.093133
267.913430 267.118266 266.322036 265.524740 264.726382 263.926963 263.126486 262.324952 261.522363 260.718721 259.914029 259.108289 258.301504 257.493675 256.684804 255.874896 255.063951 254.251972 253.438963 252.624925 251.809862 250.993775 250.176669 249.358546 248.539409 247.719260 246.898104 246.075942 245.252779 244.428617 243.603460 242.777310 241.950173 241.122050 240.292946 239.462865 238.631809 237.799783 236.966790 236.132834 235.297920 234.462051 233.625232 232.787466 231.948757 231.109111 230.268532 229.427023 228.584590 227.741236 226.896968 226.051789 225.205704 224.358718 223.510837 222.662064 221.812406 220.961868 220.110454 219.258171
269.149875 268.353902 267.556853 266.758730 265.959535 265.159269 264.357935 263.555534 262.752068 261.947541 261.141953 260.335307 259.527606 258.718850 257.909044 257.098189 256.286287 255.473342 254.659355 253.844330 253.028268 252.211173 251.393048 250.573895 249.753717 248.932517 248.110298 247.287063 246.462816 245.637559 244.811296 243.984029 243.155763 242.326501 241.496246 240.665002 239.832772 238.999561 238.165371 237.330207 236.494073 235.656972 234.818909 233.979888 233.139912 232.298987 231.457116 230.614303 229.770554 228.925873 228.080264 227.233733 226.386283 225.537920 224.688648 223.838473 222.987400 222.135433 221.282579 220.428842
270.391425 269.594653 268.796795 267.997854 267.197831 266.396727 265.594546 264.791288 263.986957 263.181553 262.375078 261.567536 260.758928 259.949256 259.138523 258.326732 257.513883 256.699980 255.885026 255.069022 254.251972 253.433878 252.614743 251.794569 250.973360 250.151118 249.327847 248.503548 247.678226 246.851884 246.024524 245.196149 244.366764 243.536372 242.704975 241.872578 241.039184 240.204797 239.369419 238.533056 237.695711 236.857388 236.018090 235.177823 234.336589 233.494393 232.651240 231.807133 230.962077 230.116077 229.269137 228.421262 227.572456 226.722724 225.872071 225.020502 224.168023 223.314637 222.460350 221.605169
