benchmarks/avaHitNullTest/relHit_null_dfa_829589904a_ppr.asc
ncols 525
nrows 445
xllcenter 272771.42
yllcenter 357502.70
cellsize 5.00
noDataValue nan
[rows 261 to 289 of 445, columns 330 to 395 of 525]
52.66731492025651 53.3659936230161 53.91702162843501 54.54873383313672 54.88368202955327 55.07262379106625 55.66020400957724 56.26557391573417 56.63069597730547 57.96822928081702 59.46365972984282 59.84853085302205 58.75452485143941 57.08488123517658 55.49066443460694 54.1327270877893 52.61605903608979 50.16149764541131 46.46108349665506 42.66561837021949 39.55841990563774 36.94116417729871 35.26575342663553 27.28474194818335 21.65115721529506 17.22300213907382 12.64521644136499 6.994555038003293 2.552549090602394 1.90030518892177 1.169190297862357 0.7855002202157434 0 0 0 0 0 0 0 9.210907232395581 17.19182720291563 24.56417860160791 27.30410204772481 32.6223076370689 33.74309901327413 35.06781181434634 35.88031459388428 36.9949010673102 36.42985226947709 35.85106833757975 35.59250583315476 36.43561980021451 36.93052054188326 36.44387462667368 35.30548271255433 34.59711370496501 32.61576200654736 30.94877722556147 27.99718412677755 24.85196692774324 23.53998398917993 22.59957358080193 20.77353225466766 18.42449651723109 16.19939603833634 12.42470467302285
49.46464598693874 50.38238591436331 51.05906483093847 51.98725144944321 53.07088115755462 54.31759450466004 55.12766220192947 54.88607062174579 54.53457389745822 55.19758640108986 56.55350206337909 57.4003050826891 57.36218592992369 56.38323012297324 55.00045365554581 53.68785406599083 51.81858028403149 48.654836298027 44.40820753190344 40.88144295551857 38.64553743400915 36.25759834707658 32.4783733780755 30.31668751350807 25.80195396607966 22.95537827301129 18.82599033602229 13.22427141960204 10.95158362762317 8.167867714806142 6.020234601851417 4.378544471220304 1.736158412664438 0 0 0 0 0 0 0 8.450931493598018 15.14191114310487 21.5567344710272 25.8844748977681 26.73979151565688 28.66644514136722 30.66389621845325 30.96485771573096 31.10442197583721 30.81802290196073 31.07611820466827 31.7558522845503 32.57572154494396 33.12235786102276 32.14084161900578 30.73863655542777 29.85707614225675 27.19139306233181 25.69365362762611 23.17695673936802 20.97452466818514 21.22560417688812 19.88012999748861 18.04186879000682 13.53729409730274 10.76575611484791
47.12476419494053 47.98199118022333 49.16655433089389 50.33523806353455 51.7242283487308 53.52324192349238 54.28637236317665 53.37606282305916 52.23561073874333 52.39016090307895 53.44977079484721 54.71017000328315 55.50784886380254 55.20406018163874 54.04473640120929 52.4437799987498 50.07511762747429 46.6455357690671 44.35976830585275 41.31556135072805 38.64553743400916 36.2640015842163 34.54968260590267 31.02994863562294 29.24502157834799 24.90658709079491 21.97081568412446 17.57738744541663 14.74153473297327 12.39346764362269 9.280078255798392 8.002534676782087 4.024437125673678 1.878556356022365 0 0 0 0 0 0 1.250770557733267 10.14886972936973 16.86803467534481 17.28531958419092 21.3401157147229 22.51347160071395 24.06661377006163 25.66047823576409 25.92047454250603 26.31337969758256 26.05390397130092 27.55616634610337 27.39976378213231 29.04318898022071 27.9875318659195 27.40728712321463 25.5988227583134 24.3115222321295 22.48668719489522 21.03464809210228 20.28877123460354 19.13991924414823 18.93161339985167 14.217795748756 12.02507095755283 6.809507463380662
46.47223241602622 47.26967146727404 48.5152284254846 49.7768535285492 51.36990722381866 53.29398212979011 53.66182966252628 51.92740233146754 50.10283928396461 49.48511804122488 49.97353062952979 51.48411763859031 52.89008989319492 53.05796802387687 52.07403336852953 50.22805270006432 47.41491460504993 45.12466932578779 43.68673343666758 41.23060739557047 38.71737219658065 37.15141357716047 34.9437423778416 32.07842543167032 29.24502157834799 26.84967473591566 23.51916429902322 20.52354285576033 16.77643140440322 14.64125116377825 13.15643630503702 11.14755228762419 6.92893040164582 4.537202281130836 2.091947450793221 0 0 0 0 0 0 3.205892983379872 7.526216990012262 12.4598555698946 15.91851360260997 16.24176256071717 19.29608197822717 20.23558001623102 21.34044335457039 22.14105739340162 22.56482918840145 23.18833793008373 24.07272158156982 24.09826913386001 24.04609974097468 23.33517210391753 22.47089436507004 21.22435833958647 19.91389860449005 19.31458782606046 19.36560814114766 17.20749194432426 14.85273160228729 12.33888672429581 7.653513431409948 6.159525542711164
47.47868867334997 48.46963217132297 49.65948769357522 50.68506299835791 51.92984306656993 53.34968030205139 53.37893643607387 51.45845087308179 49.16629596347184 47.27628456524351 46.61971754449196 47.37339071953227 48.50481534532282 48.93567100238399 48.48525988700406 47.24044759749901 45.06660029463763 44.75363699395934 41.97929869841175 40.67845160299742 38.68005274474199 36.87175791285635 35.41331391838499 33.11162377744206 30.77594344284149 27.47441471066974 23.65360494299711 20.52354285576033 18.32195235994618 17.10095239994799 15.34156014443079 12.93956944204956 8.833864142609716 6.247972352924721 3.902797875962638 1.787766864952328 0 0 0 0 0 0 2.174429079499534 7.699578067437209 8.851719475623261 11.70814618728038 14.71854733760359 14.82584269286213 17.04314663178537 17.87459529076445 18.6893104111252 19.26618618018062 19.98494147158192 19.83972455343119 19.4312274919563 18.87052455699807 18.53339615812123 18.53186713888714 18.11214162608734 17.9172433864067 17.40546157889245 15.57880142069204 11.76076294267279 9.080955744608099 4.84695840771432 0.7858861476259783
49.60829326356455 50.17066596445698 51.20546935898614 52.15954559770073 53.19726769315145 54.27217339837848 53.93349320599431 51.91983190287547 49.28117898518657 46.6764461398446 44.51290403573937 43.50031781997539 43.61021671563287 43.92159710766339 43.88344947132819 43.17070944263308 41.91214210852146 42.32029285048495 41.13785857053516 39.19045231924852 37.07612377513527 36.61396354847795 35.20668979111327 33.42196790654248 30.77594344284148 28.08392369171423 24.56644681100996 22.00892359995509 19.96936763453034 18.08212390579354 15.42300448115882 12.95924009465278 10.41307624126618 7.80544973006498 5.688250199365453 3.384934335475634 1.197074804094098 0 0 0 0 0 0 0.07111758387468557 4.65595086251348 7.515578220939685 8.102331758902199 11.00455364490047 13.0800213292331 13.54339906916731 15.48053848420441 15.67429540567665 16.10182757691786 16.28326215839191 16.52280532416161 15.9528575002915 15.17637794029274 15.43296525337011 15.82473546648228 16.48244929728807 15.35996525893865 12.03404222251096 9.775946895876123 6.350438622883907 2.889239936984858 0
52.43048649472831 52.85436497349313 52.85311586076073 53.59872071710632 54.61393353209266 55.49354028772569 55.00689290218766 53.00420255382714 50.3299841966211 46.97116992687072 43.43267908897716 40.53902856048164 39.11475416041282 38.79547283106202 38.78741992568624 38.85887861884704 39.64890819586359 39.04362731300308 38.79783061566069 37.26542416430871 37.07742485017844 35.78949959756097 34.6671323234625 32.7588269583618 30.54429937074257 27.31502122105084 25.14754461902944 22.27358938814775 20.70625324610356 19.62674548131871 16.82996520091357 13.91613120821029 11.43152808566697 8.831244838571902 6.511752828467588 4.165588075884354 1.197074804094098 0 0 0 0 0 0 0 0.8682018264450759 1.745207309414542 4.494430907268632 7.872680326232268 7.872680326232268 10.70049371215585 11.50970384672257 12.33751694490772 12.81186809595857 13.37271636687995 13.5148911677883 12.80508711427764 13.0329260881978 13.53931899116347 13.77460594337831 12.36516689810955 11.48895110320523 9.030823538276207 7.020419383493552 4.309038161216486 0 0
55.04493659656816 55.43532166917712 55.37606795175618 55.26236028804261 55.96038657850081 56.61850469889794 55.93077759085393 54.027058364588 51.08586934700693 46.89250249236532 41.86287427473567 37.09175534302145 34.01737770303009 32.66514028299534 34.43367883852221 34.43367883852221 35.44086758858498 35.3550825764499 35.62975422639367 34.45058720769656 35.09425983697031 34.23386245009733 34.37440253584715 31.5948303099434 29.38709463647035 26.1218442770593 24.52894675169673 22.67723478753406 21.83888220010157 19.36943027300462 16.82996520091357 13.85953595510045 11.43152808566696 8.826527181533582 6.433404614679063 4.07656342542008 1.877610878477912 0 0 0 0 0 0 0 0 0 2.047690211612458 3.136015431545244 5.266414219267644 7.529281297909812 7.529281297909812 9.931365216896415 9.931365216896415 9.905580007241936 9.552661870112859 9.766219429310405 10.3207897227766 10.65565313370988 10.53763832520578 8.986156715925398 6.805159429245537 6.945274784092163 4.42128572791435 1.130760151190394 0 0
57.34469813797755 57.66353233966399 57.62568261857782 57.609866937479 57.53792816056227 57.05537846899316 56.36247119164485 54.31159281261262 50.24566659616516 43.91638818148613 35.79544599005311 28.16413888177906 23.9345447130646 24.46270965244124 28.28356270185182 29.73639959741574 30.8843026525834 30.88430265258342 31.36218891316483 32.00918054833778 32.45214574508807 31.56578702732373 31.62564873916762 29.33426504855743 28.06533662407423 25.50467997221029 24.01364037152133 23.05723109564841 21.41293677987518 18.82087907689228 16.93405809142215 14.039171712474 11.19509695591961 8.826066282491832 6.416869530453418 4.007772109668188 1.824776476613496 0 0 0 0 0 0 0 0 0 0 0 2.506873380535374 2.506873380535374 4.721785332347667 6.241009111441802 6.241009111441802 6.096505995680522 5.776002878355722 7.343814265797386 7.343814265797389 7.277110582694437 5.313088268185804 5.1316871834966 4.130486408262471 2.231541774328714 1.100722075511273 0 0 0
59.45011646617494 59.90303148173445 60.01187043693781 59.50007285873973 58.88987501807669 57.85570888249931 55.45386986811576 52.08749663101057 44.58358809236265 32.86024008848392 21.32814777716386 17.81167613514148 17.30159758859008 16.77353673214787 20.48850753920953 24.71880680953705 25.63798381899543 27.3038312005462 27.3038312005462 28.74474700315421 28.7722365264794 29.42867376415085 28.37664869509152 27.03875062769175 25.8483118954966 24.85038124889054 24.02831116603512 22.42422913284964 20.83721380463395 17.80685735598105 16.13497660675765 13.2840596798855 10.48800483441536 8.811066595704597 6.258183473178137 3.625962106133455 1.374088916975763 0 0 0 0 0 0 0 0 0 0 0 0 0 0 1.61542234229543 2.810968902553634 2.810968902553635 2.906301924541818 4.765276274064401 4.765276274064403 3.179612579304739 2.527177931589152 0.5369284484835481 0 0 0 0 0 0
61.57440471882803 61.94179883872773 61.96717770658672 60.9630659600139 59.24514235280369 56.2436813439875 51.37746956408487 43.45099680574444 29.31470233766236 20.28953952675381 20.00124461495101 16.45029703314565 14.22845594704038 13.71113365030272 13.83182246143064 17.19956878295329 21.0511820104728 23.67215220094036 24.5781118154408 24.5781118154408 24.88188899170628 25.06050174448517 24.98207118658511 24.50119723265398 23.91482874679468 24.27869451356947 22.27820136203771 21.79667756095914 19.07084933823151 16.87865468625859 15.10814070210053 12.17617411735251 10.62789295907453 7.511442248351624 5.340684481072239 3.180291345327333 1.152706855581775 0 0 0 0 0 0 0 0 0 0 0 0 0 0 0 0 0.2453884422539919 1.038297551905741 1.134990498815052 0.777134862559041 0.777134862559041 0 0 0 0 0 0 0 0
62.76130062090102 63.04673640366817 62.4873959418783 60.41807495871662 56.20597525783919 48.42775817155012 39.55464542580936 24.98681497334377 21.52082149701329 19.2261603484374 16.33748287639595 13.60719333116313 13.11258630312298 9.879022628986686 8.906883433465982 9.604209411277528 14.7971792554126 14.7971792554126 18.33367430989476 19.79332427282463 20.08227745640898 20.08227745640899 21.09127470455128 21.87062425220427 22.29328183720387 21.85631453174967 21.30000004481119 19.18329735689517 17.51691499851449 16.12287501479765 13.1922637541904 11.07593358949203 9.597947235361053 6.729974456070181 5.048317684624251 2.652797762419889 0.2559756709051251 0 0 0 0 0 0 0 0 0 0 0 0 0 0 0 0 0 0 0 0 0 0 0 0 0 0 0 0 0
61.76986715453661 61.72601293201116 60.06595341963775 55.14067499627418 46.25975854515234 32.73848241071124 19.14203161124166 18.36804413966787 18.36804413966787 14.81575575356151 13.49127007994247 11.66257890134809 8.452103480256056 6.966626039237919 5.608679100535192 5.251709064140906 7.430589321857528 8.766235328033169 11.75053493646841 13.5578393256863 15.10816309278343 16.84028821007944 16.94124058930886 18.97609359300245 18.84905000589239 19.45413730560816 18.33504100271147 17.10524491948181 15.33385542565391 13.17141768680197 11.71649375321559 10.26503864951056 7.959497014940502 5.342556274957219 4.354906199439553 2.04274352615877 0 0 0 0 0 0 0 0 0 0 0 0 0 0 0 0 0 0 0 0 0 0 0 0 0 0 0 0 0 0
59.424498012779 57.73159095004136 52.94558823501466 43.61422293836457 28.65100282858038 14.79267633675007 13.34941944073811 13.26127551770393 12.2057755484773 12.20577554847729 8.145874267677909 7.676522610182285 5.916352243604207 4.205474386151181 3.816367529780123 3.816367529780122 4.102130699406985 5.427624463538402 5.890663563726684 8.261122155228517 10.64191974971628 13.38294227173798 14.74478965934947 14.74478965934946 15.20016172355872 15.29981218009376 15.14137764388106 14.23835670577023 13.09145933524142 11.72928131615111 10.02572856910369 7.356410399938469 5.952301933771478 4.687070737188478 2.342328890820882 0.2956743481517495 0 0 0 0 0 0 0 0 0 0 0 0 0 0 0 0 0 0 0 0 0 0 0 0 0 0 0 0 0 0
55.0084238618148 50.32275421192422 41.61283907965448 27.28289122590452 14.02781968774388 9.043545225388741 8.045688495175449 7.590237376960387 7.438908374719237 5.7364515863067 6.006698985627378 4.27851017124224 3.440325087317407 2.812088715903208 2.590103527195454 2.261240840431082 2.261240840431082 3.048967599063776 3.048967599063776 4.130150744473212 6.070684716161128 9.002225231283662 10.31710261798507 11.39942413126693 11.39942413126693 11.34667181068355 11.5248877661413 11.12710987728569 10.22066066529979 9.79435055702109 7.781419835830257 5.667042765083382 4.483656660621882 1.867380768208603 0.8508258923382856 0 0 0 0 0 0 0 0 0 0 0 0 0 0 0 0 0 0 0 0 0 0 0 0 0 0 0 0 0 0 0
47.45115102193301 39.84791293097263 27.21479639622198 17.02350965900072 7.234969304239782 4.852296720031156 4.783264054170306 3.818936658325856 3.859250495781631 4.170497468981611 4.380249107487725 4.221631018799546 3.660471479798378 2.867053338266614 2.097047474542818 1.473656272479775 1.042180783474206 1.31851903223627 1.638917375844155 2.32354601331326 3.98245443033009 3.998265224162085 5.95463426611747 6.764766663492467 7.585312709239638 7.585312709239638 7.451313675722339 7.432678934282444 7.164648246291462 7.328186113740453 6.094791243858281 3.878820136168959 2.547214377441801 1.067533668161779 0 0 0 0 0 0 0 0 0 0 0 0 0 0 0 0 0 0 0 0 0 0 0 0 0 0 0 0 0 0 0 0
36.55849102189124 26.8200055612816 19.25506976213089 10.32581787868542 5.179495398932973 3.887477620443908 3.881618167395765 4.234549421927381 4.729326933317475 5.073429035704919 5.022062448001684 4.627668703132007 4.072739834178733 3.553276078166862 2.897669250354199 2.31509281433903 1.138316542559243 1.556541838978748 1.450943641944884 1.189116240888815 0.8918404899481996 1.834035728421201 1.834035728421201 2.960847780004523 3.36579737701281 4.20644710593602 4.206447105936022 3.861931149438725 3.861931149438726 3.321139169077623 3.218852139882451 2.056881594649133 0.8941065575264225 0 0 0 0 0 0 0 0 0 0 0 0 0 0 0 0 0 0 0 0 0 0 0 0 0 0 0 0 0 0 0 0 0
24.28144166714114 20.03299572554209 13.54096371018088 7.364954224806307 4.492435546261692 3.785936326513991 3.937421284991624 4.363583663636358 5.00848559185016 5.548720876684823 5.645833367794782 5.393414938284697 4.90613973945003 4.390380716079862 4.115388529086599 3.214769504422367 2.455982054603528 0.5954231288349761 0.9449561671939511 0.941490276733791 0.8046048232960323 0.6189251938971676 0.04476892153666529 0.04476892153666529 0.1656914502467861 0.5289283143488027 1.187143333072031 1.187143333072031 0.5833259301807697 0.4956826775861027 0.2706420109643032 0 0 0 0 0 0 0 0 0 0 0 0 0 0 0 0 0 0 0 0 0 0 0 0 0 0 0 0 0 0 0 0 0 0 0
21.80790046243299 14.86390158662939 9.551989200046114 5.740759843804669 4.468609190838797 4.023972091152912 3.92945686850889 4.029619001873283 4.722815946739198 5.749436607361215 6.145560805075903 6.096166515523028 5.79571503355884 5.210113450533213 4.516855255818198 3.270897755575705 2.257404112960937 0.3014389550911018 0 0 0 0 0 0 0 0 0 0 0 0 0 0 0 0 0 0 0 0 0 0 0 0 0 0 0 0 0 0 0 0 0 0 0 0 0 0 0 0 0 0 0 0 0 0 0 0
21.12526636907083 14.18303020805918 9.036433669941434 6.34052546216044 5.091145240685042 4.625426098957339 4.575831129879378 4.629725991375262 4.314451405538249 4.171878925614081 6.134951217122502 6.468739852837912 6.332993485093783 5.782528607600869 3.911200690047122 3.110688000636871 0.5117199909916713 0 0 0 0 0 0 0 0 0 0 0 0 0 0 0 0 0 0 0 0 0 0 0 0 0 0 0 0 0 0 0 0 0 0 0 0 0 0 0 0 0 0 0 0 0 0 0 0 0
20.69493634144345 14.62059385605142 10.02973191135495 7.172348917495656 5.716252258988359 5.103615964583479 4.956908077479867 4.973745435989822 5.044437670263841 4.083334454925603 2.575182083194584 3.429473239923537 5.146281357500817 4.424771945358434 3.293476415968347 1.393909037802693 0.01363672903200766 0 0 0 0 0 0 0 0 0 0 0 0 0 0 0 0 0 0 0 0 0 0 0 0 0 0 0 0 0 0 0 0 0 0 0 0 0 0 0 0 0 0 0 0 0 0 0 0 0
20.03570919432319 15.33541555159876 11.28661687305044 10.04789999937949 6.925454139835781 4.973039719044405 4.622606126838948 4.606396954925715 4.672446282227902 4.26351338316436 2.880889509194716 1.036720684551369 2.377484394857427 2.280571900855535 1.456662473852228 0.2578918147777132 0 0 0 0 0 0 0 0 0 0 0 0 0 0 0 0 0 0 0 0 0 0 0 0 0 0 0 0 0 0 0 0 0 0 0 0 0 0 0 0 0 0 0 0 0 0 0 0 0 0
19.81819830783599 15.81603854054974 13.22089466635532 10.92541032496374 8.812316002035882 6.693085663362274 4.224343789000666 4.314058173217781 4.480599694433359 4.475386988001143 3.621593683265611 1.855447629831332 0 0 0 0 0 0 0 0 0 0 0 0 0 0 0 0 0 0 0 0 0 0 0 0 0 0 0 0 0 0 0 0 0 0 0 0 0 0 0 0 0 0 0 0 0 0 0 0 0 0 0 0 0 0
18.98546643729048 16.32390060679496 14.25667858893665 12.8509825812071 10.65439200167558 7.598991086505393 4.507204147739131 4.039295271015082 4.224894960640742 4.468914171703337 3.621593683265611 1.855447629831333 0 0 0 0 0 0 0 0 0 0 0 0 0 0 0 0 0 0 0 0 0 0 0 0 0 0 0 0 0 0 0 0 0 0 0 0 0 0 0 0 0 0 0 0 0 0 0 0 0 0 0 0 0 0
19.17115251232343 17.08042782534572 14.92364641496152 12.8509825812071 10.65439200167558 8.494582159658789 5.45980605948535 3.426803880162093 3.537011639900864 3.611660325084444 3.099026810930777 1.258510393897929 0 0 0 0 0 0 0 0 0 0 0 0 0 0 0 0 0 0 0 0 0 0 0 0 0 0 0 0 0 0 0 0 0 0 0 0 0 0 0 0 0 0 0 0 0 0 0 0 0 0 0 0 0 0
17.94532956884851 17.05107078617099 15.11170563538062 13.34851574394688 11.53461994385358 8.494582159658789 6.470870611749841 4.209367052579484 2.795912435659456 2.892270873692184 3.099026810930776 1.258510393897929 0 0 0 0 0 0 0 0 0 0 0 0 0 0 0 0 0 0 0 0 0 0 0 0 0 0 0 0 0 0 0 0 0 0 0 0 0 0 0 0 0 0 0 0 0 0 0 0 0 0 0 0 0 0
16.93623049219545 15.58910514062615 14.88489449901846 13.38389985402407 11.53461994385359 9.381237351066288 6.739027570044992 4.209367052579484 2.201554785491985 1.940639892580663 2.050638221781318 0 0 0 0 0 0 0 0 0 0 0 0 0 0 0 0 0 0 0 0 0 0 0 0 0 0 0 0 0 0 0 0 0 0 0 0 0 0 0 0 0 0 0 0 0 0 0 0 0 0 0 0 0 0 0
15.0180083983611 14.96874111928619 13.97602806814094 13.23417119047566 11.47802903211703 9.207333055412276 7.167084964812819 5.134631618608664 2.480761699122135 1.249236376644943 1.237492795134088 0 0 0 0 0 0 0 0 0 0 0 0 0 0 0 0 0 0 0 0 0 0 0 0 0 0 0 0 0 0 0 0 0 0 0 0 0 0 0 0 0 0 0 0 0 0 0 0 0 0 0 0 0 0 0
14.41225806366559 13.7113915911591 13.16585262729607 12.10131721389977 11.09661154236592 9.059983281464453 6.950963085212779 5.134631618608664 2.537367106568351 0.3535221548242989 0 0 0 0 0 0 0 0 0 0 0 0 0 0 0 0 0 0 0 0 0 0 0 0 0 0 0 0 0 0 0 0 0 0 0 0 0 0 0 0 0 0 0 0 0 0 0 0 0 0 0 0 0 0 0 0
