benchmarks/avaHitNullTest/relHit_null_dfa_829589904a_pfv.asc
ncols 525
nrows 445
xllcenter 272771.42
yllcenter 357502.70
cellsize 5.00
noDataValue nan
[rows 232 to 260 of 445, columns 132 to 197 of 525]
0 0 0 0 0 0 0 0 0 0 0 0 0 3.232766481882492 3.746300126917344 3.888488943238984 4.126464958070471 4.163638348054407 3.645455307145808 3.608823710729002 6.249483446256904 6.334939594026582 7.7535889147538 7.929467456292447 8.013325146332527 7.791838085876559 7.380904405885644 7.018815722921167 6.127669749044425 5.198726221432014 5.245049049160404 5.285529907583735 6.335250590293143 6.511811692092142 6.519306456003561 6.507705473587527 6.293722345986149 5.64388632015728 4.844665861835581 4.84466586183558 5.088073512710968 4.922601787271049 4.90435538030249 4.822555275734323 4.565477671651712 4.407174688492355 4.648751705196385 4.958660188458832 4.958660188458832 4.993199867069672 4.751073146217828 4.785126488246638 4.852502011453365 5.027360556113936 4.608818537742835 5.006902356671885 5.006902356671885 4.710328603224241 4.66249256739585 4.66249256739585 4.396057230771714 0 0 0 24.66861873572477 29.5148629203159
0 0 0 0 0 0 0 0 0 0 0 0 0 0 3.623016136210527 3.961729922714946 4.101569554358647 4.163638348054407 4.091251355557295 3.941329192452961 3.565115779852691 6.413623542143579 7.142423223924405 7.909028644052666 7.799146719894404 7.66708231386173 7.496490453999235 7.21928568732128 6.127669749044425 5.043793662056316 5.040622386031628 5.390879822171563 5.491817805283003 6.646894264172174 6.293851093501911 6.521302574828955 6.380964884567501 5.535314593383549 5.443965302262137 4.679281463891008 4.888483175402874 4.922601787271049 4.995692860494063 4.828719070047415 4.823445287459503 4.516886301249119 4.872774997395879 4.870309867382396 4.938985280336717 5.142905067927845 5.3718983599811 5.417892996454047 5.417892996454047 5.27348134235389 5.493927764278376 5.391580239340707 4.686292627313692 4.686292627313692 4.746362277972904 4.929264069216342 4.929264069216342 4.548181038623425 0 0 0 23.63722634035677
0 0 0 0 0 0 0 0 0 0 0 0 0 0 0 3.961729922714945 4.22261672039106 4.404346180891159 4.49593867719849 3.94132919245296 3.565115779852692 6.050977797429018 6.175204005165158 7.357651534608015 7.583782010512166 7.600783382870087 7.61568103823468 7.142009240890054 6.211223131831162 5.345081546852994 5.212504178567412 5.572104511065151 4.979119748265875 4.922686968471212 6.362694007548462 6.554584546518809 6.585580520497512 6.659670352186514 5.664754515538728 4.524456380265637 4.678239267833791 4.858256931144832 5.088556410389048 4.988798423946362 4.751701447872393 4.95909603438267 4.797220314924289 4.813282423886195 4.879252886976715 5.18600458940299 5.233190711212282 5.60654431657363 5.545059156792545 5.329139985136628 5.563420565189658 5.528781523719009 5.204230219380355 4.42771509520551 4.836356972558344 4.836356972558344 4.761489725752853 4.84305956556116 4.872347887453031 4.872347887453031 0 0
0 0 0 0 0 0 0 0 0 0 0 0 0 0 0 3.39034016296831 4.22261672039106 4.404083790552077 4.495938677198491 4.422008841072468 3.611340132160832 6.080348337321895 6.215084007367023 6.572832336232991 7.532462986103522 7.579797819220913 7.555462462260628 7.468519773363135 7.403314299819295 6.260108745186763 5.02449042649488 5.196758581249728 5.038956144484122 4.585497532772149 6.536668805586993 6.567411793791188 6.525662350523078 6.605151422922365 6.28736151411734 5.386428547111874 4.737608467703634 4.778854931812767 4.899848619082372 4.988798423946362 4.831487618662198 4.906365793781337 5.115404235889625 5.215878046711737 4.93675397183298 5.142588901066266 5.142588901066265 5.600240213797721 5.600240213797721 5.606362462106001 5.319584156200244 5.127716875247646 5.074467141538908 4.988940981161546 4.11728622633378 4.748529972396899 4.748529972396899 4.992611237534997 5.017958169028034 4.839259923325815 4.534755679681539 0
0 0 0 0 0 0 0 0 0 0 0 0 0 0 0 0 3.354736122697576 4.44436997554253 4.566940430945324 4.422008841072468 4.299994259605054 4.160907523165737 6.275064763949899 6.003082709692082 7.328916000250342 7.641627508881301 7.683906085644045 7.718345714684225 7.29230149779062 6.685831226835842 5.008533933306222 4.946838908384934 5.0597994468434 4.686301042703406 6.76037953073925 6.441793066514872 6.316334079215025 6.217304066342773 6.287361514117341 5.38697450872328 4.803477199164859 4.722977158309415 4.983804308758459 4.904025322385751 4.851395366701942 4.882244719224903 5.280912249460494 5.28628256953905 5.122762620649651 5.154655320421401 5.173654739327457 5.481995538082029 5.692733691619353 5.692733691619353 5.546420000661564 5.445301636897801 5.5083931897096 5.341070617119081 5.341070617119081 5.174219684831764 4.602200126725542 5.05880426202235 5.05880426202235 4.58982703338112 4.629337571938918 4.285377178779369
0 0 0 0 0 0 0 0 0 0 0 0 0 0 0 0 0 4.44436997554253 4.522602471205196 4.349061958230354 4.482516440863143 4.046981607913986 5.803912465146874 5.616892382033861 6.638129907080003 7.350942866206173 7.689546793002528 7.828230894299957 7.285021523821491 7.274999327602832 4.888616905328616 4.946838908384934 4.962080072714842 4.612516389029506 4.533049021697972 6.425161401580158 6.122485252034297 6.15900117072714 6.267689043914888 6.5125705202628 5.477718145585952 4.68273375230619 5.049263806007374 5.082630040730543 4.964716631329018 4.986902500427673 5.094258686746455 5.421818314466338 5.492711160399519 5.313999258307407 5.313999258307408 5.170103764937407 5.371910850646926 5.498309159273485 5.498309159273485 5.294248337053948 5.508393189709599 5.459495290380747 5.333863150171172 4.934844507318411 4.910462573001849 4.411712781006677 4.387322893122035 4.67707745640171 4.677077456401711 4.285377178779369
0 0 0 0 0 0 0 0 0 0 0 0 0 0 0 0 0 0 4.378655459524275 4.482516440863142 4.482516440863142 4.540018772919992 5.803912465146875 5.790384806801531 6.575010337334611 7.454301161539237 7.447777017981434 7.769953110103921 7.520551290948034 6.837197193556911 6.638280611239267 4.978940803565397 5.087261950189992 4.562968323001537 4.581592906505867 4.680713153177066 6.022574758547681 6.259621560471411 6.437467346255728 6.594693355686382 5.889083404552858 4.68273375230619 5.050572422653138 5.240290985142853 5.415799767949429 5.423992361864099 5.437206093323082 5.130273487265682 5.159810165625393 5.299105649293396 5.275670926506034 5.147306703317089 5.147306703317089 5.408440461609612 5.315723530115338 5.396693018857475 5.438803174207782 5.459495290380747 5.169006268988489 5.260070905444499 5.220254860233389 4.643649639658716 4.716509785941131 0 0 0
0 0 0 0 0 0 0 0 0 0 0 0 0 0 0 0 0 0 0 4.260756723722238 4.523035415345587 4.540018772919992 5.391050338343158 5.744820120708503 5.640733918055072 7.24446147758385 7.347370851981816 7.512956125039099 7.53369741090399 7.09902984925005 6.803999538140702 5.221572706687504 5.090422956981271 4.402328486111518 4.680713153177066 4.8043555386881 6.248599381438336 6.526599910051542 6.918907440026858 6.847403471318917 6.520879160003535 5.700294656291348 5.050572422653138 5.319655033957883 5.715072475796032 5.614158223577866 5.437206093323083 5.182110540268608 5.094283214612379 5.086514175104184 5.132065317781794 4.966953588893665 5.09045842126896 5.082606480663445 5.301835186203383 5.379589322598899 5.426914290021513 5.245886925911568 5.18027519238605 5.260070905444499 5.175179106613284 4.89651948227508 5.077110469359874 5.092083072550064 4.831623326093445 0
0 0 0 0 0 0 0 0 0 0 0 0 0 0 0 0 0 0 0 0 4.250648974320485 4.038746987626077 4.014911006392456 5.673147219514041 5.673575541849813 5.894248329566966 6.822939788660243 7.400715756614195 7.557103395921291 7.298799811386224 6.750798059881653 6.096369457849747 5.214327334325455 4.907628083544773 4.708751816420913 4.886571612820256 6.531530279988376 6.719329620030574 7.05423710830843 7.130220091653192 6.520879160003534 6.002680868725057 5.451020502580637 5.208864330265 5.855348219228219 5.855348219228218 5.539334859715928 5.413250914935723 5.300366041729053 4.980355885262071 4.812435495411322 4.892247825239208 5.025456745712924 5.033294204964275 5.014588535971125 5.07838535162658 5.436074764429632 5.245886925911568 5.140587796991804 5.16436399490417 4.949311546126459 4.720627205266878 4.992250396613471 5.092083072550064 5.091298694221186 4.335850887013375
0 0 0 0 0 0 0 0 0 0 0 0 0 0 0 0 0 0 0 0 3.879239592274575 4.033917252340895 4.188828778338908 5.053931286215722 5.680189397716182 5.935526617315258 6.826779909276976 7.257402770900286 7.785951791004653 7.629399064080995 6.893036125228673 6.289699092380781 4.954695138505921 5.014376894991385 4.490928897402344 4.745050281605391 4.667839868767347 6.540952692338735 6.576591340460721 6.69108268727993 6.663821499024554 6.428400977794388 6.146020489221454 5.327678659690134 5.526803763794317 5.809803405116657 5.711081784469326 5.300366041729053 5.300366041729053 5.098317768960629 4.683817209151302 4.569522589548855 4.61999640237031 5.107135855819803 5.107135855819804 5.07838535162658 5.175811213354796 5.169218460751706 5.148303302153111 4.957123453888605 4.954552182133868 5.03058517638418 4.77056448778554 4.877438884613685 5.091298694221186 4.335850887013375
0 0 0 0 0 0 0 0 0 0 0 0 0 0 0 0 0 0 0 0 0 4.033917252340895 4.223686430934202 4.249738062848326 5.865860075567032 5.965895646653877 6.923596431214548 7.195152478526665 7.846349662873694 7.802326915967913 7.210334191383184 7.060419343834542 5.128076553828875 5.014376894991385 4.823871572196727 4.69104157541254 4.691705670908823 6.251700954463139 6.289795998190923 6.734509874817792 6.734509874817792 6.500716094006465 6.183688807490373 5.88205102021462 4.672796198149619 5.85130608934099 5.870385111596327 5.786121706509551 5.079900128541406 5.098317768960629 4.596872896660925 4.226562816175241 4.460927519497504 4.460927519497504 5.155146755808802 5.155146755808801 4.942294197575603 4.942294197575603 4.864980947880764 4.957123453888605 4.885980522967833 4.646754771984151 4.985466083757877 4.748130276690811 4.90316599042206 4.497634111519651
0 0 0 0 0 0 0 0 0 0 0 0 0 0 0 0 0 0 0 0 0 3.724900451663512 4.109778598720602 3.983178920950563 5.865860075567032 5.975570756905543 6.758289366244082 7.223299947098754 7.762012568394227 7.815529929946202 7.494266012629462 7.18262501472295 5.996879611117254 5.393781982626502 5.042836709608879 5.042836709608878 4.942742199791695 4.942742199791695 6.100238291655364 6.14107709147416 6.445201514542998 6.610225127376435 6.395753559123193 5.935151040218365 5.461758646419478 5.890532344292106 5.890532344292106 5.858828040291677 5.723329448235779 4.648924452956581 4.524671575716622 4.587277270129037 4.587277270129037 4.323756015407707 4.545400929284918 4.66808971373518 4.650627592736019 4.814673565728763 4.864980947880764 4.422201016981783 4.567799566559524 4.628521262659829 4.603591186425662 4.781271940886541 4.822366172838753 4.876754652052916
0 0 0 0 0 0 0 0 0 0 0 0 0 0 0 0 0 0 0 0 0 0 4.109778598720603 3.971199890732036 5.345718882673856 6.041923949115422 6.70314225381617 7.261171673629976 7.718965899832394 7.983348166918616 7.82185389401043 7.137885644279478 6.938324774702586 5.292739662742211 5.028372422760125 5.696564876638723 5.696564876638723 5.638087452090795 5.835973984048284 6.129487427734744 6.610225127376435 6.610225127376435 6.418052836515838 5.935151040218366 5.485220671892793 5.292168599968976 5.533926663966879 5.533926663966879 5.504017081725886 5.087576492238073 4.748376518279746 4.600079501130953 4.796351069094116 4.796351069094116 4.380657994634629 4.698223362656712 4.698223362656712 4.713819679993711 4.879295008473789 4.394673409621877 4.353420274945367 4.353420274945367 4.472713361924478 4.953069344539889 4.953069344539889 4.852708643367562
0 0 0 0 0 0 0 0 0 0 0 0 0 0 0 0 0 0 0 0 0 0 3.866925387430781 4.082903496604538 4.082903496604538 6.170643296288321 7.268869167965817 7.438051178711248 7.848627407331331 8.344401171772789 8.288739104716841 7.554705969229668 7.531873704144859 6.646187094176225 5.19018772545211 6.014436823948073 6.014436823948073 5.632337780234915 5.142894572504423 5.872356572318545 6.411337439552688 6.426635337933203 6.563977584477087 6.087317476085181 5.67310506157838 5.632681913446755 4.807333178014067 5.371470725517963 5.359571929146975 5.329270299614727 5.101276147323317 4.599542216331448 4.796351069094116 4.796351069094115 4.632890864679953 4.250187124714285 4.429237258569879 4.429237258569879 4.402694717633442 4.33435688156821 4.598836105841207 4.472627503967741 4.472713361924478 4.472713361924477 4.471499691517782 4.484049875789836
0 0 0 0 0 0 0 0 0 0 0 0 0 0 0 0 0 0 0 0 0 0 3.866925387430781 4.215390662420765 4.222350213357948 6.17064329628832 7.268869167965818 7.775562646815413 8.123096887738052 8.616155087158941 8.659990913733452 8.127422624346298 7.56048966080811 7.013272415682187 5.914478273622961 5.705445635015358 5.987559001667632 5.906793552335486 4.893911230493751 5.128473417390161 5.947111123180018 6.156046701673557 6.491746270955431 6.34542010984932 6.256641647274074 5.310684404391258 4.543943441947844 5.334764702438446 5.35293293944182 5.468456018761859 5.468456018761859 5.121114399783081 4.674182480702119 4.632890864679953 4.632890864679952 4.235804767787429 4.373047116703217 4.373047116703217 4.409963964867861 4.409963964867861 4.321944789558718 4.618910944884376 4.038908538953615 3.980609364433553 4.457496061665856 4.2045166481725
0 0 0 0 0 0 0 0 0 0 0 0 0 0 0 0 0 0 0 0 0 0 0 4.215390662420765 4.23770384260036 4.242307495759321 7.124544309897223 7.932117821777311 8.206876330544205 8.790397270906517 9.047957154792309 8.835858623275545 7.887095214973336 7.798404743264158 7.309950944257904 5.775272710800886 5.781816129393219 6.108657039520158 5.699055842279133 5.138252061825956 5.398434357981177 5.992092558370467 6.334330517801044 6.303616766881499 6.118440506538648 5.675758298329956 5.18360494678003 4.145300728934306 5.383023581728787 5.469456675442666 5.466913640879428 5.220986397769754 4.836364648473172 4.177615987045321 4.087863070900057 4.147655756181077 4.147655756181077 3.945597778069634 3.852466616303392 4.124789258806047 4.124789258806047 4.022410060720622 3.839086589229832 4.438291300821566 4.438291300821565 4.2045166481725
0 0 0 0 0 0 0 0 0 0 0 0 0 0 0 0 0 0 0 0 0 0 0 3.717571343675379 3.859478506141067 4.132466153068142 7.124544309897224 8.018427927807238 8.248280753247268 8.85432963067702 9.352459845230507 9.217878779491636 8.487597917524186 8.180939473769282 7.309950944257905 5.199204881794581 5.604687252267714 6.112506477323659 6.099249311666537 5.33202577397631 5.384895400299028 5.83802986607724 5.641900300864613 6.163746298656106 6.216874674284177 6.186397764821799 4.993479271091283 4.145300728934306 5.057250995128722 5.360834666269033 5.360834666269034 5.346714396533664 4.836364648473172 4.422940493718341 4.017274853104891 3.952587438552607 3.746027403127214 3.852466616303392 3.852466616303392 4.048942137497255 4.048942137497255 3.82656983672373 4.192801305038538 4.658691148039865 4.453292095229214 4.753982959215441
0 0 0 0 0 0 0 0 0 0 0 0 0 0 0 0 0 0 0 0 0 0 0 3.369915059793029 4.035786393958922 4.132466153068142 4.134319221663106 7.966130900519206 8.216671469286542 8.823477173200926 9.405365425351278 9.376156912701262 8.605086207143268 7.88325515422728 6.796889683287041 6.316373412490554 4.923187509511232 5.726907267399576 6.022822698996839 5.340890472632335 5.230691244769283 5.68891538134076 5.68891538134076 5.80029419290717 6.098226687421332 6.220485824351654 5.094685623074238 5.094685623074238 4.108232730753165 4.8346286710558 4.97840324650836 4.985835744497725 4.857263981282631 4.422940493718342 4.181332985293043 3.811974899533687 3.74309378724949 3.781665611800828 3.475958101603375 3.30974304103177 3.612549885326127 3.884238261992063 4.557504528232696 4.612408703040465 4.753653404352456 4.810054156029057
0 0 0 0 0 0 0 0 0 0 0 0 0 0 0 0 0 0 0 0 0 0 0 0 3.854579854824201 4.099233754217592 4.389000087581429 7.262050538379948 8.320340098145049 8.657958138059378 9.160662755592778 9.441245162653136 8.924530140936431 7.720134709155078 7.136143304995242 6.342937259272457 5.018266088272375 6.158896214130309 6.099949033783473 5.447251918159377 5.325267068649085 5.057954712468105 4.968067254016074 5.601216240317029 5.893504305806841 6.089272830465078 5.888221458774699 5.150752350845424 4.2976681942988 4.297668194298799 4.925555039485449 4.925555039485449 4.790947977200919 4.418327399750324 4.181332985293044 3.867832947620522 3.63029678051555 3.781665611800828 3.631703689915185 3.747506164745207 3.747506164745207 3.543895046998948 4.557504528232697 4.753840005223593 4.773599566326702 4.67783508802651
0 0 0 0 0 0 0 0 0 0 0 0 0 0 0 0 0 0 0 0 0 0 0 0 3.668332582869718 4.099233754217592 4.389000087581429 4.553088233416405 8.56122553194699 8.664207956455991 8.860067877658503 9.189404052502868 8.937558972348056 8.141059666764852 7.765489956334077 6.411780034116862 5.018266088272374 5.018266088272375 6.094169112061797 5.240788113252043 4.831937850241882 5.057954712468105 5.106602260334373 5.193174408554385 5.714897494421148 5.911108250395539 5.888221458774699 5.150752350845424 4.713770443783663 4.297668194298798 3.554262701014371 4.792535983154615 4.792535983154615 4.705774108300789 4.065379517472881 3.819385936624327 3.816228801372921 3.610758334477733 3.536439040200608 3.747506164745207 3.747506164745207 4.265401108614675 4.265401108614676 3.82613054619237 4.773599566326702 4.773599566326702
0 0 0 0 0 0 0 0 0 0 0 0 0 0 0 0 0 0 0 0 0 0 0 0 0 3.846445677645276 4.215133598038467 4.553088233416406 7.50318367435106 8.786905710512098 8.540787899135578 8.814337139774736 8.722440573027949 8.173324998115953 7.854824897928586 6.070890369118632 5.360529460887314 4.550747693760642 5.506291764375098 5.325375390583958 4.782295295378738 4.687629330444975 5.234493514361142 5.435958111927846 5.588440095486495 5.821613552053156 5.817819697671406 5.718707279894216 4.713770443783664 4.229936482363744 3.613931147036223 4.114961447545765 4.383113337114636 4.383113337114636 4.364522659284889 3.878268812345921 3.878268812345921 3.857798569257086 3.536439040200608 3.532360974351633 3.77465757465964 4.415573296763893 4.265401108614676 4.192427981220499 4.192427981220499 4.341343336689913
0 0 0 0 0 0 0 0 0 0 0 0 0 0 0 0 0 0 0 0 0 0 0 0 0 0 3.76904561062567 4.329288859563341 4.465916487623808 7.687971779665233 8.30311600320973 8.313690199800323 8.544684925811834 8.327232150998114 7.854824897928587 7.64400008884836 5.717969592819419 4.750476726459068 4.550747693760643 5.202674097837223 5.153066731724477 4.581858863703864 4.882386698707857 4.81850229368235 5.448715975395909 5.77447929078076 5.823662703656357 5.778553206066142 5.209453801043306 3.653417068349851 3.613931147036223 2.842457647718494 3.812110984844737 3.935544574354918 4.009641706570679 4.385085912287345 4.065267143950957 4.311248979923926 4.311248979923927 4.233073241116691 3.860014927097903 4.415573296763892 4.211841376210706 4.192427981220499 4.192427981220499 0
0 0 0 0 0 0 0 0 0 0 0 0 0 0 0 0 0 0 0 0 0 0 0 0 0 0 0 0 4.043905303846654 6.359973698477556 8.151665651636328 8.033374024989181 8.371159599063427 8.539184280144367 8.25015402211722 7.6568105946285 6.591827490071029 4.750476726459069 4.047014402040866 4.995014244653558 5.158194061889332 5.148092334839425 4.501280537907411 4.620930380276224 4.958118665866549 5.579581007838808 5.640521561842498 5.686885005225384 5.260765501698271 4.698030478129569 3.135900422980118 2.896529460511567 0 3.935544574354918 4.112226952097206 4.178265248166252 4.61873287971217 5.020349126714123 4.506884285877043 4.436686811122236 4.313202282745663 3.491717516251109 4.112123549284129 4.112123549284129 3.002033584696758 0
0 0 0 0 0 0 0 0 0 0 0 0 0 0 0 0 0 0 0 0 0 0 0 0 0 0 0 0 0 3.134129971064063 6.423377532961602 7.991286337085778 8.341448405042234 8.642184249644757 8.458985726260964 8.15938020239329 6.895836779345283 4.828171619241518 3.741988594529273 3.512162539940332 5.059098770055827 4.830293147546064 4.717476775452267 4.012315633506511 4.486883656250775 5.524531144386854 5.752214732323879 5.680481771923733 5.328094083051399 4.952078529431806 4.047671648936229 2.896529460511566 0 0 4.112226952097205 4.265908896854434 4.391476997791385 4.948070719847325 4.776987351426635 4.594750240505785 4.339970078864685 3.912251950225754 4.112123549284129 4.112123549284128 3.002033584696758 0
0 0 0 0 0 0 0 0 0 0 0 0 0 0 0 0 0 0 0 0 0 0 0 0 0 0 0 0 0 0 3.456738486717089 8.112147070770233 8.384504872076139 8.459157925538335 8.323639860279227 7.896125591612606 7.572031468730806 6.320197687085632 4.212678896517711 3.532742502930115 4.457870345088791 4.791554104007595 4.717476775452267 4.04453802208315 4.180007140813989 5.524531144386854 5.621722312283739 5.678477010988002 5.64917418039856 5.219630592721918 4.521646918503682 2.798960214111568 0 0 0 4.265908896854434 4.377492546729139 4.648849988180766 5.100463452694973 4.895855696414636 4.339970078864685 3.912251950225754 3.835508104159907 0 0 0
0 0 0 0 0 0 0 0 0 0 0 0 0 0 0 0 0 0 0 0 0 0 0 0 0 0 0 0 0 0 0 5.533407056568594 8.258786352450651 8.247734864629356 8.081465003086411 7.702366394487829 7.572031468730806 7.254981552663164 6.330187846028577 3.532742502930115 3.382668645836019 4.263632271779597 4.313242826076547 4.253479432046809 4.372076121515894 4.505468471841894 5.175611588807402 5.684007074683767 5.696365490208557 5.478753153854362 5.171345826769555 4.819710039250669 0 0 0 0 3.986077989056971 3.98607798905697 4.274080080358086 4.455606701081882 4.455606701081882 4.020543013814417 4.273437253920112 4.273437253920112 0 0
0 0 0 0 0 0 0 0 0 0 0 0 0 0 0 0 0 0 0 0 0 0 0 0 0 0 0 0 0 0 0 0 6.127319296965047 7.878660307507813 7.918599217438719 7.641423973286099 7.48421553301475 7.327753426953223 6.796655143492478 5.505316609789389 2.836322964014196 4.240206604998535 4.399527473172361 4.401419194794006 4.469359045432738 4.462672381894847 4.766874349366546 5.810830507577089 5.937498318920451 5.929259257735328 5.521032294665031 4.819271010018242 4.263998499230624 0 0 0 0 0 0 3.883371249566523 4.199306219028077 4.703581319296438 4.652679446244166 4.761755093017305 4.761755093017305 3.678429140242842
0 0 0 0 0 0 0 0 0 0 0 0 0 0 0 0 0 0 0 0 0 0 0 0 0 0 0 0 0 0 0 0 0 6.662735775326341 7.711714133396528 7.677605932045997 7.405936335983562 7.286327819273845 6.796655143492477 5.781976716019018 5.312201547833705 4.209276456879348 4.464637632847353 4.284989067135222 4.461009766169933 4.641630385518295 4.714638479778163 4.954536710866727 5.98184904250053 5.990518159137134 5.758735997184182 5.243182166654942 4.263998499230624 0 0 0 0 0 0 0 0 4.714734193804545 4.714734193804545 4.645028668412717 4.761755093017305 3.678429140242842
0 0 0 0 0 0 0 0 0 0 0 0 0 0 0 0 0 0 0 0 0 0 0 0 0 0 0 0 0 0 0 0 0 0 6.531247294261776 7.376820005107624 7.376820005107624 7.239207581605159 6.789660518636028 6.282094758425236 6.254671669585282 5.047727337796077 4.146378505299587 4.229503155138802 4.1554940581965 4.649252985584139 4.662889118634416 5.082976870025177 5.980248773763286 5.99722606772861 6.019142941326789 5.739176203274268 4.929918398518428 4.5466699811615 0 0 0 0 0 0 0 0 4.645028668412717 4.645028668412717 4.120509182197911 3.849366451771072
