benchmarks/avaHitNullTest/relHit_null_dfa_829589904a_pfv.asc
ncols 525
nrows 445
xllcenter 272771.42
yllcenter 357502.70
cellsize 5.00
noDataValue nan
[rows 58 to 86 of 445, columns 66 to 131 of 525]
0 0 0 0 0 0 0 0 0 0 0 0 0 0 0 0 0 0 0 0 0 0 0 0 0 0 0 0 0 0 0 0 0 0 0 0 0 0 0 0 0 0 0 0 0 0 0 0 0 0 0 0 0 0 0 0 0 0.5883709875296554 4.893380927658307 4.893380927658307 6.142548606915438 7.541823374703299 8.769418656915526 9.067421906291546 9.216248729181402 9.207219798690002
0 0 0 0 0 0 0 0 0 0 0 0 0 0 0 0 0 0 0 0 0 0 0 0 0 0 0 0 0 0 0 0 0 0 0 0 0 0 0 0 0 0 0 0 0 0 0 0 0 0 0 0 0 0 2.270258989491472 2.270258989491472 5.167273839515416 5.818244828760825 7.130612081794609 7.669644552546797 8.822337247825809 8.982256102724778 9.64880461844985 9.971503284695274 9.968515559191998 10.11628956274043
0 0 0 0 0 0 0 0 0 0 0 0 0 0 0 0 0 0 0 0 0 0 0 0 0 0 0 0 0 0 0 0 0 0 0 0 0 0 0 0 0 0 0 0 0 0 0 0 0 0 0 0 1.196824244667094 4.932020502400146 6.77496278965917 6.77496278965917 8.078723255978655 8.078723255978655 8.995105234666131 9.034592488897548 9.462694430619317 9.794262123035068 9.750169289367278 10.26622546160958 10.52060256170119 10.72351797671609
0 0 0 0 0 0 0 0 0 0 0 0 0 0 0 0 0 0 0 0 0 0 0 0 0 0 0 0 0 0 0 0 0 0 0 0 0 0 0 0 0 0 0 0 0 0 0 0 0 2.290014565421262 4.19743512736412 6.176332960291489 6.176332960291488 7.404046510857567 7.78637129306623 8.650910439318272 9.086504808454096 8.976847550918979 9.554242880242573 9.662449097307903 10.11890878783356 9.971890984330244 10.57695058791574 11.01492461253697 11.38255021354196 11.6248970613331
0 0 0 0 0 0 0 0 0 0 0 0 0 0 0 0 0 0 0 0 0 0 0 0 0 0 0 0 0 0 0 0 0 0 0 0 0 0 0 0 0 0 0 0 0 0 0 0 4.20119419910387 4.623218407922236 6.60767121119705 7.53123394729248 7.95910041635788 8.279598126987759 8.460954071632338 9.210467405024918 9.756127880411018 9.690735792127246 9.974406083988718 10.30282337470979 10.71773260930146 11.0544702222134 11.33942218009524 11.83142310831022 12.15668036447407 12.43807514077398
0 0 0 0 0 0 0 0 0 0 0 0 0 0 0 0 0 0 0 0 0 0 0 0 0 0 0 0 0 0 0 0 0 0 0 0 0 0 0 0 0 0 0 0 0 2.752425845784843 3.463924042800745 5.50619427087599 6.290299944927956 7.513095549286497 7.94616761849651 7.989780240091796 8.272719271260476 8.522935763643146 9.055294505945653 9.623006664511578 9.969822388054226 10.45967549231217 10.86056220621435 11.25290034642778 11.54717284731981 11.91646648834265 12.12125616170348 12.37795327203457 12.78665240127479 13.13525173325577
0 0 0 0 0 0 0 0 0 0 0 0 0 0 0 0 0 0 0 0 0 0 0 0 0 0 0 0 0 0 0 0 0 0 0 0 0 0 0 0 0 0 0 2.555244980441638 4.53201842026467 5.540008489009289 7.037583467387472 7.656355788055522 8.331947897045307 8.754784222729391 8.797576453549263 9.143692840343627 9.036400661188363 9.287047737853548 9.984636595463611 10.40428177906346 10.81746284436073 11.28618070256709 11.68754582520166 11.96773292575382 12.19853521033324 12.44315025286752 12.80396274360693 13.12588611592479 13.45066887291998 13.77310858540993
0 0 0 0 0 0 0 0 0 0 0 0 0 0 0 0 0 0 0 0 0 0 0 0 0 0 0 0 0 0 0 0 0 0 0 0 0 0 0 2.877524352228531 3.187755794700704 5.1251159508438 5.83636886780841 6.25445164573052 7.217573019604449 8.026514312230523 8.481661257633503 8.952515845689524 9.387578788839159 9.509071213852492 9.597110052954395 9.456588261744066 9.803870165691498 10.31294236964214 10.68577888454187 11.14203306206591 11.45613512092956 11.7508958297198 12.14707159748031 12.51036020819095 12.77328255158969 13.08277751279635 13.4414105118033 13.80817571314466 14.13765078681242 14.35394693752125
0 0 0 0 0 0 0 0 0 0 0 0 0 0 0 0 0 0 0 0 0 0 0 0 0 0 0 0 0 0 0 0 0 0 0 0 0 0 5.610164930538038 6.378684368250411 7.232791113658448 7.232791113658448 7.815011998450299 7.863047554083844 8.817431206510948 9.295828433702543 9.660665098713736 9.982338072454715 9.727714931437399 10.23120303060091 9.94519831823977 10.38841271661865 10.77922660867156 10.99282619749252 11.30972636355076 11.59851969915113 11.90714656056379 12.13303634081996 12.43284252836412 12.83010369162398 13.2582584926969 13.71767200356245 14.20527910854202 14.56612442152188 14.83219761162391 14.94854144758111
0 0 0 0 0 0 0 0 0 0 0 0 0 0 0 0 0 0 0 0 0 0 0 0 0 0 0 0 0 0 0 0 0 0 0 4.72017807280906 4.911263720892928 6.463257560576445 6.382758436566444 8.056671377331007 8.715679037833684 9.061622576141263 9.061622576141263 8.26407696833656 8.978831528065331 10.06805959150113 9.771391001179444 10.17705654321671 10.44174470388033 10.68035382033244 10.87404378514907 11.15200053880073 11.47444220109107 11.63530990294718 11.78594425073907 11.791566612444 11.98198907391869 12.29380360463356 12.65840519366139 13.15131361349597 13.71137364701202 14.37346666454834 14.95706379175613 15.32020716797666 15.45658390558701 15.50976692353892
0 0 0 0 0 0 0 0 0 0 0 0 0 0 0 0 0 0 0 0 0 0 0 0 0 0 0 0 0 0 0 0 1.925527048639796 2.442498569394295 5.752323655011643 6.788605697386186 8.278354325113538 8.470988432579317 9.057665867966499 8.696162325505396 9.346534455670431 9.573470205467506 9.811757965258456 9.811757965258456 9.918573297908694 10.34558452140339 10.68367757057661 10.96466064384015 11.20932956940642 11.51878371010678 11.65729971102641 11.74589147370399 11.92571175175349 11.97541405967876 12.00936664256311 12.01967787829716 12.10130469691103 12.43236853258918 12.87477386375157 13.46840456704514 14.15632252073532 14.83168050773316 15.44118416258507 15.81757588494214 16.03851069190213 16.0865652707442
0 0 0 0 0 0 0 0 0 0 0 0 0 0 0 0 0 0 0 0 0 0 0 0 0 0 0 0 0 0 1.432219436879114 4.382181519596503 6.236452531275834 7.754536547631301 8.222906018245197 9.157009284148101 9.373642261242193 10.11115098720733 10.21573613669722 10.47235227137807 9.937632441766599 10.22884798658537 10.51302054515619 10.73271434226682 11.12183422239791 11.30020947118719 11.62999569916868 11.8670809330638 11.88546517949014 12.12086098345719 12.21232747841124 12.20333086604961 12.15795107265184 12.05938498067491 12.05218566971666 12.06628095298857 12.19468961590613 12.5593050576125 13.1542365860245 13.79065772591362 14.55300455024038 15.26199813277504 15.82566140531394 16.25642411743802 16.53587809349783 16.7100104944434
0 0 0 0 0 0 0 0 0 0 0 0 0 0 0 0 0 0 0 0 0 0 0 0 0 0 0 0 0 4.002368198782881 5.70067429535293 7.466441683581539 8.638935399494377 9.536378730146376 10.14133044971113 10.34064630612696 10.8943712667313 10.63888109651781 10.82728535768362 10.85719954355008 11.28653812987255 11.38779726973175 11.63036863309189 11.79707985528872 12.06052666655956 12.29819802207377 12.36444786472536 12.42741315631208 12.43574106776737 12.4762274140043 12.61202298586065 12.57694968404837 12.35110617364703 12.14438053796643 12.07197885617724 12.09021910793953 12.32175893171611 12.82343500004788 13.42899182494453 14.19967430397326 14.99712306175429 15.71321391864782 16.25941221723378 16.65363963262079 16.92899748337877 17.12507297083155
0 0 0 0 0 0 0 0 0 0 0 0 0 0 0 0 0 0 0 0 0 0 0 0 0 2.382197192224718 2.792164979538704 5.036908271761805 6.182084962824428 7.592107420570959 8.032012894512432 9.497516995312218 10.22681923219322 10.607641316642 10.37709162237149 10.7319441299198 11.25526404035356 11.69310905664397 11.60832373106335 11.80103927329443 12.08901011173418 12.36975037333029 12.53947114826452 12.58515059526034 12.76805010551459 12.97148887898058 12.98421272779842 12.92051988470052 12.8317217517183 12.83688071596994 12.83570817433292 12.77646091110081 12.60267207339095 12.37466236943271 12.32295523989447 12.37449359477355 12.67156733727758 13.13258507953657 13.75372335403545 14.57302024598574 15.49243938468696 16.14996533811986 16.61320501446591 16.95554601034227 17.17206359518234 17.33700868507662
0 0 0 0 0 0 0 0 0 0 0 0 0 0 0 0 0 0 0 0 0 0 0 2.70111531179265 5.879419966424912 6.218383655020999 7.643747143467139 7.931525652211253 9.239107460354813 9.302364600637311 10.42621484199869 10.61987004957609 11.57869119688648 11.06742450374049 11.07190624602531 11.37605493316499 11.80408742505979 12.25273906340477 12.54420964420435 12.69423269801787 12.92659806767525 13.13127761288344 13.26916671509849 13.30526073719943 13.33825557847906 13.46364094566058 13.50508869668499 13.40386654477796 13.34520177910651 13.27171377018 13.25028721229808 13.08845396909379 12.87653770144022 12.6866580013784 12.66897426491963 12.76058711672737 13.10177879574571 13.58262446210419 14.25555943210621 15.03420327139855 15.88096762072525 16.49772782901842 16.8263820780635 17.07108063387625 17.24366486989264 17.371330282
0 0 0 0 0 0 0 0 0 0 0 0 0 0 0 0 0 0 0 0 2.10928411761638 2.115491561830825 4.09095966396907 5.720614749539679 7.508603873754263 8.897254775063484 9.568848215839234 9.532468696168358 10.46452620152472 10.63929710939531 11.0838452521995 11.76812242893416 11.79938571795935 12.27594515992397 11.96912201544099 12.32464318419763 12.68119809928887 12.98711780216829 13.25348772362871 13.39339683087845 13.55702111106556 13.69312085523358 13.75123912092317 13.79933314121477 13.82237049262106 13.80685995665168 13.87691229707188 13.96090900261117 13.95710276464924 13.84662706952844 13.82801945554773 13.63234452979146 13.36145858521341 13.13225257727483 13.08078901900265 13.25404334512018 13.63184306107604 14.18718903282464 14.76341259105306 15.46719105550959 16.13675927846019 16.60340609494212 16.88583235966779 17.01049812047266 17.10693623708389 17.29373192669729
0 0 0 0 0 0 0 0 0 0 0 0 0 0 0 0 0 0 0.363859377306994 4.889144461557675 6.375921178716249 7.062796625012716 7.602119250207669 8.111572217529497 9.429186634471444 9.648390980142731 10.53151978361116 11.11356060412526 11.05950285688431 11.32645904955912 11.59163784753548 11.90202148607537 12.31982388352508 12.63574361505616 12.88607391373411 13.17489550729649 13.41372575700919 13.63250803443161 13.67671213591171 13.76040980740144 13.94121226124922 14.09480228777683 14.1581331001807 14.1620678240062 14.26423967872997 14.31022801291191 14.44028243750807 14.57079902927644 14.64205255269579 14.54533655498537 14.43631720312302 14.23099439151836 13.95061430831442 13.73432729464765 13.76001902747318 13.97258724146948 14.35836281118463 14.82418679963151 15.31779004390912 15.76061829831313 16.18306758968593 16.50816898334736 16.75215509333616 16.82536162400255 16.89954310744151 17.18971872746319
0 0 0 0 0 0 0 0 0 0 0 0 0 0 0 0 1.439086353075424 4.909459914430927 6.288765989953842 6.91449247231238 8.186501710224045 8.833200163344621 8.833200163344621 9.716762031723876 10.11883809953371 11.28464790347474 11.39484376665106 11.29929670903391 11.53046848093659 11.85860686332538 12.41090544118363 12.86962721817067 13.2338720206808 13.48081685814087 13.67565506964095 13.84351518285694 13.98031322039486 13.87956379136716 13.87286306365727 13.90535853345444 14.1131183522751 14.38987071437791 14.52825808635326 14.72469109274863 14.82580432684864 14.95813382723945 15.1105778654506 15.21892136312149 15.29390097476062 15.29152705696687 15.10116944911564 14.87686608293329 14.64983816000152 14.53008927345034 14.62105012627595 14.81210126606318 15.10133875609574 15.43586404798016 15.72807289717421 15.94827796949907 16.11136459735197 16.27652073264825 16.44491258145709 16.5843799640901 16.74995494411919 17.10617636821068
0 0 0 0 0 0 0 0 0 0 0 0 0 0 0 4.168969772311053 4.926826246727013 6.500480068479643 7.489345262972845 8.086014715800445 8.635483021954439 9.313244804790246 9.564999832307759 9.936178596453002 10.56972346794253 11.23600026698971 11.80710579514236 12.15026241670365 12.41426801795099 12.82398624109712 13.25896743627252 13.61928498566041 13.99451187193362 14.24668147728056 14.2458072937156 14.27988022339101 14.24396481284969 14.09400415082952 14.07202104786525 14.21980220593894 14.51130067492689 14.81269308644465 15.11107731507251 15.37818755270935 15.56736941468492 15.6977164175441 15.77078900656755 15.86166342093386 15.89382591934813 15.89628010764868 15.76701557936044 15.57622475952132 15.37142168302193 15.28494042676284 15.33048882898203 15.50702873430913 15.69326630120381 15.85646584720104 16.00600769414095 16.06507733942441 16.06105724088374 16.12768221122925 16.23641891383241 16.35293802597712 16.65313447387714 17.08079634196008
0 0 0 0 0 0 0 0 0 0 0 0 0 2.879730001764425 5.229832318136611 6.123074422059808 7.531689756766206 7.91326455143348 8.258995527584567 7.986226079235361 8.537815301345411 9.086565022046805 9.845491219755504 10.65145776571321 11.31791070338713 11.98351504959902 12.45281114136302 12.86404628442359 13.19173168694416 13.62516885871577 13.97977525183782 14.25266963628927 14.50307346269499 14.69507873520344 14.62565494713109 14.50435803102236 14.44036914827043 14.42799123691541 14.60920209700098 14.86676057940083 15.21691107434985 15.57743141159006 15.86074014688439 16.09927126363644 16.3020281267936 16.3940124636805 16.44384352176454 16.43539222705386 16.4478184721695 16.4026260067084 16.3336212482855 16.17444678765945 15.99681708032191 15.92559208706317 15.90284273673714 16.00056247902225 16.08049349124765 16.14256510033718 16.1714044628683 16.19346526669419 16.21238428331958 16.22864318677139 16.28286443785951 16.31976462426756 16.48943711877376 16.94501237233199
0 0 0 0 0 0 0 0 0 0 0 0 2.708014622731472 5.049547094889707 7.080669704502955 8.102981668401082 8.654632920977821 9.17844308760267 8.690081018676855 9.110123566946603 9.650998889500501 9.971517040622464 10.60517965835006 11.26996238868617 12.05407845570989 12.72720486083202 13.16896440453885 13.5535822385616 13.88763856344831 14.2500364787732 14.53104564378649 14.67103686687194 14.81434276652653 14.90734685234903 14.91166069507657 14.78628282039718 14.83064659219337 15.03392411160518 15.37446708394975 15.72568765585951 16.05587962536433 16.36201767613477 16.63805123073814 16.78902488697634 16.91593728777387 16.96939748406958 16.97343432735082 16.9451487655754 16.92537340304923 16.90623273084357 16.82009347872069 16.69481346963608 16.57515256263506 16.45362539980396 16.3892948184291 16.35580172455392 16.36508136456361 16.39322578645946 16.40039147661669 16.44471947121788 16.50978829727222 16.53922327803406 16.45127452103758 16.36269112657326 16.44216866300387 16.69402771150089
0 0 0 0 0 0 0 0 0 0 1.645575596845413 4.434040858319802 6.16496025329161 7.390928836764063 8.245137706495042 8.641497622692066 9.51360706603481 9.660100713176544 9.714123338591918 10.19905713196527 10.55996271413082 10.78429103709705 11.31196653526901 11.91529876357119 12.51553654742951 13.16109262739907 13.65512587901059 14.01502687926949 14.38510863301633 14.69118209431998 14.87368847344648 14.95984586618956 15.03033697947262 15.11401324403458 15.18592323723207 15.23922406713103 15.49078295057796 15.85774603002595 16.26507136722637 16.6363324367371 16.8877912991482 17.10009175672625 17.24657301459905 17.3194429065197 17.37159865914573 17.37668308230566 17.40440502338506 17.40704596598857 17.37146652522394 17.34103895472458 17.24424661435712 17.14903426059213 17.02308958891762 16.87069975330929 16.77878117930667 16.68474923711112 16.70639007769597 16.72182581527171 16.74951855834239 16.7849283941481 16.82461523014905 16.80704291102772 16.67277131696899 16.45088551698224 16.40710756946816 16.53103210179623
0 0 0 0 0 0 0 0 0 0 4.029543375107826 6.751690232965535 7.59368194663137 8.722821325220794 9.759641291567577 9.329007319035638 9.609067383687519 10.47007476274994 10.82370324160057 11.23952883815676 11.58670963956072 11.67795194521533 11.94178344716008 12.36022860799969 12.89332888084168 13.32207623936749 13.82010855382886 14.24998670209758 14.61149813441374 14.88167008888002 15.07361126628163 15.16030436091189 15.25672143537279 15.37624720303433 15.56498241355919 15.79865183991649 16.25641574916171 16.73120659201133 17.12794520787979 17.39561752919773 17.58016724343768 17.6870576350994 17.73195920570636 17.70429138711412 17.71670195333266 17.77154588027319 17.86038621897449 17.87762330344523 17.80293129867745 17.73408077677635 17.64305004521407 17.54751515034436 17.47966427870101 17.3366128511948 17.25008786504801 17.1807521681646 17.13503694825291 17.12390816181495 17.09108302201965 17.09033743096024 17.05667634789765 16.97358781631461 16.84282094694906 16.66074736471331 16.46388201768891 16.41893687328578
0 0 0 0 0 0 0 4.065516020906147 5.595119131529979 6.534670633393669 7.090721957498287 8.33478597312773 9.31060488615036 10.22101331030206 10.76888514042882 10.44956847429313 10.77404320096346 11.27446361167891 11.79344314871429 12.14261368134952 12.48857369546403 12.68236651074623 12.54340728619129 12.72560583103772 13.15213722133855 13.55706130202695 13.90700263337409 14.24246084262636 14.60679527902398 14.92665639346179 15.19861737543732 15.40124385230773 15.54305117576802 15.75713476665015 16.11635588144905 16.52118128219117 17.03173809420289 17.45364506196293 17.79241167864304 18.00436366724982 18.12345280998992 18.17157577796255 18.17097793671625 18.15228181725587 18.17249414714494 18.24735904286646 18.3647590698545 18.37106965668866 18.2346233462131 18.09640420547235 18.07418152725946 18.02418932303622 18.05154707187823 17.99785575009845 17.8932707200721 17.81057308293629 17.65697716187623 17.49893574242257 17.38461599900061 17.29187728148849 17.23152752209642 17.11977901100922 17.00000843775465 16.83596517818215 16.65447500356447 16.45959245023389
0 0 0 0 0 2.484768771580183 5.301333649640446 7.16625181544001 8.262004001138038 8.933412300629188 9.343940818441913 9.690108268499083 9.932761672646707 10.46805028034394 10.96513813395359 11.61698396643207 11.71261666170629 12.19095803904542 12.63039939267049 13.00601799060598 13.32779263776212 13.44420198487471 13.18194927428145 13.06263774082084 13.2924129479785 13.65811591226024 13.92906535128776 14.21929604471074 14.64364799859338 15.00514015822104 15.41374731807284 15.76598344792295 16.06862533485017 16.41979607130036 16.79921629391309 17.20119769145819 17.57609334367413 17.93766625134175 18.23589306544437 18.48316293586571 18.632131606641 18.68851998966701 18.71828637952317 18.75660442201513 18.79885609710761 18.84819556125937 18.85737872250049 18.82734246393587 18.69974932348568 18.60711589387219 18.64186397123736 18.68363950034238 18.76137361780742 18.75196646519764 18.6311866103722 18.46407154072898 18.19151529556987 17.86384476127312 17.61832084904032 17.43745013914916 17.32290230434576 17.23489946796858 17.10033832802149 16.89249064047549 16.73229784298727 16.53214831935249
0 0 0 2.535499104649587 4.141059451354669 7.232508295666342 7.853562360329007 8.705796879066225 9.571087200090409 10.29676892583542 10.506280511555 10.80810279499721 10.40422043084068 10.71116923400866 11.37055504116216 12.01708533234579 12.59219275691733 13.0088048241716 13.38032175793285 13.62328173100986 13.83738951015236 13.87091840841512 13.62759479492619 13.29069538178273 13.31331834880196 13.56133167288087 13.93660890728779 14.32184285214688 14.75093983587644 15.30787433803149 15.83756020447267 16.32797596947958 16.76581144308011 17.12195257723131 17.46067360252967 17.70067883645607 17.91404291420799 18.23400882469961 18.57328104030944 18.86469028164575 19.11269211599386 19.27881608077818 19.37823305376624 19.46484992524075 19.49414740497058 19.47418218037062 19.41546657286855 19.35218201355703 19.34537052389706 19.33409871286073 19.38671520788949 19.43850122123615 19.47463668758125 19.4649563733754 19.33375423226506 19.09012622388007 18.72019291568165 18.22533085124519 17.82427135175899 17.5714178623933 17.36731696102951 17.23454008525566 17.08087875058415 16.9068453576778 16.69715692340024 16.477880168014
2.802586151297278 1.933119752404759 4.512459138488413 6.067266174174156 7.771788828725411 8.390058563791811 9.651651382571137 10.2566428888423 10.64798268331772 10.90043268030601 11.54402331038774 11.76938734457114 11.87425715450904 11.91365108120188 12.41370806440697 12.81072076806222 13.2309860730939 13.55031565841107 13.81151722105323 14.03737452237907 14.09553382630585 14.12552318615118 14.06379447560178 13.77927035607464 13.56785385896701 13.62174338646665 14.04412435976084 14.49562506651657 14.97692371744951 15.60943942462236 16.26255328877208 16.82162314381719 17.31162771469318 17.6490631636437 17.8618769642972 18.01429652839679 18.21613665974196 18.51154592868838 18.88851000256367 19.25271410977544 19.58451888671838 19.86839953247678 20.06903819624544 20.13277079245138 20.11999736416645 20.06164131679943 20.03930287978431 20.04656422339498 20.08980411489318 20.08749228598741 20.06488637611961 20.07103666962059 20.10770905805433 20.05574916331556 19.93750124365919 19.67037133488228 19.2207745356099 18.59928814771184 18.03904636481946 17.62263653491804 17.3380642440729 17.12951361435383 16.93801104100959 16.76854003837965 16.60582551780423 16.33180245496122
7.652780164261927 8.776487667929532 8.776487667929532 8.884675316523401 9.652594389819196 10.18474919896883 10.46620164201461 11.04043678338585 11.2642497662363 11.6032610569151 11.89971828759347 12.07214851090601 12.63174122588927 12.99352058576672 13.2341846531748 13.40649070708485 13.51884451913087 13.74997183500352 13.93690369645374 14.14759807260907 14.3334654870047 14.49128510160936 14.56852719047864 14.5181065401703 14.24501931974345 14.16360872196015 14.44419756118059 14.84229095293443 15.31770435070568 15.86037613083809 16.47924418527247 17.04307646776534 17.49568834542608 17.86589437571935 18.12170081676892 18.29450566902435 18.52865652116687 18.84676328899084 19.21141153190149 19.60795007158866 20.00683280617683 20.35781142593822 20.59467113087494 20.67358761510768 20.64416367624633 20.64300830051928 20.70106239997877 20.77670303623654 20.74934397763882 20.68208044983744 20.59574485855396 20.58099012356909 20.61445368795766 20.59764853695339 20.46192633068452 20.17727740490744 19.64756979977341 18.95370694862097 18.22225232182991 17.6339633256484 17.27827353005356 16.97490221971439 16.76868782948837 16.568170921112 16.45700918606244 16.19760409868526
9.806754670198117 10.56452352010599 10.69645141086267 10.86005206217024 11.05319956192577 11.06192028146804 11.3206703462875 11.51372583653631 11.64208055777866 12.18519396101144 12.52340155498472 12.93475799182921 13.50011771171074 13.85979994342952 13.95329806030663 13.92543887547123 13.80772014289465 13.70862150507386 13.90989640110759 14.22503723264638 14.60309394781055 14.9671950632527 15.24724200771134 15.34097555866459 15.24111318107713 15.08688484995034 15.06862373724092 15.26672637934751 15.62110461100045 16.06735386371077 16.51461942617929 16.98556225020107 17.47306404447512 17.93333422474823 18.33341603823244 18.60353850019489 18.84110700891496 19.110860833738 19.46474842622102 19.86742829853242 20.32208115974843 20.71386503129018 20.96414541326047 21.07394505017379 21.13497191589092 21.21741885354092 21.36196853855 21.45274685915092 21.39940477448263 21.24327977189521 21.11555216788681 21.06027722144036 21.06313910671635 21.06005521577031 20.88634862091769 20.57293169381006 20.00404281533518 19.25090381414848 18.42322327353116 17.71447905663393 17.21020629434135 16.89839407006749 16.60326652483479 16.43276476861648 16.26922576204566 16.12193279502423
