benchmarks/avaHitNullTest/relHit_null_dfa_829589904a_pft.asc
ncols 525
nrows 445
xllcenter 272771.42
yllcenter 357502.70
cellsize 5.00
noDataValue nan
[rows 261 to 289 of 445, columns 325 to 389 of 525]
1.494997015553893 1.49697623729351 1.565647374897752 1.54833242879365 1.602400669754188 1.634638379242104 2.610552276255067 3.734438721636726 4.91087397819321 5.952763769616068 6.665066004684 7.155759023917979 7.570537298340956 7.981204856033155 8.022063511686831 7.987434015713005 8.883662236395391 8.924829144137327 8.53127414646727 7.953468604061946 7.405540797730714 7.005711115634167 6.680931119341053 6.274690824455972 5.653111860855584 5.379898397666309 4.810778402874763 4.228712885226694 3.611764758421233 3.04455354049048 2.776783601738544 2.304866984278095 1.781582972528912 1.517663029654259 1.1090042335323 0.6409183732052248 0.0596383039783676 0 0 0 0 0 0 0 0.07071721636008292 0.2822667883392909 0.6425784955226261 0.7841815162361704 0.9340040342488282 1.040694470917311 1.112034079723984 1.183469011439554 1.234645389485283 1.273336815349877 1.328670043404244 1.368935019399708 1.350929789527555 1.321416681293314 1.292727042218233 1.327793358009714 1.393945860344221 1.407606460710486 1.32727661381725 1.221387903104589 1.157808039736532
1.57330145552455 1.575561660247349 1.526083584312265 1.519985354726396 1.530812110957109 1.601440405364956 1.906563377610507 3.04587892567122 4.168042027251487 5.20456049102403 6.032262778741835 6.823294374967269 7.506215428947866 7.996777235896264 8.285998132918635 9.09470874741934 9.470034308078541 9.381617763076102 9.071334833853356 8.620028373052946 8.111685701669689 7.70195825290015 7.288326899084164 6.950103175271834 6.991176177157787 6.344274301025942 5.735679192771559 5.157606487763732 4.465320868917455 4.398044874094031 3.88007417049735 3.24706020894519 2.639293176294543 2.048388116773933 1.492350325102346 0.9298652820178734 0.3940812906993719 0.03417739221906015 0 0 0 0 0 0 0 0.08112656041141211 0.4192472800830767 0.6370847103309117 0.7657744262167369 0.919494150245437 0.9693716476461182 1.05076690593603 1.117642658000295 1.167371727020016 1.176619455342592 1.195544452949674 1.207102998388426 1.191496580648069 1.20020870067386 1.233931634357352 1.320693005856555 1.385644275744113 1.354432754172771 1.238841331461943 1.056848938761102
1.789525499426843 1.728231036246008 1.657122111994099 1.620445039897116 1.571059525946001 1.551766926021545 1.557700710003122 2.605874264340287 3.643480961141162 4.642037120003343 5.542438788368331 6.476557768022545 7.305832547992489 7.696782271904044 8.176410804599442 9.309693984969988 9.587202372424898 9.573224270628462 9.462939766933255 9.149701239566637 8.725134820618722 8.281225663658699 8.160428350849095 8.191303720200194 7.841249201589924 7.011232516372808 6.368580791094204 5.870386241080028 5.499139491032951 5.60184834792402 4.787363019354454 4.163095917715544 3.391461697760768 2.582589502478097 1.875377945112907 1.241805983045981 0.7320356264972673 0.4564221806735029 0.1231203947073021 0 0 0 0 0 0 0.02119010742408218 0.225908658468655 0.5134136128419622 0.637473179853607 0.7734079337018217 0.8651770996408261 0.936064545432259 0.9905583179485489 1.017651711375791 1.04349235596544 1.055366840187897 1.054964437288747 1.085177811545881 1.115031202179287 1.165671059355602 1.236227536894114 1.334200940913361 1.326723956246946 1.207093430752728 1.04313877020229
2.200205668228352 2.070443883234954 1.937580861246573 1.857489794337247 1.749964711422244 1.631877635134267 1.595405808925499 2.284843400322772 3.310775955175756 4.258576475963705 5.175883984848684 6.180613920083904 7.004874545464404 7.294691413088431 8.249442142970608 8.965045555674667 9.35881526875256 9.582650363196562 9.671948788413951 9.517018566685184 9.127532797793394 9.09651196499351 9.102484306938308 9.144665831865177 8.286337340228933 7.462468543948216 6.853926840346451 6.45630400676245 6.724695145378142 6.465589531077516 5.537298011786234 4.810921020738927 3.866161910755067 2.995470323476594 2.231186185304455 1.624295102810247 1.070730418919169 0.6357226860516512 0.4994412130697555 0.187679633339327 0 0 0 0 0 0 0.03624429241341688 0.3502898768309369 0.5030949814071898 0.6412607564356465 0.7537674647015148 0.7921227547816879 0.8809784097419652 0.9141212891794814 0.9375048435465045 0.9228754381947852 0.961932702706033 0.9918781859999651 1.031276621513167 1.067389658927665 1.133102267471215 1.192705420459093 1.188817885165617 1.10116978776555 0.9809412263839051
2.363158943824256 2.249881121148688 2.141662512728366 1.988786710322591 1.862077314611305 1.75657236428021 1.643301596852778 2.212023917174065 3.25168570625668 4.093908213845267 4.986176523264612 5.865571208758232 6.588908499149844 6.91784305913164 7.767808499418017 8.487104853613181 8.840851352952546 9.116736526708049 9.297016614496386 9.323718785888161 9.419350671793433 9.768866187868621 9.83923340613253 9.423604439203734 8.557824928393604 7.734370159700958 7.179871912993814 7.153053827302992 7.679468576777557 7.048885484544529 5.979466383395482 5.148158743934731 4.175503073078319 3.298903543364172 2.683796597558949 2.12928929269858 1.388577133680788 0.9190055630137928 0.6786127939396519 0.4356068608401538 0.1069571248966717 0 0 0 0 0 0 0.05211045959282247 0.3048607836009544 0.4926480005573872 0.5439324502882995 0.6512657778392474 0.7458998694083349 0.8222079224327515 0.8079996702472475 0.8242223519113554 0.8314011485483729 0.8794064311095906 0.934855629812708 0.9543528399157266 0.9877342586040825 1.004255602879071 1.01052978182474 0.9807586714553451 1.069734017762229
2.280568316314855 2.160946636241398 2.058488061246418 1.980131951095553 1.869022985673679 1.784900013192908 1.701766861043083 2.239383833255854 3.280969717141462 4.064475594359522 4.869828021615949 5.657544288284133 6.256077318949716 6.54667078977289 7.267676132479835 7.897947559560083 8.212381934981137 8.344253926934359 8.467583602043428 8.617579465494934 9.334615307865443 9.727488631157625 9.940233333035239 9.389676847870904 8.594341828051309 7.849726849900879 7.568090292013472 8.053657571172858 8.166185267055022 7.269239447147451 6.084876923324313 5.199060562628904 4.328768128419591 3.627230899167951 3.168384098887596 2.540272026481179 1.645119620396576 1.188297194341613 0.8969668030081734 0.6899898337263796 0.3886683425043724 0.02925671605552642 0 0 0 0 0 0 0.004551470341059954 0.1976235725815086 0.3460729993712911 0.4362528573479703 0.5494464026918356 0.6615952437303934 0.7189692141817655 0.7253342615509828 0.7619270126261096 0.7877846378938137 0.8253967467472921 0.8749314189258824 0.8891900106343061 0.8704021081638206 0.8248396493431714 0.9758979175268787 1.225091346401402
2.102811453845566 2.028439604028602 1.954096626804227 1.890325849187355 1.817973429408667 1.746578166505733 1.715507053776422 2.308254017242963 3.345013881214008 4.139963314531651 4.853505152425869 5.562061550942385 6.058081647204117 6.354288690937132 6.864283906135057 7.331472877492551 7.4781017827424 7.482908527514823 7.466716166393857 7.75857264008777 8.589414305925324 9.401778032460218 9.422828762541695 8.95936876730946 8.32109527501631 7.853736361610633 8.194421244500674 8.626563473317129 8.197802892575469 7.121087084961478 5.922268376395034 5.208291633620472 4.442852943238017 3.915711626223694 3.413418034286904 2.636125298509798 1.780478828031618 1.338425004121906 1.120046580948099 0.8648740664054888 0.5421896001206363 0.1453864136397301 0 0 0 0 0 0 0 0.03605193698662638 0.1281411547954136 0.1626103849047713 0.3704591893467814 0.4571901692579581 0.6120894254808886 0.6286422434713178 0.6771462858171543 0.7747128158861681 0.79963809840417 0.9302370507259633 0.9189307193392653 0.8474218198183191 0.9565340312086407 1.173124573026167 1.138687478205406
1.774739636896391 1.753551188280488 1.745540415649433 1.707074185364839 1.665223835881995 1.652488235904204 1.643652071463432 2.489739863840795 3.527872100306514 4.310142719958716 5.003447031112973 5.650117105992517 6.085809904692685 6.280738358305862 6.517399754386154 6.769606850611236 6.752217135367742 6.585633605511634 6.481725078799231 6.94758157336214 8.094262940308907 8.541580465369856 8.478307135549073 8.128146212902893 7.787415575179384 8.045734865887267 8.561037840069138 8.601722063751497 7.786066173910736 6.733657175912651 5.763922366057127 5.142591443997186 4.594794601357247 4.050275232252509 3.333442134470273 2.396096889084019 1.617059308566845 1.328203539440836 1.134951308723818 0.8980760078925598 0.6131734777762567 0.2326718892861653 0 0 0 0 0 0 0 0 0 0.01118534970184932 0.2012097678913246 0.250705730640046 0.4024446985456033 0.551874853834451 0.6303417727928942 0.7885649296369786 0.8222881815960241 0.8051275751292933 0.8116261766795194 0.9052634872017514 1.114571042754061 1.066351666034429 0.8954303058510442
1.468487202885349 1.470984730896932 1.472703315096181 1.477523553549811 1.467882058084074 1.480869623506601 1.503476086713309 2.628977756818195 3.706252614142046 4.592849264493491 5.309262398436783 5.869557056826969 6.239532607896852 6.405251905828203 6.39904361788711 6.239714499870805 6.068378203113914 5.803057205515993 5.816229549419965 6.60405883573465 7.214712501254088 7.321783114978561 7.235216649233862 7.170246020647352 7.365081515644786 8.013242833442622 8.383648040337501 7.967140642054769 7.117771241040624 6.2086933535831 5.55735488762264 5.12218380482165 4.682025940539181 3.989436117995079 3.035142095543591 2.04981157122297 1.474505040696944 1.246043888084634 1.038281344591579 0.8231440008148578 0.5994290607350222 0.2101516464024843 0 0 0 0 0 0 0 0 0 0 0 0.03669837827798198 0.1643511322135035 0.2772013434556389 0.4400471124178874 0.5798971947249391 0.6476150165474518 0.6239811762882966 0.6331771693003919 0.88529485935985 0.9380543524373797 0.7641708196273345 0.5452209339733673
1.245427073686598 1.226939482131661 1.23364358544015 1.259931239964241 1.290677460604147 1.303274605380643 1.754856815196824 2.93648218310805 4.163046126700072 4.950480801715588 5.572121731254561 6.110525797865786 6.487119412532996 6.616897608330021 6.360529007486682 5.852809585795382 5.422065182486079 5.324249647719123 5.703412193209002 5.931966351935275 5.942584974159151 5.926274377407911 6.054595288222209 6.2826419790453 6.922864250283806 7.593135156390821 7.550214539358909 6.969869417110507 6.337082352200111 5.739712130141521 5.474595123621916 5.063221962436634 4.43920166105582 3.609670625187576 2.661064282388286 1.824417269316039 1.474944525254094 1.254057440403707 1.001275067158016 0.7614884957339491 0.507716597458066 0.1436326305366619 0 0 0 0 0 0 0 0 0 0 0 0 0 0 0.04315934971496888 0.1436283777918919 0.3132235160840808 0.3306047023529379 0.451319809776533 0.599640343022927 0.4411717197566589 0.1870314590303371 0.03954927063642589
1.107585341724828 1.091055332490961 1.0917421694113 1.092434427825716 1.131198537256448 1.601088028627446 2.563942537440323 3.659190324001889 4.685917184262508 5.412524775937189 5.947984530791351 6.389790993476196 6.688779915516974 6.658780249504598 6.252272105515689 5.585988577533723 5.579629269811387 5.324759324683837 5.02433581238274 4.743790915275525 4.593250854753731 4.670362340573392 5.014461210484775 5.591970002828968 6.379028119306962 6.554056741988741 6.29991649665453 5.957052850168731 5.668196895595379 5.483032665744247 5.316693942222273 4.720539670021593 3.919594189993249 3.052252351009587 2.239466532032939 1.700378354347251 1.481290066745879 1.233925021613693 0.9686491484720178 0.7834698036138279 0.4513784792268984 0.1137396037991465 0 0 0 0 0 0 0 0 0 0 0 0 0 0 0 0 0.02098595270517207 0.05700198156520453 0.08390962941879523 0.07703941589465195 0.02283426905178678 0 0
0.9984199528011173 1.01431197480889 1.487204113683335 2.300182383559106 2.821004593904001 3.263553327032378 3.818057913729771 4.691876707398145 5.529005004152411 6.097271820247206 6.44615067786795 6.677858280551482 6.687469195864751 6.437420032142391 5.77229853946201 5.663482081482011 5.043483733899602 4.401090213327414 3.887164355813019 3.543220035086319 3.548479450650631 3.743522650667235 4.26880498293557 5.041921946615377 5.292368732840748 5.142906120208139 4.94180845220018 4.925133330580938 5.033008896336626 5.045892521330196 4.662761333306635 3.988565913875941 3.252763409095051 2.443787755143417 1.81381844181979 1.534205042909626 1.343399881619097 1.11407506723017 0.8910702307198533 0.6417852491024418 0.3543931961683935 0.0194991181614703 0 0 0 0 0 0 0 0 0 0 0 0 0 0 0 0 0 0 0 0 0 0 0
1.993931831801618 2.888793973506316 3.814378314878252 4.565267029373406 4.849926699291862 4.953831883768435 5.159445936133556 5.827312164665093 6.603779372166335 6.995889176962633 6.925860704917973 6.669186237397038 6.292825006753676 5.698705829478023 5.427652161830477 4.737556985526545 3.97298419211329 3.353530031137178 2.905217945954297 2.705113145675277 2.808048948407188 3.348463262695495 3.81070338294488 4.03799607762013 4.100554389160391 3.894268017269912 3.766408276147003 3.922041805521613 4.277930106126263 4.185333495827456 3.757720538379393 3.067683503230691 2.365633852037687 1.796846078134495 1.479221851389981 1.333338324931268 1.105215225885238 0.9679647428746575 0.7281124483762875 0.5087057754470373 0.1879856278997943 0 0 0 0 0 0 0 0 0 0 0 0 0 0 0 0 0 0 0 0 0 0 0 0
4.132602885353704 4.80991460705724 5.505672710456677 5.915596425471468 6.074020292901017 6.087804033827473 6.342937897159372 6.893243215525956 7.192551332706844 7.126199243203464 6.67304423907734 6.121135478016667 5.469296302904148 5.146037502797234 4.422473727842936 3.661113532175212 3.003973031061378 2.524462134531608 2.281275679714513 2.309396739659558 2.65462153486251 2.928034862029045 2.940573964199563 2.988966467421997 3.186646249227143 3.120097807968188 2.952643311561233 3.095578273993547 3.275612411379945 3.122152207678964 2.791025813421367 2.124482309299752 1.616769461077425 1.357868484081761 1.290943512398485 1.113262706287845 0.9634978227277505 0.7654778818076199 0.5242746518952743 0.3465546019488839 0.007486030806711774 0 0 0 0 0 0 0 0 0 0 0 0 0 0 0 0 0 0 0 0 0 0 0 0
6.089777977623529 6.330839421978052 6.46396282628208 6.600926227881637 6.663749315422359 6.745287722145129 6.97744327514595 7.067724263340742 6.782528739748968 6.318717448446834 5.781722018934166 5.162052347559817 4.929930192002166 4.214904473708448 3.483712002258255 2.847595282656566 2.353516438912842 2.101949711962821 2.019673109875192 2.073807057434253 2.197197315065171 2.074658111150625 2.005728001450159 2.148247642811373 2.480995201431243 2.469312842925639 2.307331488195131 2.25366687105047 2.286670781600804 2.084144535807369 1.698274951921154 1.358241905929922 1.217807102622713 1.093513811024554 0.9968568675799402 0.9265054490085476 0.7447298133226259 0.6075315576902287 0.2781500974222741 0.02390728785202487 0 0 0 0 0 0 0 0 0 0 0 0 0 0 0 0 0 0 0 0 0 0 0 0 0
7.293949204804449 7.400022402378836 7.399095120082676 7.390803962302227 7.289246042748607 7.171209866953776 6.888968196155939 6.461991044804535 5.857117254789186 5.274540870659619 4.756944660270268 4.716810367962152 4.183068192379563 3.483752052131209 2.864700753607123 2.438205297023312 2.067323801283809 1.696040313013383 1.692427356098727 1.630356970835606 1.558013239749474 1.306035885232493 1.270115302142141 1.394454476547469 1.540156021634359 1.664283303640506 1.607370874660719 1.397280367821898 1.293601358607695 1.018096523851415 0.8722999082333155 0.8546926297974176 0.8567104220344417 0.8304749204086465 0.7610617064839063 0.6657345245238067 0.5792352519792913 0.2783143910710146 0.03449700545178224 0 0 0 0 0 0 0 0 0 0 0 0 0 0 0 0 0 0 0 0 0 0 0 0 0 0
8.335323623402083 8.457401752818202 8.267893215264175 7.976694028300776 7.463094672715925 6.844660065226416 6.229578202127311 5.64984176233211 5.059932322586615 4.782587676257679 4.639612146798532 4.191717593572154 3.590004163157259 3.046197417976497 2.526398573937938 2.065015870787336 1.595035004837331 1.433640344311652 1.343161280765954 1.195550010025277 1.014681700370596 0.8455493585010647 0.7432604776352361 0.744903236101653 0.8560456591019 0.8677132710084956 0.8827529805439216 0.6391242056001269 0.3732549575646925 0.3206293288748167 0.4371050780903298 0.4928004000909207 0.4685568630908795 0.4407669711577544 0.4197646143195304 0.2474755157992586 0.1847052505069152 0.03757195906647576 0 0 0 0 0 0 0 0 0 0 0 0 0 0 0 0 0 0 0 0 0 0 0 0 0 0 0
8.988925627940869 8.84270970078396 8.305138753861238 7.591307813800588 6.819680341508687 6.107247476874416 5.480923370254778 5.154641987650225 5.175362487944096 5.010106485109254 4.371432725857965 3.678403295738259 3.09583276614315 2.543018613444213 2.0306306970599 1.550553567670497 1.362525158442279 1.151918938604914 1.042057208320132 0.9619652910516072 0.7876754592328127 0.5242594267658107 0.1570519683464906 0.08580143744749953 0.1457342197300014 0.1548570680332113 0.1075702430874662 0.02969449377741452 0.003543690334633728 0.006399229604878725 0.01452298225722637 0.04705916319592504 0.08048711553360778 0.03672461298512501 0.02614225006388717 0.001589423831766584 0 0 0 0 0 0 0 0 0 0 0 0 0 0 0 0 0 0 0 0 0 0 0 0 0 0 0 0 0
9.091144087879915 8.536952724668037 7.751669451705812 6.852282524087689 6.137195098864606 5.486620226811857 5.352492503559495 5.562213549351853 5.265774350031653 4.601193676371862 3.90343138755388 3.214549520546889 2.569878642959 1.96472157109378 1.619602446151837 1.354731027191199 1.190971056701897 1.043499392074545 0.9232623332133977 0.8058002374578384 0.6214457024566813 0.3442971386667998 0.011233723961975 0 0 0 0 0 0 0 0 0 0 0 0 0 0 0 0 0 0 0 0 0 0 0 0 0 0 0 0 0 0 0 0 0 0 0 0 0 0 0 0 0 0
8.652724206398689 7.916454919497587 7.043861436841447 6.25366899327087 5.659328157421739 5.62282500821189 5.812046748703009 5.425303008559202 4.715505326378449 4.017677079933864 3.311358026012428 2.701672187915206 2.112578171579804 1.8424732357004 1.615662269673099 1.383574846599662 1.185917489547379 1.047899296161434 0.8879254636870517 0.6525610060077455 0.466288096630955 0.05884741056665209 0 0 0 0 0 0 0 0 0 0 0 0 0 0 0 0 0 0 0 0 0 0 0 0 0 0 0 0 0 0 0 0 0 0 0 0 0 0 0 0 0 0 0
7.909393772174049 7.211934693786257 6.481141531728493 5.877231883650147 5.902895508042052 6.008614954312835 5.602428154580658 4.913132567823832 4.147271078801037 3.468985324925753 2.874916587564548 2.4362682587004 2.137016688436291 1.901870945942349 1.681745694214024 1.431942580509786 1.139270559768756 0.8478509182613453 0.6424823232443893 0.4836192967547421 0.0855942540850554 0.0001228946670308532 0 0 0 0 0 0 0 0 0 0 0 0 0 0 0 0 0 0 0 0 0 0 0 0 0 0 0 0 0 0 0 0 0 0 0 0 0 0 0 0 0 0 0
6.977096557685183 6.516881892556649 6.109640611506227 6.015593652831035 6.030835983722343 5.944453981861494 5.571217790459291 4.771047000452559 3.996431901492942 3.277515375407178 2.830192148181513 2.405861027233404 2.009832488378884 1.728858685952675 1.451458481592846 1.169024686079025 0.7556691843348994 0.2586313588493176 0.1881570717163821 0.08402487380761511 0.003531652374941373 0 0 0 0 0 0 0 0 0 0 0 0 0 0 0 0 0 0 0 0 0 0 0 0 0 0 0 0 0 0 0 0 0 0 0 0 0 0 0 0 0 0 0 0
5.952436013576371 5.818301977456555 5.669830268888946 5.724173070031409 6.450185005124156 6.374526211330346 5.719528597617283 4.963728343930606 4.042328387894552 3.104614847670337 2.466257625758538 1.999646644900743 1.591794664340878 1.273959204794764 1.013014826954095 0.7569176947760307 0.3290490366850539 0 0 0 0 0 0 0 0 0 0 0 0 0 0 0 0 0 0 0 0 0 0 0 0 0 0 0 0 0 0 0 0 0 0 0 0 0 0 0 0 0 0 0 0 0 0 0 0
5.00483264637538 4.957308509811774 5.388540426742535 6.49558398891239 6.722571146266644 6.291959191091454 5.734406269946906 4.94972575273935 3.898799091446839 3.242474454917065 2.832947317853788 2.308491398105974 1.779325711484471 1.35168547677728 0.970750184331502 0.6614637163255468 0.2294009350813831 0 0 0 0 0 0 0 0 0 0 0 0 0 0 0 0 0 0 0 0 0 0 0 0 0 0 0 0 0 0 0 0 0 0 0 0 0 0 0 0 0 0 0 0 0 0 0 0
4.118114661674572 5.004788267667835 5.985480240184511 6.462659223340742 6.362503063389255 6.088321533382026 5.495993336700706 4.644726921345807 3.984330931085352 3.613678760061633 3.070385085904415 2.475167819357032 1.918311125418889 1.402002773080264 0.985761623342863 0.6108713752096274 0.1364940304168754 0 0 0 0 0 0 0 0 0 0 0 0 0 0 0 0 0 0 0 0 0 0 0 0 0 0 0 0 0 0 0 0 0 0 0 0 0 0 0 0 0 0 0 0 0 0 0 0
4.179567085930302 4.946476017742746 5.594171041763848 5.931489487487523 5.924480712358838 5.649165382682123 5.101000492097237 4.371735135083529 4.182213744390188 3.717006711976034 3.095507199720255 2.502004601937843 1.9173845579491 1.406174486475162 0.9414384787117165 0.4913114070001038 0.09636244964299379 0 0 0 0 0 0 0 0 0 0 0 0 0 0 0 0 0 0 0 0 0 0 0 0 0 0 0 0 0 0 0 0 0 0 0 0 0 0 0 0 0 0 0 0 0 0 0 0
3.779290212707004 4.53713202121223 5.103808285479805 5.397784465460287 5.354715480792824 5.028988630781959 4.50570003884184 4.386190282893112 4.14209901270844 3.687945077064455 3.113366184728849 2.462283538776197 1.889583856459651 1.303319302082536 0.8581207880612287 0.4105977539457886 0 0 0 0 0 0 0 0 0 0 0 0 0 0 0 0 0 0 0 0 0 0 0 0 0 0 0 0 0 0 0 0 0 0 0 0 0 0 0 0 0 0 0 0 0 0 0 0 0
3.477013919102126 4.235124351658778 4.66072401611259 4.798402223244437 4.640732149708953 4.32209500482631 4.329810106739302 4.277537670705438 3.958498841884602 3.529492287234777 2.919968452999259 2.383080157623845 1.742379684231501 1.083707088786391 0.5571248920380227 0.1319623756559313 0 0 0 0 0 0 0 0 0 0 0 0 0 0 0 0 0 0 0 0 0 0 0 0 0 0 0 0 0 0 0 0 0 0 0 0 0 0 0 0 0 0 0 0 0 0 0 0 0
3.30534646892603 3.786030727393452 4.034976739635845 3.99944279163658 3.825618333931822 4.01690532763693 4.097134827527387 3.937754036659686 3.564289384728411 3.1930783389578 2.620174817339939 2.079553913878115 1.553761481288581 0.8351101357350643 0.1951690243426827 0 0 0 0 0 0 0 0 0 0 0 0 0 0 0 0 0 0 0 0 0 0 0 0 0 0 0 0 0 0 0 0 0 0 0 0 0 0 0 0 0 0 0 0 0 0 0 0 0 0
