benchmarks/avaHitNullTest/relHit_8e7eda03a1_C_L_null_dfa_pft.asc
ncols        525
nrows        445
xllcorner    272768.921744369029
yllcorner    357500.195326280023
cellsize     5.000000000000
NODATA_value nan
[rows 243 to 269 of 445, columns 360 to 419 of 525]
1.3448768640836805677 1.9803165064553005514 2.5276333836606728056 2.9942516673816896855 3.2216438026497358216 3.3817774356794019219 4.0764927545601432612 4.8106700226040910451 5.423338942111314509 5.8667899436005841451 6.1082209704134688977 6.0494344687302330499 5.7729096549062397514 5.4705745603347484263 4.892539375121057077 4.1842394423331432662 3.5069546654715813006 2.8477597096559210677 2.1819930535029357088 1.4539658898762082284 0.87385575887848443433 0.48818478719605717941 0.35948553988782144808 0.20974791100624651241 0.036735649201097023142 0 0 0 0 0 0 0 0 0 0 0 0 0 0 0 0 0 0 0 0 0 0 0 0 0 0 0 0 0 0 0 0 0 0 0
0.72108086347539879224 1.4328785655279037137 2.0517482917936455955 2.6000451567962312716 2.9066943860531804233 3.2671342414354618278 4.1055188969919234054 4.738076699103596745 5.3146614535262415302 5.820106369346427222 6.2670124913551878976 6.451878334180709551 6.4069222929082458862 6.0298198983321480426 5.500700837416742317 4.9029437588055184705 4.2434162249450162463 3.6267434297137364219 3.0120331741571160222 2.3648705830796039606 1.7035865533009713069 1.3835931352421235729 1.1101216876532020716 0.75072750017221634433 0.23409323798226294722 0 0 0 0 0 0 0 0 0 0 0 0 0 0 0 0 0 0 0 0 0 0 0 0 0 0 0 0 0 0 0 0 0 0 0
0.2359988886435971378 0.91129045147738763077 1.5561945425792991227 2.1018517028125698332 2.5655970104042329361 3.2980889485659199423 4.1105965003141999858 4.7097526741615078905 5.202668249083110652 5.6952831366839253846 6.2490020572872397864 6.6058097073771699925 6.5669732000126250782 6.3036333036903666738 5.9258111220498834726 5.4779915910343595087 4.9851779696261049324 4.4659270157310926308 3.8505801440326572482 3.0840098671741902336 2.4774992990315802821 2.1221024182862682217 1.664881445528495485 1.124733057264651892 0.41227117941023250225 0.07117046420054719269 0.00052035324862690723966 0 0 0 0 0 0 0 0 0 0 0 0 0 0 0 0 0 0 0 0 0 0 0 0 0 0 0 0 0 0 0 0 0
0.21036514530544980772 0.39437807535600410969 1.0852957726845908759 1.6415811164642888365 2.2335982851443625385 3.2034063024945980125 4.0247195634635781758 4.5381999631429712494 4.9498336221282377423 5.4647903363000081001 6.0031619411724177482 6.3544083148308265763 6.4675634664007821684 6.4623617244008144667 6.2443338045066205666 5.9966574940509396185 5.6257050347880186436 5.1153764069156801853 4.4589850354283289136 3.9352464783630547451 3.4482935093485100886 2.8217533140820205695 2.166037756172063844 1.5150705633544367945 0.78331757586802963633 0.48886500728200282806 0.40222546436329176256 0.24545052380478088461 0.10811771410100182167 0.0072814187441389349384 0 0 0 0 0 0 0 0 0 0 0 0 0 0 0 0 0 0 0 0 0 0 0 0 0 0 0 0 0 0
0.16462114747892223066 0.16337149820139171275 0.61990441166189613753 1.2205400901420937476 1.9473334716268639877 2.8433386654659225101 3.5194950694150572978 4.0896175371089693584 4.4973410337441279694 5.0859911495418925753 5.6932402001029309702 6.1998671407571048775 6.5980347183673098144 6.7311304103415361411 6.7511381103990624197 6.5651386118048602469 6.1080275136205122166 5.8671882702761370965 5.4373275171542001516 4.7575810521456300961 4.0112754087192863395 3.3503363239010686137 2.6049919827494094626 1.9115247085304163388 1.3807580881081056301 1.3192224617586771895 1.2643338603659808328 0.99723739890957896481 0.66725878230559831916 0.18641559003534025063 0 0 0 0 0 0 0 0 0 0 0 0 0 0 0 0 0 0 0 0 0 0 0 0 0 0 0 0 0 0
0.2093049430413109202 0.16510040060692135477 0.21835829166153927772 0.79785734349227266371 1.4608443245266822252 2.1726956643279597969 2.7120478661794136244 3.2078972503260767546 3.7603681676291342839 4.5547710356116208885 5.3765084721243106003 6.1258885233105813128 6.6373011856018440113 6.9760607179164626501 7.0878945935435249126 6.9901311458395909426 6.7990909453248242755 6.3269974778342232824 5.6729055543694633101 4.9644725062436876328 4.2766915848962891999 3.6384790758291858381 2.9937179094948667135 2.4262957606634532048 2.3509560326742189318 2.4195418105832660061 2.0413754283294323066 1.5066112076335480552 0.96244420596542146207 0.40186702871689972127 0.13520509013881301663 0.019952872669942212785 0 0 0 0 0 0 0 0 0 0 0 0 0 0 0 0 0 0 0 0 0 0 0 0 0 0 0 0
0.19705096393862067683 0.19408388302059856323 0.12232725481819700653 0.4716393715533097053 0.97399795988780546452 1.5010989656638873413 1.9936692862855678321 2.3746966098294497449 3.0458177981466194595 3.8992769119399803834 4.8379009964719639214 5.7982288035438180884 6.5771148181225260743 7.0791088493739007248 7.2557741705691105594 7.1570707997920512966 6.7768924503558141126 6.2776551301675533878 5.6537492658922561262 4.9951668174204257866 4.3974215322573408926 3.8487939889284636941 3.8715867284561706896 4.3512643506436674556 4.1277899850716908148 3.3077446666029248767 2.4922496132871483354 1.8139988233513872906 1.1134603176445221351 0.54606335529421445862 0.34549127553778513633 0.19027186718697255974 0.069808486527695737256 0 0 0 0 0 0 0 0 0 0 0 0 0 0 0 0 0 0 0 0 0 0 0 0 0 0 0
0.14972153932491702455 0.28068865411516485953 0.22876527700825885492 0.14800924838404436179 0.61359044602892720555 1.1162053787390113779 1.5995038412557538443 1.9817523862291426262 2.6081009904208265482 3.4735820162231734187 4.5841871269080503026 5.7414485263713297414 6.4014141139453837326 6.8539693920413506945 6.9823611741818529808 6.8137833201201933875 6.4623970568714952378 5.9933921957482558796 5.5212719338306559536 5.0302907741843920775 4.6261426998462367166 4.5238912452658031071 5.4124473111038300388 5.4891012742278402214 4.6807450919961501867 3.6446927327506131178 2.7015442534856957124 1.9984001385732024225 1.3055563465790813726 0.70176687607144649927 0.52170442933043137401 0.4195799000446796545 0.35107741768199385302 0.056485924546536322999 0 0 0 0 0 0 0 0 0 0 0 0 0 0 0 0 0 0 0 0 0 0 0 0 0 0
0.071270225766593059413 0.009213400461536307498 0.027692042880462845039 0.014238686134176219145 0.31742921540499419164 0.75484761292218516271 1.2642767735225912684 1.6258781810820925884 2.6597799970083819687 3.8674704341151624476 4.8835563158407184758 5.520251835899363968 6.0412904191885044014 6.2786367479767539734 6.3387128061308963822 6.2281399839329694146 5.9739370193633529738 5.7151383407239890744 5.5038806334519581043 5.4721684614665448976 5.7222435071011332752 6.2750145719629388807 6.4337112666027591601 5.7536985805672147265 4.7071208708291525369 3.6063635399000641968 2.7143195268653292906 2.0546423489469853862 1.3477181070969257437 0.84884309927162726606 0.72849054580068706155 0.59858892854176903864 0.46582823092723474323 0.27674906616079897326 0.042576461322768863194 0 0 0 0 0 0 0 0 0 0 0 0 0 0 0 0 0 0 0 0 0 0 0 0 0
0.01025574604411923739 0 0 0 0.0686521817246263516 0.46623708526013274422 0.94843210221746887534 1.7302235139052093427 3.0444108550150672521 3.8436362985103222911 4.5175738287272881877 4.9472785914084127512 5.1963592530034574679 5.3742564430818768884 5.4792989543006695996 5.6528295437524853639 5.9118061850523933032 6.1234758719422801576 6.3832519273692458484 6.665442440934358892 7.1476387132713892214 7.124280893454775665 6.4683083012016613367 5.5242465995348108976 4.5042102243701087616 3.5473849382712359102 2.6681117934163838257 1.9478489786286565799 1.2246295251502630208 0.9751806137460778956 0.8465850761583907369 0.70846992921728901837 0.62921125606291072874 0.47907124938733786079 0.19543282318869589775 0 0 0 0 0 0 0 0 0 0 0 0 0 0 0 0 0 0 0 0 0 0 0 0 0
0 0 0 0 0.0045751513193577845323 0.20773265166429827344 0.70854523130002344811 1.8968014391279410802 2.8361620843632233679 3.3797527788521333214 3.8076956838939408634 4.0210566807489342978 4.2295456102767969853 4.5513691133427620628 5.2044340354643860991 5.9603345647300463028 6.5556724057081119383 6.9009128632128264869 7.3234966913198347171 7.6616735282998131851 7.4373708988894140504 6.770958520072666964 5.917474983263018018 5.0678180822451750487 4.1839040471391832909 3.3116491671591066215 2.4568006410153793162 1.7606510003910760265 1.2131772909004163719 1.1126576213271566207 0.9980874728142219432 0.8473760905281950695 0.71788174238076496447 0.6218147323986253916 0.42600694547375922427 0.10316848358354786808 0 0 0 0 0 0 0 0 0 0 0 0 0 0 0 0 0 0 0 0 0 0 0 0
0 0 0 0 0 0.044495536928775759888 0.75185352940903626973 1.5640318393989864898 2.223947836871741579 2.5990910813079941555 2.9461604818664386407 3.3038611736998220181 3.8931397842490138572 4.8075909306894715201 5.7036199886988816488 6.4004246886162858843 7.1162442160334382635 7.4847515408634022194 7.4988251180270468765 7.211083727334818505 6.6353608378585251515 5.943705691364440824 5.1217845133732042839 4.344587915184048299 3.6508927650779283702 2.9440270609375587263 2.1465649350448781085 1.4359633863667609077 1.3034527301290603774 1.1867224517744707768 1.1239029041510293361 1.0001663196076147067 0.87885481945027166262 0.74966788044116838829 0.62684706382888877307 0.404978717473960248 0.075155101821793468542 0 0 0 0 0 0 0 0 0 0 0 0 0 0 0 0 0 0 0 0 0 0 0
0 0 0 0 0 0.00057968959347093568322 0.35194391951734538271 0.75484454801305922444 1.5176549437984214741 2.2913074477726724787 3.1055816691258724127 3.8892089673026002394 4.7391235293568447773 5.597878134981893794 6.2074839066267939458 6.6787414779462874748 6.7841265024745212031 6.8258708635488760663 6.6225181673576178909 6.2293998429540309303 5.6323796566747921233 4.9170495786734527144 4.1821460466551423352 3.5083135275105550299 2.962101128876254208 2.3450796993517739608 1.6852114469495036442 1.5045783099277492134 1.3790315367960519488 1.2833458980189849097 1.1686590701042018914 1.1159148414765420743 1.0390328466564771048 0.93383275769720075488 0.77786793128367215377 0.56357868555192813798 0.27731468351407484452 0.046786361253193894938 0 0 0 0 0 0 0 0 0 0 0 0 0 0 0 0 0 0 0 0 0 0
0 0 0 0 0 0 0.041134278480648267529 0.60478454073183585127 1.5517486080476099453 2.4924510566762743125 3.3415616569993300544 4.0507016020158967962 4.7216889232599257298 5.0899753512497056818 5.3718276280412968759 5.5763464847791306411 5.6790306054997996554 5.592372676365900297 5.4099106507168306379 5.0620898044150024475 4.4658847963622951838 3.8685114274941474477 3.1843568933137884613 2.5966041515385080984 2.1297954858687511148 1.6611028153443079258 1.6157400680440072716 1.5457860762550379441 1.4254421514074080424 1.3071145796111152126 1.2245505604002093758 1.1420672396253310765 1.0993113646031691388 0.99632748165548123964 0.8401653022252626446 0.67186207437045608604 0.46541911706897259871 0.17099945021664114675 0.0026701642920267283643 0 0 0 0 0 0 0 0 0 0 0 0 0 0 0 0 0 0 0 0 0
0 0 0 0 0 0 0.004402407572798845356 0.49886208168452517153 1.4793312852438527116 2.1975966992274109657 2.8164632002991050186 3.2067541909090961916 3.5732816609505251293 3.8029698848725086435 4.0040308461186766564 4.2155814097635104787 4.3005782522465958451 4.2603523887579877183 4.0987719230569714668 3.8097652996553832416 3.3116312144300330544 2.7939944213973277876 2.2035082196729112169 1.7886120286573443661 1.6553955092359022849 1.5739945991899688682 1.5216911228794445243 1.5246539275308932382 1.463629522338771638 1.3425126236773472499 1.2419610650661259132 1.1840957596553582931 1.072556920310670181 0.96476513577519851239 0.84647329128038562018 0.69651460368432749348 0.58568600449505137107 0.41575940546963296995 0.14331227810801230871 0 0 0 0 0 0 0 0 0 0 0 0 0 0 0 0 0 0 0 0 0
0 0 0 0 0 0 0 0.3159456442634230311 1.1317527700591580864 1.5851715613491372814 1.9954623714695058911 2.201658543898136422 2.4289858926022462882 2.598585843187672495 2.7494523699834876318 2.8947421499827088454 3.0043018307013324986 2.9573142550642002035 2.8120493326014801561 2.5487568718194930639 2.176281664242775804 1.8321330200261474186 1.7551274286907083688 1.6799062709018859341 1.6088912814705080834 1.5355539802466433574 1.4584940153175616206 1.4398608197966833444 1.4247289171523602747 1.396614284098148584 1.2749403703179420511 1.1416805419448243786 1.0396350826138072154 0.93742587304169111562 0.80781357853355995058 0.72076253897953868055 0.73160550923118339295 0.72515626507677233281 0.3257139033864069888 0 0 0 0 0 0 0 0 0 0 0 0 0 0 0 0 0 0 0 0 0
0 0 0 0 0 0 0 0.060966436820301200816 0.46960762786632259669 0.80508162140443761956 1.0969853642181428555 1.1670501900163827713 1.3039936965544720593 1.479874323893339616 1.4731384875480739716 1.7104098162383070125 1.7529757441099660387 1.8000720870530475537 1.7630811167521660554 1.667748987904455138 1.7080597291964918494 1.690422333124877774 1.6265470184876216209 1.5547358674435716175 1.5133214658738607383 1.4859304404732600613 1.4256432654469874954 1.3486019412631757852 1.3532399145491844639 1.3300232295723957154 1.2612707125595408186 1.1180798987384326093 0.99528339720404068736 0.89362152762855873167 0.83004178242382686825 0.97874985736248243384 0.97724919395658915722 0.86760788697058988106 0.35293666286756547601 0 0 0 0 0 0 0 0 0 0 0 0 0 0 0 0 0 0 0 0 0
0.050088837771356760353 0 0 0 0 0 0 0 0.020032974625610641684 0.1767827254790652336 0.53478749641685341398 0.77037642804458839052 0.94254961830217642849 1.0565212667228605081 1.2358950052194019875 1.2640249568870640662 1.3001806139466822732 1.356957201761622045 1.4215165309940727134 1.5067679857483176065 1.5893660941591229996 1.530317952703682316 1.4693927337408945188 1.430501097289692547 1.4445247285096791678 1.4284880999277933533 1.3971169930253906077 1.3269405530799580628 1.2600987174475821728 1.2233142199607924816 1.1603357963330249714 1.0604290352134353448 0.96098020450525800662 0.93912171345470174533 1.1492515222563792765 1.2421855136937269837 1.1238391767440110147 0.73559074935326640432 0.094819796167431968925 0 0 0 0 0 0 0 0 0 0 0 0 0 0 0 0 0 0 0 0 0
0.3403175882102171812 0.016580136679673160294 0 0 0 0 0 0 0 0.021884399967355479266 0.39363231433019452155 0.6007344173090438666 0.79576723532068627254 0.92918571418567452724 1.0320795184379600862 1.1325745158664883849 1.1695344993104019871 1.2275737782882343296 1.2792468553410301091 1.3471562291354441943 1.3981517530357430168 1.3583049117334327072 1.3280846781316570926 1.3051867390087970033 1.3454593856393448625 1.3964435931490712939 1.3900648802502675316 1.321350234511752042 1.2291789862441162562 1.1190327790105494277 1.0426169662133506488 0.96022108628641800188 0.92391553913211932336 1.2118217756967315513 1.3794971060966441101 1.2660712610259492461 0.90352957495327601567 0.3894223734356047073 0.00871323317692396411 0 0 0 0 0 0 0 0 0 0 0 0 0 0 0 0 0 0 0 0 0
0.793325059172022784 0.26882741232973572654 0.029494517908131817618 0.0086002215770362051839 0 0 0 0 0 0 0.19220358252881292183 0.46545128394782153691 0.63111929300441405033 0.79767112192523970116 0.88404671361340836366 1.0675006512374647372 1.0650870498225619709 1.0943315382204759079 1.1608159025920867791 1.1838604433674277949 1.2167886038512341074 1.2079926348085399113 1.2004308507331322708 1.2035661733768012738 1.2214279446710558652 1.3278643540563663805 1.3883555981723982864 1.3399258046962108093 1.2208695492993679732 1.0546528148799605429 0.92572367254902221401 0.8824378981768566943 1.1587896715086187793 1.4208535163958437852 1.3718309165851629849 1.0485846312473587894 0.52686301543374947087 0.070442043693909717206 0 0 0 0 0 0 0 0 0 0 0 0 0 0 0 0 0 0 0 0 0 0
1.0390479844587805491 0.5309756379214126687 0.44456859225405681579 0.31352006154140460437 0.030238089425044661906 0 0 0 0 0 0.016904446741910002239 0.20753439734200776479 0.50471786039552801739 0.64637342342623449465 0.76002349475051167449 0.85378283574770863495 0.94309856514963597007 0.99605321820786796305 1.0274377185224978781 1.0462213705579448408 1.0605893185306687343 1.0898250152827626547 1.0616028382631343963 1.1035969414353352658 1.1707281568793797 1.2264072060957780241 1.3234594586066865674 1.3077253152304897377 1.1974509839893199281 1.0464017856454919109 0.92462684382778725922 1.1352601812963689643 1.3649342375893589452 1.4580013820412180969 1.1793561375059304908 0.70743451898243880915 0.09016144560337012448 0 0 0 0 0 0 0 0 0 0 0 0 0 0 0 0 0 0 0 0 0 0 0
1.3818501762007719957 0.91145071233185115389 0.76507938712339085274 0.62253133831913654017 0.26137133632234049729 0.036222770191144490481 0 0 0 0 0 0.074488818304443371598 0.27356575173805486312 0.50320398313807879198 0.61085001436847485845 0.69015889040630107321 0.86463246063766241445 0.8967186508746510798 0.92718853839624826296 0.93073734032257882109 0.90725868057126235477 0.94939088777331281932 0.98155450690854484375 1.0183180043856583374 1.0601238911839476753 1.1244532742140755932 1.1777528136828943062 1.1758276087191237291 1.0845320205707251748 0.9791765779570871242 1.0369708325353290679 1.3215311339372812771 1.3560693521880851087 1.3148763115557262626 0.87349254256874642177 0.21184381350516440223 0 0 0 0 0 0 0 0 0 0 0 0 0 0 0 0 0 0 0 0 0 0 0 0
1.9649624250400448133 1.245152136589956271 0.96637241743926705073 0.75396728785848721177 0.57398919876938103712 0.18559442864893407887 0 0 0 0 0 0 0.047966292259131890208 0.2555555471746291385 0.4016687991562180593 0.58476868321651653826 0.64242590514264918955 0.74737194370025539225 0.79150018191689186509 0.80735768362709581236 0.82032530702717965099 0.85631802405788448596 0.88195755237004946903 0.91428113273906641556 0.95225927552002342935 0.9837825040995745729 1.0032990796419196666 0.99888700289874399196 0.95953891716199679607 1.0143830583723016936 1.2034484671512151177 1.2236868577840336325 1.2580340359009958284 1.0246433523151603495 0.33293260972395027908 0.017842245968500203279 0 0 0 0 0 0 0 0 0 0 0 0 0 0 0 0 0 0 0 0 0 0 0 0
2.3545505986665964393 1.5998843417839627712 1.2586110001123880231 0.95392909973519857125 0.75243997334404177924 0.44513534914275393328 0.080674637545688904217 0 0 0 0 0 0 0.027743265600034951873 0.16209503353394802416 0.379390660969094351 0.45664052152730916223 0.57985894838440310561 0.62638176630129616118 0.69401884454658169243 0.74806872779912747529 0.75344995364990641207 0.79734516551034395615 0.80921606789377598101 0.86761522616615804893 0.89971742486612116263 0.86146257917503366031 0.8196160800091809584 0.95144227173320161661 1.2262354820976122394 1.2616082560589703121 1.1282127817589402419 1.0382048344615657509 0.57933799474092451121 0.052959823118975062062 0 0 0 0 0 0 0 0 0 0 0 0 0 0 0 0 0 0 0 0 0 0 0 0 0
2.4441042044970444636 1.7150980209109343289 1.4652153969899428532 1.1568439425715058011 0.89361435184310566981 0.66011471293229806445 0.23067655526789215825 0 0 0 0 0 0 0 0.023402394582528067424 0.070541239003764591442 0.26286679937345014402 0.41947519565553947896 0.44128013127442450303 0.57402725954757849447 0.63781845581449547744 0.66427021004758546319 0.74900401285599638168 0.85508448643574697101 0.90859049140216197049 0.91014299009620880376 0.8424094929648615615 0.95246548479583659219 1.0770284296535674873 1.1527561387248503877 1.0167704407886473117 0.89462636165319486814 0.73921030465155090905 0.22009072558903264305 0 0 0 0 0 0 0 0 0 0 0 0 0 0 0 0 0 0 0 0 0 0 0 0 0 0
2.1986505729604264303 1.6492438821371904201 1.4114285748623551786 1.1676742648286397852 0.95561722528599679638 0.68662371338993999359 0.34669714197288747926 0.0073168913275886201392 0 0 0 0 0 0 0 0 0.064713795660765821571 0.11791264439306417544 0.31221759030616796915 0.37172818967293819181 0.51973654491388676657 0.63311343309256884471 0.80912171499381402295 0.82368716146200393613 0.80862519438619184786 0.79799615137848656232 0.92374037848547707608 1.0709449829302581936 1.0475206346322500917 0.91320816763927825654 0.75876083750111056325 0.56054479338081064643 0.2827832373393128762 0.022348568856412256295 0 0 0 0 0 0 0 0 0 0 0 0 0 0 0 0 0 0 0 0 0 0 0 0 0 0
2.0032730703835159858 1.5851940966645183817 1.3564660712885581173 1.117994783062812747 0.88512324944234521684 0.60766628221955110156 0.36238665415730308972 0.010217178527464882906 0 0 0 0 0 0 0 0 0 0.00019560768861834755116 0.059248850127294708234 0.1410939087292796823 0.27910536000528951561 0.42084671886229368942 0.61698785430938807295 0.63119210262802638578 0.5785724374054341812 0.61026527211803960338 0.83636215837265381889 0.91162774188617412552 0.73418594373934908948 0.49671627450330019249 0.24889583834455472622 0.094150888812153693541 0 0 0 0 0 0 0 0 0 0 0 0 0 0 0 0 0 0 0 0 0 0 0 0 0 0 0 0
