benchmarks/avaHitNullTest/relHit_5d436948cc_C_null_dfa_ppr.asc
ncols 525
nrows 445
xllcenter 272771.42
yllcenter 357502.70
cellsize 5.00
nodata_value nan
[rows 58 to 86 of 445, columns 66 to 131 of 525]
0 0 0 0 0 0 0 0 0 0 0 0 0 0 0 0 0 0 0 0 0 0 0 0 0 0 0 0 0 0 0 0 0 0 0 0 0 0 0 0 0 0 0 0 0 0 0 0 0 0 0 0 0 0 0 0 0 0.06923608379338955 4.789035380633941 4.789035380633941 7.54618067766408 11.37581996304449 15.38054071605315 16.44362800534049 16.98784812762842 16.95457928427872
0 0 0 0 0 0 0 0 0 0 0 0 0 0 0 0 0 0 0 0 0 0 0 0 0 0 0 0 0 0 0 0 0 0 0 0 0 0 0 0 0 0 0 0 0 0 0 0 0 0 0 0 0 0 1.030815175873553 1.030815175873553 5.340143786508336 6.770394577481291 10.16912573220684 11.76468951248076 15.56672690287408 16.13618493898592 18.61988611300386 19.88617555133738 19.8742604907728 20.4678629034451
0 0 0 0 0 0 0 0 0 0 0 0 0 0 0 0 0 0 0 0 0 0 0 0 0 0 0 0 0 0 0 0 0 0 0 0 0 0 0 0 0 0 0 0 0 0 0 0 0 0 0 0 0.286477654524368 4.864965247219074 9.180024160253009 9.180024160253009 13.05315388933886 13.05315388933886 16.18238363654155 16.3247722880837 17.90851717745167 19.18551410694904 19.01316023426521 21.07907704572025 22.13661565225478 22.99876755938993
0 0 0 0 0 0 0 0 0 0 0 0 0 0 0 0 0 0 0 0 0 0 0 0 0 0 0 0 0 0 0 0 0 0 0 0 0 0 0 0 0 0 0 0 0 0 0 0 0 1.048833341968436 3.523692329686092 7.629417767277311 7.629417767277311 10.96398094698659 12.1255155826954 14.9676502858195 16.51291392680917 16.11675839048853 18.25671140293451 18.6725845116117 20.47846301128914 19.8877219606738 22.37437674784404 24.26571284397448 25.91248987275712 27.02764633731792
0 0 0 0 0 0 0 0 0 0 0 0 0 0 0 0 0 0 0 0 0 0 0 0 0 0 0 0 0 0 0 0 0 0 0 0 0 0 0 0 0 0 0 0 0 0 0 0 3.530006539717233 4.274829689470621 8.732263767055858 11.34389695376791 12.66945588753166 13.71034902888357 14.31754876045385 16.96654196379841 19.03640624378482 18.78207203856074 19.89775534566323 21.22963389809344 22.97395845689596 24.4402623787605 25.71649907568726 27.99651455357277 29.55697549679809 30.94114264150668
0 0 0 0 0 0 0 0 0 0 0 0 0 0 0 0 0 0 0 0 0 0 0 0 0 0 0 0 0 0 0 0 0 0 0 0 0 0 0 0 0 0 0 0 0 1.515169607308298 2.399753954858856 6.063635069726191 7.913574679433285 11.28932094654236 12.62831596424913 12.76731765698664 13.68757682821205 14.52808680622784 16.39967171788199 18.52045145304307 19.87947168986723 21.88096228089427 23.59036228700975 25.325553241327 26.66744015317549 28.40043471355808 29.3849701875267 30.64274544093596 32.69969592620571 34.50696761920067
0 0 0 0 0 0 0 0 0 0 0 0 0 0 0 0 0 0 0 0 0 0 0 0 0 0 0 0 0 0 0 0 0 0 0 0 0 0 0 0 0 0 0 1.30585538201439 4.107838192324309 6.1383388116597 9.905516212087242 11.72395679065981 13.88427115181375 15.32924935730889 15.47947029120862 16.72142375170927 16.33130738190231 17.24985113703381 19.9385935886944 21.64981586763192 23.40350047782483 25.4755749701989 27.31974548323694 28.64532627643497 29.76085225554657 30.96639764308609 32.78829238793439 34.4577772656458 36.18409862578878 37.93970402109937
0 0 0 0 0 0 0 0 0 0 0 0 0 0 0 0 0 0 0 0 0 0 0 0 0 0 0 0 0 0 0 0 0 0 0 0 0 0 0 1.656029279532604 2.032357401328364 5.253362701917904 6.812640312224159 7.823633077757008 10.41867205866525 12.88498640088799 14.38771553784978 16.02950799345838 17.62532710333289 18.08448707001681 18.42090427369891 17.88541231043083 19.22317404514788 21.27135606391282 22.83717407386388 24.82898015123385 26.24860638179953 27.61671056018542 29.51026967886241 31.30182250773712 32.63134942854881 34.23181348986461 36.1343033093631 38.13314330501419 39.97463395397234 41.20715853703629
0 0 0 0 0 0 0 0 0 0 0 0 0 0 0 0 0 0 0 0 0 0 0 0 0 0 0 0 0 0 0 0 0 0 0 0 0 0 6.29479010956705 8.137522853951749 10.46265345875954 10.46265345875954 12.21488250718248 12.36550336755482 15.54941861631144 17.28248525376837 18.66569002990184 19.92941467855671 18.9256875574528 20.93550309067461 19.78139391782355 21.58382375416083 23.23834525621918 24.16844556165747 25.58198208367897 26.90513184231945 28.3560278429499 29.44211416953128 30.91511466702032 32.92231214756466 35.15628365183327 37.63490503946473 40.35799091031623 42.434396132651 43.99881719805449 44.69177828201295
0 0 0 0 0 0 0 0 0 0 0 0 0 0 0 0 0 0 0 0 0 0 0 0 0 0 0 0 0 0 0 0 0 0 0 4.456016207805681 4.824102267231392 8.354739658869827 8.14792105191141 12.98199073646113 15.19261221810786 16.42260074248487 16.42260074248487 13.6589936277171 16.12388312187698 20.27316478760343 19.09601641958732 20.71449597677621 21.80600649220252 22.81399154549739 23.64896564826699 24.87342320348212 26.33256476523581 27.07608730752385 27.78169637630679 27.80820863514109 28.71361243350137 30.22752141385917 32.04704440938289 34.59140995210556 37.60035345759412 41.31930879137764 44.74275145413478 46.94174953394671 47.78119720609261 48.11057400450356
0 0 0 0 0 0 0 0 0 0 0 0 0 0 0 0 0 0 0 0 0 0 0 0 0 0 0 0 0 0 0 0 0.7415308830086409 1.193159852299036 6.617845486400392 9.217033462914472 13.70623006642569 14.35152900497972 16.40826219514611 15.12464783830929 17.47154126621124 18.33026635500183 19.25411887376655 19.25411887376655 19.67561925319671 21.40622381789974 22.82819328640989 24.04475660691682 25.1298138791142 26.53647563204467 27.17852731053988 27.59319330240586 28.44452015718136 28.6821083801487 28.84497743110089 28.89453125960503 29.28831507349711 30.91275746602333 33.15196040854881 36.27958431632079 40.08029346221483 43.99574933669685 47.68603366857551 50.03914137518279 51.44676504285495 51.75551644198416
0 0 0 0 0 0 0 0 0 0 0 0 0 0 0 0 0 0 0 0 0 0 0 0 0 0 0 0 0 0 0.4102505030733122 3.840702974138101 7.77866803497105 12.02656741370999 13.52323667697912 16.77016380599369 17.57303384834589 20.44707485722085 20.87225296292453 21.93403241916517 19.75130770952965 20.92586622653341 22.10472019657426 23.0382314305394 24.73903929409975 25.53894681854099 27.05135999253646 28.16552197437656 28.2528565065736 29.38305419605845 29.82818848799217 29.78425684525539 29.56315485699855 29.08575322242471 29.05103588346422 29.11902720729116 29.74209096565829 31.54722870603523 34.60678803222316 38.03644810266293 42.35798828786337 46.58571740096757 50.09031178313112 52.85426501720811 54.68705286460668 55.84489014488489
0 0 0 0 0 0 0 0 0 0 0 0 0 0 0 0 0 0 0 0 0 0 0 0 0 0 0 0 0 3.2037902397256 6.499537484338919 11.14955028286378 14.92624096732462 18.18850385695217 20.5693166580501 21.38579320569137 23.73746505947107 22.63715819716475 23.44602164333836 23.57575638569175 25.47718859141158 25.93638533130135 27.05309490832325 27.83421862241443 29.0912606949547 30.24913491802588 30.57591419990044 30.88811955153096 30.9295311809078 31.13125009719012 31.81262475917632 31.63593267101731 30.50996474253986 29.49719573018678 29.14653470079759 29.23467961559717 30.36514863426511 32.88809704009135 36.06756428688728 40.32615006778688 44.9827400258837 49.38101833063906 52.87369712998761 55.46874260264194 57.31819115845106 58.65362485126262
0 0 0 0 0 0 0 0 0 0 0 0 0 0 0 0 0 0 0 0 0 0 0 0 0 1.134972692528904 1.559237054592288 5.074088987627031 7.64363489751565 11.52801901709789 12.902646227522 18.04056581524623 20.91756632159001 22.5044108605006 21.53680610780844 23.03492496154706 25.33619372361859 27.34575988211027 26.95063596903218 27.85290558596654 29.22883309632047 30.60214485970022 31.44766733563129 31.67720310107649 32.60462069938377 33.6519047475005 33.71795603214316 33.38796681818398 32.93061662270086 32.95710130320838 32.9510808673281 32.64759068257808 31.76546867788528 30.62645375149028 30.37104516888813 30.6256183454174 32.11372375663075 34.49295817425197 37.83298121986899 42.47458381798275 48.00313561764401 52.1642760844966 55.19971617053606 57.49810810176815 58.97595362339865 60.11437402928556
0 0 0 0 0 0 0 0 0 0 0 0 0 0 0 0 0 0 0 0 0 0 0 1.459204785521484 6.913515828318291 7.733659056203137 11.68537407865234 12.581819834337 17.07222133279543 17.30679743263685 21.74119118630354 22.55632797397457 26.81321796656682 24.49757702919789 24.51742158414536 25.88292516847645 27.86729598769025 30.02592291117482 31.47143911954594 32.22870875828343 33.41938752064269 34.48609034932187 35.21415706261455 35.40599265697175 35.58181237536576 36.25392550272943 36.47748414106424 35.93272767004152 35.6188821050125 35.22767727951589 35.11402224167938 34.2615254602181 33.16104463532267 32.19025824878528 32.10058178503838 32.5665167127157 34.33132152252927 36.89753745571002 40.6441949444635 45.20545360114584 50.44102651410569 54.43500470407609 56.62542676739643 58.28435880166128 59.46879562903511 60.35262315326697
0 0 0 0 0 0 0 0 0 0 0 0 0 0 0 0 0 0 0 0 0.8898158977655678 0.8950609096354997 3.347190194445155 6.545086622531003 11.2758264265962 15.8322285064754 18.31257123555408 18.17359188868354 21.90126172447762 22.63892859639028 24.57032511494219 27.69774110047996 27.84510066423458 30.139765913888 28.6519763641015 30.37936592355668 32.16255704668006 33.73304576147964 35.13098736807294 35.87661573387619 36.75856428117517 37.50031175120649 37.81931547216227 38.08431902844524 38.21158520705789 38.12587637251819 38.51373898012286 38.9813960358362 38.9601435165949 38.34581624051972 38.24282441260178 37.16816347578632 35.70571510487457 34.49121155066752 34.22140827193059 35.13393299886364 37.16542904836137 40.25526653062008 43.59167026673413 47.84679982952834 52.07900000219389 55.13461879071273 57.02626689576167 57.87140926132111 58.52945348393126 59.81463279049473
0 0 0 0 0 0 0 0 0 0 0 0 0 0 0 0 0 0 0.02647872929084564 4.780746713197394 8.130474175438099 9.976619233257132 11.55844341887391 13.15952076803969 17.7819121175383 18.61828970114282 22.18258179051539 24.70224586031603 24.46252068828078 25.65773492026337 26.87321359768415 28.33162309099977 30.35561210421355 31.93240334108551 33.21018018204181 34.71557432563568 35.98560773685131 37.16905506176917 37.41049096971827 37.86977561352494 38.87147986264097 39.73269030630478 40.09054657648754 40.11283301035106 40.69370672245252 40.95652515630629 41.70435137499771 42.46163687031163 42.87794059117942 42.31336309955903 41.68145087783765 40.50424027428461 38.92392791586935 37.72634924730141 37.86762472728552 39.04663884409526 41.23251652352242 43.95130285407401 46.92693836585661 49.6794178290273 52.37833532247043 54.50392863655198 56.12694005423869 56.61855875569243 57.11891144805578 59.09728598586144
0 0 0 0 0 0 0 0 0 0 0 0 0 0 0 0 0.414193906321608 4.820559330280909 7.909715535281509 9.562041229931387 13.40376205030279 15.6050850251418 15.6050850251418 18.88309287622937 20.47817689691516 25.46865566107734 25.96849289327899 25.53482122375607 26.59034067798005 28.12531134778205 30.80611477400135 33.12546094693603 35.02707373195167 36.34648463254865 37.404708316759 38.32858252359683 39.0898315480699 38.52845820772703 38.4912659165991 38.67179918878308 39.83602192506397 41.41367583530205 42.21405660473905 43.36330555537625 43.96089478760273 44.74915351872102 45.66591268556636 46.3231134913723 46.78068140515594 46.76615994678814 45.60906374618068 44.26422888990589 42.92355162284697 42.22469885888798 42.75502135901492 43.87966878322263 45.61008644527239 47.65317978154528 49.47445541176623 50.8695140384833 51.91521383776338 52.98502543206817 54.08702996235554 55.00833175866563 56.11219812600667 58.52425398806822
0 0 0 0 0 0 0 0 0 0 0 0 0 0 0 3.476061792488511 4.854723373088284 8.451248224140166 11.21805849360452 13.07672679683309 14.91431340448806 17.34730575879425 18.29784435841145 19.74552902012204 22.34381083775378 25.24954039995729 27.88154945153457 29.52577535895454 30.82281008430349 32.8909246223693 35.16004349522774 37.09698470412806 39.16927250673861 40.59358662301751 40.58860508993677 40.78299583887767 40.57810671794141 39.72819060072152 39.60435527431288 40.44055495520464 42.11556945562572 43.88317529464108 45.66893152442127 47.29773048126209 48.46859809865327 49.28366014512623 49.74355717793325 50.31847329579681 50.52274047090686 50.53834425216388 49.71975605595838 48.52375555182409 47.25612091145454 46.72588076993862 47.00477754710902 48.09358803333916 49.25572144010112 50.28550183269127 51.23845646098 51.61734198433926 51.59151193899079 52.02042670128268 52.72425982909446 53.4837164162937 55.46537756101071 58.3507207351058
0 0 0 0 0 0 0 0 0 0 0 0 0 1.658568976612346 5.4702292151648 7.498408075616251 11.34527011843464 12.52395117219152 13.6422014249283 12.75596139773083 14.57885802397866 16.51313277997433 19.38673947165861 22.69071050695374 25.61902053796736 28.72092658879222 31.01450106448922 33.09673736155948 34.80435698006627 37.12904528570311 39.08682321837897 40.62771835224125 42.06782797286633 43.18906780676561 42.78195652650796 42.07528037841638 41.70485222766575 41.63338622650075 42.68575718220349 44.20411402504391 46.31087652893301 48.53127387655732 50.31261560139912 51.83730704402982 53.15122420935272 53.7527289318608 54.07999795365479 54.02442353142011 54.10614649868759 53.80922798318831 53.35743661648755 52.32254577736322 51.1796313402543 50.7248966647066 50.58008142188025 51.20359992902061 51.71645418441228 52.11648160372652 52.3028644603358 52.44566346872678 52.56828083000676 52.6737719367096 53.02633486034443 53.26694347830334 54.38030729880328 57.4266888597002
0 0 0 0 0 0 0 0 0 0 0 0 1.466668639385376 5.099585172702331 10.02717669285602 13.13166238368974 14.98053419937435 16.84876350246852 15.10350162222661 16.59887028100692 18.62835591302749 19.88623041828652 22.49396711717763 25.4024104484809 29.0601614832822 32.39634871391677 34.68432469760066 36.73991829948991 38.57330097379624 40.61270792927437 42.23025750036067 43.04786454982202 43.89295032082727 44.44579803524805 44.47152493701772 43.72683192895302 43.98961566850794 45.20377483870021 47.27484762309047 49.45945044992693 51.55825410883563 53.54312448682681 55.36494975133428 56.37427133110485 57.22978686478053 57.59209019446746 57.61949457297689 57.42761333749525 57.29365296652737 57.16414102988835 56.58310892657961 55.74335935718614 54.94713649492279 54.14435775941483 53.72179692908045 53.50245001058559 53.5631776137584 53.7475703371688 53.79456811725672 54.08575969741089 54.51462192415055 54.70918132813508 54.12888667330973 53.54753218073023 54.06898206853761 55.73811224647659
0 0 0 0 0 0 0 0 0 0 0.5415838089866166 3.932143666650359 7.601346984931532 10.92516581402213 13.59645915982067 14.93509623261045 18.10174388138739 18.66350915773484 18.87283844747528 20.80415327621992 22.30256250476786 23.26018663456227 25.5921173790116 28.39486892503384 31.32773101400889 34.64287182939703 37.29249255432463 39.28419568532872 41.38627007673539 43.16616626569427 44.24532176102783 44.75939766802964 45.18220594329763 45.68667926816973 46.1224529134216 46.44679003364545 47.99287128438223 50.29362183055796 52.91050931619171 55.35351138912345 57.03949899271549 58.48262761768947 59.48885614957848 59.99262051844017 60.35448799488825 60.38982298857696 60.58266284360481 60.60104985240672 60.35356984739187 60.14232640585202 59.47280825935259 58.81787521419155 57.95711583046047 56.92410203326233 56.30549957261388 55.67617142105809 55.82069388562891 55.92389171925868 56.10927438725152 56.34676423933576 56.61353552851322 56.49533828262731 55.5962606775907 54.12632685857204 53.83863575922188 54.65500447012821
0 0 0 0 0 0 0 0 0 0 3.247443962375486 9.117064200385254 11.53280110131777 15.2175223743408 19.05011962801629 17.4060755117458 18.46683519685005 21.92449310751498 23.43051037244705 25.26540170075246 26.85036805429926 27.27491232695037 28.52123837977454 30.5550502484053 33.24758592591031 35.49554306550406 38.19908008792169 40.61242420199116 42.69917554639526 44.29282092685244 45.44275132139537 45.96696566309782 46.55350979131545 47.28579560976454 48.45373550688051 49.91947999178157 52.85421060192023 55.98665480491059 58.67330140882395 60.52150184442544 61.81245606144709 62.56640155746341 62.88447545456621 62.68838670396795 62.77630562064596 63.16556859493346 63.79867917818665 63.92188299597601 63.38887256508292 62.89952419944309 62.25544297958552 61.58305759031256 61.10773265921874 60.11162903044288 59.51310627037671 59.0356490127811 58.72189824359833 58.64564614685431 58.42102377311492 58.41592670081638 58.18604160738629 57.62053667163005 56.73612349019779 55.51610055016135 54.21188221847675 53.91629760979086
0 0 0 0 0 0 0 3.30568410324895 6.261071619201439 8.540384057388662 10.05566757571033 13.89373144357139 17.33747266920277 20.89382261787167 23.19377743354439 21.83869625978754 23.21600137924764 25.42270594621684 27.81706026039171 29.4886134029001 31.19289458940783 32.16848406257837 31.46741326945484 32.38820875338737 34.59574269778238 36.75878222938365 38.68094444893384 40.569538170747 42.67169366466259 44.56101421769433 46.1995940249891 47.43966243965137 48.31728797051055 49.65745921088121 51.94738537950443 54.58988619180286 58.01602050190457 60.9259451897967 63.31398266846057 64.83142221251617 65.69190835118523 66.04123325084498 66.0368878353238 65.90106703461453 66.04790870560232 66.59322240785639 67.45287513876148 67.49924006618053 66.50029771565129 65.49596903356704 65.33520757606432 64.97428015053028 65.17167033764696 64.78456232027095 64.03382741235876 63.44330270852424 62.35376849900406 61.24255042348788 60.44497468654322 59.80180398361349 59.38510814895468 58.61736667715923 57.80005737674587 56.68994469619267 55.47430752887144 54.1836367255607
0 0 0 0 0 1.234815169643899 5.620827692961472 10.27103301645978 13.65214202296627 15.9611710666171 17.46184600371282 18.7796396510485 19.73195088912492 21.91601533436276 24.04685085933527 26.99086329526267 27.43707781281816 29.72389158195469 31.90539776367592 33.83130079439494 35.52601131903791 36.14931340202199 34.75275733394533 34.12650094958201 35.33764839591606 37.3088260545461 38.80377231208923 40.43767600142451 42.88728534134157 45.03084623357216 47.51672127708175 49.71324681603732 51.64014403035842 53.92194060461986 56.4427336179358 59.17624040412417 61.7838114451095 64.3519741089046 66.50955917886368 68.32546242274998 69.43126564143736 69.85215588083358 70.07484899716687 70.36204188879051 70.6793981119493 71.05089518309454 71.12014645676251 70.89376485086427 69.93612495224066 69.24495237759758 69.50381846442208 69.81567699574913 70.39782800539176 70.32724926238068 69.42422290210466 68.18438757223147 66.18624574979104 63.82338993097353 62.08104590794741 60.81293347106418 60.01658884918407 59.40835193419893 58.48431418656252 57.07124800771197 55.99395822128856 54.66238561061567
0 0 0 1.285751141935683 3.429674675930672 10.46183524937617 12.33568834951514 15.15817985991003 18.32114203834797 21.20469006241149 22.07638603749737 23.36301720545254 21.64956055470552 22.94582927191482 25.85790438882063 28.8820679769768 31.71266368547406 33.84580059067892 35.80660206916424 37.11876102449492 38.29466969113584 38.48047549858188 37.14226797893968 35.32851674626956 35.44888909130867 36.78194334837599 38.845813566941 41.02303653631951 43.51804520832957 46.86620334979199 50.16566264606045 53.32055985198218 56.21848666898379 58.63225201139103 60.97502453081589 62.66280625427465 64.18258670641913 66.49581556384409 68.99335372046274 71.17530788448285 73.05899998415352 74.33454989529294 75.10318325721562 75.77607652242679 76.00435660934126 75.84875431885087 75.39206844843521 74.90138973716834 74.84867214137343 74.7614746077288 75.16894531036054 75.57106594559771 75.85229482265703 75.7769053234817 74.7588105427259 72.88658384873612 70.08912456006591 66.43253692746799 63.54092984422829 61.75094513896767 60.32473968497527 59.40587439006048 58.35128377843501 57.16828398968915 55.7590098649334 54.30410696628858
1.570897827088319 0.7473903954282399 4.072457495306166 7.362343765655367 12.0801403196601 14.0786165407729 18.6308748821367 21.03974466984769 22.67590704484182 23.76388652358348 26.65289483816002 27.70369569333858 28.19959659429367 28.38701641692636 30.82002958166576 32.82291331945409 35.01179849328201 36.72221088851783 38.15160158949092 39.40957669630831 39.73681476970688 39.90608105649945 39.55806301039474 37.97365830915978 36.81733166766077 37.11037857734968 39.44748580648774 42.02462921380661 44.86164880766154 48.73091983019046 52.89412789402911 56.59340103852178 59.93849082642632 62.29788611085792 63.80932973753766 64.90297588260208 66.36552696127974 68.5354665339874 71.35516202338779 74.13340011854784 76.71067600484412 78.95065999642287 80.55325882447117 81.06569195627506 80.96285878681059 80.49389046477978 80.31473198154649 80.37294743254002 80.72004587495748 80.70146926791973 80.51993305731563 80.56930259864839 80.86399271267064 80.4466149003663 79.50079116818057 77.38470169043201 73.88763474974981 69.18670392031986 65.08143875042079 62.11146368836615 60.12169434632161 58.68404733287029 57.3792436050769 56.23678700375095 55.15068822555382 53.34555428557881
11.71300884850305 15.40534715706251 15.40534715706251 15.78749109601036 18.63451569087796 20.74582324917952 21.90827536226737 24.3782488735917 25.37666455923352 26.92713343098193 28.32065906483265 29.14735393387642 31.91217727956724 33.76631544254912 35.02872868686454 35.94679861583097 36.55183142648654 37.81234509267907 38.84745692884528 40.03090624481887 41.08964657343062 41.99946877922396 42.4483968999437 42.1550835023472 40.58411508397618 40.12156240575586 41.72696863728296 44.05872014631288 46.92641331512657 50.31030620233242 54.31309778356511 58.09329109721723 61.2198221360528 63.83803636887023 65.67920809849534 66.93778753479366 68.6622224958768 71.04009729424931 73.81566660961315 76.89434120197946 80.05467178686055 82.88809721080996 84.82809579777654 85.4794449759051 85.23629877832882 85.22675833905883 85.70679689756129 86.33427781119455 86.10705510047572 85.54969034670836 84.8369412557271 84.71543089328601 84.99114017058814 84.85262505037075 83.73808583247055 81.42450469491806 77.20539980739252 71.84860141883605 66.41009593608442 62.1913325140626 59.70774723586868 57.62946107377493 56.23777830456939 54.90085753423926 54.1666302700305 52.47247570755206
19.23448743228733 22.32183144137527 22.88281455698597 23.58814615860686 24.43464411115486 24.47321606271052 25.63151541786559 26.51317652779175 27.10760794276221 29.69579037348917 31.36711730148049 33.46159286144078 36.45063564600899 38.41881089437629 38.93890535194975 38.78356957489637 38.13062710889866 37.58526071387463 38.69704357790928 40.47033685403669 42.65007056971684 44.80338561229132 46.49567776834338 47.06910621830914 46.45830619968208 45.52281889513093 45.41268426690602 46.61458686837256 48.80378185356395 51.63197203634049 54.54653095830592 57.70186499109059 61.06159342046378 64.32089528330279 67.22282872618268 69.21832894564625 70.9974626642787 73.04500036130037 75.77528625921209 78.9429414394606 82.59739653267631 85.81284090689867 87.89907858166319 88.82223199554637 89.33740757709946 90.03577256131848 91.26673996839787 92.04406956056081 91.58690494043017 90.25538709340124 89.17330867094621 88.70705532877986 88.73116580577316 88.70518513825596 87.24791174289935 84.64910369563344 80.03234579155126 74.11945953231729 67.88303115727227 62.76055364958317 59.23824013875547 57.11114442945719 55.13369185894203 54.00715158813953 52.93754137928543 51.98334340945828
