benchmarks/avaHitNullTest/relHit_8e7eda03a1_C_L_null_dfa_pfv.asc
ncols        525
nrows        445
xllcorner    272768.921744369029
yllcorner    357500.195326280023
cellsize     5.000000000000
NODATA_value nan
[rows 216 to 242 of 445, columns 122 to 182 of 525]
0 0 0 0 0 0 0 0 0 0 0 0 5.045396221870453779 5.045396221870453779 4.8911746374743501065 4.8911746374743501065 6.241376669285857659 6.3708147827200951596 6.4092975800907616701 6.5480506615000830806 6.58415105622086827 6.7518009422410951714 7.3625264820740836669 7.368665682134311723 7.6206389934060707603 7.2978405596795772325 6.7271061689482003487 6.2352510089337558341 6.1964665309485713607 6.2270980408420033569 6.3939262658851241383 6.4333923262156931244 6.4663035255224077247 6.2022580346865199274 4.8269893862984165622 4.4313825001680493543 4.937535526368907135 4.937535526368907135 4.9264641704911023012 4.6493598500932389328 4.6649470041214078364 4.6431922122069666514 4.6431922122069666514 4.361569095605995372 4.5562488262561293695 3.7356806704284459819 3.7144766406407492276 3.3012138930483079236 3.2360807441329253464 0 0 0 0 0 3.4384577925952326538 3.8022131286741074341 5.5439870741816212885 5.7043323375047307877 18.38634681255024006 20.029567131394941271 25.962753933977648302
0 0 0 0 0 0 0 0 0 0 0 0 4.1863913833705250767 4.5119179666917146321 4.5169873907389623824 4.25310375068830826 4.25310375068830826 5.0497177571879294788 6.385833957938054084 6.4238800865897527359 6.4953189289748003432 6.6444953048153365671 6.7085006558874571425 6.8161854015339145008 6.970656242111764378 7.0891552512376083683 6.736481239581850744 6.1351472820974519706 6.090594474982058415 5.9196464852896424347 6.0007899222985257026 6.1874642645749542424 6.2753977681697055147 6.3927652703276045543 5.6131885695286172222 4.7134769800494584757 4.3269109814486164112 4.5975816686738433248 4.5437504332720504152 4.4838189370211489759 4.5468629218401694914 4.4569892303041669379 4.3887952506399505737 4.3861142159959616293 3.9313392897213126354 4.006297316981155987 4.2929481964359617052 4.3573770748422226973 4.1192108869271120142 3.6471705425046483384 2.8478860632959119847 0 0 0 0 0 0 0 4.1624990005954538574 15.441458122422227817 19.603340654490608586
0 0 0 0 0 0 0 0 0 0 0 0 0 4.5421369745343671553 4.5421369745343671553 4.107335418159825835 4.107335418159825835 3.9172555913996141008 3.9852366964919450076 6.3580937769715140107 6.4372627529523249734 6.6878334240043191272 6.9268519913813753064 6.9268881941303979133 6.6186324922024750705 6.5971222580456556628 6.4688284032852187977 6.1694044022282250594 5.8957422626349638151 5.6326238041023941605 5.5262997123640795749 5.8531455570508423847 6.0843207354371546813 6.445791628519453198 6.2483582124128158597 5.1620750114660411967 4.2111179623872265765 4.3276275013772078637 4.3931861422714799659 4.5444336403312393102 4.6192186614452745985 4.5411390777740088254 4.0874662650183823942 4.0642867930824921885 4.0739069112270440698 4.0238912222292926302 4.6246536407363212362 4.4377967089050578409 4.3728360590390469298 3.9871999285606913865 3.2478077699345577756 2.7936736783508453463 0 0 0 0 0 0 0 0 16.436470449164040986
0 0 0 0 0 0 0 0 0 0 0 0 0 3.8674147349214766933 4.0983046881095264169 4.145043799914358118 4.1452287588898801829 3.8970046660213868428 3.9852366964919454517 3.8868032776530681005 6.3830840554288643673 6.8630349229777376507 6.9956878616778404023 7.0802512190190993735 7.0423342182139743173 6.6523460859364851316 6.3906149307823136851 6.3428795603393082203 5.93411327035001257 5.5519513200175927281 5.3156516208398922885 5.3323596125163295056 5.6434112126470470372 6.2347582488742387952 6.2483582124128158597 5.8766127549062447954 4.7440467167488771238 3.9719960068190034441 4.4672862341368242411 4.5166820352958954032 4.6607303696315369734 4.5829471600041298274 4.2804441804704600472 3.9820503344254438716 3.9532474574529179456 4.0238912222292926302 4.0285033879839593496 4.6246536407363212362 4.3728360590390469298 4.1213139808818093357 4.0687538139404759718 3.535130532343893961 3.535130532343893961 0 0 0 0 0 0 0 0
0 0 0 0 0 0 0 0 0 0 0 0 0 0 3.7867723511782944712 4.1324609247500205811 4.1324609247500205811 4.0784319793564440815 0 3.6579359477018567048 3.6240369477989835545 5.6440368870719934691 7.1078486463776862081 7.0295568268959414127 6.990905886819816395 6.9157237784732696895 6.4827970938834047487 6.3766801522479994446 6.1904449573990296685 5.6777775419586058447 5.343797642656492819 4.9319714615143412928 5.2161445179904841751 5.6027009037884543119 5.9655521603334316083 5.8766127549062447954 5.6221442202974323266 4.5157404031021588509 4.2234962317654991537 4.5364437877548597911 4.4996481113366684212 4.7285073665823080802 4.4285958711562187773 4.3327804478984868197 4.1074554312907043396 4.0958981487291348245 4.2313290129370431103 4.0835530231927039679 4.2787662416903327056 4.1739293626154783112 4.1919621229794268302 4.3348374076664777377 4.3348374076664777377 3.5378774497282794442 0 0 0 0 0 0 0
0 0 0 0 0 0 0 0 0 0 0 0 0 0 0 4.1372895170054624359 4.1511010269395756112 4.1463159283639869912 4.0060347164260887709 0 3.5712205223814663668 3.6440653245990164422 5.660149159108406991 7.0352838612230597093 6.787909865007772936 6.7484056151634330689 6.6802217706442803546 6.2731705295259949651 6.2036940825043229708 5.9748314898018728414 5.6400654613856113784 4.9182155706637153969 4.4883216654271054225 5.4667837074757450466 5.6377810869507971603 5.6737191997267277799 5.6221442202974323266 5.4923012691060266732 4.5971363454137410542 4.4090051265348551013 4.5095178813332958967 4.756604704706786535 4.9193686607001465561 4.8533642721013974253 4.5706256640126330382 4.1116828058143157776 4.2313290129370431103 4.234751746026752528 4.0891976846517810174 4.2421733107566383936 4.4393928481007334241 4.4464539239636824419 4.6021115910363761259 4.4994324370450646811 3.4366989796490456932 0 0 0 0 0 0
0 0 0 0 0 0 0 0 0 0 0 0 0 0 0 0 4.1666400734799422523 4.1666400734799422523 3.9683228856986869637 3.8124922988356124698 0 3.6440653245990164422 3.712431533013952123 5.3605430926902934985 6.7348562574086807686 6.5466097705562571463 6.4915166049406938242 6.3787932119349992632 6.1826501032509968425 6.2076162014785500887 5.9419129603674845086 5.7936203351607664658 5.3496186860070578106 5.1346345781051692114 5.7541192698636640657 5.6837280826180673898 5.6730582832540479288 5.4923012691060275614 5.1110521488290814318 4.6406864761065680369 4.6488854558541374828 4.8768809637718026906 5.0622744143101732206 4.9346024314864349591 4.6228998519695023717 4.7118318854384027006 4.4958193802739154776 4.4958193802739154776 4.2421733107566392817 4.1010340846578490215 4.4302274357776143532 4.7628684443077196065 4.6021115910363761259 4.5782045977124923297 4.3157299473133505785 3.7516540817240175976 0 0 0 0 0
0 0 0 0 0 0 0 0 0 0 0 0 0 0 0 0 3.7133336881420158093 3.9226832316267388201 3.9226832316267388201 3.8124922988356124698 3.7083495887408814973 0 3.5407771327508230641 3.5374648884690631512 3.5435247800169231702 6.4591486129259481075 6.3108319542342821151 6.2933336680613169989 6.2627526188159139409 6.340906979959615164 6.4237836499811740154 6.1535364565287151706 5.911422833832613577 5.8525045806113880076 5.8239023890388281757 5.8239023890388281757 5.6116741209615730313 5.5275017396191428176 5.2036340352151473354 4.7373021305019449301 4.6828448363366659279 4.8246742496763248553 4.9510556046806195596 5.1940830044705963431 4.9037422080592936169 4.9037422080592936169 4.8300816408124909174 4.6324673882276661274 4.6324673882276661274 4.0125690630048236329 3.9281392160185655271 4.8395637755297675753 4.8395637755297675753 4.5782045977124923297 4.3481530183373093834 4.0840025532054697877 3.7891808609974382271 0 0 0 0
0 0 0 0 0 0 0 0 0 0 0 0 0 0 0 0 0 3.569288602028021451 3.8224780494113654861 3.8224780494113654861 3.7797527889859567907 3.7797527889859572348 0 3.5040074499711097999 3.5782673860561371448 3.4613655310589352965 6.2660805846710063705 6.1795459533859338208 6.3020839140430249259 6.3863785844441043338 6.6717669225325595406 6.7057880140753693965 6.4647132735919363711 5.99959418256632393 5.9055009474244055667 5.4848891869900144869 5.6132119455864124546 5.3975720481122007044 5.3412184887837215186 5.1741819746305663941 4.7529140523324020506 4.9076436968285541695 5.1140362942632915377 5.2280752990009862202 5.2613201141451266807 5.1068817961740426981 5.0618567266201122123 4.9588082906174637543 4.6412242050501664181 4.4931563317344629382 4.0565638978727607267 4.1486734575257271374 4.8256202473253582141 4.8256202473253582141 4.3481530183373093834 4.0985251163285942866 3.8789689657685064716 3.8343518883874150305 3.6342576425859540734 0 0
0 0 0 0 0 0 0 0 0 0 0 0 0 0 0 0 0 0 3.7978044569934401586 4.0555247645882062102 4.046203440385261807 3.7797527889859567907 3.6141595576224019304 0 3.5782673860561375889 3.4890111883362946443 5.5775189403821272549 6.2479328429179741278 6.3273523024213043087 6.5552593586892662358 6.7464256834684590558 7.050748564196669399 7.0238467151756127649 6.4952023847145508029 6.0381316893819496627 5.5171088330460680282 5.5171088330460680282 5.2442039075281154936 5.3673222478113924439 5.3272403734304774048 5.290848262217195952 4.9876515462366661779 5.2295325369394456416 5.3105379675899557768 5.3024183202989156882 5.2498277462074955935 5.1873066288406022295 5.1172326918039994226 4.9118881907306608525 4.5910189832093202256 4.1721618049228261782 4.3825043103722567395 4.0209142152908938783 4.5839030286369206735 4.5839030286369206735 4.0985251163285942866 4.0974166336137916034 4.0974166336137916034 3.7699766751289027766 3.0004357910128089948 0
0 0 0 0 0 0 0 0 0 0 0 0 0 0 0 0 0 0 0 4.0703870371297421471 4.0703870371297430353 3.9576482380942379358 3.8101034068173720293 0 3.3384062537341918642 3.5588062431528335594 3.8088980068512245936 6.2647467699821151044 6.368164428502375074 6.5615816031329483593 6.8405918715839026945 7.18627021827250001 7.3203399435854379362 7.0361873132345795767 6.658778477602695034 5.8475440672836382916 5.0517735040233997523 5.0416975692686536448 5.3308340924646655523 5.4817563673566205296 5.3001260455578789177 5.1601073023465637846 5.2502158861271537305 5.1493610757709618042 5.3332556133060009529 5.4621084424624370968 5.3250811975991698688 5.2339346366336618743 4.9646199271344810811 4.9200173472865538216 4.4063572498213767759 4.3803869128558359236 4.4200051673315527978 3.8454415248517483938 4.2857221656610420268 4.3093079241705183335 4.1983973831969558788 4.1656539598497150934 4.1670709027811190239 3.8350769403373758948 3.8350769403373758948
0 0 0 0 0 0 0 0 0 0 0 0 0 0 0 0 0 0 0 0 4.0694196221350722453 4.0694196221350722453 3.9588497622368361561 3.9588497622368361561 0 3.8021633924652968872 4.2259558879174248247 5.0879570510440554898 6.6314505131863361598 6.6840997947793079348 6.8482969794994739132 7.168855573092645983 7.4635353126743666508 7.3973997574937708777 7.1067203732953991846 6.391725393494346541 5.7902812660071978357 5.1886508283593180124 5.3861603611485566745 5.2857591577949047945 5.263130607379075343 5.3330044081837613135 5.2449576805915114619 5.5390731463334246243 5.5294636082114152487 5.7971091856559615607 5.7649695148676807221 5.3298171367222204609 5.1410024025423206595 4.9200173472865538216 4.885408972818849449 4.5095761705635020178 4.4346462552606951135 4.4260870157862335361 3.9563164184854358041 4.3093079241705183335 4.3621736174411509523 4.3621736174411500642 4.1670709027811190239 3.8350769403373758948 3.8350769403373763389
0 0 0 0 0 0 0 0 0 0 0 0 0 0 0 0 0 0 0 0 3.7697536345738180685 4.0251029469589729715 4.0251029469589729715 3.9588497622368361561 3.6893657740012750779 3.8021633924652964431 4.1845602791651144159 4.5574704113072641576 5.1529413401204768874 6.5146868126185326631 6.9695950826443118231 7.1867913499502869001 7.5290278815349838126 7.7296676001965414216 7.6225691517856279944 7.6182678896136311053 6.3874749699143391624 5.5386531036041981579 5.4303621987191403875 5.4296360841197648384 5.3796488256080081669 5.3668449177068904277 5.6549709833139907289 5.6748876340762341997 6.0777762043349312648 5.9948595536848081622 5.7794437163076928243 5.5426407108983797301 5.122952858948731425 4.9719327626011819987 4.885408972818849449 4.8321341332040281813 4.6273939044150758093 4.6273939044150766975 4.2460849684127444092 4.2656250269505875394 4.3466008005262892766 4.3697001678167675109 4.4170767911027342123 4.0939474809717060211 4.0090846921432170546
0 0 0 0 0 0 0 0 0 0 0 0 0 0 0 0 0 0 0 0 0 3.5770578910587187416 3.8586972669422801019 3.8909793548828259802 3.8909793548828259802 0 4.1845602791651144159 4.5574704113072641576 4.7224682918641898155 6.5364517282343470583 6.758485422667791731 7.2141604201025293364 7.5609960722730580329 7.9899255204006349729 8.0939890262383098474 7.6845824796561288395 7.7204637899692771796 5.7723264355145422755 5.5385874458684334343 5.5429777866106713091 5.3268843429275811729 5.4349508470527378989 5.831779328121108108 6.1619209436639534871 6.2709607078021631921 5.7370089349665835954 5.8799062258956178439 5.4808874527192044113 5.2502416720313105358 5.0592410562946472652 5.039821740938254635 4.9508988949349852504 4.6766553650760815941 4.4579222761980030754 4.3497747724531281577 4.2656250269505875394 4.334916853793732372 4.403563172241048207 4.4939664179519072107 4.5632784497658205325 4.5589844825874399348
0 0 0 0 0 0 0 0 0 0 0 0 0 0 0 0 0 0 0 0 0 0 3.8586972669422801019 3.8614661688602960332 4.0333998135597930457 4.0333998135597930457 3.8376125712051853966 3.8654278413212299625 4.8139604860069526993 4.9753468322665357348 6.5130917682099793709 7.3578505039221786532 7.7497726905513451001 8.1128283997778503078 8.26140155205518667 8.0146212527644067336 7.5622578460639138243 6.1056083533359633009 5.7327012648007737994 5.5430044516818881561 5.6318955460029131999 5.4439377930558077168 5.6497193540369803344 6.0289112983669275181 6.1328554510799468957 6.1772412593066441389 5.6529909662461728104 5.2692600688057043001 5.217824317437687931 4.9483300357056796415 4.9508988949349852504 4.9508988949349852504 4.8278878930684632209 4.4204194050586860243 3.959028028512364461 4.1602082605652634939 4.4136448938605949976 4.5345986041172459124 4.3024367283140669826 4.6823688818585251781 4.7832687348228182245
0 0 0 0 0 0 0 0 0 0 0 0 0 0 0 0 0 0 0 0 0 0 3.4956693199843718034 3.9051573287001435375 4.0190276562953641815 4.0234548045877485123 3.8766975779896433174 3.8090526452840136606 4.2693371168876010913 4.9753468322665357348 6.5389479681389310883 6.7195535729374178402 7.6571209249873710689 7.8762011236898992195 8.2600812202247126947 8.1158476445520975062 7.4779062157045412818 7.322578573402891422 5.9416543858386878796 5.9416543858386878796 5.6932985475013158094 5.2320041460529669308 5.212546056520601212 5.8894076278784952549 6.0862752352177764692 6.1393293668114177208 5.2486855734420370112 4.659448633881224211 4.8523795008764132319 4.745450362506977271 4.833993148801430273 4.8278878930684632209 4.8278878930684632209 4.4547686602770824038 4.105417233864153026 4.5783761961585014433 4.6822008611072085671 4.9797312065811452086 5.0785170412592570699 4.7832687348228182245 4.927664777929863682
0 0 0 0 0 0 0 0 0 0 0 0 0 0 0 0 0 0 0 0 0 0 0 3.7475830899727959888 4.0103790343232663673 4.271580888389340025 4.271580888389340025 3.8090526452840141047 3.9703254506138976332 4.8063151882412311622 5.1815344934340217264 6.3961415564766612718 7.5006554480052294309 7.656633252748155094 8.0727836660085205978 8.1049385137341278806 7.7296673811694338596 6.7671731474990375332 5.8294635092477333771 5.4939554661502114641 5.5051471279512895762 5.1181531121822487762 4.802383317487374903 5.6867610142771756188 5.6615286207245425487 5.7083273092952371286 5.8642481650362245915 4.6608375683666345424 4.4399401641033096055 4.4817559057009557222 4.5954835099761224271 4.7609091440200286272 4.6941500143962038294 4.6814986087327863373 4.8534418374724186407 4.4800494030547719504 4.9583696251010023204 5.1889483896788997086 5.2393551880253204089 5.1512572795478623888 4.9095723508275765923
0 0 0 0 0 0 0 0 0 0 0 0 0 0 0 0 0 0 0 0 0 0 0 0 3.8736992339272897645 4.4124013009795755025 4.407922018556574173 4.3296077432802206886 4.2190769080509227251 4.8063151882412311622 5.0253091181860884973 6.2104868433482023349 7.3989983989025960298 7.4639555897440725829 7.76220371801386122 7.9023689134482406615 7.6633101747113467894 6.8948511614550680449 6.4202345302028236418 5.5867654104410355842 5.6379524223681993789 5.2238532236455066382 5.120786474587780468 5.0613505664003879403 5.4765553366778956246 5.9012341183234049424 5.8927790086587332752 5.7074100940547305427 4.6457150984091244439 4.6457150984091253321 4.3365479706734824106 4.6975412827969611484 4.8266494458361144382 4.9818229773726052656 4.8534418374724186407 4.9119508076715678868 4.7928397184346502868 5.157965510359646899 5.3109569225431316752 5.2844891121459793837 5.5193634921414522765
0 0 0 0 0 0 0 0 0 0 0 0 0 0 0 0 0 0 0 0 0 0 0 0 0 4.4788110270166248128 4.478811027016625701 4.3944075292188937709 4.3944075292188937709 4.2190769080509227251 5.2486570846012785552 6.7701288787537352576 6.7677623475354318217 7.3038560195718247314 7.4544402708620216558 7.7355845014205568688 7.7479857169705814712 7.2211588717198136322 6.8101899396218303906 5.8335428576827741409 5.5486356472859981182 4.878830943917686902 5.1094523122698092266 5.0613505664003879403 5.3967406405468496544 5.7612298458659996214 6.0347082308715993548 5.7302342743007486092 4.7667279351056386361 4.6669060306497174295 4.3287351919087146968 4.3287351919087138086 4.9818229773726052656 4.9818229773726052656 4.907941413644699935 4.9119508076715678868 4.7156855009197391482 4.9473509352427722519 5.2620521359082532697 5.340200167332668002 5.6953815288842042364
0 0 0 0 0 0 0 0 0 0 0 0 0 0 0 0 0 0 0 0 0 0 0 0 0 4.0708162206895774915 4.3727621939840268794 4.3727621939840259913 4.4978013773563487732 4.4978013773563487732 5.2486570846012785552 6.7701288787537343694 6.8278056178269874721 6.8250945433575997967 7.3001297726353673312 7.7806951554130501236 7.8807198813842669338 7.623996853674998242 7.2098180501780575469 5.8335428576827741409 5.4297255024203394669 5.6008022798078256344 5.0971759417934334735 5.073108844170409526 5.1025179866260419459 5.5240005113299561756 6.0645759614037615393 5.7972782371977631399 4.9016949026311813498 4.6404416951355633714 3.9875386420381828678 4.3634647330735081283 4.3634647330735081283 4.7921021945918447216 4.7921021945918447216 4.8507709733954804676 4.9181845766174827617 5.1525956123435285861 5.1525956123435285861 5.0469147575780093362 5.6953815288842042364
0 0 0 0 0 0 0 0 0 0 0 0 0 0 0 0 0 0 0 0 0 0 0 0 0 0 4.2122307379846688491 4.4319574508013470648 4.6774792004053340477 4.651711091560117417 4.1226945932014027463 5.0492284824323778736 6.575752790039270046 6.4475174047874652672 7.3065343944813747612 7.7977704857827685458 8.1003288967937265852 7.9963680767725460186 7.4923559754147923684 7.4497944053526925501 5.691533054417410753 5.2749043996107163323 4.6455281094562019817 4.6081501603778773912 5.1478932619346142729 5.17901382202089966 5.7410356014755006271 5.8022152206674366681 4.9016949026311813498 5.021097649150793707 5.021097649150793707 3.9458547531242480488 4.2983316845897352465 4.2983316845897352465 4.6288172652947991992 4.8137422590639360465 5.0464804440900392635 5.3376709092171008564 5.3966447705095053067 5.0222476035709560094 4.9746076277078969952
0 0 0 0 0 0 0 0 0 0 0 0 0 0 0 0 0 0 0 0 0 0 0 0 0 0 0 4.3075806815285684337 4.4986004956381320241 4.6886183996704637877 4.6886183996704637877 5.0492284824323787618 6.4652296595044163041 6.4602448335167421689 7.2988726117305882113 7.6747647045651152808 8.0699505624798106851 8.1767250043524128955 7.7243052093492998722 7.2730866919296293105 5.892654545021136947 5.2749043996107163323 5.1783257500818500318 4.5798002343415475934 4.5798002343415475934 4.9755264809780230806 5.5234390949090110823 5.5240655761106598476 5.3005573635810208089 5.3132375240593976429 5.4205425240753308813 5.1228713312089357856 4.1808461357469326458 4.012949847038264295 4.3988213571583303363 4.6943643885039625374 5.1970871155419899878 5.1571666690183661785 5.34148160049220877 5.4815647005848724405 5.1699780718615588881
0 0 0 0 0 0 0 0 0 0 0 0 0 0 0 0 0 0 0 0 0 0 0 0 0 0 0 0 4.2460050581648980383 4.5343478408738846497 4.5066438056614925856 4.2025010194227343518 6.4652296595044163041 6.4982274271214794936 6.8945866328800091694 7.3238158389127550052 7.8023356952891624871 8.0273966757143266904 7.8423074921920505886 7.3850799410570182602 7.1378470252988392986 5.2944690626304975467 4.78517932068578844 4.3151334964577641173 4.3228190960543697585 4.1879626902499005325 5.4353944289619775532 5.6862059679156482517 5.833279492939150046 5.6871724013634805672 5.4078857893043865701 5.2007912384046930399 4.0708277688227463287 4.3075949168554954483 4.4266719870962676353 4.994404015294134247 5.1347555230049044539 5.4426048255930501441 5.1684300565507621528 5.1506934426437167573 5.3071787554480396309
0 0 0 0 0 0 0 0 0 0 0 0 0 0 0 0 0 0 0 0 0 0 0 0 0 0 0 0 0 4.4948907882066313491 4.4948907882066304609 4.3095343032056669941 5.1414389865540588431 6.352128135726019309 6.4977804583367575475 6.8320071466294765017 7.5717625298668584932 7.8002587199964565912 7.8141791714559172277 7.5775513210726090918 7.383539386412202532 5.3530181642390006758 5.0449541713371166551 4.5251425668484870357 4.4881366899951569138 4.2439205038385789948 5.4353944289619775532 5.7937849787927522272 6.0606229158986684169 5.7938835258043912546 5.7420743934877229719 5.2779945078854959561 5.2223597457240371611 4.3553781615160298557 4.8314918008700704632 4.5849167904786432004 5.4426048255930501441 5.4426048255930501441 5.46837292866898661 5.0576886135625018781 5.0890636066445340546
0 0 0 0 0 0 0 0 0 0 0 0 0 0 0 0 0 0 0 0 0 0 0 0 0 0 0 0 0 3.8827112064600628472 4.3095343032056669941 4.3095343032056669941 4.1814900171493594172 6.3949973580171537435 6.3959505622868766395 6.6124848586372957371 7.4180310572094114718 7.6399276765333272721 7.9267333198850202791 7.7448735260812577863 7.4179411388020666251 5.4885590169834923557 5.1750762247673121053 4.7291001672079255869 4.7291001672079255869 4.355809461882507172 4.8651158898155975052 5.6721628930138408009 5.8279122725696845819 5.8718804466135576803 5.4531164579659590075 5.3784265600961278508 5.381026080598793726 4.0376966910609830563 4.8236061379882899658 4.6382021334372067756 4.9238425865565060846 5.46837292866898661 5.46837292866898661 5.2400933763226813511 4.8877477040802039809
0 0 0 0 0 0 0 0 0 0 0 0 0 0 0 0 0 0 0 0 0 0 0 0 0 0 0 0 0 0 3.7603869764553636834 4.2123303238521989655 4.2156318966127948045 6.0287362964780646379 6.435332753685896634 6.8125316555903649984 7.3599788635943506065 7.6761330780743755042 8.0589398251047867916 7.9619157231305983657 7.3547416846040247762 6.7807438372790898029 5.3364994245649359783 4.6583054052395098665 4.7291001672079255869 4.6259181661188559787 4.6571057756956122375 5.4486811790313609549 5.8693712425338100402 5.8815213975950699776 5.7312431601186926144 5.6144656724954646876 5.5503221642295033078 5.5503221642295033078 4.779465240971312312 4.9642581592443111305 4.8099246435583546955 5.1771015871465912994 5.2400933763226813511 5.2400933763226813511 4.6696582211595591971
0 0 0 0 0 0 0 0 0 0 0 0 0 0 0 0 0 0 0 0 0 0 0 0 0 0 0 0 0 0 0 4.2202737382072648131 4.2202737382072648131 4.4723124556043192257 6.7237242899959692721 6.955001683431425441 7.506280462501617734 7.7393448938245859026 7.9881609030397564553 8.0237194892558676429 7.5420598484000658246 6.949387655215772952 5.4863169994002021213 5.0817114256934319272 4.9510840023206048599 4.792252711372058549 4.8260864161480352408 5.4511621630490081358 5.8245936085671754512 5.8168274698582305149 6.1081066267951165116 5.6653431724486074117 5.6645489842477712017 5.6478932619951853766 4.779465240971312312 4.9642581592443120186 4.9718332747661762028 4.9957150981938882595 4.7392455085250331237 4.6620343452792845085 4.5280275350020033898
