benchmarks/avaHitNullTest/relHit_8e7eda03a1_C_L_null_dfa_pft.asc
ncols        525
nrows        445
xllcorner    272768.921744369029
yllcorner    357500.195326280023
cellsize     5.000000000000
NODATA_value nan
[rows 243 to 269 of 445, columns 180 to 239 of 525]
0.17776335685579483514 0.18028075553261774244 0.20884838199548011461 0.18638134232395650591 0.17846970078251125913 0.15253550893971332125 0.18686039629927167494 0.19957070579293700874 0.22493730790835042566 0.19453867370434299588 0.099127721631741980146 0.25141179230230764619 0.20025672654368009695 0.090849760614961000416 0.18851526567664925182 0.1970182301895384569 0.20327280558893168205 0.22293591978814139565 0.18836721786543497714 0.18980978306174983716 0.20524357240335805441 0.200658776943293371 0 0 0 0 0 0.026639340810658183878 0.28022430906346629254 0.64495719317552846483 0.87745216165589612345 0.97803322579720874952 1.0842659164407821848 1.1078335877974934132 1.1157650466355848451 1.1312085447048343401 1.1584684366181094983 1.2158805578493754318 1.1901356331020060964 1.2056589262531920426 1.2529363973911697983 1.3679050059672128725 1.4725873871695374095 1.5723866938085508949 1.6248168992461944349 1.6141546787910761029 1.6484271382480799595 1.7191075416420174005 1.7931950457648917485 1.8295007985461668731 1.7957557028576442981 1.7737994143478725828 1.7121603759038206416 1.6899444657678515114 1.7940256345113536618 1.873299855106961509 1.8055940935038841122 1.7734332299609631978 1.6986426109696084463 1.6383968925130163452
0.20235197094340473534 0.12772604049990382569 0.12650843624795871101 0.2093723300200137083 0.179886957155104249 0.18540945820457829796 0.17650311020091488667 0.171011999258513403 0.20610817599853195614 0.24805720904433189999 0.20604346808236886912 0.16908973287060549695 0.19705639711818301318 0.26569507741369458031 0.1633923378650775915 0.065254757410371136417 0.13856970379295635576 0.18950785100539641048 0.19699784400257555617 0.16549830632060813507 0.034003172638956448426 0.015516112250339782197 0 0 0 0 0 0 0.020317824757683882603 0.25517068835260725557 0.61021515303627438254 0.83437922981662326904 0.91615147745015346192 1.0257918597862656362 1.0868156153173991196 1.0904682186106984254 1.1217517788671953483 1.1333250967561641076 1.1902461084765807442 1.1688983467254525639 1.1530709038941031608 1.2409241647551698673 1.3248316877999428698 1.4156855277318738384 1.5120649569238975296 1.601287469930521512 1.6162506913632050942 1.6448257709843521202 1.6858655419187400515 1.7543229137867355494 1.7538542303924957722 1.7046669332428709964 1.6499514997166253583 1.6297312323029355952 1.6752782729893622715 1.7482154227503559074 1.8247486867096824881 1.7841381134988962831 1.7409101844087608857 1.6960455210819653793
0.20002919339813551858 0.20611616158233750373 0.17774795424856437709 0.12087205386180545352 0.23424241610695259452 0.19020952384408409963 0.18868293595268198493 0.17463490405818546392 0.1156219371200266216 0.17062026020098719492 0.20101395834694718578 0.17325882578413306923 0.19561080988667481351 0.10408113361527987495 0.25506511837428125222 0.26532824627900258863 0.14697439019643632196 0.045407454163652799517 0.017460787086374950777 0.049571441446410513532 0 0 0 0 0 0 0 0 0 0.016200480549156754534 0.22030197890264338612 0.56454396022896347063 0.77248162711747925258 0.88775511923184624585 1.0103284078932732726 1.0941286490488637551 1.0937062146662437367 1.1182644728759829622 1.1141717337252419195 1.1256386498655661654 1.1347201059451754723 1.1411860199893102408 1.1962535071366984241 1.2824830724772475765 1.3430733654797035737 1.4357439382475782885 1.5326807729946207992 1.5956548183335270696 1.6267137947048408986 1.6465141944748387104 1.6675346107677522234 1.6788860092145720948 1.6489457296759222338 1.6490996959563706259 1.6180039760933240256 1.6596191440905554426 1.7056681546076148948 1.7636183650060590633 1.7698576604787541466 1.749650458803822195
0.096973681494904540035 0.21126469884974810598 0.180622639298757659 0.20566768701582816004 0.14902571778362821986 0.15231400949767079367 0.19133697110717651224 0.18006672713205626457 0.13632541890834906639 0.11532476269049217465 0.19517534859562263305 0.18870110281422458609 0.17969366071002065843 0.19367544162287853027 0.17530749792933783548 0.17680826989509085267 0.24803580321340312764 0.23090585396816859509 0.17430888303768221625 0.072418038544740881424 0.014788666795329532058 0 0 0 0 0 0 0 0 0 0.011093316796524197929 0.19723722682323935329 0.50532576915121341088 0.73794835018337046062 0.87349401834447637505 0.99355936093764041228 1.0834173633571735351 1.0875475475628282318 1.096580974748212256 1.0739299049747117465 1.1101691161531155316 1.0804220710680425555 1.0744159784583635631 1.0846092592976950275 1.1862390584123112536 1.276227870265040254 1.3525141503227631201 1.4434379593052102386 1.5167227444847475315 1.5749189850277609537 1.6064455592417223873 1.5815885885016496282 1.6192725170211150765 1.6046918830619059104 1.6091408514933334128 1.6404918223099831387 1.6449980598370232965 1.6745115259249674367 1.7308281135047174359 1.7630449048061143102
0.026840800381353894372 0.11632283227268985781 0.20820234440769672113 0.1474206444838659924 0.2037297968741145493 0.16056492708295308502 0.15653862734004059254 0.18665311450666133286 0.17219709717831363505 0.17997126350353134794 0.17238174653473353759 0.13811245586666781593 0.18004192222337006557 0.22208060282741856617 0.18976554108249354957 0.17117692354276578537 0.15448920673004323811 0.14421207995743895447 0.22229263574797528125 0.21308474975767879855 0.047375380503342001681 0 0 0 0 0 0 0 0 0 0 0.0097591740448431038568 0.18896419871517788902 0.49007566399478524888 0.72077266848370080687 0.83531580559643425765 0.9590127579370498756 1.0651480128627113242 1.0591036673978262428 1.061986007391229947 1.0501986204516002843 1.0812161204353314403 1.0566225138876461642 1.0404290292680795638 1.0531705785277776233 1.1210237267046780918 1.1964032218312925515 1.2981038959888648865 1.3887867892114360568 1.4302300748354395132 1.5147070134779707651 1.5447021886712108962 1.5484736004946979548 1.5836967579866185751 1.5732420075061606113 1.5901304214241653856 1.5887943640614634599 1.617777620713275688 1.6531909789678667089 1.6855930900656623805
0.12280205143847727767 0.01543761001894307025 0.13700430739405308755 0.21434514006685262411 0.12607859808348320652 0.20300263279268335181 0.1489793183758732209 0.14477658877359278478 0.1871233920164170339 0.21756000378716669474 0.24132180611220988009 0.16224060184347199876 0.15730000275933364584 0.19511610864778886065 0.19822708655463613936 0.11522606143856223282 0.086262057876050998728 0.18388500571572188869 0.11517654761584351919 0.028942036889923045823 0 0 0 0 0 0 0 0 0 0 0 0 0.0083805484863321844102 0.15978747715506466665 0.4949717401629588065 0.68409388095403222962 0.80782570266632769407 0.95352878696398135627 1.0546438571002714202 1.0350425583956628373 1.0398979576671270042 1.0194476748592593562 1.0365949321948280115 1.0577479885675180604 0.97679809125618211052 0.99217768406930550995 1.0617333573978349204 1.1622859360972153109 1.2058880981119555198 1.3167509640541712468 1.3861985169290911291 1.4374648773012523861 1.4813378026103474205 1.5041486015149612143 1.5453602154155110515 1.5486212854568697228 1.5869988116209627904 1.5814920429338812369 1.6287525724363984825 1.6530062838388321911
0.1433800434548429259 0.070806809299257256196 0.022140122118740893781 0.16285656357226643842 0.19947073175021606817 0.12235093908253633077 0.21799634983246016229 0.11454886757365870253 0.20469281985540366264 0.24576698949940253835 0.23765523889885234454 0.20238279197992775638 0.24630156836611100113 0.1616112443415314015 0.17077054122739659947 0.089181142269762120334 0.19450762661638296147 0.065338109025769350313 0.049440013527506189439 0 0 0 0 0 0 0 0 0 0 0 0 0 0 0.0079537701852250963092 0.16731367559307866455 0.50890039115091700861 0.64629445850733713286 0.76967227648508340643 0.87691310268157618424 1.001621490305530715 1.0070877993293059216 1.039342302347318725 1.0195257955533489902 0.99731694359936629013 1.0218950996035296441 0.97961905171096275158 0.98618319901164808172 0.98466067378944643895 1.0571123547395404607 1.1239923926416175437 1.2169850841245399842 1.3121271860116510144 1.400032833861716286 1.4355146664261717593 1.4554754612902205402 1.5114130076786398416 1.5280310582029712485 1.5421556455498532934 1.5369289888679946721 1.6155956663243786764
0.037999413782085350588 0.19613101816732278482 0.027845284780845986489 0.030971098709423359324 0.18595438919858858773 0.19434353633841736086 0.13960741184604658072 0.13073363022827100277 0.039375627589962935993 0.1297667630089936186 0.20055798820431275375 0.24501681333757727166 0.22140254805580955599 0.19072919526884379859 0.12361731248745153056 0.032660004850726752357 0.02140978350619189563 0.0084329678952927353275 0 0 0 0 0 0 0 0 0 0 0 0 0 0 0 0 0.012477788835511907997 0.19671100301727215132 0.5065189578515575386 0.66302088486425259095 0.70562787832548190536 0.8586157529183858772 0.97541413012324873488 0.96930245452532870498 0.95992212537256671467 0.99373105279305862236 0.97461079073869072431 0.97448106507327947323 0.93291591841688004116 0.94867163096998607941 0.92117486858093733382 0.99280582871074107842 1.0624460848308172611 1.1163480365708522424 1.2604706187010801255 1.3085183019512680591 1.4244528572270285238 1.4269712311976303631 1.4521795857470660707 1.4730460650257140021 1.5013156582997806421 1.510127926641944951
0.021192116504856608333 0.092666986001205917112 0.11648119972449744175 0.0015584592112702635395 0.043889795068477545359 0.21647768840649508904 0.20100108810505507018 0.1389824742648622935 0.016216219900578650315 0.0010364561242937086246 0.047028776857275522705 0.16443807736704854627 0.14541911916287311723 0.23655338970119865749 0.14826925978570915099 0.034749865811496048751 0 0 0 0 0 0 0 0 0 0 0 0 0 0 0 0 0 0 0 0.02466571937335825318 0.28696933359322890356 0.52075294544619510351 0.62701551260837229407 0.67379342343946180272 0.79107277396463471231 0.93761244677613564402 0.93654562290524978607 0.92709773919012394838 0.97381376125797380894 0.93776803677407916116 0.97426780368897003548 0.91225267506860585609 0.89908767155009250427 0.89753681582268995953 0.91177308066370355011 0.97022465936652380059 1.0619349410701699465 1.1539841257651997086 1.263976704797052486 1.3097060031081331211 1.3575762656861121158 1.4010654251229455181 1.3746875875743078677 1.4136379772820006906
0.11802910366797526864 0.021180273640509696825 0.18700019680205429151 0.048734134118636071586 0 0.053129793328508437278 0.13891095402638076184 0.21016238021713340434 0.13252716855233515059 0.026397744471879952544 0 0.010852466346638604822 0.079052386131159474436 0.19188809272233747771 0.15784160754481307842 0.20358011035353376639 0.091299805536524725191 0.015257848283312303375 0 0 0 0 0 0 0 0 0 0 0 0 0 0 0 0 0 0 0.062946354359992268135 0.3798646315278729757 0.55583169825945966114 0.64463111244663295896 0.66660378237285999869 0.72746097406038057187 0.85966772341983177519 0.89821315866975481867 0.89687175036167599007 0.93100525213829909976 0.91771511651987858205 0.9236875863903913908 0.91580788832516357711 0.89500923565321621744 0.88294738537203054651 0.86945813162258756002 0.89643543495617716843 1.0149043342608976559 1.1006734887539404433 1.2106450006126763252 1.2232917353307672936 1.2881481555800240457 1.2585899452516386976 1.2600741320744301976
0.21204139795242887834 0.082278536000126634153 0.073439103104356084906 0.16461095506395209687 0.0082308971445522981225 0 0.017678625292120990486 0.11995637422688223972 0.24055182386033571729 0.19341481309676303302 0.06104794306859383235 0.0014306553505618532784 0 0.023669977483448872979 0.10460783811510263042 0.1558034637143722867 0.16905819614513126203 0.21104907335604947138 0.078157290466982332067 0.008520698492078532596 0 0 0 0 0 0 0 0 0 0 0 0 0 0 0 0 0.0045001611816338198818 0.13823021733814905287 0.44954661741597817803 0.56026481855671883547 0.60178447158143766327 0.60477536828324429674 0.65369324070339418498 0.81386191729729095989 0.86997598368888040543 0.87055696270785765112 0.8979551153181591916 0.88495193963273333093 0.90939845836690214043 0.89719304459477600133 0.89223184365886099023 0.88866564738053166472 0.83894960756964820359 0.88297325470560994454 0.95630604242629491107 0.99157118570460378582 1.0782591465533029051 1.1169374764543944512 1.1422574336534720985 1.1796402153908867039
0.1969758686208856191 0.23814331443386388409 0.047187269914488697009 0.16108800674863613112 0.068837381076092232779 0 0 0.0040807490950277780159 0.062433812187252760162 0.19297423218493667263 0.2308149702365228928 0.073495539022601960588 0.0012665143262377881374 0 0 0 0.0036636318180376984364 0.060126399792850275527 0.17637675620108048125 0.17697551377561257513 0.070555803029646396718 0 0 0 0 0 0 0 0 0 0 0 0 0 0 0 0 0.035486321059694320157 0.28055923149906936143 0.4713230594898113468 0.48116056964691389375 0.55450281302813309026 0.53213675944039351418 0.58397039786620219548 0.72691506709595754554 0.80362040039998128282 0.83434201983799372027 0.85784690386466477818 0.87483922758792465046 0.87672759887526952038 0.91191126445489212315 0.87744568438165082558 0.86702479612199190306 0.86689098242137685446 0.8461025542011646472 0.87822864204468276128 0.92060460509936004048 0.98986509520546273055 0.987530455209350011 1.0485701905216429086
0.27724186414695600744 0.23325704400634744706 0.14413675443734769166 0.052084416437239787478 0.17437836124439556884 0.008241275651256377982 0 0 0 0.031572020991389442013 0.12575521991039340097 0.23235221078572088071 0.075292661671508026577 0.0023341212984048826003 0 0 0 0 0.0079192365729195794699 0.076034238346627827654 0.14349709236822810743 0 0 0 0 0 0 0 0 0 0 0 0 0 0 0 0 0.0010226615212172141499 0.15413285606945714701 0.42496152894051569815 0.47094613059703599456 0.48121544758070949888 0.48219858947133625859 0.48840353656416019001 0.55289053792117826003 0.68903397735761839904 0.76120639610472351499 0.80556941596243403225 0.82557131170544073573 0.84108008962462255109 0.8647921463161430955 0.88385811566673633255 0.83618132369117292857 0.85858102492204435574 0.88575821973205626225 0.80174035817901212475 0.82142898121825558277 0.83033321074551957874 0.89426137866565935663 0.91904247212071110695
0.24275867701255957054 0.28663547365151997859 0.20480321644011795224 0.037146172544568832607 0.097575795072257082152 0.0082671326807169515094 0 0 0 0 0.010236639392740044113 0.12114798347131321143 0.24056521537372144159 0.090826705977576652207 0.0083115679260015971896 0 0 0 0 0 0 0 0 0 0 0 0 0 0 0 0 0 0 0 0 0 0 0 0.074538289156585779693 0.30270639047061526083 0.41508375793491553152 0.40338505809635011312 0.47754645457187455682 0.45608434509961970349 0.47380155589179945297 0.55259576277949884471 0.64266271805906849401 0.71823139465367469292 0.77540282624194145633 0.76299855395453530793 0.83607380970598832448 0.81155786653816452958 0.90123958717527030693 0.86858660978569102173 0.86513927378437660565 0.87261056540082604371 0.79484515831208779613 0.74507202172250641681 0.7653910124036409357 0.77629952848694283585
0.23918736814782942668 0.24732597783882767639 0.27621767876900515937 0.12571139132760297819 0 0 0 0 0 0 0 0.010238652726834447659 0.11095335862964757212 0.20276700165157832134 0.048352559845438569663 0 0 0 0 0 0 0 0 0 0 0 0 0 0 0 0 0 0 0 0 0 0 0 0.01811766595464603391 0.21747340024691863558 0.38034613143538742452 0.44624600466745284466 0.41675436862287518203 0.47374871986635375132 0.4561116444150413729 0.46544292852402308069 0.53476512882836879648 0.5987349594227968641 0.64881051302240910772 0.72030729807995841352 0.72030502001644636234 0.81467260532235719062 0.82480907665845315524 0.86577219455014320371 0.82701221336617858348 0.79067582847470685437 0.79112711363844734347 0.77321549918805276835 0.68372718419516176347 0.66750192239255323745
0.27201081098467488895 0.23418805909471712701 0.30630586876320309297 0.19510295228140059343 0.016983419190721920494 0 0 0 0 0 0 0 0 0 0 0 0 0 0 0 0 0 0 0 0 0 0 0 0 0 0 0 0 0 0 0 0 0 0 0.11729582492862636323 0.26659692853838806714 0.39110295152395813112 0.39843397509303868365 0.41974795179453022742 0.44924514378438207274 0.45760693089135895395 0.44393076001920633855 0.50390106421243985313 0.57822531344094674211 0.59187405119001812448 0.70187929134293991495 0.72233105381607887185 0.79138801477517761729 0.81740016632768097704 0.8387568119197847949 0.7998483846286920107 0.76291188723004066397 0.72312169376541501897 0.70144656352400647226 0.64825164848269034579
0.2413426722575575667 0.26486069396113898211 0.2608662475013584503 0.30181995508742454071 0.1068220526025679129 0.0022185408975653585911 0 0 0 0 0 0 0 0 0 0 0 0 0 0 0 0 0 0 0 0 0 0 0 0 0 0 0 0 0 0 0 0 0 0.020930184046204124843 0.19756994945220016091 0.30881671469238586303 0.39425265842540996308 0.37511833767167024334 0.41739268922768518744 0.42534911261860780529 0.4625265293404371425 0.41027370541585989061 0.49432883924225073935 0.56093640652970511162 0.58142610082321311005 0.67933490489509873456 0.69770790050439379648 0.75386444360000626208 0.76295735200595249381 0.80507471070030300897 0.75579415366786739661 0.70769904103623715308 0.6767069864925484568 0.66777095294959465388
0.24782755813324333638 0.23008678338917204487 0.22691698010733574176 0.31595087094696983065 0.26603873171897418626 0.068610633082368255309 0 0 0 0 0 0 0 0 0 0 0 0 0 0 0 0 0 0 0 0 0 0 0 0 0 0 0 0 0 0 0 0 0 0 0.042930096023344063716 0.24613886221501088403 0.33406407676317079192 0.400624781618025394 0.37703251988245595205 0.42091374571148654216 0.40069430715471399118 0.45304769491550200833 0.38178317066221995058 0.48525032465501355405 0.55747612782578903623 0.56935024904788600342 0.65626222316787274913 0.66262090808979412504 0.68789120905087186575 0.71009478665265057806 0.75112031776143683981 0.72420497341476386399 0.65889736673201482198 0.65246146143657757221
0.28893929880335472715 0.24467716501983299837 0.25028171233656354433 0.24370264570462052411 0.29224002977418894744 0.25627376749724956051 0.042416233153686658253 0 0 0 0 0 0 0 0 0 0 0 0 0 0 0 0 0 0 0 0 0 0 0 0 0 0 0 0 0 0 0 0 0 0 0.052983629884266469912 0.2558887440614383002 0.31492061647072866482 0.4103108502838221372 0.39556665017096981352 0.45150524420990589824 0.40825997249431139613 0.44443020276705613725 0.36463300227079564753 0.49367264249490450112 0.56046887317275184692 0.55895040480705726615 0.61690692256416301831 0.63543250434323195197 0.6250542223318729107 0.68384908941303823582 0.69994571552147144544 0.68595598112294009496 0.64411847999985150093
0.27581509600939357885 0.30406515665734168419 0.23616213511010933357 0.22277493000847684024 0.24718989902815091675 0.26934498964669095766 0.15671633853254171576 0.0078435836141845741848 0 0 0 0 0 0 0 0 0 0 0 0 0 0 0 0 0 0 0 0 0 0 0 0 0 0 0 0 0 0 0 0 0 5.1791321843819897934e-05 0.054276917727323611973 0.24772616443352649118 0.31822124002021856537 0.4162319271457937675 0.43467023314360481168 0.44882564521742029928 0.39217783288223190263 0.43498716636447770645 0.41710834288252868207 0.48606055050328828004 0.58691369077530397558 0.53817726884926209152 0.59089128003265334321 0.58121485988839760584 0.57761733294221040413 0.61873188985288662955 0.65750435887716007777 0.64736292117134308644
0.13571305112248283065 0.3133513598161434266 0.21786336445148887786 0.27490239569462826541 0.23970162845117781725 0.29005216480395973333 0.21811243523319470694 0.063633797153227228405 0 0 0 0 0 0 0 0 0 0 0 0 0 0 0 0 0 0 0 0 0 0 0 0 0 0 0 0 0 0 0 0 0 0 0 0.04495659086719325237 0.20436846372232089775 0.31346068614268374208 0.41269431338110112994 0.44249451453993876582 0.41905649366929575983 0.41360194781873493852 0.36110522344755574542 0.43188663829435647301 0.46002266663947888325 0.51716081199303964855 0.52797254051787412266 0.55563006384552693362 0.53431028711613559601 0.53303834168186015052 0.57975427235711984864 0.63217589103310156684
0.014918179883212681971 0.1291370163994030873 0.33143902181322743017 0.23757229541719901422 0.21426301351062906897 0.24389400483828219124 0.25937659972942139763 0.17063780362662386847 0.0041970749079003515439 0 0 0 0 0 0 0 0 0 0 0 0 0 0 0 0 0 0 0 0 0 0 0 0 0 0 0 0 0 0 0 0 0 0 0 0.030324739770421368923 0.15605033788352137836 0.31075973065591799838 0.43959234211572656426 0.45009809150520790899 0.44119029700389983395 0.40001782468138824544 0.3173288502399447264 0.44283075122298393156 0.49168645101650210183 0.52218263114856322549 0.52537376136012425842 0.52514082378041226917 0.49278330979092210828 0.51697181455200591493 0.54600148898730016533
0 0.017361122757406581563 0.18459303309045524411 0.32232356167425108007 0.28175531277183990531 0.27100290406394644815 0.29684758742615263705 0.22998663913031941464 0.054984335882724152955 0 0 0 0 0 0 0 0 0 0 0 0 0 0 0 0 0 0 0 0 0 0 0 0 0 0 0 0 0 0 0 0 0 0 0 0 0.023896216913145352373 0.17013949380215687146 0.35146750276223165388 0.45120173630173815438 0.46401530735378893056 0.411808455522580108 0.36262521406917219702 0.32765519194185332985 0.44818450871942905334 0.52771217421222016419 0.52746343792233851833 0.52683077952387113996 0.48619459208664278504 0.48118977458791767354 0.49145166840928283802
0 0 0.020931495542911460195 0.20175082605436767125 0.30772606488140380465 0.32547698071160774402 0.30976658217950475693 0.3162021363483807912 0.19199052236471494948 0 0 0 0 0 0 0 0 0 0 0 0 0 0 0 0 0 0 0 0 0 0 0 0 0 0 0 0 0 0 0 0 0 0 0 0 0 0.043586903489249331778 0.22550217274770864573 0.40534348126137692558 0.46708148545340633095 0.44558576181760300994 0.38357152472636613094 0.3391211176272896366 0.38194643825656543479 0.45322543492756489636 0.57159883230649788377 0.48605338519362389915 0.49465239138966948795 0.43952381530790157749 0.45366999045254213785
0.018629281548190393392 0 0 0.020633331102762286074 0.17149397332171459341 0.31781512156740127084 0.39551387765485873649 0.39148525410723539197 0.22137536440218710809 0.032574706006183493101 0 0 0 0 0 0 0 0 0 0 0 0 0 0 0 0 0 0 0 0 0 0 0 0 0 0 0 0 0 0 0 0 0 0 0 0 0.00091017359763259967319 0.13297104016549954331 0.31642014210781416184 0.4302259338035264169 0.44554840944805212954 0.42392937290569315811 0.36969261173090250949 0.34306740650795641834 0.42195380814657335034 0.42989645163924344873 0.4662175207995521431 0.45011942811682231769 0.47507471456234928731 0.4215719881938070901
0.15889040788627339928 0.035487094734723029221 0 0 0.0084616516383872672491 0.11065674523686130915 0.36058091913278850216 0.45192827482553338259 0.3445018472193693837 0.1805115152273472634 0.030401977745305529266 0 0 0 0 0 0 0 0 0 0 0 0 0 0 0 0 0 0 0 0 0 0 0 0 0 0 0 0 0 0 0 0 0 0 0 0 0.043181958583018903441 0.22191455992784805962 0.32781782715360824332 0.37697235381096710904 0.40325148803186899871 0.36112334782824145885 0.33343064577901759815 0.31513995036141007056 0.33362485461763558003 0.38124069853769471106 0.40492067946885890173 0.40925584220641209043 0.47197459128713470378
0.19518163340857422328 0.20634803472082380305 0.062121302710937638392 0 0 0.0004675338133100677418 0.062812140009615380354 0.26022286947112938105 0.34719002595970399616 0.32166599794510386534 0.16544414912127228257 0.017733523703972152441 0 0 0 0 0 0 0 0 0 0 0 0 0 0 0 0 0 0 0 0 0 0 0 0 0 0 0 0 0 0 0 0 0 0 0 0.0032873900909577732747 0.1607470877110404317 0.27766596500673779158 0.28770396090289845903 0.3347799909733028545 0.35708942396968690325 0.33111967476008380418 0.30292100557005363637 0.31886396852599740992 0.32579539654226902234 0.38352527533886604516 0.3829952105397445572 0.41402766311199667992
