benchmarks/avaHitNullTest/relHit_null_dfa_829589904a_pfv.asc
ncols 525
nrows 445
xllcenter 272771.42
yllcenter 357502.70
cellsize 5.00
noDataValue nan
[rows 29 to 57 of 445, columns 132 to 197 of 525]
0 0 0 0 0 0 0 0 0 0 0 0 0 0 0 0 0 0 0 0 0 0 0 0 0 0 0 0 0 0 0 0 0 0 0 0 0 0 0 0 0 0 0 0 0 0 0 0 0 0 0 0 0 0 0 0 0 0 0 0 0 0 0 0 0 0
0 0 0 0 0 0 0 0 0 0 0 0 0 0 0 0 0 0 0 0 0 0 0 0 0 0 0 0 0 0 0 0 0 0 0 0 0 0 0 0 0 0 0 0 0 0 0 0 0 0 0 0 0 0 0 0 0 0 0 0 0 0 0 0 0 0
0 0 0 0 0 0 0 0 0 0 0 0 0 0 0 0 0 0 0 0 0 0 0 0 0 0 0 0 0 0 0 0 0 0 0 0 0 0 0 0 0 0 0 0 0 0 0 0 0 0 0 0 0 0 0 0 0 0 0 0 0 0 0 0 0 0
0 0 0 0 0 0 0 0 0 0 0 0 0 0 0 0 0 0 0 0 0 0 0 0 0 0 0 0 0 0 0 0 0 0 0 0 0 0 0 0 0 0 0 0 0 0 0 0 0 0 0 0 0 0 0 0 0 0 0 0 0 0 0 0 0 0
0 0 0 0 0 0 0 0 0 0 0 0 0 0 0 0 0 0 0 0 0 0 0 0 0 0 0 0 0 0 0 0 0 0 0 0 0 0 0 0 0 0 0 0 0 0 0 0 0 0 0 0 0 0 0 0 0 0.6513608200429416 3.848954181803501 3.848954181803501 5.683575702066351 5.68357570206635 0 0 0 0
0 0 0 0 0 0 0 0 0 0 0 0 0 0 0 0 0 0 0 0 0 0 0 0 0 0 0 0 0 0 0 0 0 0 0 0 0 0 0 0 0 0 0 0 0 0 0 0 0 0 0 1.603203061219618 1.919414537767764 5.096369861703912 5.732464109915782 5.710454629139726 5.127094683944673 5.841970395860119 6.278648524559701 7.023837254065746 7.546254638422955 6.856762707627824 7.719348085084929 7.719348085084929 0 0
0 0 0 0 0 0 0 0 0 0 0 0 0 0 0 0 0 0 0 0 0 0 0 0 0 0 0 0 0 0 0 0 0 0 0 0 0 0 0 0 0 0 0 0 0 0 0 2.918704657263783 5.344919342387138 5.344919342387139 6.947513099294954 7.688368263584167 8.019359199952703 8.538151924339411 8.445026495910666 8.480323696634496 8.483526465358796 7.925403254282701 7.825737657200667 8.769265199298108 8.878892490556517 9.346227426652565 8.293976559266646 8.320217419195854 8.357727014647992 0
0 0 0 0 0 0 0 0 0 0 0 0 0 0 0 0 0 0 0 0 0 0 0 0 0 0 0 0 0 0 0 0 0 0 0 0 0 0 0 1.831660690727458 1.831660690727458 4.34378979058148 4.34378979058148 4.130852501655996 5.806356012909573 6.628191901581695 7.133576452763334 7.722042389385453 7.722042389385454 7.942275118378317 8.057167700178951 8.813592594671357 9.386283652888109 9.888850906325098 10.21358623734049 10.20801486593326 9.481330961338895 9.566418036554889 9.791093391506797 9.589814128587275 9.951346590946567 9.539269623749092 9.689094478663156 9.265942381211632 9.595790889482149 9.37529423029207
0 0 0 0 0 0 0 0 0 0 0 0 0 0 0 0 0 0 0 0 0 0 0 0 0 0 0 0 0 0 2.117474788711311 3.203171113524975 4.158669167457921 4.158669167457921 4.293082130093664 4.293082130093664 3.309845024635548 4.830908067842281 5.256832914284391 5.256832914284391 6.629409420277852 6.629409420277852 7.454235023864005 7.6281370556733 7.979788147278981 8.339862200027071 8.757895747238857 8.757895747238857 8.959299373638645 8.959299373638645 8.400518292460994 8.823146764529367 9.591224891070013 9.994888926275793 10.33629636533952 10.5325095183292 10.62601977677607 10.69730771303568 10.32768405643252 10.67693763263759 10.62501269468429 10.70161418401998 10.49319991284547 10.13563320730075 9.869134786516671 10.07053412035424
0 0 0 0 0 0 0 0 0 0 0 0 0 0 0 0 0 0 0 0 0 0 0 0.9884542109423645 2.678076531114474 4.172386506718333 4.172386506718333 5.163035017207837 5.449949946406128 6.228701044698922 7.101017335307779 7.418892750457237 7.084930741763238 7.284508413647619 7.28450841364762 5.815510436453554 5.815510436453554 6.560258233544514 6.460830960900784 6.802048710436857 7.29910971495292 7.416864297843071 7.859947949592089 8.246811119300471 8.537287036942702 9.010324029817346 9.737312977352179 9.15825095947663 9.355643541272862 9.457003367812908 9.855264755725678 9.945229904002243 10.56006408090505 11.04979435059054 11.32624409094538 11.42730800168765 11.47317432318391 11.3878460591714 11.4448674604966 11.495867798915 11.66379896634502 11.9956940257478 11.74667043776033 11.15431009156006 10.50626116940155 10.4544524829494
0 0 0 0 0 0 0 0 0 0 0 0 0 0 0 0 0 0 2.747763578579272 3.008590523387332 3.07484518543035 4.05598270393873 5.109043620483579 6.062437894545926 6.79149919450103 7.553142287255504 7.732828205064061 7.793097164729646 7.844903911872064 8.190636742736286 8.096621904529826 8.629046294466351 9.038247061327386 8.78048484320438 8.010430256353642 6.604405259719848 7.259212835301428 7.259212835301428 6.990401480698179 7.295297926093801 7.829767399363168 7.922593837722289 8.248555422881857 8.704996479728173 9.059167212022519 9.45831612898961 9.967364656831037 10.31643966986608 10.19379488937735 10.52601812027944 10.94553492904719 11.19915286473211 11.63958654676385 11.98963552985645 12.20442112539539 12.26021097826477 12.36165061872476 12.36091632945936 12.44790371486105 12.69769138362753 12.90564765060628 12.97676829076008 12.86453772300218 12.25017321405752 11.29862569490099 11.32449868692878
0 0 0 0 0 0 0 0 0 0 0 0 0 0 0 0 0 2.716735536294366 3.61875567654181 5.374657639776133 6.369013560530801 6.369013560530802 6.240988779874161 7.993770484405 8.361379629994913 9.114839803413313 9.15742858578689 9.12487051175075 8.783278209315201 8.760596013272433 9.186165527332303 9.026414085036125 9.137220147948982 9.219245939540164 8.686774901437765 8.110804647419277 8.155921233449009 8.417018104540178 8.418532430391011 8.044381005540776 8.431318133826842 8.665223374454563 8.981003400475657 9.303028393615087 9.654172740678804 10.12943671484978 10.61135093859193 11.06800369101053 11.41589628220319 11.85060608915195 12.30686883580091 12.4306942455372 12.71030439047548 12.91451432367412 12.89141722122172 12.84928870986464 12.8333486145509 13.01921792324755 13.27146317938443 13.56350606802293 13.80087484830957 13.89187012619349 13.62737186338924 13.10556142317439 12.14385885758481 11.97042803210817
0 0 0 0 0 0 0 0 0 0 0 0 0 0 0 0 3.013373213956327 4.609758772400491 5.736730657093627 6.463091054068218 6.970072414325654 7.213213175063991 7.617433626989168 8.552809282966352 9.162719494618175 9.702945918260898 10.0174755634897 9.910992520645188 9.514753576649362 9.633100242942565 9.926141908941171 10.17083378620736 10.14772550241781 9.738681293041081 8.996506092279077 9.027970389401187 9.027970389401187 9.011500190632599 9.246133916564579 8.967651245658768 8.925827356825248 9.293081551002158 9.578247139591946 9.850707881922688 10.32360470822827 10.93358100040733 11.56994293176156 12.01236552298345 12.44512662460644 12.9601598627114 13.29585569132871 13.39517629769507 13.52765024816935 13.47412774552903 13.34901223930026 13.05907585839562 13.10488992785022 13.43907041877365 13.75974454954273 14.04685872633462 14.32279439959038 14.46725468729685 14.28633590010049 13.79583262754937 13.19587333516668 12.61969045479056
0 0 0 0 0 0 0 0 0 0 0 0 0 0 0 4.03181545578898 3.841599101604362 5.327044162309934 6.737968984088203 7.743073886975087 8.037792947095204 7.565809870423532 8.478553552133974 9.135224758067736 9.35328974845106 9.772213051930406 10.25929874425991 10.37720152094824 10.33551175327918 10.62324573670328 10.78303580398894 10.91474334029389 10.73972689253321 10.14084546648232 9.421632405195925 9.157144121253074 9.558034134998341 10.0172899685768 10.10562711774712 9.822185760334495 9.493740547207452 9.794623807826776 10.22580713713196 10.66738979044293 11.23215788422615 11.9336642446266 12.49502430971668 12.83012609502423 13.19860550838529 13.61391740270909 13.94023324842585 13.98707674351702 14.13166974393138 14.01152738558608 13.69806872853228 13.43243051517237 13.5468488217811 13.87953771706537 14.21529217944447 14.49892160531986 14.67726033965162 14.91387902397926 14.82738702860817 14.42817501998106 13.71670250366442 12.96331537462582
0 0 0 0 0 0 0 0 0 0 0 0 0 0 2.173067426485064 5.721858409652217 6.50135913944797 6.055673518192028 6.945855901761578 7.453333498892687 8.326429241586295 8.819087044268072 9.246089503789308 9.716783466944685 10.17251101406684 10.62447878307186 11.06474892696237 11.16558443381309 11.09539668297502 11.41149811104932 11.47914021189131 11.23615482115595 10.80759660293635 10.20767620425242 9.733606605436204 9.806097934481773 10.43199315585198 10.90224767070867 10.98919249210466 10.71296290347933 10.1697313822273 10.47658869230939 10.96181159809242 11.53215873606198 12.24945424237306 12.85926862615957 13.2576332775303 13.43378135888408 13.55106664491421 13.85901326896954 14.17472657516899 14.28545764313332 14.43371621041081 14.40405422183336 14.18779219563359 13.97039826252355 14.05335916026158 14.36603648538402 14.70933285358418 15.07489219078893 15.39351998010596 15.45777127447942 15.31558691281785 14.82677767252594 14.12729276043534 13.40326069091935
0 0 0 0 0 0 0 0 0 0 0 0 0 1.923184807114063 6.043110273702963 5.721858409652217 6.370472176220692 7.232030624248764 8.151120297639247 8.887022128665333 9.263901689990876 9.765073523133648 10.19970780760604 10.596832098736 10.85800390754038 11.22384433030066 11.61277809594906 11.65646991012808 11.63134480412778 11.73894185573674 11.59415308200017 11.20344828306264 10.59962252511428 10.28655300360893 10.31742048681975 10.76342797571561 11.38079708795085 11.8321281261702 11.93674174332459 11.76120441150992 11.13317347759579 11.32486925442046 11.80554021364334 12.45639197538647 13.08948263481836 13.57922752230149 13.80052720105343 13.85681585002551 13.81474493864162 13.86968061002705 14.12659135890656 14.33633895168126 14.51814006995122 14.62934155803267 14.69159098112146 14.55767959123457 14.71555504404541 14.93574592272446 15.23800527245859 15.67915509705147 16.05247059843753 16.05589269492734 15.69931712829332 15.2549438102752 14.76743598581374 14.19302038002694
0 0 0 0 0 0 0 0 0 0 0 0 2.426495989718943 4.114880275484392 6.889206452127643 8.046404050881424 8.17417223336326 8.580977446001473 9.296417288722324 9.915157971900301 10.31948929016333 10.63944714737544 10.89534157814274 11.16996900389159 11.29734271403234 11.53267118196171 11.82407514627972 11.89727442901178 11.91281887469493 11.80318415761203 11.59048257623126 11.24467236437901 10.89443777858551 10.86844515526151 11.34188130505423 11.91072576179033 12.51963146571058 12.91938769146906 12.97413592819392 12.81294435730036 12.17878395796713 12.08516161370843 12.60846333566156 13.17744678527796 13.63987197375469 14.02749711870348 14.19638632547658 14.18478235429567 14.15014527502303 14.00185208242519 14.06157090196751 14.23733169809348 14.49309813915928 14.74242625948591 15.00103684293327 15.24898668766631 15.40317072014903 15.56218563622063 15.79798629085604 16.20647380288144 16.57837876707821 16.56364515486346 16.22332712392616 15.84137291305425 15.62848943717096 15.35005294643332
0 0 0 0 0 0 0 0 0 0 0 4.410814029836629 5.386777075954914 7.846984120383468 8.215286412008311 8.43987167587639 8.827701741528474 9.409331535396795 10.20841349326455 10.79301296310085 11.11777941807026 11.24092729173328 11.42321855729402 11.58547605036726 11.65065235919628 11.75139180478499 11.98069971105908 12.11049823259198 12.07807510827195 12.01129477813961 11.94309951567945 11.82809757894428 11.76114065330388 12.07899904654523 12.61985887172686 13.22507166093141 13.72800297991789 14.03598641487165 14.04478143032352 13.75460009011116 13.20664897975736 12.75709928363417 13.181943162189 13.61288853480299 14.00967082569889 14.28249764025574 14.48263872302596 14.57713011340918 14.52265860849443 14.35783548805916 14.18254055588387 14.50611302436307 14.7830877688586 15.12569502990887 15.51320809370923 15.83142221695477 15.98922697763567 16.10687355946884 16.43507024969636 16.81270971439026 17.08748863987495 17.0735926284779 16.90076564133254 16.8015225121867 16.63655246808269 16.47802735850881
0 0 0 0 0 0 0 0 0 0 2.027780495105088 5.94921856298257 8.508045495287407 8.673889723083333 9.772675381293288 9.674706971595965 9.730761114126713 10.39372332284337 10.9352271539955 11.49025588730016 11.77666199193336 11.83325220302684 11.75558357769432 11.75934330009266 11.80982572389005 11.91841315967354 12.12933973537144 12.36107816791302 12.55326688424339 12.67062828039329 12.80555320144204 12.90942513023089 13.07167059617383 13.50513570903334 14.04113781832617 14.51371952421109 14.87756133325543 15.10818901521093 15.06451067165238 14.67778044030343 14.13956362558785 13.45508265485959 13.6157773185452 13.98769949340583 14.27547436736101 14.51420036571003 14.73847115758063 14.85709616005307 14.88984570146661 14.70533282588664 14.6866023418275 15.05948949369964 15.3731023470899 15.67458973520357 16.02243051963864 16.25097608070596 16.45469466175439 16.70663361980928 17.09261822318102 17.50902667107341 17.67616349990404 17.64176115036517 17.68069684635798 17.85615852342657 17.83022346921856 17.4321905228207
0 0 0 0 0 0 0 0 0 3.604339355747298 5.80164119342407 7.392271420437933 9.279172902637415 10.03245092821872 10.03507877991493 10.29280748272601 10.74077882076347 11.11793707755511 11.51518940184671 11.82655871808674 12.03486013964278 12.07507921910547 11.91141616692218 11.82586068699455 12.02368914007179 12.36152357041279 12.74373730073234 13.10658641030663 13.36289362478961 13.64688633637673 13.90504603297857 14.13393792083488 14.45088991362057 14.86895897011867 15.29155434413308 15.67187134583573 15.90438221014792 16.06460959191123 16.05247665708141 15.74227409839511 15.16587815414946 14.51804150318089 14.00777240129424 14.31998061369342 14.60608357375412 14.79049933461462 14.95138573359746 15.10564222050156 15.15379051079166 14.98577202353512 15.19135723101938 15.58565108191754 15.89429930639221 16.11804865756576 16.37098795034389 16.57313354245214 16.86878192598079 17.31473013089128 17.76515652800879 18.08626217321527 18.19346364986293 18.197528760899 18.37886650206532 18.66425891621713 18.77584025209471 18.3909386095377
0 0 0 0 0 0 0 0 1.057077798844821 5.452570240351334 7.570270289318863 8.552501913825839 9.602996612991769 10.59042584466915 10.48037673232615 10.9573500027364 11.31877273884589 11.59809685786103 11.86480066492966 11.97522429292531 12.0060324692596 12.09988741723256 12.13518530737296 12.26510557297768 12.69079184771677 13.27249811280965 13.76233093575067 14.1303355316033 14.45080697525127 14.73267260916236 15.04664331084236 15.3544388992763 15.69678441029828 16.01414316700739 16.34460757906974 16.65127390560635 16.83627629839597 16.94193385950263 16.9558568793914 16.70639042121869 16.22944546196365 15.48917224955276 14.49923348356314 14.59062257281204 14.80876130167005 14.96193786397881 15.13833715254738 15.23764249174908 15.28117835411101 15.29387927266557 15.60665469422616 15.95144036862027 16.17091850182574 16.32148274205264 16.52061061560206 16.75284649404361 17.16968574578493 17.71920036054201 18.20438565495719 18.52571387927893 18.65362510149266 18.78132764131806 18.99267910587568 19.26508942460838 19.38944528887651 19.13055578435651
0 0 0 0 0 0 0 3.385567612422529 6.724081907520331 6.724081907520331 8.647359211421177 9.531109394655823 10.1367116050049 10.44636283742909 10.91132227169542 11.31571710121802 11.61825253544524 11.89809013131296 12.13965617649211 12.32613201687269 12.37952137436203 12.44064385880742 12.77068998380582 13.24286297885282 13.83641796510042 14.43727763232545 14.92956717293857 15.28538092222955 15.55188131540448 15.77954386519495 16.05308222022993 16.36956298355818 16.66250608453862 16.94425201665834 17.20084203523279 17.45043922465887 17.67840769002487 17.78712562291896 17.79773264952172 17.62531171079594 17.22459546046448 16.54886263761372 15.56714381188547 14.70094531692482 14.85840393666691 14.99876279897817 15.07748938714403 15.20283757744903 15.2364455429515 15.54315170500914 15.76521233971383 16.00009820926324 16.16370425539083 16.27025387913148 16.51901249052891 16.93375786936675 17.42882913919204 18.02265109421392 18.54737695101364 18.92773002252195 19.20031978550606 19.42947310098469 19.58944658606388 19.7265617755339 19.79827049536891 19.62280797146231
0 0 0 0 0 1.415409410122054 5.654891785420094 6.471311098589948 7.161696136561666 8.012613667237835 8.519004527933413 10.1624558514044 10.50751668815355 10.7879166166744 11.17786774905827 11.46694740501691 11.77269001209265 12.1112171661218 12.5176164173593 12.89301912432755 13.1646138693926 13.49418250150614 13.93260086586838 14.49460949329947 15.05287370147388 15.58156300498334 16.0361465109866 16.38610735372547 16.60525326560411 16.71761953086296 16.90269020295707 17.17303779821448 17.43506677275714 17.66289459020215 17.94170586320929 18.2240533924527 18.50545358106735 18.69316859838292 18.70510051075462 18.54549613341544 18.18977107962046 17.54427612749449 16.58199013431588 15.13008836181899 14.84389127605127 14.776823367788 14.83227862607588 14.86231697052744 15.18975094079239 15.43615994298901 15.60735020392204 15.7550510062363 15.98060636199948 16.30747231531851 16.65640798436966 17.23192317044535 17.80709492271849 18.3571629536088 18.87999702218358 19.34883879619395 19.73396698681392 19.9882135169631 20.07308845449149 20.06915713688519 20.03355766169986 19.92939717985863
0 0 0 1.889769548936164 4.215247662406647 5.697849909500566 6.944820564452799 8.003119858402698 8.511931097252781 8.280853723751669 8.829626795664396 9.853704721231237 10.69270006989063 11.09040838065334 11.42122814750863 11.69178440143648 12.1019529593323 12.66980719337078 13.18138049886231 13.7573492804088 14.25473964566344 14.74441743497824 15.2387466651853 15.68413209179237 16.10341206675846 16.53426069168491 16.96851349488813 17.3385310775921 17.54879119263226 17.6567092075375 17.7123889872242 17.83429367510292 18.0398550541368 18.28436074326753 18.61358841180542 18.99562409174592 19.33831661588847 19.5838308995934 19.5910740395083 19.42222743920022 19.05325175517152 18.41894621952983 17.44158081911568 16.16359813817976 15.04275495394773 14.648007889785 14.6219181550991 14.74679101881536 14.97091171911187 15.14353938907259 15.27775222980975 15.58442556616569 16.01636874651265 16.56392515663344 17.18720721548006 17.7009977050098 18.19820320998518 18.64643171251346 19.1356211047058 19.67108321732856 20.12987327351872 20.37158032248853 20.38447177941305 20.32839856073117 20.25513016531898 20.17908723596305
0 0 0 4.850685193496327 7.064059606679053 7.912530756062343 8.241069889299784 8.316549818578491 8.62205474423871 9.118353430081982 9.644235756864342 10.20074443361184 10.97783416349816 11.49455154927863 11.89936023037918 12.27656742462155 12.77990478375061 13.47055774341443 14.14891390165711 14.78604079750837 15.37799452320083 15.84289827165843 16.24319957427338 16.55495578643647 16.8581348272875 17.25934006652021 17.69624652957967 18.09770353115294 18.39242875941609 18.53774747569534 18.55360156178708 18.53798202557099 18.69520189781608 18.95743795056224 19.28896964813049 19.71958003780769 20.11180669112433 20.32427950432036 20.37521953806415 20.19569493155789 19.86910011924324 19.25274963083847 18.30172631378439 16.99991921206382 15.37072633339631 14.77819868742391 14.65989348400965 14.63740726304939 14.77975072405114 14.91167173322648 15.21304497590829 15.76206570946532 16.42897041012576 17.02358766641175 17.6574867848954 18.16460519178369 18.48832747321613 18.81185693329856 19.27922030124362 19.84441001051383 20.36121046794877 20.63210585724449 20.66869252988021 20.62931274421284 20.51987446543365 20.46653543388718
0 5.041240713159473 6.291951105587191 8.25913517177991 8.338192045951493 8.576064226291567 9.164746560578008 9.228483403957991 9.287343766322584 9.698884351720183 10.19764377848672 10.70694366199988 11.40500434900247 12.01199570697523 12.62997949355121 13.1476619862305 13.68352666764905 14.28897531876686 14.96070465669075 15.6257987955516 16.11297463389689 16.52692821439483 16.8563505216792 17.09948752607169 17.38684923033322 17.83460944803594 18.31337673970553 18.77042849062671 19.12033014425581 19.33004782962207 19.36869328420969 19.34593292804687 19.44800329353724 19.67162540140255 19.96746026721539 20.35660730755131 20.69786263045052 20.89948926573765 20.9714957449627 20.88863652291322 20.59429178543496 20.03598673846937 19.11098154818152 17.80563431064189 16.27187159356117 15.04892224161531 14.90780568511347 14.80306508124206 14.8256150472311 15.01250446224116 15.41006105934103 16.09158669131309 16.71317063443876 17.25609858229119 17.81863549213465 18.32088786995868 18.57641052879239 18.83542816116075 19.26814937562734 19.85858200937109 20.44456804614029 20.79811669083669 20.9278106872264 20.95448838587501 20.97185878430077 21.25408193083198
5.367601184948317 6.510809066701818 8.151573082237821 8.944970485584136 9.392418426797596 9.626252014084594 9.208473582231745 9.641037552801022 10.03029368660151 10.42376812691552 10.95892833863635 11.48908449494751 12.23839884882786 12.93530322355731 13.49617291923589 14.01393209427889 14.38095947513516 14.88617022974851 15.49752992245115 16.05298455051863 16.5212280548339 16.9041294506653 17.24635319301301 17.56468810051785 17.88417192772691 18.35925096742371 18.87481526513839 19.36221616262984 19.7307075169971 19.9537817868573 20.06022966664804 20.12621229882854 20.18365431323243 20.30934587702406 20.48544160308975 20.73580519400538 21.02016383307633 21.21333592227498 21.36182344366962 21.37838034730594 21.16542639300882 20.63053252305253 19.81300386774243 18.69611963766715 17.34566951272932 15.64451183440788 15.44415744774661 15.28846272366168 15.25956258379286 15.27732802730118 15.61638727744896 16.12044239837076 16.62393316925608 17.13366245072981 17.67752932166113 18.17555369628275 18.43811641754228 18.67394178777979 19.10486393279853 19.70324841493012 20.35640782781191 20.84000380970191 21.13705581630831 21.36246164443651 21.75824660522048 22.34747128938777
7.208166043197318 8.343103064491849 9.606888793026483 9.890080689488444 10.19189233487713 10.10893636291135 10.32880254288527 10.06940420787843 10.59294633971658 11.19673899958841 11.88448439744657 12.62697911950423 13.35575242796418 13.91732226088341 14.39901504285141 14.70817061773427 14.9637840390798 15.28060178417442 15.82242583281873 16.32115383218949 16.75625640114916 17.18912172330923 17.61750240933233 18.01799916200872 18.44002258450377 18.93214507677078 19.44684100121913 19.91911740934333 20.26868043174195 20.47631981306813 20.60624648104607 20.70231563430269 20.77608283856015 20.78875013115895 20.82833698056973 20.92788489665844 21.13000585834306 21.39482623795458 21.59857927893981 21.72403534485196 21.60813916749894 21.1855701898582 20.54113871650614 19.64860855337287 18.49532686643135 17.02817852057715 16.07811310697412 16.02165694548412 15.86864118777703 15.80614496625418 15.80549248874425 16.08360786379911 16.41940811908162 16.79531013645671 17.38503464704289 17.87089521563182 18.16021628915792 18.39239464248841 18.80318755384457 19.42111044393689 20.125387275551 20.87468788497443 21.60001472732957 21.98687452039961 22.4031797074976 22.83087171068284
9.204692582989175 9.61577327371405 9.958444158990922 10.3571059845477 10.35645521650723 10.50933743568785 11.11884272866675 11.25252179045675 11.65990669418395 12.25702810734007 13.03995275353978 13.81427178516473 14.4653799471258 14.88523857265952 15.1209864467862 15.26144987193661 15.37904314642849 15.62378147338559 16.00940512619486 16.52720330494222 17.01826016131046 17.47746872033738 17.98713652380245 18.47325621289704 18.98213037701352 19.50537657069971 20.0361085315382 20.47467803416422 20.78557689771107 20.91860470094628 21.00671650241113 21.11087893708025 21.19022559948931 21.20122937232722 21.18789619426342 21.19497036654314 21.29589104530464 21.55288219277748 21.82410573173708 22.00735658659023 21.98082134611941 21.67673147568169 21.22496754840401 20.5754320605793 19.5714938332099 18.35563776293897 17.02969343435725 16.85430293532826 16.6275817652128 16.39508696302148 16.22286396764919 16.08098398253976 16.28202743154446 16.60231279514257 17.04152195509903 17.44875118581131 17.70828246772819 18.01961961370747 18.46000533816932 19.06614427442468 20.10615394412396 21.43626455967657 22.56218674864989 22.8026603274477 23.10534786977662 23.42315350142238
