benchmarks/avaHitNullTest/relHit_null_ref_0.15500_pfd.asc
ncols         523
nrows         444
xllcenter     272775
yllcenter     357500
cellsize      5
NODATA_value  -9999
[rows 152 to 189 of 444, columns 255 to 339 of 523]
1.85311 1.89929 1.97015 2.11551 2.20188 2.2849 2.45701 2.69853 2.96822 3.18335 3.27079 3.31669 3.28652 3.19399 3.01315 2.82628 2.72142 2.79645 2.97491 3.21957 3.51164 3.73088 3.89265 3.96565 3.91347 3.71121 3.45905 3.19819 2.97219 2.78165 2.69474 2.77059 2.80204 2.72965 2.59192 2.41589 2.25251 2.12526 2.01847 1.89202 1.74289 1.63186 1.442 1.20745 0.98478 0.770683 0.546213 0.382783 0.274982 0.237757 0.101613 0.014035 0 0 0 0 0 0 0 0 0 0 0 0 0 0 0 0 0 0 0 0 0 0 0 0 0 0 0 0 0 0 0 0 0
1.81916 1.84314 1.92277 2.05876 2.17104 2.23291 2.29293 2.42036 2.64631 2.90283 3.0805 3.14655 3.12528 3.07841 2.94892 2.78642 2.60555 2.50516 2.54402 2.68574 2.8622 3.04368 3.22491 3.36952 3.46773 3.42344 3.27943 3.09109 2.90739 2.74589 2.5548 2.51282 2.60787 2.65967 2.59521 2.48137 2.32172 2.1732 2.07981 2.0263 1.92255 1.84129 1.73363 1.59641 1.408 1.15863 0.904779 0.67538 0.461687 0.306357 0.206234 0.0622797 0.00436544 0 0 0 0 0 0 0 0 0 0 0 0 0 0 0 0 0 0 0 0 0 0 0 0 0 0 0 0 0 0 0 0
1.79574 1.78774 1.87614 1.97289 2.10248 2.20376 2.21994 2.27348 2.37124 2.56256 2.7838 2.8712 2.91812 2.89763 2.79632 2.67514 2.52283 2.37801 2.3147 2.34606 2.44034 2.54358 2.68108 2.82091 2.96504 3.04133 3.00868 2.90934 2.77108 2.64328 2.47279 2.32886 2.35962 2.47965 2.53638 2.49488 2.39325 2.25431 2.11972 2.04139 1.97612 1.91223 1.85274 1.79021 1.70187 1.55767 1.33944 1.06701 0.799442 0.550176 0.3482 0.147548 0.0263417 0.000467001 0 0 0 0 0 0 0 0 0 0 0 0 0 0 0 0 0 0 0 0 0 0 0 0 0 0 0 0 0 0 0
1.76289 1.75721 1.8123 1.92911 2.02995 2.12561 2.16639 2.20049 2.21317 2.29516 2.46215 2.57757 2.65496 2.69279 2.64668 2.57782 2.44694 2.30997 2.20144 2.1266 2.13411 2.198 2.28882 2.40367 2.53983 2.64862 2.70102 2.67483 2.58995 2.46929 2.34355 2.22283 2.17352 2.26069 2.40258 2.441 2.40634 2.31962 2.20909 2.09671 1.99548 1.94383 1.88225 1.84782 1.82872 1.79291 1.67831 1.46555 1.21071 0.917472 0.617926 0.379882 0.14043 0.0231124 0.00129725 0 0 0 0 0 0 0 0 0 0 0 0 0 0 0 0 0 0 0 0 0 0 0 0 0 0 0 0 0 0
1.74648 1.74497 1.78775 1.88762 1.94887 2.04242 2.1378 2.12326 2.17569 2.17681 2.24004 2.33812 2.40016 2.48413 2.47091 2.40518 2.30992 2.17942 2.08488 1.99768 1.95743 1.99071 2.05313 2.13017 2.2388 2.33971 2.40557 2.42347 2.381 2.28325 2.19666 2.11762 2.06683 2.08395 2.20191 2.31421 2.35124 2.32889 2.27512 2.19697 2.07788 1.96784 1.90268 1.88242 1.87064 1.86736 1.85142 1.77928 1.63393 1.38668 1.06323 0.711531 0.437422 0.194226 0.0452625 0.00387694 0 0 0 0 0 0 0 0 0 0 0 0 0 0 0 0 0 0 0 0 0 0 0 0 0 0 0 0 0
1.73255 1.7581 1.77493 1.84742 1.88873 1.97537 2.04191 2.07571 2.1167 2.13796 2.12925 2.17123 2.19802 2.24813 2.23834 2.17305 2.15417 2.09683 2.02934 1.95185 1.9017 1.85527 1.85249 1.92479 2.02934 2.12154 2.16564 2.1942 2.17287 2.12166 2.07051 2.02217 1.97319 1.94129 2.00329 2.12656 2.24484 2.29714 2.28684 2.25086 2.1676 2.03628 1.94146 1.88562 1.86978 1.87981 1.91241 1.93234 1.89268 1.7878 1.5523 1.17808 0.818814 0.494717 0.237063 0.0656558 0.00684239 0 0 0 0 0 0 0 0 0 0 0 0 0 0 0 0 0 0 0 0 0 0 0 0 0 0 0 0
1.70341 1.76273 1.7714 1.79099 1.85183 1.88726 1.93268 2.01756 2.00093 2.07946 2.05565 2.07929 2.08164 2.06838 2.0246 2.00434 2.01408 2.01225 1.97088 1.89533 1.844 1.78111 1.74022 1.78548 1.8579 1.92478 1.98294 2.01417 2.01015 1.97139 1.9542 1.93037 1.88305 1.86398 1.89125 1.95767 2.08039 2.19635 2.24903 2.24203 2.20573 2.12726 2.02148 1.92248 1.88499 1.88463 1.90948 1.94878 1.97932 1.95709 1.84021 1.62156 1.29684 0.907365 0.519612 0.257456 0.0759639 0.0080559 0 0 0 0 0 0 0 0 0 0 0 0 0 0 0 0 0 0 0 0 0 0 0 0 0 0 0
1.69759 1.71066 1.77139 1.745 1.77931 1.78931 1.88083 1.92391 1.93757 2.00814 2.01937 2.01967 2.01381 1.97246 1.89918 1.89446 1.89512 1.87683 1.88082 1.84115 1.81012 1.7709 1.7133 1.68533 1.70064 1.76775 1.83038 1.88072 1.8801 1.86111 1.84806 1.84218 1.81067 1.82682 1.853 1.86465 1.93376 2.05714 2.14353 2.18939 2.1968 2.17 2.10223 2.01479 1.94232 1.90737 1.90695 1.95159 2.00354 2.0341 1.98813 1.86107 1.66668 1.35009 0.933854 0.55586 0.269169 0.0731985 0.00707809 0 0 0 0 0 0 0 0 0 0 0 0 0 0 0 0 0 0 0 0 0 0 0 0 0 0
1.68051 1.65561 1.71109 1.68921 1.71299 1.72708 1.79231 1.82483 1.87514 1.88473 1.95215 1.95047 1.93969 1.91684 1.85281 1.82113 1.833 1.83752 1.82486 1.8096 1.77925 1.74766 1.6967 1.65802 1.62937 1.65081 1.69564 1.76304 1.78667 1.78372 1.75622 1.74751 1.74307 1.79475 1.83521 1.84778 1.87508 1.94104 2.02813 2.12435 2.18358 2.18729 2.1579 2.08798 2.00345 1.96064 1.95214 1.98095 2.01491 2.05668 2.08358 2.03159 1.89142 1.64957 1.33519 0.968259 0.607199 0.275709 0.0679391 0.0062391 0 0 0 0 0 0 0 0 0 0 0 0 0 0 0 0 0 0 0 0 0 0 0 0 0
1.64692 1.59723 1.62551 1.64097 1.62862 1.67424 1.68409 1.74442 1.75813 1.78128 1.84041 1.88891 1.86837 1.8723 1.84824 1.81227 1.81876 1.8533 1.84466 1.82662 1.76463 1.73455 1.72307 1.68456 1.62723 1.59251 1.59429 1.65184 1.71763 1.71676 1.68778 1.67435 1.70728 1.75112 1.79617 1.83593 1.8519 1.85302 1.91429 2.01468 2.12419 2.19754 2.20959 2.14837 2.07928 2.04022 2.02735 2.03143 2.07248 2.09855 2.11507 2.14373 2.09408 1.90875 1.63767 1.34012 1.00477 0.619926 0.29641 0.077383 0.0067591 0 0 0 0 0 0 0 0 0 0 0 0 0 0 0 0 0 0 0 0 0 0 0 0
1.60867 1.51851 1.56609 1.60883 1.56292 1.57998 1.60334 1.63718 1.66109 1.70708 1.73158 1.79174 1.81693 1.80988 1.83379 1.83031 1.84378 1.89131 1.93014 1.92436 1.87105 1.80883 1.76612 1.74038 1.69567 1.62194 1.54725 1.58785 1.65071 1.67241 1.65104 1.63726 1.68474 1.72751 1.76671 1.80323 1.82763 1.81367 1.8127 1.8928 2.00833 2.12711 2.20038 2.20146 2.17643 2.12712 2.11244 2.11368 2.15275 2.16204 2.15797 2.18482 2.20047 2.12688 1.94278 1.65939 1.31901 0.988699 0.621888 0.288325 0.0686138 0.00482588 0 0 0 0 0 0 0 0 0 0 0 0 0 0 0 0 0 0 0 0 0 0 0
1.58135 1.46014 1.52478 1.56321 1.52322 1.52356 1.54001 1.53677 1.59267 1.6013 1.65657 1.66973 1.7745 1.77309 1.78608 1.81454 1.84433 1.94162 2.02121 2.05811 2.04875 2.01845 1.91526 1.8674 1.79441 1.69992 1.60474 1.5903 1.60906 1.64232 1.64161 1.64034 1.69624 1.76746 1.79054 1.8124 1.82038 1.81942 1.7755 1.81407 1.90452 2.01572 2.15533 2.23463 2.2523 2.22206 2.1883 2.17929 2.19771 2.18602 2.19975 2.2227 2.24072 2.23094 2.1561 1.95638 1.63972 1.29856 0.946577 0.594577 0.245487 0.0481828 0.00263123 0 0 0 0 0 0 0 0 0 0 0 0 0 0 0 0 0 0 0 0 0 0
1.56059 1.42375 1.46838 1.49987 1.51043 1.49042 1.49747 1.48674 1.52869 1.55118 1.58841 1.58988 1.67474 1.73592 1.7336 1.77431 1.81407 1.91603 2.049 2.15215 2.21861 2.26075 2.17241 2.07416 1.96099 1.84331 1.70897 1.61701 1.60292 1.60847 1.62139 1.63304 1.73335 1.86906 1.90532 1.90925 1.90345 1.89031 1.83027 1.8039 1.8489 1.90683 2.0556 2.19322 2.25509 2.27686 2.25966 2.22814 2.22175 2.22148 2.25486 2.28625 2.30084 2.272 2.24867 2.14948 1.93444 1.61253 1.2694 0.915862 0.544588 0.190772 0.0291001 0.00107294 0 0 0 0 0 0 0 0 0 0 0 0 0 0 0 0 0 0 0 0 0
1.55577 1.40992 1.40273 1.44959 1.49796 1.4468 1.46812 1.46648 1.49575 1.54138 1.50771 1.54211 1.54862 1.63171 1.67611 1.73873 1.77391 1.85624 1.99994 2.15222 2.28917 2.39343 2.38734 2.30411 2.19846 2.07772 1.90081 1.68132 1.58566 1.58718 1.5925 1.62621 1.7882 1.9699 2.07917 2.09965 2.06526 2.01155 1.94326 1.88088 1.87057 1.84844 1.95038 2.08722 2.20212 2.26226 2.29382 2.31829 2.29842 2.29153 2.31456 2.33306 2.36548 2.35299 2.3144 2.25321 2.13524 1.89867 1.56816 1.22439 0.862175 0.487752 0.155687 0.0199083 0.000403814 0 0 0 0 0 0 0 0 0 0 0 0 0 0 0 0 0 0 0 0
1.57173 1.42145 1.35063 1.40269 1.44705 1.42798 1.43373 1.44904 1.46576 1.50112 1.49027 1.49093 1.49456 1.52128 1.62957 1.69405 1.72986 1.81017 1.90171 2.07633 2.24219 2.39315 2.4902 2.48304 2.39834 2.32646 2.20633 1.91615 1.66228 1.59781 1.5744 1.60633 1.77584 2.0348 2.26217 2.3526 2.29036 2.19101 2.09336 2.02334 1.97401 1.91416 1.91258 1.9818 2.11529 2.21432 2.27878 2.35327 2.35023 2.34282 2.34294 2.35964 2.42155 2.46383 2.41918 2.35041 2.27647 2.10433 1.83368 1.51619 1.18825 0.832889 0.42606 0.117918 0.0123407 0 0 0 0 0 0 0 0 0 0 0 0 0 0 0 0 0 0 0 0
1.55883 1.41866 1.31922 1.33025 1.37812 1.41467 1.40381 1.40707 1.42835 1.47565 1.49074 1.45502 1.46309 1.47086 1.54269 1.6262 1.6888 1.75906 1.82483 1.96459 2.12567 2.28752 2.46178 2.56457 2.56164 2.52708 2.48269 2.29984 1.95426 1.68726 1.62981 1.64072 1.81183 2.11323 2.43927 2.62121 2.62988 2.48376 2.3197 2.20971 2.14515 2.12387 2.07746 1.98526 2.01909 2.12165 2.19176 2.27103 2.32322 2.35023 2.36583 2.40007 2.46503 2.5008 2.4896 2.44582 2.37111 2.25699 2.04895 1.76943 1.47392 1.15762 0.774515 0.34599 0.0779752 0.00596999 0 0 0 0 0 0 0 0 0 0 0 0 0 0 0 0 0 0 0
1.53498 1.42063 1.29691 1.27086 1.30622 1.36783 1.35333 1.37233 1.40934 1.44189 1.45439 1.46495 1.40515 1.43022 1.43789 1.49574 1.59003 1.67032 1.74261 1.82979 1.96793 2.12541 2.31882 2.50713 2.6241 2.68137 2.67331 2.59241 2.33752 1.96022 1.76009 1.78869 1.91156 2.1518 2.52017 2.8154 2.96836 2.83419 2.63695 2.43877 2.34739 2.37234 2.36485 2.1885 2.06698 2.07558 2.1089 2.1706 2.25669 2.3238 2.35437 2.39548 2.44344 2.4903 2.50807 2.47423 2.41011 2.33812 2.18756 1.97877 1.71212 1.42018 1.1041 0.715787 0.277404 0.048699 0.00239966 0 0 0 0 0 0 0 0 0 0 0 0 0 0 0 0 0 0
1.54007 1.44448 1.2912 1.24175 1.26596 1.27446 1.31909 1.3414 1.36524 1.41037 1.4361 1.46365 1.39831 1.35821 1.3775 1.38807 1.46892 1.5369 1.61768 1.70523 1.79613 1.93836 2.14293 2.33013 2.55239 2.74569 2.82865 2.80262 2.67811 2.38714 2.03512 1.97243 2.08872 2.28324 2.53735 2.85749 3.10588 3.12743 2.94892 2.69555 2.52977 2.5332 2.58568 2.49342 2.33964 2.2281 2.16487 2.13401 2.16827 2.24002 2.27482 2.30641 2.33741 2.38619 2.45181 2.45643 2.39386 2.33307 2.23911 2.11121 1.91699 1.64268 1.36789 1.06269 0.651059 0.226134 0.0332463 0.00100373 0 0 0 0 0 0 0 0 0 0 0 0 0 0 0 0 0
1.55583 1.45086 1.33101 1.24966 1.21377 1.20271 1.28751 1.28207 1.31756 1.38272 1.42342 1.44449 1.41198 1.3281 1.30776 1.32049 1.35415 1.40514 1.47739 1.55029 1.66086 1.7708 1.95839 2.14902 2.38195 2.66727 2.9049 3.00664 2.96779 2.78514 2.47489 2.26197 2.29736 2.46751 2.5535 2.73848 3.00633 3.18358 3.13659 2.92879 2.72973 2.66477 2.70194 2.73705 2.66119 2.50972 2.39828 2.27721 2.19418 2.17158 2.18373 2.18355 2.18842 2.21843 2.2849 2.33544 2.33104 2.29651 2.23579 2.14613 2.02818 1.85864 1.6023 1.34478 1.05015 0.599861 0.186728 0.023559 0.000356127 0 0 0 0 0 0 0 0 0 0 0 0 0 0 0 0
1.57304 1.44067 1.35237 1.24707 1.17079 1.19275 1.20294 1.2416 1.28265 1.32315 1.37982 1.40713 1.38534 1.34143 1.26463 1.23178 1.23527 1.29127 1.35075 1.41581 1.52129 1.63331 1.78171 2.00605 2.20745 2.49829 2.81721 3.10607 3.24827 3.19568 2.97708 2.70713 2.56329 2.58055 2.54894 2.51127 2.74309 2.98246 3.10421 3.04813 2.89045 2.77818 2.7407 2.82265 2.84974 2.7809 2.64229 2.54117 2.44461 2.29271 2.20049 2.13843 2.10383 2.10095 2.13135 2.17253 2.21626 2.21703 2.19767 2.14744 2.08052 2.00684 1.85071 1.61396 1.38213 1.02025 0.53994 0.164855 0.0215163 0.000309278 0 0 0 0 0 0 0 0 0 0 0 0 0 0 0
1.57138 1.44444 1.3733 1.26698 1.18056 1.1646 1.13089 1.21165 1.23722 1.26935 1.29981 1.3416 1.36084 1.3212 1.25923 1.17509 1.16476 1.17487 1.24265 1.31655 1.40488 1.5067 1.63152 1.82925 2.08643 2.36129 2.65116 3.03727 3.41333 3.56889 3.46479 3.21404 2.9499 2.74911 2.56406 2.33528 2.4021 2.65309 2.86341 2.94388 2.89465 2.81005 2.72465 2.7521 2.83481 2.87869 2.81536 2.74377 2.6389 2.5268 2.39963 2.27921 2.18151 2.09547 2.07347 2.0853 2.10882 2.11628 2.12853 2.13017 2.11165 2.07762 2.00647 1.81866 1.60157 1.34971 0.972178 0.50611 0.151021 0.01914 0.000300973 0 0 0 0 0 0 0 0 0 0 0 0 0 0
1.56404 1.44355 1.39872 1.29953 1.20913 1.15008 1.1366 1.14431 1.18376 1.22768 1.22618 1.26408 1.3092 1.29166 1.24677 1.16502 1.10968 1.10404 1.1474 1.23446 1.35111 1.4507 1.53837 1.67123 1.92888 2.23878 2.52035 2.89436 3.37334 3.72954 3.78483 3.59011 3.25939 2.92439 2.59892 2.26088 2.09067 2.27003 2.48622 2.64153 2.71748 2.7011 2.64074 2.60244 2.63253 2.71309 2.80682 2.80437 2.72471 2.68686 2.58115 2.49693 2.39898 2.24501 2.11864 2.06887 2.05282 2.04892 2.04607 2.06997 2.09272 2.0849 2.04615 1.92852 1.73498 1.53634 1.2939 0.948927 0.497162 0.140188 0.0153497 0.000127544 0 0 0 0 0 0 0 0 0 0 0 0 0
1.54912 1.44442 1.38132 1.30079 1.20714 1.12159 1.09236 1.05153 1.11253 1.14762 1.16464 1.16786 1.2197 1.25177 1.22356 1.16475 1.10628 1.08436 1.11662 1.18524 1.32775 1.45653 1.51413 1.60158 1.79534 2.09223 2.39749 2.7603 3.20066 3.63935 3.79571 3.69004 3.398 3.01038 2.62101 2.25282 1.9898 1.98746 2.12616 2.29009 2.43401 2.46387 2.47055 2.4377 2.39099 2.42933 2.54048 2.64062 2.68245 2.70166 2.65232 2.61013 2.59351 2.50941 2.34814 2.17915 2.0805 2.02427 1.9934 2.00789 2.01629 2.01984 2.01059 1.94203 1.80897 1.64594 1.48109 1.27276 0.946696 0.475461 0.124059 0.0120876 0 0 0 0 0 0 0 0 0 0 0 0 0
1.50591 1.45996 1.36764 1.2953 1.19489 1.12573 1.0445 1.02829 1.00954 1.06638 1.09095 1.08937 1.12458 1.19141 1.21562 1.18664 1.17012 1.14143 1.14119 1.16721 1.28624 1.4354 1.54697 1.59142 1.73514 1.9705 2.2546 2.59762 2.96096 3.32155 3.53518 3.51645 3.34462 3.02679 2.66678 2.33791 2.08191 1.9534 1.94305 2.01358 2.14048 2.19607 2.25975 2.25436 2.20153 2.17607 2.20665 2.30215 2.42369 2.52487 2.60063 2.63239 2.66072 2.70328 2.71615 2.50546 2.26473 2.09106 1.99 1.94879 1.92128 1.93856 1.95293 1.92446 1.83552 1.73339 1.61459 1.45645 1.25592 0.919011 0.429655 0.0993434 0.00799027 0 0 0 0 0 0 0 0 0 0 0 0
1.44371 1.45431 1.36208 1.27927 1.18376 1.12657 1.03468 0.978358 0.933812 0.996956 1.00275 1.04438 1.04892 1.09445 1.17861 1.21753 1.2229 1.26355 1.33649 1.26372 1.2671 1.37427 1.53568 1.62866 1.702 1.86996 2.07541 2.33916 2.65387 2.93558 3.14101 3.19689 3.15745 2.97069 2.74189 2.48779 2.2035 2.02392 1.91142 1.88325 1.91091 1.97517 2.04798 2.05743 2.02802 1.97774 1.952 1.96274 2.06756 2.20362 2.36996 2.5261 2.643 2.74451 2.92616 2.94225 2.6329 2.28376 2.0467 1.92506 1.86273 1.86414 1.88949 1.88539 1.84605 1.79006 1.70628 1.593 1.4385 1.25176 0.885539 0.38236 0.0807995 0.00595525 0 0 0 0 0 0 0 0 0 0 0
1.35787 1.42776 1.35607 1.24951 1.18622 1.09512 1.03207 0.94117 0.924044 0.902519 0.930899 0.978478 1.00461 1.00903 1.11514 1.2171 1.27007 1.41104 1.5458 1.37767 1.29006 1.34058 1.46383 1.61352 1.71251 1.77686 1.8794 2.04827 2.32385 2.55944 2.74167 2.87335 2.92737 2.87695 2.7908 2.6277 2.35176 2.09426 1.93995 1.88059 1.84645 1.83496 1.86718 1.87285 1.87397 1.83432 1.77005 1.73439 1.75952 1.87462 2.04518 2.26439 2.46887 2.66485 2.89234 3.20267 3.12159 2.65738 2.23438 1.99376 1.88207 1.81241 1.82647 1.83471 1.82507 1.80861 1.75949 1.6761 1.55432 1.42681 1.23269 0.823801 0.33565 0.0655685 0.0038971 0 0 0 0 0 0 0 0 0 0
1.30661 1.38638 1.37236 1.26102 1.18964 1.10213 1.02984 0.957284 0.892589 0.857703 0.870976 0.921007 0.980958 0.997398 1.05924 1.18367 1.28607 1.42852 1.52283 1.43813 1.37058 1.37543 1.42579 1.53235 1.6499 1.70047 1.75456 1.83366 2.03536 2.24451 2.4325 2.60612 2.71177 2.76475 2.75624 2.65733 2.46533 2.21037 2.00144 1.90517 1.86831 1.80579 1.75612 1.74017 1.73819 1.71695 1.63892 1.58826 1.56721 1.61284 1.72705 1.92536 2.1732 2.42161 2.71127 3.13082 3.45128 3.19981 2.62617 2.18436 1.9517 1.80537 1.77744 1.79207 1.80968 1.81463 1.79247 1.72738 1.61272 1.51862 1.40116 1.16194 0.731794 0.290033 0.0564278 0.00326967 0 0 0 0 0 0 0 0 0
1.26158 1.33837 1.3781 1.2787 1.1865 1.11633 1.0355 0.963921 0.872667 0.854738 0.844843 0.894266 0.954058 1.02111 1.04327 1.12249 1.23997 1.37034 1.47251 1.51404 1.5142 1.48487 1.45755 1.46357 1.51187 1.59241 1.65803 1.69222 1.79644 1.98802 2.17621 2.34757 2.48056 2.60194 2.63722 2.58201 2.45681 2.27874 2.07758 1.9109 1.86163 1.82911 1.73126 1.66549 1.64354 1.62081 1.55992 1.49628 1.46315 1.44774 1.49166 1.60959 1.83286 2.09357 2.41826 2.83974 3.41258 3.65235 3.22111 2.60119 2.16335 1.89184 1.76862 1.75593 1.78654 1.82186 1.83313 1.77549 1.70609 1.60261 1.50061 1.34177 1.06179 0.653442 0.259579 0.0495008 0.00238813 0 0 0 0 0 0 0 0
1.21365 1.2863 1.35195 1.31948 1.20638 1.12566 1.06618 0.995392 0.918972 0.869259 0.878545 0.897048 0.943457 1.01272 1.0856 1.09185 1.16314 1.31706 1.47118 1.58035 1.61241 1.6083 1.5366 1.45116 1.39894 1.43214 1.51133 1.55954 1.60523 1.74703 1.92786 2.08397 2.21035 2.39217 2.47679 2.46502 2.38022 2.2615 2.11193 1.93065 1.8237 1.80004 1.75033 1.65652 1.59426 1.54043 1.49271 1.44567 1.42043 1.38018 1.36011 1.38498 1.5162 1.74921 2.06695 2.48628 3.10442 3.74028 3.81388 3.21951 2.54248 2.09999 1.84408 1.73752 1.75564 1.82308 1.86175 1.8363 1.8038 1.70082 1.57264 1.47487 1.28814 0.984086 0.591287 0.222366 0.0388533 0.00158539 0 0 0 0 0 0 0
1.2179 1.27666 1.34434 1.34349 1.25063 1.15914 1.10556 1.05156 0.981957 0.907216 0.903027 0.942472 0.995815 1.02963 1.07769 1.12137 1.14501 1.24509 1.41815 1.56252 1.61437 1.6278 1.56623 1.46896 1.35557 1.30036 1.34608 1.41291 1.45639 1.55276 1.72338 1.8787 1.98228 2.17312 2.28797 2.30841 2.26299 2.1928 2.07879 1.9316 1.77906 1.73495 1.72432 1.67564 1.57365 1.48999 1.42919 1.41553 1.39181 1.36196 1.31287 1.27956 1.32649 1.46318 1.71444 2.11008 2.66473 3.44587 4.05961 3.88449 3.11463 2.43446 1.98947 1.78847 1.73674 1.8017 1.86925 1.90259 1.86512 1.77641 1.66324 1.56858 1.43536 1.2157 0.919428 0.535183 0.192238 0.032105 0.00119709 0 0 0 0 0 0
1.29182 1.30016 1.3565 1.35688 1.31467 1.19931 1.15031 1.1068 1.04573 0.98347 0.944641 0.994077 1.05433 1.09864 1.118 1.14275 1.16222 1.19774 1.29485 1.42978 1.51064 1.52637 1.49844 1.44831 1.37469 1.26557 1.23795 1.26846 1.31984 1.41153 1.54781 1.67887 1.78718 1.95388 2.08841 2.13355 2.09947 2.05962 1.9949 1.88453 1.73894 1.66625 1.65788 1.66158 1.59224 1.49381 1.42228 1.38455 1.36279 1.34041 1.3009 1.25582 1.24862 1.29861 1.43904 1.73969 2.19742 2.92498 3.83259 4.25705 3.79881 2.97556 2.29206 1.94054 1.78257 1.7754 1.8254 1.89848 1.88929 1.83908 1.77212 1.65685 1.5234 1.38173 1.16522 0.859225 0.488828 0.168012 0.0263087 0.000942476 0 0 0 0 0
1.41945 1.35384 1.3785 1.37862 1.33317 1.23774 1.17981 1.13485 1.08945 1.06922 1.04785 1.04775 1.07651 1.1324 1.20095 1.19342 1.1655 1.15261 1.15934 1.22024 1.31243 1.38151 1.40117 1.39704 1.38533 1.29198 1.21828 1.17933 1.20743 1.28541 1.36769 1.48895 1.60929 1.73493 1.87266 1.94015 1.93354 1.89712 1.8637 1.78849 1.68449 1.61219 1.6058 1.62587 1.60983 1.52843 1.4427 1.3708 1.35514 1.33199 1.3006 1.26798 1.238 1.23174 1.28516 1.43878 1.77653 2.35099 3.29028 4.12203 4.25014 3.64624 2.805 2.20501 1.91363 1.8088 1.78854 1.83447 1.87908 1.89795 1.86162 1.76918 1.63229 1.49392 1.32654 1.08859 0.796811 0.450692 0.155852 0.0245536 0.000761146 0 0 0 0
1.64894 1.47169 1.43068 1.40331 1.35373 1.28845 1.20201 1.15316 1.13199 1.12087 1.11966 1.09172 1.07707 1.10977 1.15151 1.15844 1.1222 1.06532 1.02156 1.03599 1.11658 1.22681 1.31174 1.3414 1.35088 1.31893 1.241 1.17585 1.14456 1.16778 1.21414 1.33144 1.44631 1.54034 1.68106 1.75742 1.77097 1.73604 1.72453 1.67608 1.6225 1.57629 1.55922 1.5815 1.58131 1.54315 1.48055 1.40357 1.36171 1.35857 1.33638 1.30616 1.27631 1.26151 1.22882 1.28364 1.43616 1.83016 2.6532 3.61067 4.22549 4.10078 3.39331 2.61138 2.15999 1.96017 1.8635 1.84563 1.8611 1.9081 1.93499 1.88898 1.76877 1.60338 1.43728 1.2598 1.02348 0.757591 0.424124 0.143342 0.0219045 0.000544826 0 0 0
1.96612 1.66976 1.53999 1.48436 1.43248 1.36555 1.26092 1.1872 1.17256 1.1842 1.16044 1.11913 1.0698 1.06624 1.05954 1.01975 0.99428 0.953131 0.923472 0.927706 0.964511 1.06348 1.1773 1.2469 1.26777 1.27456 1.23682 1.1816 1.12106 1.08987 1.11528 1.19749 1.3002 1.38735 1.49747 1.59484 1.62558 1.60946 1.60763 1.5715 1.53941 1.5237 1.52273 1.53601 1.53799 1.52165 1.49746 1.45367 1.39619 1.37788 1.3943 1.38037 1.36016 1.32893 1.28172 1.24572 1.2757 1.45208 2.01481 2.99859 3.84986 4.13899 3.83442 3.13256 2.54016 2.23963 2.06828 1.95546 1.91191 1.92092 1.98723 2.00768 1.91753 1.73687 1.555 1.38069 1.18476 0.965873 0.707162 0.385017 0.123179 0.0168491 0.000173471 0 0
2.25038 1.95245 1.70631 1.6147 1.55484 1.47889 1.40279 1.29821 1.2244 1.22127 1.20188 1.13725 1.05687 1.01752 0.977562 0.922465 0.88263 0.84726 0.864655 0.865096 0.867387 0.909093 1.00811 1.09735 1.15382 1.18222 1.1874 1.1487 1.117 1.07361 1.05958 1.10208 1.19356 1.27222 1.33477 1.45241 1.51454 1.51131 1.52366 1.50969 1.48019 1.47347 1.48453 1.48332 1.49577 1.49255 1.47621 1.47047 1.43998 1.40408 1.43103 1.46047 1.44937 1.41353 1.35144 1.29413 1.25242 1.28277 1.52451 2.43675 3.3455 3.8948 3.94341 3.54085 2.98225 2.58248 2.34576 2.1702 2.0367 1.97988 2.02245 2.08228 2.05073 1.89006 1.68779 1.48509 1.30691 1.12438 0.91319 0.65034 0.339712 0.0997209 0.0116264 0 0
2.40915 2.22079 1.95557 1.78107 1.73118 1.65589 1.59508 1.49807 1.35003 1.26608 1.21602 1.14186 1.03258 0.956015 0.900983 0.851747 0.825768 0.783736 0.793565 0.793053 0.791256 0.801917 0.848149 0.932817 1.01836 1.08252 1.11926 1.11209 1.08985 1.08017 1.04936 1.04345 1.10147 1.17892 1.23739 1.33976 1.41713 1.43586 1.44643 1.44631 1.44219 1.43561 1.42976 1.42792 1.44355 1.45917 1.45864 1.45813 1.459 1.455 1.44735 1.48288 1.50731 1.48324 1.4338 1.37217 1.2934 1.23486 1.2898 1.93277 2.80417 3.52864 3.81836 3.70922 3.34693 2.94295 2.64529 2.46131 2.25291 2.1179 2.10835 2.15829 2.16909 2.06176 1.83363 1.6138 1.42813 1.26116 1.07737 0.859117 0.583982 0.291524 0.0797727 0.00817293 0
2.47462 2.36755 2.21621 2.02936 1.91164 1.87615 1.81071 1.72242 1.54767 1.36693 1.2418 1.14492 1.02783 0.919112 0.848505 0.79272 0.768161 0.754967 0.750443 0.732726 0.713378 0.736648 0.766207 0.804763 0.880395 0.966763 1.03093 1.04966 1.0331 1.05549 1.05978 1.02972 1.03273 1.10464 1.17194 1.24217 1.32004 1.36895 1.37509 1.37973 1.40007 1.3979 1.38748 1.38721 1.39969 1.43093 1.44622 1.44634 1.45998 1.48338 1.47951 1.49638 1.52475 1.52326 1.48599 1.43747 1.36217 1.25867 1.2011 1.4849 2.28856 3.09749 3.55812 3.6735 3.52452 3.25415 2.9627 2.76875 2.56455 2.34623 2.24395 2.25166 2.24917 2.19197 2.01135 1.75776 1.54369 1.3709 1.22194 1.06072 0.806942 0.531632 0.256738 0.068247 0.00701013
2.48647 2.42908 2.36075 2.25265 2.1092 2.03405 1.97921 1.8753 1.70172 1.47906 1.32647 1.19981 1.05475 0.943009 0.836829 0.757157 0.728604 0.729419 0.735879 0.723332 0.686069 0.694074 0.73458 0.76199 0.783546 0.846576 0.921832 0.963782 0.972419 1.00928 1.04381 1.0353 1.00602 1.0427 1.12682 1.1798 1.23495 1.29409 1.31964 1.34778 1.36065 1.36627 1.37505 1.3696 1.38219 1.41301 1.42724 1.43589 1.4581 1.4954 1.51482 1.53375 1.52615 1.53543 1.49941 1.47578 1.41207 1.31803 1.22185 1.24565 1.8376 2.63049 3.22084 3.50842 3.5294 3.42152 3.23143 3.03657 2.87353 2.63991 2.44699 2.37263 2.34077 2.29776 2.18043 1.94021 1.66834 1.47541 1.34168 1.20262 1.01844 0.786816 0.530996 0.254663 0.0725123
