benchmarks/avaHitNullTest/relHit_5d436948cc_C_null_dfa_pft.asc
ncols 525
nrows 445
xllcenter 272771.42
yllcenter 357502.70
cellsize 5.00
nodata_value nan
[rows 58 to 86 of 445, columns 195 to 259 of 525]
1.178646909879988 1.201730836705541 1.180011658780531 1.12148202822665 1.099094173287098 1.153679725878892 1.111164869659443 1.151758258863107 1.189908428211898 1.338816277498491 1.439815383820631 1.442012827188649 1.316183347304882 1.208186853310969 1.116372378807522 1.081091533542155 1.021898347258797 0.9572459885918133 0.9607436686103535 0.7286164610180451 0.5313697022664337 0.1270629976336932 0.001008607746474743 0 0 0 0 0 0 0 0 0 0 0 0 0 0 0 0 0 0 0 0 0 0 0 0 0 0 0 0 0 0 0 0 0 0 0 0 0 0 0 0 0 0
1.093918847831926 1.150676006833677 1.298285747296862 1.163315424513365 1.288342210059088 1.254905505136545 1.355893946933256 1.088923568068964 1.101777277037204 1.167739392599222 1.377005187483536 1.480903465010538 1.427358487750115 1.31185585418399 1.184690232499908 1.092026161378307 1.132160227197586 1.257660664121752 1.09051752480233 0.883346218996182 0.6547843548467626 0.4506846892304041 0.08576172410188074 0 0 0 0 0 0 0 0 0 0 0 0 0 0 0 0 0 0 0 0 0 0 0 0 0 0 0 0 0 0 0 0 0 0 0 0 0 0 0 0 0 0
1.180895462531888 1.121810085186177 1.233883902578388 1.260589956337827 1.246142104216532 1.345521126055996 1.276683774493872 1.103660853258982 1.036320041056032 1.078372465154268 1.22875332976071 1.389349177401835 1.443264948152782 1.397523752865317 1.296326043512012 1.173821162393712 1.094744171051239 1.153449860587064 1.20580771712198 1.066460304894329 0.798311927376875 0.5646978528344118 0.3737113292974424 0.05756349777013481 0 0 0 0 0 0 0 0 0 0 0 0 0 0 0 0 0 0 0 0 0 0 0 0 0 0 0 0 0 0 0 0 0 0 0 0 0 0 0 0 0
1.283100596137714 1.287773964263548 1.190232864661121 1.312444532093315 1.34547305603716 1.397626585899773 1.352824686230248 1.222715088496084 1.076440962367199 1.011223523140286 1.222075280001421 1.263143197528509 1.401391224071188 1.426864709152336 1.365106807414636 1.268708153988662 1.362837825388089 1.155860071728064 1.278956978728118 1.153067159665012 0.9536097227718033 0.7297091449576577 0.5193433776968416 0.3212188886987219 0.0471324426866151 6.458015223947452e-05 0 0 0 0 0 0 0 0 0 0 0 0 0 0 0 0 0 0 0 0 0 0 0 0 0 0 0 0 0 0 0 0 0 0 0 0 0 0 0
1.249534445355489 1.343519966417681 1.363649133128505 1.375889815842501 1.421391423164842 1.470401689521554 1.479405246426869 1.320004696585887 1.130188066533183 1.166725238879591 1.05191881070489 1.127924413547634 1.305160181459038 1.434894303575365 1.389564317855193 1.328470737168844 1.261598698242501 1.230355456318067 1.122718291504942 1.162094948368751 1.044344688884012 0.8320051964803055 0.6746751230744148 0.4914031599097584 0.2764898007812461 0.09013641463853804 0.01008217062738994 0 0 0 0 0 0 0 0 0 0 0 0 0 0 0 0 0 0 0 0 0 0 0 0 0 0 0 0 0 0 0 0 0 0 0 0 0 0
1.273148249660588 1.303372257924812 1.404235497032973 1.462256183747692 1.473865345022857 1.517119287790265 1.546678185218535 1.435331684688918 1.23452121989009 1.171702904676333 1.098817420572671 1.08509188287503 1.173776633217093 1.351092618645558 1.408409283762532 1.386169287882523 1.323196775118441 1.255994534094432 1.189647309687282 1.151858718935375 1.062998294194667 0.9639804221053796 0.8325015640256304 0.6925826241670718 0.5031659873680555 0.3236184405464723 0.2020663129832024 0.1022364318943714 0.02242294632331376 0 0 0 0 0 0 0 0 0 0 0 0 0 0 0 0 0 0 0 0 0 0 0 0 0 0 0 0 0 0 0 0 0 0 0 0
1.264527950655945 1.344796648870886 1.355855216503166 1.467352519596517 1.493401184143972 1.550708028105937 1.585667538019873 1.565676097783924 1.399779784642681 1.219504846606362 1.094949651854078 1.066800921236315 1.058715493530981 1.227074659842596 1.368557592763752 1.398444291823565 1.360471857299116 1.288859352588746 1.239847763370074 1.209639885415579 1.102233026116284 1.006491754506681 0.9347025091986144 0.8253069767840447 0.7775611127992764 0.6445736239358345 0.418297231453472 0.3040595522591871 0.2589935039955729 0.02982566878686426 0 0 0 0 0 0 0 0 0 0 0 0 0 0 0 0 0 0 0 0 0 0 0 0 0 0 0 0 0 0 0 0 0 0 0
1.269872609333236 1.307741031723537 1.364130648724987 1.399458518654668 1.499923617486725 1.563856879086674 1.603612844412466 1.626733420843212 1.539822713025755 1.332705974975783 1.198932711731972 1.079492433577165 1.181271827248023 1.248736122493962 1.302072163375224 1.384238100824098 1.401062523511376 1.364787337905147 1.256380567610676 1.21612904373256 1.196907635003392 1.084298092896592 0.9309985874930758 0.8643218750780934 0.8378088877206591 0.7294278336280169 0.6704523814493933 0.5710257389675399 0.4638996629232592 0.2617909380693569 0.02353437677154288 0 0 0 0 0 0 0 0 0 0 0 0 0 0 0 0 0 0 0 0 0 0 0 0 0 0 0 0 0 0 0 0 0 0
1.281758602260303 1.304200107461501 1.343016960390855 1.366524413383942 1.445165250897677 1.548442760982359 1.602665247584849 1.673331313278147 1.63789637817991 1.518937915440548 1.319182706526955 1.198214692114345 1.125064182835832 1.142447513425999 1.235042251283869 1.337951526998597 1.390593571823575 1.38650929804964 1.323413882795996 1.262954127899341 1.234570503410279 1.205860604446314 1.007920809306172 0.8692640158680091 0.7853379027263897 0.7473631017350585 0.7203675794095757 0.6420126824296292 0.6077104600117694 0.575230134519876 0.1874076105427462 0.001007329115858067 0 0 0 0 0 0 0 0 0 0 0 0 0 0 0 0 0 0 0 0 0 0 0 0 0 0 0 0 0 0 0 0 0
1.334975786968698 1.309833143636853 1.315987322117391 1.382596352985706 1.406223263891681 1.49610930212104 1.590264726985492 1.674630344070106 1.711570561209736 1.655559888967574 1.485391588362574 1.327070913548163 1.19148997700264 1.166851946178511 1.186425151164449 1.279864474042812 1.360363601947831 1.391035701024652 1.344760957111244 1.30876576571365 1.296895453469121 1.318616192135743 1.16081983919194 0.8780786191424339 0.8091345165894633 0.730567204798044 0.6917541140473756 0.6979265435292958 0.7144479841046099 0.7153081931016697 0.4521916845083662 0.02137824234099832 0 0 0 0 0 0 0 0 0 0 0 0 0 0 0 0 0 0 0 0 0 0 0 0 0 0 0 0 0 0 0 0 0
1.304310129627836 1.319992964395223 1.292607966177606 1.343696950853364 1.379444944871546 1.446991887713366 1.538468957128925 1.673871236881029 1.738094946961322 1.738210239600178 1.650748948655927 1.484604749623227 1.34303762915617 1.226255229664447 1.243670511277261 1.224838288334025 1.312619343260184 1.363889101280611 1.363320368603203 1.295497316244732 1.268101580515771 1.241630500682689 1.225172677451121 1.004400243575139 0.7952187340082684 0.7266488872442042 0.7167842777615718 0.7544376031784552 0.7814986862298589 0.9463458538024453 0.5881004183908932 0.08388982741358707 0 0 0 0 0 0 0 0 0 0 0 0 0 0 0 0 0 0 0 0 0 0 0 0 0 0 0 0 0 0 0 0 0
1.189497110817718 1.293225101680661 1.29498333320717 1.285405032814003 1.338289081669021 1.428647282917789 1.519368816204858 1.640812032808796 1.771494781094119 1.831094854502868 1.774853591036797 1.625854216939605 1.47941870668052 1.369602031051002 1.294821483347154 1.261759723300877 1.282748251414709 1.3386526577587 1.319400814266184 1.238196625109354 1.163580015626279 1.158785012435414 1.195753589824661 1.095130484158574 0.9198383655422775 0.7643533647661563 0.7334322594882562 0.7586587841040304 0.8531126088798696 1.182148135869804 0.679983534536775 0.1904164724141536 0 0 0 0 0 0 0 0 0 0 0 0 0 0 0 0 0 0 0 0 0 0 0 0 0 0 0 0 0 0 0 0 0
1.089605729221995 1.196243243732152 1.255940033714058 1.254336069215324 1.29706121463785 1.366330233712074 1.508160784402314 1.606878592720198 1.77001248354152 1.895937756805006 1.869528469769799 1.767890577309869 1.634028927452491 1.510640104990425 1.406798570206151 1.402766984626164 1.305078628147353 1.303785738672815 1.263534559773696 1.168016278836638 1.047311416138563 0.9908965452767163 1.070366499509984 1.145436252058382 1.029382853945704 0.9272738516456889 0.772209210912622 0.8412642474886299 0.9022419474841666 1.177083850925844 0.8225355824755207 0.3177263021670912 0 0 0 0 0 0 0 0 0 0 0 0 0 0 0 0 0 0 0 0 0 0 0 0 0 0 0 0 0 0 0 0 0
1.045384165392171 1.066153585416945 1.174219025287702 1.231632728926047 1.269347551690842 1.327474783191091 1.422109652123116 1.587762620414931 1.740522716255951 1.903209397330668 1.947826474501878 1.882499735993173 1.780576099160475 1.630692042723648 1.534384060983884 1.482792018149308 1.414793274720661 1.310957288679711 1.271628299905569 1.125042322503669 0.9863931335216103 0.947645465735702 1.018682469001672 1.093298221616682 1.092593635201012 1.03471238223131 0.8741478125778867 0.9190253693661601 1.036510230851234 1.26287334456342 0.9122921958007741 0.3956252842195803 0.01006192285572032 0 0 0 0 0 0 0 0 0 0 0 0 0 0 0 0 0 0 0 0 0 0 0 0 0 0 0 0 0 0 0 0
1.085033460266701 1.061895325435738 1.055593455460904 1.138795485818669 1.229374680669205 1.287413009752451 1.377371886144133 1.525857217179985 1.703521727655569 1.891526042758213 2.014225103875542 1.979868371833536 1.894444866659773 1.78265829842688 1.68379968398709 1.62104591103838 1.544812419033426 1.419835786273322 1.254001857581949 1.060902380949884 0.94667118541008 0.9299443624819624 0.9828987982505195 1.053105734196194 1.102809059429042 1.03511244807175 1.024193936672251 1.003156461974156 1.215228327813067 1.376596542357876 1.018034106726147 0.5303215964147346 0.05968316070498861 0 0 0 0 0 0 0 0 0 0 0 0 0 0 0 0 0 0 0 0 0 0 0 0 0 0 0 0 0 0 0 0
1.00602194436268 1.060354145352658 1.089918510600133 1.035350564763477 1.172995550635078 1.244796643295746 1.351092558604086 1.467087020997051 1.643635543604254 1.838438521580978 2.015901129776886 2.042526251307851 1.996908321657091 1.883201234861249 1.784955483344735 1.747908492310731 1.650956350876145 1.491026839015474 1.285413229096165 1.080847675548494 0.9538427978753833 0.9430732194658352 1.011770069176716 1.103094552297975 1.117216119199033 1.078227039852488 1.012178464511495 1.00434951468959 1.262983287304753 1.596097083496541 1.132679905163198 0.7319273778125128 0.2184348810058968 0.008844099270734105 0 0 0 0 0 0 0 0 0 0 0 0 0 0 0 0 0 0 0 0 0 0 0 0 0 0 0 0 0 0 0
1.223425481914053 1.212440410564767 1.190177195183411 1.070438822596632 1.092547816452018 1.179022344643642 1.322509521614532 1.442290943234103 1.599537549766759 1.839406148137004 2.03537621654404 2.119131054612576 2.054572168962353 1.999997280482082 1.889083974875861 1.806631050051937 1.701830184091943 1.537496460207693 1.386657573601387 1.156456128015466 0.9693861462376755 0.9883218593559557 1.047006528555483 1.041374890426118 1.082988349692338 1.070237105748312 1.014484926330218 1.052238543826174 1.29229724585307 1.807226495833355 1.404675988550574 0.8990263970097965 0.5032555888865771 0.1344412066349255 0.003951088096015084 0 0 0 0 0 0 0 0 0 0 0 0 0 0 0 0 0 0 0 0 0 0 0 0 0 0 0 0 0 0
1.347122585964496 1.302643130504597 1.080924727282859 1.287692652225771 1.09236523772435 1.168619467987442 1.256998492854811 1.419956226340578 1.538543359860693 1.800825664237196 2.041559234247774 2.143174254666573 2.131158486972074 2.043438594917187 1.910845079891761 1.73349948093541 1.692403499614979 1.664800103267444 1.46132674093638 1.239104682793739 1.072095698273246 1.071868400745409 1.073061894405625 1.059579948894709 1.038925273265828 1.045888978260006 1.013803368443307 1.029454508009501 1.201293308589385 1.903114683027903 1.803255226337108 1.130436096399869 0.7767707721253643 0.402260663838351 0.09361375768997005 0.003156186230759996 0 0 0 0 0 0 0 0 0 0 0 0 0 0 0 0 0 0 0 0 0 0 0 0 0 0 0 0 0
1.227109782871486 1.208917146267433 1.153152929645508 1.076789804049289 1.168301878761298 1.155801884176146 1.260952365826412 1.307789257995402 1.442643149981661 1.640656157517533 1.977291767984695 2.163920513801841 2.151453927936207 2.007527964818402 1.845852773582803 1.742299428174425 1.62984153625475 1.585937768691547 1.402654507152518 1.300091503006228 1.175665034915885 1.133139313731763 1.10847275653546 1.123794835796414 1.108183600933947 1.015928548180903 0.9821635722837883 1.021493911811664 1.179874165300271 1.682688755956897 2.186337331701508 1.535586452585618 0.9586577357398613 0.6929776638691325 0.4426617970049895 0.1292218368918832 0.005223287054543915 0 0 0 0 0 0 0 0 0 0 0 0 0 0 0 0 0 0 0 0 0 0 0 0 0 0 0 0
1.218466800842627 1.209209769949181 1.174577059983624 1.120880526008696 1.153234573360997 1.188573430687164 1.23571115618916 1.274725051245012 1.314457271811073 1.514774739637447 1.763543559805323 2.043364404821363 2.151107385573146 1.998151305511448 1.808350476105094 1.621137631838465 1.441118385425725 1.451301096322524 1.337624060810473 1.284863350015212 1.253121005528877 1.166318539840927 1.103009498890259 1.107511953197235 1.140623746115006 1.10531383282254 1.035639958016158 1.033316462432132 1.109021011470998 1.422504351129373 2.068860863954548 1.974626945011468 1.259316876342299 0.9147148496180987 0.7068775860284245 0.4817237889851462 0.1583090100165045 0.01083009112807794 0 0 0 0 0 0 0 0 0 0 0 0 0 0 0 0 0 0 0 0 0 0 0 0 0 0 0
1.351403999370097 1.248875551514414 1.148032859423809 1.131916151409671 1.157458398062828 1.228126960611575 1.240577393390099 1.254109733829879 1.21493224572293 1.311533564981398 1.506886003126604 1.798620248093996 2.043022765829797 1.981249380127771 1.70123356809458 1.490865502376794 1.351243928184629 1.386122215340462 1.361225103097125 1.285710594640182 1.196026815092758 1.133895284718916 1.108449026595073 1.120045767639105 1.074792175770571 1.104920298184454 1.113747336739812 1.053616364022893 1.080513926180235 1.260060065231724 1.736477187058574 2.09335574000213 1.698209195766091 1.125884160430126 0.8529356477953118 0.6954897427209931 0.5214650236889359 0.1927402631351658 0.02055010220689476 0 0 0 0 0 0 0 0 0 0 0 0 0 0 0 0 0 0 0 0 0 0 0 0 0 0
1.387353281426357 1.320216522293567 1.204671116864237 1.083525946758454 1.116270011065464 1.135439690689342 1.197034726180299 1.165051510584169 1.14735726794857 1.138744848750209 1.302158045152366 1.502279460526018 1.783519989512769 1.878332251954095 1.626986270114118 1.472876240756863 1.394205049390892 1.35212411782637 1.384968950750891 1.328041085146076 1.239818458382435 1.173776067241705 1.14233219540888 1.071152187689546 1.065177301094169 1.126759841314404 1.132800653255764 1.09286939329019 1.075522765793263 1.264654760208782 1.489353746746216 1.913855088806635 1.921436702903028 1.463726199830463 1.030001477341397 0.8162617789152754 0.7023680744727043 0.5076575841525186 0.2412061945530276 0.03311456341742659 0 0 0 0 0 0 0 0 0 0 0 0 0 0 0 0 0 0 0 0 0 0 0 0 0
1.573054233660498 1.397961327866248 1.198410578892902 1.083359844934371 1.053719049110927 1.077452612999529 1.09869154029831 1.117380556310922 1.060212308032503 1.05629611179176 1.069366977357713 1.253719387064277 1.460128488251697 1.703025809709786 1.768208335248244 1.565103462980721 1.426550975869742 1.3669268051655 1.400811412641905 1.450751705337072 1.422150964295211 1.31488135297467 1.212369468636814 1.112740460053115 1.089439637185946 1.095478327227564 1.112845899742052 1.114741596221255 1.115764503198125 1.271620439629379 1.398261234712886 1.676786016228441 1.859530855183877 1.722595250462227 1.304258227298955 0.9573502492956156 0.7836617855524465 0.6624832439702977 0.5413911873332476 0.2991626895080726 0.05412178099089125 0 0 0 0 0 0 0 0 0 0 0 0 0 0 0 0 0 0 0 0 0 0 0 0
1.674896506901674 1.41821434478461 1.279865844098848 1.095776276430521 1.004939025624127 0.9698540145251078 0.9646236595062905 0.9925765194353708 0.9761464788082717 0.9123207172166915 0.9332720423757852 0.9720116622667029 1.167053760227772 1.565703487426362 1.741314830865246 1.593246398834171 1.504565083003723 1.400579153520014 1.389970786574344 1.460708452850089 1.526537378562301 1.457429725439992 1.356004157634348 1.316520385735738 1.243093356449045 1.12030766853184 1.051045425589218 1.070721156963069 1.125266913762495 1.253711145760226 1.332252872721285 1.561214816358623 1.709708466583907 1.741125973451981 1.526440261207435 1.19781852079322 0.9371706167232791 0.7968083026000541 0.6730052621364886 0.595239866638762 0.3718087307746772 0.06999004743046297 0 0 0 0 0 0 0 0 0 0 0 0 0 0 0 0 0 0 0 0 0 0 0
1.716895004697779 1.500387980022436 1.304975046715189 1.098754713414558 0.9330628900265818 0.870579737681059 0.8469070760023565 0.8409640743314942 0.826610272201219 0.8603559679338889 0.8379839938659006 0.8166097759994183 1.00399693093713 1.291250834454816 1.481994112212064 1.549283877910555 1.436612004842282 1.367200434074342 1.356418345595114 1.427961747016167 1.521128076244787 1.544590005861504 1.51286246183482 1.532111249308794 1.423805780822187 1.18551178584968 1.058231731797461 1.083437764090762 1.138927357846824 1.302280714196551 1.348811024977108 1.482776122431956 1.617913443154393 1.676963173553709 1.595648181612986 1.384762620104382 1.125596522147156 0.9131959041834748 0.8024463381960578 0.699303292811242 0.5884071889486954 0.4196134952849941 0.08311967217013334 0.00139525800512311 0 0 0 0 0 0 0 0 0 0 0 0 0 0 0 0 0 0 0 0 0
1.715258998575493 1.553304985248265 1.312707015386375 1.115816179145622 0.8786885211591803 0.8138415050830258 0.7611859326711716 0.7523601462009075 0.7925913021179958 0.8204139639495451 0.7608050831590648 0.8059265750990293 0.9435139347057135 1.086492679053107 1.260473807548065 1.386760832589771 1.320180273023616 1.268225302415766 1.258316699448251 1.327697843998507 1.432670921992089 1.534570510086132 1.584163137979323 1.599586161638751 1.536820056217988 1.371611517380523 1.156545167672758 1.149871992954983 1.194855848538163 1.312244191918187 1.412057791799024 1.454144404908243 1.573889202642343 1.616158629906808 1.598876370812839 1.472523921390674 1.322367136580753 1.063355076196211 0.9423299110867205 0.8328837938190081 0.7606677699412975 0.6097099009631511 0.4140788946529427 0.0915552177271633 0.002009684413037518 0 0 0 0 0 0 0 0 0 0 0 0 0 0 0 0 0 0 0 0
1.721734042047231 1.58112631315251 1.307919836883775 1.079448803434255 0.8949471289913092 0.7743806760624917 0.7407061931411328 0.734936667443203 0.77715846620319 0.7861309422118855 0.7862127189976337 0.8603226828214908 0.9327030068195548 0.9906491770083532 1.105202309784272 1.194102120927311 1.184865457311457 1.125205950278379 1.143901465321162 1.182644486746695 1.260650309497819 1.370577857626168 1.448660078454219 1.471618553773019 1.492520860800039 1.478205701210851 1.385371288022909 1.270871880054612 1.263764129900507 1.289261292181594 1.435979056445721 1.466702379957517 1.557944540638523 1.581108755404637 1.559239888892965 1.477077850890113 1.388041859919498 1.24962675490762 1.035763195403416 0.9671434011698413 0.8529163562023913 0.8443022348529593 0.6127555231524379 0.3870337336800315 0.08697853229821223 0.0001061845562273135 0 0 0 0 0 0 0 0 0 0 0 0 0 0 0 0 0 0 0
1.733541930914 1.549538861268502 1.315094402868034 1.103993765729727 0.929400888882701 0.8008183645656033 0.7457829839134822 0.738915878811679 0.7532895719430293 0.7501237966787678 0.7655755687254042 0.8300178843172739 0.9208061243940768 0.9915885829966622 1.028811790275772 1.010363982827939 1.046293681503539 1.037381336231588 1.074670865959158 1.085430121565011 1.13715453589118 1.194676516069984 1.227891243978026 1.301582501528627 1.36455799285179 1.423603829361969 1.482435673480099 1.479036634397414 1.428604358981745 1.358416764865076 1.396234994127499 1.497916528132965 1.53962457302391 1.551545664021511 1.538771989542357 1.481512131917231 1.40182549026481 1.353542612541414 1.171816958186657 1.039183387993342 0.9747972270400688 0.8785399431007206 0.835698754788239 0.6217574699648755 0.3890337142328721 0.07048388778649346 0 0 0 0 0 0 0 0 0 0 0 0 0 0 0 0 0 0 0
1.677869689422828 1.501441678213773 1.335361778482715 1.082652612919197 0.9212130806952438 0.8440973769091968 0.7600284254190933 0.7332838773245008 0.733288913737229 0.7514759470415456 0.7809170293420121 0.8157687068706732 0.9619289914477631 1.027232474132843 0.9933958107457252 0.926768841299295 0.9872185217784499 0.9855696469706828 0.9703247946660519 1.003776851050859 1.057009730900341 1.090345724757927 1.142743134719133 1.190975538011765 1.22600764296941 1.35837144591141 1.470283352433776 1.585132509467857 1.718514803279653 1.533745387805955 1.44032595800949 1.537377839597001 1.553090412228214 1.564459808484244 1.528544268191172 1.463225807679985 1.411771927766722 1.350524445081025 1.31169383225284 1.149008754158229 1.020891201418205 0.9787946267886197 0.8891021797681586 0.8270281137651992 0.6165065712842397 0.3627865493156125 0.05657664165560221 0 0 0 0 0 0 0 0 0 0 0 0 0 0 0 0 0 0
