benchmarks/avaHitNullTest/relHit_7d8d30fc3d_null_dfa_ppr.asc
ncols 525
nrows 445
xllcenter 272771.42
yllcenter 357502.70
cellsize 5.00
noDataValue nan
[rows 261 to 289 of 445, columns 330 to 395 of 525]
53.05468193066473 53.72052664796562 54.33331052310008 54.92002567172763 55.23692227775594 55.41711688596653 56.01577650449166 56.60646271356172 56.74007160316729 57.96435097482532 59.46075935329912 59.84617396037536 58.75293388387566 57.08406705000863 55.48955409496627 54.13145671033304 52.613539030012 50.15942938782334 46.45865469926253 42.66388024634501 39.55522199702998 36.93750440744995 35.26250909747559 27.27593985775401 21.65115721191774 17.22300213501758 12.64521643791802 6.994555036041391 2.54634947546598 1.893797314535888 1.163164484277641 0.7801249273477592 0 0 0 0 0 0 0 8.490527083373138 16.38349083681286 22.91970297647471 27.32047110715336 29.38245266729334 32.19736875374668 33.96949411446007 35.90813356014063 35.65214737866608 36.28291781588605 36.06229807017579 36.04860028982733 35.54414727228711 35.23639201129541 35.97979993177793 35.98448585212824 34.67116465295451 32.82537710730367 30.99256830435107 27.51393134338245 25.41717805925759 23.56993011420673 21.33785901583505 21.05117177191336 18.47740842059547 16.35543894398194 11.51627088312656
49.82729813677544 50.72040993912351 51.44385588141084 52.36660802146122 53.45473262917416 54.71409373870506 55.47902573326655 55.20989558115724 54.87987869825211 55.51990713242436 56.56623507529684 57.39556301909924 57.3577512822077 56.37971253473683 54.99751505636885 53.68472011400368 51.81469319725388 48.65120807040081 44.40320520161914 40.88144296275539 38.64553744062237 36.25759835263135 32.47837338127753 30.31668751545478 25.80195396494238 22.95537827067294 18.82599033196171 13.22427141538926 10.95158362376371 8.167867711751747 6.020234599662531 4.378544469705022 1.736158412821821 0 0 0 0 0 0 0 8.456309795576283 15.22912975216144 21.4296901821822 26.37111851187638 26.81828180039859 28.51083588792066 29.11176991235519 30.00932305879736 31.06102829999287 31.02228838148591 30.71106043026663 31.50716059075947 31.84767233187245 32.05547764904285 32.08515190950843 30.41140451436709 29.99905493400244 27.45862305367407 25.7363217699627 22.1832451373123 21.50640339722102 20.817079464303 19.30971457394306 18.07988286823433 13.48529331679568 10.89862426581332
47.4043295639957 48.33906753577308 49.49624010854297 50.68026455683523 52.07472613794691 53.89936815568814 54.66075948317174 53.70533964543127 52.57530008962652 52.74302944770174 53.74914079633312 55.01691938330507 55.81196282108512 55.2789326866987 54.03873965979541 52.43868230887168 50.0704595054174 46.64553577660723 44.35976831540969 41.31556135764095 38.64553744062238 36.26400159198266 34.54968261043317 31.02994863752375 29.24502157978409 24.90658708992377 21.97081568219172 17.57738744159508 14.74153472875115 12.3934676390982 9.280078250972569 8.002534672462183 4.024437124792283 1.878556356268293 0 0 0 0 0 0 0.7648734878030615 10.21279829191506 16.8416330469486 17.30212212719064 21.19708128186673 22.74029240914693 23.60877494749028 24.91010344966708 24.92612909015682 26.29589959570652 26.41353734645957 27.1861622107476 27.98958483200898 28.2864320517795 27.95683894586017 26.48009308507179 25.46107015525121 25.0179113869564 22.62228012852324 20.83571700839463 19.64288495237213 19.58422524378955 17.72459392465949 14.74895278329978 10.86841842727937 7.899210683956355
46.71418764447147 47.53560569214866 48.80918216664189 50.09237380525708 51.7156110727498 53.62814975675769 53.97642548326047 52.26766111631847 50.45406253769318 49.81937867486648 50.30353068719015 51.82008079308521 53.20432108448199 53.34171358977164 52.35085908570133 50.49695485693915 47.67344706956645 45.12466932994663 43.68673343862269 41.23060738117842 38.71737220387427 37.15141358420301 34.94374238441941 32.0784254365043 29.24502157978409 26.8496747362786 23.51916429861121 20.52354285443786 16.77643140093467 14.64125115962688 13.15643630032537 11.14755228280059 6.928930398045973 4.537202278922393 2.09194744956359 0 0 0 0 0 0 3.227003053259907 6.00364791123005 11.64306556305689 15.88071080442694 16.31729165985096 19.20944914413144 19.25040801284241 20.67841133653041 21.51590228975758 22.37035131620189 23.21441470181693 24.12578101940398 23.12402341910928 23.23778009208255 22.57538389778215 21.74812675473509 20.68456208225141 20.24473607084595 19.04501063683032 18.80493982690378 17.12084261549151 15.65003299420823 11.53815747541854 8.992579316286767 4.905184052048756
47.56405817082105 48.68966818064685 49.88454850420664 50.93993240401415 52.17553515854952 53.60848097697163 53.61406764461736 51.7265019922588 49.42834817479076 47.58177480414837 46.97206698541002 47.69506670252529 48.84310634927589 49.23147963662785 48.77484298341632 47.52812012459597 45.31767424151923 44.75363700533471 41.97929870934379 40.67845160397686 38.68005274698525 36.87175791215716 35.41331392231575 33.11162378217518 30.77594344587644 27.47441471619538 23.65360494370097 20.52354285443786 18.32195235809787 17.10095239717123 15.34156014098225 12.93956943833636 8.833864138496457 6.247972349453929 3.902797873582087 1.78776686350348 0 0 0 0 0 0 2.226506440326944 7.138759450231372 8.213726777489127 11.05341239101515 13.98001136377047 14.05050156183172 16.87075499069056 16.87075499069056 18.66138612988935 19.51072176940269 19.80052844548695 19.89388302536879 18.82979634617331 18.79189470793256 17.9157671743619 17.60133413505221 17.85880758790151 17.74290047921731 16.96571488756766 14.34565189437281 11.64212928410753 9.040088914489615 4.73509832129901 1.856420476811056
49.81657179642387 50.37404117519254 51.43035507487556 52.39677514890163 53.4451988125094 54.51908715809406 54.16512285936714 52.16061925469599 49.53118996148928 46.93651405255905 44.80826629299502 43.81489148424549 43.92333583516713 44.20777595577818 44.17543240413175 43.44608481106876 41.91214211795553 42.3202928586966 41.13785857899638 39.19045232696699 37.07612378401836 36.61396354754583 35.2066897921076 33.42196790668905 30.77594344587644 28.0839236938408 24.56644681241947 22.00892360058572 19.96936763704017 18.08212388618057 15.42300447791332 12.95924009088084 10.41307623772658 7.805449726561521 5.68825019625186 3.384934333165333 1.197074802721451 0 0 0 0 0 0 0.2872942525302222 4.467380353240657 7.145302637725448 8.563079727777078 10.5804145222371 11.76432723045005 13.31519184204229 15.01195434201383 15.25230367099939 15.55973534608597 15.77467646106914 16.20771864105847 15.42873342797819 15.00099979112023 14.93077594027159 15.66533034953333 16.0485775625018 14.4453655327418 10.90764863795667 8.587395919481551 6.447179701942353 1.807439444996141 0
52.45082889591372 52.85259398270266 53.00411698209255 53.80975980655967 54.84694641975721 55.74074936530776 55.21369012133139 53.21441518348087 50.55880835896803 47.18278694838219 43.63106752623786 40.79170543326528 39.38712339734321 39.0865526892028 39.06029004996512 38.85887862763746 39.64890820501812 39.0436273218042 38.79783064284164 37.26542417074504 37.07742485709208 35.78949960446329 34.66713232991879 32.75882695778998 30.54429937173453 27.31502122100132 25.14754460643887 22.27358939099094 20.70625324597189 19.62674547887356 16.82996519832807 13.91613120520089 11.43152808238748 8.831244835590702 6.511752825417472 4.165588073303415 1.197074802721451 0 0 0 0 0 0 0 0.6484075227223516 1.366204678400195 4.255985362007996 7.65442157725183 7.65442157725183 10.48758097041032 10.48758097041032 12.14191758378158 12.62509526433535 13.02514489090546 13.22701648001272 13.30172773867505 12.6966372090362 13.29407621002277 13.46671040030309 13.62120325420898 10.93451763803624 8.256318075563719 5.380571191859949 3.696495709134124 0 0
54.89146987093272 55.28077072008277 55.22844617069899 55.14679449308971 56.1882389109257 56.84091196075571 56.181084008271 54.29688684196388 51.2946428765696 47.09666755299151 42.08267290055115 37.37290686173544 34.28131363274642 32.94133961577781 34.43367884537216 34.43367884537216 35.44086759621667 35.3550825835143 35.6297542333857 34.45058721399498 35.09425984173831 34.23386245379844 34.3744025417373 31.59483031452587 29.38709463918807 26.12184428126981 24.52894674813195 22.67723477538904 21.83888219996546 19.36943027088739 16.82996519832806 13.85953595269754 11.43152808238747 8.826527178406069 6.433404611081437 4.076563421608975 1.877610871007585 0 0 0 0 0 0 0 0 0 1.830417450718483 3.01500522186788 5.058144250447091 7.534260167720167 7.534260167720167 9.5346241717968 9.534624171796798 9.660200916181958 9.58812409230144 9.494761263957416 9.841660669289009 10.1367416657382 9.374250922987168 7.997642096740981 6.580815904000026 5.909341953210189 3.393873119797342 0 0 0
57.12635375814128 57.49645338524002 57.42583782513198 57.34470264456863 57.35584232486257 57.2898565575048 56.5798989336168 54.54682351776629 50.56963605532339 44.22151701112581 36.10969455417654 28.49846908388183 24.15770579097551 24.46270965403713 28.28356270358926 29.73639959984677 30.88430265656731 30.8843026565673 31.36218891810117 32.00918055132588 32.45214574939717 31.56578703017398 31.62564874147622 29.33426504859658 28.06533662635566 25.50467997446504 24.01364037312593 23.0572310972044 21.41293676973011 18.82087907343723 16.93405809290072 14.03917171250643 11.19509695388488 8.826066279334372 6.416869527318132 4.007772107245123 1.824776474891751 0 0 0 0 0 0 0 0 0 0 0 2.238629814068487 2.238629814068488 4.57722204569295 4.577222045692947 5.656399697672208 5.769050566663093 5.557047976934659 7.265160447094349 7.265160447094347 6.64613796076795 6.460052248077763 4.176112790753136 3.411060835450778 1.57140533863173 1.18365903050311 0 0 0
59.11365006946437 59.62434189225453 59.78981155629223 59.37954318182111 58.59151304900562 57.53563200491229 55.7435208039745 52.34023012631344 44.81516874127722 33.14658975953889 21.70448132939995 17.81167613873914 17.30159759212371 16.77353673591445 20.48850753793015 24.71880680906112 25.63798381731151 27.30383120247322 27.30383120247322 28.74474700552926 28.77223652890324 29.42867376597084 28.37664869647621 27.0387506283975 25.84831189589807 24.85038125058949 24.02831116691594 22.42422913255308 20.83721380296226 17.80685735733988 16.1349766041805 13.28405967716389 10.488004831432 8.811066594034767 6.25818347138966 3.625962105275798 1.374088916463367 0 0 0 0 0 0 0 0 0 0 0 0 0 0 1.472691585016019 2.348548947674201 3.004465461598839 3.004465461598839 3.539404195636744 4.5772433859293 4.5772433859293 2.642688994695263 0 0 0 0 0 0 0
61.24532301490108 61.62359316900955 61.66656269082904 60.72905447023629 59.01917732386701 56.00698328853381 51.64485315932673 43.91671033871942 29.85054653462712 20.28953953933004 20.00124462024858 16.45029703825223 14.22845595030556 13.71113365234718 13.83182246344499 17.19956876507552 21.05118200834432 23.67215219947543 24.57811181504385 24.57811181504386 24.88188899295698 25.06050174425157 24.98207118678226 24.50119723320583 23.91482874761248 24.27869451343219 22.27820136116211 21.79667756127266 19.07084933713401 16.87865468452971 15.1081406989523 12.17617411288074 10.62789295512824 7.51144224497997 5.340684478676919 3.180291344015663 1.152706855033918 0 0 0 0 0 0 0 0 0 0 0 0 0 0 0 0 0.0520952477103158 0.9903535854700845 0.9903535854700849 0.3636239954522346 0.3636239954522346 0 0 0 0 0 0 0 0
62.37702443516519 62.6630006320091 62.15751398669688 60.14481323866967 56.01608962164062 48.30700939660763 39.94130066924019 25.44816008177743 21.5208215034589 19.22616035303943 16.33748288164261 13.60719333583753 13.11258630775706 9.879022631142925 8.906883433954013 9.604209411698557 14.79717925183784 14.79717925183784 18.33367430702572 19.79332426990507 20.08227745444034 20.08227745444033 21.09127470346861 21.87062425110949 22.29328183752799 21.85631453149558 21.30000004388587 19.18329735614262 17.51691499684562 16.12287501354973 13.19226375166406 11.07593358560179 9.597947230268455 6.729974450710006 5.048317682548364 2.652797761109315 0.2559756704502207 0 0 0 0 0 0 0 0 0 0 0 0 0 0 0 0 0 0 0 0 0 0 0 0 0 0 0 0 0
61.40742131024898 61.34697047256564 59.70815121259304 54.86634837789881 46.24049917951007 33.20442180720516 19.45702286116521 18.36804414511967 18.36804414511967 14.81575575604736 13.49127008192765 11.662578904898 8.452103481798291 6.9666260420304 5.608679103083476 5.251709063508987 7.430589322512699 8.766235328745426 11.75053493244462 13.55783932290243 15.10816308992612 16.84028820773717 16.94124058915227 18.97609359128042 18.84905000435732 19.45413730517516 18.33504100238376 17.10524491827663 15.33385542448983 13.1714176856799 11.71649375102063 10.26503864726799 7.959497008954997 5.342556269900864 4.354906194551728 2.042743522936824 0 0 0 0 0 0 0 0 0 0 0 0 0 0 0 0 0 0 0 0 0 0 0 0 0 0 0 0 0 0
58.9846632342597 57.32331844756488 52.54482414811074 43.41582184384846 28.65688369101976 15.20902913642832 13.34941944258923 13.26127551943776 12.20577554606976 12.20577554606976 8.145874265625718 7.67652260961811 5.916352244329832 4.205474386862267 3.816367532154527 3.816367532154526 4.102130698776848 5.427624462732582 5.890663561901259 8.261122151900846 10.64191974702664 13.38294226872175 14.74478965686068 14.74478965686067 15.2001617214196 15.29981217812696 15.14137764275165 14.23835670480747 13.09145933423905 11.72928131485053 10.02572856784629 7.356410398558141 5.952301931569662 4.687070735160814 2.342328888925447 0.2956743464388424 0 0 0 0 0 0 0 0 0 0 0 0 0 0 0 0 0 0 0 0 0 0 0 0 0 0 0 0 0 0
54.58321938617109 49.96605013893842 41.63396919471091 27.52175462671601 14.45347471064298 9.043545232870816 8.045688490411008 7.590237379144495 7.43890837357844 5.736451578441674 6.006698975966002 4.27851016190623 3.509871226807499 2.858803098583409 2.590103527392116 2.26124084080588 2.26124084080588 3.048967598826905 3.048967598826905 4.130150744284322 6.070684712181243 9.002225229344498 10.31710261555811 11.39942412884893 11.39942412884893 11.34667180851015 11.52488776418758 11.12710987614643 10.22066066425143 9.794350555883319 7.781419834645203 5.667042763805385 4.48365665963999 1.867380766848425 0.850825891053302 0 0 0 0 0 0 0 0 0 0 0 0 0 0 0 0 0 0 0 0 0 0 0 0 0 0 0 0 0 0 0
46.98911911330858 39.36110364487688 27.48244118619638 17.38143896224015 7.434863909039485 4.852296717081219 4.783264057523003 3.818936649574003 3.981187763398334 4.289887343833859 4.512048551367716 4.346046432094034 3.790748232787395 2.995507273185301 2.210862168717034 1.573650332995761 1.037808938812657 1.313422648593161 1.638917375901068 2.323546012736804 3.982454428271634 3.998265222122319 5.954634265117984 6.764766661728411 7.585312707404941 7.58531270740494 7.451313673878309 7.432678932485489 7.164648240515205 7.328186112743805 6.094791242923063 3.878820135503116 2.547214377147938 1.067533667756574 0 0 0 0 0 0 0 0 0 0 0 0 0 0 0 0 0 0 0 0 0 0 0 0 0 0 0 0 0 0 0 0
35.95586931464721 27.04597747330178 19.51919421370927 10.56464886516154 5.318113352772872 3.997932342978061 3.996129522092796 4.362776106269369 4.881294074383697 5.223203674001703 5.167851509516984 4.778107583500566 4.223583253291952 3.698019815059404 3.032237276231087 2.437052544527336 1.133172099484862 1.551299959238271 1.445667093227047 1.184059159808179 0.8871098029394138 1.834035728135399 1.8340357281354 2.960847779785285 3.36579737594498 4.20644710481267 4.20644710481267 3.861931148132439 3.861931148132441 3.321139168071149 3.218852139165826 2.05688159433236 0.8941065573189313 0 0 0 0 0 0 0 0 0 0 0 0 0 0 0 0 0 0 0 0 0 0 0 0 0 0 0 0 0 0 0 0 0
24.37623227879267 20.3571621505421 13.78638524552248 7.527225864051187 4.609163996092419 3.895338823748856 4.059637358707183 4.518809214098066 5.18584892092727 5.723183174294173 5.808662576785308 5.557624085124639 5.073285539431737 4.554084520228173 4.265076603856977 3.373752523990911 2.614161087761429 0.5352225009410457 0.941307739747291 0.9371760883496141 0.7980396506936385 0.6145256325072773 0.0436453269468977 0.0436453269468977 0.1656914504258272 0.5289283141541139 1.187143332691402 1.187143332691403 0.5833259297944198 0.4956826772244783 0.2706420108038111 0 0 0 0 0 0 0 0 0 0 0 0 0 0 0 0 0 0 0 0 0 0 0 0 0 0 0 0 0 0 0 0 0 0 0
21.80336729533887 15.09027618838941 9.718866523803381 5.738074567204338 4.467161032287463 4.023525357827206 3.930273522220599 4.090969176988736 4.91019803674908 5.954300281947312 6.33753026130699 6.268857856886837 5.980136002765453 5.398864285189966 4.682608502398566 3.466051716239614 2.53061573586857 0.545454316606826 0 0 0 0 0 0 0 0 0 0 0 0 0 0 0 0 0 0 0 0 0 0 0 0 0 0 0 0 0 0 0 0 0 0 0 0 0 0 0 0 0 0 0 0 0 0 0 0
21.12260115326772 14.18027359479665 9.033444976528598 6.337416020483233 5.08876880368441 4.623340239108099 4.574477414185943 4.629264033544044 4.320235948402969 4.398649112632105 6.224781991050326 6.694705741816251 6.549548335648691 5.994749131566271 4.201959149006044 3.282139412293395 0.7358880721212651 0 0 0 0 0 0 0 0 0 0 0 0 0 0 0 0 0 0 0 0 0 0 0 0 0 0 0 0 0 0 0 0 0 0 0 0 0 0 0 0 0 0 0 0 0 0 0 0 0
20.69310545201246 14.61806779205291 10.02973192421888 7.169593637772977 5.713505285704889 5.100949829799869 4.954609582027072 4.971268413837129 5.042334989134219 4.086488738611425 2.591758820476235 3.760070124215171 5.386888398683581 4.637349686041978 3.468872274575734 1.638619043450969 0.4421118268832242 0 0 0 0 0 0 0 0 0 0 0 0 0 0 0 0 0 0 0 0 0 0 0 0 0 0 0 0 0 0 0 0 0 0 0 0 0 0 0 0 0 0 0 0 0 0 0 0 0
20.03436464561887 15.33364423568876 11.28444910974586 10.04790001119857 6.925454122651675 4.970251990116017 4.619878278909792 4.603811532364302 4.669772478483028 4.262478904771699 2.884455995934963 1.056535780835493 2.584192462018509 2.447029603525605 1.731329672916876 0.5867484036346858 0 0 0 0 0 0 0 0 0 0 0 0 0 0 0 0 0 0 0 0 0 0 0 0 0 0 0 0 0 0 0 0 0 0 0 0 0 0 0 0 0 0 0 0 0 0 0 0 0 0
19.81720741020386 15.81480296835874 13.22089466565191 10.92541032821606 8.812316010028498 6.693085668343131 4.222282820074093 4.311944768013069 4.478453241281789 4.473382199025031 3.620703294486214 1.858260381911565 0.05149087718127659 0 0 0 0 0 0 0 0 0 0 0 0 0 0 0 0 0 0 0 0 0 0 0 0 0 0 0 0 0 0 0 0 0 0 0 0 0 0 0 0 0 0 0 0 0 0 0 0 0 0 0 0 0
18.98470987684318 16.32390060594739 14.25667858945323 12.8509825834729 10.65439200727847 7.59899109116607 4.507204149917498 4.037734230078964 4.222997797715669 4.466746423414799 3.620703294486214 1.858260381911565 0 0 0 0 0 0 0 0 0 0 0 0 0 0 0 0 0 0 0 0 0 0 0 0 0 0 0 0 0 0 0 0 0 0 0 0 0 0 0 0 0 0 0 0 0 0 0 0 0 0 0 0 0 0
19.17115250872966 17.08042782421613 14.9236464166681 12.8509825834729 10.65439200727847 8.494582165351789 5.459806061419526 3.425451728783341 3.535293607668508 3.609833593937448 3.097598384002113 1.257974594678492 0 0 0 0 0 0 0 0 0 0 0 0 0 0 0 0 0 0 0 0 0 0 0 0 0 0 0 0 0 0 0 0 0 0 0 0 0 0 0 0 0 0 0 0 0 0 0 0 0 0 0 0 0 0
17.94532956854816 17.05107078400426 15.11170563537076 13.34851574375439 11.53461994178346 8.494582165351789 6.470870616789605 4.209367054057157 2.794613342437573 2.890700674404687 3.097598384002112 1.257974594678492 0 0 0 0 0 0 0 0 0 0 0 0 0 0 0 0 0 0 0 0 0 0 0 0 0 0 0 0 0 0 0 0 0 0 0 0 0 0 0 0 0 0 0 0 0 0 0 0 0 0 0 0 0 0
16.93623048849048 15.58910513789141 14.88489449860041 13.38389985527889 11.53461994178346 9.381237348668346 6.739027575812942 4.209367054057157 2.201554784310882 1.939375628985399 2.049438861383516 0 0 0 0 0 0 0 0 0 0 0 0 0 0 0 0 0 0 0 0 0 0 0 0 0 0 0 0 0 0 0 0 0 0 0 0 0 0 0 0 0 0 0 0 0 0 0 0 0 0 0 0 0 0 0
15.0180083983262 14.96874111356822 13.97602806238983 13.23417119109059 11.47802903388007 9.20733305555774 7.167084961913756 5.134631613230337 2.480761697306613 1.248312502235589 1.23656197946269 0 0 0 0 0 0 0 0 0 0 0 0 0 0 0 0 0 0 0 0 0 0 0 0 0 0 0 0 0 0 0 0 0 0 0 0 0 0 0 0 0 0 0 0 0 0 0 0 0 0 0 0 0 0 0
14.4122580636703 13.71139158999713 13.16585262571188 12.10131721464449 11.09661154454126 9.059983284178402 6.950963085302708 5.134631613230337 2.537367101744062 0.3528768789152117 0 0 0 0 0 0 0 0 0 0 0 0 0 0 0 0 0 0 0 0 0 0 0 0 0 0 0 0 0 0 0 0 0 0 0 0 0 0 0 0 0 0 0 0 0 0 0 0 0 0 0 0 0 0 0 0
