benchmarks/avaHitNullTest/relHit_null_dfa_829589904a_pft.asc
ncols 525
nrows 445
xllcenter 272771.42
yllcenter 357502.70
cellsize 5.00
noDataValue nan
[rows 29 to 57 of 445, columns 130 to 194 of 525]
0 0 0 0 0 0 0 0 0 0 0 0 0 0 0 0 0 0 0 0 0 0 0 0 0 0 0 0 0 0 0 0 0 0 0 0 0 0 0 0 0 0 0 0 0 0 0 0 0 0 0 0 0 0 0 0 0 0 0 0 0 0 0 0 0
0 0 0 0 0 0 0 0 0 0 0 0 0 0 0 0 0 0 0 0 0 0 0 0 0 0 0 0 0 0 0 0 0 0 0 0 0 0 0 0 0 0 0 0 0 0 0 0 0 0 0 0 0 0 0 0 0 0 0 0 0 0 0 0 0
0 0 0 0 0 0 0 0 0 0 0 0 0 0 0 0 0 0 0 0 0 0 0 0 0 0 0 0 0 0 0 0 0 0 0 0 0 0 0 0 0 0 0 0 0 0 0 0 0 0 0 0 0 0 0 0 0 0 0 0 0 0 0 0 0
0 0 0 0 0 0 0 0 0 0 0 0 0 0 0 0 0 0 0 0 0 0 0 0 0 0 0 0 0 0 0 0 0 0 0 0 0 0 0 0 0 0 0 0 0 0 0 0 0 0 0 0 0 0 0 0 0 0 0 0 0 0 0 0 0
0 0 0 0 0 0 0 0 0 0 0 0 0 0 0 0 0 0 0 0 0 0 0 0 0 0 0 0 0 0 0 0 0 0 0 0 0 0 0 0 0 0 0 0 0 0 0 0 0 0 0 0 0 0 0 0 0 0 0 0.00215669259279639 0.1396313122734732 0.2520981439287355 0.1253692895539656 0.02818103849730973 0
0 0 0 0 0 0 0 0 0 0 0 0 0 0 0 0 0 0 0 0 0 0 0 0 0 0 0 0 0 0 0 0 0 0 0 0 0 0 0 0 0 0 0 0 0 0 0 0 0 0 0 0 0 0.000997281550008748 0.009407143207460087 0.1094552733292277 0.1907194380150501 0.1498745184438677 0.2958018749080038 0.4190126585304983 0.81964955721386 0.8861627845221978 0.6672253664885865 0.3588052136959301 0.1012264919848624
0 0 0 0 0 0 0 0 0 0 0 0 0 0 0 0 0 0 0 0 0 0 0 0 0 0 0 0 0 0 0 0 0 0 0 0 0 0 0 0 0 0 0 0 0 0 0 0 0 0.02791203052551816 0.1620968529605088 0.3258884692044944 0.5563444097278675 0.7419757886329101 0.702098316324327 0.8612290937436874 0.9089888668915374 1.105723022946129 0.9204697994818285 0.9184364721953577 1.122944467649835 0.9309290240703597 1.107923891733792 0.8519689740641625 0.3982343958631698
0 0 0 0 0 0 0 0 0 0 0 0 0 0 0 0 0 0 0 0 0 0 0 0 0 0 0 0 0 0 0 0 0 0 0 0 0 0 0 0 0 0.01735004469935717 0.007485118965891428 0.06595944891554952 0.1301722301780647 0.05884935251432242 0.2370842636207506 0.4663772638292558 0.5134692158557311 0.3232346679843848 0.708040986790834 1.018341655103871 1.029969215837149 0.976235865286446 1.123271808070182 1.054781137657844 1.045435562082342 1.156427473838083 1.065230677689112 1.004145207266275 1.04183206498867 0.9739526963783889 0.8262116347826377 0.9933177060519208 0.5739642644662976
0 0 0 0 0 0 0 0 0 0 0 0 0 0 0 0 0 0 0 0 0 0 0 0 0 0 0 0 0 0 0 0 0.01608987868687245 0.07500515381763602 0.1111493014418671 0.0559859882356897 0.225573419768581 0.07234553166014869 0.2806823982365954 0.6091573274944823 0.4023337194700998 0.4819855596238792 0.5469651273199223 0.6307318473209861 0.9005403378395639 1.054758186421051 0.9030362101107534 1.041907154600244 1.013258539647287 0.7870718848162593 0.9608151822767258 0.9774937033430703 0.8615221251792466 1.027653043938986 1.213320624481546 1.100618049198835 0.9298601971759167 0.9417170012516389 1.360363983581421 1.177725585470512 1.056405520447448 1.121108261261418 1.062882707091409 1.049302881923482 0.8392640662119901
0 0 0 0 0 0 0 0 0 0 0 0 0 0 0 0 0 0 0 0 0 0 0 0 0 0.002167620607452203 0.06674960772125726 0.1144960849860823 0.04996175247261239 0.2667231716803318 0.3457712680258253 0.6417646022672137 0.7662239398983842 0.5872725825102753 0.6676729538605797 0.8313154712575573 0.9548773534612108 0.825427511780682 0.9453975561665942 1.065664194991289 1.219095051439654 0.8814087113201711 0.9681715937957381 0.9336644570790255 1.117586664396594 0.9251720152812944 1.024175049457896 1.076354640717374 0.9353833480914565 1.27127412533938 1.0251072838102 1.028022083546278 0.9495076655378372 1.089723616106255 0.9556750554763913 1.005204722581201 1.026387887242819 1.210810066950875 1.132039362925855 1.053540372810797 0.9537080457967837 0.9705791552702915 1.153869011971743 1.014243429556719 0.7732907302893061
0 0 0 0 0 0 0 0 0 0 0 0 0 0 0 0 0 0 0 0 0.02264702141219099 0.06141725918083307 0.1869756854610377 0.1169521100337901 0.2910478487575036 0.6738846211118265 0.8740022041291431 0.8217640997116703 0.7451883237248484 0.8225583101704216 1.012201788386133 0.9050433368967252 1.100056772182329 0.9820769169934435 1.159492296892554 1.170983247581589 0.9628908913700586 1.185171870296008 0.8939007551236936 0.9306560509485036 0.9802866701339438 0.770544960906234 0.938815019975325 1.024853047624439 1.108437285925703 1.011662393207229 1.101993015649906 1.160270717950319 1.177572264299622 1.252799316181079 1.19451181836612 0.9851229222910053 1.13185088968946 1.048128416519132 0.9107644274950645 0.938550097123018 0.831828919571182 1.181160791858204 1.172478401929549 1.116567058423199 1.209875396123462 1.041418979029838 1.088821147545465 1.196647412421672 0.9453923827685463
0 0 0 0 0 0 0 0 0 0 0 0 0 0 0 0 0 0 0 0.06554479355847899 0.779568430640987 0.7199796695079209 0.532496430720988 0.7066037413133185 1.169615406467437 0.9743582319098628 0.796050050204261 1.022040331904542 1.074608247136757 0.8636734697608006 0.8946375216238807 1.046054489841547 0.8083709272340062 1.249541011900968 1.383199205169759 1.21183321771601 1.147795834591288 1.060411010445298 0.9840160830101671 0.8370063552795195 0.9248231263402191 1.032201535353449 1.127405936847494 1.186888293441263 0.99147809380921 0.9791751799468373 1.065510412062805 1.226299670979397 1.210046307053203 0.9641052996405871 0.9628317631745168 0.9530788270075446 1.191686215797272 1.062740378106336 1.259389444107296 1.174067260720756 1.00009692575358 0.968313556029433 1.189798589980641 1.096422391825496 0.9357562593245816 1.11530412944367 1.209803509618796 1.011142897059111 1.355046515495641
0 0 0 0 0 0 0 0 0 0 0 0 0 0 0 0 0 0 0.127055043780928 0.7191272756741487 0.7826717006288013 0.9450846548759959 0.9396947326760644 1.060265437772494 1.133998424909505 0.9147031970471374 0.9604322799073837 1.122512128606643 0.8296033791779965 1.060451300733797 1.105483151221036 1.052504622296119 0.8926561269679637 1.161106393634958 1.110028470695491 1.316168568412976 1.435630664305184 1.228431508615533 1.107503527562049 1.028803636393979 1.237527026833943 1.237339157436675 1.216313754260125 1.051897267142592 1.191850147155408 0.9752473176499485 0.9671295959800683 0.9508121860723683 1.171453155499414 0.999231722973656 0.9065515031773093 0.9551689837055398 1.015891855587025 0.9856884790592311 1.228408526306992 1.230784264278216 1.158585287740095 1.049137959934878 1.040690228466077 1.193768102000283 1.023615470255418 1.000420575066491 1.115961805645886 1.21677245096431 1.240035754977188
0 0 0 0 0 0 0 0 0 0 0 0 0 0 0 0 0 0.06480356335857251 0.6247260715439833 0.8747865506190573 0.9729166101041578 1.236671152691231 1.210380377599654 0.8606613677850442 1.047151495041204 1.009663817230936 1.160922721454029 1.318836328940489 1.001453226783102 0.8178209856663854 1.008988673684855 1.209330852500241 1.132718932539599 1.155157549858883 1.165140848094179 1.336338132981652 1.623667416181744 1.39658966520809 1.013657909315309 1.16933233803281 1.06562358235088 1.13594418925111 1.358821178200682 1.107408001441125 0.9543552242909922 1.104840269409464 1.110878738529019 1.03377759370434 1.133874702781318 0.920685594385979 1.124176128949342 0.9955548361267467 1.044001535541308 1.084871144849854 1.156683270675243 1.263389220542131 1.261932386952076 1.333451794210459 1.264745100939806 1.070709752425332 1.105599998441283 1.09949733361332 1.078900200757675 1.290735345256849 1.194245297803575
0 0 0 0 0 0 0 0 0 0 0 0 0 0 0 0 0.06231262947397868 0.5238943897384736 1.143025189498163 1.034829676639409 0.9216974864614761 1.126488718007475 1.184640515231807 0.9183464700884723 1.024522895556459 0.8727391476848063 0.9428059139174665 1.078337094292281 1.201208733170732 0.9902623850929951 1.077447974448801 1.153414927660395 1.221646048046177 1.244744057632673 1.439500615764503 1.471119663423178 1.600782615110321 1.469323870317132 1.089522650505622 1.100897509115644 1.199535868157929 1.128120357138084 1.066133187598906 1.147254132266842 0.9150739226397052 1.174152228660488 1.003447271592406 1.117017435668861 1.07892106084634 1.029308397544032 1.111723844517056 1.041421660585003 1.019306066262783 1.110825719540308 1.170848846783403 1.260376782956176 1.302424095495481 1.272942494302488 1.243988316093324 1.151603307911003 1.15706090910173 1.035450297134697 1.282104438073784 1.258458057081555 1.199879573079376
0 0 0 0 0 0 0 0 0 0 0 0 0 0 0 0.03378804541004378 0.5387509580879101 0.953933748617989 1.196343025227948 1.321140671307057 0.7936608794475565 1.05224945415408 1.103398569148692 0.9334162947162119 1.07703429683207 0.9708606609096594 1.25174627290949 1.0274864955296 1.158883749905389 1.219699688744292 1.231451856158692 1.250646150802345 1.406734865313249 1.541024663948995 1.560184364112367 1.689340357405432 1.568114687363118 1.43571108218017 1.194908085288648 1.041268674368803 1.007080082807084 1.080529445249961 1.267810904908247 1.141774913467527 0.9312769881383863 0.9770603255216626 0.9245737583272809 0.9383020324230756 1.158564168852057 1.063868138962921 1.196675850172848 1.094870539803575 1.187123680620394 1.158332575743316 1.289227226633053 1.250540951057111 1.305631168947684 1.291957823395843 1.220195456878466 1.187369843871236 1.082970284438202 1.051942831458083 1.067008230355392 1.23725842352352 1.268032577078388
0 0 0 0 0 0 0 0 0 0 0 0 0 0 0.03437112615160939 0.1922166920974396 0.7854495611476388 0.794948271568421 0.8493146491426009 1.138835970904365 0.9807419660700802 1.044770665329442 1.140981820861988 1.045701458210489 1.016117626516369 1.057292639413812 1.374282916528438 1.211021703956934 1.282995041776638 1.318245092676038 1.385153674979707 1.450320582317157 1.521362812241944 1.695800493657456 1.728892802150672 1.645241025598089 1.527509051017662 1.341186911288976 1.174390700600744 1.025993202248112 0.8812782887279571 1.098040682748429 1.093736985152356 0.9602711823687601 1.03330082799659 0.9898439320643956 1.117038773375331 1.035968380887319 1.054785863493672 1.149465590090962 1.111378955596118 1.103369199886175 1.088976779045235 1.126038410602956 1.163722876323567 1.221624358104091 1.264569624183304 1.285321560629696 1.263681002951895 1.189305759034847 1.146559413536644 1.28546075660138 1.244706275695491 1.273230693369156 1.277903099650845
0 0 0 0 0 0 0 0 0 0 0 0 0 0.06854736134163378 0.6835050700211615 1.095637121416602 1.242485835326874 0.8359687865912684 1.21771007412039 0.9170605322069934 1.088981173494175 1.133040659987042 1.158388687943572 1.131870706264325 1.121876926771003 1.397004854829593 1.437089522091763 1.366315015927424 1.32026306979714 1.430343338176092 1.49696938499548 1.565394658162532 1.629008148315859 1.686891155292209 1.727569494223189 1.582208126936786 1.438720065753917 1.275446505646426 1.190863150230247 1.080447239934029 0.9854185274834741 0.9264633605271787 0.991593535556152 0.9518699912477082 0.8918230839029886 1.227011763384334 1.067723673162237 1.128491020327785 1.137440272446677 1.164560499931744 1.094474341933776 1.041874479327037 1.04197179518575 1.310400401107678 1.134672632954518 1.150792221313018 1.205774975421386 1.282833510403878 1.324459067930005 1.226968962536595 1.152754637411102 1.147811639232801 1.168883167105181 1.298710025212306 1.350631476917162
0 0 0 0 0 0 0 0 0 0 0 0 0.05588444251527858 0.3250117301160532 0.9962452792996555 1.273935787754569 1.179462372979754 1.10199023774224 1.225746663471528 1.338496626252104 0.9975832457133607 1.179705873904364 1.194128933853986 1.295142357537387 1.289764128903021 1.468660671469275 1.447510544356916 1.405523362439064 1.342077468557182 1.364133445446332 1.490923332215046 1.546808006540976 1.557488782516822 1.582901684746765 1.585968742444851 1.532025419987694 1.38393778766369 1.27904748602606 1.237927979577357 1.040156291133488 1.13110563958023 1.013579344262126 1.047559261869443 1.009536465517484 1.210357270041827 0.9308744077907718 1.058333544758181 1.038724878990182 1.150101493787439 1.059350648790842 1.079191301715687 1.045412477192891 1.137043076345685 1.294179787938365 1.202924878597236 1.103589791122638 1.141644134665579 1.218418173123793 1.29086682790608 1.248731181922885 1.189377129690977 1.118581026731186 1.064733231496829 1.177065060231465 1.326023286918106
0 0 0 0 0 0 0 0 0 0 0 0.05853649898515251 0.5771503754804801 1.004418017337568 1.015341079074138 1.047332956908788 0.9797770713795683 0.9301545829433454 1.167718784472781 1.110820943848259 1.24210363357945 1.216831101902857 1.351914497695466 1.397853293366257 1.559871338705287 1.518495529509228 1.580333558905457 1.418842166559299 1.315999209269601 1.277055746744942 1.312494808966745 1.392151454358056 1.433290491438289 1.440547198507838 1.465933347671246 1.44286603237234 1.368788997923324 1.275268064581684 1.189598098934491 1.220268942849472 1.202335570526743 1.02778331279865 1.098799862015916 0.9779754770824861 1.05320922061529 0.9317865084593572 0.9641567657113765 1.026218433178043 1.019384454729855 0.9981858773095467 0.9902119336262004 1.011470300359664 0.9969154869862222 1.241191642575687 1.173406064097071 1.147905639709606 1.228971854377759 1.242108681729094 1.281868212173163 1.298054359545864 1.199638731415556 1.135686014840401 1.153014966056042 1.206923364152885 1.183814670070101
0 0 0 0 0 0 0 0 0 0 0.003978766674587464 0.5919236904717055 0.8104645360981898 0.8900836502694781 1.180156284183443 0.9363509781628133 1.311778011110302 1.144407569774651 1.116407122154071 1.191738517585609 1.304909097197817 1.390048600254925 1.499640746063875 1.649929560571494 1.686494510220117 1.709469544625933 1.578060474432813 1.463967478765654 1.288940601242809 1.185257792232253 1.166150617452488 1.241970787658224 1.283542100147828 1.302550430993935 1.327689305029362 1.352643434867119 1.346820997705722 1.310336143204583 1.222558106001744 1.153429480025817 1.115700690210266 1.169202515154096 0.9707769714889788 0.9265687115277536 0.9991740300473966 1.165440695000326 0.966893083838832 1.193894548916312 1.136268972648652 1.118908101022745 0.9130380718447041 1.106591008486638 1.308620869020106 1.15502649937741 1.234813138712807 1.184096329258156 1.188907942300045 1.310671253034498 1.261669144095829 1.272262421393167 1.248052532652635 1.156474750215598 1.326523785853082 1.142475884274982 1.109331000685464
0 0 0 0 0 0 0 0 0 0.08599684764431385 0.6384371441324662 0.8965163419856859 1.048325047855971 1.033035745936158 1.297794322681276 1.050905764841051 1.070379095475149 1.229619460603051 1.24032064895557 1.346831088817409 1.350900127427994 1.413773343080389 1.467830009885557 1.548887670930508 1.662192247073969 1.657163453530834 1.580325053709451 1.425507283580624 1.304777459349315 1.208289388784004 1.114788864506869 1.234926133736231 1.179817446809397 1.224494564405371 1.252339259642507 1.269150162036591 1.301149578041818 1.315503179007378 1.260520880704478 1.18635588649929 1.084868653758077 1.062901671982857 1.223254779478132 0.8796047686283629 1.252571919180227 1.166043498547813 1.076179422031432 1.206727698902487 1.045132799231578 1.172194438366636 1.234453401340576 1.06068889940738 1.174066274567701 1.285062202196879 1.266977007718302 1.402131075273641 1.290830558594582 1.386983141839701 1.357491169448426 1.277518603618232 1.255913399789434 1.207730916911925 1.135037314453111 1.145617119017219 1.074996839961986
0 0 0 0 0 0 0 0.0185058862877649 0.3245301400559024 0.5706158702539609 1.093492247724805 0.9199534648331715 1.069136534430028 0.9630838223178707 1.088491082538294 1.162243201860619 1.169522509269983 1.204928866220704 1.311709839815649 1.31291345320249 1.357054623232479 1.352708032944076 1.359093044843903 1.387502987627504 1.448550934499089 1.481125632629178 1.462085450785137 1.388368330190453 1.278725134711377 1.219216406181576 1.131359511937875 1.207027815750851 1.099626963379173 1.171025390762841 1.190308398153068 1.197835425979814 1.247401827998926 1.26159791024586 1.273297464979754 1.23610082059332 1.179349097817379 1.086216517249602 1.228354451462994 0.8818204742487749 1.142998182318376 1.10076011324863 1.033984246067689 1.330456617451447 1.202700754741051 1.017459201308165 1.109235476667108 1.15058768381445 1.189107822112446 1.292215286436047 1.329477217390143 1.307364724305913 1.383415227646483 1.343128798861841 1.327123190536146 1.317620626588923 1.265432278980345 1.231540375848355 1.177161538658648 1.123108675066813 1.256467632163436
0 0 0 0 0 0.002843941543186406 0.08901553429527753 0.4043842215913779 1.060343118251325 0.8837661326331963 1.035625790659443 1.034461289114488 0.939363310532159 1.010048702377732 1.224645096184119 1.180526895382162 1.16932315348739 1.229940485732143 1.259221988434645 1.286903420780211 1.339717195922083 1.241677304699371 1.248259489931572 1.234071887748435 1.254874648282515 1.307548117578731 1.336320751999952 1.33125480208352 1.277377437123234 1.224877496884529 1.164609974263827 1.106881151261372 1.145319268190215 1.113830264093324 1.137367985449584 1.179056976963509 1.220154984751861 1.293528566271926 1.237008080863617 1.26172780741463 1.199490774476381 1.125463989130399 1.177829114166087 1.036840549311848 1.177518825803162 1.040609667110623 1.046435718056964 1.068570375021714 1.235999244238327 1.0213490856123 1.111201677509587 1.115355741536434 1.172216911103442 1.242193004417249 1.292167088031615 1.288046947315327 1.224616872151522 1.278969061422533 1.286381438801403 1.295193705325235 1.286654511316014 1.231596262058335 1.199889542565915 1.167235962374258 1.115766497340147
0 0 0 0 0 0.1483655565747796 0.5005523025923104 0.8885570142227106 1.058080646638405 0.9566375266699186 1.036218784101253 1.399635300929002 1.138008138436586 0.9691366804034994 1.030571579454831 1.139645729292042 1.120918148373148 1.139028292803379 1.141896254347242 1.153707747096914 1.136764116078195 1.118680983547475 1.113008166951505 1.139809347482414 1.140451044390822 1.180286402183669 1.238434857743902 1.250095444811319 1.228286594060615 1.206000214797903 1.402645854780779 1.145649624678282 1.186061388163483 1.226948579847472 1.10540171926292 1.120115820382264 1.139329650748436 1.192771698234964 1.208312259271873 1.263489720442274 1.234414495387139 1.189654714501176 1.40593577210432 1.173035425473045 1.206472530974295 1.105702739655578 1.05684095531204 1.162320311047119 1.128019708043503 1.098314408689332 1.202785040653921 1.125286997148063 1.10346030234828 1.325244839986051 1.149893946858054 1.156676344037074 1.148392420800733 1.190402793709971 1.211180841257629 1.266550039472873 1.287099189389457 1.260269169276846 1.214521494089762 1.249587978765124 1.149480374014934
0 0 0 0.04439306864992104 0.6564194706316712 0.7524940900150576 1.08857209628556 1.209906011969523 1.122204739745301 1.073987062695195 1.182399510492708 1.207829640316981 1.176827778160981 1.184230522465436 0.9962316131719495 1.117481110358608 1.017270773397111 1.021766960379673 1.037390947943711 1.027169989071527 1.092702308792155 1.035675123033267 1.204336163156961 1.165301994601186 1.22500833850274 1.154211798285926 1.203112935176393 1.204219801229379 1.202088393026034 1.21749357531037 1.212293695037137 1.211265712841938 1.169895416527768 1.172221464604925 1.099501443733043 1.1276442544512 1.106822030979427 1.115736905325156 1.154061551345323 1.208551928300362 1.247527580768118 1.227748719013445 1.356345418724904 1.246753005265219 1.158477314313652 1.175589180712561 1.134965201752543 1.188575097007744 1.050334905664957 1.060453721843473 0.9840044773088346 0.9969923286123332 1.089911906382762 0.9141500803276198 0.9695633193307039 1.032125674583918 1.053628082581115 1.058634473531278 1.146705689610046 1.203820458165949 1.270695312762551 1.26767863716688 1.238559861018107 1.197748054257624 1.189658550035377
0 0 0.1655703385862701 0.852879820116745 1.176450157315881 0.9961988338630406 1.03296080654544 1.338157876851461 1.428791399074399 1.29611669238671 1.143247236654296 1.149371972729203 1.123553934655711 1.074375337631044 1.000609142957109 1.087579306541478 1.153354111401202 1.066695083384084 1.010938464070968 0.9523343104011225 1.153180058312628 1.081587231563324 1.189352571223723 1.23316660307435 1.290723831799329 1.310272454994166 1.241459981519383 1.258754442913625 1.148572065710912 1.145498315092311 1.156806330776602 1.146003896229451 1.140415292340382 1.134813409024282 1.128299103141278 1.182872484261557 1.08972765454036 1.181679407145799 1.259574050394787 1.194128793649502 1.249544774832053 1.261922576115329 1.277426496938866 1.302738193929064 1.247505392896031 1.235171780002898 1.152839577266112 1.161779286202055 1.024518592397959 1.068994976190621 0.9160251734345451 0.9354340955628082 0.9697337880652367 0.9657282126393548 1.274257694166387 1.101357954048916 0.9454867952881364 0.9965833525932843 1.084381184029485 1.188280039785831 1.236763742698424 1.248077166140203 1.254973647930521 1.247755202289777 1.363054263604048
0.07850483690495007 0.2197228048446935 0.8258071302175869 1.314181243330581 1.329576205916019 1.093256724760911 1.06035942948612 1.15130146982962 1.340490984348255 1.371058546718361 1.255730090925438 1.117087533308661 1.050011753477668 1.010970096754644 1.065190452563683 1.092522581445726 0.9914621186622771 1.295254172047932 1.12473054050444 0.9404945674829304 0.9941018560160731 1.265119841115493 1.165317408366487 1.202351962912362 1.268882831477866 1.289846346623146 1.329950655240257 1.210502645728806 1.170705176587832 1.130626022358002 1.096997923835204 1.135220463110748 1.176749135716104 1.163990972136125 1.334401609351388 1.134167374247239 1.11646944090863 1.127515684817644 1.176927266203842 1.212176011236228 1.265920339550418 1.295223268150414 1.342554874891662 1.339229999077573 1.303060833633674 1.202493739823018 1.200675112937707 1.096593647102932 1.113864776688201 0.9124974842649259 1.00090510034567 0.8982528379803737 0.9662174231928967 1.210467597412834 1.166443177771234 1.123117953232303 1.133057956652149 1.144547586863053 1.369189572753456 1.20197351956369 1.303784188287788 1.253647725430411 1.260074460137244 1.24734274327103 1.295992831374548
0.8106488020631519 0.8490044800553911 1.263037613572205 1.142749710409598 1.127544220759162 1.148092943173925 1.130801599621552 1.332766084289173 1.327201064207707 1.261718006813056 1.209628052219645 1.135334389004715 1.056213148180825 0.9930885016581444 1.358550285783972 1.194471869962354 1.070755452548652 1.167399056425723 1.110943007294172 1.004022277745983 0.8691705628866794 1.162320875507465 1.299800631473371 1.111695193549414 1.133944392472892 1.215176077740133 1.263867740326855 1.278703119727549 1.197839542163281 1.139332331427202 1.272360641734125 1.209284472051977 1.175820997385752 1.182979261573512 1.217479270252719 1.227354319227933 1.280768005773616 1.213670081596147 1.172399244634453 1.227316988357269 1.250708805494887 1.334019852853281 1.358001713533996 1.377433291771653 1.336406896065225 1.252914632866402 1.176060796895192 1.120459883865476 1.148591756961973 0.9528516571270446 1.081949902569759 1.259315667532046 1.052711759297173 1.07943221637327 1.116965908365293 1.197182269916121 1.128611174468709 1.074894749459551 1.213189231397926 1.3282140810042 1.234108927169986 1.183944277317071 1.189469614406546 1.192778467335156 1.236652700065182
