benchmarks/avaHitNullTest/relHit_7d8d30fc3d_null_dfa_ppr.asc
ncols 525
nrows 445
xllcenter 272771.42
yllcenter 357502.70
cellsize 5.00
noDataValue nan
[rows 58 to 86 of 445, columns 66 to 131 of 525]
0 0 0 0 0 0 0 0 0 0 0 0 0 0 0 0 0 0 0 0 0 0 0 0 0 0 0 0 0 0 0 0 0 0 0 0 0 0 0 0 0 0 0 0 0 0 0 0 0 0 0 0 0 0 0 0 0 0.06923608379338955 4.78903538063394 4.789035380633941 7.54618067766408 11.37581996304449 15.38054071605315 16.44362800534049 16.98784812762844 16.95457928427873
0 0 0 0 0 0 0 0 0 0 0 0 0 0 0 0 0 0 0 0 0 0 0 0 0 0 0 0 0 0 0 0 0 0 0 0 0 0 0 0 0 0 0 0 0 0 0 0 0 0 0 0 0 0 1.030815175873553 1.030815175873553 5.340143786508333 6.770394577481285 10.16912573220684 11.76468951248076 15.56672690287407 16.13618493898592 18.61988611300384 19.88617555133735 19.87426049077275 20.46786290344507
0 0 0 0 0 0 0 0 0 0 0 0 0 0 0 0 0 0 0 0 0 0 0 0 0 0 0 0 0 0 0 0 0 0 0 0 0 0 0 0 0 0 0 0 0 0 0 0 0 0 0 0 0.2864776545243681 4.864965247219074 9.180024160253007 9.180024160253007 13.05315388933886 13.05315388933886 16.18238363654154 16.3247722880837 17.90851717745168 19.18551410694904 19.01316023426521 21.07907704572022 22.13661565225475 22.99876755938991
0 0 0 0 0 0 0 0 0 0 0 0 0 0 0 0 0 0 0 0 0 0 0 0 0 0 0 0 0 0 0 0 0 0 0 0 0 0 0 0 0 0 0 0 0 0 0 0 0 1.048833341968436 3.523692329686092 7.629417767277316 7.629417767277313 10.96398094698659 12.12551558269541 14.96765028581951 16.51291392680916 16.11675839048853 18.25671140293453 18.67258451161171 20.47846301128918 19.88772196067379 22.374376747844 24.26571284397448 25.91248987275706 27.02764633731788
0 0 0 0 0 0 0 0 0 0 0 0 0 0 0 0 0 0 0 0 0 0 0 0 0 0 0 0 0 0 0 0 0 0 0 0 0 0 0 0 0 0 0 0 0 0 0 0 3.530006539717235 4.274829689470627 8.732263767055853 11.34389695376791 12.66945588753167 13.71034902888358 14.31754876045386 16.96654196379841 19.03640624378481 18.78207203856073 19.89775534566323 21.22963389809344 22.97395845689598 24.44026237876052 25.71649907568722 27.99651455357273 29.55697549679806 30.94114264150663
0 0 0 0 0 0 0 0 0 0 0 0 0 0 0 0 0 0 0 0 0 0 0 0 0 0 0 0 0 0 0 0 0 0 0 0 0 0 0 0 0 0 0 0 0 1.515169607308298 2.399753954858856 6.063635069726188 7.913574679433286 11.28932094654236 12.62831596424911 12.76731765698652 13.6875768282122 14.52808680622784 16.39967171788198 18.52045145304308 19.87947168986724 21.88096228089427 23.59036228700976 25.32555324132701 26.66744015317549 28.40043471355814 29.38497018752676 30.64274544093595 32.69969592620571 34.50696761920062
0 0 0 0 0 0 0 0 0 0 0 0 0 0 0 0 0 0 0 0 0 0 0 0 0 0 0 0 0 0 0 0 0 0 0 0 0 0 0 0 0 0 0 1.30585538201439 4.107838192324309 6.138338811659703 9.905516212087244 11.7239567906598 13.88427115181375 15.32924935730889 15.47947029120857 16.72142375170924 16.33130738190232 17.24985113703386 19.93859358869444 21.64981586763185 23.40350047782485 25.4755749701989 27.31974548323693 28.64532627643495 29.76085225554653 30.96639764308606 32.78829238793433 34.45777726564512 36.18409862578875 37.93970402109915
0 0 0 0 0 0 0 0 0 0 0 0 0 0 0 0 0 0 0 0 0 0 0 0 0 0 0 0 0 0 0 0 0 0 0 0 0 0 0 1.656029279532604 2.032357401328363 5.253362701917905 6.812640312224161 7.823633077757018 10.41867205866525 12.88498640088799 14.38771553784979 16.02950799345838 17.62532710333289 18.08448707001682 18.4209042736989 17.8854123104308 19.2231740451478 21.27135606391306 22.83717407386404 24.8289801512339 26.24860638179952 27.61671056018544 29.51026967886241 31.30182250773708 32.63134942854872 34.23181348986441 36.13430330936291 38.13314330501382 39.97463395397151 41.2071585370363
0 0 0 0 0 0 0 0 0 0 0 0 0 0 0 0 0 0 0 0 0 0 0 0 0 0 0 0 0 0 0 0 0 0 0 0 0 0 6.294790109567051 8.137522853951744 10.46265345875954 10.46265345875954 12.21488250718251 12.36550336755485 15.54941861631146 17.28248525376839 18.66569002990184 19.92941467855676 18.92568755745283 20.93550309067465 19.78139391782355 21.58382375416081 23.2383452562192 24.16844556165765 25.5819820836791 26.90513184231957 28.35602784294989 29.44211416953137 30.91511466702022 32.92231214756464 35.15628365183328 37.63490503946476 40.35799091031598 42.43439613265089 43.99881719805378 44.69177828201283
0 0 0 0 0 0 0 0 0 0 0 0 0 0 0 0 0 0 0 0 0 0 0 0 0 0 0 0 0 0 0 0 0 0 0 4.456016207805685 4.824102267231392 8.35473965886982 8.147921051911407 12.98199073646112 15.19261221810783 16.42260074248485 16.42260074248486 13.65899362771714 16.12388312187703 20.27316478760336 19.09601641958735 20.71449597677624 21.80600649220281 22.81399154549739 23.64896564826696 24.87342320348215 26.3325647652358 27.07608730752384 27.78169637630687 27.80820863514114 28.7136124335014 30.2275214138592 32.04704440938282 34.59140995210549 37.60035345759408 41.31930879137787 44.74275145413487 46.94174953394628 47.78119720609227 48.11057400450225
0 0 0 0 0 0 0 0 0 0 0 0 0 0 0 0 0 0 0 0 0 0 0 0 0 0 0 0 0 0 0 0 0.7415308830086407 1.193159852299034 6.617845486400395 9.217033462914472 13.70623006642569 14.35152900497972 16.40826219514609 15.1246478383093 17.47154126621124 18.33026635500179 19.25411887376659 19.25411887376659 19.67561925319664 21.40622381789981 22.82819328640996 24.04475660691688 25.12981387911427 26.53647563204468 27.17852731053986 27.59319330240579 28.44452015718127 28.68210838014869 28.84497743110094 28.89453125960508 29.28831507349713 30.91275746602335 33.15196040854881 36.27958431632076 40.08029346221457 43.99574933669681 47.6860336685757 50.03914137518267 51.44676504285464 51.75551644198319
0 0 0 0 0 0 0 0 0 0 0 0 0 0 0 0 0 0 0 0 0 0 0 0 0 0 0 0 0 0 0.4102505030733125 3.840702974138102 7.77866803497106 12.02656741370989 13.52323667697907 16.7701638059937 17.57303384834589 20.44707485722083 20.87225296292452 21.93403241916513 19.75130770952963 20.92586622653338 22.10472019657429 23.03823143053949 24.73903929409983 25.53894681854098 27.0513599925362 28.16552197437661 28.25285650657359 29.38305419605845 29.82818848799218 29.78425684525538 29.56315485699837 29.08575322242464 29.05103588346427 29.11902720729124 29.74209096565832 31.54722870603524 34.60678803222314 38.03644810266289 42.35798828786325 46.58571740096767 50.09031178313073 52.85426501720775 54.68705286460597 55.84489014488341
0 0 0 0 0 0 0 0 0 0 0 0 0 0 0 0 0 0 0 0 0 0 0 0 0 0 0 0 0 3.203790239725599 6.499537484338922 11.14955028286378 14.92624096732462 18.18850385695192 20.56931665804908 21.3857932056901 23.73746505947099 22.63715819716472 23.44602164333775 23.57575638569172 25.47718859141155 25.93638533130131 27.05309490832327 27.83421862241464 29.09126069495489 30.24913491802583 30.57591419990047 30.8881195515313 30.92953118090785 31.13125009719015 31.81262475917636 31.63593267101735 30.50996474253967 29.49719573018682 29.14653470079835 29.23467961559742 30.36514863426518 32.88809704009138 36.06756428688719 40.32615006778681 44.98274002588365 49.38101833063927 52.87369712998762 55.46874260264107 57.31819115845002 58.65362485126037
0 0 0 0 0 0 0 0 0 0 0 0 0 0 0 0 0 0 0 0 0 0 0 0 0 1.134972692528906 1.559237054592287 5.074088987627032 7.643634897515645 11.5280190170979 12.90264622752201 18.04056581524623 20.91756632158998 22.50441086050017 21.53680610780744 23.03492496154467 25.33619372361755 27.34575988211051 26.95063596903219 27.8529055859665 29.22883309632035 30.6021448597001 31.44766733563118 31.67720310107672 32.6046206993843 33.65190474750047 33.71795603214307 33.38796681818434 32.93061662270104 32.95710130320849 32.95108086732815 32.64759068257808 31.76546867788517 30.62645375149033 30.37104516888857 30.62561834541759 32.11372375663069 34.492958174252 37.83298121986878 42.47458381798258 48.00313561764401 52.16427608449658 55.19971617053617 57.49810810176754 58.97595362339752 60.114374029284
0 0 0 0 0 0 0 0 0 0 0 0 0 0 0 0 0 0 0 0 0 0 0 1.459204785521484 6.913515828318289 7.733659056203137 11.68537407865234 12.58181983433699 17.07222133279544 17.30679743263685 21.74119118630353 22.55632797397459 26.8132179665668 24.49757702919782 24.51742158414432 25.88292516847631 27.86729598769019 30.02592291117487 31.47143911954602 32.22870875828349 33.41938752064252 34.48609034932164 35.21415706261454 35.40599265697182 35.58181237536602 36.25392550273022 36.4774841410642 35.93272767004126 35.61888210501253 35.22767727951612 35.1140222416794 34.26152546021823 33.16104463532267 32.19025824878527 32.10058178503829 32.56651671271556 34.33132152252889 36.89753745570982 40.64419494446344 45.20545360114619 50.44102651410548 54.43500470407602 56.62542676739651 58.28435880166153 59.46879562903431 60.35262315326539
0 0 0 0 0 0 0 0 0 0 0 0 0 0 0 0 0 0 0 0 0.8898158977655682 0.8950609096355 3.347190194445158 6.545086622531007 11.2758264265962 15.83222850647533 18.31257123555401 18.17359188868354 21.90126172447762 22.63892859639035 24.57032511494233 27.69774110048 27.84510066423458 30.13976591388788 28.6519763641014 30.37936592355686 32.16255704667991 33.73304576147991 35.13098736807287 35.87661573387604 36.75856428117498 37.5003117512062 37.81931547216184 38.0843190284453 38.21158520705832 38.12587637251946 38.51373898012303 38.98139603583582 38.9601435165948 38.34581624051969 38.24282441260173 37.16816347578641 35.70571510487458 34.49121155066765 34.22140827193068 35.13393299886351 37.16542904836106 40.25526653061954 43.59167026673416 47.84679982952872 52.07900000219448 55.13461879071328 57.02626689576163 57.87140926132169 58.52945348393138 59.81463279049367
0 0 0 0 0 0 0 0 0 0 0 0 0 0 0 0 0 0 0.02647872929084564 4.780746713197395 8.130474175438094 9.976619233257129 11.5584434188739 13.15952076803968 17.78191211753829 18.61828970114281 22.18258179051526 24.70224586031578 24.46252068828057 25.65773492026327 26.87321359768415 28.33162309099982 30.35561210421357 31.93240334108551 33.21018018204178 34.71557432563572 35.98560773685158 37.16905506176929 37.41049096971841 37.86977561352462 38.87147986264073 39.73269030630474 40.09054657648732 40.11283301035093 40.69370672245286 40.95652515630721 41.70435137499781 42.46163687031146 42.87794059117927 42.31336309955913 41.68145087783745 40.50424027428463 38.92392791586957 37.72634924730139 37.86762472728589 39.04663884409534 41.23251652352222 43.9513028540738 46.92693836585699 49.67941782902766 52.37833532247068 54.50392863655269 56.12694005423992 56.61855875569394 57.11891144805715 59.09728598586165
0 0 0 0 0 0 0 0 0 0 0 0 0 0 0 0 0.4141939063216084 4.82055933028091 7.909715535281516 9.562041229931397 13.40376205030278 15.6050850251418 15.6050850251418 18.88309287622938 20.47817689691515 25.46865566107732 25.96849289327898 25.53482122375654 26.59034067798058 28.1253113477821 30.80611477400141 33.12546094693598 35.02707373195165 36.34648463254863 37.40470831675899 38.32858252359684 39.08983154806997 38.52845820772709 38.49126591659971 38.67179918878288 39.836021925064 41.41367583530204 42.21405660473928 43.36330555537618 43.96089478760317 44.74915351872152 45.66591268556667 46.32311349137238 46.78068140515588 46.76615994678825 45.6090637461802 44.26422888990565 42.92355162284717 42.22469885888788 42.75502135901549 43.87966878322282 45.61008644527256 47.65317978154554 49.47445541176674 50.86951403848402 51.91521383776355 52.98502543206854 54.08702996235572 55.00833175866643 56.11219812600836 58.52425398806943
0 0 0 0 0 0 0 0 0 0 0 0 0 0 0 3.476061792488512 4.854723373088287 8.451248224140166 11.21805849360453 13.07672679683309 14.91431340448804 17.34730575879416 18.29784435841149 19.74552902012205 22.34381083775378 25.24954039995729 27.88154945153463 29.52577535895439 30.82281008430359 32.89092462236975 35.16004349522783 37.09698470412791 39.16927250673857 40.59358662301747 40.58860508993677 40.78299583887769 40.57810671794149 39.7281906007217 39.60435527431293 40.44055495520485 42.11556945562612 43.88317529464138 45.66893152442146 47.29773048126211 48.46859809865345 49.2836601451267 49.74355717793365 50.31847329579696 50.52274047090649 50.53834425216314 49.71975605595777 48.5237555518237 47.25612091145434 46.72588076993791 47.00477754710906 48.09358803333923 49.25572144010139 50.28550183269179 51.23845646098018 51.6173419843398 51.59151193899135 52.02042670128255 52.7242598290944 53.48371641629335 55.46537756101035 58.35072073510646
0 0 0 0 0 0 0 0 0 0 0 0 0 1.658568976612345 5.4702292151648 7.498408075616253 11.34527011843465 12.52395117219157 13.64220142492825 12.75596139773082 14.57885802397867 16.51313277997434 19.38673947165859 22.6907105069537 25.61902053796737 28.72092658879222 31.01450106448922 33.09673736155946 34.80435698006636 37.12904528570375 39.08682321837915 40.62771835224099 42.06782797286619 43.18906780676561 42.78195652650795 42.07528037841635 41.70485222766575 41.63338622650077 42.68575718220352 44.20411402504392 46.31087652893339 48.53127387655792 50.31261560139929 51.83730704403005 53.15122420935302 53.75272893186114 54.07999795365481 54.02442353142005 54.10614649868715 53.80922798318674 53.35743661648701 52.322545777363 51.17963134025401 50.7248966647056 50.58008142188061 51.20359992902051 51.71645418441244 52.11648160372707 52.30286446033595 52.44566346872646 52.56828083000672 52.67377193670916 53.02633486034331 53.26694347830227 54.38030729880165 57.4266888596989
0 0 0 0 0 0 0 0 0 0 0 0 1.466668639385375 5.099585172702334 10.02717669285602 13.13166238368977 14.98053419937442 16.84876350246848 15.10350162222637 16.59887028100691 18.62835591302751 19.88623041828653 22.49396711717763 25.40241044848091 29.0601614832822 32.39634871391677 34.68432469760066 36.73991829949001 38.57330097379638 40.61270792927495 42.23025750036138 43.04786454982211 43.8929503208273 44.44579803524808 44.47152493701769 43.72683192895302 43.98961566850797 45.20377483870023 47.27484762309054 49.45945044992668 51.55825410883561 53.5431244868272 55.36494975133466 56.37427133110547 57.22978686478075 57.59209019446864 57.61949457297725 57.42761333749522 57.29365296652713 57.16414102988696 56.58310892657914 55.74335935718668 54.94713649492223 54.14435775941395 53.72179692908042 53.50245001058529 53.56317761375849 53.74757033716914 53.79456811725723 54.08575969741094 54.51462192415014 54.70918132813546 54.12888667330994 53.54753218072872 54.06898206853554 55.73811224647432
0 0 0 0 0 0 0 0 0 0 0.5415838089866165 3.93214366665036 7.601346984931522 10.92516581402212 13.59645915982068 14.93509623261056 18.10174388138763 18.66350915773473 18.87283844747523 20.80415327621981 22.30256250476788 23.26018663456228 25.59211737901161 28.39486892503382 31.32773101400889 34.64287182939701 37.29249255432458 39.28419568532878 41.38627007673554 43.16616626569457 44.24532176102815 44.75939766802966 45.18220594329725 45.68667926816987 46.12245291342148 46.44679003364507 47.99287128438235 50.29362183055812 52.91050931619175 55.35351138912333 57.03949899271493 58.4826276176894 59.48885614957811 59.99262051844043 60.35448799488886 60.38982298857699 60.58266284360496 60.60104985240649 60.3535698473922 60.14232640585206 59.47280825935233 58.81787521419206 57.95711583046017 56.92410203326192 56.30549957261305 55.67617142105744 55.82069388562873 55.92389171925907 56.10927438725197 56.34676423933615 56.61353552851306 56.49533828262778 55.59626067759186 54.1263268585714 53.838635759221 54.65500447012498
0 0 0 0 0 0 0 0 0 0 3.247443962375485 9.117064200385251 11.53280110131781 15.21752237434096 19.05011962801634 17.40607551174626 18.4668351968501 21.92449310751613 23.43051037244702 25.26540170075251 26.85036805429917 27.27491232695036 28.52123837977457 30.55505024840522 33.24758592591026 35.49554306550403 38.19908008792169 40.61242420199115 42.69917554639535 44.29282092685245 45.44275132139547 45.96696566309777 46.55350979131546 47.28579560976434 48.45373550687988 49.91947999178159 52.85421060192034 55.98665480491044 58.67330140882405 60.52150184442539 61.81245606144743 62.56640155746405 62.88447545456592 62.68838670396724 62.7763056206464 63.16556859493326 63.79867917818601 63.92188299597632 63.38887256508343 62.89952419944334 62.25544297958491 61.58305759031215 61.10773265921854 60.11162903044276 59.51310627037605 59.03564901277986 58.7218982435984 58.64564614685477 58.42102377311549 58.41592670081693 58.18604160738656 57.62053667163049 56.73612349019897 55.51610055016261 54.2118822184762 53.91629760978959
0 0 0 0 0 0 0 3.30568410324895 6.261071619201431 8.540384057388659 10.05566757571033 13.89373144357139 17.33747266920281 20.89382261787169 23.19377743354342 21.83869625978754 23.21600137924771 25.42270594621685 27.81706026039155 29.48861340290016 31.19289458940772 32.16848406257847 31.46741326945487 32.38820875338736 34.59574269778236 36.75878222938365 38.68094444893384 40.56953817074697 42.67169366466225 44.56101421769385 46.19959402498874 47.43966243965102 48.31728797051034 49.65745921088052 51.94738537950404 54.5898861918031 58.01602050190466 60.92594518979668 63.31398266846057 64.83142221251616 65.69190835118567 66.04123325084552 66.03688783532407 65.90106703461392 66.04790870560313 66.59322240785716 67.45287513876129 67.49924006618075 66.50029771565198 65.49596903356694 65.33520757606341 64.97428015052877 65.1716703376467 64.78456232027087 64.03382741235846 63.44330270852305 62.35376849900428 61.24255042348864 60.44497468654396 59.80180398361396 59.38510814895518 58.61736667715959 57.80005737674671 56.68994469619381 55.47430752887144 54.18363672555984
0 0 0 0 0 1.234815169643899 5.62082769296147 10.27103301645974 13.65214202296632 15.96117106661681 17.46184600371274 18.77963965104848 19.73195088912493 21.91601533436281 24.04685085933424 26.99086329526223 27.43707781281809 29.72389158195454 31.90539776367582 33.83130079439464 35.52601131903764 36.14931340202155 34.75275733394496 34.12650094958204 35.33764839591608 37.3088260545461 38.80377231208917 40.4376760014244 42.88728534134149 45.03084623357186 47.51672127708121 49.71324681603748 51.64014403035853 53.92194060462007 56.44273361793595 59.17624040412431 61.78381144510939 64.35197410890464 66.50955917886353 68.3254624227505 69.43126564143779 69.85215588083375 70.07484899716674 70.36204188878993 70.67939811194995 71.05089518309607 71.12014645676356 70.89376485086486 69.93612495224133 69.24495237759845 69.50381846442104 69.81567699574661 70.39782800539116 70.32724926238078 69.42422290210466 68.18438757223164 66.18624574979017 63.82338993097359 62.08104590794832 60.81293347106467 60.01658884918402 59.40835193419915 58.48431418656254 57.07124800771261 55.99395822128911 54.66238561061517
0 0 0 1.285751141935683 3.429674675930674 10.46183524937621 12.33568834951515 15.15817985990998 18.32114203834793 21.20469006241128 22.07638603749717 23.36301720545296 21.64956055470553 22.94582927191482 25.85790438882064 28.88206797697668 31.71266368547396 33.84580059067865 35.80660206916419 37.11876102449482 38.29466969113528 38.48047549858159 37.14226797893915 35.3285167462696 35.44888909130871 36.78194334837602 38.84581356694095 41.02303653631932 43.51804520832918 46.8662033497917 50.1656626460603 53.32055985198256 56.21848666898408 58.63225201139119 60.97502453081592 62.66280625427481 64.18258670641916 66.495815563844 68.99335372046266 71.17530788448394 73.05899998415437 74.33454989529341 75.10318325721506 75.77607652242652 76.00435660934136 75.84875431885189 75.39206844843578 74.90138973716972 74.84867214137394 74.76147460772879 75.16894531035975 75.57106594559578 75.85229482265498 75.77690532348133 74.75881054272615 72.88658384873699 70.08912456006779 66.43253692746916 63.54092984422974 61.7509451389685 60.32473968497519 59.40587439006014 58.35128377843506 57.16828398968897 55.759009864934 54.30410696628888
1.570897827088319 0.7473903954282404 4.072457495306169 7.362343765655401 12.08014031966025 14.07861654077309 18.63087488213645 21.03974466984749 22.67590704484151 23.76388652358435 26.65289483815972 27.70369569334367 28.19959659429605 28.38701641692636 30.82002958166576 32.82291331945412 35.01179849328201 36.72221088851778 38.15160158949076 39.40957669630806 39.7368147697068 39.90608105649937 39.55806301039426 37.97365830916002 36.8173316676607 37.11037857734988 39.44748580648781 42.02462921380665 44.86164880766164 48.73091983019054 52.89412789402929 56.59340103852188 59.93849082642661 62.29788611085825 63.80932973753768 64.90297588260239 66.36552696127994 68.53546653398732 71.35516202338766 74.13340011854849 76.71067600484501 78.95065999642333 80.55325882447086 81.06569195627414 80.96285878680982 80.49389046477984 80.31473198154661 80.37294743253992 80.72004587495736 80.70146926791962 80.51993305731476 80.56930259864716 80.86399271266943 80.44661490036552 79.50079116818087 77.38470169043259 73.88763474975065 69.1867039203207 65.08143875042238 62.11146368836768 60.12169434632195 58.68404733287041 57.37924360507687 56.23678700375084 55.15068822555411 53.3455542855794
11.71300884850305 15.4053471570625 15.4053471570625 15.78749109601046 18.63451569087845 20.74582324917944 21.90827536226647 24.37824887359006 25.37666455923171 26.92713343098203 28.32065906483734 29.14735393387653 31.9121772795671 33.76631544254911 35.02872868686453 35.94679861583097 36.55183142648654 37.81234509267907 38.84745692884523 40.03090624481887 41.08964657343067 41.9994687792239 42.44839689994361 42.15508350234742 40.58411508397619 40.12156240575605 41.72696863728341 44.05872014631298 46.92641331512687 50.31030620233278 54.31309778356612 58.09329109721817 61.2198221360532 63.83803636887016 65.67920809849534 66.93778753479376 68.66222249587686 71.04009729424989 73.81566660961333 76.89434120198007 80.05467178686166 82.88809721081087 84.82809579777688 85.47944497590495 85.23629877832788 85.22675833905868 85.70679689756196 86.33427781119373 86.10705510047538 85.54969034670839 84.83694125572643 84.71543089328478 84.99114017058704 84.85262505036987 83.73808583247039 81.42450469491808 77.2053998073942 71.84860141883928 66.41009593608653 62.19133251406468 59.70774723586951 57.62946107377542 56.23777830456958 54.90085753423933 54.16663027003079 52.47247570755266
19.23448743228731 22.32183144137527 22.88281455698596 23.58814615860685 24.43464411115489 24.47321606271072 25.63151541786398 26.51317652778972 27.10760794276141 29.69579037348787 31.36711730148092 33.4615928614414 36.450635646009 38.41881089437626 38.93890535194974 38.78356957489637 38.13062710889869 37.58526071387466 38.69704357790911 40.47033685403674 42.65007056971688 44.80338561229112 46.49567776834329 47.06910621830906 46.45830619968211 45.52281889513111 45.41268426690637 46.61458686837199 48.80378185356357 51.6319720363397 54.54653095830587 57.70186499109079 61.06159342046399 64.32089528330238 67.22282872618253 69.21832894564602 70.99746266427867 73.04500036130058 75.77528625921286 78.94294143946129 82.5973965326781 85.81284090690066 87.89907858166492 88.82223199554682 89.33740757709886 90.03577256131769 91.26673996839875 92.04406956056154 91.58690494043027 90.25538709340167 89.17330867094586 88.70705532877892 88.73116580577239 88.70518513825552 87.24791174289975 84.64910369563384 80.03234579155212 74.11945953231979 67.88303115727575 62.76055364958569 59.23824013875716 57.11114442945819 55.1336918589422 54.00715158813953 52.93754137928573 51.9833434094588
