benchmarks/avaHitNullTest/relHit_null_dfa_829589904a_ppr.asc
ncols 525
nrows 445
xllcenter 272771.42
yllcenter 357502.70
cellsize 5.00
noDataValue nan
[rows 29 to 57 of 445, columns 132 to 197 of 525]
0 0 0 0 0 0 0 0 0 0 0 0 0 0 0 0 0 0 0 0 0 0 0 0 0 0 0 0 0 0 0 0 0 0 0 0 0 0 0 0 0 0 0 0 0 0 0 0 0 0 0 0 0 0 0 0 0 0 0 0 0 0 0 0 0 0
0 0 0 0 0 0 0 0 0 0 0 0 0 0 0 0 0 0 0 0 0 0 0 0 0 0 0 0 0 0 0 0 0 0 0 0 0 0 0 0 0 0 0 0 0 0 0 0 0 0 0 0 0 0 0 0 0 0 0 0 0 0 0 0 0 0
0 0 0 0 0 0 0 0 0 0 0 0 0 0 0 0 0 0 0 0 0 0 0 0 0 0 0 0 0 0 0 0 0 0 0 0 0 0 0 0 0 0 0 0 0 0 0 0 0 0 0 0 0 0 0 0 0 0 0 0 0 0 0 0 0 0
0 0 0 0 0 0 0 0 0 0 0 0 0 0 0 0 0 0 0 0 0 0 0 0 0 0 0 0 0 0 0 0 0 0 0 0 0 0 0 0 0 0 0 0 0 0 0 0 0 0 0 0 0 0 0 0 0 0 0 0 0 0 0 0 0 0
0 0 0 0 0 0 0 0 0 0 0 0 0 0 0 0 0 0 0 0 0 0 0 0 0 0 0 0 0 0 0 0 0 0 0 0 0 0 0 0 0 0 0 0 0 0 0 0 0 0 0 0 0 0 0 0 0 0.08485418357740268 2.962889658724532 2.962889658724532 6.460606552223802 6.460606552223801 0 0 0 0
0 0 0 0 0 0 0 0 0 0 0 0 0 0 0 0 0 0 0 0 0 0 0 0 0 0 0 0 0 0 0 0 0 0 0 0 0 0 0 0 0 0 0 0 0 0 0 0 0 0 0 0.5140520111007908 0.7368304335588478 5.194597153456791 6.572228954294509 6.521858414292666 5.257419979626745 6.825723621221207 7.884285458991142 9.866857954320366 11.38919181358399 9.403038965743129 11.91766697174087 11.91766697174087 0 0
0 0 0 0 0 0 0 0 0 0 0 0 0 0 0 0 0 0 0 0 0 0 0 0 0 0 0 0 0 0 0 0 0 0 0 0 0 0 0 0 0 0 0 0 0 0 0 1.703767375266659 5.713632555324832 5.713632555324834 9.653587652974997 11.82220131129764 12.86202439557321 14.58000765662016 14.26369450332664 14.38317799994011 14.39404425768862 12.56240334859897 12.24843397586572 15.38000242712418 15.76694637177218 17.47039342214252 13.75800943313292 13.84520358053803 13.97032017027537 0
0 0 0 0 0 0 0 0 0 0 0 0 0 0 0 0 0 0 0 0 0 0 0 0 0 0 0 0 0 0 0 0 0 0 0 0 0 0 0 0.6709961771912375 0.6709961771912375 3.773701948951981 3.773701948951981 3.41278847808752 6.742754029730231 8.786585576838633 10.1775826014839 11.92598773269316 11.92598773269316 12.61594681120226 12.98359026976139 15.53588288496916 17.62046416249491 19.55787444950534 20.8634687655182 20.84071350062287 17.9791273596887 18.30327081002454 19.17310196024161 18.39290700417042 19.80585979462877 18.19953299091643 18.77571036329217 17.17153764238678 18.41584055893372 17.57922838090956
0 0 0 0 0 0 0 0 0 0 0 0 0 0 0 0 0 0 0 0 0 0 0 0 0 0 0 0 0 0 0.8967398961656027 2.052061036504166 3.458905848873032 3.458905848873032 3.68611083514591 3.68611083514591 2.191014817420939 4.667534551988727 5.526858457740744 5.526858457740746 8.789813852333745 8.789813852333744 11.11312395820016 11.63769498802722 12.73540377509082 13.91066030308807 15.34014758390089 15.34014758390089 16.05380905329636 16.05380905329636 14.11374151639436 15.56958376568501 18.3983189822162 19.9795609297181 21.36780451042619 22.18675135073905 22.58245925928725 22.88647846147455 21.3322115938981 22.79939944224657 22.57817895244045 22.90490922872353 22.02144888218801 20.54621210258753 19.47996428688669 20.28313149384379
0 0 0 0 0 0 0 0 0 0 0 0 0 0 0 0 0 0 0 0 0 0 0 0.1954083454259385 1.434418781301227 3.481761832289042 3.481761832289042 5.331386117782866 5.940390883666431 7.759343340846688 10.08488943926832 11.00799392855739 10.03924872311636 10.61281256570059 10.61281256570059 6.764032327300041 6.764032327300041 8.607397618157716 8.348467341066831 9.253573331831142 10.65540052618402 11.00197520252384 12.35575635405938 13.60197872748358 14.57705399022998 16.23718782446078 18.96305280378223 16.77471212735092 17.50561321427212 17.88698253976494 19.42524868108974 19.78151956869209 22.30299067856419 24.41959103806853 25.65676104153503 26.11667363308693 26.32674581003333 25.93660757347712 26.1969982376668 26.43099529002617 27.20884126546224 28.77933503187227 27.59685327467051 24.88372672373573 22.07630475193499 21.85911534364939
0 0 0 0 0 0 0 0 0 0 0 0 0 0 0 0 0 0 1.510040936753354 1.810323387483213 1.89093458287284 3.290199138930026 5.220465343200792 7.350630645045289 9.22489226178163 11.40999168230546 11.95932640980685 12.14647268378345 12.30850347730112 13.41730605029234 13.11105725298244 14.89208799040869 16.33798198831863 15.41938281634837 12.83339857838117 8.72363376692304 10.539234197641 10.539234197641 9.77314257226946 10.64427436609371 12.26105150562605 12.55349862350304 13.60773331287074 15.15539274241598 16.41370211507677 17.891948799181 19.8696716404489 21.28578549239731 20.78269084933917 22.15941149369024 23.9609469765984 25.08420497752749 27.09599499592121 28.75027202775925 29.78957900119946 30.06255464631279 30.56208120388363 30.55845050077901 30.99006137889033 32.24627329476976 33.31114825631987 33.67930305441527 33.09926616530922 30.01334875488245 25.53178851869537 25.64885410205035
0 0 0 0 0 0 0 0 0 0 0 0 0 0 0 0 0 1.476130394832928 2.619078529300714 5.77738894896079 8.112866746845047 8.112866746845048 7.789988190103036 12.78007331146891 13.98253386337877 16.61606092837753 16.77169966075738 16.65265237124368 15.42919522044625 15.34960850155297 16.87712741910968 16.29523024690771 16.69775840641697 16.99889913874556 15.09201163764982 13.15703040571963 13.30381023324488 14.16923875443143 14.17433765630904 12.94241315246105 14.21742509475947 15.01721922583874 16.13168441587106 17.3092674584817 18.64061026137314 20.52109763202935 22.52015374839118 24.50014114084453 26.06453758520412 28.08737293604907 30.29180410832153 30.90443188520635 32.31036753970805 33.35693604327678 33.23772759432237 33.02084406989101 32.93896733251911 33.90000706660206 35.22634698435134 36.79373937145895 38.09282931574073 38.59681112060541 37.14105278061854 34.35114804331937 29.4946615905882 28.65822945437622
0 0 0 0 0 0 0 0 0 0 0 0 0 0 0 0 1.816083625317897 4.249975187944656 6.582015726407576 8.354309194635325 9.716381892188691 10.40608886178335 11.60505901231707 14.63010932615908 16.79108570741119 18.82943189853917 20.06996333302266 19.64555454885697 18.10610712487236 18.55932405811602 19.70565863928765 20.68917198133141 20.59526657448416 18.96838266548566 16.18742437368291 16.30084987038092 16.30084987038092 16.24142713715428 17.09819848060917 16.08375377275305 15.93407880077 17.27227294271534 18.34856365342026 19.40728915499475 21.3153628343506 23.90863869849364 26.77271588884386 28.85938509155232 30.9762353404976 33.5931487334071 35.35595571292764 35.88614960926635 36.59946424735927 36.31042370056706 35.63922555299763 34.10789245506628 34.34762800421402 36.12172274415141 37.86611401373418 39.4628480155206 41.02848788258751 41.86029163742254 40.81987869010001 38.06499957747115 34.82621461555261 31.8513174349464
0 0 0 0 0 0 0 0 0 0 0 0 0 0 0 3.25110717390778 2.951576731489489 5.675479901440069 9.080045206106925 11.9910386438311 12.92122309207468 11.44829579907963 14.37717406728073 16.69046627608274 17.49680582369594 19.0992295864638 21.0506421447946 21.5372622812741 21.36456064043441 22.57066999647687 23.25477223002147 23.82632443689798 23.06834674524019 20.56734935501501 17.75343143572759 16.77065769147994 18.2712033051587 20.06921966290987 20.42473988858918 19.29506662210355 18.02622191553817 19.18693110736942 20.9134263211638 22.75864098824919 25.23227414723672 28.48246846069588 31.22512650008216 32.92242712284435 34.84063747319571 37.06774940955707 38.86602060410351 39.12766316580694 39.94081795030915 39.26457993540574 37.52741737831882 36.08603790898679 36.70342260003839 38.52831344788805 40.414906349395 42.04374554344221 43.08439421558207 44.48475750837768 43.97028121922757 41.6344468814411 37.62958551480675 33.60950910040204
0 0 0 0 0 0 0 0 0 0 0 0 0 0 0.9444444080100837 6.547932732021561 8.453534132016729 7.334236351786444 9.64898284160723 11.11043604914318 13.86588478302867 15.55525925887539 17.09803422241657 18.88317618869792 20.69599606626222 22.57590988238883 24.485733763343 24.93405514972183 24.62156551051462 26.04445782769642 26.35413200085202 25.25023503299722 23.36082886636027 20.83933069817223 18.94861950987826 19.23191134012954 21.7652962407485 23.77180085469454 24.15247032570589 22.95351483426487 20.68468727733175 21.95178212556498 24.03226270241468 26.59813702274613 30.00982584719829 33.07215791994639 35.15296802429579 36.0932963196603 36.72628144298128 38.41444975789475 40.18457469616043 40.81486001475125 41.66643272853516 41.4953556051031 40.25868947729626 39.03440552270423 39.49938073746163 41.27660085987694 43.27289459950616 45.45047491278184 47.39209147558429 47.78853855482422 46.91344049681551 43.96666723010274 39.91608014780976 35.92947942974877
0 0 0 0 0 0 0 0 0 0 0 0 0 0.7397279604628711 7.303836356026859 6.547932732021561 8.1165831496004 10.46045339001439 13.28815242131731 15.79583246307746 17.16397490436316 19.07133218244116 20.8068078721079 22.45857010576031 23.57924977123245 25.19493631016445 26.97132302115085 27.17465815314425 27.05763639050206 27.56055117847357 26.8848771377708 25.10345068625185 22.470399534982 21.1626345392112 21.28983310036958 23.17027635768348 25.9045084714221 27.99985119882157 28.49716068936558 27.66518584186406 24.78951033644845 25.65053272594356 27.87415594719 31.03234020889451 34.26691112944226 36.87908402048607 38.09091020540315 38.40226910030367 38.16943554394487 38.47360804483204 39.91211668430672 41.1061229074987 42.15527821814464 42.80352688431633 43.16856911131391 42.38520701620953 43.30951205086608 44.61530125363608 46.43936093669516 49.16718091147899 51.53636246274028 51.55833804620426 49.29371165894483 46.54266213093071 43.61543311902134 40.28836550157202
0 0 0 0 0 0 0 0 0 0 0 0 1.177576557624422 3.386447936314102 9.492233108007431 12.9489236300082 13.36341834013738 14.72663478575719 17.28467488121107 19.66207152154762 21.29837184195914 22.63956712035909 23.74169362088119 24.9536415095798 25.52599047965994 26.60050091825003 27.96175061297398 28.30902776784353 28.38305070825754 27.86303125170074 26.86785726998409 25.2885313164458 23.73775490229425 23.62462001858549 25.72765430758773 28.37307763451518 31.34823440744208 33.38211566449645 33.66564061665044 32.83430862065502 29.6645557389675 29.21022624589037 31.79466953734438 34.72902075576648 37.20922149208375 39.3541350830469 40.3074769404357 40.24161008774755 40.04532226085131 39.21037234762294 39.5455552462119 40.54032277630745 42.00997873426044 43.46782640327597 45.00622127260828 46.50631900012485 47.45153364681131 48.43632435523831 49.91527416921507 52.52995862469648 54.96852850894195 54.87086816324635 52.63926859398366 50.18981915408979 48.84993641755284 47.12482509166124
0 0 0 0 0 0 0 0 0 0 0 3.891056081160727 5.803473453206674 12.31503195711006 13.49818616626568 14.24628678105211 15.58566360747697 17.70710398860253 20.84234120989315 23.29782576433259 24.72100383777333 25.27168927560682 26.09798444154129 26.84465106272668 27.14754007896919 27.61904186991357 28.70743311331422 29.33283348832269 29.1759796642117 28.85424044947278 28.52752520828452 27.98077846740552 27.66488589335946 29.18044359328811 31.85216758846064 34.98050408735421 37.69161316332688 39.40178292769228 39.45117708511208 37.83780472777721 34.88311545490525 32.54871642649987 34.75272510623626 37.06214685219413 39.25417532888774 40.79794776878219 41.94936487633819 42.49854446865213 42.18152261177548 41.22948798043418 40.22889132385816 42.08546301511916 43.70793679635535 45.75733002756198 48.13192507174514 50.12678588229785 51.13107586847049 51.88627517214329 54.02230682249088 56.5334415880705 58.39645360357108 58.30151304864301 57.12717585264933 56.4582317455033 55.35497560465364 54.305077125553
0 0 0 0 0 0 0 0 0 0 0.8223787472657275 7.078640302027279 14.47736762997607 15.04727258564213 19.10103682162718 18.71999099724951 18.93754237204011 21.60589690236366 23.91583858189611 26.40519607112719 27.73795353444956 28.00517154008792 27.63874905043125 27.65643096988684 27.89439672573102 28.40971444893589 29.4241764832121 30.55925069465118 31.51690189340833 32.10896420398044 32.79643855899249 33.33065143860735 34.17371443497511 36.47773810388149 39.43071024664585 42.12961088549322 44.26836624495539 45.65147506386806 45.3878963552657 43.0874477307508 39.98545190440942 36.20784984982068 37.07787839764199 39.13114742356513 40.75783368263623 42.13240245119543 43.44450641256721 44.14666126181273 44.34150100269674 43.24936270401987 43.13925766939458 45.35764476216997 47.26645515482019 49.13855267338982 51.34365595132957 52.81884471513546 54.15139528231367 55.82232138130833 58.431519544684 61.31320299367203 62.48935121506796 62.24634729730674 62.5214081945626 63.7684794427479 63.58337379245445 60.77625328478397
0 0 0 0 0 0 0 0 0 2.598252438277769 6.731808107447013 10.92913535068469 17.22060995140809 20.13001432542331 20.14056122381977 21.18837717529211 23.07286593531224 24.72170497209494 26.51991739208054 27.97349822247072 28.96757171615252 29.16150762953457 28.37636702032303 27.97019619764066 28.91382010741604 30.56145299637421 32.48056807801535 34.35652146616687 35.71338520548857 37.2475013355972 38.67006103585062 39.95364023000282 41.76564385911612 44.21718817101451 46.76632685191507 49.1215102960854 50.58987469729394 51.61433626810528 51.53640136522869 49.5638387578003 46.00077203730158 42.15470581761657 39.24353752929213 41.01236895531105 42.66753547269798 43.75177411344711 44.70878707096433 45.63608537875987 45.92747336899186 44.91467262827359 46.15546690408895 48.58250392945547 50.52575008823595 51.95829850553149 53.60184929406096 54.93375108319042 56.91116073325927 59.95997590111888 63.12015729293065 65.42257587965551 66.20042391577672 66.23001060074927 67.55654678014776 69.6709121783181 70.50643543443601 67.64532458795691
0 0 0 0 0 0 0 0 0.2234826945621222 5.946104445193002 11.46179845066878 14.62905779719893 18.44350878982628 22.43142391428727 21.96765929029667 24.01270381649346 25.62292326272818 26.90317014486518 28.15469896370306 28.68119937317369 28.82896313058317 29.28145510194057 29.4525444888561 30.08656294325764 32.21123954441488 35.23184123090716 37.880350557024 39.93327644713817 41.76516444719417 43.4103284417526 45.28029498474344 47.15175878232183 49.27780816467662 51.2905562746819 53.42923938275683 55.45298453590539 56.69203991918601 57.40582457995236 57.50021650288097 55.82069618123751 52.67898000057053 47.98289139526309 42.04555432217571 42.57725341245042 43.8598822579681 44.77191692911254 45.83385034883929 46.43714974127144 46.70288237803016 46.7805486413739 48.71353414896227 50.88968996672966 52.29972103853802 53.27815977982442 54.58611502246867 56.13157313059783 58.95962172180203 62.7940122834064 66.27993141488221 68.64041494738161 69.59154588540746 70.54765359410759 72.14437192375333 74.22873410763155 75.1901177220671 73.19563292367523
0 0 0 0 0 0 0 2.292413611656877 9.042655499808451 9.042655499808451 14.95536426627014 18.1684092585793 20.5505844326082 21.8252993062439 23.8113907433593 25.60909070295959 26.99675839547595 28.31290975456935 29.47425041668861 30.3867060994748 30.65050989165728 30.95392392433656 32.61810453249565 35.07468397533411 38.28929242099071 41.68699708656897 44.57839519425701 46.72857398753185 48.3722024896854 49.79880091872229 51.54028975389245 53.5925184545356 55.52782180345731 57.42153528080606 59.17379334420627 60.90356582670254 62.50521969094609 63.27636758510008 63.35185749277031 62.13032258054409 59.33733775533072 54.77297091972147 48.46719329198481 43.22355864224278 44.15443350903173 44.99257710000231 45.46613724388819 46.22525408125926 46.4298545566653 48.3179129849857 49.70838402325307 51.20062854121372 52.25306705114789 52.9442322582786 54.57555473245002 57.35043111566807 60.75281703262993 64.96319049275402 68.80103835259841 71.65179276109573 73.73045597313912 75.50088499637754 76.74928350964991 77.82744789679103 78.39430292155899 77.01091853697697
0 0 0 0 0 0.4006767596524123 6.395560220962332 8.375573466946687 10.25797831048846 12.84039555608131 14.51468762939 20.65510178634869 22.08158139036507 23.27582898566393 24.98894548308738 26.29817655788483 27.71924602416522 29.33631624899268 31.33814415442863 33.24598842805521 34.66141166604081 36.4185922767909 38.82347337751928 42.0187408726494 45.31780133450476 48.55702113565309 51.43159898436554 53.7009028415632 55.14688720297121 55.89576055573813 57.14018721942822 58.98264544378063 60.79631067410001 62.3955690609185 64.38096185638372 66.42322441019334 68.49036244820769 69.88691044951388 69.97615702348654 68.7870853669054 66.17355438579935 61.56032496755462 54.99247936290986 45.78391476729009 44.06822164304621 43.67090176856112 43.99929784830945 44.17769314648561 46.14570672866065 47.65500675710768 48.71787607757307 49.64432644182148 51.07595593943565 53.18673066297593 55.48718538835468 59.38783523042623 63.41852591734133 67.39708634106951 71.29085751153218 74.87551255222002 77.88589060733234 79.90573591994131 80.58577602036793 80.55421363699794 80.2686865169306 79.43617439051144
0 0 0 0.7142457896172788 3.553662571084941 6.493098718239122 9.6461065344893 12.80998549359193 14.49059420087579 13.71450767883438 15.59246187014294 19.41909934664296 22.86676695692782 24.59943160993316 26.08889047948869 27.33956449793469 29.29145308597834 32.10480286343798 34.74975837115749 37.85293184463291 40.63952047312983 43.47956909937809 46.4438799851392 49.19839989455824 51.86397603836441 54.67635532411933 57.58609004524013 60.1249319857254 61.5920144645215 62.35187600790788 62.74574472694824 63.61240617796322 65.087274074853 66.86356955798855 69.29313471281941 72.16674692698361 74.79409790726959 76.70528654077383 76.76203640429918 75.44458374000443 72.60528048918933 67.85151596758641 60.84174829394878 52.25238095451363 45.25689532090381 42.91282702784069 42.76009810688335 43.49356907052266 44.82563954028822 45.86535704567859 46.68194263909135 48.57486404547178 51.30481356485347 54.87272331891084 59.08001837357 62.66506395055247 66.23492001438298 69.5378831218855 73.2343990125724 77.39030298861306 81.04235960158465 83.00025696712039 83.10533794513745 82.64875760878739 82.05405960280298 81.4391123353214
0 0 0 4.7058293692809 9.980187625342923 12.5216285931265 13.58304658406471 13.83300017697958 14.86796560252985 16.62887385517757 18.60225666679615 20.81103739997257 24.10256858425346 26.42494306380476 28.31895477846593 30.14282154625582 32.66519325634635 36.2911851837325 40.03835291930116 43.7254004931164 47.29654311111896 50.19948512922352 52.76830648193496 54.81331221817329 56.83934197100075 59.57696390635797 62.63142824713209 65.5053746203011 67.6562871340392 68.72961629452978 68.84722618270959 68.73135551607865 69.90211480002115 71.8768907298835 74.41287001729982 77.77236737350071 80.89695367623069 82.61526747394728 83.0299142448622 81.57321875371059 78.95622790970232 74.13367366955016 66.99063721293361 57.79945064333931 47.25184560323257 43.67903128899553 42.9824953925017 42.85073827687422 43.68820629301803 44.4715907759011 46.2873474878017 49.68854308590051 53.98221374735758 57.96050740720127 62.35736791175112 65.99057635467497 68.36365055137564 70.77719225577864 74.3376670847768 78.7601217330763 82.91577834402131 85.13675842090851 85.43897017894518 85.11370885970842 84.2130496154312 83.77581453331189
0 5.082821585603326 7.917729743019974 13.64266275714639 13.90508931903375 14.7097755226956 16.79851590392529 17.03298118742561 17.25095084677019 18.81367153360853 20.79838772658178 22.9277285162479 26.01482484015307 28.85760817287829 31.9032764015048 34.57220314083408 37.44778041285255 40.83496313206568 44.76453676494569 48.83311759981234 51.9255903105209 54.62787124075195 56.82731058194292 58.47849473085627 60.46050523166774 63.61465883279457 67.0759535220775 70.46579714434615 73.11740496506748 74.73014981909542 75.0292559075579 74.8530241712976 75.64496642108705 77.39456918662121 79.73989390456509 82.87829221477027 85.6803034938 87.35773031373662 87.96072675619776 87.26702715727683 84.82497082872676 80.28815291682409 73.04592314698692 63.40812264086154 52.95476103146856 45.29401212683678 44.44853406902031 43.8261471598976 43.95977230573703 45.07505804576214 47.49399637052375 51.78783244880891 55.86601453117326 59.55458765635039 63.5007541603121 67.13098646871983 69.01660562684573 70.95467080284951 74.25231607229766 78.87265588458339 83.59607251865209 86.51233157713195 87.59465203207752 87.81811670275411 87.96377217373069 90.34719974450368
5.762228496131715 8.47812694060932 13.28962874301284 16.00249939759426 17.6435047808094 18.53294556773354 16.95919714293199 18.5899210189039 20.12135828789562 21.73098839273998 24.01962206627337 26.39981250640868 29.95568127659824 33.4644138970744 36.42933669318322 39.27805854861197 41.36239908509596 44.31961282181015 48.03468673945375 51.53966259583797 54.59019528796614 57.14991849697 59.48733969163004 61.70365361369463 63.96872110809903 67.41241921696968 71.25173025862021 74.97908294568086 77.86016382425719 79.63068151950364 80.48256285573324 81.01288429950348 81.47598028721319 82.49390599051888 83.9306635347201 85.9947234087481 88.36945751387402 90.00112419025641 91.26550016770261 91.40702925481536 89.59505487957489 85.12377443694561 78.51102445263534 69.90897790119267 60.17445016896551 48.95015010738562 47.70439985415744 46.74741849055853 46.57085004973823 46.67935033075243 48.77431031985392 51.97373262383794 55.27103080317848 58.71247779510973 62.49900858363777 66.07015043329149 67.9928274053684 69.74322037867763 72.99916517814923 77.64359962008923 82.87666793044041 86.86115175767802 89.3550257163466 91.27095350200418 94.68425906671769 99.88189460600211
10.39153154126058 13.92147374894666 18.45846245631557 19.56273920891844 20.77493387314545 20.43811887787827 21.33683239398264 20.27858022032798 22.44210243122296 25.07339284498082 28.24819387863018 31.88812033687915 35.67522458341422 38.73837178265621 41.46632684085223 43.26605658407636 44.78296655364385 46.69935817730286 50.06983184700992 53.27601248279876 56.1544257162104 59.09318112374824 62.07527822856611 64.92965876042942 68.00688658340184 71.68522344157923 75.63592498533947 79.3542476734409 82.16388128881583 83.85593461740926 84.92347880752469 85.71717452445876 86.32912362294275 86.43442640315224 86.76392427523375 87.59527324955693 89.29542951472244 91.54771795045397 93.29972537372959 94.38674233287547 93.3823356564004 89.76567685388171 84.38767595414953 77.21356361673551 68.41542317922745 57.99177274572897 51.70114421613062 51.33869825575594 50.36275462928273 49.9668437388485 49.96271856235018 51.73648838329211 53.91939259619267 56.41648851595312 60.44788593577631 63.87377916161847 65.95869113379932 67.65603613700726 70.71197243701104 75.4359061751189 81.00624259818204 87.15051885901966 93.31212724417082 96.68453023515954 100.3804922012865 104.2497406139316
16.94527310946719 18.49261913029468 19.83412201354808 21.45392887503077 21.45123293030394 22.08923466743002 24.72573272496509 25.32384932894079 27.19068482341514 30.04694760482491 34.00807356290995 38.16682099087969 41.84944340294185 44.31406547299815 45.72884622477839 46.58237043872681 47.30299361994182 48.82050950562137 51.26021049892687 54.62968981657858 57.92423578360936 61.09238257407434 64.7074160651816 68.25223902146783 72.06425472998785 76.09194303296026 80.28912901751555 83.84248812053734 86.40804139413207 87.51760452689032 88.25642764253443 89.13384189921169 89.80513219145041 89.89842537960611 89.78538902777647 89.84535376772833 90.70299508269727 92.90534616314893 95.2583181980079 96.86474878586729 96.63130141000372 93.97613749376184 90.09984948616068 84.6696808959029 76.60867417267463 67.38588753684625 58.00209169363806 56.81350548716296 55.29529507176746 53.75977530500741 52.63626306257011 51.71960916934006 53.02088345631326 55.12735802955092 58.08269410922442 60.89178358887035 62.71665359136991 64.94133820454221 68.15435941704796 72.7035714986354 80.85148528496227 91.90268765448917 101.8104541761905 103.9922636017915 106.7714200366782 109.7288239902391
