benchmarks/avaHitNullTest/relHit_5d436948cc_C_null_dfa_pft.asc
ncols 525
nrows 445
xllcenter 272771.42
yllcenter 357502.70
cellsize 5.00
nodata_value nan
[rows 261 to 289 of 445, columns 325 to 389 of 525]
1.525096751399565 1.53238220869271 1.562425698628525 1.612374527320372 1.620388757412386 1.674101261789666 2.834879144681921 4.036305878807295 5.164609378290102 6.320445678130492 6.998902475237048 7.381339161738101 7.679924572677348 7.953761958041334 8.310738972184733 8.328032540540246 8.845465460348036 8.843922953086189 8.484681602682821 7.914580944855582 7.360824855959476 6.945467403886171 6.664292390021766 6.334691000424717 5.769299077270741 5.395681525884889 4.875932974371197 4.274279663377701 3.621438350093825 3.050978580363962 2.795907283919244 2.342957211313584 1.780016213278024 1.516960269679696 1.107279468744069 0.63825263194842 0.05824404648364649 0 0 0 0 0 0 0 0.06787255495202468 0.2723982255024201 0.6294427310113527 0.7615105844607017 0.912629992040323 1.017241280853195 1.087722683466312 1.165165481017658 1.22635720812641 1.277154042397702 1.315314623352517 1.342391289548974 1.336142107306587 1.328220169498911 1.305768979875866 1.344469203075288 1.401732874164652 1.418138910364062 1.326904695222656 1.220463850341138 1.102997506793234
1.605779657965958 1.573769920168845 1.554731451510357 1.563521852295843 1.559313785500662 1.568164067347283 2.232643234960893 3.202915533967001 4.521952616002095 5.586311292397626 6.346879401756254 7.01761909914561 7.664955827577786 8.263026065200833 8.680806786426507 9.10769506275556 9.385949674677873 9.30847984225778 9.004479938888569 8.544524211734124 8.047894266790454 7.700819036757312 7.37089129944754 6.985025071335939 7.039460506398985 6.392919385842345 5.73746477165909 5.175168228777199 4.493882097497854 4.436474078329904 3.920040606231504 3.245596118567726 2.637968619537468 2.046565631542237 1.489896551237865 0.9277333719183015 0.3911367966651566 0.03399582880676359 0 0 0 0 0 0 0 0.08293024965197221 0.3944422280610239 0.6297288628746638 0.7698753309205272 0.8988714078946539 0.9627993568657487 1.060351210656131 1.096657159617337 1.149894912248534 1.175060334813788 1.197135625182793 1.194047878661891 1.179432719829989 1.182044590739753 1.227557497049456 1.333499777822339 1.377067292404744 1.363566194507343 1.235113750866161 1.051100348005642
1.805759384208474 1.779973856047118 1.682316514349189 1.630789236539404 1.616843671039707 1.554820249919426 1.575755440905593 2.636611990523288 3.787441655411003 4.968118626626393 5.753644494259712 6.629110619161265 7.498812709797464 8.039648513490254 8.536332104510464 9.26278352748009 9.542402462547209 9.522245519725812 9.398079431534461 9.137382355606137 8.732090961935473 8.329420941515178 8.189101691132421 8.204183795611987 7.843496641814537 7.022649920734507 6.418334364061042 5.868443345654649 5.476707376269051 5.635226598257018 4.823324617825943 4.16181256800988 3.389648855947267 2.581086001316869 1.873269622523404 1.239354903237565 0.728926080255984 0.4558117109571005 0.1231188310493938 0 0 0 0 0 0 0.01335085504619539 0.1943205220692902 0.4854056084075106 0.6025391542203828 0.7661988521959232 0.8484078404912071 0.9403683310799169 0.9836657508117309 1.010655553587708 1.024721465593473 1.05408031522572 1.039648311612977 1.053734174107132 1.101752053911991 1.155244246899525 1.234553911616098 1.317212340492512 1.317639643246893 1.192602997776566 1.026396496220204
2.202565786344365 2.071893102310871 1.941514383380745 1.870304740679902 1.75300344087045 1.650241477618804 1.608216140188774 2.286482482947882 3.236843559700376 4.566604481898522 5.36528310385948 6.345421084872783 7.27801096604212 7.754594532765998 8.273511538344687 8.918718227810228 9.304398958519663 9.547635207499658 9.664605619709459 9.538549506700448 9.231993092385599 9.034968099499647 9.133346491840896 9.169360505132319 8.337246201575319 7.468617645316308 6.828021187913835 6.451322740261655 6.694041407181156 6.499266218204189 5.572330586922632 4.809591366243642 3.864390842531801 2.993406122324142 2.229065315006819 1.62200610517209 1.068246361605865 0.6350351699325738 0.4994391591609836 0.1876796349836758 0 0 0 0 0 0 0.02693594922933507 0.3074669196919289 0.4767755344201369 0.6416510105452971 0.7229014997029418 0.7881118095768282 0.8931861403039416 0.9065360186475667 0.898955885405575 0.9062366479164835 0.9507587331634142 0.9819756108262755 1.009261054923691 1.062312710878424 1.122301474148049 1.164412061213665 1.196342470823841 1.097836841853423 0.9910838234235287
2.398566981242986 2.264798783413391 2.140816702239952 1.9940599585615 1.88155568819311 1.761314365509087 1.664674469203852 2.115363705803555 3.070859387354974 4.321299976990495 5.118592631754982 6.074956928051321 6.960212932133394 7.400031523051116 7.833025827576212 8.422970654963619 8.803445475043878 9.085063762397207 9.328956129106569 9.419234235619019 9.434589829638142 9.81182834528124 9.87657280245166 9.436492822816398 8.577946313572978 7.745310088113371 7.165257939657494 7.097693403000651 7.688580064911728 7.087159056873166 6.01499422474148 5.146684347723753 4.173906382004754 3.297317535709164 2.681255079007139 2.126885434587813 1.385484226440882 0.9186837767166386 0.6786127961547369 0.4356068628073576 0.1069571249009299 0 0 0 0 0 0 0.03346550255748545 0.264828465375485 0.439421720603966 0.5696682557614899 0.6247326036725109 0.7248748881509827 0.7866398593640009 0.8026188196596898 0.8083659920087619 0.8322908351539748 0.8891847458192356 0.9183617345224954 0.940612710499959 0.9824288671660562 0.9968284256851496 1.003091483665068 1.004157416547831 1.041875492396799
2.294392741236052 2.193344329158343 2.061915891686553 1.985116026719495 1.882832731583391 1.82054486322127 1.69964348771379 2.066636729068011 3.037167638263041 4.297969287785234 4.96587736154787 5.875307226509374 6.600448328526511 7.018994287329864 7.370133983910717 7.867294926687174 8.208817850913585 8.374949671403689 8.534599365438641 8.6981194121533 9.293887292927344 9.734713277209336 9.940634479374692 9.423338639406412 8.592525729001874 7.867648353956327 7.518939468964719 8.027200485088679 8.195870627055882 7.29953607555957 6.121078948741243 5.197232779822299 4.326399010525758 3.625705202772437 3.166392141790212 2.537223144090943 1.642564170185872 1.18809694697955 0.8969668027587877 0.6899898353102436 0.388668344027838 0.0292567158915606 0 0 0 0 0 0 0.01033474727637902 0.1726711013853966 0.3201525518793134 0.3929841400024032 0.5799620133824328 0.6226900972342927 0.7040085284631371 0.7046967962912384 0.7560612720516943 0.8066916615945423 0.8258456700772649 0.8588104506262121 0.8990730443368045 0.8601034394768986 0.8254744586824666 0.9571581575876056 1.19322090507247
2.088610910845893 2.011455945388435 1.946732656569347 1.882258505606345 1.863258852401009 1.759410118933307 1.715001495351504 2.160647968117793 3.199338152469534 4.319787971871415 4.938764096879967 5.742795523448958 6.385384692476202 6.688685573857036 6.917657955319123 7.357454716461757 7.512983817204023 7.515874458132461 7.567550106383964 7.849392479836447 8.577839180904673 9.41352168120976 9.408189952301891 8.970917748477984 8.325460351426605 7.824461530408604 8.138936490485655 8.631260038239972 8.232715852695851 7.160036068051625 5.960030011822808 5.206732985099118 4.44087392651965 3.914193956051137 3.411089062555626 2.633333860802327 1.778517656074379 1.338325698833096 1.120046580721553 0.8648740678251505 0.542189600793836 0.145386414205031 0 0 0 0 0 0 0 0.02735380421686859 0.09070752641612645 0.1273389031359863 0.3461520723628987 0.4261688282003107 0.5855318950803103 0.6495011487198964 0.6609957950528856 0.7537174573654838 0.8212685334118396 0.9233174854144729 0.9100895076556668 0.8279752126459053 0.931059887336905 1.128529911181804 1.151613478066017
1.779358298512249 1.736569754918109 1.725239694924708 1.701422487048476 1.659746673545021 1.663753862352652 1.640191994730933 2.298355890981841 3.556780403701091 4.451081695720031 5.087732395380304 5.819134361640046 6.302955437590524 6.521924010725646 6.640924708563514 6.831414324829052 6.817766937666306 6.663868963798993 6.645425558543613 6.998822587658879 8.122497189367778 8.584132072794661 8.473114656693207 8.124761216008897 7.792580296290716 7.996648775137962 8.542161203366463 8.632088973924017 7.824871654782739 6.775018501246017 5.76267735897023 5.140460411624503 4.592574028558626 4.048760145198862 3.331035560326775 2.393598144367929 1.615774741411967 1.328184061836473 1.13495130854182 0.8980760080430567 0.6131734777587741 0.2326718891226517 0 0 0 0 0 0 0 0 0 0.00323430527901677 0.1575083067282358 0.2280717056564645 0.3811830714689408 0.5518409768016305 0.6403390405198434 0.7790392254859473 0.8315362330700354 0.7941389941728572 0.7877967792392916 0.9044878926745999 1.096898387573279 1.019250060478154 0.9003130494812427
1.450037133216304 1.445941187369136 1.437372601845229 1.477129423019179 1.479907119595738 1.483167751541051 1.509698856663925 2.468064846746711 3.92190927206219 4.662238458192342 5.367509869272686 5.991663824331716 6.406724875670878 6.612404683457685 6.541351725011566 6.35131410757737 6.141325951051662 5.945014131207435 5.901618192470528 6.601629927953424 7.245889431964363 7.369549704452058 7.264674606115911 7.176300227584633 7.360202722004202 7.987782281743161 8.407666066170988 8.002049117516394 7.157616646993297 6.251771009096452 5.555974500705127 5.12054345081675 4.679861749983956 3.987170009247127 3.032329561130455 2.047466788471049 1.473998497763863 1.246041944210877 1.038281345234044 0.8231440025703913 0.5994290621762809 0.2101516478506938 0 0 0 0 0 0 0 0 0 0 0 0.02335831735760294 0.1204726647450913 0.233252186398019 0.475448695176552 0.5476693787122344 0.6559479113515487 0.5698882687077786 0.6787672003125879 0.8265152182383914 0.8966496120145215 0.729539761798653 0.500031310309059
1.236552358756798 1.231053319144945 1.235212847613997 1.236833502969674 1.282750496876925 1.324045925439277 1.57638852683684 2.952908013284735 4.260971512732499 5.044506275606476 5.664737313850635 6.24376238895121 6.631801163991699 6.764700315955761 6.524802413069743 5.962800201536706 5.444843148680184 5.357401229680504 5.696891759397636 5.936156517939909 5.977433651939831 5.96262024462537 6.081813484106495 6.291858920761463 6.90654351323698 7.601027711058112 7.580756473777662 7.006111091770303 6.37709093309625 5.776512111773441 5.472923883854729 5.06131132709856 4.437174229651887 3.607775857442142 2.658165688807727 1.82308601337188 1.474833312508752 1.254057317914021 1.001275067107922 0.7614884958907088 0.5077165977622776 0.1436326297783486 0 0 0 0 0 0 0 0 0 0 0 0 0 0 0.02745543085647724 0.139463154151126 0.2151878922094847 0.3200491495823172 0.3999106237592398 0.6275497992079311 0.4063965276529298 0.1758540747635128 0
1.083215665367726 1.095502466417978 1.065116919146378 1.11778731243195 1.134623771420197 1.449779321477338 2.421872753846754 3.846804957666462 4.803592042690144 5.486290927895051 6.057751620833205 6.525251410550385 6.831377220717666 6.811570904342722 6.422857674818246 5.612448056645855 5.560615097560271 5.335952702908661 5.024962276163071 4.771673058511522 4.627125567647083 4.70846617445712 5.043707087914947 5.566259528977969 6.38429207186125 6.584336918920781 6.33490308465288 5.994659513625121 5.701309748958511 5.48206482106507 5.314941027993574 4.71858154610728 3.917466847184184 3.050099762537653 2.236850201186371 1.699883918375062 1.481282487376769 1.233925021761693 0.9686491491211128 0.7834698045204532 0.4513784809265838 0.113739604583123 0 0 0 0 0 0 0 0 0 0 0 0 0 0 0 0 0.001472563107843558 0.02575757164698738 0.06280950603533919 0.02592161286176989 0.01683101793045201 0 0
0.9905255476248104 0.9947112327065193 1.532567698625851 2.141824196686166 2.782432965839898 3.173813363624085 3.972132344788419 4.812431286754341 5.64579010059567 6.206755247202065 6.549542323501602 6.778847320000878 6.829235039352046 6.559602233776419 5.857238380103079 5.62997093252787 5.034229459196723 4.403619630701987 3.896004631851861 3.587548071942355 3.570545253452944 3.786007919523223 4.264657594328948 5.051158508186585 5.321484219578673 5.175948578600696 4.977550758094289 4.961810826995435 5.031437459147438 5.04412971834212 4.660823074705631 3.986412430697404 3.250233017560203 2.441408666227194 1.812955053928455 1.534142191890989 1.343399642543042 1.114075066980573 0.8910702309309296 0.6417852502717177 0.3543931964650208 0.01949911774604963 0 0 0 0 0 0 0 0 0 0 0 0 0 0 0 0 0 0 0 0 0 0 0
2.084712654214452 2.915206254914573 3.782569443638852 4.527545952129392 4.953278295612307 5.054710968545924 5.251870008444645 5.854551229373489 6.626330851590843 7.057115974335226 7.051663742968786 6.807208260645965 6.441421232502544 5.819925393910387 5.442152729451073 4.71169666812663 3.970447642407926 3.341873980242739 2.889606524369736 2.707959274105657 2.807775274979258 3.35234524216987 3.8374685217222 4.061236110144607 4.127586070681919 3.931416427425117 3.799045932941227 3.962455603429224 4.276374100816784 4.183863743962512 3.755698319330712 3.065315734860524 2.36323057893654 1.795446665894962 1.479072112235969 1.333336474379413 1.105215229225395 0.9679647437508754 0.728112448827796 0.5087057753365615 0.1879856290666279 0 0 0 0 0 0 0 0 0 0 0 0 0 0 0 0 0 0 0 0 0 0 0 0
4.151964421427246 4.848080391846629 5.474210294774029 5.905895020345207 6.085144700664748 6.128791302283836 6.409629266992136 6.905965924500022 7.221771141699286 7.165172006336407 6.766651132939229 6.292864714552381 5.572716635429176 5.123547965972093 4.435816494842038 3.637293049655088 2.9967794534691 2.540263545854839 2.286951396262304 2.324800501841014 2.663994684335393 2.966537793667206 2.982188528694807 3.033587948886761 3.231875658613172 3.150112668020456 2.988563686140423 3.093958731635577 3.273744005480916 3.120617311391846 2.789047567322519 2.12195886754363 1.615437010698009 1.357662395782978 1.290937780106762 1.113262705385859 0.9634978241002357 0.765477882488088 0.5242746514555814 0.3465546030490191 0.007486030986716963 0 0 0 0 0 0 0 0 0 0 0 0 0 0 0 0 0 0 0 0 0 0 0 0
5.968516273775029 6.193926749847249 6.365945454083112 6.510114447464706 6.63346940552896 6.807167026891735 7.109478962838922 7.155560686074378 6.903574832928798 6.446429866656091 5.899710935172547 5.288344454615676 4.880967517003882 4.215544203740856 3.488745347859766 2.844977802102052 2.370832693062798 2.114198687967881 2.030878912242875 2.081055136171802 2.231426372464141 2.10700508771823 2.051831576765343 2.204107072006343 2.522201265136069 2.510800827204976 2.308366754742447 2.252080484753698 2.284624001318397 2.08191112989623 1.695850174446959 1.356973580673457 1.217671870655353 1.093506965947192 0.9968568436528455 0.9265054489912533 0.7447298134304177 0.6075315581875622 0.278150098216306 0.02390728811080411 0 0 0 0 0 0 0 0 0 0 0 0 0 0 0 0 0 0 0 0 0 0 0 0 0
7.158608336474706 7.279512787376833 7.267953047734305 7.332995222928168 7.327734086941486 7.252948926080421 7.008794060715045 6.580700551162653 6.000282223605486 5.439917579918976 4.89223063387722 4.695218479886769 4.193460285720236 3.464950618009934 2.868762824894565 2.445771052453122 2.067715307921981 1.701760583563318 1.706739714246392 1.658066794949464 1.58139121760014 1.353317457984338 1.299388848398049 1.446105477758667 1.584657953611303 1.66140499703977 1.606014931141924 1.395408818043723 1.291432586675022 1.016111819244888 0.8714091264858957 0.8545802663349829 0.8567076706150952 0.8304749205240712 0.7610617060723175 0.6657345246971053 0.5792352520529087 0.2783143918564501 0.03449700566833091 0 0 0 0 0 0 0 0 0 0 0 0 0 0 0 0 0 0 0 0 0 0 0 0 0 0
8.211692106756168 8.336550307826835 8.160847590273182 7.87121375893333 7.468845323179307 6.942194389210293 6.326339311260819 5.726954475650312 5.150746200433457 4.704490289926136 4.663396889977082 4.168202827642758 3.596906717129006 3.016157550706211 2.503387717807265 2.062126270794372 1.613672207371851 1.458512458240601 1.358212677549022 1.234072791076278 1.054617357647492 0.9062346861919716 0.795762470862177 0.7915277106612566 0.8637066365681065 0.8671851918310036 0.8796681053861979 0.6375567828893939 0.3713686360016807 0.3202092140420488 0.4370504022137449 0.4927994137653995 0.4685568547950089 0.440766971116564 0.4197646141277351 0.2474755155758208 0.1847052504955526 0.03757195922671685 0 0 0 0 0 0 0 0 0 0 0 0 0 0 0 0 0 0 0 0 0 0 0 0 0 0 0
8.896372182787861 8.743698896950825 8.199127849570297 7.516485333071638 6.812215711976192 6.099514593978705 5.43727113880424 5.199733192418519 5.199574766444155 4.955992541144139 4.303357523672005 3.659919759929842 3.100576724782147 2.53635809461406 2.014535006653639 1.565463808760795 1.381290055134239 1.1696239873589 1.052914120452855 0.9964975553105014 0.8208036923288832 0.5780274976628963 0.2115504064268738 0.09379325309530016 0.1447226627024465 0.1531082161841451 0.1062175625368703 0.02879408101097937 0.003426783191514887 0.006398331613889926 0.01452170768902071 0.04705916283667293 0.08048711547700929 0.03672461295124116 0.02614224994208222 0.00158942381875677 0 0 0 0 0 0 0 0 0 0 0 0 0 0 0 0 0 0 0 0 0 0 0 0 0 0 0 0 0
9.002293808807607 8.452605599343421 7.676561170349932 6.786499471330059 6.045209260253085 5.41432048631323 5.327320266079629 5.556772295246843 5.200008889850025 4.546320479944866 3.856392902808672 3.173992456495207 2.52421441827578 1.97101635475583 1.632116518071764 1.381833613081563 1.21297352080867 1.06536046676355 0.9371936468895831 0.8622543295974314 0.6382588010645266 0.3925314356942133 0.02168334470329975 0 0 0 0 0 0 0 0 0 0 0 0 0 0 0 0 0 0 0 0 0 0 0 0 0 0 0 0 0 0 0 0 0 0 0 0 0 0 0 0 0 0
8.589328839882917 7.850848565058977 7.008699177755775 6.127774649110336 5.54522938447702 5.555069593868964 5.776411464909115 5.341193710422622 4.669192064417218 3.953862045693191 3.263189611234466 2.641264756623349 2.129271755662185 1.8607066787745 1.639486713297293 1.410174683831215 1.202135298655787 1.068716164360881 0.9215317711120247 0.6666055648106251 0.4951048482874291 0.1017525352614087 0 0 0 0 0 0 0 0 0 0 0 0 0 0 0 0 0 0 0 0 0 0 0 0 0 0 0 0 0 0 0 0 0 0 0 0 0 0 0 0 0 0 0
7.868519183144151 7.184080032756283 6.462378465691061 5.784260850329003 5.854146582031746 5.94086188573146 5.522241845734537 4.855694703195804 4.09424113106476 3.42581797139555 2.889103679779228 2.453369496895902 2.152398993875058 1.919704132870989 1.705656416612521 1.462842044939958 1.195321885076791 0.9245120579057842 0.6744468963496217 0.5060204901885677 0.14768821520232 0.005692835069659694 0 0 0 0 0 0 0 0 0 0 0 0 0 0 0 0 0 0 0 0 0 0 0 0 0 0 0 0 0 0 0 0 0 0 0 0 0 0 0 0 0 0 0
6.957362884568634 6.557821805691134 6.100703507343145 5.974430852411398 5.956839977760635 5.938934374330568 5.596402939831518 4.77969727602048 3.986339408330775 3.290889068625568 2.861397674395251 2.450373138542707 2.048499669321608 1.765094494687207 1.476800625331887 1.206930327449603 0.8247194360233173 0.3276109485288212 0.2417000513325447 0.1155658308349196 0.01064257919473714 0 0 0 0 0 0 0 0 0 0 0 0 0 0 0 0 0 0 0 0 0 0 0 0 0 0 0 0 0 0 0 0 0 0 0 0 0 0 0 0 0 0 0 0
6.004428377078957 5.82749014600361 5.621062043803525 5.662956420137355 6.458350874527887 6.386722694996575 5.719969582982021 4.972310152346344 4.058304549090478 3.137301622420999 2.505781590516817 2.038224379697009 1.636620644230442 1.323762830818134 1.044851233316958 0.7853358697406491 0.380356913291681 0.003990887399587846 0 0 0 0 0 0 0 0 0 0 0 0 0 0 0 0 0 0 0 0 0 0 0 0 0 0 0 0 0 0 0 0 0 0 0 0 0 0 0 0 0 0 0 0 0 0 0
5.013765775863316 4.924094787494504 5.392604008517531 6.517141224876454 6.732803121553447 6.296189621896302 5.746932566878575 4.957523366335024 3.903577295088879 3.242280626803156 2.83274096640197 2.308320730788604 1.779029272909978 1.351743006923913 0.9706952265304033 0.6624579751052437 0.2364364046685912 0 0 0 0 0 0 0 0 0 0 0 0 0 0 0 0 0 0 0 0 0 0 0 0 0 0 0 0 0 0 0 0 0 0 0 0 0 0 0 0 0 0 0 0 0 0 0 0
4.11288290861816 5.009893122906354 6.001923833292117 6.485255694483042 6.375527963337356 6.091684993352755 5.494374755751924 4.639886494424777 3.984224616560623 3.613397690517839 3.070243219686356 2.474906376602454 1.917968192980462 1.401608115663591 0.9855875658594602 0.6110733753971005 0.1367462274607678 0 0 0 0 0 0 0 0 0 0 0 0 0 0 0 0 0 0 0 0 0 0 0 0 0 0 0 0 0 0 0 0 0 0 0 0 0 0 0 0 0 0 0 0 0 0 0 0
4.190348483854181 4.964826391818999 5.614060817067102 5.943284388797784 5.925312333212658 5.644871478849502 5.091660155352872 4.371570670082012 4.182099815329877 3.716978518616785 3.095376918554964 2.501740860404055 1.917142530383001 1.405714953249883 0.9413414497596038 0.4910110360958997 0.0962554264046967 0 0 0 0 0 0 0 0 0 0 0 0 0 0 0 0 0 0 0 0 0 0 0 0 0 0 0 0 0 0 0 0 0 0 0 0 0 0 0 0 0 0 0 0 0 0 0 0
3.789270330528738 4.547037494839236 5.107416868906508 5.391271321683504 5.346376697970518 5.021227278325968 4.494806824301289 4.386144842143031 4.141941336845814 3.687849703417784 3.11315154578599 2.462061711068807 1.889245404181936 1.303092595529461 0.8578529221688679 0.4098732346983441 0 0 0 0 0 0 0 0 0 0 0 0 0 0 0 0 0 0 0 0 0 0 0 0 0 0 0 0 0 0 0 0 0 0 0 0 0 0 0 0 0 0 0 0 0 0 0 0 0
3.480898009572811 4.237580776158913 4.657227820362963 4.790681145850707 4.630353171169533 4.312241274123624 4.329751598126816 4.277481784577918 3.958437266215501 3.529320278188456 2.919753871275153 2.38287335280486 1.74221491837651 1.083259893214119 0.5568457405664927 0.1316539455849937 0 0 0 0 0 0 0 0 0 0 0 0 0 0 0 0 0 0 0 0 0 0 0 0 0 0 0 0 0 0 0 0 0 0 0 0 0 0 0 0 0 0 0 0 0 0 0 0 0
3.303298549326593 3.783072423679298 4.028939350245923 3.991479286229466 3.81673441573438 4.01686169204732 4.097040569487514 3.937646780481102 3.564116763045309 3.192873876284546 2.619939347660047 2.079303259582415 1.553540727392777 0.8347732339303688 0.1947989902254845 0 0 0 0 0 0 0 0 0 0 0 0 0 0 0 0 0 0 0 0 0 0 0 0 0 0 0 0 0 0 0 0 0 0 0 0 0 0 0 0 0 0 0 0 0 0 0 0 0 0
