benchmarks/avaHitNullTest/relHit_null_dfa_829589904a_pfv.asc
ncols 525
nrows 445
xllcenter 272771.42
yllcenter 357502.70
cellsize 5.00
noDataValue nan
[rows 261 to 289 of 445, columns 330 to 395 of 525]
16.22764846184691 16.33493091858917 16.41904711431742 16.51495289625991 16.56557907674122 16.59406878843556 16.68235654959713 16.77283129285783 16.82716493906586 17.02472162486321 17.24292024713952 17.29863157203801 17.13979650571141 16.89450816614331 16.65693015453432 16.45185811508677 16.21975015776905 15.83690273465922 15.241568734329 14.60575543582383 14.06385791766216 13.59065196694013 13.27888425784251 11.68005606754166 10.40460408071712 9.279817384807155 7.951483019338277 5.913778419083392 3.572498488874693 3.082454532447941 2.41784025305887 1.981792396059364 0 0 0 0 0 0 0 6.786349251400042 9.271414995273275 11.08245879794008 11.68419916976016 12.77151276025454 12.98905289335488 13.2415655823521 13.39408723912986 13.60053327397683 13.49626842306367 13.38862732649986 13.34025971133148 13.49733673733721 13.58869392949213 13.49886562394664 13.28636193857339 13.15239782415454 12.770231400908 12.43960956492636 11.83156458943143 11.14718953991167 10.84895939461014 10.63004552690202 10.19154852185566 9.598045769121725 8.999832231307519 7.881847712631489
15.72651359757444 15.87173366623245 15.97796370488719 16.12253879657965 16.28970244626258 16.47992635066371 16.60235859779108 16.56593954802229 16.512809254857 16.61288451791107 16.81569238291708 16.94111936719193 16.93549319180337 16.7903588590258 16.58319234278277 16.38411640369886 16.0963629873384 15.59724916419992 14.90104149579878 14.29710511878516 13.9006362145783 13.46432292153538 12.74330674865741 12.3119225780355 11.35824677625902 10.71339775071646 9.702059146393175 8.131503987455838 7.399859332319491 6.390566373493879 5.486453591278895 4.678965949448822 2.946318391369505 0 0 0 0 0 0 0 6.500358256895545 8.701123819112354 10.3818915595924 11.37639549632662 11.56282653931487 11.97214373898159 12.38222440001255 12.44284085643848 12.47085040721706 12.41330393206433 12.46517513007103 12.60076431899079 12.76239036092847 12.86902441155171 12.6769163480331 12.3973054643797 12.21823967318057 11.66005854666515 11.33438432991093 10.76497950285276 10.24073353529549 10.30184550866691 9.969987461749541 9.497859966857487 8.227178768357579 7.336809972613406
15.35004302843164 15.48902695139745 15.67905519010854 15.86430554161362 16.08170207856289 16.35897947970661 16.4751892801231 16.33647189925951 16.16100410536786 16.18489433130148 16.34774767282136 16.53937272137053 16.65950912599206 16.61385870013928 16.43848174272936 16.1931744878436 15.82326098303922 15.27179357002102 14.89291245959848 14.37281485143534 13.9006362145783 13.46551179573511 13.14337905675376 12.45591197697361 12.09235741663882 11.15943257759885 10.48112963475895 9.374803316714605 8.585317330469874 7.871933575565374 6.811783267176955 6.325557159959147 4.48577592266582 3.064764555412345 0 0 0 0 0 0 2.500770439018011 7.123506766112365 9.183690618521732 9.296590661148558 10.32959721255454 10.60977652938881 10.96964305938475 11.32706454377393 11.38430378690459 11.47026148297905 11.41356735891564 11.73800799669675 11.70464945697485 12.05055786680034 11.82952489872681 11.70625625962772 11.31344835987538 11.02531682813004 10.60346339525328 10.25540055095419 10.07193408303578 9.782617043549296 9.729237739887868 8.431428037039751 7.754054087234894 5.835026762312518
15.24339732737198 15.37362538038345 15.57485608689284 15.77606629178345 16.02652601530017 16.323906108801 16.38014494174674 16.11325577458937 15.82764026694513 15.72976764628532 15.80720257185467 16.04433196468309 16.26193252556333 16.28772053171911 16.13598980052502 15.84740557631821 15.39722614711006 15.02076384971613 14.77950158778495 14.35803040036663 13.91354954649975 13.6292724635544 13.21812058838956 12.66460134225912 12.09235741663882 11.58656004513757 10.8441607095762 10.13004019137149 9.158720272069459 8.556065440311409 8.110621525209096 7.465772661829513 5.885970778744072 4.762983456369986 3.234151705465608 0 0 0 0 0 0 4.003681420505303 6.134418061239494 7.892989158073955 8.921466696292143 9.011593244459375 9.822444191296578 10.05872258694687 10.32967650862562 10.52165799515495 10.62187111303876 10.76762228397796 10.97103495153712 10.97685499901042 10.96496688115716 10.80166008165354 10.59973923383732 10.30154317070663 9.978451434087868 9.827153154922453 9.840124018818985 9.275637968442995 8.617636451570492 7.854580423006633 6.186078495868747 5.549561037916046
15.40757746586886 15.56753547793018 15.75745659895264 15.91933776863188 16.11363445448759 16.33243403508053 16.33691164756575 16.04033211518418 15.6790139937867 15.3747007394036 15.26756652916436 15.39048256545783 15.57318454031205 15.64219789581758 15.57004494004498 15.3688723720218 15.01109594510634 14.95888314580326 14.4878049922015 14.26156576309162 13.90684233475414 13.57787868425262 13.30663629892712 12.86693898669028 12.40482636775733 11.72058332820294 10.8751103311638 10.13004019137149 9.57129885646305 9.246878500323227 8.758298962821145 8.043497200238701 6.646000354577826 5.589263078852489 4.417464134524828 2.989788341130797 0 0 0 0 0 0 3.297293647447505 6.204666819192312 6.652713534950704 7.651191471686086 8.578620908282282 8.609832371440843 9.231236816317024 9.453728177487559 9.666775680423436 9.814832189136149 9.99623465900584 9.959850539398467 9.856781293088606 9.713527823864528 9.626369034615605 9.625971935053402 9.516339008801477 9.464999573799963 9.328842795034239 8.825758160263639 7.668364539676237 6.73830681425538 4.922884524196317 1.98227917764625
15.74933224990262 15.83834997158116 16.00085456452032 16.14923304644848 16.30908760371828 16.47303454108843 16.4215549211995 16.11208116645324 15.69732126593365 15.27685277467918 14.91859645471707 14.74793507918573 14.76655286714419 14.81917627732112 14.81273936031553 14.69195518687575 14.47621188511025 14.54652756682586 14.341872013537 13.99829495318064 13.61545514757683 13.53032955039861 13.26775975647609 12.92709710386336 12.40482636775732 11.84987841534972 11.08297045268324 10.49021534572934 9.992338974066666 9.508449901480667 8.781515951462714 8.049608715537913 7.215634497833917 6.247179255498028 5.33303393921577 4.113960582866366 2.446502405572185 0 0 0 0 0 0 0.5963119312687176 4.824909772479419 6.130080839980695 6.364876966172323 7.417733361647773 8.087033241316959 8.229033682385591 8.797879995829794 8.852766631307032 8.972688442411744 9.023098735576351 9.089225853768189 8.93108546042739 8.711021162955793 8.78435121490771 8.895149089948488 9.078119105103234 8.763551009419254 7.756945991339297 6.991404328128978 5.634908438867444 3.800815660476616 0
16.19112202639587 16.25643948924443 16.25624739304258 16.37051018097883 16.52481974668599 16.65736177906419 16.58416306332455 16.27946598537973 15.86347758163718 15.32500732901468 14.736464821825 14.23710443883897 13.98476924379033 13.92757567401126 13.9261301023806 13.93895236717004 14.07993398348579 13.97204840261496 13.9279988899448 13.65016925981299 13.61569404220336 13.3771259240468 13.16570019472237 12.79820826490212 12.35805392663881 11.68653524810729 11.21328333251003 10.5531012949151 10.17503151005036 9.90624688802947 9.173321427082334 8.341502025477872 7.560267219373586 6.645014988159132 5.706028754075635 4.563763839137797 2.446502405572185 0 0 0 0 0 0 0 2.083508851007209 2.95398655160661 4.740480411977583 6.274025950788006 6.274025950788006 7.314538164558257 7.586074032964143 7.854144429824204 8.003707920694811 8.17701546008076 8.220368351779713 8.0015895652919 8.072461238122424 8.227794051616589 8.29897763082246 7.862940575290377 7.579231855275716 6.719681368292773 5.924702264035532 4.641679739715185 0 0
16.58989701543807 16.64862181520998 16.63972174523303 16.62262919757922 16.72728109683412 16.82535359196025 16.72285525723014 16.43579300864245 15.98215713647675 15.31216877068127 14.46770097056469 13.61832503339186 13.04173640721014 12.7798944211201 13.12129544643405 13.12129544643405 13.31181197068697 13.29569151575989 13.34723833352684 13.12451660208797 13.24655801273869 13.08316904463466 13.1099966696882 12.56877685177508 12.12169431978681 11.4284391491269 11.07450828517834 10.64829441449053 10.44961295936399 9.841095028756868 9.173321427082334 8.324522795662357 7.560267219373586 6.643239865281692 5.671597929454742 4.514733339534064 3.063993210238815 0 0 0 0 0 0 0 0 0 3.199757968669239 3.959807717266865 5.131478451317731 6.135666751833012 6.135666751833011 7.046759970687385 7.046759970687385 7.037606129658697 6.911100444253744 6.987925095946008 7.183588839423022 7.299196234418512 7.258663212054192 6.703042859748622 5.833163562444283 5.892908782635348 4.701747402782475 2.377772225414363 0 0
16.93291146524684 16.97991936666131 16.97434573386819 16.97201622340124 16.96141623812149 16.89014186870453 16.78726767399103 16.47901587058715 15.85018400463622 14.81829750367533 13.37823717648426 11.86678955779091 10.93950289388522 11.05954557213841 11.89192219572846 12.19352278822977 12.42664529400099 12.426645294001 12.52241768053694 12.65092497573553 12.73816033520698 12.5629986522573 12.57490531558143 12.11079374949417 11.84595640378484 11.29262590636259 10.95756368257135 10.73713907324675 10.34720657469328 9.700742001747154 9.20164607323661 8.378296877192286 7.481676602179356 6.643066416381757 5.664304692746241 4.476478587946215 3.020576498463079 0 0 0 0 0 0 0 0 0 0 0 3.540390783893336 3.540390783893336 4.858901795852468 5.586147649069885 5.586147649069885 5.521098620601031 5.374012876033943 6.059626335755937 6.059626335755938 6.032043842137769 5.154167376107321 5.065415670750329 4.544494695927409 3.340315684429178 2.34597748871475 0 0 0
17.24095653758441 17.30650621612208 17.32222134094496 17.24819887100385 17.15952723971099 17.00819050964848 16.65140682767011 16.13807557161178 14.93043671370041 12.81800298183846 10.32670029030664 9.437074794432192 9.300967043428892 9.157930096956374 10.12139010689972 11.11728537223387 11.32209870540692 11.68414121802416 11.68414121802416 11.98848343268535 11.99421454837277 12.13026664260742 11.91147528543201 11.62728485668339 11.3684457810856 11.14683391122577 10.96091035590455 10.5887272919954 10.20715773480403 9.435798152774638 8.981919785535174 8.14986493136098 7.241548465078226 6.637419150432115 5.593828507014734 4.257911522174607 2.621153292899676 0 0 0 0 0 0 0 0 0 0 0 0 0 0 2.842025987122065 3.748979129412188 3.748979129412189 3.812021723798159 4.881227445051296 4.881227445051297 3.987237501895729 3.554699657910041 1.638487791354498 0 0 0 0 0 0
17.54628232971703 17.59855091175517 17.60215579220152 17.45896130358474 17.211208898971 16.76956787517011 16.02770563182467 14.7395720436084 12.10675479591091 10.07212478247609 10.00031114889707 9.069260453075996 8.434588296722129 8.279835037699339 8.31619578335871 9.273502246442089 10.25943029862594 10.87937318988101 11.08560143055865 11.08560143055865 11.15389819563239 11.19386031369098 11.17633016391899 11.06824223457681 10.93499628413167 11.01787060043125 10.55419380200063 10.43951089873446 9.764949907252856 9.186581161198813 8.691415506722862 7.802619469560371 7.289682077798226 6.128393854980122 5.167535428554041 3.987663065836514 2.400736194984546 0 0 0 0 0 0 0 0 0 0 0 0 0 0 0 0 1.107674235174746 2.278483653557493 2.382215878982268 1.971211382068195 1.971211382068195 0 0 0 0 0 0 0 0
17.71458447450871 17.75482137387873 17.67588695679488 17.38074724497146 16.76394572555029 15.56080945380897 14.06318694780976 11.17739123707848 10.3732399704753 9.804631647450455 9.038109004763095 8.248391761780939 8.097094016720746 7.02816570272311 6.673411209219009 6.929722004264503 8.601505465734647 8.601505465734647 9.574360111750227 9.948196890096373 10.02054825256807 10.02054825256807 10.26919536880842 10.45720427557105 10.55776535001699 10.45378269617024 10.31988373113069 9.79369627793694 9.358663098571956 8.97855083373638 8.121657390640902 7.441751671982892 6.927462463038343 5.800850996220374 5.024100757660146 3.641975948863398 1.131317088408738 0 0 0 0 0 0 0 0 0 0 0 0 0 0 0 0 0 0 0 0 0 0 0 0 0 0 0 0 0
17.57410981451644 17.56787023688574 17.33002501724071 16.60431796194505 15.20851053607031 12.79423354693653 9.783156855341138 9.583330355275214 9.583330355275214 8.606902971906187 8.213181502908137 7.636288005748634 6.500808980525446 5.901959860604746 5.295601524159079 5.124309253031528 6.095321698588815 6.620511811043452 7.66502933342998 8.233419497901918 8.691421947179711 9.176134319548575 9.203597282940203 9.740660550753848 9.707999280462579 9.862590254494041 9.574716967804186 9.248038959552941 8.756099424302443 8.115238039269697 7.653918523611155 7.164160330949665 6.308524793856525 5.168440903675507 4.666318784352154 3.19589074137303 0 0 0 0 0 0 0 0 0 0 0 0 0 0 0 0 0 0 0 0 0 0 0 0 0 0 0 0 0 0
17.23724137047152 16.98993686716366 16.27046222991447 14.76723111120778 11.96891867057763 8.600196607273018 8.169889669003526 8.142872809305059 7.812098165178577 7.812098165178576 6.38195670138787 6.195370291670339 5.438911767809902 4.585561244902951 4.368276278911467 4.368276278911466 4.528868898194661 5.209426294486947 5.427091101007373 6.426944124243075 7.294490986256778 8.180141279873466 8.586265095881174 8.586265095881172 8.717844264369122 8.746374157356223 8.700970533187967 8.437522357235634 8.090568377821617 7.658094187247603 7.080158391273352 6.06482085470728 5.45541104490371 4.841007507321424 3.422227995634483 1.21588311147032 0 0 0 0 0 0 0 0 0 0 0 0 0 0 0 0 0 0 0 0 0 0 0 0 0 0 0 0 0 0
16.58439384810533 15.86233813344115 14.42443050516284 11.67965993210088 8.374908861517204 6.72441269754792 6.342589571766192 6.160453464218517 6.098732808837929 5.355581941445159 5.48028237667886 4.625208195985473 4.147484229817762 3.749725800577429 3.598682764009252 3.362469955576616 3.362469955576616 3.904463855040648 3.904463855040648 4.544310038098859 5.509394121026888 6.709033175981343 7.182305555316157 7.549643743669938 7.549643743669938 7.532155007261718 7.59107626300161 7.458924144032332 7.148657449234712 6.997982050927643 6.237555545175632 5.32308311276622 4.73479495893005 3.055634768921674 2.062554111215371 0 0 0 0 0 0 0 0 0 0 0 0 0 0 0 0 0 0 0 0 0 0 0 0 0 0 0 0 0 0 0
15.40310861838172 14.11522456976378 11.66507530970589 9.225917206164578 6.014552894538289 4.925594745830779 4.890431501498772 4.369746364679451 4.392749990485249 4.566452380667958 4.679876658357421 4.594361228070528 4.278125453863162 3.78619422261102 3.238091625126456 2.714457839495555 2.282740440210194 2.567604946478595 2.862618884731388 3.408479142750664 4.462316903991742 4.471166080656189 5.456479756270277 5.815826107911269 6.158454639452838 6.158454639452838 6.103815886690202 6.096178694183121 5.985251977273581 6.053175246819 5.520322111914431 4.40387337248073 3.568763355450877 2.310339442767857 0 0 0 0 0 0 0 0 0 0 0 0 0 0 0 0 0 0 0 0 0 0 0 0 0 0 0 0 0 0 0 0
13.52007600235502 11.5801566399772 9.812000245141377 7.185338502355132 5.088956375787168 4.408785331836825 4.405461478321973 4.601385346788172 4.862780548882231 5.036580703068759 5.011019081984065 4.810233208032646 4.512615557622172 4.215018433036125 3.806356033238482 3.40227336816064 2.385703819168719 2.789750740638622 2.693458410617179 2.438356250518794 2.111682374255418 3.028230282212038 3.028230282212038 3.847627697688878 4.102314820325721 4.586091530887723 4.586091530887724 4.394275338118177 4.394275338118178 4.075008692676387 4.011765284686064 3.20693123924503 2.114363447383659 0 0 0 0 0 0 0 0 0 0 0 0 0 0 0 0 0 0 0 0 0 0 0 0 0 0 0 0 0 0 0 0 0
11.01849392320501 10.00824553194567 8.228293781271084 6.068341711211683 4.739427996215204 4.350825396700028 4.437015486220227 4.670965458894102 5.004240997319254 5.267219796384437 5.313112725980309 5.192983216940286 4.952847534222122 4.685285858984413 4.536181504903986 4.00922031349137 3.504270291090235 1.725432016677238 2.173656098827447 2.169666191760602 2.005747769905319 1.759154902072537 0.4731221910704744 0.4731221910704744 0.9101962707207332 1.626235398625923 2.436332626174052 2.436332626174052 1.707814290519859 1.574297744370649 1.163275571316408 0 0 0 0 0 0 0 0 0 0 0 0 0 0 0 0 0 0 0 0 0 0 0 0 0 0 0 0 0 0 0 0 0 0 0
10.44219815518576 8.620876285688533 6.910857110390184 5.357592670129313 4.726843127732714 4.48551674344936 4.432525729484765 4.48866294227651 4.859432038180593 5.36163995777468 5.54326654828897 5.520944898983791 5.383175193860422 5.103975632060371 4.752291687080139 4.044068344857505 3.35961613354929 1.227678612445256 0 0 0 0 0 0 0 0 0 0 0 0 0 0 0 0 0 0 0 0 0 0 0 0 0 0 0 0 0 0 0 0 0 0 0 0 0 0 0 0 0 0 0 0 0 0 0 0
10.27746719018621 8.421113408587722 6.721768245759978 5.630508619192604 5.045366805637149 4.809067528615781 4.783216036245581 4.81130231401814 4.644594387854686 4.567208625415573 5.538479582485839 5.687152122476553 5.627163355143416 5.377047799490381 4.422217028848269 3.94378498440069 1.599562426089822 0 0 0 0 0 0 0 0 0 0 0 0 0 0 0 0 0 0 0 0 0 0 0 0 0 0 0 0 0 0 0 0 0 0 0 0 0 0 0 0 0 0 0 0 0 0 0 0 0
10.17225057237666 8.550027443245845 7.081571828116603 5.988467632665161 5.346144526192852 5.051542321204228 4.978407414766226 4.986855440049281 5.022169685635801 4.518481191133588 3.588301884732236 4.140937840588492 5.07261340804758 4.703600719320484 4.058002227678262 2.639989619110928 0.261119982307058 0 0 0 0 0 0 0 0 0 0 0 0 0 0 0 0 0 0 0 0 0 0 0 0 0 0 0 0 0 0 0 0 0 0 0 0 0 0 0 0 0 0 0 0 0 0 0 0 0
10.00892331730121 8.75654485273694 7.512195708662828 7.087982787570623 5.884494090334266 4.986501638947091 4.807601338941774 4.799165008064275 4.833449225050317 4.617095073292492 3.795319162596682 2.276752824255819 3.447814086386784 3.376812032713351 2.698761265703423 1.135543514749024 0 0 0 0 0 0 0 0 0 0 0 0 0 0 0 0 0 0 0 0 0 0 0 0 0 0 0 0 0 0 0 0 0 0 0 0 0 0 0 0 0 0 0 0 0 0 0 0 0 0
9.954445817783125 8.892704465051601 8.130465751220935 7.391011542733422 6.637889725671812 5.7849311419248 4.595837132123301 4.644382721749889 4.733180587318299 4.730426507198449 4.255345863302777 3.045855897634794 0 0 0 0 0 0 0 0 0 0 0 0 0 0 0 0 0 0 0 0 0 0 0 0 0 0 0 0 0 0 0 0 0 0 0 0 0 0 0 0 0 0 0 0 0 0 0 0 0 0 0 0 0 0
9.743065851489069 9.034351279088876 8.442949303690225 8.015916223741081 7.298764279546087 6.164004820936382 4.747211891067814 4.494048993399539 4.596136943478045 4.727004427596476 4.255345863302777 3.045855897634795 0 0 0 0 0 0 0 0 0 0 0 0 0 0 0 0 0 0 0 0 0 0 0 0 0 0 0 0 0 0 0 0 0 0 0 0 0 0 0 0 0 0 0 0 0 0 0 0 0 0 0 0 0 0
9.79059561832768 9.241327779422642 8.638184535815823 8.015916223741081 7.298764279546087 6.517124427099267 5.224847394654389 4.139325959719827 4.205360650349066 4.249506044874183 3.93638591282078 2.508495957638689 0 0 0 0 0 0 0 0 0 0 0 0 0 0 0 0 0 0 0 0 0 0 0 0 0 0 0 0 0 0 0 0 0 0 0 0 0 0 0 0 0 0 0 0 0 0 0 0 0 0 0 0 0 0
9.472415100925557 9.23338258336862 8.692440864159106 8.169613131583061 7.594280724286397 6.517124427099267 5.688088699972004 4.587682995031089 3.73892527048847 3.802808747289419 3.936385912820779 2.508495957638689 0 0 0 0 0 0 0 0 0 0 0 0 0 0 0 0 0 0 0 0 0 0 0 0 0 0 0 0 0 0 0 0 0 0 0 0 0 0 0 0 0 0 0 0 0 0 0 0 0 0 0 0 0 0
9.202236275002791 8.828676327917494 8.626961950483629 8.180433929206954 7.594280724286397 6.848809148701068 5.804751316828737 4.587682995031089 3.317796547026343 3.114995900944866 3.2020604474161 0 0 0 0 0 0 0 0 0 0 0 0 0 0 0 0 0 0 0 0 0 0 0 0 0 0 0 0 0 0 0 0 0 0 0 0 0 0 0 0 0 0 0 0 0 0 0 0 0 0 0 0 0 0 0
8.665451055300323 8.651225670182864 8.359434211757678 8.13454706498022 7.57562836737555 6.785032444805358 5.986269691891946 5.066868667435867 3.52190410085378 2.499236259985181 2.487461351593315 0 0 0 0 0 0 0 0 0 0 0 0 0 0 0 0 0 0 0 0 0 0 0 0 0 0 0 0 0 0 0 0 0 0 0 0 0 0 0 0 0 0 0 0 0 0 0 0 0 0 0 0 0 0 0
8.488892172617575 8.279912919578049 8.113523472356528 7.778597950112785 7.448695034153942 6.73052125821784 5.895321486234987 5.066868667435867 3.561858438068778 1.329515240274249 0 0 0 0 0 0 0 0 0 0 0 0 0 0 0 0 0 0 0 0 0 0 0 0 0 0 0 0 0 0 0 0 0 0 0 0 0 0 0 0 0 0 0 0 0 0 0 0 0 0 0 0 0 0 0 0
