benchmarks/avaHitNullTest/relHit_5d436948cc_C_null_dfa_pft.asc
ncols 525
nrows 445
xllcenter 272771.42
yllcenter 357502.70
cellsize 5.00
nodata_value nan
[rows 203 to 231 of 445, columns 325 to 389 of 525]
2.890535700745754 3.075212251558552 3.267270911128764 3.447275241230721 3.368852162334455 3.178518225028244 2.89257446296046 2.596589503419321 2.472659600930321 2.28737256989483 2.015421625082399 1.814336060343995 1.555897001364962 1.397678967744594 1.304899150618307 1.246870998584168 1.217569890667105 1.188378446033588 1.100131158673117 1.187323092479445 1.345133373221165 1.508096530305369 1.377329644213055 0.6104970490487599 0.03370398792379511 0 0 0 0 0 0 0 0 0 0 0 0 0 0 0 0 0 0 0 0 0 0 0 0 0 0 0 0 0 0 0 0 0 0 0 0 0 0 0 0
2.748452670125504 2.994208248777309 3.111147009686824 3.194987249830429 3.249018159953848 3.148481847799122 2.907327465791228 2.692749713423996 2.550316533045258 2.413424371733392 2.227865799630933 1.977068765420001 1.751748849311724 1.538537418818522 1.339354819302578 1.272686200802062 1.211510978417967 1.171917848822317 1.170751450074888 1.085757384561183 1.314494402765921 1.599960187643934 1.668903109443801 1.102988565730896 0.1944122388415241 0 0 0 0 0 0 0 0 0 0 0 0 0 0 0 0 0 0 0 0 0 0 0 0 0 0 0 0 0 0 0 0 0 0 0 0 0 0 0 0
2.523225960634544 2.795564567528693 3.093420995034633 3.254460860127501 3.142580457370399 3.017002557228468 2.912276477948817 2.717205175615845 2.605468762602207 2.502294110678138 2.366858247263532 2.190314534941942 1.93306608693711 1.725738582199169 1.520708726100197 1.338435443567834 1.237903766566561 1.192035667749249 1.128798496630151 1.218581735911696 1.18906326911832 1.449795924240167 1.805279151340103 1.582518463507361 0.5935091332618764 0.02486142267749301 0 0 0 0 0 0 0 0 0 0 0 0 0 0 0 0 0 0 0 0 0 0 0 0 0 0 0 0 0 0 0 0 0 0 0 0 0 0 0
2.136228363177636 2.613612917514759 2.991187254539032 3.258695825056086 3.255299431967113 3.139407478721475 3.034967007759636 2.906792341153467 2.670606483824947 2.599055160058071 2.469493267090656 2.362447749161253 2.163037639522322 1.873960414231326 1.693183568732888 1.521468848327405 1.354933675924918 1.239236599084947 1.215961821387665 1.196335208738055 1.225632511036371 1.344223154277165 1.665566920682804 1.864764277856684 1.171044157017214 0.1732454299360326 0 0 0 0 0 0 0 0 0 0 0 0 0 0 0 0 0 0 0 0 0 0 0 0 0 0 0 0 0 0 0 0 0 0 0 0 0 0 0
1.696854499180963 2.214768640233145 2.727314330216599 3.109048147126961 3.296980148066437 3.294301308758556 3.190398871156814 3.087406940030362 2.915268867964049 2.697715040239739 2.589786151484091 2.454369344324927 2.304142189141805 2.120453700032082 1.860097127058038 1.669139587135729 1.508860934247656 1.396140555203109 1.246282280980095 1.25177350614556 1.22825487135991 1.250229325763369 1.522326831802087 1.830411973262799 1.775784550390852 0.7177462619922169 0.0288012212788512 0 0 0 0 0 0 0 0 0 0 0 0 0 0 0 0 0 0 0 0 0 0 0 0 0 0 0 0 0 0 0 0 0 0 0 0 0 0
1.344475604030933 1.735669338350349 2.281609946766374 2.801889544855176 3.154637064602783 3.343455691936926 3.40825441909416 3.29645895115844 3.191015314532803 2.931261035679418 2.733471932382109 2.591714534841048 2.415465307354132 2.244059436203407 2.057905656935516 1.853589001960439 1.724505184045829 1.564994099980794 1.394811216843325 1.31320685541215 1.269029195526896 1.272965335022772 1.38519234426679 1.75208661373214 1.910174574112376 1.478581713427046 0.2932726722683854 0.002394196215493425 0 0 0 0 0 0 0 0 0 0 0 0 0 0 0 0 0 0 0 0 0 0 0 0 0 0 0 0 0 0 0 0 0 0 0 0 0
1.173581325928674 1.322175650170432 1.715519029942751 2.300844136799834 2.794304827497751 3.188811983399216 3.399637145920339 3.464130411402345 3.406240357339712 3.254791821622212 2.981843293570575 2.758869253428204 2.622128940059599 2.375366380656018 2.206342330874227 2.014363164559871 1.828799218150142 1.695425185608612 1.548192226355241 1.452650589540494 1.303395126267114 1.360779166424874 1.353390444971752 1.563970343324825 1.870680123003543 1.865782620435287 0.9572309454950281 0.07784431172610876 0 0 0 0 0 0 0 0 0 0 0 0 0 0 0 0 0 0 0 0 0 0 0 0 0 0 0 0 0 0 0 0 0 0 0 0 0
1.11674444079643 1.11111496703508 1.328242987185009 1.676961533814691 2.311843333301775 2.741224297505913 3.210588779425655 3.403951478447485 3.479995714878821 3.434575159976228 3.32708139879468 3.043407653795118 2.792501939380061 2.599431701999493 2.364176551017804 2.184754838434856 2.031213596502227 1.864619714431575 1.740970553775869 1.588993574548946 1.46237422269499 1.381823611618002 1.395861049519362 1.512043182898233 1.742053613257668 1.93877282451232 1.625145043909931 0.4759914512324777 0.01170598828423367 0 0 0 0 0 0 0 0 0 0 0 0 0 0 0 0 0 0 0 0 0 0 0 0 0 0 0 0 0 0 0 0 0 0 0 0
1.182599030646619 1.059111443081385 1.046686903904615 1.279192061871951 1.788681335411461 2.23939522253185 2.773307341123505 3.165753716198011 3.307212268972073 3.4898428342604 3.461233353017538 3.339757809555044 3.125128619227232 2.821732883716217 2.612352343501589 2.393615217866388 2.201272127113391 2.033786432835455 1.901233064567217 1.811837653291839 1.685248644871529 1.561280203937679 1.464288380267527 1.501029542473596 1.652812232345926 1.915469147794879 1.903732288205431 1.192669284121008 0.1521158777441657 0 0 0 0 0 0 0 0 0 0 0 0 0 0 0 0 0 0 0 0 0 0 0 0 0 0 0 0 0 0 0 0 0 0 0 0
1.335945944508871 1.167988203736974 1.085091921674776 0.9767220217328683 1.204012845177567 1.746127676002022 2.23442394362794 2.717987691372989 3.040337080505336 3.269559749983798 3.417269006776237 3.420896741588539 3.356651405532322 3.147833215013341 2.86667010576681 2.627009747000419 2.415235074042247 2.251893927976 2.068568844145651 1.955571218626004 1.852231681469639 1.734648063971294 1.621589467108574 1.600904841068219 1.656546393983569 1.733610358773953 1.978392306730245 1.710611170605736 0.6657032837091135 0.02695452816187689 0 0 0 0 0 0 0 0 0 0 0 0 0 0 0 0 0 0 0 0 0 0 0 0 0 0 0 0 0 0 0 0 0 0 0
1.580931079109482 1.369430425835873 1.165015434516971 1.061604229851588 0.9259757649975838 1.133844360903767 1.694899739920371 2.244970283855984 2.633771466142951 2.926882796171573 3.235345460741115 3.347273149133508 3.372035664746347 3.317801152527573 3.113849133913885 2.889684642630774 2.679254651482947 2.477777970345299 2.304801785567562 2.161788811510492 2.005926482236426 1.911739176050607 1.809479482297626 1.735030470228206 1.727254056323897 1.802446926056722 1.824524838145247 1.927935921824864 1.398301501638861 0.2711487403540268 0.002684005665636867 0 0 0 0 0 0 0 0 0 0 0 0 0 0 0 0 0 0 0 0 0 0 0 0 0 0 0 0 0 0 0 0 0 0
1.837154999857386 1.634082684818472 1.400396084745193 1.18776087500982 1.06019485223994 0.9327970933697292 1.201988983950874 1.648967803914173 2.20698407703252 2.616840512395247 2.905220005792986 3.168331330131837 3.325216203931196 3.367638985115529 3.290588839745259 3.119233533518681 2.987211814819734 2.729343438069651 2.508822127080726 2.361409710234111 2.250194233873525 2.088890292740146 1.980733984546641 1.912382023044358 1.858659071557912 1.84566016026597 1.799429970417818 1.880772264170412 1.813085977626966 0.9593302301640523 0.07578168240048103 0 0 0 0 0 0 0 0 0 0 0 0 0 0 0 0 0 0 0 0 0 0 0 0 0 0 0 0 0 0 0 0 0 0
1.971429466650857 1.886550597351089 1.613434860356685 1.396351271443561 1.226022015884341 1.08768174598395 0.8737448968941696 1.237502730150197 1.633113390387194 2.139794649510918 2.623314451117868 2.921033069546572 3.13002777995178 3.311533424809039 3.369798635074267 3.310116086660318 3.261730919990911 3.062763231321952 2.835695836370956 2.61111629951621 2.439510565466566 2.311123326585889 2.193679999067994 2.069821875883442 1.998015442951508 2.02830678712278 1.945500397333384 1.783814889723931 1.897559467481378 1.574299597836824 0.4860708149093253 0.01408391006209832 0 0 0 0 0 0 0 0 0 0 0 0 0 0 0 0 0 0 0 0 0 0 0 0 0 0 0 0 0 0 0 0 0
2.078881262797453 1.958977508480658 1.843935565657561 1.599778806458536 1.400437476644943 1.231475858055299 1.078842001486724 0.8436337403306318 1.207043124487631 1.65819131863072 2.118106404817711 2.622557481471457 2.951442279460347 3.148429377823195 3.336391660322547 3.39327324423947 3.40209453723865 3.324886451058472 3.143218593341714 2.934712919849671 2.725290407250128 2.546295508485512 2.410514897276121 2.297756397450128 2.216912772099059 2.057050346147979 2.138489816629881 2.027564191861826 1.821245196403648 1.836198338758809 1.203550804950759 0.1485703460090776 0 0 0 0 0 0 0 0 0 0 0 0 0 0 0 0 0 0 0 0 0 0 0 0 0 0 0 0 0 0 0 0 0
2.123132001807057 2.078526275579769 1.923676120021784 1.81264212831927 1.600776334273301 1.398864552121344 1.229194780312179 1.024869454265809 0.7999218936501169 1.196687217779405 1.643951032334497 2.143025093357006 2.609958287559146 2.98389880049255 3.174802640581424 3.35830055748507 3.439761933273532 3.46100813981634 3.358100357522514 3.236407435549006 3.057752485555977 2.876993354148978 2.710918032911518 2.56578504539391 2.445966205034599 2.337422624255576 2.232318251373554 2.188324965726364 2.034939946064026 1.824131231437048 1.706855980703568 0.7358185665323956 0.04278654325081565 0 0 0 0 0 0 0 0 0 0 0 0 0 0 0 0 0 0 0 0 0 0 0 0 0 0 0 0 0 0 0 0
2.139885618244761 2.073103968044402 2.024954982506185 1.88733100668474 1.768709683987986 1.515976343792851 1.290864265687147 1.145672970497003 0.9785561720617372 0.7740786639522205 1.070613150951758 1.626641360750263 2.201712874150418 2.639070030015014 2.977665914461759 3.20323741928524 3.416303304192197 3.485026243001096 3.532832133432356 3.430547047130504 3.367456295904705 3.257327689074133 3.13195774618931 2.936300838642046 2.740085222317873 2.554776729958591 2.469214084055135 2.392754581583076 2.250294381040272 1.931040255857797 1.811980521034586 1.43185975499372 0.3953000954496829 0.01023306273446948 0 0 0 0 0 0 0 0 0 0 0 0 0 0 0 0 0 0 0 0 0 0 0 0 0 0 0 0 0 0 0
2.14048720906198 2.040378655554294 1.986358515308512 1.883608160685402 1.775012954366231 1.613325454612982 1.392192549224034 1.184633342919778 1.07978060487786 0.9336736847002085 0.7518568908196216 0.9915676391690826 1.607206702686874 2.20202393034544 2.638299186933339 2.919482501939589 3.168418810094334 3.379210057726495 3.50049722425526 3.574790657313225 3.566683739038403 3.59760857066486 3.531223617238853 3.427062329425359 3.276544195527214 3.069941743005458 2.800291971550149 2.557072353912005 2.491827033003249 2.243754546461386 1.838295059903845 1.747696386595627 1.101223703061797 0.1592238029724011 7.205006927597458e-05 0 0 0 0 0 0 0 0 0 0 0 0 0 0 0 0 0 0 0 0 0 0 0 0 0 0 0 0 0 0
2.085562300520943 1.990678332224014 1.958873726189974 1.877672829593471 1.767218317757921 1.665795760563452 1.477432316910537 1.28489347248781 1.088651750686063 0.9858784609132688 0.9024598735505703 0.7604734950375313 1.101328260345563 1.640631094941929 2.165196701565981 2.586872731792875 2.864742084329936 3.164516416375942 3.35640091208361 3.539832548878589 3.662395193858097 3.769543168077559 3.744144958290696 3.762430995595458 3.69235443940697 3.601906621333634 3.390871448748787 3.170676391286651 2.779393338005181 2.509224995938973 2.266274671104172 1.816275648439401 1.613094775353788 0.7912348827870096 0.06476573266458097 0 0 0 0 0 0 0 0 0 0 0 0 0 0 0 0 0 0 0 0 0 0 0 0 0 0 0 0 0 0
2.001152652097134 1.956779995557165 1.860911696859544 1.785263622214424 1.748805281086475 1.645521482021041 1.528049941539893 1.333121705351379 1.146857688150881 1.000392149291554 0.9138816038180186 0.869679264975703 0.7876252094774053 1.213974965637102 1.722950005030286 2.16939836856248 2.555111538606032 2.807284232597887 3.138251626379762 3.321663754853567 3.548281763182496 3.768228521320357 3.859578045356324 3.93291850739227 3.948891989765104 3.913752368863013 3.89475545513319 3.662801928090872 3.408337745514703 3.032972922303472 2.615233580030464 2.238689060346677 1.801229034868753 1.404499066447906 0.5089546517730481 0.02098718455957282 0 0 0 0 0 0 0 0 0 0 0 0 0 0 0 0 0 0 0 0 0 0 0 0 0 0 0 0 0
1.896506861863026 2.020468660449359 1.889897110568695 1.712333735840598 1.672604490365641 1.60214843186565 1.482232007909488 1.337228041116562 1.178644858997571 1.018467691843231 0.9224397412347246 0.9090207004345724 0.9200711427832872 0.8823190683745225 1.279612159408944 1.742222770677007 2.215222095564882 2.567180914323881 2.826587448647608 3.081233318111977 3.276202233861066 3.621810000792898 3.832214264367988 4.00665086308213 4.03134940654872 4.079320019230212 4.112488119251472 4.030898993117912 3.839044219910939 3.543173271999436 3.187001551647116 2.671694725382516 2.25405182116713 1.786708563472441 1.206833842032798 0.308327114577118 0.01308602161068964 0 0 0 0 0 0 0 0 0 0 0 0 0 0 0 0 0 0 0 0 0 0 0 0 0 0 0 0
1.653392503569588 1.873201475788743 1.905014760437796 1.710667012846501 1.553036141310268 1.512455859525348 1.431162920672544 1.305019417913987 1.197547420601053 1.106984279275828 0.9956989433945383 0.9786575628650369 0.9905569467556947 1.004105880368162 1.012433683372282 1.349138715147323 1.859603277856321 2.256708905252187 2.588715280300838 2.85721536613873 3.059196034022464 3.303678172643688 3.632813384845043 3.838448279983328 4.004194444072287 4.097166908496352 4.132663245704836 4.146287400414857 4.074835511795547 3.917516377533782 3.622826459316119 3.230304751623583 2.767891172990084 2.317691150219262 1.775944452297897 1.104045201826328 0.2617891182351456 0.01182306415239598 0 0 0 0 0 0 0 0 0 0 0 0 0 0 0 0 0 0 0 0 0 0 0 0 0 0 0
1.326334007445681 1.47407944430378 1.619773132646031 1.619927421909827 1.482495937939806 1.426782724301911 1.366981302806023 1.292076069999218 1.20442488273273 1.107922612907716 1.056377664912615 1.004287940222363 0.9925087927690209 1.009474063545241 1.098985167408933 1.161399547898586 1.442207341142957 1.944840919119977 2.31199395654527 2.65736079387599 2.873645922980069 3.141493764210485 3.31217390482138 3.571948782515186 3.810254664132428 3.996169398761057 4.093234305372914 4.080189610734272 4.098371184305328 4.007903437000159 3.848142562172392 3.609734757211924 3.239687357612096 2.797231760923129 2.372471143956484 1.798444504866509 1.055033585071994 0.2034323117878913 0.006604071826042676 0 0 0 0 0 0 0 0 0 0 0 0 0 0 0 0 0 0 0 0 0 0 0 0 0 0
1.11289063141242 1.221445136275484 1.347801780886902 1.440362769864602 1.365831774943972 1.33700107707463 1.284822166559551 1.235145159162289 1.191965753043887 1.134826894946178 1.050873884686971 1.03785613308035 1.002266954206571 1.026934305475336 1.130956209797058 1.242176048334939 1.396099793171377 1.52995643046628 2.034311215053038 2.455144632733323 2.701459299721769 2.962887391531781 3.173555373019294 3.318504013165591 3.544844181545777 3.669377900423573 3.832436726603877 3.939829196467321 4.007015995904118 3.934005235462058 3.899663085729442 3.700843402776639 3.445492167459853 3.222477173549312 2.84896119234049 2.407650970550602 1.863230409200658 0.942746470882376 0.1324817473513174 0.0007835695299700616 0 0 0 0 0 0 0 0 0 0 0 0 0 0 0 0 0 0 0 0 0 0 0 0 0
1.11703876036215 1.005364826148273 1.157251482916057 1.237719071691262 1.331703257366848 1.266096282001012 1.228551971998258 1.161508261569455 1.144462020063254 1.137824087251482 1.034459495018998 1.019008803350669 0.9911125523954644 0.9829468821773637 1.059252887007514 1.265879226762461 1.414120094745401 1.614419833518782 1.712510478942402 2.147796212016302 2.526744291450775 2.810585405821449 3.066596726585528 3.192948251411429 3.31420999905505 3.48889326092953 3.578853485254732 3.69591163630641 3.7864573212251 3.801456575796101 3.788689600552639 3.741090968546958 3.602551296231452 3.432206349285384 3.245269801345319 2.932699844428474 2.477719110152459 1.898982387992751 0.8097781362109899 0.07973353256172852 0 0 0 0 0 0 0 0 0 0 0 0 0 0 0 0 0 0 0 0 0 0 0 0 0
0.9778422605918807 0.9529007430519748 0.9217648322424955 1.11511049982313 1.154045823094186 1.234487272645478 1.136924406889575 1.139700183963798 1.091302150918018 1.077799409643933 1.070733927165251 0.9727455119418111 0.9672264558613326 1.014729166104728 1.000685022209552 0.989362166478012 1.157196703582093 1.466606168324532 1.701819155325756 1.798840015004225 2.210100394691266 2.633157567746366 2.919112850171212 3.13085787371238 3.247924727845512 3.344627359581472 3.542388396218301 3.623168083162024 3.661175251027182 3.711123549787732 3.722932090823626 3.73122162614365 3.680895813607763 3.568203802011366 3.45988101177894 3.228579570701477 2.956574225146552 2.590900136054003 1.829122093414427 0.6634973089243035 0.05397532383931192 0 0 0 0 0 0 0 0 0 0 0 0 0 0 0 0 0 0 0 0 0 0 0 0
0.7621276915230407 0.8232352810854473 0.8237314673330337 0.9310512538348411 1.005097784156004 1.082482964288173 1.129112251109969 1.1079268595409 1.095951298927468 1.046392198135832 1.020499913072408 0.9485749973035815 0.9863319624100392 0.971209949850575 1.002834572156065 1.010204804801693 1.074346458533993 1.180332921740406 1.340918031495419 1.594445199671537 1.868389357771678 2.355619453463683 2.694344279340344 3.054219978115635 3.186056239258385 3.313419641340288 3.40479132713454 3.593103437600163 3.686530734310415 3.763552522418038 3.735839551786635 3.738700560400069 3.729653088175163 3.676377657804213 3.611012752299698 3.513744857759014 3.280346505149599 2.990007547570535 2.652991612538188 1.626386297567606 0.4635536126584632 0.01876655876094864 0 0 0 0 0 0 0 0 0 0 0 0 0 0 0 0 0 0 0 0 0 0 0
0.5156634557066478 0.6601284472010189 0.7372270533318225 0.7386829185169402 0.8676062467866661 0.987304597217072 1.050036069204066 1.037261410344652 1.063571325314 1.044641515127705 0.9963097063787367 0.9906698717951907 1.043463382811296 0.9737895203001118 0.9301787624886089 0.9782030062443361 1.063930886006552 1.119051739000312 1.252141028847328 1.324979527575851 1.506639352928232 1.937392132188301 2.422294421137746 2.824969663483695 3.092801757611805 3.254409341485185 3.455165038006337 3.508676101871876 3.638036945843903 3.774772540501195 3.816041583537273 3.794171041090538 3.82452734270614 3.819648382749684 3.733552317915942 3.632199120028935 3.497131372066854 3.299939437332635 3.067131719069818 2.673904834512942 1.35089318332452 0.2649724313792357 0.00200801191173381 0 0 0 0 0 0 0 0 0 0 0 0 0 0 0 0 0 0 0 0 0 0
0.3797041608777201 0.4831188106558747 0.6342137321178941 0.7029924442078295 0.7450114740833855 0.8704421058110127 0.8964198655985914 1.002509450458349 0.9565496711841992 0.9851449013260097 1.000855604464965 0.9488821911972319 0.9858009381792175 0.9785642252395073 1.113087065954074 1.007693273277336 0.9760997547093752 0.9596637751114416 1.070025657481496 1.158444350081649 1.27628177553299 1.531319454304609 1.895312457206679 2.472843881201519 2.924006175043869 3.124934236263533 3.386361192547962 3.580026483818415 3.638395981461321 3.744893105130999 3.819063021502032 3.885777933981822 3.870827407095887 3.93882179332863 3.86950628973211 3.817115384758761 3.713032408811194 3.536824163376128 3.37361651328663 3.220997693422893 2.571895200970583 1.019551154206048 0.1117888363998589 0 0 0 0 0 0 0 0 0 0 0 0 0 0 0 0 0 0 0 0 0 0
0.3184364298908263 0.3829471496330027 0.5410370897063153 0.6122455357319245 0.7249511822945526 0.7427738083303121 0.8471509893533367 0.867909318958339 0.9725633973752321 0.8940847252729612 0.9042864711039901 0.897808560585401 0.9416255153715382 0.9156192527309989 0.9255148644728712 0.9550833977769357 1.072630469883769 1.092387558174259 1.010519414826337 0.9917723198511825 0.950546639063152 1.04766565338673 1.50886645179842 1.885835915069759 2.476233826578476 2.92836035951401 3.184677066693985 3.514956391328664 3.646974163875897 3.760075005377706 3.83550155351835 3.920342822347615 3.992173880736122 4.01936791125078 3.969818765145578 3.995476123639053 3.872732958534119 3.783657875446666 3.628459121943583 3.483719368688118 3.371469148335235 2.396262927045248 0.8304393606131499 0.0556819655924413 0 0 0 0 0 0 0 0 0 0 0 0 0 0 0 0 0 0 0 0 0
