benchmarks/avaHitNullTest/relHit_7d8d30fc3d_null_dfa_ppr.asc
ncols 525
nrows 445
xllcenter 272771.42
yllcenter 357502.70
cellsize 5.00
noDataValue nan
[rows 232 to 260 of 445, columns 132 to 197 of 525]
0 0 0 0 0 0 0 0 0 0 0 0 0 2.090155825620846 2.80695292823345 3.024069253530665 3.40554261014907 3.467176859226051 2.657868879215511 2.604721706834987 7.811208665612303 8.026291929175432 12.02362821213141 12.57529082859314 12.84267598129889 12.14254815501504 10.89554996834686 9.852754832712266 7.509667315126692 5.405350870076171 5.502107910060981 5.587365284336922 8.027080007427324 8.480738300834105 8.500271330673046 8.470046104256481 7.922188194170205 6.370690553150194 4.694157454020743 4.694157454020743 5.177698405368497 4.846401664406057 4.810540348401735 4.65140788072329 4.168717272305683 3.884637461068807 4.322178572100166 4.917662673726056 4.917662673726056 4.98640898667259 4.514538813304933 4.57948713623091 4.709355268593765 5.054870978988527 4.248241400850278 5.013814220332947 5.013814220332947 4.437439080993056 4.347767281992183 4.347767281992183 3.865063413411149 0 0 0 121.7081500923359 174.2254266431358
0 0 0 0 0 0 0 0 0 0 0 0 0 0 2.625249189305611 3.139060796134117 3.36457456163988 3.467176859226051 3.347667535817766 3.106815161585564 2.542010090058924 8.226913385445306 10.20284190055477 12.51054681892532 12.16533791260404 11.75683024378289 11.2394738260523 10.4236171650704 7.509667315126691 5.087970901217796 5.081574807388034 5.812317060335742 6.03201256107388 8.836240669659352 7.922512316271957 8.505477452193215 8.143342568895262 6.127941524511404 5.927351637757383 4.37913499184885 4.779453552801215 4.846401664406057 4.991389431591705 4.663305581227007 4.653124903636627 4.080452383710628 4.748787241051594 4.743983643980764 4.878715188360527 5.289894550183907 5.771458442468918 5.870712965075354 5.870712965075356 5.561921161943657 6.03664844591089 5.813827851406686 4.392267712221293 4.392267712221291 4.505590864868133 4.859528870956985 4.859528870956985 4.137190191326757 0 0 0 111.7436938130622
0 0 0 0 0 0 0 0 0 0 0 0 0 0 0 3.139060796134117 3.566098392516287 3.879653057063243 4.042692917797054 3.106815161585564 2.542010090058925 7.322866454068946 7.626628899281849 10.82700722062115 11.5027499172611 11.55438160800902 11.5997195359492 10.20165919911629 7.715858564980222 5.713979353479735 5.434039962148193 6.209669741518923 4.958326700544582 4.846569412260174 8.096775005733452 8.592515712943603 8.673974154812615 8.870241836605391 6.417888738647529 4.094141291279488 4.377184513648596 4.720532077688356 5.178681277204501 4.977621942379749 4.515733345962449 4.918526714826528 4.602664569133681 4.633537600524341 4.761421736177403 5.378928647936955 5.477257021936863 6.28666790993753 6.149536061200425 5.679946030132771 6.190329705716554 6.113485089394882 5.41680246037467 3.920931958773017 4.678069722709338 4.678069722709342 4.534356921981442 4.691045065121894 4.747954723043067 4.747954723043067 0 0
0 0 0 0 0 0 0 0 0 0 0 0 0 0 0 2.298881285740188 3.566098392516287 3.87919080739499 4.042692917797057 3.910832439135167 2.608355510638361 7.394127177084885 7.725453842010118 8.640424981967882 11.34759972845825 11.49066699747258 11.41700260265146 11.1557575205608 10.96181252725233 7.83779232725209 5.049100802334571 5.401259940304597 5.078215810198219 4.205357520305898 8.545607813675799 8.62617953343803 8.5168538193629 8.725605059572665 7.906182957916569 5.80272249353658 4.488986816730174 4.567490886092217 4.801703406342544 4.977621942379751 4.668654513776876 4.814485074360077 5.233472115301234 5.441076830013086 4.874307964928135 5.289244130406827 5.289244130406827 6.272538031051599 6.272538031051599 6.286259812884119 5.659595091490393 5.258696038389234 5.150043354282591 4.977906533940417 3.390408323087051 4.509707435293214 4.509707435293215 4.985233368223523 5.035980842912326 4.68368733641154 4.112801832385307 0
0 0 0 0 0 0 0 0 0 0 0 0 0 0 0 0 2.250850891937339 3.950484900953593 4.171388979902368 3.910832439135165 3.697990128504252 3.462630282878069 7.875287554500061 7.207400401591178 10.74260194767086 11.67889419833349 11.80848254519995 11.91457211567055 10.63553223127383 8.940067865861577 5.017082429789721 4.894243030762818 5.12031409365328 4.392283492981629 9.140546280522956 8.299339579751921 7.979215236894641 7.730973966873949 7.906182957916564 5.803898867361581 4.614678795528845 4.461302649016001 4.96766108308379 4.80989286735554 4.707207401886106 4.767262664699639 5.577606852688721 5.588956697776401 5.248539390907495 5.31409430390933 5.35334138417453 6.010454726628325 6.481443434569378 6.481443434569378 6.152554740774891 5.930262220728339 6.068479357682871 5.705407028556493 5.705407028556492 5.354509845655852 4.236048897686706 5.118300114417953 5.118300114417952 4.213302396720345 4.286153289427024 3.672891295887467
0 0 0 0 0 0 0 0 0 0 0 0 0 0 0 0 0 3.950484900953593 4.090786623339453 3.782867983385731 4.018590728616011 3.275612032185493 6.737079977402022 6.309896004469034 8.812953730999828 10.80727220560475 11.82582597411675 12.25623978702401 10.61430772406342 10.58512304780044 4.779715051165401 4.894243030762821 4.924447748010283 4.255061488569229 4.109706684083914 8.256539804171441 7.496965131516301 7.586659080590262 7.856785184776782 8.48271494741077 6.001079210295546 4.38559882271157 5.099012995360534 5.166625619318298 4.929682246245356 4.973839274453398 5.190294029435242 5.879222748477867 6.033975205194978 5.647717657701174 5.647717657701174 5.345994596392618 5.771485153253423 6.046280887773701 6.046280887773704 5.605813175736715 6.068479357682871 5.96121767464187 5.690019212318142 4.870537792643772 4.822528571762894 3.892641856688954 3.849720252342072 4.375010735449334 4.375010735449334 3.672891295887467
0 0 0 0 0 0 0 0 0 0 0 0 0 0 0 0 0 0 3.834524728399808 4.018590728616011 4.018590728616011 4.122354091954026 6.737079977402022 6.705711239929226 8.646152184746068 11.11332116273415 11.09387650340141 12.07443426662639 11.31173832220376 9.349453095026018 8.813353902051135 4.957970306759088 5.176046826502579 4.164135979457185 4.198198710853754 4.38181512029544 7.254281343048461 7.836572412280043 8.288197162772203 8.697996084005473 6.936260630944263 4.38559882271157 5.101656611046036 5.492129849650777 5.866177414572048 5.883938618819513 5.912642007071852 5.263940997808348 5.324727939937516 5.616104154970322 5.56654089880807 5.298953276649971 5.298953276649971 5.850245592751456 5.651383348270969 5.824859263242975 5.916116004424294 5.961217674641867 5.343725436038667 5.533669465497289 5.450212269698697 4.312696639528246 4.449093501175854 0 0 0
0 0 0 0 0 0 0 0 0 0 0 0 0 0 0 0 0 0 0 3.630809571396283 4.091569871387527 4.122354091954026 5.812684758931325 6.600591641587259 6.363575814399907 10.49644442255706 10.7967716885184 11.28890195062467 11.35131933935413 10.07924495781556 9.258881948349345 5.452964311794918 5.182481171344731 3.876099219661153 4.38181512029544 4.616366425193064 7.808998842221253 8.519301274101153 9.57425602799373 9.37738685426263 8.504372996865586 6.498671837063782 5.101656611046036 5.659746035510454 6.532410662919417 6.303754484953185 5.912642007071853 5.370853941970035 5.190344083436764 5.174525454009899 5.267618943099705 4.934125585443812 5.182553370923732 5.166577736850926 5.621891230937631 5.787996241500409 5.890279798024656 5.503865943564247 5.367050136679066 5.533669465497291 5.356495716867265 4.79518060761928 5.155410634213863 5.185862578639105 4.66891693264013 0
0 0 0 0 0 0 0 0 0 0 0 0 0 0 0 0 0 0 0 0 3.613603340582309 3.262295446385617 3.223902078245528 6.43691987481927 6.437891884332356 6.9484326760725 9.310501470346757 10.95411873636688 11.42196233885769 10.6544957217514 9.114654869873569 7.433144115619957 5.437841924037743 4.816962693487013 4.434468737305034 4.775716422552323 8.532177554428154 9.029878105661743 9.952452231383827 10.16800770651876 8.504372996865586 7.206435449119108 5.94272486694189 5.426453834427165 6.857020558955114 6.857020558955113 6.136846129835786 5.860657023067716 5.618775932304163 4.960788346735052 4.631907029274432 4.786817732425064 5.051043040224426 5.066810119355971 5.029219720930665 5.157999564622894 5.910181828267352 5.503865943564247 5.285128589464206 5.334131135810496 4.899137147674835 4.456863961347724 4.98451276488641 5.185862578639105 5.184264480413852 3.759920639534544
0 0 0 0 0 0 0 0 0 0 0 0 0 0 0 0 0 0 0 0 3.009699961750155 3.254497682424487 3.509257307560102 5.108444286758613 6.452910321570676 7.046095246866154 9.32098478523983 10.53397899350438 12.1242090528272 11.64154600155827 9.502789352707225 7.912062939097879 4.909800780317032 5.02879513066329 4.033688461615307 4.503100441819473 4.357745811396864 8.556812421826285 8.650310727527829 8.954117499865898 8.881303383023983 8.264867728144832 7.554713515322558 5.676831655326072 6.109111981957458 6.75076313650094 6.52329126849335 5.618775932304163 5.618775932304163 5.198568778065021 4.387628863514918 4.176107377748923 4.268873337783238 5.216567330104894 5.216567330104894 5.157999564622896 5.357804418731694 5.344163894182584 5.301005339297427 4.914614651748095 4.909517493589078 5.061357429093222 4.551656939757905 4.757881960537117 5.184264480413852 3.759920639534544
0 0 0 0 0 0 0 0 0 0 0 0 0 0 0 0 0 0 0 0 0 3.254497682424487 3.567905413236844 3.612054720667114 6.881662873873947 7.118382181417113 9.587237509528578 10.35404383666303 12.31304059597319 12.17526105154229 10.39778380779995 9.96990422384609 5.259433828455852 5.028795130663289 4.653947389066637 4.401174207674809 4.402420426466991 7.816752962676564 7.912306740060391 9.070724644145823 9.070724644145823 8.451861900794354 7.647601454341213 6.919704659316567 4.367004534606968 6.847556606029494 6.89228426228017 6.695840871011344 5.161077028023759 5.198568778065021 4.226248010104744 3.572766625805663 3.979974908610652 3.979974908610652 5.315107626316514 5.315107626316513 4.885254472699423 4.885254472699423 4.733607926099189 4.914614651748095 4.774561445940814 4.318465838080969 4.970974442783808 4.508948342118128 4.80820728013724 4.045742626242822
0 0 0 0 0 0 0 0 0 0 0 0 0 0 0 0 0 0 0 0 0 2.774976674092805 3.37805602459389 3.173142863890216 6.881662873873947 7.141489175316003 9.134895033912594 10.43521242458532 12.04976781888279 12.21650161004686 11.23280459251168 10.31802039163406 7.192513062032631 5.818576814403608 5.086040404087594 5.086040404087594 4.886140090054141 4.886140090054141 7.44258144381477 7.542565567580432 8.308124507765402 8.73901524377708 8.181132714544617 7.045203580896406 5.96616090874534 6.939674271821239 6.939674271821239 6.865173171102141 6.551299988774071 4.322500102139236 4.094530570517295 4.208622665580263 4.208622665580265 3.738973064958894 4.132133875036729 4.358212396075698 4.325667377987059 4.636216291870179 4.733607926099189 3.911172353328058 4.172958811702999 4.284641624381687 4.238610409833464 4.572112185637819 4.651042920448005 4.756547003919136
0 0 0 0 0 0 0 0 0 0 0 0 0 0 0 0 0 0 0 0 0 0 3.37805602459389 3.154085715345314 5.715342073651812 7.300969001219134 8.986423216298197 10.54492281519978 11.91648691327016 12.74676958840917 12.23627965681602 10.18988227880952 9.62807009429757 5.602618584790918 5.056905837744903 6.490170272716783 6.490170272716786 6.357606018462392 6.811718468887221 7.514123161009845 8.739015243777084 8.73901524377708 8.238280442331103 7.045203580896406 6.017529172360132 5.601409709061027 6.124868912852409 6.124868912852409 6.05884087840345 5.176686898558434 4.509415835989449 4.232146318504188 4.600996788325758 4.600996788325758 3.838033003983701 4.414660649297312 4.414660649297312 4.444019204714205 4.76150395437005 3.862630883227026 3.790453653375034 3.790453653375034 4.001033060729753 4.906579063420736 4.906579063420736 4.709756069173422
0 0 0 0 0 0 0 0 0 0 0 0 0 0 0 0 0 0 0 0 0 0 2.990622389465889 3.334020191792067 3.33402019179207 7.615367733809904 10.56729179828126 11.06492106866472 12.3201904390401 13.92580617841505 13.74063918164698 11.41471642666557 11.34582431271846 8.834360584583409 5.387609744592024 7.234690049784127 7.234690049784127 6.344645772953077 5.289872783458172 6.896914346348942 8.22104951990832 8.26032828914335 8.617160325286624 7.411086829415622 6.436824388734165 6.345420376649576 4.622090486944134 5.770539530550112 5.745002260011259 5.680224490137043 5.204603672581465 4.231157758577632 4.600996788325755 4.600996788325758 4.292735635984941 3.612818115151458 3.923628400662457 3.923628400662457 3.876744120152214 3.757329948130474 4.22985878168071 4.000879419621925 4.001033060729753 4.001033060729753 3.998861899179782 4.02134108693092
0 0 0 0 0 0 0 0 0 0 0 0 0 0 0 0 0 0 0 0 0 0 2.990622389465889 3.553903687566295 3.56564826480757 7.615367733809904 10.56729179828126 12.09187489745628 13.19694061076121 14.8476256995305 14.9990885212438 13.21099969573189 11.43220078567386 9.837197997973158 6.996210659690946 6.510421976770214 7.17017256054112 6.978042016703072 4.7900739436826 5.260247917559968 7.07362610283161 7.57938219445856 8.428553853531357 8.052871214145757 7.829112911080527 5.640673426024342 4.129484397856525 5.691942903094515 5.730778236802363 5.980802163747964 5.980802163747964 5.24516255052865 4.36959638189468 4.292735635984942 4.292735635984941 3.588408452583824 3.824708257219673 3.824708257219673 3.889556501306873 3.889556501306873 3.735841358499723 4.266867750095288 3.262556453505534 3.169050219469153 3.97385404734985 3.535592130108863
0 0 0 0 0 0 0 0 0 0 0 0 0 0 0 0 0 0 0 0 0 0 0 3.553903687566293 3.591626770806218 3.599434577019371 10.15182632942007 12.58369862855404 13.47056382357739 15.45421683613811 16.37310573547724 15.61447951117145 12.44125418991411 12.16302328954866 10.68707656444519 6.670754974630798 6.685879555226372 7.463138167429941 6.495847499624303 5.280325516323912 5.82861853010196 7.181034632925402 8.024748571222771 7.947116846752999 7.487062666220413 6.442846365459308 5.373952287236116 3.436703201738949 5.795388529547069 5.982991098551867 5.977428822077359 5.451739913372359 4.678084607406038 3.490495034037618 3.342124894443908 3.440609566429631 3.440609566429632 3.113548353535789 2.968299790321121 3.402777206674696 3.402777206674695 3.235956533122845 2.947717093694888 3.939685967847077 3.939685967847077 3.535592130108862
0 0 0 0 0 0 0 0 0 0 0 0 0 0 0 0 0 0 0 0 0 0 0 2.764067339157076 2.97911486772225 3.415455303573905 10.15182632942007 12.85903729226401 13.60682708120443 15.67983064640391 17.49370103229438 16.99385784288955 14.40786367235174 13.38555413008894 10.68707656444519 5.40634629345403 6.282503850081004 7.472547088830728 7.44016843244254 5.68609937386432 5.79941938126334 6.816518512868988 6.366207811292673 7.598353653834227 7.729906121309917 7.654303427693435 4.986966954228174 3.436703201738949 5.115157501423226 5.747709667869291 5.747709667869288 5.717470878232495 4.678084607406038 3.912480518137609 3.227699352833896 3.124589489047482 2.806544276279724 2.968299790321121 2.968299790321121 3.278786498554633 3.278786498554632 2.928527322963808 3.515916551576076 4.340680685640383 3.966362017031837 4.52007096338078
0 0 0 0 0 0 0 0 0 0 0 0 0 0 0 0 0 0 0 0 0 0 0 2.271265500799446 3.257514365322283 3.415455303573907 3.41851908366172 12.69184830581738 13.50273801302379 15.57074989389509 17.69217975684952 17.58246369514383 14.80950171932951 12.42914234964851 9.239541959847102 7.979314639680845 4.847555056526754 6.559493362376103 7.254878664053185 5.705022208601964 5.472026179632766 6.47275159866745 6.47275159866745 6.728682523220767 7.437673705298228 7.738888746260976 5.1911637942815 5.1911637942815 3.375515900898548 4.674726841129641 4.956899767002287 4.971711634528963 4.718602629823238 3.912480518137609 3.496709102597387 2.906230477499008 2.802150231844561 2.860199007801155 2.416456940044037 2.190879824313285 2.610103396869279 3.017461350209622 4.154169554863709 4.254862800332635 4.51944411534472 4.627324230712887
0 0 0 0 0 0 0 0 0 0 0 0 0 0 0 0 0 0 0 0 0 0 0 0 2.971557171457808 3.360743474166449 3.852664351744093 10.54747560685631 13.84561188130513 14.99204783182239 16.78354842925402 17.82742204568164 15.92944764316467 11.92009598887092 10.18490823945992 8.046570632703713 5.03659889504397 7.586400520430331 7.441875653200049 5.934510694887759 5.671693870015586 5.11658130875754 4.936338409397196 6.274724659353246 6.946678582422838 7.415848725634642 6.93423034818079 5.306050232497476 3.693990173510908 3.693990173510908 4.852218530866696 4.852218530866694 4.590636455245368 3.904323406903801 3.496709102597388 2.99202635064671 2.635810828734685 2.860199007801154 2.637854350747823 2.808760469531644 2.808760469531643 2.511838199117312 4.154169554863708 4.519798931729993 4.557450527793575 4.376428154751806
0 0 0 0 0 0 0 0 0 0 0 0 0 0 0 0 0 0 0 0 0 0 0 0 2.691332788673842 3.360743474166451 3.852664351744093 4.146122492423575 14.65891652473531 15.01369990588782 15.70016056841409 16.889029372102 15.97599207569343 13.25537049731213 12.06056685001786 8.222184920764095 5.036598895043974 5.036598895043975 7.427779440760236 5.493171996290567 4.669524324107049 5.116581308757538 5.215477143925551 5.393811991874424 6.5320106307574 6.988240113533028 6.93423034818079 5.306050232497476 4.443925885822459 3.693990173510908 2.526555764707717 4.593680243807543 4.593680243807543 4.428861996737443 3.305462123477553 2.917541788655484 2.912720456120846 2.607515095148019 2.501280215965225 2.808760469531642 2.808760469531643 3.638729336205543 3.638729336205543 2.927854966647164 4.557450527793575 4.557450527793575
0 0 0 0 0 0 0 0 0 0 0 0 0 0 0 0 0 0 0 0 0 0 0 0 0 2.959028870897882 3.553470248673451 4.146122492423575 11.25955305776258 15.4419424018277 14.58901159718216 15.53850784556925 15.21619391052181 13.36064830371319 12.33965483508683 7.371141988815013 5.747055238534315 4.141860914611092 6.063849783558786 5.671924613255808 4.574069664117002 4.394773736008033 5.4799844608377 5.909928015704085 6.246132490644874 6.778236819149296 6.769405205829345 6.540722610990836 4.443925885822457 3.578472493558767 2.612098817207213 3.386581461266981 3.84233644426544 3.84233644426544 3.809811616437222 3.008193756548251 3.00819375654825 2.976521950742415 2.501280215965224 2.495514841267216 2.84960786804923 3.899457527963429 3.638729336205543 3.515290503343544 3.515290503343542 3.769452324059977
0 0 0 0 0 0 0 0 0 0 0 0 0 0 0 0 0 0 0 0 0 0 0 0 0 0 2.841140964668495 3.748548405996684 3.988882011614451 11.82098201903578 13.78834709055355 13.82348895265048 14.60232809549276 13.86855905940441 12.33965483508683 11.68614747154627 6.539035318523803 4.513405828952365 4.141860914611092 5.413563563612787 5.310819344238928 4.19868596691603 4.76753951521177 4.643592845834462 5.937701057564827 6.668922191207462 6.783009451659112 6.678335413007618 5.427681748129497 2.669491075620312 2.612098817207213 1.615913258220871 2.906437829854056 3.097702035758405 3.215445323311338 3.845795684743099 3.305279417285712 3.717373673956184 3.717373673956184 3.583781764186198 2.979943051971351 3.899457527963429 3.547921566288327 3.515290503343542 3.515290503343542 0
0 0 0 0 0 0 0 0 0 0 0 0 0 0 0 0 0 0 0 0 0 0 0 0 0 0 0 0 3.270634020986479 8.089853115407335 13.28993059161234 12.90701965281391 14.01526260878427 14.58353363251304 13.61300827794866 11.72534969670146 8.69043793361242 4.513405828952365 3.275665137471623 4.990033465387192 5.321393190889214 5.300570928853589 4.052304871075937 4.270599460943272 4.916588062625155 6.226344722987164 6.363096681220601 6.468132214467467 5.535130726683943 4.41429795067934 1.966774215731772 1.677976597748029 0 3.097702035758404 3.382081852732565 3.49157998865141 4.266538642012466 5.04078070946774 4.062401371854778 3.936837962458795 3.720742763183045 2.438418048602969 3.381912021882394 3.381912021882394 1.80244114223044 0
0 0 0 0 0 0 0 0 0 0 0 0 0 0 0 0 0 0 0 0 0 0 0 0 0 0 0 0 0 1.964554053818161 8.251955787928944 12.77213147513435 13.91595230076046 14.93746972166998 14.3108879033595 13.31509705318181 9.510512979027547 4.662248230014959 2.800495733621835 2.467057146676369 5.118896079359683 4.666346371526672 4.450917427400201 3.219734908858139 4.026424983895105 6.104088772965915 6.617594775411325 6.45357458436519 5.677717258793965 4.904616325453772 3.276729130650814 1.677976597748029 0 0 3.382081852732565 3.639595423121725 3.857013943221034 4.896680424746989 4.563921814776295 4.222346171068239 3.767068041692724 3.061143060895549 3.381912021882394 3.381912021882394 1.80244114223044 0
0 0 0 0 0 0 0 0 0 0 0 0 0 0 0 0 0 0 0 0 0 0 0 0 0 0 0 0 0 0 2.389808024246855 13.16138602815987 14.05998439130575 14.31147056120675 13.85659610430373 12.46975986994719 11.46713210811259 7.988979762073071 3.549332747707047 2.496053919316344 3.974521590809115 4.591798149993875 4.450917427400199 3.27165755909698 3.49449201545151 6.104088772965917 6.320752321999171 6.449020167827924 6.382633741021349 5.448908707421891 4.089058131991213 1.566835638194121 0 0 0 3.639595423121723 3.832488090717121 4.322361176457314 5.202945301040938 4.793880583530099 3.767068041692724 3.061143060895548 2.942224486907131 0 0 0
0 0 0 0 0 0 0 0 0 0 0 0 0 0 0 0 0 0 0 0 0 0 0 0 0 0 0 0 0 0 0 6.123718711950262 13.64151040624015 13.60502607845261 13.06201531720309 11.86528961381792 11.46713210811259 10.52695146397999 8.014255635942103 2.496053919316343 2.288489433560685 3.63571203466652 3.720812736009188 3.61841744586604 3.823009919113239 4.059849126890388 5.357390943717111 6.461587226131487 6.489715894015411 6.003347198563635 5.348563520915978 4.64592095694761 0 0 0 0 3.177763506644546 3.177763506644545 3.653552056389327 3.970486194987536 3.970486194987536 3.232953189363729 3.6524531990503 3.652453199050298 0 0
0 0 0 0 0 0 0 0 0 0 0 0 0 0 0 0 0 0 0 0 0 0 0 0 0 0 0 0 0 0 0 0 7.508808767149976 12.41465765204941 12.54084270939986 11.67827206525777 11.20269642580875 10.73919405606225 9.238904227600916 6.061702191937698 1.608945592267984 3.595870412990633 3.871168402248316 3.874498186581355 3.995034064843971 3.983088959633756 4.544618205806687 6.753150155499594 7.05077713990748 7.031223031384022 6.096359664348745 4.645074643758417 3.636336634496966 0 0 0 0 0 0 3.016114405327151 3.526834532489011 4.424735445285533 4.329485240294984 4.534862318597626 4.534862318597624 2.706168191588823
0 0 0 0 0 0 0 0 0 0 0 0 0 0 0 0 0 0 0 0 0 0 0 0 0 0 0 0 0 0 0 0 0 8.878409481896023 11.89410697375841 11.78912656763255 10.969578601834 10.61811461829352 9.238904227600916 6.686251037387718 5.643897041810869 3.543601666074913 3.986597842062008 3.67222627152721 3.98012162818017 4.308946536414751 4.44556320437133 4.909486744083584 7.156503515576502 7.177261544858514 6.632607972448859 5.49819185674721 3.636336634496967 0 0 0 0 0 0 0 0 4.445743694509686 4.445743694509686 4.315258299103964 4.534862318597624 2.706168191588822
0 0 0 0 0 0 0 0 0 0 0 0 0 0 0 0 0 0 0 0 0 0 0 0 0 0 0 0 0 0 0 0 0 0 8.53143824503722 10.88349467852407 10.88349467852407 10.48122528419174 9.21989799126076 7.892942908471343 7.824183554306646 5.095910312327501 3.438490953932456 3.577739395924343 3.453626178708201 4.323110664653104 4.348507000435358 5.167330759900049 7.152674870462298 7.193344067408509 7.24601630578076 6.587628530256438 4.860819074500892 4.13444127822327 0 0 0 0 0 0 0 0 4.315258299103967 4.315258299103967 3.395719184523732 2.963524405320495
