benchmarks/avaHitNullTest/relHit_8e7eda03a1_C_L_null_dfa_pft.asc
ncols        525
nrows        445
xllcorner    272768.921744369029
yllcorner    357500.195326280023
cellsize     5.000000000000
NODATA_value nan
[rows 216 to 242 of 445, columns 120 to 179 of 525]
0 0 0 0 0 0 0 0 0 0 0 0 0 0 0.11055785792141618884 0.27109473861294880459 0.052948841979990168838 0.20251807213826464316 0.20958821427053958564 0.20601433028320506602 0.28264877125961468396 0.39472058032144374806 0.4802440382092678095 0.44531608360035823679 0.34398727112385946159 0.36546484877192042529 0.38737445177434964849 0.41350520060624756935 0.39022260090798538412 0.33666784198159288577 0.30978598935734119602 0.36726529608520247505 0.40218931327510948348 0.49847348214366227204 0.38323313940171793712 0.30424366589898277358 0.22376613630776792663 0.25062006277302772972 0.34724145712134624198 0.32126244742681986377 0.3683826391509317788 0.32822839666263109448 0.3292949416477955471 0.26599877294218010615 0.25356634004421241269 0.19592385907130530076 0.31921340001040404699 0.24733390000741237169 0.22913568753614119156 0.15073403131420121115 0.036453121886097533677 0 0 0 0 0 9.4777880260382316949e-05 0.019244260061382530147 0.069912810011697842927 0.13523363617890060695
0 0 0 0 0 0 0 0 0 0 0 0 0 0 0.013553234445064886796 0.22356800521418157546 0.16839845909029596549 0.033725693998204409052 0.1531445959466103679 0.2023040815584080665 0.17928925803926279436 0.25757659067856697455 0.38412333777856771944 0.46935631297637631087 0.44477740235919455136 0.38871521673963171928 0.35608127921588250686 0.43136034501377562567 0.41084840596905769505 0.35412359595211750918 0.34549473099140104448 0.321348692123931301 0.35984244912812773931 0.45478442332379337421 0.47416324159536199501 0.36857144686408710443 0.29627687215906906015 0.24057051192383616112 0.23338485496161090471 0.36510385772577402808 0.35756701417865155435 0.40380406995955170357 0.30196829071864406124 0.27698175724600149206 0.2656351798626458427 0.25275984194295053609 0.14904989728852011122 0.32278936712603639725 0.21839026923165261174 0.14638081559244209284 0.23065560635423279501 0.063497448517596838391 0.00022465215679288091455 0 0 0 0 0 0 0
0 0 0 0 0 0 0 0 0 0 0 0 0 0 0 0.065858491967733606698 0.26937840094455478557 0.10015484836078761277 0.012106390196290481992 0.094120601749962104488 0.21460570959571090288 0.21260143614797100131 0.24618087161155891018 0.35955434245005896132 0.44886211077260246283 0.43551034672897082078 0.40057235794782497518 0.40228731627220626343 0.43333602763360001831 0.38508479586884658552 0.3686496398462238977 0.31840247781017144701 0.37277630896406360739 0.37093114225065715317 0.47182750382885080276 0.41165152097328505665 0.34997032716101117433 0.27808514253901051028 0.26310807511587985807 0.27515535912264665885 0.3261682677254251761 0.36751866180215997382 0.36996703719617074491 0.30374743780933738391 0.24565324802013452365 0.24899026767359991319 0.24901357616884833845 0.13889624770839920087 0.2591330614962847334 0.24657291356575403163 0.21184544999307133861 0.24388542078925584677 0.080708009963048915614 0.0013375136617608033001 0 0 0 0 0 0
0 0 0 0 0 0 0 0 0 0 0 0 0 0 0 0.0040373519258005835519 0.13231903224324681467 0.24408876258448417018 0.078344758803660027868 0.00069741757039381690325 0.043531973477184966737 0.16508577964259860127 0.19931756586316792812 0.18612928344203535924 0.33287621422063479182 0.44949403504830615086 0.43475047592635168714 0.4114160245947635075 0.45002829924477238954 0.44440982705073195369 0.40110341440681362979 0.36806009791853211421 0.29176325996887747527 0.35065276919881716022 0.48107680128626661986 0.46735842212071659896 0.37402979855722934266 0.32782589495582264982 0.29067727774921076067 0.28535072570888858623 0.30309786816853978575 0.30250300940450847165 0.3696453683963238368 0.29089039170558150804 0.27928606118799420566 0.22662578786408166254 0.25024026002778715361 0.27583035997040322718 0.19000833648625489736 0.21238666014879420407 0.28418641442328046454 0.23448278209603223843 0.2248678976056503187 0.086003377388007853921 0.0026996833296502038661 0 0 0 0 0
0 0 0 0 0 0 0 0 0 0 0 0 0 0 0 0 0.018430151724752069642 0.17048379867777468943 0.22603965484806110009 0.05816907522221333865 0 0.015595897304991741122 0.11397914573671603933 0.18896354123909070433 0.18780710114722912185 0.32444372583684910616 0.46410828964897821169 0.42596674104380383152 0.41208254849047604162 0.46546394910462202121 0.44123718058379257645 0.3979726958269046988 0.32897479703230403381 0.35796251332951284363 0.33030808634736785745 0.4468905886487396506 0.43956038295752170031 0.36200276894472788181 0.33529673624714984026 0.2712769002455004963 0.29874875022694996618 0.33327668732131404683 0.3093964519634175292 0.37732039551649598774 0.27572204466436428527 0.22941450052659123626 0.23405976850044829529 0.21149987169130954334 0.242102785352389549 0.21121593363781676622 0.16002158832565763213 0.3244614655382869195 0.26781195952923259052 0.20162919277609764324 0.10175078525023624476 0.0093785408319353984891 0 0 0 0
0 0 0 0 0 0 0 0 0 0 0 0 0 0 0 0 0 0.03510150350056650409 0.20731241970806038588 0.20266331334767945238 0.03505473797691106147 0 0.0062351606014181461951 0.092523670366287849576 0.18791026327107304694 0.20495198200817371648 0.31443533341752044619 0.46205095126608364264 0.44886037881716150943 0.43437449801649391512 0.52129096978786282346 0.42369349232492953261 0.38799185335433178379 0.32786435853765449888 0.30572604911027723151 0.37438529350338972668 0.37483002216780897387 0.38629291379267716167 0.35168059880129703965 0.30734818869232766181 0.26032561824748490231 0.28536327922098370102 0.3491458280436592343 0.33276645767573043155 0.31614038764070223619 0.25163705460999175045 0.23551808862079487428 0.23230995166628706783 0.25103830763779666491 0.22717791496232173087 0.25460441041631587389 0.19865122069612450861 0.30873409174416865941 0.25505781390332726843 0.16137599713261852052 0.1432905220229108989 0.024745519330416767406 0 0 0
0 0 0 0 0 0 0 0 0 0 0 0 0 0 0 0 0 0 0.062395202284351476696 0.2171219125357447266 0.15820391607542147461 0.018322413172665929365 0 0.0040588689413674876316 0.093652617040098487533 0.20841661239501996228 0.18168838897787475961 0.30990411225290276365 0.43818325479599817829 0.44042267184074390673 0.48128610485317535606 0.5564832632579267413 0.43900473468860468085 0.34423691406182410635 0.31495123174808664634 0.27153596588092704378 0.34769945296528098622 0.33317446593559724155 0.36338797938478634153 0.34389483406119164544 0.29490108986822449744 0.27738483683195452878 0.32149943470667291523 0.29816299805024781833 0.32415042328944221328 0.2450586905919899805 0.22146864543256272739 0.24155039750977566615 0.22865829485387079156 0.22036692075877387098 0.22342199259289935442 0.24834385479264556307 0.18972199775249171116 0.28787501849026575496 0.22874331464994901442 0.11813910538046219767 0.18138370885042828795 0.033747056177564078994 0 0
0 0 0 0 0 0 0 0 0 0 0 0 0 0 0 0 0 0 0.0022770810647327614958 0.10315881568266238588 0.20001882204680510036 0.1207642975708642652 0.0090522760960381407069 0 0.0072643533298010470184 0.12739094929850622306 0.21776626317952627043 0.21343915036037300337 0.34902186979394694832 0.39802335781716763341 0.42203208468265179798 0.52516079746505706094 0.538320367781548903 0.44078013657430598071 0.33258659611701585357 0.28025531988539675865 0.29076209220400156541 0.33451681771617552963 0.33858460537567597326 0.34838529762199899054 0.32596772787553801587 0.30006592994520236983 0.2977774967015965335 0.3583319907785795233 0.30443410560464151393 0.3147776616820736062 0.2517846424295966945 0.20329051382251414615 0.24362845404139413241 0.23083691084328097909 0.17614891153315373473 0.20830441657202505845 0.24807442440658214466 0.17417289078146253045 0.28242170932901478064 0.21758088059037022921 0.10434999511569893749 0.18942151776151699982 0.036010240125230040531 0
0 0 0 0 0 0 0 0 0 0 0 0 0 0 0 0 0 0 0 0.014349043189269656065 0.15395523348453415968 0.1913622211388127381 0.10051946082269608285 0.0056106206314566206897 0 0.023773195123223136993 0.19806276149698306965 0.23876194094466948736 0.2399738750340827953 0.39265783483932986675 0.40612045624765391594 0.48624576297567234651 0.55496237868085007694 0.52464854295362794989 0.39693792352185608419 0.31169218549990962419 0.24833619361269984593 0.27789456977331999932 0.29338665771836847096 0.32836219644330516543 0.33006618155329342512 0.30474563481184341329 0.28491371261583042784 0.34974863514949655618 0.3694385708902390153 0.29996017519148981956 0.27935495999166432002 0.28070041027376496645 0.22192303323105336266 0.25149737501848684618 0.22410745091404835061 0.18466535259270236424 0.23149707724998005998 0.23679452072075982128 0.20064295888305314075 0.27562812781360845893 0.22444183014410420962 0.11821387246898662493 0.2143717367243190286 0.060445094023833613461
0 0 0 0 0 0 0 0 0 0 0 0 0 0 0 0 0 0 0 0 0.034124937092518903281 0.18924539853722149862 0.19342653558260400337 0.089868879005119792214 0.0016265627293893831096 0 0.066651880614652422863 0.24701296050247920078 0.17936652059892913003 0.27366987712882406836 0.34646338811770333033 0.36798485082671378299 0.49119468576657626668 0.52842487085454004081 0.51056834455632371661 0.35411285317466489886 0.33455082048995576915 0.29060367488454230678 0.29829836244781682275 0.32644844792492244689 0.30991897537532320239 0.2961401837808392834 0.32752747401255077886 0.27704771395477900686 0.29986468560817763906 0.37259722909454284778 0.29938114090216166874 0.27182586580494572104 0.26814717705804075321 0.24774369751999097966 0.26434405177354020067 0.24988657933341268391 0.19722057311330545848 0.22950082888718437157 0.20949135967645768353 0.2470991640050635707 0.24887660950018805628 0.2327403004181065882 0.16238270195125775741 0.21414715185103072592
0 0 0 0 0 0 0 0 0 0 0 0 0 0 0 0 0 0 0 0 0 0.045696161703934118359 0.2126261103220911941 0.19730317348511988707 0.061006925057096636489 0 0.0054593416191470733878 0.16153634609412564904 0.24096640200530689002 0.26630502116669180213 0.303064114126080697 0.34822479773135961434 0.45724874270145426935 0.51631127718835834184 0.53049624829957187089 0.42915661329369969579 0.34771646099892533632 0.28441193726468327885 0.34015674104947224432 0.31209270896277102603 0.34180104721445930815 0.28730604284087274403 0.27099129530713877978 0.34286821694972458019 0.28006255712049127338 0.32388761250807762693 0.33488246253791509321 0.32780305397976178261 0.30489412267903898135 0.2837249193771606004 0.27021235139403021464 0.26892917543679489834 0.25470115165688339554 0.20394779736740528686 0.19396617227665044481 0.21019860126397599265 0.21597857648848264867 0.18156381272268795612 0.23404611216174212029 0.22886607857092533536
0 0 0 0 0 0 0 0 0 0 0 0 0 0 0 0 0 0 0 0 0 0 0.062658914423258812998 0.19322151164522277655 0.19360400260335108857 0.025707592976586729483 0 0.060666185270471600921 0.22964596410841259244 0.19157850838393933324 0.25772689543351479102 0.27578455685202968306 0.32963498329702523026 0.43428292383016503519 0.52623502816861456033 0.53158027215523651066 0.37167925114095429207 0.32151644915730781538 0.29268083207125328293 0.28253828498448940731 0.30628035036037931649 0.28953366708281502717 0.25635451318637858531 0.31676030363246276966 0.29101649436092674739 0.30303834505079474404 0.28269747414908463767 0.28981574001297977228 0.25747286150687981321 0.29762318182111280329 0.28201352877781660222 0.26849335639590177216 0.26851849637134478366 0.24699861241999282457 0.24895149412919095888 0.17091396966773342303 0.2138913370804544356 0.20754204955577298941 0.13489642917923097554 0.24679444893719262866
0 0 0 0 0 0 0 0 0 0 0 0 0 0 0 0 0 0 0 0 0 0 0.0019173833912737572524 0.10069110092861566219 0.18219065972505887885 0.11772622336937370313 0.0015827970141233664754 0.010069098587137200254 0.20282968743148235835 0.22721646534752873436 0.22873827749763719908 0.26135353300276897848 0.31797797058992371966 0.3655867790903429837 0.44529475863134715397 0.50852222102034982942 0.4242136291481457544 0.35332926719196544596 0.26885678417106051441 0.33887021197009847828 0.26777232849102228229 0.31340524998873353635 0.22398869379398425594 0.25670457202395147167 0.32850186614488213754 0.29095928607442728131 0.22202318882451002602 0.24073429595138293169 0.25578593293088830452 0.22288326744969080839 0.28338303750539167725 0.26929214576805343695 0.25673845691404195701 0.24951082043858199833 0.26600880555775824332 0.25932130113050594344 0.17343799957482000651 0.19718722252040235543 0.23702503596207205594 0.17346237956798560287
0 0 0 0 0 0 0 0 0 0 0 0 0 0 0 0 0 0 0 0 0 0 0 0.016455657579929030415 0.17207551961552383646 0.20478407364589007456 0.050304570030973841388 0 0.13518374692913096013 0.2057616569841586307 0.17962513845243169297 0.22198413949773557197 0.24326952508504892658 0.33925440015495061941 0.41499969747258291797 0.44841808904069935249 0.49245538218030732169 0.32334408627548394399 0.30310076560248483402 0.30611038154560149538 0.29382107943973245767 0.29084317070681342532 0.22134467751772105015 0.22903091425446464591 0.2582343827777928702 0.34650283936175618749 0.26366316382334992197 0.21474378950200792571 0.24881454972834152195 0.23931381194468737128 0.23728574601501442598 0.27559830932646517399 0.26570931668437386408 0.2509495137135838716 0.26879685500511724117 0.29499688204750090792 0.26459853296477731099 0.18282609140585748264 0.18310750075585344177 0.25271570706931950623
0 0 0 0 0 0 0 0 0 0 0 0 0 0 0 0 0 0 0 0 0 0 0 0 0.048818602349598422263 0.21829193628632245772 0.16877186309653066654 0.011543164588574525778 0.06009489300721934657 0.21532456629684559868 0.18303971601770463451 0.2190063127103240026 0.25838441085882563053 0.30503392345723984169 0.37225793347435209846 0.41867908554723265446 0.44464870484238960824 0.38674661765582585282 0.34511690211840689857 0.26019166736346949209 0.32168994195911404521 0.28010646067404187942 0.28665716096664911605 0.14161032259398123601 0.22426680217539846085 0.29585750870233457066 0.29366122523784798926 0.25513814390365574525 0.25409201178482798689 0.2662661767468513796 0.22643037427085216384 0.27059542723878454717 0.2731675196317393528 0.26787771017920131156 0.24775173537715028393 0.31819252875213099863 0.3006561929234298769 0.24739753610730272348 0.24510795400024704138 0.24261178661380097821
0 0 0 0 0 0 0 0 0 0 0 0 0 0 0 0 0 0 0 0 0 0 0 0 0.00046565488949941235631 0.090094274202333402002 0.22210995153670035074 0.086955128205810083841 0.0086541341009726234501 0.18398287239115929115 0.19568226791833726042 0.16813685267771055765 0.24108358772073393284 0.26295188295993382477 0.37967078432359419038 0.36057365872472108004 0.45418487808784652193 0.47268211527976505826 0.33988323865790576184 0.28424760325981368592 0.31704324229929992107 0.25895389800990920026 0.27535768257309345408 0.24542251744807994096 0.25255026701880534112 0.27033539205889806079 0.33852277609678799175 0.2596301817131592693 0.24856832941150586169 0.24700343929996207426 0.25935148370147992347 0.21340638664811148462 0.28100148612618863764 0.25988043138816552258 0.27750980126913327162 0.26639200124614609289 0.31539731036140605802 0.28230833414172779028 0.24676164577457851412 0.22624740726299066851
0 0 0 0 0 0 0 0 0 0 0 0 0 0 0 0 0 0 0 0 0 0 0 0 0 0.010307361753855426995 0.15495014147292626716 0.23717876380400548797 0.03751849065655129406 0.06714069625326167523 0.17326764616695217169 0.20552963686250649844 0.25093431738145000054 0.24745738063180025557 0.31615624996280961012 0.37245157674160100925 0.42204257117309351699 0.42614856422698460525 0.40687035558722950412 0.30319310722669634561 0.2931707196722173614 0.35325951283087075883 0.23447350232396488301 0.30149293090387635496 0.15164635839430079534 0.22117964403992468325 0.28663619611619811645 0.31096331963721624003 0.27607794245365036012 0.26295857208930079052 0.23691392605937552918 0.25082975408380747684 0.1781623067772820368 0.29005347086876742679 0.22976644592477493689 0.27913361083702564747 0.23906848639819261448 0.26543360600572585284 0.27235870870529121923 0.26415904361390041277
0 0 0 0 0 0 0 0 0 0 0 0 0 0 0 0 0 0 0 0 0 0 0 0 0 0 0.03384915509714252202 0.22278445434953156323 0.15882488978118258771 0.010708862004889511954 0.18300521480105685912 0.11448682325528890258 0.14007204052709040787 0.23856624037254239856 0.34332767822496990107 0.30924397719526242057 0.36395330272262105265 0.49515295618570276392 0.44291210694838617501 0.32181313317108689587 0.29254402342544039151 0.31344018383894639568 0.25596112078654342792 0.25542376909372371818 0.26391419667612975308 0.16214721340425775065 0.24568503260794216647 0.36854393354466036259 0.29334251439021513663 0.25106744551061715987 0.25242685446438062336 0.20913179059969128071 0.21964703164652393808 0.17768616620533594919 0.26508040878636485171 0.23664242954865985502 0.27285945509153097799 0.20641799941906796567 0.23349764238727396815 0.25071723377404703248
0 0 0 0 0 0 0 0 0 0 0 0 0 0 0 0 0 0 0 0 0 0 0 0 0 0 0 0.065397909966868311704 0.24164628752375449938 0.10958660952496193652 0.098965550800990439995 0.12316012238080441266 0.16298436816827380214 0.25888920770655188264 0.32899867316611408619 0.3043105839527077694 0.34741361102495349478 0.46096368548442395729 0.47790191561418016164 0.36453877336122414432 0.28596554171989296833 0.28154613380083609586 0.24386044225056527357 0.18358999840980094742 0.27131714376084919982 0.2556393381875529669 0.25866323519028072697 0.28679632656305648064 0.29210122600910359836 0.25882755477403762701 0.26024816103714892845 0.17311025966510473761 0.18923265464607469388 0.23605817941661128012 0.21439398092144654195 0.29914922317451292377 0.22265583683821091321 0.2329720310345587686 0.20177185483703055646 0.2173130397544004444
0 0 0 0 0 0 0 0 0 0 0 0 0 0 0 0 0 0 0 0 0 0 0 0 0 0 0 0.0019824515808305755681 0.088504848683993553315 0.24343256731297435724 0.080274853902090617663 0.20156918838842385888 0.098632525468115059275 0.15750037439840963716 0.27734554223710200516 0.2847051749894166095 0.35484622439128782334 0.45143233028303048071 0.44170111205865575377 0.44818304002488540405 0.33879304693114725699 0.28458287315653774119 0.33188551501939705934 0.2370850943587091697 0.20716280536804704271 0.26639500800498222555 0.12793279632365159304 0.23898369405951352951 0.33280388012708400636 0.35306375947331547493 0.27898457131421788846 0.20838228391866853162 0.19159721708835358855 0.21597620950450058253 0.24462517037342657034 0.23363327826128935105 0.25772479523935026835 0.24782054151609014814 0.2237337105303165985 0.24700761704565005195
0 0 0 0 0 0 0 0 0 0 0 0 0 0 0 0 0 0 0 0 0 0 0 0 0 0 0 0 0.0049868817639200290967 0.10868781215057961298 0.23471719199791643562 0.079975405694239970478 0.1446081904917769223 0.16126927895612142017 0.24098731494844904955 0.30298677216353259167 0.30219669758575040674 0.35155305892633875731 0.46525121702655386491 0.43606562829992367991 0.32831538540490573519 0.26430734122067006675 0.34715457179524461528 0.21301215521539831887 0.15758253871075855734 0.22394494768794923067 0.2489993339545232276 0.18972540486179945152 0.31581749050996388295 0.33937243994937060787 0.32025002981209765851 0.27650229506157059101 0.11826076349754337247 0.22891216974265798934 0.19037294586698402798 0.20798706761468496729 0.24185648644007368135 0.20522540139234013434 0.22956499709489960881 0.2113381559162163803
0 0 0 0 0 0 0 0 0 0 0 0 0 0 0 0 0 0 0 0 0 0 0 0 0 0 0 0 0 0.0086911094602014644234 0.13777567156488002009 0.22111164955942205768 0.14721268585657396044 0.14179651073655649696 0.22510545442688170703 0.31864351272003837989 0.34635680353862741132 0.29244257549715446665 0.40674972868884617938 0.4813309386210615215 0.37720232536289816094 0.28757416200415536478 0.29483987797371469242 0.2354236874372573618 0.24002335934893975766 0.2023047598081263998 0.22882401178719538604 0.20918606612540352474 0.26822769583920430536 0.34547884903585923677 0.29060850066719023932 0.2627541375543501756 0.23276837426107388485 0.16505803996751891582 0.17702702587509783205 0.2166798145571239842 0.21519401733829032763 0.24475559179352868178 0.20596513443396444187 0.18861197576037627699
0 0 0 0 0 0 0 0 0 0 0 0 0 0 0 0 0 0 0 0 0 0 0 0 0 0 0 0 0 0 0.018723364698568226855 0.18342403489944614225 0.1748287763487208768 0.21841329195519507134 0.18346358154073555413 0.33596707715632806446 0.37473418790331053385 0.3242415450361953444 0.41167673706245327958 0.43950608697993420737 0.44570128580916285044 0.28169797995820322623 0.23842003218629995165 0.28078864507834255804 0.20537688189339237121 0.15016101993283476057 0.19607842845518452801 0.22099791600986648521 0.18689640156894021805 0.30303505293442917212 0.28416315213439041765 0.29330745883520586981 0.25446787576641477502 0.1170045337272683228 0.17690247241765524877 0.2109304362047486614 0.21715650037783518211 0.20201068892917817266 0.24569305369190044819 0.20788785420964117634
0 0 0 0 0 0 0 0 0 0 0 0 0 0 0 0 0 0 0 0 0 0 0 0 0 0 0 0 0 0 0 0.040798829189628876835 0.23950240721498872176 0.10959872240213540395 0.18876532133794135526 0.27457706201635651011 0.39087924338609258967 0.36763852406752534074 0.37925095960381932647 0.4441717739621874883 0.4456238936085891722 0.32674530070569657303 0.25265740925937296701 0.2977451249829309865 0.22371564284979345016 0.205609945688470519 0.17972495852269262939 0.22902348410447867511 0.20645572879515905473 0.25256388997096546056 0.27748001873683686425 0.25443336671048033537 0.27445782949585389998 0.22963393169549684014 0.16502871625672455025 0.083692361153060404466 0.21470349235790181508 0.16524535624154659819 0.15577234945249632259 0.21853456050468456073
0 0 0 0 0 0 0 0 0 0 0 0 0 0 0 0 0 0 0 0 0 0 0 0 0 0 0 0 0 0 0 1.4021789815884708289e-05 0.092023018933797232077 0.23131255488142235532 0.1756044304737246764 0.18140477617105857377 0.35093735689790589438 0.39739805505922870532 0.36753529660997780182 0.39639972894691816174 0.47281723466184794047 0.38611016792962155053 0.22307208293563340895 0.26093387591087796595 0.23385988162377557842 0.22480729548236902393 0.15212482060415771778 0.2110853015065134175 0.25056057973052298093 0.25038793244874102406 0.24441532560162299026 0.2784182850990439273 0.29935100110030182785 0.26577212307920772272 0.076469268589806502212 0.13939054815842075175 0.14596285419184218402 0.18922168024051042035 0.15966215350857182464 0.18705438950629033057
0 0 0 0 0 0 0 0 0 0 0 0 0 0 0 0 0 0 0 0 0 0 0 0 0 0 0 0 0 0 0 0 0.012008046436128995416 0.1877955258888990564 0.1285823466894272793 0.18708294668765473867 0.29472772608631697677 0.41240663422609052935 0.36399684203154930584 0.39218288755219771202 0.42798911762833391492 0.43761517426521651108 0.30425928182151273926 0.23933838538944998686 0.25944859694417465867 0.18773169823560631464 0.16900016892732250273 0.21314869614168455159 0.22665803704355313997 0.13998019418746621145 0.24107814637752519871 0.29661350624801385845 0.26669920749503994717 0.28038419339029091448 0.18555610970885055844 0.1557775127830520745 0.0468139869036105008 0.19636003386116682168 0.20018496707210442498 0.18945107026077467882
0 0 0 0 0 0 0 0 0 0 0 0 0 0 0 0 0 0 0 0 0 0 0 0 0 0 0 0 0 0 0 0 0 0.085934833418264591764 0.2220651526859585001 0.19459438115312360784 0.16425773820864053576 0.38541729164352539483 0.44285372142761375569 0.37034017506054334179 0.40947084327424293493 0.45011683138714847496 0.27837563949255872409 0.24780862946678525183 0.26319680833606651227 0.22368095179074379275 0.24582174113804367011 0.20067472913596690054 0.22729092727903413285 0.17037305046976927714 0.23639192721648294437 0.26163741414151048259 0.27077128708575992633 0.26862062018790167084 0.24784669688766444717 0.071876989375227184897 0.13969631433518533981 0.076270527124441184208 0.18094696527790929408 0.19520469759598738091
