benchmarks/avaHitNullTest/relHit_null_ref_0.15500_pfd.asc
ncols         523
nrows         444
xllcenter     272775
yllcenter     357500
cellsize      5
NODATA_value  -9999
[rows 38 to 75 of 444, columns 85 to 169 of 523]
0 0 0 0 0 0 0 0 0 0 0 0 0 0 0 0 0 0 0 0 0 0 0 0 0 0 0 0 0 0 0 0 0 0 0 0 0 0 0 0 0 0 0 0 0 0 0 0 0 0 0 0 0 0 0 0 0 0 0 0 0 0 0 0.156228 0.343073 0.240498 0.483433 0.661211 0.66581 0.831976 0.744323 0.944688 0.890112 1.01911 1.10882 1.06306 1.00787 0.96758 1.14771 1.14396 1.32678 1.16306 1.11261 0.893676 1.0845
0 0 0 0 0 0 0 0 0 0 0 0 0 0 0 0 0 0 0 0 0 0 0 0 0 0 0 0 0 0 0 0 0 0 0 0 0 0 0 0 0 0 0 0 0 0 0 0 0 0 0 0 0 0 0 0 0 0 0 0 0 0 0.10958 0.370727 0.633518 0.626669 0.769785 1.0459 0.904478 1.16795 1.02015 1.20832 1.02164 1.07547 1.05359 1.09346 1.09878 1.07312 1.07633 1.10505 1.38159 1.30976 1.18433 0.901804 1.16812
0 0 0 0 0 0 0 0 0 0 0 0 0 0 0 0 0 0 0 0 0 0 0 0 0 0 0 0 0 0 0 0 0 0 0 0 0 0 0 0 0 0 0 0 0 0 0 0 0 0 0 0 0 0 0 0 0 0 0 0 0 0.160494 0.45574 0.690317 0.930965 1.04131 1.23131 1.192 0.86226 1.08653 1.03262 1.21316 1.04701 1.07397 1.07026 0.986701 1.05537 1.06815 1.1192 1.19566 1.2899 1.3345 1.23098 0.973427 1.12357
0 0 0 0 0 0 0 0 0 0 0 0 0 0 0 0 0 0 0 0 0 0 0 0 0 0 0 0 0 0 0 0 0 0 0 0 0 0 0 0 0 0 0 0 0 0 0 0 0 0 0 0 0 0 0 0 0 0 0 0 0.133347 0.549924 0.772289 0.879407 1.16208 1.09357 1.17409 1.11056 0.942373 1.01355 1.16137 1.28005 1.16588 1.11439 1.17095 1.13812 1.14397 1.15649 1.23811 1.3868 1.45681 1.38385 1.24547 1.06737 0.986563
0 0 0 0 0 0 0 0 0 0 0 0 0 0 0 0 0 0 0 0 0 0 0 0 0 0 0 0 0 0 0 0 0 0 0 0 0 0 0 0 0 0 0 0 0 0 0 0 0 0 0 0 0 0 0 0 0 0 0 0.109065 0.505556 0.992053 0.85604 0.954935 1.10305 0.948816 0.845852 1.07544 1.0937 1.00316 1.09833 1.15689 1.16851 1.15931 1.24419 1.29224 1.32806 1.41567 1.46142 1.54697 1.58611 1.43474 1.18367 1.04561 0.979473
0 0 0 0 0 0 0 0 0 0 0 0 0 0 0 0 0 0 0 0 0 0 0 0 0 0 0 0 0 0 0 0 0 0 0 0 0 0 0 0 0 0 0 0 0 0 0 0 0 0 0 0 0 0 0 0 0 0 0.0821257 0.391289 0.652495 1.01353 0.981037 0.973893 1.0097 1.00632 0.91269 1.00548 1.16556 1.2093 1.12154 1.11699 1.15024 1.23935 1.33622 1.40851 1.50386 1.64072 1.6801 1.6431 1.58497 1.42759 1.19597 1.01797 1.02521
0 0 0 0 0 0 0 0 0 0 0 0 0 0 0 0 0 0 0 0 0 0 0 0 0 0 0 0 0 0 0 0 0 0 0 0 0 0 0 0 0 0 0 0 0 0 0 0 0 0 0 0 0 0 0 0 0 0 0.394557 0.788023 0.854147 0.899132 1.1534 0.999584 1.06961 1.09022 1.05015 1.00811 1.18876 1.38361 1.38612 1.25014 1.21641 1.30041 1.44621 1.52302 1.60593 1.71903 1.75819 1.67084 1.53646 1.39007 1.20677 1.11363 1.10604
0 0 0 0 0 0 0 0 0 0 0 0 0 0 0 0 0 0 0 0 0 0 0 0 0 0 0 0 0 0 0 0 0 0 0 0 0 0 0 0 0 0 0 0 0 0 0 0 0 0 0 0 0 0 0 0 0 0.130457 0.59567 1.13714 1.11167 0.908036 1.20194 1.14181 1.21033 1.19597 1.14539 1.12323 1.2212 1.41482 1.5198 1.4455 1.32725 1.31546 1.42128 1.52876 1.58984 1.65215 1.6814 1.62059 1.47889 1.34746 1.21618 1.22533 1.13282
0 0 0 0 0 0 0 0 0 0 0 0 0 0 0 0 0 0 0 0 0 0 0 0 0 0 0 0 0 0 0 0 0 0 0 0 0 0 0 0 0 0 0 0 0 0 0 0 0 0 0 0 0 0 0 0 0.0632181 0.452508 0.684836 1.04426 1.04981 0.96331 1.15037 1.20234 1.23767 1.28271 1.27983 1.30892 1.3564 1.4845 1.55472 1.51998 1.40419 1.32649 1.33347 1.41531 1.47128 1.50639 1.54167 1.52443 1.42581 1.31184 1.21028 1.23949 1.12261
0 0 0 0 0 0 0 0 0 0 0 0 0 0 0 0 0 0 0 0 0 0 0 0 0 0 0 0 0 0 0 0 0 0 0 0 0 0 0 0 0 0 0 0 0 0 0 0 0 0 0 0 0 0 0.242043 0.244689 0.419061 0.916176 0.933641 0.964911 1.10424 1.11034 1.14377 1.19073 1.25875 1.39823 1.42689 1.48341 1.54302 1.58084 1.56905 1.50191 1.39591 1.29686 1.24654 1.27273 1.32111 1.36542 1.40588 1.4204 1.37771 1.31003 1.24678 1.20238 1.1559
0 0 0 0 0 0 0 0 0 0 0 0 0 0 0 0 0 0 0 0 0 0 0 0 0 0 0 0 0 0 0 0 0 0 0 0 0 0 0 0 0 0 0 0 0 0 0 0 0 0 0 0 0 0.047964 0.656248 0.723056 0.926426 1.12159 1.04024 1.05535 1.18123 1.20524 1.21407 1.2301 1.28758 1.42708 1.46043 1.51579 1.59398 1.60708 1.55618 1.4549 1.34631 1.28644 1.19657 1.17499 1.20738 1.27149 1.30163 1.32584 1.32886 1.30773 1.26803 1.18258 1.1526
0 0 0 0 0 0 0 0 0 0 0 0 0 0 0 0 0 0 0 0 0 0 0 0 0 0 0 0 0 0 0 0 0 0 0 0 0 0 0 0 0 0 0 0 0 0 0 0 0 0 0 0 0.107931 0.390267 0.835907 0.893892 1.05201 1.09994 1.03526 1.08512 1.15573 1.21824 1.2693 1.29734 1.31006 1.33918 1.37623 1.60884 1.54508 1.49518 1.47879 1.40625 1.30812 1.25671 1.16549 1.25707 1.19103 1.20863 1.27859 1.26729 1.27856 1.27934 1.29649 1.22481 1.17675
0 0 0 0 0 0 0 0 0 0 0 0 0 0 0 0 0 0 0 0 0 0 0 0 0 0 0 0 0 0 0 0 0 0 0 0 0 0 0 0 0 0 0 0 0 0 0 0 0 0 0.108867 0.222611 0.39167 0.842804 1.07573 1.06589 0.991598 1.06525 1.08776 1.09815 1.2718 1.26862 1.24283 1.27574 1.2798 1.26406 1.30128 1.45096 1.3682 1.33901 1.35024 1.3352 1.28583 1.22525 1.1619 1.26004 1.2184 1.16822 1.20219 1.201 1.22247 1.24346 1.42055 1.3036 1.21609
0 0 0 0 0 0 0 0 0 0 0 0 0 0 0 0 0 0 0 0 0 0 0 0 0 0 0 0 0 0 0 0 0 0 0 0 0 0 0 0 0 0 0 0 0 0 0 0 0 0.113869 0.404827 0.82393 0.871554 0.975991 1.10771 1.17231 1.11513 1.09241 1.09081 1.08266 1.21561 1.22806 1.19153 1.1777 1.16974 1.20829 1.20283 1.16177 1.17686 1.21994 1.2488 1.25555 1.24864 1.21865 1.17029 1.15352 1.17535 1.13108 1.23639 1.17483 1.15847 1.1935 1.33605 1.27438 1.22598
0 0 0 0 0 0 0 0 0 0 0 0 0 0 0 0 0 0 0 0 0 0 0 0 0 0 0 0 0 0 0 0 0 0 0 0 0 0 0 0 0 0 0 0 0 0 0 0 0.0761668 0.400371 0.82391 1.08726 1.09534 1.0261 1.14624 1.18289 1.27577 1.18965 1.07687 1.05231 1.04632 1.06581 1.17142 1.13139 1.06588 1.09428 1.09441 1.10175 1.13445 1.18537 1.24165 1.2098 1.28148 1.2265 1.17755 1.18381 1.15183 1.16882 1.25772 1.14253 1.1764 1.18411 1.23506 1.2211 1.21999
0 0 0 0 0 0 0 0 0 0 0 0 0 0 0 0 0 0 0 0 0 0 0 0 0 0 0 0 0 0 0 0 0 0 0 0 0 0 0 0 0 0 0 0 0 0 0.0630957 0.165114 0.50019 0.807169 0.981441 0.992402 1.01552 1.13807 1.22701 1.21939 1.24126 1.16828 1.17273 1.11387 1.00767 1.03116 1.11768 1.19658 1.10809 1.12434 1.12303 1.1284 1.16909 1.21671 1.24918 1.20054 1.23875 1.18576 1.17244 1.19355 1.16038 1.1913 1.16364 1.1036 1.21839 1.16866 1.18874 1.20871 1.22035
0 0 0 0 0 0 0 0 0 0 0 0 0 0 0 0 0 0 0 0 0 0 0 0 0 0 0 0 0 0 0 0 0 0 0 0 0 0 0 0 0 0 0 0 0.0975145 0.265561 0.470188 0.716274 0.905155 1.12033 1.09304 1.06331 1.05064 1.12611 1.14617 1.13355 1.11046 1.06591 1.10566 1.08202 0.97559 1.12359 1.10769 1.12411 1.11194 1.25264 1.20658 1.23888 1.21871 1.23236 1.33761 1.28126 1.18064 1.14397 1.14409 1.21638 1.18375 1.17528 1.24509 1.16975 1.16732 1.14676 1.1484 1.30139 1.26971
0 0 0 0 0 0 0 0 0 0 0 0 0 0 0 0 0 0 0 0 0 0 0 0 0 0 0 0 0 0 0 0 0 0 0 0 0 0 0 0 0 0.0785344 0.277014 0.290504 0.459642 0.763593 0.8521 1.06254 1.10527 1.18391 1.20514 1.1871 1.16262 1.11408 1.2768 1.13091 1.16206 1.18373 1.08749 0.96662 0.916481 1.13646 1.15514 1.02488 1.07133 1.21689 1.17144 1.20079 1.19542 1.21468 1.31193 1.28157 1.19728 1.17358 1.13293 1.22893 1.19962 1.18935 1.26772 1.21202 1.16244 1.16013 1.17594 1.28771 1.29063
0 0 0 0 0 0 0 0 0 0 0 0 0 0 0 0 0 0 0 0 0 0 0 0 0 0 0 0 0 0 0 0 0 0 0 0 0 0 0 0.045149 0.235664 0.431178 0.71177 0.935449 0.902023 0.970261 0.933228 1.00237 1.10599 1.11813 1.14941 1.18047 1.22078 1.14812 1.21824 1.08136 1.08135 1.16127 1.17585 1.06297 1.09922 1.20829 1.25666 1.0934 1.04922 1.06304 1.02752 1.03059 1.07963 1.15798 1.18637 1.1963 1.19756 1.29643 1.19355 1.16684 1.17403 1.1917 1.21145 1.22377 1.21639 1.18961 1.22756 1.20826 1.27524
0 0 0 0 0 0 0 0 0 0 0 0 0 0 0 0 0 0 0 0 0 0 0 0 0 0 0 0 0 0 0 0 0 0 0 0 0.137939 0.265303 0.221633 0.336175 0.684023 0.843609 0.895341 1.16755 1.11919 1.0047 0.963599 1.0125 1.16796 1.16621 1.10303 1.12061 1.19859 1.12001 1.16051 1.02596 1.08067 1.11281 1.23292 1.24072 1.27736 1.29543 1.27373 1.12862 1.09547 1.08165 0.967619 1.08514 1.03467 1.05962 1.12159 1.14448 1.17496 1.31177 1.2689 1.21083 1.19395 1.19761 1.21178 1.24044 1.2464 1.23431 1.25492 1.21258 1.26717
0 0 0 0 0 0 0 0 0 0 0 0 0 0 0 0 0 0 0 0 0 0 0 0 0 0 0 0 0 0 0 0 0 0.155684 0.27045 0.294532 0.465623 0.705083 0.686827 0.896218 1.0417 1.04553 0.991945 1.12922 1.13357 1.21224 1.11747 1.04699 1.13696 1.15242 1.07214 1.04809 1.07028 1.01698 1.17758 1.09463 1.1318 1.15897 1.24654 1.31661 1.30672 1.29695 1.23288 1.11773 1.12062 1.19137 1.05093 1.20808 1.17408 1.07446 1.09362 1.11238 1.16021 1.23131 1.31871 1.30976 1.24702 1.21544 1.2131 1.23622 1.26737 1.27191 1.28227 1.24644 1.26001
0 0 0 0 0 0 0 0 0 0 0 0 0 0 0 0 0 0 0 0 0 0 0 0 0 0 0 0 0 0 0.138316 0.280876 0.227214 0.491656 0.674164 0.764336 0.863928 1.07637 0.999477 1.06653 1.12188 1.0249 0.995605 1.07184 1.06683 1.1614 1.12321 1.16996 1.09397 1.0487 1.02459 1.01848 1.06852 0.981119 1.19286 1.18091 1.0818 1.12106 1.18446 1.26623 1.31555 1.29536 1.23328 1.13864 1.06607 1.1282 1.098 1.14558 1.19858 1.14653 1.10366 1.11562 1.19805 1.23509 1.30429 1.31043 1.27586 1.24296 1.24136 1.24792 1.27288 1.29844 1.32433 1.30693 1.27322
0 0 0 0 0 0 0 0 0 0 0 0 0 0 0 0 0 0 0 0 0 0 0 0 0 0 0 0 0.0850869 0.186396 0.419222 0.632172 0.74615 1.13186 1.05792 0.987997 0.99892 1.10022 1.11614 0.979711 0.974665 1.05766 1.01599 0.962195 0.964412 1.11268 1.09982 1.14216 1.0961 1.12654 1.10214 1.23611 1.15778 1.02376 1.2406 1.24605 1.15521 1.13941 1.13672 1.17787 1.24018 1.25412 1.21338 1.18162 1.11864 1.08976 1.12734 1.0982 1.11015 1.1317 1.17172 1.1459 1.18769 1.24267 1.25779 1.26379 1.26925 1.27128 1.28401 1.28272 1.28714 1.32323 1.35681 1.35054 1.32229
0 0 0 0 0 0 0 0 0 0 0 0 0 0 0 0 0 0 0 0 0 0 0 0 0 0 0.116244 0.26281 0.55419 0.769273 0.818577 0.78324 0.995138 1.2592 1.16553 1.01571 1.01508 1.0561 1.11364 0.985753 0.935891 1.126 1.1095 0.996009 0.962069 1.23534 1.3406 1.16606 1.03925 1.10747 1.11972 1.24848 1.16894 1.06387 1.11397 1.18399 1.18084 1.1426 1.16428 1.2381 1.19365 1.18353 1.18096 1.17115 1.16456 1.11156 1.18614 1.16113 1.17049 1.1125 1.14105 1.13868 1.1427 1.18867 1.23564 1.23472 1.24586 1.27769 1.30709 1.31905 1.31805 1.35163 1.39828 1.40979 1.40001
0 0 0 0 0 0 0 0 0 0 0 0 0 0 0 0 0 0 0 0 0 0 0 0.065552 0.147319 0.182311 0.561061 0.815343 0.923502 1.24346 1.11229 0.94556 1.05397 1.03189 1.0932 1.0205 1.00249 1.13828 1.15159 1.07219 1.01967 1.18102 1.25496 1.12281 1.00067 1.10397 1.28826 1.23954 1.09524 1.20141 1.16874 1.13463 1.14421 1.08688 1.07006 1.24889 1.22305 1.12665 1.14582 1.21329 1.18164 1.1388 1.1471 1.14362 1.14822 1.13213 1.14072 1.16804 1.15976 1.13154 1.05671 1.18625 1.22854 1.16391 1.18619 1.22262 1.22152 1.25744 1.31243 1.3512 1.35216 1.38283 1.42501 1.46922 1.46886
0 0 0 0 0 0 0 0 0 0 0 0 0 0 0 0 0 0 0 0 0.0430379 0.372194 0.342572 0.471766 0.710075 0.736248 0.874267 0.97706 0.927125 1.13603 1.09711 0.964461 0.995409 1.00791 1.08332 1.08371 1.09863 1.15285 1.14349 1.12529 1.07902 1.20473 1.20824 1.0838 1.06916 1.09774 1.22697 1.18796 1.10829 1.20787 1.20594 1.17267 1.16798 1.11701 1.09009 1.22296 1.23459 1.17973 1.16182 1.13423 1.12263 1.09679 1.1218 1.13696 1.14307 1.20849 1.12639 1.11396 1.10116 1.08705 1.24076 1.21824 1.21554 1.17755 1.15169 1.19572 1.2093 1.22514 1.28645 1.36719 1.39315 1.41193 1.43782 1.49311 1.52506
0 0 0 0 0 0 0 0 0 0 0 0 0 0 0 0 0 0.0699635 0.222314 0.264125 0.359103 0.738973 0.820955 0.83051 0.984475 1.08862 1.03235 0.95165 0.898253 0.968364 0.979838 0.943282 1.11307 1.0763 1.01652 1.09702 1.15451 1.13066 1.08098 1.17589 1.1221 1.15627 1.05768 0.994349 1.06398 1.11462 1.20213 1.15015 1.14205 1.12929 1.12592 1.12694 1.15522 1.19025 1.10916 1.1891 1.1744 1.1766 1.18539 1.14706 1.1277 1.08625 1.10582 1.14221 1.14376 1.18897 1.13006 1.1013 1.13115 1.06034 1.35009 1.24889 1.1502 1.15551 1.14899 1.1762 1.20071 1.23335 1.27609 1.35701 1.42047 1.45252 1.46728 1.52055 1.57529
0 0 0 0 0 0 0 0 0 0 0 0 0 0 0 0.137653 0.294723 0.359182 0.68626 0.850357 0.864208 0.972976 1.02938 0.974457 1.0564 1.07074 1.08243 1.08913 0.978877 0.973463 0.960758 0.923318 1.132 1.1311 1.02886 1.07407 1.11657 1.12562 1.08237 1.13193 1.10272 1.07635 1.0222 1.10348 1.10411 1.02089 1.01758 1.13738 1.15719 1.20037 1.13899 1.08312 1.08382 1.15247 1.143 1.19535 1.22684 1.1365 1.16742 1.15399 1.1534 1.2109 1.13325 1.10107 1.20235 1.1546 1.10681 1.10253 1.12389 1.10023 1.18066 1.20906 1.18341 1.1748 1.15449 1.17006 1.18413 1.22731 1.303 1.35781 1.41193 1.48982 1.51102 1.56726 1.6318
0 0 0 0 0 0 0 0 0 0 0 0 0 0.134335 0.295666 0.346352 0.740891 0.896783 1.02546 1.06246 0.99483 1.1258 1.06793 1.03579 1.10057 1.14862 1.18429 1.10256 1.14896 1.0378 1.06667 1.02308 1.06375 1.11298 1.10973 1.16874 1.18799 1.15445 1.09442 1.0348 1.19289 1.08274 1.05545 1.10124 1.13472 1.13192 1.05639 1.11882 1.10689 1.12529 1.13569 1.1182 1.10911 1.10533 1.1926 1.17502 1.21493 1.13269 1.12399 1.12075 1.1775 1.24413 1.15592 1.06615 1.13845 1.19938 1.16277 1.1279 1.12836 1.13467 1.13778 1.14476 1.17614 1.19152 1.19002 1.31081 1.32325 1.24522 1.31284 1.37224 1.41776 1.49767 1.5628 1.61966 1.69099
0 0 0 0 0 0 0 0 0 0 0 0.0857716 0.301486 0.496625 0.761889 0.745517 0.969972 1.09055 1.12296 0.992493 0.957434 1.05331 1.08674 1.03189 1.05715 1.20374 1.25384 1.09538 1.19508 1.1402 1.14247 1.15203 1.15908 1.18423 1.17887 1.22853 1.21798 1.16711 1.13811 1.04869 1.19507 1.09443 1.04662 1.0361 1.06749 1.15987 1.14216 1.12112 1.119 1.07966 1.07721 1.10615 1.14661 1.16161 1.22411 1.23415 1.22202 1.1519 1.09388 1.15178 1.16834 1.13795 1.12093 1.13263 1.11037 1.147 1.14728 1.14125 1.15 1.17815 1.21575 1.17551 1.13064 1.16172 1.2589 1.41473 1.49682 1.41097 1.36042 1.393 1.47146 1.52833 1.60212 1.67513 1.74498
0 0 0 0 0 0 0 0 0 0.0907676 0.255743 0.447968 0.81502 0.785567 1.029 0.990386 1.10725 1.08614 1.15325 1.03518 1.07021 1.08246 1.10575 1.05032 1.04858 1.11347 1.14887 1.17069 1.17735 1.19902 1.18877 1.19229 1.20682 1.26555 1.26582 1.23433 1.20873 1.15027 1.15677 1.05272 1.18722 1.12984 1.00073 1.0684 1.15008 1.12709 1.1155 1.13203 1.12113 1.15624 1.14231 1.23475 1.21183 1.28119 1.33793 1.29145 1.2728 1.19759 1.1333 1.20932 1.14382 1.0908 1.11196 1.16247 1.16359 1.09665 1.06796 1.18966 1.15263 1.19411 1.24004 1.22363 1.15311 1.20117 1.35127 1.49227 1.60532 1.6013 1.5042 1.45201 1.49564 1.56517 1.64385 1.73613 1.80543
0 0 0 0 0 0 0 0.0587147 0.174534 0.56444 0.748426 0.77368 1.06723 1.04418 1.1537 0.972236 1.10195 1.11028 1.09643 1.08156 1.13722 1.1234 1.16594 1.08063 1.0103 1.04506 1.12106 1.22049 1.22138 1.24674 1.27291 1.26792 1.2816 1.30005 1.41292 1.29451 1.18484 1.11443 1.08425 1.00342 1.18353 1.12831 1.14887 1.13574 1.18293 1.20476 1.18235 1.147 1.11656 1.13999 1.16163 1.2421 1.23291 1.26805 1.31807 1.31421 1.28122 1.24346 1.26952 1.21707 1.12792 1.13391 1.15901 1.16014 1.16173 1.12231 1.11429 1.15388 1.11055 1.14107 1.22784 1.26692 1.24194 1.26363 1.41139 1.60285 1.72129 1.73643 1.6625 1.56858 1.53153 1.56417 1.64718 1.75553 1.84894
0 0 0 0 0.13285 0.204171 0.319436 0.445874 0.717929 0.924515 0.9627 0.858358 1.10071 1.17205 1.13499 1.12299 1.11061 1.12432 1.10497 1.10585 1.17343 1.11444 1.37602 1.18551 1.04973 1.18157 1.15618 1.22184 1.25261 1.25932 1.29284 1.31904 1.33016 1.34035 1.39243 1.28725 1.21245 1.10027 1.12847 1.04808 1.06617 1.044 1.25604 1.2521 1.26769 1.28353 1.28462 1.22407 1.18176 1.12498 1.10954 1.11021 1.1617 1.20196 1.19888 1.23176 1.2441 1.25937 1.31092 1.2198 1.13896 1.20599 1.23765 1.19121 1.18043 1.16052 1.15077 1.07199 1.04509 1.15219 1.22215 1.31241 1.33747 1.34057 1.41487 1.5963 1.75223 1.81778 1.782 1.6895 1.60528 1.56997 1.59796 1.6972 1.81989
0 0.144167 0.188842 0.269924 0.5573 0.698608 0.911153 0.865056 0.938983 0.932481 0.96268 0.88085 1.03239 1.08604 1.03626 1.10716 1.14682 1.14047 1.14263 1.1412 1.21106 1.16933 1.35419 1.28669 1.14344 1.29641 1.21786 1.20193 1.24509 1.24148 1.26902 1.30537 1.33922 1.35471 1.29989 1.24469 1.20136 1.05969 1.05818 1.12534 1.07787 1.19146 1.2836 1.3157 1.37146 1.3399 1.33428 1.29461 1.24804 1.25571 1.16481 1.1013 1.10321 1.22497 1.17235 1.18137 1.23212 1.22958 1.31661 1.26248 1.20049 1.2125 1.23352 1.21714 1.19715 1.20839 1.17722 1.13434 1.13923 1.23907 1.3278 1.41519 1.45801 1.45619 1.45437 1.53943 1.66482 1.78222 1.82534 1.77963 1.68123 1.60184 1.58183 1.62361 1.72342
0.245986 0.507803 0.659265 0.707972 0.8489 0.93427 1.0278 0.945876 1.06782 1.00159 0.964425 0.995231 1.07135 1.04385 0.99423 1.01675 1.07423 1.11195 1.13169 1.18173 1.2466 1.24177 1.23946 1.28469 1.20884 1.288 1.24227 1.18725 1.24227 1.24077 1.24413 1.26669 1.31549 1.31723 1.27561 1.20984 1.13206 1.14071 0.974366 0.968388 1.00567 1.15529 1.25308 1.3365 1.37653 1.38045 1.36847 1.32583 1.28384 1.29357 1.2133 1.13609 1.09737 1.15394 1.11157 1.12833 1.17689 1.17854 1.27521 1.29105 1.26357 1.33118 1.25101 1.22127 1.21513 1.24288 1.27251 1.25972 1.27069 1.3171 1.43626 1.53698 1.60302 1.5817 1.54097 1.52489 1.56477 1.65818 1.75023 1.78289 1.7343 1.65786 1.60108 1.58226 1.64521
0.623535 0.803859 1.01322 0.991912 0.969859 0.939466 0.970583 0.991014 1.15872 1.05536 1.08337 1.06619 1.09088 1.0685 1.01086 1.05833 1.07016 1.14637 1.24759 1.30149 1.30513 1.30721 1.29668 1.26189 1.2452 1.23087 1.17497 1.16553 1.19354 1.20996 1.20381 1.22793 1.25529 1.25654 1.22479 1.15462 1.13263 1.17015 1.00703 1.0992 1.07593 1.1672 1.21167 1.25107 1.33216 1.3729 1.36588 1.32649 1.28943 1.26297 1.22959 1.19457 1.15161 1.12502 1.0898 1.08977 1.16524 1.1415 1.16816 1.30533 1.34291 1.39997 1.35252 1.29079 1.27433 1.32767 1.35763 1.37846 1.37003 1.36714 1.44547 1.5624 1.66443 1.67784 1.63108 1.57636 1.54972 1.56323 1.62911 1.69667 1.71535 1.70208 1.62033 1.57408 1.60115
0.951942 0.884965 1.12978 1.03802 0.999714 1.0217 1.0325 1.02793 1.0239 1.00161 1.13329 1.08323 1.15193 1.13671 1.09347 1.10728 1.14301 1.19473 1.32987 1.39308 1.35641 1.34865 1.34296 1.27924 1.2373 1.18931 1.1412 1.17813 1.16463 1.247 1.1945 1.18118 1.23189 1.21124 1.23684 1.13855 1.15725 1.12589 1.0236 1.13351 1.12995 1.17564 1.13403 1.12899 1.19531 1.24229 1.27255 1.26456 1.25064 1.24796 1.30461 1.25788 1.20721 1.19353 1.13454 1.13176 1.15165 1.20797 1.22043 1.30541 1.40332 1.43989 1.46459 1.4517 1.42631 1.42802 1.40738 1.43584 1.45585 1.4315 1.42937 1.50272 1.60154 1.66641 1.67938 1.64515 1.59395 1.55642 1.55329 1.59858 1.63807 1.66929 1.62077 1.57675 1.56825
1.16558 0.931569 1.13862 1.05728 1.03753 1.06279 1.07197 1.04733 0.984882 0.997683 1.15283 1.13415 1.19506 1.28915 1.28893 1.22244 1.23476 1.25417 1.30732 1.37458 1.3658 1.33741 1.33262 1.30326 1.22904 1.18479 1.14834 1.20578 1.17524 1.21658 1.16141 1.15819 1.1991 1.17913 1.19415 1.10572 1.08625 1.08932 1.08402 0.994217 0.994879 1.06035 1.1161 1.1324 1.05929 1.08116 1.1177 1.13075 1.15426 1.17918 1.25434 1.2356 1.21916 1.21671 1.18916 1.17622 1.12178 1.16999 1.22675 1.31035 1.4316 1.56525 1.61344 1.62403 1.63192 1.59728 1.5282 1.48167 1.48699 1.48461 1.45663 1.46131 1.50677 1.58328 1.64563 1.65917 1.62815 1.5772 1.53979 1.53797 1.56962 1.60472 1.5924 1.55447 1.55483
