benchmarks/avaHitNullTest/relHit_5d436948cc_C_null_dfa_pft.asc
ncols 525
nrows 445
xllcenter 272771.42
yllcenter 357502.70
cellsize 5.00
nodata_value nan
[rows 29 to 57 of 445, columns 130 to 194 of 525]
0 0 0 0 0 0 0 0 0 0 0 0 0 0 0 0 0 0 0 0 0 0 0 0 0 0 0 0 0 0 0 0 0 0 0 0 0 0 0 0 0 0 0 0 0 0 0 0 0 0 0 0 0 0 0 0 0 0 0 0 0 0 0 0 0
0 0 0 0 0 0 0 0 0 0 0 0 0 0 0 0 0 0 0 0 0 0 0 0 0 0 0 0 0 0 0 0 0 0 0 0 0 0 0 0 0 0 0 0 0 0 0 0 0 0 0 0 0 0 0 0 0 0 0 0 0 0 0 0 0
0 0 0 0 0 0 0 0 0 0 0 0 0 0 0 0 0 0 0 0 0 0 0 0 0 0 0 0 0 0 0 0 0 0 0 0 0 0 0 0 0 0 0 0 0 0 0 0 0 0 0 0 0 0 0 0 0 0 0 0 0 0 0 0 0
0 0 0 0 0 0 0 0 0 0 0 0 0 0 0 0 0 0 0 0 0 0 0 0 0 0 0 0 0 0 0 0 0 0 0 0 0 0 0 0 0 0 0 0 0 0 0 0 0 0 0 0 0 0 0 0 0 0 0 0 0 0 0 0 0
0 0 0 0 0 0 0 0 0 0 0 0 0 0 0 0 0 0 0 0 0 0 0 0 0 0 0 0 0 0 0 0 0 0 0 0 0 0 0 0 0 0 0 0 0 0 0 0 0 0 0 0 0 0 0 0 0 0 0.003510980524706796 0.008124381845123613 0.1358178907566411 0.1202741505122975 0.03752934032473362 0.005803987642787574 0
0 0 0 0 0 0 0 0 0 0 0 0 0 0 0 0 0 0 0 0 0 0 0 0 0 0 0 0 0 0 0 0 0 0 0 0 0 0 0 0 0 0 0 0 0 0 0 0 0 0 0 0 0.0010060811232121 0.009554811441766727 0.02414371211516786 0.1144148930986037 0.1499592280485038 0.3332169149881562 0.6474887409270986 0.5346147063387826 0.9578503119088405 0.868096778622293 0.6333227718277575 0.2633654040814873 0.04999603186246857
0 0 0 0 0 0 0 0 0 0 0 0 0 0 0 0 0 0 0 0 0 0 0 0 0 0 0 0 0 0 0 0 0 0 0 0 0 0 0 0 0 0 0 0 0 0 0 0 0 0.01928570727236415 0.1927415327803604 0.2989041792876536 0.4384473896647771 0.6836870814559518 0.7316405226453498 0.8026616735029874 1.10511855169927 0.910685353662063 0.951569644124338 1.104689049421731 0.9806881155885637 1.044447561671896 1.07924375770247 0.8301451277184935 0.3196810186945149
0 0 0 0 0 0 0 0 0 0 0 0 0 0 0 0 0 0 0 0 0 0 0 0 0 0 0 0 0 0 0 0 0 0 0 0 0 0 0 0 0 0 0.003801799326531724 0.06065065613781362 0.0404205663093545 0.2565823454299621 0.429170553129417 0.2133782986512989 0.5723652291047692 0.6921246261869003 0.9888274822011174 0.9367908669946967 0.950927834190566 1.117315621710919 1.044889684398499 1.006084142736385 1.143971393648026 1.051824737429394 1.000462521632594 1.094298950455589 1.036498116432528 0.8917899089250683 0.9975531812069091 1.044058459544219 0.7336572853766955
0 0 0 0 0 0 0 0 0 0 0 0 0 0 0 0 0 0 0 0 0 0 0 0 0 0 0 0 0 0 0 0.008139759137299283 0.01521190368926039 0.05685428137590214 0.1390485442300827 0.1731970761745363 0.08441491530126409 0.0795722597799719 0.3916971087321898 0.3133027271278521 0.3057406039808714 0.2665718021628207 0.4579877620589805 0.7384717289062792 0.9468219850276125 0.8926380424626517 1.174473064473553 0.8552291098985744 1.084204438700098 1.163805919262 1.018267881936163 0.9266578003515912 0.9384369933430017 1.182481052185683 1.114759253840306 0.9265506732800362 1.086434940258576 1.311326936727295 1.29419744219065 1.150885773349669 1.267635160594565 0.9931968973697243 1.119633053206708 0.9084654656806278 0.7890714920100899
0 0 0 0 0 0 0 0 0 0 0 0 0 0 0 0 0 0 0 0 0 0 0 0 0 0 0.02851260978694803 0.07030553460025998 0.1621634029663176 0.2924796813494667 0.449796711137521 0.3902815396222843 0.7861187435183683 0.8833109898108861 0.7208924950418769 0.7406488644546412 0.8060523022984276 0.8847280431993374 0.9196682528793091 1.038634991830049 0.9195664607887152 0.9821816585495301 0.93906923886001 1.136354969823637 1.080690454655402 1.067834309726631 1.203879888516844 0.9909570187983053 1.186803221213784 1.067127304788998 1.081166597110429 1.122662001707065 1.038264818516366 0.9891722968735708 1.140274543807598 0.9704485774634769 1.069161857820448 1.059528440739426 1.043331237836074 1.066506308317729 1.119551731915463 1.021110914611481 0.9240583904658179 0.9901093778447347 1.000371271113289
0 0 0 0 0 0 0 0 0 0 0 0 0 0 0 0 0 0 0 8.44312374982992e-05 0.004691145218684947 0.03253754224123581 0.08560588810255212 0.1608070924387683 0.2395816274461628 0.6122067218120765 0.9400660805845092 0.960383257718352 0.9224160480934241 0.9528148412953248 1.009412577676554 0.961941023421622 0.9013306847132307 1.112083509830864 0.9785716956247618 1.086218542795913 1.189162729047295 1.059736830691433 1.033628378609572 0.8015506843991955 0.8972048793493036 1.040860291578246 0.8575490118392971 1.067953215656704 0.9322985677823087 1.0262601008065 1.039638412183167 1.069947098053724 1.069355165853575 1.056042761334403 1.149430417354371 1.034972106427856 0.8850334671438654 1.038257762655544 1.03169096347493 0.923678522803687 0.88249860887222 0.9590759488128242 1.10402670486414 1.177836682984666 0.9631722964666346 1.123499901481412 1.124490176866646 1.149703453081278 1.25756824555735
0 0 0 0 0 0 0 0 0 0 0 0 0 0 0 0 0 0 0 0.08154689393742355 0.720292275157431 0.8070691900912441 0.7652081166237541 0.8278456127010303 0.73087755414153 1.245062407277507 0.9871151568603538 0.8600067185754887 1.075256752358287 0.941312484151684 1.007953955190651 0.9084458219626615 0.9124985216648396 0.8502203074841453 1.31577532189642 1.380515377916711 1.280279527851847 1.168924141102144 0.9857341619659707 0.980195123062077 0.8993079882771861 1.018024216737569 0.9252973683681115 1.244668647801585 1.147441274561327 0.9817339942704962 1.094562111529648 1.02499566700417 1.352439847212896 1.06928427208807 0.9251176137835995 0.9856962096026278 1.044439557557875 1.130759843118094 1.089109061788018 1.203491073143742 1.063695339859612 0.9941050202827979 0.9246570754832029 1.287209702666904 1.015772391885564 0.8619754812346624 1.110675480679321 1.135509294900003 1.019223359771762
0 0 0 0 0 0 0 0 0 0 0 0 0 0 0 0 0 0 0.127055043780928 0.7191272756741486 0.6935500311147703 0.8089829481387327 0.9025263950363944 0.9371452849411089 0.9073911181546833 1.080984291930627 0.9745300427686271 1.06033913715299 0.987009880014315 1.021513984976038 1.021132081440753 1.006976825946237 0.8778605060807405 1.169046042536244 1.131965889825893 1.251380852199349 1.424838807430458 1.232206626158558 1.178467427875206 0.9866845784113394 1.196768956447838 1.256104090027779 1.094998571524657 1.188915612769448 1.186875922598609 1.07031835485273 0.9301766101288418 0.9357938107608416 1.174153984217164 1.053783966319318 0.9599741050904697 0.9143998248686662 1.056062465909236 1.004275969767073 1.14785377709241 1.375942567072894 1.148508946980844 1.081879303605322 1.041615777986217 1.043744312919569 1.107153622042901 1.004356672484573 1.109315087696224 1.142973899210171 1.029262696372661
0 0 0 0 0 0 0 0 0 0 0 0 0 0 0 0 0 0.06480356335857226 0.6247260715439803 0.8747865506190582 0.9729166101041571 1.236671152691233 1.210380377599647 0.8567972346046492 1.04715149504121 1.009885768480984 1.161380600640856 1.318838618744419 1.006359531212775 0.8200947448234931 1.00085572055918 1.209330852500232 1.130498892294488 1.154972054208294 1.187513227812381 1.347173822869117 1.514068430650483 1.403611317630525 1.004178164422419 1.169332338032801 1.065866771080476 1.135944189251114 1.358821178200692 1.152975784555616 1.06163013392393 1.104840269409474 1.110878738529025 1.033994354709928 1.13387470278132 0.9161901667888797 1.124176128949339 0.9925526499891553 1.041720448829124 1.090216729669585 1.160673300676418 1.283568515139618 1.319742569557982 1.349773261052531 1.264745100939801 1.064085676646175 1.010676085566194 1.090081566996281 1.053467513309056 1.290743446016117 1.121037209747657
0 0 0 0 0 0 0 0 0 0 0 0 0 0 0 0 0.06231262947397873 0.5238943897384724 1.143025189498155 1.034829686316813 0.9217106420527199 1.126488718007476 1.184526419938998 0.9174883965826504 1.024522895556458 0.8771915387526744 0.9439318629281559 1.08129355897365 1.205230341095776 0.9902693604008022 1.077858419701268 1.153325826965164 1.219184806721827 1.236140740710278 1.434712370225231 1.460189081969521 1.560070593446413 1.426872450207622 1.091307489944659 1.100901601332408 1.201386670664366 1.131018301984213 1.062679309845985 1.153457055602446 0.9307389743112493 1.174152228660543 1.003475077892941 1.117017417406614 1.078236196237156 1.027451124528819 1.110927492415381 1.036050152895886 1.013164276691963 1.107962564987355 1.185494083003976 1.267430627887826 1.341336580307631 1.282708313774659 1.253112242687779 1.14889609390066 1.157060909101736 0.9671790501310152 1.282104438073787 1.257722548916736 1.198673935647297
0 0 0 0 0 0 0 0 0 0 0 0 0 0 0 0.03378804541004326 0.5387509580879104 0.9539337486179925 1.196343025227951 1.321140671307058 0.7936681963904536 1.052249454154079 1.103248506187653 0.9332311155155137 1.07703429683207 0.9711006994799846 1.252063044849248 1.031910618348657 1.158942236296987 1.22192443202704 1.233533126979956 1.253292492189104 1.40626854634343 1.538685484028281 1.553167246043328 1.68714480771598 1.544861077138838 1.359909232459026 1.139495503983144 1.042002749557527 1.009080035239849 1.080529445249954 1.267810904908249 1.142857516061114 0.9302364008550423 0.977060325521661 0.9245737583272797 0.9382784801948916 1.157814401746934 1.063860794683896 1.193365997396224 1.094870539803577 1.18634893219567 1.15740376038164 1.289358048181622 1.254183175469776 1.312983835958887 1.303239517804916 1.214375859559138 1.184979075179287 1.088854013429207 1.05194283145808 1.066060061771123 1.231117907706811 1.257399416880586
0 0 0 0 0 0 0 0 0 0 0 0 0 0 0.03437112615160964 0.1922166920976305 0.7854495611476398 0.7949482542516061 0.8493146259496539 1.138835970904363 0.9807714488553977 1.044770660006792 1.140981820861988 1.045645802470305 1.016014780281678 1.057292639413827 1.374359375209991 1.211954371142644 1.283662145007751 1.321323645411546 1.390020576186332 1.45227007785392 1.52357310667994 1.69504974941765 1.727058484968259 1.633629620649617 1.513108702476314 1.308620645406373 1.133687575168782 1.025993202248128 0.8820604943468163 1.09804094475947 1.093737344772455 0.9623255697774298 1.03330082799659 0.9898671878325478 1.117018778368082 1.035968380887323 1.054129288661957 1.149465590090973 1.110536501504629 1.099999420817682 1.087283787050519 1.12385682460878 1.161798490089774 1.223266960812093 1.267410224059461 1.291089730948258 1.263681002951892 1.189027719743094 1.141264173389894 1.285460756601383 1.244438270170287 1.272369549691678 1.268324061381071
0 0 0 0 0 0 0 0 0 0 0 0 0 0.06854736134163421 0.683505070021163 1.095637121416605 1.24248583532687 0.8359688024480689 1.217710074120383 0.9170605267040747 1.08898117349425 1.133036302952128 1.158365405509646 1.131820913736581 1.121823753509041 1.397013162269667 1.437248235150377 1.368078010300265 1.321981016124903 1.433426177081049 1.500814128214465 1.567628464039593 1.631797476588164 1.687012263557068 1.722398677473993 1.574143141624167 1.420704988175757 1.267555730908009 1.19086315023024 1.08044838627797 0.9854185274834824 0.9268100273940069 0.9925965941628626 0.9520018116400303 0.8918230875446158 1.227011763384337 1.067717039968344 1.128487396105878 1.137374883964504 1.164449575403901 1.093635297671899 1.039194302290136 1.041971795185755 1.310400401107678 1.134773358002354 1.148928809387401 1.208386940692592 1.282794069120064 1.324459067930002 1.22095380347768 1.145562449262298 1.1478116392328 1.168572850352407 1.295048945368469 1.346146395106477
0 0 0 0 0 0 0 0 0 0 0 0 0.05588444251527876 0.3250117301160509 0.9962452792996569 1.273935787754564 1.17946237308015 1.101990237742241 1.22574666312161 1.338496576874205 0.9975830229799634 1.179701988665586 1.194107455811533 1.295090899259902 1.289787058595591 1.468651633050706 1.447757761222868 1.407004644537469 1.345695952927403 1.367887152212153 1.49547650442115 1.551071853218499 1.563321237061958 1.582868179689943 1.585288234258724 1.526188314373403 1.37294237306408 1.263944050575294 1.237928426612193 1.040198250533976 1.131105640078978 1.013630133977542 1.047559261869443 1.009536465517493 1.210357270041836 0.9308768200308395 1.058363158312324 1.038724878990209 1.150101493787442 1.058862649729314 1.078521514881829 1.044141267001677 1.137034682139151 1.294180941622498 1.202964551419991 1.104055955798063 1.138595315502498 1.219580852185161 1.291302973139872 1.242480589601016 1.1759503031195 1.116449590428937 1.05684875739393 1.175174316116453 1.319505832479718
0 0 0 0 0 0 0 0 0 0 0 0.05853649898515204 0.5771503754804637 1.004418017337604 1.015341079074134 1.047332956910134 0.9797770753555182 0.9301542554199173 1.167718781770358 1.110820745062783 1.242103767593683 1.216831101902862 1.351913465375781 1.397845068486599 1.559874156702635 1.518713636508878 1.580763573472052 1.420075551403048 1.317925462673334 1.28118578374637 1.316847177131396 1.396487625854037 1.436392638868811 1.444527474909696 1.464695890372644 1.442116179125148 1.362915050778809 1.268060669630973 1.186992913026796 1.220268942849479 1.202335570526724 1.027783312798672 1.098799862015826 0.9779754770824911 1.053210399628117 0.9317865084593537 0.9641567657113772 1.026217943215959 1.01938218739434 0.9981827949428717 0.9892099625500272 1.010484329690983 0.995191816939286 1.241191645059061 1.173444578396904 1.148076799422968 1.228972118115788 1.242112999778011 1.282870458124558 1.293270505952519 1.193150258329406 1.124815914679005 1.153014966056137 1.206922721569665 1.180245340119995
0 0 0 0 0 0 0 0 0 0 0.003978766674587475 0.5919236904716949 0.8104645360981807 0.8900836502694794 1.180156284183411 0.9363509781629394 1.311778011110298 1.144407569671637 1.116407106626853 1.191738486885718 1.304908998449842 1.390046831533444 1.499638190891312 1.649917262133362 1.686505159585292 1.709606737334816 1.578694114500239 1.464857768489696 1.290051861084552 1.187548198926201 1.170742297473766 1.24548318122495 1.289026326252403 1.306109672658737 1.32939835313365 1.350127525691982 1.340809704484005 1.299007201920965 1.210529356506832 1.153431293796034 1.115714017699828 1.169202515265582 0.970776971585155 0.926568866551597 0.9991740300473821 1.16544069500032 0.9668930838388418 1.193894548916314 1.136268972648649 1.118908101022748 0.9129838038686524 1.10659100848666 1.308620875443663 1.155027325623523 1.234823343562218 1.184164370267754 1.189193341769583 1.310714602552808 1.261797933791603 1.271177335839947 1.24301898303228 1.149649699332537 1.326523606905157 1.142473456555921 1.109271219809638
0 0 0 0 0 0 0 0 0 0.08599684764431383 0.6384371441324624 0.8965163419855918 1.04832504785577 1.033035745936167 1.297794322681158 1.050905764893305 1.070379095467174 1.229619460354252 1.24032063535455 1.346831071230467 1.350900057087326 1.41377211162166 1.467826661396431 1.548881125781557 1.662217299915226 1.657325590638525 1.580793962141129 1.426528964933518 1.306082046891327 1.208195612873554 1.116018747679195 1.234926133736223 1.184852321221307 1.228629888912433 1.254732028566124 1.268442511805573 1.300707431250752 1.311851420561125 1.260082458572555 1.179815906329597 1.084879994341645 1.062903746370545 1.223254779478123 0.8796049238890139 1.252571919180227 1.166043498483911 1.076179421745005 1.206727698902479 1.045131199845915 1.172194318599945 1.234453401340577 1.060688802866554 1.174065774277506 1.285060224246084 1.266977069018899 1.402132533591376 1.290864280180511 1.386983141839709 1.357628223056252 1.277701427831039 1.250870176070557 1.202651140061815 1.129046792051321 1.145598978920896 1.067469121848175
0 0 0 0 0 0 0 0.01850588628776455 0.3245301400559012 0.5706158702539605 1.093492247724813 0.9199534648331354 1.069136534430025 0.9630838223180171 1.088491082537445 1.162243201860526 1.169522509269984 1.204928865827661 1.311709832055366 1.312913405479983 1.357054431217354 1.352707432359936 1.359090911201143 1.387506752475777 1.448582390127581 1.481245701560462 1.462316957945294 1.389056328136969 1.279685018239912 1.220892599112344 1.133831673597376 1.207027815756447 1.105595613180037 1.174752790672335 1.188797008165123 1.19721758074937 1.245741699475875 1.261597910248174 1.269940633705331 1.221978622474024 1.179349116777175 1.086216517249615 1.228354451476903 0.8818246234299014 1.142998182318386 1.100760204621383 1.033984239537187 1.330456617451265 1.202700753083847 1.017458661150199 1.109235451328992 1.150587109857637 1.189107020497181 1.292212468436184 1.329462163008053 1.307363510069589 1.383430523158081 1.343204127972853 1.327123190536146 1.317800079136988 1.265615939547507 1.228031666675476 1.171441780694543 1.123108674918134 1.256467632163462
0 0 0 0 0 0.002843941543186399 0.08901553429527849 0.4043842215913802 1.06034311825133 0.8837661326331632 1.035625790659384 1.034461289114483 0.9393633105304348 1.010048702377762 1.224645096184115 1.180526895377645 1.169323153384411 1.229940484139431 1.259221977632379 1.28690338699671 1.33971719592207 1.241677012384078 1.248259789205622 1.234072663639409 1.254892190070872 1.30761696477113 1.336545119528678 1.331659562487498 1.277943769186393 1.225825559937496 1.166626492617128 1.109975456681488 1.145319290495809 1.114548774708281 1.142387991112036 1.180105270245056 1.219400279438158 1.293528566271984 1.23438869482628 1.247921349572871 1.191704610001741 1.127717920934234 1.177829135325243 1.036841190721585 1.177518825802827 1.040610141698093 1.046435700207702 1.068570366595521 1.235999174959912 1.021349085612299 1.111201677509539 1.11535574153643 1.172213310782026 1.242186772452448 1.292155939993744 1.288002493043914 1.224587432340308 1.27900859085445 1.286493528013812 1.295338018392861 1.286824722288844 1.229546572768427 1.195573538037384 1.16229317971028 1.109276013755428
0 0 0 0 0 0.1483655565747791 0.5005523025923276 0.8885570142227078 1.058080646638555 0.9566375266699135 1.036218784101347 1.399635300929022 1.138008138436684 0.9691366804034041 1.030571579455011 1.139645729287881 1.120918148408394 1.139028293540473 1.141896257672936 1.1537077123235 1.136764192666397 1.118680983547393 1.113008398704512 1.139811051811972 1.140461303955975 1.180323641980929 1.238494970069794 1.250452953693638 1.228771118689756 1.206631272081043 1.402645854780809 1.147675029495548 1.186061388163369 1.226948579847325 1.111223952035475 1.122058289129704 1.140453981109769 1.190954171689836 1.206467340367102 1.260411715750589 1.231591738687739 1.186114873766657 1.405935772104317 1.173035425473046 1.206472533084328 1.105702791645345 1.056840955251971 1.162320311047186 1.128019385031819 1.098313085873039 1.20278504065392 1.12528699524262 1.10346030234828 1.325244839986053 1.149867008483297 1.156647254132942 1.148297118567105 1.190402793709947 1.211231137559387 1.266649715289775 1.287260481037227 1.2604204479557 1.213144015435019 1.249587978754153 1.141951952620753
0 0 0 0.04439306864992164 0.6564194706316742 0.7524940900150549 1.088572096285571 1.209906011969528 1.122204739745132 1.073987062695159 1.182399510492707 1.2078296403171 1.176827778160985 1.184230522465217 0.9962316131718528 1.117481110358612 1.017270773375689 1.021766959782173 1.037390950126009 1.027169964000876 1.092702308792161 1.035675123033275 1.204336163157097 1.165301994601227 1.225008338502726 1.154211798295529 1.203112935266495 1.204341338799014 1.202554700253833 1.217493575310379 1.212293695048619 1.211265713790231 1.169895416527775 1.172221464729182 1.104338140850753 1.127644254451196 1.106895650269486 1.117588608573364 1.151693689107262 1.202026516613885 1.242926727836656 1.227224905769999 1.356345418725066 1.246753005267903 1.158477314976114 1.17558918071972 1.134965200568734 1.188575097007755 1.050334568519 1.060452388924851 0.9840044773089036 0.9969923286123324 1.089911906382771 0.9141071786041176 0.9694976644530724 1.032070294203535 1.053628082581062 1.058464364809027 1.14670568920803 1.203916806761 1.27080696976053 1.267753095507552 1.238460362635005 1.194194098356979 1.18965853995204
0 0 0.16557033858627 0.8528798201167442 1.176450157315869 0.9961988338628985 1.032960806545236 1.338157876851384 1.428791399074088 1.296116692386762 1.143247236654188 1.149371972729143 1.123553934655535 1.074375337630993 1.000609142957109 1.0875793065415 1.153354111401264 1.066695083384071 1.010938464070984 0.9523343104011062 1.153180058312725 1.081587231563413 1.189352571223851 1.233166603074446 1.290723831851472 1.310272455282741 1.241459985320362 1.2587544429137 1.148812062018049 1.145906484715764 1.157226220681272 1.147432307431343 1.142081326535165 1.139347245177756 1.12829910316201 1.182872484261633 1.091102921980635 1.181679407145802 1.259574050394721 1.193721661371788 1.247218109178949 1.256057145370229 1.277426496957407 1.30273819484893 1.247505393793606 1.235171794662594 1.152839576054448 1.161779286202046 1.024518592397483 1.068994976190319 0.9160245418102579 0.9354340955628101 0.9697337880651624 0.9657282126393578 1.274257694166395 1.101357954049408 0.9454867952881656 0.9965833525871879 1.084381183831453 1.188280037352881 1.236763735100751 1.248050023306646 1.255187155605469 1.245333356765025 1.363054263604047
0.07850483690494948 0.2197228048446917 0.825807130217588 1.314181243330582 1.329576205916029 1.093256724760876 1.060359429486172 1.151301469829643 1.340490984348241 1.371058546718269 1.255730090925321 1.117087533308634 1.050011753477452 1.010970096754239 1.065190452563684 1.09252258144573 0.9914621186623457 1.295254172047889 1.124730540504483 0.9404945674828429 0.9941018560160724 1.265119841115443 1.165317408366457 1.202351962913152 1.268882831519347 1.289846346912331 1.329950661251598 1.210502682078584 1.170896184668447 1.130853583678236 1.097613458403574 1.136181885675207 1.177828748759294 1.165017802955477 1.334401609351261 1.132717421021941 1.116469440909116 1.128139703791404 1.176927266204053 1.212176011236366 1.261274689707912 1.295997268184587 1.342554874891825 1.339230000140767 1.303060840917953 1.202493782681233 1.200675136654454 1.096593642860745 1.113864776688287 0.9124968782804095 1.000905100345663 0.8982528379803701 0.9662174231929089 1.210467597412825 1.166443177771292 1.123117953233414 1.133057956652193 1.144547586863055 1.369189572753488 1.201973519563399 1.303784188287755 1.253647654668404 1.260138751892791 1.247591892055236 1.295992831374562
0.810648802063155 0.8490044800553892 1.263037613572217 1.142749710409624 1.127544220759189 1.14809294317384 1.130801599621549 1.332766084289223 1.327201064207793 1.261718006813008 1.209628052219659 1.135334389004692 1.056213148180896 0.9930885016581452 1.358550285783974 1.194471869962429 1.070755452548883 1.167399056425445 1.110943007294261 1.004022277745265 0.8691705628863261 1.16232087550742 1.29980063147338 1.11169519354958 1.133944392514087 1.215176078862337 1.263867743602525 1.27870315173709 1.197913446574404 1.139513183482044 1.272360641734119 1.209284472052063 1.176828886440407 1.184936098913093 1.218428696002739 1.22735431922801 1.280768005773646 1.213670081596139 1.174803245729596 1.227316988396303 1.251072845851579 1.330679728378408 1.35685570945966 1.388062222496341 1.331336553376379 1.252914655494275 1.176060908098307 1.120459890940521 1.148591756961978 0.9528516571269301 1.081949902569755 1.25931566753204 1.052711759297253 1.079432216372997 1.116965908365334 1.197182269916122 1.128611174468629 1.074894749459483 1.213189231398051 1.328214080982005 1.234108926901239 1.183944220922848 1.189581754669967 1.19280313562071 1.236608404840081
