benchmarks/avaHitNullTest/relHit_7d8d30fc3d_null_dfa_pft.asc
ncols 525
nrows 445
xllcenter 272771.42
yllcenter 357502.70
cellsize 5.00
noDataValue nan
[rows 58 to 86 of 445, columns 65 to 129 of 525]
0 0 0 0 0 0 0 0 0 0 0 0 0 0 0 0 0 0 0 0 0 0 0 0 0 0 0 0 0 0 0 0 0 0 0 0 0 0 0 0 0 0 0 0 0 0 0 0 0 0 0 0 0 0 0 0 0 0 0.001129661457179824 0.09110176708515401 0.1003759633677934 0.6252510118062923 0.9306617678995008 0.8441332200044857 1.289657227576215
0 0 0 0 0 0 0 0 0 0 0 0 0 0 0 0 0 0 0 0 0 0 0 0 0 0 0 0 0 0 0 0 0 0 0 0 0 0 0 0 0 0 0 0 0 0 0 0 0 0 0 0 0 0 0 0.002638387681396304 0.01209260852150116 0.09197000513884757 0.2962643353225239 0.6797411777173373 0.9956862552331132 1.143611221213521 0.8760085877212309 1.026522796637331 1.197615957422237
0 0 0 0 0 0 0 0 0 0 0 0 0 0 0 0 0 0 0 0 0 0 0 0 0 0 0 0 0 0 0 0 0 0 0 0 0 0 0 0 0 0 0 0 0 0 0 0 0 0 0 0 0 0.001237668161755773 0.1774257268956774 0.4032994863903224 0.5992666339204337 0.9652002118547449 0.9751491907842219 0.9337278739151723 1.143525791252937 1.003579947472057 1.107739466027138 1.139440031474126 1.02587736665922
0 0 0 0 0 0 0 0 0 0 0 0 0 0 0 0 0 0 0 0 0 0 0 0 0 0 0 0 0 0 0 0 0 0 0 0 0 0 0 0 0 0 0 0 0 0 0 0 0 0 0.006347801129322561 0.05496053106256707 0.1383088417779052 0.6163401296966814 0.8558077796248811 1.067325670139109 0.8574912274607736 0.9906396684695028 1.146304441463668 0.9653636996178007 0.9309496798919541 1.044099316937311 1.065816634693113 1.019073747692863 1.068742764350285
0 0 0 0 0 0 0 0 0 0 0 0 0 0 0 0 0 0 0 0 0 0 0 0 0 0 0 0 0 0 0 0 0 0 0 0 0 0 0 0 0 0 0 0 0 0 0 0 0 0.09950322110034462 0.2839287533802243 0.5388648778508262 0.9186063987700526 1.007773752360389 1.009735707341336 0.9495173935758142 1.266422216102089 0.9770490681945866 1.151920023533876 1.085686332923552 1.029148974079584 0.9435713890108266 0.9042280701461941 1.084189990825669 1.170350114706405
0 0 0 0 0 0 0 0 0 0 0 0 0 0 0 0 0 0 0 0 0 0 0 0 0 0 0 0 0 0 0 0 0 0 0 0 0 0 0 0 0 0 0 0 0 0 0.02274008216710126 0.1475010797701052 0.4791602882160571 0.6623844499465059 0.8984959617508863 1.116492240331111 0.7735996494018877 1.093622653257396 1.024114099003552 1.028335893349159 1.142897849061623 1.225937751645287 1.104217400843227 1.088285586497916 1.151650865750711 1.342862950263829 1.055040269730494 0.934335779420102 1.315134574274155
0 0 0 0 0 0 0 0 0 0 0 0 0 0 0 0 0 0 0 0 0 0 0 0 0 0 0 0 0 0 0 0 0 0 0 0 0 0 0 0 0 0 0 0 0.06969980036010077 0.4462762948886964 0.5692713669662739 0.8750507477477684 0.8535054382961615 1.072894613094835 1.02725930843069 1.079616249945318 0.9677989381102874 1.21475054350263 1.136240164027995 0.9365376467776367 0.9174110960381552 0.945169086465677 1.165802824766452 1.041185390652905 0.9703381252831023 1.159016857789521 1.306292190063242 1.136351278508322 1.089251697200657
0 0 0 0 0 0 0 0 0 0 0 0 0 0 0 0 0 0 0 0 0 0 0 0 0 0 0 0 0 0 0 0 0 0 0 0 0 0 0 0 0.02851382609823794 0.09682914753903663 0.1290361412379002 0.2555629936438377 0.5685632715594513 1.072611910411149 0.925678810354849 1.16970099524053 0.9752651836704607 1.009348202138023 0.9142290975377528 0.9964745187626787 1.30743514074629 1.134643163667657 0.9927858030765236 1.157023931793209 1.081324149873186 0.9989484489223194 1.117529150503061 1.175781113193379 1.278144895280759 1.084455004375696 1.017034026211296 1.173230973763659 1.02475391871925
0 0 0 0 0 0 0 0 0 0 0 0 0 0 0 0 0 0 0 0 0 0 0 0 0 0 0 0 0 0 0 0 0 0 0 0 0 0 0 0.3159439957538572 0.4165212947365213 0.855946606556829 1.046380809336616 0.8807299230308187 0.8781173600710577 0.9171631661645757 0.9084018874091679 1.063726623757724 1.11632441639412 0.9104036555036338 0.9996083110803079 0.9089984750678575 1.215746119383776 1.001102812290164 0.9549166683960649 1.194761575516718 1.165919652919134 1.066941056117436 1.021060892672541 1.057313468527093 1.07988220023577 1.179813918153411 1.0622253611767 1.23655427025919 1.129978830918456
0 0 0 0 0 0 0 0 0 0 0 0 0 0 0 0 0 0 0 0 0 0 0 0 0 0 0 0 0 0 0 0 0 0 0 0 0.1696434269120921 0.2668131684737009 0.5005182573835083 1.147429291580315 0.8655693159548573 0.8286527474335276 1.106254803103204 1.002939910526414 1.161308414562683 1.0799885375584 1.180073151980621 1.196794748350471 0.9110462640731107 0.8802527597986173 1.369150938591724 0.946995852283291 0.9535624792613011 0.9843823817115097 1.02654449808548 1.258682292382981 1.105521234808259 1.314931247715666 1.216957171133684 1.046061298612665 1.164247416291595 1.039743303005929 0.988187867758096 1.281382077563546 1.271098281734699
0 0 0 0 0 0 0 0 0 0 0 0 0 0 0 0 0 0 0 0 0 0 0 0 0 0 0 0 0 0 0 0 0 0.009190857488149393 0.04816393411592421 0.4426497737859754 0.8346942839007589 0.9915491689261423 1.059235236831289 1.120895407191349 1.191474436464476 0.8726115701398557 0.9973187982599347 1.03255359737024 1.264509713456579 1.034597703113127 1.145339127892226 1.170578215602024 1.075625485506907 1.105838541354765 1.000981344515782 1.067888479231148 1.094979682916085 1.038107078866989 1.094419554502164 1.333400473318346 1.252725646343919 1.417849584937765 1.254140228538879 1.14247585269796 1.001359747567583 0.9447177736203238 0.9288937180251318 1.120461740691813 1.117232226812408
0 0 0 0 0 0 0 0 0 0 0 0 0 0 0 0 0 0 0 0 0 0 0 0 0 0 0 0 0 0 0 0.01348141814795898 0.1015534309314224 0.3576047828483968 0.9814238456653757 1.0307500534394 0.9087938344561014 0.9616924309543383 1.211702438296927 1.054656643213598 1.055589352202333 1.191326014159348 1.031322345976219 1.06429704045424 1.059485285982723 1.060934110219368 0.9951785023552487 1.076313913728075 1.162247667729706 1.138522903462175 1.11343069310353 1.139003350796622 1.007571365919613 1.299004153924689 1.265252981151185 1.284566416535985 1.335526039532224 1.252667467477152 1.237870591652625 1.135103156636969 1.019316082949215 1.165715346485961 1.213136654142619 1.070963951042439 1.098353772259238
0 0 0 0 0 0 0 0 0 0 0 0 0 0 0 0 0 0 0 0 0 0 0 0 0 0 0 0 0 0 0.07374451017672908 0.65686741878947 0.8823211582970307 1.083835293723765 1.11597713289755 0.8830356682982086 0.9762650297394621 0.9132186231413679 1.013391415688839 1.11152513631035 1.137519406771082 1.133207325801966 1.105030137352906 0.9952940264315944 1.013034546896077 1.039646523371283 1.18378827859454 1.112380592227162 1.08521797605301 1.214748445210206 1.210821798558299 1.141002286261291 1.165981675314637 1.187321486917702 1.360151823841418 1.318276746867598 1.264214328996601 1.257016740016209 1.143997771485342 1.192922166064201 1.010173012048924 1.216873763698718 1.101599177314369 1.133109286118451 1.076026159904486
0 0 0 0 0 0 0 0 0 0 0 0 0 0 0 0 0 0 0 0 0 0 0 0 0 0 0.009257977505621379 0.03468141253385328 0.1233149133932703 0.434089998149276 0.7860113554993371 0.9038579446388586 1.044367342750654 1.043220742071558 1.109678581528235 0.9288356381839911 0.9750223742551408 1.013019891125627 1.133371795862471 1.10648053351965 1.042374964777011 1.120244631774642 1.078677024352201 1.042795908626868 1.224908334144087 1.16243343677217 1.196768472021581 1.276459479494906 1.156387302655057 1.312452908843321 1.253758634403616 1.247869630013199 1.247780161512543 1.316258462275748 1.279028498970243 1.333775280612498 1.287902519641005 1.140049883362856 1.133391117829288 1.011987539739793 0.9576754182472688 0.9264028350147078 1.121011331798242 1.056672661144335 1.185852532670507
0 0 0 0 0 0 0 0 0 0 0 0 0 0 0 0 0 0 0 0 0 0 0 0 0.02107961582315041 0.2903745958922743 0.4479211763689074 0.7479575095025552 0.8826360229045781 1.010163316176273 1.203178951872289 0.9906140837340107 0.9281482764208502 0.8435682635397032 1.072396430374097 1.224887688666084 1.093187853239941 0.9842494258897266 0.9796914306802835 1.05417322939837 1.184213023203781 1.046834452592183 1.247083389783959 1.060303237616801 1.205944751950329 1.119352389114386 1.223083271484447 1.265401643534467 1.291356665045734 1.213362538495159 1.309746430280948 1.265402408828745 1.304223895029582 1.324240734200411 1.332032529150595 1.275909948019371 1.237128641558302 1.129394079257343 1.029829039352959 0.9331378765571415 0.9391525763181948 1.205428962403292 1.257151307820201 1.189921584200804 1.123148534914154
0 0 0 0 0 0 0 0 0 0 0 0 0 0 0 0 0 0 0 0 0 0.01016471194266082 0.04206381779377258 0.1610322664743036 0.627842869448392 0.8428020212093221 0.8481946021317591 1.056845704976268 1.044091234570714 1.013948573987413 0.9191337030322988 0.987564246397304 1.017208850835937 1.134666959003365 1.119055884107988 1.133345140648334 1.04373650798426 1.068361981078539 1.299014375051484 1.194897730817514 1.235394146084589 1.180928477408685 1.134840367709499 1.179403008415841 1.157049492087275 1.167907469284724 1.126186008836392 1.269549709294038 1.285854277959552 1.254896230243288 1.265888095466803 1.282337128201647 1.320025435676835 1.305714558840013 1.293688293610175 1.255000571238871 1.181730573227499 1.167409989452639 1.113310061829294 1.030339132394803 1.024896173745766 1.028192671191106 1.045901173629958 1.19538386633181 1.251562490290284
0 0 0 0 0 0 0 0 0 0 0 0 0 0 0 0 0 0 0 0.0008728213632700834 0.2640343556158158 0.576158822332825 0.7956896052445811 0.8846420582573005 1.118659987503476 0.989299658868743 1.2255912446456 1.012625940392159 1.036458952745568 0.845307961364217 0.9706116547543548 1.100136266065045 1.140629196900746 1.212456924298299 1.029988976418376 1.078210444590998 1.091358246002371 0.9994430343624336 1.150923643674137 1.211936568978563 1.210349510308084 1.311062467658755 1.186099613725332 1.197975022036185 1.195970194306592 1.169738391867106 1.290896543472547 1.184379421504343 1.233956141806835 1.24799796699583 1.188569385069089 1.279756568738615 1.218077896811559 1.24265892943892 1.257348798608809 1.237077332214503 1.145997610256056 1.062651502175945 1.018606522532053 0.9443277373561396 1.245701356985345 1.026885553291117 1.238637374030914 1.262062986883044 1.197329726874402
0 0 0 0 0 0 0 0 0 0 0 0 0 0 0 0 0 0.01066447493669544 0.1293043125826087 0.3260887274177032 0.7797289910647773 1.132862246170078 1.010721270737553 1.042564004203028 1.102696213396746 1.161509822919962 1.226955067686376 1.022097151024428 1.037652411181779 0.9171994287812946 1.214850317273584 1.194125558945093 1.036745301127136 1.105655602073733 1.14558610599717 1.0575728149245 1.081707505218765 1.091344948817829 1.155030336044846 1.223303592751096 1.260249008804756 1.302427633939743 1.328633196371493 1.256724358000854 1.241594717320304 1.143172297574574 1.152271020507396 1.135753089640553 1.200986305607537 1.225269263547793 1.173133203827946 1.180099169096108 1.202557155032596 1.179678913834721 1.201781706128966 1.150910437968225 1.104264565938355 1.315209787337093 0.9702029881205579 0.8827717284459241 1.131759025007801 1.228185179436641 1.05161418533289 1.324419672094499 1.393887916406148
0 0 0 0 0 0 0 0 0 0 0 0 0 0 0 0 0.04640223260664656 0.2849248673344236 0.6736439955009219 0.8395886631992624 0.9332189332112835 1.024549567223043 0.9761985928898516 1.24081979584955 1.034870651287308 0.9300537276160279 0.9543571367893642 0.974561521185907 0.9237061353175221 1.076968603537248 1.241684044807267 1.175436490626041 1.160075268321553 1.219171863236755 1.368706846171132 1.131708244513749 1.176529438944214 1.183999487793832 1.185535213037525 1.277974523327098 1.298588406728773 1.294273035808707 1.326404081858255 1.308624814616204 1.247860911157611 1.252009550086924 1.105940306110702 1.225862341914859 1.153683026205055 1.313770982685017 1.211618369022698 1.159028607858164 1.162912903999066 1.163287605540866 1.132724295831259 1.148775134198659 1.050186484104256 1.045715862227742 1.075125652774619 0.9248181829660149 1.048276861218721 1.226061944380217 1.136986327356664 1.059371308954522 1.128224449640111
0 0 0 0 0 0 0 0 0 0 0 0 0 0 0.02922047703781552 0.1650242703944667 0.7310702200839877 0.9612963100724714 1.100785003626757 1.081964069003499 0.9849297492418899 1.115707126930955 1.276985846730819 1.015288124673703 1.02184822319964 1.030072154461229 1.044060267267954 1.088295894355255 1.107116227280482 1.108197130859694 1.113681629820485 1.150514799395244 1.135368376359472 1.203150780512208 1.349713840077793 1.35496174290619 1.25467141354926 1.317597220024766 1.343701535864448 1.286750700080617 1.319180113887191 1.29978392101081 1.287828637261886 1.288471626278041 1.256399662450162 1.206017179654666 1.148888306551383 1.099457034868646 1.099315478848968 1.248054784811168 1.186742914106092 1.147007142450535 1.161553509233695 1.188013554202577 1.083610409601913 1.255556241121385 1.193798165158502 0.9702500160805538 1.057912378276863 1.106553950037777 1.16729074008896 1.094972551960908 1.192243702214437 1.071084136181334 1.118495661174584
0 0 0 0 0 0 0 0 0 0 0 0 0 0.01298926191508712 0.3061747073769795 0.6782552959346515 1.014430712014849 0.8760840012877565 1.101104755803442 1.07232180400189 0.8885474316076367 0.9798229616107538 1.299157925210008 1.071683071983783 0.996832682944394 1.097880485480022 1.05409774841615 1.08537616776192 1.13431077490452 1.099456038906181 1.082329629074431 1.086332673991915 1.153515289282254 1.241974275222262 1.311242102182699 1.437004337351868 1.441701044559472 1.377279084408441 1.417764478131844 1.397227500552759 1.315764527138026 1.292005680591022 1.269745526017839 1.272239145276947 1.26130623545166 1.245142717307433 1.15808803045967 1.115124303564103 1.120946145758396 1.166047270495646 1.215038160770791 1.203832010762229 1.222766604411269 1.137808428565209 1.114355686549265 1.081570182803324 1.078002298196629 0.9680477209900982 0.9455364791211586 1.028151369314435 1.149435983966062 0.9406224529705494 1.099052339237513 0.9104884745696457 1.02304450394681
0 0 0 0 0 0 0 0 0 0 0 0.003181453598997307 0.1036096856961332 0.909058718512448 1.114827874503988 1.037333959190373 1.024989669698658 0.8778302460078159 1.021758730025939 1.108001592612794 1.064494996057172 0.8393843971144348 1.000105705291691 1.063376695695095 0.956192208654741 0.9628992914554684 0.9912173924944352 1.123488518363936 1.118849909782759 1.133659160959712 1.125071203322273 1.098326666074493 1.164234762664182 1.291945161060674 1.366469643237464 1.405831059986276 1.493360776569026 1.465103467473048 1.39792118945058 1.398503450381211 1.342525454397994 1.307427140300549 1.26301740609897 1.275399250306466 1.250961623934602 1.258523953094641 1.229490768759204 1.146334291978692 1.234572598191156 1.219107046693114 1.226458894618534 1.230751206893775 1.207857219507467 1.173322761396133 1.131220796962534 1.055362390133888 1.200939626287475 1.072262234444399 0.9157420410986424 0.8970137733903419 1.13162435731753 0.9251480635030358 1.094575324861772 1.08717603615643 1.19582157769515
0 0 0 0 0 0 0 0 0 0 0 0.1140089257245935 0.633827224932356 0.8203395208574055 1.170875680169301 0.8986690596361069 0.9266529636471443 1.074276376283643 1.17799508047028 1.052765201277629 1.11795969745805 1.288457179353887 1.149904252558472 0.9531915556110501 1.236192649342043 0.9468063423179435 1.245627905819976 1.060512585331527 1.172740737088824 1.20023885594841 1.194223187594388 1.182517113152614 1.214496746783261 1.237810135254657 1.371027626031113 1.410908654439364 1.411309208110681 1.468768668508803 1.448336232392228 1.383639909357262 1.388289806788197 1.330073377453848 1.295828095581345 1.298605903659572 1.297147683722459 1.33459413305128 1.275112323683082 1.194692776311399 1.16795215170207 1.227230515049897 1.270240666545092 1.241713512096396 1.25566841802214 1.291145965725209 1.133401860393186 1.066785179782619 1.238334635545578 1.140811056854311 1.129783907577442 0.9439814888087317 0.9958368025870185 1.104564073122219 1.017373892228387 1.077807641779626 1.020734705949804
0 0 0 0 0 0 0 0 0.1650292845165292 0.4197045962877447 0.6668541071289551 0.961280016775658 0.9745990138948466 1.14323878989669 0.9404321324358057 0.968299627020933 0.9481224620919014 1.007226411516736 1.063969115606694 1.026203647875789 1.015044626375756 1.242998689348493 1.051388184356419 0.9561954231617323 1.094662507747985 1.06619535397077 1.107743388202042 1.237026292345288 1.277861541205391 1.332823922962287 1.295906743015585 1.262632545370472 1.235888528465547 1.237674424733896 1.292804690391382 1.356393796259449 1.418246568163176 1.387388847808743 1.411908894872472 1.411799603681887 1.39771993848446 1.398261215339836 1.376739901171222 1.346332053815673 1.338452126319545 1.320231303768369 1.282183059248817 1.25206403733654 1.186264865124966 1.208443256251463 1.289573236663723 1.296050210601364 1.250898746030842 1.219328394255699 1.185987194051639 1.086817536833803 0.9800210294331279 0.9529292098421019 0.9884644113359492 0.9237381339563205 1.196107582432147 1.201885524110921 0.9727613209381121 1.171719074496755 1.030613593656352
0 0 0 0 0 0 0.01379608412875215 0.1563826945089148 0.6757476136866729 0.8532630686329509 1.090167846463983 1.219290479546079 1.114700427547354 1.124480736586249 0.8829326197350098 1.513275372104328 1.102968408432987 0.9471247587700667 0.9553158248016604 1.179068873815639 1.034188701889292 1.023792164976696 1.139885672802528 1.087637540957229 0.9574574861648529 1.252280666430002 1.101126414545882 1.075503364537434 1.245993914141368 1.252949482935069 1.319371236862799 1.300290629453326 1.256103272295258 1.252988204842648 1.20920818529104 1.245233186195968 1.308505928362366 1.355730125046222 1.380727983520649 1.392622063375637 1.4298229688197 1.443017710147193 1.412666566596194 1.42067417401869 1.406134437108726 1.381791138694612 1.314605276825417 1.260055843749395 1.234525021015203 1.185502910985724 1.261755393090878 1.348896285700813 1.267418941735037 1.252789806497963 1.185742347115646 1.149099657888833 1.099581374651786 1.362536332197167 0.9543629899438878 1.231148251002492 0.9151417831272087 1.231539524385721 0.9865755009191852 1.141529306754252 1.025117432344019
0 0 0 0 0.01280090223121389 0.1850178174594859 0.7960511150517979 1.021787976341264 1.047443737568151 1.117918354089731 0.8201319978509991 0.9993860058178143 1.027341076656594 1.057635287390809 0.9451737918813081 1.291158241778822 1.099142419868461 1.034358704427157 0.9158527563353808 1.03105732545852 1.211220916087293 1.036665864999239 1.08992423924663 1.266089380382067 1.186369287384235 1.131336009141095 1.110362967155991 1.076201150701765 1.037812793516717 1.171552868358466 1.224312107980158 1.267025131964213 1.257491401654753 1.228569090070947 1.220436735635429 1.193573169657578 1.247537441549735 1.309225164829648 1.367839075685848 1.38757100460309 1.414520553150978 1.447474310726705 1.473317650370999 1.464069838084696 1.46737202290987 1.443719592557105 1.385432413678553 1.307667810711711 1.242116588616817 1.22335934495492 1.238426872941173 1.299119284434549 1.299792332260481 1.254253897884353 1.226447029022817 1.150144602282748 1.07010266682522 1.081456824231481 1.08409114838954 1.168112660113022 0.9952668330249472 0.9499316648322383 1.054609367558217 1.018203241718495 1.156378477324834
0.00835298932024923 0.005053712449842817 0.006393323131406646 0.1252281838426214 0.6510161256488806 0.8831216744982338 1.026152264951952 1.084725822644968 1.152984578782007 1.102872062781824 1.092500101541385 0.84098927618533 1.018765557329665 1.223018208338603 1.009734133811382 1.099127130947015 1.031520606894053 1.232887364474888 1.255877612488293 0.9804028854682024 1.179557278776419 1.278291694337607 1.12696029844024 1.197566123401538 1.252990877704151 1.118773665056775 0.9811117717785254 0.9855400770028597 1.016741522052384 1.26251138810243 1.11754795543974 1.241214673337125 1.170859318347739 1.200082987822006 1.175573780705063 1.161757223327036 1.199218340855396 1.289198667341137 1.324065446723433 1.394991875199331 1.383842519993683 1.414602235708557 1.486057290760789 1.478120549304739 1.516774950101232 1.496388139202341 1.472123305835906 1.371752137748885 1.281511386302021 1.21790217033442 1.18963851696884 1.218871630113864 1.284387049387441 1.288891877970954 1.252940227099604 1.194048307934945 1.103821461682799 1.01122034176211 1.061488225881459 1.052927346158176 1.066733989051104 1.147371234922019 1.177850379857538 1.042228066880527 1.178836440398608
0.6621792166791028 0.9390977926254266 0.821376087077697 0.6192519252019534 0.8050011522069167 1.220883546617649 1.09690721253261 0.9146729156785626 1.121843770029818 0.9954701717713099 1.068328707594715 0.9705692030840533 1.129775584654227 1.107199054813147 1.01623754781734 1.05139405637647 1.028855983133761 1.087575031836889 1.253430926281395 1.199611064766353 1.222836259631554 1.290625274914758 1.330125270665794 1.202295824452085 1.259566082518679 1.07297580599367 1.148638005054274 1.197235887109774 0.9112827617414243 1.036659975965021 1.019605228867007 1.094195659470972 1.134885893469564 1.09925816659269 1.227083844076532 1.164168396854961 1.16802307795821 1.267769905225423 1.306729703042919 1.354871179751741 1.383014194871106 1.403664126955888 1.462740360033862 1.495042142760816 1.534313817379905 1.572865036822092 1.563450579743003 1.503401137033701 1.367016254054154 1.261330418216131 1.212944866973657 1.224779164253682 1.258913028346181 1.300576760272534 1.263753732066173 1.236007126269696 1.165607037599963 1.220012750996171 1.019527848239775 1.021507773113506 0.972885941059134 0.9495343813341692 1.221981247836233 1.072729634415205 1.156455193016482
1.083577780080772 0.9124832003748977 1.011385634140716 0.9878536930501887 1.108297116220322 1.077876817315975 1.041346422605914 1.072550966556771 1.308406806160658 1.2060594327437 1.002805389330361 1.132894382958694 0.9857724781011454 1.113177877886328 1.098008188638273 1.103921570384642 1.241287542576005 1.031744830571385 1.269747382073568 1.413809756015751 1.212650823389674 1.253285181081544 1.30436351667743 1.248775789506188 1.134285784178211 1.204271104786401 0.9361631516813811 1.147441323275622 1.187609923928825 0.8785559085622584 1.005690177263881 1.072853635556105 1.14806696165889 1.13956039060867 1.21079445954322 1.277952384193903 1.161130367609122 1.176675632879084 1.278830490620434 1.338598318853344 1.352441839074605 1.388815257143956 1.456892756332973 1.50631068346977 1.551873185169239 1.585422286611127 1.634158406389739 1.596432000505392 1.495730852471901 1.342673529846978 1.266505588732959 1.246276273947476 1.260058282216392 1.31076507651105 1.337806135244934 1.290223283181575 1.213088416720893 1.306331138838442 1.090351022728113 1.060181668005234 1.116926937131555 1.05983152596291 1.197678174660574 1.059603020228924 0.9664448597784679
