benchmarks/avaHitNullTest/relHit_null_dfa_829589904a_pft.asc
ncols 525
nrows 445
xllcenter 272771.42
yllcenter 357502.70
cellsize 5.00
noDataValue nan
[rows 58 to 86 of 445, columns 65 to 129 of 525]
0 0 0 0 0 0 0 0 0 0 0 0 0 0 0 0 0 0 0 0 0 0 0 0 0 0 0 0 0 0 0 0 0 0 0 0 0 0 0 0 0 0 0 0 0 0 0 0 0 0 0 0 0 0 0 0 0 0 0.001129661457179825 0.09110176708515269 0.1003759633677627 0.6252510118062947 0.9306617678994952 0.8441332200044875 1.28965722757621
0 0 0 0 0 0 0 0 0 0 0 0 0 0 0 0 0 0 0 0 0 0 0 0 0 0 0 0 0 0 0 0 0 0 0 0 0 0 0 0 0 0 0 0 0 0 0 0 0 0 0 0 0 0 0 0.002638387681396271 0.01209260852150102 0.09197000513884968 0.2962643353225228 0.6797411777173348 0.9956862552331207 1.143611221213523 0.8760085877212653 1.026522796637323 1.197615957422297
0 0 0 0 0 0 0 0 0 0 0 0 0 0 0 0 0 0 0 0 0 0 0 0 0 0 0 0 0 0 0 0 0 0 0 0 0 0 0 0 0 0 0 0 0 0 0 0 0 0 0 0 0 0.001237668161746226 0.1774257268956796 0.4032994863903243 0.5992666339204291 0.9652002118547447 0.9751491907842201 0.9337278739151776 1.14352579125281 1.003579947471946 1.107739466027142 1.139440031474086 1.025877366659031
0 0 0 0 0 0 0 0 0 0 0 0 0 0 0 0 0 0 0 0 0 0 0 0 0 0 0 0 0 0 0 0 0 0 0 0 0 0 0 0 0 0 0 0 0 0 0 0 0 0 0.006347801129322483 0.05496053106256758 0.1383088417779068 0.6163401296966826 0.855807779624957 1.067325670139106 0.8574912274608943 0.9906396684694972 1.146304441463602 0.9653636996178081 0.9309496798916097 1.044099316937308 1.065816634693236 1.019073747692928 1.068742764350286
0 0 0 0 0 0 0 0 0 0 0 0 0 0 0 0 0 0 0 0 0 0 0 0 0 0 0 0 0 0 0 0 0 0 0 0 0 0 0 0 0 0 0 0 0 0 0 0 0 0.09950322110034365 0.2839287533802266 0.5388648778508254 0.9186063987700546 1.007773752360388 1.009735707341415 0.9495173935758197 1.26642221610209 0.9770490681945662 1.151920023533871 1.085686332923556 1.029148974079511 0.9435713890107931 0.904228070146194 1.084189990825725 1.170350114706374
0 0 0 0 0 0 0 0 0 0 0 0 0 0 0 0 0 0 0 0 0 0 0 0 0 0 0 0 0 0 0 0 0 0 0 0 0 0 0 0 0 0 0 0 0 0 0.02274008216710095 0.1475010797701071 0.4791602882160579 0.6623844499465055 0.8984959617508936 1.116492240331036 0.7735996494019705 1.093622653257483 1.024114099003562 1.028335893349006 1.142897849061501 1.225937751645248 1.104217400843229 1.088285586497913 1.151650865750708 1.342862950263824 1.055040269730496 0.9343357794201747 1.315134574274158
0 0 0 0 0 0 0 0 0 0 0 0 0 0 0 0 0 0 0 0 0 0 0 0 0 0 0 0 0 0 0 0 0 0 0 0 0 0 0 0 0 0 0 0 0.0696998003601004 0.4462762948886926 0.5692713669662995 0.8750507477477687 0.853505438296161 1.07289461309484 1.027259308430688 1.079616249945271 0.9677989381102866 1.214750543502634 1.136240164027912 0.9365376467776654 0.9174110960382404 0.9451690864656421 1.165802824766458 1.04118539065298 0.9703381252831539 1.159016857789465 1.306292190063188 1.136351278508185 1.089251697200685
0 0 0 0 0 0 0 0 0 0 0 0 0 0 0 0 0 0 0 0 0 0 0 0 0 0 0 0 0 0 0 0 0 0 0 0 0 0 0 0 0.02851382609823807 0.09682914753905672 0.129036141237917 0.2555629936438328 0.56856327155945 1.072611910411161 0.9256788103548252 1.169700995240533 0.9752651836704952 1.009348202138202 0.9142290975377462 0.9964745187626756 1.307435140746288 1.134643163667606 0.9927858030764271 1.157023931793205 1.081324149873186 0.9989484489225033 1.117529150503136 1.17578111319341 1.278144895280763 1.084455004375678 1.017034026211354 1.17323097376358 1.024753918719172
0 0 0 0 0 0 0 0 0 0 0 0 0 0 0 0 0 0 0 0 0 0 0 0 0 0 0 0 0 0 0 0 0 0 0 0 0 0 0 0.315943995753858 0.4165212947365212 0.8559466065568284 1.046380809336614 0.8807299230307085 0.8781173600710039 0.917163166164634 0.9084018874091808 1.063726623757708 1.116324416394 0.9104036555035649 0.9996083110802715 0.9089984750678575 1.215746119383811 1.001102812290319 0.954916668395936 1.194761575516649 1.165919652918996 1.066941056117453 1.021060892672486 1.057313468527111 1.079882200235818 1.179813918153348 1.062225361176599 1.236554270259198 1.129978830918487
0 0 0 0 0 0 0 0 0 0 0 0 0 0 0 0 0 0 0 0 0 0 0 0 0 0 0 0 0 0 0 0 0 0 0 0 0.1696434269120934 0.2668131684737011 0.5005182573835099 1.147429291580313 0.8655693159549271 0.8286527474335171 1.106254803103213 1.002939910526476 1.161308414562681 1.079988537558395 1.180073151980621 1.196794748350463 0.9110462640730167 0.8802527597986151 1.369150938591738 0.9469958522833331 0.9535624792613511 0.9843823817114578 1.026544498085286 1.258682292382973 1.105521234808023 1.314931247715664 1.216957171133679 1.046061298612566 1.164247416291596 1.039743303005823 0.9881878677581991 1.281382077563543 1.271098281734682
0 0 0 0 0 0 0 0 0 0 0 0 0 0 0 0 0 0 0 0 0 0 0 0 0 0 0 0 0 0 0 0 0 0.009190857488149011 0.04816393411592688 0.4426497737859726 0.8346942839007705 0.9915491689261406 1.059235236831291 1.120895407191375 1.191474436464538 0.8726115701398557 0.9973187982599346 1.03255359737028 1.264509713456626 1.03459770311313 1.145339127892228 1.17057821560212 1.07562548550682 1.105838541354771 1.000981344515786 1.067888479231052 1.094979682916084 1.038107078866913 1.094419554502009 1.333400473318488 1.252725646344033 1.417849584938037 1.254140228538995 1.142475852697833 1.001359747567612 0.9447177736203368 0.9288937180251264 1.120461740691885 1.117232226812497
0 0 0 0 0 0 0 0 0 0 0 0 0 0 0 0 0 0 0 0 0 0 0 0 0 0 0 0 0 0 0 0.01348141814795905 0.1015534309314411 0.3576047828483928 0.9814238456653803 1.030750053439369 0.9087938344560985 0.9616924309542925 1.211702438297015 1.054656643213609 1.055589352202495 1.191326014159352 1.031322345976216 1.064297040454289 1.059485285982725 1.060934110219287 0.9951785023552137 1.07631391372797 1.16224766772993 1.138522903461924 1.113430693103581 1.139003350796622 1.007571365919598 1.299004153924667 1.265252981151297 1.284566416536046 1.33552603953224 1.252667467477219 1.237870591652725 1.135103156636957 1.019316082949442 1.165715346485958 1.213136654142613 1.070963951042097 1.098353772259355
0 0 0 0 0 0 0 0 0 0 0 0 0 0 0 0 0 0 0 0 0 0 0 0 0 0 0 0 0 0 0.07374451017673149 0.6568674187894722 0.8823211582971749 1.083835293723769 1.115977132897569 0.8830356682982471 0.9762650297394643 0.9132186231413709 1.013391415688846 1.111525136310271 1.137519406770955 1.133207325802004 1.105030137352936 0.9952940264317578 1.013034546896047 1.039646523371263 1.183788278594528 1.112380592227097 1.085217976052982 1.214748445210342 1.210821798557967 1.141002286261288 1.165981675314613 1.187321486917673 1.360151823841503 1.318276746867672 1.264214328996549 1.257016740016061 1.143997771485452 1.1929221660642 1.010173012048903 1.216873763698777 1.101599177314228 1.133109286118231 1.07602615990435
0 0 0 0 0 0 0 0 0 0 0 0 0 0 0 0 0 0 0 0 0 0 0 0 0 0 0.009257977505621335 0.03468141253385325 0.1233149133932794 0.4340899981492769 0.7860113554993468 0.9038579446389731 1.044367342750655 1.043220742071463 1.109678581528224 0.9288356381839147 0.9750223742551445 1.013019891125752 1.133371795862496 1.106480533519451 1.042374964776958 1.120244631774639 1.078677024352283 1.042795908626961 1.22490833414408 1.162433436772125 1.196768472021455 1.276459479494975 1.156387302654809 1.312452908843242 1.253758634403511 1.247869630013209 1.247780161512596 1.316258462275753 1.279028498970302 1.333775280612325 1.287902519640936 1.140049883362855 1.133391117829294 1.01198753973967 0.957675418247278 0.9264028350147165 1.1210113317982 1.056672661144308 1.185852532670567
0 0 0 0 0 0 0 0 0 0 0 0 0 0 0 0 0 0 0 0 0 0 0 0 0.02107961582314952 0.2903745958922725 0.4479211763688593 0.7479575095025554 0.8826360229045777 1.010163316176271 1.203178951872286 0.9906140837339147 0.9281482764207728 0.8435682635396374 1.072396430374087 1.224887688666093 1.093187853239945 0.984249425889583 0.9796914306802796 1.05417322939828 1.18421302320384 1.046834452592184 1.247083389783843 1.060303237616768 1.205944751950123 1.119352389114292 1.223083271484376 1.265401643534416 1.291356665045826 1.213362538495186 1.309746430280871 1.265402408828627 1.304223895029625 1.324240734200563 1.332032529150695 1.275909948019444 1.237128641558066 1.129394079257209 1.029829039353005 0.933137876557146 0.939152576318189 1.205428962403301 1.257151307820105 1.18992158420082 1.123148534914161
0 0 0 0 0 0 0 0 0 0 0 0 0 0 0 0 0 0 0 0 0 0.0101647119426613 0.04206381779377285 0.1610322664742972 0.6278428694483807 0.8428020212092734 0.848194602131671 1.056845704976263 1.044091234570589 1.013948573987406 0.919133703032325 0.9875642463971995 1.017208850835938 1.134666959003361 1.119055884108093 1.133345140648327 1.043736507984459 1.068361981078445 1.299014375051501 1.1948977308177 1.235394146084696 1.180928477408832 1.134840367709471 1.179403008415821 1.157049492087276 1.167907469284563 1.12618600883636 1.269549709294152 1.285854277959525 1.254896230243282 1.265888095467227 1.28233712820134 1.320025435676835 1.305714558840082 1.293688293610066 1.255000571238905 1.181730573227416 1.167409989452641 1.113310061829295 1.030339132394802 1.024896173745764 1.02819267119123 1.045901173629796 1.195383866331904 1.251562490290309
0 0 0 0 0 0 0 0 0 0 0 0 0 0 0 0 0 0 0 0.0008728213632700782 0.2640343556158202 0.5761588223327433 0.7956896052445758 0.8846420582572984 1.118659987503738 0.9892996588687509 1.225591244645583 1.012625940392158 1.036458952745567 0.8453079613640532 0.9706116547543657 1.100136266064993 1.140629196900731 1.212456924298286 1.029988976418282 1.078210444590914 1.091358246002585 0.9994430343623892 1.150923643674248 1.211936568978647 1.210349510307928 1.311062467658869 1.186099613725236 1.197975022036247 1.195970194306592 1.169738391866992 1.290896543472549 1.184379421504328 1.233956141806921 1.247997966995668 1.188569385069042 1.27975656873841 1.218077896811317 1.242658929438838 1.257348798608795 1.237077332214653 1.145997610256231 1.062651502175896 1.018606522532148 0.9443277373561437 1.245701356985349 1.026885553291177 1.238637374030926 1.262062986882989 1.197329726874295
0 0 0 0 0 0 0 0 0 0 0 0 0 0 0 0 0 0.01066447493669523 0.1293043125826062 0.3260887274177036 0.7797289910647806 1.132862246170071 1.010721270737552 1.042564004203035 1.102696213396793 1.161509822919956 1.226955067686172 1.022097151024386 1.037652411181905 0.9171994287813049 1.214850317273568 1.19412555894514 1.03674530112714 1.105655602073803 1.1455861059973 1.057572814924546 1.081707505218706 1.091344948817872 1.155030336044862 1.223303592751173 1.260249008804808 1.302427633939803 1.328633196371553 1.256724358000854 1.241594717320173 1.143172297574368 1.152271020507156 1.135753089640576 1.200986305607659 1.225269263547792 1.173133203827931 1.180099169096516 1.202557155032623 1.179678913834525 1.201781706128815 1.150910437968247 1.104264565938387 1.315209787337049 0.9702029881206322 0.8827717284459264 1.131759025007635 1.228185179436672 1.051614185332931 1.324419672094271 1.393887916405991
0 0 0 0 0 0 0 0 0 0 0 0 0 0 0 0 0.04640223260664705 0.2849248673344209 0.6736439955009231 0.8395886631992643 0.9332189332112752 1.024549567222931 0.976198592889949 1.240819795849545 1.034870651287283 0.9300537276161667 0.9543571367892145 0.9745615211857412 0.9237061353175082 1.076968603537247 1.241684044807257 1.175436490626175 1.16007526832152 1.2191718632368 1.36870684617114 1.131708244513677 1.176529438944585 1.183999487793898 1.185535213037436 1.277974523327233 1.298588406728784 1.294273035808832 1.326404081858163 1.308624814616155 1.247860911157521 1.252009550086934 1.105940306110649 1.225862341914864 1.153683026205119 1.313770982685055 1.211618369022786 1.159028607858214 1.162912903999534 1.163287605540577 1.132724295831206 1.148775134198659 1.050186484104338 1.045715862228021 1.075125652774648 0.9248181829661007 1.048276861218858 1.226061944380203 1.13698632735668 1.059371308954459 1.128224449640112
0 0 0 0 0 0 0 0 0 0 0 0 0 0 0.0292204770378155 0.1650242703944665 0.7310702200839908 0.9612963100724412 1.100785003626759 1.081964069003528 0.9849297492418894 1.115707126930965 1.276985846730812 1.015288124673682 1.021848223199665 1.030072154461233 1.044060267267945 1.088295894355253 1.107116227280489 1.108197130859782 1.113681629820596 1.150514799395176 1.135368376359618 1.203150780512272 1.349713840077783 1.354961742906209 1.254671413549034 1.317597220024531 1.343701535864496 1.28675070008052 1.319180113887312 1.299783921010806 1.287828637261825 1.28847162627797 1.256399662450115 1.20601717965459 1.148888306551392 1.099457034868696 1.099315478849008 1.248054784810994 1.18674291410624 1.147007142450761 1.161553509233761 1.188013554202658 1.083610409601866 1.2555562411214 1.193798165158398 0.9702500160804644 1.057912378276864 1.106553950037847 1.167290740088956 1.094972551960906 1.192243702214337 1.071084136181281 1.118495661174586
0 0 0 0 0 0 0 0 0 0 0 0 0 0.01298926191508275 0.3061747073769802 0.6782552959346533 1.014430712014839 0.8760840012876782 1.101104755803442 1.072321804001972 0.8885474316076341 0.9798229616108353 1.29915792520996 1.071683071983801 0.9968326829443925 1.097880485480005 1.054097748416104 1.085376167761842 1.134310774904426 1.099456038905932 1.082329629074203 1.086332673991774 1.153515289282244 1.241974275222221 1.311242102182554 1.43700433735202 1.441701044559382 1.377279084408201 1.417764478131915 1.397227500552779 1.315764527138011 1.292005680591151 1.269745526017936 1.272239145276772 1.261306235451574 1.245142717307676 1.158088030459733 1.115124303564012 1.120946145758408 1.166047270495695 1.215038160770746 1.203832010762507 1.222766604411325 1.137808428565197 1.114355686549277 1.081570182803335 1.078002298196536 0.9680477209899663 0.9455364791211885 1.028151369314485 1.149435983966071 0.9406224529705046 1.099052339237495 0.9104884745695693 1.023044503946811
0 0 0 0 0 0 0 0 0 0 0 0.003181453598997273 0.1036096856961315 0.9090587185124446 1.114827874504054 1.037333959190547 1.024989669698657 0.877830246007812 1.021758730025958 1.108001592612794 1.064494996057169 0.8393843971144379 1.000105705291681 1.063376695695253 0.9561922086546514 0.9628992914554819 0.9912173924944089 1.123488518363915 1.118849909782582 1.133659160959711 1.125071203321969 1.098326666074573 1.164234762663976 1.291945161060481 1.366469643237213 1.40583105998614 1.49336077656922 1.46510346747317 1.397921189450414 1.39850345038143 1.34252545439804 1.307427140300608 1.263017406098993 1.275399250306367 1.250961623934566 1.258523953094681 1.229490768759271 1.146334291978622 1.234572598191151 1.21910704669306 1.226458894618561 1.230751206893866 1.207857219507661 1.173322761395915 1.131220796962555 1.055362390134021 1.200939626287477 1.072262234444251 0.9157420410987402 0.8970137733903439 1.131624357317489 0.9251480635029711 1.094575324861819 1.087176036156381 1.195821577695155
0 0 0 0 0 0 0 0 0 0 0 0.1140089257245955 0.6338272249323557 0.8203395208574407 1.170875680169305 0.8986690596362985 0.9266529636470613 1.074276376283595 1.177995080470424 1.052765201277612 1.117959697458107 1.288457179353897 1.149904252558518 0.9531915556110545 1.236192649342004 0.9468063423179427 1.245627905819841 1.060512585331626 1.172740737088819 1.200238855948256 1.194223187594352 1.182517113152406 1.214496746783314 1.237810135254642 1.371027626030978 1.410908654439199 1.411309208110796 1.468768668509058 1.448336232392447 1.383639909357318 1.388289806788451 1.330073377453635 1.295828095581328 1.298605903659718 1.297147683722845 1.33459413305133 1.275112323683138 1.194692776311481 1.167952151702202 1.227230515050036 1.270240666544958 1.241713512096436 1.255668418022214 1.291145965725205 1.133401860393189 1.066785179782623 1.238334635545577 1.140811056854298 1.129783907577433 0.9439814888086967 0.9958368025870102 1.104564073122275 1.017373892228396 1.077807641779658 1.020734705949724
0 0 0 0 0 0 0 0 0.1650292845165281 0.4197045962877493 0.6668541071289595 0.9612800167756584 0.9745990138948954 1.143238789896691 0.9404321324358402 0.9682996270209304 0.9481224620918456 1.007226411516809 1.063969115606806 1.026203647875894 1.015044626375802 1.242998689348389 1.051388184356508 0.9561954231617908 1.094662507748003 1.066195353970904 1.107743388202026 1.23702629234525 1.277861541205338 1.332823922962293 1.295906743015497 1.262632545370402 1.235888528465478 1.237674424733847 1.292804690391589 1.356393796259507 1.418246568163174 1.387388847808696 1.41190889487253 1.411799603681704 1.397719938484476 1.398261215340124 1.376739901171292 1.346332053815722 1.33845212631947 1.320231303768776 1.282183059248782 1.252064037336815 1.18626486512528 1.208443256251515 1.289573236663796 1.296050210601079 1.250898746030757 1.219328394255749 1.185987194051604 1.086817536833817 0.9800210294333379 0.9529292098421016 0.9884644113360527 0.9237381339563907 1.196107582432146 1.201885524110927 0.9727613209380633 1.171719074496591 1.030613593656314
0 0 0 0 0 0 0.01379608412876026 0.1563826945089144 0.6757476136866726 0.8532630686328052 1.090167846463972 1.219290479546042 1.114700427547363 1.124480736586431 0.8829326197348877 1.513275372104327 1.102968408433195 0.9471247587701056 0.9553158248016761 1.17906887381576 1.034188701889293 1.02379216497666 1.139885672802454 1.087637540956989 0.9574574861648574 1.252280666430009 1.101126414545838 1.07550336453734 1.245993914141372 1.252949482935134 1.319371236862689 1.300290629453048 1.256103272295039 1.252988204842556 1.209208185290915 1.245233186196173 1.308505928362529 1.355730125046092 1.380727983520748 1.39262206337572 1.429822968819676 1.443017710147217 1.412666566596352 1.420674174018826 1.406134437108725 1.381791138694446 1.314605276825716 1.260055843749393 1.234525021015668 1.18550291098576 1.261755393091023 1.348896285700806 1.267418941735045 1.252789806498068 1.185742347115484 1.14909965788882 1.099581374651786 1.362536332197178 0.9543629899439163 1.231148251002496 0.9151417831271673 1.231539524385523 0.9865755009191306 1.141529306754147 1.025117432344344
0 0 0 0 0.01280090223121409 0.1850178174594847 0.796051115051794 1.021787976341262 1.047443737568151 1.117918354089735 0.8201319978510955 0.9993860058177847 1.027341076656569 1.057635287391011 0.9451737918812982 1.291158241778761 1.099142419868415 1.034358704427146 0.9158527563355646 1.031057325458491 1.211220916087468 1.036665864999183 1.08992423924651 1.266089380382116 1.186369287384233 1.131336009141288 1.11036296715602 1.07620115070184 1.03781279351684 1.171552868358529 1.224312107980147 1.267025131963996 1.257491401654804 1.228569090070956 1.220436735635438 1.193573169657453 1.247537441549831 1.309225164829925 1.367839075685653 1.387571004603035 1.414520553151148 1.447474310726444 1.473317650371219 1.464069838084762 1.467372022910044 1.44371959255705 1.385432413678446 1.3076678107119 1.242116588616882 1.223359344955075 1.238426872941107 1.299119284434713 1.299792332260336 1.254253897884412 1.226447029022886 1.150144602282586 1.070102666825284 1.0814568242314 1.084091148389534 1.168112660112955 0.9952668330247937 0.9499316648322416 1.054609367558004 1.018203241718558 1.156378477324844
0.008352989320241901 0.005053712449847653 0.00639332313140669 0.1252281838426214 0.6510161256488808 0.8831216744982322 1.026152264951958 1.084725822644818 1.152984578781959 1.102872062781963 1.092500101541384 0.8409892761854302 1.018765557329582 1.223018208338595 1.009734133811407 1.09912713094705 1.031520606894115 1.232887364474798 1.2558776124883 0.980402885468181 1.179557278776381 1.278291694337263 1.126960298440224 1.197566123401642 1.252990877704141 1.118773665056516 0.9811117717785198 0.9855400770028798 1.016741522052385 1.262511388102367 1.117547955439743 1.241214673337002 1.170859318347701 1.200082987822018 1.175573780705221 1.161757223326992 1.199218340855544 1.289198667341214 1.324065446723305 1.394991875199121 1.383842519993715 1.414602235708486 1.486057290760868 1.478120549304581 1.516774950101226 1.496388139202388 1.472123305835699 1.371752137748949 1.28151138630204 1.217902170334498 1.189638516969067 1.218871630113969 1.284387049387572 1.288891877971065 1.252940227099696 1.194048307934837 1.103821461682802 1.01122034176211 1.061488225881368 1.052927346158082 1.066733989051048 1.147371234922052 1.177850379857537 1.042228066880547 1.178836440398603
0.6621792166791014 0.9390977926254256 0.8213760870776992 0.6192519252019882 0.8050011522068224 1.220883546617647 1.096907212532757 0.9146729156787409 1.121843770029909 0.9954701717716646 1.068328707594606 0.9705692030839365 1.129775584654355 1.107199054813166 1.016237547817263 1.051394056376419 1.028855983133809 1.087575031836731 1.253430926281412 1.199611064766243 1.222836259631393 1.290625274914698 1.330125270665629 1.202295824452072 1.25956608251868 1.072975805994031 1.148638005054269 1.197235887109775 0.9112827617414616 1.036659975964854 1.019605228867052 1.094195659471106 1.134885893469797 1.09925816659262 1.227083844076806 1.164168396855188 1.168023077958111 1.267769905225425 1.306729703043215 1.354871179751575 1.383014194871031 1.403664126955794 1.462740360033647 1.495042142760797 1.534313817379956 1.572865036822036 1.56345057974292 1.50340113703337 1.367016254054398 1.261330418216309 1.212944866973535 1.224779164253233 1.25891302834614 1.300576760272652 1.263753732066214 1.236007126269634 1.165607037600001 1.220012750996223 1.019527848239725 1.021507773113552 0.9728859410591387 0.9495343813341836 1.221981247836174 1.072729634415101 1.156455193016437
1.08357778008077 0.9124832003748883 1.0113856341407 0.9878536930501979 1.108297116220317 1.077876817315994 1.041346422605914 1.072550966556769 1.308406806160683 1.206059432743733 1.002805389330356 1.132894382958658 0.9857724781011697 1.113177877886344 1.098008188638253 1.103921570384502 1.241287542576032 1.03174483057124 1.269747382073565 1.413809756015844 1.212650823389535 1.253285181081544 1.304363516677248 1.248775789505947 1.134285784178194 1.204271104786406 0.9361631516813196 1.14744132327561 1.187609923928812 0.8785559085622801 1.005690177264003 1.072853635556099 1.1480669616588 1.139560390608806 1.210794459543406 1.277952384194056 1.161130367609117 1.176675632879153 1.278830490620315 1.338598318853326 1.352441839074492 1.388815257143868 1.456892756333022 1.506310683469553 1.551873185169368 1.585422286611126 1.634158406389588 1.596432000505392 1.495730852472096 1.342673529846947 1.266505588732928 1.246276273947294 1.260058282215931 1.310765076510924 1.337806135244961 1.290223283181531 1.213088416720785 1.306331138838576 1.090351022728189 1.060181668005246 1.116926937131556 1.0598315259628 1.197678174660573 1.05960302022884 0.9664448597785767
