benchmarks/avaHitNullTest/relHit_5d436948cc_C_null_dfa_ppr.asc
ncols 525
nrows 445
xllcenter 272771.42
yllcenter 357502.70
cellsize 5.00
nodata_value nan
[rows 261 to 289 of 445, columns 330 to 395 of 525]
53.05468212371058 53.72052683410001 54.33331064700849 54.92002576763819 55.2369223379725 55.41711693238528 56.01577654440208 56.60646273306359 56.74007160478977 57.9643509241731 59.46075929526764 59.84617390723044 58.75293383552276 57.08406698853369 55.48955401384161 54.13145658643868 52.61353888303773 50.15942921503985 46.45865452197057 42.6638800958573 39.55522187057061 36.93750435293292 35.26250918343121 27.27593917593448 21.65115722232847 17.22300214113662 12.64521643970962 6.99455503674142 2.546349502856444 1.893797340412609 1.163164529309074 0.7801249673800988 0 0 0 0 0 0 0 8.490527082686857 16.38349083977432 22.91970298253079 27.32047110299421 29.38245267145761 32.19736875216302 33.96949410188477 35.908133565612 35.65214733641702 36.28291777832935 36.06229807345736 36.04860034758919 35.54414725931778 35.23639200708693 35.97979992358584 35.98448584035124 34.67116465328758 32.82537710963113 30.99256830539507 27.51393134428581 25.41717805998688 23.5699301074505 21.33785902622257 21.05117176555128 18.47740840879553 16.35543894029616 11.51627087967035
49.82729824063865 50.72041009015878 51.44385604461855 52.36660813256191 53.4547326881067 54.71409381972646 55.47902578082287 55.20989561760105 54.87987872152744 55.51990714191894 56.56623507670645 57.39556296848355 57.357751225231 56.37971247149446 54.99751497646124 53.6847200150151 51.81469307448229 48.65120791815043 44.40320503598026 40.88144296889165 38.64553744719581 36.25759835973859 32.47837339092487 30.31668752615827 25.80195397566716 22.95537828064083 18.8259903412392 13.22427142138068 10.95158362806261 8.167867715318991 6.020234603583589 4.378544476731155 1.736158416759287 0 0 0 0 0 0 0 8.456309796606535 15.22912975587321 21.42969017859238 26.37111850699842 26.81828179667274 28.51083588895077 29.11176990223872 30.0093230573941 31.06102822424599 31.0222883932045 30.71106045337642 31.50716065427286 31.847672324996 32.05547766099293 32.08515190200649 30.41140450583294 29.99905493595483 27.4586230560993 25.73632177108275 22.18324513712986 21.5064033975563 20.81707945620024 19.30971457007914 18.07988285105048 13.48529332781497 10.89862426338019
47.40432961807299 48.33906758936376 49.49624020196568 50.68026468196047 52.07472628767746 53.89936825982893 54.66075958190234 53.70533971774388 52.57530013716988 52.74302947612747 53.74914081952133 55.01691939332326 55.81196281785302 55.27893267248629 54.03873960744314 52.43868223476981 50.07045941769556 46.64553578399933 44.35976831756031 41.31556136517415 38.64553744719581 36.26400160280159 34.54968261711269 31.0299486414247 29.24502159063538 24.90658709968246 21.97081569112418 17.57738744973521 14.74153473543966 12.39346764681207 9.280078258263813 8.0025346782901 4.024437131024639 1.878556358354381 0 0 0 0 0 0 0.7648734879517562 10.21279829563601 16.84163304217763 17.30212212148524 21.19708127708154 22.74029240967857 23.60877494428097 24.91010345554101 24.92612903601644 26.29589955089492 26.41353736295558 27.18616223405357 27.98958488679259 28.2864320450803 27.95683894160382 26.48009308192279 25.46107021659111 25.0179113881819 22.62228013065521 20.83571701233879 19.64288495486966 19.58422524189965 17.72459391731283 14.74895278062225 10.86841848812129 7.899210690424255
46.71418763023391 47.53560567262467 48.80918219001657 50.09237383611732 51.71561113356352 53.62814985380177 53.97642560843398 52.26766123418592 50.45406263371683 49.81937873978862 50.30353072560801 51.82008082185974 53.204321098085 53.34171358827537 52.35085906800087 50.49695482091384 47.6734470302591 45.12466934452914 43.68673345984293 41.23060743174889 38.71737220963642 37.15141358851269 34.9437423914688 32.07842544970665 29.24502159063538 26.84967474330073 23.51916430579757 20.52354286390468 16.77643140851131 14.64125116859009 13.15643630863027 11.14755228932608 6.92893039943088 4.537202279892929 2.091947451434804 0 0 0 0 0 0 3.227003055086491 6.003647914066995 11.64306555964046 15.88071079836291 16.31729165714136 19.20944914030034 19.25040798727575 20.67841133315251 21.51590224737025 22.37035133757357 23.21441470556428 24.12578105601491 23.12402346088692 23.23778008286067 22.57538389542484 21.74812675264207 20.68456208568386 20.24473607277103 19.04501063847593 18.80493982875027 17.12084262108753 15.65003298806162 11.53815747310465 8.992579317295613 4.905184054596066
47.56405808635136 48.68966826876795 49.88454861680913 50.93993242010475 52.17553514649469 53.60848097165003 53.61406768131598 51.72650207467186 49.4283482763298 47.58177491611815 46.97206707838135 47.69506675489347 48.84310637683854 49.23147964927261 48.77484297925174 47.52812010652746 45.31767421363278 44.75363700317084 41.9792987063337 40.67845162626165 38.68005276367586 36.87175793718144 35.41331393502249 33.11162378911947 30.77594345165688 27.47441472019919 23.65360494736566 20.52354286390468 18.32195236775751 17.10095240508977 15.34156014725592 12.93956944102135 8.833864141767993 6.247972351490603 3.902797875595053 1.787766866391987 0 0 0 0 0 0 2.226506442534884 7.138759446150716 8.213726774523307 11.05341238512685 13.98001137111973 14.05050155660983 16.87075499612802 16.87075499612802 18.6613861313229 19.51072178459294 19.80052843996549 19.89388305301773 18.82979632802436 18.79189469827355 17.91576717271971 17.60133413200267 17.8588075853411 17.74290048103425 16.9657148897649 14.34565191712064 11.64212928597247 9.040088911620874 4.735098321036089 1.856420475696799
49.81657206629465 50.37404130681579 51.43035519355735 52.39677527695714 53.4451989524016 54.51908727235394 54.16512291891396 52.16061926781379 49.53118996626236 46.93651411435232 44.8082663905269 43.81489159314826 43.92333590184732 44.20777597715032 44.17543240831987 43.44608480929784 41.9121421210735 42.32029286518473 41.13785858264968 39.19045233133851 37.076123784457 36.61396357244963 35.2066898097133 33.42196792447511 30.77594345165688 28.0839236970946 24.56644681437 22.00892360584595 19.96936763195228 18.08212358147384 15.42300448129008 12.95924009502715 10.41307623917337 7.805449728121201 5.68825019751531 3.384934334552169 1.197074804543494 0 0 0 0 0 0 0.2872942539899079 4.467380350944152 7.145302630677909 8.563079724542895 10.58041451813544 11.76432721617485 13.31519184870623 15.01195422523581 15.25230363031304 15.55973536407555 15.77467646510796 16.20771866907144 15.42873341650461 15.00099977812541 14.93077593835936 15.66533034577825 16.04857756426034 14.44536553467294 10.90764863972663 8.587395927494587 6.447179704187772 1.80743944494572 0
52.45082917075544 52.85259444224067 53.00411716821828 53.80975996534901 54.84694655570179 55.74074952742179 55.21369031450683 53.21441536741244 50.55880848895288 47.18278701630806 43.63106757499563 40.79170550984307 39.38712349434186 39.08655276079514 39.06029008633478 38.85887863099087 39.64890820738893 39.04362732359241 38.79783045998408 37.265424177478 37.07742486223353 35.78949960796597 34.66713232954582 32.75882697392452 30.54429937926625 27.31502123006947 25.1475446171841 22.27358939974808 20.70625325279228 19.62674548663861 16.82996519905224 13.91613121629718 11.43152808244688 8.83124483464721 6.511752825613374 4.165588074388489 1.197074804543494 0 0 0 0 0 0 0 0.648407522249565 1.366204675937966 4.25598535637906 7.654421575462194 7.654421575462194 10.48758096686623 10.48758096686623 12.14191755456116 12.62509526439907 13.02514489440988 13.22701649855414 13.30172776019853 12.6966372080124 13.29407623899068 13.46671039729849 13.62120325363606 10.93451763766906 8.256318076856786 5.380571194103787 3.696495708648616 0 0
54.89147024431444 55.28077125087651 55.22844676870985 55.14679513208161 56.18823912064492 56.84091213556687 56.18108418487766 54.29688704486352 51.29464309414558 47.09666777415688 42.08267303851579 37.37290694429942 34.28131368859245 32.94133966390072 34.43367884715305 34.43367884715305 35.44086759660279 35.35508258748576 35.62975423770123 34.45058721962568 35.0942598496185 34.23386246149211 34.37440254287481 31.59483031312508 29.38709463923616 26.12184427796988 24.5289467624394 22.67723480641145 21.83888220275076 19.3694302727216 16.82996519905224 13.85953595106671 11.43152808244687 8.826527177522635 6.433404613178926 4.076563426427069 1.877610885903148 0 0 0 0 0 0 0 0 0 1.830417446161664 3.015005220091086 5.058144250252053 7.534260171470921 7.534260171470923 9.534624156993912 9.534624156993912 9.660200920164886 9.588124106519883 9.49476128366873 9.841660649173157 10.1367416548854 9.374250925210351 7.997642099226395 6.580815905839887 5.909341953975884 3.393873120048263 0 0 0
57.12635457238122 57.49645387814498 57.42583848895455 57.34470341454333 57.35584309399486 57.28985679904187 56.57989912598475 54.54682371617335 50.56963629260021 44.22151724531875 36.10969475203006 28.4984691502944 24.15770581273029 24.4627096564456 28.283562705045 29.73639959892513 30.88430265870582 30.88430265870582 31.36218892267474 32.0091805501757 32.45214575422687 31.56578703420138 31.62564874696165 29.33426504903106 28.06533662691429 25.50467997558043 24.01364037633746 23.05723109811063 21.4129367987113 18.82087907965413 16.93405808502134 14.03917170503498 11.19509695090491 8.826066278440534 6.416869527230179 4.007772107614778 1.824776476393999 0 0 0 0 0 0 0 0 0 0 0 2.238629813938489 2.238629813938489 4.577222043309331 4.577222043309331 5.65639969265292 5.769050587912257 5.55704798806075 7.265160472885206 7.265160472885206 6.646137956427705 6.460052248761201 4.176112791170327 3.411060836671617 1.57140533949376 1.183659030462625 0 0 0
59.1136501271867 59.62434253096907 59.78981227840782 59.37954364546604 58.59151384814599 57.53563293236947 55.74352102029492 52.3402303011018 44.81516888986606 33.14658996269582 21.70448153499727 17.81167613951715 17.30159759288729 16.77353673693982 20.48850754113303 24.71880681007523 25.63798381140226 27.30383120525829 27.30383120525829 28.74474700999964 28.77223653358194 29.42867377017015 28.37664870079361 27.03875063184448 25.84831190038695 24.85038125245016 24.02831116847845 22.42422913592338 20.83721380644743 17.80685735057667 16.13497660392687 13.2840596768637 10.48800483101286 8.811066590049727 6.258183468373569 3.625962103078554 1.374088916239294 0 0 0 0 0 0 0 0 0 0 0 0 0 0 1.472691577632843 2.348548941019898 3.004465471301512 3.004465471301512 3.539404195981017 4.577243393072691 4.577243393072691 2.642689001426513 0 0 0 0 0 0 0
61.2453224293682 61.62359235807834 61.66656309883996 60.72905503576368 59.01917774943549 56.00698391852218 51.64485321279689 43.916710350115 29.85054656543994 20.28953954007369 20.00124462300036 16.45029703826046 14.2284559506788 13.71113365253618 13.83182246391944 17.19956873565912 21.05118200959239 23.67215220118349 24.5781118177606 24.5781118177606 24.88188899361079 25.06050174646867 24.98207118946256 24.50119723776032 23.91482875134302 24.27869451946758 22.27820136262449 21.79667756234485 19.07084933622452 16.87865468497758 15.10814070087915 12.17617411723073 10.62789295720666 7.511442246174636 5.340684477873371 3.180291342157564 1.152706855110148 0 0 0 0 0 0 0 0 0 0 0 0 0 0 0 0 0.0520952447672486 0.9903535863208537 0.9903535863208537 0.3636239939254864 0.3636239939254864 0 0 0 0 0 0 0 0
62.37702517231962 62.66300002251108 62.15751286483086 60.14481324612039 56.01609039759253 48.30701005496098 39.94130067922622 25.4481598586312 21.52082150344835 19.22616035265944 16.33748288112669 13.60719333775952 13.11258630934746 9.879022631191878 8.906883433331519 9.604209411366098 14.79717925281494 14.79717925281494 18.33367430745091 19.79332426905151 20.08227745647207 20.08227745647207 21.09127470603307 21.87062425258039 22.29328184159461 21.85631453425117 21.30000004490111 19.18329735567535 17.51691499674995 16.12287501298933 13.19226375187776 11.07593358843652 9.597947236209116 6.729974458073904 5.04831768261557 2.652797760608669 0.2559756698442914 0 0 0 0 0 0 0 0 0 0 0 0 0 0 0 0 0 0 0 0 0 0 0 0 0 0 0 0 0
61.40742169023424 61.34697084642244 59.70815046689351 54.86634775658881 46.24049854490929 33.20442172572344 19.45702276197592 18.36804414502832 18.36804414502832 14.81575575611275 13.4912700820266 11.66257890471916 8.452103482273049 6.966626043445457 5.608679104490125 5.251709065463335 7.430589322881016 8.766235328643255 11.75053493228374 13.5578393221851 15.10816309036688 16.84028820993441 16.94124059334563 18.97609359280583 18.84905000603791 19.45413730719434 18.33504100304632 17.10524491702298 15.33385542340588 13.17141768455581 11.71649375134707 10.26503864757328 7.959497015767314 5.342556275904532 4.354906202056674 2.042743527445891 0 0 0 0 0 0 0 0 0 0 0 0 0 0 0 0 0 0 0 0 0 0 0 0 0 0 0 0 0 0
58.98466295159253 57.32331859302501 52.54482398976694 43.41582153468137 28.65688037626094 15.20902896702665 13.34941944372498 13.26127551985589 12.20577554703782 12.20577554703781 8.14587426646075 7.676522610189997 5.916352244633495 4.205474387351284 3.816367533885505 3.816367533885505 4.102130701968626 5.427624461987794 5.890663560832837 8.261122151892391 10.64191974703518 13.38294226857214 14.74478965657724 14.74478965657724 15.20016172050927 15.29981217732231 15.14137764142983 14.23835670256636 13.09145933252818 11.72928131365848 10.02572856758258 7.356410398875486 5.952301934018449 4.687070737185045 2.342328891728494 0.2956743485146287 0 0 0 0 0 0 0 0 0 0 0 0 0 0 0 0 0 0 0 0 0 0 0 0 0 0 0 0 0 0
54.58321869734357 49.96604967037461 41.63396872714642 27.5217544694105 14.45347480093228 9.043545229803906 8.045688492251397 7.590237378613888 7.438908373957877 5.736451580872791 6.006698978502373 4.278510164333144 3.509871293700239 2.858803175481145 2.590103527967583 2.261240841369963 2.261240841369963 3.04896759807175 3.04896759807175 4.130150743652989 6.070684713257462 9.002225229265653 10.31710261399085 11.39942412674935 11.39942412674935 11.34667180769487 11.52488776267075 11.12710987473942 10.22066066318886 9.794350555422769 7.781419834111103 5.667042764588087 4.483656660832291 1.867380768607143 0.8508258933851575 0 0 0 0 0 0 0 0 0 0 0 0 0 0 0 0 0 0 0 0 0 0 0 0 0 0 0 0 0 0 0
46.98911806345934 39.36110289596398 27.48244130175651 17.38143892558993 7.434863907606446 4.852296717959478 4.783264053985675 3.818936651667848 3.981187769364193 4.289887332872455 4.512048539701523 4.346046431953919 3.790748265592543 2.995507338014473 2.210862253052616 1.573650421031537 1.037808922421356 1.313422642764093 1.638917375190493 2.323546011236693 3.98245442812279 3.998265222130857 5.954634264768714 6.76476666013269 7.585312705148342 7.585312705148342 7.451313671948358 7.432678930185746 7.164648235209625 7.328186111430428 6.09479124210119 3.878820135015482 2.547214377579981 1.067533668794354 0 0 0 0 0 0 0 0 0 0 0 0 0 0 0 0 0 0 0 0 0 0 0 0 0 0 0 0 0 0 0 0
35.95586829467011 27.04597752527845 19.51919425980241 10.56464887948087 5.318113371963753 3.997932344420227 3.996129518586431 4.362776094483959 4.881294067394719 5.223203664046191 5.167851485166842 4.778107561752522 4.223583255263615 3.698019832998806 3.03223733693559 2.437052640243186 1.133172072009222 1.551299958275626 1.445667093667301 1.184059169725193 0.8871098156655597 1.834035727592924 1.834035727592924 2.960847779926238 3.365797375026496 4.206447103138954 4.206447103138954 3.861931146101915 3.861931146101915 3.321139165963514 3.218852137693414 2.056881593740523 0.8941065570744051 0 0 0 0 0 0 0 0 0 0 0 0 0 0 0 0 0 0 0 0 0 0 0 0 0 0 0 0 0 0 0 0 0
24.37623231970503 20.35716220675834 13.78638526189458 7.527225906546983 4.609164026262445 3.895338838974453 4.059637365922444 4.518809213541631 5.185848913459702 5.723183159023423 5.808662547441683 5.557624045611228 5.073285512850295 4.554084499968376 4.265076602705731 3.373752587188747 2.61416114923027 0.5352224700711826 0.9413077289602499 0.9371760902607345 0.7980396626516866 0.6145256442644645 0.04364532919520498 0.04364532919520498 0.165691449687437 0.5289283139562576 1.187143332048896 1.187143332048896 0.5833259287168333 0.4956826762086474 0.2706420098670002 0 0 0 0 0 0 0 0 0 0 0 0 0 0 0 0 0 0 0 0 0 0 0 0 0 0 0 0 0 0 0 0 0 0 0
21.8033672994308 15.09027623155599 9.718866566882593 5.738074571961918 4.467161037599368 4.023525365788636 3.930273531029032 4.090969188524968 4.910198037661426 5.954300267146897 6.337530233733849 6.268857816012732 5.980135958576666 5.398864232334461 4.682608479575978 3.466051696668343 2.530615742737609 0.545454309453652 0 0 0 0 0 0 0 0 0 0 0 0 0 0 0 0 0 0 0 0 0 0 0 0 0 0 0 0 0 0 0 0 0 0 0 0 0 0 0 0 0 0 0 0 0 0 0 0
21.12260116073558 14.18027360218812 9.033444996518067 6.337416025459842 5.088768811882829 4.623340247043598 4.574477424706598 4.629264044806873 4.320235961522929 4.398649102397513 6.224781977986077 6.694705700895394 6.549548272062092 5.994749072398373 4.201959101212627 3.282139373885705 0.7358880448810915 0 0 0 0 0 0 0 0 0 0 0 0 0 0 0 0 0 0 0 0 0 0 0 0 0 0 0 0 0 0 0 0 0 0 0 0 0 0 0 0 0 0 0 0 0 0 0 0 0
20.69310545868425 14.61806779972956 10.02973191518293 7.16959364260557 5.713505288593518 5.100949841074013 4.954609592007171 4.971268425472463 5.042334999926141 4.086488744499273 2.59175882812069 3.760070095401231 5.386888350326902 4.637349632037116 3.468872227315978 1.638619010219584 0.4421118090230605 0 0 0 0 0 0 0 0 0 0 0 0 0 0 0 0 0 0 0 0 0 0 0 0 0 0 0 0 0 0 0 0 0 0 0 0 0 0 0 0 0 0 0 0 0 0 0 0 0
20.03436464921647 15.33364423902967 11.28444911200736 10.04790000548436 6.925454135197644 4.970251996864238 4.619878285531887 4.603811538639358 4.669772483540013 4.262478907991937 2.884456000661108 1.056535787585988 2.584192446502748 2.447029567375293 1.731329635341675 0.5867483767855503 0 0 0 0 0 0 0 0 0 0 0 0 0 0 0 0 0 0 0 0 0 0 0 0 0 0 0 0 0 0 0 0 0 0 0 0 0 0 0 0 0 0 0 0 0 0 0 0 0 0
19.81720741404747 15.81480296992651 13.22089466553426 10.92541032910701 8.812316008237168 6.693085667985891 4.222282822497613 4.311944769738517 4.478453242935488 4.473382199234539 3.620703295914934 1.858260385527235 0.05149087519898577 0 0 0 0 0 0 0 0 0 0 0 0 0 0 0 0 0 0 0 0 0 0 0 0 0 0 0 0 0 0 0 0 0 0 0 0 0 0 0 0 0 0 0 0 0 0 0 0 0 0 0 0 0
18.9847098785177 16.3239006047978 14.25667858902263 12.850982582139 10.65439200471796 7.598991089684168 4.507204149308942 4.037734229876151 4.222997798497786 4.466746423990741 3.620703295914934 1.858260385527235 0 0 0 0 0 0 0 0 0 0 0 0 0 0 0 0 0 0 0 0 0 0 0 0 0 0 0 0 0 0 0 0 0 0 0 0 0 0 0 0 0 0 0 0 0 0 0 0 0 0 0 0 0 0
19.17115250748556 17.08042782282507 14.92364641681955 12.850982582139 10.65439200471796 8.494582163006697 5.459806060555536 3.425451732746692 3.535293612555132 3.60983359992388 3.097598390025383 1.257974599008018 0 0 0 0 0 0 0 0 0 0 0 0 0 0 0 0 0 0 0 0 0 0 0 0 0 0 0 0 0 0 0 0 0 0 0 0 0 0 0 0 0 0 0 0 0 0 0 0 0 0 0 0 0 0
17.94532956862029 17.05107078318495 15.11170563336795 13.34851574457421 11.53461994295761 8.494582163006697 6.470870614491941 4.209367052969293 2.794613348165119 2.890700680194478 3.097598390025384 1.257974599008018 0 0 0 0 0 0 0 0 0 0 0 0 0 0 0 0 0 0 0 0 0 0 0 0 0 0 0 0 0 0 0 0 0 0 0 0 0 0 0 0 0 0 0 0 0 0 0 0 0 0 0 0 0 0
16.93623048701063 15.58910513649696 14.88489449732934 13.38389985315264 11.53461994295761 9.381237349378551 6.739027576902977 4.209367052969293 2.201554783573921 1.939375633412497 2.049438865302233 0 0 0 0 0 0 0 0 0 0 0 0 0 0 0 0 0 0 0 0 0 0 0 0 0 0 0 0 0 0 0 0 0 0 0 0 0 0 0 0 0 0 0 0 0 0 0 0 0 0 0 0 0 0 0
15.0180083981938 14.96874111089958 13.97602805960509 13.23417118928257 11.4780290318393 9.207333056933798 7.167084962840885 5.134631614839816 2.480761699206229 1.248312508072262 1.2365619840549 0 0 0 0 0 0 0 0 0 0 0 0 0 0 0 0 0 0 0 0 0 0 0 0 0 0 0 0 0 0 0 0 0 0 0 0 0 0 0 0 0 0 0 0 0 0 0 0 0 0 0 0 0 0 0
14.41225806467276 13.71139158879759 13.16585262400661 12.10131721380499 11.09661154345706 9.059983283172535 6.950963085400407 5.134631614839816 2.537367102878852 0.3528768798368347 0 0 0 0 0 0 0 0 0 0 0 0 0 0 0 0 0 0 0 0 0 0 0 0 0 0 0 0 0 0 0 0 0 0 0 0 0 0 0 0 0 0 0 0 0 0 0 0 0 0 0 0 0 0 0 0
