benchmarks/avaHitNullTest/relHit_null_ref_0.15500_pfd.asc
ncols         523
nrows         444
xllcenter     272775
yllcenter     357500
cellsize      5
NODATA_value  -9999
[rows 228 to 265 of 444, columns 340 to 424 of 523]
1.07243 1.13235 1.17303 1.27658 1.3687 1.49801 1.81907 2.21545 2.55054 2.85973 3.07694 3.26646 3.40771 3.54339 3.62131 3.66831 3.68972 3.6802 3.59624 3.48863 3.33706 3.16349 3.01159 2.84828 2.17012 1.00697 0.224066 0.016332 0 0 0 0 0 0 0 0 0 0 0 0 0 0 0 0 0 0 0 0 0 0 0 0 0 0 0 0 0 0 0 0 0 0 0 0 0 0 0 0 0 0 0 0 0 0 0 0 0 0 0 0 0 0 0 0 0
1.03272 1.06063 1.08342 1.12092 1.15657 1.19002 1.4061 1.80407 2.21279 2.60888 2.91209 3.15242 3.33113 3.48411 3.56834 3.64158 3.70069 3.69958 3.65605 3.59782 3.49395 3.37312 3.23242 3.15261 2.92626 2.02378 0.819225 0.157756 0.00963114 0 0 0 0 0 0 0 0 0 0 0 0 0 0 0 0 0 0 0 0 0 0 0 0 0 0 0 0 0 0 0 0 0 0 0 0 0 0 0 0 0 0 0 0 0 0 0 0 0 0 0 0 0 0 0 0
0.981722 0.989049 1.00042 0.999362 1.00784 1.00477 1.02899 1.32342 1.7596 2.20944 2.62286 2.94889 3.22966 3.41923 3.53076 3.61964 3.69103 3.70963 3.72086 3.69925 3.62685 3.54501 3.43565 3.33469 3.27338 2.89598 1.83176 0.686503 0.122686 0.00623958 0 0 0 0 0 0 0 0 0 0 0 0 0 0 0 0 0 0 0 0 0 0 0 0 0 0 0 0 0 0 0 0 0 0 0 0 0 0 0 0 0 0 0 0 0 0 0 0 0 0 0 0 0 0 0
0.812151 0.84106 0.9278 0.946024 0.919994 0.876487 0.85882 0.926109 1.25398 1.69732 2.17648 2.60579 2.9973 3.28512 3.4898 3.60701 3.69882 3.76391 3.78453 3.7772 3.74268 3.6678 3.5772 3.48644 3.42462 3.32125 2.78882 1.66513 0.583457 0.0961436 0.00433645 0 0 0 0 0 0 0 0 0 0 0 0 0 0 0 0 0 0 0 0 0 0 0 0 0 0 0 0 0 0 0 0 0 0 0 0 0 0 0 0 0 0 0 0 0 0 0 0 0 0 0 0 0 0
0.677031 0.666291 0.758255 0.852525 0.913703 0.847933 0.778816 0.742066 0.853815 1.1711 1.62571 2.13104 2.60207 3.0233 3.32572 3.51964 3.68093 3.79655 3.83253 3.84046 3.82646 3.76788 3.68513 3.60676 3.55151 3.48849 3.31618 2.64945 1.48933 0.506236 0.0830299 0.00356545 0 0 0 0 0 0 0 0 0 0 0 0 0 0 0 0 0 0 0 0 0 0 0 0 0 0 0 0 0 0 0 0 0 0 0 0 0 0 0 0 0 0 0 0 0 0 0 0 0 0 0 0 0
0.68185 0.623743 0.605527 0.671911 0.815204 0.861879 0.77072 0.668771 0.609848 0.735719 1.06999 1.54944 2.07417 2.5953 3.00676 3.32132 3.5585 3.74531 3.84147 3.8726 3.8679 3.85113 3.79124 3.73332 3.65285 3.58766 3.51876 3.25652 2.45686 1.37073 0.492801 0.0923645 0.00606315 0 0 0 0 0 0 0 0 0 0 0 0 0 0 0 0 0 0 0 0 0 0 0 0 0 0 0 0 0 0 0 0 0 0 0 0 0 0 0 0 0 0 0 0 0 0 0 0 0 0 0 0
0.658467 0.662077 0.634788 0.593885 0.625588 0.745509 0.777794 0.693575 0.572887 0.504136 0.601641 0.967185 1.46756 2.02497 2.56265 2.97943 3.30199 3.55381 3.73333 3.8299 3.87214 3.89116 3.8545 3.82122 3.75018 3.7718 3.84563 3.64465 3.12871 2.29111 1.30457 0.510028 0.11025 0.00901942 0 0 0 0 0 0 0 0 0 0 0 0 0 0 0 0 0 0 0 0 0 0 0 0 0 0 0 0 0 0 0 0 0 0 0 0 0 0 0 0 0 0 0 0 0 0 0 0 0 0 0
0.581296 0.634403 0.67397 0.646494 0.543182 0.562777 0.639543 0.683499 0.585181 0.45759 0.446238 0.559412 0.869101 1.38052 1.98226 2.50307 2.91765 3.25231 3.52789 3.70204 3.80957 3.86676 3.8672 3.84031 3.87277 4.08527 4.24605 4.02199 3.5224 2.92102 2.13198 1.25999 0.543795 0.134597 0.0130241 0 0 0 0 0 0 0 0 0 0 0 0 0 0 0 0 0 0 0 0 0 0 0 0 0 0 0 0 0 0 0 0 0 0 0 0 0 0 0 0 0 0 0 0 0 0 0 0 0 0
0.530245 0.544339 0.604847 0.647531 0.58121 0.501995 0.502276 0.543185 0.518813 0.473203 0.41988 0.371584 0.498886 0.792434 1.30567 1.90671 2.42482 2.87851 3.23492 3.47161 3.65918 3.77132 3.82312 3.82171 4.00404 4.30889 4.42888 4.28898 3.8437 3.32424 2.72369 2.01185 1.27587 0.597012 0.176774 0.0332681 0.00369812 0 0 0 0 0 0 0 0 0 0 0 0 0 0 0 0 0 0 0 0 0 0 0 0 0 0 0 0 0 0 0 0 0 0 0 0 0 0 0 0 0 0 0 0 0 0 0 0
0.52243 0.503768 0.519427 0.573412 0.604869 0.541449 0.464761 0.451952 0.447472 0.417737 0.373008 0.3422 0.33147 0.372887 0.689836 1.25776 1.85757 2.40759 2.85697 3.17523 3.43344 3.62775 3.73207 3.77073 4.01574 4.30332 4.45445 4.45075 4.26812 3.90073 3.35971 2.69483 2.02954 1.39151 0.837729 0.462937 0.194108 0.0395023 0.00183609 0 0 0 0 0 0 0 0 0 0 0 0 0 0 0 0 0 0 0 0 0 0 0 0 0 0 0 0 0 0 0 0 0 0 0 0 0 0 0 0 0 0 0 0 0 0
0.542602 0.536284 0.485999 0.517239 0.569801 0.581913 0.488417 0.476145 0.425437 0.374034 0.343753 0.31313 0.317734 0.250976 0.314066 0.653892 1.23553 1.83814 2.38769 2.81602 3.14585 3.41342 3.5853 3.66486 3.85741 4.13442 4.43912 4.66232 4.74576 4.54068 4.07058 3.48315 2.84916 2.31169 1.77614 1.27303 0.787425 0.35599 0.0777408 0.00393405 0 0 0 0 0 0 0 0 0 0 0 0 0 0 0 0 0 0 0 0 0 0 0 0 0 0 0 0 0 0 0 0 0 0 0 0 0 0 0 0 0 0 0 0 0
0.520603 0.573848 0.529857 0.480916 0.535224 0.571735 0.519323 0.480909 0.448795 0.386487 0.311038 0.269574 0.269114 0.257964 0.25393 0.284061 0.627413 1.21327 1.82438 2.35337 2.78891 3.1286 3.36903 3.49465 3.62043 3.94171 4.47206 4.93827 5.18344 5.11985 4.8166 4.34901 3.75274 3.17461 2.61956 2.07091 1.53064 0.938675 0.335712 0.0486242 0.000620354 0 0 0 0 0 0 0 0 0 0 0 0 0 0 0 0 0 0 0 0 0 0 0 0 0 0 0 0 0 0 0 0 0 0 0 0 0 0 0 0 0 0 0 0
0.473649 0.547033 0.575957 0.503155 0.502751 0.52893 0.551427 0.482413 0.457781 0.412804 0.330976 0.261626 0.221989 0.192751 0.217901 0.240142 0.308074 0.660428 1.23628 1.82079 2.37033 2.79142 3.09468 3.28028 3.41506 3.84361 4.51869 5.13767 5.55303 5.65415 5.48823 5.084 4.54897 3.9601 3.38349 2.79386 2.20463 1.54171 0.804107 0.222453 0.027006 0.0019898 0 0 0 0 0 0 0 0 0 0 0 0 0 0 0 0 0 0 0 0 0 0 0 0 0 0 0 0 0 0 0 0 0 0 0 0 0 0 0 0 0 0 0
0.472135 0.507267 0.560952 0.565945 0.495999 0.503581 0.550732 0.493337 0.424074 0.416393 0.351604 0.256034 0.225501 0.186717 0.137776 0.205581 0.244037 0.342582 0.714916 1.27372 1.86557 2.38402 2.76144 3.0319 3.23275 3.79179 4.52445 5.21679 5.76723 6.01165 5.9555 5.64243 5.20683 4.65735 4.05919 3.46219 2.83924 2.1644 1.4692 0.760999 0.401944 0.286876 0.20511 0.0655213 0.00569377 0 0 0 0 0 0 0 0 0 0 0 0 0 0 0 0 0 0 0 0 0 0 0 0 0 0 0 0 0 0 0 0 0 0 0 0 0 0 0 0
0.515152 0.495179 0.52353 0.57118 0.5358 0.509745 0.516037 0.512368 0.433935 0.423864 0.370543 0.270368 0.213352 0.227001 0.154444 0.127206 0.169434 0.237973 0.365077 0.758925 1.32185 1.9127 2.37783 2.74591 3.09376 3.76961 4.52525 5.20142 5.78163 6.16516 6.27444 6.12883 5.77998 5.30917 4.83931 4.27352 3.6141 2.95681 2.32027 1.67595 1.21478 0.963156 0.701146 0.281821 0.0419936 0 0 0 0 0 0 0 0 0 0 0 0 0 0 0 0 0 0 0 0 0 0 0 0 0 0 0 0 0 0 0 0 0 0 0 0 0 0 0 0
0.523844 0.536959 0.50831 0.523864 0.561846 0.526658 0.509175 0.52476 0.452404 0.414875 0.382799 0.296386 0.216836 0.221086 0.191109 0.0989232 0.128328 0.178665 0.235058 0.371652 0.825779 1.41923 1.95737 2.39977 2.98368 3.78286 4.52152 5.11946 5.69448 6.16798 6.4481 6.46531 6.27523 5.96923 5.58533 5.0557 4.43582 3.80024 3.15252 2.521 2.06021 1.68207 1.1955 0.506756 0.110942 0.0488104 0.0497557 0.0166544 0.00117226 0 0 0 0 0 0 0 0 0 0 0 0 0 0 0 0 0 0 0 0 0 0 0 0 0 0 0 0 0 0 0 0 0 0 0 0
0.546749 0.563992 0.5776 0.517966 0.552306 0.564137 0.543469 0.541068 0.487528 0.400374 0.379356 0.296989 0.217036 0.188065 0.197697 0.118737 0.110676 0.13567 0.222713 0.234547 0.446686 0.942423 1.49847 2.03852 2.84509 3.72327 4.4413 4.99692 5.52897 6.05677 6.45631 6.61015 6.58859 6.42325 6.08684 5.62049 5.08066 4.47406 3.90093 3.34675 2.8587 2.28101 1.58347 0.859368 0.485477 0.433882 0.421103 0.252644 0.109021 0.0318355 0.00392872 0 0 0 0 0 0 0 0 0 0 0 0 0 0 0 0 0 0 0 0 0 0 0 0 0 0 0 0 0 0 0 0 0 0
0.615619 0.581385 0.616329 0.580363 0.565538 0.606959 0.584376 0.566957 0.566185 0.444942 0.410524 0.314637 0.23796 0.197346 0.218151 0.181453 0.0766987 0.1483 0.196534 0.224866 0.247747 0.546643 1.05203 1.70203 2.59571 3.47496 4.15023 4.69223 5.22137 5.81766 6.31822 6.60608 6.72346 6.68391 6.47311 6.17518 5.81632 5.30029 4.72409 4.13255 3.51658 2.81771 2.04904 1.46643 1.23612 1.15228 1.009 0.686483 0.355763 0.109182 0.0131953 0 0 0 0 0 0 0 0 0 0 0 0 0 0 0 0 0 0 0 0 0 0 0 0 0 0 0 0 0 0 0 0 0 0
0.62435 0.654255 0.6224 0.630542 0.608303 0.629497 0.6409 0.6177 0.612287 0.510902 0.428308 0.374684 0.28392 0.212663 0.234534 0.226948 0.0734658 0.145687 0.134323 0.195016 0.192607 0.270013 0.660568 1.3067 2.14302 2.91449 3.53334 4.07956 4.70853 5.44699 6.06421 6.53597 6.85134 6.97773 6.9558 6.7985 6.46308 5.92409 5.25274 4.57206 3.92212 3.25237 2.74089 2.44424 2.25688 1.96854 1.5527 1.0705 0.615439 0.218317 0.0312872 0 0 0 0 0 0 0 0 0 0 0 0 0 0 0 0 0 0 0 0 0 0 0 0 0 0 0 0 0 0 0 0 0 0
0.611126 0.671011 0.701844 0.687509 0.685962 0.685756 0.715626 0.719454 0.690736 0.627048 0.488806 0.542925 0.432294 0.256677 0.221166 0.242793 0.0957303 0.121727 0.102075 0.19456 0.226182 0.185791 0.349638 0.843718 1.49494 2.08366 2.6679 3.28306 4.01356 4.86049 5.69495 6.44499 6.96064 7.23877 7.29711 7.09637 6.6386 6.05095 5.4059 4.79044 4.347 4.20319 4.13059 3.82844 3.25813 2.56333 1.91938 1.31982 0.779487 0.295971 0.0560029 0.00386986 0 0 0 0 0 0 0 0 0 0 0 0 0 0 0 0 0 0 0 0 0 0 0 0 0 0 0 0 0 0 0 0 0
0.619682 0.648434 0.727037 0.766551 0.777282 0.781872 0.808569 0.836356 0.824797 0.875073 0.825311 0.836919 0.706552 0.47814 0.33557 0.339537 0.151284 0.113415 0.109527 0.175404 0.25956 0.228832 0.176261 0.465755 0.962592 1.43975 1.909 2.55114 3.41787 4.51171 5.58629 6.42902 6.96524 7.24015 7.22087 6.95284 6.50749 6.00066 5.5076 5.11317 5.23997 5.54941 5.38989 4.686 3.73731 2.81986 2.08746 1.44852 0.836491 0.393672 0.164336 0.0364885 0.0014884 3.14685e-06 0 0 0 0 0 0 0 0 0 0 0 0 0 0 0 0 0 0 0 0 0 0 0 0 0 0 0 0 0 0 0
0.571878 0.643905 0.68574 0.776551 0.846551 0.873223 0.895638 0.942472 1.0262 1.19875 1.20562 1.05246 0.928447 0.755403 0.54137 0.475961 0.23546 0.103916 0.0931499 0.102487 0.223015 0.223783 0.089036 0.208052 0.625846 1.07054 1.48686 2.32986 3.47406 4.66197 5.6006 6.28648 6.7084 6.87112 6.80434 6.62327 6.34849 6.10264 5.96605 6.09751 6.42511 6.37958 5.78742 4.82811 3.79554 2.87276 2.14351 1.48218 0.850206 0.529058 0.369324 0.223725 0.0540383 0.00106651 0 0 0 0 0 0 0 0 0 0 0 0 0 0 0 0 0 0 0 0 0 0 0 0 0 0 0 0 0 0 0
0.506431 0.599666 0.651717 0.721955 0.821874 0.913964 0.963938 1.02748 1.22619 1.40831 1.51343 1.50965 1.41602 1.14907 0.784319 0.518116 0.203204 0.0502695 0.0341893 0.0299001 0.0882644 0.0924882 0.0245576 0.0645494 0.342249 0.748705 1.36616 2.53796 3.75334 4.68712 5.31966 5.78382 6.07319 6.2585 6.38908 6.54458 6.62201 6.72177 6.95622 7.19256 7.06238 6.53493 5.72162 4.72459 3.69891 2.79422 2.06018 1.38029 0.889837 0.672242 0.544136 0.428551 0.164424 0.0212878 0.000247159 0 0 0 0 0 0 0 0 0 0 0 0 0 0 0 0 0 0 0 0 0 0 0 0 0 0 0 0 0 0
0.409935 0.493132 0.595167 0.658566 0.735452 0.884668 0.984172 1.07693 1.3101 1.56798 1.98035 2.16911 1.93222 1.43759 0.906106 0.397306 0.0832851 0.00441482 0 0 0 0 0 0.0145454 0.131134 0.548934 1.46829 2.66338 3.61905 4.27456 4.71688 5.03408 5.37076 5.86449 6.39605 6.87801 7.27696 7.49152 7.57473 7.39288 6.88927 6.18107 5.351 4.41962 3.45181 2.58816 1.8601 1.25633 0.967736 0.824856 0.691779 0.578336 0.387228 0.15115 0.0237974 0.000121687 0 0 0 0 0 0 0 0 0 0 0 0 0 0 0 0 0 0 0 0 0 0 0 0 0 0 0 0 0
0.554968 0.550203 0.584862 0.612013 0.731225 0.852303 1.01045 1.18156 1.35974 1.76538 2.34482 2.4448 2.03688 1.43087 0.80788 0.236504 0.0227536 0 0 0 0 0 0 0.000419124 0.0274994 0.525853 1.48815 2.43303 3.12722 3.62922 4.06642 4.58476 5.25672 6.05102 6.76653 7.25367 7.54204 7.56623 7.31677 6.86815 6.24993 5.48875 4.69458 3.89079 3.05621 2.26904 1.59623 1.20997 1.04336 0.957586 0.853997 0.734888 0.584423 0.360018 0.0904937 0.00348828 0 0 0 0 0 0 0 0 0 0 0 0 0 0 0 0 0 0 0 0 0 0 0 0 0 0 0 0 0
1.3005 1.21091 1.18706 1.10412 1.12198 1.20346 1.33651 1.46135 1.51728 1.86481 2.35497 2.31235 1.85799 1.26112 0.672419 0.162862 0.0075452 0 0 0 0 0 0 0 0.00372535 0.355084 1.11127 1.86663 2.67614 3.44036 4.12976 4.86037 5.61914 6.27379 6.75761 7.02254 7.05255 6.88313 6.54486 6.01326 5.36342 4.59037 3.8559 3.16134 2.48304 1.84733 1.42182 1.23568 1.11081 1.03642 0.968578 0.885007 0.73617 0.536728 0.229618 0.0487875 0.00450392 0 0 0 0 0 0 0 0 0 0 0 0 0 0 0 0 0 0 0 0 0 0 0 0 0 0 0 0
2.44199 2.33638 2.22849 2.05279 1.97625 1.98835 1.99591 1.98286 1.90727 1.8244 2.06915 1.9649 1.51646 1.00238 0.477195 0.0966898 0.00169114 0 0 0 0 0 0 0 0.000563504 0.0919062 0.62836 1.4807 2.50586 3.44544 4.22454 4.84217 5.36526 5.72737 5.94471 6.0657 6.03361 5.82455 5.4725 4.93647 4.28812 3.58156 2.92291 2.31588 1.84593 1.5359 1.39685 1.2984 1.1705 1.07624 1.02126 0.952435 0.827549 0.651657 0.416963 0.16191 0.027948 0.00104014 0 0 0 0 0 0 0 0 0 0 0 0 0 0 0 0 0 0 0 0 0 0 0 0 0 0 0
3.64176 3.54392 3.40729 3.19012 3.04567 2.92514 2.82217 2.70398 2.4943 2.05066 1.74597 1.54204 1.17615 0.746212 0.291079 0.0461182 0.00470146 0.0322116 0.0311364 0.0175888 0.00394444 0 0 0 0 0.00772478 0.4284 1.29523 2.20694 2.9519 3.53729 3.95702 4.26908 4.50949 4.6629 4.76311 4.73003 4.54743 4.21878 3.7305 3.13697 2.52176 2.03955 1.69643 1.50234 1.43218 1.3959 1.33611 1.22894 1.11519 1.02821 0.950528 0.829306 0.677652 0.508623 0.30749 0.104274 0.0135194 0 0 0 0 0 0 0 0 0 0 0 0 0 0 0 0 0 0 0 0 0 0 0 0 0 0 0
4.95484 5.01232 4.8317 4.49884 4.18906 3.94739 3.73294 3.52088 3.20815 2.64267 1.86148 1.27873 0.920453 0.550952 0.253663 0.238345 0.313536 0.363692 0.344793 0.267389 0.108133 0.0157054 0 0 0 0.00486694 0.348501 0.986438 1.63064 2.17306 2.53224 2.81188 3.0125 3.17708 3.30209 3.37348 3.34785 3.20043 2.93 2.5282 2.10031 1.76682 1.57603 1.47848 1.42189 1.376 1.34853 1.31376 1.24885 1.1396 1.02159 0.92906 0.812147 0.664613 0.538269 0.439997 0.211363 0.0371182 0 0 0 0 0 0 0 0 0 0 0 0 0 0 0 0 0 0 0 0 0 0 0 0 0 0 0
6.42774 6.52309 6.25066 5.77639 5.32331 4.98141 4.68105 4.41886 4.02829 3.37162 2.44474 1.49357 0.825836 0.556012 0.635059 0.865738 0.972027 0.934685 0.8221 0.679213 0.407267 0.105699 0.00645354 0 0 0.000994761 0.147556 0.48204 0.938208 1.32219 1.54591 1.72061 1.85638 1.94876 2.0217 2.07981 2.06681 2.02207 1.88571 1.70222 1.55172 1.48446 1.43076 1.39574 1.36355 1.32268 1.29152 1.25284 1.22207 1.14221 1.0161 0.895662 0.792712 0.692828 0.634346 0.566222 0.2756 0.0479527 0 0 0 0 0 0 0 0 0 0 0 0 0 0 0 0 0 0 0 0 0 0 0 0 0 0 0
7.70887 7.72293 7.42716 6.89078 6.36788 5.94944 5.62693 5.31315 4.84515 4.14291 3.25497 2.2749 1.44685 1.22027 1.52211 1.72889 1.66174 1.4649 1.23035 0.98448 0.678085 0.28497 0.047076 0 0 0 0.00949231 0.093955 0.320547 0.543393 0.786991 0.964296 1.0983 1.19703 1.26005 1.31478 1.33593 1.37862 1.37755 1.36728 1.37388 1.35545 1.32203 1.30157 1.29941 1.27589 1.2294 1.17649 1.14737 1.08246 0.964979 0.856736 0.783528 0.776549 0.786004 0.650117 0.25402 0.0337913 0 0 0 0 0 0 0 0 0 0 0 0 0 0 0 0 0 0 0 0 0 0 0 0 0 0 0
8.6304 8.60528 8.3054 7.78541 7.2563 6.80394 6.47224 6.12669 5.64183 4.97091 4.20332 3.36588 2.68223 2.47879 2.76963 2.71448 2.35709 1.97611 1.61309 1.24053 0.869697 0.480355 0.125722 0.00863873 0 0 0 0.00202985 0.0380711 0.144149 0.429888 0.678563 0.827119 0.942154 1.02456 1.08106 1.13933 1.17958 1.20695 1.22717 1.23951 1.21657 1.2057 1.21258 1.23543 1.24496 1.19673 1.12099 1.05059 0.961192 0.863446 0.802436 0.86395 0.927861 0.879177 0.589091 0.165678 0.011442 0 0 0 0 0 0 0 0 0 0 0 0 0 0 0 0 0 0 0 0 0 0 0 0 0 0 0
9.18946 9.14573 8.87724 8.44621 7.97553 7.60276 7.35603 6.97863 6.40876 5.72314 5.03342 4.38933 3.82874 4.0058 4.21628 3.77961 3.12668 2.53877 2.00076 1.50434 1.03741 0.581287 0.161197 0.0131716 0 0 0 0 0 0.0346364 0.226247 0.494098 0.678783 0.817513 0.912387 0.96881 1.02578 1.05594 1.09114 1.10741 1.1046 1.08302 1.08734 1.12459 1.17919 1.21821 1.20002 1.10872 0.982919 0.867256 0.776373 0.835411 1.01722 0.998511 0.7318 0.32286 0.0584963 0.000983395 0 0 0 0 0 0 0 0 0 0 0 0 0 0 0 0 0 0 0 0 0 0 0 0 0 0 0
9.35273 9.38975 9.28405 9.0301 8.7026 8.54463 8.27508 7.73775 7.01602 6.33365 5.71482 5.22897 4.88029 5.54357 5.53022 4.76032 3.88078 3.07561 2.36413 1.76414 1.2476 0.761546 0.242511 0.0259978 0 0 0 0 0 9.08752e-06 0.0603617 0.269229 0.49995 0.674429 0.768589 0.850284 0.901711 0.940086 0.966572 0.971344 0.962565 0.955083 0.980402 1.03444 1.11092 1.1698 1.17531 1.08175 0.926561 0.812113 0.819198 0.96736 1.05279 0.850018 0.417019 0.0896503 0.00420095 0 0 0 0 0 0 0 0 0 0 0 0 0 0 0 0 0 0 0 0 0 0 0 0 0 0 0 0
9.17505 9.38496 9.59245 9.65184 9.51899 9.3781 8.93383 8.35247 7.56041 6.91171 6.36053 5.97724 6.06785 6.79226 6.4934 5.52828 4.47774 3.50913 2.72074 2.10036 1.56736 1.04316 0.411154 0.0661624 0.00146847 0 0 0 0 0 0.00675621 0.0992262 0.306044 0.482548 0.606221 0.701032 0.768178 0.817094 0.828038 0.831605 0.84232 0.851239 0.888302 0.938838 1.01033 1.06727 1.07804 0.988957 0.861418 0.807405 0.913065 1.00815 0.923928 0.548806 0.158716 0.0161064 0 0 0 0 0 0 0 0 0 0 0 0 0 0 0 0 0 0 0 0 0 0 0 0 0 0 0 0 0
8.76326 9.0584 9.46323 9.83052 9.93364 9.76326 9.38689 8.84313 8.04175 7.36989 6.88487 6.68293 7.24573 7.71349 7.10826 6.01339 4.8661 3.85276 3.09594 2.52181 1.93183 1.25947 0.606249 0.192376 0.0282582 0 0 0 0 0 0 0.0149297 0.101551 0.246416 0.412729 0.510604 0.608314 0.674839 0.700631 0.721245 0.748906 0.773701 0.799435 0.841279 0.884862 0.909369 0.912291 0.861355 0.807283 0.869619 0.942707 0.882774 0.622495 0.231907 0.0321505 0 0 0 0 0 0 0 0 0 0 0 0 0 0 0 0 0 0 0 0 0 0 0 0 0 0 0 0 0 0
8.24853 8.44878 8.79917 9.29772 9.59591 9.64802 9.52842 9.01412 8.26244 7.62898 7.31995 7.32273 8.14219 8.25873 7.39866 6.22553 5.06067 4.11822 3.50574 3.00076 2.30282 1.47144 0.8327 0.416548 0.111277 0.00890285 0 0 0 0 0 0 0.00211266 0.0580259 0.170545 0.246302 0.384242 0.486721 0.581195 0.631034 0.654464 0.682151 0.704682 0.745706 0.762542 0.752694 0.744758 0.753334 0.84526 0.903966 0.825096 0.638978 0.293703 0.0543872 0.00127428 0 0 0 0 0 0 0 0 0 0 0 0 0 0 0 0 0 0 0 0 0 0 0 0 0 0 0 0 0 0
7.66835 7.71194 7.89124 8.33405 8.74073 9.08766 9.1119 8.70157 8.14307 7.75689 7.72924 7.94198 8.68593 8.42751 7.39148 6.212 5.12423 4.33039 3.82516 3.27382 2.44884 1.57246 1.00278 0.656517 0.283513 0.0480834 0 0 0 0 0 0 0 0 0.0261401 0.0492714 0.139614 0.244172 0.370263 0.491844 0.536553 0.594803 0.654853 0.701871 0.712112 0.682275 0.655721 0.750363 0.835705 0.783433 0.58095 0.32268 0.0913509 0.00840712 0 0 0 0 0 0 0 0 0 0 0 0 0 0 0 0 0 0 0 0 0 0 0 0 0 0 0 0 0 0 0
