benchmarks/avaHitNullTest/relHit_null_ref_0.15500_pfd.asc
ncols         523
nrows         444
xllcenter     272775
yllcenter     357500
cellsize      5
NODATA_value  -9999
[rows 190 to 227 of 444, columns 85 to 169 of 523]
0 0 0 0 0 0 0 0 0 0 0 0 0 0 0 0 0 0 0 0 0 0 0 0 0 0 0 0 0.0266762 0.160725 0.377283 0.553998 0.621405 0.669274 0.731049 0.728826 0.696268 0.692642 0.698489 0.720908 0.75901 0.809834 0.838686 0.792042 0.7549 0.693623 0.598683 0.548803 0.496927 0.429331 0.370467 0.354489 0.351218 0.377934 0.414522 0.460529 0.531234 0.591866 0.617929 0.576594 0.536057 0.488607 0.421064 0.392632 0.34013 0.270777 0.247377 0.234274 0.247524 0.261825 0.260464 0.265299 0.257309 0.231898 0.275613 0.532568 1.09796 1.81622 2.43967 2.74182 2.74401 2.55223 2.30317 2.13892 2.22862
0 0 0 0 0 0 0 0 0 0 0 0 0 0 0 0 0 0 0 0 0 0 0 0 0 0 0 0 0.000100017 0.0315873 0.169145 0.361196 0.520408 0.588109 0.623192 0.687594 0.688407 0.666669 0.69954 0.706011 0.720348 0.746155 0.778104 0.791078 0.785095 0.748131 0.659977 0.600046 0.552373 0.507875 0.467797 0.406822 0.342039 0.327909 0.330979 0.339394 0.372895 0.44176 0.504043 0.550518 0.560499 0.536392 0.510177 0.499091 0.46404 0.413498 0.360911 0.315033 0.273369 0.243642 0.243972 0.254454 0.235491 0.227742 0.220948 0.245725 0.51537 1.13685 1.84808 2.40219 2.66675 2.63768 2.45804 2.24157 2.15886
0 0 0 0 0 0 0 0 0 0 0 0 0 0 0 0 0 0 0 0 0 0 0 0 0 0 0 0 0 0.000598777 0.0409027 0.173656 0.356619 0.501637 0.55075 0.579678 0.655963 0.673342 0.66581 0.692545 0.738712 0.730506 0.748058 0.765455 0.776005 0.774696 0.696078 0.661394 0.583496 0.541199 0.541113 0.492609 0.41869 0.363213 0.321978 0.298426 0.315392 0.322481 0.360371 0.414516 0.430969 0.461365 0.480597 0.491936 0.484071 0.452779 0.434952 0.434531 0.386616 0.315549 0.288085 0.268399 0.232099 0.239414 0.232704 0.224158 0.267832 0.519971 1.16818 1.87401 2.40381 2.59623 2.52402 2.34657 2.18181
0 0 0 0 0 0 0 0 0 0 0 0 0 0 0 0 0 0 0 0 0 0 0 0 0 0 0 0 0 0 0.00220521 0.053072 0.205498 0.362518 0.465974 0.510813 0.542328 0.634557 0.663703 0.650041 0.708655 0.755126 0.753339 0.764929 0.747509 0.76142 0.718627 0.688552 0.624896 0.593658 0.549921 0.535285 0.49915 0.462254 0.395223 0.368171 0.306743 0.279333 0.308641 0.3096 0.326399 0.366938 0.380203 0.401785 0.442454 0.461247 0.456921 0.467511 0.458216 0.435523 0.384266 0.332487 0.29136 0.264487 0.23633 0.255669 0.257052 0.264446 0.552702 1.22357 1.94022 2.39343 2.50959 2.42268 2.25549
0 0 0 0 0 0 0 0 0 0 0 0 0 0 0 0 0 0 0 0 0 0 0 0 0 0 0 0 0 0 0 0.00522804 0.0815657 0.251267 0.351823 0.432043 0.46446 0.498452 0.611498 0.646247 0.660422 0.706535 0.776817 0.800017 0.779884 0.746145 0.708135 0.682928 0.656201 0.608646 0.590867 0.564891 0.533416 0.525259 0.490335 0.470273 0.393976 0.341629 0.321049 0.287912 0.300891 0.318106 0.322962 0.334808 0.355616 0.382237 0.423415 0.470353 0.462698 0.480529 0.464774 0.422985 0.38356 0.325274 0.263558 0.245547 0.239991 0.241616 0.261376 0.599756 1.30336 1.99221 2.38184 2.4422 2.32
0 0 0 0 0 0 0 0 0 0 0 0 0 0 0 0 0 0 0 0 0 0 0 0 0 0 0 0 0 0 0 0 0.0124955 0.134293 0.25778 0.326803 0.399247 0.419777 0.485085 0.594618 0.638371 0.657418 0.720757 0.802362 0.819361 0.760258 0.700807 0.667919 0.661865 0.600804 0.589767 0.635407 0.56693 0.521235 0.515322 0.514272 0.494836 0.429984 0.385053 0.330651 0.304345 0.293787 0.330627 0.326717 0.326388 0.319478 0.338523 0.388286 0.415657 0.459407 0.467877 0.478669 0.465845 0.427441 0.357631 0.303012 0.260869 0.229525 0.224702 0.282158 0.676703 1.39001 2.0286 2.36719 2.36435
0 0 0 0 0 0 0 0 0 0 0 0 0 0 0 0 0 0 0 0 0 0 0 0 0 0 0 0 0 0 0 0 0 0.0380484 0.173207 0.26393 0.310573 0.36662 0.40225 0.472086 0.55732 0.629881 0.652995 0.725692 0.801835 0.792497 0.741414 0.684134 0.64912 0.618112 0.563751 0.606163 0.631567 0.565833 0.505863 0.508574 0.503848 0.481237 0.45248 0.392598 0.347889 0.298336 0.317846 0.304441 0.338655 0.321754 0.303421 0.301601 0.336829 0.39384 0.408655 0.452618 0.461905 0.491988 0.470639 0.435332 0.384916 0.323161 0.275402 0.237893 0.316736 0.757798 1.45932 2.10839 2.32544
0 0 0 0 0 0 0 0 0 0 0 0 0 0 0 0 0 0 0 0 0 0 0 0 0 0 0 0 0 0 0 0 0 0.00366073 0.0778621 0.202175 0.253725 0.286308 0.340306 0.377876 0.431676 0.522997 0.594837 0.661073 0.716754 0.779343 0.77986 0.715121 0.656326 0.624243 0.581632 0.557373 0.604353 0.636497 0.54971 0.487123 0.478819 0.480677 0.479446 0.44609 0.392122 0.338846 0.322529 0.305845 0.319259 0.323513 0.325912 0.294176 0.299745 0.329716 0.335939 0.376429 0.398952 0.440259 0.467342 0.497526 0.493081 0.452873 0.39747 0.327233 0.29339 0.375294 0.845633 1.59432 2.12655
0 0 0 0 0 0 0 0 0 0 0 0 0 0 0 0 0 0 0 0 0 0 0 0 0 0 0 0 0 0 0 0 0 0 0.0120003 0.0990536 0.215637 0.253155 0.278274 0.305615 0.335245 0.399308 0.479166 0.592647 0.653746 0.705688 0.743146 0.732814 0.677763 0.633705 0.597906 0.561548 0.553217 0.588818 0.59746 0.526456 0.474714 0.447965 0.45511 0.466826 0.448654 0.38916 0.35632 0.34614 0.322368 0.312597 0.302961 0.325818 0.315529 0.309393 0.291853 0.320029 0.339014 0.359929 0.382621 0.453973 0.490141 0.493854 0.490807 0.453327 0.401992 0.339608 0.45811 0.978259 1.70714
0 0 0 0 0 0 0 0 0 0 0 0 0 0 0 0 0 0 0 0 0 0 0 0 0 0 0 0 0 0 0 0 0 0 0 0.0208575 0.129161 0.223462 0.248248 0.248467 0.271276 0.324311 0.387447 0.487436 0.594504 0.643586 0.672498 0.70515 0.694941 0.646157 0.603136 0.569754 0.550561 0.533952 0.549342 0.574071 0.522208 0.46926 0.439525 0.453182 0.460887 0.44689 0.402149 0.374103 0.356857 0.351416 0.316911 0.325246 0.299965 0.319447 0.293907 0.301643 0.30892 0.315482 0.322293 0.366976 0.413334 0.461321 0.495759 0.503748 0.491507 0.45697 0.425884 0.545364 1.12986
0 0 0 0 0 0 0 0 0 0 0 0 0 0 0 0 0 0 0 0 0 0 0 0 0 0 0 0 0 0 0 0 0 0 0 0.000738606 0.038341 0.146303 0.221854 0.238472 0.242187 0.26822 0.33389 0.401276 0.500222 0.582006 0.623494 0.6504 0.667127 0.667645 0.614041 0.58378 0.56286 0.53619 0.496089 0.532971 0.572408 0.51894 0.475677 0.451822 0.433928 0.433753 0.436015 0.431554 0.396358 0.388639 0.356396 0.337755 0.307543 0.30184 0.274239 0.296248 0.296848 0.286627 0.30587 0.326273 0.351516 0.379166 0.41837 0.467718 0.501888 0.517255 0.51269 0.478177 0.682711
0 0 0 0 0 0 0 0 0 0 0 0 0 0 0 0 0 0 0 0 0 0 0 0 0 0 0 0 0 0 0 0 0 0 0 0 0.00414952 0.0611187 0.179044 0.224127 0.243766 0.243392 0.286048 0.339946 0.401366 0.499832 0.572754 0.609924 0.628381 0.645136 0.647855 0.60687 0.57547 0.545287 0.50351 0.467259 0.529783 0.561811 0.496655 0.464061 0.447767 0.408492 0.412505 0.4338 0.439315 0.402715 0.366656 0.367483 0.354472 0.327786 0.315856 0.291412 0.258195 0.274615 0.298995 0.319553 0.331392 0.33347 0.353587 0.383835 0.420797 0.469582 0.517703 0.545118 0.559067
0 0 0 0 0 0 0 0 0 0 0 0 0 0 0 0 0 0 0 0 0 0 0 0 0 0 0 0 0 0 0 0 0 0 0 0 0 0.011177 0.0994376 0.194475 0.236915 0.247594 0.256484 0.296532 0.317417 0.384687 0.494577 0.558704 0.606058 0.619923 0.628373 0.645103 0.600347 0.554569 0.522627 0.468915 0.470555 0.523864 0.518422 0.457363 0.438679 0.445641 0.410264 0.384045 0.401126 0.414879 0.388226 0.377525 0.369306 0.357177 0.34362 0.290849 0.294922 0.287624 0.264653 0.275384 0.284368 0.301173 0.308084 0.301023 0.326399 0.381917 0.433469 0.489726 0.541999
0 0 0 0 0 0 0 0 0 0 0 0 0 0 0 0 0 0 0 0 0 0 0 0 0 0 0 0 0 0 0 0 0 0 0 0 0 0 0.0234092 0.130721 0.220005 0.257183 0.248628 0.268238 0.287686 0.294091 0.37388 0.47433 0.552999 0.604643 0.604374 0.615243 0.636447 0.593532 0.541947 0.502843 0.449121 0.444883 0.497716 0.473432 0.418099 0.419979 0.4373 0.389907 0.357048 0.380265 0.397657 0.393661 0.377878 0.364213 0.325156 0.288665 0.312737 0.278525 0.272428 0.281115 0.27303 0.258942 0.26189 0.25046 0.261224 0.304877 0.32033 0.36214 0.423037
0 0 0 0 0 0 0 0 0 0 0 0 0 0 0 0 0 0 0 0 0 0 0 0 0 0 0 0 0 0 0 0 0 0 0 0 0 0 0.00131163 0.0434399 0.158721 0.245736 0.259007 0.247189 0.272604 0.276208 0.310674 0.370168 0.447008 0.534184 0.584946 0.579657 0.599475 0.627299 0.591231 0.529401 0.447159 0.392937 0.435897 0.471455 0.43741 0.382174 0.401454 0.415194 0.372217 0.358101 0.379698 0.402445 0.392167 0.37814 0.351475 0.342605 0.315095 0.253422 0.260011 0.272284 0.284324 0.282097 0.286363 0.279019 0.254727 0.263898 0.274845 0.273958 0.307631
0 0 0 0 0 0 0 0 0 0 0 0 0 0 0 0 0 0 0 0 0 0 0 0 0 0 0 0 0 0 0 0 0 0 0 0 0 0 0 0.00429329 0.0609969 0.176392 0.248418 0.255423 0.25396 0.268334 0.278979 0.318068 0.352935 0.410894 0.501214 0.558296 0.5581 0.582034 0.615844 0.574157 0.484778 0.379013 0.400507 0.445473 0.455993 0.415585 0.366689 0.390243 0.401603 0.366347 0.373526 0.385004 0.402029 0.386337 0.356861 0.365579 0.360358 0.2902 0.24287 0.237024 0.246261 0.246821 0.259966 0.294437 0.286864 0.282391 0.294243 0.284147 0.293622
0 0 0 0 0 0 0 0 0 0 0 0 0 0 0 0 0 0 0 0 0 0 0 0 0 0 0 0 0 0 0 0 0 0 0 0 0 0 0 0 0.00702513 0.0711823 0.182691 0.256453 0.250619 0.243651 0.251334 0.275602 0.311986 0.326838 0.378913 0.477406 0.534974 0.536718 0.569801 0.594512 0.524275 0.408606 0.353361 0.391742 0.440892 0.444059 0.405373 0.363168 0.38993 0.394365 0.37892 0.390773 0.394431 0.401674 0.3799 0.330646 0.340039 0.352374 0.319146 0.251539 0.240491 0.197383 0.226533 0.267598 0.276814 0.292263 0.303698 0.310207 0.316644
0 0 0 0 0 0 0 0 0 0 0 0 0 0 0 0 0 0 0 0 0 0 0 0 0 0 0 0 0 0 0 0 0 0 0 0 0 0 0 0 0 0.00861067 0.07717 0.19449 0.246954 0.238057 0.242 0.25207 0.259039 0.284297 0.29918 0.344416 0.45374 0.511078 0.517142 0.556915 0.54863 0.450687 0.354302 0.365954 0.426068 0.454607 0.43453 0.391991 0.352311 0.385122 0.396884 0.399201 0.40098 0.403525 0.412173 0.362196 0.300797 0.321176 0.365463 0.300718 0.293444 0.247902 0.253439 0.253699 0.259346 0.263711 0.281052 0.28559 0.299326
0 0 0 0 0 0 0 0 0 0 0 0 0 0 0 0 0 0 0 0 0 0 0 0 0 0 0 0 0 0 0 0 0 0 0 0 0 0 0 0 0 0 0.0100342 0.0839876 0.202515 0.250761 0.246376 0.253715 0.254338 0.261425 0.263486 0.274911 0.350589 0.439801 0.486894 0.507132 0.541496 0.499559 0.399076 0.35316 0.395027 0.450935 0.453817 0.417872 0.388633 0.358435 0.382494 0.383319 0.406268 0.405047 0.403332 0.389931 0.321496 0.288766 0.33314 0.322763 0.325887 0.298327 0.274994 0.267536 0.272202 0.26497 0.265329 0.248375 0.258026
0 0 0 0 0 0 0 0 0 0 0 0 0 0 0 0 0 0 0 0 0 0 0 0 0 0 0 0 0 0 0 0 0 0 0 0 0 0 0 0 0 0 0 0.0118407 0.0946804 0.220281 0.262116 0.267225 0.278262 0.286941 0.275815 0.259044 0.295591 0.358926 0.430231 0.47864 0.497963 0.526903 0.451604 0.362016 0.356769 0.394801 0.457635 0.44761 0.422176 0.390543 0.337923 0.36304 0.380253 0.402664 0.395603 0.37298 0.344969 0.304445 0.317359 0.319552 0.292938 0.261319 0.277313 0.269643 0.26559 0.269201 0.242665 0.26165 0.267384
0 0 0 0 0 0 0 0 0 0 0 0 0 0 0 0 0 0 0 0 0 0 0 0 0 0 0 0 0 0 0 0 0 0 0 0 0 0 0 0 0 0 0 0 0.0148189 0.10999 0.218982 0.265077 0.280924 0.2963 0.30487 0.27147 0.272943 0.306556 0.347472 0.447083 0.462057 0.485694 0.496018 0.416839 0.36907 0.377667 0.427728 0.46916 0.457771 0.427714 0.359975 0.337281 0.36252 0.380224 0.405291 0.386687 0.354641 0.317954 0.301276 0.315001 0.273614 0.211615 0.204129 0.162373 0.179846 0.247211 0.242138 0.268764 0.26641
0 0 0 0 0 0 0 0 0 0 0 0 0 0 0 0 0 0 0 0 0 0 0 0 0 0 0 0 0 0 0 0 0 0 0 0 0 0 0 0 0 0 0 0 0 0.0199098 0.113776 0.207475 0.249564 0.279514 0.316878 0.31268 0.292399 0.299051 0.306023 0.355744 0.423971 0.432638 0.478285 0.465626 0.40521 0.372995 0.381377 0.447612 0.485507 0.460252 0.413155 0.379078 0.342971 0.356166 0.377014 0.385763 0.363005 0.333704 0.293521 0.287994 0.281062 0.225879 0.151584 0.137518 0.130312 0.137219 0.156453 0.198787 0.250995
0 0 0 0 0 0 0 0 0 0 0 0 0 0 0 0 0 0 0 0 0 0 0 0 0 0 0 0 0 0 0 0 0 0 0 0 0 0 0 0 0 0 0 0 0 0.000340472 0.029304 0.128969 0.184892 0.225757 0.245269 0.292691 0.309273 0.327442 0.339329 0.323563 0.352992 0.400087 0.425971 0.461141 0.435392 0.390222 0.357974 0.380329 0.451691 0.465651 0.443281 0.430069 0.346779 0.330431 0.317748 0.347887 0.37479 0.348836 0.329551 0.297311 0.280247 0.26052 0.193104 0.175328 0.155161 0.13763 0.110363 0.100619 0.125878
0 0 0 0 0 0 0 0 0 0 0 0 0 0 0 0 0 0 0 0 0 0 0 0 0 0 0 0 0 0 0 0 0 0 0 0 0 0 0 0 0 0 0 0 0 0 0.00216537 0.0532184 0.156902 0.156553 0.167386 0.230937 0.250408 0.305611 0.357942 0.380778 0.353844 0.377012 0.39175 0.413395 0.455086 0.426114 0.368791 0.3469 0.376592 0.441801 0.470947 0.454891 0.385919 0.321798 0.310939 0.319691 0.367454 0.376718 0.360987 0.338855 0.284297 0.258487 0.234913 0.206103 0.199293 0.168651 0.15293 0.135124 0.0903333
0 0 0 0 0 0 0 0 0 0 0 0 0 0 0 0 0 0 0 0 0 0 0 0 0 0 0 0 0 0 0 0 0 0 0 0 0 0 0 0 0 0 0 0 0 0 0 0.00917811 0.108443 0.159348 0.133024 0.184022 0.176305 0.222026 0.279417 0.361358 0.423654 0.412718 0.384103 0.37395 0.433847 0.450079 0.40916 0.361199 0.337101 0.399634 0.45817 0.479649 0.420934 0.372353 0.329641 0.30373 0.334373 0.391129 0.385775 0.362023 0.312817 0.251882 0.236928 0.237966 0.225788 0.178441 0.175418 0.14364 0.147567
0 0 0 0 0 0 0 0 0 0 0 0 0 0 0 0 0 0 0 0 0 0 0 0 0 0 0 0 0 0 0 0 0 0 0 0 0 0 0 0 0 0 0 0 0 0 0 0 0.0369494 0.159274 0.148624 0.124765 0.15144 0.145639 0.169338 0.243796 0.376586 0.453263 0.429951 0.370867 0.391157 0.45565 0.467932 0.396112 0.348844 0.362466 0.432148 0.465297 0.457757 0.406959 0.344161 0.307607 0.312195 0.360303 0.414574 0.39646 0.364319 0.298098 0.253354 0.243936 0.243795 0.206163 0.205149 0.148273 0.133793
0 0 0 0 0 0 0 0 0 0 0 0 0 0 0 0 0 0 0 0 0 0 0 0 0 0 0 0 0 0 0 0 0 0 0 0 0 0 0 0 0 0 0 0 0 0 0 0 0.00558538 0.089839 0.162263 0.118671 0.101963 0.111927 0.13355 0.125497 0.220235 0.34718 0.432734 0.421305 0.378732 0.415767 0.483532 0.471053 0.395345 0.354526 0.388686 0.441842 0.480411 0.421808 0.355459 0.321018 0.314126 0.309848 0.375888 0.426361 0.408728 0.358787 0.277225 0.250792 0.26073 0.222401 0.192273 0.203531 0.154093
0 0 0 0 0 0 0 0 0 0 0 0 0 0 0 0 0 0 0 0 0 0 0 0 0 0 0 0 0 0 0 0 0 0 0 0 0 0 0 0 0 0 0 0 0 0 0 0 0 0.0231623 0.108695 0.148358 0.0924231 0.0684888 0.0991933 0.128877 0.121424 0.179478 0.296929 0.394382 0.405025 0.384997 0.456147 0.517023 0.47192 0.382162 0.349435 0.387304 0.458558 0.457427 0.387635 0.337076 0.324207 0.298983 0.307245 0.394612 0.40318 0.3749 0.313921 0.253698 0.247354 0.257102 0.209031 0.225084 0.200456
0 0 0 0 0 0 0 0 0 0 0 0 0 0 0 0 0 0 0 0 0 0 0 0 0 0 0 0 0 0 0 0 0 0 0 0 0 0 0 0 0 0 0 0 0 0 0 0 0 0.00107879 0.040067 0.123682 0.153208 0.0756461 0.0406763 0.0973653 0.127624 0.112443 0.148561 0.254625 0.371449 0.403589 0.424653 0.47961 0.518036 0.464838 0.38571 0.345416 0.3997 0.453251 0.421534 0.37261 0.338838 0.319553 0.302895 0.328127 0.373152 0.375442 0.351237 0.271391 0.232666 0.256089 0.248885 0.238407 0.233706
0 0 0 0 0 0 0 0 0 0 0 0 0 0 0 0 0 0 0 0 0 0 0 0 0 0 0 0 0 0 0 0 0 0 0 0 0 0 0 0 0 0 0 0 0 0 0 0 0 0 0.00403555 0.0554156 0.15507 0.16289 0.0633995 0.0237729 0.0821945 0.12196 0.101932 0.132664 0.243582 0.37443 0.420938 0.439983 0.513826 0.53193 0.443603 0.372912 0.356517 0.387388 0.416007 0.392697 0.362318 0.343058 0.32696 0.32055 0.36108 0.373385 0.348748 0.290212 0.239299 0.236836 0.242969 0.237626 0.249689
0 0 0 0 0 0 0 0 0 0 0 0 0 0 0 0 0 0 0 0 0 0 0 0 0 0 0 0 0 0 0 0 0 0 0 0 0 0 0 0 0 0 0 0 0 0 0 0 0 0 0 0.00802212 0.0800095 0.183255 0.158588 0.0516199 0.0167161 0.0748478 0.124086 0.0959053 0.131484 0.259176 0.383471 0.435619 0.476921 0.538759 0.501083 0.40628 0.353886 0.312899 0.354622 0.384369 0.383398 0.36766 0.347316 0.338905 0.363113 0.361212 0.355941 0.306625 0.257013 0.230143 0.232139 0.218995 0.227361
0 0 0 0 0 0 0 0 0 0 0 0 0 0 0 0 0 0 0 0 0 0 0 0 0 0 0 0 0 0 0 0 0 0 0 0 0 0 0 0 0 0 0 0 0 0 0 0 0 0 0 0 0.0158653 0.106954 0.166866 0.130125 0.0402832 0.0147516 0.082248 0.135939 0.0924577 0.155716 0.29314 0.3986 0.439375 0.504047 0.543878 0.471451 0.379211 0.288551 0.28089 0.341805 0.370375 0.376074 0.3718 0.346004 0.357256 0.361855 0.360201 0.323559 0.276053 0.246433 0.224387 0.212001 0.203593
0 0 0 0 0 0 0 0 0 0 0 0 0 0 0 0 0 0 0 0 0 0 0 0 0 0 0 0 0 0 0 0 0 0 0 0 0 0 0 0 0 0 0 0 0 0 0 0 0 0 0 0 8.90795e-05 0.0305064 0.110356 0.153853 0.115866 0.034887 0.017666 0.106995 0.115346 0.0975197 0.204935 0.334923 0.397085 0.445879 0.528317 0.533019 0.435966 0.334733 0.268493 0.29692 0.330248 0.359203 0.3682 0.361588 0.345616 0.360003 0.356448 0.340533 0.292258 0.270081 0.237928 0.21993 0.214363
0 0 0 0 0 0 0 0 0 0 0 0 0 0 0 0 0 0 0 0 0 0 0 0 0 0 0 0 0 0 0 0 0 0 0 0 0 0 0 0 0 0 0 0 0 0 0 0 0 0 0 0 0 0.0024812 0.0515526 0.128338 0.157821 0.11064 0.0302382 0.0294862 0.117511 0.0923563 0.13621 0.217818 0.327224 0.38865 0.459783 0.525191 0.507634 0.394147 0.311206 0.289501 0.299361 0.333785 0.341676 0.345343 0.357627 0.342152 0.354605 0.353333 0.326245 0.281174 0.26288 0.246961 0.226939
0 0 0 0 0 0 0 0 0 0 0 0 0 0 0 0 0 0 0 0 0 0 0 0 0 0 0 0 0 0 0 0 0 0 0 0 0 0 0 0 0 0 0 0 0 0 0 0 0 0 0 0 0 0 0.00721565 0.0665689 0.147187 0.170784 0.0995646 0.0230694 0.0602746 0.134525 0.0949794 0.147876 0.25672 0.342947 0.391549 0.494045 0.551518 0.460538 0.35385 0.32334 0.297433 0.310228 0.309572 0.330471 0.343594 0.334031 0.333662 0.350669 0.344067 0.298591 0.276903 0.27561 0.256211
0 0 0 0 0 0 0 0 0 0 0 0 0 0 0 0 0 0 0 0 0 0 0 0 0 0 0 0 0 0 0 0 0 0 0 0 0 0 0 0 0 0 0 0 0 0 0 0 0 0 0 0 0 0 0 0.0101082 0.0815808 0.171457 0.18544 0.0745362 0.0210381 0.123115 0.0911538 0.131217 0.177364 0.283907 0.360993 0.436102 0.514164 0.501605 0.402201 0.350823 0.315866 0.305172 0.312346 0.326016 0.314015 0.32355 0.314891 0.329589 0.319879 0.294173 0.272687 0.290051 0.300611
0 0 0 0 0 0 0 0 0 0 0 0 0 0 0 0 0 0 0 0 0 0 0 0 0 0 0 0 0 0 0 0 0 0 0 0 0 0 0 0 0 0 0 0 0 0 0 0 0 0 0 0 0 0 0 0 0.0152192 0.105758 0.170253 0.15023 0.0452251 0.0644031 0.117993 0.0917934 0.137626 0.198905 0.305279 0.361367 0.450491 0.506693 0.442877 0.345774 0.327706 0.302893 0.309055 0.290622 0.294355 0.288842 0.322715 0.30577 0.284366 0.269074 0.255861 0.278176 0.300458
0 0 0 0 0 0 0 0 0 0 0 0 0 0 0 0 0 0 0 0 0 0 0 0 0 0 0 0 0 0 0 0 0 0 0 0 0 0 0 0 0 0 0 0 0 0 0 0 0 0 0 0 0 0 0 0 3.0565e-05 0.0310556 0.117032 0.181605 0.102507 0.0385981 0.135554 0.0754687 0.114684 0.144794 0.248326 0.341236 0.416738 0.475047 0.457129 0.370866 0.33542 0.315577 0.295339 0.279983 0.268574 0.259567 0.307288 0.318177 0.270915 0.26286 0.238073 0.24594 0.295849
