avaframe/data/avaHit/Inputs/avaHit.asc
ncols        526
nrows        446
xllcorner    272768.922905254178
yllcorner    357500.196487164649
cellsize     4.997678230579
NODATA_value  -9999
[rows 380 to 399 of 446, columns 276 to 321 of 526]
1500.10498046875 1499.9759521484375 1499.884033203125 1499.7919921875 1499.81005859375 1501.2120361328125 1500.0679931640625 1499.5889892578125 1499.5889892578125 1499.3299560546875 1499.4229736328125 1498.887939453125 1498.407958984375 1498.1500244140625 1498.18701171875 1497.927978515625 1497.68896484375 1497.448974609375 1497.135009765625 1497.0059814453125 1497.04296875 1496.748046875 1496.5999755859375 1496.416015625 1496.3050537109375 1496.157958984375 1496.010009765625 1495.93603515625 1495.677978515625 1495.531005859375 1495.4010009765625 1495.3089599609375 1495.125 1495.0140380859375 1494.865966796875 1494.0550537109375 1492.39501953125 1491.5830078125 1491.5830078125 1492.9110107421875 1493.2430419921875 1492.9849853515625 1491.6939697265625 1491.9150390625 1492.762939453125 1495.4940185546875
1499.93896484375 1499.81005859375 1499.698974609375 1499.625 1499.5699462890625 1499.47802734375 1499.2569580078125 1499.2569580078125 1499.6619873046875 1499.29296875 1499.3299560546875 1498.7030029296875 1498.3709716796875 1498.260009765625 1498.113037109375 1497.873046875 1497.56005859375 1497.3570556640625 1497.154052734375 1496.988037109375 1496.822021484375 1496.6739501953125 1496.5999755859375 1496.4530029296875 1496.3050537109375 1496.1209716796875 1495.9730224609375 1495.8260498046875 1495.677978515625 1495.5489501953125 1495.4200439453125 1495.291015625 1495.197998046875 1494.2020263671875 1494.2760009765625 1492.947998046875 1492.0260009765625 1491.5830078125 1492.8370361328125 1493.35400390625 1493.280029296875 1493.02197265625 1492.72705078125 1492.9849853515625 1493.7969970703125 1496.489990234375
1499.77294921875 1499.625 1499.5150146484375 1499.385986328125 1499.3299560546875 1499.238037109375 1499.1090087890625 1499.053955078125 1499.1829833984375 1499.2569580078125 1498.906005859375 1498.5560302734375 1498.35302734375 1498.2969970703125 1498.0570068359375 1497.85498046875 1497.595947265625 1497.22802734375 1497.116943359375 1496.968994140625 1496.822021484375 1496.748046875 1496.5269775390625 1496.416015625 1496.342041015625 1496.083984375 1495.9730224609375 1495.863037109375 1495.677978515625 1495.5670166015625 1495.511962890625 1495.345947265625 1494.092041015625 1493.8330078125 1493.612060546875 1492.1729736328125 1491.8409423828125 1492.762939453125 1493.35400390625 1493.574951171875 1493.1689453125 1493.02197265625 1492.762939453125 1492.5789794921875 1493.68603515625 1496.56298828125
1499.625 1499.47802734375 1499.3489990234375 1499.1829833984375 1499.1090087890625 1499.072021484375 1498.97998046875 1498.887939453125 1498.998046875 1498.8690185546875 1498.666015625 1498.4449462890625 1498.4820556640625 1498.4820556640625 1498.0760498046875 1497.7440185546875 1497.4119873046875 1497.208984375 1497.0799560546875 1496.9320068359375 1496.7850341796875 1496.656005859375 1496.5269775390625 1496.39697265625 1496.23095703125 1496.157958984375 1495.9730224609375 1495.8260498046875 1495.677978515625 1495.511962890625 1495.4200439453125 1494.0550537109375 1493.760009765625 1492.5419921875 1492.2840576171875 1492.2469482421875 1492.06298828125 1493.35400390625 1493.760009765625 1493.4639892578125 1493.2060546875 1493.1319580078125 1492.72705078125 1493.094970703125 1493.98095703125 1497.154052734375
1499.366943359375 1499.3299560546875 1499.1829833984375 1499.072021484375 1498.9610595703125 1498.925048828125 1498.8509521484375 1498.8509521484375 1498.81396484375 1498.7030029296875 1498.573974609375 1498.4449462890625 1498.3709716796875 1498.7030029296875 1498.407958984375 1497.7440185546875 1497.375 1497.22802734375 1497.04296875 1496.8590087890625 1496.72900390625 1496.5999755859375 1496.470947265625 1496.342041015625 1496.1949462890625 1496.083984375 1495.9730224609375 1495.8260498046875 1495.7149658203125 1495.45703125 1494.3499755859375 1493.98095703125 1493.6300048828125 1492.5050048828125 1492.3580322265625 1492.06298828125 1493.1319580078125 1494.0179443359375 1493.8699951171875 1493.3719482421875 1493.3909912109375 1493.1689453125 1492.9849853515625 1492.9110107421875 1494.6080322265625 1498.2239990234375
1498.001953125 1498.887939453125 1498.9610595703125 1498.8509521484375 1498.8509521484375 1498.81396484375 1498.739990234375 1498.5560302734375 1498.7030029296875 1498.593017578125 1498.5560302734375 1498.407958984375 1498.260009765625 1498.0760498046875 1497.8919677734375 1497.6700439453125 1497.4119873046875 1497.22802734375 1497.0059814453125 1496.8399658203125 1496.6739501953125 1496.5269775390625 1496.4530029296875 1496.470947265625 1496.342041015625 1496.23095703125 1496.0469970703125 1495.77001953125 1495.3089599609375 1494.81103515625 1494.1650390625 1493.7969970703125 1493.574951171875 1492.5789794921875 1492.468017578125 1492.615966796875 1494.092041015625 1494.1290283203125 1493.7039794921875 1493.3909912109375 1493.4090576171875 1493.1319580078125 1493.1319580078125 1493.35400390625 1496.4530029296875 1499.0350341796875
1497.781005859375 1497.541015625 1497.3380126953125 1497.375 1498.18701171875 1498.427001953125 1498.2239990234375 1498.113037109375 1498.4449462890625 1498.4820556640625 1498.4820556640625 1498.407958984375 1498.241943359375 1498.0389404296875 1497.8179931640625 1497.6700439453125 1497.4300537109375 1497.1910400390625 1496.968994140625 1496.7850341796875 1496.6739501953125 1496.748046875 1496.8590087890625 1496.89599609375 1496.7110595703125 1496.3790283203125 1496.010009765625 1495.5670166015625 1495.2349853515625 1494.3499755859375 1494.0550537109375 1493.760009765625 1493.35400390625 1492.615966796875 1492.4310302734375 1493.7230224609375 1494.4610595703125 1494.0179443359375 1493.7230224609375 1493.5009765625 1493.3170166015625 1493.2060546875 1493.1689453125 1493.427001953125 1496.7110595703125 1499.1829833984375
1500.178955078125 1499.625 1498.2969970703125 1497.3380126953125 1497.0799560546875 1497.0059814453125 1496.9320068359375 1497.375 1498.113037109375 1498.1500244140625 1498.4820556640625 1498.573974609375 1498.51904296875 1498.18701171875 1497.8179931640625 1497.595947265625 1497.4119873046875 1497.22802734375 1497.0799560546875 1496.9139404296875 1496.8590087890625 1497.0250244140625 1497.3380126953125 1497.4119873046875 1496.822021484375 1495.531005859375 1495.5670166015625 1495.345947265625 1494.571044921875 1494.1839599609375 1494.1290283203125 1493.9439697265625 1492.8740234375 1492.72705078125 1492.72705078125 1494.64501953125 1494.31298828125 1493.906982421875 1493.68603515625 1493.574951171875 1493.2979736328125 1493.5009765625 1492.800048828125 1494.865966796875 1496.416015625 1499.7359619140625
1499.366943359375 1499.2569580078125 1499.366943359375 1499.5889892578125 1499.2569580078125 1498.113037109375 1497.1910400390625 1496.9320068359375 1497.8919677734375 1497.927978515625 1498.333984375 1499.1090087890625 1499.072021484375 1498.51904296875 1498.0760498046875 1497.70703125 1497.52294921875 1497.301025390625 1497.154052734375 1496.822021484375 1496.1949462890625 1495.5670166015625 1495.051025390625 1494.97705078125 1495.1610107421875 1495.27197265625 1495.2349853515625 1494.79296875 1494.4239501953125 1494.31298828125 1494.1650390625 1493.906982421875 1492.947998046875 1492.800048828125 1493.427001953125 1494.8289794921875 1494.2760009765625 1493.926025390625 1493.6490478515625 1493.5570068359375 1493.760009765625 1493.3909912109375 1493.4639892578125 1495.383056640625 1498.18701171875 1500.9169921875
1499.47802734375 1499.3299560546875 1499.219970703125 1499.072021484375 1498.8509521484375 1498.7030029296875 1498.8509521484375 1498.925048828125 1496.748046875 1496.636962890625 1496.7850341796875 1496.8590087890625 1496.8590087890625 1496.4530029296875 1496.5999755859375 1496.56298828125 1496.3790283203125 1495.93603515625 1495.051025390625 1494.571044921875 1494.4610595703125 1494.3310546875 1494.1650390625 1494.1290283203125 1493.7969970703125 1493.6490478515625 1493.5379638671875 1493.4639892578125 1493.3909912109375 1493.35400390625 1493.35400390625 1493.35400390625 1493.280029296875 1492.9110107421875 1493.68603515625 1495.051025390625 1494.3680419921875 1493.7969970703125 1493.740966796875 1493.68603515625 1493.6490478515625 1493.280029296875 1494.0550537109375 1496.5269775390625 1499.698974609375 1500.9539794921875
1499.552001953125 1499.4229736328125 1499.2569580078125 1499.126953125 1498.998046875 1498.8509521484375 1498.739990234375 1498.573974609375 1497.7440185546875 1496.89599609375 1496.4530029296875 1496.1949462890625 1496.083984375 1496.083984375 1495.45703125 1495.125 1494.865966796875 1494.7559814453125 1494.64501953125 1494.4969482421875 1494.4610595703125 1494.4610595703125 1494.4239501953125 1494.2760009765625 1493.8699951171875 1493.7230224609375 1493.612060546875 1493.906982421875 1493.7969970703125 1493.5379638671875 1493.5379638671875 1493.612060546875 1493.427001953125 1493.0589599609375 1493.094970703125 1495.3089599609375 1494.5340576171875 1493.906982421875 1493.8330078125 1493.7969970703125 1493.760009765625 1493.3170166015625 1494.7559814453125 1497.56005859375 1500.2530517578125 1501.3590087890625
1500.5479736328125 1499.552001953125 1499.385986328125 1499.219970703125 1499.1090087890625 1499.0350341796875 1498.887939453125 1498.739990234375 1498.4820556640625 1498.593017578125 1497.595947265625 1497.448974609375 1497.7440185546875 1498.2969970703125 1496.3050537109375 1495.5670166015625 1495.345947265625 1495.051025390625 1495.2349853515625 1495.677978515625 1496.157958984375 1496.1949462890625 1496.2679443359375 1496.0469970703125 1495.93603515625 1495.7149658203125 1495.1610107421875 1495.051025390625 1494.6080322265625 1494.31298828125 1494.1650390625 1494.1290283203125 1494.1650390625 1493.2060546875 1493.094970703125 1495.4200439453125 1494.6820068359375 1493.98095703125 1493.906982421875 1493.8699951171875 1494.0360107421875 1494.239013671875 1496.5269775390625 1498.260009765625 1500.5479736328125 1503.8680419921875
1500.8800048828125 1499.77294921875 1499.404052734375 1499.385986328125 1499.2569580078125 1499.238037109375 1499.072021484375 1498.9429931640625 1498.593017578125 1498.113037109375 1497.6700439453125 1497.6700439453125 1499.6619873046875 1499.7359619140625 1499.7359619140625 1499.698974609375 1499.698974609375 1499.698974609375 1499.698974609375 1499.5889892578125 1499.0350341796875 1498.407958984375 1497.927978515625 1497.4119873046875 1496.7850341796875 1496.2679443359375 1496.0469970703125 1495.7889404296875 1494.93994140625 1494.6080322265625 1494.4969482421875 1494.386962890625 1494.2760009765625 1493.280029296875 1493.2430419921875 1495.4200439453125 1494.9029541015625 1494.14697265625 1494.0550537109375 1494.1290283203125 1494.31298828125 1496.3050537109375 1496.9320068359375 1499.1829833984375 1500.510986328125 1505.2330322265625
1501.7650146484375 1500.3260498046875 1499.2569580078125 1499.47802734375 1499.625 1499.4410400390625 1499.29296875 1499.072021484375 1498.739990234375 1498.407958984375 1497.8179931640625 1498.260009765625 1499.6619873046875 1499.8280029296875 1499.8470458984375 1499.8470458984375 1499.81005859375 1499.77294921875 1500.178955078125 1499.9580078125 1500.843017578125 1500.657958984375 1498.666015625 1497.4859619140625 1496.3050537109375 1496.7110595703125 1496.89599609375 1495.8260498046875 1494.93994140625 1494.6820068359375 1494.6820068359375 1494.5159912109375 1494.386962890625 1493.3909912109375 1493.2979736328125 1495.5670166015625 1495.1429443359375 1494.239013671875 1494.14697265625 1494.2020263671875 1494.4239501953125 1494.79296875 1496.89599609375 1499.9210205078125 1500.989990234375 1505.75
1503.02001953125 1502.594970703125 1501.5810546875 1500.6949462890625 1500.6219482421875 1500.2159423828125 1499.5889892578125 1499.4229736328125 1499.072021484375 1499.29296875 1498.0760498046875 1498.925048828125 1499.6619873046875 1500.031005859375 1500.031005859375 1499.9940185546875 1499.9580078125 1499.9210205078125 1499.884033203125 1500.0679931640625 1500.8800048828125 1500.2900390625 1498.666015625 1497.52294921875 1496.2679443359375 1497.0059814453125 1496.656005859375 1496.010009765625 1495.1800537109375 1494.9029541015625 1494.81103515625 1494.5340576171875 1494.31298828125 1493.4639892578125 1493.3909912109375 1495.1610107421875 1495.27197265625 1494.2760009765625 1494.4239501953125 1494.3680419921875 1494.6080322265625 1495.125 1497.595947265625 1500.510986328125 1502.7239990234375 1505.9339599609375
1504.237060546875 1503.9420166015625 1504.1629638671875 1503.1300048828125 1501.987060546875 1501.469970703125 1500.510986328125 1499.5150146484375 1499.1829833984375 1500.031005859375 1498.2969970703125 1499.5150146484375 1499.9940185546875 1500.2340087890625 1500.2159423828125 1500.178955078125 1500.1419677734375 1500.1419677734375 1500.10498046875 1500.6949462890625 1500.6949462890625 1499.9210205078125 1498.333984375 1497.595947265625 1496.2679443359375 1496.9320068359375 1496.5269775390625 1496.083984375 1495.6409912109375 1495.3280029296875 1494.97705078125 1494.6820068359375 1494.4239501953125 1493.5379638671875 1493.4830322265625 1495.27197265625 1495.5489501953125 1494.64501953125 1494.386962890625 1494.6080322265625 1494.865966796875 1496.416015625 1499.14599609375 1500.2900390625 1504.237060546875 1507.5570068359375
1505.7860107421875 1505.970947265625 1505.7130126953125 1504.7900390625 1503.8680419921875 1502.52099609375 1501.6910400390625 1500.5849609375 1499.5889892578125 1499.9210205078125 1498.906005859375 1499.6619873046875 1500.2340087890625 1500.43701171875 1500.4000244140625 1500.4000244140625 1500.3819580078125 1500.363037109375 1500.3260498046875 1500.4000244140625 1500.6949462890625 1499.47802734375 1498.02099609375 1497.3380126953125 1496.4530029296875 1496.822021484375 1496.58203125 1496.2679443359375 1495.91796875 1495.5670166015625 1495.1619873046875 1494.8289794921875 1494.4610595703125 1493.5379638671875 1493.5379638671875 1495.4940185546875 1495.8260498046875 1495.0880126953125 1494.4239501953125 1494.865966796875 1495.6409912109375 1497.22802734375 1499.5150146484375 1502.760986328125 1505.3809814453125 1508.18505859375
1506.1190185546875 1506.08203125 1506.08203125 1505.60205078125 1504.9010009765625 1503.572998046875 1501.0269775390625 1500.5849609375 1500.178955078125 1499.7359619140625 1499.3299560546875 1499.9210205078125 1500.5479736328125 1500.677001953125 1500.5849609375 1500.6219482421875 1500.5849609375 1500.5479736328125 1500.510986328125 1500.5479736328125 1500.6219482421875 1499.1639404296875 1497.7440185546875 1496.822021484375 1496.748046875 1496.822021484375 1496.636962890625 1496.416015625 1496.083984375 1495.7330322265625 1495.383056640625 1494.93994140625 1494.4969482421875 1493.574951171875 1493.6490478515625 1494.571044921875 1495.8260498046875 1495.7149658203125 1495.60400390625 1496.822021484375 1498.0760498046875 1498.998046875 1500.4739990234375 1504.31103515625 1506.8189697265625 1509.844970703125
1506.0450439453125 1506.0260009765625 1506.0450439453125 1506.0450439453125 1506.08203125 1505.56494140625 1504.864013671875 1500.657958984375 1500.363037109375 1499.77294921875 1499.64404296875 1500.76904296875 1501.2120361328125 1500.8800048828125 1500.8060302734375 1500.8060302734375 1500.76904296875 1500.7320556640625 1500.6949462890625 1500.657958984375 1500.3260498046875 1498.8509521484375 1497.761962890625 1496.748046875 1497.375 1496.968994140625 1496.7850341796875 1496.636962890625 1496.3050537109375 1495.9730224609375 1495.5670166015625 1495.125 1494.571044921875 1493.6490478515625 1493.68603515625 1494.4610595703125 1495.383056640625 1496.010009765625 1497.633056640625 1498.9610595703125 1498.739990234375 1499.5150146484375 1502.281982421875 1505.1590576171875 1507.8160400390625 1510.7669677734375
1505.2330322265625 1505.676025390625 1505.9339599609375 1505.9339599609375 1505.9339599609375 1504.31103515625 1502.760986328125 1500.989990234375 1500.031005859375 1500.2530517578125 1502.3189697265625 1502.0970458984375 1501.7650146484375 1501.39599609375 1501.322998046875 1500.8060302734375 1500.7879638671875 1500.843017578125 1500.7320556640625 1499.884033203125 1498.5 1497.8179931640625 1496.7110595703125 1497.448974609375 1497.0059814453125 1496.968994140625 1496.7850341796875 1496.5269775390625 1496.1949462890625 1495.8260498046875 1495.2349853515625 1494.718994140625 1493.7230224609375 1493.760009765625 1495.125 1495.45703125 1496.23095703125 1498.7030029296875 1499.2569580078125 1500.1419677734375 1501.949951171875 1503.6839599609375 1507.0040283203125 1509.7340087890625 1512.1319580078125 1515.23095703125
