avaframe/data/avaHit/Inputs/avaHit.asc
ncols        526
nrows        446
xllcenter    272771.421744369
yllcenter    357502.69532628
cellsize     4.997678230579
NODATA_value  -9999
[rows 260 to 279 of 446, columns 92 to 137 of 526]
1858.2547607421875 1858.060302734375 1858.3477783203125 1858.4779052734375 1858.5626220703125 1858.6292724609375 1858.6585693359375 1858.921630859375 1859.2523193359375 1859.9483642578125 1860.8818359375 1861.53564453125 1861.9833984375 1862.1920166015625 1862.4703369140625 1862.607666015625 1862.205810546875 1861.7015380859375 1861.2567138671875 1860.9091796875 1860.977783203125 1860.681640625 1860.3726806640625 1859.8023681640625 1858.994873046875 1858.8831787109375 1859.654541015625 1860.5321044921875 1861.3187255859375 1862.458251953125 1863.3441162109375 1864.0474853515625 1864.44189453125 1864.3785400390625 1863.44873046875 1862.5010986328125 1862.3018798828125 1861.886474609375 1861.0487060546875 1859.9459228515625 1858.913330078125 1858.2337646484375 1857.2325439453125 1855.7607421875 1853.63671875 1852.1865234375
1855.6925048828125 1855.526611328125 1855.4300537109375 1855.5140380859375 1855.45703125 1855.8531494140625 1856.0404052734375 1856.0123291015625 1856.518310546875 1856.9508056640625 1857.6754150390625 1858.5191650390625 1858.6962890625 1858.7579345703125 1859.0728759765625 1859.021484375 1858.8509521484375 1858.5479736328125 1857.95458984375 1857.74365234375 1857.8408203125 1857.42578125 1856.8975830078125 1855.998779296875 1856.1090087890625 1856.5303955078125 1857.073974609375 1857.897705078125 1859.0433349609375 1859.9559326171875 1860.6905517578125 1861.5694580078125 1862.0670166015625 1862.18310546875 1861.3094482421875 1860.28564453125 1859.8583984375 1859.129150390625 1858.163818359375 1857.4893798828125 1856.7579345703125 1855.68505859375 1854.4283447265625 1852.9478759765625 1851.24951171875 1849.4210205078125
1852.61669921875 1852.5941162109375 1852.1822509765625 1852.0828857421875 1852.0433349609375 1852.3712158203125 1852.8795166015625 1852.9632568359375 1853.099853515625 1853.3819580078125 1854.0101318359375 1854.7149658203125 1854.9542236328125 1855.34130859375 1855.4317626953125 1855.3704833984375 1855.4869384765625 1855.0396728515625 1854.802490234375 1854.6151123046875 1854.2645263671875 1853.7509765625 1853.1424560546875 1852.6097412109375 1852.8741455078125 1853.856201171875 1854.7083740234375 1855.375732421875 1856.4964599609375 1857.5728759765625 1858.2586669921875 1859.0130615234375 1859.831787109375 1860.1905517578125 1859.0335693359375 1857.477294921875 1856.583251953125 1855.6290283203125 1855.3221435546875 1854.9017333984375 1854.030029296875 1852.62158203125 1851.0538330078125 1849.543212890625 1848.2874755859375 1846.5867919921875
1850.0023193359375 1850.0390625 1849.7998046875 1849.246826171875 1848.954833984375 1849.2891845703125 1849.8668212890625 1850.011962890625 1849.7373046875 1849.6544189453125 1850.1280517578125 1850.849853515625 1851.306884765625 1851.5609130859375 1851.4324951171875 1851.5848388671875 1852.0828857421875 1851.939697265625 1851.426513671875 1850.995361328125 1850.5322265625 1850.0003662109375 1849.428955078125 1849.09521484375 1849.607177734375 1850.6041259765625 1851.74560546875 1852.7061767578125 1853.7462158203125 1854.986572265625 1855.8272705078125 1856.428955078125 1857.3056640625 1857.5003662109375 1856.101806640625 1854.576416015625 1853.5167236328125 1852.5643310546875 1852.382568359375 1852.1934814453125 1851.2998046875 1849.781005859375 1847.7689208984375 1845.80078125 1844.6680908203125 1843.3441162109375
1846.63037109375 1846.790283203125 1846.677490234375 1846.31982421875 1846.008544921875 1845.98486328125 1846.402099609375 1846.699462890625 1846.6060791015625 1846.358154296875 1846.655029296875 1847.56298828125 1847.74560546875 1847.58544921875 1847.716552734375 1847.8814697265625 1848.164306640625 1848.37353515625 1848.1094970703125 1847.2523193359375 1846.4208984375 1845.782958984375 1845.43994140625 1845.7022705078125 1846.61083984375 1847.6605224609375 1848.829345703125 1849.913330078125 1850.7119140625 1851.857666015625 1852.921142578125 1853.8426513671875 1854.978515625 1855.03173828125 1853.4140625 1851.742431640625 1850.8011474609375 1850.0992431640625 1849.505859375 1849.1595458984375 1848.2994384765625 1846.7545166015625 1844.807861328125 1842.5201416015625 1841.0096435546875 1840.08544921875
1843.110107421875 1843.0543212890625 1842.8448486328125 1842.560546875 1842.311767578125 1842.0980224609375 1842.150634765625 1842.58251953125 1842.8345947265625 1842.92626953125 1843.3133544921875 1843.7734375 1843.8232421875 1843.9383544921875 1844.5084228515625 1844.8218994140625 1844.8763427734375 1844.817138671875 1844.5445556640625 1843.9249267578125 1843.0196533203125 1841.8623046875 1841.3841552734375 1842.4918212890625 1843.9842529296875 1844.9859619140625 1845.8115234375 1846.7552490234375 1847.9508056640625 1849.18896484375 1850.440185546875 1851.3199462890625 1851.8594970703125 1852.0621337890625 1851.0228271484375 1849.1824951171875 1847.8939208984375 1847.119140625 1846.5240478515625 1846.01318359375 1845.0615234375 1843.4759521484375 1841.8804931640625 1840.0718994140625 1838.341552734375 1837.1878662109375
1838.997314453125 1838.9935302734375 1839.0589599609375 1838.5360107421875 1837.9501953125 1837.6458740234375 1837.69287109375 1838.1971435546875 1838.6776123046875 1839.218017578125 1839.662109375 1839.844482421875 1840.2100830078125 1840.637939453125 1840.91064453125 1841.222412109375 1841.3739013671875 1841.1474609375 1841.1829833984375 1840.697509765625 1839.4918212890625 1838.20458984375 1837.987548828125 1839.1309814453125 1840.4093017578125 1841.8101806640625 1842.813232421875 1843.7811279296875 1845.14990234375 1846.603271484375 1847.987060546875 1848.7890625 1849.08154296875 1849.0853271484375 1848.162109375 1846.3487548828125 1844.9749755859375 1843.916015625 1843.37841796875 1842.94677734375 1841.9232177734375 1840.529296875 1839.285400390625 1838.059814453125 1836.5986328125 1835.0870361328125
1834.6407470703125 1834.6131591796875 1834.6832275390625 1834.2928466796875 1833.7901611328125 1833.4251708984375 1833.4808349609375 1834.138916015625 1834.6837158203125 1835.430419921875 1836.0179443359375 1836.26220703125 1836.619384765625 1837.0201416015625 1837.087646484375 1837.4171142578125 1837.5452880859375 1837.2178955078125 1837.2255859375 1836.7130126953125 1835.3973388671875 1834.668212890625 1835.2047119140625 1836.5711669921875 1837.968505859375 1839.120849609375 1840.36083984375 1841.4412841796875 1842.513671875 1843.7003173828125 1844.789306640625 1845.877197265625 1846.251708984375 1845.9437255859375 1844.95703125 1843.249267578125 1841.95703125 1841.154541015625 1840.37939453125 1839.7325439453125 1839.117919921875 1838.453857421875 1837.6187744140625 1836.359130859375 1834.8231201171875 1833.6793212890625
1830.2283935546875 1830.0831298828125 1829.9185791015625 1829.7998046875 1829.68115234375 1829.4273681640625 1829.4210205078125 1830.26220703125 1831.1968994140625 1832.023681640625 1832.536865234375 1832.7547607421875 1833.0526123046875 1833.6142578125 1833.6983642578125 1833.760986328125 1833.385498046875 1832.9879150390625 1832.732421875 1832.1246337890625 1831.62744140625 1831.7320556640625 1832.5570068359375 1834.1177978515625 1835.3082275390625 1836.188232421875 1837.60107421875 1839.168701171875 1840.21044921875 1841.1009521484375 1841.951416015625 1842.6632080078125 1842.881591796875 1842.4693603515625 1841.774169921875 1840.5504150390625 1839.0352783203125 1838.2684326171875 1837.9349365234375 1837.548095703125 1836.981689453125 1836.37939453125 1835.7320556640625 1834.7037353515625 1833.4320068359375 1832.442626953125
1826.0284423828125 1825.8258056640625 1825.687744140625 1825.7578125 1825.75732421875 1825.640380859375 1826.0513916015625 1826.7430419921875 1827.7391357421875 1828.7225341796875 1829.0963134765625 1829.1097412109375 1829.352294921875 1829.9881591796875 1830.1053466796875 1829.9697265625 1829.3262939453125 1828.7066650390625 1828.5810546875 1828.899169921875 1828.7869873046875 1829.3795166015625 1830.3499755859375 1831.3994140625 1832.8441162109375 1833.9051513671875 1835.4005126953125 1836.804443359375 1837.681640625 1838.602783203125 1839.3192138671875 1839.8238525390625 1839.7564697265625 1839.2000732421875 1838.677978515625 1837.820556640625 1836.2508544921875 1835.364990234375 1835.395751953125 1835.3717041015625 1834.5697021484375 1833.92041015625 1833.3382568359375 1832.3953857421875 1831.706787109375 1831.1162109375
1821.871826171875 1822.009765625 1822.117431640625 1822.13916015625 1822.0009765625 1821.83642578125 1822.2099609375 1822.9774169921875 1823.893798828125 1825.0467529296875 1825.2825927734375 1825.4847412109375 1825.6439208984375 1825.9332275390625 1826.3443603515625 1826.0960693359375 1825.4822998046875 1825.2010498046875 1825.665771484375 1826.20947265625 1826.635986328125 1827.47314453125 1828.4610595703125 1829.6434326171875 1830.7584228515625 1831.73486328125 1833.175537109375 1834.337158203125 1835.09228515625 1836.321044921875 1836.48779296875 1836.9373779296875 1836.9241943359375 1836.7193603515625 1836.3719482421875 1835.5709228515625 1833.989990234375 1832.9912109375 1832.9449462890625 1832.56201171875 1831.96533203125 1831.3726806640625 1830.8372802734375 1830.2958984375 1829.8214111328125 1829.2066650390625
1817.753662109375 1817.9537353515625 1818.099365234375 1818.0264892578125 1818.1484375 1817.711669921875 1818.2596435546875 1819.2861328125 1819.9473876953125 1820.51025390625 1821.1268310546875 1821.7535400390625 1822.23388671875 1822.674072265625 1823.206787109375 1822.9298095703125 1822.41259765625 1822.8233642578125 1823.3570556640625 1823.871337890625 1824.610107421875 1825.6591796875 1826.80615234375 1827.716552734375 1828.6348876953125 1829.531005859375 1830.4801025390625 1831.755126953125 1832.8983154296875 1833.882568359375 1834.3797607421875 1834.607177734375 1834.81201171875 1834.3199462890625 1834.0499267578125 1833.739501953125 1832.1597900390625 1830.686279296875 1830.3016357421875 1829.901123046875 1829.3338623046875 1828.96728515625 1828.442626953125 1828.0550537109375 1827.7374267578125 1826.8258056640625
1813.3349609375 1813.3248291015625 1813.4556884765625 1813.369873046875 1813.628173828125 1813.523681640625 1814.15185546875 1814.9771728515625 1815.812255859375 1816.3753662109375 1817.3426513671875 1817.88232421875 1818.6439208984375 1819.5030517578125 1819.776123046875 1820.0413818359375 1819.9052734375 1820.0963134765625 1820.6402587890625 1821.5283203125 1822.4969482421875 1823.623046875 1824.8082275390625 1825.797119140625 1826.543212890625 1827.2353515625 1828.390625 1829.483642578125 1830.6324462890625 1831.9132080078125 1832.273193359375 1832.4444580078125 1832.5955810546875 1832.3389892578125 1831.833984375 1831.4825439453125 1830.2032470703125 1828.5987548828125 1827.42578125 1827.0048828125 1826.6365966796875 1826.6121826171875 1826.15234375 1825.728271484375 1825.0665283203125 1824.355224609375
1809.2164306640625 1809.182373046875 1809.3865966796875 1809.49072265625 1809.821044921875 1810.1673583984375 1810.5810546875 1811.2208251953125 1811.797607421875 1812.659912109375 1813.3170166015625 1814.13330078125 1815.0640869140625 1816.066650390625 1816.6585693359375 1817.0980224609375 1817.3345947265625 1817.065185546875 1817.965576171875 1819.1041259765625 1820.278076171875 1821.953369140625 1823.0450439453125 1823.8525390625 1824.658447265625 1825.188232421875 1825.8443603515625 1827.5228271484375 1828.677978515625 1829.780029296875 1830.4407958984375 1830.3388671875 1830.4200439453125 1830.0068359375 1829.531982421875 1828.844482421875 1827.830810546875 1826.5093994140625 1825.1168212890625 1824.4532470703125 1824.105224609375 1823.79638671875 1823.869873046875 1823.456298828125 1822.7723388671875 1822.5
1806.324951171875 1806.1888427734375 1806.527099609375 1806.544189453125 1806.83984375 1807.2606201171875 1807.4833984375 1808.13525390625 1808.609130859375 1809.1444091796875 1809.397705078125 1810.4473876953125 1811.4912109375 1812.6934814453125 1813.8043212890625 1814.1851806640625 1814.5076904296875 1814.2862548828125 1815.2880859375 1816.5882568359375 1817.9888916015625 1819.462890625 1820.5814208984375 1821.9283447265625 1822.728759765625 1823.353759765625 1824.436279296875 1825.543701171875 1826.7313232421875 1827.6666259765625 1828.0882568359375 1828.1072998046875 1828.1612548828125 1827.8797607421875 1827.365234375 1826.78271484375 1825.7613525390625 1824.179931640625 1822.5765380859375 1822.2320556640625 1821.988525390625 1821.855712890625 1821.6865234375 1821.1904296875 1820.8795166015625 1820.478271484375
1804.7978515625 1803.853271484375 1803.7469482421875 1803.7882080078125 1804.16552734375 1804.8939208984375 1804.24365234375 1804.6343994140625 1805.3341064453125 1805.811767578125 1806.255126953125 1807.1318359375 1808.146240234375 1809.6578369140625 1810.7506103515625 1811.23583984375 1811.766845703125 1811.9189453125 1812.918212890625 1814.237060546875 1815.740478515625 1817.4249267578125 1818.6314697265625 1819.69775390625 1821.06640625 1821.6181640625 1822.40673828125 1823.4180908203125 1824.46240234375 1825.4759521484375 1825.6103515625 1825.7901611328125 1826.037353515625 1826.0413818359375 1825.8487548828125 1824.787109375 1823.79443359375 1821.8651123046875 1820.4798583984375 1820.0531005859375 1820.00146484375 1819.6800537109375 1819.295166015625 1819.036376953125 1818.89697265625 1818.4759521484375
1803.909912109375 1802.73974609375 1801.7784423828125 1802.270263671875 1803.0966796875 1802.6051025390625 1800.8753662109375 1801.1068115234375 1801.9571533203125 1802.4815673828125 1803.4664306640625 1804.10888671875 1805.2642822265625 1807.051025390625 1808.17333984375 1808.5633544921875 1808.939208984375 1810.044677734375 1811.3134765625 1812.1641845703125 1813.6746826171875 1815.0086669921875 1816.4969482421875 1817.8516845703125 1819.246337890625 1820.4676513671875 1821.068115234375 1821.8984375 1822.991455078125 1823.2315673828125 1823.1212158203125 1823.6859130859375 1823.823486328125 1823.80029296875 1823.7001953125 1822.9505615234375 1821.74755859375 1819.4573974609375 1818.2066650390625 1817.77783203125 1817.6123046875 1817.543212890625 1817.4661865234375 1817.208740234375 1816.712890625 1816.1077880859375
1803.3890380859375 1802.4813232421875 1800.8995361328125 1800.2333984375 1800.734619140625 1799.3638916015625 1797.923583984375 1798.1934814453125 1798.999755859375 1799.8289794921875 1800.896728515625 1801.48291015625 1802.69873046875 1804.8187255859375 1805.96923828125 1806.5655517578125 1806.8333740234375 1808.1617431640625 1809.2159423828125 1810.1339111328125 1811.4078369140625 1813.0167236328125 1814.3751220703125 1815.80322265625 1816.9017333984375 1818.07958984375 1818.827880859375 1820.1590576171875 1820.43115234375 1820.9373779296875 1820.998779296875 1821.0491943359375 1821.3536376953125 1821.282470703125 1821.24658203125 1820.735107421875 1819.6507568359375 1817.3521728515625 1815.8380126953125 1815.63671875 1815.3912353515625 1815.5465087890625 1815.7359619140625 1815.0819091796875 1814.318603515625 1814.0203857421875
1802.3604736328125 1801.17578125 1800.3294677734375 1799.3770751953125 1798.635986328125 1797.421875 1796.5625 1796.10205078125 1796.3768310546875 1797.3817138671875 1798.232177734375 1799.0223388671875 1800.197998046875 1802.2525634765625 1803.7716064453125 1804.4898681640625 1805.322265625 1806.306640625 1807.4267578125 1808.4359130859375 1809.109375 1810.77099609375 1812.4405517578125 1813.6524658203125 1814.830810546875 1815.86865234375 1816.5654296875 1817.58447265625 1818.4510498046875 1818.3721923828125 1818.6416015625 1818.4439697265625 1818.736572265625 1818.58056640625 1818.6375732421875 1818.27685546875 1817.5159912109375 1815.3114013671875 1814.6044921875 1813.4617919921875 1812.9681396484375 1813.1163330078125 1813.0531005859375 1812.6019287109375 1812.3731689453125 1812.1673583984375
1801.669189453125 1800.0050048828125 1799.548828125 1799.00830078125 1797.830810546875 1797.0277099609375 1796.2188720703125 1795.2442626953125 1794.77978515625 1794.833984375 1795.44921875 1796.336181640625 1797.8133544921875 1799.717041015625 1801.2413330078125 1802.3990478515625 1803.5079345703125 1804.8232421875 1805.4205322265625 1806.4271240234375 1807.291015625 1808.5167236328125 1810.3157958984375 1811.8006591796875 1813.0242919921875 1813.65576171875 1814.2911376953125 1814.964599609375 1815.4471435546875 1815.856689453125 1816.166259765625 1816.4320068359375 1816.3048095703125 1816.14208984375 1816.0147705078125 1815.8419189453125 1815.2269287109375 1813.1607666015625 1812.804443359375 1811.049560546875 1810.5194091796875 1810.7724609375 1810.7664794921875 1810.5189208984375 1810.3282470703125 1810.4388427734375
