avaframe/data/avaHit/Inputs/avaHit.asc
ncols        526
nrows        446
xllcorner    272768.922905254178
yllcorner    357500.196487164649
cellsize     4.997678230579
NODATA_value  -9999
[rows 300 to 319 of 446, columns 368 to 413 of 526]
1491.08203125 1491.739013671875 1490.875 1487.0689697265625 1483.85205078125 1484.43994140625 1486.1700439453125 1489.041015625 1492.18896484375 1496.3060302734375 1499.9730224609375 1503.571044921875 1506.6839599609375 1508.032958984375 1508.5870361328125 1509.625 1510.2469482421875 1510.697021484375 1511.2509765625 1511.8389892578125 1511.5970458984375 1510.5589599609375 1511.112060546875 1512.1500244140625 1513.637939453125 1514.2259521484375 1514.91796875 1515.9549560546875 1517.0279541015625 1518.758056640625 1519.552978515625 1520.7640380859375 1521.6639404296875 1522.6669921875 1523.3590087890625 1523.8780517578125 1524.60400390625 1525.260986328125 1526.782958984375 1527.0260009765625 1527.5789794921875 1528.4439697265625 1528.2359619140625 1528.27099609375 1529.3780517578125 1531.626953125
1491.219970703125 1491.8089599609375 1489.6290283203125 1485.6510009765625 1483.885986328125 1485.8929443359375 1488.7989501953125 1491.6700439453125 1494.333984375 1498.0009765625 1501.322021484375 1504.6429443359375 1507.4449462890625 1508.967041015625 1509.83203125 1510.8349609375 1511.56201171875 1512.8070068359375 1513.1190185546875 1513.948974609375 1513.60302734375 1512.011962890625 1512.3919677734375 1513.9840087890625 1514.468017578125 1514.883056640625 1515.885986328125 1516.8199462890625 1518.446044921875 1519.968017578125 1520.6600341796875 1521.7330322265625 1522.7010498046875 1523.843017578125 1524.60400390625 1525.780029296875 1526.5069580078125 1527.2679443359375 1528.3060302734375 1528.89404296875 1529.3780517578125 1530.31201171875 1530.3809814453125 1530.968994140625 1532.0760498046875 1534.428955078125
1491.3929443359375 1491.2550048828125 1488.1419677734375 1483.9560546875 1484.1290283203125 1487.0350341796875 1490.1829833984375 1493.9530029296875 1496.4439697265625 1499.52294921875 1502.2559814453125 1505.23095703125 1507.791015625 1509.5550537109375 1510.8349609375 1512.0810546875 1512.946044921875 1513.7760009765625 1514.501953125 1514.883056640625 1515.3330078125 1513.81103515625 1514.3299560546875 1514.6409912109375 1515.470947265625 1515.989990234375 1517.166015625 1519.2760009765625 1520.4530029296875 1521.02294921875 1522.113037109375 1523.4969482421875 1524.1199951171875 1524.9849853515625 1526.1259765625 1526.990966796875 1527.9940185546875 1529.1700439453125 1530.1390380859375 1531.072998046875 1531.800048828125 1532.4219970703125 1532.9410400390625 1533.7020263671875 1534.4630126953125 1537.64599609375
1491.012939453125 1489.7330322265625 1486.48095703125 1483.989990234375 1485.7889404296875 1489.0760498046875 1492.1199951171875 1495.2679443359375 1498.0360107421875 1500.6650390625 1503.363037109375 1505.85400390625 1508.2060546875 1509.6939697265625 1511.6309814453125 1513.3260498046875 1514.2950439453125 1515.0909423828125 1515.748046875 1516.509033203125 1516.85498046875 1515.9210205078125 1515.8170166015625 1516.2669677734375 1516.7860107421875 1517.3740234375 1518.758056640625 1519.760986328125 1521.14501953125 1522.0789794921875 1523.3590087890625 1524.4310302734375 1525.156982421875 1526.0570068359375 1527.2330322265625 1528.3399658203125 1529.239990234375 1530.3809814453125 1531.72998046875 1532.4219970703125 1533.426025390625 1534.18701171875 1535.259033203125 1536.1929931640625 1537.3349609375 1540.9329833984375
1488.1419677734375 1486.862060546875 1484.405029296875 1484.405029296875 1487.0350341796875 1490.6669921875 1493.81494140625 1496.4439697265625 1499.93798828125 1502.220947265625 1504.8509521484375 1506.9949951171875 1508.967041015625 1510.14404296875 1512.011962890625 1513.70703125 1515.2640380859375 1516.2669677734375 1517.3050537109375 1517.822998046875 1518.376953125 1517.47802734375 1517.6510009765625 1518.654052734375 1518.7919921875 1519.552978515625 1520.384033203125 1520.9019775390625 1522.0789794921875 1522.8740234375 1524.741943359375 1525.2960205078125 1526.5069580078125 1527.3370361328125 1528.4439697265625 1529.6199951171875 1530.52001953125 1531.696044921875 1533.0799560546875 1534.220947265625 1535.155029296875 1536.2969970703125 1537.991943359375 1539.5140380859375 1541.2440185546875 1543.666015625
1484.717041015625 1484.4749755859375 1484.405029296875 1485.823974609375 1489.0059814453125 1492.155029296875 1495.2679443359375 1498.6240234375 1501.0450439453125 1503.3280029296875 1505.9580078125 1507.9300537109375 1509.7979736328125 1510.9739990234375 1512.4959716796875 1514.156005859375 1515.748046875 1516.85498046875 1518.376953125 1519.137939453125 1520.072021484375 1519 1520.52197265625 1520.2449951171875 1520.41796875 1520.93701171875 1521.7330322265625 1523.6009521484375 1523.947021484375 1524.60400390625 1525.988037109375 1526.7139892578125 1527.2679443359375 1528.47900390625 1529.79296875 1531.0389404296875 1531.833984375 1532.906982421875 1534.220947265625 1535.5009765625 1536.6429443359375 1538.510986328125 1540.447998046875 1542.1429443359375 1544.010986328125 1545.8800048828125
1484.509033203125 1485.3389892578125 1485.9620361328125 1488.072021484375 1490.9439697265625 1493.781005859375 1497.4129638671875 1500.2840576171875 1502.739990234375 1504.9200439453125 1506.7530517578125 1508.8289794921875 1510.0050048828125 1511.6309814453125 1513.4300537109375 1515.0909423828125 1516.405029296875 1517.6510009765625 1518.89599609375 1520.3489990234375 1521.282958984375 1520.7640380859375 1521.593994140625 1522.251953125 1522.8050537109375 1523.2889404296875 1523.5660400390625 1524.6729736328125 1524.9150390625 1525.4339599609375 1527.406005859375 1527.9599609375 1529.1009521484375 1529.759033203125 1531.2120361328125 1532.2149658203125 1533.0799560546875 1534.291015625 1535.5360107421875 1536.6080322265625 1538.302978515625 1540.4139404296875 1542.4200439453125 1544.5999755859375 1546.7440185546875 1549.06201171875
1486.3079833984375 1486.8270263671875 1488.2449951171875 1490.3900146484375 1493.157958984375 1495.925048828125 1499.1080322265625 1501.8060302734375 1504.33203125 1506.199951171875 1507.9300537109375 1509.72900390625 1511.0780029296875 1512.842041015625 1514.676025390625 1516.509033203125 1517.3389892578125 1518.446044921875 1519.760986328125 1521.2139892578125 1522.6319580078125 1522.35498046875 1523.18603515625 1524.29296875 1524.7249755859375 1525.1920166015625 1525.6419677734375 1526.2650146484375 1526.1610107421875 1527.302001953125 1527.751953125 1529.135986328125 1530.0350341796875 1531.1080322265625 1532.0069580078125 1533.2530517578125 1534.2559814453125 1535.6400146484375 1537.0579833984375 1538.5460205078125 1540.343994140625 1542.8349609375 1545.2220458984375 1547.125 1549.3389892578125 1551.4840087890625
1487.0350341796875 1488.6949462890625 1491.116943359375 1493.6070556640625 1495.614013671875 1498.7969970703125 1501.0450439453125 1503.4320068359375 1505.5770263671875 1507.791015625 1509.6590576171875 1510.4549560546875 1512.322998046875 1513.948974609375 1515.7130126953125 1517.6510009765625 1518.68798828125 1519.4150390625 1520.6600341796875 1522.113037109375 1523.2889404296875 1523.843017578125 1525.123046875 1526.02197265625 1527.302001953125 1527.821044921875 1527.821044921875 1528.2359619140625 1528.47900390625 1528.616943359375 1529.4820556640625 1530.10400390625 1531.281005859375 1532.698974609375 1533.633056640625 1534.7060546875 1535.81298828125 1537.23095703125 1538.6839599609375 1540.656005859375 1542.177978515625 1544.77294921875 1547.366943359375 1549.4429931640625 1551.31103515625 1553.4210205078125
1489.6290283203125 1491.4969482421875 1493.677001953125 1495.4759521484375 1497.89697265625 1500.387939453125 1502.7060546875 1504.677978515625 1506.4420166015625 1509.31298828125 1509.6939697265625 1511.35400390625 1513.0150146484375 1514.60595703125 1516.3360595703125 1517.9969482421875 1519.6219482421875 1520.6259765625 1521.6639404296875 1522.9429931640625 1524.2239990234375 1524.949951171875 1526.541015625 1527.751953125 1528.616943359375 1529.3089599609375 1530.0699462890625 1530.1390380859375 1531.2459716796875 1530.9000244140625 1531.4189453125 1531.6610107421875 1532.9759521484375 1533.97900390625 1535.0860595703125 1536.1929931640625 1537.300048828125 1538.6839599609375 1540.5169677734375 1542.4200439453125 1544.218994140625 1546.675048828125 1549.511962890625 1551.656982421875 1553.7320556640625 1555.947021484375
1491.583984375 1493.468994140625 1494.43798828125 1497.447998046875 1499.4189453125 1501.1839599609375 1503.3280029296875 1505.43896484375 1507.3070068359375 1508.89794921875 1510.0400390625 1511.9429931640625 1515.366943359375 1515.3330078125 1516.8199462890625 1518.6190185546875 1520.280029296875 1521.6290283203125 1522.8050537109375 1524.1199951171875 1525.468994140625 1525.6419677734375 1527.2679443359375 1528.58203125 1529.862060546875 1531.0040283203125 1531.4189453125 1532.1800537109375 1532.594970703125 1533.1490478515625 1532.9759521484375 1534.1519775390625 1534.7060546875 1535.916015625 1536.9200439453125 1537.75 1539.06396484375 1540.2750244140625 1542.4549560546875 1544.4959716796875 1546.3289794921875 1548.7509765625 1551.0340576171875 1553.6290283203125 1555.9119873046875 1557.8489990234375
1491.635009765625 1493.1920166015625 1495.198974609375 1497.3089599609375 1499.1429443359375 1502.39501953125 1503.5009765625 1505.300048828125 1507.3070068359375 1509.4520263671875 1510.8349609375 1512.531005859375 1514.0179443359375 1515.9549560546875 1517.6510009765625 1519.2760009765625 1521.248046875 1523.012939453125 1524.258056640625 1525.364990234375 1526.5069580078125 1526.7490234375 1528.1669921875 1529.6199951171875 1530.968994140625 1532.2490234375 1533.1829833984375 1534.220947265625 1534.8790283203125 1535.0860595703125 1535.8470458984375 1536.1240234375 1536.7469482421875 1537.612060546875 1538.6490478515625 1539.7559814453125 1541.0360107421875 1542.801025390625 1544.3570556640625 1545.7760009765625 1548.0240478515625 1550.7230224609375 1552.93701171875 1555.5660400390625 1558.0570068359375 1558.782958984375
1491.7740478515625 1493.677001953125 1495.614013671875 1497.7239990234375 1499.592041015625 1501.8409423828125 1503.4320068359375 1505.508056640625 1507.238037109375 1509.175048828125 1511.112060546875 1513.050048828125 1515.02099609375 1516.9239501953125 1519.10400390625 1519.968017578125 1521.7669677734375 1523.7049560546875 1525.5030517578125 1526.782958984375 1527.9940185546875 1527.7869873046875 1529.3780517578125 1530.8310546875 1531.8690185546875 1533.56396484375 1534.739990234375 1535.9510498046875 1536.7120361328125 1537.3690185546875 1537.75 1538.373046875 1539.2030029296875 1539.8260498046875 1541.31298828125 1542.0050048828125 1543.595947265625 1544.842041015625 1546.468017578125 1547.677978515625 1549.8580322265625 1552.0030517578125 1555.3580322265625 1558.0570068359375 1559.64794921875 1561.7239990234375
1493.9439697265625 1494.64501953125 1496.416015625 1498.2239990234375 1499.81005859375 1502.02294921875 1504.199951171875 1507.0040283203125 1508.1109619140625 1508.7750244140625 1511.2099609375 1513.239013671875 1515.342041015625 1516.85400390625 1518.7359619140625 1520.5069580078125 1522.3509521484375 1524.490966796875 1526.1510009765625 1527.9219970703125 1529.6929931640625 1529.239990234375 1530.761962890625 1532.4219970703125 1534.0830078125 1534.9820556640625 1536.43505859375 1537.85400390625 1538.8570556640625 1539.4449462890625 1540.240966796875 1540.9329833984375 1541.7969970703125 1542.4200439453125 1543.3890380859375 1544.77294921875 1545.844970703125 1547.22900390625 1548.43994140625 1550.376953125 1552.625 1554.8050537109375 1558.22998046875 1560.8590087890625 1561.758056640625 1564.8719482421875
1493.5009765625 1494.8289794921875 1496.6739501953125 1498.7769775390625 1500.7320556640625 1502.2080078125 1505.3070068359375 1508.4429931640625 1508.406005859375 1508.7010498046875 1511.282958984375 1513.0169677734375 1515.23095703125 1517.18603515625 1519.2889404296875 1521.428955078125 1523.1259765625 1525.155029296875 1526.8890380859375 1528.77099609375 1530.614990234375 1530.800048828125 1532.1280517578125 1533.3079833984375 1534.821044921875 1536.592041015625 1537.9940185546875 1539.248046875 1540.5389404296875 1541.6090087890625 1542.678955078125 1543.4169921875 1544.7080078125 1545.81494140625 1546.405029296875 1546.9580078125 1548.176025390625 1549.6510009765625 1551.126953125 1553.156005859375 1555.5909423828125 1558.5789794921875 1561.60498046875 1561.31005859375 1565.737060546875 1567.949951171875
1493.6490478515625 1495.60400390625 1497.6700439453125 1500.2530517578125 1502.2449951171875 1503.9420166015625 1505.89697265625 1508.6639404296875 1508.220947265625 1509.5860595703125 1511.1729736328125 1513.31298828125 1515.6739501953125 1517.48095703125 1520.2110595703125 1521.7979736328125 1524.0849609375 1525.6710205078125 1527.626953125 1529.876953125 1531.64794921875 1532.31201171875 1533.7139892578125 1534.6729736328125 1536.18603515625 1538.362060546875 1539.468994140625 1540.7239990234375 1542.1619873046875 1543.5269775390625 1544.85498046875 1546.072998046875 1547.1800537109375 1548.655029296875 1549.3189697265625 1550.02099609375 1551.0899658203125 1551.9759521484375 1553.488037109375 1555.6650390625 1557.989013671875 1561.45703125 1562.4530029296875 1564.81396484375 1569.5 1571.89794921875
1494.64501953125 1496.636962890625 1499.5150146484375 1501.5439453125 1503.7569580078125 1505.343994140625 1506.7459716796875 1508.552978515625 1509.844970703125 1511.3199462890625 1512.35302734375 1514.1240234375 1516.3380126953125 1519.177978515625 1520.802001953125 1522.8680419921875 1525.0810546875 1526.5570068359375 1528.4749755859375 1530.7259521484375 1533.012939453125 1533.5660400390625 1534.8580322265625 1536.4439697265625 1537.551025390625 1539.2110595703125 1540.907958984375 1542.384033203125 1543.8590087890625 1545.4830322265625 1546.9210205078125 1548.5450439453125 1549.873046875 1551.1639404296875 1552.1600341796875 1552.75 1553.2669677734375 1554.18896484375 1555.7760009765625 1557.9520263671875 1560.386962890625 1563.448974609375 1563.9659423828125 1568.467041015625 1572.156005859375 1575.550048828125
1495.6409912109375 1498.001953125 1500.10498046875 1502.614013671875 1504.6429443359375 1506.4510498046875 1508.552978515625 1510.10302734375 1511.800048828125 1512.906982421875 1514.2349853515625 1516.0789794921875 1518.77294921875 1519.989990234375 1522.425048828125 1525.1180419921875 1526.740966796875 1528.032958984375 1530.3570556640625 1532.385986328125 1534.489013671875 1535.22705078125 1536.2960205078125 1537.95703125 1539.2850341796875 1541.093017578125 1542.7900390625 1543.89599609375 1545.4830322265625 1547.2530517578125 1548.876953125 1550.64794921875 1552.0860595703125 1553.56201171875 1554.780029296875 1555.6650390625 1556.0340576171875 1556.77197265625 1558.06298828125 1559.68603515625 1562.675048828125 1564.0030517578125 1567.0279541015625 1571.7130126953125 1575.218017578125 1578.427001953125
1496.6739501953125 1498.2239990234375 1500.4739990234375 1503.1300048828125 1506.08203125 1507.9630126953125 1508.8489990234375 1511.4310302734375 1513.053955078125 1514.4189453125 1516.0059814453125 1518.0350341796875 1519.6949462890625 1522.425048828125 1523.9739990234375 1525.8189697265625 1527.7010498046875 1529.7669677734375 1531.64794921875 1534.22998046875 1535.6319580078125 1535.8170166015625 1537.9200439453125 1539.54296875 1540.833984375 1542.3470458984375 1544.0810546875 1546.1099853515625 1548.6920166015625 1549.614990234375 1550.97998046875 1552.3819580078125 1554.3370361328125 1555.5169677734375 1557.2879638671875 1558.4320068359375 1559.3909912109375 1559.760009765625 1560.5350341796875 1562.083984375 1565.072998046875 1565.1090087890625 1570.31103515625 1573.8900146484375 1577.1729736328125 1580.383056640625
1497.375 1499.14599609375 1501.2490234375 1504.199951171875 1507.0040283203125 1508.0369873046875 1510.25 1512.1319580078125 1514.1610107421875 1516.301025390625 1518.1820068359375 1519.9530029296875 1521.7239990234375 1524.2330322265625 1526.2249755859375 1528.032958984375 1529.6929931640625 1531.02099609375 1533.4930419921875 1535.3740234375 1536.5550537109375 1537.2919921875 1539.616943359375 1541.01904296875 1542.4940185546875 1543.9329833984375 1546.5159912109375 1548.655029296875 1548.9139404296875 1550.02099609375 1552.1600341796875 1554.447998046875 1556.365966796875 1557.8780517578125 1559.68603515625 1561.1619873046875 1562.1949462890625 1563.154052734375 1563.85498046875 1565.2569580078125 1565.81005859375 1568.2449951171875 1573.5579833984375 1578.35400390625 1580.051025390625 1582.7440185546875
