avaframe/data/avaHit/Inputs/avaHit.asc
ncols        526
nrows        446
xllcorner    272768.922905254178
yllcorner    357500.196487164649
cellsize     4.997678230579
NODATA_value  -9999
[rows 220 to 239 of 446, columns 322 to 367 of 526]
1578.35205078125 1577.1280517578125 1576.1400146484375 1575.241943359375 1574.4969482421875 1573.6949462890625 1572.5009765625 1571.030029296875 1569.404052734375 1567.39697265625 1565.010009765625 1562.416015625 1559.4410400390625 1556.3270263671875 1553.9749755859375 1551.344970703125 1549.166015625 1549.7540283203125 1548.0069580078125 1546.260009765625 1544.3919677734375 1542.801025390625 1541.364990234375 1539.9990234375 1538.7010498046875 1537.43798828125 1536.43505859375 1535.467041015625 1534.39404296875 1533.35595703125 1532.2840576171875 1531.4539794921875 1530.6240234375 1529.7239990234375 1528.7900390625 1527.7869873046875 1529.2740478515625 1531.8690185546875 1534.0830078125 1534.428955078125 1533.114013671875 1531.488037109375 1529.7239990234375 1528.47900390625 1526.5760498046875 1524.447998046875
1577.0679931640625 1576.31396484375 1575.573974609375 1575.2259521484375 1574.5469970703125 1573.011962890625 1571.791015625 1570.4759521484375 1568.677001953125 1566.843994140625 1564.3179931640625 1561.4820556640625 1557.676025390625 1554.0780029296875 1551.6219482421875 1549.1309814453125 1547.177001953125 1547.9210205078125 1546.6409912109375 1545.1190185546875 1543.4930419921875 1541.762939453125 1540.31005859375 1538.9949951171875 1537.887939453125 1536.7120361328125 1535.5699462890625 1534.532958984375 1533.3909912109375 1532.301025390625 1531.177001953125 1530.2430419921875 1529.4129638671875 1528.5479736328125 1527.614013671875 1526.85302734375 1525.9530029296875 1528.2020263671875 1530.6929931640625 1532.8380126953125 1532.14599609375 1530.6929931640625 1528.9630126953125 1527.821044921875 1525.93603515625 1523.7740478515625
1576.5870361328125 1576.052001953125 1575.718994140625 1575.260009765625 1574.594970703125 1572.68994140625 1571.237060546875 1569.7149658203125 1568.261962890625 1566.324951171875 1563.696044921875 1560.47802734375 1555.635009765625 1552.22802734375 1549.718994140625 1548.2320556640625 1545.60302734375 1545.948974609375 1544.7030029296875 1543.35400390625 1541.884033203125 1540.4830322265625 1539.18603515625 1537.991943359375 1536.9019775390625 1535.81298828125 1534.7060546875 1533.5989990234375 1532.301025390625 1531.2120361328125 1530.2769775390625 1529.239990234375 1528.27099609375 1527.406005859375 1526.5760498046875 1525.5379638671875 1524.81201171875 1524.6390380859375 1527.06005859375 1529.551025390625 1530.8310546875 1529.89697265625 1528.1500244140625 1527.094970703125 1525.3310546875 1523.115966796875
1576.2979736328125 1575.677978515625 1574.488037109375 1573.487060546875 1573.0360107421875 1572.7249755859375 1570.926025390625 1568.8499755859375 1567.7779541015625 1565.7020263671875 1563.072998046875 1558.5760498046875 1554.5279541015625 1551.0689697265625 1548.8890380859375 1546.9520263671875 1544.2879638671875 1544.010986328125 1542.5589599609375 1541.4169921875 1540.2060546875 1539.2030029296875 1538.199951171875 1537.074951171875 1535.9859619140625 1534.8790283203125 1533.8409423828125 1532.64697265625 1531.4539794921875 1530.2950439453125 1529.3089599609375 1528.3399658203125 1527.3370361328125 1526.2989501953125 1525.4000244140625 1524.5 1523.531982421875 1522.458984375 1523.3929443359375 1525.9189453125 1528.47900390625 1528.7550048828125 1527.3719482421875 1526.4029541015625 1524.552001953125 1522.458984375
1575.7950439453125 1575.0980224609375 1575.4200439453125 1575.8380126953125 1571.9639892578125 1571.5489501953125 1570.5450439453125 1568.8499755859375 1567.155029296875 1564.8719482421875 1562.1739501953125 1558.2640380859375 1554.14794921875 1551.0689697265625 1548.301025390625 1545.740966796875 1543.4930419921875 1542.6619873046875 1541.208984375 1539.9990234375 1539.030029296875 1538.0269775390625 1537.02294921875 1536.0889892578125 1535 1533.8409423828125 1532.8199462890625 1531.72998046875 1530.5889892578125 1529.4820556640625 1528.375 1527.406005859375 1526.4200439453125 1525.4000244140625 1524.344970703125 1523.3590087890625 1522.458984375 1521.4560546875 1520.3489990234375 1522.458984375 1524.8809814453125 1527.06005859375 1526.4029541015625 1525.6419677734375 1523.843017578125 1521.7149658203125
1574.9510498046875 1574.3509521484375 1575.76904296875 1573.7969970703125 1572.2060546875 1571.030029296875 1569.85400390625 1568.157958984375 1565.927001953125 1563.592041015625 1560.89404296875 1557.7110595703125 1554.198974609375 1551.344970703125 1548.301025390625 1545.4300537109375 1542.9219970703125 1541.6939697265625 1539.9639892578125 1539.030029296875 1537.991943359375 1537.0059814453125 1535.9510498046875 1535 1534.0140380859375 1532.9759521484375 1531.833984375 1530.761962890625 1529.655029296875 1528.512939453125 1527.406005859375 1526.3680419921875 1525.4000244140625 1524.39599609375 1523.3590087890625 1522.321044921875 1521.3179931640625 1520.3489990234375 1519.51904296875 1518.8609619140625 1521.1099853515625 1523.6700439453125 1525.260986328125 1524.8809814453125 1523.115966796875 1520.9019775390625
1574.593017578125 1573.5899658203125 1572.552001953125 1571.998046875 1571.6180419921875 1570.4759521484375 1568.6429443359375 1566.8089599609375 1564.45703125 1562.1739501953125 1559.614013671875 1556.7769775390625 1553.5250244140625 1550.68798828125 1548.0240478515625 1545.4129638671875 1543.04296875 1540.863037109375 1539.238037109375 1538.26904296875 1537.300048828125 1536.1590576171875 1535.18994140625 1534.0830078125 1533.0970458984375 1532.0419921875 1530.987060546875 1529.8280029296875 1528.68603515625 1527.5789794921875 1526.5069580078125 1525.4339599609375 1524.3790283203125 1523.3929443359375 1522.35498046875 1521.282958984375 1520.2099609375 1519.20703125 1518.0999755859375 1516.8890380859375 1517.3050537109375 1519.9339599609375 1522.7359619140625 1524.2239990234375 1522.35498046875 1520.2449951171875
1573.72802734375 1572.967041015625 1572.050048828125 1571.2030029296875 1569.85400390625 1568.677001953125 1567.363037109375 1565.425048828125 1563.1080322265625 1560.720947265625 1558.073974609375 1555.3580322265625 1552.7120361328125 1550.0999755859375 1547.592041015625 1545.083984375 1543.2850341796875 1540.7939453125 1538.5799560546875 1537.1619873046875 1536.7469482421875 1535.5880126953125 1534.532958984375 1533.4599609375 1532.2840576171875 1531.1600341796875 1530.1390380859375 1528.9630126953125 1527.85595703125 1526.6619873046875 1525.5379638671875 1524.552001953125 1523.531982421875 1522.4420166015625 1521.4560546875 1520.31396484375 1519.137939453125 1518.1700439453125 1517.166015625 1516.0589599609375 1514.779052734375 1516.1629638671875 1518.8609619140625 1523.0469970703125 1521.56005859375 1519.4150390625
1572.863037109375 1572.4310302734375 1571.5830078125 1570.5799560546875 1568.5389404296875 1567.0689697265625 1565.2869873046875 1563.4189453125 1561.2740478515625 1558.9560546875 1556.4310302734375 1553.991943359375 1551.9339599609375 1549.615966796875 1547.2979736328125 1545.18798828125 1543.2850341796875 1541.5899658203125 1538.822021484375 1536.8499755859375 1535.760986328125 1535.1209716796875 1534.116943359375 1532.9759521484375 1531.8170166015625 1530.449951171875 1529.2049560546875 1528.0980224609375 1526.886962890625 1525.81494140625 1524.5689697265625 1523.5660400390625 1522.510986328125 1521.489990234375 1520.384033203125 1519.31103515625 1518.0999755859375 1517.0970458984375 1516.093994140625 1515.0909423828125 1513.9840087890625 1512.8759765625 1514.91796875 1521.3179931640625 1520.5909423828125 1518.8270263671875
1572.239990234375 1571.791015625 1570.5450439453125 1569.126953125 1567.155029296875 1565.114013671875 1563.2459716796875 1561.2740478515625 1559.3709716796875 1557.260986328125 1555.0469970703125 1552.72900390625 1550.8089599609375 1549.06201171875 1547.0560302734375 1544.946044921875 1542.990966796875 1541.5899658203125 1539.16796875 1537.041015625 1535.2939453125 1534.532958984375 1533.633056640625 1532.509033203125 1531.3499755859375 1529.9320068359375 1528.5479736328125 1527.1639404296875 1525.9189453125 1524.7939453125 1523.7049560546875 1522.510986328125 1521.386962890625 1520.4530029296875 1519.3800048828125 1518.291015625 1517.0970458984375 1515.9549560546875 1514.987060546875 1514.0179443359375 1513.1190185546875 1511.5970458984375 1511.008056640625 1517.9620361328125 1519.241943359375 1518.1689453125
1571.3409423828125 1570.26904296875 1568.8499755859375 1567.0169677734375 1564.9759521484375 1562.883056640625 1560.89404296875 1559.0770263671875 1557.123046875 1555.323974609375 1553.7320556640625 1552.0030517578125 1550.239013671875 1548.4219970703125 1546.779052734375 1544.616943359375 1542.73095703125 1541.31298828125 1538.9949951171875 1537.0579833984375 1535.4150390625 1534.220947265625 1533.407958984375 1532.14599609375 1530.93505859375 1529.4820556640625 1527.9599609375 1526.43798828125 1525.123046875 1523.7740478515625 1522.614990234375 1521.4560546875 1520.4530029296875 1519.31103515625 1518.39404296875 1517.1319580078125 1515.989990234375 1514.81396484375 1513.863037109375 1513.050048828125 1512.133056640625 1511.1810302734375 1509.762939453125 1514.1219482421875 1516.958984375 1517.407958984375
1569.23095703125 1568.0550537109375 1566.1519775390625 1564.490966796875 1562.3809814453125 1560.2359619140625 1558.177978515625 1556.60400390625 1555.2030029296875 1554.009033203125 1552.469970703125 1550.8609619140625 1549.5469970703125 1547.8509521484375 1546.31201171875 1544.4959716796875 1542.4720458984375 1540.656005859375 1538.822021484375 1537.1619873046875 1535.5360107421875 1534.39404296875 1533.4599609375 1532.301025390625 1530.968994140625 1529.1700439453125 1527.614013671875 1525.81494140625 1524.5350341796875 1523.0469970703125 1521.802001953125 1520.6080322265625 1519.552978515625 1518.4639892578125 1517.3050537109375 1516.14599609375 1515.0560302734375 1514.0179443359375 1512.9110107421875 1511.925048828125 1511.008056640625 1509.93603515625 1509.5550537109375 1509.6939697265625 1513.3260498046875 1515.9549560546875
1567.1209716796875 1565.407958984375 1563.384033203125 1561.655029296875 1559.3709716796875 1557.468994140625 1555.947021484375 1554.7530517578125 1553.6629638671875 1552.4010009765625 1551.0689697265625 1549.511962890625 1548.2320556640625 1547.1939697265625 1546.052001953125 1544.1669921875 1542.3160400390625 1540.136962890625 1538.6490478515625 1536.885009765625 1535.5009765625 1534.498046875 1533.529052734375 1532.45703125 1531.0560302734375 1529.2049560546875 1527.3719482421875 1525.7110595703125 1524.0849609375 1522.458984375 1521.02294921875 1519.7950439453125 1518.68798828125 1517.5810546875 1516.43994140625 1515.2979736328125 1514.2430419921875 1513.2569580078125 1512.0810546875 1510.905029296875 1510.2130126953125 1509.5899658203125 1508.7430419921875 1508.9329833984375 1509.2440185546875 1511.907958984375
1564.4739990234375 1562.31201171875 1560.4090576171875 1558.5069580078125 1556.7080078125 1555.3580322265625 1554.321044921875 1553.1099853515625 1551.916015625 1550.654052734375 1549.4599609375 1548.301025390625 1547.2979736328125 1546.260009765625 1544.946044921875 1543.666015625 1541.7969970703125 1540.1719970703125 1538.1300048828125 1536.5389404296875 1535.0860595703125 1533.9620361328125 1533.114013671875 1532.0419921875 1530.9000244140625 1529.135986328125 1527.302001953125 1525.572998046875 1523.739013671875 1521.9580078125 1520.384033203125 1519.137939453125 1517.8929443359375 1516.6300048828125 1515.5059814453125 1514.416015625 1513.4649658203125 1512.3919677734375 1510.905029296875 1510.5589599609375 1509.52099609375 1508.6390380859375 1507.7569580078125 1508.032958984375 1507.238037109375 1508.0679931640625
1561.4119873046875 1559.302001953125 1557.3299560546875 1555.9639892578125 1554.8399658203125 1553.802001953125 1552.6600341796875 1551.5009765625 1550.342041015625 1549.2010498046875 1548.1629638671875 1547.2459716796875 1546.2950439453125 1545.239990234375 1544.0460205078125 1542.8349609375 1541.31298828125 1539.6180419921875 1537.612060546875 1535.81298828125 1534.498046875 1533.1490478515625 1531.8690185546875 1531.2120361328125 1530.4849853515625 1528.8590087890625 1527.1639404296875 1525.3310546875 1523.3590087890625 1521.489990234375 1519.8299560546875 1518.5150146484375 1517.1839599609375 1515.9549560546875 1514.676025390625 1513.60302734375 1512.3580322265625 1511.3199462890625 1510.697021484375 1509.5899658203125 1508.6390380859375 1507.8599853515625 1506.9610595703125 1507.0469970703125 1506.373046875 1505.7850341796875
1558.2989501953125 1556.5350341796875 1555.18603515625 1554.2860107421875 1553.4730224609375 1552.383056640625 1551.137939453125 1549.9620361328125 1548.8719482421875 1547.885986328125 1546.987060546875 1546.156005859375 1545.3089599609375 1544.3570556640625 1543.302001953125 1541.83203125 1539.8260498046875 1538.9429931640625 1536.885009765625 1535.259033203125 1533.3909912109375 1531.8690185546875 1530.93505859375 1530.1910400390625 1529.68896484375 1528.531005859375 1526.95703125 1525.260986328125 1523.18603515625 1521.1619873046875 1519.31103515625 1517.822998046875 1516.4739990234375 1515.22900390625 1513.9840087890625 1512.5999755859375 1511.8389892578125 1510.905029296875 1509.762939453125 1508.7939453125 1507.8260498046875 1506.9610595703125 1506.1309814453125 1506.199951171875 1505.508056640625 1504.9539794921875
1555.9119873046875 1554.718994140625 1553.8360595703125 1552.989013671875 1552.072021484375 1550.89599609375 1549.5810546875 1548.4219970703125 1547.3330078125 1546.4329833984375 1545.6719970703125 1544.97998046875 1544.218994140625 1543.35400390625 1542.281982421875 1540.3790283203125 1538.8570556640625 1538.0269775390625 1536.072021484375 1534.3599853515625 1532.2840576171875 1530.9000244140625 1530.0009765625 1529.343994140625 1528.634033203125 1527.821044921875 1526.5760498046875 1524.9849853515625 1523.0989990234375 1521.14501953125 1518.9649658203125 1517.06298828125 1515.574951171875 1514.4329833984375 1513.083984375 1512.427001953125 1511.1810302734375 1509.93603515625 1508.8809814453125 1507.9300537109375 1507.06494140625 1506.1650390625 1505.300048828125 1505.386962890625 1504.6429443359375 1503.9339599609375
1554.302978515625 1553.4210205078125 1552.52197265625 1551.552978515625 1550.4630126953125 1549.3389892578125 1547.9549560546875 1546.7099609375 1545.70703125 1544.9110107421875 1544.1839599609375 1543.56201171875 1542.85302734375 1542.1429443359375 1541.10498046875 1539.4100341796875 1537.64599609375 1537.0579833984375 1534.9129638671875 1532.8380126953125 1531.1080322265625 1529.9320068359375 1529.1009521484375 1528.375 1527.64794921875 1526.990966796875 1526.02197265625 1524.6729736328125 1522.8740234375 1521.0059814453125 1518.9310302734375 1516.9239501953125 1515.02099609375 1513.637939453125 1512.9110107421875 1511.4930419921875 1510.177978515625 1509.01904296875 1507.89501953125 1506.9949951171875 1506.1650390625 1505.300048828125 1504.43603515625 1504.5050048828125 1503.81298828125 1503.0860595703125
1552.6949462890625 1551.760986328125 1550.7919921875 1549.718994140625 1548.5780029296875 1547.3499755859375 1546.0179443359375 1544.89404296875 1544.0460205078125 1543.3199462890625 1542.6280517578125 1541.93603515625 1541.208984375 1540.3790283203125 1539.47998046875 1538.06103515625 1536.1929931640625 1535.5009765625 1533.27001953125 1531.2120361328125 1529.8280029296875 1528.89404296875 1528.06298828125 1527.302001953125 1526.593017578125 1525.9530029296875 1524.9849853515625 1524.051025390625 1522.6319580078125 1520.7989501953125 1518.7750244140625 1516.8199462890625 1514.6409912109375 1513.5679931640625 1511.7349853515625 1510.593017578125 1509.2960205078125 1508.0679931640625 1506.9949951171875 1506.06201171875 1505.2490234375 1504.365966796875 1503.5360107421875 1503.656982421875 1502.9830322265625 1502.1700439453125
1550.5150146484375 1549.6500244140625 1548.7340087890625 1547.781982421875 1546.779052734375 1545.60302734375 1544.56494140625 1543.6309814453125 1542.85302734375 1542.2130126953125 1541.2440185546875 1540.136962890625 1539.47998046875 1538.6839599609375 1537.8360595703125 1536.5389404296875 1534.9129638671875 1534.116943359375 1531.6610107421875 1529.9320068359375 1528.720947265625 1527.666015625 1526.85302734375 1526.1259765625 1525.3310546875 1524.5350341796875 1523.4969482421875 1522.6669921875 1521.593994140625 1520.176025390625 1518.27294921875 1515.885986328125 1514.572021484375 1512.946044921875 1511.04296875 1509.677001953125 1508.4830322265625 1507.2030029296875 1506.199951171875 1505.093017578125 1504.1929931640625 1503.51904296875 1502.6710205078125 1502.739990234375 1502.0999755859375 1501.3570556640625
