avaframe/data/avaHit/Inputs/avaHit.asc
ncols        526
nrows        446
xllcenter    272771.421744369
yllcenter    357502.69532628
cellsize     4.997678230579
NODATA_value  -9999
[rows 100 to 119 of 446, columns 322 to 367 of 526]
1795.5076904296875 1794.3140869140625 1792.7418212890625 1790.974853515625 1789.2236328125 1787.240234375 1785.8687744140625 1784.4061279296875 1782.9552001953125 1781.7950439453125 1780.5462646484375 1779.389892578125 1778.61865234375 1776.779541015625 1775.20458984375 1773.584716796875 1772.4732666015625 1770.331787109375 1768.7032470703125 1767.494384765625 1766.5487060546875 1765.5400390625 1764.5430908203125 1764.25439453125 1763.2607421875 1762.352294921875 1761.696044921875 1760.718994140625 1760.237548828125 1759.7431640625 1758.654296875 1757.5445556640625 1756.193603515625 1755.2000732421875 1754.384033203125 1753.5980224609375 1752.5128173828125 1752.6029052734375 1750.4991455078125 1749.1683349609375 1747.846435546875 1746.31298828125 1744.77099609375 1743.15966796875 1741.3074951171875 1739.7637939453125
1793.5341796875 1791.952880859375 1790.59814453125 1789.3743896484375 1787.7265625 1785.6427001953125 1783.99072265625 1782.4842529296875 1781.1063232421875 1779.9503173828125 1778.6884765625 1777.698974609375 1776.9068603515625 1775.51171875 1773.8603515625 1772.1580810546875 1770.3194580078125 1768.82080078125 1767.0537109375 1765.9039306640625 1764.9908447265625 1764.1834716796875 1762.811767578125 1762.5452880859375 1761.7139892578125 1760.6893310546875 1760.001708984375 1759.4483642578125 1758.9757080078125 1758.1353759765625 1757.278076171875 1756.42919921875 1755.1556396484375 1754.552490234375 1753.5819091796875 1752.8209228515625 1751.7454833984375 1750.5260009765625 1749.4522705078125 1748.1239013671875 1746.4185791015625 1744.9287109375 1743.048583984375 1741.7652587890625 1740.0633544921875 1738.473876953125
1791.8458251953125 1790.145751953125 1788.638427734375 1787.6513671875 1785.8021240234375 1784.301025390625 1782.92041015625 1780.9156494140625 1779.61767578125 1778.1209716796875 1776.942626953125 1775.774169921875 1774.7921142578125 1773.816650390625 1772.21337890625 1770.7764892578125 1768.8837890625 1767.5194091796875 1765.6004638671875 1764.2862548828125 1763.450439453125 1762.634765625 1761.635498046875 1760.8231201171875 1760.130615234375 1759.226318359375 1758.3826904296875 1757.9071044921875 1757.5535888671875 1756.7398681640625 1755.8134765625 1755.3831787109375 1754.300537109375 1753.69482421875 1752.9906005859375 1751.8868408203125 1750.4537353515625 1748.9481201171875 1747.6597900390625 1746.1788330078125 1744.5694580078125 1743.56640625 1742.3427734375 1740.6702880859375 1738.9244384765625 1736.98193359375
1790.1934814453125 1788.3001708984375 1786.2830810546875 1784.965576171875 1783.628173828125 1782.4847412109375 1781.2125244140625 1779.779541015625 1778.13330078125 1776.482177734375 1775.26513671875 1774.357177734375 1773.052490234375 1772.0145263671875 1770.6552734375 1769.2239990234375 1767.4189453125 1765.7879638671875 1764.107177734375 1762.6287841796875 1761.828369140625 1760.9476318359375 1760.4520263671875 1759.315185546875 1758.63623046875 1757.7828369140625 1757.13623046875 1756.6202392578125 1756.2127685546875 1755.7371826171875 1754.7423095703125 1753.84130859375 1752.7806396484375 1752.486083984375 1751.5567626953125 1750.2518310546875 1748.659423828125 1747.745361328125 1746.0855712890625 1744.7823486328125 1743.4244384765625 1742.4918212890625 1741.168212890625 1739.31494140625 1737.7052001953125 1735.7257080078125
1788.8232421875 1786.4349365234375 1784.6722412109375 1783.0479736328125 1782.11767578125 1780.530517578125 1779.365234375 1778.2283935546875 1776.6090087890625 1775.3114013671875 1773.9349365234375 1772.8013916015625 1771.181396484375 1769.8460693359375 1768.609130859375 1767.3455810546875 1765.3946533203125 1763.6602783203125 1762.3681640625 1760.9044189453125 1760.288330078125 1759.3370361328125 1758.9923095703125 1758.1038818359375 1757.2918701171875 1756.5863037109375 1756.0567626953125 1755.4197998046875 1755.0645751953125 1754.459228515625 1753.351806640625 1752.2889404296875 1751.52001953125 1751.096435546875 1749.985107421875 1748.7720947265625 1747.6182861328125 1746.3350830078125 1745.1326904296875 1743.814697265625 1742.3472900390625 1741.3038330078125 1739.6910400390625 1738.0196533203125 1736.4229736328125 1734.649658203125
1786.685302734375 1784.6551513671875 1782.7890625 1781.5130615234375 1779.9639892578125 1778.583251953125 1777.1416015625 1776.5162353515625 1775.12841796875 1774.042236328125 1772.3785400390625 1771.097900390625 1769.32080078125 1768.2249755859375 1766.6234130859375 1765.082275390625 1763.310791015625 1761.607666015625 1760.5159912109375 1759.3541259765625 1758.8707275390625 1758.1893310546875 1757.58740234375 1756.8436279296875 1756.0050048828125 1755.10791015625 1754.5458984375 1753.98974609375 1753.5111083984375 1752.9981689453125 1752.162109375 1750.7655029296875 1749.79345703125 1749.6575927734375 1748.4212646484375 1746.9569091796875 1746.2327880859375 1745.043212890625 1743.6552734375 1742.635986328125 1741.281494140625 1740.02099609375 1738.81298828125 1736.8740234375 1734.988525390625 1733.3294677734375
1784.7900390625 1782.725341796875 1781.0196533203125 1779.5006103515625 1778.1033935546875 1776.8013916015625 1775.2430419921875 1774.1533203125 1773.081787109375 1772.148681640625 1770.867919921875 1769.544921875 1767.9788818359375 1766.6644287109375 1764.9559326171875 1763.115478515625 1761.703857421875 1759.97021484375 1758.8902587890625 1757.9656982421875 1757.2635498046875 1757.1912841796875 1756.268798828125 1755.41015625 1754.6746826171875 1753.8330078125 1752.964111328125 1752.2703857421875 1751.658447265625 1751.27294921875 1750.4056396484375 1749.09130859375 1748.612060546875 1747.821044921875 1746.564697265625 1745.76904296875 1744.65380859375 1743.53173828125 1742.1453857421875 1741.242431640625 1740.1961669921875 1738.736083984375 1737.393310546875 1735.203369140625 1733.5223388671875 1731.863037109375
1782.7525634765625 1780.864990234375 1779.2171630859375 1777.5946044921875 1776.079345703125 1775.0189208984375 1773.545166015625 1772.319091796875 1771.017578125 1770.1302490234375 1768.9493408203125 1767.90673828125 1766.46044921875 1764.9130859375 1763.2381591796875 1761.7908935546875 1760.483642578125 1758.53759765625 1757.46533203125 1756.546630859375 1755.8983154296875 1755.793212890625 1755.021240234375 1754.2974853515625 1753.4091796875 1752.559814453125 1751.662109375 1750.531005859375 1750.038818359375 1749.2598876953125 1748.5970458984375 1747.6395263671875 1746.869140625 1746.0203857421875 1745.1859130859375 1744.026123046875 1742.921142578125 1741.6033935546875 1740.63671875 1739.6043701171875 1738.42236328125 1736.959716796875 1735.3304443359375 1733.4752197265625 1731.717529296875 1730.140380859375
1780.564697265625 1778.7899169921875 1776.97119140625 1775.43896484375 1774.1802978515625 1772.915283203125 1771.5306396484375 1770.2574462890625 1768.99072265625 1767.947021484375 1767.0447998046875 1766.3052978515625 1764.7947998046875 1763.1510009765625 1761.77001953125 1760.622802734375 1759.173828125 1757.5079345703125 1756.282958984375 1755.2965087890625 1754.9251708984375 1754.2777099609375 1753.538818359375 1752.9549560546875 1752.1298828125 1751.3013916015625 1750.14208984375 1749.05615234375 1748.2257080078125 1747.4169921875 1746.9434814453125 1746.217529296875 1745.2528076171875 1744.1983642578125 1743.496337890625 1742.305908203125 1741.286865234375 1740.05029296875 1739.048828125 1737.96630859375 1736.5447998046875 1735.0623779296875 1733.2364501953125 1731.4927978515625 1729.9893798828125 1728.287841796875
1778.411865234375 1776.7489013671875 1774.9381103515625 1773.3441162109375 1772.154052734375 1771.0003662109375 1769.69189453125 1768.63134765625 1767.522705078125 1766.3931884765625 1765.2335205078125 1764.2760009765625 1762.9969482421875 1761.4901123046875 1760.2784423828125 1758.94482421875 1757.8848876953125 1756.689453125 1755.2891845703125 1754.222412109375 1753.8128662109375 1752.7391357421875 1751.9031982421875 1751.106689453125 1750.3465576171875 1749.7008056640625 1748.6676025390625 1747.5606689453125 1746.4566650390625 1745.5577392578125 1744.9136962890625 1744.3875732421875 1743.4952392578125 1742.7901611328125 1741.674560546875 1740.6258544921875 1739.587890625 1738.390869140625 1737.3203125 1736.16748046875 1734.50048828125 1733.06689453125 1731.4886474609375 1729.7359619140625 1728.289306640625 1726.4713134765625
1776.3043212890625 1774.8067626953125 1773.2349853515625 1771.75 1770.103271484375 1769.0352783203125 1767.9151611328125 1766.83935546875 1765.8980712890625 1764.8770751953125 1763.680908203125 1762.66650390625 1761.440673828125 1760.04931640625 1758.6800537109375 1757.3179931640625 1756.2484130859375 1755.356201171875 1754.1993408203125 1753.186767578125 1752.6968994140625 1751.526611328125 1750.3441162109375 1749.263916015625 1748.6043701171875 1747.8414306640625 1746.875 1745.899658203125 1744.816650390625 1743.912109375 1743.0618896484375 1742.63623046875 1741.8948974609375 1740.692138671875 1739.6964111328125 1738.7032470703125 1737.7796630859375 1736.5697021484375 1735.5556640625 1734.69873046875 1732.7230224609375 1731.2607421875 1729.93408203125 1728.0400390625 1726.27587890625 1724.484619140625
1774.00634765625 1772.62841796875 1771.2568359375 1769.8289794921875 1768.2415771484375 1766.990478515625 1766.0341796875 1764.7017822265625 1763.87841796875 1763.231689453125 1762.24560546875 1761.0806884765625 1759.8707275390625 1758.3958740234375 1756.847412109375 1755.59765625 1754.5223388671875 1753.52197265625 1752.7132568359375 1752.2255859375 1751.5897216796875 1750.6597900390625 1749.276611328125 1747.8720703125 1746.858154296875 1746.008544921875 1745.002685546875 1744.1029052734375 1743.2568359375 1742.1654052734375 1741.3310546875 1740.8812255859375 1740.1341552734375 1738.89404296875 1737.8035888671875 1736.91552734375 1735.9312744140625 1734.7119140625 1733.6427001953125 1732.483642578125 1730.887451171875 1729.5445556640625 1727.924072265625 1725.8345947265625 1724.168701171875 1722.398681640625
1771.6055908203125 1770.25927734375 1769.068603515625 1767.7999267578125 1766.4564208984375 1765.2515869140625 1764.212646484375 1763.1021728515625 1762.1568603515625 1761.41748046875 1760.81689453125 1759.930419921875 1758.5662841796875 1756.803955078125 1755.1710205078125 1753.927001953125 1752.983642578125 1751.9774169921875 1751.1307373046875 1750.8543701171875 1750.2413330078125 1749.46875 1748.30859375 1746.767578125 1745.28125 1744.3748779296875 1743.46728515625 1742.5421142578125 1741.412841796875 1740.10546875 1739.7005615234375 1739.1104736328125 1737.898193359375 1737.00048828125 1736.040283203125 1735.097900390625 1734.0928955078125 1733.16845703125 1731.983154296875 1730.4398193359375 1728.9541015625 1727.42578125 1725.5068359375 1723.6317138671875 1721.9862060546875 1720.2879638671875
1769.3343505859375 1767.9521484375 1766.6556396484375 1765.6256103515625 1764.5382080078125 1763.217041015625 1762.084228515625 1761.0897216796875 1760.2869873046875 1759.57470703125 1758.819091796875 1757.9085693359375 1756.8856201171875 1755.5479736328125 1753.9375 1752.5758056640625 1751.1612548828125 1750.2908935546875 1749.7786865234375 1749.049072265625 1748.593994140625 1747.9483642578125 1746.8238525390625 1745.3477783203125 1743.9112548828125 1742.8316650390625 1741.9417724609375 1740.701416015625 1739.21630859375 1738.441162109375 1738.0242919921875 1736.880615234375 1735.6630859375 1735.0015869140625 1734.365966796875 1733.3028564453125 1732.140380859375 1731.2679443359375 1729.98193359375 1728.2762451171875 1726.6729736328125 1724.9906005859375 1723.0289306640625 1721.326171875 1719.6409912109375 1717.99951171875
1766.876220703125 1765.5794677734375 1764.1627197265625 1763.3970947265625 1762.470458984375 1761.1051025390625 1760.07373046875 1759.3480224609375 1758.3194580078125 1757.63427734375 1756.8087158203125 1755.6678466796875 1754.7320556640625 1753.5347900390625 1752.306396484375 1751.140625 1749.5791015625 1748.525634765625 1748.057861328125 1747.223876953125 1746.7171630859375 1746.071533203125 1744.94189453125 1743.6136474609375 1742.2662353515625 1741.177001953125 1740.2650146484375 1738.856201171875 1737.625244140625 1736.879638671875 1736.00634765625 1735.0435791015625 1733.960693359375 1733.0965576171875 1732.1788330078125 1731.093994140625 1729.90869140625 1728.66162109375 1727.389892578125 1725.810791015625 1724.106201171875 1722.4478759765625 1720.6719970703125 1718.8795166015625 1717.1737060546875 1715.605712890625
1764.07763671875 1763.125244140625 1762.1566162109375 1761.1226806640625 1760.1390380859375 1759.0335693359375 1757.9093017578125 1757.30810546875 1756.4942626953125 1755.6475830078125 1754.770263671875 1753.714111328125 1752.691162109375 1751.435791015625 1750.508056640625 1749.16845703125 1747.9970703125 1747.0042724609375 1746.1236572265625 1745.4761962890625 1744.7371826171875 1743.8681640625 1743.0667724609375 1741.979248046875 1740.6575927734375 1739.4661865234375 1738.32470703125 1736.87890625 1735.9022216796875 1735.205322265625 1734.2674560546875 1733.54931640625 1732.3912353515625 1731.0711669921875 1729.8697509765625 1728.791259765625 1727.431640625 1725.8883056640625 1724.5096435546875 1722.95263671875 1721.283935546875 1719.8662109375 1718.164306640625 1716.458984375 1714.889404296875 1713.3109130859375
1761.434326171875 1760.7735595703125 1759.7701416015625 1758.8988037109375 1758.036865234375 1756.8846435546875 1755.8795166015625 1754.892822265625 1754.0174560546875 1753.4259033203125 1752.5982666015625 1751.697509765625 1750.759521484375 1749.794677734375 1748.6519775390625 1747.3592529296875 1746.318603515625 1745.249755859375 1744.2490234375 1743.814208984375 1742.859130859375 1741.761474609375 1741.083740234375 1740.2987060546875 1739.1600341796875 1737.7911376953125 1736.4586181640625 1735.3785400390625 1734.2481689453125 1733.4580078125 1732.6026611328125 1731.689453125 1730.4376220703125 1729.074462890625 1727.5107421875 1725.965087890625 1724.53369140625 1723.0029296875 1721.4901123046875 1720.07421875 1718.6229248046875 1717.2249755859375 1715.7412109375 1714.1453857421875 1712.6273193359375 1711.3316650390625
1759.3955078125 1758.48095703125 1757.53076171875 1756.8092041015625 1755.6534423828125 1754.58056640625 1753.8236083984375 1752.6025390625 1751.842041015625 1751.150390625 1750.355224609375 1749.5174560546875 1748.496337890625 1747.879150390625 1746.4891357421875 1745.4737548828125 1744.38525390625 1743.2562255859375 1742.3018798828125 1741.9107666015625 1741.1431884765625 1739.983154296875 1739.1400146484375 1738.4312744140625 1737.188720703125 1736.1558837890625 1734.7259521484375 1733.650146484375 1732.453857421875 1731.4747314453125 1730.4097900390625 1729.30810546875 1728.1888427734375 1726.689208984375 1724.9730224609375 1723.13818359375 1721.5882568359375 1720.060302734375 1718.6776123046875 1717.509521484375 1716.17333984375 1714.8125 1713.561767578125 1712.0574951171875 1710.5743408203125 1709.5399169921875
1757.109130859375 1756.0211181640625 1755.22607421875 1754.5145263671875 1753.4844970703125 1752.527587890625 1751.75439453125 1750.67724609375 1749.7576904296875 1749.09423828125 1748.2657470703125 1747.2943115234375 1746.6865234375 1745.250244140625 1744.4957275390625 1743.488037109375 1742.3516845703125 1741.3128662109375 1740.4356689453125 1739.818359375 1739.068359375 1738.164794921875 1737.325927734375 1736.4530029296875 1735.306640625 1734.5521240234375 1733.127685546875 1732.0389404296875 1731.0599365234375 1729.6656494140625 1728.4927978515625 1727.01611328125 1725.5684814453125 1723.991943359375 1722.3388671875 1720.72998046875 1719.0330810546875 1717.4642333984375 1716.281005859375 1715.38037109375 1713.8651123046875 1712.527099609375 1711.227783203125 1709.97412109375 1708.7703857421875 1707.8621826171875
1754.7308349609375 1753.8363037109375 1753.114013671875 1752.4808349609375 1751.537841796875 1750.656494140625 1749.6805419921875 1748.8873291015625 1748.0921630859375 1747.3460693359375 1746.364501953125 1745.3154296875 1744.9638671875 1743.71533203125 1742.5223388671875 1741.2515869140625 1740.25146484375 1739.4610595703125 1738.6312255859375 1737.72265625 1737.05615234375 1736.2884521484375 1735.3624267578125 1734.5531005859375 1733.459228515625 1732.4522705078125 1731.717529296875 1730.4730224609375 1729.7078857421875 1727.9522705078125 1726.4993896484375 1724.8536376953125 1723.111083984375 1721.4542236328125 1719.7135009765625 1717.849609375 1716.1976318359375 1715.0546875 1714.257080078125 1713.1260986328125 1711.7852783203125 1710.526123046875 1709.0682373046875 1707.9622802734375 1706.996826171875 1706.1363525390625
