avaframe/data/avaHit/Inputs/avaHit.asc
ncols        526
nrows        446
xllcorner    272768.922905254178
yllcorner    357500.196487164649
cellsize     4.997678230579
NODATA_value  -9999
[rows 140 to 159 of 446, columns 46 to 91 of 526]
2452.742919921875 2448.720947265625 2444.93798828125 2440.60888671875 2436.5 2433.4560546875 2431.087890625 2429.010009765625 2427.375 2430.462890625 2429.638916015625 2430.3779296875 2431.092041015625 2432.26904296875 2432.89111328125 2432.698974609375 2430.7451171875 2427.865966796875 2426.18798828125 2424.993896484375 2422.8720703125 2421.344970703125 2420.635009765625 2420.782958984375 2419.3310546875 2415.993896484375 2412.406005859375 2408.75390625 2404.31396484375 2401.10888671875 2397.830078125 2394.886962890625 2392.10302734375 2388.866943359375 2385.157958984375 2380.553955078125 2376.208984375 2372.570068359375 2368.74609375 2365.10693359375 2361.958984375 2357.385009765625 2354.278076171875 2350.2490234375 2345.820068359375 2342.56689453125
2451.535888671875 2447.365966796875 2444.006103515625 2439.5830078125 2435.4130859375 2431.028076171875 2427.97705078125 2425.56298828125 2424.02197265625 2426.197998046875 2425.740966796875 2426.3798828125 2427.35791015625 2428.35693359375 2429.052978515625 2429.345947265625 2428.656005859375 2425.77099609375 2424.33203125 2422.0009765625 2419.008056640625 2416.824951171875 2415.8359375 2414.7470703125 2413.27001953125 2412.238037109375 2409.81591796875 2407.277099609375 2404.197021484375 2401.466064453125 2398.049072265625 2394.75 2392.0791015625 2389.18994140625 2385.2890625 2381.014892578125 2376.9619140625 2373.4541015625 2369.385009765625 2365.7529296875 2362.4130859375 2358.77392578125 2355.1689453125 2351.06298828125 2346.80810546875 2343.048095703125
2449.4140625 2445.529052734375 2442.431884765625 2438.416015625 2434.218994140625 2429.259033203125 2424.98095703125 2422.4619140625 2420.5380859375 2422.70703125 2422.39111328125 2422.83203125 2423.696044921875 2424.443115234375 2425.26708984375 2425.868896484375 2425.5419921875 2423.64599609375 2422.531982421875 2418.533935546875 2415.260986328125 2412.159912109375 2411.02392578125 2410.10595703125 2409.093017578125 2407.97705078125 2406.4130859375 2404.298095703125 2402.302978515625 2400.373046875 2397.449951171875 2394.343017578125 2391.985107421875 2389.22705078125 2385.56494140625 2381.387939453125 2377.551025390625 2373.902099609375 2369.715087890625 2366.10595703125 2362.87109375 2359.802978515625 2356.5009765625 2352.60302734375 2347.592041015625 2337.636962890625
2448.511962890625 2443.450927734375 2440.093994140625 2436.9169921875 2432.864013671875 2426.45703125 2422.4150390625 2419.615966796875 2417.02001953125 2419.300048828125 2419.31689453125 2420.056884765625 2420.389892578125 2421.080078125 2421.863037109375 2422.425048828125 2423.2490234375 2422.882080078125 2420.404052734375 2414.90087890625 2411.236083984375 2407.987060546875 2406.35595703125 2405.653076171875 2405.135009765625 2403.970947265625 2402.43798828125 2400.612060546875 2399.0439453125 2397.77587890625 2395.825927734375 2393.70703125 2391.5439453125 2389.3349609375 2386.113037109375 2381.575927734375 2377.97802734375 2373.912109375 2369.9970703125 2366.550048828125 2363.69091796875 2360.779052734375 2356.945068359375 2353.7060546875 2345.04296875 2332.511962890625
2445.333984375 2441.302001953125 2438.672119140625 2433.510009765625 2428.87890625 2424.462890625 2420.94189453125 2417.424072265625 2413.9130859375 2416.193115234375 2416.10205078125 2416.85498046875 2417.64892578125 2418.14404296875 2418.56396484375 2419.569091796875 2420.548095703125 2421.631103515625 2418.89697265625 2412.662109375 2407.530029296875 2403.721923828125 2402.112060546875 2401.239990234375 2400.469970703125 2399.198974609375 2398.2509765625 2397.134033203125 2395.97412109375 2394.6689453125 2393.4951171875 2392.123046875 2390.2900390625 2388.35302734375 2386.069091796875 2381.84912109375 2378.1220703125 2373.966064453125 2370.528076171875 2367.198974609375 2364.623046875 2361.2900390625 2354.81591796875 2351.02197265625 2335.14208984375 2326.5830078125
2441.970947265625 2439.22705078125 2435.632080078125 2431.216064453125 2427.139892578125 2423.493896484375 2419.262939453125 2415.556884765625 2411.55908203125 2412.342041015625 2412.4130859375 2413.6298828125 2414.3798828125 2414.508056640625 2415.110107421875 2416.2939453125 2417.757080078125 2419.43798828125 2416.60302734375 2409.0869140625 2404.735107421875 2400.154052734375 2398.031982421875 2396.81396484375 2395.680908203125 2395.347900390625 2394.3291015625 2393.366943359375 2392.337890625 2391.3330078125 2390.491943359375 2389.697998046875 2388.261962890625 2386.7119140625 2384.73095703125 2382.389892578125 2378.31103515625 2374.462890625 2371.154052734375 2368.177978515625 2365.4970703125 2361.4580078125 2350.18798828125 2344.047119140625 2331.9169921875 2323.966064453125
2437.52197265625 2437.23193359375 2435.299072265625 2431.343994140625 2426.096923828125 2421.43603515625 2417.56494140625 2413.052001953125 2408.64306640625 2408.468017578125 2408.783935546875 2410.738037109375 2411.488037109375 2411.47412109375 2411.742919921875 2413.2099609375 2415.126953125 2417.48388671875 2414.31298828125 2408.73291015625 2402.01708984375 2396.14892578125 2393.992919921875 2391.9150390625 2391.389892578125 2390.73388671875 2389.655029296875 2389.258056640625 2388.658935546875 2388.091064453125 2387.47900390625 2387.22607421875 2386.0830078125 2384.962890625 2383.635009765625 2382.041015625 2378.491943359375 2375.0791015625 2371.77001953125 2368.968017578125 2365.637939453125 2359.126953125 2345.339111328125 2338.75 2331.2470703125 2322.2099609375
2431.635986328125 2432.429931640625 2433.97412109375 2430.89990234375 2426.55810546875 2423.0400390625 2417.43408203125 2411.208984375 2405.958984375 2405.364013671875 2404.64404296875 2406.52099609375 2407.05908203125 2407.4560546875 2408.56494140625 2410.212890625 2412.43310546875 2412.4189453125 2410.18994140625 2407.219970703125 2398.865966796875 2392.967041015625 2388.81689453125 2387.3740234375 2386.85302734375 2386.284912109375 2385.241943359375 2384.6640625 2384.64697265625 2384.64697265625 2384.287109375 2384.0380859375 2383.97802734375 2383.1640625 2382.14111328125 2381.580078125 2378.1630859375 2375.010986328125 2372.41796875 2369.512939453125 2365.096923828125 2355.202880859375 2338.638916015625 2332.5048828125 2322.944091796875 2312.762939453125
2424.735107421875 2428.844970703125 2430.179931640625 2428.260009765625 2424.614013671875 2421.85009765625 2413.923095703125 2409.611083984375 2405.24609375 2402.2060546875 2399.946044921875 2402.208984375 2402.346923828125 2403.052978515625 2404.576904296875 2407.52587890625 2410.1689453125 2406.8330078125 2404.263916015625 2400.368896484375 2395.22998046875 2390.138916015625 2385.658935546875 2383.5029296875 2382.4609375 2381.928955078125 2380.675048828125 2380.8359375 2380.884033203125 2380.799072265625 2380.81005859375 2380.637939453125 2380.591064453125 2380.382080078125 2380.072998046875 2380.863037109375 2378.31103515625 2374.93798828125 2372.297119140625 2370.117919921875 2367.72998046875 2351.220947265625 2335.218994140625 2325.139892578125 2316.492919921875 2305.39794921875
2422.64697265625 2426.487060546875 2423.493896484375 2422.00390625 2419.531982421875 2416.39794921875 2410.291015625 2405.818115234375 2401.133056640625 2399.9150390625 2395.169921875 2396.35107421875 2398.173095703125 2399.201904296875 2401.321044921875 2404.93701171875 2405.958984375 2401.202880859375 2398.408935546875 2393.89599609375 2391.02294921875 2387.885009765625 2382.673095703125 2379.739990234375 2378.196044921875 2377.408935546875 2375.83203125 2375.93603515625 2376.847900390625 2376.955078125 2376.89794921875 2377.2509765625 2377.4130859375 2377.449951171875 2377.258056640625 2379.653076171875 2377.652099609375 2374.568115234375 2372.451904296875 2370.3740234375 2366.76904296875 2346.008056640625 2335.26611328125 2321.047119140625 2311.64404296875 2303.739990234375
2421.507080078125 2419.700927734375 2417.5419921875 2416.4580078125 2414.589111328125 2413.0419921875 2407.552978515625 2401.243896484375 2396.198974609375 2395.458984375 2391.666015625 2393.166015625 2394.56103515625 2395.1259765625 2398.14599609375 2401.298095703125 2398.22705078125 2396.092041015625 2391.85400390625 2389.593994140625 2387.4580078125 2384.694091796875 2380.715087890625 2376.330078125 2373.047119140625 2371.261962890625 2370.85107421875 2371.89697265625 2372.758056640625 2373.077880859375 2372.81494140625 2372.512939453125 2373.35400390625 2373.927978515625 2374.080078125 2377.029052734375 2376.031005859375 2373.534912109375 2371.342041015625 2369.64111328125 2366.993896484375 2339.89990234375 2336.56396484375 2321.037109375 2305.929931640625 2302.115966796875
2410.5859375 2410.048095703125 2410.80908203125 2410.35791015625 2409.050048828125 2408.907958984375 2404.989990234375 2396.89892578125 2392.735107421875 2392.3720703125 2388.718994140625 2386.919921875 2389.402099609375 2391.56103515625 2394.762939453125 2395.97705078125 2393.471923828125 2391.06396484375 2388.053955078125 2386.258056640625 2384.405029296875 2381.008056640625 2376.612060546875 2372.22998046875 2368.294921875 2366.77490234375 2366.580078125 2367.52197265625 2368.52392578125 2368.52099609375 2367.837890625 2368.10400390625 2369.281005859375 2370.48095703125 2371.10693359375 2374.260986328125 2373.841064453125 2370.35400390625 2366.906005859375 2363.794921875 2353.386962890625 2337.237060546875 2332.14501953125 2317.48193359375 2300.823974609375 2295.9140625
2403.762939453125 2404.25 2405.221923828125 2405.152099609375 2404.1259765625 2404.52587890625 2400.652099609375 2394.52392578125 2389.029052734375 2388.884033203125 2383.93701171875 2382.76708984375 2384.669921875 2387.2529296875 2389.9140625 2390.653076171875 2388.544921875 2386.8330078125 2383.950927734375 2381.529052734375 2380.662109375 2377.31494140625 2372.260009765625 2366.93994140625 2363.9169921875 2362.093994140625 2362.322998046875 2363.552978515625 2364.0810546875 2363.303955078125 2363.537109375 2363.9130859375 2365.345947265625 2366.656982421875 2367.89794921875 2371.79296875 2371.573974609375 2368.571044921875 2362.5009765625 2353.365966796875 2344.47802734375 2336.553955078125 2324.739990234375 2311.748046875 2296.27099609375 2292.221923828125
2398.85302734375 2399.508056640625 2400.9140625 2400.87109375 2399.677001953125 2400.10009765625 2398.43603515625 2392.06298828125 2386.452880859375 2385.047119140625 2380.782958984375 2378.323974609375 2380.799072265625 2383.10009765625 2385.787109375 2385.708984375 2384.297119140625 2382.702880859375 2380.388916015625 2377.302001953125 2376.320068359375 2373.31005859375 2368.97802734375 2363.458984375 2359.90087890625 2357.990966796875 2357.85009765625 2358.6669921875 2358.72705078125 2358.68994140625 2358.783935546875 2359.782958984375 2361.14501953125 2363.06591796875 2367.89794921875 2368.950927734375 2367.8779296875 2361.905029296875 2356.1240234375 2350.281982421875 2341.841064453125 2334.748046875 2321.116943359375 2302.4619140625 2295.1240234375 2290.153076171875
2394.968017578125 2395.7919921875 2397.070068359375 2396.694091796875 2395.2099609375 2395.318115234375 2394.551025390625 2389.3349609375 2386.452880859375 2382.131103515625 2376.39404296875 2374.02294921875 2376.3701171875 2378.092041015625 2380.927001953125 2380.095947265625 2378.6201171875 2378.05908203125 2376.261962890625 2373.087890625 2369.47607421875 2367.216064453125 2367.31005859375 2362.27490234375 2356.528076171875 2353.493896484375 2353.3759765625 2353.2958984375 2353.708984375 2353.444091796875 2354.327880859375 2355.239990234375 2357.552978515625 2359.866943359375 2364.97900390625 2365.762939453125 2362.0029296875 2360.452880859375 2357.998046875 2350.528076171875 2343.034912109375 2333.1669921875 2318.134033203125 2303.366943359375 2295.826904296875 2288.93896484375
2391.383056640625 2392.219970703125 2393.117919921875 2393.08203125 2391.51806640625 2391.58203125 2391.114013671875 2387.6259765625 2384.10498046875 2380.006103515625 2374.1669921875 2369.202880859375 2371.304931640625 2372.25 2374.8369140625 2375.257080078125 2373.64306640625 2373.29296875 2372.926025390625 2369.839111328125 2365.110107421875 2361.821044921875 2361.488037109375 2360.675048828125 2353.6689453125 2349.908935546875 2348.583984375 2348.72509765625 2348.611083984375 2348.6279296875 2349.485107421875 2351.30810546875 2353.910888671875 2356.083984375 2362.284912109375 2360.85888671875 2358.333984375 2356.3291015625 2355.740966796875 2352.791015625 2343.580078125 2337.197021484375 2320.132080078125 2303.406982421875 2296.54296875 2291.202880859375
2386.830078125 2388.48095703125 2389.677978515625 2389.553955078125 2387.822021484375 2387.679931640625 2387.216064453125 2384.87890625 2382.89501953125 2378.89892578125 2372.674072265625 2365.302001953125 2366.964111328125 2367.447998046875 2369.39208984375 2370.5859375 2368.541015625 2368.14111328125 2369.153076171875 2365.945068359375 2359.7900390625 2356.72900390625 2356.2919921875 2355.094970703125 2349.72412109375 2345.715087890625 2344.386962890625 2343.8349609375 2343.674072265625 2344.23193359375 2345.260986328125 2346.93310546875 2349.2900390625 2351.136962890625 2358.172119140625 2355.10498046875 2354.01611328125 2351.2919921875 2349.068115234375 2346.486083984375 2345.43310546875 2338.22607421875 2316.10302734375 2300.922119140625 2296.3779296875 2291.326904296875
2382.568115234375 2385.096923828125 2386.43310546875 2386.238037109375 2384.2900390625 2383.840087890625 2381.68408203125 2380.553955078125 2380.573974609375 2374.652099609375 2371.032958984375 2365.469970703125 2360.26806640625 2362.39599609375 2364.593017578125 2365.988037109375 2363.56298828125 2362.116943359375 2363.458984375 2361.679931640625 2357.283935546875 2352.013916015625 2350.404052734375 2348.3291015625 2345.697998046875 2342.866943359375 2339.472900390625 2338.39697265625 2339.050048828125 2339.60107421875 2341.6259765625 2343.4150390625 2345.126953125 2346.73388671875 2352.798095703125 2349.531982421875 2344.282958984375 2340.993896484375 2340.720947265625 2339.553955078125 2329.31298828125 2312.638916015625 2293.547119140625 2294.097900390625 2294.410888671875 2288.804931640625
2378.4150390625 2382.737060546875 2382.093994140625 2381.908935546875 2379.427001953125 2379.803955078125 2375.18603515625 2375.501953125 2377.751953125 2372.52001953125 2365.965087890625 2360.35498046875 2355.10205078125 2357.77197265625 2360.0419921875 2361.83203125 2357.923095703125 2356.116943359375 2356.64599609375 2358.077880859375 2356.97509765625 2350.35595703125 2344.887939453125 2342.388916015625 2339.7958984375 2336.27490234375 2334.412109375 2333.864013671875 2334.197021484375 2335.51806640625 2337.654052734375 2339.681884765625 2341.427001953125 2342.76611328125 2348.43896484375 2341.803955078125 2336.9169921875 2335.346923828125 2333.6279296875 2326.297119140625 2313.080078125 2286.070068359375 2286.806884765625 2291.346923828125 2293.969970703125 2285.75390625
2376.7470703125 2378.39111328125 2376.797119140625 2377.39306640625 2372.748046875 2369.865966796875 2371.35302734375 2373.135009765625 2371.9140625 2367.256103515625 2362.822998046875 2357.486083984375 2350.652099609375 2351.8759765625 2354.1259765625 2354.947021484375 2353.177978515625 2351.23388671875 2352.02490234375 2354.364990234375 2356.846923828125 2352.468994140625 2343.486083984375 2337.52001953125 2334.237060546875 2331.576904296875 2329.677001953125 2329.10205078125 2329.926025390625 2332.010986328125 2334.298095703125 2336.35302734375 2338.068115234375 2338.75390625 2342.469970703125 2339.35888671875 2329.847900390625 2326.821044921875 2314.43798828125 2307.050048828125 2296.044921875 2283.68310546875 2285.491943359375 2290.30810546875 2291.3740234375 2282.491943359375
