avaframe/data/avaHit/Inputs/avaHit.asc
ncols        526
nrows        446
xllcenter    272771.421744369
yllcenter    357502.69532628
cellsize     4.997678230579
NODATA_value  -9999
[rows 120 to 139 of 446, columns 0 to 45 of 526]
-9999 -9999 -9999 -9999 -9999 -9999 -9999 -9999 -9999 -9999 2496.916748046875 2495.734130859375 2494.2841796875 2492.5927734375 2491.196533203125 2489.6650390625 2488.034912109375 2486.3583984375 2486.232421875 2487.872802734375 2489.4765625 2490.50390625 2491.398193359375 2492.389892578125 2493.505126953125 2494.983154296875 2496.10498046875 2497.553466796875 2499.0927734375 2500.48486328125 2501.830810546875 2503.33349609375 2504.655029296875 2505.96630859375 2507.1630859375 2508.326904296875 2509.57470703125 2510.315673828125 2511.27197265625 2512.01171875 2512.697021484375 2513.43408203125 2513.593505859375 2513.8251953125 2514.0400390625 2514.074951171875
-9999 -9999 -9999 -9999 -9999 -9999 -9999 -9999 -9999 -9999 2493.893798828125 2492.750732421875 2491.335693359375 2489.04833984375 2487.59521484375 2486.363525390625 2484.71044921875 2482.07568359375 2481.878662109375 2484.544677734375 2486.04052734375 2487.1005859375 2488.699951171875 2489.740478515625 2490.85546875 2492.258056640625 2493.39794921875 2494.745849609375 2496.308837890625 2497.654296875 2499.05615234375 2500.437255859375 2501.848388671875 2503.047607421875 2504.546875 2505.6728515625 2506.642822265625 2507.544677734375 2508.611572265625 2509.55126953125 2510.20849609375 2510.940673828125 2511.234130859375 2511.547119140625 2511.8271484375 2511.64111328125
-9999 -9999 -9999 -9999 -9999 -9999 -9999 -9999 -9999 -9999 2490.427001953125 2489.039794921875 2487.48779296875 2485.240478515625 2483.970703125 2482.8427734375 2480.78662109375 2478.277099609375 2478.995361328125 2481.443359375 2483.346435546875 2484.6923828125 2485.983154296875 2487.009765625 2488.042236328125 2489.267822265625 2490.626953125 2491.974365234375 2493.43505859375 2494.67626953125 2495.9365234375 2497.586669921875 2498.90234375 2500.25 2501.6806640625 2502.800537109375 2504.01220703125 2505.34130859375 2506.398193359375 2507.166259765625 2507.538818359375 2508.15478515625 2508.691162109375 2508.977783203125 2509.22412109375 2509.151611328125
-9999 -9999 -9999 -9999 -9999 -9999 -9999 -9999 -9999 -9999 2486.3671875 2484.72314453125 2482.7734375 2480.879150390625 2480.302001953125 2478.958251953125 2477.250732421875 2474.628173828125 2477.278076171875 2479.85595703125 2481.02685546875 2482.01708984375 2482.963134765625 2483.9072265625 2485.08544921875 2486.3349609375 2487.542724609375 2488.9423828125 2490.221435546875 2491.485107421875 2493.056396484375 2494.4892578125 2496.100341796875 2497.45654296875 2498.9169921875 2500.2978515625 2501.81005859375 2503.0771484375 2504.23388671875 2504.990478515625 2505.326171875 2505.7216796875 2506.383056640625 2506.8828125 2506.955322265625 2506.697998046875
-9999 -9999 -9999 -9999 -9999 -9999 -9999 -9999 -9999 -9999 -9999 2480.181396484375 2478.349365234375 2477.50341796875 2476.916748046875 2475.6806640625 2473.613037109375 2472.94873046875 2475.8017578125 2477.013916015625 2478.063720703125 2479.090087890625 2480.134033203125 2481.265869140625 2482.785400390625 2483.8154296875 2484.781494140625 2485.8134765625 2487.048583984375 2488.5234375 2490.15087890625 2491.5498046875 2493.427001953125 2494.6298828125 2496.405517578125 2498.248046875 2499.647705078125 2500.825439453125 2501.6650390625 2502.110595703125 2502.878662109375 2503.73779296875 2504.57177734375 2504.773681640625 2504.729736328125 2504.449462890625
-9999 -9999 -9999 -9999 -9999 -9999 -9999 -9999 -9999 -9999 -9999 2476.27294921875 2474.86328125 2474.540771484375 2473.757568359375 2472.341796875 2470.633056640625 2470.336669921875 2472.77978515625 2473.915771484375 2475.15380859375 2476.206787109375 2477.285400390625 2478.75439453125 2479.8125 2480.876953125 2481.938232421875 2483.075927734375 2484.741455078125 2485.922119140625 2487.34130859375 2488.66943359375 2490.25146484375 2491.778564453125 2493.83984375 2495.682373046875 2496.79248046875 2497.68603515625 2498.550048828125 2499.62109375 2500.735107421875 2501.662109375 2502.193115234375 2502.4755859375 2502.5712890625 2502.722900390625
-9999 -9999 -9999 -9999 -9999 -9999 -9999 -9999 -9999 -9999 -9999 2472.78515625 2471.63818359375 2471.153076171875 2470.212646484375 2469.084228515625 2467.628173828125 2467.1533203125 2469.887939453125 2471.1474609375 2472.20556640625 2473.393798828125 2474.686279296875 2475.789306640625 2476.78857421875 2477.94189453125 2479.190185546875 2480.50146484375 2482.2265625 2483.572509765625 2484.7734375 2485.901611328125 2487.30908203125 2489.16162109375 2490.7294921875 2492.432861328125 2493.476806640625 2494.169189453125 2495.407958984375 2496.854736328125 2498.162109375 2498.970458984375 2499.642822265625 2499.98583984375 2499.751953125 2499.624267578125
-9999 -9999 -9999 -9999 -9999 -9999 -9999 -9999 -9999 -9999 -9999 -9999 2468.166259765625 2467.535400390625 2467.01171875 2466.116943359375 2464.99072265625 2463.747802734375 2467.028564453125 2468.259521484375 2469.395263671875 2470.677978515625 2471.97265625 2473.1181640625 2474.14599609375 2475.40478515625 2476.597412109375 2477.974365234375 2479.413330078125 2480.69873046875 2481.7509765625 2482.987060546875 2484.680908203125 2486.725341796875 2487.980712890625 2489.3095703125 2490.175537109375 2491.15380859375 2492.57275390625 2494.124267578125 2495.626708984375 2496.34619140625 2496.74658203125 2496.844482421875 2496.692626953125 2496.45166015625
-9999 -9999 -9999 -9999 -9999 -9999 -9999 -9999 -9999 -9999 -9999 -9999 2464.8154296875 2464.504150390625 2464.110107421875 2464.3076171875 2462.61474609375 2461.0947265625 2464.452880859375 2465.626708984375 2466.84423828125 2468.157958984375 2469.459716796875 2470.601318359375 2471.418212890625 2472.2724609375 2473.404296875 2474.851318359375 2475.97900390625 2477.052978515625 2477.78125 2479.605712890625 2482.108642578125 2484.176513671875 2485.487548828125 2486.719970703125 2487.632568359375 2489.21337890625 2490.44970703125 2491.662353515625 2492.57275390625 2493.44921875 2494.413818359375 2494.78369140625 2494.4287109375 2493.703369140625
-9999 -9999 -9999 -9999 -9999 -9999 -9999 -9999 -9999 -9999 -9999 -9999 2461.26220703125 2461.232177734375 2461.30224609375 2461.672607421875 2460.116943359375 2458.996337890625 2462.08642578125 2463.087890625 2464.39013671875 2465.571044921875 2466.648193359375 2467.703125 2468.16015625 2468.62109375 2470.177001953125 2470.977783203125 2470.58154296875 2471.3505859375 2473.955078125 2477.17529296875 2479.802490234375 2481.2314453125 2482.233154296875 2483.17041015625 2484.86328125 2487.170166015625 2489.218017578125 2490.5712890625 2491.563232421875 2492.31884765625 2493.016845703125 2493.424560546875 2493.466064453125 2492.886962890625
-9999 -9999 -9999 -9999 -9999 -9999 -9999 -9999 -9999 -9999 -9999 -9999 2457.601318359375 2457.93310546875 2458.3828125 2458.40673828125 2457.083740234375 2456.79296875 2459.764404296875 2460.6953125 2461.7109375 2462.727294921875 2463.692626953125 2464.06982421875 2463.103515625 2462.132568359375 2463.280517578125 2463.959716796875 2464.0986328125 2466.18359375 2471.316162109375 2475.4267578125 2477.178955078125 2477.98779296875 2478.526123046875 2479.92578125 2482.7490234375 2485.575439453125 2488.0703125 2489.743408203125 2490.969482421875 2492.060546875 2492.8076171875 2493.50830078125 2494.045166015625 2493.496826171875
-9999 -9999 -9999 -9999 -9999 -9999 -9999 -9999 -9999 -9999 -9999 -9999 -9999 2454.6298828125 2455.25244140625 2455.113037109375 2454.1376953125 2454.806640625 2457.16357421875 2457.95849609375 2458.78466796875 2459.369873046875 2460.24755859375 2459.82421875 2456.5859375 2454.29296875 2455.004638671875 2456.957763671875 2459.851806640625 2463.954833984375 2469.060302734375 2472.765869140625 2473.111083984375 2472.583251953125 2473.747802734375 2476.098388671875 2478.380859375 2480.22021484375 2482.41015625 2483.779296875 2484.639404296875 2486.39306640625 2487.871826171875 2490.283203125 2492.677490234375 2492.83349609375
-9999 -9999 -9999 -9999 -9999 -9999 -9999 -9999 -9999 -9999 -9999 -9999 -9999 2451.2900390625 2451.5830078125 2450.984375 2451.037353515625 2452.149169921875 2453.61279296875 2454.923583984375 2454.725341796875 2453.876953125 2454.2744140625 2453.65625 2450.4853515625 2448.80859375 2451.6064453125 2456.09033203125 2460.1611328125 2464.75244140625 2467.71826171875 2467.640625 2466.42529296875 2465.744140625 2467.207275390625 2469.43359375 2472.005615234375 2474.1435546875 2474.42236328125 2475.81591796875 2477.603759765625 2478.62060546875 2480.01416015625 2483.228515625 2487.497314453125 2487.489990234375
-9999 -9999 -9999 -9999 -9999 -9999 -9999 -9999 -9999 -9999 -9999 -9999 -9999 2447.960693359375 2448.00146484375 2446.987548828125 2447.58935546875 2449.287353515625 2449.9521484375 2450.010986328125 2447.792236328125 2447.007568359375 2448.02490234375 2448.64697265625 2446.03857421875 2443.927490234375 2449.982666015625 2457.859375 2461.8330078125 2463.714111328125 2462.869384765625 2459.6220703125 2458.16015625 2458.727783203125 2460.22998046875 2461.9677734375 2465.682861328125 2468.246826171875 2466.797607421875 2467.66845703125 2469.7763671875 2469.712646484375 2470.2119140625 2474.32763671875 2480.55224609375 2480.94482421875
-9999 -9999 -9999 -9999 -9999 -9999 -9999 -9999 -9999 -9999 -9999 -9999 -9999 2444.1416015625 2444.40869140625 2443.658447265625 2444.029052734375 2444.706787109375 2444.40234375 2444.782470703125 2441.9111328125 2439.50341796875 2440.944091796875 2445.216796875 2444.21533203125 2443.16162109375 2448.812744140625 2454.611083984375 2456.81103515625 2456.36865234375 2455.045166015625 2453.302978515625 2452.4951171875 2453.010986328125 2453.81689453125 2455.41015625 2459.131103515625 2460.41015625 2459.270751953125 2458.705322265625 2459.929931640625 2463.19921875 2466.80078125 2470.8349609375 2475.720947265625 2476.586669921875
-9999 -9999 -9999 -9999 -9999 -9999 -9999 -9999 -9999 -9999 -9999 -9999 -9999 -9999 2440.392333984375 2440.9189453125 2439.485107421875 2439.50830078125 2438.58251953125 2436.373779296875 2433.616943359375 2433.196044921875 2437.050537109375 2441.865966796875 2439.1083984375 2437.641845703125 2442.495361328125 2445.642333984375 2446.950439453125 2448.480224609375 2448.95166015625 2447.83935546875 2447.571533203125 2448.493896484375 2448.85498046875 2449.542724609375 2450.9677734375 2451.7548828125 2452.033447265625 2453.780517578125 2457.002197265625 2462.008544921875 2467.11865234375 2471.46728515625 2475.784423828125 2474.494140625
-9999 -9999 -9999 -9999 -9999 -9999 -9999 -9999 -9999 -9999 -9999 -9999 -9999 -9999 2431.180908203125 2430.391845703125 2431.558837890625 2432.192626953125 2431.582275390625 2429.888427734375 2427.07568359375 2427.605224609375 2430.784912109375 2432.947509765625 2431.635498046875 2431.393310546875 2434.74072265625 2436.984130859375 2439.158935546875 2440.8330078125 2441.850830078125 2442.276123046875 2443.053466796875 2443.706298828125 2443.322998046875 2443.275634765625 2443.244873046875 2444.8037109375 2448.12109375 2452.343505859375 2457.0478515625 2461.740966796875 2467.185302734375 2473.265869140625 2474.990966796875 2470.1806640625
-9999 -9999 -9999 -9999 -9999 -9999 -9999 -9999 -9999 -9999 -9999 -9999 -9999 -9999 2417.845458984375 2419.695068359375 2424.532470703125 2424.97705078125 2423.434326171875 2423.217041015625 2420.529541015625 2420.2646484375 2422.712890625 2424.7509765625 2423.65185546875 2426.00341796875 2428.405029296875 2430.3994140625 2432.640380859375 2433.84375 2435.390625 2437.798095703125 2439.278564453125 2439.736328125 2437.47021484375 2436.3310546875 2439.063720703125 2443.239013671875 2447.696044921875 2451.99462890625 2456.7236328125 2460.719970703125 2465.17919921875 2470.932373046875 2471.5390625 2465.291015625
-9999 -9999 -9999 -9999 -9999 -9999 -9999 -9999 -9999 -9999 -9999 -9999 -9999 -9999 2412.3544921875 2418.623779296875 2420.62890625 2417.894775390625 2417.83251953125 2421.388671875 2416.422119140625 2414.06396484375 2415.501708984375 2416.785400390625 2417.95654296875 2420.683837890625 2422.653564453125 2424.170166015625 2426.06787109375 2427.638671875 2429.716796875 2432.851806640625 2434.569580078125 2433.30078125 2430.975341796875 2432.6513671875 2437.4423828125 2442.318115234375 2447.5341796875 2452.388916015625 2456.26953125 2460.215087890625 2464.193359375 2468.25439453125 2469.19189453125 2464.703125
-9999 -9999 -9999 -9999 -9999 -9999 -9999 -9999 -9999 -9999 -9999 -9999 -9999 -9999 -9999 2417.431396484375 2414.467041015625 2411.901123046875 2415.939453125 2417.239501953125 2411.578369140625 2408.90673828125 2408.37841796875 2408.498779296875 2410.4228515625 2411.8779296875 2413.393798828125 2415.5498046875 2417.904052734375 2418.465576171875 2420.357666015625 2423.49853515625 2425.671630859375 2424.6064453125 2426.536376953125 2431.5302734375 2436.273681640625 2441.288818359375 2448.13232421875 2454.025390625 2458.712158203125 2461.673095703125 2462.55615234375 2463.3984375 2463.9326171875 2462.28125
