avaframe/data/avaHit/Inputs/avaHit.asc
ncols        526
nrows        446
xllcenter    272771.421744369
yllcenter    357502.69532628
cellsize     4.997678230579
NODATA_value  -9999
[rows 140 to 159 of 446, columns 322 to 367 of 526]
1736.9451904296875 1735.7469482421875 1734.2493896484375 1732.530517578125 1730.157958984375 1727.694580078125 1725.449951171875 1722.1541748046875 1718.6802978515625 1716.0462646484375 1712.4881591796875 1710.438720703125 1707.8839111328125 1704.1697998046875 1701.215087890625 1698.7406005859375 1697.685791015625 1697.2034912109375 1697.004638671875 1696.4154052734375 1695.5557861328125 1694.6640625 1693.4222412109375 1693.0323486328125 1693.32373046875 1693.2283935546875 1693.243408203125 1693.4473876953125 1693.1181640625 1692.76806640625 1692.354736328125 1691.4947509765625 1691.1029052734375 1690.9246826171875 1690.751953125 1690.8804931640625 1691.302734375 1691.5047607421875 1691.336181640625 1691.1678466796875 1690.5391845703125 1689.4013671875 1688.318603515625 1687.109130859375 1685.5631103515625 1683.7137451171875
1736.3760986328125 1735.2081298828125 1733.8670654296875 1731.823974609375 1728.9654541015625 1726.99267578125 1724.63720703125 1721.493408203125 1718.537841796875 1715.7774658203125 1712.546630859375 1710.992919921875 1708.27880859375 1704.41064453125 1701.104736328125 1698.3017578125 1696.869873046875 1696.603271484375 1695.9307861328125 1694.6112060546875 1693.5322265625 1692.98828125 1692.856201171875 1692.7548828125 1692.655029296875 1692.87158203125 1692.609130859375 1691.61572265625 1690.593994140625 1690.0350341796875 1689.647216796875 1689.014404296875 1688.5938720703125 1688.4029541015625 1688.190673828125 1688.2764892578125 1688.7603759765625 1688.9146728515625 1688.68310546875 1688.204833984375 1687.4248046875 1686.367919921875 1685.201171875 1684.004150390625 1682.902587890625 1681.787109375
1734.760498046875 1734.010009765625 1732.513671875 1730.19775390625 1727.489013671875 1725.7095947265625 1723.826416015625 1721.2088623046875 1718.814697265625 1716.5257568359375 1712.9813232421875 1711.3492431640625 1708.7713623046875 1704.615234375 1701.2200927734375 1698.7305908203125 1696.9097900390625 1695.840087890625 1694.27392578125 1693.2080078125 1692.86669921875 1692.401123046875 1691.9080810546875 1691.5584716796875 1691.1907958984375 1691.2635498046875 1690.1065673828125 1688.468017578125 1687.8245849609375 1687.5362548828125 1687.034912109375 1686.48046875 1686.1690673828125 1685.8543701171875 1685.752685546875 1685.8192138671875 1685.9532470703125 1685.9715576171875 1685.6905517578125 1685.0389404296875 1684.391845703125 1683.5501708984375 1682.5438232421875 1681.406005859375 1680.4036865234375 1679.6400146484375
1732.897216796875 1731.6903076171875 1730.2037353515625 1728.4481201171875 1726.1094970703125 1724.282470703125 1722.539794921875 1720.9249267578125 1719.3948974609375 1717.555908203125 1713.777587890625 1711.6680908203125 1708.5269775390625 1704.5491943359375 1701.6202392578125 1699.522216796875 1697.5272216796875 1694.878173828125 1692.8155517578125 1691.8377685546875 1691.27734375 1690.49951171875 1689.6209716796875 1689.114990234375 1688.4810791015625 1687.9625244140625 1687.124267578125 1686.055908203125 1685.3968505859375 1684.8709716796875 1684.3233642578125 1683.932373046875 1683.6688232421875 1683.3009033203125 1683.166748046875 1683.1959228515625 1683.1826171875 1682.9505615234375 1682.6751708984375 1682.1602783203125 1681.4835205078125 1680.5877685546875 1679.7115478515625 1678.780517578125 1677.91357421875 1677.2991943359375
1731.18798828125 1729.86083984375 1728.172607421875 1725.9747314453125 1724.881103515625 1723.31787109375 1722.325439453125 1721.3734130859375 1719.94189453125 1718.011474609375 1713.909423828125 1711.91455078125 1708.303466796875 1704.5157470703125 1702.24365234375 1700.2728271484375 1697.883544921875 1694.8975830078125 1692.2685546875 1690.0152587890625 1688.6441650390625 1687.788330078125 1687.1580810546875 1686.5728759765625 1685.777099609375 1685.5699462890625 1685.0279541015625 1683.8212890625 1683.03515625 1682.6041259765625 1681.9310302734375 1681.454833984375 1681.225341796875 1680.9468994140625 1680.710205078125 1680.4510498046875 1680.2440185546875 1679.8831787109375 1679.32177734375 1678.7564697265625 1678.2025146484375 1677.4329833984375 1676.768310546875 1676.00048828125 1675.29638671875 1675.042724609375
1728.7857666015625 1727.3150634765625 1726.223876953125 1724.62158203125 1724.302490234375 1723.5318603515625 1722.1585693359375 1720.726806640625 1719.47607421875 1717.3841552734375 1714.052978515625 1711.924560546875 1707.9334716796875 1704.59619140625 1702.42919921875 1700.417236328125 1698.0299072265625 1695.643310546875 1693.10791015625 1690.091796875 1687.5457763671875 1685.9332275390625 1684.7979736328125 1684.2205810546875 1683.5946044921875 1682.9150390625 1682.42236328125 1681.5306396484375 1680.8739013671875 1680.3414306640625 1679.7445068359375 1679.37548828125 1679.10400390625 1678.725830078125 1678.217041015625 1677.7366943359375 1677.400146484375 1676.868896484375 1676.0670166015625 1675.250244140625 1674.4337158203125 1673.8631591796875 1673.4671630859375 1673.0450439453125 1672.771484375 1673.2474365234375
1726.6883544921875 1725.437255859375 1724.9288330078125 1723.5360107421875 1722.5341796875 1722.4083251953125 1721.0419921875 1720.0146484375 1719.0006103515625 1716.2041015625 1714.3017578125 1711.5296630859375 1707.4437255859375 1704.4517822265625 1702.259521484375 1700.3135986328125 1698.1717529296875 1695.96923828125 1693.593505859375 1691.03271484375 1688.2154541015625 1685.840576171875 1683.2921142578125 1682.02001953125 1681.5030517578125 1681.163330078125 1680.668701171875 1679.723388671875 1679.0863037109375 1678.3099365234375 1677.744873046875 1677.569091796875 1677.3604736328125 1676.6343994140625 1675.7095947265625 1675.05615234375 1674.5916748046875 1673.8250732421875 1672.5511474609375 1671.6549072265625 1670.8828125 1670.43359375 1670.1795654296875 1670.12109375 1670.5843505859375 1671.73681640625
1725.7066650390625 1724.892578125 1724.4615478515625 1722.8309326171875 1722.38525390625 1721.7569580078125 1720.93505859375 1719.7655029296875 1718.1536865234375 1715.4552001953125 1713.72705078125 1710.3690185546875 1707.7120361328125 1704.282958984375 1702.16357421875 1700.2330322265625 1697.906005859375 1695.6259765625 1693.7296142578125 1691.6839599609375 1689.3416748046875 1686.76904296875 1683.481689453125 1680.6146240234375 1679.6319580078125 1679.4700927734375 1679.1767578125 1678.3262939453125 1677.5626220703125 1677.1400146484375 1676.8043212890625 1676.78369140625 1676.3287353515625 1675.2862548828125 1673.890625 1672.9791259765625 1671.941650390625 1670.7664794921875 1669.1583251953125 1668.036376953125 1667.3917236328125 1667.05615234375 1666.8726806640625 1667.3204345703125 1668.6064453125 1670.281494140625
1725.0562744140625 1724.3489990234375 1723.68701171875 1722.5445556640625 1722.1168212890625 1721.8292236328125 1720.169921875 1718.6497802734375 1716.2655029296875 1715.276611328125 1712.6634521484375 1710.0931396484375 1706.952392578125 1704.1954345703125 1702.2681884765625 1700.3148193359375 1697.701904296875 1695.0894775390625 1693.212890625 1691.988037109375 1689.9637451171875 1687.1754150390625 1684.33154296875 1680.7449951171875 1677.997314453125 1677.6607666015625 1677.4337158203125 1676.8160400390625 1676.126220703125 1675.5418701171875 1674.9354248046875 1674.68212890625 1674.50341796875 1673.82666015625 1672.255859375 1670.73779296875 1669.4022216796875 1668.02294921875 1666.0826416015625 1664.5311279296875 1663.857421875 1663.63427734375 1663.9425048828125 1665.3658447265625 1667.54833984375 1669.041015625
1724.86328125 1724.1170654296875 1723.0267333984375 1722.318359375 1721.9151611328125 1721.85595703125 1719.0506591796875 1717.0455322265625 1716.14990234375 1714.7493896484375 1712.5137939453125 1709.6600341796875 1706.59326171875 1704.256103515625 1702.338623046875 1700.2464599609375 1697.4876708984375 1694.43603515625 1692.3331298828125 1691.2899169921875 1689.9368896484375 1687.3642578125 1684.7950439453125 1682.055908203125 1678.5355224609375 1675.8941650390625 1675.3380126953125 1674.83544921875 1674.325927734375 1673.681640625 1672.7916259765625 1672.770263671875 1672.482421875 1671.744873046875 1670.4091796875 1668.643798828125 1667.2314453125 1665.4732666015625 1663.3211669921875 1661.52685546875 1660.77783203125 1661.1104736328125 1662.1717529296875 1664.3975830078125 1667.2384033203125 1668.9447021484375
1724.2161865234375 1723.4403076171875 1722.59033203125 1721.9781494140625 1721.21435546875 1719.8826904296875 1717.7025146484375 1717.207763671875 1715.429931640625 1713.740234375 1712.205078125 1709.3310546875 1706.4228515625 1703.93115234375 1702.21044921875 1700.0477294921875 1697.12646484375 1693.8121337890625 1691.5159912109375 1690.3209228515625 1689.046142578125 1687.194580078125 1685.0963134765625 1682.53369140625 1679.323486328125 1675.3397216796875 1673.3021240234375 1672.66796875 1672.227294921875 1671.4674072265625 1670.7532958984375 1670.202392578125 1669.9967041015625 1669.5499267578125 1668.5269775390625 1666.767822265625 1665.229736328125 1664.1485595703125 1661.8856201171875 1659.7645263671875 1659.018310546875 1659.29052734375 1661.19287109375 1663.804443359375 1666.509521484375 1668.652587890625
1723.2957763671875 1722.916748046875 1722.386474609375 1721.0869140625 1719.4796142578125 1718.401611328125 1717.8199462890625 1716.93115234375 1715.28759765625 1713.607421875 1711.7945556640625 1709.0625 1705.77001953125 1703.677978515625 1701.9764404296875 1699.6190185546875 1696.435302734375 1693.12939453125 1690.571533203125 1689.5191650390625 1688.055419921875 1686.3043212890625 1684.8018798828125 1683.0240478515625 1679.424072265625 1676.010498046875 1672.1234130859375 1670.751220703125 1669.9261474609375 1669.0213623046875 1668.6875 1667.917724609375 1667.4703369140625 1666.814208984375 1665.8194580078125 1664.3070068359375 1663.252685546875 1662.2940673828125 1661.0865478515625 1658.8128662109375 1657.4190673828125 1657.660888671875 1659.8055419921875 1662.378662109375 1664.6546630859375 1666.654541015625
1722.8236083984375 1722.443359375 1721.1771240234375 1719.4608154296875 1718.72607421875 1717.363525390625 1716.3663330078125 1716.3773193359375 1714.53125 1712.76416015625 1710.860595703125 1708.0008544921875 1705.047607421875 1703.7353515625 1701.5728759765625 1698.9383544921875 1695.6505126953125 1692.3863525390625 1689.7532958984375 1688.509033203125 1687.3944091796875 1685.7259521484375 1684.295166015625 1682.31201171875 1679.4412841796875 1675.935791015625 1671.701416015625 1669.4766845703125 1668.287841796875 1667.2462158203125 1666.649658203125 1666.007568359375 1664.9818115234375 1664.09375 1662.9954833984375 1661.9466552734375 1661.46630859375 1660.5977783203125 1659.4368896484375 1657.701416015625 1655.7353515625 1656.2982177734375 1658.00390625 1659.974609375 1661.96875 1663.7734375
1722.453125 1721.2142333984375 1720.2874755859375 1718.8543701171875 1716.9322509765625 1716.5948486328125 1716.0465087890625 1715.8248291015625 1713.2032470703125 1711.2490234375 1709.46875 1706.72265625 1705.55859375 1703.333984375 1700.7623291015625 1698.03759765625 1694.84423828125 1692.18408203125 1689.507080078125 1687.776123046875 1686.921875 1684.8914794921875 1683.3564453125 1681.3800048828125 1678.94580078125 1675.630859375 1671.8526611328125 1668.416748046875 1667.2823486328125 1666.379150390625 1665.4752197265625 1664.3994140625 1663.1431884765625 1661.8267822265625 1660.854736328125 1659.8763427734375 1659.404052734375 1658.3629150390625 1657.1986083984375 1656.08837890625 1654.4100341796875 1654.9078369140625 1655.723876953125 1657.519287109375 1659.1451416015625 1660.451904296875
1721.5894775390625 1720.83203125 1718.9720458984375 1716.6268310546875 1716.170654296875 1715.9404296875 1715.2020263671875 1713.9920654296875 1712.040283203125 1710.029052734375 1708.174072265625 1705.848388671875 1704.863037109375 1702.6392822265625 1699.77099609375 1696.9400634765625 1694.5301513671875 1692.099365234375 1689.9439697265625 1687.6275634765625 1686.152099609375 1683.85498046875 1682.3372802734375 1680.7471923828125 1678.2972412109375 1675.4984130859375 1672.0048828125 1668.2579345703125 1666.4779052734375 1665.6461181640625 1664.76220703125 1663.563232421875 1662.0216064453125 1660.52978515625 1658.959228515625 1657.448974609375 1656.7332763671875 1655.7049560546875 1654.833251953125 1653.9163818359375 1652.9212646484375 1652.7845458984375 1653.3077392578125 1655.100830078125 1656.0628662109375 1657.1578369140625
1721.31640625 1718.8580322265625 1716.70458984375 1715.8543701171875 1715.219970703125 1714.819580078125 1714.2843017578125 1712.7532958984375 1711.0924072265625 1709.79638671875 1707.3612060546875 1705.7039794921875 1703.988525390625 1701.8126220703125 1698.6219482421875 1695.8575439453125 1694.147705078125 1691.6290283203125 1689.2979736328125 1687.171875 1685.466064453125 1683.2398681640625 1681.6727294921875 1680.2381591796875 1677.5504150390625 1675.267822265625 1672.5360107421875 1668.67431640625 1665.7578125 1664.9063720703125 1664.1737060546875 1662.8192138671875 1661.1859130859375 1659.427001953125 1657.8560791015625 1655.9117431640625 1654.3992919921875 1653.295166015625 1652.4373779296875 1651.337646484375 1650.9420166015625 1650.926513671875 1651.365234375 1652.490234375 1653.127197265625 1654.374755859375
1719.3330078125 1717.3016357421875 1715.7218017578125 1715.1834716796875 1714.5274658203125 1714.3560791015625 1713.479736328125 1711.8702392578125 1710.6031494140625 1708.5003662109375 1706.669189453125 1704.739013671875 1702.4810791015625 1700.2125244140625 1697.4208984375 1695.458740234375 1693.83642578125 1691.1688232421875 1688.093505859375 1685.97314453125 1684.244873046875 1682.7366943359375 1681.01220703125 1679.217041015625 1676.949951171875 1674.85986328125 1671.673583984375 1668.421875 1664.96533203125 1663.844970703125 1663.1275634765625 1661.3988037109375 1659.9403076171875 1658.3016357421875 1656.856201171875 1654.99560546875 1653.0914306640625 1651.835205078125 1650.5693359375 1649.3385009765625 1648.973388671875 1649.425537109375 1649.212158203125 1649.82958984375 1650.8236083984375 1652.0101318359375
1717.386474609375 1716.5733642578125 1716.09375 1715.5540771484375 1714.3641357421875 1713.3570556640625 1711.7940673828125 1711.14794921875 1709.711181640625 1707.6728515625 1705.094482421875 1702.301025390625 1700.322265625 1698.0706787109375 1695.48095703125 1693.4644775390625 1691.981689453125 1690.1712646484375 1687.75341796875 1685.1422119140625 1682.9901123046875 1681.6168212890625 1679.4886474609375 1677.87109375 1675.7291259765625 1673.7630615234375 1670.5665283203125 1667.2686767578125 1664.0413818359375 1662.02587890625 1660.946044921875 1659.1854248046875 1658.0721435546875 1656.9547119140625 1655.4818115234375 1653.43701171875 1651.3099365234375 1650.25341796875 1649.254150390625 1647.9195556640625 1647.238525390625 1647.8902587890625 1647.36865234375 1647.9815673828125 1648.962890625 1649.5894775390625
1716.2891845703125 1716.1343994140625 1715.7862548828125 1714.541259765625 1713.150146484375 1711.6357421875 1710.2076416015625 1709.455078125 1708.0201416015625 1705.5584716796875 1703.0711669921875 1700.67529296875 1698.9593505859375 1696.626220703125 1693.719970703125 1691.4332275390625 1689.913330078125 1688.244873046875 1686.6646728515625 1684.1630859375 1681.69775390625 1680.5220947265625 1678.2353515625 1676.7596435546875 1674.6121826171875 1672.482666015625 1669.5159912109375 1666.175537109375 1662.6873779296875 1659.8560791015625 1658.24609375 1656.92822265625 1656.0382080078125 1654.9351806640625 1653.4918212890625 1651.731689453125 1649.8121337890625 1649.3228759765625 1648.352783203125 1646.6707763671875 1645.73291015625 1647.4423828125 1645.801025390625 1645.7794189453125 1646.1710205078125 1646.2537841796875
1715.6180419921875 1715.18603515625 1715.0552978515625 1713.6444091796875 1711.7569580078125 1709.846435546875 1709.017333984375 1707.79931640625 1705.736083984375 1703.064697265625 1701.18603515625 1699.350830078125 1697.2181396484375 1694.7744140625 1692.026611328125 1689.2523193359375 1686.660888671875 1685.210205078125 1683.96533203125 1681.655517578125 1679.528564453125 1678.501708984375 1676.6973876953125 1675.084716796875 1673.0509033203125 1671.165771484375 1668.303466796875 1664.6162109375 1660.7369384765625 1657.6522216796875 1655.8511962890625 1654.94384765625 1653.93017578125 1652.643310546875 1651.403076171875 1650.1163330078125 1649.03515625 1648.666015625 1647.5374755859375 1645.7685546875 1644.0770263671875 1644.7418212890625 1643.6204833984375 1642.942626953125 1643.0255126953125 1642.6026611328125
