benchmarks/avaHit/relHit_null_ref_0.15500_ppr.asc
ncols         523
nrows         444
xllcenter     272775
yllcenter     357500
cellsize      5
NODATA_value  -9999
[rows 156 to 194 of 444, columns 87 to 173 of 523]
0 0 0 0 0 0 0 0 0 0 0 0 53.643 77.1194 81.7561 82.8892 80.4267 72.4696 64.6806 53.7491 33.6258 16.5456 17.2644 22.1434 27.4963 32.5126 36.7681 38.0047 37.4115 35.6132 28.7181 7.38497 0 0 10.9633 36.241 48.2615 59.3001 80.4265 78.9838 73.0159 69.6822 69.4496 58.8016 52.1576 61.1671 126.834 213.158 267.972 310.056 347.612 376.092 402.797 435.892 458.305 464.155 474.318 493.804 514.438 528.86 526.184 515.498 506.317 488.667 465.053 444.756 430.304 423.897 417.741 397.246 362.104 328.882 237.572 159.253 156.572 170.461 191.136 210.147 224.016 235.353 246.948 259.938 274.467 290.717 306.237 317.994 324.273
0 0 0 0 0 0 0 0 0 0 0 0 56.7359 81.4763 84.9665 83.5864 74.723 66.839 50.9622 37.4161 20.0896 8.82475 10.8147 17.4604 26.0402 30.9885 35.7638 39.2375 40.7721 41.1562 27.1594 6.09451 0 0 0 34.7989 50.7094 53.615 55.9784 57.4961 57.7884 55.2002 53.4292 48.2575 44.7426 45.4674 108.238 178.27 235.855 283.377 321.979 355.648 391.031 427.587 442.766 442.131 451.092 473.491 499.598 518.536 517.514 503.693 490.649 472.831 451.309 435.508 424.694 417.88 412.438 398.797 368.995 326.273 287.901 165.918 136.659 149.884 166.72 184.258 197.531 207.807 217.488 228.528 242.951 260.108 278.697 296.755 313.342
0 0 0 0 0 0 0 0 0 0 0 0 60.1992 85.9959 87.7986 84.5204 69.4982 59.2753 41.2608 25.2872 10.3638 5.89055 6.60565 10.2763 22.232 29.6624 34.0818 40.7878 46.8017 50.6529 21.2155 2.62652 0 0 0 35.7085 52.0975 56.0362 55.4388 51.6693 46.6967 43.5711 41.9841 38.3802 35.0415 35.6016 62.0165 144.667 237.267 289.814 321.666 354.312 391.016 420.124 432.187 440.915 456.159 475.629 493.887 501.959 491.93 477.968 472.876 464.309 446.165 425.902 413.133 406.238 400.748 390.059 366.712 328.48 288.721 217.943 140.547 132.392 146.966 161.993 174.444 184.92 191.877 199.78 211.345 227.158 246.343 268.302 292.21
0 0 0 0 0 0 0 0 0 0 0 0 63.7661 90.1292 90.209 86.4536 69.8687 47.2253 31.3175 18.586 8.5284 6.05418 6.47715 6.84908 12.9385 22.7581 33.7241 44.2846 53.3441 59.2019 33.6762 6.51374 0 0 0 16.5152 45.3498 57.5738 59.4931 55.9131 47.3185 36.1967 30.2188 25.9001 24.99 26.4159 26.6606 71.0315 219.935 311.069 338.96 359.076 388.653 413.462 429.786 445.624 459.431 460.716 456.738 451.611 444.555 446.74 459.845 467.689 461.962 443.82 426.859 413.991 398.507 382.837 363.648 334.624 302.234 286.197 213.073 140.157 131.032 145.762 159.64 170.019 171.999 175.105 182.66 194.397 211.653 233.976 261.068
0 0 0 0 0 0 0 0 0 0 0 0 65.4135 92.6521 92.1457 89.1314 69.3329 36.5192 23.7484 16.207 7.19029 4.96718 5.11873 5.69862 6.79413 11.1745 33.3476 48.0775 56.7605 60.6189 49.5791 12.6653 0 0 0 0 39.4505 58.0148 62.2401 61.3848 52.7949 41.8505 23.7268 16.7584 18.8376 20.8589 21.6207 18.134 145.077 269.377 341.061 348.188 362.768 390.248 412.251 427.049 432.325 420.323 400.315 387.861 395.05 420.684 448.719 469.655 478.486 474.177 459.371 437.883 408.493 384.79 366.663 344.71 322.299 307.911 279.554 154.341 118.903 135.322 150.498 158.994 156.361 155.123 158.802 166.294 178.943 198.001 223.818
0 0 0 0 0 0 0 0 0 0 0 0 65.4392 93.6096 93.4023 90.9226 67.9854 31.3474 19.0847 15.5853 7.08076 4.40795 4.50857 4.30166 4.71919 5.14722 34.6361 52.1528 57.9092 57.4553 50.6269 13.5642 0 0 0 0 39.3247 57.3329 63.5987 65.1374 56.4719 45.1633 21.987 14.0664 16.2102 18.7454 19.6527 18.7737 55.8487 164.978 274.109 315.871 324.081 347.848 377.016 395.146 396.433 382.222 361.552 351.748 367.437 401.175 436.696 465.77 484.718 491.443 481.833 455.236 417.837 387.373 367.126 350.151 333.834 315.611 291.157 188.629 133.571 132.667 138.094 141.871 139.804 138.051 139.415 144.053 152.139 165.582 186.789
0 0 0 0 0 0 0 0 0 0 0 0 66.0288 94.5804 94.3377 91.6287 72.8943 30.5279 15.6819 15.1152 7.76302 4.92546 4.93047 3.67093 3.34099 4.22208 36.0709 55.1536 58.1509 55.7632 51.7948 14.2394 0 0 0 0 30.8294 53.2768 63.2489 66.4688 58.3605 40.3407 22.2217 14.3828 14.5577 17.6393 19.3169 19.9884 18.0232 60.3959 174.321 265.149 290.221 316.278 353.283 377.764 377.6 363.971 350.768 349.623 363.804 388.541 418.335 449.267 474.669 487.521 483.815 460.705 421.941 383.297 360.494 348.556 335.752 315.765 286.581 233.034 141.184 116.083 118.703 121.287 122.245 122.255 123.314 125.912 131.214 140.426 155.262
0 0 0 0 0 0 0 0 0 0 0 0 67.1345 95.9545 95.632 91.95 78.4427 35.7316 16.2115 14.4896 10.1882 5.68422 4.89773 4.34447 2.26511 3.52012 28.0896 53.0337 58.1392 56.5192 53.7334 14.8587 0 0 0 0 16.9326 48.131 60.7288 63.6705 57.3609 39.4022 22.9611 13.395 12.4067 15.8908 18.9769 20.4511 20.5484 16.6089 98.3492 198.105 272.994 312.342 345.817 367.673 366.74 358.577 356.848 363.023 372.404 379.738 387.115 410.13 442.294 464.792 471.196 459.192 427.804 386.883 359.516 347.468 336.363 317.335 287.552 251.036 184.586 114.63 99.9682 104.679 107.137 108.511 109.485 111.22 114.128 120.892 131.547
0 0 0 0 0 0 0 0 0 0 0 0 67.9049 96.9838 97.1679 92.3021 84.228 53.6005 23.0833 13.9882 12.54 6.51532 4.86955 5.09566 2.43328 1.85346 20.6154 48.9241 57.292 57.4582 55.7347 32.0148 6.46981 0 0 0 5.15821 42.5249 56.8751 59.895 56.7955 42.2231 24.4942 13.2137 11.0439 12.7216 17.5651 20.0864 20.891 18.8611 40.5092 138.835 265.369 318.353 330.308 339.405 345.624 350.917 363.579 374.222 374.116 364.99 355.281 361.238 391.769 428.464 450.894 453.898 437.933 408.011 378.129 354.864 337.96 320.146 294.192 262.768 240.147 130.137 89.0597 92.2941 94.6204 96.3737 97.4227 98.7702 100.627 105.124 112.751
0 0 0 0 0 0 0 0 0 0 0 0 67.6444 96.6014 97.9692 93.3308 91.9489 80.0229 34.8404 16.405 14.0587 10.542 5.31988 4.24106 3.64045 2.46744 9.85904 43.3192 56.2586 57.744 57.4836 50.2108 13.3508 0 0 0 0 38.7132 54.5467 58.0669 56.945 46.153 28.5338 15.8446 11.8152 10.5777 15.974 18.6299 19.2572 19.2172 15.9103 72.5376 230.264 309.455 298.343 296.455 312.705 332.842 355.266 364.745 357.597 344.353 331.711 325.024 340.405 381.546 421.42 441.95 443.668 430.472 405.715 373.568 346.051 326.532 305.779 281.84 262.958 194.107 105.139 82.5313 84.4531 86.2254 87.1921 88.2723 90.0431 92.5703 97.7493
0 0 0 0 0 0 0 0 0 0 0 0 66.4631 94.8661 97.6209 95.3138 93.0849 88.5082 41.3609 20.4272 15.7114 14.0698 10.0673 5.18699 3.93867 3.96409 2.62287 33.4622 53.2412 57.7202 58.6231 53.9096 29.23 5.71288 0 0 0 37.0914 53.179 56.676 56.4079 48.8277 33.6356 19.298 13.4364 11.2688 14.0723 16.3649 17.6219 18.2715 15.8124 21.9741 145.46 242.271 251.61 254.575 273.659 300.258 324.31 334.106 331.066 322.73 312.105 303.347 305.408 332.368 378.327 416.388 435.867 438.791 425.694 398.584 367.306 342.086 323.052 304.112 284.177 257.086 131.635 78.167 76.7949 78.1852 79.2704 80.1804 81.8804 83.1236 86.5726
0 0 0 0 0 0 0 0 0 0 0 0 65.3415 92.5167 96.0936 96.072 89.4585 81.1567 52.4148 27.17 18.2853 15.3912 14.6248 11.6823 11.2109 6.0519 3.91124 14.8429 45.9316 57.5344 58.8381 54.5306 46.4423 12.3719 0 0 0 34.8121 50.9384 53.7056 54.4406 49.7188 38.3382 24.3022 15.6462 12.837 12.8008 14.5466 16.756 17.6315 16.2752 12.3321 49.2894 133.935 201.717 219.641 234.324 259.603 283.526 298.645 304.179 302.044 294.889 287.649 285.416 295.22 328.47 375.79 413.066 432.638 434.816 420.221 393.716 363.863 342.061 323.42 301.244 273.146 180.417 97.0262 73.2458 72.1583 73.4807 74.4341 75.7403 77.0119 78.0996
0 0 0 0 0 0 0 0 0 0 0 0 64.1783 89.3233 93.054 94.199 86.9348 75.4756 60.8718 31.6616 19.2274 16.4293 15.7279 16.4757 17.5337 13.4881 5.94963 3.80865 41.7506 56.4371 56.9147 54.2017 50.5174 32.349 7.20807 0 0 15.6084 43.3987 50.7096 51.2641 49.2758 42.2747 29.8993 19.8006 16.2354 15.1385 14.1683 15.8675 17.332 16.4249 14.0045 11.8073 61.4701 135.774 181.611 202.07 222.062 245.631 265.767 278.394 282.007 278.983 273.681 270.221 272.115 287.933 328.005 377.379 416.263 435.569 433.761 415.275 387.146 360.502 338.383 315.674 287.616 237.898 132.707 80.043 69.5518 69.0831 70.4932 71.3198 72.7425 72.5935
0 0 0 0 0 0 0 0 0 0 0 0 54.8721 82.5246 88.7344 91.1734 86.1311 73.1639 58.9873 39.4206 22.0213 16.7455 16.0798 16.7334 17.6373 18.1463 13.3051 10.3425 23.6038 45.9318 53.2785 52.8611 50.4652 47.6694 29.9767 10.7928 1.65302 0 33.6797 47.0081 48.2887 48.635 45.2629 36.7733 25.7204 19.6773 18.004 14.9005 15.2393 16.9848 16.6406 14.4415 13.1245 25.6503 77.2729 139.76 174.88 192.172 212.645 234.742 252.041 260.619 261.947 259.663 256.124 255.375 261.849 285.134 332.39 386.599 423.65 435.854 428.733 408.465 381.248 354.637 330.698 304.775 269.114 187.428 109.354 75.605 67.3265 67.5557 68.4381 69.1654 68.9687
0 0 0 0 0 0 0 0 0 0 0 0 45.3482 77.2878 84.6355 87.8409 85.7063 74.6729 60.7236 47.8604 27.1353 17.6501 16.1051 16.1219 16.863 17.4878 17.4989 16.3747 11.9703 39.0583 50.9451 51.4635 50.3388 47.2504 44.2808 32.3379 16.5912 3.41475 13.8941 38.374 46.3036 47.6088 46.8533 42.7938 34.6189 26.3995 22.9022 17.6338 15.197 16.1161 16.3963 14.9752 13.1282 11.1697 33.4436 90.7172 149.057 169.859 185.55 206.12 225.563 238.152 243.582 244.653 242.919 241.088 243.009 254.173 287.055 342.236 393.038 422.084 430.138 421.937 402.241 376.776 352.333 328.266 296.211 243.491 155.409 96.7197 73.0735 66.2828 65.8936 66.128 66.1557
0 0 0 0 0 0 0 0 0 0 0 0 20.144 65.6295 81.0814 84.7535 85.1811 78.0275 65.748 53.8606 31.1131 20.8679 16.1104 13.3848 14.7652 16.3718 16.675 16.6403 15.9367 22.6886 42.1029 49.4987 49.9371 47.8822 44.8959 42.0033 33.625 19.0994 6.80454 26.2365 42.3145 46.3183 47.3918 45.9521 42.1024 35.6233 30.4029 25.308 17.1359 15.0276 15.8726 15.7901 14.39 12.0539 11.2819 53.8619 114.957 149.181 164.996 182.234 201.438 216.277 225.29 229.072 229.857 228.434 227.569 232.639 251.563 294.599 349.684 394.277 418.703 425.558 419.533 402.439 380.052 356.593 327.351 282.769 219.776 137.64 88.275 68.9573 63.6893 63.619 64.0865
0 0 0 0 0 0 0 0 0 0 0 0 0 51.802 77.4281 82.8541 85.1129 81.2528 70.9436 61.3744 38.9734 25.3078 17.4498 12.2828 12.9155 14.8917 16.1122 16.1736 16.1249 12.2334 35.8376 46.6922 47.6956 47.6778 46.1856 42.2253 37.6792 31.0134 21.1391 17.1837 36.4151 45.6846 46.7911 47.1447 45.4549 41.7324 36.5698 32.3728 26.4955 22.8142 16.9818 14.7768 14.6197 13.5895 12.6792 27.0453 70.8533 127.268 149.106 163.038 180.205 195.793 207.238 213.72 216.551 216.63 215.042 216.813 227.861 255.355 304.594 357.224 396.803 421.16 430.701 424.87 406.614 382.442 354.434 315.739 268.709 203.105 123.166 79.9481 64.482 61.4579 62.4806
0 0 0 0 0 0 0 0 0 0 0 0 0 22.1881 66.6149 82.5233 85.719 84.6427 77.1142 67.6353 55.4816 34.8324 19.9883 12.7097 11.1331 12.0529 14.5554 15.4391 15.7539 16.3911 25.9093 38.9038 44.7251 46.0686 46.2153 44.1278 39.1679 32.9272 28.6533 21.2271 22.9532 40.0114 46.348 46.5989 46.6291 45.103 41.7342 37.1733 34.4554 32.581 24.0216 16.006 14.1925 14.1094 13.7195 12.7171 29.8805 81.7766 129.227 148.562 161.888 177.133 189.579 198.238 203.214 205.028 204.442 204.945 211.635 228.286 262.521 313.795 364.364 404.823 429.629 435.656 424.116 402.635 376.991 344.406 298.731 250.602 191.65 114.188 73.7108 61.6364 60.9505
0 0 0 0 0 0 0 0 0 0 0 0 0 0 57.4312 82.3175 86.1338 87.3819 82.966 73.6724 67.0193 54.3812 34.3516 16.8942 10.2712 9.47717 12.0564 14.4043 15.4049 16.1245 16.652 23.9946 38.7994 44.1366 44.6665 44.3865 41.8839 36.4759 30.9282 27.4385 19.304 22.9729 40.48 45.8361 45.9463 46.1757 45.1585 42.207 38.3295 36.0511 33.0257 23.2651 18.3523 15.1604 14.0737 13.6716 13.1256 40.5038 94.703 133.127 147.616 159.879 172.387 182.292 189.504 193.365 194.606 195.231 198.962 209.742 230.368 269.837 322.689 372.75 410.149 428.349 427.105 414.252 394.939 368.582 331.801 282.161 239.637 184.803 106.649 69.4354 61.1965
0 0 0 0 0 0 0 0 0 0 0 0 0 0 53.3068 81.2616 85.7539 88.2588 86.7182 79.6394 70.6 66.0586 48.2776 31.8714 17.5092 11.0483 10.3626 12.8769 14.7977 15.6412 16.2534 15.8959 30.6673 39.6134 43 42.8769 42.2831 39.6969 34.907 29.919 26.4148 15.4292 21.0176 39.445 44.9818 45.6817 45.8519 45.0044 42.5518 39.3981 37.5076 32.7968 28.4765 19.3555 14.7946 13.9938 13.6041 21.4405 57.551 114.456 137.161 144.795 155.396 165.911 174.864 181.018 184.205 185.861 188.25 194.696 208.3 234.193 279 331.426 376.659 405.951 417.796 417.546 407.788 388.733 360.582 321.211 270.878 236.182 186.895 165.142 91.3886
0 0 0 0 0 0 0 0 0 0 0 0 0 0 23.479 65.3771 82.9203 86.9143 87.9205 84.1372 75.7797 68.5738 58.7132 46.2658 32.9891 18.478 12.0758 12.0254 13.5187 15.1006 15.9517 15.8526 20.7994 31.1449 37.4233 40.2738 40.7249 40.2004 37.6782 33.3462 29.4659 23.2131 12.8097 19.7069 38.0991 44.7247 45.2171 44.911 44.2908 42.6802 40.1697 38.0441 35.7983 29.0045 23.242 16.8946 14.142 13.253 27.1012 69.799 119.075 133.315 139.761 149.396 159.076 167.266 172.537 175.466 178.031 181.761 190.478 209.761 242.159 288.374 336.786 375.616 401.511 416.393 418.395 407.526 386.762 356.779 315.389 270.771 248.632 250.695 192.462
0 0 0 0 0 0 0 0 0 0 0 0 0 0 0 50.0979 79.6134 83.9551 86.335 86.2128 81.4799 73.9426 68.32 58.2008 46.6286 33.2092 18.4529 13.4361 13.3456 14.6027 15.7991 15.9544 15.319 23.6233 30.3151 37.0078 38.4315 38.479 37.8505 35.4068 31.5987 28.632 21.9897 11.6798 18.6175 36.6201 43.7461 44.1149 43.7064 43.204 42.0574 40.3829 38.2194 35.3133 31.4218 25.1043 19.4813 15.5441 14.0003 25.1688 82.6931 118.535 126.549 133.817 143.495 152.635 159.53 163.786 166.843 169.865 175.638 190.221 218.762 250.91 294.903 340.698 378.344 406.338 420.718 419.046 405.403 383.224 351.992 313.287 275.096 259.808 251.792
0 0 0 0 0 0 0 0 0 0 0 0 0 0 0 22.3166 67.7445 80.355 82.269 85.2902 84.6834 79.6614 72.7579 67.7869 55.85 46.5462 33.0397 23.8046 16.7793 15.0697 14.5203 15.5733 15.4148 18.0517 23.0039 28.9904 35.62 35.9027 35.7024 35.4695 33.5133 30.6074 27.6578 21.482 16.3447 19.4285 33.8767 41.0183 41.561 41.6456 41.7816 41.3751 39.6161 37.1016 33.6372 30.5663 25.7178 21.26 15.8556 13.7438 38.5721 89.9209 113.697 121.414 130.158 138.866 146.301 151.336 154.777 157.899 162.623 172.97 196.857 222.256 256.013 302.195 347.427 384.537 409.078 417.157 411.534 397.112 374.573 343.671 305.585 271.525 248.294
0 0 0 0 0 0 0 0 0 0 0 0 0 0 0 0 47.1251 73.5109 77.4288 81.1082 83.8708 82.3671 76.2104 70.7084 62.9933 56.4086 47.2361 38.3235 31.1775 24.5853 17.6998 16.8075 15.8025 15.4804 17.1702 19.9095 26.826 31.6499 32.3165 33.2373 33.9633 32.7309 29.9497 27.6044 25.6084 18.2337 18.1517 27.4524 35.8309 38.2172 39.0368 39.6373 38.8043 38.0778 35.4082 32.3177 28.2534 24.9293 19.3685 16.1295 15.8804 41.7568 95.1988 113.574 119.774 127.598 134.53 139.934 143.503 146.584 151.096 159.25 173.994 196.029 225.6 264.826 312.14 355.645 388.072 405.529 408.923 402.143 386.724 362.969 332.166 295.025 262.244
0 0 0 0 0 0 0 0 0 0 0 0 0 0 0 0 17.3023 57.7734 72.4875 75.6832 79.7973 81.405 78.27 72.1837 66.9093 63.2626 55.5103 48.3431 44.2493 37.4682 31.549 30.0999 21.3734 18.1167 16.9578 16.8421 18.2178 23.4328 27.222 29.4855 32.039 33.3494 32.2096 29.8295 27.938 25.8053 18.0053 14.4897 21.8821 26.5102 32.3459 34.9034 35.7142 36.7963 35.9515 33.611 30.36 27.0667 22.5371 19.7468 14.6969 13.771 51.7007 97.2888 112.628 118.93 125.474 131.002 134.366 137.152 141.454 148.126 157.858 174.696 201.154 233.162 276.631 323.113 362.06 388.093 400.824 402.357 394.297 377.882 354.325 323.799 290.494
0 0 0 0 0 0 0 0 0 0 0 0 0 0 0 0 0 22.2169 59.1329 71.7704 75.3175 78.8453 79.1478 75.2638 69.6764 65.4945 60.0519 54.3044 49.5613 45.4888 42.7347 40.3793 32.779 28.2391 26.3672 20.1077 17.2064 17.8174 23.0405 25.4792 28.5745 31.6837 32.7544 32.0106 30.4781 28.4937 26.8275 17.8513 11.4992 11.4259 18.3214 26.658 29.7962 31.8566 32.2886 31.7946 31.3092 28.5246 24.6653 21.78 17.2518 14.4482 18.2372 66.1849 102.153 112.81 118.976 124.267 127.508 130.196 133.883 139.07 146.017 158.098 181.3 206.755 242.729 287.765 330.494 364.262 386.84 398.346 399.167 390.414 373.846 350.594 321.266
0 0 0 0 0 0 0 0 0 0 0 0 0 0 0 0 0 0 22.9888 59.8189 72.222 75.786 78.5273 77.8287 73.5574 68.0136 62.8984 58.9688 55.1739 51.4809 47.7428 44.0202 41.5095 38.4614 37.379 32.7686 24.8014 20.1114 20.3857 22.3335 24.9244 28.5 31.3994 32.5886 32.2413 31.2314 30.3517 27.9961 20.3169 12.5577 8.6278 14.2364 20.3649 22.797 26.0101 27.4866 28.8291 27.5065 25.6848 22.0922 18.7877 16.0569 14.4658 30.6804 76.64 104.727 113.465 118.696 122.586 125.658 128.608 132.033 136.708 144.342 161.025 187.131 217 252.502 294.079 333.572 365.988 388.456 398.927 398.126 388.217 371.004 347.05
0 0 0 0 0 0 0 0 0 0 0 0 0 0 0 0 0 0 0 23.4186 60.1754 72.6089 75.8427 77.7178 76.3887 71.9598 66.7999 62.1655 58.7273 55.5902 52.6691 49.7635 46.7174 44.099 42.3859 41.5441 36.0273 32.2718 28.2001 23.082 22.6959 25.2363 28.4069 30.9718 32.3389 32.5782 32.0707 32.1798 31.0431 23.2833 12.7797 9.963 11.7085 14.3542 17.769 20.8697 22.4392 22.4927 22.6888 21.5206 19.5304 16.3543 14.7098 14.4922 35.9104 88.4102 108.729 113.856 119.023 122.769 125.16 126.808 129.289 134.224 143.274 164.502 190.804 222.418 257.938 298.903 339.308 371.334 391.236 399.161 396.645 385.928 368.48
0 0 0 0 0 0 0 0 0 0 0 0 0 0 0 0 0 0 0 0 23.48 59.8515 72.5592 75.2341 76.3134 74.4896 70.2304 65.0747 60.4539 57.2288 55.0676 52.8203 50.5417 48.3714 46.2189 44.2719 42.6204 41.6265 39.2073 33.9857 26.4982 24.2902 25.9728 27.8867 30.2361 32.1278 32.9946 33.0487 33.0683 30.1766 25.2692 17.3232 12.504 11.9555 10.6746 12.0642 12.9508 15.3675 16.8068 17.8974 17.7386 15.9922 14.5083 13.9091 14.2058 44.1115 89.9899 108.973 115.213 119.622 121.726 122.395 123.297 126.129 132.089 143.031 164.144 198.367 226.969 264.17 307.965 346.964 375.556 392.56 398.927 397.509 388.731
0 0 0 0 0 0 0 0 0 0 0 0 0 0 0 0 0 0 0 0 0 23.1458 59.1699 71.7897 74.1642 74.4127 72.625 69.0151 63.5823 58.6643 55.3641 53.4401 52.0581 50.6299 49.1653 47.743 46.0764 44.3034 43.1526 42.8254 37.3488 33.0756 25.7912 25.1646 26.9063 29.439 31.7855 33.2244 33.4824 32.7838 32.2315 27.483 24.8294 23.1022 12.6705 8.8473 7.46081 8.91546 10.813 11.7618 12.851 13.1338 13.5078 12.9229 12.8768 13.5223 42.5029 93.5485 111.19 114.903 117.098 118.211 118.973 120.38 123.878 130.773 144.411 171.905 198.515 232.117 274.174 316.567 352.435 378.28 394.085 403.113 404.131
0 0 0 0 0 0 0 0 0 0 0 0 0 0 0 0 0 0 0 0 0 0 22.5779 57.1267 69.8091 71.8733 72.1652 70.6538 66.7478 60.7945 55.3988 52.8177 51.8366 50.8997 49.9635 49.0792 48.1369 47.0034 45.7067 44.4774 43.785 41.9406 34.314 30.1918 26.0816 25.8309 28.4889 31.1531 32.6816 33.0563 32.9984 32.8617 32.7063 32.4911 24.4566 12.4877 7.5251 6.48962 6.68702 7.02445 8.35399 9.06921 10.2512 11.0686 11.1381 11.2971 12.6725 44.9901 92.8314 108.386 111.55 114.321 115.896 116.557 118.398 122.844 131.025 149.092 175.258 204.773 241.834 283.607 323.588 357.064 381.626 398.535 406.98
0 0 0 0 0 0 0 0 0 0 0 0 0 0 0 0 0 0 0 0 0 0 0 21.2199 55.6176 66.759 68.2949 68.6873 67.2701 62.9317 56.0713 51.2618 50.2908 49.8606 49.1924 48.5203 48.1404 47.7403 47.2038 46.4068 45.1907 44.1081 41.8333 37.5656 29.3894 25.2309 25.6769 27.5364 29.8544 31.8799 33.1224 33.5338 33.2288 32.9299 32.3447 25.0001 19.8835 17.3037 9.54484 6.03324 5.73124 6.22534 6.80159 7.60138 8.97736 9.27125 9.9029 11.373 42.1071 88.1741 106.152 110.831 113.285 114.346 115.632 118.247 123.459 134.624 155.98 179.186 211.392 251.013 292.039 330.481 362.071 384.477 397.012
0 0 0 0 0 0 0 0 0 0 0 0 0 0 0 0 0 0 0 0 0 0 0 0 21.1418 52.1775 62.249 64.2271 64.7685 63.1343 58.0333 51.1492 48.1401 47.6767 47.5096 46.9527 46.669 46.6184 46.7738 47.1653 46.6822 45.6429 43.6712 40.9464 36.4022 30.4536 23.9584 24.3904 26.6938 28.7395 30.982 32.5134 33.024 33.1523 33.2222 33.7467 31.7595 29.0452 19.5176 13.8506 9.64985 7.89722 5.95094 5.13201 6.15986 7.39565 7.67811 8.3816 10.0629 39.2166 85.151 105.941 110.975 113.315 114.962 116.449 119.415 125.443 138.349 155.706 186.066 220.746 260.471 300.984 337.135 364.083 379.764
0 0 0 0 0 0 0 0 0 0 0 0 0 0 0 0 0 0 0 0 0 0 0 0 0 19.4831 47.8271 57.4468 59.6538 60.153 58.2197 52.932 47.8309 45.7573 45.2366 44.9749 44.5891 44.8015 45.2714 46.0091 46.6661 46.6811 45.3263 43.3403 40.9672 36.3512 27.2927 24.0812 23.6147 25.8401 27.7465 30.2214 31.2763 32.0484 33.0269 33.2137 32.5468 31.1232 27.3872 23.5533 16.4872 12.3809 9.25238 6.66341 5.67428 5.77138 6.03683 6.33442 7.73197 8.16698 35.8466 88.5376 108.599 112.307 114.327 115.617 117.461 120.976 127.597 139.289 162.611 192.483 230.089 270.715 309.173 339.883 359.728
0 0 0 0 0 0 0 0 0 0 0 0 0 0 0 0 0 0 0 0 0 0 0 0 0 0 25.8475 46.3925 52.3849 54.6723 55.2869 52.9432 48.4415 44.1496 42.913 42.5568 42.2064 42.5525 43.211 44.182 45.2436 46.2616 46.4205 45.0375 42.106 39.1831 33.124 27.8002 22.0902 20.8961 23.7198 26.0849 28.8783 30.3118 31.2239 32.4366 31.8461 30.2844 29.1576 26.4339 22.048 18.2092 15.9261 11.3238 9.60804 9.01473 7.81662 6.06398 6.16023 6.70034 6.60435 38.183 88.1826 109.428 112.957 114.332 116.159 118.605 122.6 129.684 143.261 167.874 201.285 240.762 279.955 313.441 338.326
0 0 0 0 0 0 0 0 0 0 0 0 0 0 0 0 0 0 0 0 0 0 0 0 0 0 7.03236 30.5885 43.475 47.7196 49.8171 50.7181 47.9086 43.3738 40.4251 39.7612 39.9216 40 40.6899 41.6359 42.8337 44.244 45.4197 45.6329 43.6374 40.9237 36.5933 31.7915 24.6774 19.7351 19.626 20.217 23.0646 24.2493 27.3929 29.5843 29.4344 29.2831 28.3911 25.9594 24.7056 21.596 19.4316 16.2013 13.7226 12.7983 10.459 7.33458 6.52801 6.48109 6.26918 5.65119 35.9 87.2257 109.235 112.502 114.551 117.05 119.837 124.123 132.425 148.631 175.414 211.407 250.192 285.633 315.127
0 0 0 0 0 0 0 0 0 0 0 0 0 0 0 0 0 0 0 0 0 0 0 0 0 0 0 10.3711 27.4975 38.3082 42.914 45.3121 45.6118 42.7972 38.5032 36.8279 37.0053 37.6777 38.2023 38.7949 39.8767 41.2636 42.6633 44.4069 44.2355 42.5398 38.5505 33.8105 29.1871 24.2266 19.0162 16.961 17.3072 17.1188 19.054 23.3404 25.4584 26.3605 25.4003 24.7735 23.7071 21.4207 19.1054 18.0871 14.96 13.5714 11.5763 9.96836 9.48322 7.93203 6.79492 6.18385 5.65145 35.2574 84.9099 108.522 112.965 115.327 117.859 120.738 125.883 135.391 153.79 183.782 220.581 257.104 290.12
0 0 0 0 0 0 0 0 0 0 0 0 0 0 0 0 0 0 0 0 0 0 0 0 0 0 0 0 8.11702 22.0917 32.7508 38.4346 40.6195 40.3517 37.3715 33.8078 33.719 34.8599 35.6922 36.3416 37.1794 38.4993 40.1045 41.9508 43.5572 43.0296 39.9279 36.2023 31.7368 26.6255 21.295 17.6079 16.1986 15.0832 14.2358 16.6262 16.1439 19.1154 20.9718 21.6967 20.2248 20.1558 18.4001 17.3238 14.9547 13.8725 12.512 11.8329 11.725 10.3463 9.16967 8.73647 6.8093 5.62858 33.1763 88.2821 110.411 113.318 115.498 117.953 121.291 127.158 138.192 160.131 192.468 228.731 263.958
0 0 0 0 0 0 0 0 0 0 0 0 0 0 0 0 0 0 0 0 0 0 0 0 0 0 0 0 0 5.83429 21.5166 29.447 33.5973 35.3064 34.931 31.792 30.7105 31.8673 33.0268 34.0316 35.1824 36.3675 37.7306 39.5871 41.6962 42.4256 40.9662 37.9262 33.6241 28.011 22.7403 19.102 17.2861 15.8085 14.9722 14.3944 12.0152 12.7128 13.5752 14.9827 15.4892 16.3909 15.5614 15.534 14.3115 13.2978 12.5637 12.2421 12.1273 11.7664 11.2156 10.9463 9.08381 8.21296 6.11369 36.9183 92.4758 111.033 112.636 114.729 117.404 121.268 128.378 141.992 167.146 200.96 237.126
