benchmarks/avaHit/relHit_null_ref_0.15500_pv.asc
ncols         524
nrows         444
xllcenter     272770
yllcenter     357500
cellsize      5
NODATA_value  -9999
[rows 273 to 311 of 444, columns 261 to 347 of 524]
7.45267 7.21186 6.90029 6.85917 7.00585 7.20822 7.44655 8.44566 9.49095 10.8259 11.815 12.4403 12.7478 13.1178 13.6187 13.9389 14.0047 13.8501 13.5045 13.1096 12.8942 12.9407 13.1339 13.377 13.654 13.9997 14.3049 14.3121 13.829 13.2 13.0802 13.4188 13.6073 13.6737 13.7908 13.9236 14.0334 14.1036 14.0876 14.007 13.8439 13.5279 13.0421 12.5164 11.943 11.0864 10.4978 10.3952 10.7727 11.3672 12.2406 13.073 13.7133 14.4097 15.0818 15.6514 16.1322 16.5699 16.9575 17.215 17.2653 17.1229 17.1588 17.3876 17.5611 17.6139 17.5898 17.5146 17.4544 17.3418 16.9495 16.0924 14.8549 13.5019 12.0722 10.6923 9.22458 8.0649 7.59215 7.61165 7.7352 7.87787 7.99861 7.95136 7.62431 6.94933 6.09213
7.20321 7.05308 6.84002 6.83371 6.95559 6.96762 6.90446 7.12783 7.82272 9.13962 10.5162 11.6134 12.2339 12.5785 13.0289 13.5155 13.7769 13.7898 13.6003 13.2987 13.0909 13.0822 13.183 13.3195 13.5147 13.7722 13.9822 13.9074 13.3709 12.8037 12.9682 13.5328 13.7615 13.8359 13.9918 14.2024 14.4015 14.5467 14.6017 14.5686 14.3917 14.0219 13.5022 13.0058 12.5203 11.5235 10.6115 10.1576 10.1914 10.5187 11.1713 12.1382 12.9968 13.7095 14.5083 15.2923 16.031 16.7233 17.266 17.5713 17.6382 17.515 17.3388 17.3416 17.4319 17.4128 17.2823 17.0868 16.8427 16.4545 15.692 14.5506 13.1805 11.714 10.2636 8.96974 8.15136 7.9032 7.99015 8.10908 8.16934 8.19977 8.24713 8.17555 7.86015 7.32067 6.68033
6.58631 6.76033 6.86861 6.9333 6.99102 6.9411 6.79507 6.5066 6.5916 7.5407 9.05649 10.5438 11.3251 11.937 12.3662 12.8238 13.2418 13.4588 13.4978 13.4059 13.3005 13.268 13.2921 13.3224 13.3878 13.4974 13.6026 13.4203 12.8608 12.392 12.8025 13.5196 13.7467 13.8218 14.0356 14.3386 14.6343 14.8609 14.9952 15.0046 14.8068 14.4012 13.8836 13.4147 12.9716 12.2271 11.513 10.5474 10.0653 10.1352 10.4415 11.0355 12.0036 12.9102 13.8133 14.7972 15.7809 16.657 17.2833 17.627 17.7604 17.7242 17.5529 17.3167 17.1698 16.9861 16.6891 16.3069 15.8581 15.2357 14.3117 13.1014 11.6765 10.1865 8.93169 8.34332 8.31228 8.40592 8.52533 8.58893 8.55984 8.48528 8.42557 8.38574 8.17493 7.79268 7.26611
6.06777 6.57234 7.00058 7.15184 7.07615 6.90508 6.67707 6.21859 5.88946 6.0939 7.26065 8.97231 10.3271 11.2561 11.7638 12.0691 12.4867 12.9034 13.228 13.4094 13.4699 13.4821 13.4553 13.4049 13.3577 13.3135 13.2553 12.9621 12.3658 11.9755 12.587 13.3965 13.5782 13.6556 13.933 14.3057 14.6764 14.9927 15.2109 15.2543 15.0573 14.6619 14.1692 13.7185 13.3642 13.1212 12.345 11.3325 10.4284 10.0451 10.0977 10.4073 11.0179 11.982 13.0338 14.2062 15.3299 16.2847 16.9713 17.4195 17.6849 17.758 17.6318 17.2781 16.7559 16.3074 15.847 15.3166 14.7349 13.9928 12.9828 11.7288 10.2769 8.81107 8.32874 8.60591 8.83227 8.89823 8.93122 8.94998 8.89973 8.79949 8.67928 8.62985 8.53152 8.23091 7.77905
5.77449 6.32613 6.91621 7.25443 7.19615 6.87337 6.28366 5.96424 5.47152 5.20347 5.61683 6.68866 8.81261 10.3499 11.1262 11.407 11.6938 12.2501 12.8714 13.3276 13.5673 13.6728 13.6749 13.5911 13.4484 13.2853 13.0701 12.6263 11.941 11.6229 12.361 13.1869 13.3167 13.4026 13.6966 14.0935 14.5114 14.9046 15.1857 15.2736 15.1509 14.8567 14.4546 14.0126 13.7196 13.6579 13.0964 12.3916 11.353 10.4194 10.0559 10.1253 10.4923 11.1507 12.1685 13.557 14.6409 15.5652 16.3606 16.9648 17.3656 17.53 17.4344 17.0391 16.3073 15.5419 14.9499 14.3768 13.7379 12.9009 11.7437 10.3368 8.7985 7.8873 8.16087 8.77322 9.15227 9.23978 9.23539 9.23713 9.20827 9.12187 8.9629 8.80534 8.75265 8.52245 8.0683
5.77161 6.13942 6.60548 7.02314 7.10281 6.71382 6.05295 5.45707 5.0246 4.59122 4.41411 5.06938 6.85251 8.7439 10.0926 10.803 11.082 11.6446 12.4535 13.1406 13.5568 13.7828 13.8667 13.8174 13.6491 13.4044 13.0559 12.4643 11.6858 11.3923 12.0909 12.8482 12.9972 13.1102 13.3715 13.7228 14.1554 14.5823 14.9135 15.0862 15.1056 14.9897 14.7409 14.3866 14.0733 13.8983 13.7757 13.4796 12.3863 11.3835 10.5735 10.1604 10.2574 10.6851 11.3375 12.4139 13.6235 14.6088 15.4784 16.2187 16.7257 16.9632 16.8991 16.4923 15.768 14.8423 14.1383 13.5642 12.8988 11.9067 10.5148 8.83447 7.55628 7.37376 7.87663 8.57829 9.17826 9.47674 9.49588 9.4658 9.40447 9.2968 9.1083 8.93877 8.71555 8.48214 8.03011
6.10388 6.10509 6.33838 6.55584 6.63793 6.36685 5.82442 5.14271 4.63016 4.1525 3.92444 4.3351 5.41331 6.58068 8.41981 9.98271 10.7005 11.1375 11.9537 12.7806 13.3732 13.7509 13.9456 13.9714 13.8591 13.6115 13.1781 12.4585 11.6243 11.3328 11.8962 12.4817 12.6443 12.7829 13.0147 13.3147 13.6861 14.0871 14.4604 14.7501 14.9387 15.0057 14.9308 14.7175 14.4391 14.2155 14.0691 14.0112 13.4148 12.6663 11.7309 11.1411 10.4708 10.422 10.7228 11.1511 12.1285 13.3595 14.4378 15.1926 15.7543 16.0537 16.0092 15.7867 15.3215 14.59 13.6089 12.8584 12.0977 10.9031 9.22408 7.57793 6.8252 6.90812 7.40844 8.11329 8.85453 9.42796 9.62842 9.59766 9.44928 9.31758 9.05189 8.79303 8.49371 8.13592 7.75739
6.63436 6.43931 6.25226 6.21366 6.09277 5.95775 5.6105 5.14092 4.67241 4.19107 3.99571 4.03628 4.53021 5.04665 6.26689 7.92171 9.92694 10.8378 11.4515 12.2456 12.9758 13.5193 13.8603 14.0057 13.9861 13.801 13.3213 12.5133 11.6562 11.4199 11.858 12.1909 12.2885 12.4172 12.6243 12.8911 13.2151 13.5762 13.9513 14.3027 14.6243 14.8608 14.9632 14.9323 14.7919 14.5905 14.4172 14.2707 14.1605 13.8533 13.1656 12.428 11.5201 11.0707 10.5373 10.4546 10.8234 11.7703 13.3376 14.1896 14.713 15.0861 15.1403 15.166 15.0086 14.6206 13.8881 13.0143 12.3206 10.8688 9.42841 8.46069 7.58172 6.57362 6.63235 7.28671 8.11224 8.97453 9.41152 9.4977 9.37508 9.12054 8.85629 8.48406 8.13788 7.72952 7.2586
7.39277 7.04962 6.81908 6.52793 5.84112 5.62512 5.51006 5.18547 4.8817 4.54649 4.25424 4.20406 4.23768 4.44758 4.90075 5.90696 8.18958 10.227 11.0427 11.7416 12.4372 13.0768 13.5894 13.8969 14.0011 13.8962 13.4071 12.5215 11.6455 11.4791 11.8548 12.0193 12.0689 12.1346 12.2505 12.4466 12.7294 13.078 13.4413 13.8117 14.1661 14.5192 14.8122 14.9953 15.0473 14.9613 14.808 14.6655 14.5585 14.4775 14.131 13.3714 12.7326 12.1037 11.0543 10.3316 10.2328 10.5069 11.5901 12.8657 13.8571 14.2368 14.4371 14.5395 14.5522 14.4714 14.2026 13.6236 12.95 11.8642 10.623 9.75754 8.73473 7.1248 5.87234 6.09038 6.94758 8.25182 8.89528 9.02769 9.03208 8.82137 8.50289 8.19519 7.80312 7.25521 6.57776
7.98782 7.55673 7.38704 7.03834 6.10272 5.52592 5.32476 5.14879 4.90014 4.73981 4.45698 4.3947 4.36233 4.2947 4.43891 4.91538 6.32131 8.71677 10.3698 11.273 11.8953 12.5079 13.1223 13.6132 13.8714 13.8306 13.3544 12.4413 11.5861 11.4817 11.8703 12 12.0178 12.0277 12.0382 12.1188 12.2969 12.5806 12.9116 13.2751 13.6424 14.0438 14.4604 14.8493 15.1151 15.2181 15.17 15.0723 14.9678 14.8287 14.687 14.2004 13.7085 12.9902 11.9997 10.9101 10.2037 9.90017 10.2329 11.1381 12.5276 13.2291 13.542 13.7666 13.9853 14.12 13.9993 13.6175 13.089 12.4416 11.48 10.3696 9.17712 7.89369 6.05674 5.17764 5.66458 6.84956 7.92437 8.35125 8.39741 8.34355 8.0713 7.71738 7.35323 6.69463 5.78156
8.07743 7.8484 7.61925 7.25429 6.59013 5.6106 5.08865 4.97885 4.91737 4.76077 4.58903 4.5181 4.43641 4.35433 4.25696 4.37139 5.18504 6.59976 8.88197 10.3602 11.2704 11.9192 12.5574 13.1667 13.5571 13.5693 13.0971 12.2663 11.5837 11.5776 11.9588 12.0717 12.0779 12.0471 11.9712 11.9438 12.0171 12.1756 12.4152 12.7031 13.0456 13.4585 13.9406 14.4637 14.9462 15.2744 15.4167 15.4094 15.3502 15.2589 15.1539 14.9343 14.8448 14.0687 13.2043 12.0683 10.9106 9.94386 9.50404 9.9971 10.6118 11.5907 12.3375 12.8818 13.235 13.5082 13.579 13.3492 13.0139 12.5656 11.8998 10.8904 9.68195 8.24683 6.71712 5.29909 4.73609 5.35624 6.54517 7.31363 7.64905 7.61165 7.47563 7.13934 6.61433 6.01965 5.101
7.9496 7.83778 7.67705 7.40596 6.89237 6.00558 5.11658 4.9439 5.0096 4.93052 4.81456 4.6414 4.55304 4.34595 4.23623 4.30669 4.75574 5.44051 7.13645 9.06791 10.9102 11.4612 11.8958 12.5656 13.0462 13.0862 12.6689 12.052 11.6922 11.8275 12.1371 12.2326 12.1996 12.0739 11.9383 11.8566 11.8449 11.8883 12.0157 12.2215 12.4807 12.8368 13.3001 13.8743 14.5171 15.089 15.4551 15.6171 15.6562 15.6679 15.638 15.5756 15.5821 15.0822 14.5272 13.1988 11.737 10.329 9.12915 8.95693 9.16468 9.60887 10.5765 11.6349 12.3069 12.6383 12.8877 12.9916 12.8235 12.3807 11.8547 10.9788 9.97471 8.67583 7.39617 5.92452 4.35972 4.25371 5.12749 6.12723 6.66001 6.70475 6.55109 6.31683 5.8282 5.04912 4.36777
7.56704 7.68292 7.527 7.42705 7.03627 6.39934 5.53253 5.24639 5.30944 5.29939 5.11325 4.84242 4.64058 4.35932 4.30983 4.5216 4.87262 5.29145 6.09599 7.51211 9.99775 10.8823 11.2475 11.8111 12.308 12.3891 12.1548 11.91 11.9044 12.1473 12.388 12.4466 12.3184 12.1185 11.9243 11.762 11.6691 11.6481 11.719 11.8552 12.0391 12.2996 12.6559 13.1694 13.848 14.6145 15.2303 15.6272 15.8717 16.0547 16.2038 16.238 16.1129 15.8964 15.5801 14.4351 12.42 10.592 9.09174 8.13117 8.07767 8.35124 8.86489 10.2213 11.1035 11.7337 12.0998 12.3233 12.3749 12.0239 11.4345 10.7974 9.90637 8.89659 7.77279 6.38316 4.55809 3.30538 4.00245 5.00844 5.55801 5.45701 5.26163 4.99679 4.67353 3.97796 2.33661
6.51234 7.12634 7.22822 7.13718 6.97886 6.51086 5.91525 5.61464 5.66149 5.6879 5.48527 5.28874 4.85956 4.54155 4.42256 4.71812 5.05534 5.20741 5.49352 6.17387 8.29221 9.7678 10.5496 11.0032 11.3456 11.5512 11.6611 11.8404 12.1105 12.407 12.6154 12.6275 12.4501 12.1852 11.9122 11.6973 11.5449 11.4606 11.4562 11.526 11.6464 11.8181 12.0913 12.514 13.0889 13.8782 14.7047 15.3907 15.9216 16.3599 16.6944 16.8333 16.7018 16.3716 16.019 15.1413 13.4168 11.5273 9.1744 7.85708 7.40425 7.8578 8.14377 8.75447 9.66665 10.8478 11.2562 11.4449 11.4412 11.3717 10.9343 10.3726 9.75787 8.78854 7.73469 6.53297 5.01219 3.22802 3.16846 3.92474 4.06609 3.88653 2.74823 2.16134 1.88573 1.62372 0.436945
5.52141 6.04816 6.47293 6.64712 6.67314 6.52029 6.06218 5.84051 5.95718 6.03663 5.94959 5.72103 5.41769 4.81567 4.6113 4.7918 5.10225 5.20187 5.21389 5.65352 6.567 7.85567 9.52826 10.2116 10.3572 10.7151 11.221 11.7253 12.1757 12.5296 12.7356 12.7198 12.5306 12.2417 11.925 11.662 11.4633 11.3346 11.257 11.2566 11.3081 11.419 11.6367 11.985 12.4395 13.0727 13.9659 14.9359 15.7635 16.4487 16.9505 17.153 16.9982 16.5651 16.0645 15.2093 14.0905 12.7705 10.5155 8.62264 7.45286 7.40583 7.66019 7.81111 8.12847 9.51788 10.1856 10.3353 10.3965 10.4192 10.2364 9.86974 9.28124 8.55283 7.59525 6.46749 5.24654 3.53904 1.75751 1.5983 1.47771 1.43927 0.542639 0.157808 0.0416433 0 0
5.06132 5.28776 5.75851 6.0944 6.28681 6.28007 6.05815 6.08759 6.3207 6.45738 6.33923 5.9757 5.76316 5.3846 4.9524 4.95517 5.11306 5.2596 5.13615 5.24642 5.69978 6.54317 8.2402 9.26396 9.59504 10.0014 10.782 11.4868 12.0661 12.5142 12.7359 12.7224 12.5378 12.2611 11.9588 11.6592 11.4073 11.2603 11.1585 11.064 11.0117 11.0986 11.3088 11.5955 11.9653 12.4399 13.3648 14.6108 15.5127 16.2808 16.8798 17.1183 16.9569 16.5456 16.0629 15.2616 14.2645 13.2285 11.8715 9.83452 7.7752 7.10943 7.13009 7.45472 7.158 7.74272 8.62585 9.05441 9.24092 9.38342 9.2888 9.03453 8.59303 7.99335 7.26969 6.26975 5.22576 3.57555 0.855712 0 0 0 0 0 0 0 0
4.88848 5.05006 5.33458 5.64656 5.85552 5.88553 6.0717 6.41906 6.70219 6.83697 6.68059 6.31944 5.9345 5.83397 5.23542 5.0941 5.08273 5.08828 5.02523 4.97158 5.28935 5.76612 6.51349 8.06314 8.8531 9.57904 10.2944 11.0963 11.8063 12.3122 12.5813 12.6303 12.5158 12.2691 11.9808 11.6981 11.4402 11.2366 11.0786 10.9565 10.8714 10.8718 11.0049 11.2645 11.6057 11.9904 12.6608 14.0787 15.3384 16.0369 16.5074 16.7157 16.5758 16.4023 15.9811 15.2357 14.347 13.4127 12.2329 10.6896 9.01215 7.51563 6.66934 6.46412 6.35776 6.25043 6.58329 7.60588 7.96368 8.20483 8.25919 8.00058 7.71757 7.19406 6.52934 5.87046 4.72289 2.8077 0.62043 0 0 0 0 0 0 0 0
4.75471 4.8587 4.99705 5.17889 5.52578 5.73434 6.18818 6.65976 6.92316 7.01224 6.984 6.72559 6.32355 5.99431 5.60002 5.1323 4.86498 4.7313 4.7764 4.88157 4.97716 4.94173 4.96946 6.02441 7.80464 9.22337 9.94834 10.6008 11.3476 11.8861 12.2193 12.3966 12.4176 12.2838 12.0441 11.7722 11.505 11.2534 11.0653 10.9256 10.8421 10.7838 10.8415 11.0088 11.2673 11.5918 12.0039 12.9066 14.5834 15.7474 16.1186 16.1763 16.0781 16.039 15.7516 15.1274 14.395 13.5705 12.4698 11.3427 10.017 8.45844 7.17209 5.74366 5.30266 5.43483 5.2509 5.94125 6.49204 6.70361 6.90434 6.77444 6.62435 6.23807 5.61213 4.97506 3.79751 1.45172 0.193315 0 0 0 0 0 0 0 0
4.7322 4.70963 4.70416 4.61547 5.23814 5.8194 6.2511 6.72842 7.03591 7.12318 7.19799 7.07845 6.7614 6.40282 5.94087 5.21761 4.68906 4.45788 4.46059 4.64686 4.86465 4.64105 4.32801 4.67897 6.44651 8.28435 9.51689 10.1343 10.6364 11.1986 11.6716 12.0098 12.1929 12.2221 12.1071 11.9077 11.6483 11.3841 11.1594 10.9858 10.8605 10.8048 10.8184 10.8681 11.0332 11.276 11.6062 12.0173 13.141 14.8206 15.5899 15.6584 15.5363 15.4295 15.2442 14.8335 14.2019 13.4611 12.6721 11.6796 10.538 9.49102 7.97608 6.18822 4.9986 4.56465 4.65855 4.69753 4.64569 4.84332 5.15254 5.30301 5.25458 5.03677 4.42384 3.64086 1.96978 0.39473 0 0 0 0 0 0 0 0 0
4.88449 4.72821 4.57778 4.42493 5.01275 5.91466 6.29353 6.67392 7.1027 7.30262 7.3536 7.30467 7.05805 6.64961 6.07697 5.2968 4.63432 4.35081 4.33768 4.34991 4.53847 4.29506 3.78744 4.07797 4.87087 7.35981 8.76717 9.48029 9.88064 10.357 10.9915 11.523 11.8577 12.0348 12.076 12.0179 11.8638 11.6609 11.4076 11.1871 11.0344 10.9475 10.8849 10.8666 10.9489 11.0939 11.317 11.6471 12.0772 13.2114 14.3715 14.7804 14.7545 14.6728 14.5291 14.3065 13.8729 13.3255 12.6536 11.7884 10.9446 9.96252 8.49847 6.72438 5.13143 3.75405 3.45461 3.83365 3.64356 3.29361 2.96253 3.28397 3.35046 2.84832 2.34369 1.55532 0.364578 0 0 0 0 0 0 0 0 0 0
5.02271 4.88052 4.64871 4.48798 4.68199 5.54967 6.27561 6.598 7.03226 7.3498 7.40292 7.36738 7.20661 6.85895 6.18635 5.48371 4.6564 4.23521 4.27187 4.19126 4.01523 3.54762 3.00968 2.89783 3.63611 5.42918 7.63261 8.66235 9.25173 9.67162 10.2812 10.933 11.4426 11.7758 11.9479 12.0359 12.0429 11.9508 11.7682 11.5398 11.3394 11.2154 11.1214 11.0462 11.0086 11.0533 11.1719 11.36 11.5572 11.9895 12.7696 13.3157 13.5645 13.692 13.7248 13.6221 13.3765 12.9663 12.4307 11.7741 10.9682 9.97867 8.84216 7.30161 5.8257 3.90054 2.59064 1.90632 1.65313 1.26659 0.851744 0.989202 1.08556 0.686037 0.529702 0.148979 0 0 0 0 0 0 0 0 0 0 0
5.07322 4.86895 4.72469 4.59697 4.55834 4.92032 5.85858 6.54136 6.81839 7.16407 7.34481 7.33414 7.23824 7.02723 6.52953 5.7397 4.82313 4.13017 4.01078 3.84363 3.34937 2.80098 2.01199 1.20999 2.67466 3.84208 5.58802 7.65302 8.7061 9.25908 9.67356 10.3031 10.9249 11.4373 11.7786 11.9864 12.1228 12.156 12.1058 11.9568 11.7518 11.5679 11.4432 11.3192 11.2108 11.1566 11.152 11.1774 11.1649 11.2532 11.5668 11.7022 11.956 12.3178 12.6026 12.7114 12.6695 12.3928 12.0505 11.6145 10.8057 9.95035 8.92095 7.73906 6.43395 4.54894 2.61243 0.586545 0 0 0 0 0 0 0 0 0 0 0 0 0 0 0 0 0 0 0
4.96137 4.79856 4.76642 4.75337 4.71077 4.68659 5.32928 6.29332 6.65119 6.93193 7.20093 7.26002 7.15519 6.91764 6.62134 5.98014 4.99279 4.18249 3.85327 3.35312 2.53056 1.94822 0.87532 0.142286 1.0144 1.71794 3.85933 5.90922 7.92712 9.11848 9.47005 9.86991 10.42 10.9966 11.5183 11.8807 12.129 12.2788 12.3425 12.2964 12.1684 11.9828 11.7822 11.6196 11.4907 11.3463 11.1991 11.036 10.799 10.5786 10.8265 10.6213 10.4697 10.6141 11.1088 11.5029 11.6944 11.7098 11.529 11.1641 10.5538 9.82452 8.92009 7.75458 6.41157 4.84395 2.75399 0.595322 0 0 0 0 0 0 0 0 0 0 0 0 0 0 0 0 0 0 0
4.81923 4.75692 4.79561 4.845 4.82357 4.79442 4.87542 5.60153 6.35479 6.78349 7.01776 7.12207 7.02831 6.75428 6.42615 5.98541 5.18153 4.32933 3.6595 3.08672 2.11496 0.951528 0.174665 0 0 0 1.57915 2.25995 5.4967 7.14568 8.71036 9.67649 10.1529 10.5909 11.1176 11.6528 12.0435 12.3051 12.449 12.5 12.4518 12.3355 12.1464 11.9584 11.774 11.5567 11.2778 10.9039 10.4715 10.0299 9.9707 9.7529 9.5924 9.2818 9.36267 9.9405 10.3717 10.6111 10.6681 10.4583 10.1195 9.46454 8.53253 7.44203 6.29885 4.80872 2.82302 0.625692 0 0 0 0 0 0 0 0 0 0 0 0 0 0 0 0 0 0 0
4.72243 4.69746 4.69275 4.78619 4.84795 4.85346 4.73817 4.82771 5.68914 6.63677 6.86163 6.86911 6.78572 6.53831 6.29085 5.9404 5.53697 4.60614 3.85301 3.04325 2.61873 0.717365 0 0 0 0 0 0 1.75919 2.52024 3.71097 7.96244 9.69645 10.3374 10.7715 11.2224 11.7314 12.1513 12.4085 12.5326 12.5523 12.5115 12.3931 12.223 12.0272 11.7679 11.3844 10.8418 10.2676 9.69655 9.26893 9.04655 8.94732 8.49183 7.96274 8.07845 8.69677 9.17968 9.37062 9.41365 9.18768 8.78172 7.76788 6.90629 5.91714 4.36977 2.69335 0.626362 0 0 0 0 0 0 0 0 0 0 0 0 0 0 0 0 0 0 0
4.76011 4.69319 4.62468 4.62823 4.66341 4.75826 4.79393 4.65549 4.94485 5.8238 6.53945 6.60135 6.51592 6.35643 6.1978 6.01119 5.92642 5.36422 4.52587 3.45827 3.5304 2.62109 0.620118 0 0 0 0 0 0 0 0 3.02202 4.32437 8.31309 10.4949 10.916 11.2723 11.7062 12.0857 12.3301 12.4517 12.4713 12.4051 12.2757 12.1258 11.8771 11.4469 10.7722 10.118 9.51048 9.009 8.77477 8.5076 8.11047 7.4517 6.83244 6.82501 7.40707 7.82323 7.95562 7.90184 7.64988 6.92663 6.1004 5.29047 3.62023 1.59378 0.287316 0 0 0 0 0 0 0 0 0 0 0 0 0 0 0 0 0 0 0
4.93939 4.82846 4.83921 4.65668 4.50864 4.5644 4.63773 4.63067 4.54902 4.96424 5.58324 6.09537 6.20234 6.19797 6.27581 6.30649 6.18912 6.02796 4.98527 4.21212 4.09193 4.06528 1.13915 0 0 0 0 0 0 0 0 0 0 3.07136 8.22231 10.5451 11.0132 11.2439 11.5307 11.8373 12.0904 12.2102 12.1939 12.1119 12.0019 11.7979 11.3482 10.5778 9.89269 9.28113 8.80961 8.65253 8.34066 7.96641 7.33974 6.52626 5.71374 5.35026 5.76419 6.14845 6.25489 6.09851 5.66912 4.91147 4.15734 1.99502 0.345235 0 0 0 0 0 0 0 0 0 0 0 0 0 0 0 0 0 0 0 0
5.14107 5.04096 5.03022 4.88629 4.53567 4.44999 4.64981 4.59399 4.5826 4.94687 4.7857 5.33896 5.95835 6.23358 6.4272 6.59978 6.5267 6.25067 5.65009 5.06365 4.49723 4.06803 2.29228 0.460763 0 0 0 0 0 0 0 0 0 0 2.95333 4.74952 8.32236 10.6326 11.1859 11.2991 11.4667 11.6823 11.7612 11.7522 11.701 11.5195 11.0114 10.2462 9.57463 9.02876 8.68702 8.52394 8.20402 7.80255 7.1441 6.32695 5.45568 4.30197 3.21448 3.43128 3.97131 4.07635 3.82141 3.02202 1.83164 0.414464 0 0 0 0 0 0 0 0 0 0 0 0 0 0 0 0 0 0 0 0 0
5.0165 5.10026 5.07766 5.10891 4.9749 4.73796 4.81155 4.83614 4.91231 5.17429 4.68652 4.80405 5.63352 6.28688 6.49089 6.63797 6.73226 6.53708 6.23279 5.76267 5.03414 4.01752 3.29838 0.882557 0 0 0 0 0 0 0 0 0 0 0 0 2.79278 7.39476 9.92693 10.85 10.958 10.9511 11.088 11.1741 11.1992 10.9956 10.518 9.85732 9.25685 8.83994 8.59802 8.44337 8.09983 7.6327 6.88201 5.95218 5.22541 3.98767 1.86816 1.04154 1.27424 1.3897 1.33635 0.889004 0.203097 0 0 0 0 0 0 0 0 0 0 0 0 0 0 0 0 0 0 0 0 0 0
4.72273 4.98358 5.19044 5.35015 5.42407 5.25139 4.92139 4.96699 5.01669 5.09346 4.81682 4.73192 5.22117 6.10857 6.42641 6.57164 6.71867 6.72176 6.46336 6.06322 5.2088 3.97404 3.5518 0.993259 0 0 0 0 0 0 0 0 0 0 0 0 0 2.2866 4.11268 7.47582 10.015 10.4012 10.4344 10.5035 10.5112 10.3734 10.0133 9.59308 9.12193 8.77404 8.47724 8.28354 7.73804 7.32085 6.53698 5.70331 4.75473 3.2378 1.1571 0.149483 0 0 0 0 0 0 0 0 0 0 0 0 0 0 0 0 0 0 0 0 0 0 0 0 0 0 0
4.56955 4.82871 5.2507 5.48009 5.50962 5.50685 5.04473 5.003 5.11493 5.16231 5.10404 4.95414 4.96883 5.67551 6.11681 6.39173 6.65772 6.66779 6.54794 6.11308 5.04758 4.34852 4.03367 2.84451 0.676925 0 0 0 0 0 0 0 0 0 0 0 0 0 0 2.19662 6.27683 8.30336 9.48676 9.88673 9.88747 9.84817 9.72681 9.50826 9.10157 8.58256 8.29423 7.83235 7.10153 6.68707 5.86968 5.11976 4.13556 1.99817 0.361399 0 0 0 0 0 0 0 0 0 0 0 0 0 0 0 0 0 0 0 0 0 0 0 0 0 0 0 0
4.77643 4.75575 5.16647 5.40354 5.41027 5.41796 5.15279 5.08296 5.34285 5.42682 5.36649 5.36574 5.18023 5.37699 5.84555 6.21409 6.41695 6.50357 6.49527 5.97224 5.02037 4.88851 4.65899 4.66629 1.32581 0 0 0 0 0 0 0 0 0 0 0 0 0 0 0 1.6874 3.07056 6.16328 8.57515 9.08868 8.98504 8.96593 8.71057 8.4269 8.04898 7.80654 7.06992 6.36316 5.42633 4.70484 3.64293 2.11472 0.614095 0.058263 0 0 0 0 0 0 0 0 0 0 0 0 0 0 0 0 0 0 0 0 0 0 0 0 0 0 0 0
5.75239 5.04107 4.93857 5.23416 5.29783 5.26252 5.24116 5.18187 5.42289 5.58135 5.54424 5.69863 5.57615 5.24653 5.52098 5.77684 6.00641 6.14928 6.04655 5.67335 5.28562 5.36024 5.57783 5.11933 3.12225 0.680591 0 0 0 0 0 0 0 0 0 0 0 0 0 0 0 0 1.76763 3.65275 6.33962 7.07241 7.05548 6.91971 6.72822 6.67479 6.59032 5.95083 5.15976 3.84114 3.08395 1.58827 0.296134 0 0 0 0 0 0 0 0 0 0 0 0 0 0 0 0 0 0 0 0 0 0 0 0 0 0 0 0 0 0
6.6098 5.46505 4.81616 4.91913 5.15265 5.24724 5.31363 5.37799 5.53848 5.73129 5.72555 5.75842 5.70046 5.46015 5.06478 5.10837 5.36355 5.51657 5.47189 5.56301 5.80375 5.93004 6.20572 5.3141 4.62133 2.74829 0.579942 0 0 0 0 0 0 0 0 0 0 0 0 0 0 0 0 0.0870393 2.03122 2.73212 3.81419 4.27315 4.40184 4.48819 3.99382 3.56416 3.1822 1.77163 1.03915 0.267474 0 0 0 0 0 0 0 0 0 0 0 0 0 0 0 0 0 0 0 0 0 0 0 0 0 0 0 0 0 0 0
6.79821 6.30172 5.11897 4.70275 4.87517 5.2833 5.24851 5.36825 5.61059 5.81774 5.84724 5.74754 5.67364 5.48989 4.62266 4.69952 4.8983 5.09471 5.40265 5.90233 6.32278 6.32844 6.27385 5.68345 4.86795 4.11429 2.43902 0.524167 0 0 0 0 0 0 0 0 0 0 0 0 0 0 0 0 0 0 0.919942 2.10585 2.61231 2.14399 1.22413 0.939655 0.968845 0.276011 0 0 0 0 0 0 0 0 0 0 0 0 0 0 0 0 0 0 0 0 0 0 0 0 0 0 0 0 0 0 0 0 0
6.70239 6.69399 5.96047 4.8528 4.58739 4.96947 5.12742 5.19576 5.39948 5.76697 5.85114 5.67307 5.58452 5.206 4.63083 4.44466 4.55103 4.9287 5.59991 6.36332 6.7923 6.56072 6.2098 6.03838 5.33107 4.36305 3.74753 2.36749 0.528623 0 0 0 0 0 0 0 0 0 0 0 0 0 0 0 0 0 0 0.689652 0.959516 0.494833 0.0880314 0 0 0 0 0 0 0 0 0 0 0 0 0 0 0 0 0 0 0 0 0 0 0 0 0 0 0 0 0 0 0 0 0 0 0 0
6.54483 6.41357 6.23889 5.35617 4.56436 4.69611 5.14633 5.13572 5.04266 5.39539 5.60649 5.45836 5.22936 4.8654 4.49654 4.03397 4.15709 5.0278 5.82544 6.56568 6.96623 6.72978 6.31874 6.22428 5.69872 4.64234 3.96387 3.67472 2.21444 0.468709 0 0 0 0 0 0 0 0 0 0 0 0 0 0 0 0 0 0 0 0 0 0 0 0 0 0 0 0 0 0 0 0 0 0 0 0 0 0 0 0 0 0 0 0 0 0 0 0 0 0 0 0 0 0 0 0 0
6.45101 6.17652 5.92141 5.57995 5.04579 4.80996 4.96626 5.12187 4.95616 4.88473 5.02793 5.21429 4.82922 4.53911 4.19795 3.7671 3.97671 5.3071 6.09672 6.54437 6.82618 6.80268 6.48633 6.25174 5.98107 5.0666 4.13936 3.77338 3.42046 0.928755 0 0 0 0 0 0 0 0 0 0 0 0 0 0 0 0 0 0 0 0 0 0 0 0 0 0 0 0 0 0 0 0 0 0 0 0 0 0 0 0 0 0 0 0 0 0 0 0 0 0 0 0 0 0 0 0 0
5.27955 5.87946 5.68433 5.47418 5.29333 4.87193 4.8287 5.10288 5.15105 4.80083 4.62079 4.8331 4.5253 4.11766 3.79843 3.82417 4.07522 5.26975 6.05676 6.35487 6.63549 6.82976 6.65691 6.21699 5.99127 5.29984 4.48641 3.88023 3.5468 2.1697 0.466484 0 0 0 0 0 0 0 0 0 0 0 0 0 0 0 0 0 0 0 0 0 0 0 0 0 0 0 0 0 0 0 0 0 0 0 0 0 0 0 0 0 0 0 0 0 0 0 0 0 0 0 0 0 0 0 0
