benchmarks/avaHit/relHit_null_ref_0.15500_pv.asc
ncols         524
nrows         444
xllcenter     272770
yllcenter     357500
cellsize      5
NODATA_value  -9999
[rows 39 to 77 of 444, columns 174 to 260 of 524]
9.08023 9.41431 9.87254 10.4699 11.0282 11.443 11.7826 12.2972 12.909 13.2922 13.4115 13.293 13.1045 12.9892 12.9615 13.0841 13.2979 13.5219 13.8032 14.0404 14.106 13.8638 13.2875 12.8328 12.7647 12.5982 12.2122 11.935 11.8841 8.15955 1.88456 0 0 0 0 0 0 0 0 0 0 0 0 0 0 0 0 0 0 0 0 0 0 0 0 0 0 0 0 0 0 0 0 0 0 0 0 0 0 0 0 0 0 0 0 0 0 0 0 0 0 0 0 0 0 0 0
9.63248 10.0826 10.6199 11.2899 11.9175 12.361 12.6766 13.1202 13.5751 13.8907 14.0278 13.9185 13.61 13.3115 13.2371 13.4589 13.798 14.1151 14.3945 14.5785 14.6008 14.4192 13.9725 13.2925 13.1246 13.1259 12.9352 12.6753 12.6195 12.7354 8.69028 1.99426 0 0 0 0 0 0 0 0 0 0 0 0 0 0 0 0 0 0 0 0 0 0 0 0 0 0 0 0 0 0 0 0 0 0 0 0 0 0 0 0 0 0 0 0 0 0 0 0 0 0 0 0 0 0 0
10.3835 10.9125 11.5363 12.2065 12.7627 13.1159 13.3269 13.6567 13.9664 14.1815 14.3024 14.2712 14.0433 13.7339 13.7048 13.9624 14.3196 14.7037 15.0346 15.1783 15.0842 14.8135 14.4055 13.7658 13.4851 13.6054 13.7447 13.7369 13.6095 13.4296 13.541 8.88432 1.97913 0 0 0 0 0 0 0 0 0 0 0 0 0 0 0 0 0 0 0 0 0 0 0 0 0 0 0 0 0 0 0 0 0 0 0 0 0 0 0 0 0 0 0 0 0 0 0 0 0 0 0 0 0 0
11.2667 11.8252 12.4491 13.0238 13.4132 13.6634 13.7784 13.9212 14.1413 14.3144 14.3849 14.411 14.3868 14.25 14.3271 14.593 14.9015 15.2866 15.6445 15.7657 15.546 15.1448 14.7213 14.288 14.1079 14.345 14.6491 14.8075 14.75 14.3742 14.1025 13.7318 8.69884 1.9063 0 0 0 0 0 0 0 0 0 0 0 0 0 0 0 0 0 0 0 0 0 0 0 0 0 0 0 0 0 0 0 0 0 0 0 0 0 0 0 0 0 0 0 0 0 0 0 0 0 0 0 0 0
12.0912 12.632 13.1599 13.5976 13.856 14.0248 14.1054 14.1448 14.2246 14.3317 14.4153 14.4863 14.6819 14.8363 14.9893 15.203 15.4876 15.8534 16.2002 16.2896 16.045 15.6769 15.3421 15.0929 15.0623 15.2977 15.5455 15.6369 15.5506 15.2076 14.6118 14.1719 13.5337 8.38815 1.8161 0 0 0 0 0 0 0 0 0 0 0 0 0 0 0 0 0 0 0 0 0 0 0 0 0 0 0 0 0 0 0 0 0 0 0 0 0 0 0 0 0 0 0 0 0 0 0 0 0 0 0 0
12.7321 13.1885 13.6185 13.966 14.1707 14.2985 14.3805 14.3922 14.3713 14.47 14.657 14.8655 15.1836 15.4832 15.642 15.784 16.0538 16.4315 16.7727 16.8494 16.6929 16.5204 16.397 16.2494 16.1431 16.1759 16.2339 16.1718 15.9825 15.6484 15.1006 14.4404 14.0277 13.2538 8.05191 1.7217 0 0 0 0 0 0 0 0 0 0 0 0 0 0 0 0 0 0 0 0 0 0 0 0 0 0 0 0 0 0 0 0 0 0 0 0 0 0 0 0 0 0 0 0 0 0 0 0 0 0 0
13.2453 13.5683 13.9128 14.2128 14.4259 14.5669 14.6398 14.6358 14.6838 14.893 15.1587 15.4579 15.7747 16.0347 16.188 16.3535 16.6554 17.0559 17.3642 17.4542 17.4291 17.479 17.5501 17.4081 17.0919 16.835 16.6671 16.4725 16.2137 15.8499 15.4037 14.8478 14.2712 13.9598 13.0766 7.67616 1.60006 0 0 0 0 0 0 0 0 0 0 0 0 0 0 0 0 0 0 0 0 0 0 0 0 0 0 0 0 0 0 0 0 0 0 0 0 0 0 0 0 0 0 0 0 0 0 0 0 0 0
13.7452 13.859 14.1586 14.4064 14.6325 14.8068 14.8831 14.8972 15.1075 15.3906 15.6548 15.9235 16.186 16.402 16.616 16.9 17.2821 17.6699 17.91 18.0105 18.1259 18.3402 18.4991 18.3584 17.8868 17.3651 17.0013 16.6906 16.3703 15.9771 15.5951 15.2683 14.8372 14.3869 14.1556 12.8464 3.47362 0 0 0 0 0 0 0 0 0 0 0 0 0 0 0 0 0 0 0 0 0 0 0 0 0 0 0 0 0 0 0 0 0 0 0 0 0 0 0 0 0 0 0 0 0 0 0 0 0 0
14.4429 14.1945 14.37 14.5721 14.7593 14.9536 15.0437 15.1818 15.4941 15.7701 15.9741 16.1875 16.4106 16.6366 16.9498 17.3736 17.8183 18.183 18.3909 18.5281 18.7418 19.0283 19.2076 19.0877 18.5803 17.9528 17.4312 17.017 16.6025 16.1589 15.8305 15.6877 15.543 15.153 14.6602 14.2026 8.99282 1.96954 0 0 0 0 0 0 0 0 0 0 0 0 0 0 0 0 0 0 0 0 0 0 0 0 0 0 0 0 0 0 0 0 0 0 0 0 0 0 0 0 0 0 0 0 0 0 0 0 0
15.3892 14.59 14.5058 14.651 14.7742 14.9205 15.0682 15.3758 15.7111 15.9439 16.0623 16.2291 16.4783 16.7894 17.2244 17.7506 18.2408 18.6164 18.8652 19.08 19.3101 19.5554 19.7068 19.6148 19.2157 18.6685 18.1196 17.6249 17.1201 16.6111 16.2861 16.2385 16.2359 15.9619 15.339 14.6661 13.9191 7.33195 1.36141 0 0 0 0 0 0 0 0 0 0 0 0 0 0 0 0 0 0 0 0 0 0 0 0 0 0 0 0 0 0 0 0 0 0 0 0 0 0 0 0 0 0 0 0 0 0 0 0
16.3515 15.2249 14.6401 14.5671 14.6215 14.7013 14.9261 15.2937 15.6217 15.8337 15.9603 16.1753 16.5301 16.9827 17.5327 18.1077 18.6157 19.0363 19.3681 19.6325 19.8195 19.9524 20.0286 19.9666 19.7534 19.4467 19.0345 18.5219 17.9949 17.4575 17.0747 16.9462 16.9074 16.6236 16.0316 15.2443 14.6949 12.5639 3.31264 0 0 0 0 0 0 0 0 0 0 0 0 0 0 0 0 0 0 0 0 0 0 0 0 0 0 0 0 0 0 0 0 0 0 0 0 0 0 0 0 0 0 0 0 0 0 0 0
17.2873 16.0581 14.9178 14.4571 14.4279 14.4845 14.6595 14.9399 15.2623 15.5874 15.8929 16.276 16.7811 17.3437 17.9114 18.4559 18.9528 19.4139 19.8195 20.0914 20.2138 20.2495 20.2591 20.2256 20.179 20.1511 19.9866 19.593 19.1029 18.6029 18.165 17.8319 17.5458 17.2041 16.7307 16.0104 15.3644 14.9538 9.66722 2.14768 0 0 0 0 0 0 0 0 0 0 0 0 0 0 0 0 0 0 0 0 0 0 0 0 0 0 0 0 0 0 0 0 0 0 0 0 0 0 0 0 0 0 0 0 0 0 0
18.1972 16.9171 15.4733 14.6248 14.3908 14.4306 14.5309 14.7066 15.0094 15.4856 16.0382 16.6022 17.1953 17.7674 18.2481 18.7056 19.1958 19.6973 20.1536 20.4443 20.5322 20.5193 20.4878 20.4777 20.569 20.7532 20.8183 20.6351 20.2552 19.8509 19.4066 18.869 18.2732 17.9031 17.5742 17.0225 16.2656 15.7391 15.1671 9.89647 2.2229 0 0 0 0 0 0 0 0 0 0 0 0 0 0 0 0 0 0 0 0 0 0 0 0 0 0 0 0 0 0 0 0 0 0 0 0 0 0 0 0 0 0 0 0 0 0
19.0262 17.8004 16.2903 15.0631 14.5308 14.5015 14.6146 14.8114 15.1427 15.6806 16.3102 16.9164 17.4944 18.0177 18.423 18.8018 19.2828 19.8381 20.3584 20.7034 20.8297 20.8322 20.8082 20.908 21.1166 21.3507 21.5045 21.4943 21.3116 20.9885 20.5754 19.9363 19.1256 18.7452 18.5215 18.1424 17.4226 16.4601 15.8695 15.4457 9.40811 1.99467 0 0 0 0 0 0 0 0 0 0 0 0 0 0 0 0 0 0 0 0 0 0 0 0 0 0 0 0 0 0 0 0 0 0 0 0 0 0 0 0 0 0 0 0 0
19.7551 18.6631 17.2541 15.7442 14.9954 14.8895 14.9695 15.1808 15.5157 15.989 16.4798 16.9804 17.5157 18.0086 18.3975 18.7441 19.2124 19.811 20.4037 20.8377 21.0842 21.2142 21.3567 21.6719 21.905 22.0076 22.1072 22.1765 22.1447 21.9133 21.5327 20.9518 20.1413 19.7039 19.5039 19.1896 18.5634 17.5467 16.5028 16.021 15.0729 4.14344 0 0 0 0 0 0 0 0 0 0 0 0 0 0 0 0 0 0 0 0 0 0 0 0 0 0 0 0 0 0 0 0 0 0 0 0 0 0 0 0 0 0 0 0 0
20.4202 19.5178 18.323 16.8407 15.8572 15.6482 15.6497 15.7271 15.915 16.1878 16.4968 16.8896 17.3803 17.8766 18.2477 18.5696 19.0145 19.6167 20.2825 20.8896 21.3922 21.7301 22.0424 22.4322 22.6474 22.6728 22.6841 22.71 22.6859 22.5491 22.267 21.8936 21.2802 20.7312 20.4466 20.1127 19.5588 18.7369 17.6847 16.6829 16.1249 10.5342 2.35989 0 0 0 0 0 0 0 0 0 0 0 0 0 0 0 0 0 0 0 0 0 0 0 0 0 0 0 0 0 0 0 0 0 0 0 0 0 0 0 0 0 0 0 0
21.0627 20.3619 19.4151 18.0945 16.8413 16.484 16.3869 16.2533 16.2201 16.2827 16.4314 16.7384 17.1965 17.6604 17.9939 18.2928 18.7255 19.3286 20.1491 21.1302 22.0321 22.4809 22.7802 23.1031 23.2932 23.3037 23.2122 23.084 22.9766 22.9232 22.8502 22.6757 22.2836 21.6629 21.2685 20.9353 20.4821 19.8523 18.997 17.8432 16.7087 16.0069 10.554 2.38519 0 0 0 0 0 0 0 0 0 0 0 0 0 0 0 0 0 0 0 0 0 0 0 0 0 0 0 0 0 0 0 0 0 0 0 0 0 0 0 0 0 0 0
21.6637 21.1571 20.4166 19.2827 17.8425 17.2618 17.0373 16.7332 16.4589 16.3167 16.2978 16.4739 16.8595 17.2352 17.523 17.8602 18.3571 19.1125 20.3285 21.7515 22.8359 23.2799 23.5421 23.8201 23.9458 23.8798 23.6436 23.3331 23.1392 23.1661 23.2709 23.2145 22.9802 22.4825 22.0158 21.6946 21.3282 20.8282 20.0974 19.0571 17.7719 16.6384 16.0605 9.70268 2.04134 0 0 0 0 0 0 0 0 0 0 0 0 0 0 0 0 0 0 0 0 0 0 0 0 0 0 0 0 0 0 0 0 0 0 0 0 0 0 0 0 0 0
22.2051 21.8883 21.3009 20.3507 18.9375 18.0351 17.6492 17.2405 16.7551 16.3449 16.1049 16.1033 16.3169 16.5754 16.863 17.3926 18.0568 19.0489 20.7684 22.363 23.2905 23.7649 24.112 24.3937 24.4665 24.3257 24.0012 23.5925 23.3341 23.3592 23.4876 23.524 23.4137 23.1572 22.7083 22.394 22.0892 21.6452 20.9974 20.0612 18.8686 17.5872 16.5597 15.1967 8.60919 1.74384 0 0 0 0 0 0 0 0 0 0 0 0 0 0 0 0 0 0 0 0 0 0 0 0 0 0 0 0 0 0 0 0 0 0 0 0 0 0 0 0 0
22.6599 22.5067 22.0374 21.207 19.954 18.7478 18.1791 17.7155 17.0791 16.3822 15.8793 15.6899 15.7297 15.8886 16.3769 17.3135 18.0905 19.1159 20.9222 22.3932 23.256 23.8344 24.3017 24.6253 24.7145 24.6146 24.345 23.962 23.6535 23.5703 23.6037 23.6753 23.7074 23.6069 23.3176 23.0456 22.7848 22.3786 21.7481 20.8813 19.9021 18.8873 17.8123 16.5074 14.5306 9.18564 2.06356 0 0 0 0 0 0 0 0 0 0 0 0 0 0 0 0 0 0 0 0 0 0 0 0 0 0 0 0 0 0 0 0 0 0 0 0 0 0 0 0
22.9878 22.9489 22.6008 21.8717 20.7632 19.3548 18.6048 18.0851 17.3199 16.4156 15.6865 15.3495 15.3495 15.6273 16.5008 17.6152 18.2484 19.0496 20.5001 21.863 22.8442 23.5373 24.082 24.4759 24.7032 24.7784 24.6636 24.3763 24.079 23.8782 23.7575 23.7444 23.8377 23.8631 23.784 23.6345 23.4459 23.0733 22.4397 21.6395 20.9598 20.4798 19.6304 18.0082 16.4778 15.4235 9.67721 2.11775 0 0 0 0 0 0 0 0 0 0 0 0 0 0 0 0 0 0 0 0 0 0 0 0 0 0 0 0 0 0 0 0 0 0 0 0 0 0 0
23.2163 23.2424 22.9988 22.3946 21.4222 20.0413 19.043 18.3681 17.5541 16.5607 15.722 15.2871 15.3395 15.8992 16.9431 17.7489 18.1802 18.8022 19.8774 21.1054 22.1223 22.8942 23.5187 24.0624 24.5196 24.8153 24.8795 24.7592 24.5625 24.3128 24.0042 23.7782 23.7921 23.9551 24.0839 24.1018 24.0202 23.6762 23.0875 22.4092 21.9808 21.777 21.0912 19.6988 17.7489 16.7702 15.8811 10.3918 4.50858 0.844549 0 0 0 0 0 0 0 0 0 0 0 0 0 0 0 0 0 0 0 0 0 0 0 0 0 0 0 0 0 0 0 0 0 0 0 0 0
23.3634 23.3946 23.2128 22.7567 21.9543 20.7927 19.5689 18.7283 17.9505 16.9708 16.1159 15.6508 15.7555 16.3321 17.0644 17.5396 17.9147 18.4554 19.2596 20.1979 21.1124 21.9429 22.7254 23.4863 24.1864 24.6813 24.9439 25.0512 25.0131 24.7848 24.3518 23.9073 23.7589 23.9447 24.2323 24.3511 24.3531 24.0888 23.6291 23.1351 22.7988 22.5383 22.0496 21.0183 19.4865 17.9455 17.3643 16.7136 13.1343 9.66988 6.03259 1.38912 0 0 0 0 0 0 0 0 0 0 0 0 0 0 0 0 0 0 0 0 0 0 0 0 0 0 0 0 0 0 0 0 0 0 0
23.4296 23.4135 23.2649 22.9597 22.4066 21.5096 20.3093 19.3704 18.5803 17.6633 16.8039 16.4508 16.6809 17.1045 17.4895 17.7783 18.026 18.3496 18.7894 19.2789 19.9635 20.8374 21.7855 22.7648 23.6538 24.3368 24.838 25.1832 25.3231 25.1926 24.7874 24.2861 23.9625 23.9799 24.2111 24.3378 24.3674 24.2665 24.0295 23.7506 23.4819 23.2021 22.8293 22.2301 21.426 20.1724 18.945 18.0873 17.5379 16.9666 14.5809 7.6518 1.48485 0 0 0 0 0 0 0 0 0 0 0 0 0 0 0 0 0 0 0 0 0 0 0 0 0 0 0 0 0 0 0 0 0 0
23.431 23.3376 23.2585 23.1657 22.8956 22.2625 21.2782 20.2689 19.4378 18.6032 17.7096 17.5073 17.7905 18.0603 18.2447 18.3544 18.3873 18.418 18.5124 18.7046 19.103 19.7946 20.7652 21.85 22.8654 23.7652 24.535 25.1062 25.4212 25.459 25.2242 24.8368 24.4332 24.1575 24.0765 24.0844 24.1052 24.1976 24.2405 24.193 24.0681 23.836 23.5503 23.4231 23.2947 22.513 21.1053 19.967 19.0289 18.0952 17.8135 14.713 3.7976 0 0 0 0 0 0 0 0 0 0 0 0 0 0 0 0 0 0 0 0 0 0 0 0 0 0 0 0 0 0 0 0 0 0
23.3956 23.2746 23.3674 23.5621 23.5074 23.0563 22.2559 21.2263 20.4153 19.643 18.7113 18.5306 18.7169 18.8123 18.8121 18.7579 18.6058 18.3904 18.2817 18.3995 18.6826 19.1015 19.776 20.7523 21.8402 22.9564 23.9785 24.7555 25.2623 25.5184 25.5252 25.3313 24.9588 24.444 23.9657 23.7055 23.6644 23.8904 24.1694 24.3403 24.3423 24.1661 24.0542 24.5073 24.7455 24.0666 23.0362 22.306 21.2577 19.8183 18.5083 17.3822 10.8023 2.34765 0 0 0 0 0 0 0 0 0 0 0 0 0 0 0 0 0 0 0 0 0 0 0 0 0 0 0 0 0 0 0 0 0
23.4556 23.4427 23.7598 24.0967 24.1174 23.7924 23.14 22.2023 21.4049 20.6289 19.6635 19.4058 19.4691 19.4277 19.2787 19.064 18.7485 18.3792 18.1281 18.1653 18.4174 18.7086 19.0304 19.6527 20.7152 21.9582 23.1452 24.1036 24.8361 25.3336 25.5659 25.5554 25.2708 24.6953 23.9828 23.4319 23.2322 23.4204 23.8214 24.1077 24.1254 23.9352 23.9986 25.0331 25.7999 25.2901 24.8019 24.3856 23.1711 21.4457 19.5444 17.8901 16.0764 4.36965 0 0 0 0 0 0 0 0 0 0 0 0 0 0 0 0 0 0 0 0 0 0 0 0 0 0 0 0 0 0 0 0 0
23.8208 24.0178 24.4528 24.7504 24.7919 24.5343 23.9831 23.1728 22.3531 21.5735 20.5806 20.2063 20.1448 19.9968 19.7034 19.3088 18.8662 18.419 18.0808 17.9884 18.1149 18.3124 18.5484 18.9054 19.6598 20.8193 22.0555 23.1816 24.1492 24.8571 25.2698 25.4296 25.298 24.8338 24.1277 23.4232 23.0273 23.0205 23.34 23.6093 23.5736 23.3822 23.5454 25.0871 26.5994 26.574 26.4908 25.8573 24.4277 22.4911 20.6598 18.6099 16.5637 4.50051 0 0 0 0 0 0 0 0 0 0 0 0 0 0 0 0 0 0 0 0 0 0 0 0 0 0 0 0 0 0 0 0 0
24.4912 24.7921 25.2812 25.62 25.6491 25.3365 24.7971 24.0712 23.246 22.5047 21.5464 21.048 20.879 20.62 20.1683 19.6156 19.0553 18.5375 18.1048 17.8225 17.771 17.9168 18.2265 18.6092 19.0864 19.8292 20.852 22.0663 23.1857 24.0449 24.639 25.0159 25.1152 24.8782 24.3437 23.6712 23.1324 22.886 22.9039 23.0772 23.12 23.0636 23.3912 25.4433 27.3752 27.6832 27.3677 26.3402 24.9342 22.9375 21.262 19.3178 17.2407 4.68632 0 0 0 0 0 0 0 0 0 0 0 0 0 0 0 0 0 0 0 0 0 0 0 0 0 0 0 0 0 0 0 0 0
25.0993 25.3658 25.8414 26.2546 26.3152 26.0111 25.4977 24.848 24.0783 23.3686 22.5263 21.9462 21.7088 21.3608 20.765 20.0672 19.3514 18.7104 18.1299 17.771 17.7339 17.9391 18.3218 18.7765 19.2026 19.6327 20.2393 21.0018 21.9732 22.9236 23.7286 24.3734 24.762 24.8131 24.5401 24.0335 23.4436 22.984 22.7312 22.762 23.1449 23.4284 24.1925 26.4861 28.1159 28.255 27.4884 26.3567 25.052 23.3244 21.2111 19.5388 17.7717 12.1833 2.86988 0 0 0 0 0 0 0 0 0 0 0 0 0 0 0 0 0 0 0 0 0 0 0 0 0 0 0 0 0 0 0 0
25.651 25.9632 26.2845 26.5718 26.6484 26.4668 26.0782 25.5497 24.8844 24.1963 23.4776 22.8216 22.5491 22.1831 21.5036 20.6494 19.7307 18.892 18.1838 17.9318 18.0276 18.2971 18.6496 19.0789 19.5108 19.9128 20.2834 20.5788 21.0256 21.6709 22.6084 23.5389 24.2274 24.5808 24.5934 24.2972 23.7763 23.2405 22.9298 23.017 23.6761 24.4724 25.8476 27.5843 28.3853 28.3484 27.6914 26.6865 25.4688 23.6168 21.2828 19.8243 18.7699 19.8614 5.7385 0 0 0 0 0 0 0 0 0 0 0 0 0 0 0 0 0 0 0 0 0 0 0 0 0 0 0 0 0 0 0 0
26.4439 26.8598 26.9254 26.9466 26.9443 26.8663 26.6583 26.2846 25.7668 25.1398 24.5502 23.8892 23.5633 23.1088 22.3092 21.2868 20.153 19.1329 18.4172 18.2453 18.3457 18.5808 18.8598 19.2084 19.6487 20.0564 20.351 20.5218 20.6304 20.8613 21.4696 22.5198 23.482 24.1162 24.4143 24.3771 24.0718 23.7112 23.5836 23.8776 24.8157 26.2178 27.726 28.2302 28.2821 28.2778 27.9259 27.1072 26.1352 24.0973 21.9318 20.8205 20.6875 22.3791 6.47703 0 0 0 0 0 0 0 0 0 0 0 0 0 0 0 0 0 0 0 0 0 0 0 0 0 0 0 0 0 0 0 0
27.3338 27.6527 27.5401 27.3924 27.3407 27.3342 27.2812 27.1336 26.9192 26.5876 26.2843 25.6953 24.9285 24.0848 23.0807 21.9313 20.6672 19.4799 18.7911 18.5898 18.599 18.7182 18.9445 19.2468 19.6468 19.9997 20.1989 20.2822 20.3736 20.5325 20.8109 21.4637 22.4968 23.4198 24.0396 24.3444 24.4018 24.4517 24.5926 25.2627 26.6944 28.1469 28.7718 28.2996 28.1193 28.1809 27.9301 27.3641 26.6072 24.8481 22.8398 22.3241 22.9916 24.5201 17.1604 3.96159 0 0 0 0 0 0 0 0 0 0 0 0 0 0 0 0 0 0 0 0 0 0 0 0 0 0 0 0 0 0 0
27.9373 28.0799 27.9498 27.8298 27.8156 27.8865 27.9899 28.0758 28.1051 28.1042 28.0214 27.2951 25.9663 24.782 23.7016 22.5647 21.2792 19.9344 19.1786 18.9002 18.7938 18.7781 18.9085 19.1786 19.4994 19.7316 19.8415 19.8996 20.0232 20.2415 20.4912 20.8221 21.5405 22.6409 23.6484 24.354 24.7825 25.1877 25.864 27.1763 28.6198 29.2817 28.9611 28.1784 28.0106 28.0223 27.7768 27.4367 26.8285 25.4547 23.9144 23.9882 24.9284 25.7351 25.6808 14.7514 2.95703 0 0 0 0 0 0 0 0 0 0 0 0 0 0 0 0 0 0 0 0 0 0 0 0 0 0 0 0 0 0
28.0697 28.2187 28.2113 28.2989 28.4542 28.6547 28.8525 28.9047 28.8528 28.7493 28.5965 27.784 26.2889 25.0887 24.1212 23.1034 21.8799 20.4448 19.517 19.156 18.966 18.8404 18.8125 18.9602 19.1643 19.2995 19.3698 19.4409 19.6026 19.8246 20.0872 20.5113 21.149 22.1775 23.4883 24.5889 25.3631 26.2552 27.6317 29.0652 29.8708 29.8822 29.2834 28.4859 28.0015 27.75 27.5532 27.3665 26.9226 25.9481 24.9926 25.355 26.0124 26.0003 25.1953 22.1131 12.3885 2.53434 0 0 0 0 0 0 0 0 0 0 0 0 0 0 0 0 0 0 0 0 0 0 0 0 0 0 0 0 0
27.8748 28.2407 28.5356 28.965 29.3913 29.6315 29.6579 29.4781 29.2002 28.8302 28.4166 27.675 26.3808 25.2636 24.3995 23.5018 22.3667 20.9287 19.7926 19.3525 19.1332 18.9126 18.708 18.6385 18.6921 18.7528 18.8151 18.8795 19.0257 19.2983 19.7391 20.4251 21.2961 22.308 23.5768 25.0711 26.5152 27.9506 29.3639 30.2864 30.6032 30.4444 29.9136 29.2065 28.3866 27.9257 27.6569 27.391 26.9992 26.3074 25.7404 25.9841 26.3523 26.0908 25.2233 23.1346 20.1845 11.6506 2.43422 0 0 0 0 0 0 0 0 0 0 0 0 0 0 0 0 0 0 0 0 0 0 0 0 0 0 0 0
27.686 28.3336 29.071 29.7948 30.307 30.3863 30.1264 29.7464 29.336 28.8754 28.3028 27.5681 26.5258 25.4352 24.5982 23.7886 22.7636 21.426 20.0623 19.519 19.2614 18.9376 18.5727 18.2957 18.1903 18.1771 18.1831 18.2443 18.4431 18.958 19.7572 20.6373 21.5141 22.5958 23.9917 25.8359 27.7314 29.1477 30.1747 30.8442 31.1429 31.0906 30.7472 30.1757 29.555 29.2923 28.7054 27.8289 27.176 26.5466 26.0782 26.1336 26.4233 26.2805 25.2726 23.4342 22.018 19.5133 12.1227 2.68991 0 0 0 0 0 0 0 0 0 0 0 0 0 0 0 0 0 0 0 0 0 0 0 0 0 0 0
27.6212 28.5474 29.6178 30.4103 30.7488 30.6098 30.1875 29.7652 29.3787 28.9497 28.3973 27.6368 26.6958 25.5651 24.733 24.0033 23.1141 21.9163 20.4522 19.7068 19.3268 18.8959 18.4093 18.0168 17.7707 17.671 17.6279 17.7508 18.2171 19.0135 19.9633 20.83 21.6873 22.869 24.6643 26.82 28.5771 29.7522 30.6287 31.2999 31.6842 31.7873 31.606 31.1671 30.8095 30.5475 29.8035 28.7046 27.7501 26.8695 26.1769 26.1388 26.3407 26.2495 25.316 23.9286 22.4629 21.2781 19.624 12.31 2.71549 0 0 0 0 0 0 0 0 0 0 0 0 0 0 0 0 0 0 0 0 0 0 0 0 0 0
27.7072 28.8372 29.9043 30.518 30.6126 30.3779 30.0141 29.6914 29.405 29.0633 28.5656 27.8177 26.8719 25.7146 24.8376 24.1462 23.3643 22.3078 20.9365 19.9014 19.3591 18.8722 18.3531 17.8937 17.5607 17.3605 17.3394 17.6042 18.2642 19.1337 20.1086 21.0546 22.1263 23.5208 25.534 27.7983 29.289 30.3178 31.1406 31.7627 32.1823 32.3654 32.2733 31.9122 31.4768 30.9604 30.2689 29.4297 28.4844 27.4308 26.5367 26.0951 26.2142 26.3544 25.8724 24.7314 23.2191 21.7308 20.6237 19.249 11.9026 2.58652 0 0 0 0 0 0 0 0 0 0 0 0 0 0 0 0 0 0 0 0 0 0 0 0 0
