benchmarks/avaHit/relHit_null_ref_0.15500_ppr.asc
ncols         523
nrows         444
xllcenter     272775
yllcenter     357500
cellsize      5
NODATA_value  -9999
[rows 39 to 77 of 444, columns 174 to 260 of 523]
17.7454 19.5237 21.9688 24.3736 26.2398 27.8251 30.2992 33.3815 35.3757 36.0063 35.3719 34.3624 33.7487 33.6036 34.2479 35.383 36.588 38.1256 39.4424 39.8087 38.4667 35.3595 32.9577 32.6 31.7678 29.8604 28.5045 28.2807 19.9694 4.69873 0 0 0 0 0 0 0 0 0 0 0 0 0 0 0 0 0 0 0 0 0 0 0 0 0 0 0 0 0 0 0 0 0 0 0 0 0 0 0 0 0 0 0 0 0 0 0 0 0 0 0 0 0 0 0 0 0
20.371 22.6049 25.5508 28.4606 30.6037 32.1714 34.4668 36.8781 38.6006 39.3665 38.7588 37.0629 35.4484 35.0482 36.2384 38.0934 39.8685 41.4618 42.5219 42.6484 41.5966 39.0759 35.3689 34.4539 34.4669 33.495 32.1795 31.8751 32.4555 22.6356 5.26167 0 0 0 0 0 0 0 0 0 0 0 0 0 0 0 0 0 0 0 0 0 0 0 0 0 0 0 0 0 0 0 0 0 0 0 0 0 0 0 0 0 0 0 0 0 0 0 0 0 0 0 0 0 0 0 0
23.8673 26.6823 29.8638 32.6197 34.4296 35.5381 37.3138 39.0201 40.2267 40.9127 40.7366 39.4541 37.7397 37.5836 39.0139 41.0316 43.263 45.2334 46.0973 45.5197 43.897 41.5158 37.9363 36.3814 37.0383 37.8231 37.809 37.1232 36.1079 36.7005 23.6639 5.18212 0 0 0 0 0 0 0 0 0 0 0 0 0 0 0 0 0 0 0 0 0 0 0 0 0 0 0 0 0 0 0 0 0 0 0 0 0 0 0 0 0 0 0 0 0 0 0 0 0 0 0 0 0 0 0
28.0241 31.0496 33.9606 36.0014 37.3504 37.9759 38.7635 39.9979 40.9815 41.3851 41.5359 41.4018 40.6289 41.0737 42.6148 44.4331 46.76 48.9701 49.7255 48.3495 45.8864 43.3566 40.85 39.8361 41.2024 42.9657 43.9016 43.5674 41.3897 39.7951 37.7533 22.7153 4.80774 0 0 0 0 0 0 0 0 0 0 0 0 0 0 0 0 0 0 0 0 0 0 0 0 0 0 0 0 0 0 0 0 0 0 0 0 0 0 0 0 0 0 0 0 0 0 0 0 0 0 0 0 0 0
31.9471 34.6656 36.9961 38.4064 39.3437 39.7971 40.0185 40.4689 41.0802 41.5608 41.9713 43.119 44.0448 44.961 46.2457 47.9936 50.2875 52.5086 53.0837 51.508 49.1833 47.1168 45.6182 45.4373 46.8568 48.3716 48.9269 48.3825 46.2811 42.7358 40.1781 36.7175 21.1599 4.36353 0 0 0 0 0 0 0 0 0 0 0 0 0 0 0 0 0 0 0 0 0 0 0 0 0 0 0 0 0 0 0 0 0 0 0 0 0 0 0 0 0 0 0 0 0 0 0 0 0 0 0 0 0
34.8043 37.1067 39.0178 40.1665 40.8939 41.3632 41.4299 41.3087 41.8813 42.9768 44.2191 46.137 47.9708 48.9539 49.8443 51.5644 54.023 56.2859 56.798 55.7591 54.6329 53.8481 52.8856 52.1754 52.3635 52.723 52.3135 51.0947 48.9841 45.6293 41.7293 39.3604 35.2864 19.552 3.92168 0 0 0 0 0 0 0 0 0 0 0 0 0 0 0 0 0 0 0 0 0 0 0 0 0 0 0 0 0 0 0 0 0 0 0 0 0 0 0 0 0 0 0 0 0 0 0 0 0 0 0 0
36.8304 38.7208 40.4064 41.6254 42.443 42.8681 42.8442 43.1325 44.3778 45.9753 47.8085 49.7855 51.4349 52.4223 53.5051 55.506 58.209 60.3233 60.9481 60.7822 61.1484 61.6611 60.6696 58.4694 56.7019 55.5655 54.2731 52.5812 50.251 47.466 44.1172 40.7543 38.979 34.4837 17.8964 3.38714 0 0 0 0 0 0 0 0 0 0 0 0 0 0 0 0 0 0 0 0 0 0 0 0 0 0 0 0 0 0 0 0 0 0 0 0 0 0 0 0 0 0 0 0 0 0 0 0 0 0 0
38.4216 40.0999 41.5127 42.8256 43.8516 44.3037 44.3894 45.6599 47.3874 49.0274 50.7222 52.4051 53.8108 55.2277 57.1397 59.7599 62.4678 64.1676 64.8889 65.7326 67.3056 68.4782 67.4424 64.0275 60.3331 57.818 55.7219 53.6023 51.0614 48.6484 46.6363 44.0655 41.4248 40.0854 33.5193 8.73129 0 0 0 0 0 0 0 0 0 0 0 0 0 0 0 0 0 0 0 0 0 0 0 0 0 0 0 0 0 0 0 0 0 0 0 0 0 0 0 0 0 0 0 0 0 0 0 0 0 0 0
40.3081 41.3037 42.4721 43.5695 44.7237 45.2633 46.1034 48.0253 49.7465 51.0381 52.4105 53.8643 55.3594 57.4687 60.3863 63.517 66.1388 67.6563 68.6725 70.2702 72.437 73.8053 72.891 69.0827 64.4976 60.7926 57.9303 55.1409 52.2331 50.1286 49.2315 48.3419 45.9713 43.0144 40.359 24.2661 5.13201 0 0 0 0 0 0 0 0 0 0 0 0 0 0 0 0 0 0 0 0 0 0 0 0 0 0 0 0 0 0 0 0 0 0 0 0 0 0 0 0 0 0 0 0 0 0 0 0 0 0
42.6116 42.0855 42.9313 43.6559 44.5263 45.4116 47.2897 49.3727 50.8433 51.5997 52.6784 54.3102 56.3818 59.349 63.0347 66.5615 69.3271 71.1928 72.828 74.5936 76.4956 77.68 76.9579 73.8781 69.745 65.7105 62.1661 58.6546 55.2166 53.0676 52.7578 52.7451 50.9895 47.1062 43.0502 38.8312 16.844 2.45207 0 0 0 0 0 0 0 0 0 0 0 0 0 0 0 0 0 0 0 0 0 0 0 0 0 0 0 0 0 0 0 0 0 0 0 0 0 0 0 0 0 0 0 0 0 0 0 0 0
46.451 42.8814 42.4418 42.7605 43.2302 44.5636 46.7889 48.814 50.1455 50.9484 52.331 54.6555 57.6948 61.4989 65.598 69.3247 72.4913 75.0417 77.1038 78.5745 79.626 80.2323 79.7374 78.0531 75.6713 72.5191 68.6746 64.8273 61.0166 58.3586 57.4651 57.1932 55.2921 51.4411 46.5258 43.2123 32.8407 8.17554 0 0 0 0 0 0 0 0 0 0 0 0 0 0 0 0 0 0 0 0 0 0 0 0 0 0 0 0 0 0 0 0 0 0 0 0 0 0 0 0 0 0 0 0 0 0 0 0 0
51.6753 44.5651 41.805 41.6339 41.9614 42.9869 44.654 46.6019 48.6016 50.5214 52.9915 56.3405 60.1842 64.1845 68.1408 71.8561 75.3943 78.5768 80.743 81.7252 82.0117 82.0883 81.8177 81.4466 81.234 79.9379 76.8491 73.063 69.3016 66.0731 63.648 61.5957 59.2178 56.0222 51.3306 47.2558 44.7944 28.0353 6.10239 0 0 0 0 0 0 0 0 0 0 0 0 0 0 0 0 0 0 0 0 0 0 0 0 0 0 0 0 0 0 0 0 0 0 0 0 0 0 0 0 0 0 0 0 0 0 0 0
57.3542 47.9976 42.8002 41.4204 41.6488 42.2299 43.2587 45.0612 47.9721 51.4615 55.1483 59.1599 63.1565 66.6106 69.9901 73.7074 77.61 81.2456 83.6014 84.3189 84.2123 83.9527 83.8709 84.6256 86.1574 86.7087 85.2116 82.1258 78.895 75.4119 71.2796 66.83 64.1401 61.8182 58.0332 52.9931 49.5673 46.1017 29.3742 6.53731 0 0 0 0 0 0 0 0 0 0 0 0 0 0 0 0 0 0 0 0 0 0 0 0 0 0 0 0 0 0 0 0 0 0 0 0 0 0 0 0 0 0 0 0 0 0 0
63.4813 53.2163 45.4434 42.2355 42.0596 42.7192 43.8803 45.8713 49.1968 53.2251 57.25 61.2259 64.9388 67.887 70.7076 74.3766 78.723 82.9037 85.7317 86.7798 86.8015 86.6041 87.4461 89.2073 91.192 92.5088 92.4305 90.8886 88.1631 84.7348 79.5677 73.2261 70.3162 68.6578 65.8988 60.8179 54.2732 50.3847 47.7694 26.6842 5.26385 0 0 0 0 0 0 0 0 0 0 0 0 0 0 0 0 0 0 0 0 0 0 0 0 0 0 0 0 0 0 0 0 0 0 0 0 0 0 0 0 0 0 0 0 0 0
69.7551 59.6826 49.7047 45.0038 44.3591 44.8321 46.1053 48.1619 51.1441 54.3267 57.6779 61.3728 64.8717 67.6992 70.274 73.8352 78.5116 83.2755 86.8481 88.9134 90.0177 91.2471 93.9839 96.0062 96.8914 97.7633 98.3784 98.1017 96.0762 92.7741 87.8603 81.2288 77.7055 76.1307 73.7027 68.9938 61.7056 54.553 51.3457 45.7907 12.3228 0 0 0 0 0 0 0 0 0 0 0 0 0 0 0 0 0 0 0 0 0 0 0 0 0 0 0 0 0 0 0 0 0 0 0 0 0 0 0 0 0 0 0 0 0 0
76.2639 67.2757 56.907 50.3672 49.0105 49.0149 49.4875 50.6672 52.4138 54.4329 57.0593 60.4271 63.9253 66.6017 68.9727 72.3235 76.9837 82.2962 87.2899 91.5429 94.4614 97.201 100.666 102.601 102.832 102.93 103.16 102.938 101.705 99.1888 95.9141 90.6558 86.0184 83.6544 80.9469 76.5713 70.3137 62.702 55.7526 52.0171 33.251 7.36789 0 0 0 0 0 0 0 0 0 0 0 0 0 0 0 0 0 0 0 0 0 0 0 0 0 0 0 0 0 0 0 0 0 0 0 0 0 0 0 0 0 0 0 0 0
82.979 75.4894 65.6371 56.8292 54.3772 53.7298 52.8459 52.6213 53.0257 53.9999 56.0418 59.156 62.3903 64.7645 66.9344 70.1433 74.7405 81.2301 89.3512 97.1514 101.12 103.822 106.781 108.537 108.632 107.774 106.58 105.587 105.099 104.442 102.862 99.3595 93.9117 90.5021 87.693 83.9526 78.9008 72.2843 63.8267 55.933 51.2727 33.3734 7.52669 0 0 0 0 0 0 0 0 0 0 0 0 0 0 0 0 0 0 0 0 0 0 0 0 0 0 0 0 0 0 0 0 0 0 0 0 0 0 0 0 0 0 0 0
89.5661 83.4384 74.4991 63.8174 59.6248 58.0757 56.0168 54.1852 53.2478 53.1253 54.2854 56.8662 59.4305 61.4316 63.8165 67.4175 73.088 82.7372 94.7425 104.36 108.42 110.876 113.508 114.701 114.064 111.814 108.894 107.086 107.336 108.313 107.792 105.636 101.138 96.9736 94.1615 91.018 86.8132 80.8574 72.7478 63.3074 55.4405 51.6015 28.4003 5.51301 0 0 0 0 0 0 0 0 0 0 0 0 0 0 0 0 0 0 0 0 0 0 0 0 0 0 0 0 0 0 0 0 0 0 0 0 0 0 0 0 0 0 0
95.85 90.7988 82.9231 71.8888 65.1041 62.3202 59.4691 56.1627 53.4379 51.8781 51.872 53.2711 54.98 56.901 60.5263 65.2306 72.6229 86.4338 100.117 108.513 112.964 116.291 119.024 119.731 118.356 115.222 111.333 108.901 109.133 110.335 110.678 109.647 107.272 103.165 100.323 97.6167 93.741 88.2313 80.5743 71.3232 61.9962 54.9041 46.4823 22.6217 4.02322 0 0 0 0 0 0 0 0 0 0 0 0 0 0 0 0 0 0 0 0 0 0 0 0 0 0 0 0 0 0 0 0 0 0 0 0 0 0 0 0 0 0
101.328 97.1635 90.011 79.7505 70.371 66.112 62.7877 58.363 53.6959 50.441 49.2439 49.5007 50.5107 53.6624 60.0024 65.4745 73.1391 87.7207 100.359 108.192 113.628 118.123 121.285 122.162 121.179 118.546 114.851 111.907 111.114 111.428 112.104 112.412 111.464 108.764 106.242 103.855 100.194 94.6401 87.2679 79.3119 71.4906 63.6684 54.6365 43.1253 25.5533 5.6337 0 0 0 0 0 0 0 0 0 0 0 0 0 0 0 0 0 0 0 0 0 0 0 0 0 0 0 0 0 0 0 0 0 0 0 0 0 0 0 0 0
105.337 102.179 95.7197 86.3082 75.0279 69.2441 65.4311 60.0271 53.9294 49.2322 47.1271 47.1243 48.8488 54.516 62.1188 66.6097 72.6169 84.1868 95.686 104.419 110.827 116.007 119.824 122.052 122.795 121.665 118.853 115.974 114.042 112.887 112.76 113.648 113.892 113.144 111.734 109.964 106.506 100.751 93.712 87.9384 84.048 77.2783 65.2029 54.4481 47.8955 28.2107 5.93344 0 0 0 0 0 0 0 0 0 0 0 0 0 0 0 0 0 0 0 0 0 0 0 0 0 0 0 0 0 0 0 0 0 0 0 0 0 0 0 0
108.045 105.799 100.335 91.8466 80.453 72.5674 67.4966 61.6652 54.8977 49.462 46.7436 47.0635 50.5883 57.4787 63.0262 66.1111 70.7302 79.0992 89.1817 97.9508 104.881 110.665 115.824 120.253 123.162 123.799 122.612 120.677 118.237 115.249 113.083 113.213 114.772 116.01 116.187 115.407 112.135 106.643 100.483 96.6823 94.8908 89.0671 77.8092 63.3267 56.3075 50.7958 32.4743 9.71959 0.943644 0 0 0 0 0 0 0 0 0 0 0 0 0 0 0 0 0 0 0 0 0 0 0 0 0 0 0 0 0 0 0 0 0 0 0 0 0 0
109.461 107.77 103.589 96.4429 86.5585 76.6643 70.1791 64.4827 57.6613 51.9843 49.0103 49.6696 53.3765 58.2657 61.5382 64.1983 68.1442 74.24 81.679 89.2436 96.3823 103.352 110.365 117.024 121.843 124.442 125.515 125.14 122.871 118.62 114.322 112.898 114.673 117.445 118.596 118.617 116.064 111.689 107.081 103.984 101.617 97.2827 88.4925 76.2144 64.6251 60.3502 56.01 40.2343 30.585 14.6783 2.55294 0 0 0 0 0 0 0 0 0 0 0 0 0 0 0 0 0 0 0 0 0 0 0 0 0 0 0 0 0 0 0 0 0 0 0 0
109.638 108.252 105.436 100.438 92.5984 82.5995 75.1013 69.0975 62.4693 56.533 54.1769 55.7274 58.5796 61.2224 63.2425 65.0021 67.349 70.6251 74.3849 79.798 86.9365 95.0085 103.718 111.95 118.482 123.396 126.843 128.255 126.942 122.904 117.986 114.85 115.009 117.239 118.466 118.754 117.774 115.493 112.837 110.306 107.694 104.271 98.9267 92.0714 81.8538 72.0867 65.5456 61.5471 57.6073 45.444 19.0254 2.91693 0 0 0 0 0 0 0 0 0 0 0 0 0 0 0 0 0 0 0 0 0 0 0 0 0 0 0 0 0 0 0 0 0 0 0
108.93 108.192 107.334 104.861 99.1777 90.653 82.2522 75.6355 69.3008 62.8087 61.3632 63.36 65.2727 66.5953 67.3875 67.622 67.8455 68.5456 69.9801 73.0131 78.4379 86.3367 95.5856 104.646 113.011 120.424 126.077 129.25 129.634 127.265 123.397 119.419 116.724 115.938 116.019 116.22 117.108 117.522 117.067 115.869 113.65 110.95 109.805 108.672 101.601 89.4108 80.0518 72.7095 65.6536 63.4936 45.7208 10.9111 0 0 0 0 0 0 0 0 0 0 0 0 0 0 0 0 0 0 0 0 0 0 0 0 0 0 0 0 0 0 0 0 0 0 0
108.342 109.211 111.051 110.543 106.364 99.14 90.2026 83.4266 77.2483 70.1118 68.722 70.1006 70.8035 70.7921 70.3791 69.2389 67.6442 66.8467 67.7133 69.8157 72.9926 78.2893 86.2447 95.5099 105.493 115.057 122.599 127.649 130.24 130.31 128.347 124.607 119.52 114.881 112.4 112.013 114.162 116.838 118.491 118.51 116.803 115.728 120.193 122.546 115.95 106.338 99.7968 90.6804 78.8186 68.6193 60.4982 35.0452 7.29167 0 0 0 0 0 0 0 0 0 0 0 0 0 0 0 0 0 0 0 0 0 0 0 0 0 0 0 0 0 0 0 0 0 0
109.918 112.928 116.149 116.346 113.246 107.15 98.6802 91.7026 85.1806 77.4139 75.3497 75.8327 75.5031 74.3442 72.6926 70.307 67.5645 65.7278 65.9979 67.8472 70.0116 72.4532 77.3244 85.9445 96.5536 107.24 116.259 123.4 128.371 130.725 130.617 127.73 121.991 115.057 109.823 107.955 109.72 113.51 116.247 116.418 114.595 115.197 125.412 133.183 128.029 123.192 119.114 107.611 92.2192 76.6315 64.1294 51.8388 13.5778 0 0 0 0 0 0 0 0 0 0 0 0 0 0 0 0 0 0 0 0 0 0 0 0 0 0 0 0 0 0 0 0 0 0
115.406 119.63 122.546 122.958 120.423 115.089 107.471 99.9999 93.1512 84.8022 81.6905 81.1847 79.9918 77.6584 74.5757 71.1956 67.8604 65.3869 64.718 65.6366 67.0803 68.8196 71.5019 77.3866 86.8255 97.4222 107.579 116.704 123.611 127.728 129.337 128.001 123.357 116.455 109.749 106.055 105.995 108.971 111.498 111.163 109.364 110.893 126.042 141.608 141.337 140.483 133.823 119.49 101.367 85.5367 69.506 55.0716 14.4135 0 0 0 0 0 0 0 0 0 0 0 0 0 0 0 0 0 0 0 0 0 0 0 0 0 0 0 0 0 0 0 0 0 0
122.965 127.874 131.327 131.618 128.428 123.024 115.946 108.142 101.354 92.9443 88.6458 87.2187 85.063 81.3752 76.9746 72.6368 68.7395 65.5635 63.5325 63.1681 64.2105 66.4496 69.2678 72.8716 78.7058 87.0826 97.5179 107.621 115.703 121.458 125.177 126.159 123.79 118.541 112.091 107.034 104.755 104.927 106.526 106.912 106.387 109.441 129.786 150.022 153.316 149.817 138.829 124.43 105.426 90.5061 74.8299 59.6316 15.6205 0 0 0 0 0 0 0 0 0 0 0 0 0 0 0 0 0 0 0 0 0 0 0 0 0 0 0 0 0 0 0 0 0 0
128.697 133.572 137.872 138.508 135.337 130.058 123.529 116.011 109.269 101.567 96.3764 94.2925 91.2959 86.2783 80.5726 74.9221 70.0325 65.7519 63.165 62.9016 64.3714 67.1525 70.5287 73.7626 77.102 81.9481 88.296 96.6938 105.21 112.685 118.855 122.646 123.14 120.45 115.542 109.942 105.662 103.343 103.624 107.157 109.81 117.193 140.714 158.186 159.676 151.16 138.994 125.594 108.966 90.2071 76.451 63.3272 44.5736 10.8965 0 0 0 0 0 0 0 0 0 0 0 0 0 0 0 0 0 0 0 0 0 0 0 0 0 0 0 0 0 0 0 0 0
134.85 138.195 141.22 142.03 140.108 136.037 130.594 123.899 117.146 110.305 104.217 101.726 98.461 92.5359 85.3316 77.9038 71.4097 66.149 64.3143 65.0058 66.9673 69.5711 72.811 76.1438 79.3128 82.2901 84.7007 88.4541 94.0266 102.344 110.891 117.429 120.852 120.968 118.078 113.081 108.041 105.164 105.978 112.166 119.893 133.906 152.373 161.157 160.73 153.4 142.495 129.823 111.735 90.8478 78.6612 70.6166 79.3363 23.5146 0 0 0 0 0 0 0 0 0 0 0 0 0 0 0 0 0 0 0 0 0 0 0 0 0 0 0 0 0 0 0 0 0
144.345 145.022 145.234 145.205 144.37 142.155 138.213 132.843 126.472 120.626 114.238 111.116 106.866 99.6059 90.6927 81.2923 73.2557 67.8603 66.5851 67.3178 69.0548 71.1432 73.7986 77.223 80.458 82.8353 84.2311 85.1249 87.052 92.2751 101.546 110.349 116.347 119.219 118.85 115.901 112.468 111.278 114.092 123.331 137.799 154.015 159.428 159.976 159.927 155.982 147.002 136.67 116.412 96.4059 86.8263 85.8886 100.725 29.928 0 0 0 0 0 0 0 0 0 0 0 0 0 0 0 0 0 0 0 0 0 0 0 0 0 0 0 0 0 0 0 0 0
152.954 151.707 150.079 149.512 149.444 148.873 147.291 145.022 141.55 138.419 132.328 124.438 116.092 106.615 96.274 85.5115 75.9544 70.639 69.1219 69.1871 70.0752 71.7815 74.0918 77.207 80.0031 81.6037 82.2786 83.022 84.3211 86.6271 92.2227 101.334 109.758 115.603 118.534 119.099 119.617 121.021 127.812 142.874 158.684 165.6 160.203 158.142 158.833 156.024 149.78 141.62 123.696 104.534 99.804 106.008 120.53 88.2986 20.7633 0 0 0 0 0 0 0 0 0 0 0 0 0 0 0 0 0 0 0 0 0 0 0 0 0 0 0 0 0 0 0 0
157.7 156.245 154.909 154.754 155.549 156.717 157.697 158.035 158.05 157.129 149.095 134.958 122.887 112.415 101.907 90.6527 79.5629 73.5822 71.4491 70.643 70.5237 71.5078 73.5682 76.0524 77.8758 78.747 79.2081 80.1937 81.9517 83.9866 86.7222 92.8682 102.61 111.893 118.641 122.849 126.911 133.924 148.035 164.048 171.521 167.764 158.834 156.919 157.053 154.316 150.56 143.975 129.713 114.543 115.258 124.469 132.523 131.958 66.391 11.5683 0 0 0 0 0 0 0 0 0 0 0 0 0 0 0 0 0 0 0 0 0 0 0 0 0 0 0 0 0 0 0
159.259 159.178 160.18 161.958 164.263 166.538 167.123 166.509 165.307 163.554 154.436 138.334 125.932 116.408 106.808 95.8297 83.7008 76.2077 73.3952 71.9448 70.9927 70.7829 71.9043 73.4653 74.5068 75.0504 75.6011 76.8642 78.6175 80.7129 84.1571 89.4772 98.4264 110.418 120.971 128.705 138.016 153.014 169.181 178.512 178.609 171.541 162.332 156.829 154.02 151.84 149.787 144.978 134.726 125.011 128.659 135.363 135.214 127.007 98.6731 46.6718 8.49748 0 0 0 0 0 0 0 0 0 0 0 0 0 0 0 0 0 0 0 0 0 0 0 0 0 0 0 0 0 0
159.512 162.87 167.838 172.837 175.659 175.943 173.804 170.537 166.244 161.513 153.215 139.278 127.691 119.097 110.508 100.122 87.7069 78.3929 74.9078 73.2192 71.5399 70.0006 69.4858 69.8921 70.3513 70.8196 71.3072 72.4199 74.5047 77.941 83.462 90.7428 99.5824 111.251 125.831 140.813 156.514 172.636 183.513 187.33 185.39 179.006 170.661 161.215 155.991 152.992 150.058 145.8 138.445 132.538 135.052 138.893 136.161 127.29 107.3 82.6772 41.3123 7.8393 0 0 0 0 0 0 0 0 0 0 0 0 0 0 0 0 0 0 0 0 0 0 0 0 0 0 0 0 0
160.579 169.072 177.602 183.74 184.68 181.529 176.977 172.127 166.767 160.224 152.025 140.779 129.437 121.038 113.211 103.693 91.9121 80.5774 76.202 74.2034 71.7316 68.9961 66.9548 66.1898 66.0969 66.1464 66.5913 68.045 71.8998 78.1045 85.2165 92.6038 102.171 115.234 133.701 153.993 170 182.142 190.291 193.989 193.354 189.13 182.189 174.842 171.811 164.957 154.958 147.724 140.964 136.023 136.596 139.643 138.137 127.81 110.015 97.022 77.3366 44.3695 9.5727 0 0 0 0 0 0 0 0 0 0 0 0 0 0 0 0 0 0 0 0 0 0 0 0 0 0 0 0
163.035 175.503 184.984 189.102 187.396 182.268 177.2 172.628 167.626 161.296 152.787 142.574 130.773 122.364 115.256 106.894 96.1436 83.7648 77.6831 74.7104 71.4202 67.7918 64.9284 63.168 62.4637 62.1597 63.0262 66.388 72.3367 79.747 86.8053 94.1005 104.674 121.852 144.116 163.46 177.1 187.669 195.968 200.799 202.108 199.82 194.33 189.897 186.653 177.708 164.899 154.082 144.437 137.062 136.649 138.77 137.81 128.245 114.624 101.016 90.6011 77.3731 45.5224 9.75566 0 0 0 0 0 0 0 0 0 0 0 0 0 0 0 0 0 0 0 0 0 0 0 0 0 0 0
166.377 178.898 186.279 187.435 184.575 180.178 176.32 172.934 168.941 163.212 154.795 144.462 132.31 123.404 116.627 109.207 99.5867 87.7656 79.2473 74.9619 71.2427 67.3779 64.0448 61.6797 60.2802 60.1319 61.9872 66.7409 73.2526 80.9128 88.7002 97.9886 110.778 130.646 154.803 171.65 183.885 193.98 201.794 207.154 209.518 208.331 203.703 198.174 191.724 183.268 173.264 162.331 150.561 140.887 136.204 137.442 138.918 133.934 122.441 107.977 94.5534 85.1107 74.2907 42.574 8.85095 0 0 0 0 0 0 0 0 0 0 0 0 0 0 0 0 0 0 0 0 0 0 0 0 0 0
