benchmarks/avaHit/relHit_null_ref_0.15500_pv.asc
ncols         524
nrows         444
xllcenter     272770
yllcenter     357500
cellsize      5
NODATA_value  -9999
[rows 39 to 77 of 444, columns 87 to 173 of 524]
0 0 0 0 0 0 0 0 0 0 0 0 0 0 0 0 0 0 0 0 0 0 0 0 0 0 0 0 0 0 0 0 0 0 0 0 0 0 0 0 0 0 0 0 0 0 0 0 0 0 0 0 0 0 0 0 0 0 0 0 0 1.5789 3.75651 4.59114 5.30845 5.7483 6.04032 6.40179 6.76171 7.36143 8.25672 9.08922 9.52927 9.50586 9.14014 9.26197 9.4694 9.70504 9.72293 9.06069 8.12535 7.91043 8.41405 8.84097 8.9307 8.69275 8.78915
0 0 0 0 0 0 0 0 0 0 0 0 0 0 0 0 0 0 0 0 0 0 0 0 0 0 0 0 0 0 0 0 0 0 0 0 0 0 0 0 0 0 0 0 0 0 0 0 0 0 0 0 0 0 0 0 0 0 0 0 1.63868 4.02278 5.31537 5.58736 5.9343 6.38507 6.80677 7.34165 7.87096 8.30214 9.01549 9.76359 10.1629 10.4834 10.3265 10.2999 10.3501 10.2702 9.97579 9.43325 9.06285 9.02499 9.36217 9.69524 9.65292 9.24103 9.27219
0 0 0 0 0 0 0 0 0 0 0 0 0 0 0 0 0 0 0 0 0 0 0 0 0 0 0 0 0 0 0 0 0 0 0 0 0 0 0 0 0 0 0 0 0 0 0 0 0 0 0 0 0 0 0 0 0 0 0 1.74991 4.02541 5.21129 5.79648 6.35296 6.7742 7.37155 7.92633 8.62351 9.15025 9.48892 9.98006 10.4706 10.8142 11.1239 11.1872 11.0502 10.9485 10.6718 10.1388 9.66876 9.5976 9.91032 10.2728 10.4494 10.3229 9.90138 9.97068
0 0 0 0 0 0 0 0 0 0 0 0 0 0 0 0 0 0 0 0 0 0 0 0 0 0 0 0 0 0 0 0 0 0 0 0 0 0 0 0 0 0 0 0 0 0 0 0 0 0 0 0 0 0 0 0 0 0 1.57806 3.87314 5.0034 5.88483 6.51244 7.15504 7.83329 8.67851 9.31025 9.85043 10.2771 10.5163 10.8015 11.1705 11.4715 11.6949 11.789 11.566 11.2072 10.7771 10.2791 10.0466 10.2639 10.7818 11.2456 11.3743 11.1544 10.7469 10.7947
0 0 0 0 0 0 0 0 0 0 0 0 0 0 0 0 0 0 0 0 0 0 0 0 0 0 0 0 0 0 0 0 0 0 0 0 0 0 0 0 0 0 0 0 0 0 0 0 0 0 0 0 0 0 0 0 0 1.84631 4.50628 5.77085 6.30129 7.04097 7.75584 8.45828 8.98872 9.64171 10.2654 10.7064 11.0693 11.2475 11.361 11.658 11.9162 12.0423 12.0406 11.8084 11.3608 10.9556 10.7188 10.8144 11.2788 11.8866 12.3385 12.4801 12.255 11.7531 11.622
0 0 0 0 0 0 0 0 0 0 0 0 0 0 0 0 0 0 0 0 0 0 0 0 0 0 0 0 0 0 0 0 0 0 0 0 0 0 0 0 0 0 0 0 0 0 0 0 0 0 0 0 0 0 0 0 0 4.03812 6.54041 7.2019 7.5197 8.03883 8.74906 9.44155 9.93606 10.4916 10.9889 11.3222 11.5552 11.6682 11.7222 11.9144 12.1063 12.1909 12.1537 12.0098 11.7354 11.5192 11.6169 11.9939 12.5241 13.0939 13.493 13.5992 13.3712 12.813 12.4144
0 0 0 0 0 0 0 0 0 0 0 0 0 0 0 0 0 0 0 0 0 0 0 0 0 0 0 0 0 0 0 0 0 0 0 0 0 0 0 0 0 0 0 0 0 0 0 0 0 0 0 0 0 0 0 0 2.26685 5.489 7.2719 7.80728 8.32218 9.0102 9.60031 10.2203 10.7738 11.2853 11.6119 11.7564 11.807 11.8504 11.9063 12.0806 12.268 12.4162 12.4823 12.4937 12.4902 12.5359 12.8443 13.3317 13.8437 14.3044 14.6185 14.6583 14.3978 13.8843 13.2527
0 0 0 0 0 0 0 0 0 0 0 0 0 0 0 0 0 0 0 0 0 0 0 0 0 0 0 0 0 0 0 0 0 0 0 0 0 0 0 0 0 0 0 0 0 0 0 0 0 0 0 0 0 0 0 2.31875 5.58104 7.33165 8.05702 8.63196 9.32161 10.0311 10.5194 10.9749 11.407 11.7882 11.986 11.975 11.9242 11.9803 12.1563 12.4469 12.7628 13.0217 13.201 13.3524 13.5316 13.7861 14.1725 14.6494 15.0873 15.4287 15.6498 15.6592 15.3985 14.9148 14.2294
0 0 0 0 0 0 0 0 0 0 0 0 0 0 0 0 0 0 0 0 0 0 0 0 0 0 0 0 0 0 0 0 0 0 0 0 0 0 0 0 0 0 0 0 0 0 0 0 0 0 0 0 0 2.15218 3.47352 5.65623 7.39494 8.53897 9.14408 9.52575 10.0869 10.7268 11.1759 11.4998 11.7657 12.0034 12.1445 12.1382 12.1644 12.3751 12.76 13.1871 13.6258 13.956 14.1853 14.4067 14.6944 15.0273 15.4036 15.8083 16.1531 16.4088 16.5836 16.6076 16.3662 15.8935 15.2464
0 0 0 0 0 0 0 0 0 0 0 0 0 0 0 0 0 0 0 0 0 0 0 0 0 0 0 0 0 0 0 0 0 0 0 0 0 0 0 0 0 0 0 0 0 0 0 0 0 0 0 0 1.67285 5.14937 7.06374 7.48062 8.32922 8.98853 9.58332 10.0869 10.63 11.1555 11.5329 11.8106 12.0233 12.182 12.3453 12.5339 12.7926 13.1966 13.7392 14.2262 14.6689 15.0178 15.2658 15.5065 15.793 16.1298 16.4452 16.7549 17.0515 17.2771 17.435 17.4949 17.3187 16.8852 16.2548
0 0 0 0 0 0 0 0 0 0 0 0 0 0 0 0 0 0 0 0 0 0 0 0 0 0 0 0 0 0 0 0 0 0 0 0 0 0 0 0 0 0 0 0 0 0 0 0 0 0 0 2.12886 4.98442 6.89724 7.83794 8.17298 8.82024 9.44284 9.89474 10.4653 10.9735 11.388 11.7762 12.1101 12.4202 12.7059 12.9794 13.3558 13.8035 14.3068 14.8553 15.3465 15.7461 16.0636 16.2926 16.5042 16.7249 17.01 17.2874 17.5543 17.8405 18.1 18.2798 18.3553 18.246 17.8921 17.2636
0 0 0 0 0 0 0 0 0 0 0 0 0 0 0 0 0 0 0 0 0 0 0 0 0 0 0 0 0 0 0 0 0 0 0 0 0 0 0 0 0 0 0 0 0 0 0 0 0 2.20384 3.58336 5.61754 7.29015 8.20732 8.5654 8.76494 9.29268 9.93597 10.412 10.8843 11.3102 11.6927 12.1191 12.604 13.1032 13.5941 14.0594 14.506 14.9689 15.4255 15.8922 16.3525 16.7323 17.0147 17.2057 17.3663 17.5313 17.7285 17.9679 18.2572 18.5816 18.9091 19.1506 19.2274 19.1211 18.8158 18.2273
0 0 0 0 0 0 0 0 0 0 0 0 0 0 0 0 0 0 0 0 0 0 0 0 0 0 0 0 0 0 0 0 0 0 0 0 0 0 0 0 0 0 0 0 0 0 0 0 1.91516 5.60917 7.52259 7.94055 8.42981 9.05202 9.30453 9.51595 9.89664 10.4114 10.8998 11.3486 11.8026 12.2556 12.7331 13.3375 14.0031 14.6333 15.1801 15.6118 15.9989 16.3518 16.7444 17.179 17.5731 17.8699 18.0659 18.1831 18.2806 18.4154 18.6273 18.9374 19.3079 19.6779 19.9539 20.0474 19.9359 19.6334 19.0975
0 0 0 0 0 0 0 0 0 0 0 0 0 0 0 0 0 0 0 0 0 0 0 0 0 0 0 0 0 0 0 0 0 0 0 0 0 0 0 0 0 0 0 0 0 0 0 2.01065 5.07674 7.3263 8.4904 8.87782 9.03968 9.36023 9.7237 10.0295 10.4544 10.9432 11.4391 11.9638 12.5104 13.0591 13.5581 14.159 14.855 15.5116 16.0271 16.4091 16.7133 17.0181 17.3995 17.8499 18.2882 18.6344 18.8613 18.964 19.0166 19.1362 19.3442 19.63 19.9938 20.3467 20.5948 20.708 20.6453 20.3773 19.8661
0 0 0 0 0 0 0 0 0 0 0 0 0 0 0 0 0 0 0 0 0 0 0 0 0 0 0 0 0 0 0 0 0 0 0 0 0 0 0 0 0 0 0 0 0 2.27318 3.30561 5.17964 7.05999 8.31847 9.09887 9.28997 9.39119 9.69265 10.1514 10.5642 11.0951 11.6804 12.2295 12.8008 13.3715 13.9043 14.3553 14.8596 15.4801 16.0644 16.5405 16.9062 17.2038 17.5212 17.9345 18.4239 18.9075 19.2992 19.5498 19.6635 19.7286 19.8442 20.0225 20.2475 20.5366 20.8271 21.0375 21.1699 21.1866 20.993 20.5226
0 0 0 0 0 0 0 0 0 0 0 0 0 0 0 0 0 0 0 0 0 0 0 0 0 0 0 0 0 0 0 0 0 0 0 0 0 0 0 0 0 0 0 1.98327 3.64064 5.95677 7.22717 7.77309 8.56047 9.26193 9.67411 9.79778 9.88222 10.2584 10.7919 11.3287 11.9503 12.6272 13.2337 13.7391 14.1739 14.5703 14.9512 15.3808 15.8931 16.4034 16.8535 17.2639 17.6294 18.0125 18.4569 18.9665 19.4634 19.8653 20.1288 20.2661 20.3561 20.4512 20.5593 20.6932 20.8718 21.0964 21.3017 21.475 21.5696 21.4704 21.0791
0 0 0 0 0 0 0 0 0 0 0 0 0 0 0 0 0 0 0 0 0 0 0 0 0 0 0 0 0 0 0 0 0 0 0 0 0 0 0 0 1.84556 3.17417 4.10528 6.0833 7.69151 8.20634 8.70926 9.36298 9.6375 9.88029 10.0933 10.3601 10.7532 11.1157 11.6743 12.3471 13.009 13.6466 14.1842 14.5601 14.7989 15.0243 15.3387 15.7468 16.1873 16.6607 17.1294 17.5914 18.0436 18.5108 18.9999 19.5148 20.0002 20.3767 20.6147 20.7523 20.8503 20.923 20.9784 21.0358 21.1328 21.2962 21.4976 21.7087 21.8618 21.8477 21.5707
0 0 0 0 0 0 0 0 0 0 0 0 0 0 0 0 0 0 0 0 0 0 0 0 0 0 0 0 0 0 0 0 0 0 0 0 0 0 1.45929 3.00452 5.64441 7.32494 8.35805 8.81741 9.21652 9.46062 9.47987 9.86438 10.1202 10.3347 10.5319 10.9951 11.617 12.1307 12.7607 13.4577 14.0931 14.6039 14.9465 15.1631 15.2483 15.3633 15.6357 16.0334 16.4599 16.9224 17.401 17.8685 18.3734 18.9287 19.488 20.0317 20.5092 20.8411 21.0116 21.1114 21.2117 21.2973 21.355 21.4199 21.4998 21.5981 21.7476 21.9291 22.0892 22.1304 21.9899
0 0 0 0 0 0 0 0 0 0 0 0 0 0 0 0 0 0 0 0 0 0 0 0 0 0 0 0 0 0 0 0 0 0 0 2.22172 3.68056 4.09564 5.5432 6.91967 8.20345 8.93496 9.2948 9.61032 9.84275 10.0851 10.1632 10.4499 10.7811 11.0007 11.2972 11.8097 12.4357 13.145 13.8505 14.465 14.9757 15.3474 15.5212 15.5966 15.6351 15.7325 15.9925 16.3565 16.7564 17.1894 17.6232 18.0528 18.5497 19.1577 19.7992 20.3991 20.8792 21.1801 21.3151 21.38 21.4851 21.6259 21.7578 21.8917 21.985 22.0109 22.0374 22.1151 22.2233 22.3102 22.3223
0 0 0 0 0 0 0 0 0 0 0 0 0 0 0 0 0 0 0 0 0 0 0 0 0 0 0 0 0 0 0 0 1.9214 3.40235 3.81698 6.05286 7.35613 8.13973 8.35042 8.43493 8.95916 9.51169 9.91525 10.1047 10.2609 10.5819 10.9418 11.3238 11.6645 11.9401 12.3422 12.8706 13.476 14.1165 14.7458 15.2522 15.6198 15.8838 16.0024 16.0299 16.1049 16.2693 16.5054 16.7891 17.098 17.4333 17.7591 18.1078 18.5611 19.1509 19.8154 20.4609 20.9873 21.3298 21.5239 21.653 21.7892 21.9802 22.1957 22.3754 22.4502 22.3975 22.3047 22.2723 22.3298 22.4542 22.599
0 0 0 0 0 0 0 0 0 0 0 0 0 0 0 0 0 0 0 0 0 0 0 0 0 0 0 0 0 2.16602 3.4021 4.0136 5.84669 6.7575 7.20676 7.84002 8.49153 9.20492 9.20969 9.18437 9.54301 10.1264 10.5796 10.824 11.0601 11.359 11.7404 12.1827 12.5555 12.9241 13.3575 13.8887 14.3955 14.9033 15.4231 15.8476 16.1433 16.3496 16.4618 16.5374 16.697 16.9455 17.1649 17.3357 17.4879 17.6498 17.8183 18.0434 18.4151 18.9183 19.5233 20.1875 20.82 21.3205 21.6909 21.986 22.2147 22.4113 22.6096 22.7484 22.7613 22.6762 22.5682 22.4962 22.5237 22.6438 22.8374
0 0 0 0 0 0 0 0 0 0 0 0 0 0 0 0 0 0 0 0 0 0 0 0 0 0 0 1.58715 3.23284 5.49757 6.99398 7.82902 8.09186 8.00392 8.16329 8.40748 9.15461 9.77034 9.94374 10.0884 10.4491 10.9248 11.3216 11.6576 11.9 12.149 12.5114 12.9857 13.4092 13.8354 14.2449 14.688 15.1223 15.5638 15.9889 16.3442 16.6156 16.8091 16.9439 17.0854 17.3162 17.6016 17.814 17.8994 17.9026 17.8741 17.8691 17.9391 18.1585 18.537 19.0693 19.7289 20.4839 21.2033 21.8233 22.3168 22.6568 22.8344 22.932 22.9681 22.9239 22.8745 22.8347 22.8008 22.8048 22.8828 23.0462
0 0 0 0 0 0 0 0 0 0 0 0 0 0 0 0 0 0 0 0 0 0 0 0 0 1.97654 3.18154 4.73075 6.34156 7.03804 7.67951 8.18836 8.48758 8.89448 9.20365 9.36696 9.74172 10.2607 10.6734 11.0402 11.3598 11.7164 12.0786 12.4445 12.73 12.9349 13.2223 13.6636 14.1284 14.5679 14.9499 15.3217 15.7252 16.1222 16.4903 16.8017 17.0417 17.2432 17.4247 17.6119 17.8469 18.1095 18.2944 18.3511 18.2952 18.1581 18.0163 17.9459 17.9762 18.2078 18.6633 19.2925 20.0776 20.9352 21.7719 22.4702 22.9212 23.1112 23.1448 23.1166 23.0633 23.0618 23.1035 23.1267 23.1131 23.1265 23.2243
0 0 0 0 0 0 0 0 0 0 0 0 0 0 0 0 0 0 0 0 0 0 1.64053 2.79276 2.99244 5.01095 6.44558 6.8654 7.47854 7.95358 8.26565 8.76567 9.14686 9.47247 9.87108 10.2977 10.6907 11.1227 11.5244 11.8482 12.1041 12.4237 12.7704 13.1268 13.4357 13.6723 13.8763 14.2521 14.7355 15.1616 15.5171 15.847 16.2212 16.5823 16.9209 17.2192 17.4581 17.6492 17.8535 18.0416 18.2376 18.4352 18.5755 18.6456 18.6315 18.5267 18.3663 18.2018 18.084 18.1232 18.4271 18.9446 19.6298 20.4654 21.4132 22.3065 22.9191 23.19 23.2687 23.2783 23.2797 23.3165 23.3951 23.4476 23.4221 23.3697 23.3795
0 0 0 0 0 0 0 0 0 0 0 0 0 0 0 0 0 0 0 1.55779 3.10571 3.4729 5.07111 6.39414 6.83038 7.25023 7.81877 7.88355 8.47787 9.1201 9.35034 9.66761 10.0333 10.3166 10.6424 11.0374 11.4519 11.8709 12.2093 12.4805 12.7218 13.0602 13.4474 13.7678 14.0191 14.2416 14.4345 14.7802 15.2813 15.709 16.0348 16.3312 16.6664 17.0133 17.3162 17.5828 17.8286 18.0286 18.2079 18.3578 18.4917 18.6239 18.7268 18.8225 18.9284 18.976 18.9875 18.86 18.6116 18.371 18.3842 18.6578 19.1464 19.8721 20.8515 21.8853 22.66 23.073 23.2947 23.4417 23.5538 23.6344 23.6955 23.7309 23.6953 23.6076 23.5168
0 0 0 0 0 0 0 0 0 0 0 0 0 0 0 0 2.1747 3.06127 3.44371 4.92833 6.74313 7.55602 7.8371 8.27514 8.48555 8.63722 9.23804 9.08949 9.26758 9.8936 10.2676 10.5336 10.8282 11.0764 11.3166 11.6146 11.9663 12.3652 12.6934 12.9789 13.302 13.7038 14.1211 14.4267 14.5986 14.7219 14.9199 15.2905 15.773 16.2085 16.5312 16.815 17.087 17.375 17.6486 17.9193 18.1564 18.357 18.5089 18.6102 18.6903 18.7684 18.8497 18.9778 19.2353 19.5318 19.7443 19.7006 19.4068 18.9879 18.6632 18.5541 18.815 19.4471 20.369 21.338 22.1626 22.7354 23.1791 23.5366 23.7838 23.9073 23.9297 23.9046 23.8555 23.7574 23.5925
0 0 0 0 0 0 0 0 0 0 0 0 0 0 2.07736 3.4168 5.49409 6.78601 7.42958 7.75627 8.29383 9.16212 9.35768 9.50688 9.68891 9.53224 10.0468 10.3867 10.3623 10.6182 10.994 11.3275 11.5654 11.7038 11.8048 11.9822 12.2497 12.6166 13.0101 13.384 13.8514 14.3611 14.781 15.0718 15.2142 15.2789 15.4265 15.8058 16.2392 16.6263 16.9445 17.2189 17.4397 17.6437 17.8781 18.1762 18.4367 18.622 18.7709 18.8773 18.9439 18.9952 19.0542 19.2047 19.6005 20.0774 20.3811 20.3989 20.1692 19.7601 19.2787 18.8482 18.9175 19.3753 20.0215 20.7658 21.4455 22.1456 22.87 23.4591 23.8338 23.9991 23.9991 23.9131 23.8484 23.777 23.631
0 0 0 0 0 0 0 0 0 0 0 0 2.22674 3.43089 5.4621 7.09951 7.6064 8.12315 8.57443 9.08482 9.50281 10.1435 10.4236 10.2708 10.5356 10.4552 10.7348 11.1773 11.2651 11.4023 11.6515 11.9176 12.1171 12.1476 12.117 12.1846 12.3899 12.7411 13.2287 13.7572 14.3657 14.9615 15.3995 15.6845 15.8406 15.9116 15.9876 16.2661 16.6133 16.9239 17.2114 17.4548 17.6489 17.8345 18.053 18.3314 18.6174 18.8312 19.0209 19.1781 19.276 19.3441 19.3828 19.5268 19.9534 20.4398 20.7908 20.9111 20.7914 20.4667 20.0258 19.5076 19.3391 19.5408 19.8476 20.2488 20.7538 21.434 22.3188 23.0833 23.5853 23.8407 23.8785 23.7941 23.7732 23.8401 23.8485
0 0 0 0 0 0 0 0 0 0 1.54718 3.21259 5.63849 7.0256 7.44348 8.17521 8.52696 8.78429 9.21062 9.70181 10.2013 10.6554 10.9662 10.9523 11.15 11.3294 11.5856 11.8263 11.9652 11.9825 12.0438 12.2325 12.376 12.3627 12.2671 12.2833 12.4974 12.9011 13.4848 14.158 14.8601 15.4764 15.9373 16.2478 16.4471 16.5531 16.5936 16.6829 16.885 17.1222 17.3653 17.555 17.7493 17.9592 18.1977 18.4906 18.7835 19.0386 19.2829 19.4706 19.6106 19.7151 19.7637 19.8884 20.2287 20.6432 21.0259 21.2767 21.2948 21.0987 20.7736 20.2893 19.7763 19.6858 19.7592 19.9339 20.3219 20.8417 21.5539 22.3533 23.037 23.4814 23.6558 23.7036 23.8677 24.1885 24.4119
0 0 0 0 0 0 0 0 2.03655 3.33946 5.19907 6.82298 7.89872 8.49268 8.49977 8.87444 9.22413 9.56837 10.0579 10.4891 10.9267 11.3169 11.5434 11.7556 11.954 12.1229 12.3081 12.4739 12.5256 12.424 12.3266 12.3313 12.3898 12.3863 12.331 12.3684 12.6252 13.1186 13.7915 14.5738 15.3248 15.9362 16.3894 16.7228 16.9597 17.0981 17.1564 17.1322 17.1558 17.3055 17.478 17.6102 17.8188 18.0627 18.3389 18.678 19.0155 19.3285 19.5799 19.7377 19.8728 20.0118 20.1129 20.2545 20.4856 20.8056 21.1853 21.5483 21.7111 21.641 21.424 20.9957 20.2821 19.7896 19.6303 19.7504 20.0767 20.4881 20.9255 21.5222 22.3428 23.0407 23.4582 23.8036 24.2568 24.7032 24.9724
0 0 0 0 0 0 2.21407 3.08045 5.4038 7.39882 8.36728 8.90927 9.27059 9.54597 9.60548 9.841 10.279 10.673 11.0747 11.4907 11.8693 12.19 12.3826 12.5631 12.7048 12.7873 12.8537 12.9215 12.9344 12.7904 12.6331 12.4964 12.4243 12.4089 12.432 12.5409 12.8455 13.3962 14.1363 14.9961 15.7597 16.3396 16.75 17.046 17.2718 17.4397 17.5613 17.5949 17.5498 17.5508 17.63 17.7117 17.9134 18.2016 18.5582 18.9728 19.3929 19.7334 19.9647 20.0746 20.1368 20.2573 20.4194 20.6008 20.7821 21.0221 21.3654 21.7555 21.9934 22.0043 21.8641 21.5027 20.8257 20.0261 19.5987 19.6249 19.9262 20.3279 20.732 21.1601 21.7582 22.5772 23.3586 24.1084 24.7204 25.1018 25.3664
0 0 0 2.07345 3.59483 3.87266 6.06382 7.25034 8.07283 9.26698 10.0666 10.5723 10.5308 10.4471 10.6684 10.9644 11.2871 11.7252 12.0749 12.4053 12.6919 12.9307 13.0838 13.2283 13.3348 13.3398 13.3135 13.309 13.3076 13.1836 12.9918 12.8316 12.6778 12.6313 12.6773 12.8463 13.2104 13.8014 14.5945 15.4432 16.1383 16.6294 16.9741 17.1972 17.3747 17.5706 17.8007 17.9877 18.038 17.9774 17.9144 17.9335 18.1257 18.4315 18.853 19.3686 19.8761 20.2368 20.4671 20.5698 20.5747 20.6107 20.7524 20.9275 21.1049 21.3005 21.5594 21.8608 22.0655 22.1019 21.999 21.7297 21.2462 20.5219 19.8655 19.7208 19.9381 20.3331 20.8058 21.2496 21.6618 22.2976 23.2945 24.3585 25.022 25.42 25.8599
2.31146 3.387 3.53656 5.83217 7.13704 7.65978 8.19086 9.11912 9.60402 10.2348 10.9066 11.1683 11.3896 11.3978 11.5967 11.8869 12.1747 12.542 12.89 13.1378 13.3652 13.5304 13.6252 13.6953 13.8062 13.8104 13.7574 13.7442 13.7333 13.6339 13.4208 13.2552 13.0811 13.0189 13.097 13.3357 13.7533 14.3385 15.0811 15.8105 16.3769 16.7628 17.0135 17.1716 17.3224 17.5768 17.9331 18.2807 18.4939 18.5209 18.3908 18.3531 18.5208 18.8067 19.2119 19.7488 20.2749 20.6499 20.9143 21.0778 21.1185 21.1032 21.1707 21.2986 21.4142 21.5233 21.659 21.8197 21.9399 21.9486 21.8648 21.744 21.5548 21.1564 20.543 20.1306 20.1616 20.4855 20.9452 21.4115 21.8907 22.4376 23.2866 24.3432 25.1713 25.8369 26.6016
5.30615 6.62214 7.03268 8.00399 8.46691 8.68416 8.95088 9.73838 10.257 10.8272 11.4803 11.7763 12.0236 12.2 12.5047 12.7965 13.0098 13.2264 13.4401 13.6163 13.8096 13.9475 14.036 14.0845 14.1964 14.27 14.2542 14.2698 14.2677 14.1497 13.9257 13.7443 13.5917 13.5702 13.7027 13.9946 14.4171 14.9251 15.487 16.0072 16.4258 16.7155 16.8861 17.0078 17.1942 17.5458 18.0124 18.4738 18.8235 18.9768 18.9229 18.9014 19.0848 19.3423 19.6734 20.1162 20.545 20.8815 21.1993 21.4596 21.595 21.6215 21.6454 21.6853 21.6712 21.6378 21.6526 21.7175 21.755 21.7189 21.6734 21.7307 21.7963 21.6835 21.3213 20.8105 20.5806 20.7609 21.1617 21.6194 22.1567 22.7963 23.5471 24.4499 25.2839 26.2665 27.2884
6.79784 7.43245 7.9358 8.71614 9.4857 9.85093 10.0377 10.5787 11.115 11.6921 12.2437 12.6245 12.8554 13.0233 13.3143 13.5766 13.694 13.7521 13.7976 13.9052 14.1074 14.3063 14.4634 14.5842 14.6939 14.8077 14.8521 14.8831 14.8812 14.7432 14.5228 14.3487 14.2537 14.303 14.4762 14.7502 15.0884 15.4597 15.8012 16.0807 16.3215 16.5207 16.661 16.8137 17.088 17.5173 18.0515 18.5667 18.9815 19.228 19.2912 19.4121 19.6825 19.9473 20.2154 20.5427 20.8583 21.1367 21.4331 21.7189 21.9234 22.0228 22.0354 21.976 21.8454 21.7268 21.6915 21.7061 21.6909 21.6399 21.6348 21.7815 21.9644 22.0202 21.8914 21.564 21.1905 21.1695 21.4817 21.9242 22.4795 23.1519 23.9516 24.8352 25.6282 26.5038 27.4563
7.68297 8.24851 8.98338 9.57631 10.1907 10.8147 11.2395 11.7047 12.1567 12.6312 13.0703 13.3747 13.5605 13.726 13.9046 14.053 14.1183 14.1524 14.1857 14.2979 14.5244 14.7936 15.0255 15.1947 15.3108 15.4052 15.4849 15.5257 15.5101 15.3748 15.1797 15.0286 14.971 15.0519 15.2257 15.4421 15.6652 15.8656 16.0201 16.1077 16.1938 16.3189 16.4453 16.6498 17.0143 17.5122 18.0617 18.5675 18.9771 19.2675 19.4959 19.835 20.208 20.5203 20.7819 21.0347 21.2678 21.479 21.6612 21.8309 22.03 22.1865 22.2393 22.167 22.0193 21.907 21.8755 21.8725 21.8483 21.8188 21.8168 21.8982 22.0585 22.2139 22.2815 22.1952 21.9321 21.721 21.8888 22.2819 22.8215 23.4926 24.2912 25.1852 25.9718 26.5988 27.2724
8.74795 9.10631 9.83795 10.5256 11.1642 11.6849 12.1639 12.5855 12.997 13.3985 13.7386 13.9532 14.0991 14.2419 14.3075 14.3468 14.4373 14.5661 14.7123 14.9185 15.1727 15.4351 15.7041 15.8823 15.9858 16.0454 16.1002 16.1082 16.0801 15.9773 15.8126 15.6673 15.6164 15.6887 15.8072 15.9372 16.0692 16.1502 16.1814 16.1969 16.2138 16.2608 16.3497 16.5335 16.9025 17.4413 17.996 18.4772 18.8453 19.2105 19.6859 20.217 20.675 21.0257 21.2828 21.4787 21.6435 21.7722 21.8259 21.8379 21.9342 22.1143 22.2749 22.3314 22.3004 22.2603 22.2437 22.2285 22.2091 22.1864 22.1487 22.1292 22.1905 22.3688 22.5697 22.6839 22.657 22.4751 22.4205 22.6587 23.1595 23.8397 24.6144 25.4129 26.0249 26.508 27.0694
9.98265 10.1931 10.6708 11.3372 11.9961 12.5237 12.9345 13.314 13.6464 13.9374 14.1729 14.3282 14.4499 14.5644 14.6388 14.691 14.849 15.1189 15.4042 15.6801 15.9421 16.1639 16.3893 16.563 16.648 16.6764 16.679 16.6342 16.586 16.5041 16.3723 16.2411 16.1773 16.2056 16.2485 16.2883 16.3454 16.3918 16.4049 16.4156 16.4298 16.3954 16.3774 16.4686 16.7522 17.213 17.738 18.2092 18.6302 19.1728 19.8454 20.4886 20.9966 21.35 21.591 21.7751 21.9225 21.9867 21.927 21.8375 21.8345 21.9653 22.2249 22.4818 22.6681 22.7824 22.8089 22.7619 22.695 22.6242 22.5537 22.4913 22.4747 22.5842 22.8171 23.0871 23.283 23.2907 23.1044 23.1473 23.643 24.3472 25.0148 25.5937 25.9351 26.2571 26.8668
10.7944 11.1413 11.5677 12.0756 12.5956 13.096 13.47 13.8154 14.1108 14.3091 14.4767 14.5826 14.7184 14.846 14.9993 15.1962 15.4409 15.8205 16.1927 16.4841 16.7252 16.8862 17.0127 17.1283 17.2104 17.2298 17.2066 17.1463 17.0727 16.9775 16.8594 16.7355 16.659 16.6224 16.6173 16.6223 16.6413 16.6738 16.7153 16.7283 16.7103 16.6228 16.4856 16.4412 16.5963 16.9081 17.3286 17.753 18.3075 19.0108 19.7713 20.4638 20.9698 21.3094 21.5886 21.8558 22.057 22.1228 22.0421 21.9193 21.868 21.9506 22.234 22.631 23.0287 23.3345 23.4521 23.3955 23.2524 23.1168 23.0125 22.9297 22.8819 22.9296 23.1259 23.4663 23.8228 23.9835 23.8627 23.8657 24.4389 25.0081 25.4431 25.7411 25.8514 26.074 26.7417
