benchmarks/avaHit/relHit_null_ref_0.15500_ppr.asc
ncols         523
nrows         444
xllcenter     272775
yllcenter     357500
cellsize      5
NODATA_value  -9999
[rows 273 to 311 of 444, columns 261 to 347 of 523]
10.4048 9.52958 9.4103 9.81805 10.4083 11.1117 14.5269 18.2798 23.6925 28.0534 31.0021 32.5103 34.4414 37.1177 38.8644 39.2266 38.3675 36.4831 34.3808 33.2546 33.4937 34.5019 35.7916 37.2901 39.2054 40.9331 40.9735 38.2732 34.8719 34.2207 36.0232 37.0355 37.3973 38.0424 38.78 39.3968 39.795 39.7085 39.2586 38.3504 36.6211 34.0419 31.3599 28.5649 24.6273 22.0507 21.6281 23.2636 25.922 30.0665 34.2278 37.6488 41.5703 45.5196 49.0089 52.0585 54.9234 57.526 59.2867 59.6326 58.6531 58.8891 60.4688 61.6796 62.0511 61.8827 61.3562 60.9392 60.1699 57.5292 51.9609 44.3592 36.7242 29.4375 23.1367 17.299 13.1087 11.5398 11.5991 11.9765 12.4197 12.8016 12.649 11.6349 9.68632 7.46701 5.88073
9.95833 9.36279 9.34026 9.67678 9.70963 9.54967 10.2058 12.3481 16.924 22.2597 27.053 29.9639 31.66 33.9848 36.5604 37.9689 38.0339 36.9965 35.3771 34.2776 34.2302 34.7593 35.4833 36.5328 37.9416 39.1079 38.6949 35.7867 32.8063 33.644 36.6431 37.8764 38.2871 39.1564 40.3462 41.4875 42.3299 42.6528 42.4619 41.4385 39.34 36.4843 33.8479 31.3728 26.6295 22.5517 20.6403 20.7798 22.1541 25.0373 29.586 33.841 37.6389 42.1504 46.8045 51.4226 55.9533 59.6348 61.7549 62.2242 61.3603 60.1305 60.1475 60.7762 60.6448 59.7445 58.4095 56.7702 54.2187 49.3775 42.5186 34.9544 27.6683 21.2826 16.2637 13.3358 12.503 12.7858 13.1655 13.3573 13.4517 13.6048 13.3703 12.3662 10.7447 8.96618 7.51435
9.14855 9.43719 9.61567 9.7754 9.63625 9.23915 8.48907 8.76988 11.5627 16.6601 22.3986 25.7272 28.5475 30.6104 32.9314 35.0985 36.2398 36.4406 35.9451 35.3835 35.2102 35.3369 35.4975 35.8476 36.4407 37.0144 36.0377 33.1117 30.7277 32.805 36.5768 37.795 38.2092 39.4023 41.1235 42.8373 44.1739 44.9774 45.0342 43.8566 41.4926 38.568 36.0071 33.6696 29.9709 26.6326 22.3376 20.267 20.5479 21.8223 24.4289 28.9357 33.4003 38.2213 43.8473 49.8515 55.5214 59.7555 62.1458 63.0869 62.831 61.6249 59.977 58.9679 57.7238 55.7387 53.2367 50.3707 46.5317 41.0997 34.4939 27.4571 20.9436 16.07 13.9504 13.8359 14.1487 14.5496 14.7638 14.6605 14.4043 14.1999 14.067 13.3755 12.1635 10.5849 9.1643
8.65379 9.80949 10.2334 10.0162 9.53763 8.92896 7.75007 6.94404 7.53547 10.8027 16.4036 21.4421 25.3868 27.6992 29.1627 31.2258 33.3266 35.006 35.9639 36.289 36.3559 36.2112 35.9392 35.6859 35.4508 35.1459 33.6176 30.6122 28.694 31.7267 35.9175 36.8765 37.2982 38.8318 40.9372 43.0851 44.9602 46.2766 46.5396 45.3486 43.0043 40.1673 37.6492 35.7318 34.4823 30.5376 25.7765 21.8068 20.1864 20.3963 21.6727 24.3352 28.8103 34.0557 40.4439 47.0643 53.0851 57.6297 60.699 62.5543 63.0698 62.1778 59.714 56.1792 53.2224 50.276 46.9823 43.4978 39.2542 33.8428 27.6732 21.3094 15.701 13.9004 14.8276 15.6137 15.8446 15.9587 16.0246 15.8468 15.4925 15.0716 14.8982 14.5647 13.5634 12.1259 10.5176
8.02336 9.58414 10.5287 10.3593 9.45528 7.92435 7.12114 6.01948 5.43042 6.45092 9.37235 16.0058 21.5524 24.7994 26.0433 27.3838 30.0525 33.1577 35.5324 36.816 37.3904 37.4035 36.9471 36.1741 35.3013 34.1685 31.9001 28.5476 27.0238 30.6092 34.8031 35.471 35.9306 37.5283 39.7368 42.1268 44.4373 46.1244 46.6573 45.9113 44.1506 41.7995 39.2852 37.6538 37.3102 34.4097 30.8072 25.9007 21.7695 20.2293 20.5099 22.0298 24.916 29.7047 36.8713 42.9391 48.5287 53.5842 57.59 60.3278 61.4677 60.7987 58.0831 53.2221 48.3632 44.7505 41.391 37.8042 33.3721 27.7173 21.5595 15.7033 12.4954 13.3375 15.4089 16.7586 17.0784 17.0626 17.0689 16.9627 16.6468 16.0714 15.5086 15.3224 14.5323 13.0307 11.6252
7.54713 8.74256 9.87911 10.0945 9.03006 7.34943 5.99982 5.06843 4.25286 3.94482 5.20351 9.77682 15.6222 20.5194 23.3756 24.5748 27.1548 31.0574 34.5542 36.7626 37.9947 38.4583 38.1863 37.2642 35.9403 34.0976 31.0902 27.3397 25.9587 29.2835 33.0419 33.7921 34.3814 35.7691 37.6783 40.0931 42.545 44.4932 45.5231 45.6365 44.9399 43.4658 41.4085 39.6214 38.6371 37.959 36.3985 30.8052 26.02 22.4263 20.6567 21.0489 22.8485 25.7638 31.0083 37.2572 42.7675 47.9957 52.6688 55.9891 57.5777 57.1412 54.4329 49.7731 44.1179 40.0206 36.8387 33.326 28.4509 22.2839 15.8557 11.5233 10.8876 12.4324 14.7448 16.8618 17.9666 18.0373 17.9219 17.6898 17.2869 16.5942 15.9827 15.1984 14.3943 12.9095 11.6163
7.45771 8.04136 8.61263 8.83113 8.12259 6.80524 5.31249 4.31023 3.46447 3.0811 3.80981 5.98132 9.00797 14.5666 20.063 22.9178 24.8292 28.6309 32.7031 35.7836 37.8224 38.8972 39.0404 38.4175 37.0605 34.7438 31.0696 27.0538 25.6869 28.3317 31.1742 31.982 32.6879 33.8853 35.4678 37.4803 39.7111 41.8389 43.5237 44.6366 45.0349 44.5872 43.3279 41.7078 40.4242 39.5931 39.2644 36.0991 32.2007 27.6647 24.956 21.9891 21.7319 23.011 24.9338 29.6336 35.8685 41.7894 46.2453 49.7129 51.6022 51.315 49.8749 46.9674 42.6015 37.0963 33.106 29.3312 23.902 17.236 11.6384 9.33975 9.55848 11.0046 13.2041 15.7152 17.7921 18.5427 18.4237 17.8592 17.364 16.3931 15.4746 14.4375 13.255 12.0489 10.209
8.31315 7.82964 7.72378 7.43972 7.10877 6.3048 5.29522 4.38847 3.5286 3.1953 3.25928 4.15893 5.13994 8.25608 13.106 20.024 23.5023 26.2609 30.0373 33.7058 36.5697 38.4267 39.2324 39.1228 38.097 35.5054 31.3495 27.2022 26.0839 28.138 29.7302 30.208 30.8456 31.8853 33.2501 34.9424 36.8794 38.946 40.9303 42.7863 44.173 44.7803 44.5963 43.7673 42.5858 41.5798 40.7371 40.1139 38.4488 34.7984 30.9697 26.697 24.6161 22.254 21.8696 23.4849 27.9124 35.7756 40.3187 43.3535 45.5612 45.8712 46.016 45.0603 42.7621 38.6477 33.9441 30.4399 23.7915 17.976 14.6628 11.7167 8.74836 8.85646 10.6946 13.2371 16.1587 17.728 18.0452 17.5806 16.6477 15.6932 14.4056 13.2586 11.9644 10.5662 8.67328
9.96166 9.36329 8.55957 6.85865 6.33192 6.07432 5.38449 4.7695 4.15275 3.62923 3.53789 3.5926 3.96902 4.82994 7.11508 13.9661 21.1407 24.4024 27.6078 30.9708 34.2314 36.9499 38.6288 39.2063 38.6221 35.9656 31.3978 27.1516 26.3545 28.117 28.8931 29.1323 29.4519 30.0212 30.9948 32.4246 34.2255 36.1523 38.1703 40.1535 42.1762 43.8865 44.9733 45.2862 44.775 43.8636 43.0259 42.3976 41.9235 39.9622 35.8281 32.4845 29.3438 24.541 21.3766 20.9471 22.1284 27.229 33.3327 38.47 40.5731 41.7128 42.3045 42.3693 41.8894 40.3479 37.1509 33.5636 28.3025 22.682 19.0695 15.3302 10.3611 7.03218 7.52623 9.77826 13.7433 15.8463 16.3209 16.3302 15.5708 14.4762 13.4427 12.1885 10.5591 8.70177 7.14798
11.4385 10.9161 9.92233 7.51352 6.11813 5.67487 5.30496 4.80551 4.49383 3.97878 3.8638 3.80748 3.68951 3.95257 4.88022 8.24333 15.6699 21.6366 25.4526 28.3261 31.3231 34.4696 37.0792 38.487 38.2588 35.6842 31.0009 26.8725 26.3668 28.1901 28.8003 28.8856 28.9334 28.9843 29.3767 30.2513 31.6698 33.3608 35.2681 37.2424 39.4656 41.8375 44.11 45.6961 46.3203 46.0321 45.4424 44.8175 43.988 43.1586 40.3782 37.6386 33.8311 28.8911 23.9008 20.8485 19.6128 20.97 25.0343 31.6503 35.0807 36.737 37.9411 39.137 39.8848 39.2022 37.102 34.2815 30.9785 26.448 21.5991 16.9147 12.5395 7.54208 5.42953 6.52093 9.64251 12.6969 13.9763 14.1296 13.9458 13.0436 11.9356 10.8384 9.0035 6.75953 5.07702
12.3261 11.6168 10.5336 8.72216 6.34694 5.18548 4.95981 4.8369 4.53457 4.21441 4.08342 3.93686 3.79282 3.62516 3.82941 5.45328 9.1004 16.248 21.5928 25.4628 28.4433 31.5715 34.6993 36.7715 36.832 34.3282 30.1291 26.8516 26.8115 28.6115 29.1456 29.1759 29.0269 28.6623 28.5316 28.8848 29.6561 30.8406 32.2935 34.0639 36.2549 38.895 41.8636 44.6912 46.6654 47.5371 47.495 47.1312 46.5768 45.936 44.6345 44.1599 39.6958 34.9971 29.2839 23.9225 19.8269 18.1257 20.0406 22.7835 27.1362 30.5485 33.2434 35.0767 36.5271 36.8928 35.6477 33.8797 31.5927 28.3443 23.7729 18.8333 13.7035 9.1355 5.71694 4.54908 5.83962 8.73956 10.7996 11.7376 11.6195 11.2062 10.2173 8.80063 7.29246 5.26311 3.20541
12.2881 11.79 10.9765 9.51702 7.27859 5.27435 4.88944 5.02068 4.86668 4.64057 4.31142 4.14884 3.78325 3.59001 3.71134 4.54004 5.94337 10.5189 16.6863 23.9598 26.2867 28.3434 31.6223 34.0646 34.2678 32.125 29.0703 27.3465 27.9863 29.4688 29.9297 29.7669 29.1567 28.5053 28.116 28.0613 28.2697 28.8827 29.8833 31.1686 32.9803 35.4122 38.5367 42.1822 45.5527 47.7765 48.7806 49.0274 49.1042 48.9263 48.5387 48.5661 45.5708 42.2962 34.9998 27.6463 21.4257 16.7203 16.1803 16.8653 18.6974 22.6536 27.236 30.3513 31.9935 33.2552 33.7699 32.8936 30.6811 28.1236 24.1483 19.9395 15.1535 11.0349 7.13645 3.9071 3.69506 5.39846 7.60669 8.94637 9.04338 8.64233 8.03748 6.83555 5.19839 3.87434 1.75618
11.8066 11.3337 11.033 9.91414 8.21097 6.17631 5.51735 5.64713 5.62686 5.23653 4.6963 4.30974 3.80654 3.71638 4.09596 4.76011 5.61181 7.48789 11.5646 20.4564 23.7241 25.3259 27.9496 30.3422 30.7286 29.5662 28.3742 28.3472 29.5201 30.6982 30.9857 30.3506 29.3736 28.4394 27.671 27.2361 27.1384 27.4706 28.1155 28.9976 30.2714 32.0586 34.7267 38.4041 42.7613 46.4119 48.8476 50.3855 51.56 52.5291 52.7599 51.9552 50.5665 48.5921 41.8742 31.0997 22.5536 16.6164 13.2532 13.1337 13.9879 15.8408 21.0959 24.7725 27.5982 29.3127 30.408 30.6511 28.9304 26.1915 23.344 19.6676 15.8719 12.1381 8.24699 4.32191 2.2915 3.32135 5.11899 6.24083 6.0695 5.64695 5.11844 4.48713 3.24825 1.78939 0.504615
10.2269 10.4593 10.1984 9.74594 8.49232 7.01544 6.30996 6.41561 6.4761 6.02984 5.61429 4.74482 4.1307 3.91273 4.46109 5.1153 5.42414 6.06493 7.69755 14.1945 19.2302 22.3129 24.2513 25.8051 26.727 27.2095 28.0424 29.338 30.7925 31.8329 31.8922 31.004 29.6995 28.3831 27.3671 26.6578 26.2703 26.2529 26.5754 27.1358 27.9463 29.2576 31.3458 34.3075 38.5854 43.2956 47.3986 50.7104 53.5399 55.754 56.6845 55.8017 53.6157 51.3272 45.8994 36.2525 26.8414 17.134 12.3776 10.9711 12.3774 13.267 15.5228 18.8403 23.6425 25.3824 26.2425 26.2474 25.9134 23.938 21.5449 19.0651 15.4986 12.0093 8.60091 5.14493 2.23896 2.09021 3.15953 3.50243 3.16903 2.2535 1.7075 1.4642 1.14554 0.293548 0
7.41489 8.44162 8.85332 8.91369 8.50728 7.36284 6.82457 7.10361 7.29468 7.09284 6.55413 5.90136 4.66927 4.25798 4.59731 5.21167 5.41209 5.43695 6.40845 8.85784 12.6943 18.3845 20.8887 21.4982 23.0033 25.2035 27.5081 29.6573 31.4028 32.4405 32.3593 31.4052 29.9761 28.4453 27.2029 26.2835 25.6956 25.3451 25.3446 25.5793 26.085 27.0928 28.7456 30.9734 34.2292 39.0792 44.6697 49.7256 54.1294 57.4728 58.8472 57.7916 54.8918 51.6241 46.3049 39.7666 32.7464 22.6683 15.1289 11.1692 10.9934 11.7651 12.2132 13.3862 18.3925 20.8253 21.4446 21.6658 21.7538 21.0066 19.5063 17.2767 14.6648 11.5835 8.42137 5.56803 2.64955 1.0089 1.12311 0.954825 0.896378 0.2705 0.0108739 0.00266634 0 0 0
5.60119 6.65431 7.44764 7.91441 7.89762 7.34689 7.41817 8.00197 8.35104 8.04387 7.15194 6.64427 5.85315 4.93022 4.91651 5.23241 5.53474 5.28105 5.531 6.51836 8.61442 13.8418 17.2461 18.4348 20.036 23.2944 26.4101 29.1329 31.3282 32.4416 32.372 31.4413 30.0704 28.6063 27.191 26.0275 25.3594 24.9029 24.4843 24.2562 24.6412 25.5838 26.8998 28.6477 30.9733 35.7809 42.7663 48.1547 53.0415 56.9995 58.6097 57.5126 54.7611 51.613 46.6177 40.7388 35.0425 28.2974 19.586 12.2614 10.1109 10.1747 11.1272 10.2698 12.24 15.0867 16.4855 17.1681 17.6762 17.3006 16.3907 14.805 12.8289 10.6071 7.91483 5.50554 2.70213 0.520706 0 0 0 0 0 0 0 0 0
5.10285 5.70639 6.38615 6.87052 6.9352 7.37937 8.25321 8.99234 9.35362 8.93597 8.0032 7.05348 6.80808 5.51217 5.19152 5.16711 5.18738 5.05491 4.94353 5.63255 6.71808 8.73681 13.2442 15.7175 18.3914 21.2308 24.6673 27.9003 30.3311 31.6625 31.9062 31.3301 30.1093 28.7113 27.3724 26.1784 25.2538 24.5482 24.0095 23.6379 23.641 24.2286 25.3872 26.9492 28.7684 32.1323 39.7932 47.1108 51.4527 54.5197 55.8993 54.967 53.8114 51.0915 46.4537 41.2014 36.0217 29.9968 23.0102 16.5728 11.457 8.93904 8.48728 8.15792 7.88631 8.93257 11.7727 12.7598 13.5414 13.7053 12.8529 11.9731 10.4013 8.59742 6.92953 4.57811 1.86524 0.307603 0 0 0 0 0 0 0 0 0
4.72489 4.9994 5.3837 6.1204 6.57731 7.67344 8.87892 9.58826 9.83466 9.75886 9.05853 8.01742 7.19382 6.297 5.28552 4.74243 4.4836 4.57129 4.76953 4.95496 4.90951 5.00274 7.73947 12.4841 17.0855 19.8087 22.5122 25.7939 28.2778 29.8764 30.7412 30.8408 30.1799 29.0157 27.7204 26.4761 25.3302 24.4894 23.8746 23.5105 23.2583 23.5082 24.2421 25.3998 26.8867 28.8353 33.4866 42.7725 49.6442 51.9682 52.3476 51.7133 51.4657 49.6358 45.7894 41.4659 36.8615 31.1622 25.792 20.1526 14.4905 10.4415 6.73108 5.67635 5.92986 5.53861 7.27739 8.57769 9.14203 9.65818 9.28632 8.84012 7.85139 6.35455 5.04817 3.01514 0.808033 0.057459 0 0 0 0 0 0 0 0 0
4.43869 4.43104 4.27695 5.52961 6.78491 7.8241 9.06462 9.90371 10.149 10.3644 10.0283 9.15596 8.22365 7.07574 5.47199 4.40505 3.9782 3.98255 4.3242 4.73654 4.31444 3.75329 4.39533 8.65449 13.9397 18.1831 20.5576 22.6752 25.1297 27.2723 28.8612 29.7385 29.8767 29.3177 28.3619 27.1421 25.9243 24.9093 24.1393 23.5909 23.3488 23.4079 23.6238 24.3489 25.4353 26.9535 28.8994 34.7621 44.1664 48.6451 49.0507 48.294 47.6358 46.5013 44.0261 40.3659 36.2671 32.1446 27.3311 22.309 18.108 12.8564 7.8393 5.05185 4.26558 4.38125 4.45462 4.53072 4.88847 5.49698 5.73919 5.65087 5.16414 4.04894 2.77657 1.29365 0.239566 0 0 0 0 0 0 0 0 0 0
4.47458 4.19184 3.91815 5.05932 7.03182 7.9234 8.91787 10.0974 10.6685 10.8162 10.6729 9.96964 8.85354 7.40335 5.64039 4.31019 3.78726 3.76324 3.79145 4.13247 3.71624 2.91303 3.38576 4.92112 11.2801 15.4441 18.0335 19.5525 21.5026 24.2079 26.5788 28.1314 28.9712 29.1665 28.8868 28.1539 27.2028 26.0357 25.0357 24.3556 23.9719 23.6976 23.617 23.9765 24.6168 25.6198 27.1416 29.202 35.1645 41.4928 43.7637 43.5841 43.0935 42.2482 40.9566 38.5076 35.5267 32.0448 27.8287 23.9836 19.8948 14.5889 9.19364 5.35722 2.90609 2.55767 3.01937 2.66598 2.27097 2.06361 2.47652 2.48068 2.08705 1.45003 0.873945 0.204365 0 0 0 0 0 0 0 0 0 0 0
4.76754 4.32539 4.02909 4.40694 6.234 7.89901 8.70954 9.90261 10.8068 10.9607 10.8557 10.3893 9.42741 7.68329 6.03935 4.37092 3.59253 3.65178 3.5145 3.24939 2.56821 1.85126 1.78353 2.73473 6.68081 12.0942 15.055 17.1531 18.7279 21.1852 23.9433 26.2057 27.741 28.5524 28.9733 29.0079 28.568 27.7067 26.6447 25.724 25.1624 24.7424 24.4072 24.2393 24.4355 24.9638 25.8152 26.7245 28.7901 32.7765 35.6135 36.8993 37.5557 37.7102 37.1405 35.8131 33.6527 30.9235 27.7458 24.0896 19.9589 15.6924 10.8248 6.94969 3.2587 1.38831 1.25133 1.18327 0.714425 0.326794 0.433405 0.509595 0.230532 0.121334 0.0341251 0 0 0 0 0 0 0 0 0 0 0 0
4.74819 4.46706 4.22908 4.15802 4.87787 6.93827 8.57509 9.30644 10.2756 10.7903 10.7582 10.479 9.87925 8.56262 6.62746 4.69087 3.42795 3.22638 2.97801 2.28447 1.60138 0.921184 0.510902 1.72958 2.97857 6.89255 12.063 15.1922 17.163 18.7382 21.2709 23.9011 26.1803 27.7524 28.7364 29.393 29.555 29.3153 28.6029 27.6339 26.7719 26.1951 25.6299 25.14 24.8956 24.8736 24.9879 24.9384 25.3554 26.8031 27.5129 28.7523 30.4808 31.8603 32.3725 32.1307 30.7357 29.0582 26.9926 23.3938 19.8312 15.9677 12.0384 8.35207 4.3426 1.51778 0.244901 0 0 0 0 0 0 0 0 0 0 0 0 0 0 0 0 0 0 0 0
4.60909 4.54421 4.5202 4.43898 4.3929 5.7239 7.96939 8.84991 9.61818 10.3749 10.542 10.2413 9.57486 8.77658 7.18699 5.03542 3.51985 2.97123 2.27365 1.35578 0.820689 0.280593 0.031128 0.619092 1.29215 3.52116 7.46567 12.8906 16.6574 17.9378 19.4995 21.7383 24.2097 26.5505 28.2356 29.4247 30.1548 30.4688 30.2445 29.6218 28.7287 27.7722 27.0088 26.4124 25.7509 25.0854 24.3614 23.3336 22.4034 23.4691 22.5948 22.0026 22.6943 24.8269 26.557 27.4237 27.4591 26.6022 24.9535 22.3016 19.3285 15.9523 12.0894 8.29903 4.8017 1.7256 0.252447 0 0 0 0 0 0 0 0 0 0 0 0 0 0 0 0 0 0 0 0
4.52696 4.60064 4.69506 4.65435 4.59887 4.77656 6.35701 8.1116 9.20877 9.85338 10.1467 9.88112 9.12994 8.2644 7.1771 5.41203 3.77867 2.70575 1.92297 0.946575 0.301341 0.0469072 0 0 0 1.50033 2.20927 7.54831 10.8982 15.5499 18.7447 20.6251 22.4474 24.7432 27.1739 29.0151 30.2855 30.9964 31.2509 31.0121 30.4373 29.5161 28.6087 27.7305 26.7159 25.4419 23.7866 21.9433 20.1393 19.9449 19.0814 18.422 17.2859 17.7176 19.9384 21.6215 22.6108 22.824 21.9104 20.5062 17.9535 14.6201 11.1426 7.99171 4.7317 1.7771 0.278429 0 0 0 0 0 0 0 0 0 0 0 0 0 0 0 0 0 0 0 0
4.41408 4.40818 4.584 4.70079 4.71131 4.49361 4.69849 6.55887 8.84871 9.41793 9.44204 9.21601 8.55667 7.91824 7.06559 6.15033 4.30297 3.01187 1.89681 1.4451 0.3935 0 0 0 0 0 0 1.86195 2.74755 6.18375 14.9639 18.837 21.4034 23.2138 25.2135 27.5461 29.5403 30.7967 31.4137 31.5123 31.308 30.7197 29.8831 28.9354 27.7022 25.9289 23.523 21.0987 18.8201 17.1963 16.3786 16.0373 14.459 12.7441 13.2598 15.3268 16.9731 17.6682 17.8043 16.9564 15.4673 12.1705 9.5782 7.0683 3.96691 1.57057 0.279011 0 0 0 0 0 0 0 0 0 0 0 0 0 0 0 0 0 0 0 0
4.40621 4.27829 4.28673 4.3537 4.53026 4.59651 4.34013 4.94177 6.91939 8.59736 8.71934 8.49369 8.08324 7.68355 7.22874 7.03114 5.84713 4.15763 2.47214 2.54387 2.07528 0.508753 0 0 0 0 0 0 0 0 5.49458 8.08897 16.3501 22.086 23.8357 25.432 27.4332 29.2307 30.4134 31.0112 31.1076 30.7779 30.1394 29.408 28.2166 26.2158 23.2314 20.4917 18.106 16.2421 15.401 14.4822 13.1646 11.1286 9.37556 9.51035 11.1949 12.3765 12.7893 12.5838 11.8062 9.66739 7.52706 5.653 2.81378 0.860282 0.126925 0 0 0 0 0 0 0 0 0 0 0 0 0 0 0 0 0 0 0 0
4.66657 4.68977 4.34222 4.06652 4.17052 4.30489 4.29151 4.1405 4.95543 6.35498 7.48414 7.70234 7.6858 7.88079 7.96825 7.6672 7.27362 5.05307 3.59667 3.36287 3.30574 0.922913 0 0 0 0 0 0 0 0 0 0 5.67548 16.0659 22.3385 24.2607 25.2946 26.6137 28.0485 29.2509 29.8246 29.7432 29.3434 28.812 27.8416 25.7698 22.4117 19.592 17.2469 15.5319 14.9743 13.9211 12.699 10.7968 8.54756 6.57049 5.98748 6.95807 7.7591 8.00086 7.58179 6.57408 4.94344 3.59598 1.38761 0.183255 0 0 0 0 0 0 0 0 0 0 0 0 0 0 0 0 0 0 0 0 0
5.08496 5.06086 4.78155 4.12292 3.96055 4.33073 4.22389 4.20244 4.90979 4.60158 5.76592 7.12155 7.77553 8.26436 8.71308 8.53287 7.82298 6.47154 5.18431 4.0723 3.31812 1.6016 0.280876 0 0 0 0 0 0 0 0 0 0 5.24763 9.82422 16.5996 22.7883 25.0274 25.5464 26.3251 27.3204 27.6798 27.633 27.3899 26.549 24.2761 21.0319 18.3563 16.3175 15.0963 14.5337 13.4687 12.1842 10.2341 8.04087 5.98655 3.76711 2.57322 2.93769 3.51518 3.59038 3.12868 2.15081 1.1911 0.264118 0 0 0 0 0 0 0 0 0 0 0 0 0 0 0 0 0 0 0 0 0 0
5.20542 5.15679 5.22258 4.9841 4.50977 4.6339 4.68551 4.83658 5.36134 4.41917 4.63448 6.39853 7.92035 8.42664 8.81378 9.06483 8.56085 7.77804 6.67008 5.11059 3.28657 2.19233 0.554282 0 0 0 0 0 0 0 0 0 0 0 0 4.69261 13.4835 20.1292 23.594 24.0229 24.0177 24.6213 24.9958 25.1029 24.2052 22.1523 19.461 17.1546 15.6356 14.7879 14.2593 13.1291 11.6624 9.5058 7.13077 5.48385 3.2791 0.929719 0.379299 0.716866 0.835142 0.772736 0.37254 0.0634209 0 0 0 0 0 0 0 0 0 0 0 0 0 0 0 0 0 0 0 0 0 0 0
4.97258 5.39311 5.73 5.88621 5.53207 4.85476 4.93599 5.03568 5.19257 4.65293 4.48018 5.47805 7.50552 8.26076 8.63913 9.02899 9.03652 8.36306 7.36113 5.47054 3.23039 2.53597 0.706393 0 0 0 0 0 0 0 0 0 0 0 0 0 3.14571 7.46099 13.8878 20.4821 21.6451 21.7908 22.0864 22.1259 21.5413 20.0723 18.4156 16.6517 15.4002 14.377 13.7284 12.0155 10.7341 8.5929 6.53284 4.5853 2.26552 0.531229 0.0343565 0 0 0 0 0 0 0 0 0 0 0 0 0 0 0 0 0 0 0 0 0 0 0 0 0 0 0 0
4.66821 5.52292 6.00705 6.07118 6.0653 5.10744 5.00809 5.23996 5.33631 5.21816 4.91415 4.94349 6.49713 7.49707 8.17749 8.86836 8.89279 8.57603 7.48631 5.16229 3.82778 3.27385 2.43391 0.606233 0 0 0 0 0 0 0 0 0 0 0 0 0 0 2.90303 10.3139 14.5366 18.1963 19.5668 19.5653 19.408 18.926 18.0839 16.5767 14.7527 13.7648 12.3042 10.1336 8.97868 6.9732 5.30675 3.49552 1.17947 0.138682 0 0 0 0 0 0 0 0 0 0 0 0 0 0 0 0 0 0 0 0 0 0 0 0 0 0 0 0 0
4.52548 5.3492 5.84131 5.85588 5.87314 5.31838 5.16804 5.71505 5.89186 5.76131 5.77482 5.38575 5.79446 6.84539 7.72787 8.24405 8.46279 8.43805 7.15848 5.0891 4.79181 4.37599 4.37247 1.25267 0 0 0 0 0 0 0 0 0 0 0 0 0 0 0 1.71307 4.16556 9.58248 15.1282 16.5756 16.22 16.1638 15.2872 14.2817 12.9911 12.2135 10.0744 8.14581 6.08759 4.54591 2.90825 1.52733 0.346079 0.00521929 0 0 0 0 0 0 0 0 0 0 0 0 0 0 0 0 0 0 0 0 0 0 0 0 0 0 0 0 0
5.15388 4.8871 5.48736 5.61367 5.53952 5.49526 5.37148 5.88714 6.23159 6.14994 6.49877 6.225 5.51714 6.12052 6.70079 7.23012 7.57474 7.34449 6.45661 5.60702 5.76156 6.28921 5.28673 2.92615 0.612819 0 0 0 0 0 0 0 0 0 0 0 0 0 0 0 0 1.87984 5.66182 9.63748 10.3209 10.2478 9.79361 9.27565 9.105 8.82723 7.19802 5.46932 3.16161 2.07571 0.889185 0.134835 0 0 0 0 0 0 0 0 0 0 0 0 0 0 0 0 0 0 0 0 0 0 0 0 0 0 0 0 0 0 0
6.08949 4.643 4.8531 5.31674 5.50743 5.64742 5.78871 6.13866 6.5725 6.55806 6.63291 6.49984 5.98744 5.17344 5.24227 5.79041 6.11682 5.99868 6.19339 6.76086 7.05337 7.71247 5.72509 4.27861 2.27726 0.444967 0 0 0 0 0 0 0 0 0 0 0 0 0 0 0 0 0.00455797 2.40153 3.22824 3.85046 4.14273 4.19866 4.30822 3.8011 3.09483 2.31865 1.08483 0.475537 0.109999 0 0 0 0 0 0 0 0 0 0 0 0 0 0 0 0 0 0 0 0 0 0 0 0 0 0 0 0 0 0 0 0
8.07814 5.35873 4.4235 4.76266 5.59514 5.5155 5.76913 6.29868 6.77081 6.83855 6.6077 6.43836 6.04208 4.33534 4.43222 4.80027 5.19453 5.84645 6.99718 8.01146 8.01304 7.87351 6.52102 4.78182 3.40851 1.78882 0.363495 0 0 0 0 0 0 0 0 0 0 0 0 0 0 0 0 0 0 0.509168 1.06838 1.43772 1.22995 0.591881 0.381825 0.406081 0.117133 0 0 0 0 0 0 0 0 0 0 0 0 0 0 0 0 0 0 0 0 0 0 0 0 0 0 0 0 0 0 0 0 0 0
8.96922 7.25413 4.80618 4.21233 4.96894 5.26656 5.40191 5.84073 6.66108 6.84758 6.44 6.23811 5.43237 4.31917 3.97247 4.15634 4.87025 6.29793 8.12923 9.24281 8.62115 7.71733 7.29448 5.73224 3.85236 2.82117 1.6807 0.369701 0 0 0 0 0 0 0 0 0 0 0 0 0 0 0 0 0 0 0.286155 0.398128 0.142423 0.0119152 0 0 0 0 0 0 0 0 0 0 0 0 0 0 0 0 0 0 0 0 0 0 0 0 0 0 0 0 0 0 0 0 0 0 0 0 0
8.22933 7.79709 5.84102 4.20311 4.41923 5.30582 5.2769 5.09324 5.85094 6.29614 5.96487 5.48875 4.75469 4.06796 3.27875 3.46676 5.11524 6.81214 8.64521 9.7092 9.06699 7.9949 7.75171 6.5212 4.36956 3.15354 2.70464 1.47839 0.290647 0 0 0 0 0 0 0 0 0 0 0 0 0 0 0 0 0 0 0 0 0 0 0 0 0 0 0 0 0 0 0 0 0 0 0 0 0 0 0 0 0 0 0 0 0 0 0 0 0 0 0 0 0 0 0 0 0 0
7.64349 7.01721 6.23483 5.14944 4.64511 4.94577 5.25242 4.91672 4.78732 5.08433 5.44728 4.68381 4.12401 3.53148 2.84619 3.17181 5.74958 7.44587 8.57662 9.32281 9.25692 8.42132 7.82081 7.16859 5.20435 3.4605 2.84901 2.35209 0.615364 0 0 0 0 0 0 0 0 0 0 0 0 0 0 0 0 0 0 0 0 0 0 0 0 0 0 0 0 0 0 0 0 0 0 0 0 0 0 0 0 0 0 0 0 0 0 0 0 0 0 0 0 0 0 0 0 0 0
6.92967 6.46592 5.99714 5.60711 4.75932 4.66489 5.21267 5.312 4.62114 4.2729 4.69104 4.11553 3.41917 2.91521 2.94075 3.32896 5.65746 7.35157 8.08271 8.81185 9.33065 8.86967 7.74128 7.1832 5.65294 4.06633 3.02952 2.51854 1.41531 0.287894 0 0 0 0 0 0 0 0 0 0 0 0 0 0 0 0 0 0 0 0 0 0 0 0 0 0 0 0 0 0 0 0 0 0 0 0 0 0 0 0 0 0 0 0 0 0 0 0 0 0 0 0 0 0 0 0 0
