benchmarks/avaHit/relHit_null_ref_0.15500_pv.asc
ncols         524
nrows         444
xllcenter     272770
yllcenter     357500
cellsize      5
NODATA_value  -9999
[rows 156 to 194 of 444, columns 261 to 347 of 524]
28.0422 29.0539 29.9362 30.8114 31.6058 32.4747 33.4052 34.1708 34.7992 35.4441 36.0805 36.7465 37.2978 37.4187 37.1489 37.0601 37.3709 38.0378 38.8546 39.4648 39.8975 40.2678 40.6694 41.0832 41.8642 42.621 42.6107 41.9335 41.3704 40.9547 40.491 40.346 40.0071 39.3623 38.4076 37.4423 36.5801 35.847 34.9319 33.87 32.6044 31.2661 30.0194 28.0623 25.3054 22.3233 20.3047 18.1556 16.7079 10.5074 2.30668 0 0 0 0 0 0 0 0 0 0 0 0 0 0 0 0 0 0 0 0 0 0 0 0 0 0 0 0 0 0 0 0 0 0 0 0
26.951 28.2484 29.4413 30.3034 31.2299 32.218 33.1393 33.9987 34.9516 36.0016 36.8672 37.2848 37.4878 37.5716 37.3118 37.1154 37.1114 37.4403 37.9388 38.4744 39.1574 39.707 40.1427 40.9317 41.9983 42.7259 42.1383 41.4055 40.8328 40.4909 40.3861 40.5121 40.1596 39.447 38.446 37.6353 36.9106 36.2715 35.5662 34.6732 33.5703 32.3065 30.8758 29.7044 28.2221 26.0965 23.5966 20.8168 18.6711 16.9965 10.2939 2.20701 0 0 0 0 0 0 0 0 0 0 0 0 0 0 0 0 0 0 0 0 0 0 0 0 0 0 0 0 0 0 0 0 0 0 0
26.0922 27.6617 29.1606 29.8745 30.8247 31.7735 32.7465 33.7317 35.1066 36.5419 37.406 37.4981 37.4371 37.423 37.2659 37.0769 36.974 36.9771 37.1979 37.6295 38.2983 39.0515 39.5919 40.3001 41.388 42.0328 41.6611 40.8993 40.4398 40.2469 40.4046 40.5982 40.1773 39.2685 38.3228 37.7449 37.1321 36.6443 36.1069 35.3624 34.4039 33.2537 32.2122 31.258 29.8048 28.0642 25.9794 23.4312 20.3807 18.5315 17.0121 11.0592 2.50466 0 0 0 0 0 0 0 0 0 0 0 0 0 0 0 0 0 0 0 0 0 0 0 0 0 0 0 0 0 0 0 0 0 0
24.9748 26.5819 28.1139 29.09 30.2043 31.2066 32.2154 33.6225 35.3123 36.8373 37.3863 37.3342 37.2629 37.2471 37.1363 36.9149 36.7913 36.7059 36.6202 36.9368 37.5359 38.2411 38.9239 39.5063 40.1448 40.729 40.7349 40.4349 40.1127 39.935 39.9304 40.0402 39.6621 38.7361 38.0211 37.5709 37.1935 36.7197 36.2924 35.8505 35.0043 33.9963 33.0961 32.253 30.7781 29.0523 27.3129 25.6233 23.2308 20.3965 18.81 17.7036 10.9872 2.38563 0 0 0 0 0 0 0 0 0 0 0 0 0 0 0 0 0 0 0 0 0 0 0 0 0 0 0 0 0 0 0 0 0
23.8239 25.3702 27.0764 28.1204 29.3426 30.8378 32.1311 33.8874 35.6399 37.1046 37.6152 37.0952 36.9074 36.946 36.8812 36.7314 36.5103 36.4339 36.2575 36.286 36.7739 37.3868 38.0458 38.7132 39.2242 39.5797 39.7085 39.7309 39.5863 39.6546 39.3919 39.0638 38.738 38.2655 37.6718 37.1508 36.8468 36.4375 36.0992 35.8823 35.3772 34.5225 33.4844 32.4875 31.496 30.1255 28.6107 27.5849 25.6338 22.6677 20.2034 18.7677 17.3464 11.3756 2.58962 0 0 0 0 0 0 0 0 0 0 0 0 0 0 0 0 0 0 0 0 0 0 0 0 0 0 0 0 0 0 0 0
23.0183 24.0935 25.7393 27.5657 29.51 31.0565 32.26 33.7288 35.3158 36.5004 37.1227 36.7993 36.4967 36.5274 36.5407 36.4383 36.1814 35.9472 35.8404 35.7701 35.9751 36.484 37.1984 37.7872 38.4134 38.7669 38.91 39.0297 38.9202 38.9441 38.6704 38.3493 38.0688 37.9105 37.3547 36.8172 36.3283 35.9756 35.7507 35.5682 35.375 34.6343 33.7285 32.7938 31.853 30.8994 29.5559 28.4174 26.9794 24.7795 22.7627 20.5082 18.7741 17.6335 11.204 2.47486 0 0 0 0 0 0 0 0 0 0 0 0 0 0 0 0 0 0 0 0 0 0 0 0 0 0 0 0 0 0 0
21.9325 22.8605 24.4461 26.7555 28.7324 30.4869 31.484 32.5527 34.0132 34.9525 35.5676 35.806 35.8312 35.9079 36.0964 35.9967 35.7086 35.4382 35.2457 35.2634 35.291 35.5343 36.1587 36.7809 37.3644 37.9114 38.1017 38.237 38.2182 38.0297 37.8858 38.0596 38.0725 38.0314 37.6041 36.7651 35.998 35.5453 35.4332 35.08 34.8338 34.4233 33.7695 33.0884 32.3412 31.4114 30.263 28.9823 27.8 26.4873 25.0747 22.6817 20.022 18.5119 17.6144 10.9653 2.37783 0 0 0 0 0 0 0 0 0 0 0 0 0 0 0 0 0 0 0 0 0 0 0 0 0 0 0 0 0 0
21.0966 21.9429 23.1183 24.9675 26.6575 28.6758 29.728 31.2596 32.5852 33.5069 34.1158 34.5365 34.9108 35.1199 35.2719 35.2675 35.1725 34.9227 34.7623 34.6175 34.684 34.6423 34.9174 35.5775 36.1647 36.6998 37.1567 37.29 37.3624 37.364 37.294 37.7277 38.2178 38.0827 37.6877 36.7769 35.8367 35.1869 34.8248 34.3848 34.1211 33.9317 33.5595 33.1804 32.6352 31.8184 30.802 29.6083 28.414 27.4307 25.9844 24.1577 22.0699 20.17 18.8467 17.4017 10.7274 2.33098 0 0 0 0 0 0 0 0 0 0 0 0 0 0 0 0 0 0 0 0 0 0 0 0 0 0 0 0 0
20.448 20.9009 21.7158 23.0884 24.4983 26.143 28.1954 29.7572 30.9347 32.0243 32.7412 33.325 33.8253 34.1799 34.3391 34.3105 34.3986 34.3326 34.2782 34.1502 34.0866 33.9271 33.8533 34.2917 34.8333 35.3176 35.861 36.262 36.4059 36.5086 36.5436 36.7959 37.06 37.1434 36.8281 36.2871 35.4946 34.732 34.1604 33.9635 33.7852 33.4335 33.177 32.9076 32.5984 31.9 31.0873 30.1215 29.0532 28.0326 26.5517 25.1772 23.8202 22.0651 19.9694 18.7019 17.1767 10.3402 2.2104 0 0 0 0 0 0 0 0 0 0 0 0 0 0 0 0 0 0 0 0 0 0 0 0 0 0 0 0
19.5668 19.9257 20.7551 21.4645 22.5108 24.2371 26.7329 27.8198 29.3618 30.4295 31.2398 31.9288 32.7373 33.0644 33.4615 33.46 33.8114 34.1792 34.2028 33.9509 33.6267 33.4144 33.2041 33.1715 33.6468 34.0736 34.501 35.0916 35.3302 35.3439 35.3649 35.469 35.3764 35.5566 35.7008 35.4162 34.8817 34.1399 33.6127 33.3982 33.4433 33.0391 32.7188 32.3613 32.1554 31.7925 31.1576 30.3795 29.5502 28.5553 27.234 25.9652 24.5103 23.07 21.331 19.5423 18.7538 17.2206 9.95767 2.06234 0 0 0 0 0 0 0 0 0 0 0 0 0 0 0 0 0 0 0 0 0 0 0 0 0 0 0
18.5823 19.017 19.7404 20.1522 20.9855 22.0739 24.0109 25.6941 27.3822 28.692 29.8829 30.6294 31.3238 31.8328 32.3239 32.6462 33.3896 34.2254 34.5928 34.1119 33.5476 33.0302 32.7533 32.4806 32.5571 32.9547 33.3724 33.796 34.1045 33.9833 33.8481 33.9955 33.9929 34.0948 34.4617 34.6712 34.2838 33.7793 33.0481 32.5595 32.5239 32.2446 32.0667 31.7338 31.4942 31.3292 30.9423 30.4026 29.783 28.8603 27.7285 26.5617 25.2392 23.946 22.4097 20.6136 19.5923 18.9174 16.8352 4.52639 0 0 0 0 0 0 0 0 0 0 0 0 0 0 0 0 0 0 0 0 0 0 0 0 0 0 0
17.7174 18.1639 18.664 19.1013 19.5119 19.9512 21.7152 23.8127 25.4382 27.1431 28.2324 29.0181 29.6674 30.3745 31.1074 31.7503 32.9135 33.863 34.0488 33.7589 33.2776 32.702 32.3322 32.0082 31.7912 31.9614 32.3655 32.4923 32.6649 32.6717 32.5109 32.5453 32.6928 32.8257 33.0461 33.3236 33.0839 32.7741 32.2416 31.7889 31.5187 31.3885 31.3087 31.0308 30.8618 30.6819 30.5086 30.2351 29.7335 29.0347 28.1143 27.4566 26.487 25.23 23.4972 22.196 20.6505 19.4963 18.957 12.2166 2.70608 0 0 0 0 0 0 0 0 0 0 0 0 0 0 0 0 0 0 0 0 0 0 0 0 0 0
17.1103 17.5258 17.9039 18.3165 18.5962 18.9937 19.9877 21.4036 23.2775 24.9357 26.1545 27.4972 28.1697 28.8936 29.7551 30.8655 32.3951 33.0172 32.8229 32.9538 32.7147 32.2881 31.9399 31.6398 31.3804 31.2863 31.4152 31.4475 31.1722 31.2409 31.2121 31.2203 31.3602 31.4896 31.5742 31.6191 31.527 31.3828 31.2554 31.1085 30.7392 31.1008 31.3286 30.8747 30.4397 30.1752 30.0408 29.8658 29.486 29.1082 28.759 28.7 27.9316 26.5193 24.7795 23.4026 21.9353 20.2265 19.5205 18.8509 12.1165 2.69192 0 0 0 0 0 0 0 0 0 0 0 0 0 0 0 0 0 0 0 0 0 0 0 0 0
16.6823 17.0897 17.4987 17.8849 18.1611 18.4087 18.7098 19.3289 20.4372 22.0059 23.5806 25.3969 26.5888 27.2408 28.0881 30.3802 31.7708 31.8643 31.6776 31.9059 31.9239 31.7414 31.4809 31.2982 30.9717 30.7269 30.4014 30.0065 29.6258 29.6769 30.0189 30.4435 30.7678 30.8982 30.8174 30.5448 30.3416 30.3479 30.316 30.2935 29.9535 30.3437 30.9747 30.7908 30.1725 29.9007 30.104 30.1641 29.8171 29.6295 29.6817 29.7392 28.8983 27.4712 25.9257 24.307 22.8756 21.1841 19.8921 19.3864 18.6718 12.0578 2.69076 0 0 0 0 0 0 0 0 0 0 0 0 0 0 0 0 0 0 0 0 0 0 0 0
16.2664 16.7042 17.1178 17.4975 17.7623 17.9622 18.2041 18.5487 18.8642 19.8293 20.8203 22.2664 24.2574 25.4857 26.2255 28.3551 29.9824 30.3018 30.4909 30.7155 30.8451 30.9918 30.7867 30.7367 30.5568 30.1444 29.3808 28.7511 28.3934 28.5314 29.3873 30.1996 30.7292 30.7608 30.5308 30.1711 29.6803 29.4508 29.431 29.3116 29.417 29.3908 29.5741 29.7228 29.5048 29.4149 30.2557 30.5777 30.2954 30.3344 30.2582 29.9478 29.0804 27.9092 26.7126 25.2653 23.7202 22.1737 20.605 19.6513 19.1927 18.5795 12.2389 2.76641 0 0 0 0 0 0 0 0 0 0 0 0 0 0 0 0 0 0 0 0 0 0 0
15.7967 16.2462 16.6725 17.0097 17.3265 17.5691 17.8171 18.1252 18.4375 18.7839 19.1812 19.9678 21.1816 23.1793 24.4265 25.6708 27.0924 28.3884 29.0931 29.6795 29.6702 29.7588 29.7536 29.8184 29.7348 29.2893 28.6075 28.1019 27.8224 28.1595 29.0871 29.8726 30.0165 30.0127 29.9185 29.6613 29.2473 28.6569 28.4406 28.417 28.6527 28.5779 28.3987 28.3403 28.3477 28.4277 29.166 29.6109 29.6957 29.771 29.5432 29.211 28.6842 28.0037 26.9901 25.8435 24.4039 22.8368 21.3723 20.3031 19.7434 19.8004 19.3494 12.4114 2.74951 0 0 0 0 0 0 0 0 0 0 0 0 0 0 0 0 0 0 0 0 0 0
15.3385 15.7443 16.1121 16.4588 16.86 17.2576 17.5797 17.8957 18.2048 18.4575 18.6871 19.0845 19.5013 20.9694 22.1194 23.2763 24.595 25.8727 27.0353 27.8318 28.0268 28.2511 28.4783 28.7025 28.5838 28.4065 28.059 27.4892 27.1541 27.4063 27.8525 28.6638 28.8654 29.0945 29.1818 29.0318 28.4558 27.8682 27.5496 27.6118 27.7833 27.7107 27.6414 27.392 27.2476 27.3169 27.7087 28.3018 28.7209 28.7674 28.5364 28.3537 27.9958 27.5348 26.8504 25.9328 24.7413 23.2772 22.1603 21.4568 21.2337 20.9983 20.4301 19.5331 12.102 2.61632 0 0 0 0 0 0 0 0 0 0 0 0 0 0 0 0 0 0 0 0 0
15.0415 15.2828 15.6446 16.0576 16.5135 17.0199 17.4749 17.8627 18.1657 18.4037 18.6305 18.8603 19.1263 19.5996 19.8122 20.4255 21.7793 23.0691 24.5893 25.6317 26.0077 26.8102 27.1757 27.4726 27.6053 27.6416 27.4308 26.9665 26.5067 26.3418 26.6576 27.5816 28.3596 28.5683 28.5027 28.3442 27.872 27.385 27.1535 26.8864 26.9505 27.0046 26.9919 26.847 26.9525 27.0976 27.0783 27.5465 28.0702 28.2868 28.1708 27.9234 27.5185 26.9939 26.4152 25.6343 24.8091 23.9276 23.2934 23.0629 22.7619 22.0054 21.2407 20.5762 19.2747 12.6459 2.87532 0 0 0 0 0 0 0 0 0 0 0 0 0 0 0 0 0 0 0 0
15.0285 15.0385 15.3691 15.8039 16.3146 16.8884 17.4649 17.9148 18.2375 18.4807 18.6641 18.7523 18.7357 18.6763 18.4112 18.1383 18.4838 19.8126 21.5153 23.1116 24.0259 24.9978 25.6034 26.0035 26.4267 26.6988 26.6742 26.384 26.1247 25.9978 26.3856 27.2493 27.7635 27.7421 27.7028 27.6156 27.4782 27.2136 26.7146 26.1777 26.1423 26.3047 26.5989 26.9137 27.3627 27.1789 26.7158 27.0325 27.5413 27.8176 27.8779 27.7087 27.3503 26.8195 26.1938 25.6524 25.2513 24.9469 24.6082 24.3219 23.6814 22.9986 22.203 21.2484 20.4834 19.7733 5.50402 0 0 0 0 0 0 0 0 0 0 0 0 0 0 0 0 0 0 0 0
15.1952 15.0412 15.2165 15.6422 16.1855 16.8032 17.4244 17.9337 18.2983 18.5457 18.6164 18.472 18.1569 17.7265 17.1991 16.5983 16.2042 16.5407 17.7802 19.548 21.6785 22.7777 23.5143 24.2986 25.1775 25.7768 25.9866 25.9513 26.0712 26.1372 26.0136 26.1673 26.2456 26.3648 26.6185 26.9064 26.9884 26.8001 26.2443 25.9666 26.0375 26.162 26.7137 27.3748 27.7438 27.2652 26.4951 26.7286 27.1943 27.4059 27.4906 27.4612 27.2249 26.8368 26.4292 26.2064 26.126 26.0128 25.6732 25.1238 24.4461 23.7535 22.9954 22.011 20.9684 20.2771 13.3754 3.01948 0 0 0 0 0 0 0 0 0 0 0 0 0 0 0 0 0 0 0
15.4945 15.2679 15.2586 15.5775 16.1198 16.7234 17.3011 17.818 18.1857 18.3861 18.3201 17.9286 17.3201 16.6264 15.9517 15.3934 14.9484 14.6422 14.9253 15.7742 18.6479 20.2757 21.2565 23.1818 24.3545 24.776 25.1688 25.4308 25.7744 25.7852 25.3792 24.9149 24.9432 25.1175 25.5268 25.8675 26.1715 26.1079 25.9296 26.1539 26.4809 26.224 26.5062 27.1387 27.453 27.0312 26.3059 26.5682 27.0345 27.2081 27.2027 27.1809 27.145 27.0784 26.9702 26.9446 26.9522 26.7788 26.3311 25.7669 25.1017 24.3715 23.6083 22.6956 21.6559 20.7261 20.174 13.386 3.03093 0 0 0 0 0 0 0 0 0 0 0 0 0 0 0 0 0 0
15.8765 15.6531 15.4776 15.6146 16.076 16.6112 17.0946 17.5135 17.8253 17.91 17.6502 17.1259 16.4451 15.7373 15.0544 14.4271 13.9126 13.52 13.2454 13.1418 15.4854 17.4554 19.3828 21.4111 23.0557 23.6079 23.9309 24.4233 24.8513 24.8591 24.5846 24.2208 24.1234 24.1821 24.4718 24.6752 25.0482 25.2903 25.3732 25.7567 26.0829 25.6688 25.648 25.9749 26.2535 26.1144 25.9421 26.3996 26.9026 27.1223 27.1058 27.0389 27.1404 27.352 27.4311 27.4491 27.3917 27.1201 26.6521 26.1423 25.6129 24.9918 24.2425 23.3681 22.4496 21.4999 20.7139 20.573 14.2224 3.2985 0 0 0 0 0 0 0 0 0 0 0 0 0 0 0 0 0
16.1887 15.9821 15.7557 15.6572 15.9283 16.3331 16.7134 17.0101 17.1599 16.9892 16.6238 16.1463 15.6306 15.0158 14.345 13.6258 12.9842 12.4652 12.108 11.8958 12.7634 14.3316 16.8417 18.7501 20.6839 21.8908 22.4466 23.1947 23.7344 23.8803 23.7921 23.6724 23.4853 23.4075 23.3672 23.5343 23.903 24.3202 24.7579 25.4267 25.7719 25.3372 25.2812 25.125 25.0085 25.0694 25.4188 26.0738 26.6697 27.0272 27.1064 27.0871 27.1535 27.3712 27.521 27.5664 27.4865 27.2036 26.8007 26.4039 25.9975 25.5043 24.8429 24.0225 23.189 22.3561 21.6134 21.4003 21.4164 14.103 3.16064 0 0 0 0 0 0 0 0 0 0 0 0 0 0 0 0
16.3964 16.2336 16.0272 15.6558 15.6624 15.8742 16.0536 16.1701 16.0951 15.759 15.4149 15.1309 14.7806 14.2258 13.5254 12.8194 12.1758 11.6412 11.3333 11.2547 11.4037 12.0719 13.4145 15.852 17.758 19.8698 20.8923 21.6968 22.5362 22.9243 23.0452 23.1268 23.1675 22.8748 22.5191 22.5216 22.8577 23.348 24.1587 25.4106 25.7987 25.3681 25.0193 24.5885 24.1848 24.13 24.716 25.5274 26.2647 26.7816 26.997 27.087 27.1467 27.2262 27.4066 27.544 27.517 27.26 26.9311 26.6305 26.2531 25.7625 25.2063 24.5292 23.7901 23.0428 22.4281 22.0465 21.4753 21.0216 13.7855 3.09221 0 0 0 0 0 0 0 0 0 0 0 0 0 0 0
16.4676 16.3736 16.0862 15.6773 15.3123 15.2118 15.0925 14.9513 14.7327 14.477 14.2698 14.0705 13.7625 13.2776 12.6609 12.0464 11.5584 11.1883 10.969 10.9674 11.1125 11.3102 11.6007 12.965 14.7114 17.404 19.0434 20.2181 21.134 21.8675 22.1693 22.3456 22.6034 22.2711 21.8975 21.7778 22.0186 22.4816 23.4957 24.8056 25.2077 24.9707 24.4463 24.0236 23.4662 23.4768 24.0462 24.8133 25.6257 26.2467 26.5841 26.8117 26.9916 27.0908 27.228 27.4362 27.487 27.3221 27.0509 26.7649 26.3769 25.874 25.4095 24.9178 24.2814 23.5895 23.0471 22.6499 22.0823 21.4049 20.8683 13.4327 2.97441 0 0 0 0 0 0 0 0 0 0 0 0 0 0
16.3238 16.219 15.8498 15.3952 14.9232 14.4509 14.0271 13.5441 13.3355 13.216 13.147 12.8486 12.489 12.11 11.7446 11.4267 11.2376 11.128 11.0693 11.0842 11.1025 11.1718 11.3659 11.6788 12.5761 14.2892 16.4135 18.3234 19.4732 20.5763 21.1635 21.3906 21.5793 21.4498 21.4483 21.5021 21.4306 21.791 22.5588 23.523 24.1012 24.1191 23.8398 23.5294 22.9708 23.107 23.5585 24.0646 24.7208 25.3379 25.8016 26.2287 26.6171 26.914 27.0999 27.2606 27.3537 27.2857 27.0877 26.7971 26.4222 25.9957 25.6168 25.2432 24.7078 24.1153 23.6311 23.2387 22.7436 22.0247 21.3237 20.708 13.2584 2.92751 0 0 0 0 0 0 0 0 0 0 0 0 0
16.0347 15.8524 15.4719 14.9626 14.4891 13.7357 12.9061 12.2959 12.0498 11.9595 11.8564 11.6203 11.2975 11.0795 11.011 11.0902 11.2193 11.3176 11.3651 11.373 11.3284 11.2893 11.3828 11.6152 11.9261 12.5521 14.1793 16.0198 17.8861 19.5215 20.2426 20.4678 20.632 20.7872 21.3574 21.6855 21.2114 21.1438 21.5499 22.2037 22.7803 23.1005 23.1118 22.894 22.677 22.8771 23.1772 23.395 23.6617 24.122 24.7128 25.3983 26.0674 26.6243 26.9994 27.1551 27.1915 27.1665 27.0554 26.8082 26.4678 26.1276 25.8195 25.4834 25.0537 24.5849 24.133 23.6974 23.214 22.5814 21.8026 21.2928 20.5215 11.4997 2.26989 0 0 0 0 0 0 0 0 0 0 0 0
15.7385 15.5169 15.1259 14.5798 13.9176 13.0591 12.05 11.3777 11.0772 10.9769 10.8282 10.6887 10.5905 10.6258 10.7948 11.0521 11.3162 11.4813 11.561 11.6025 11.6049 11.5871 11.6181 11.755 12.0087 12.4238 13.3944 14.7213 16.3553 17.8843 18.7252 19.3897 19.8078 20.1333 20.7523 21.1596 21.0662 21.0507 21.3408 21.801 22.309 22.6886 22.8211 22.7434 22.6896 22.7041 22.7637 22.7615 22.7105 22.8815 23.4793 24.3647 25.3315 26.2009 26.8295 27.1486 27.2034 27.1618 27.08 26.8583 26.5135 26.176 25.8956 25.6183 25.2948 24.9328 24.5157 24.056 23.5821 23.0591 22.4003 21.6586 21.1958 18.8536 11.8194 2.6467 0 0 0 0 0 0 0 0 0 0 0
15.4392 15.2181 14.7965 14.1121 13.3148 12.4109 11.5175 10.7601 10.4653 10.3832 10.3159 10.2803 10.3465 10.5405 10.7904 11.0384 11.2555 11.4612 11.628 11.757 11.8589 11.9502 12.0485 12.1602 12.3664 12.7062 13.3167 14.4654 15.6772 16.8034 17.7113 18.6036 19.2651 19.7966 20.3389 20.8345 21.2475 21.5443 21.829 22.1893 22.6452 23.0052 23.174 23.1899 23.0363 22.6964 22.3416 22.0842 21.9406 21.9331 22.3017 23.1923 24.3638 25.5516 26.5029 27.1002 27.3884 27.4741 27.3067 26.9583 26.5026 26.0868 25.8197 25.6494 25.4331 25.1277 24.7625 24.3463 23.9289 23.5006 23.0217 22.3937 21.6653 21.1208 19.3183 11.515 2.45179 0 0 0 0 0 0 0 0 0 0
14.9855 14.7511 14.2712 13.561 12.6794 11.8235 11.0355 10.4648 10.1663 10.0942 10.1183 10.2176 10.3557 10.5236 10.7206 10.9367 11.18 11.4789 11.7715 12.0097 12.2013 12.4076 12.6233 12.7955 12.9621 13.2108 13.5909 14.5096 15.765 16.9267 17.8277 18.5953 19.3572 20.0874 20.7506 21.345 21.7825 22.0964 22.441 22.7948 23.1328 23.4853 23.7067 23.7103 23.4432 22.8785 22.1659 21.5945 21.3082 21.2501 21.3854 21.9665 23.1152 24.5935 25.947 26.9217 27.5628 27.9141 27.7989 27.2757 26.577 26.0221 25.7333 25.6117 25.4403 25.135 24.8054 24.5006 24.1963 23.8783 23.5512 23.1139 22.4231 21.8308 20.8188 18.3815 8.91945 1.55763 0 0 0 0 0 0 0 0 0
14.4354 14.0344 13.4827 12.8632 12.1212 11.4097 10.7876 10.4326 10.2609 10.2407 10.328 10.4227 10.4785 10.5531 10.6763 10.9104 11.2809 11.7118 12.0994 12.4144 12.6791 12.9549 13.2492 13.4974 13.6811 13.8741 14.1686 14.7345 15.8466 17.0744 18.0871 18.9504 19.7939 20.5813 21.2408 21.7966 22.2531 22.6332 23.0224 23.4098 23.7037 23.9467 24.1463 24.1418 23.8111 23.1638 22.3451 21.5828 21.0374 20.7609 20.7549 20.9868 21.7929 23.3272 25.1066 26.5497 27.5654 28.1707 28.3031 27.8909 27.0864 26.275 25.8091 25.5757 25.3217 24.9951 24.7111 24.5299 24.3572 24.1639 23.954 23.6624 23.1202 22.3913 21.6815 20.2597 15.7869 4.00074 0 0 0 0 0 0 0 0 0
14.2876 13.6166 12.7617 12.1751 11.7391 11.2659 10.8601 10.6564 10.6417 10.7229 10.8362 10.9173 10.869 10.7646 10.7973 11.0534 11.4899 11.9981 12.466 12.8416 13.1708 13.5025 13.8709 14.2108 14.4647 14.663 14.9042 15.2686 15.9855 17.1598 18.3274 19.3182 20.2382 21.0554 21.7091 22.2291 22.6975 23.1307 23.5294 23.9074 24.2206 24.385 24.4737 24.4258 24.09 23.4796 22.728 21.9648 21.2455 20.6898 20.4279 20.4475 20.7978 21.9599 23.9517 25.8917 27.3071 28.1915 28.605 28.5274 27.9414 27.0251 26.1919 25.6896 25.2759 24.8983 24.6583 24.5581 24.4856 24.3795 24.2339 23.9876 23.524 22.807 22.1576 21.3475 19.5978 11.6828 2.47923 0 0 0 0 0 0 0 0
14.5864 13.8477 13.1249 12.4529 11.7862 11.4228 11.1967 11.0787 11.1371 11.2831 11.4035 11.4401 11.35 11.203 11.1786 11.3023 11.578 12.0809 12.6351 13.122 13.567 14.0244 14.507 14.942 15.2713 15.5116 15.7353 16.0282 16.4179 17.3094 18.5296 19.6483 20.6286 21.4763 22.1493 22.6792 23.1314 23.5499 23.9301 24.2674 24.5533 24.7084 24.6941 24.5801 24.2738 23.7731 23.1685 22.5048 21.7827 21.0974 20.5984 20.352 20.3724 20.9092 22.6035 24.9629 26.8124 28.0334 28.7509 28.9758 28.7113 27.9995 26.9949 26.0909 25.4422 24.951 24.6831 24.6081 24.5724 24.49 24.354 24.1165 23.7179 23.1405 22.5343 21.9933 21.0339 18.7965 10.8982 2.27851 0 0 0 0 0 0 0
15.1898 14.3372 13.8894 13.3757 12.9352 12.3672 11.868 11.6634 11.6848 11.8559 11.964 11.9558 11.7882 11.6709 11.6222 11.6172 11.6473 11.888 12.4765 13.1484 13.8243 14.4992 15.1177 15.6248 16.0228 16.3292 16.5832 16.8386 17.1173 17.612 18.7045 19.9058 20.9335 21.8121 22.4905 23.0214 23.4551 23.8307 24.1749 24.4573 24.6763 24.8174 24.803 24.6479 24.3649 23.986 23.5513 23.0419 22.4408 21.7814 21.1795 20.6966 20.4508 20.4906 21.3517 23.914 26.1333 27.6803 28.7024 29.1866 29.1962 28.7639 27.9054 26.7795 25.8136 25.1537 24.7764 24.6249 24.5549 24.4548 24.3319 24.1588 23.878 23.4545 22.9204 22.5265 21.8504 20.5525 17.8826 10.0508 5.45073 1.3261 0 0 0 0 0
15.8793 15.0597 14.57 14.3425 14.2385 13.6462 12.8981 12.4085 12.3192 12.4402 12.5687 12.559 12.3177 12.0764 11.9422 11.9001 11.8668 11.8629 12.1747 12.9481 13.9007 14.8052 15.5839 16.1804 16.665 17.0813 17.4178 17.677 17.897 18.1637 18.8746 20.0205 21.1369 22.0455 22.7 23.1915 23.6048 23.9432 24.2405 24.4664 24.6213 24.7286 24.752 24.6059 24.3583 24.0975 23.8389 23.4979 23.0436 22.4837 21.8626 21.29 20.8434 20.5613 20.5984 22.8298 25.2994 27.0571 28.352 29.127 29.4066 29.2248 28.6084 27.6259 26.4883 25.6059 25.0427 24.7058 24.51 24.379 24.2844 24.2072 24.0698 23.7848 23.3389 22.957 22.5077 21.6069 19.9837 16.8622 12.9203 7.90464 1.79707 0 0 0 0
16.3928 15.8869 15.5896 15.5241 15.329 14.85 14.1813 13.5635 13.2903 13.2079 13.3028 13.25 12.9663 12.5373 12.2341 12.1324 12.1355 12.1386 12.1745 12.8111 13.7997 14.8664 15.8212 16.5649 17.1799 17.7057 18.1461 18.4665 18.679 18.8484 19.1575 20.031 21.1615 22.0757 22.7052 23.1865 23.5896 23.9164 24.1717 24.3492 24.466 24.539 24.5677 24.4894 24.3351 24.2031 24.0769 23.8625 23.5136 23.0297 22.4564 21.8751 21.3339 20.7899 20.3602 22.1383 24.3869 26.259 27.7662 28.8317 29.4108 29.5155 29.2006 28.5288 27.5212 26.4042 25.6291 25.0754 24.6536 24.418 24.3277 24.3248 24.3125 24.1626 23.8226 23.3947 22.9843 22.4926 21.2457 19.8256 17.3716 14.2245 8.04315 1.68256 0 0 0
16.7524 16.5821 16.6189 16.6829 16.5104 16.0403 15.4471 14.9662 14.6705 14.454 14.2878 14.0694 13.7248 13.1823 12.7033 12.514 12.4832 12.4446 12.4302 12.7079 13.72 14.7345 15.7905 16.7391 17.5005 18.1111 18.632 19.0505 19.3179 19.4468 19.5858 19.9917 20.9609 21.8748 22.5233 23.0432 23.468 23.8012 24.0339 24.1921 24.306 24.3924 24.4363 24.4391 24.3982 24.3428 24.2604 24.1053 23.8178 23.3839 22.8725 22.3096 21.6703 20.9414 20.2988 21.5787 23.3007 25.3486 27.065 28.3467 29.2137 29.6346 29.6689 29.3584 28.6192 27.4879 26.5513 25.837 25.1864 24.7298 24.5593 24.5839 24.6698 24.6172 24.3585 23.9119 23.4349 22.9981 22.1406 21.1666 19.8287 17.1101 13.7739 8.25 1.81729 0 0
17.0545 17.2319 17.4803 17.6076 17.4616 17.0394 16.5724 16.2542 16.0797 15.8945 15.6101 15.2815 14.7946 14.0811 13.6564 13.2062 13.0051 12.913 12.8529 12.8558 13.5233 14.605 15.6109 16.6467 17.5284 18.2442 18.851 19.3809 19.7513 19.9252 20.0189 20.1371 20.7135 21.5454 22.2507 22.8153 23.273 23.6278 23.8674 24.0313 24.1776 24.3108 24.3953 24.4262 24.4142 24.3527 24.2677 24.1344 23.8896 23.5134 23.0585 22.4891 21.7407 20.9328 20.2693 20.4876 22.0125 24.3126 26.2577 27.6458 28.7309 29.4671 29.8582 29.8848 29.4105 28.4721 27.4855 26.7745 26.0695 25.4539 25.1393 25.0789 25.1424 25.1018 24.8215 24.3443 23.784 23.2295 22.5713 21.6785 20.98 19.3579 16.5712 13.7435 3.64966 0 0
17.4486 17.8813 18.1893 18.3016 18.1957 17.8845 17.558 17.3563 17.247 17.1352 16.9678 16.7138 16.2084 15.3822 14.7463 14.11 13.8209 13.7405 13.6395 13.4685 13.6272 14.7305 15.5335 16.3507 17.2834 18.1472 18.8888 19.5233 19.9957 20.2556 20.3484 20.3937 20.534 21.1585 21.8956 22.5006 22.9893 23.377 23.65 23.8365 24.0116 24.162 24.2417 24.2196 24.1364 24.0383 23.976 23.883 23.6828 23.3829 22.9893 22.3976 21.6219 20.886 20.3329 19.9266 20.7544 23.1006 25.2967 26.8169 27.9903 28.9913 29.7108 30.0184 29.7752 29.0538 28.1063 27.5463 27.0695 26.5281 26.0604 25.7958 25.6731 25.499 25.1444 24.6102 24.0251 23.4148 22.7906 22.1566 21.6085 20.7366 18.8418 15.8295 9.52857 2.08905 0
