avaframe/data/avaParabolaDrop/Inputs/DEM_PF_Topo.asc
nCols  1001
nRows  101
xllcenter  0.00
yllcenter -250.00
cellsize  5.00
nodata_value -9999.00
[rows 0 to 23 of 101, columns 330 to 384 of 1001]
228.455067 225.135743 221.827561 218.530523 215.244627 211.969875 208.706265 205.453799 202.212475 198.982294 195.763257 192.555362 189.358610 186.173001 182.998535 179.835213 176.683033 173.541996 170.412102 167.293351 164.185743 161.089278 158.003956 154.929776 151.866740 148.814847 145.774097 142.744490 139.726025 136.718704 133.722526 130.737490 127.763598 124.800848 121.849242 118.908778 115.979458 113.061280 110.154246 107.258354 104.373605 101.500000 98.637537 95.786217 92.946040 90.117007 87.299116 84.492368 81.696763 78.912301 76.138982 73.376806 70.625773 67.885883 65.157136
228.455067 225.135743 221.827561 218.530523 215.244627 211.969875 208.706265 205.453799 202.212475 198.982294 195.763257 192.555362 189.358610 186.173001 182.998535 179.835213 176.683033 173.541996 170.412102 167.293351 164.185743 161.089278 158.003956 154.929776 151.866740 148.814847 145.774097 142.744490 139.726025 136.718704 133.722526 130.737490 127.763598 124.800848 121.849242 118.908778 115.979458 113.061280 110.154246 107.258354 104.373605 101.500000 98.637537 95.786217 92.946040 90.117007 87.299116 84.492368 81.696763 78.912301 76.138982 73.376806 70.625773 67.885883 65.157136
228.455067 225.135743 221.827561 218.530523 215.244627 211.969875 208.706265 205.453799 202.212475 198.982294 195.763257 192.555362 189.358610 186.173001 182.998535 179.835213 176.683033 173.541996 170.412102 167.293351 164.185743 161.089278 158.003956 154.929776 151.866740 148.814847 145.774097 142.744490 139.726025 136.718704 133.722526 130.737490 127.763598 124.800848 121.849242 118.908778 115.979458 113.061280 110.154246 107.258354 104.373605 101.500000 98.637537 95.786217 92.946040 90.117007 87.299116 84.492368 81.696763 78.912301 76.138982 73.376806 70.625773 67.885883 65.157136
228.455067 225.135743 221.827561 218.530523 215.244627 211.969875 208.706265 205.453799 202.212475 198.982294 195.763257 192.555362 189.358610 186.173001 182.998535 179.835213 176.683033 173.541996 170.412102 167.293351 164.185743 161.089278 158.003956 154.929776 151.866740 148.814847 145.774097 142.744490 139.726025 136.718704 133.722526 130.737490 127.763598 124.800848 121.849242 118.908778 115.979458 113.061280 110.154246 107.258354 104.373605 101.500000 98.637537 95.786217 92.946040 90.117007 87.299116 84.492368 81.696763 78.912301 76.138982 73.376806 70.625773 67.885883 65.157136
228.455067 225.135743 221.827561 218.530523 215.244627 211.969875 208.706265 205.453799 202.212475 198.982294 195.763257 192.555362 189.358610 186.173001 182.998535 179.835213 176.683033 173.541996 170.412102 167.293351 164.185743 161.089278 158.003956 154.929776 151.866740 148.814847 145.774097 142.744490 139.726025 136.718704 133.722526 130.737490 127.763598 124.800848 121.849242 118.908778 115.979458 113.061280 110.154246 107.258354 104.373605 101.500000 98.637537 95.786217 92.946040 90.117007 87.299116 84.492368 81.696763 78.912301 76.138982 73.376806 70.625773 67.885883 65.157136
228.455067 225.135743 221.827561 218.530523 215.244627 211.969875 208.706265 205.453799 202.212475 198.982294 195.763257 192.555362 189.358610 186.173001 182.998535 179.835213 176.683033 173.541996 170.412102 167.293351 164.185743 161.089278 158.003956 154.929776 151.866740 148.814847 145.774097 142.744490 139.726025 136.718704 133.722526 130.737490 127.763598 124.800848 121.849242 118.908778 115.979458 113.061280 110.154246 107.258354 104.373605 101.500000 98.637537 95.786217 92.946040 90.117007 87.299116 84.492368 81.696763 78.912301 76.138982 73.376806 70.625773 67.885883 65.157136
228.455067 225.135743 221.827561 218.530523 215.244627 211.969875 208.706265 205.453799 202.212475 198.982294 195.763257 192.555362 189.358610 186.173001 182.998535 179.835213 176.683033 173.541996 170.412102 167.293351 164.185743 161.089278 158.003956 154.929776 151.866740 148.814847 145.774097 142.744490 139.726025 136.718704 133.722526 130.737490 127.763598 124.800848 121.849242 118.908778 115.979458 113.061280 110.154246 107.258354 104.373605 101.500000 98.637537 95.786217 92.946040 90.117007 87.299116 84.492368 81.696763 78.912301 76.138982 73.376806 70.625773 67.885883 65.157136
228.455067 225.135743 221.827561 218.530523 215.244627 211.969875 208.706265 205.453799 202.212475 198.982294 195.763257 192.555362 189.358610 186.173001 182.998535 179.835213 176.683033 173.541996 170.412102 167.293351 164.185743 161.089278 158.003956 154.929776 151.866740 148.814847 145.774097 142.744490 139.726025 136.718704 133.722526 130.737490 127.763598 124.800848 121.849242 118.908778 115.979458 113.061280 110.154246 107.258354 104.373605 101.500000 98.637537 95.786217 92.946040 90.117007 87.299116 84.492368 81.696763 78.912301 76.138982 73.376806 70.625773 67.885883 65.157136
228.455067 225.135743 221.827561 218.530523 215.244627 211.969875 208.706265 205.453799 202.212475 198.982294 195.763257 192.555362 189.358610 186.173001 182.998535 179.835213 176.683033 173.541996 170.412102 167.293351 164.185743 161.089278 158.003956 154.929776 151.866740 148.814847 145.774097 142.744490 139.726025 136.718704 133.722526 130.737490 127.763598 124.800848 121.849242 118.908778 115.979458 113.061280 110.154246 107.258354 104.373605 101.500000 98.637537 95.786217 92.946040 90.117007 87.299116 84.492368 81.696763 78.912301 76.138982 73.376806 70.625773 67.885883 65.157136
228.455067 225.135743 221.827561 218.530523 215.244627 211.969875 208.706265 205.453799 202.212475 198.982294 195.763257 192.555362 189.358610 186.173001 182.998535 179.835213 176.683033 173.541996 170.412102 167.293351 164.185743 161.089278 158.003956 154.929776 151.866740 148.814847 145.774097 142.744490 139.726025 136.718704 133.722526 130.737490 127.763598 124.800848 121.849242 118.908778 115.979458 113.061280 110.154246 107.258354 104.373605 101.500000 98.637537 95.786217 92.946040 90.117007 87.299116 84.492368 81.696763 78.912301 76.138982 73.376806 70.625773 67.885883 65.157136
228.455067 225.135743 221.827561 218.530523 215.244627 211.969875 208.706265 205.453799 202.212475 198.982294 195.763257 192.555362 189.358610 186.173001 182.998535 179.835213 176.683033 173.541996 170.412102 167.293351 164.185743 161.089278 158.003956 154.929776 151.866740 148.814847 145.774097 142.744490 139.726025 136.718704 133.722526 130.737490 127.763598 124.800848 121.849242 118.908778 115.979458 113.061280 110.154246 107.258354 104.373605 101.500000 98.637537 95.786217 92.946040 90.117007 87.299116 84.492368 81.696763 78.912301 76.138982 73.376806 70.625773 67.885883 65.157136
228.455067 225.135743 221.827561 218.530523 215.244627 211.969875 208.706265 205.453799 202.212475 198.982294 195.763257 192.555362 189.358610 186.173001 182.998535 179.835213 176.683033 173.541996 170.412102 167.293351 164.185743 161.089278 158.003956 154.929776 151.866740 148.814847 145.774097 142.744490 139.726025 136.718704 133.722526 130.737490 127.763598 124.800848 121.849242 118.908778 115.979458 113.061280 110.154246 107.258354 104.373605 101.500000 98.637537 95.786217 92.946040 90.117007 87.299116 84.492368 81.696763 78.912301 76.138982 73.376806 70.625773 67.885883 65.157136
228.455067 225.135743 221.827561 218.530523 215.244627 211.969875 208.706265 205.453799 202.212475 198.982294 195.763257 192.555362 189.358610 186.173001 182.998535 179.835213 176.683033 173.541996 170.412102 167.293351 164.185743 161.089278 158.003956 154.929776 151.866740 148.814847 145.774097 142.744490 139.726025 136.718704 133.722526 130.737490 127.763598 124.800848 121.849242 118.908778 115.979458 113.061280 110.154246 107.258354 104.373605 101.500000 98.637537 95.786217 92.946040 90.117007 87.299116 84.492368 81.696763 78.912301 76.138982 73.376806 70.625773 67.885883 65.157136
228.455067 225.135743 221.827561 218.530523 215.244627 211.969875 208.706265 205.453799 202.212475 198.982294 195.763257 192.555362 189.358610 186.173001 182.998535 179.835213 176.683033 173.541996 170.412102 167.293351 164.185743 161.089278 158.003956 154.929776 151.866740 148.814847 145.774097 142.744490 139.726025 136.718704 133.722526 130.737490 127.763598 124.800848 121.849242 118.908778 115.979458 113.061280 110.154246 107.258354 104.373605 101.500000 98.637537 95.786217 92.946040 90.117007 87.299116 84.492368 81.696763 78.912301 76.138982 73.376806 70.625773 67.885883 65.157136
228.455067 225.135743 221.827561 218.530523 215.244627 211.969875 208.706265 205.453799 202.212475 198.982294 195.763257 192.555362 189.358610 186.173001 182.998535 179.835213 176.683033 173.541996 170.412102 167.293351 164.185743 161.089278 158.003956 154.929776 151.866740 148.814847 145.774097 142.744490 139.726025 136.718704 133.722526 130.737490 127.763598 124.800848 121.849242 118.908778 115.979458 113.061280 110.154246 107.258354 104.373605 101.500000 98.637537 95.786217 92.946040 90.117007 87.299116 84.492368 81.696763 78.912301 76.138982 73.376806 70.625773 67.885883 65.157136
228.455067 225.135743 221.827561 218.530523 215.244627 211.969875 208.706265 205.453799 202.212475 198.982294 195.763257 192.555362 189.358610 186.173001 182.998535 179.835213 176.683033 173.541996 170.412102 167.293351 164.185743 161.089278 158.003956 154.929776 151.866740 148.814847 145.774097 142.744490 139.726025 136.718704 133.722526 130.737490 127.763598 124.800848 121.849242 118.908778 115.979458 113.061280 110.154246 107.258354 104.373605 101.500000 98.637537 95.786217 92.946040 90.117007 87.299116 84.492368 81.696763 78.912301 76.138982 73.376806 70.625773 67.885883 65.157136
228.455067 225.135743 221.827561 218.530523 215.244627 211.969875 208.706265 205.453799 202.212475 198.982294 195.763257 192.555362 189.358610 186.173001 182.998535 179.835213 176.683033 173.541996 170.412102 167.293351 164.185743 161.089278 158.003956 154.929776 151.866740 148.814847 145.774097 142.744490 139.726025 136.718704 133.722526 130.737490 127.763598 124.800848 121.849242 118.908778 115.979458 113.061280 110.154246 107.258354 104.373605 101.500000 98.637537 95.786217 92.946040 90.117007 87.299116 84.492368 81.696763 78.912301 76.138982 73.376806 70.625773 67.885883 65.157136
228.455067 225.135743 221.827561 218.530523 215.244627 211.969875 208.706265 205.453799 202.212475 198.982294 195.763257 192.555362 189.358610 186.173001 182.998535 179.835213 176.683033 173.541996 170.412102 167.293351 164.185743 161.089278 158.003956 154.929776 151.866740 148.814847 145.774097 142.744490 139.726025 136.718704 133.722526 130.737490 127.763598 124.800848 121.849242 118.908778 115.979458 113.061280 110.154246 107.258354 104.373605 101.500000 98.637537 95.786217 92.946040 90.117007 87.299116 84.492368 81.696763 78.912301 76.138982 73.376806 70.625773 67.885883 65.157136
228.455067 225.135743 221.827561 218.530523 215.244627 211.969875 208.706265 205.453799 202.212475 198.982294 195.763257 192.555362 189.358610 186.173001 182.998535 179.835213 176.683033 173.541996 170.412102 167.293351 164.185743 161.089278 158.003956 154.929776 151.866740 148.814847 145.774097 142.744490 139.726025 136.718704 133.722526 130.737490 127.763598 124.800848 121.849242 118.908778 115.979458 113.061280 110.154246 107.258354 104.373605 101.500000 98.637537 95.786217 92.946040 90.117007 87.299116 84.492368 81.696763 78.912301 76.138982 73.376806 70.625773 67.885883 65.157136
228.455067 225.135743 221.827561 218.530523 215.244627 211.969875 208.706265 205.453799 202.212475 198.982294 195.763257 192.555362 189.358610 186.173001 182.998535 179.835213 176.683033 173.541996 170.412102 167.293351 164.185743 161.089278 158.003956 154.929776 151.866740 148.814847 145.774097 142.744490 139.726025 136.718704 133.722526 130.737490 127.763598 124.800848 121.849242 118.908778 115.979458 113.061280 110.154246 107.258354 104.373605 101.500000 98.637537 95.786217 92.946040 90.117007 87.299116 84.492368 81.696763 78.912301 76.138982 73.376806 70.625773 67.885883 65.157136
228.455067 225.135743 221.827561 218.530523 215.244627 211.969875 208.706265 205.453799 202.212475 198.982294 195.763257 192.555362 189.358610 186.173001 182.998535 179.835213 176.683033 173.541996 170.412102 167.293351 164.185743 161.089278 158.003956 154.929776 151.866740 148.814847 145.774097 142.744490 139.726025 136.718704 133.722526 130.737490 127.763598 124.800848 121.849242 118.908778 115.979458 113.061280 110.154246 107.258354 104.373605 101.500000 98.637537 95.786217 92.946040 90.117007 87.299116 84.492368 81.696763 78.912301 76.138982 73.376806 70.625773 67.885883 65.157136
228.455067 225.135743 221.827561 218.530523 215.244627 211.969875 208.706265 205.453799 202.212475 198.982294 195.763257 192.555362 189.358610 186.173001 182.998535 179.835213 176.683033 173.541996 170.412102 167.293351 164.185743 161.089278 158.003956 154.929776 151.866740 148.814847 145.774097 142.744490 139.726025 136.718704 133.722526 130.737490 127.763598 124.800848 121.849242 118.908778 115.979458 113.061280 110.154246 107.258354 104.373605 101.500000 98.637537 95.786217 92.946040 90.117007 87.299116 84.492368 81.696763 78.912301 76.138982 73.376806 70.625773 67.885883 65.157136
228.455067 225.135743 221.827561 218.530523 215.244627 211.969875 208.706265 205.453799 202.212475 198.982294 195.763257 192.555362 189.358610 186.173001 182.998535 179.835213 176.683033 173.541996 170.412102 167.293351 164.185743 161.089278 158.003956 154.929776 151.866740 148.814847 145.774097 142.744490 139.726025 136.718704 133.722526 130.737490 127.763598 124.800848 121.849242 118.908778 115.979458 113.061280 110.154246 107.258354 104.373605 101.500000 98.637537 95.786217 92.946040 90.117007 87.299116 84.492368 81.696763 78.912301 76.138982 73.376806 70.625773 67.885883 65.157136
228.455067 225.135743 221.827561 218.530523 215.244627 211.969875 208.706265 205.453799 202.212475 198.982294 195.763257 192.555362 189.358610 186.173001 182.998535 179.835213 176.683033 173.541996 170.412102 167.293351 164.185743 161.089278 158.003956 154.929776 151.866740 148.814847 145.774097 142.744490 139.726025 136.718704 133.722526 130.737490 127.763598 124.800848 121.849242 118.908778 115.979458 113.061280 110.154246 107.258354 104.373605 101.500000 98.637537 95.786217 92.946040 90.117007 87.299116 84.492368 81.696763 78.912301 76.138982 73.376806 70.625773 67.885883 65.157136
