avaframe/data/avaParabolaDrop/Inputs/DEM_PF_Topo.asc
nCols  1001
nRows  101
xllcenter  0.00
yllcenter -250.00
cellsize  5.00
nodata_value -9999.00
[rows 72 to 95 of 101, columns 385 to 439 of 1001]
62.439532 59.733070 57.037752 54.353577 51.680545 49.018655 46.367909 43.728306 41.099845 38.482528 35.876353 33.281322 30.697433 28.124688 25.563085 23.012626 20.473309 17.945135 15.428104 12.922217 10.427472 7.943870 5.471411 3.010095 0.559922 -1.879107 -4.306994 -6.723738 -9.129339 -11.523798 -13.907113 -16.279285 -18.640314 -20.990200 -23.328943 -25.656544 -27.973001 -30.278315 -32.572487 -34.855515 -37.127400 -39.388143 -41.637742 -43.876199 -46.103512 -48.319683 -50.524711 -52.718595 -54.901337 -57.072936 -59.233391 -61.382704 -63.520874 -65.647901 -67.763785
62.439532 59.733070 57.037752 54.353577 51.680545 49.018655 46.367909 43.728306 41.099845 38.482528 35.876353 33.281322 30.697433 28.124688 25.563085 23.012626 20.473309 17.945135 15.428104 12.922217 10.427472 7.943870 5.471411 3.010095 0.559922 -1.879107 -4.306994 -6.723738 -9.129339 -11.523798 -13.907113 -16.279285 -18.640314 -20.990200 -23.328943 -25.656544 -27.973001 -30.278315 -32.572487 -34.855515 -37.127400 -39.388143 -41.637742 -43.876199 -46.103512 -48.319683 -50.524711 -52.718595 -54.901337 -57.072936 -59.233391 -61.382704 -63.520874 -65.647901 -67.763785
62.439532 59.733070 57.037752 54.353577 51.680545 49.018655 46.367909 43.728306 41.099845 38.482528 35.876353 33.281322 30.697433 28.124688 25.563085 23.012626 20.473309 17.945135 15.428104 12.922217 10.427472 7.943870 5.471411 3.010095 0.559922 -1.879107 -4.306994 -6.723738 -9.129339 -11.523798 -13.907113 -16.279285 -18.640314 -20.990200 -23.328943 -25.656544 -27.973001 -30.278315 -32.572487 -34.855515 -37.127400 -39.388143 -41.637742 -43.876199 -46.103512 -48.319683 -50.524711 -52.718595 -54.901337 -57.072936 -59.233391 -61.382704 -63.520874 -65.647901 -67.763785
62.439532 59.733070 57.037752 54.353577 51.680545 49.018655 46.367909 43.728306 41.099845 38.482528 35.876353 33.281322 30.697433 28.124688 25.563085 23.012626 20.473309 17.945135 15.428104 12.922217 10.427472 7.943870 5.471411 3.010095 0.559922 -1.879107 -4.306994 -6.723738 -9.129339 -11.523798 -13.907113 -16.279285 -18.640314 -20.990200 -23.328943 -25.656544 -27.973001 -30.278315 -32.572487 -34.855515 -37.127400 -39.388143 -41.637742 -43.876199 -46.103512 -48.319683 -50.524711 -52.718595 -54.901337 -57.072936 -59.233391 -61.382704 -63.520874 -65.647901 -67.763785
62.439532 59.733070 57.037752 54.353577 51.680545 49.018655 46.367909 43.728306 41.099845 38.482528 35.876353 33.281322 30.697433 28.124688 25.563085 23.012626 20.473309 17.945135 15.428104 12.922217 10.427472 7.943870 5.471411 3.010095 0.559922 -1.879107 -4.306994 -6.723738 -9.129339 -11.523798 -13.907113 -16.279285 -18.640314 -20.990200 -23.328943 -25.656544 -27.973001 -30.278315 -32.572487 -34.855515 -37.127400 -39.388143 -41.637742 -43.876199 -46.103512 -48.319683 -50.524711 -52.718595 -54.901337 -57.072936 -59.233391 -61.382704 -63.520874 -65.647901 -67.763785
62.439532 59.733070 57.037752 54.353577 51.680545 49.018655 46.367909 43.728306 41.099845 38.482528 35.876353 33.281322 30.697433 28.124688 25.563085 23.012626 20.473309 17.945135 15.428104 12.922217 10.427472 7.943870 5.471411 3.010095 0.559922 -1.879107 -4.306994 -6.723738 -9.129339 -11.523798 -13.907113 -16.279285 -18.640314 -20.990200 -23.328943 -25.656544 -27.973001 -30.278315 -32.572487 -34.855515 -37.127400 -39.388143 -41.637742 -43.876199 -46.103512 -48.319683 -50.524711 -52.718595 -54.901337 -57.072936 -59.233391 -61.382704 -63.520874 -65.647901 -67.763785
62.439532 59.733070 57.037752 54.353577 51.680545 49.018655 46.367909 43.728306 41.099845 38.482528 35.876353 33.281322 30.697433 28.124688 25.563085 23.012626 20.473309 17.945135 15.428104 12.922217 10.427472 7.943870 5.471411 3.010095 0.559922 -1.879107 -4.306994 -6.723738 -9.129339 -11.523798 -13.907113 -16.279285 -18.640314 -20.990200 -23.328943 -25.656544 -27.973001 -30.278315 -32.572487 -34.855515 -37.127400 -39.388143 -41.637742 -43.876199 -46.103512 -48.319683 -50.524711 -52.718595 -54.901337 -57.072936 -59.233391 -61.382704 -63.520874 -65.647901 -67.763785
62.439532 59.733070 57.037752 54.353577 51.680545 49.018655 46.367909 43.728306 41.099845 38.482528 35.876353 33.281322 30.697433 28.124688 25.563085 23.012626 20.473309 17.945135 15.428104 12.922217 10.427472 7.943870 5.471411 3.010095 0.559922 -1.879107 -4.306994 -6.723738 -9.129339 -11.523798 -13.907113 -16.279285 -18.640314 -20.990200 -23.328943 -25.656544 -27.973001 -30.278315 -32.572487 -34.855515 -37.127400 -39.388143 -41.637742 -43.876199 -46.103512 -48.319683 -50.524711 -52.718595 -54.901337 -57.072936 -59.233391 -61.382704 -63.520874 -65.647901 -67.763785
62.439532 59.733070 57.037752 54.353577 51.680545 49.018655 46.367909 43.728306 41.099845 38.482528 35.876353 33.281322 30.697433 28.124688 25.563085 23.012626 20.473309 17.945135 15.428104 12.922217 10.427472 7.943870 5.471411 3.010095 0.559922 -1.879107 -4.306994 -6.723738 -9.129339 -11.523798 -13.907113 -16.279285 -18.640314 -20.990200 -23.328943 -25.656544 -27.973001 -30.278315 -32.572487 -34.855515 -37.127400 -39.388143 -41.637742 -43.876199 -46.103512 -48.319683 -50.524711 -52.718595 -54.901337 -57.072936 -59.233391 -61.382704 -63.520874 -65.647901 -67.763785
62.439532 59.733070 57.037752 54.353577 51.680545 49.018655 46.367909 43.728306 41.099845 38.482528 35.876353 33.281322 30.697433 28.124688 25.563085 23.012626 20.473309 17.945135 15.428104 12.922217 10.427472 7.943870 5.471411 3.010095 0.559922 -1.879107 -4.306994 -6.723738 -9.129339 -11.523798 -13.907113 -16.279285 -18.640314 -20.990200 -23.328943 -25.656544 -27.973001 -30.278315 -32.572487 -34.855515 -37.127400 -39.388143 -41.637742 -43.876199 -46.103512 -48.319683 -50.524711 -52.718595 -54.901337 -57.072936 -59.233391 -61.382704 -63.520874 -65.647901 -67.763785
62.439532 59.733070 57.037752 54.353577 51.680545 49.018655 46.367909 43.728306 41.099845 38.482528 35.876353 33.281322 30.697433 28.124688 25.563085 23.012626 20.473309 17.945135 15.428104 12.922217 10.427472 7.943870 5.471411 3.010095 0.559922 -1.879107 -4.306994 -6.723738 -9.129339 -11.523798 -13.907113 -16.279285 -18.640314 -20.990200 -23.328943 -25.656544 -27.973001 -30.278315 -32.572487 -34.855515 -37.127400 -39.388143 -41.637742 -43.876199 -46.103512 -48.319683 -50.524711 -52.718595 -54.901337 -57.072936 -59.233391 -61.382704 -63.520874 -65.647901 -67.763785
62.439532 59.733070 57.037752 54.353577 51.680545 49.018655 46.367909 43.728306 41.099845 38.482528 35.876353 33.281322 30.697433 28.124688 25.563085 23.012626 20.473309 17.945135 15.428104 12.922217 10.427472 7.943870 5.471411 3.010095 0.559922 -1.879107 -4.306994 -6.723738 -9.129339 -11.523798 -13.907113 -16.279285 -18.640314 -20.990200 -23.328943 -25.656544 -27.973001 -30.278315 -32.572487 -34.855515 -37.127400 -39.388143 -41.637742 -43.876199 -46.103512 -48.319683 -50.524711 -52.718595 -54.901337 -57.072936 -59.233391 -61.382704 -63.520874 -65.647901 -67.763785
62.439532 59.733070 57.037752 54.353577 51.680545 49.018655 46.367909 43.728306 41.099845 38.482528 35.876353 33.281322 30.697433 28.124688 25.563085 23.012626 20.473309 17.945135 15.428104 12.922217 10.427472 7.943870 5.471411 3.010095 0.559922 -1.879107 -4.306994 -6.723738 -9.129339 -11.523798 -13.907113 -16.279285 -18.640314 -20.990200 -23.328943 -25.656544 -27.973001 -30.278315 -32.572487 -34.855515 -37.127400 -39.388143 -41.637742 -43.876199 -46.103512 -48.319683 -50.524711 -52.718595 -54.901337 -57.072936 -59.233391 -61.382704 -63.520874 -65.647901 -67.763785
62.439532 59.733070 57.037752 54.353577 51.680545 49.018655 46.367909 43.728306 41.099845 38.482528 35.876353 33.281322 30.697433 28.124688 25.563085 23.012626 20.473309 17.945135 15.428104 12.922217 10.427472 7.943870 5.471411 3.010095 0.559922 -1.879107 -4.306994 -6.723738 -9.129339 -11.523798 -13.907113 -16.279285 -18.640314 -20.990200 -23.328943 -25.656544 -27.973001 -30.278315 -32.572487 -34.855515 -37.127400 -39.388143 -41.637742 -43.876199 -46.103512 -48.319683 -50.524711 -52.718595 -54.901337 -57.072936 -59.233391 -61.382704 -63.520874 -65.647901 -67.763785
62.439532 59.733070 57.037752 54.353577 51.680545 49.018655 46.367909 43.728306 41.099845 38.482528 35.876353 33.281322 30.697433 28.124688 25.563085 23.012626 20.473309 17.945135 15.428104 12.922217 10.427472 7.943870 5.471411 3.010095 0.559922 -1.879107 -4.306994 -6.723738 -9.129339 -11.523798 -13.907113 -16.279285 -18.640314 -20.990200 -23.328943 -25.656544 -27.973001 -30.278315 -32.572487 -34.855515 -37.127400 -39.388143 -41.637742 -43.876199 -46.103512 -48.319683 -50.524711 -52.718595 -54.901337 -57.072936 -59.233391 -61.382704 -63.520874 -65.647901 -67.763785
62.439532 59.733070 57.037752 54.353577 51.680545 49.018655 46.367909 43.728306 41.099845 38.482528 35.876353 33.281322 30.697433 28.124688 25.563085 23.012626 20.473309 17.945135 15.428104 12.922217 10.427472 7.943870 5.471411 3.010095 0.559922 -1.879107 -4.306994 -6.723738 -9.129339 -11.523798 -13.907113 -16.279285 -18.640314 -20.990200 -23.328943 -25.656544 -27.973001 -30.278315 -32.572487 -34.855515 -37.127400 -39.388143 -41.637742 -43.876199 -46.103512 -48.319683 -50.524711 -52.718595 -54.901337 -57.072936 -59.233391 -61.382704 -63.520874 -65.647901 -67.763785
62.439532 59.733070 57.037752 54.353577 51.680545 49.018655 46.367909 43.728306 41.099845 38.482528 35.876353 33.281322 30.697433 28.124688 25.563085 23.012626 20.473309 17.945135 15.428104 12.922217 10.427472 7.943870 5.471411 3.010095 0.559922 -1.879107 -4.306994 -6.723738 -9.129339 -11.523798 -13.907113 -16.279285 -18.640314 -20.990200 -23.328943 -25.656544 -27.973001 -30.278315 -32.572487 -34.855515 -37.127400 -39.388143 -41.637742 -43.876199 -46.103512 -48.319683 -50.524711 -52.718595 -54.901337 -57.072936 -59.233391 -61.382704 -63.520874 -65.647901 -67.763785
62.439532 59.733070 57.037752 54.353577 51.680545 49.018655 46.367909 43.728306 41.099845 38.482528 35.876353 33.281322 30.697433 28.124688 25.563085 23.012626 20.473309 17.945135 15.428104 12.922217 10.427472 7.943870 5.471411 3.010095 0.559922 -1.879107 -4.306994 -6.723738 -9.129339 -11.523798 -13.907113 -16.279285 -18.640314 -20.990200 -23.328943 -25.656544 -27.973001 -30.278315 -32.572487 -34.855515 -37.127400 -39.388143 -41.637742 -43.876199 -46.103512 -48.319683 -50.524711 -52.718595 -54.901337 -57.072936 -59.233391 -61.382704 -63.520874 -65.647901 -67.763785
62.439532 59.733070 57.037752 54.353577 51.680545 49.018655 46.367909 43.728306 41.099845 38.482528 35.876353 33.281322 30.697433 28.124688 25.563085 23.012626 20.473309 17.945135 15.428104 12.922217 10.427472 7.943870 5.471411 3.010095 0.559922 -1.879107 -4.306994 -6.723738 -9.129339 -11.523798 -13.907113 -16.279285 -18.640314 -20.990200 -23.328943 -25.656544 -27.973001 -30.278315 -32.572487 -34.855515 -37.127400 -39.388143 -41.637742 -43.876199 -46.103512 -48.319683 -50.524711 -52.718595 -54.901337 -57.072936 -59.233391 -61.382704 -63.520874 -65.647901 -67.763785
62.439532 59.733070 57.037752 54.353577 51.680545 49.018655 46.367909 43.728306 41.099845 38.482528 35.876353 33.281322 30.697433 28.124688 25.563085 23.012626 20.473309 17.945135 15.428104 12.922217 10.427472 7.943870 5.471411 3.010095 0.559922 -1.879107 -4.306994 -6.723738 -9.129339 -11.523798 -13.907113 -16.279285 -18.640314 -20.990200 -23.328943 -25.656544 -27.973001 -30.278315 -32.572487 -34.855515 -37.127400 -39.388143 -41.637742 -43.876199 -46.103512 -48.319683 -50.524711 -52.718595 -54.901337 -57.072936 -59.233391 -61.382704 -63.520874 -65.647901 -67.763785
62.439532 59.733070 57.037752 54.353577 51.680545 49.018655 46.367909 43.728306 41.099845 38.482528 35.876353 33.281322 30.697433 28.124688 25.563085 23.012626 20.473309 17.945135 15.428104 12.922217 10.427472 7.943870 5.471411 3.010095 0.559922 -1.879107 -4.306994 -6.723738 -9.129339 -11.523798 -13.907113 -16.279285 -18.640314 -20.990200 -23.328943 -25.656544 -27.973001 -30.278315 -32.572487 -34.855515 -37.127400 -39.388143 -41.637742 -43.876199 -46.103512 -48.319683 -50.524711 -52.718595 -54.901337 -57.072936 -59.233391 -61.382704 -63.520874 -65.647901 -67.763785
62.439532 59.733070 57.037752 54.353577 51.680545 49.018655 46.367909 43.728306 41.099845 38.482528 35.876353 33.281322 30.697433 28.124688 25.563085 23.012626 20.473309 17.945135 15.428104 12.922217 10.427472 7.943870 5.471411 3.010095 0.559922 -1.879107 -4.306994 -6.723738 -9.129339 -11.523798 -13.907113 -16.279285 -18.640314 -20.990200 -23.328943 -25.656544 -27.973001 -30.278315 -32.572487 -34.855515 -37.127400 -39.388143 -41.637742 -43.876199 -46.103512 -48.319683 -50.524711 -52.718595 -54.901337 -57.072936 -59.233391 -61.382704 -63.520874 -65.647901 -67.763785
62.439532 59.733070 57.037752 54.353577 51.680545 49.018655 46.367909 43.728306 41.099845 38.482528 35.876353 33.281322 30.697433 28.124688 25.563085 23.012626 20.473309 17.945135 15.428104 12.922217 10.427472 7.943870 5.471411 3.010095 0.559922 -1.879107 -4.306994 -6.723738 -9.129339 -11.523798 -13.907113 -16.279285 -18.640314 -20.990200 -23.328943 -25.656544 -27.973001 -30.278315 -32.572487 -34.855515 -37.127400 -39.388143 -41.637742 -43.876199 -46.103512 -48.319683 -50.524711 -52.718595 -54.901337 -57.072936 -59.233391 -61.382704 -63.520874 -65.647901 -67.763785
62.439532 59.733070 57.037752 54.353577 51.680545 49.018655 46.367909 43.728306 41.099845 38.482528 35.876353 33.281322 30.697433 28.124688 25.563085 23.012626 20.473309 17.945135 15.428104 12.922217 10.427472 7.943870 5.471411 3.010095 0.559922 -1.879107 -4.306994 -6.723738 -9.129339 -11.523798 -13.907113 -16.279285 -18.640314 -20.990200 -23.328943 -25.656544 -27.973001 -30.278315 -32.572487 -34.855515 -37.127400 -39.388143 -41.637742 -43.876199 -46.103512 -48.319683 -50.524711 -52.718595 -54.901337 -57.072936 -59.233391 -61.382704 -63.520874 -65.647901 -67.763785
