avaframe/data/avaParabolaDrop/Inputs/DEM_PF_Topo.asc
nCols  601
nRows  201
xllcenter  1000.00
yllcenter -4500.00
cellsize  5.00
nodata_value -9999.00
[rows 48 to 71 of 201, columns 336 to 391 of 601]
517.325935 514.060273 510.804951 507.559969 504.325328 501.101026 497.887064 494.683443 491.490161 488.307219 485.134618 481.972356 478.820435 475.678854 472.547612 469.426711 466.316150 463.215928 460.126047 457.046506 453.977305 450.918444 447.869923 444.831742 441.803901 438.786400 435.779239 432.782418 429.795937 426.819797 423.853996 420.898535 417.953415 415.018634 412.094193 409.180093 406.276332 403.382912 400.499832 397.627091 394.764691 391.912631 389.070910 386.239530 383.418490 380.607790 377.807430 375.017410 372.237730 369.468390 366.709390 363.960730 361.222410 358.494430 355.776791 353.069491
517.325935 514.060273 510.804951 507.559969 504.325328 501.101026 497.887064 494.683443 491.490161 488.307219 485.134618 481.972356 478.820435 475.678854 472.547612 469.426711 466.316150 463.215928 460.126047 457.046506 453.977305 450.918444 447.869923 444.831742 441.803901 438.786400 435.779239 432.782418 429.795937 426.819797 423.853996 420.898535 417.953415 415.018634 412.094193 409.180093 406.276332 403.382912 400.499832 397.627091 394.764691 391.912631 389.070910 386.239530 383.418490 380.607790 377.807430 375.017410 372.237730 369.468390 366.709390 363.960730 361.222410 358.494430 355.776791 353.069491
517.325935 514.060273 510.804951 507.559969 504.325328 501.101026 497.887064 494.683443 491.490161 488.307219 485.134618 481.972356 478.820435 475.678854 472.547612 469.426711 466.316150 463.215928 460.126047 457.046506 453.977305 450.918444 447.869923 444.831742 441.803901 438.786400 435.779239 432.782418 429.795937 426.819797 423.853996 420.898535 417.953415 415.018634 412.094193 409.180093 406.276332 403.382912 400.499832 397.627091 394.764691 391.912631 389.070910 386.239530 383.418490 380.607790 377.807430 375.017410 372.237730 369.468390 366.709390 363.960730 361.222410 358.494430 355.776791 353.069491
517.325935 514.060273 510.804951 507.559969 504.325328 501.101026 497.887064 494.683443 491.490161 488.307219 485.134618 481.972356 478.820435 475.678854 472.547612 469.426711 466.316150 463.215928 460.126047 457.046506 453.977305 450.918444 447.869923 444.831742 441.803901 438.786400 435.779239 432.782418 429.795937 426.819797 423.853996 420.898535 417.953415 415.018634 412.094193 409.180093 406.276332 403.382912 400.499832 397.627091 394.764691 391.912631 389.070910 386.239530 383.418490 380.607790 377.807430 375.017410 372.237730 369.468390 366.709390 363.960730 361.222410 358.494430 355.776791 353.069491
517.325935 514.060273 510.804951 507.559969 504.325328 501.101026 497.887064 494.683443 491.490161 488.307219 485.134618 481.972356 478.820435 475.678854 472.547612 469.426711 466.316150 463.215928 460.126047 457.046506 453.977305 450.918444 447.869923 444.831742 441.803901 438.786400 435.779239 432.782418 429.795937 426.819797 423.853996 420.898535 417.953415 415.018634 412.094193 409.180093 406.276332 403.382912 400.499832 397.627091 394.764691 391.912631 389.070910 386.239530 383.418490 380.607790 377.807430 375.017410 372.237730 369.468390 366.709390 363.960730 361.222410 358.494430 355.776791 353.069491
517.325935 514.060273 510.804951 507.559969 504.325328 501.101026 497.887064 494.683443 491.490161 488.307219 485.134618 481.972356 478.820435 475.678854 472.547612 469.426711 466.316150 463.215928 460.126047 457.046506 453.977305 450.918444 447.869923 444.831742 441.803901 438.786400 435.779239 432.782418 429.795937 426.819797 423.853996 420.898535 417.953415 415.018634 412.094193 409.180093 406.276332 403.382912 400.499832 397.627091 394.764691 391.912631 389.070910 386.239530 383.418490 380.607790 377.807430 375.017410 372.237730 369.468390 366.709390 363.960730 361.222410 358.494430 355.776791 353.069491
517.325935 514.060273 510.804951 507.559969 504.325328 501.101026 497.887064 494.683443 491.490161 488.307219 485.134618 481.972356 478.820435 475.678854 472.547612 469.426711 466.316150 463.215928 460.126047 457.046506 453.977305 450.918444 447.869923 444.831742 441.803901 438.786400 435.779239 432.782418 429.795937 426.819797 423.853996 420.898535 417.953415 415.018634 412.094193 409.180093 406.276332 403.382912 400.499832 397.627091 394.764691 391.912631 389.070910 386.239530 383.418490 380.607790 377.807430 375.017410 372.237730 369.468390 366.709390 363.960730 361.222410 358.494430 355.776791 353.069491
517.325935 514.060273 510.804951 507.559969 504.325328 501.101026 497.887064 494.683443 491.490161 488.307219 485.134618 481.972356 478.820435 475.678854 472.547612 469.426711 466.316150 463.215928 460.126047 457.046506 453.977305 450.918444 447.869923 444.831742 441.803901 438.786400 435.779239 432.782418 429.795937 426.819797 423.853996 420.898535 417.953415 415.018634 412.094193 409.180093 406.276332 403.382912 400.499832 397.627091 394.764691 391.912631 389.070910 386.239530 383.418490 380.607790 377.807430 375.017410 372.237730 369.468390 366.709390 363.960730 361.222410 358.494430 355.776791 353.069491
517.325935 514.060273 510.804951 507.559969 504.325328 501.101026 497.887064 494.683443 491.490161 488.307219 485.134618 481.972356 478.820435 475.678854 472.547612 469.426711 466.316150 463.215928 460.126047 457.046506 453.977305 450.918444 447.869923 444.831742 441.803901 438.786400 435.779239 432.782418 429.795937 426.819797 423.853996 420.898535 417.953415 415.018634 412.094193 409.180093 406.276332 403.382912 400.499832 397.627091 394.764691 391.912631 389.070910 386.239530 383.418490 380.607790 377.807430 375.017410 372.237730 369.468390 366.709390 363.960730 361.222410 358.494430 355.776791 353.069491
517.325935 514.060273 510.804951 507.559969 504.325328 501.101026 497.887064 494.683443 491.490161 488.307219 485.134618 481.972356 478.820435 475.678854 472.547612 469.426711 466.316150 463.215928 460.126047 457.046506 453.977305 450.918444 447.869923 444.831742 441.803901 438.786400 435.779239 432.782418 429.795937 426.819797 423.853996 420.898535 417.953415 415.018634 412.094193 409.180093 406.276332 403.382912 400.499832 397.627091 394.764691 391.912631 389.070910 386.239530 383.418490 380.607790 377.807430 375.017410 372.237730 369.468390 366.709390 363.960730 361.222410 358.494430 355.776791 353.069491
517.325935 514.060273 510.804951 507.559969 504.325328 501.101026 497.887064 494.683443 491.490161 488.307219 485.134618 481.972356 478.820435 475.678854 472.547612 469.426711 466.316150 463.215928 460.126047 457.046506 453.977305 450.918444 447.869923 444.831742 441.803901 438.786400 435.779239 432.782418 429.795937 426.819797 423.853996 420.898535 417.953415 415.018634 412.094193 409.180093 406.276332 403.382912 400.499832 397.627091 394.764691 391.912631 389.070910 386.239530 383.418490 380.607790 377.807430 375.017410 372.237730 369.468390 366.709390 363.960730 361.222410 358.494430 355.776791 353.069491
517.325935 514.060273 510.804951 507.559969 504.325328 501.101026 497.887064 494.683443 491.490161 488.307219 485.134618 481.972356 478.820435 475.678854 472.547612 469.426711 466.316150 463.215928 460.126047 457.046506 453.977305 450.918444 447.869923 444.831742 441.803901 438.786400 435.779239 432.782418 429.795937 426.819797 423.853996 420.898535 417.953415 415.018634 412.094193 409.180093 406.276332 403.382912 400.499832 397.627091 394.764691 391.912631 389.070910 386.239530 383.418490 380.607790 377.807430 375.017410 372.237730 369.468390 366.709390 363.960730 361.222410 358.494430 355.776791 353.069491
517.325935 514.060273 510.804951 507.559969 504.325328 501.101026 497.887064 494.683443 491.490161 488.307219 485.134618 481.972356 478.820435 475.678854 472.547612 469.426711 466.316150 463.215928 460.126047 457.046506 453.977305 450.918444 447.869923 444.831742 441.803901 438.786400 435.779239 432.782418 429.795937 426.819797 423.853996 420.898535 417.953415 415.018634 412.094193 409.180093 406.276332 403.382912 400.499832 397.627091 394.764691 391.912631 389.070910 386.239530 383.418490 380.607790 377.807430 375.017410 372.237730 369.468390 366.709390 363.960730 361.222410 358.494430 355.776791 353.069491
517.325935 514.060273 510.804951 507.559969 504.325328 501.101026 497.887064 494.683443 491.490161 488.307219 485.134618 481.972356 478.820435 475.678854 472.547612 469.426711 466.316150 463.215928 460.126047 457.046506 453.977305 450.918444 447.869923 444.831742 441.803901 438.786400 435.779239 432.782418 429.795937 426.819797 423.853996 420.898535 417.953415 415.018634 412.094193 409.180093 406.276332 403.382912 400.499832 397.627091 394.764691 391.912631 389.070910 386.239530 383.418490 380.607790 377.807430 375.017410 372.237730 369.468390 366.709390 363.960730 361.222410 358.494430 355.776791 353.069491
517.325935 514.060273 510.804951 507.559969 504.325328 501.101026 497.887064 494.683443 491.490161 488.307219 485.134618 481.972356 478.820435 475.678854 472.547612 469.426711 466.316150 463.215928 460.126047 457.046506 453.977305 450.918444 447.869923 444.831742 441.803901 438.786400 435.779239 432.782418 429.795937 426.819797 423.853996 420.898535 417.953415 415.018634 412.094193 409.180093 406.276332 403.382912 400.499832 397.627091 394.764691 391.912631 389.070910 386.239530 383.418490 380.607790 377.807430 375.017410 372.237730 369.468390 366.709390 363.960730 361.222410 358.494430 355.776791 353.069491
517.325935 514.060273 510.804951 507.559969 504.325328 501.101026 497.887064 494.683443 491.490161 488.307219 485.134618 481.972356 478.820435 475.678854 472.547612 469.426711 466.316150 463.215928 460.126047 457.046506 453.977305 450.918444 447.869923 444.831742 441.803901 438.786400 435.779239 432.782418 429.795937 426.819797 423.853996 420.898535 417.953415 415.018634 412.094193 409.180093 406.276332 403.382912 400.499832 397.627091 394.764691 391.912631 389.070910 386.239530 383.418490 380.607790 377.807430 375.017410 372.237730 369.468390 366.709390 363.960730 361.222410 358.494430 355.776791 353.069491
517.325935 514.060273 510.804951 507.559969 504.325328 501.101026 497.887064 494.683443 491.490161 488.307219 485.134618 481.972356 478.820435 475.678854 472.547612 469.426711 466.316150 463.215928 460.126047 457.046506 453.977305 450.918444 447.869923 444.831742 441.803901 438.786400 435.779239 432.782418 429.795937 426.819797 423.853996 420.898535 417.953415 415.018634 412.094193 409.180093 406.276332 403.382912 400.499832 397.627091 394.764691 391.912631 389.070910 386.239530 383.418490 380.607790 377.807430 375.017410 372.237730 369.468390 366.709390 363.960730 361.222410 358.494430 355.776791 353.069491
517.325935 514.060273 510.804951 507.559969 504.325328 501.101026 497.887064 494.683443 491.490161 488.307219 485.134618 481.972356 478.820435 475.678854 472.547612 469.426711 466.316150 463.215928 460.126047 457.046506 453.977305 450.918444 447.869923 444.831742 441.803901 438.786400 435.779239 432.782418 429.795937 426.819797 423.853996 420.898535 417.953415 415.018634 412.094193 409.180093 406.276332 403.382912 400.499832 397.627091 394.764691 391.912631 389.070910 386.239530 383.418490 380.607790 377.807430 375.017410 372.237730 369.468390 366.709390 363.960730 361.222410 358.494430 355.776791 353.069491
517.325935 514.060273 510.804951 507.559969 504.325328 501.101026 497.887064 494.683443 491.490161 488.307219 485.134618 481.972356 478.820435 475.678854 472.547612 469.426711 466.316150 463.215928 460.126047 457.046506 453.977305 450.918444 447.869923 444.831742 441.803901 438.786400 435.779239 432.782418 429.795937 426.819797 423.853996 420.898535 417.953415 415.018634 412.094193 409.180093 406.276332 403.382912 400.499832 397.627091 394.764691 391.912631 389.070910 386.239530 383.418490 380.607790 377.807430 375.017410 372.237730 369.468390 366.709390 363.960730 361.222410 358.494430 355.776791 353.069491
517.325935 514.060273 510.804951 507.559969 504.325328 501.101026 497.887064 494.683443 491.490161 488.307219 485.134618 481.972356 478.820435 475.678854 472.547612 469.426711 466.316150 463.215928 460.126047 457.046506 453.977305 450.918444 447.869923 444.831742 441.803901 438.786400 435.779239 432.782418 429.795937 426.819797 423.853996 420.898535 417.953415 415.018634 412.094193 409.180093 406.276332 403.382912 400.499832 397.627091 394.764691 391.912631 389.070910 386.239530 383.418490 380.607790 377.807430 375.017410 372.237730 369.468390 366.709390 363.960730 361.222410 358.494430 355.776791 353.069491
517.325935 514.060273 510.804951 507.559969 504.325328 501.101026 497.887064 494.683443 491.490161 488.307219 485.134618 481.972356 478.820435 475.678854 472.547612 469.426711 466.316150 463.215928 460.126047 457.046506 453.977305 450.918444 447.869923 444.831742 441.803901 438.786400 435.779239 432.782418 429.795937 426.819797 423.853996 420.898535 417.953415 415.018634 412.094193 409.180093 406.276332 403.382912 400.499832 397.627091 394.764691 391.912631 389.070910 386.239530 383.418490 380.607790 377.807430 375.017410 372.237730 369.468390 366.709390 363.960730 361.222410 358.494430 355.776791 353.069491
517.325935 514.060273 510.804951 507.559969 504.325328 501.101026 497.887064 494.683443 491.490161 488.307219 485.134618 481.972356 478.820435 475.678854 472.547612 469.426711 466.316150 463.215928 460.126047 457.046506 453.977305 450.918444 447.869923 444.831742 441.803901 438.786400 435.779239 432.782418 429.795937 426.819797 423.853996 420.898535 417.953415 415.018634 412.094193 409.180093 406.276332 403.382912 400.499832 397.627091 394.764691 391.912631 389.070910 386.239530 383.418490 380.607790 377.807430 375.017410 372.237730 369.468390 366.709390 363.960730 361.222410 358.494430 355.776791 353.069491
517.325935 514.060273 510.804951 507.559969 504.325328 501.101026 497.887064 494.683443 491.490161 488.307219 485.134618 481.972356 478.820435 475.678854 472.547612 469.426711 466.316150 463.215928 460.126047 457.046506 453.977305 450.918444 447.869923 444.831742 441.803901 438.786400 435.779239 432.782418 429.795937 426.819797 423.853996 420.898535 417.953415 415.018634 412.094193 409.180093 406.276332 403.382912 400.499832 397.627091 394.764691 391.912631 389.070910 386.239530 383.418490 380.607790 377.807430 375.017410 372.237730 369.468390 366.709390 363.960730 361.222410 358.494430 355.776791 353.069491
517.325935 514.060273 510.804951 507.559969 504.325328 501.101026 497.887064 494.683443 491.490161 488.307219 485.134618 481.972356 478.820435 475.678854 472.547612 469.426711 466.316150 463.215928 460.126047 457.046506 453.977305 450.918444 447.869923 444.831742 441.803901 438.786400 435.779239 432.782418 429.795937 426.819797 423.853996 420.898535 417.953415 415.018634 412.094193 409.180093 406.276332 403.382912 400.499832 397.627091 394.764691 391.912631 389.070910 386.239530 383.418490 380.607790 377.807430 375.017410 372.237730 369.468390 366.709390 363.960730 361.222410 358.494430 355.776791 353.069491
