avaframe/data/avaParabolaDrop/Inputs/DEM_PF_Topo.asc
nCols  601
nRows  201
xllcenter  1000.00
yllcenter -4500.00
cellsize  5.00
nodata_value -9999.00
[rows 72 to 95 of 201, columns 224 to 279 of 601]
948.511834 944.088088 939.674681 935.271615 930.878889 926.496503 922.124457 917.762751 913.411385 909.070359 904.739673 900.419327 896.109321 891.809655 887.520329 883.241344 878.972698 874.714392 870.466427 866.228801 862.001516 857.784570 853.577965 849.381699 845.195774 841.020188 836.854943 832.700038 828.555473 824.421248 820.297362 816.183817 812.080612 807.987747 803.905222 799.833037 795.771192 791.719687 787.678523 783.647698 779.627213 775.617068 771.617264 767.627799 763.648674 759.679890 755.721445 751.773341 747.835576 743.908152 739.991068 736.084323 732.187919 728.301855 724.426131 720.560747
948.511834 944.088088 939.674681 935.271615 930.878889 926.496503 922.124457 917.762751 913.411385 909.070359 904.739673 900.419327 896.109321 891.809655 887.520329 883.241344 878.972698 874.714392 870.466427 866.228801 862.001516 857.784570 853.577965 849.381699 845.195774 841.020188 836.854943 832.700038 828.555473 824.421248 820.297362 816.183817 812.080612 807.987747 803.905222 799.833037 795.771192 791.719687 787.678523 783.647698 779.627213 775.617068 771.617264 767.627799 763.648674 759.679890 755.721445 751.773341 747.835576 743.908152 739.991068 736.084323 732.187919 728.301855 724.426131 720.560747
948.511834 944.088088 939.674681 935.271615 930.878889 926.496503 922.124457 917.762751 913.411385 909.070359 904.739673 900.419327 896.109321 891.809655 887.520329 883.241344 878.972698 874.714392 870.466427 866.228801 862.001516 857.784570 853.577965 849.381699 845.195774 841.020188 836.854943 832.700038 828.555473 824.421248 820.297362 816.183817 812.080612 807.987747 803.905222 799.833037 795.771192 791.719687 787.678523 783.647698 779.627213 775.617068 771.617264 767.627799 763.648674 759.679890 755.721445 751.773341 747.835576 743.908152 739.991068 736.084323 732.187919 728.301855 724.426131 720.560747
948.511834 944.088088 939.674681 935.271615 930.878889 926.496503 922.124457 917.762751 913.411385 909.070359 904.739673 900.419327 896.109321 891.809655 887.520329 883.241344 878.972698 874.714392 870.466427 866.228801 862.001516 857.784570 853.577965 849.381699 845.195774 841.020188 836.854943 832.700038 828.555473 824.421248 820.297362 816.183817 812.080612 807.987747 803.905222 799.833037 795.771192 791.719687 787.678523 783.647698 779.627213 775.617068 771.617264 767.627799 763.648674 759.679890 755.721445 751.773341 747.835576 743.908152 739.991068 736.084323 732.187919 728.301855 724.426131 720.560747
948.511834 944.088088 939.674681 935.271615 930.878889 926.496503 922.124457 917.762751 913.411385 909.070359 904.739673 900.419327 896.109321 891.809655 887.520329 883.241344 878.972698 874.714392 870.466427 866.228801 862.001516 857.784570 853.577965 849.381699 845.195774 841.020188 836.854943 832.700038 828.555473 824.421248 820.297362 816.183817 812.080612 807.987747 803.905222 799.833037 795.771192 791.719687 787.678523 783.647698 779.627213 775.617068 771.617264 767.627799 763.648674 759.679890 755.721445 751.773341 747.835576 743.908152 739.991068 736.084323 732.187919 728.301855 724.426131 720.560747
948.511834 944.088088 939.674681 935.271615 930.878889 926.496503 922.124457 917.762751 913.411385 909.070359 904.739673 900.419327 896.109321 891.809655 887.520329 883.241344 878.972698 874.714392 870.466427 866.228801 862.001516 857.784570 853.577965 849.381699 845.195774 841.020188 836.854943 832.700038 828.555473 824.421248 820.297362 816.183817 812.080612 807.987747 803.905222 799.833037 795.771192 791.719687 787.678523 783.647698 779.627213 775.617068 771.617264 767.627799 763.648674 759.679890 755.721445 751.773341 747.835576 743.908152 739.991068 736.084323 732.187919 728.301855 724.426131 720.560747
948.511834 944.088088 939.674681 935.271615 930.878889 926.496503 922.124457 917.762751 913.411385 909.070359 904.739673 900.419327 896.109321 891.809655 887.520329 883.241344 878.972698 874.714392 870.466427 866.228801 862.001516 857.784570 853.577965 849.381699 845.195774 841.020188 836.854943 832.700038 828.555473 824.421248 820.297362 816.183817 812.080612 807.987747 803.905222 799.833037 795.771192 791.719687 787.678523 783.647698 779.627213 775.617068 771.617264 767.627799 763.648674 759.679890 755.721445 751.773341 747.835576 743.908152 739.991068 736.084323 732.187919 728.301855 724.426131 720.560747
948.511834 944.088088 939.674681 935.271615 930.878889 926.496503 922.124457 917.762751 913.411385 909.070359 904.739673 900.419327 896.109321 891.809655 887.520329 883.241344 878.972698 874.714392 870.466427 866.228801 862.001516 857.784570 853.577965 849.381699 845.195774 841.020188 836.854943 832.700038 828.555473 824.421248 820.297362 816.183817 812.080612 807.987747 803.905222 799.833037 795.771192 791.719687 787.678523 783.647698 779.627213 775.617068 771.617264 767.627799 763.648674 759.679890 755.721445 751.773341 747.835576 743.908152 739.991068 736.084323 732.187919 728.301855 724.426131 720.560747
948.511834 944.088088 939.674681 935.271615 930.878889 926.496503 922.124457 917.762751 913.411385 909.070359 904.739673 900.419327 896.109321 891.809655 887.520329 883.241344 878.972698 874.714392 870.466427 866.228801 862.001516 857.784570 853.577965 849.381699 845.195774 841.020188 836.854943 832.700038 828.555473 824.421248 820.297362 816.183817 812.080612 807.987747 803.905222 799.833037 795.771192 791.719687 787.678523 783.647698 779.627213 775.617068 771.617264 767.627799 763.648674 759.679890 755.721445 751.773341 747.835576 743.908152 739.991068 736.084323 732.187919 728.301855 724.426131 720.560747
948.511834 944.088088 939.674681 935.271615 930.878889 926.496503 922.124457 917.762751 913.411385 909.070359 904.739673 900.419327 896.109321 891.809655 887.520329 883.241344 878.972698 874.714392 870.466427 866.228801 862.001516 857.784570 853.577965 849.381699 845.195774 841.020188 836.854943 832.700038 828.555473 824.421248 820.297362 816.183817 812.080612 807.987747 803.905222 799.833037 795.771192 791.719687 787.678523 783.647698 779.627213 775.617068 771.617264 767.627799 763.648674 759.679890 755.721445 751.773341 747.835576 743.908152 739.991068 736.084323 732.187919 728.301855 724.426131 720.560747
948.511834 944.088088 939.674681 935.271615 930.878889 926.496503 922.124457 917.762751 913.411385 909.070359 904.739673 900.419327 896.109321 891.809655 887.520329 883.241344 878.972698 874.714392 870.466427 866.228801 862.001516 857.784570 853.577965 849.381699 845.195774 841.020188 836.854943 832.700038 828.555473 824.421248 820.297362 816.183817 812.080612 807.987747 803.905222 799.833037 795.771192 791.719687 787.678523 783.647698 779.627213 775.617068 771.617264 767.627799 763.648674 759.679890 755.721445 751.773341 747.835576 743.908152 739.991068 736.084323 732.187919 728.301855 724.426131 720.560747
948.511834 944.088088 939.674681 935.271615 930.878889 926.496503 922.124457 917.762751 913.411385 909.070359 904.739673 900.419327 896.109321 891.809655 887.520329 883.241344 878.972698 874.714392 870.466427 866.228801 862.001516 857.784570 853.577965 849.381699 845.195774 841.020188 836.854943 832.700038 828.555473 824.421248 820.297362 816.183817 812.080612 807.987747 803.905222 799.833037 795.771192 791.719687 787.678523 783.647698 779.627213 775.617068 771.617264 767.627799 763.648674 759.679890 755.721445 751.773341 747.835576 743.908152 739.991068 736.084323 732.187919 728.301855 724.426131 720.560747
948.511834 944.088088 939.674681 935.271615 930.878889 926.496503 922.124457 917.762751 913.411385 909.070359 904.739673 900.419327 896.109321 891.809655 887.520329 883.241344 878.972698 874.714392 870.466427 866.228801 862.001516 857.784570 853.577965 849.381699 845.195774 841.020188 836.854943 832.700038 828.555473 824.421248 820.297362 816.183817 812.080612 807.987747 803.905222 799.833037 795.771192 791.719687 787.678523 783.647698 779.627213 775.617068 771.617264 767.627799 763.648674 759.679890 755.721445 751.773341 747.835576 743.908152 739.991068 736.084323 732.187919 728.301855 724.426131 720.560747
948.511834 944.088088 939.674681 935.271615 930.878889 926.496503 922.124457 917.762751 913.411385 909.070359 904.739673 900.419327 896.109321 891.809655 887.520329 883.241344 878.972698 874.714392 870.466427 866.228801 862.001516 857.784570 853.577965 849.381699 845.195774 841.020188 836.854943 832.700038 828.555473 824.421248 820.297362 816.183817 812.080612 807.987747 803.905222 799.833037 795.771192 791.719687 787.678523 783.647698 779.627213 775.617068 771.617264 767.627799 763.648674 759.679890 755.721445 751.773341 747.835576 743.908152 739.991068 736.084323 732.187919 728.301855 724.426131 720.560747
948.511834 944.088088 939.674681 935.271615 930.878889 926.496503 922.124457 917.762751 913.411385 909.070359 904.739673 900.419327 896.109321 891.809655 887.520329 883.241344 878.972698 874.714392 870.466427 866.228801 862.001516 857.784570 853.577965 849.381699 845.195774 841.020188 836.854943 832.700038 828.555473 824.421248 820.297362 816.183817 812.080612 807.987747 803.905222 799.833037 795.771192 791.719687 787.678523 783.647698 779.627213 775.617068 771.617264 767.627799 763.648674 759.679890 755.721445 751.773341 747.835576 743.908152 739.991068 736.084323 732.187919 728.301855 724.426131 720.560747
948.511834 944.088088 939.674681 935.271615 930.878889 926.496503 922.124457 917.762751 913.411385 909.070359 904.739673 900.419327 896.109321 891.809655 887.520329 883.241344 878.972698 874.714392 870.466427 866.228801 862.001516 857.784570 853.577965 849.381699 845.195774 841.020188 836.854943 832.700038 828.555473 824.421248 820.297362 816.183817 812.080612 807.987747 803.905222 799.833037 795.771192 791.719687 787.678523 783.647698 779.627213 775.617068 771.617264 767.627799 763.648674 759.679890 755.721445 751.773341 747.835576 743.908152 739.991068 736.084323 732.187919 728.301855 724.426131 720.560747
948.511834 944.088088 939.674681 935.271615 930.878889 926.496503 922.124457 917.762751 913.411385 909.070359 904.739673 900.419327 896.109321 891.809655 887.520329 883.241344 878.972698 874.714392 870.466427 866.228801 862.001516 857.784570 853.577965 849.381699 845.195774 841.020188 836.854943 832.700038 828.555473 824.421248 820.297362 816.183817 812.080612 807.987747 803.905222 799.833037 795.771192 791.719687 787.678523 783.647698 779.627213 775.617068 771.617264 767.627799 763.648674 759.679890 755.721445 751.773341 747.835576 743.908152 739.991068 736.084323 732.187919 728.301855 724.426131 720.560747
948.511834 944.088088 939.674681 935.271615 930.878889 926.496503 922.124457 917.762751 913.411385 909.070359 904.739673 900.419327 896.109321 891.809655 887.520329 883.241344 878.972698 874.714392 870.466427 866.228801 862.001516 857.784570 853.577965 849.381699 845.195774 841.020188 836.854943 832.700038 828.555473 824.421248 820.297362 816.183817 812.080612 807.987747 803.905222 799.833037 795.771192 791.719687 787.678523 783.647698 779.627213 775.617068 771.617264 767.627799 763.648674 759.679890 755.721445 751.773341 747.835576 743.908152 739.991068 736.084323 732.187919 728.301855 724.426131 720.560747
948.511834 944.088088 939.674681 935.271615 930.878889 926.496503 922.124457 917.762751 913.411385 909.070359 904.739673 900.419327 896.109321 891.809655 887.520329 883.241344 878.972698 874.714392 870.466427 866.228801 862.001516 857.784570 853.577965 849.381699 845.195774 841.020188 836.854943 832.700038 828.555473 824.421248 820.297362 816.183817 812.080612 807.987747 803.905222 799.833037 795.771192 791.719687 787.678523 783.647698 779.627213 775.617068 771.617264 767.627799 763.648674 759.679890 755.721445 751.773341 747.835576 743.908152 739.991068 736.084323 732.187919 728.301855 724.426131 720.560747
948.511834 944.088088 939.674681 935.271615 930.878889 926.496503 922.124457 917.762751 913.411385 909.070359 904.739673 900.419327 896.109321 891.809655 887.520329 883.241344 878.972698 874.714392 870.466427 866.228801 862.001516 857.784570 853.577965 849.381699 845.195774 841.020188 836.854943 832.700038 828.555473 824.421248 820.297362 816.183817 812.080612 807.987747 803.905222 799.833037 795.771192 791.719687 787.678523 783.647698 779.627213 775.617068 771.617264 767.627799 763.648674 759.679890 755.721445 751.773341 747.835576 743.908152 739.991068 736.084323 732.187919 728.301855 724.426131 720.560747
948.511834 944.088088 939.674681 935.271615 930.878889 926.496503 922.124457 917.762751 913.411385 909.070359 904.739673 900.419327 896.109321 891.809655 887.520329 883.241344 878.972698 874.714392 870.466427 866.228801 862.001516 857.784570 853.577965 849.381699 845.195774 841.020188 836.854943 832.700038 828.555473 824.421248 820.297362 816.183817 812.080612 807.987747 803.905222 799.833037 795.771192 791.719687 787.678523 783.647698 779.627213 775.617068 771.617264 767.627799 763.648674 759.679890 755.721445 751.773341 747.835576 743.908152 739.991068 736.084323 732.187919 728.301855 724.426131 720.560747
948.511834 944.088088 939.674681 935.271615 930.878889 926.496503 922.124457 917.762751 913.411385 909.070359 904.739673 900.419327 896.109321 891.809655 887.520329 883.241344 878.972698 874.714392 870.466427 866.228801 862.001516 857.784570 853.577965 849.381699 845.195774 841.020188 836.854943 832.700038 828.555473 824.421248 820.297362 816.183817 812.080612 807.987747 803.905222 799.833037 795.771192 791.719687 787.678523 783.647698 779.627213 775.617068 771.617264 767.627799 763.648674 759.679890 755.721445 751.773341 747.835576 743.908152 739.991068 736.084323 732.187919 728.301855 724.426131 720.560747
948.511834 944.088088 939.674681 935.271615 930.878889 926.496503 922.124457 917.762751 913.411385 909.070359 904.739673 900.419327 896.109321 891.809655 887.520329 883.241344 878.972698 874.714392 870.466427 866.228801 862.001516 857.784570 853.577965 849.381699 845.195774 841.020188 836.854943 832.700038 828.555473 824.421248 820.297362 816.183817 812.080612 807.987747 803.905222 799.833037 795.771192 791.719687 787.678523 783.647698 779.627213 775.617068 771.617264 767.627799 763.648674 759.679890 755.721445 751.773341 747.835576 743.908152 739.991068 736.084323 732.187919 728.301855 724.426131 720.560747
948.511834 944.088088 939.674681 935.271615 930.878889 926.496503 922.124457 917.762751 913.411385 909.070359 904.739673 900.419327 896.109321 891.809655 887.520329 883.241344 878.972698 874.714392 870.466427 866.228801 862.001516 857.784570 853.577965 849.381699 845.195774 841.020188 836.854943 832.700038 828.555473 824.421248 820.297362 816.183817 812.080612 807.987747 803.905222 799.833037 795.771192 791.719687 787.678523 783.647698 779.627213 775.617068 771.617264 767.627799 763.648674 759.679890 755.721445 751.773341 747.835576 743.908152 739.991068 736.084323 732.187919 728.301855 724.426131 720.560747
