avaframe/data/avaParabolaDrop/Inputs/DEM_PF_Topo.asc
nCols  1001
nRows  101
xllcenter  0.00
yllcenter -250.00
cellsize  5.00
nodata_value -9999.00
[rows 24 to 47 of 101, columns 220 to 274 of 1001]
929.203244 924.658193 920.124285 915.601520 911.089898 906.589419 902.100083 897.621890 893.154840 888.698933 884.254168 879.820547 875.398069 870.986734 866.586541 862.197492 857.819586 853.452822 849.097202 844.752724 840.419390 836.097198 831.786150 827.486244 823.197481 818.919862 814.653385 810.398051 806.153860 801.920813 797.698908 793.488146 789.288527 785.100051 780.922718 776.756528 772.601481 768.457577 764.324816 760.203198 756.092723 751.993390 747.905201 743.828155 739.762252 735.707491 731.663874 727.631400 723.610068 719.599880 715.600834 711.612932 707.636172 703.670556 699.716082
929.203244 924.658193 920.124285 915.601520 911.089898 906.589419 902.100083 897.621890 893.154840 888.698933 884.254168 879.820547 875.398069 870.986734 866.586541 862.197492 857.819586 853.452822 849.097202 844.752724 840.419390 836.097198 831.786150 827.486244 823.197481 818.919862 814.653385 810.398051 806.153860 801.920813 797.698908 793.488146 789.288527 785.100051 780.922718 776.756528 772.601481 768.457577 764.324816 760.203198 756.092723 751.993390 747.905201 743.828155 739.762252 735.707491 731.663874 727.631400 723.610068 719.599880 715.600834 711.612932 707.636172 703.670556 699.716082
929.203244 924.658193 920.124285 915.601520 911.089898 906.589419 902.100083 897.621890 893.154840 888.698933 884.254168 879.820547 875.398069 870.986734 866.586541 862.197492 857.819586 853.452822 849.097202 844.752724 840.419390 836.097198 831.786150 827.486244 823.197481 818.919862 814.653385 810.398051 806.153860 801.920813 797.698908 793.488146 789.288527 785.100051 780.922718 776.756528 772.601481 768.457577 764.324816 760.203198 756.092723 751.993390 747.905201 743.828155 739.762252 735.707491 731.663874 727.631400 723.610068 719.599880 715.600834 711.612932 707.636172 703.670556 699.716082
929.203244 924.658193 920.124285 915.601520 911.089898 906.589419 902.100083 897.621890 893.154840 888.698933 884.254168 879.820547 875.398069 870.986734 866.586541 862.197492 857.819586 853.452822 849.097202 844.752724 840.419390 836.097198 831.786150 827.486244 823.197481 818.919862 814.653385 810.398051 806.153860 801.920813 797.698908 793.488146 789.288527 785.100051 780.922718 776.756528 772.601481 768.457577 764.324816 760.203198 756.092723 751.993390 747.905201 743.828155 739.762252 735.707491 731.663874 727.631400 723.610068 719.599880 715.600834 711.612932 707.636172 703.670556 699.716082
929.203244 924.658193 920.124285 915.601520 911.089898 906.589419 902.100083 897.621890 893.154840 888.698933 884.254168 879.820547 875.398069 870.986734 866.586541 862.197492 857.819586 853.452822 849.097202 844.752724 840.419390 836.097198 831.786150 827.486244 823.197481 818.919862 814.653385 810.398051 806.153860 801.920813 797.698908 793.488146 789.288527 785.100051 780.922718 776.756528 772.601481 768.457577 764.324816 760.203198 756.092723 751.993390 747.905201 743.828155 739.762252 735.707491 731.663874 727.631400 723.610068 719.599880 715.600834 711.612932 707.636172 703.670556 699.716082
929.203244 924.658193 920.124285 915.601520 911.089898 906.589419 902.100083 897.621890 893.154840 888.698933 884.254168 879.820547 875.398069 870.986734 866.586541 862.197492 857.819586 853.452822 849.097202 844.752724 840.419390 836.097198 831.786150 827.486244 823.197481 818.919862 814.653385 810.398051 806.153860 801.920813 797.698908 793.488146 789.288527 785.100051 780.922718 776.756528 772.601481 768.457577 764.324816 760.203198 756.092723 751.993390 747.905201 743.828155 739.762252 735.707491 731.663874 727.631400 723.610068 719.599880 715.600834 711.612932 707.636172 703.670556 699.716082
929.203244 924.658193 920.124285 915.601520 911.089898 906.589419 902.100083 897.621890 893.154840 888.698933 884.254168 879.820547 875.398069 870.986734 866.586541 862.197492 857.819586 853.452822 849.097202 844.752724 840.419390 836.097198 831.786150 827.486244 823.197481 818.919862 814.653385 810.398051 806.153860 801.920813 797.698908 793.488146 789.288527 785.100051 780.922718 776.756528 772.601481 768.457577 764.324816 760.203198 756.092723 751.993390 747.905201 743.828155 739.762252 735.707491 731.663874 727.631400 723.610068 719.599880 715.600834 711.612932 707.636172 703.670556 699.716082
929.203244 924.658193 920.124285 915.601520 911.089898 906.589419 902.100083 897.621890 893.154840 888.698933 884.254168 879.820547 875.398069 870.986734 866.586541 862.197492 857.819586 853.452822 849.097202 844.752724 840.419390 836.097198 831.786150 827.486244 823.197481 818.919862 814.653385 810.398051 806.153860 801.920813 797.698908 793.488146 789.288527 785.100051 780.922718 776.756528 772.601481 768.457577 764.324816 760.203198 756.092723 751.993390 747.905201 743.828155 739.762252 735.707491 731.663874 727.631400 723.610068 719.599880 715.600834 711.612932 707.636172 703.670556 699.716082
929.203244 924.658193 920.124285 915.601520 911.089898 906.589419 902.100083 897.621890 893.154840 888.698933 884.254168 879.820547 875.398069 870.986734 866.586541 862.197492 857.819586 853.452822 849.097202 844.752724 840.419390 836.097198 831.786150 827.486244 823.197481 818.919862 814.653385 810.398051 806.153860 801.920813 797.698908 793.488146 789.288527 785.100051 780.922718 776.756528 772.601481 768.457577 764.324816 760.203198 756.092723 751.993390 747.905201 743.828155 739.762252 735.707491 731.663874 727.631400 723.610068 719.599880 715.600834 711.612932 707.636172 703.670556 699.716082
929.203244 924.658193 920.124285 915.601520 911.089898 906.589419 902.100083 897.621890 893.154840 888.698933 884.254168 879.820547 875.398069 870.986734 866.586541 862.197492 857.819586 853.452822 849.097202 844.752724 840.419390 836.097198 831.786150 827.486244 823.197481 818.919862 814.653385 810.398051 806.153860 801.920813 797.698908 793.488146 789.288527 785.100051 780.922718 776.756528 772.601481 768.457577 764.324816 760.203198 756.092723 751.993390 747.905201 743.828155 739.762252 735.707491 731.663874 727.631400 723.610068 719.599880 715.600834 711.612932 707.636172 703.670556 699.716082
929.203244 924.658193 920.124285 915.601520 911.089898 906.589419 902.100083 897.621890 893.154840 888.698933 884.254168 879.820547 875.398069 870.986734 866.586541 862.197492 857.819586 853.452822 849.097202 844.752724 840.419390 836.097198 831.786150 827.486244 823.197481 818.919862 814.653385 810.398051 806.153860 801.920813 797.698908 793.488146 789.288527 785.100051 780.922718 776.756528 772.601481 768.457577 764.324816 760.203198 756.092723 751.993390 747.905201 743.828155 739.762252 735.707491 731.663874 727.631400 723.610068 719.599880 715.600834 711.612932 707.636172 703.670556 699.716082
929.203244 924.658193 920.124285 915.601520 911.089898 906.589419 902.100083 897.621890 893.154840 888.698933 884.254168 879.820547 875.398069 870.986734 866.586541 862.197492 857.819586 853.452822 849.097202 844.752724 840.419390 836.097198 831.786150 827.486244 823.197481 818.919862 814.653385 810.398051 806.153860 801.920813 797.698908 793.488146 789.288527 785.100051 780.922718 776.756528 772.601481 768.457577 764.324816 760.203198 756.092723 751.993390 747.905201 743.828155 739.762252 735.707491 731.663874 727.631400 723.610068 719.599880 715.600834 711.612932 707.636172 703.670556 699.716082
929.203244 924.658193 920.124285 915.601520 911.089898 906.589419 902.100083 897.621890 893.154840 888.698933 884.254168 879.820547 875.398069 870.986734 866.586541 862.197492 857.819586 853.452822 849.097202 844.752724 840.419390 836.097198 831.786150 827.486244 823.197481 818.919862 814.653385 810.398051 806.153860 801.920813 797.698908 793.488146 789.288527 785.100051 780.922718 776.756528 772.601481 768.457577 764.324816 760.203198 756.092723 751.993390 747.905201 743.828155 739.762252 735.707491 731.663874 727.631400 723.610068 719.599880 715.600834 711.612932 707.636172 703.670556 699.716082
929.203244 924.658193 920.124285 915.601520 911.089898 906.589419 902.100083 897.621890 893.154840 888.698933 884.254168 879.820547 875.398069 870.986734 866.586541 862.197492 857.819586 853.452822 849.097202 844.752724 840.419390 836.097198 831.786150 827.486244 823.197481 818.919862 814.653385 810.398051 806.153860 801.920813 797.698908 793.488146 789.288527 785.100051 780.922718 776.756528 772.601481 768.457577 764.324816 760.203198 756.092723 751.993390 747.905201 743.828155 739.762252 735.707491 731.663874 727.631400 723.610068 719.599880 715.600834 711.612932 707.636172 703.670556 699.716082
929.203244 924.658193 920.124285 915.601520 911.089898 906.589419 902.100083 897.621890 893.154840 888.698933 884.254168 879.820547 875.398069 870.986734 866.586541 862.197492 857.819586 853.452822 849.097202 844.752724 840.419390 836.097198 831.786150 827.486244 823.197481 818.919862 814.653385 810.398051 806.153860 801.920813 797.698908 793.488146 789.288527 785.100051 780.922718 776.756528 772.601481 768.457577 764.324816 760.203198 756.092723 751.993390 747.905201 743.828155 739.762252 735.707491 731.663874 727.631400 723.610068 719.599880 715.600834 711.612932 707.636172 703.670556 699.716082
929.203244 924.658193 920.124285 915.601520 911.089898 906.589419 902.100083 897.621890 893.154840 888.698933 884.254168 879.820547 875.398069 870.986734 866.586541 862.197492 857.819586 853.452822 849.097202 844.752724 840.419390 836.097198 831.786150 827.486244 823.197481 818.919862 814.653385 810.398051 806.153860 801.920813 797.698908 793.488146 789.288527 785.100051 780.922718 776.756528 772.601481 768.457577 764.324816 760.203198 756.092723 751.993390 747.905201 743.828155 739.762252 735.707491 731.663874 727.631400 723.610068 719.599880 715.600834 711.612932 707.636172 703.670556 699.716082
929.203244 924.658193 920.124285 915.601520 911.089898 906.589419 902.100083 897.621890 893.154840 888.698933 884.254168 879.820547 875.398069 870.986734 866.586541 862.197492 857.819586 853.452822 849.097202 844.752724 840.419390 836.097198 831.786150 827.486244 823.197481 818.919862 814.653385 810.398051 806.153860 801.920813 797.698908 793.488146 789.288527 785.100051 780.922718 776.756528 772.601481 768.457577 764.324816 760.203198 756.092723 751.993390 747.905201 743.828155 739.762252 735.707491 731.663874 727.631400 723.610068 719.599880 715.600834 711.612932 707.636172 703.670556 699.716082
929.203244 924.658193 920.124285 915.601520 911.089898 906.589419 902.100083 897.621890 893.154840 888.698933 884.254168 879.820547 875.398069 870.986734 866.586541 862.197492 857.819586 853.452822 849.097202 844.752724 840.419390 836.097198 831.786150 827.486244 823.197481 818.919862 814.653385 810.398051 806.153860 801.920813 797.698908 793.488146 789.288527 785.100051 780.922718 776.756528 772.601481 768.457577 764.324816 760.203198 756.092723 751.993390 747.905201 743.828155 739.762252 735.707491 731.663874 727.631400 723.610068 719.599880 715.600834 711.612932 707.636172 703.670556 699.716082
929.203244 924.658193 920.124285 915.601520 911.089898 906.589419 902.100083 897.621890 893.154840 888.698933 884.254168 879.820547 875.398069 870.986734 866.586541 862.197492 857.819586 853.452822 849.097202 844.752724 840.419390 836.097198 831.786150 827.486244 823.197481 818.919862 814.653385 810.398051 806.153860 801.920813 797.698908 793.488146 789.288527 785.100051 780.922718 776.756528 772.601481 768.457577 764.324816 760.203198 756.092723 751.993390 747.905201 743.828155 739.762252 735.707491 731.663874 727.631400 723.610068 719.599880 715.600834 711.612932 707.636172 703.670556 699.716082
929.203244 924.658193 920.124285 915.601520 911.089898 906.589419 902.100083 897.621890 893.154840 888.698933 884.254168 879.820547 875.398069 870.986734 866.586541 862.197492 857.819586 853.452822 849.097202 844.752724 840.419390 836.097198 831.786150 827.486244 823.197481 818.919862 814.653385 810.398051 806.153860 801.920813 797.698908 793.488146 789.288527 785.100051 780.922718 776.756528 772.601481 768.457577 764.324816 760.203198 756.092723 751.993390 747.905201 743.828155 739.762252 735.707491 731.663874 727.631400 723.610068 719.599880 715.600834 711.612932 707.636172 703.670556 699.716082
929.203244 924.658193 920.124285 915.601520 911.089898 906.589419 902.100083 897.621890 893.154840 888.698933 884.254168 879.820547 875.398069 870.986734 866.586541 862.197492 857.819586 853.452822 849.097202 844.752724 840.419390 836.097198 831.786150 827.486244 823.197481 818.919862 814.653385 810.398051 806.153860 801.920813 797.698908 793.488146 789.288527 785.100051 780.922718 776.756528 772.601481 768.457577 764.324816 760.203198 756.092723 751.993390 747.905201 743.828155 739.762252 735.707491 731.663874 727.631400 723.610068 719.599880 715.600834 711.612932 707.636172 703.670556 699.716082
929.203244 924.658193 920.124285 915.601520 911.089898 906.589419 902.100083 897.621890 893.154840 888.698933 884.254168 879.820547 875.398069 870.986734 866.586541 862.197492 857.819586 853.452822 849.097202 844.752724 840.419390 836.097198 831.786150 827.486244 823.197481 818.919862 814.653385 810.398051 806.153860 801.920813 797.698908 793.488146 789.288527 785.100051 780.922718 776.756528 772.601481 768.457577 764.324816 760.203198 756.092723 751.993390 747.905201 743.828155 739.762252 735.707491 731.663874 727.631400 723.610068 719.599880 715.600834 711.612932 707.636172 703.670556 699.716082
929.203244 924.658193 920.124285 915.601520 911.089898 906.589419 902.100083 897.621890 893.154840 888.698933 884.254168 879.820547 875.398069 870.986734 866.586541 862.197492 857.819586 853.452822 849.097202 844.752724 840.419390 836.097198 831.786150 827.486244 823.197481 818.919862 814.653385 810.398051 806.153860 801.920813 797.698908 793.488146 789.288527 785.100051 780.922718 776.756528 772.601481 768.457577 764.324816 760.203198 756.092723 751.993390 747.905201 743.828155 739.762252 735.707491 731.663874 727.631400 723.610068 719.599880 715.600834 711.612932 707.636172 703.670556 699.716082
929.203244 924.658193 920.124285 915.601520 911.089898 906.589419 902.100083 897.621890 893.154840 888.698933 884.254168 879.820547 875.398069 870.986734 866.586541 862.197492 857.819586 853.452822 849.097202 844.752724 840.419390 836.097198 831.786150 827.486244 823.197481 818.919862 814.653385 810.398051 806.153860 801.920813 797.698908 793.488146 789.288527 785.100051 780.922718 776.756528 772.601481 768.457577 764.324816 760.203198 756.092723 751.993390 747.905201 743.828155 739.762252 735.707491 731.663874 727.631400 723.610068 719.599880 715.600834 711.612932 707.636172 703.670556 699.716082
