benchmarks/avaHockeyChannelEntTest/release1HS_e8ff174c9d_C_ent_dfa_pft.asc
ncols 1001
nrows 401
xllcenter 1000.00
yllcenter -5000.00
cellsize 5.00
nodata_value nan
[rows 184 to 206 of 401, columns 477 to 529 of 1001]
0 0 0 0 0 0 0 0 0 0 0 0 0 0 0 0 0 0 0 0 0 0 0 0 0 0 0 0 0 0 0 0 0 0 0 0 0 0 0 0 0 0 0 0 0 0 0 0 0 0 0 0 0
0 0 0 0 0 0 0 0 0 0 0 0 0 0 0 0 0 0 0 0 0 0 0 0 0 0 0 0 0 0 0 0 0 0 0 0 0 0 0 0 0 0 0 0 0 0 0 0 0 0 0 0 0
0 0 0 0 0 0 0 0 0 0 0 0 0 0 0 0 0 0 0 0 0 0 0 0 0 0 0 0 0 0 0 0 0 0 0 0 0 0 0 0 0 0 0 0 0 0 0 0 0 0 0 0 0
0 0 0 0 0 0 0 0 0 0 0 0 0 0 0 0 0 0 0 0 0 0 0 0 0 0 0 0 0 0 0 0 0 0 0 0 0 0 0 0 0 0 0 0 0 0 0 0 0 0 0 0 0
0 0 0 0 0 0 0 0 0 0 0 0 0 0 0 0 0 0 0 0 0 0 0 0 0 0 0 0 0 0 0 0 0 0 0 0 0 0 0 0 0 0 0 0 0 0 0 0 0 0 0 0 0
0 0 0 0 0 0 0 0 0 0 0 0 0 0 0 0 0 0 0 0 0 0 0 0 0 0 0 0 0 0 0 0 0 0 0 0 0 0 0 0 0 0 0 0 0 0 0 0 0 0 0 0 0
0 0 0 0 0 0 0 0 0 0 0 0 0 0 0 0 0 0 0 0 0 0 0 0 0 0 0 0 0 0 0 0 0 0 0 0 0 0 0 0 0 0 0 0 0 0 0 0 0 0 0 0 0
0 0 0 0 0 0 0 0 0 0 0 0 0 0 0 0 0 0 0 0 0 0 0 0 0 0 0 0 0 0 0 0 0 0 0 0 0 0 0 0 0 0 0 0.0002376907505774433 0.001430908348382125 0.0008095034908722149 0.0001327502299165544 0.005648790750022304 0.01535590645873933 0.02710999269663965 0.03713960013604589 0.04465612742363417 0.05545995303973646
0.06792621422118116 0.06802091372930895 0.0686470981754686 0.06559208530129283 0.07054643662050321 0.0610677220046381 0.05676623962080687 0.06399169234821436 0.0673550744143582 0.06848551500526789 0.06877439740367779 0.09027981530065261 0.1092769421181554 0.1324365717572094 0.1509336370370648 0.1663379003517406 0.1580580156644958 0.1718727722272173 0.157303081283525 0.1425304038933947 0.1252967918090844 0.1208079553070561 0.1139433213860818 0.1446212006388082 0.1912434189997766 0.221132821395253 0.2508984506629645 0.2832992036261036 0.268853925392753 0.2749452213049914 0.2488573459647303 0.2494854958946942 0.2531884447900867 0.297099117246945 0.3299023770321073 0.3445477437444574 0.3341163008610123 0.3219174095683284 0.3149785597985194 0.3314544333618678 0.3636261502513846 0.3704222232161113 0.3538946437355478 0.383508490945302 0.396580214389801 0.4404720549262239 0.4784794945571112 0.5254352826781555 0.5403887136470394 0.5751837487478016 0.5854435719742015 0.5741909934406846 0.6536441589606339
0.659372501021313 0.6512852582725344 0.669612994307192 0.7057970426539594 0.6995470762384867 0.7314727525833504 0.7546844572809922 0.8181674639786615 0.8498976363392867 0.8837457789592535 0.8685414398419393 0.9050002575811048 0.9015854860012371 0.8751011541922575 0.8564430392474736 0.8379829348200092 0.8328873837674265 0.8062952213757993 0.8280234973669057 0.8824832383800837 0.9742405529480969 0.9847346020646652 0.9808870740124646 1.016848187545919 0.9707240345759075 0.9207795825219507 0.982754802019964 1.024707414815276 1.11527148606776 1.081113923089901 1.059759682680339 1.103256948532475 1.115285141819332 1.106428042671119 1.112343014576454 1.185892787498102 1.180578173131863 1.185471424061796 1.214476732197232 1.277448253229671 1.258014677115992 1.330046884607395 1.31316293912765 1.341253818181449 1.411377522285457 1.412733248137412 1.445300369146735 1.536862694432939 1.485946244811806 1.600219273567006 1.643996829007043 1.622890490225753 1.726311338184611
1.817629923028286 1.74768989016675 1.856918277378324 1.860990945352422 1.867816908898655 1.925917899423925 1.844572213256884 1.887032058919465 1.832468193512503 1.91362417755604 1.960793756548452 1.901568734657018 1.903385949613996 1.996143679517515 1.903795616409571 1.985806200681445 1.93501554946846 1.998494787100255 2.062618861780755 1.967263101295498 2.056975171775465 2.026279831551863 2.049823900694436 2.141097150158353 2.08020377121349 2.111720606028124 2.118688092809295 2.03270216345057 2.15145178430421 2.17761828927484 2.150401447234617 2.201743002177355 2.195745593491626 2.215412070726713 2.305346497479144 2.303818544604552 2.315025912702565 2.375434469702822 2.345734999906595 2.418358969509768 2.44810903457391 2.442992771450596 2.582970116477376 2.558437546560695 2.599829759964972 2.723213123611206 2.713298670878267 2.72367760250201 2.897183342330214 2.90066143415302 2.973413098596336 2.989240990268952 2.974620960117073
3.011902471318999 2.979213511922673 3.083232362953626 2.976529966069303 3.06589913322308 3.09333579737574 3.040143549190341 3.198894545603888 3.164603293751913 3.126483616615539 3.18726585909474 3.059988716708349 3.205314319696046 3.219738032657202 3.159312451398677 3.264557451134399 3.134973726091498 3.228470860679035 3.229756211224813 3.165255600591339 3.337677603131828 3.294881317037108 3.315720783951878 3.360722515928452 3.270035796987167 3.345509423183514 3.367655481584632 3.270553554113055 3.323357299898133 3.266911830838928 3.28871141057799 3.434996613488317 3.445089343504121 3.532048133110671 3.591239876815749 3.472289744227124 3.619720027196996 3.658366428577997 3.676319893174334 3.785236532881797 3.743683866036617 3.747124648501907 3.844292485043681 3.779196115599909 3.910876968632553 3.933001984124902 3.822686469240654 3.969836071452046 3.969236738344345 3.984173655518132 4.185835795299707 4.130624610285317 4.212427569893197
4.095186196471318 4.243094239936199 4.15260685615339 4.291213626539846 4.278045040559164 4.193911148491677 4.33800969855056 4.251987132658417 4.232958877886015 4.27667557591349 4.139389610772605 4.282925714390604 4.221668401297065 4.231708483661833 4.37694927638647 4.27706684561038 4.397112170477742 4.407647767631091 4.276456016759506 4.409672589150431 4.351872032774509 4.353563600721897 4.460980278182415 4.273531517271929 4.411831304039066 4.367108401239596 4.262882184934435 4.393004397402193 4.383539308854126 4.386937254686389 4.472180794296889 4.360243210128688 4.467327985444262 4.547499393704625 4.454758111614091 4.71569031551613 4.697616727757032 4.601350716683214 4.656720079068172 4.495436781234011 4.611235787530167 4.674165726609227 4.577794468890995 4.742601295534159 4.717411990068196 4.66051959907753 4.816789914579778 4.796523292540325 4.808903550453312 4.93663707392064 4.882376876324328 4.939068532842038 4.983899344978169
4.954935151546627 4.95031772429127 5.03670690564921 4.96025174173644 5.070797574625855 5.101981839950807 4.971810811300422 5.093152173468525 4.951551737084909 5.044875379873708 5.070188285788522 4.945396241865818 5.079139905036954 5.086560104055049 5.051517586636542 5.178647767738065 5.051758245777144 5.098004685539308 5.103058474569287 4.969335830170285 5.117942951560927 5.061286150497147 5.037741627507444 5.108876576746751 5.005362660379617 5.095737383550966 5.095070679171009 4.958581702615192 5.072038435321794 5.037258616400685 4.980018422704802 5.116192900808383 5.094588978089984 5.099740616655534 5.173860841234332 5.024715651453732 5.127415412208018 5.170839560508666 5.078480250440721 5.24952578873515 5.20399675889095 5.188603930236269 5.287920078908499 5.214163190799383 5.269354516208725 5.336232991682819 5.199977567901398 5.300384930885567 5.357089821809327 5.22426510944883 5.370424913679011 5.370592385786882 5.320124175101202
5.491494272527191 5.416288083369863 5.454799099354854 5.523608122243108 5.348677545655854 5.529914172890645 5.470638018039354 5.501564706311064 5.546583003249015 5.391466405424909 5.540696809864131 5.541047483615652 5.457270075635089 5.571305025532202 5.497133943615411 5.489413007361809 5.54517518462632 5.402198490184242 5.516080270498485 5.521319588060493 5.43490445493313 5.57859087024421 5.5089078495058 5.535331004204521 5.591412153105069 5.467814533781041 5.528860074689135 5.554337811305132 5.387111450549427 5.528524534930424 5.489892304312147 5.436451244561054 5.519333300924737 5.448419298476586 5.479153845817659 5.562129895088059 5.461238800429158 5.562371940547457 5.589274882428573 5.457661827973048 5.601704525177303 5.593747220748545 5.521242226403996 5.632728442631488 5.568654559316721 5.576872619171178 5.635135979030316 5.535156261863097 5.614230933945545 5.63820395362551 5.526936958280425 5.65613850961793 5.696395829074122
5.721182374407556 5.731236991426703 5.643857361157281 5.760183859252427 5.700381896913209 5.712198135481667 5.77376680316567 5.625667799495206 5.751213763190611 5.74501691898156 5.666471457961037 5.763171611992291 5.686690560241511 5.714765104399881 5.766614937112483 5.608695753074157 5.772182300731155 5.773688241258006 5.686778552077623 5.793256088308453 5.719752738985131 5.731696292073644 5.769234319785771 5.679643117233552 5.73596576333988 5.748233604080997 5.662247797352438 5.758083498061105 5.710308236557077 5.691135210200062 5.764201169142623 5.692514444566169 5.726445744143769 5.773367444253352 5.636027012888334 5.73242926547932 5.750334239039997 5.641467663233509 5.772295580311727 5.749015314574496 5.686950482471091 5.779602926470862 5.721142806706815 5.731998198926883 5.791146257186659 5.698253935878876 5.763116130510064 5.793799309482112 5.666475250969018 5.789792695844733 5.795377650869785 5.70084209359529 5.817386435918238
5.800262989188712 5.846427358480877 5.774050519075895 5.824050682208104 5.788943000099528 5.774224447062718 5.820917777672571 5.782507638242945 5.803065027896364 5.83171223300699 5.742095511537696 5.838176495728702 5.7933913036555 5.780260416124625 5.856109398601749 5.736481699422739 5.828343574258844 5.849962523103524 5.777552122763304 5.85312490026243 5.838935456667195 5.797836265856859 5.882759332765903 5.813652025664071 5.835550779635919 5.879357636724955 5.749577479088241 5.856642690479728 5.854918701207456 5.760300843595089 5.854598236916493 5.801106864091013 5.770675970540749 5.834778733366574 5.740810845480718 5.802511507014641 5.83984315518659 5.718626247385276 5.82326829196361 5.840165940366577 5.739595636946226 5.856448952188027 5.828728160816494 5.768612574010168 5.858008230290256 5.784462895306071 5.800647881541694 5.854336782164173 5.761787719590679 5.823879972316664 5.867798075056201 5.742939825221729 5.868740477389156
5.743689709135294 5.751780514584272 5.674499900884301 5.780469625494855 5.712386361600764 5.718156805630453 5.779386556607764 5.626625254522065 5.741582039177143 5.740527612871413 5.641181551360831 5.75695592205566 5.695377624089107 5.703350820667416 5.766345508797182 5.626295708850391 5.755680517648509 5.759717170993355 5.722877634620664 5.785132345702925 5.732244031622007 5.724866588459607 5.787650853509573 5.675912952529817 5.750581337305531 5.775328465141369 5.657721745884889 5.791278958338415 5.756764655134206 5.708345638505571 5.794969073242727 5.708883500585983 5.745491703902839 5.803159508444171 5.668290245216788 5.767679282636852 5.782038567551027 5.661566293390519 5.766026223916191 5.74110518335314 5.681462909435912 5.766039780632405 5.712109681958962 5.696018091951555 5.770961801406777 5.694925525460551 5.759915900716015 5.802606091940701 5.673746702159758 5.798052646083881 5.81983776711564 5.71996164592258 5.834675823965466
5.507348751629177 5.404527183279477 5.456340923476177 5.468471205213507 5.335895792276266 5.457921992928902 5.395176990814075 5.390002343807472 5.46930037913653 5.344882334867594 5.45543514774005 5.498478008392012 5.389891796833128 5.544435764278742 5.494749543143873 5.50301650666252 5.56905104237814 5.436601935126516 5.536927637146752 5.529023810727836 5.403836884332923 5.536439402647206 5.533733969226364 5.492970619619818 5.589963203331386 5.495132119600869 5.536546242672357 5.576895772569689 5.427003358874964 5.556300816515197 5.540293482855213 5.459133619786996 5.567962069785111 5.508604727289704 5.524270767449551 5.596299425833977 5.468279213893859 5.557034461773978 5.596146891386584 5.466043105017757 5.595240043581091 5.591944390008379 5.491733751741913 5.59364428404958 5.575054183872873 5.54874371395111 5.654794554306462 5.564008539120469 5.591336391256485 5.632199452291442 5.539815364419113 5.647328562057654 5.683194155097579
5.005577694206727 4.972477206098252 5.001767641974048 4.850502699583649 4.945511984256297 4.922775696023083 4.817500315823151 4.952077984926111 4.948501746387143 4.986261758625918 5.100842416151737 4.978161843942017 5.075151916351159 5.051629816958155 4.968756002937509 5.041177431677127 4.936516003466391 4.989105781328768 5.064059101348147 4.9595208730674 5.066520857480078 5.123067163470014 4.982689961642438 5.15074059789614 5.101798214083607 5.128956013785285 5.172709873297375 5.017417187564024 5.16410168212563 5.191559662533807 5.097486946460614 5.225386711029151 5.160891075239623 5.13884357861298 5.224732783972485 5.117296738070144 5.206554193380456 5.226893553368844 5.082713621853071 5.21230995126664 5.211097713399417 5.128142331653132 5.250131588795291 5.208327461673426 5.201779963668614 5.274027644080113 5.171895857436597 5.278622554642927 5.361162607631737 5.262079767499966 5.390025716531492 5.417282158337626 5.336287268605344
4.121782123241011 4.136397698722567 3.980941509466625 4.060879553332114 3.965301398233445 3.93730036143634 4.062399526261737 4.102716372828613 4.15715813430861 4.300432417618048 4.171388196907122 4.28131844009777 4.287779464706972 4.217060474593223 4.342343832390167 4.271082960269371 4.322048112396375 4.331479548649769 4.15299802200073 4.275871587264845 4.271802419827402 4.251747317934877 4.396153783351825 4.3839985989891 4.399756268278408 4.520548302051519 4.417834823487612 4.516976093192423 4.468754608202198 4.423493511557624 4.520412085488093 4.438314691783312 4.574169279194728 4.64678202194894 4.4654629826876 4.586942833404901 4.523997514589293 4.474686114098153 4.577188067447366 4.530057351052409 4.57315885854064 4.686062410366842 4.609117870511347 4.659234687362724 4.729504342989769 4.590374991136723 4.741102255350903 4.75251115860206 4.741205244261993 4.945858708887347 4.962367568502858 5.045570162360043 5.09696543309024
2.970853701942102 2.999160518895866 2.992253562207067 2.875916625237424 2.933103476888092 2.871887679235494 2.827800860064848 2.893001689923005 2.85897133234293 2.933169195802483 3.017923126649969 2.945244612030466 3.080476132493343 3.139184750910986 3.052803470530935 3.163593013457608 3.067912363691938 3.140196462179379 3.167030136366787 3.053159274328861 3.172479946674887 3.144234733501431 3.174125397768055 3.274791070073531 3.263890948644364 3.299739440655176 3.424806125110413 3.440242822304443 3.494156907606778 3.530617303354714 3.413582762379006 3.598639598968276 3.542576890384405 3.60294433021831 3.693091323417366 3.604996299727654 3.628105434103114 3.599276310221157 3.526903166429163 3.640353803139565 3.601985922020336 3.614320040942067 3.766059792769287 3.699430572210951 3.786699391751688 3.925064752012982 3.811731352230102 3.973098875273088 4.037544162944497 3.971509370561708 4.24185275294765 4.221828748418821 4.329257589558835
1.863454120330336 1.778600535853327 1.881069565093427 1.770243613127809 1.816691075509513 1.839081316155079 1.76072940475712 1.802257042797479 1.755662101961241 1.766660947801115 1.834679802932398 1.782004486369644 1.888224633754194 1.878732447899254 1.838254975059355 1.900575204823185 1.813774567787725 1.909732453671907 1.908596425455656 1.877248417661076 1.901560324467363 1.952083229035145 1.907412071545841 2.02573374564692 2.060229641143607 2.015166710104683 2.110857669856913 2.069170700989215 2.118688622002181 2.165649707658445 2.118645122860306 2.230407442801973 2.258377824985579 2.246690617038683 2.350630216110099 2.395050679351076 2.372955971883211 2.46064289217649 2.437243371215138 2.426294410587006 2.545588549101358 2.482200907418735 2.587618301954116 2.547280375323451 2.565793924447004 2.652439837400034 2.726918181095042 2.743745827434045 2.897440020801671 2.879366696849419 2.986821009762638 3.097048088746854 3.089301361969733
