benchmarks/avaHockeyChannelEntTest/release1HS_entres_ref_0.15500_pfd.asc
ncols         1000
nrows         400
xllcenter     1000
yllcenter     -5000
cellsize      5
NODATA_value  -9999
[rows 204 to 237 of 400, columns 77 to 153 of 1000]
1.13689 1.16641 1.15269 1.17289 1.17131 1.1825 1.19044 1.18643 1.20736 1.2095 1.2412 1.24435 1.27909 1.27663 1.29854 1.28592 1.31089 1.31616 1.36131 1.36943 1.40297 1.43223 1.44156 1.47036 1.48811 1.49878 1.51093 1.53268 1.56053 1.59725 1.62663 1.65432 1.6774 1.72122 1.72803 1.75181 1.78015 1.80726 1.83101 1.86659 1.91054 1.92837 1.9573 1.98768 2.01027 2.03682 2.07066 2.10686 2.12756 2.14707 2.17746 2.20524 2.25804 2.27369 2.28915 2.31202 2.35121 2.39841 2.41938 2.41285 2.45115 2.50877 2.50392 2.53423 2.56997 2.58985 2.61767 2.62921 2.67262 2.68085 2.72378 2.73389 2.74861 2.79147 2.77894 2.8051 2.80352
1.11011 1.13225 1.14654 1.15091 1.15542 1.16409 1.17475 1.18443 1.19272 1.20606 1.21989 1.22264 1.24904 1.24851 1.28295 1.28587 1.30367 1.31099 1.33573 1.35059 1.36383 1.39887 1.40109 1.44475 1.46168 1.48516 1.51105 1.51857 1.55631 1.57303 1.58644 1.60302 1.63133 1.63781 1.67131 1.70735 1.7346 1.74638 1.78853 1.80575 1.81911 1.84906 1.87054 1.90349 1.92502 1.96956 1.98473 2.0023 2.0173 2.05138 2.07304 2.09823 2.09969 2.12278 2.14506 2.18047 2.1921 2.22219 2.22849 2.25601 2.28387 2.29621 2.31678 2.35391 2.35989 2.37736 2.41949 2.41573 2.43072 2.47169 2.46883 2.52609 2.53972 2.56447 2.55306 2.58045 2.58604
1.2395 1.34966 1.13577 1.14058 1.14967 1.15549 1.16644 1.17973 1.19275 1.20275 1.21481 1.21089 1.22287 1.22515 1.2552 1.27308 1.31617 1.33118 1.35197 1.35685 1.37176 1.37136 1.37625 1.391 1.4103 1.42444 1.47046 1.4719 1.4899 1.51178 1.53208 1.56977 1.57731 1.58834 1.6229 1.63991 1.65819 1.67931 1.70787 1.71394 1.72916 1.7586 1.78334 1.78939 1.82692 1.83882 1.85284 1.86253 1.88263 1.9154 1.93503 1.95068 1.95982 1.96856 1.98511 2.00287 2.02565 2.01451 2.0455 2.06525 2.07708 2.09326 2.13847 2.17647 2.22831 2.26474 2.29097 2.31407 2.34012 2.36262 2.37675 2.34944 2.3784 2.35911 2.33322 2.30883 2.28525
1.13579 1.13712 1.1353 1.15289 1.16059 1.15329 1.18182 1.18271 1.21306 1.19596 1.23289 1.22807 1.25943 1.2657 1.25865 1.26642 1.2663 1.27885 1.26869 1.29034 1.30506 1.33034 1.38428 1.37741 1.40178 1.38749 1.41155 1.43572 1.44458 1.47341 1.47482 1.49941 1.52372 1.51839 1.57002 1.58774 1.58307 1.60793 1.6169 1.62618 1.64448 1.66269 1.67054 1.66817 1.69995 1.70776 1.71307 1.72172 1.73792 1.76351 1.77341 1.79503 1.81437 1.83976 1.85671 1.87427 1.91673 1.95208 1.98537 2.02281 2.0843 2.09764 2.14451 2.14741 2.19246 2.20768 2.21965 2.24526 2.23024 2.23458 2.21138 2.21387 2.17631 2.15054 2.13854 2.07807 2.04206
1.16419 1.14544 1.12813 1.142 1.14402 1.17618 1.17005 1.2056 1.18411 1.21532 1.18354 1.22639 1.20133 1.24143 1.20867 1.26196 1.23617 1.27829 1.27434 1.30711 1.31021 1.32135 1.33482 1.33007 1.35201 1.35633 1.37561 1.40648 1.39382 1.42324 1.43568 1.43058 1.46503 1.4679 1.47138 1.50066 1.49378 1.51411 1.5177 1.51522 1.54409 1.56363 1.55629 1.6137 1.62559 1.62216 1.65644 1.69845 1.7217 1.75317 1.75876 1.79955 1.84216 1.87248 1.9078 1.94499 1.97658 2.02324 2.05537 2.09809 2.10992 2.11046 2.14557 2.14042 2.14463 2.15276 2.13608 2.14211 2.11847 2.08911 2.08299 2.05375 1.98323 1.92273 1.88587 1.78766 1.72508
1.11931 1.1295 1.13096 1.14705 1.14689 1.16039 1.15596 1.18338 1.17591 1.21881 1.20257 1.21592 1.19681 1.21063 1.2145 1.24163 1.23953 1.26354 1.24909 1.28128 1.30052 1.27106 1.308 1.28536 1.33971 1.35118 1.33788 1.37784 1.34841 1.37594 1.38507 1.38545 1.408 1.40997 1.44353 1.45524 1.45743 1.49694 1.49808 1.51028 1.54816 1.56891 1.60046 1.63242 1.64918 1.6758 1.70614 1.736 1.76008 1.79237 1.85564 1.87496 1.89729 1.94647 1.96963 1.97864 2.00227 2.02724 2.04695 2.06029 2.05374 2.09382 2.07145 2.06273 2.07737 2.03022 1.97258 1.94495 1.92103 1.83554 1.78062 1.72033 1.66456 1.59193 1.53082 1.45106 1.39288
1.12851 1.17001 1.13647 1.17402 1.15987 1.18678 1.1642 1.18614 1.1629 1.18912 1.18714 1.22096 1.21009 1.22628 1.20604 1.23574 1.23048 1.28112 1.25268 1.24954 1.2618 1.25752 1.31461 1.28303 1.32047 1.31855 1.32166 1.35243 1.36246 1.3795 1.39189 1.42934 1.4185 1.4521 1.46345 1.47082 1.52297 1.51476 1.52883 1.5952 1.59685 1.61671 1.66336 1.67951 1.69667 1.73744 1.76542 1.78466 1.79633 1.86722 1.88254 1.87031 1.90926 1.92466 1.97669 1.9774 1.97249 1.98835 1.98981 1.98064 1.95138 1.95881 1.92998 1.88713 1.83247 1.79692 1.70501 1.67488 1.59888 1.52927 1.4721 1.40365 1.31222 1.21252 1.15066 1.07332 1.04154
1.18131 1.30208 1.19075 1.16189 1.16677 1.1624 1.18935 1.19416 1.21653 1.19778 1.22214 1.19517 1.20954 1.2283 1.22183 1.24798 1.22684 1.26193 1.2389 1.29554 1.28247 1.29469 1.28897 1.30645 1.31696 1.32305 1.35819 1.34016 1.37942 1.37264 1.38675 1.41426 1.40933 1.4705 1.4545 1.51004 1.5142 1.52417 1.59364 1.58927 1.61734 1.65745 1.7025 1.68752 1.70937 1.76312 1.79915 1.76804 1.80242 1.81934 1.85545 1.87586 1.84329 1.88224 1.8802 1.89796 1.85581 1.81789 1.85253 1.79343 1.76348 1.69332 1.67971 1.62654 1.58493 1.51517 1.49517 1.37064 1.29603 1.21813 1.14057 1.0224 0.93431 0.832316 0.752851 0.66417 0.514077
1.16221 1.2171 1.17677 1.159 1.22343 1.16405 1.21885 1.17845 1.22099 1.17866 1.23005 1.18919 1.24154 1.21076 1.24526 1.24276 1.25245 1.26368 1.25423 1.27349 1.27356 1.27975 1.28964 1.29083 1.30611 1.30946 1.33818 1.33885 1.3775 1.34128 1.4066 1.41574 1.42218 1.44786 1.46664 1.49167 1.51048 1.52324 1.55694 1.60493 1.5878 1.62959 1.63397 1.67834 1.69219 1.70455 1.70776 1.75996 1.76149 1.73798 1.72975 1.76453 1.76858 1.71437 1.72123 1.68544 1.67209 1.65316 1.60284 1.54564 1.52343 1.45096 1.40021 1.29535 1.24722 1.13988 1.05402 1.02512 0.910814 0.81626 0.762925 0.668878 0.597404 0.451507 0.253188 0.130931 0.0602106
1.17976 1.18036 1.20035 1.183 1.2165 1.16944 1.20698 1.17465 1.22056 1.18838 1.22865 1.20381 1.24062 1.21596 1.22381 1.23204 1.24209 1.24281 1.23866 1.268 1.27783 1.27624 1.2811 1.30029 1.31245 1.31898 1.31286 1.34891 1.34807 1.37717 1.36926 1.37581 1.43799 1.42439 1.44328 1.48114 1.4757 1.53212 1.53559 1.56731 1.56016 1.56396 1.61163 1.59561 1.61029 1.65421 1.63136 1.63827 1.63765 1.65486 1.606 1.60524 1.59887 1.54586 1.51584 1.50047 1.4777 1.42792 1.36496 1.29512 1.24029 1.14199 1.04703 0.961593 0.909108 0.848764 0.792342 0.737698 0.625853 0.455247 0.283437 0.147132 0.0515474 0.0107571 0 0 0
1.17819 1.27686 1.16317 1.17141 1.18092 1.1868 1.21217 1.19325 1.19736 1.19768 1.19817 1.20664 1.20351 1.23258 1.23333 1.2328 1.22711 1.27583 1.2646 1.26926 1.25104 1.28133 1.28977 1.29478 1.287 1.32715 1.33185 1.32695 1.32623 1.35456 1.37317 1.36865 1.40631 1.40272 1.43851 1.47529 1.42937 1.51051 1.46738 1.50585 1.50255 1.51288 1.51614 1.53011 1.53328 1.51879 1.50642 1.5262 1.49037 1.49649 1.46752 1.45792 1.40081 1.37566 1.35352 1.26132 1.196 1.11645 1.06057 1.00629 0.948496 0.862177 0.804186 0.706212 0.571457 0.506519 0.300946 0.171707 0.0651686 0.00546628 0 0 0 0 0 0 0
1.13572 1.18554 1.16191 1.19652 1.1589 1.18314 1.15335 1.1958 1.19067 1.20756 1.18307 1.19098 1.21993 1.21158 1.22176 1.20182 1.23971 1.2242 1.24079 1.24266 1.25381 1.25634 1.27701 1.28201 1.30585 1.3005 1.30188 1.32284 1.3104 1.30683 1.35327 1.31277 1.37574 1.38673 1.37774 1.39278 1.39002 1.41135 1.40578 1.42577 1.40325 1.43446 1.40891 1.42684 1.40878 1.42397 1.36865 1.38181 1.33851 1.31302 1.28126 1.21884 1.14602 1.0744 1.03348 0.954897 0.885391 0.851709 0.771861 0.704861 0.633379 0.54514 0.358892 0.207374 0.0980135 0.0273114 0.000614518 0 0 0 0 0 0 0 0 0 0
1.16679 1.25306 1.13135 1.15389 1.13435 1.17384 1.16549 1.17979 1.16623 1.164 1.17774 1.18559 1.20879 1.18085 1.18983 1.2224 1.20624 1.22271 1.20774 1.22092 1.22269 1.23032 1.23949 1.28771 1.27583 1.27161 1.27411 1.28103 1.27435 1.26702 1.3272 1.29887 1.30286 1.31536 1.29741 1.33318 1.32189 1.33538 1.33518 1.37555 1.3147 1.34097 1.31171 1.27988 1.25558 1.23499 1.20043 1.14761 1.14077 1.09184 1.00187 0.975165 0.871336 0.797662 0.78372 0.669675 0.61742 0.530615 0.42811 0.275331 0.133118 0.0604538 0.0122443 0 0 0 0 0 0 0 0 0 0 0 0 0 0
1.12954 1.11327 1.12669 1.14671 1.14701 1.14529 1.12357 1.12756 1.15788 1.14797 1.16259 1.15516 1.1666 1.17635 1.18795 1.17653 1.18409 1.19226 1.2076 1.21239 1.21322 1.24349 1.24714 1.23992 1.23314 1.23003 1.23865 1.23351 1.26984 1.25455 1.26716 1.24825 1.24451 1.31692 1.28028 1.23988 1.28374 1.2396 1.22324 1.18885 1.17564 1.18685 1.14219 1.11217 1.09317 1.06654 1.00652 0.982596 0.870203 0.829837 0.77889 0.702228 0.645248 0.546447 0.472392 0.366679 0.212306 0.106533 0.0353255 0.00260573 0 0 0 0 0 0 0 0 0 0 0 0 0 0 0 0 0
1.18193 1.14355 1.13198 1.11485 1.11498 1.13749 1.12758 1.14515 1.14775 1.14308 1.14812 1.15067 1.16806 1.16004 1.19114 1.1641 1.17831 1.18529 1.17241 1.19085 1.20024 1.20599 1.2163 1.23751 1.18126 1.16434 1.18966 1.22268 1.1732 1.16428 1.17212 1.15894 1.1588 1.16277 1.1842 1.13007 1.13103 1.12721 1.10979 1.07985 1.05176 1.00437 0.988195 0.927274 0.865764 0.845136 0.83193 0.751346 0.681853 0.554891 0.474034 0.412129 0.281393 0.157608 0.065193 0.0118188 0 0 0 0 0 0 0 0 0 0 0 0 0 0 0 0 0 0 0 0 0
1.12549 1.10963 1.12049 1.11121 1.09461 1.09727 1.12439 1.13581 1.1162 1.11784 1.11866 1.12505 1.12386 1.14814 1.1243 1.15003 1.16369 1.14723 1.17041 1.17166 1.17394 1.16506 1.14548 1.11636 1.11982 1.10902 1.09737 1.10503 1.10129 1.10989 1.09548 1.10587 1.06712 1.08317 1.02784 0.996155 1.00223 0.94155 0.939054 0.908634 0.864691 0.808461 0.846684 0.778832 0.655948 0.602881 0.541894 0.460981 0.33795 0.20251 0.106568 0.033881 0.00231792 0 0 0 0 0 0 0 0 0 0 0 0 0 0 0 0 0 0 0 0 0 0 0 0
1.47004 1.1951 1.13234 1.16048 1.12908 1.09902 1.09399 1.11579 1.10075 1.10932 1.09306 1.07797 1.08676 1.08753 1.08505 1.09294 1.09402 1.12324 1.1022 1.07825 1.09488 1.10879 1.07948 1.04493 1.04838 1.02607 1.03592 1.0141 1.00479 1.02025 0.996965 0.982923 0.955569 0.921411 0.90368 0.862383 0.8115 0.823334 0.818553 0.756449 0.661142 0.613267 0.544067 0.492479 0.400312 0.272756 0.16133 0.060596 0.00935999 0 0 0 0 0 0 0 0 0 0 0 0 0 0 0 0 0 0 0 0 0 0 0 0 0 0 0 0
1.33774 1.15259 1.07616 1.04503 1.04764 1.06934 1.04146 1.03541 1.04531 1.03936 1.01956 1.03251 1.02278 1.0357 1.04673 1.03147 1.02911 1.03429 1.02172 1.02306 0.985601 0.985385 0.96721 0.96825 0.95308 0.931976 0.956491 0.908682 0.872202 0.866015 0.848892 0.817952 0.775228 0.737184 0.740668 0.681315 0.663836 0.624725 0.576671 0.487998 0.372033 0.269266 0.171769 0.0960849 0.0209974 0.000222844 0 0 0 0 0 0 0 0 0 0 0 0 0 0 0 0 0 0 0 0 0 0 0 0 0 0 0 0 0 0 0
1.22598 1.09579 1.05224 1.04359 1.04897 1.02774 1.00881 1.01292 0.998425 0.994558 0.985249 0.971836 0.959589 0.962354 0.952986 0.970521 0.942093 0.943162 0.937782 0.920083 0.902777 0.891376 0.900215 0.884037 0.869647 0.812213 0.780348 0.787728 0.734016 0.710534 0.69878 0.652115 0.617298 0.609485 0.589849 0.486654 0.418022 0.286152 0.165328 0.0920486 0.0283666 0.00140702 0 0 0 0 0 0 0 0 0 0 0 0 0 0 0 0 0 0 0 0 0 0 0 0 0 0 0 0 0 0 0 0 0 0 0
1.14463 1.1107 1.05664 1.00933 0.981665 0.97228 0.94521 0.952739 0.948951 0.923033 0.915227 0.929661 0.92099 0.912839 0.900334 0.889715 0.867396 0.87534 0.845276 0.826744 0.816013 0.77445 0.760118 0.739319 0.693137 0.674794 0.658977 0.609077 0.570102 0.550361 0.570762 0.476372 0.404999 0.290094 0.168491 0.088341 0.0327984 0.00278914 0 0 0 0 0 0 0 0 0 0 0 0 0 0 0 0 0 0 0 0 0 0 0 0 0 0 0 0 0 0 0 0 0 0 0 0 0 0 0
1.24359 1.33015 1.05521 0.950778 0.925462 0.913422 0.911559 0.901225 0.847445 0.859719 0.858178 0.81934 0.830343 0.803918 0.785225 0.786742 0.775211 0.744556 0.720977 0.7136 0.685396 0.658248 0.666097 0.597308 0.549002 0.534175 0.492882 0.430724 0.321942 0.23334 0.148072 0.0623927 0.0178024 0 0 0 0 0 0 0 0 0 0 0 0 0 0 0 0 0 0 0 0 0 0 0 0 0 0 0 0 0 0 0 0 0 0 0 0 0 0 0 0 0 0 0 0
0.968148 1.227 0.964516 0.837705 0.803859 0.808055 0.80705 0.776929 0.776002 0.761338 0.728122 0.740135 0.723993 0.707067 0.670645 0.67247 0.654805 0.656151 0.601302 0.565532 0.537456 0.437489 0.392115 0.296836 0.220119 0.15705 0.0889689 0.024554 0.00105482 0 0 0 0 0 0 0 0 0 0 0 0 0 0 0 0 0 0 0 0 0 0 0 0 0 0 0 0 0 0 0 0 0 0 0 0 0 0 0 0 0 0 0 0 0 0 0 0
0.876513 0.819113 0.788757 0.753982 0.737174 0.694039 0.662692 0.655816 0.663409 0.637232 0.600322 0.611313 0.588382 0.557219 0.493194 0.454243 0.377979 0.300457 0.207321 0.149865 0.103827 0.0555082 0.0139771 0.000167863 0 0 0 0 0 0 0 0 0 0 0 0 0 0 0 0 0 0 0 0 0 0 0 0 0 0 0 0 0 0 0 0 0 0 0 0 0 0 0 0 0 0 0 0 0 0 0 0 0 0 0 0 0
0.823585 0.743583 0.650775 0.578444 0.53016 0.513545 0.480541 0.454006 0.386771 0.353363 0.31899 0.235703 0.164663 0.118639 0.0682988 0.0295054 0.00637815 0 0 0 0 0 0 0 0 0 0 0 0 0 0 0 0 0 0 0 0 0 0 0 0 0 0 0 0 0 0 0 0 0 0 0 0 0 0 0 0 0 0 0 0 0 0 0 0 0 0 0 0 0 0 0 0 0 0 0 0
0.274243 0.250642 0.206923 0.169018 0.129572 0.106614 0.090242 0.0695777 0.0438065 0.019315 0.00286665 0 0 0 0 0 0 0 0 0 0 0 0 0 0 0 0 0 0 0 0 0 0 0 0 0 0 0 0 0 0 0 0 0 0 0 0 0 0 0 0 0 0 0 0 0 0 0 0 0 0 0 0 0 0 0 0 0 0 0 0 0 0 0 0 0 0
0 0 0 0 0 0 0 0 0 0 0 0 0 0 0 0 0 0 0 0 0 0 0 0 0 0 0 0 0 0 0 0 0 0 0 0 0 0 0 0 0 0 0 0 0 0 0 0 0 0 0 0 0 0 0 0 0 0 0 0 0 0 0 0 0 0 0 0 0 0 0 0 0 0 0 0 0
0 0 0 0 0 0 0 0 0 0 0 0 0 0 0 0 0 0 0 0 0 0 0 0 0 0 0 0 0 0 0 0 0 0 0 0 0 0 0 0 0 0 0 0 0 0 0 0 0 0 0 0 0 0 0 0 0 0 0 0 0 0 0 0 0 0 0 0 0 0 0 0 0 0 0 0 0
0 0 0 0 0 0 0 0 0 0 0 0 0 0 0 0 0 0 0 0 0 0 0 0 0 0 0 0 0 0 0 0 0 0 0 0 0 0 0 0 0 0 0 0 0 0 0 0 0 0 0 0 0 0 0 0 0 0 0 0 0 0 0 0 0 0 0 0 0 0 0 0 0 0 0 0 0
0 0 0 0 0 0 0 0 0 0 0 0 0 0 0 0 0 0 0 0 0 0 0 0 0 0 0 0 0 0 0 0 0 0 0 0 0 0 0 0 0 0 0 0 0 0 0 0 0 0 0 0 0 0 0 0 0 0 0 0 0 0 0 0 0 0 0 0 0 0 0 0 0 0 0 0 0
0 0 0 0 0 0 0 0 0 0 0 0 0 0 0 0 0 0 0 0 0 0 0 0 0 0 0 0 0 0 0 0 0 0 0 0 0 0 0 0 0 0 0 0 0 0 0 0 0 0 0 0 0 0 0 0 0 0 0 0 0 0 0 0 0 0 0 0 0 0 0 0 0 0 0 0 0
0 0 0 0 0 0 0 0 0 0 0 0 0 0 0 0 0 0 0 0 0 0 0 0 0 0 0 0 0 0 0 0 0 0 0 0 0 0 0 0 0 0 0 0 0 0 0 0 0 0 0 0 0 0 0 0 0 0 0 0 0 0 0 0 0 0 0 0 0 0 0 0 0 0 0 0 0
0 0 0 0 0 0 0 0 0 0 0 0 0 0 0 0 0 0 0 0 0 0 0 0 0 0 0 0 0 0 0 0 0 0 0 0 0 0 0 0 0 0 0 0 0 0 0 0 0 0 0 0 0 0 0 0 0 0 0 0 0 0 0 0 0 0 0 0 0 0 0 0 0 0 0 0 0
0 0 0 0 0 0 0 0 0 0 0 0 0 0 0 0 0 0 0 0 0 0 0 0 0 0 0 0 0 0 0 0 0 0 0 0 0 0 0 0 0 0 0 0 0 0 0 0 0 0 0 0 0 0 0 0 0 0 0 0 0 0 0 0 0 0 0 0 0 0 0 0 0 0 0 0 0
0 0 0 0 0 0 0 0 0 0 0 0 0 0 0 0 0 0 0 0 0 0 0 0 0 0 0 0 0 0 0 0 0 0 0 0 0 0 0 0 0 0 0 0 0 0 0 0 0 0 0 0 0 0 0 0 0 0 0 0 0 0 0 0 0 0 0 0 0 0 0 0 0 0 0 0 0
