benchmarks/avaHockeyChannelEntTest/release1HS_ent_dfa_a96f6589b3_pft.asc
ncols 1001
nrows 401
xllcenter 1000.00
yllcenter -5000.00
cellsize 5.00
noDataValue nan
[rows 184 to 206 of 401, columns 106 to 158 of 1001]
1.407938763742623 1.453765141922137 1.444545054201023 1.471686016582717 1.520389571297693 1.471000634293189 1.496134507912946 1.514092350379127 1.510027138113534 1.52939653810644 1.521572959437764 1.505442457265963 1.508363502896778 1.47601539563756 1.496696265395682 1.439307941878789 1.40494733861313 1.399251411442042 1.309233947982563 1.262809296613359 1.239870334770329 1.216277729526726 1.144798813738288 1.090608747867572 1.041677325485292 0.989582990607343 0.9240397179390285 0.8998302212642076 0.8128049519052001 0.7397395651990532 0.6084694115618901 0.543462595869814 0.4673154842157896 0.319000343999256 0.1817692655807437 0.09716366447123057 0.03282326108992759 0.003408237987272189 0 0 0 0 0 0 0 0 0 0 0 0 0 0 0
1.430337438044442 1.414780782709421 1.449711905987362 1.493192462926283 1.475223913127539 1.527708848154646 1.544007241393154 1.529836559482582 1.584169059376581 1.569370270396207 1.575667144705039 1.57919522113015 1.572276714953727 1.593120840260027 1.581178629128614 1.591913508373923 1.567901456472626 1.577312833417526 1.559528090753655 1.508781982626892 1.52729007067348 1.444027141133081 1.427037329351719 1.329596115218688 1.284422369065804 1.213149266440261 1.157669111203991 1.103535172512172 1.036432706086003 0.9581206302139196 0.9350468239900647 0.8672631648025658 0.7650003430951657 0.676929082271019 0.6301418530259609 0.5087002883328374 0.4316320386890468 0.2791083026826495 0.1541982832454465 0.06668229231578011 0.01804844019682807 0.0001728018565109866 0 0 0 0 0 0 0 0 0 0 0
1.393219975593369 1.408798496638411 1.453755092942219 1.44379382942907 1.488270097558192 1.496707924340642 1.518041848397274 1.574637353529287 1.563568916398599 1.613805918382859 1.621973438557071 1.620019617120436 1.679304843128924 1.636048789267238 1.684279064831097 1.683316143678241 1.659007989657453 1.677207454418708 1.670171842062415 1.660718166547171 1.651354308070329 1.622434818355192 1.621401216804351 1.570158198027222 1.562204766204863 1.494684123162609 1.476801134450336 1.414903933537431 1.331634479531408 1.275846510722745 1.170418257394293 1.108113731739117 1.033216725693165 0.9731122109065258 0.9580401559516132 0.8804670228459339 0.7658992387433099 0.6941934456404462 0.5992515373653616 0.5226219260144637 0.379777785929236 0.2633864779924106 0.1277356200234934 0.05501504663558804 0.01208147482450447 0 0 0 0 0 0 0 0
1.396740888574308 1.374806172767731 1.398037501826596 1.425317475318749 1.442297664861719 1.476044631766572 1.486303085608558 1.514701111626078 1.528743623157345 1.575023615382527 1.603132379824175 1.65816628366871 1.637109587808775 1.696132575313237 1.712992719144784 1.730023854613391 1.738169492133788 1.764083780062311 1.763164940297451 1.780485490669952 1.772003315025801 1.776769950238107 1.779008610506897 1.744881598642405 1.742498498439756 1.729056312873931 1.686317043293563 1.633628683140207 1.608676487291918 1.574310117156395 1.473923175433802 1.449519359290413 1.378830707087422 1.314689973816211 1.25921760355552 1.143037190446745 1.050715731768951 0.9624024673877986 0.9401017356296031 0.8510055175219371 0.7629661770572181 0.6824103370642306 0.5690763067183994 0.5130515987312514 0.3444549054339648 0.1962124802083142 0.1133976757203404 0.04125990016418108 0.008417424047359344 0 0 0 0
1.369583945765787 1.370276115014559 1.413853635668615 1.39197067407322 1.420102662114966 1.422365074373309 1.439461422519359 1.462231285633713 1.501449391372052 1.509360625644985 1.565595843484714 1.560949897634214 1.615161874940651 1.623991517047786 1.682685221493028 1.705862086592491 1.731042981096486 1.785939472906824 1.788997568351581 1.812131775685976 1.846278691610117 1.83025069375261 1.825583510087346 1.892267911080789 1.891393471860815 1.855267678074365 1.861888278531747 1.872182383445903 1.79706139942939 1.805862630762138 1.769571735662052 1.714865367741283 1.648547099917266 1.617667686750933 1.565894499154209 1.4761271005602 1.38015062321247 1.338941449068364 1.289978827086808 1.158843008183656 1.057285533292206 1.014240215285272 0.9018849734309091 0.8214635581449767 0.809122238726761 0.71371880073126 0.6105950549242253 0.5104560271724755 0.3421050987199762 0.2202873606681278 0.1276345141566807 0.05931825146741212 0.02053380467980205
1.367144624643709 1.364738257328629 1.370475313225543 1.378383198898797 1.40838185250816 1.38799289070451 1.445462971698535 1.425124815653144 1.46287925600619 1.458850922596979 1.4995293594562 1.514771069143508 1.535469163267156 1.573605685493464 1.588264764632301 1.633691848138219 1.664079299587617 1.682165825611603 1.728202276775737 1.782420236719708 1.792255771568765 1.831400685003754 1.87326260359727 1.893070834074456 1.908068337622027 1.908608616395687 1.916708236521664 1.947607418395957 1.950529951867938 1.917265194114468 1.931822442712819 1.933981820545139 1.871004720129549 1.871103677568813 1.824737280313471 1.773029842456488 1.71155582187214 1.669150516071803 1.631871791514095 1.510606217487671 1.435112013633399 1.37852549155344 1.282913461569761 1.187045955665122 1.115842746655797 1.043252722403329 1.000177437076356 0.9322847909763285 0.8141288422767257 0.6804602903484555 0.5900711424756261 0.4350330569304522 0.343796339689831
1.339365346715023 1.348839814594497 1.366805487582209 1.371722849026434 1.415642214988792 1.405451013866526 1.406704084908628 1.419135604656978 1.431423395016922 1.452036166515347 1.454164495295264 1.472452863443081 1.518278060208477 1.521241633782262 1.535713757744915 1.593129629009866 1.59781675825559 1.633241535884318 1.663847143130194 1.720849800470516 1.724034025287127 1.765388715664478 1.818185449519533 1.846728469027177 1.853667485703565 1.906409818591027 1.945709647950786 1.958158192689121 1.981633772882034 1.971355127395981 2.008669019792843 2.008999460065936 2.028686375657534 1.983243509921445 1.988204395988911 1.986500841625395 1.979205055420114 1.935783668849075 1.88802565306524 1.828581158486046 1.77722611291709 1.712022969358001 1.673192800793137 1.594776570423776 1.504360765793833 1.417705173399902 1.306565154382324 1.277116230728068 1.164949491018991 1.089160343300958 1.047506693808707 0.9472538918027117 0.9143141667537242
1.334729696636126 1.348032530105246 1.363997943760541 1.35990793552346 1.375400950653013 1.387851839799855 1.424731370387071 1.418351538280364 1.424028438478351 1.450646579885808 1.460791855078083 1.474964271414565 1.482348697504819 1.520910025323589 1.548880092743907 1.565198230071799 1.57871144224908 1.593708359994957 1.648931323595245 1.654772748165356 1.70738202318413 1.724679198198348 1.762552861177033 1.773333089734568 1.832943814533077 1.887337863241522 1.893791141433362 1.933456363897654 1.961901503270836 1.991367610214649 2.031741832458508 2.051046132572565 2.063075850605514 2.086495048582377 2.092826003649607 2.105383965996458 2.109639812854681 2.10531107635863 2.081887579236142 2.059013240108492 2.034740661013709 2.007021028400845 1.968950779805818 1.893252921880305 1.838813879873364 1.790061968038016 1.700255161981846 1.645053955516367 1.601145062788892 1.532646365136947 1.469887294483431 1.397270752741944 1.387510573116914
1.328030060325465 1.331011544592742 1.366163607143224 1.393286018920436 1.393422802410038 1.416622830537159 1.426723185693843 1.456530974622472 1.458985861480188 1.471879140385053 1.509161049844658 1.515132348313923 1.554091838712206 1.589027408429197 1.568373216203126 1.583575711028866 1.658056413496456 1.662220223392197 1.656489545098035 1.706230652198351 1.74627401275093 1.74208406301521 1.765422164238491 1.803369522738196 1.836555827555558 1.849858090973559 1.881036512645833 1.927353603865623 1.98113198719544 1.99541427020245 2.016870277368285 2.053094239923014 2.077460291782243 2.094040650336368 2.120829102342348 2.139992027877599 2.177774743406658 2.198717480625624 2.215198118683067 2.229680656122606 2.217018402639849 2.212049275132721 2.195966601047148 2.178949278349148 2.160033958903236 2.118778436511867 2.093141786555192 2.076528313441708 2.038994045656887 1.958920428697058 1.927791455090207 1.860062587399836 1.773193565996471
1.351435701756853 1.374690775890304 1.380196575139373 1.402964993913983 1.419668548761562 1.444047249954868 1.461940099242802 1.485627252253324 1.508341967428439 1.526196960473077 1.555898007273557 1.574642598668349 1.57831407086376 1.630113019423034 1.666646985254952 1.68640820480694 1.727959980820614 1.734448163635172 1.763908932992703 1.807842978658777 1.851309542976737 1.891902459772403 1.892429981102554 1.93334506050951 1.962642127747375 2.002883702564851 2.038224715096938 2.065162460951495 2.091340543392637 2.131658556985531 2.171731789323324 2.210818507634349 2.242133430336337 2.263331254212014 2.298991940728068 2.327093395371376 2.359587987164599 2.37857558743651 2.412233693943525 2.425646772247468 2.45420295258794 2.464349878547087 2.478880676832059 2.506542552400893 2.48570512485465 2.519658484582484 2.487479987664632 2.467441616309725 2.440020310278868 2.426038591558361 2.406614909405706 2.355866696046217 2.317246438732411
1.368107863363434 1.410634199213398 1.422875829586036 1.43240561078502 1.479235509695375 1.468278410340987 1.511384507215757 1.532151853189723 1.520170886116327 1.592396999559255 1.622991559771064 1.636582219383582 1.677189089463234 1.701199501448228 1.728678813073675 1.74251151129443 1.790717980390113 1.841961517562115 1.851909917541315 1.886462195698563 1.943467311071334 1.955114044284229 2.000258718203816 2.05766590474941 2.079774195086709 2.118236851201891 2.16444250706137 2.220239203872807 2.248953031607828 2.287213195402627 2.330222185061403 2.378833522813703 2.412772826500152 2.447693850349388 2.506236743454056 2.545359223099688 2.588826319684683 2.643268760243838 2.661454433345884 2.709935226970471 2.724627009858928 2.759802414408262 2.785351237343652 2.803208972151449 2.843202147191851 2.845100151418827 2.860806352524724 2.863691982745075 2.887954389355115 2.87177157325941 2.876188773208545 2.871772370978865 2.828242459189479
1.413988302870579 1.473518413822166 1.467920264215533 1.494878198579463 1.518761775325448 1.529665261662004 1.586968075061765 1.610483782588758 1.651551152487022 1.67971214756887 1.678589596485358 1.701827558828862 1.735057948805891 1.753524850590191 1.801010496021973 1.84279120684483 1.875108967837637 1.900450651697349 1.945508250765363 1.98548657644904 2.007138162605744 2.050507060071457 2.11276878847847 2.159286987608953 2.184765323229094 2.222737588711097 2.266960649918286 2.317220623928597 2.377070791145662 2.416919779027061 2.481005463597261 2.539889001937807 2.595327582723666 2.635197579935716 2.681931677869379 2.758826715194389 2.794113420472735 2.832941832374768 2.914893817038961 2.931773278895252 3.005833984897767 3.04309440243349 3.071064538791017 3.14242461926394 3.153883354876329 3.178198002957906 3.24812556626011 3.256705404528309 3.285944432326098 3.293998280572198 3.303372500323952 3.318614827843273 3.337940270881531
1.448099000265454 1.474024445296023 1.488457206545525 1.520177628784321 1.574981842526839 1.592617917548424 1.627807183077141 1.637815000232175 1.654854333476254 1.679009571565807 1.71994703555847 1.769434081422161 1.794797864890433 1.828065729449749 1.855716612765614 1.882978703864847 1.920442872322068 1.941596221713725 2.013759080784811 2.045333495814422 2.075546338801842 2.112769262294876 2.1700818766325 2.231733578457629 2.264093274273405 2.311583812897398 2.345562404650077 2.388036818327567 2.434379333968361 2.495720878953915 2.560329985078181 2.620945466954815 2.670707996995521 2.709697279798433 2.778807065270166 2.857359798177052 2.925381225138066 2.985200598387912 3.044296297701253 3.103712500067668 3.171479717742061 3.233632201713903 3.263545606823508 3.352173161968074 3.408665250624811 3.448274060350072 3.506641693553574 3.534960844375977 3.593909122014053 3.632526936190074 3.650442188494645 3.717610584189079 3.674564934163937
1.447520496013192 1.509117153769137 1.515926168118509 1.547823849871063 1.572680937192534 1.571458420599934 1.612955197262512 1.634317124555913 1.659485251902461 1.697040098183074 1.745623753430132 1.771614028908845 1.799251005150591 1.845455084297571 1.875572416377703 1.894530598847035 1.945037365433024 1.974162206349154 2.009905733965868 2.0646039397085 2.097324728993299 2.134051394410622 2.179318958301076 2.233506781613663 2.262372254717744 2.312783670615867 2.367332931476403 2.411498372129911 2.441411965983765 2.485197489818726 2.558417931084186 2.622091347370004 2.673821986810597 2.718886535396309 2.783798208364334 2.842884606511278 2.883986379723926 2.960889300173452 3.068326637495089 3.099898339756846 3.178892097045701 3.26231299421578 3.291975241771888 3.388880847635449 3.469132173438843 3.519926076100176 3.598934850832006 3.640580494688542 3.719942448171689 3.755880948158454 3.82918700685428 3.848273586034511 3.917847626443048
1.447491551347266 1.470707954329559 1.474145754692194 1.523724970444946 1.518570899126704 1.547843808253585 1.606242314452938 1.604412649146777 1.648092048570337 1.686140195625411 1.698418966701864 1.71650900115721 1.788548262773932 1.799239873491401 1.837492057357647 1.883118140247997 1.91507217147604 1.948122000513169 2.011812310083862 2.03207633949224 2.086854417517457 2.136773157951742 2.184776878597865 2.230273095501784 2.30252290139682 2.357046300436613 2.401736650396874 2.454010108679411 2.4983954204808 2.554731694182861 2.600402539480966 2.632945003922114 2.692199818235443 2.742628720894318 2.795043824282204 2.848838747291217 2.875587803001156 2.955086706911396 3.019654101475325 3.072869434727533 3.101089956886181 3.168225992221334 3.22742360855112 3.250010567905595 3.313896628146985 3.389162549244242 3.470760876693359 3.516886157594671 3.612489634273952 3.661581169679171 3.752542207624529 3.790234673853675 3.866904159107498
1.398973899845844 1.431392452416308 1.446722596953687 1.463488783382249 1.474601168558814 1.51484826928571 1.53324579986174 1.571699058345587 1.592905230785273 1.632021182280071 1.65328923228028 1.697975216497516 1.734121561384581 1.760862312298056 1.810273118146564 1.855313787279424 1.900307953988855 1.936809891949955 1.982410087517754 2.011002950518483 2.071700247784254 2.101656433536674 2.159624277704784 2.205392415505172 2.244582713349201 2.302056375157153 2.348692798288828 2.393016579282305 2.453300693494364 2.506784641842267 2.555832936772666 2.593545311369635 2.626185313900358 2.697309001907441 2.766479692779619 2.822315565372125 2.87255586125801 2.911619876310916 2.976564244190366 3.035508254710914 3.093671023095157 3.118511860859708 3.200402419202109 3.257427671586804 3.287377836284804 3.383083682180115 3.426101355280504 3.438772511719328 3.529851179566739 3.552120913496196 3.617020835846008 3.63319493903846 3.701030068988915
1.406437075113919 1.435881829554081 1.451350609017492 1.478577138460776 1.49957541795506 1.522220918955905 1.560411858142621 1.565616077383896 1.596604445938775 1.614098458613438 1.648587672197422 1.674863407098995 1.7080547794811 1.744589556298923 1.766842278230146 1.797348655618312 1.85539107760299 1.858410261786914 1.925919336575116 1.958169892143322 1.991644244418093 2.041623833087878 2.104846771583068 2.145197579495971 2.174107623033084 2.217944515918559 2.29509689427239 2.321535291284443 2.342290122760234 2.377273157326071 2.424509401920792 2.457722636755963 2.503368170286774 2.55069308342199 2.595345994660898 2.640340672416141 2.678951408017874 2.717301786411094 2.763227872758134 2.848534479523942 2.917600153380358 2.967595235710045 2.990800815818104 3.023644791399905 3.093623831132006 3.149123082957653 3.175003093842784 3.266154938110981 3.311721721152824 3.354966770062889 3.43649324194637 3.446870437031937 3.518711406803671
1.392271214835995 1.396241769252415 1.434788975478851 1.430864239400553 1.479036822041868 1.493566288667172 1.530985018683815 1.566435069047205 1.579987527816115 1.605838251417376 1.624932867811034 1.649907737120372 1.673088106473087 1.708533590213668 1.749550548336782 1.787740434185562 1.819586694650979 1.842547890774245 1.877383222489895 1.912169283728134 1.947646840525731 1.966575181267447 1.996996250831251 2.034270508213136 2.049600377431348 2.089069388214912 2.118513834694565 2.146256572467812 2.178001331912569 2.218020305048679 2.241044438562278 2.271264648051845 2.311787884569898 2.348176482547849 2.385988409914494 2.422752742729795 2.457757719435533 2.496721792309104 2.531936357726948 2.562194970890303 2.618558390951225 2.667206537152893 2.710725808140195 2.742378749782588 2.762279656277791 2.832548288248529 2.883076442572426 2.924586297742192 2.963296535230311 3.018808862618696 3.04517687348373 3.127722825631249 3.168204728555676
1.417373555670215 1.401349582918259 1.439934877313658 1.439812126145769 1.474500216400216 1.493540395521678 1.497335723591877 1.536516874673874 1.534984031002639 1.584876644356012 1.594402696184288 1.626992452885002 1.645454265880628 1.657244447574531 1.676761891706912 1.704039745448841 1.715310491241136 1.750263083464598 1.765436754753955 1.785229567216623 1.818038685560017 1.830014302091465 1.85354887309209 1.886338590663027 1.900302374445304 1.921895853664873 1.934103580562311 1.975994025255312 1.990530369953214 2.011745733323508 2.040380706961378 2.087630586731658 2.120838573949882 2.145116274710187 2.18069941477277 2.219161922018708 2.253541364693421 2.282949013927651 2.323676979369647 2.375731130536061 2.437896408587328 2.513087006881516 2.623587728707217 2.711843359005143 2.797913503571046 2.906828141900553 2.969379206400631 3.031654997556633 3.14435829430993 3.192281953113482 3.253110790346064 3.349306460907167 3.355856973521252
1.390786627093007 1.404545645094052 1.412497555952543 1.444085135425783 1.451271193805157 1.475709413883156 1.487911656708928 1.505957268433572 1.524969254964686 1.530892266372672 1.558807920445215 1.575403573608537 1.602249801832107 1.622695652771 1.656010153501565 1.672712479104641 1.696838280720496 1.729405697241986 1.746666887084888 1.768407266276881 1.794153705659919 1.816297637783094 1.856254658958818 1.901248712595094 1.918577303346212 1.954806509864637 1.98288147903256 2.004554772833884 2.033642037902983 2.078595401290513 2.111346635346087 2.148224890970836 2.209463480618926 2.279683662282269 2.360935611997683 2.42202301287489 2.485651390432379 2.599708269489938 2.674183133967278 2.735913635761092 2.787174374386496 2.897170683827438 2.972089987641364 3.020322799580521 3.113988778618098 3.176252489358728 3.217150212361066 3.299262425091116 3.369961675295009 3.372066374812039 3.465299146780493 3.488808457354287 3.538941247210615
1.405747695430999 1.406968278042668 1.433342852464541 1.46396501125349 1.457035669198643 1.479877703266693 1.508540453864252 1.511654032291147 1.556615895407476 1.571978747957779 1.571849692689588 1.614164171473816 1.653805959222091 1.640755611769579 1.662490659341634 1.709835062345277 1.727516733544005 1.761990174931206 1.776695695435996 1.812011994945485 1.847795306792654 1.888114750898889 1.922923688667115 1.940974542683617 1.963131461485765 2.002581036481532 2.052965083879127 2.101310558230127 2.168500940717968 2.229020697032532 2.286575269022113 2.388077485848118 2.466944511232061 2.533991157225397 2.600609308794183 2.665750220541785 2.750410405452389 2.814502507163898 2.894578290251979 2.931114282307537 3.031044177756396 3.086680188383381 3.116250483994495 3.173664232893612 3.24806110191653 3.313919107941351 3.287244471348258 3.384210573566035 3.409895278457594 3.387152607588465 3.451648885170785 3.46140715648216 3.443248722253474
1.399809819361158 1.412005039815649 1.415992824972157 1.440640392896634 1.456923152705258 1.485726335112248 1.500556529769585 1.523382673783778 1.550655904929592 1.568129344203868 1.596432197680303 1.607699013242853 1.646358725756671 1.684409616142798 1.695241100367292 1.712946553413567 1.745772588764802 1.797433910450189 1.835539167835578 1.83678773868064 1.880693100061901 1.930597245769834 1.982131414001534 2.030752433012618 2.101306990869522 2.181480075875 2.25383776901123 2.304433987519404 2.367113789357929 2.423256174631443 2.484870579155758 2.581410747781276 2.629910128835639 2.709437964464328 2.744585593663854 2.811532571151503 2.88485014404859 2.946762749017839 2.97155889463287 3.026161122838624 3.110681861589096 3.148213371539114 3.161615571926788 3.190562042492989 3.25524399450734 3.246205578956592 3.255622159597098 3.291001296418304 3.290836390606338 3.267382461209191 3.253061562479996 3.274764124953635 3.238355266182188
1.388840674583844 1.396989285292453 1.405835728412664 1.451433250882912 1.437338859840573 1.488978581379029 1.511380983048752 1.508920921701281 1.537267200214586 1.570739094963839 1.610555347185826 1.604552547630383 1.627264824920927 1.680934591695546 1.701454989405714 1.763207747290252 1.799556754354906 1.846280792634477 1.911388973535499 1.978692349511744 2.040846117966553 2.093307712096533 2.147191072076087 2.204952317190816 2.278726515560367 2.358184167863209 2.40412504986833 2.452111807559494 2.498490036651146 2.561772555560913 2.64338349366581 2.693036786389341 2.768594652870027 2.804701183017889 2.846563139619918 2.872249165559049 2.938734641123996 2.982936287774412 3.015211953347077 3.027023032175186 3.046565011975982 3.08699695939981 3.083025073367839 3.091828339235526 3.089486855234623 3.134674983482655 3.0949063716355 3.065549327700313 3.038037823954905 3.04524020332878 2.993738973247039 2.947234255911841 2.929170725285527
