benchmarks/avaHockeyChannelEntTest/release1HS_38020c7f23_C_L_ent_dfa_ppr.asc
ncols        1001
nrows        401
xllcorner    997.500000000000
yllcorner    -5002.500000000000
cellsize     5.000000000000
NODATA_value nan
[rows 189 to 209 of 401, columns 576 to 623 of 1001]
249.90519300803006786 246.62902534773914454 254.80732042874902277 250.70547394053522794 251.31341157047921797 256.85519649335776649 255.46187098587111564 257.36513424744373424 260.06313601845715766 258.16240160137459725 255.18172395907788541 254.61423288870486203 255.69215449170900456 254.77112946376038849 254.13852329608943137 254.12784304485663256 253.95696079835784076 254.11884402568048813 252.32178812140904256 252.05053177009693854 250.64710938079403491 251.70983113845866797 251.92774200041236554 253.07153886855982705 251.46943641261225366 251.9550257852926336 249.86789943908507894 249.37276989403883931 247.40015008925860229 248.04409471757202255 247.73579748088155839 248.81336679936188716 249.10064360862108401 249.69891126453069319 251.10845803818330069 251.05253073900587424 250.98025539736516976 250.07512179501375726 251.68524666326067063 252.26948874743607121 252.01217908181519078 252.46229901780279192 252.90570936308870387 253.64569450523001137 254.42886306408362884 253.81895823623671049 254.44631275281039962 255.43139966492728377
260.98194196374379317 260.58371554645736978 260.41792331144034733 258.81083481358120935 260.94582960926152282 259.34489471450478959 260.61300067858672946 260.271123827830138 261.46904225618385453 262.60451387603876583 260.66460066329523215 258.94768606102616104 260.098514964556216 262.0440583935208565 261.27473750220190141 260.34415701377741925 258.64518928798531761 258.76120348049869335 256.68673594360217294 255.64535275927786984 255.9041602481954385 257.01786011239767049 256.78672255269492553 257.37296494577708472 255.01221888908645496 254.43343965362123527 251.81587944502157939 250.31161023103271646 249.51235116053163665 249.79330053378993171 248.62074728405636392 249.85593072718003782 249.78522239002961669 250.84752750013547029 250.53198304414894437 251.14240048927896964 250.98838750481709781 251.14759665110111087 251.81753761230899613 251.65955418257800602 252.09308384131807657 251.72080265268911603 252.75671414227042533 251.87983117898903629 253.71720250769934069 254.47387411172132943 255.13391253924487501 256.13192360591028773
268.62281458772281439 267.50844830539489294 267.07705942155160983 266.0771742686916923 267.56135727027185567 265.82357202883059699 266.62835582181526206 267.00280728086994486 266.69334744384934766 267.86737342253201177 265.29044133080276424 264.8767511247314701 264.27808752412693138 266.94063782263594931 266.61670788864250881 264.82869443764042217 262.37203847685674418 262.97467286328020464 262.42792647407748063 261.83143178216693059 263.11670617997452837 263.33515685639167714 264.02086269872012281 260.91023927863096787 259.74018068190287067 257.54424872619563303 255.5714712810233209 253.90696239382356225 253.27816251091761046 252.01282463071339635 252.69954682119328027 252.44022481072053665 253.09348622028710452 252.09343584114566283 252.22262071598066768 250.72342312339003456 250.6759118156979298 249.51094659598237513 250.51305977272636483 249.20357717444511536 249.86002365873579834 249.2438692847654238 250.02002699380446415 249.5915569232501241 250.8394063247770589 251.55570447361679953 251.19322448348549415 250.64885702983096394
274.1969740576159893 275.2310140204863842 274.59050021175710299 275.04423379408439132 275.05238432197342036 274.35231147601416524 273.32409936106455461 273.67065034530384082 274.29888114838115598 274.24703861333313171 274.11153189674399755 274.33413790412521394 273.98618459889206633 274.85509964285409978 274.06192793454385992 273.4379842371115501 271.80888387356134217 271.89197301093361148 272.09339402215772452 271.88649719499443336 271.36965937706037266 271.56748048270742402 270.92369764949540922 268.78894132921760729 266.92225689974367242 265.64466492030635436 263.07966410432766224 262.31571134007339197 261.74189081542192525 260.82740667014252267 261.69937460401780527 261.58583780072325453 261.48194899003561886 259.65875051489103953 258.25705241765200526 256.96300620691289396 255.29696497220038509 254.60521494071400639 254.5238531150008896 253.57919778442521874 253.29037492278507671 252.66585959578137022 251.95088842617798264 251.31280941163697662 250.69706421880169955 250.26279582639494947 248.54617001830044387 248.64470178933035527
283.44142803935324082 285.59377290677304018 286.74031855445730343 297.41217070682722579 286.05355583675918751 289.27094848822838458 286.02763486883071664 290.21044695884404518 285.58826788035781874 285.79972688579846363 285.99065836677590369 285.66421586452980819 285.89666924578415319 285.56235051472924624 285.90869247879766135 285.69796657712390697 284.96460049585471097 285.36626226388915484 284.91451403201500625 284.54992070447218566 282.76762558222128519 282.0678221579242404 280.63759620247645898 279.55147213563788 278.75454005331772578 277.15142794640257762 275.32301772327997469 274.33894354173463626 273.84001459493583752 273.90878436616679892 274.86605432685098549 276.65116526631641136 274.3465101591795019 273.06930116846200463 271.97547414095009799 269.96314193186242392 267.95649374902495765 265.79066087267614193 265.20660781165344133 263.71040965842718151 263.25889605676258043 261.45529453987478519 260.08810727702683607 258.62241768818245191 257.11671179273088228 255.43391211686750353 253.49821511983464006 252.22691532700039829
309.78733589980453189 302.36364026026262763 312.47847674912884486 303.71710612790116102 309.7506269077676393 301.19627048302817229 314.39469763953655956 301.69170133297558323 307.961704328334406 300.60233367808774574 302.58334736187754288 300.72624819139571173 302.94159089611144964 300.0272157934795132 299.40902371008354521 298.52834461264541233 298.42111949274493554 298.35889056197510172 297.45460988077178399 296.89931692872477242 295.40148169293740921 294.4766937326827474 293.85792839130061793 292.58884800178594787 291.62815858875427466 290.35906707403199789 289.12540903385678348 288.06345124488171905 287.76098943252702611 290.37842825928476032 291.72080519410064881 292.14369176666747308 288.90779349089973493 287.05111026494205362 285.20660693969506383 282.47055627503635833 280.45290775888628332 277.96532600909927169 276.4813287913784734 274.62385224958342178 274.19356218393318159 272.34756386528823668 270.47088404118204608 268.8725929890659927 267.56440521026792112 265.43774468200695082 264.41576365851005903 262.16592560316252047
311.14248935074562041 311.60732552819933971 314.58737425479893091 313.853823707577817 316.4787045786932822 315.51389679610304029 317.23230533240678142 314.68529835695761676 314.72748467119083671 325.38011327138514162 313.50593880283122417 320.43106773789770614 312.05278004395904645 312.21344079830913643 311.81282408898482572 311.16425847929593829 311.0958599237790736 310.57511543179822411 309.50360466097163226 308.817021498089332 307.80094971929264602 307.4598625235736904 306.41397073387264527 305.98289305214882461 304.10977211439501389 303.23236895927186652 302.55555402153242994 301.07294966599948793 299.61162005504377248 300.41103057400118814 301.77075897945053384 301.99078890612622672 300.36697228620522537 297.98590473794268974 296.64625738147339007 294.05542805830521047 291.88485205804988709 289.61997287615031382 288.98706136305344216 286.22426863521104679 285.11810934071820611 282.72384578652821574 281.21893885063747121 279.57418458611942924 279.11624646351111778 276.59719048963893329 275.28141548627502289 272.39955771199799983
321.33661815959334263 322.26256485063322543 322.03299338154897669 321.95539871172542234 321.82922263805062357 322.97927075499916327 323.51334479853284165 327.62644077862722725 324.56851070013988192 327.63702456556808329 322.99334734104763811 323.91824821764640774 322.07086100234533887 322.08181378531099881 321.17114625205880429 320.75420740088503635 320.49008184241904473 319.93520531117684413 320.18526312124123478 318.81814656145274967 319.02457119252869688 317.9901737808390294 317.74180262704987854 316.53103202353850065 315.19584469339048383 314.34146174472630264 313.70968298642873151 313.41680709152910822 313.76565173328543779 313.41485945321301188 311.85251259158940229 312.61016636531354607 310.89044929910170367 308.89207402615954834 307.19898532523819767 305.04455908825212873 302.8141130568006929 300.51347214483882908 298.40706945521679927 296.26524102061080157 293.78280919885452249 292.79789832989951037 291.4406573026390106 290.14196743457944194 289.83230909763756245 287.37556002653604992 285.37051451370365385 282.35964933427067081
328.85899923297313308 329.24287375700288294 329.31967146790367451 329.44233793599136106 329.26283342737872317 329.39845778439018886 329.13199027679399933 330.06502020356265348 330.21019516270632721 331.326120958750721 330.69398381647170027 330.24773634488900598 329.7123895849202313 329.06861307152826157 329.44862799384907248 328.10785746070297364 327.84791138361680396 328.56538129797479542 328.02788229447469348 327.91031734618445626 326.5341957969793043 326.81886591810672371 325.74798026988236188 325.06086836072205415 323.87106819264585056 322.96330114164351244 323.90852717652944648 321.65211472949937388 322.69903870027638959 320.53538598557520345 320.32232429942342833 319.01392362667974112 318.03129587228920627 316.05757103834366717 314.84828609001846189 312.76924508569891259 311.14712214767178011 308.71513980354842488 306.92450492587175859 304.67746818042547829 302.4724283678252732 301.45733301029048334 299.98338534271135813 299.01128976119372282 297.24797006614801376 295.89713983642224093 293.66773935490300573 290.70686484720397402
333.35896071834116583 333.80020090852286785 333.83172269863024439 334.30764407750251621 334.33597704173746479 334.4900560824950162 334.29754286189205459 334.58539149077557795 334.79560657099756327 334.86247673881661058 336.47909530962067493 336.19603022273543047 335.30600701337141345 334.59063539511532781 334.56224131798256849 334.39985625544113645 333.18528451812676394 333.84022113278081179 333.3044376332562706 332.95770303557571879 332.41678046944468861 331.45036612868261727 331.1684032243607021 329.55681328004476427 330.09665956946372489 329.4191400258594058 329.60446543093388527 328.46720848915413171 327.26006493237156292 326.84804410207948422 324.86337401642174427 324.2763506892245573 322.34423288783847283 322.00747118764542165 319.21875174599938418 318.68443821462176402 316.32064464738328979 315.19891738679842774 312.52183713791384889 311.77241410768976948 309.32945231304222489 308.43229650882420856 306.89895904323105924 305.21787071668234148 303.55675536932932346 301.59107172530480057 299.52604423371235498 297.12760146684701112
335.65522412381892536 336.28713382387513775 336.65751279300229726 337.04541454189813976 337.26425346751670986 337.2660564167037478 337.14741696455763531 337.12955366597657303 337.37850278059858056 337.61772340749945442 338.45706680041348591 338.21334115194144943 338.02493890358351791 337.48364121196840415 337.82006496565878706 338.00893287712375468 337.32534102290134115 337.42650811878445438 337.27202425701960919 336.35341499851756453 336.4972683298017273 334.34248800780648025 334.19384271477707671 333.0110820209295639 332.86507032483672219 334.07736286371925871 332.20877068257982501 332.83379344683538648 330.10056651411395023 331.03590889761147764 328.91864822660892287 328.15129216359366637 326.55405680795422541 325.27865120907136998 323.99259158161549976 322.09929431656490806 321.64690904945342709 318.94447548317748442 317.98132913031270164 315.80139169636117913 315.38569408706564445 312.692714680534948 312.01097516745295479 308.74521010698754253 307.26716807888061567 304.56515072110232722 303.44740776602606047 300.56330455373972654
336.15076247425326983 336.91814922547257538 337.4758305065059858 337.79177452334363352 338.24216235124106333 338.16607053468260347 338.24756682161927301 338.11689113974716747 338.77748470429173722 338.40693930550747837 339.30971024428805549 339.71413952208268938 339.91073305179054387 339.43685200904189969 340.75706185235520707 340.20582949875199574 339.51006209128780711 338.92721907284345662 338.74611056811727394 338.05125028579226409 337.59143642635598326 335.44106943093589734 335.74705176364670933 335.35296548698698871 333.84783989641255175 335.39604516078691177 332.92648400446540791 333.63266265350893036 330.79814361910740672 330.84460247156943069 329.55169745461944331 328.70519503598154643 327.34436223665198895 325.41560882013283162 325.22031201748870899 323.07136235181320671 322.70236397265597361 320.08562454138876774 320.19547996688618241 319.90844182611357382 318.18805516939175959 314.84374615386553842 313.32346905335151632 309.96157572054545426 308.87578059358389737 305.87111205074614873 305.1765966410615647 302.07207909193095929
334.75590367104621237 335.62957965609354005 335.99953801297010614 336.57772701774587176 336.9670866630093542 337.11322048903025461 337.35682578202812465 337.25593514461803579 338.5186552371182529 338.23384262024211466 338.94022154762484433 339.88086406430284114 339.23069015268060866 339.13937559049031734 338.81016895790315857 339.16532838594656596 337.45244644976077097 337.53191497753437034 336.93806784049223779 336.31616376595599149 335.69160553058162577 334.37342466542520469 334.62915629324976408 334.16449855363919141 333.08430216719659711 333.72337010604275065 332.56484348414198848 332.86336440248277313 330.09940558968497726 328.66583525902444762 326.90897870294207905 326.70621071096473997 324.81803126259052306 323.91489870538077867 324.18596896441903255 322.24315834015919791 322.57731894799417205 320.02173372938744933 319.99543531165647892 320.99344104934948518 318.5430532096368097 314.37580716370626988 312.02640116792844083 308.91770469747990546 308.15777638851966458 305.2658258173289596 304.07265985247920526 301.41821535089724193
332.30169771052635497 333.00167212491220425 333.26788217944874759 333.96306245499005172 334.294714118762613 334.52074223680193654 334.62531348407372889 334.51302064079760612 335.19101653692450782 334.75324826931421285 336.58767486958686277 337.98021800567096307 337.04391406110062235 337.53114733703000638 336.20917247717198961 336.77150016703023994 334.69964814481858184 335.00686255974784444 333.32924481522513815 333.36435503537165914 332.3946796624329636 331.97822296646069162 331.78755465132979907 331.05635717883376401 330.74292858474728973 329.86756693779676652 331.33300651549961913 330.40754151984094733 327.48968428329942526 325.45417072298732819 323.98656560828283091 323.23215187658985315 320.78515857310310366 320.35317647203663682 320.26615191197925014 318.93454640631716757 317.30720205429912539 316.28681249702106015 313.84516868373765419 313.51605144059504937 311.95134822588261159 309.45924347345732031 306.13041881943462386 304.72534283610946204 303.23366293034428054 301.29206949771463542 298.57378758088623272 297.10429207737007573
327.97455355435437241 328.35210327930184349 329.10707490610138848 329.97214923588148849 330.44179088856475346 330.36389371436951023 330.41081749925689337 330.2496347670854675 329.98623857112676205 330.56371778881037926 331.39480951563587041 330.78953309175290087 331.34608515609988899 330.86596045416263223 330.59690850511856297 330.67414407159265011 329.68814054522584911 329.8701693819709817 328.32068918377063937 328.40285941059306651 326.44472997397855352 326.50325777468793831 324.72611743441729004 325.07593186592816892 324.06779891079952449 322.79180274449782928 323.7103775332388409 321.81081686698411204 321.7267363517143508 319.2235943002493741 318.65986118324974541 316.22618246229848182 315.0664408588149854 312.99561277757192101 313.57479683391841263 312.66735807318690377 310.62552083943324988 309.97646775577487688 307.54135165928636297 305.86484359468545335 304.72637854306395866 303.22816246403988316 301.02491877312337465 298.75165797965587444 296.55925561319713779 294.25906557194804236 292.12104873254742188 290.00587223203996246
320.8003165157617218 321.17041278155272721 323.12942467878610842 323.27113716263289689 324.44905791257383498 323.81165158277252658 324.19743947037034104 325.74196092858574048 324.24347723940479682 324.35020375069427701 322.48520684759927235 322.42705239486161872 321.94178538162111636 322.27159976054826984 321.33064853845536391 321.81503085455312885 321.47823339984728364 320.75268739644729976 320.0670272005776269 318.54942202967913545 317.40066820086821053 316.16155352037816328 316.1474281891386795 316.71255729690710723 315.67650098694929284 315.18477545904113413 313.77620969156794217 313.83707604770916078 313.41006564212887042 312.12163847500465863 310.5679459871716972 309.29483209128136423 306.41569978664608698 305.98523009923974314 304.53525538622272961 303.37797719349322279 302.05404858504942922 301.19782311832989308 299.15662106145470034 297.47062147190621317 296.64949598944133413 294.55577641318586757 292.4868006265332383 290.38620814213123822 288.21261397508237678 286.19984560226117765 283.19185905921017365 281.92606322412308373
311.82708305755301126 312.74079120767680706 314.2666067095574931 314.52765808569648698 315.91911610443867175 314.76097715551765077 314.7999933439126039 325.72016736471834975 313.81143626934374424 322.11940876049249027 314.57167893499382672 315.94726570245677522 312.77453442423848173 311.99238061483657702 311.657593717187126 311.40079865685993354 310.94504194746872372 310.04546166098867843 309.53576479129475274 308.17205121704068915 306.82437655094184947 306.05439595749902537 305.27318471721872584 305.52939038936830229 305.80379837172279167 304.36151614888865424 304.11722137779099739 302.44576228748877611 301.90050238328109344 299.80242207954398737 300.4952926349013751 298.24841819922102104 297.76597179986958963 296.62287984471339541 295.37909737422967282 293.00784524234637729 293.08150558950541154 292.02284457420108765 289.829208685886897 287.05091990111242239 285.87991537732671077 283.46534633417883242 281.89507723716741339 279.48611049867753309 279.10554058836078184 276.6375619979402245 275.10402627957154209 272.43440803668414674
312.78977421378380086 302.39674471527735022 310.02980328658821918 302.54219600023992598 312.16250679299520243 303.46456790011615112 309.33349217627721828 300.55559048380212062 302.12023677335417915 300.407420486412434 301.6963742863463267 301.18174654034481819 300.17674198134136532 299.34686983444561292 299.17863215637117946 298.55586185970287261 298.03276359415849583 297.59534031565112855 297.38614624951759424 296.05963075852480415 294.99593586762807718 294.5385390318606369 294.01711399776189637 293.13882822072054068 292.95731393287724131 291.65691240137454088 291.20595221881370662 289.26651793565400794 288.57752616458412831 286.71225775090846355 286.80256390832306579 287.5681642951340109 286.4358439476844751 284.53465596937928694 283.27897490809482406 281.06773539997681155 280.14537731640996299 279.07637035676106052 277.02146731496799248 274.94627093626269243 273.3278619119726045 271.02341334520593819 269.45282346847375265 267.51698485900283231 266.65966859438174197 264.8641226755291882 263.60317047893272502 261.51111037966313688
284.40910801801504704 290.98060539128562141 285.6060270750364225 286.65200324844659008 285.85158862635506694 291.40112077642362465 285.71913932040359896 294.14162798805688226 286.80389506043292158 286.61313890132095139 286.96081206110847006 285.58149204699981283 285.2828573559388019 284.82839251422848292 285.08548258238278095 285.4553943564516203 284.1689124856798685 284.41733075932785368 283.40746021158872736 282.55578947049292537 281.41339306836817968 280.46249643032825816 279.25523177216007298 278.66137707173913896 278.86695467587856001 277.68317660110653833 277.38142600769663204 276.18154995244816519 274.87960128063383536 272.92697856151829683 272.73488517184438251 273.28375645667051685 272.57753870339359992 271.1156074055510885 270.50870403633268779 268.29207274581347065 267.03696178204484113 265.22876294044141332 264.1861968769215423 262.70020127078521455 261.77124082100698388 259.79573571797106979 257.53862757018765706 256.61466439981660415 255.15343507366736731 254.45660981567692716 253.60380633451623567 252.64635091393083144
273.84952057530290404 274.8206507299054806 273.73484683372407744 274.52470408591739215 273.14374079051054878 273.51692708229944628 273.65735759498750213 274.8492744793323368 276.20709192014936662 274.6489985552809685 274.64862552052414912 272.6390301558350302 272.33465308733639176 271.93033294035382141 272.48556081351330249 272.53050707187151147 271.59039709968175202 272.06326178293903695 271.20654435227197609 270.65072596176247544 268.66405819398335098 267.52014482032939213 266.53210052057352186 266.0289192506407403 265.14893072534198382 264.65524218873167683 265.30915828514690702 264.77163858266334273 262.87661201398663025 261.28399001974048588 261.49681540608446539 260.35910867827141146 259.60821996413369561 258.64640952102666915 258.47419533732465879 256.65478842881316268 255.08166865229804898 253.82742987141998015 253.12673357337462221 253.27015333066549374 252.95687068491264426 251.46386840183896538 249.77344300566713287 249.62903266213817233 248.35107891226081733 248.08401170265753422 248.31896705999528763 248.79405580440246126
267.38027324083230951 267.36460469794900519 266.48441314638023414 265.22738610017506744 264.84846712912252542 264.37844413791736997 266.14448792756962803 268.58455178889755643 268.06337536816317879 266.09715384710028729 265.07018692448110642 264.48729868106340746 263.39531185755652132 264.36536113722769414 264.95266916962316373 264.2899495709074813 264.60926162301120712 264.26395648648446013 261.88638588431973631 261.25238462780828286 259.56049960632617513 258.60086105553023117 258.24029372212521594 257.41462855586200931 257.12094224209010918 256.68583482135278473 259.24037000932673891 257.8450744565328705 256.21691617329901192 254.02873992467917219 253.54003373727741177 251.9602920376941313 251.73774699570540747 250.30608618135178745 250.19943234275146438 249.09171969065263852 249.3704377843105533 248.20938001942812434 249.16354957120748281 249.46818390878175364 250.10924970138833601 248.3636420814919461 248.80946454612754337 247.52062450646300817 247.45210910623853806 246.53715615224379576 248.41369154476362269 250.28428763585915817
