benchmarks/avaHockeyChannelEntTest/release1HS_38020c7f23_C_L_ent_dfa_pfv.asc
ncols        1001
nrows        401
xllcorner    997.500000000000
yllcorner    -5002.500000000000
cellsize     5.000000000000
NODATA_value nan
[rows 168 to 188 of 401, columns 48 to 95 of 1001]
0 0 0 0 0 0 0 0 0 0 0 0 0 0 0 0 0 0 0 0 0 0 0 0 0 0 0 0 0 0 0 0 0 0 0 0 0 0 0 0 0 0 0 0 0 0 0 0
0 0 0 0 0 0 0 0 0 0 0 0 0 0 0 0 0 0 0 0 0 0 0 0 0 0 0 0 0 0 0 0 0 0 0 0 0 0 0 0 0 0 0 0 0 0 0 0
13.65086115091703256 13.582361575813555632 13.441962504937150058 13.364077547624397369 13.16245505602182142 13.113511999146789222 13.080632945215471707 13.238078852310374955 13.349897543658904908 13.458045526571332573 13.312554351420970988 13.061473337746019041 12.893954269211613806 12.878627446717045402 12.957598308514048924 13.097970604422185303 13.111847906292917187 12.84914324306309652 12.79988753164336579 12.674379942088277673 12.421463034763823075 12.39559865489157886 12.323281761261926093 12.244194036846028695 12.138359426993417856 12.012777563497557765 11.178581357030711985 10.658784217094193991 6.4115486347569028425 0 0 0 0 0 0 0 0 0 0 0 0 0 0 0 0 0 0 0
14.2834870175601516 14.273716318962366145 14.269133325177845606 14.305897730939179269 14.272534509104545464 14.300297123344002159 14.389782322713495333 14.40209823302388159 14.343224737343410524 14.224776196306532228 14.038559028992629862 13.852934357849795433 13.87578110799758413 13.862343717574416857 13.950461094658859196 14.036530366779444989 14.065747360948840594 14.109597714093863985 14.05919351252542171 14.062103367569594781 13.911562034124772325 13.809859590418327002 13.775804913773187721 13.810386953829929979 13.813250159759180136 13.83766787254825914 13.8265034434733316 13.803433270744585926 13.750070782228441146 13.652925233570545771 13.712738790136260292 13.754647246377938785 13.769778189473560914 13.544942688086758054 13.005479570083332774 12.901047300077975066 12.698874564936163623 10.757396810026197187 0 0 0 0 0 0 0 0 0 0
15.711623745933733787 15.785159200749134811 15.825543682837160731 15.841590649371386945 15.869318958265608899 15.904552184626544076 15.927019935757956048 15.914764959970034042 15.887551021182250821 15.870206343918512815 15.796343939645696608 15.737176396534160006 15.679543618269972782 15.574713417153096984 15.533579028384306042 15.434738510875346762 15.32484205091861007 15.208666699715379877 15.088976765093473631 15.008666489595567484 14.956023956073998704 14.889231458506193562 14.797947823068803075 14.699669557473958648 14.657817380033709043 14.639475231832498991 14.577892703667883367 14.464507154256203592 14.317821400706828072 14.203795286561730293 14.204576173769112302 14.218864953940011375 14.237637045466717822 14.245166292963570953 14.312960063082243778 14.17054836473111834 14.117548242065076636 14.181055120874974662 13.475648815609350351 13.526608163323890821 13.493996330690045227 13.319314327293399813 13.211395576287928932 13.104855692133524414 13.128502187037479843 12.986583010857652098 0 0
16.981564490843904736 17.072017801431595529 17.144122789699938636 17.201721944091204364 17.235335450637624177 17.238372617362720973 17.280381133336263133 17.314619512912738486 17.327712697967626809 17.357510832173851156 17.365115627857996117 17.331822606019283484 17.334189474372951878 17.313908879029582977 17.258190154548138651 17.212418036435337854 17.139278425980311482 16.999530354166878965 16.898422631168720898 16.79848339744939878 16.677603524049132488 16.612405324324420519 16.553408163922139096 16.454238321060724815 16.340944403330176726 16.23498643324701618 16.102601678221262205 15.962445943808820203 15.846432906208319125 15.766606585939699769 15.65791872840100929 15.530971078774802763 15.417634062005838302 15.281934843907418298 15.17382027205842121 15.125880049918094983 15.05103689449229698 14.906988644496170338 14.702067997670287269 14.554177572511513006 14.308313397378743304 14.474525728408798031 13.98147302216867871 14.083877584042378217 14.268015870195545958 14.433261887921760902 13.4965212945177786 13.669974170241077971
17.993052331421981904 18.110892344912539187 18.213055762980694396 18.309375526084764374 18.378744558581725954 18.443161063017807777 18.483891452632608576 18.508278121728839238 18.538262914676462145 18.567080464667313322 18.576389205662277249 18.595743705377998367 18.592310204918330641 18.572675762821795331 18.526977963122028825 18.461496667368773927 18.394138579894253382 18.336820491940276412 18.261680080418305039 18.194632037717514805 18.126384950695214826 18.051878608227212908 17.999787218816056367 17.934085809920151888 17.893430312245776292 17.803361328079486015 17.657968030742676291 17.54321548837208411 17.420632038718270707 17.300671577853940164 17.190595979783914515 17.0478438500021241 16.954230906143607172 16.842181497483021957 16.713592998469877671 16.586953374874724432 16.467397368698964755 16.287955496343130335 16.11326245043812122 15.905058371830667951 15.776646672568709562 15.70243062380755461 15.608192034818012317 15.484212291963602937 15.348963032710752685 15.127598978976395827 15.22911560823689392 15.306852226304895837
18.748703354401133225 18.861968363908509616 18.974348306968295219 19.06047777850391256 19.146517015146645946 19.216127785602743927 19.25965467377566398 19.305584924524431756 19.348531981146496861 19.389560309826197937 19.426172559181225097 19.444995458480768491 19.460467379173799429 19.459555745590169096 19.456747961232363053 19.445215272416763952 19.432946767927450793 19.414021457428788153 19.4038719929117498 19.391085350142532207 19.371813370004733912 19.324889467661353848 19.280689185531805663 19.20202647607392521 19.131368438935382414 19.04451310737573877 18.964449081679575215 18.909894289094474118 18.859064325298032117 18.783195332957365764 18.724357059608642828 18.650181539847928036 18.521838944758563628 18.388280182316997013 18.236232410660360159 18.084065345507742251 17.935782915461505382 17.816127557282751326 17.692953946866147419 17.518375984498998577 17.328450418978089687 17.174902156544778364 17.068527885039518566 16.930280898855379235 16.822689222851607838 16.675504294431195973 16.445676239029236143 16.522193355773108436
19.282449107641308927 19.431057318789800803 19.550058467243104587 19.657733143303669721 19.754639788535389044 19.829673050740289852 19.897270315973319299 19.962762085010130164 20.020487891803135483 20.070533275968365672 20.116431014995416859 20.162103245339650925 20.193525639813906025 20.229326950950611064 20.255175281581500712 20.272272182038232557 20.27363594949370551 20.274918443332985873 20.274737042687036137 20.258695846057634071 20.217834529204246508 20.181573977624953642 20.157529475601155156 20.122639181507658179 20.093906224614752176 20.072246244778526147 20.044478779771655041 20.020123128739857776 19.967384227010342101 19.916523105081278544 19.834895316201603066 19.750862477054429434 19.66748385263322163 19.598897879005235723 19.522099207037751256 19.430724627134118521 19.301359446484102733 19.179786834999749345 19.089631210875840139 18.982635338653402357 18.846528111704504482 18.681207194254586312 18.513210853009915979 18.373105031446741009 18.252686787876285734 18.051289251262058855 17.905007383653515518 17.822978961270901976
19.597394238591043347 19.759355487787974681 19.913827838874141207 20.04356234453592478 20.160363068836197442 20.262338991504577734 20.34012022826749444 20.425999937434106357 20.495091934559855673 20.576086047839201143 20.643084696350566531 20.703322750237855843 20.756384431744770325 20.80324127971310233 20.835549237362926078 20.853439623680003479 20.877897099502749967 20.894828705383730494 20.907706024771904652 20.913329382596170802 20.931605233544477329 20.92833264708837504 20.924867021773064124 20.906863872250429637 20.877489890846234744 20.866784729277757293 20.845674417249089316 20.817824627500009171 20.781246127324390471 20.742226463861999974 20.710703548269837171 20.655676508292195592 20.617791241669824132 20.602023423691044002 20.567417736580768661 20.509161103928001069 20.427384383673217627 20.324281039501833845 20.254629650349230019 20.182049338845175157 20.07815249160922022 19.971011626351796053 19.869277090543480568 19.795035734807669314 19.678417700554831526 19.542031470747119215 19.354721354750473949 19.202368771137852121
19.911506880377018547 20.026676470643280936 20.195199320616985972 20.35898821953863802 20.506828577931131008 20.637341672215303134 20.756720084773451873 20.851810699086911427 20.936068547681056629 21.016548197848756274 21.078260486742482982 21.141714265186077881 21.187611668028733192 21.242194588769940822 21.28637176283614707 21.331384496054003108 21.375532193617608812 21.412223217573806977 21.434961987104674819 21.455393586169471121 21.476082825189990899 21.492912710929441999 21.508504733220114247 21.516081559139234258 21.512044433860651793 21.512954884026271429 21.497698284589713325 21.485694479438521398 21.48221518353502546 21.469102461021918771 21.462890008850234125 21.454636414874926231 21.430247303148679094 21.401438558882631469 21.348791517268569606 21.315773832381314179 21.286230114068164454 21.249753670458982668 21.231742808703831571 21.138484108428531982 21.061959818093377805 20.997191837434577621 20.936489883352756181 20.855417079701851435 20.773995080509571665 20.661838889775928862 20.570531717511109093 20.478979663299259784
20.242012680915223655 20.346083174774108215 20.438528319740147055 20.552883925318898406 20.699916430468018547 20.830438429192096095 20.949287003293218135 21.04635180677062678 21.143921668232113831 21.239070134773321286 21.33750498597974854 21.416759222678027896 21.502341331742808705 21.568152103046394075 21.627023583481900459 21.685244235620583453 21.739791834785787472 21.778006233179812767 21.816904113866879555 21.852393733768280981 21.892864815577070203 21.923877835304669048 21.948273656573022095 21.964444137204679919 21.985821822210418475 21.999606898178623027 22.009639533937289002 22.022995577305714221 22.030233116927956161 22.030857117291688496 22.046766051373236195 22.053562788899686353 22.037520678109256522 22.036607860625640143 22.036860535778064474 22.010093280476677791 21.989935039103453818 21.962821296499821955 21.936788830992874466 21.904312056758563187 21.855183437894929455 21.812183852923109129 21.769748779596980626 21.740081366761781823 21.717744244270630105 21.643069797525747333 21.551368466388154843 21.491086909955516404
20.473682664269496456 20.585946702061722391 20.693866598786598843 20.794106261508343181 20.890941337990749815 20.974341358268464575 21.09057545245064702 21.216014155056871715 21.330920210556456595 21.44356105493787723 21.546055267028869196 21.633836962858698172 21.718255506880570493 21.795525910306043471 21.860071348290226467 21.926316998211984099 21.985556505211597766 22.035428760720868979 22.082991900634677762 22.120627947017069914 22.164436784402653302 22.207103313140823531 22.249369108006472828 22.290682569949055392 22.325667077817545447 22.369381909422763499 22.398621686691690513 22.423414561315684779 22.434842258253109293 22.449301051143230268 22.46203617090999316 22.472950653119841746 22.492100604727877311 22.510349096307841421 22.51526561858834441 22.50975336164306384 22.506932530705078932 22.496974705348197432 22.494887163676828834 22.504666125206167493 22.499686480935263688 22.486276231465442521 22.491802221359915137 22.461011694744989597 22.409283386387034653 22.397924781721840759 22.356832779971096414 22.304446652631721548
20.619685215951967905 20.752954818861738318 20.874379899364747359 20.985322947746382738 21.085496876394699939 21.179415779413083953 21.256473225226379498 21.341489232730225467 21.451917000637596544 21.555610455682113979 21.662224291891423178 21.759351768907318814 21.850178869946464744 21.928609436440090974 22.001928266883421514 22.073467919359142542 22.13675088500595578 22.203625482611066388 22.26513343438954351 22.325656900416344541 22.38133450785852574 22.425632302080103386 22.461862947481655794 22.507740157185935459 22.541477762147575703 22.578399063673270319 22.60444379871749021 22.637305900311147866 22.667783472674816636 22.708800101418585626 22.747390592400066112 22.769952348865558633 22.791476914945768328 22.806661862957874121 22.83380703065755668 22.857829461017292516 22.878848627306883401 22.902663146149482287 22.91903355096735595 22.940536250086296377 22.948754607810140982 22.954002433460559018 22.967529118920197106 22.967967163485329962 22.968500863714140792 22.964579071341482575 22.959792639869970543 22.93601886684946578
20.682341821746891952 20.810137771568225418 20.930115297031729682 21.036950375593242768 21.139250184148256295 21.235927589137581606 21.323139791772998564 21.398141307729670046 21.492425519258844702 21.596290651393960758 21.708653892709431688 21.816255722711947129 21.91329162039132683 22.00260615948934273 22.079695277729999958 22.157027145225246301 22.217897388027434857 22.281404625150361909 22.338086510366188975 22.39806840447938896 22.444821142805722047 22.492471762653106993 22.534231039039621436 22.580100088339211339 22.61310340000644814 22.658822101867816201 22.695166763985248792 22.740058814449135127 22.779940920991347042 22.825959342801180441 22.867906121543672526 22.910927077529755991 22.964883889979699205 23.026294289628751244 23.065140347270421728 23.10648277643866777 23.140441437167364569 23.172462317094744577 23.21635072649036502 23.241907920306232427 23.272549808031051555 23.297745049212931434 23.316600154286110325 23.332193393867687092 23.33803928872487532 23.357482970829522628 23.375937325800954625 23.407768538322127228
20.696243851621286325 20.830344474990596382 20.953518168520982812 21.061452146177668254 21.162493824525562047 21.2575815655044984 21.346710315692678961 21.432924022338269765 21.522020753466073018 21.625074328472990715 21.720694081338617565 21.812439352414912719 21.894024442592950663 21.975039325506003252 22.0651256888980285 22.15739828379349774 22.236993732026515858 22.305428413352807127 22.363616967498423094 22.422620332659644049 22.472076233156609959 22.522638434743484481 22.574232235060126328 22.627606004359705594 22.680089634026405321 22.732696066332060525 22.789676850925605578 22.820529478807390689 22.881620409989714915 22.953161764770502629 23.028922473907016411 23.088207696668050062 23.143760393390081731 23.205074842292468418 23.256217290871525449 23.312976324859665311 23.358827744657912007 23.408576006989093798 23.459044733608248379 23.508494434761324499 23.552529428934960265 23.594094971942709549 23.629067037067624568 23.668751020548118191 23.713121460705281152 23.750983106981642834 23.779782040877613269 23.801185145748593897
20.711129772004941429 20.840590398546197548 20.963252543570682462 21.073663373106320762 21.18249714148068108 21.29413517670591105 21.392033278347874159 21.479166744233147313 21.556349998830910408 21.649409069182336651 21.75476475069936555 21.845401933858592969 21.939202193504097949 22.019793257761484995 22.091412441152321833 22.166583196625033736 22.240469885829856622 22.319636771138721798 22.390878200345792237 22.45848573992706676 22.51971831808878477 22.577061722142744316 22.629444227624777142 22.677196390630690814 22.721391794104437878 22.762360520956615773 22.806756531043696157 22.877102259050136723 22.955394934552892039 23.03295196195357164 23.106772802797138411 23.174902320216926199 23.24354527635400558 23.311460081865160276 23.378430720778617058 23.448451091066115026 23.512944839082404513 23.577309045502431673 23.636174619502423155 23.689045994863676015 23.737900364025552591 23.788627919121868359 23.837851969760514237 23.893799312036101412 23.940658252230761605 23.985171181979740851 24.031822914662757995 24.084502695614080636
20.747652219979421773 20.88694616627628875 21.015760659082843631 21.124013184461709614 21.223987515136894189 21.314051202734809465 21.400572743360342542 21.478823217561249237 21.55129219850645228 21.613383492742450187 21.710115808379775615 21.807467266622580837 21.908978107873494423 22.006952279421611252 22.087666883023139519 22.170308684908494712 22.248184356604426171 22.320231313096744685 22.385248837487694118 22.455582250625290897 22.517874133598834163 22.576732518980946907 22.626270598658603461 22.672527390964088312 22.720231214219591465 22.770425153745474489 22.814554899762192974 22.89643002463199295 22.975501721535881217 23.047120913559254518 23.116678860407638751 23.188401242036118077 23.261599043251841579 23.332764488531587688 23.404458338769575931 23.478819943562310613 23.549575619712271646 23.623630733562436035 23.697408641509490224 23.772005805849850901 23.84310832536456104 23.915516360751880143 23.983480121548186759 24.047817842850466974 24.110480819606404879 24.174241440147348214 24.236751215022170669 24.288395842741582697
20.752898263794712364 20.885643054206106228 21.012118822712352539 21.133711110459227456 21.249184388646945365 21.355818047797161086 21.444946126134084352 21.52716859039370334 21.602080713187138628 21.684677466770160947 21.766724384885804966 21.84930754895466265 21.924103719519880684 21.999312353409951726 22.074410727483996908 22.146324910836906241 22.22420270946955867 22.292861772721682456 22.361867715939528267 22.430620263247924129 22.487023141913120128 22.542178954200171148 22.596803133156477372 22.650626637000588204 22.702585501734237283 22.759206598374642994 22.816006527267212789 22.883463841416094908 22.946961190476010017 23.016940198299078446 23.113878448574748603 23.207221484697367231 23.297529073642753161 23.374198682817993955 23.448707130975165569 23.521085774692316761 23.59383583944664764 23.668011381552229722 23.735715179645008988 23.813266176161352661 23.889239174216285733 23.962213584395062327 24.032061074110963261 24.098157590998489752 24.174316839772647114 24.239649961316750648 24.315173310216469105 24.379524855868389466
20.72266079352736412 20.85810164619100604 20.984311233684930897 21.101440426575905462 21.211472415160763205 21.32729346174077989 21.442418278057214565 21.539182381217848672 21.625900878156809171 21.708670944075848297 21.785730440260444141 21.871150999260397185 21.954668863349727559 22.029835288338240673 22.095689552676248013 22.163491312668725186 22.222982237814182582 22.28814041063217033 22.345930903395597511 22.409312775224165648 22.469752115697822603 22.532417307751796187 22.59356038172313319 22.652332692953645932 22.702374171593159957 22.767520578589831359 22.842555502405886614 22.904685625995764298 22.969117362219815703 23.029962425675595483 23.118703645589025797 23.211157327459044808 23.298749949338606768 23.376983282098560579 23.453790956595476302 23.526863631612606298 23.606030142678882555 23.68797515551352717 23.769741986705511749 23.846378895697316835 23.914196569983790397 23.980346891117125807 24.047218908208400023 24.116081127497558612 24.189122758182378448 24.261145265371443003 24.339911544227504692 24.412333821299490921
20.699889275942176425 20.836491852310086159 20.960262389175714048 21.075764939127132891 21.186117647621266258 21.292618569022820907 21.392669161912866826 21.488838313597355523 21.58676117965105945 21.680735744163339263 21.769913082794403181 21.849395988048097905 21.930101908862894788 22.004040233861470455 22.072759174078427691 22.141263376597898116 22.214477576486657995 22.283708255559453448 22.353133866278543707 22.419798634626467049 22.479050560860130759 22.539276938571749298 22.589231529345205729 22.635921150415448722 22.681730025280341323 22.742253016998272841 22.809825091054150903 22.879577274729292924 22.94147029114826708 23.006901949315494704 23.0705409052621917 23.124604828505407994 23.176424814622450299 23.259886792482202367 23.347827008586559572 23.439987625684274519 23.518678042609451495 23.591927961012373771 23.663022053512005272 23.737292593447314459 23.816713725236855481 23.896135507117232777 23.981458386303810215 24.060384205003810365 24.138559584418970871 24.215868214810225112 24.292907218829807192 24.372061464682541754
