benchmarks/avaHockeyChannelEntTest/release1HS_e8ff174c9d_C_ent_dfa_pfv.asc
ncols 1001
nrows 401
xllcenter 1000.00
yllcenter -5000.00
cellsize 5.00
nodata_value nan
[rows 184 to 206 of 401, columns 477 to 529 of 1001]
0 0 0 0 0 0 0 0 0 0 0 0 0 0 0 0 0 0 0 0 0 0 0 0 0 0 0 0 0 0 0 0 0 0 0 0 0 0 0 0 0 0 0 0 0 0 0 0 0 0 0 0 0
0 0 0 0 0 0 0 0 0 0 0 0 0 0 0 0 0 0 0 0 0 0 0 0 0 0 0 0 0 0 0 0 0 0 0 0 0 0 0 0 0 0 0 0 0 0 0 0 0 0 0 0 0
0 0 0 0 0 0 0 0 0 0 0 0 0 0 0 0 0 0 0 0 0 0 0 0 0 0 0 0 0 0 0 0 0 0 0 0 0 0 0 0 0 0 0 0 0 0 0 0 0 0 0 0 0
0 0 0 0 0 0 0 0 0 0 0 0 0 0 0 0 0 0 0 0 0 0 0 0 0 0 0 0 0 0 0 0 0 0 0 0 0 0 0 0 0 0 0 0 0 0 0 0 0 0 0 0 0
0 0 0 0 0 0 0 0 0 0 0 0 0 0 0 0 0 0 0 0 0 0 0 0 0 0 0 0 0 0 0 0 0 0 0 0 0 0 0 0 0 0 0 0 0 0 0 0 0 0 0 0 0
0 0 0 0 0 0 0 0 0 0 0 0 0 0 0 0 0 0 0 0 0 0 0 0 0 0 0 0 0 0 0 0 0 0 0 0 0 0 0 0 0 0 0 0 0 0 0 0 0 0 0 0 0
0 0 0 0 0 0 0 0 0 0 0 0 0 0 0 0 0 0 0 0 0 0 0 0 0 0 0 0 0 0 0 0 0 0 0 0 0 0 0 0 0 0 0 0 0 0 0 0 0 0 0 0 0
0 0 0 0 0 0 0 0 0 0 0 0 0 0 0 0 0 0 0 0 0 0 0 0 0 0 0 0 0 0 0 0 0 0 0 0 0 0 0 0 0 0 0 20.77787495059337 20.77787495059337 19.95229304721299 28.43773495087795 28.43773495087795 27.71620701924041 29.94277163659868 29.39432154417833 28.07797960966843 32.15894948980738
31.6251067625825 30.57253407522333 29.27984534710801 32.14552912411465 32.48834357264672 32.46009916769481 31.61029905413493 33.55942428655339 33.80658544493468 34.18323367218427 33.64739044691932 33.02879000363641 32.20978080477732 31.16159321366198 32.87312596754781 34.18819765501777 33.4187056558977 32.58739178272492 32.12405485444937 34.73386477644617 34.78516418926894 34.22238012226919 33.71210067336817 33.03250945298658 34.84852754024696 34.44065470271918 34.23133841407576 35.56491391933444 35.13232955058366 35.68292160658215 35.47601844826939 34.84372465287296 36.31974691438964 35.79040049430853 35.24594911602603 34.64311492968879 34.81739337299104 36.12142480003541 36.72331236257811 36.34308870225733 35.83666823754901 36.9166243441566 36.67088145102925 36.13465404956796 35.60046040703003 36.93049066904159 37.05401551628574 37.37032380042061 37.24725455074022 36.88370015404717 36.40532851216436 36.1379044523382 37.60738379153615
38.69578317745775 38.44498500471508 37.95026251902124 37.57295151211792 37.25271549650189 38.71044897333899 38.62576000384419 38.29253904753156 37.82695014819186 37.59740094141464 38.83245631714743 38.52729362902762 38.50453786698593 38.25457213141649 38.1357641981099 38.04084685271636 37.75367064514656 38.48932962524361 37.37644950324319 39.08560859279326 38.96062092560529 38.91520765759985 38.5162713476269 38.46894886349678 38.63314005220917 38.43369649312121 38.56945130275398 38.45206713951345 38.50050610050592 39.47660868339532 39.37484834938348 39.13362489158705 38.96910253038911 38.8691925275412 38.88194488897666 38.91514628095007 38.90933409170462 38.50731304203976 39.03436026945874 38.94347493095233 38.90287933409219 38.99286164279302 39.01837841489152 38.78400516896801 38.62327523665662 38.39122498345612 38.33462386412849 38.26500748198734 38.23831277695563 38.03635386034001 38.05090627534732 38.02394103621116 38.15337618124317
39.09748094265415 38.90611105971299 38.9135885288264 38.92631754391971 39.05211804307873 39.21075070773908 39.414153923927 39.37287460264611 39.56766572165671 39.22047838635492 39.13618731035305 39.10719459763793 39.21610015896704 39.09095830148603 39.13364820731616 39.07050713199319 39.12448239934741 39.28013833816115 39.2439553615107 39.26424619126502 39.21238035558521 39.12943422522147 39.11075581124263 39.06671189994027 39.20024265179625 39.36759641674815 39.42409212687164 39.58434999883539 39.64890738131849 39.50559930064627 39.49329007809284 39.30254711562 39.20613128338649 39.05153626860337 39.12675448816458 39.09908727407277 39.09846068277369 39.11840597801235 39.05844118354339 39.15984048971901 39.21829478980491 39.12880439428088 39.01393473056328 38.86069882502614 38.88877442873628 38.84428493527609 38.94512534792518 38.87447187693434 38.72140000045354 38.62765753454143 38.5227075566049 38.60719921507977 38.64628060271862
41.96613378249074 41.11799094169692 40.77280092639113 39.92494406551641 39.55223829837578 39.49826643079106 39.56955880987692 39.5196677245569 39.60828717353567 39.50665508462367 39.50972946168024 39.57999521699944 39.60098659759808 39.58380022813146 39.40045468636687 39.43760216310197 39.53331404504811 39.53631497508442 39.65568698499966 39.61875691814814 39.53978271882078 39.5497115984752 39.42082971695634 39.53008021687149 39.64154154611633 39.70731864613157 39.85588187947445 39.97515541154788 39.83935134726858 39.83277425721329 39.67098888098219 39.6424760355701 39.44720899520016 39.46358209496655 39.44055481057305 39.38199990667722 39.40958437515597 39.3237731750601 39.38039297732545 39.50810047156597 39.52787228774609 39.47185164180432 39.32569154994442 39.27396049580355 39.27734563933213 39.25803173273847 39.32184496589347 39.26839147428846 39.17664845979503 39.13119149966258 39.02789647865519 39.05564124945715 39.07382673444651
43.09992613600185 43.00877981407218 42.89442433626677 41.92250847765528 41.82903086959661 40.91135163838008 40.79556775353601 39.92252522672109 39.84212750574706 40.49641529778087 39.82422388975174 39.82936113968588 39.80327808662999 39.80795004357446 39.68385308243594 39.71910218505258 39.76801996872172 39.75535885451021 39.86637408773381 39.83906975370377 39.81930160853292 39.81759144136596 39.75665542430363 39.83835455336224 39.90917496618877 39.90421151197627 40.04526687289816 40.09428610540681 40.06430058274973 40.0791149909373 39.98282691250717 39.96783081216761 39.84639795706606 39.84990657209534 39.8157662102614 39.77420354318757 39.79295147359996 39.78642502498413 39.7884932945913 39.87453978516081 39.88179311987415 39.8523699863555 39.79998303099433 39.74535854730176 39.76167608116049 39.75049033969869 39.75550842432884 39.76286346280389 39.6874995244881 39.69966641634279 39.63397742626157 39.6150882399413 39.61349441579031
44.96861917060237 45.02818555684017 43.94194963161525 43.94737656589432 43.95373684632151 43.00445816373655 42.93472375619178 42.87142383340475 42.04835653950589 41.9274480414522 41.1685336885141 41.04443976004877 40.28513431835254 40.1697797585097 40.12760256514233 40.1412857704195 40.18881147578573 40.18314386915916 40.2245750314666 40.24626339842155 40.21523668857875 40.25579579612464 40.24733047311173 40.26487674619498 40.31747834104802 40.31536251826593 40.38444814719213 40.43576414675881 40.42105325430035 40.48116917461939 40.45976008064679 40.45833399655943 40.44372735811732 40.39850385671043 40.41355272793038 40.39229151773952 40.38088351240719 40.40077541167933 40.38717987028384 40.40773086034839 40.43812257894032 40.40101201830739 40.42583669309342 40.40673429009635 40.38646453040376 40.40493926474193 40.39039422069004 40.40037461489071 40.40159495491893 40.35631165017818 40.37031221809835 40.33836288113329 40.32037610845402
45.64829913413662 45.44576347833948 45.37335455203402 44.70044252852317 44.49472350809152 44.39148755778567 43.74776839808171 43.59485979829755 43.57610822068015 42.77518628026071 42.65210585859622 43.01948255828054 41.80562072425982 42.12844550301585 40.99105781622336 41.25062490122939 40.70011645888568 40.71527306012243 40.70073184090955 40.74472498472362 40.74435896384185 40.76132703464168 40.79004304673786 40.77280018268986 40.8201719231023 40.84608538878469 40.84095852540853 40.89633259249103 40.91089713337428 40.9298230297865 40.97149192678427 40.96611921033329 40.98859167016719 41.00072142993181 40.97394998020444 41.00355473297349 40.99122127788907 40.98671369260176 41.00542538875897 40.99211678522485 41.01380080677726 41.03643803104436 41.00499382630711 41.03804925259731 41.03934313754842 41.02342360400178 41.05534823755834 41.05430764194139 41.05142917256555 41.07304519090902 41.04875667498623 41.05737493668239 41.05500416312942
46.74888630909457 46.11364035113549 45.90798022551957 45.80639189883122 45.22723864015907 44.98953585905141 44.8564584364521 44.26886828004731 44.03503066362683 43.9643615636375 43.25982964970164 43.04190171795427 42.50910903463152 42.2197908839031 42.21998532735666 41.44431394514668 41.2487761472789 41.1292147651578 41.12640066945713 41.14100932986428 41.1725428078544 41.15666525605669 41.19959877343918 41.21925387071831 41.21162524535803 41.25970985024685 41.26814996430679 41.2831050900954 41.3237941723008 41.32027818118249 41.35995645016138 41.38851286309615 41.37507877552277 41.42128410759431 41.42741713379282 41.42385662228958 41.4472301257206 41.42770793709494 41.44542693645677 41.45958906220715 41.43673431686651 41.47437370379728 41.48649692750609 41.47203936685151 41.50996745985353 41.51908105532497 41.51478794565954 41.55022886650868 41.55134953285555 41.55807878227087 41.57935201236455 41.55381402836503 41.57480282134027
46.81946957059557 46.30222977853575 46.03200729094811 45.902340188382 45.4529307685922 45.144891582588 44.97726193719223 44.5263119568346 44.20657919766464 44.05021640005994 43.52237527799345 43.22402245790872 42.84559452999352 42.46509555400913 42.2379501221996 41.72135162235163 41.39049759429643 41.28533473834036 41.29704548701727 41.29652321391438 41.33498077843707 41.33282491601194 41.35479705129462 41.38393130208974 41.36610975304858 41.41471647322253 41.43546740768474 41.43077297071169 41.47688918428589 41.48602500202617 41.50048936664332 41.53754482065773 41.53359325628784 41.56469578192262 41.5878748417016 41.56882654124792 41.61024543188574 41.61482429549714 41.6126045314326 41.64401442937457 41.64037331927801 41.65741531264135 41.68411414643737 41.67008985611386 41.70253972500357 41.71985158533808 41.70167173666063 41.74168091679335 41.74787578703535 41.74047624864426 41.76628565251139 41.75403884436736 41.75657844326864
46.877403791382 46.05188079946331 45.84755015757796 45.82361131617919 45.19591663150236 44.95923019877745 44.91250760626773 44.2753506006318 44.05470888567088 44.07424836997644 43.29548510214709 43.14232055011915 42.59467620365702 42.31946486555331 42.25423441967526 41.50481680730746 41.35492410459036 41.14843806048417 41.14998232689944 41.16871176605817 41.20138151771408 41.18712049808457 41.2261997619707 41.24529002608158 41.23538179541377 41.27977602590732 41.28865442291404 41.29625016934821 41.33226015499545 41.32496128881773 41.35491624831273 41.37930353046106 41.36141258427708 41.40797197844455 41.41841899513866 41.41632224446351 41.45134164171795 41.44904317930818 41.4648423149679 41.49314219247521 41.48482732236374 41.51656801286126 41.5393005853435 41.51809101562925 41.56131292599144 41.56997677086432 41.56066043870855 41.59006501665196 41.57835813255052 41.58285229602703 41.59509112156033 41.56573527388203 41.58311484354251
45.69137164251441 45.51271836440533 45.54534388220577 44.78065203349685 44.58603810151088 44.59409801791171 43.82309413078353 43.68657304656779 43.7666017889538 42.84900654829276 42.74775197030193 42.06577332223488 41.89490857301452 41.98983293371506 41.05796548658661 41.14271654409452 41.20550321216673 40.78077336164451 40.76281486829663 40.81881133542485 40.82763090350495 40.82744059413784 40.85376941096107 40.83281239413481 40.86568229903239 40.88054222826782 40.85838255397194 40.90275585042797 40.90939263368467 40.91166527716474 40.94896960358963 40.93759730477251 40.95445640887293 40.97298726124286 40.94389911134927 40.99416716935694 41.0122486158645 41.01060502304359 41.05471680954239 41.05465613880581 41.06916757593291 41.09602255960763 41.08027726551902 41.11217942072461 41.12301649667513 41.10201049729896 41.13029343536894 41.11439914894733 41.10379128718323 41.10488110889234 41.06581572633725 41.06966217008244 41.06040946720607
45.04886298149503 45.01331656496453 44.05310412329493 44.07257647587266 43.95353846587874 43.0810644390252 42.98262083799145 42.84130476568873 42.08226056225177 41.87714142379184 41.20381414275511 41.04247149300478 41.5561156843094 40.22830382341657 40.57369032288624 40.2536051809853 40.32825729273776 40.33353567027267 40.35710194273973 40.39565839800779 40.35181334405096 40.38159632757888 40.33400675778482 40.33932851071722 40.34091042471962 40.29646834986653 40.33567347030868 40.35650503001559 40.34189284189212 40.40082707496394 40.40145787043453 40.3796816591999 40.3926162022422 40.34872736394996 40.38582442212359 40.42117063743439 40.41467844534021 40.4857976147111 40.50139067783328 40.4905286220008 40.51454321814591 40.47466277785784 40.5066919029529 40.51938201124759 40.48765126532189 40.51578960479937 40.49136135378881 40.46721507119111 40.44534081441098 40.38092631461259 40.365308001335 40.3129185978763 40.27702419647976
43.08874830049078 43.09926202184511 42.84552803739987 41.96877743139921 41.76781625767111 42.44398719509082 40.85846330060541 41.35973370409604 39.93083413529605 40.26549413246902 39.79399979813339 39.7943560461995 39.77853630614464 39.84034152698838 39.87175996393244 39.88876528120002 39.9911674205057 39.98787703108938 40.03584979978986 40.06789586422565 39.99313777841314 39.98637445425635 39.88808042846404 39.90411412643913 39.83401626901042 39.81823812857461 39.82219273590081 39.81523973842694 39.87372175103422 39.95338181647329 39.86212779019855 39.86253288799014 39.78811776609966 39.79231240705738 39.85933940076774 39.91387227009481 39.96441058519903 40.05706772090836 39.99031595709383 40.00988428580597 39.95201582497457 39.94059644350514 39.9608381692759 39.91380879317212 39.9348152792622 39.89663165700205 39.84817077515324 39.81943713744774 39.72029925011417 39.67635712495539 39.54363233291468 39.4926294893945 39.43165409488413
40.63687061559333 41.16127414392729 40.88345169922965 40.143684723192 40.26296352770474 40.32316955486887 40.12434528879613 39.84371865333614 39.71640673151229 39.46283024178523 39.51318481859408 39.52577215208006 39.46619506949096 39.57219034506194 39.6651859126501 39.64768273228616 39.82670306477556 39.88363113204579 39.85038164374248 39.94620681139496 39.73421432166539 39.75483214018959 39.6321327216767 39.61386653939633 39.53821528802784 39.44910289140782 39.44073209536311 39.37649140665662 39.48763512965875 39.63040233184819 39.49293660665931 39.43030250963076 39.24891066188263 39.32042912143769 39.41866862197202 39.55839316747395 39.66252306830964 39.8488443941463 39.69752396574367 39.67809564120935 39.49985167057039 39.55685954871782 39.54469467256334 39.48145767870383 39.47315079830218 39.31339025159914 39.33354486062448 39.2746264579695 39.18376983944902 39.05020832807188 38.90098245813322 38.7691399177108 38.66012303743919
39.33205218788657 39.49694715897822 39.52112759009801 39.7316064726996 39.90969308912403 40.0313094671458 39.99759540127461 39.86745182720545 39.49995094309197 39.31320955618924 39.17727218198617 39.17149228536901 39.11332832715581 39.12254916282751 39.165896164796 39.39153834913245 39.55401005745497 39.49851209508095 39.65429351966181 39.61027653759557 39.5638260467065 39.39113550675015 39.38683889655559 39.3039109737733 39.20067989803655 39.22114452411356 39.06020386890017 39.17957548396588 39.20983890783695 39.24729350319773 39.30095792736645 39.08412851532407 39.00619843582552 38.87423251857957 39.03110082902719 39.1681448442232 39.29300704543954 39.49478368079596 39.5717441295312 39.34924959472954 39.26867562074707 39.17875920723423 39.20663219074199 39.05418533164092 39.00049992980747 38.81603501341772 38.86631292025972 38.83066075861843 38.77378517593019 38.63876881412738 38.40028692064978 38.25933109969692 38.12252398314947
