benchmarks/avaHockeyChannelEntTest/release1HS_38020c7f23_C_L_ent_dfa_pfv.asc
ncols        1001
nrows        401
xllcorner    997.500000000000
yllcorner    -5002.500000000000
cellsize     5.000000000000
NODATA_value nan
[rows 189 to 209 of 401, columns 288 to 335 of 1001]
0 0 0 0 0 0 0 0 0 0 0 0 0 0 0 0 0 0 0 0 0 0 0 0 0 0 0 0 0 0 0 0 0 0 0 0 0 0 0 0 0 0 0 0 0 0 0 0
0 0 0 0 0 0 0 0 0 0 0 0 0 0 0 0 0 0 0 0 0 0 0 0 0 0 0 0 0 0 0 0 0 0 0 0 0 0 0 0 0 0 0 0 0 0 0 0
0 0 0 0 0 0 0 0 0 0 0 0 0 0 0 0 0 0 0 0 0 0 0 0 0 0 0 0 0 0 0 0 0 0 0 0 0 0 0 0 0 0 0 0 0 0 0 0
0 0 0 0 0 0 0 0 0 0 0 0 0 0 0 0 0 0 0 0 0 0 0 0 0 0 0 0 0 0 0 0 0 0 0 0 0 0 0 34.104759901416336731 34.104759901416336731 33.46588059021637207 32.587136149229444015 33.322943401716294431 32.980184394971402639 32.086558366462853087 35.288000370369239533 35.90289829468098759
34.14982738708218335 34.512071472707511077 34.599301781690002144 34.656839273743294427 34.610852294108475746 34.482521481280812736 34.291981796965082196 35.394578931767448182 35.413679842359265137 35.476764156340244938 35.737318872259983493 35.760459439599955545 35.870536449249264876 35.814699846583025078 35.96967707212449028 36.1174867401790749 36.22459712876020177 36.272269659516510387 36.395015039954941471 36.424454786688166052 36.539649762439900371 36.409735004348362963 36.446482901529435594 36.731007467934908561 36.934194443650326889 36.997053882055013219 37.06160415464673008 37.128351871039313892 38.150251109419102136 38.307740665341789565 38.377732087082925716 38.320976797958152815 38.441994842045588143 38.412476960900022505 38.64776732083957711 38.763931350724760705 38.910116778922670733 38.950230012861112527 39.054657012730686461 39.165941813368377211 39.297704609611329829 39.245985932614630087 40.179756964175410872 40.279889264572624086 40.312114682893607664 40.223168607256511109 40.214267503629898215 40.287327391573072077
38.903242256892433204 40.083991554718956252 39.021316233140581176 39.562826826443156847 39.409320657862913606 39.564776180423116614 39.531202674300509159 39.206555733245181727 39.057721025418416616 38.603234652664909277 38.361543000773338008 37.923957430779722699 38.851379606045512105 38.403690453472449917 38.05948667516652506 37.623142441811275205 37.409308239798747309 37.959991916747632956 37.68714273658437719 37.830398630940344162 37.905888752408429809 38.019174660621345652 38.03196205138975472 38.107678703394981312 38.277129315215915994 38.53448507511681953 38.713418884808596943 38.863535428573115382 39.026771486473691652 39.024916545867732509 39.158610835992213595 39.261483581714252011 39.421326211278717722 39.591898644112340833 39.731200751519281766 39.796677808120477948 39.863813761186925433 40.017513869684663064 40.154254180441618871 40.279406569528198645 40.389103021797993165 40.47575944310134588 40.584274430803802147 40.708420531342540016 40.79588223715398243 40.907415550124923698 41.076326883248583499 41.179975798211316373
42.128677887068604946 42.107610471623409865 42.347681269230847079 42.063815769307012715 42.069953277952450321 42.003898685437405902 41.713105084314037185 41.746572407910299773 41.428429083695206714 41.367333270074190921 42.07422267941400662 41.96778502598652949 41.830137798238020252 41.465559710409728211 41.223998322617475765 41.045899976564996336 40.794931794350176801 41.72390181445940982 40.419191133330024002 41.087579567573307315 41.140400461512754759 40.622090238500923931 40.621604314131431579 40.417522543998288143 40.062116356163286923 40.086125133741838056 40.221339485525064106 40.330141336341810643 40.455371932822131953 40.55644960309428626 40.630617051693377562 40.732859430871243944 40.84210953672211275 40.918673356992137258 41.021059107655808873 41.090134806308896032 41.210079740301537754 41.296479820897488366 41.366042793403607902 41.433336355889018421 41.501511170258808647 41.630497596882769074 41.749913680700871055 41.846764610454137312 41.92990092445043615 41.986971759258544523 42.072585216801130059 42.188512816869106814
43.259506223163583627 43.505995709564267315 43.410978954563091747 43.558752467893363303 43.548104212054383311 44.176742294736186523 44.186610103651496217 43.666130015496705141 43.900861204705655894 43.909114635740060351 43.668710442209189182 43.53716623300309152 43.485117007416533852 44.408743976795022945 43.296147872702931636 43.984907854497258484 43.015457544643801668 43.193225973445237287 43.36140182687299216 42.589126306184773796 42.821348230372379362 42.83181125280016488 42.876878843520778162 42.355269857375304809 42.341593217809133876 42.274994769888330381 41.930133270335218754 41.932783143842875972 41.986437065563222859 42.064862962051101647 42.146268061365155688 42.217307007615758607 42.272676218824813077 42.332221761102047708 42.40338397823718708 42.495166108809229399 42.565685218026068526 42.608088151391449117 42.634707312543206115 42.71109595046007712 42.78578828679877688 42.845912789315313773 42.902537238996643509 42.962926953392717166 43.02153017357900211 43.113129129953925656 43.186515764729115574 43.251320889313745965
44.845437396035862321 44.871372895631417066 45.102144020957858572 44.881055372741386122 45.0624830370053715 45.135714171022598862 44.883872756483789601 45.027013949400654269 45.047679310883857795 44.856866357672686263 44.856861816356747852 44.835779387935218665 44.698771723740726713 44.621351723965418046 44.570769165712185611 44.455587061847054997 44.333474771249377966 44.261301018784578787 45.304676763305977261 44.033166340712462272 44.260538936949970434 44.803888935473452193 43.759008915130074513 44.167400177106429737 44.261783814159500139 43.602311852482763754 43.822525139635324365 44.086717006850619782 43.537187731884699815 43.570191590237357104 43.628107814893027694 43.678522409046820485 43.723358167250374606 43.765006427185802806 43.798727422531264608 43.851460159430331487 43.908614654666415333 43.953066274887923726 43.979020521029660529 44.004129706710969572 44.061402376647407664 44.110115519159108999 44.155676072750097205 44.197051389932795473 44.232415431599235944 44.286619638787897202 44.347970771707821314 44.395607070187018905
46.200584138553885793 46.224020301397359844 46.234094991687499032 46.243573132785712687 46.261501297304576497 46.265670278019626949 46.260187019371343808 46.241724607231923017 46.204254644331989255 46.17994574175636302 46.140606898781108214 46.076516305774212867 46.014710976442920298 45.959935712570313626 45.879855346568312768 45.785850910960306237 45.688570809890912017 45.591397027131563391 45.487589661864596735 45.390476961328467098 45.261194372591702972 45.155323151275304383 45.072757957680998686 44.893813384467023297 44.764390483665465581 44.756519531308498472 44.79235089375575285 44.826333256091565715 44.856981931520103046 44.878966199207170007 44.895914016772401567 44.934641206193440155 44.975479811950691555 45.009934979266489563 45.039957148918063012 45.05972221108041964 45.09465873810861325 45.138039722013466815 45.172440081012737778 45.199505766040843469 45.217256117538930482 45.251887666454976511 45.294308219066131471 45.326790477305742399 45.350276410234336311 45.363986807728785777 45.403856825960311028 45.443114651445860375
47.034041821423834051 47.052727252494896959 47.073878185721639511 47.09498403570986369 47.109514103859034151 47.115900920284538245 47.11240761137741373 47.093915334453264165 47.071301262514694486 47.050216126122798244 47.013127716663859701 46.961590629372786054 46.90814280871215658 46.853112252263116488 46.78247765336415398 46.695080895942091104 46.6263617130943544 46.540537128128846689 46.441570259695147627 46.342909116008172532 46.243028463808208528 46.134161636135061713 46.015748650866214575 45.904946558561753989 45.782350312182323648 45.660045844364098855 45.676406560095351495 45.691677697620860954 45.724576446640732286 45.751948728123501553 45.772635563752089638 45.785284573471869862 45.80388564767323345 45.838244012256225801 45.866235638271952268 45.887943097810115489 45.903237501393071796 45.921881077052375986 45.958640813445036599 45.987604193539993958 46.009678323063489813 46.022575578043159794 46.04411771999433256 46.07946505379073443 46.105819685571894695 46.123237622559280169 46.131891289037852744 46.157335941549241909
47.312262101857250229 47.33891939469338439 47.361951084049195515 47.380196073274376545 47.391530675733001488 47.394874071709253371 47.387841931925301253 47.37079570708875309 47.361552842006332753 47.341136555454767176 47.306099647717971379 47.253843427967922253 47.214478540249672278 47.16357136266191219 47.096224719060870711 47.017128126546893441 46.953329054370051665 46.873650564635170213 46.776241427884329482 46.68700790484557217 46.592069750474642831 46.481860756655805744 46.372579005530546681 46.267059437087063145 46.146128967743131 46.021285802381328267 46.003589879732118106 46.01482278344936816 46.040448000553951147 46.06712944289741074 46.08778509921157962 46.102016549772464771 46.109576278443867636 46.136130280815507376 46.163770391952894556 46.186038283073699517 46.202812993419428267 46.214081682264719575 46.239928935703758839 46.270767716455061702 46.2956099767948146 46.313513620096671275 46.322561096449753393 46.349600047407470527 46.379404340814637919 46.400715406866019919 46.41403445693267571 46.418780734110320907
47.032078521380157099 47.059296176709892734 47.084968180240267088 47.103855822922376717 47.116209972450789678 47.116670214098320457 47.107529732758251839 47.087257318546136275 47.078408456489718503 47.056793352108414297 47.016746105808877587 46.96373024340541491 46.924231533181831821 46.874815005714445704 46.809595067648047007 46.726464124591508664 46.665300340027592085 46.582819376431963576 46.485965009510756829 46.393735973621367918 46.296667872783977771 46.188708991661421521 46.071754964517303677 45.965301718596130343 45.849556672048059625 45.710577899788418677 45.724670979196858411 45.737790044576414061 45.771078421964439542 45.797445009863849918 45.817282768227514111 45.83212648380767007 45.843276909240849193 45.877314695382516163 45.907432270565244892 45.934458679353269872 45.953997233560514246 45.96601223301870931 46.003388585883165263 46.035999660046137194 46.060184644950702193 46.07472559883957075 46.086596218304983097 46.121478855335745095 46.147156918215152643 46.163601159948896679 46.170435334445784292 46.187130280278232419
46.200706135629069138 46.2231044988801969 46.239639288102871717 46.270013903635650365 46.284683951015757941 46.291215126151264769 46.286091438314791446 46.257750220825570864 46.242027251137230337 46.213616554714256779 46.164402474051364322 46.10119840434293792 46.056110740382408153 46.176129044252895994 45.917014333768364054 45.825977195448288626 45.926029466748289565 45.662433920787677266 45.561776915859020676 45.619841101989344168 45.354558257771678598 45.240166677679447105 45.252527987022872935 45.003628676782867046 44.887900642235443627 44.881883750268272593 45.198778404704164302 44.929417943516476441 44.955429412314693138 44.975140380833373399 44.989941194121065848 45.018191167375171347 45.057295019495413158 45.094840870122162357 45.129628369712222025 45.161259383839677639 45.184567735691366863 45.235501353431558869 45.279708229236085515 45.311142943675982053 45.331486696280556714 45.354047662707465349 45.393912090381242308 45.423026030666719066 45.442275565536156989 45.449198609879424282 45.473907051491281095 45.508275230847225146
44.812791860215043016 44.837994412575142178 44.839936348603316674 44.855794597410309166 44.867285636240652025 45.674895659127301428 44.85771938042104523 44.912653173807065343 45.547486115057161271 44.770779126351996524 44.826302108410324365 45.333057768156649558 44.688482320209018894 44.709447553422798194 45.069837922219242898 45.20628832085628801 44.587464345532922039 44.716330731827035549 44.773539489435862038 44.421769625306538387 44.388497483331434523 44.293243614464316238 43.968382088511738459 43.925780469912865556 43.749534758531126499 43.577606108343957203 43.614074865439270923 44.168387537421573086 43.679292122381575325 43.70423680439715497 43.747955071353771928 43.802213482512662779 43.857058794401922341 43.914547055743724968 43.973930619290570121 44.023991931961703017 44.086091298483623291 44.155684174771522521 44.207772328177412646 44.241964423115426541 44.268081707881592024 44.326908384793050288 44.362946479587350268 44.383132949708183901 44.385625875706118393 44.427637382715673198 44.460270383630536628 44.486159537114176032
43.321203313078349595 43.434674606097779304 44.018678661403228602 43.3723695254682724 43.881389780809257672 43.852915793922960574 44.168571147766719776 43.791133721688630942 43.966280693640655386 43.929811963499702188 43.599748645465552954 43.568539243209976064 43.660864295955839509 43.417075448239607738 43.30432081557703583 43.782594969845938238 43.780991757242915696 43.215023416189410455 43.267852473698603433 43.199920308211332554 42.804535110335812931 42.750103594070388624 42.423178895613439465 42.273998146274401222 42.906507676684363162 42.98213037076953924 42.093026575245104937 42.410615700968683939 42.166946049491130566 42.227568140967363775 42.295511459725680936 42.39379023670363722 42.491451422223320833 42.59283791637075467 42.692259366951162747 42.770779643854524465 42.836138097737809005 42.923189568977846875 42.985370889019286267 43.027571721449461961 43.066766420857867104 43.136449363048939176 43.184649174753140244 43.212392744452657212 43.210592660669313148 43.264290074076399151 43.297443909030668863 43.322777204345435109
42.020355563163086288 41.939220762283056843 41.912414206612865542 41.750608639651041187 42.510842324847672558 41.710679004106047785 41.955652822999049079 42.140619367273991713 42.145885527547477523 41.834548556837184208 41.794204043390521974 41.605512222122747801 41.381047842669239856 41.072554716692742716 41.925597211490796212 41.805439128185952313 41.405688908689732841 41.23778619402741441 40.808666569425533055 40.654378499325453333 40.32843924934545754 41.046891664765560392 40.746983827508977072 40.472497548874081019 40.247161904254632248 40.307427707889232238 40.406921595338097575 40.51266961122964716 40.644210685915673764 40.756315767059746236 40.882474179365893008 40.989583310316668019 41.119254306627830431 41.261748425438376842 41.414936801025490354 41.518354318407617143 41.556881857897728594 41.619932655956176859 41.711708946450066549 41.815941487206764293 41.902554919895159458 41.953185430777203635 42.009389867436944144 42.088186531606709195 42.13056503363024774 42.165793812101554749 42.179734283913973059 42.265794085532448321
38.875999636067952281 39.833148843140037343 39.720059370547652122 39.493030540926660876 39.370899472971004229 39.042470895279045351 38.794367256045362069 39.687659515934555543 39.462706866121912697 39.12051137312109006 38.883317064038926958 38.548010666212363162 39.092347947385832185 38.652118485743677923 38.404032059095968066 37.910251411649930731 38.038586055212242343 38.100113802125051166 38.164872185587263687 38.177271218965458388 38.225103929302058248 38.296477280340738503 38.405017967843001259 38.454787764310260911 38.657465102495528697 38.770328442245791223 38.886617698099328777 38.964034391982210082 39.083996831933092153 39.17276170795467749 39.343888490224927068 39.582415147107440134 39.91692028421901739 40.105518759819439367 40.185098229154135652 40.317529526176571153 40.321050471014828531 40.311386611349597331 40.470197340728489621 40.527595705583784991 40.745999153339269583 40.849676150078394699 40.859707501855666578 40.888137124003499423 41.008652007424657882 41.052649875969684956 41.13356520557656637 41.191514496196290906
34.028373119584557571 34.21370839260897867 34.21370839260897867 34.01367328862927053 34.091746338757900503 34.140717569060107905 34.102025955426292114 34.264069117155202093 34.845898156181668526 35.097649012164950477 35.177266165241050544 35.380042554955970502 35.427287445878533845 35.805228687809929511 35.85138113081699629 35.813523793403639672 35.892519690239105046 37.453172210660703456 37.275939568574905536 37.19743839076169678 37.078125601750677731 37.033576587020057502 37.030336549739381269 36.903463716563891239 36.985126219380425994 37.097689348662832742 38.218478592071065236 37.983091106587657748 38.126843388522125622 38.100495890518743636 38.16066415555518887 38.268595759123044786 38.368617967497492316 38.284797966852025297 38.285867828951289482 38.384191724890996511 39.098760995968426357 39.365447839272064812 39.369837636575617523 39.229161238455390048 39.35649372200128937 39.302662440418998813 40.410504164681718464 40.350703046987327127 40.106469571962577447 40.109303769586510668 40.430281935170469865 40.34603736208833169
0 0 0 0 0 0 0 0 0 0 0 0 0 0 0 0 0 0 0 0 0 0 0 0 0 0 0 0 0 0 0 0 0 0 0 0 0 0 34.813473685466128416 34.813473685466128416 34.283077639129338365 33.514069577431726543 32.704648618873058297 31.689305433572382498 30.585780448966747969 29.33810063097432419 35.702846394535328045 35.70284639453532094
0 0 0 0 0 0 0 0 0 0 0 0 0 0 0 0 0 0 0 0 0 0 0 0 0 0 0 0 0 0 0 0 0 0 0 0 0 0 0 0 0 0 0 0 0 0 0 0
