benchmarks/avaHockeyChannelEntTest/release1HS_bb6bc5c2c8_ent_dfa_ppr.asc
ncols 1001
nrows 401
xllcenter 1000.00
yllcenter -5000.00
cellsize 5.00
noDataValue nan
[rows 184 to 206 of 401, columns 477 to 529 of 1001]
0 0 0 0 0 0 0 0 0 0 0 0 0 0 0 0 0 0 0 0 0 0 0 0 0 0 0 0 0 0 0 0 0 0 0 0 0 0 0 0 0 0 0 0 0 0 0 0 0 0 0 0 0
0 0 0 0 0 0 0 0 0 0 0 0 0 0 0 0 0 0 0 0 0 0 0 0 0 0 0 0 0 0 0 0 0 0 0 0 0 0 0 0 0 0 0 0 0 0 0 0 0 0 0 0 0
0 0 0 0 0 0 0 0 0 0 0 0 0 0 0 0 0 0 0 0 0 0 0 0 0 0 0 0 0 0 0 0 0 0 0 0 0 0 0 0 0 0 0 0 0 0 0 0 0 0 0 0 0
0 0 0 0 0 0 0 0 0 0 0 0 0 0 0 0 0 0 0 0 0 0 0 0 0 0 0 0 0 0 0 0 0 0 0 0 0 0 0 0 0 0 0 0 0 0 0 0 0 0 0 0 0
0 0 0 0 0 0 0 0 0 0 0 0 0 0 0 0 0 0 0 0 0 0 0 0 0 0 0 0 0 0 0 0 0 0 0 0 0 0 0 0 0 0 0 0 0 0 0 0 0 0 0 0 0
0 0 0 0 0 0 0 0 0 0 0 0 0 0 0 0 0 0 0 0 0 0 0 0 0 0 0 0 0 0 0 0 0 0 0 0 0 0 0 0 0 0 0 0 0 0 0 0 0 0 0 0 0
0 0 0 0 0 0 0 0 0 0 0 0 0 0 0 0 0 0 0 0 0 0 0 0 0 0 0 0 0 0 0 0 0 0 0 0 0 0 0 0 0 0 0 0 0 0 0 0 0 0 0 0 0
0 0 0 0 0 0 0 0 0 0 0 0 0 0 0 0 0 0 0 0 0 0 0 0 0 0 0 0 0 0 0 0 0 0 0 0 0 0 0 0 0 0 0 86.34401812008622 86.34401812008622 79.61880198484046 161.7409502580181 161.7409502580181 153.6376248905038 179.3139032252007 172.8052084482112 157.6745666614949 206.8396345822714
200.029475182815 186.9359670246197 171.4618675476055 206.6670079371676 211.0984955487717 210.7316093422383 199.8422032410325 225.2469925902666 228.5770438772575 233.6986893403669 226.4293733593694 218.1801898189948 207.4939926371798 194.2089752014788 216.1284999181599 233.7665740751054 223.3619803441253 212.3876240008506 206.3909830851581 241.2882712232996 242.0015267511376 234.2342590134683 227.3011440534227 218.2293348538216 242.8839728890407 237.2317361111625 234.3569052456094 252.972620614322 246.8561150603223 254.6541792593002 251.7095774704899 242.8170295580903 263.8248084052159 256.1905575365424 248.4553898494358 240.029086951825 242.4501678865258 260.9514695157454 269.7203330453727 264.1640197848866 256.8533567422867 272.5674202821437 268.9507012836459 261.1426365265497 253.4785463504322 272.772264305107 274.6000274671565 279.3082152396129 277.4716088134344 272.0814775163151 265.069588082577 261.1896324679866 282.8630610135619
299.4727251187084 295.6033720109457 288.0444839000904 282.3453363536764 277.5529606202201 299.6997739225237 298.3898692219006 293.2637113056567 286.1756328775655 282.7129137066003 301.5919304711816 296.8704688934702 296.5198858088364 292.6824579207722 290.8673012963289 289.4212070233798 285.0679289478359 296.285698530006 279.3997965061594 305.536959800325 303.5859952318489 302.8786753708162 296.7006305211116 295.9720040851388 298.5039022002572 295.4298045547064 297.520515951247 295.7122948095334 296.457793770222 311.6805297720954 310.0757391029778 306.2881198069384 303.7181910768552 302.1628241996372 302.3611268811478 302.8777180701147 302.7872513144804 296.5626300309373 304.7362644312789 303.3188554756016 302.68680313109 304.0886494930248 304.4867655033383 300.8398070573197 298.3514789078544 294.7772304150943 293.9086782048531 292.8421812342187 292.4337247338376 289.3528483581299 289.5742924641555 289.1640155601608 291.136027102786
305.7226017763687 302.7370952271753 302.8534740384045 303.0516389596229 305.0135848701062 307.4965944241068 310.6951062890162 310.0446509434747 313.1200342336448 307.6491848337636 306.3282304747808 305.874533810176 307.5805026699081 305.6206065772469 306.2884855894635 305.3009063744607 306.1450246770445 308.5858528684157 308.0176053917303 308.3362047801455 307.5221527289181 306.2225237339879 305.9302420685214 305.2415920612127 307.3318027376899 309.9615265996493 310.8518049776364 313.3841536729824 314.4071747059081 312.1384768192935 311.9439922410195 308.9380416355784 307.4241441549498 305.0044958616086 306.1805826436937 305.747726279216 305.7379290503584 306.0499414516534 305.1123668849916 306.6986211696897 307.6149272872995 306.2126638874213 304.4174158340633 302.0307774917511 302.4673488922359 301.7756952041169 303.3445623901139 302.2449503560456 299.8693839720623 298.4191989966047 296.799802733495 298.1031703787296 298.7070125466529
352.2312769787624 338.1378358658663 332.4842591292912 318.8002317837006 312.8759109435076 312.0226103496933 313.1499968875236 312.3608271198386 313.7632829760042 312.155159400266 312.2037446508707 313.3152044264073 313.6476290261375 313.3754495102355 310.4791670382731 311.0648933777618 312.5765835113186 312.6240387976039 314.5147014013135 313.9291785130424 312.6788828371137 312.8359366027211 310.800362221661 312.5254467859938 314.2903601384103 315.3342268469246 317.6982625133918 319.6026121778438 317.434785059974 317.3299818538895 314.7574711031153 314.3051788422295 311.2164576716822 311.4748603610816 311.11147299793 310.1883844151353 310.6230737305639 309.2718338915025 310.1630710735519 312.1780013523741 312.4905383410284 311.6054124673058 309.3020020218738 308.4887913716143 308.5419746270057 308.2386152663191 309.2415070727475 308.4013388431217 306.9619698742751 306.2500300468157 304.6353396155519 305.0686170987746 305.352782639407
371.5207266087515 369.9510282446416 367.9863278441995 351.4993434419864 349.9335647127999 334.7477385942896 332.8556696707168 318.7616041312893 317.4790247303137 327.9919304533205 317.1937615347686 317.2756017984216 316.8601896182307 316.9345783849854 314.9616397330926 315.5214161351379 316.2990822706234 316.0977112092486 317.8655560402908 317.4302951685071 317.1153557382072 317.0881171439246 316.1183296954928 317.4188979183716 318.5484472772918 318.4692182700479 320.7246791594122 321.5103570711102 321.029637486453 321.2670924313804 319.7252902154514 319.4854999611566 317.5470865179291 317.60301225667 317.0590526126276 316.397457925078 316.6958052050805 316.5919310264678 316.6248442137584 317.9957885332309 318.1114859209716 317.6422798104205 316.8077298609046 315.9387053695455 316.1981770511127 316.0202986285821 316.1000945067485 316.2170701636635 315.0195283531461 315.2127017423021 314.1704240314307 313.8710362248891 313.8457708241418
404.4353420270334 405.5074989700329 386.17898749732 386.2743814341545 386.3861965592808 369.8766844005791 368.678100808363 367.591796311898 353.6128575451462 351.5821798912338 338.9696332300225 336.9292070627409 324.5784094245709 322.7222416230605 322.0448983632083 322.2645651378342 323.0281134565093 322.9370090660753 323.6032867581131 323.9523429466296 323.4530523010555 324.1058189347578 323.9695221306425 324.2520602644772 325.0998118690019 325.0656905507412 326.1807308693794 327.0102057740239 326.7723106118501 327.7450126050813 327.398438563605 327.3753595469408 327.1390183623517 326.4078250570413 326.6510526545725 326.3074486339372 326.1231555780494 326.4445344614654 326.224861916691 326.5569450708854 327.0483534538831 326.4483569748761 326.8496563145849 326.5408373796319 326.2133051764582 326.511825528858 326.2767914240775 326.4380568042803 326.4577761896111 325.7263782740339 325.9524162932311 325.4366897995873 325.1465292606105
416.7534427363661 413.0634836171074 411.7482606616245 399.6259124413644 395.9560840143937 394.1208335851983 382.7734479649014 380.102360199307 379.7754417384227 365.9433122663045 363.8404268277479 370.1351758659404 349.5419848223957 354.961184043843 336.0533641493417 340.3228108947071 331.2998965568004 331.5466923129096 331.3099147046414 332.0265230274712 332.0205578663991 332.2971565617842 332.7655226504316 332.4842472476466 333.2572873042559 333.6805384998661 333.5967786353654 334.5020042368981 334.740301621469 335.0500833891657 335.7326315070229 335.6445865758218 336.0129310347929 336.2118335423358 335.7729172439207 336.2583024585842 336.0560456532998 335.9821407675693 336.2889821636533 336.0707271541856 336.4263715166238 336.7978496222854 336.281904554204 336.8242980670765 336.8455379688743 336.5842576464063 337.1083245456833 337.09123528052 337.0439673794143 337.3990059245588 337.0000778233126 337.1415985711748 337.1026541788091
437.0916742853824 425.293565249553 421.5085296521418 419.645107724952 409.1006229382912 404.8116673031912 402.4203726502059 391.9465396894986 387.8167850566672 386.5730177138304 374.2825722167921 370.5210606715012 361.4048701411394 356.5021484254194 356.5054321820358 343.5262316402112 340.2923067740371 338.3224615228709 338.2761664252273 338.5165296708631 339.0356562327539 338.7742190688274 339.4813877785016 339.8053779886155 339.6796109802985 340.4727313654543 340.612040391673 340.8589531089858 341.5311931801121 341.4730784130296 342.1292000613741 342.6018004644324 342.3794295856791 343.1445565623983 343.2461792567113 343.1871803685386 343.5745772978945 343.2509961362753 343.544682034254 343.7795035769028 343.4005884913146 344.0247336421813 344.2258846251665 343.9860092231843 344.6154795178696 344.7668186861788 344.6955237362944 345.2843038109077 345.3029287428091 345.414780906824 345.7684989204355 345.3438842532682 345.6928365875404
438.4125461634487 428.7792964401435 423.789139006482 421.4049669314952 413.1937830356343 407.6122471589566 404.5908182556962 396.5184912388918 390.8443288312218 388.0843129661098 378.8394299208362 373.6632234518887 367.1489940719221 360.6568680414852 356.8088860868388 348.1342362049409 342.6346582095424 340.8957728766438 341.0891931756483 341.0805658395264 341.7161271126117 341.680483032833 342.0438477455195 342.5259539485738 342.2310071934655 343.035748039752 343.3795918106238 343.301789677833 344.066467237281 344.2180542477466 344.4581236915875 345.0735264423138 345.0078746391732 345.5247878806169 345.9102677378609 345.5934687590574 346.2825055286801 346.3587202764867 346.3217711232818 346.8447869579531 346.7841370229432 347.06804929746 347.5130736630288 347.2792773054721 347.8203635400004 348.109203290767 347.805885036951 348.4735852249431 348.5770264458154 348.4534709099484 348.8845219349745 348.6799488202787 348.7223646252619
439.4981972142074 424.1551449755351 420.3995710497013 419.9606708336727 408.5341759733999 404.2664759723192 403.4266679276004 392.0613340998323 388.1634749640771 388.5078738569642 374.8998059861607 372.251964454287 362.8612881182155 358.1874212599298 357.0840652627217 344.5299636292867 342.0459495855846 338.638790977684 338.6642091101577 338.9725657268219 339.5107678431778 339.27577897745 339.9199093898393 340.2347897833609 340.0713423057541 340.8039816350665 340.9505966059094 341.0760553924425 341.6711456246091 341.5504848886441 342.0458195482018 342.4493524375111 342.1532905533155 342.9240294075013 343.0970874250407 343.0623505526185 343.6427457620956 343.6046369635659 343.8666302859438 344.3361701343625 344.1981795990401 344.7250838676229 345.1026985119223 344.75037619591 345.4685463749611 345.6125938590108 345.4576992285569 345.946701784887 345.7519732592905 345.8267209550036 346.0303208018927 345.5420689485035 345.8310865855895
417.5402884658105 414.2815065415527 414.875669836098 401.0613592550754 397.5829586755322 397.7267155770755 384.0927157916407 381.7033328896632 383.1030864922391 367.2074723983314 365.4740596727756 353.9058570012858 351.0366728507295 352.6292139005167 337.1513059317605 338.5446249001115 339.578699045941 332.6142952208825 332.3214151744824 333.2350718421484 333.3790892901587 333.3759811830217 333.8060949176038 333.4637132797283 334.0007975752991 334.2437462113973 333.8814846099171 334.607086882734 334.7156807125501 334.7528708747749 335.363622314175 335.1773750624545 335.4535003708568 335.7571378107239 335.2805755771471 336.1043490464347 336.4009080812475 336.3739456087339 337.0979549802115 337.0969585734998 337.3353052190895 337.7766138773936 337.5178355027924 338.0422589743695 338.2204969685194 337.8750529838109 338.3402074411984 338.078763364594 337.9043314958458 337.9222499823668 337.2802440093483 337.3434299276628 337.191444782491
405.8800111649203 405.2397336094414 388.1351965494478 388.4783994157039 386.3827087054083 371.1956226025132 369.5011387970375 367.0754787906267 354.1833307890342 350.7389947597027 339.5508599402124 336.8968931891383 345.382150158243 323.6632852560203 329.2448692809034 324.0705456305004 325.2736671071842 325.3588198036487 325.7391351445082 326.361843216631 325.6537676093977 326.134663906594 325.366419247956 325.4522837412304 325.4778095064796 324.761071235453 325.3933099256176 325.7294994464858 325.4936641263135 326.4453663489951 326.4555613607964 326.1037395952098 326.3126904005521 325.6039616127945 326.2029640575637 326.7742076400034 326.6692464075105 327.81996157703 328.072528994211 327.8965813484292 328.2856418127285 327.639664243161 328.1584165996857 328.3640619245357 327.8499793851117 328.3058396889095 327.9100671191077 327.5190975385821 327.1651174057262 326.1238407736061 325.8716167614317 325.0262798534564 324.4477345063036
371.3280459920661 371.5092773421264 367.1478545341572 352.2756558148018 348.9100949741121 360.2984097806528 333.8828046010289 342.1255144098062 318.8943029114679 324.262003536625 316.7124850668571 316.7181552440089 316.4663911933544 317.45056332733 317.9514491359135 318.2227200187952 319.8586946932284 319.8060619380263 320.5738537609013 321.0872550330583 319.8902133928717 319.7820273451363 318.2117907948569 318.4676626925242 317.3497673330605 317.0984147863085 317.161404378747 317.0506618695097 317.9827362514628 319.2545445680676 317.7978492671793 317.8043077714835 316.6188654417222 316.6856269869756 317.7533885300328 318.6234399245205 319.4308228457591 320.9137345757133 319.8450734261987 320.158167855958 319.2327129567892 319.0502483485741 319.3737163643733 318.6224246237691 318.9578927558671 318.3482414732206 317.5753411531062 317.117513043554 315.5404332832654 314.8426618284826 312.7397709853196 311.9335561525782 310.9710681500088
330.271050640699 338.8500979037976 334.291324536314 322.3030838243588 324.2212460019669 325.1916001731866 321.9926166202496 317.5043826761959 315.4785927008423 311.4629943505572 312.2583553331887 312.4573332698862 311.5161107477099 313.1916497457824 314.6653949378629 314.3877497046109 317.2332560172917 318.1408071726172 317.6105838873993 319.1398874017513 315.7615576359352 316.0893352280817 314.1411875847375 313.8516830934423 312.6540907273451 311.2463416048305 311.1142674739478 310.1016135928948 311.8546645210182 314.1137582305669 311.9384114387242 310.9497527552768 308.0953987989525 309.2192301294399 310.7662871509806 312.9732927211022 314.6231470629654 317.5860793200383 315.1786811371606 314.8702545147363 312.0476563459669 312.9490266141175 312.7565733593118 311.7570986521385 311.6259244184251 309.1085277321941 309.4255482626863 308.4992545263672 307.073562273442 304.983752879004 302.6572858404037 300.6092405108631 298.9210213839156
309.4020650319104 312.0017656794743 312.3839041733437 315.7201102102146 318.5567207456472 320.5011478226394 319.9615280185782 317.8827431546035 312.0492251335108 309.1056892626305 306.9717312749898 306.8811628432396 305.9704910381955 306.1147704829477 306.7934846090788 310.3386589469716 312.9039421315924 312.0264919601282 314.4925993856104 313.7948018433347 313.0592659734887 310.332310760804 310.2646151188007 308.9594827001683 307.3386594205194 307.6596334919577 305.1399035596968 307.0078255571097 307.4822927461651 308.0700097717444 308.9130608976408 305.5138219381396 304.2967045782444 302.2411914202133 304.6853661883566 306.8287126991157 308.7880777459532 311.9675858477124 313.1845845525303 309.6726874294852 308.4057747269783 306.9950326489708 307.431998559217 305.04587608778 304.2077957984654 301.3369124100099 302.1180530757865 301.5640398176927 300.681281323045 298.5908904836157 294.9164061996389 292.7552814421652 290.6653651740319
