benchmarks/avaHockeyChannelEntTest/release1HS_ent_dfa_a96f6589b3_pft.asc
ncols 1001
nrows 401
xllcenter 1000.00
yllcenter -5000.00
cellsize 5.00
noDataValue nan
[rows 207 to 229 of 401, columns 53 to 105 of 1001]
1.104923097343746 1.089741375139533 1.098301201380722 1.093074679365082 1.099973514059367 1.214907865301802 1.121165168499849 1.125932691717145 1.308546881208307 1.236990762439743 1.199834547403312 1.174684969769589 1.144617720116325 1.158110310063863 1.141176432562603 1.133847784084463 1.122629391015982 1.116232027009975 1.190815927876661 1.127229745689373 1.107229763392702 1.118214738853205 1.105312839182793 1.111424137101142 1.114999059902833 1.117721664163279 1.114600690407608 1.127491046026804 1.118232769488076 1.128091633185756 1.14546473296758 1.14301389769326 1.155126027202114 1.179562144538878 1.160771050598246 1.211929602417732 1.178910630300306 1.212780625196418 1.183275752835992 1.217955777650677 1.223421798499015 1.229993977269104 1.244946893965624 1.25913754150176 1.253216914001728 1.272468134383601 1.27717091813046 1.306688545298652 1.295295764153011 1.330694680671497 1.320970676303667 1.3563734762266 1.391670627918717
1.114247081508124 1.222762409633293 1.18091423591278 1.148936942076818 1.259624610606291 1.12516520919361 1.090787623092118 1.078028175536285 1.200252266188915 1.199615508482025 1.15459767627784 1.126960075257669 1.098907917880225 1.097440664785672 1.094372551232582 1.265287029570908 1.205948704457144 1.151953872956161 1.158567099234993 1.113181727126552 1.113182750749925 1.217803162040182 1.136671713092621 1.111424176040581 1.234041331183414 1.12562448026134 1.133387728617164 1.135678029548484 1.165336811364672 1.145540146722719 1.158904347072478 1.172833507532538 1.144877006285487 1.187583956614111 1.149912600322086 1.200588032030321 1.166878237685631 1.227217274307429 1.195383725156584 1.237492244872356 1.225100032334714 1.236905116348306 1.236603578060585 1.254462221189079 1.259561055435497 1.279008213401746 1.293551871532508 1.305681691614799 1.328818686255156 1.369907336060214 1.361630486968717 1.388725211021529 1.446843445278835
1.154084898612728 1.135145118037227 1.120146757568842 1.204601390041584 1.192162186010449 1.229033110723589 1.142610064862342 1.111912492623863 1.100547139977149 1.094802710913606 1.097507171981941 1.098068657277182 1.098281278183758 1.102265894282733 1.108413763999066 1.104389726675725 1.303458987898595 1.139559557041952 1.122185180558393 1.127458736422536 1.097384933934934 1.103745195219536 1.136948504120064 1.122831394749554 1.127938292498706 1.103002956818103 1.141309627640203 1.153999493894032 1.13107964920373 1.137953670470824 1.161995634313121 1.153906919834236 1.160170088559624 1.183279591108166 1.159989512098525 1.174509251210197 1.183256823917989 1.189290067934778 1.202887243630505 1.201725083762634 1.22031396638298 1.246181241287064 1.252347351391636 1.294111311067438 1.284234609617772 1.345919666828813 1.321759961370562 1.380594076320868 1.385482087079236 1.414401520499305 1.449645847832379 1.461241693998267 1.505447474072946
1.097026684033309 1.098680725168356 1.07190458255757 1.080548192872857 1.165287050130813 1.082867752638599 1.072004898497608 1.070526779885191 1.082699121076079 1.122348558120561 1.142724132871301 1.10365901678757 1.102585922831062 1.231454923374393 1.171186262151234 1.123242835284936 1.104557398164535 1.104097517658983 1.110258472732469 1.098839387269303 1.10247245390541 1.332011566580395 1.249398721600103 1.174933466680476 1.148732204407612 1.199753928794439 1.147504232285771 1.128008626412107 1.137190588163282 1.149622092622538 1.151430996030286 1.167656334000388 1.196501680725429 1.192877109203759 1.208720703018786 1.204114246493255 1.22360177268908 1.248627053135483 1.263342357506805 1.302649788792832 1.295384200329096 1.318911607610999 1.320630401106915 1.365336345553335 1.379307010563793 1.419717410147278 1.429906262064469 1.461062941111934 1.507398261691083 1.529590699546425 1.54005091033844 1.598075113645408 1.614472435446066
1.066161969818744 1.068670457494035 1.068848769913503 1.08925973471895 1.100270087193865 1.100517554025118 1.097205773633046 1.088170477160353 1.148603270165281 1.126773104442348 1.171332776322541 1.129171345484997 1.113705526872404 1.098454915505696 1.19415692153772 1.174434777574139 1.126664734890782 1.106963267969254 1.313519235799142 1.210397290308714 1.183429766049491 1.162551359682485 1.152642246205727 1.151440863675367 1.133741556619756 1.153028213403587 1.160337296799296 1.181280950757378 1.190335989065825 1.201767273935209 1.214801615161953 1.210373152977152 1.242286481404225 1.255698411360769 1.298187680699276 1.299509801859828 1.316831387278086 1.312277727328014 1.311550266131741 1.331938343769426 1.353392669180921 1.41543438882307 1.399521165791894 1.452685807258507 1.465804553971315 1.494552295500623 1.531383349035828 1.537525622917512 1.578025277234367 1.620781829421287 1.640269899356456 1.697039051817248 1.721669593081136
1.221051234707908 1.217160668344261 1.147766034199743 1.156006503511265 1.122568883309383 1.109437180705586 1.105679183559339 1.287986623222165 1.372116976398779 1.208581819044254 1.158433470529089 1.100827796802085 1.114716964695816 1.112301132602411 1.10711239267764 1.280099380261972 1.187491925840302 1.153096070526545 1.222670148828571 1.169694727660541 1.146271486565796 1.157481518669785 1.15180752200359 1.164170776966674 1.171088640704235 1.177281349243989 1.185810026272392 1.202200919202409 1.217522204440266 1.22353614436885 1.262617522006648 1.272146749685334 1.292719817387588 1.292666121727589 1.300458026361149 1.338192822649489 1.327435465363119 1.379447660460699 1.36426889115141 1.423593195438266 1.400885127078782 1.463390973159489 1.47100154850475 1.504635848005425 1.544332398399206 1.547229808718276 1.598656927752117 1.620243969561909 1.63864461751493 1.687187991788124 1.68983907856161 1.743391878519854 1.750778604819418
1.125648687923863 1.122411635853165 1.166498843502428 1.102579001710938 1.098662880410866 1.083974889282382 1.118703911778898 1.161743310583171 1.330218415119764 1.219743652239249 1.161216846782575 1.138137104595597 1.147704608124652 1.111054033822222 1.117166693985356 1.142065230672159 1.129661250275977 1.137598101037229 1.201940116453738 1.150262136425924 1.372278900461586 1.171736312871159 1.195396147106526 1.203813349228552 1.201472191835503 1.207304771149483 1.219992570882052 1.232177992636467 1.273659336248872 1.272459273522792 1.286376993279697 1.281677350422146 1.298784250627972 1.31423193168944 1.335545655937152 1.349881537886769 1.368801124905879 1.40607133214092 1.427518874041616 1.447825514269208 1.459909314710212 1.509964057766509 1.522132514302488 1.543130893465727 1.538727725016684 1.590742277946639 1.617167546088366 1.649420367153128 1.680505134970239 1.709185946368495 1.746357651880395 1.758857316591865 1.786644787801705
1.129314118399189 1.11933286562523 1.108419766069169 1.094491717010838 1.093012139373678 1.080743333559204 1.09956658753032 1.09355592971214 1.100643794992868 1.113200044040054 1.249786519267022 1.165385745264192 1.124835459901292 1.222615230102993 1.160674489474046 1.158109152050591 1.167956428008433 1.167564399931872 1.178578808526765 1.172415644544062 1.175235546579623 1.193787707242036 1.192257954980426 1.218564725692246 1.227704762618435 1.262537082649315 1.263221725031344 1.268045300957018 1.269297019101316 1.278081319770026 1.311894779926626 1.329416245986884 1.353212975318244 1.361836064271108 1.388034665258867 1.412232417155285 1.449069452720684 1.420994547300067 1.452000749624686 1.445825566965383 1.485536713851625 1.512629503808945 1.505668307448478 1.54818957065236 1.586467541063049 1.629036632791653 1.625634468035424 1.643753844350789 1.665325022029783 1.720484218460341 1.732818488549433 1.745580415294808 1.787445011743655
1.099257908093318 1.103911153007043 1.20485098340904 1.146893701778738 1.133214284581101 1.115208053718317 1.104817027748833 1.202270905512472 1.204532411347977 1.153071929838656 1.146383021854749 1.118225262734797 1.124805441363012 1.234224192172178 1.166515548868237 1.144636580048778 1.154024117580422 1.181165790389589 1.179468295671312 1.175570666161573 1.195229179428921 1.206066120702621 1.207651312457941 1.267074856551275 1.225266259453282 1.240055594681932 1.259513226260712 1.257749388674482 1.309818440582831 1.300337061808708 1.318312782931287 1.315301711861219 1.343831895936315 1.34713004769921 1.386478755498667 1.367451556529045 1.399445207775112 1.425799302776174 1.474460700390726 1.462899411189968 1.481964737041535 1.493998535764472 1.553459318742283 1.565087434178424 1.54055046791772 1.58374459865739 1.621018438707409 1.672620533143955 1.65509394848928 1.687094129080376 1.709460344350871 1.729600099526232 1.738120203473737
1.100173098862301 1.09771950149185 1.184266117696007 1.180660031063468 1.287139253867475 1.161627199240252 1.097334700103297 1.089719088308387 1.112792536013882 1.117604088624238 1.113398819926616 1.116246079864888 1.139142404652831 1.138319610775489 1.154296926453359 1.161594893989144 1.242864854413897 1.170576694820232 1.166455602364653 1.187793669314815 1.188592797801008 1.212665565940756 1.236555438792113 1.302015386556951 1.25223767912528 1.248081221371004 1.262270189841547 1.261224542416713 1.271504607771541 1.301711048348194 1.312426933541259 1.343651710893535 1.356431802654314 1.370630108110189 1.38209168218282 1.407027836784354 1.405304461872042 1.412461717962585 1.426751656223025 1.488237303893685 1.504887136188099 1.508152089351338 1.511025196988959 1.539919586540342 1.588655004557331 1.600713580505969 1.588309873907879 1.627335376945158 1.656380114795806 1.659156546453465 1.68182202212515 1.697099152032874 1.718533193992369
1.139846277335005 1.09195228820383 1.096640167685594 1.091863781843703 1.093435492153355 1.212470372925037 1.152082465208258 1.144720512309772 1.126304296556288 1.118089171558521 1.118167367747199 1.435382686724721 1.308837031758641 1.194605332872552 1.144309941045549 1.138677247429035 1.151925109117011 1.179740578180004 1.188775055076983 1.201448062313662 1.226793610223607 1.198419596890466 1.207180569738005 1.208529063247118 1.244911376870023 1.255560300631674 1.271524752809179 1.296978547621209 1.285188348909305 1.311486020938956 1.30374174164511 1.302869776958883 1.309982003415036 1.339622929129856 1.351725106627955 1.403438799970119 1.412911262119144 1.470814662220073 1.459126448160132 1.444784968866202 1.451106229567694 1.480169640974911 1.505463327064662 1.519092633524024 1.514190838950487 1.533153836724034 1.5586523902114 1.576790108036263 1.59043176381091 1.597237011374556 1.576968421455556 1.638029792642097 1.61065432519239
1.110081189015573 1.0890362333594 1.088258271820504 1.082535267267986 1.096450455525114 1.109590971098088 1.097258017242594 1.136910747765169 1.133072813334267 1.117256252279864 1.107494499325828 1.248169687199086 1.124541326984842 1.124465601883686 1.158060957375441 1.136623126534654 1.148771591361619 1.17226549124965 1.18127887803071 1.183651685654156 1.173313167807087 1.19911801456839 1.215241755450233 1.210558982167258 1.217866440098166 1.252766820827355 1.22471895533639 1.225123192041993 1.250677822936799 1.24326955115848 1.293090026736609 1.289581887318934 1.324594279111271 1.312744996178745 1.333035799896574 1.339143004641272 1.335708177300587 1.359094041957873 1.360277840129644 1.42076010597196 1.444700740877848 1.4310479542164 1.440649670509359 1.428634826444112 1.458966525635303 1.487470739419587 1.476056843364632 1.472527013644548 1.482722658181473 1.509773095185524 1.501132256083465 1.478790943477831 1.517249621100989
1.089112276933876 1.079065084413853 1.377423327862512 1.162571722917794 1.113489106452932 1.079846098710336 1.092302286640105 1.238660750949972 1.166824542020826 1.130707130419754 1.108377144637322 1.108141381691005 1.108834532114835 1.236224150409537 1.167967540497419 1.172959641241898 1.149931377399213 1.156760780870263 1.131490998357044 1.132702972885628 1.144052959905779 1.152200926959613 1.174048330027856 1.195830353879358 1.205435378817368 1.207594694937226 1.210403578939475 1.242868119878947 1.243428992524686 1.241981821149891 1.262589956959008 1.24407539665148 1.274848716109347 1.295922193832491 1.303409205123695 1.314050029255238 1.303899717582564 1.346414766080392 1.333917308080926 1.335725670606401 1.340248220740283 1.375301477446294 1.368059780754155 1.372720281234543 1.33715142138155 1.346773144212076 1.39069354073325 1.370757451211098 1.353962207808685 1.38127143291871 1.384306371875262 1.386975580278841 1.337232833109554
1.113892229976339 1.0830741493141 1.087183850570987 1.100218717033415 1.100980344754875 1.097576887959718 1.259773959187023 1.268213016517964 1.203968304210923 1.189152648017793 1.161642938955997 1.218321308763546 1.106269267313745 1.102042965725222 1.179861607029971 1.13482728945326 1.123546829806893 1.11752039797941 1.133535844073374 1.130834561604681 1.148242052261329 1.155791579206546 1.12807411308171 1.139806983720621 1.147541500690257 1.1475923095427 1.168167402071258 1.196124094975672 1.178932093375475 1.188577722097493 1.206670285629326 1.223230672930002 1.214074375804741 1.241351582100929 1.228129844158912 1.242806320355715 1.248067657756363 1.227075585169263 1.23816443477982 1.254006830521572 1.276824631084154 1.28386970543127 1.261842331365696 1.272527085761027 1.272155386747347 1.264108066623 1.251554158142574 1.258822701810543 1.24032462751692 1.200207402595619 1.241132481942922 1.217227810101805 1.163410088764661
1.162447932214393 1.124485063116678 1.09815651647114 1.086198934760238 1.08098067527642 1.101552511361565 1.105022400498358 1.097160646651141 1.150390295058055 1.095421199204181 1.085489721492602 1.076746228002932 1.076783225888689 1.082017863553683 1.123795331176654 1.075754465139008 1.082174402713632 1.083536092499465 1.114743819874138 1.090088437400174 1.155595368988407 1.125887105968525 1.098914637921375 1.095688192819268 1.110908032087977 1.111367807138526 1.125006354067105 1.116789509930803 1.11786418320403 1.120365794399523 1.126965437155646 1.130180786884218 1.126587634964631 1.149647976962202 1.131308372864277 1.145190004775977 1.145992462277489 1.146290286425185 1.157035373707189 1.162333197129351 1.167561655283712 1.150701830244187 1.161533463511318 1.184089407243587 1.160892439584946 1.135882258108632 1.132248859541169 1.128171245453661 1.129051578934483 1.113229603679052 1.054191449709529 1.035843705191822 1.034578856115437
1.218610924109789 1.149460425890256 1.163150993853278 1.139520838040005 1.117495456840754 1.16048294351733 1.112084093565179 1.094204344552588 1.085766853954354 1.091380052582671 1.127120960377377 1.107784278360633 1.148597449302297 1.08248247964244 1.080398201520637 1.073511259868694 1.090556601798369 1.099611806974076 1.397473288057579 1.227709689314139 1.151263993913592 1.113325794994697 1.101431458103867 1.094224525851282 1.240779400265191 1.072293437007435 1.065646384190704 1.076407600598636 1.074614481645561 1.067729953559269 1.058004203617293 1.059279354760734 1.067074011151473 1.083866318063216 1.095367812807534 1.085960292899301 1.062869455314132 1.06838589907397 1.089334009340477 1.080886882311016 1.078138363338165 1.061652394352221 1.042921664521103 1.045353876550561 1.031854777934238 1.02002357824589 1.000355660902409 0.974373971379117 0.9630161604618694 0.9376383263218623 0.9277816768308268 0.9136807961009258 0.8837662683967528
1.085555351983521 1.071585670041603 1.131991416506535 1.247048370849819 1.096418820445128 1.121945462560614 1.072503471130826 1.065315894698507 1.139229998933625 1.098025297740208 1.159456386726425 1.116318116998838 1.109251816542796 1.162840717457684 1.227800359543423 1.106495475798736 1.061148530551977 1.07305078155122 1.18798981367025 1.127207536950122 1.124024778960164 1.105134132558647 1.088161580782725 1.088078570970588 1.089702322017379 1.071038578554688 1.102459924494525 1.058251329984936 1.048177901873176 1.04559644135882 1.030977391304712 1.028349093915713 1.004261505532647 1.011772648290586 0.9985935655723843 1.001180200044297 1.003150316232829 0.9788328001379248 0.9874918631576959 0.981604517644958 0.9657782994160378 0.9772120391105722 0.9506816586840362 0.9468791773050772 0.9358595815462564 0.9101772939576542 0.9256768775242243 0.8990205735377922 0.8608465837405269 0.8125496014756821 0.8076380171143324 0.7768946499069626 0.7535341892056326
1.071483557755467 1.057499171389802 1.045754256961084 1.029866696714903 1.048419975205979 1.143653651650884 1.377438038128971 1.284123518815897 1.410666010337647 1.188229860626774 1.145615977830289 1.100418950289052 1.092397830385696 1.092777765480889 1.109526384016746 1.108278362553504 1.108911195696634 1.085839542005243 1.100599436075344 1.102208614992296 1.168817954067924 1.310732142054691 1.151744533213533 1.184277492583976 1.119597241664839 1.073997476542886 1.057617400870172 1.048033326232754 0.9955539259111815 0.9736547922890409 0.9613163927803945 0.9752548630580197 0.9635111187373703 0.9571422213828065 0.9708566774746594 0.9318585548900404 0.9128427089551947 0.8887981521661783 0.9064914987669762 0.9059968955740257 0.9028166628067509 0.8656740148486424 0.8497468015345125 0.8337765397354082 0.8319186157990447 0.7918836511983329 0.7438844472258971 0.7109411739397309 0.7142551714467821 0.704575531797349 0.6421288853926727 0.6357201668212266 0.5813219313457693
1.172291228246271 1.130790147761078 1.109035728181969 1.1016463810712 1.066128557204906 1.213156255115239 1.26591934391813 1.180161857435726 1.134297886937917 1.099362280460988 1.085870351013695 1.070608936637278 1.072217202440712 1.188452912093773 1.100526282629209 1.049872043474955 1.175072823434941 1.119480472852744 1.058560550155825 1.052360497964795 1.036022851754855 1.026255519766867 1.027377080813756 1.103195429907219 1.062506894072883 0.9964650296494122 0.9675997248440583 0.9519995829878206 0.9201019611814637 0.9190638414758157 0.9171405196389036 0.903268620722139 0.8636204028078487 0.8351159251108048 0.8279606702670793 0.8322847059990177 0.8252027713141081 0.8329552799105087 0.8090454611549919 0.7697671904280941 0.7649214821533681 0.7381049200084216 0.7508351302393249 0.7086701062389478 0.6767552873257505 0.6547654990835733 0.6322238751357507 0.6219709172452883 0.5608655704529454 0.5124062314823801 0.4979418941934813 0.4426222671929166 0.3689173112666846
1.10953541076958 0.9939046920201609 1.031528739660738 1.002987340644445 1.102238788047826 1.069023609475609 1.025225514089511 1.111350208335784 1.045965978868155 1.037178313457876 1.125869913636073 1.061736745276407 1.044361708576795 1.096475570527705 1.057843833041845 1.175254257453133 1.150269396808018 1.112469040976333 1.118101772238831 1.265066652834032 1.121764791936196 1.132400964621789 1.086911209983045 1.039049070577272 0.9676736496614876 1.13328813995562 1.021938666136758 0.8866532161489962 0.8539775004219571 0.8028639533435932 0.7772167970337412 0.7722633010921363 0.7732163498965164 0.7713628804833781 0.7685184156565337 0.7316193133471939 0.6927147717895017 0.687763130813781 0.6790787973892989 0.6544591022156108 0.6032577925989179 0.5723773442223787 0.5665032710530662 0.5134402305284722 0.4921920293171476 0.4760818536904458 0.4192039970686348 0.3444032290043518 0.264764659480934 0.1820128502485785 0.106804366129329 0.05044780848321349 0.0101914399255711
1.067214000714319 1.211720849765373 1.121705035426232 0.9945096376588812 1.100761255581963 0.991897136002346 0.9326373582869111 0.9755156660778141 0.9523701175396314 1.128369186584963 1.168548331383209 1.049711477515846 0.9822785887268078 1.116293910954336 1.002859578316047 0.9748654641257322 0.8908569064709416 1.043693004456984 1.227501309844595 0.9883175687702055 0.9089611619051392 1.171342627879515 1.200960322974913 1.031253589321514 1.28735220315885 0.999188159920945 0.9397507289407958 0.8311722250297165 0.7647555681537626 0.7269179481213629 0.7121739041106195 0.6699175486052404 0.6370291980467906 0.6104009976364012 0.5653853940325642 0.5669406049732673 0.5383178329103728 0.5333729950148614 0.49155701792669 0.4709410782557505 0.4445120921786489 0.3368710578983325 0.2306091565966149 0.1782330717334878 0.131277968271107 0.08642835179400223 0.03966162470340734 0.006373179989015812 0 0 0 0 0
0.6584539187999698 0.6688203059568711 0.6542127791143427 0.6779706157971099 0.7089347902914328 0.7080750503181448 0.7076555957473466 0.6967962541864848 0.685391683856863 0.6805232665722099 0.7747100145898931 0.7712509421441371 0.7425993269408913 0.7098882891867899 0.6690663893947736 0.6519528975828571 0.6305515338215842 0.6276758416731901 0.7102795684841685 0.7727010001117369 0.7400877750213335 0.6880088634522897 0.644347588512271 0.6592328976483054 0.7665707085208334 0.6777275608544658 0.6098311674835026 0.5490341101102399 0.5101915695412862 0.4609761900500018 0.4333443139142053 0.3994301367219016 0.3478975727930427 0.2969098740266354 0.2603845097329481 0.2248370102060343 0.1729880552381136 0.1225683722431088 0.08693846633823629 0.05012973803603346 0.01969192672262933 0.003223046223251996 0 0 0 0 0 0 0 0 0 0 0
0.6193653903621847 0.6174754875104675 0.6082068905830825 0.5941944255335815 0.5856361654737489 0.5472444401334927 0.5349718895765569 0.4958035424252166 0.4825707080242131 0.506858876425598 0.5060247520389881 0.508266123577208 0.4973456224527142 0.4851851983489705 0.4946813266694302 0.4737627205966158 0.4751086903988237 0.455374138931607 0.4243222321220432 0.4004468086191832 0.3598223086573362 0.3575118993859238 0.3293950474422776 0.3097507110892966 0.271075021637791 0.2451380896467332 0.2074468891611425 0.1540478656324391 0.10884985633689 0.08354512899644266 0.05136794999630394 0.03231682217725519 0.01084381136153563 0.0008882796167359976 0 0 0 0 0 0 0 0 0 0 0 0 0 0 0 0 0 0 0
