benchmarks/avaHockeyChannelEntTest/release1HS_e8ff174c9d_C_ent_dfa_ppr.asc
ncols 1001
nrows 401
xllcenter 1000.00
yllcenter -5000.00
cellsize 5.00
nodata_value nan
[rows 207 to 229 of 401, columns 106 to 158 of 1001]
129.0504101379981 130.3988144433242 131.7712774225496 133.1530914291509 134.5534994127694 135.9298893441468 137.4204686457377 138.9865036826672 140.5185106937591 142.1246558121967 143.7940240656304 145.4140979495378 147.05496561324 148.7423362225713 150.4633160844776 152.267025029198 154.1023866999878 155.8985729935108 157.7043561945538 159.7757447669763 162.0021891624795 164.2248612160829 166.4261164505564 168.6371818023662 170.837351488712 172.978148936807 175.1125281609604 177.1605983678024 179.4283950382396 181.7336586433246 183.9041409393594 185.9426254549799 187.8668819716947 189.6266912131499 191.5100680064739 193.3990090625566 195.0357520860014 196.4507734857521 197.6105582307242 198.5378410860043 199.5667048936114 200.340677915676 200.8503715630522 201.015853496584 200.9090411626604 200.4576256881991 199.9668751339645 199.0863071880903 197.89186584694 196.3235577770073 194.2911797097591 192.0948746174321 189.8059089363366
130.2891670412702 131.6980100258494 133.2570950374637 134.8503645834642 136.4037016642823 138.0390896642584 139.6552401290727 141.3581923260035 143.0796669278139 144.8329639575567 146.6033074735285 148.3871956709377 150.1569169280978 152.0451025802949 153.8709920294103 155.7022466753249 157.557204313362 159.4137264709506 161.2598111140301 163.1057420142537 165.0607618393991 167.1070850922488 169.0987788439266 171.0305383257472 172.9122193003618 174.7555818823858 176.5833378130903 178.3213233000087 179.9914490551632 181.7070853262466 183.4287790087757 185.012256768592 186.4529726254516 187.7624999224585 188.8425342174012 189.7415515332087 190.4480327712753 191.0140626712451 191.4446292268271 191.6276833701098 191.4429510936706 191.0190321179249 190.1697292888782 189.125308745729 187.6977329487803 185.9311520780196 184.0160511716893 181.6703347137518 178.8713498079409 176.1274437329541 172.9749234008185 170.1241726480897 167.0061049639792
134.259685690092 135.7171306063427 137.2356817698557 138.6568606728455 140.1968975544235 141.738809076344 143.3102075242251 144.9379905169444 146.4883503005472 148.1321522358794 149.7908524643962 151.4526999775605 153.1149581014784 154.7866517562192 156.4655639779687 158.128205820358 159.8236978183209 161.4848570604234 163.0873548357937 164.7146868790772 166.3526776466184 167.9073409286911 169.5674922136799 171.1729674466852 172.7099917124014 174.244903558314 175.7084796223002 177.0557620611067 178.3306736662474 179.4446434482956 180.4012908347082 181.2280022560874 181.8320550508036 182.250997160556 182.525722089035 182.5821237679884 182.3814556047869 181.8789710922395 181.0688058636684 179.9954134670971 178.6235824603332 176.8788179087189 174.9510215580338 172.6103139233719 169.5968251082973 166.5543245884949 163.2953991535287 159.4042534861524 155.550398303928 152.4150683049866 148.2212260751077 143.2048257960288 138.6076857240263
137.116444872436 138.4595063200528 139.835474023801 141.228129691414 142.6518886817882 144.0665298589791 145.4895483329223 146.9119475845761 148.3651743939607 149.8506587193883 151.3170090149595 152.8191888925284 154.2788069649739 155.763970447859 157.2542626943262 158.7252740089647 160.2041526147806 161.634887772334 163.036643057742 164.3986992562413 165.7353511360601 167.0183289491633 168.169675737892 169.3502018538142 170.3800492362569 171.3281495320066 172.1810543969044 172.8835995672121 173.4527103618099 173.7902919220787 174.0539291027027 173.9471443068281 173.8304797937442 173.2970406952505 172.4431026895138 171.2280813386463 169.8713546246992 168.2810836544646 166.117549463478 163.8466276702777 161.3507493849176 158.008908615838 154.6906599372809 151.347885397355 147.0688603290218 142.5754336709531 138.5016147819009 133.3033322862923 128.7768414795917 123.946519567627 119.4323142069907 114.4311712099562 110.0919567037966
138.6517011474013 139.8048513007438 141.0659538179162 142.3366037808373 143.6236113975441 144.8606248403129 146.1074223711912 147.4576638534107 148.7026675477092 149.9664825418191 151.2628575963155 152.5189213210777 153.753164663059 155.0165106599842 156.2144274974273 157.3753861596503 158.5560554884293 159.6691395682158 160.7511949864366 161.8184089391072 162.7316216072202 163.6010213472655 164.3579814380603 164.9363601068195 165.4219757015343 165.708489005556 165.8742743372689 165.8049624615561 165.5753297968551 165.0337905755286 164.3461216324138 163.2672598801096 162.1655897926741 160.4556887786758 158.5173616364976 156.2045226363232 153.5495984651498 150.3514091068468 147.7824959968324 143.7973948202413 139.8163246675551 135.5288752768402 130.5521686285122 125.8570522506459 121.6282306148315 117.0135871950377 112.1413406966584 107.4196103714943 104.2752854111969 100.7984589642808 96.99239590048816 95.60692924507968 96.0878140044602
138.8811832012761 140.0432955667299 141.1236375787626 142.2706927893541 143.3927697469113 144.4727829126969 145.6030818200551 146.7031165191693 147.8146422962957 148.9063973679866 149.9439996960954 151.0141865531331 151.9952821002587 152.9209735947082 153.8882866041736 154.7387869533534 155.5749962336308 156.3377485309739 156.9244231260978 157.4429168375659 157.794087161027 158.051481812041 158.1010843214622 158.0148268597773 157.7534534468946 157.1349366256512 156.5692835855213 155.5955778077915 154.4192838524993 153.149907926026 151.3999384815202 149.0674063144723 146.4832831496539 143.4667451631225 139.9795653098264 136.8707368014654 133.0347780459981 128.9632057907819 124.8375176190934 119.7659077388558 116.0156834954635 111.4622602306249 106.7331096108291 102.71688319878 98.85215570340189 94.83034163897491 90.46910704027023 87.73664527282605 86.44118408389292 85.11988465357985 79.21436931165852 77.78492395553307 77.78492395553307
138.0054203995797 138.9618882227518 139.9698753218668 140.927359151662 141.856470327276 142.7374182967501 143.6276845171378 144.4166452876788 145.2021073553769 146.0570433552629 146.7661197915888 147.4879294308252 148.1834546728983 148.7742683222334 149.4462623050993 149.9337199406033 150.3579638087928 150.5522249819139 150.5772910812293 150.5492295999293 150.1979439364353 149.7529316009284 148.9882320718264 148.207989208086 147.1138692262485 145.7810029798032 143.9742771100963 141.8538494952852 139.5889194634088 137.0031176623217 133.6613267593829 130.4841737681182 126.750314814275 122.5314040437701 118.576261581614 113.9171908080566 109.5844275120161 105.8156878287536 101.5446236135373 97.89243455734277 93.8810137779663 90.16301020323955 88.06078127603847 84.13522627961315 81.25890980789436 78.2952691880385 76.56287165989326 76.83523313762275 76.83523313762275 66.44881125395956 0 0 0
135.9275962925658 136.6747116182694 137.3135551255378 138.0153907459089 138.7044671025643 139.3620858739264 140.1213550411004 140.7717082570294 141.2554353279607 141.8904312089123 142.3584428087326 142.6234752231604 142.9972539264889 143.0221521771501 143.1603770541189 142.9968885447712 142.7386324374384 142.3597483563355 141.6414120469772 140.9332630692057 139.7847404965241 138.656777344696 136.9330383475041 135.1873720809922 132.8882825388245 130.5966616614422 127.5636211530291 124.4781979446667 121.451669728013 117.520457737825 113.2622597001932 108.3493500978048 103.4704390375002 98.45459401615595 93.33331897256478 89.62571549701114 85.52189159548891 84.15022788980032 82.67392869646932 78.85437416321628 77.20893748751318 76.60118477540281 78.86197628612713 77.76587247773448 73.35188540413344 72.61635404795348 0 0 0 0 0 0 0
132.4840724767328 133.1273597993186 133.6789888701404 134.035446015761 134.5627498094988 134.8684512733413 135.0917293848947 135.4046070395444 135.6605826328835 135.732523054685 135.9462611416617 135.6614546161938 135.3866000598891 134.9146145478996 134.3340464827935 133.6804764455315 132.44384650401 131.4691972177706 129.9619288616742 128.292327147804 126.1955091743259 124.1164681246556 121.0891409924191 118.142560530159 114.80231700976 111.3886974116398 107.7790541809853 103.6492816619331 99.63122508262224 94.6129797007343 90.4954073072489 86.00657470529198 81.37493454507086 79.03465445684434 77.8091521895836 70.82167214702093 68.44020017460599 72.47660244202407 74.2646442551501 62.1414401490202 57.95455205393154 53.60739019911546 0 0 0 0 0 0 0 0 0 0 0
127.70389309955 128.0265848692423 128.3979017044948 128.5766736329805 128.6876591534036 128.6649194387814 128.6171239317125 128.4230652513559 128.2185927032459 127.7021870164849 127.0910227646851 126.4287025382018 125.2353087917104 124.2175286424856 122.8838758390637 121.1901518041493 119.2918727228582 117.3527604880819 114.9598427667207 112.3233463601639 109.4582084460002 106.2338706977016 102.6522107149613 98.82112642452688 96.32127158988584 91.32320481941524 87.73928032938386 86.35559211659124 83.33116518471277 80.13240020550711 72.28948472518923 70.97700438514555 62.71143778842873 62.71143778842873 60.69202542214883 61.07095367199493 60.34166610894252 38.79662730424514 33.49330861610224 0 0 0 0 0 0 0 0 0 0 0 0 0 0
121.8875866508862 121.5836587293018 121.6546273192318 121.3840765712988 120.9137825154593 120.4324077547652 119.8465950800926 119.3072274621396 118.2740439738935 117.1021957357718 115.8025134822674 114.2670682316787 112.8271327289406 110.7677713920341 108.7768314186251 106.202157929509 104.1497338286907 103.3171933535176 97.7709724180725 93.73283229352249 93.11098147733355 92.0214523934747 88.42651844129988 87.54506222776001 76.81741940530367 77.32396010171705 73.03892789800423 66.26245767651422 65.2109047122244 60.86797599446047 59.25674925703446 56.76178656981846 56.20028474047549 48.08487508656403 48.08487508656403 0 0 0 0 0 0 0 0 0 0 0 0 0 0 0 0 0 0
113.6879213599705 113.1548794229551 112.5302395775892 111.906418755513 110.9561045341899 110.1561357453118 108.7645664876149 107.3889449841917 105.9273592723481 105.9224486172343 101.976229464135 99.87716307876047 98.94103143334556 98.23174304328408 94.87246714913132 94.0995069471914 93.25186372894994 89.84526323063214 81.65900729531438 80.37698571100204 80.1391230024927 78.05480064923329 73.2100696796975 71.57509088794764 64.02506111104017 60.94661735100583 59.26783773724908 58.66284538401729 58.11765661921925 43.31729976453475 41.50600727748265 0 0 0 0 0 0 0 0 0 0 0 0 0 0 0 0 0 0 0 0 0 0
103.9816139074599 102.914241081958 101.8033241761814 100.8170169577865 99.13722988747695 98.61385941318491 99.19721330814377 97.78330646153546 97.71756962511532 95.50087278229758 89.51494192937309 87.95181532159987 86.87020238265829 85.51745487968678 82.21732808244043 81.59859958219543 76.53052323400745 76.80082382845443 75.84795202490905 68.46612049606523 67.17147188262904 56.49694893666244 55.55408307929988 57.74079231324919 53.72945645537789 47.43339336152557 36.9590258605898 0 0 0 0 0 0 0 0 0 0 0 0 0 0 0 0 0 0 0 0 0 0 0 0 0 0
93.24738433308052 92.30429628298413 91.02678587422201 90.17009378721598 90.8858788518873 90.45398769567727 90.27377012659007 86.89447871453694 86.37220175634106 79.65633138860656 79.34036760614794 78.58704399438083 71.77176428271058 71.71045977495285 71.4861302715677 68.88563830690548 62.38716539230371 61.48197223401931 56.23980984096008 51.3204679165255 49.66606428366839 46.49630105097202 36.25616323414546 35.87073040610785 0 0 0 0 0 0 0 0 0 0 0 0 0 0 0 0 0 0 0 0 0 0 0 0 0 0 0 0 0
82.62847344799248 81.70336133293083 82.38552645976289 82.54077750869176 82.61757293937914 75.30798135888178 75.31872959993206 74.97445505335536 74.71843362889085 72.88987466035231 66.60982002131848 65.99622536178637 60.33069452975933 59.92381538896457 55.28467142563518 53.60240273910611 49.17074877348571 45.2037084015277 40.86192393016073 38.40211713752225 24.10294720104753 0 0 0 0 0 0 0 0 0 0 0 0 0 0 0 0 0 0 0 0 0 0 0 0 0 0 0 0 0 0 0 0
76.3033764916425 76.43333493987501 76.47467901759074 70.42706648508289 70.13341725228815 69.97052083542387 62.88693674014136 62.80219912425252 62.00895640911749 59.55708024220834 50.50054399437909 49.88429587275624 46.85807807882134 44.50532015746256 41.05274575308211 41.05274575308209 32.9535211021359 0 0 0 0 0 0 0 0 0 0 0 0 0 0 0 0 0 0 0 0 0 0 0 0 0 0 0 0 0 0 0 0 0 0 0 0
65.25539335168699 64.92587111086317 64.99818720177002 63.00894704286193 52.52288595398317 52.41713364287417 53.30773686818875 50.92727822194287 43.00405944270545 42.87169099383738 42.87169099383738 38.3703161631361 31.50013883591461 0 0 0 0 0 0 0 0 0 0 0 0 0 0 0 0 0 0 0 0 0 0 0 0 0 0 0 0 0 0 0 0 0 0 0 0 0 0 0 0
56.27269839381112 55.07629659311402 44.69995695299524 45.04170309010871 43.56472931362035 42.36210175674009 42.29365397356059 33.23556593033226 31.75051458563362 0 0 0 0 0 0 0 0 0 0 0 0 0 0 0 0 0 0 0 0 0 0 0 0 0 0 0 0 0 0 0 0 0 0 0 0 0 0 0 0 0 0 0 0
42.45910975499796 37.94230241047628 36.409852239099 31.79301397120095 27.7498604386793 0 0 0 0 0 0 0 0 0 0 0 0 0 0 0 0 0 0 0 0 0 0 0 0 0 0 0 0 0 0 0 0 0 0 0 0 0 0 0 0 0 0 0 0 0 0 0 0
0 0 0 0 0 0 0 0 0 0 0 0 0 0 0 0 0 0 0 0 0 0 0 0 0 0 0 0 0 0 0 0 0 0 0 0 0 0 0 0 0 0 0 0 0 0 0 0 0 0 0 0 0
0 0 0 0 0 0 0 0 0 0 0 0 0 0 0 0 0 0 0 0 0 0 0 0 0 0 0 0 0 0 0 0 0 0 0 0 0 0 0 0 0 0 0 0 0 0 0 0 0 0 0 0 0
0 0 0 0 0 0 0 0 0 0 0 0 0 0 0 0 0 0 0 0 0 0 0 0 0 0 0 0 0 0 0 0 0 0 0 0 0 0 0 0 0 0 0 0 0 0 0 0 0 0 0 0 0
0 0 0 0 0 0 0 0 0 0 0 0 0 0 0 0 0 0 0 0 0 0 0 0 0 0 0 0 0 0 0 0 0 0 0 0 0 0 0 0 0 0 0 0 0 0 0 0 0 0 0 0 0
