benchmarks/avaHockeyChannelEntTest/release1HS_bb6bc5c2c8_ent_dfa_ppr.asc
ncols 1001
nrows 401
xllcenter 1000.00
yllcenter -5000.00
cellsize 5.00
noDataValue nan
[rows 207 to 229 of 401, columns 0 to 52 of 1001]
0 0 0 0 0 0 0 0 0 0 0 0 0 0 0 0 0 0 0 0 7.055510644822934 14.19649687359317 19.67247994599876 24.42240900477839 27.67228294793084 29.67438072828615 33.92087548509004 37.87370679191062 41.43010981611851 44.7625792707855 47.67963748632518 50.74524262646825 54.05598930236045 57.27419491661228 60.26996619988644 63.08656418702528 65.67826936818545 68.15125953812459 70.48428748159951 72.72497632277772 74.70301393370551 76.55283237716594 78.25336056982489 79.82429796921681 81.41244104341767 82.94790697378362 84.41430277091575 85.90745266660927 87.30972910394631 88.66692154432867 89.89169020652835 91.06187291523497 92.13340465784259
0 0 0 0 0 0 0 0 0 0 0 0 0 0 0 0 0 0 0 0 7.267544044074111 14.12322992932794 19.20606796831592 23.95243229612163 26.88318152163908 29.61175122005411 34.04207286849858 38.0353306136119 41.57323391561771 44.95049776525264 47.80283959991936 50.89140186297314 54.22189035833908 57.43979606743437 60.36438163038421 63.17464518960472 65.83927952379993 68.29666762517323 70.58521305795227 72.64368075330228 74.60869564021816 76.40351781830425 78.2295976294829 80.03843024484078 81.66120250467588 83.18506967641629 84.74815321416753 86.22856123694332 87.57316998011403 88.85704670662508 90.04559833369389 91.16928549862746 92.26988808787709
0 0 0 0 0 0 0 0 0 0 0 0 0 0 0 0 0 0 0 0 6.707558509265818 13.17009523696445 18.7297784854638 22.43705742928464 24.7829964205878 29.09170037667827 33.24125562011334 37.18275186449925 40.88287193317936 44.18293982292116 47.66555157173665 51.03196781474179 54.25267858073213 57.3810572540549 60.32756868231556 63.19462381074997 65.86229718781466 68.36959504825022 70.60840670532571 72.7166530390098 74.66311127773025 76.68886641217863 78.5746119878367 80.369467947998 81.97117528457318 83.52475895932319 84.98077480611357 86.31634330705498 87.59352183550001 88.82369543448063 89.98324279264986 91.11232200943273 92.24460679378421
0 0 0 0 0 0 0 0 0 0 0 0 0 0 0 0 0 0 0 0 6.707558509265818 13.17009523696444 18.7297784854638 22.44743811652893 25.49034442903614 28.7009073164467 32.8158684514538 36.51904320533757 40.0816423536222 43.49515721564094 46.90468358806302 50.25158857260234 53.42528142808557 56.41885689670253 59.37680469141997 62.33944153416792 65.21924564823358 67.7758530554825 70.16034993191225 72.36913708660646 74.41245947131297 76.32362235668617 78.17044148038825 79.93036143639435 81.60380799566725 83.19601129497123 84.71286234621749 86.14363950628633 87.44450436142849 88.71512848485766 89.92198011484805 91.0677991682996 92.08437934807867
0 0 0 0 0 0 0 0 0 0 0 0 0 0 0 0 0 0 0 0 6.385670739777091 12.98956090063574 19.00170849964319 23.47032167082825 26.054706066629 28.24143150064154 32.51399105226382 36.19105887078645 39.56816679630638 42.83856002141707 46.31165033970634 49.42324330704075 52.51695868979917 55.66630544856255 58.7330738381858 61.686040780448 64.51500331361132 67.16691484161463 69.61390271615944 71.94087007121307 74.02731833802862 75.98647182827806 77.85222628853317 79.67715252163326 81.36253825495233 83.00011033523333 84.50308006216996 85.92180738580623 87.2657435288672 88.59127746315953 89.87690359105126 91.09257627074096 92.2215916240643
0 0 0 0 0 0 0 0 0 0 0 0 0 0 0 0 0 0 0 0 6.817691644703134 13.24838797953987 17.52597216915946 20.20428534004886 24.16153607855334 27.7846083846946 32.0175961996876 35.70324160105733 39.17791641115542 42.85811992425535 46.57304893538988 49.92093285565249 52.95796957296451 55.7503930491111 58.53171531457206 61.59385751743695 64.526556031133 67.12378383125093 69.53986982432411 71.75293204811825 73.77315972844416 75.77270119417616 77.68401435994781 79.45846988004303 81.1563520979275 82.78099022538477 84.3662652089255 85.86379318586988 87.31305021344735 88.60270989264805 89.86222472698908 91.01197061278867 92.09337450937983
0 0 0 0 0 0 0 0 0 0 0 0 0 0 0 0 0 0 0 0 7.083575314516798 13.39005390679913 16.90876058429829 18.91398995037336 22.80146918213525 27.15940433694911 31.37302929683763 35.24578564167176 39.00248644796795 42.61280373746194 46.17430949711087 49.64307813730989 52.70681602854791 55.56015806074284 58.45412860923876 61.32647255963214 64.09925715410303 66.5900027484676 68.97063054106118 71.19068942126178 73.22292743475406 75.04449665260231 76.77137604189937 78.53413512836347 80.30870200913353 81.87231991712052 83.38571504165432 84.82376531912257 86.22562917200906 87.55608618389346 88.865866334609 90.03100234505156 91.11730540550967
0 0 0 0 0 0 0 0 0 0 0 0 0 0 0 0 0 0 0 0 7.083575314516798 13.39005390679914 17.1629460532915 19.85333639326246 22.66726133836649 26.97987398469737 31.45594480775282 35.65021018540092 39.48162219306301 43.14712050795131 46.50370978545905 49.64473842034605 52.70997361762043 55.80526150871237 58.71408279416985 61.37788806882717 63.90128910003266 66.44123816397483 68.78999045638892 71.0135081468151 72.99583204050326 74.83684087296803 76.61764679870846 78.26969752023236 79.76233102356022 81.18456001956451 82.57503731399144 84.03713776316046 85.36920903023113 86.70243016431687 87.9429534531545 89.08835203497401 90.23895217985184
0 0 0 0 0 0 0 0 0 0 0 0 0 0 0 0 0 0 0 0 4.070567320245575 11.05272669595232 17.16008670714972 21.98262193481244 25.49381621116978 27.71760907266576 31.91880987741816 35.78370571346777 39.84341132080199 43.73537280435583 47.26064090872003 50.43451795984878 53.4392246975185 56.29159800542298 58.92375005773449 61.45992290843623 63.90799924224332 66.46061908226466 68.94912869213059 71.08738407938894 73.09209013536446 74.85154285404718 76.51501605361827 78.09069669030647 79.57047720119557 80.92751488807349 82.23085742821314 83.46192985848148 84.58479473457827 85.69489443900532 86.98400010413054 88.33767683889518 89.70127455225003
0 0 0 0 0 0 0 0 0 0 0 0 0 0 0 0 0 0 0 0 6.267320492488322 12.63908421394235 17.88378153756661 20.93720418384495 23.70961876444441 27.90360309746033 32.27705355838253 36.45320388414176 40.31649440062394 43.82408810281227 47.2323439594558 50.34248894799452 53.37996680130563 56.37536874039155 59.09600754182819 61.72084523668765 64.12469029873021 66.47924801537302 68.66145506503003 70.7889073335252 72.76641127404697 74.53916227704336 76.35360728004088 77.90796236765118 79.46326616293295 80.85128082001548 82.18752027944826 83.4286711673457 84.55904084667398 85.67085235216122 86.93236452515481 88.33324009419502 89.72054344032667
0 0 0 0 0 0 0 0 0 0 0 0 0 0 0 0 0 0 0 0 7.167336894420512 13.16773583482105 17.46690695949423 19.26397075428631 23.5017538274044 27.90296462604217 32.28682723110477 36.27318849043158 40.33862530168562 43.92240161579448 47.35401824522671 50.36500968970847 53.23551407346082 56.16111068125254 58.9687902513899 61.70870123981653 64.30603007284191 66.65913012505025 68.85593177030442 70.92273704447773 72.84324620009484 74.68779090785584 76.43891267363053 77.97643865927749 79.41734059219228 80.6901321726445 81.83811208046964 82.88023029760882 84.17201883419871 85.57954200717055 86.87881354548955 88.21192904624034 89.45406767826854
0 0 0 0 0 0 0 0 0 0 0 0 0 0 0 0 0 0 0 0 7.118539749077502 12.96283981412948 17.14522978737113 18.84370917870261 22.81700829040922 27.49015241403107 32.08807977695731 36.35313273842213 40.24212138815373 43.84395376873115 47.1321807590726 50.27196032851567 53.1468871584268 56.00016347665679 58.77248385308123 61.55376077968106 64.26450993476743 66.81152489347105 69.17853017096984 71.26148663633781 73.17123471898445 74.91212409530459 76.46686789710692 77.91110286683973 79.22827618925162 80.47159432368097 81.62478596393763 82.73313459989407 83.95876835687756 85.14934467247532 86.21984248257715 87.58988461256118 89.06862163339224
0 0 0 0 0 0 0 0 0 0 0 0 0 0 0 0 0 0 0 0 7.115027886901087 12.89088680197783 17.0411334662123 19.03897479930292 22.69124151533919 27.21532475970887 31.76958556829448 36.04326269066461 39.9546350906416 43.71928010704725 46.94122086952138 50.01867565062987 52.96571574095566 55.69609050969907 58.28235649363486 61.14544424012185 63.9006547918381 66.40202968272786 68.77843738025358 70.88588310448803 72.84407117939313 74.70806198122142 76.35031802299031 77.87371393771778 79.19786984674369 80.41924437414207 81.5076097056694 82.47621517217561 83.68829763675137 84.80060096703062 85.85824489658835 86.8016071864425 88.09330289879944
0 0 0 0 0 0 0 0 0 0 0 0 0 0 0 0 0 0 0 0 6.325147366820658 12.56894507564413 17.82672613272978 20.85539474589143 23.06562586583916 27.2698609280155 31.64446746393855 35.86395075728182 39.86819067899679 43.54757902066223 46.95838776589877 50.16308800352628 53.05627339627294 55.70094085845505 58.20688444299608 60.67638978332538 63.25313000919626 65.65954096230955 67.79520511198579 69.8602537526974 71.76183293625664 73.40941376258512 74.93578893047308 76.32637504334942 77.63410580166384 78.8628048052264 80.0191100467097 81.0964539207787 82.27338921786512 83.30911927046878 84.43647637804639 85.74967564057995 87.03844320626831
0 0 0 0 0 0 0 0 0 0 0 0 0 0 0 0 0 0 0 0 6.368045533817555 13.41154466907812 18.03746773275387 21.57099218979849 23.48577713703548 27.72383777727745 31.97241913270084 35.9848339249887 39.76092914826026 43.4780825040051 46.95512449889175 50.24255324923349 53.14542448882649 55.95091376554755 58.49072236421729 60.83925888717113 63.14967523708704 65.28039329779693 67.26268482000603 68.98225281213711 70.52710558812936 72.01975146167358 73.41223027819061 74.79386613536288 76.13952432840883 77.32043273536458 78.80053588458861 80.28454685505092 81.67458754131246 82.95011817590279 83.996316350375 84.97099047454981 85.85704410898686
0 0 0 0 0 0 0 0 0 0 0 0 0 0 0 0 0 0 0 0 6.373085634983659 13.41154466907812 18.03746773275387 21.57099218979849 23.84521298641904 27.70857334557507 32.06861181896611 36.12792366002517 39.953570759756 43.58044644761519 46.90797452470888 49.99069259376085 52.84089170681295 55.44599607744349 57.8447157441038 60.23907795987681 62.40142844479266 64.376943249642 66.15162536018751 67.79238109210074 69.36374291159061 70.96316890589443 72.43438486216881 73.75966043454943 74.91778914937947 76.40824801852115 77.98984964893837 79.31966683377159 80.48366860987009 81.5434427850998 82.58063065527887 83.545676866801 84.43140677838079
0 0 0 0 0 0 0 0 0 0 0 0 0 0 0 0 0 0 0 0 6.374847989287068 13.00372241661652 18.95367489663154 23.0065702473301 25.04067389247751 28.31067203633743 32.38164535682971 35.88931105269089 39.60673120773153 43.01895894197502 46.04641907040116 49.03868547923665 51.76194237181942 54.35856576529479 56.74918478326125 59.01716285416636 61.01649916176331 62.862167460085 64.53353427589249 66.15273464492023 67.74962523471534 69.20110837892928 70.51018321994653 71.67283042089494 72.95629334168923 74.28745208546563 75.59532928112743 76.84974000923992 78.09139544285351 79.22606942221147 80.19583711265011 81.02623066356642 81.80626509019329
0 0 0 0 0 0 0 0 0 0 0 0 0 0 0 0 0 0 0 0 6.374847989287068 13.00372241661652 18.95367489663155 23.0065702473301 25.04084250179239 28.50770500294944 32.42428016756274 35.86531026641087 39.10873400650766 42.01350605041603 44.72144226457114 47.76961586040191 50.60271790617583 53.0848914149143 55.1511382969225 57.11560773553269 59.18647085787171 61.09143176834985 62.71286356562083 64.11136661683653 65.3287700459835 66.49590174708847 67.76036035746742 69.03527975927071 70.19516020205367 71.54761820570543 72.86664705821782 73.98542989075501 75.04680609760821 75.96897928462825 76.91509889401563 77.66376523583898 78.31720374405089
0 0 0 0 0 0 0 0 0 0 0 0 0 0 0 0 0 0 0 0 6.316587953473456 12.59107612236124 17.778239719234 20.92143525164428 23.3548034583535 27.09931447371322 30.82595630094797 34.24891680832925 37.20139216727365 39.87240427457443 42.61108140480181 45.69216220375775 48.54530983000664 50.99705262481396 53.09100102594043 55.08060680275523 57.08302663051033 58.81769913107435 60.28539845278436 61.55883162840223 62.69884371886288 63.65505069025136 64.88535345527225 66.28723111435021 67.45929167957536 68.52860184697433 69.42369400923104 70.29736291058521 71.18590618422532 72.00906278529051 72.63156900247135 73.11821322313716 73.55439555086163
0 0 0 0 0 0 0 0 0 0 0 0 0 0 0 0 0 0 0 0 7.28611938326362 12.09568925278353 15.85270910717815 18.61174689862317 21.46444777556171 25.47493213847888 29.07357689794804 32.1891064735278 34.97225790836501 37.82937409699613 40.90812659398158 43.72144801615408 46.16718124587351 48.26282353427088 50.10112865846207 51.71373026623536 53.56085511229034 55.13857750624492 56.39081101277009 57.27795690230175 58.3722421382023 59.79634703517788 61.02458669594216 62.06378124149516 62.98514974141824 64.00331621876443 64.88228266856623 65.67923940490094 66.31579297245807 66.71618692937619 67.16780408359573 67.56093131139244 67.89022333115132
0 0 0 0 0 0 0 0 0 0 0 0 0 0 0 0 0 0 0 0 7.168496262992115 11.68295002294049 13.7564753087353 16.00541265395879 19.34133923159071 22.68020535847571 26.41754846558428 29.67016622897388 32.63881554894123 35.3678302008982 37.89280149942885 40.37570431963088 42.42852158033769 44.24675465518384 45.69711498052396 47.00036842381309 48.41293935663728 49.52909044068992 50.61960423485379 52.00152009326778 53.20095431200302 54.14808782381115 55.02913414069204 55.95350128788859 56.91326877626084 57.82825007671741 58.5989915670572 59.14707229127137 59.82809091883068 60.30229071117957 60.6391647671772 60.87197948894949 60.93647162082713
0 0 0 0 0 0 0 0 0 0 0 0 0 0 0 0 0 0 0 0 7.099489182181305 11.64187846782275 12.84247138597862 14.65982429784813 17.48622962680857 20.45839314445126 23.22499186905739 25.72360085879472 27.90778885917688 30.12949177554775 32.41885776900634 34.89152856074463 36.64373894126118 37.93170142924583 39.2396305061242 40.51531220897594 41.27821701359235 42.39676677969816 43.62754514749932 44.65941839191616 45.51091084657259 46.39157375810557 47.24221183620465 48.14027791675103 48.90155114031111 49.53266953117446 50.05278392720054 50.58584650749827 50.85383450805262 51.01563043575914 51.22477999382807 51.51905373501438 51.54128911758977
0 0 0 0 0 0 0 0 0 0 0 0 0 0 0 0 0 0 0 0 0 10.88674264466779 12.68779135726178 14.73239430377827 17.39995039648913 19.3836941861755 20.98437884832985 22.95342254558588 24.32662273623948 25.8000966739631 27.37402288462026 29.39759286208994 31.11947069341934 31.93993690836177 32.02347064776253 33.61304467082581 34.69122543207013 35.50661667810222 35.96223115645163 37.18144101168869 37.93110301820958 38.92144007764482 39.33678101952276 39.78292454893774 40.68340551770136 41.78734188905524 42.53491485756456 43.13900907141689 43.67944618432694 44.08882231965136 43.90760057974048 43.91192330078401 43.53956435118043
