benchmarks/avaHockeyChannelEntTest/release1HS_ent_dfa_a96f6589b3_pft.asc
ncols 1001
nrows 401
xllcenter 1000.00
yllcenter -5000.00
cellsize 5.00
noDataValue nan
[rows 184 to 206 of 401, columns 212 to 264 of 1001]
0 0 0 0 0 0 0 0 0 0 0 0 0 0 0 0 0 0 0 0 0 0 0 0 0 0 0 0 0 0 0 0 0 0 0 0 0 0 0 0 0 0 0 0 0 0 0 0 0 0 0 0 0
0 0 0 0 0 0 0 0 0 0 0 0 0 0 0 0 0 0 0 0 0 0 0 0 0 0 0 0 0 0 0 0 0 0 0 0 0 0 0 0 0 0 0 0 0 0 0 0 0 0 0 0 0
0 0 0 0 0 0 0 0 0 0 0 0 0 0 0 0 0 0 0 0 0 0 0 0 0 0 0 0 0 0 0 0 0 0 0 0 0 0 0 0 0 0 0 0 0 0 0 0 0 0 0 0 0
0 0 0 0 0 0 0 0 0 0 0 0 0 0 0 0 0 0 0 0 0 0 0 0 0 0 0 0 0 0 0 0 0 0 0 0 0 0 0 0 0 0 0 0 0 0 0 0 0 0 0 0 0
0 0 0 0 0 0 0 0 0 0 0 0 0 0 0 0 0 0 0 0 0 0 0 0 0 0 0 0 0 0 0 0 0 0 0 0 0 0 0 0 0 0 0 0 0 0 0 0 0 0 0 0 0
0 0 0 0 0 0 0 0 0 0 0 0 0 0 0 0 0 0 0 0 0 0 0 0 0 0 0 0 0 0 0 0 0 0 0 0 0 0 0 0 0 0 0 0 0 0 0 0 0 0 0 0 0
0 0 0 0 0 0 0 0 0 0 0 0 0 0 0 0 0 0 0 0 0 0 0 0 0 0 0 0 0 0 0 0 0 0 0 0 0 0 0 0 0 0 0 0 0 0 0 0 0 0 0 0 0
0 0 0 0 0 0 0 0 0 0 0 0 0 0 0 0 0 0 0 0 0 0 0 0 0 0 0 0 0 0 0 0 0 0 0 0 0 0 0 0 0 0 0 0 0 0 0 0 0 0 0 0 0
0 0 0 0 0 0 0 0 0 0 0 0 0 0 0 0 0 0 0 0 0 0 0 0 0 0 0 0 0 0 0 0 0 0 0 0 0 0 0 0 0 0 0 0 0 0 0 0 0 0 0 0 0
0.4277780448738824 0.4610998013812519 0.4809885516944337 0.4677348612218399 0.4679669062768054 0.4589252548470407 0.4755807609611526 0.5049286590391044 0.5327143063881252 0.5555243864352296 0.5662752410477251 0.5648881571545683 0.5412104954847812 0.5158818158763508 0.4881386583439366 0.4577791423167973 0.4269832361727325 0.4379560063583028 0.4138873229387865 0.4005704800814755 0.3943589776965601 0.3796730153045791 0.3662909410927346 0.3376246259217241 0.3403723169452266 0.3305939932241347 0.3190693000734357 0.309530933831221 0.3268073816543264 0.3365641718657265 0.3198237710959721 0.2965244669585648 0.2745803541239641 0.2530852095374845 0.2382859636265194 0.2301871361566911 0.2226503716863743 0.2262930871996409 0.2276728872088116 0.2217972130173616 0.2117406425659759 0.198616176470243 0.1821509431628418 0.1819400414194645 0.177904259731462 0.1668344936768777 0.1672601231666462 0.1714854734348554 0.170856816751748 0.1657891792836941 0.1567949390632849 0.1469183533908619 0.1412206411201526
1.487412557425651 1.525082413359272 1.541231828397746 1.532025051354294 1.499099401150354 1.509567073256194 1.481215034054824 1.499175884056285 1.48771138889024 1.457476470003965 1.454949753605735 1.467951905240882 1.529053490806307 1.560172452847975 1.523065985313283 1.497468651370843 1.446232225555375 1.437808623856014 1.37829577485026 1.393067348489986 1.386242982376841 1.39211400062587 1.418693853447211 1.389754728404974 1.386987112716529 1.387025194970538 1.318818097232318 1.317841489468796 1.337991610307293 1.296351626417622 1.255589688527167 1.261927929214318 1.21867229844419 1.207382188349847 1.241094761222346 1.208515593839783 1.17066182732971 1.143619544201828 1.140750077416266 1.184452769992875 1.139390882479933 1.143252088859755 1.133589900740403 1.125914894121323 1.125628817460098 1.120405974737844 1.104796165625779 1.066749762724346 1.051883652882257 1.027643579781645 1.020013363207838 0.9989428813227852 1.010586549837118
2.131579604113617 2.109405118909025 2.177477826004535 2.210742113121877 2.150865998703393 2.198153003529602 2.242706034045619 2.262328674724849 2.285810005690053 2.304005939490819 2.305969629598282 2.263439216813949 2.259093672367882 2.247425729614394 2.202580538498522 2.206558752808788 2.188814530297663 2.151906999854857 2.173393380705619 2.190671415702226 2.164463120694912 2.142061937769827 2.14416586937582 2.086713989345614 2.103753678716862 2.09360065979865 2.055359791839101 2.088753438741193 2.060942682721574 2.059394150667935 2.076192453364292 2.040239016805169 2.067155432770988 2.012565602184815 2.077233916423551 2.016296646637312 2.05267830120965 2.033666409217645 2.020832218377198 2.02692944613504 1.977261446098977 1.983571848694702 1.972447476475315 1.949759876210531 1.966476933556597 1.946490367744064 1.946094415479005 1.928952087711443 1.969137575106331 1.929122337366341 1.997708366108869 1.928857511977186 1.972174292950536
2.662790173668415 2.665350624233113 2.71715289726447 2.72792746911932 2.748534323923244 2.773504393479087 2.800383126038758 2.793638603202973 2.813051704582189 2.842400355601175 2.825574528907981 2.828618993992654 2.785950246781179 2.80466915714728 2.796986721721989 2.813620309992198 2.822566939418774 2.836782161096991 2.826391873740104 2.874428475247896 2.914318037566379 2.87507318555171 2.991599663238292 2.911376034405737 2.917709060052148 2.958907365063083 2.948603730386826 2.99236658712372 2.965992128599672 2.954954939301371 2.974384292393125 2.899164946505401 2.882909290155375 2.811914257531014 2.903217316527998 2.91659743442195 2.981462045417057 2.996444914051895 3.044970073973302 3.070397111300394 3.011918637674138 3.081521493291957 3.045791788695551 3.081985502481796 3.064559745445798 3.06962924691872 3.075520989837262 2.992083128295874 3.117557525241933 3.019573300360098 3.05775527667207 3.01622260246831 3.089970491244718
3.280580640238648 3.294377734321931 3.353068501405035 3.465249636548255 3.486787262111486 3.517656292672474 3.514671843911211 3.48989254812 3.42291483959812 3.490453852541753 3.507617131838862 3.549292614417639 3.597720935627376 3.61361018764693 3.671295965656038 3.720156050507733 3.674252987168192 3.768483146726241 3.75529977924453 3.721957511805979 3.785751116851054 3.759339919727009 3.811555736655787 3.857460329400208 3.80853942203162 3.898865268064775 3.865129397829148 3.889313242544633 3.899158687303998 3.795379260834593 3.844035676657613 3.816205389134691 3.787278725175809 3.834577467868863 3.898434298248083 3.977128299613031 3.880782660697289 4.006107835523438 4.008003869961628 4.068418731467198 4.067385108591223 3.953734614095541 4.08522726167817 4.00051551458185 4.075759722730141 4.053379638449644 4.094342449784584 4.090671210503253 3.976003828506381 4.023702230198306 3.943470754454274 4.075263311619476 3.972388158605738
3.773268112835132 3.836205726894563 3.853991219654133 3.868927409556861 3.942187526202666 3.966402688604798 3.962824861550557 4.02497428737374 4.024554643520722 4.019567918896014 4.115583983715858 4.111267312881464 4.165686467412324 4.194975854738039 4.167170070651189 4.239433981033201 4.284040343490665 4.249324683708907 4.31710612252713 4.33847240914074 4.284313474619858 4.372414681178794 4.373184738966247 4.366217998450997 4.465867634437327 4.408361044216365 4.481337670523483 4.476484746126414 4.405008124999092 4.4947657039357 4.478820712824346 4.519563741791647 4.488291649799971 4.445898699538225 4.48860751582893 4.42018135409202 4.556689200932894 4.544731472696217 4.57455596471979 4.631662912286719 4.57408759596564 4.704161873903464 4.629520981006506 4.655450888594806 4.639187375552954 4.628273231617027 4.694509160280736 4.608583795634774 4.707876411719329 4.598469265191924 4.711207172681919 4.655758202271576 4.721655189089428
4.045396326967781 4.047115350981871 4.100282116336703 4.160849488419897 4.13623338803283 4.17223725592922 4.233721990910432 4.233659448037989 4.251500434971443 4.327473414709631 4.320305824286215 4.33357040878043 4.412993540532843 4.418166019214362 4.438928862815699 4.507796775299803 4.490535019685699 4.542003601601194 4.586923030227074 4.530064613661908 4.624099366576417 4.650444324383135 4.614318567720612 4.689732280827264 4.666505446153844 4.706747756772384 4.743182951535267 4.678320860597645 4.802110995845903 4.794066370047529 4.784307321119287 4.853133752326575 4.783257769683303 4.890476109774834 4.857542186925347 4.863822322823996 4.921333242291786 4.833659509854918 4.963804311160393 4.927660780712688 4.958016695155615 4.980605719389735 4.937027693834257 5.014083034844506 4.92966091785403 5.01340722097587 4.968975465600794 5.008929299937899 4.999432689171538 4.972560073403767 5.01826726451724 4.949052318928181 5.047842379113972
4.074693521245959 4.074401865088303 4.151458444729104 4.191032328549077 4.174379160508035 4.258213861683991 4.302821475030441 4.293075813995056 4.352570627724376 4.409201599405043 4.386599376864956 4.453848247897858 4.483927864039506 4.47010866677307 4.529790320715296 4.568244978954448 4.539077667324556 4.625843433398856 4.665753205337657 4.622856025351783 4.727591424150383 4.738548820166645 4.738237670218269 4.820251057335532 4.777344671327153 4.807276588921858 4.843268296510785 4.790667604685477 4.883463825234702 4.864275566530072 4.890675029314778 4.925351457248738 4.857666745911613 4.958720018361877 4.92278481299357 4.950944539087726 4.967652655635132 4.948048659963562 5.01656215280979 4.960843715261199 5.047424861572856 5.028141669558593 5.054401088595105 5.094534047031417 5.027345994988577 5.126877773472768 5.059020409144289 5.15178383424966 5.116919960437633 5.150075522048757 5.163030177281202 5.127342605715682 5.203780333307364
4.005515529794037 4.00272449552226 4.015659539974917 4.072765209117554 4.079470682852548 4.094252305784938 4.164385341970526 4.199175374920951 4.184392383421807 4.291625295990929 4.312519473144533 4.297916843247295 4.362798765006314 4.385182049492366 4.371003357420975 4.439829355597062 4.431355910528963 4.456120196548801 4.520653070842353 4.48837955123655 4.538498102985497 4.574550048575841 4.525282035321291 4.634206201309481 4.642070946449126 4.66503942680598 4.739745508043623 4.692591029467667 4.764661190586574 4.774133139725677 4.74112483722642 4.83049379712017 4.801687465762693 4.854310711542454 4.882235532324517 4.836496087231658 4.935085131416074 4.851033556137199 4.945747709493134 4.945777570563781 4.940221937005776 4.963204825960986 4.887747945218807 4.994921924008907 4.925399406166998 4.98454856601037 4.948305011749135 4.958121952234064 4.999426557793845 4.949970315717511 5.029665908081553 4.941194752353212 5.060311569862578
3.687689497054737 3.752422328608056 3.775271413554719 3.783598086159227 3.811410827182219 3.832056595011841 3.854810342632778 3.920545643368581 3.961321296580099 3.924678761211525 3.990685024394123 4.002710526097848 3.977166961887649 4.064440860941861 4.078805383665745 4.063485699246751 4.150385229197267 4.137264502063336 4.160843562140694 4.24256063261842 4.227367750365463 4.293097779107963 4.344204285997477 4.271953210297986 4.372035432012035 4.32846226579008 4.333070445082033 4.38875335392072 4.321397329770479 4.447817505082229 4.462502058012388 4.516308595268531 4.576878304046999 4.46718952011452 4.575223099861407 4.513598528726293 4.55892055451443 4.566335214698438 4.516761977358223 4.603104890992801 4.544306917727888 4.652184128885431 4.606347639702269 4.61140250076816 4.659782021603313 4.61613093462648 4.716254618255975 4.59907486612336 4.680769943856899 4.609094989551855 4.679999467584636 4.64902905575009 4.704646093083658
3.111117344492358 3.176590603294271 3.185485490332499 3.178224400966611 3.211416231289875 3.238055513498563 3.300742578043849 3.368571957089105 3.399211489494065 3.372058775771677 3.435648803151521 3.435998026179927 3.446919812905908 3.470638439751985 3.400850714947066 3.451250282406058 3.4615772662215 3.548264190186975 3.630170478325797 3.608494076769763 3.643430271888158 3.705271120082555 3.647429999822096 3.769363321692194 3.708429329470933 3.732808180269359 3.757221225298003 3.706897199036189 3.832051405445743 3.789123600894264 3.87355372278372 3.907976301080423 3.863980717805276 3.934289539454441 3.855922700862579 3.950587889498416 3.934445673946549 3.921464967853808 3.954407565610346 3.87129098404411 3.97440640900674 3.938654728014775 4.070248953470296 4.031079651948072 4.082331940348502 4.050885760275226 4.01881654218834 4.096580202073725 3.958760973705544 4.057722246510865 3.944546645076554 4.04340771690897 4.019251376543657
2.774093088244113 2.734247160252627 2.79151761575526 2.794252889500435 2.783553766435344 2.813274745558286 2.810383089241165 2.850011990764901 2.871308687120596 2.917679369904132 2.909813240529536 2.923976724558953 2.881159015557155 2.90207110788697 2.879888545720425 2.883395225768036 2.862151738560101 2.847714404436825 2.820173369928276 2.797260450345947 2.77991009057042 2.743341255605262 2.739046560363709 2.81728074637005 2.751244138935716 2.789898884387014 2.764530358546003 2.811144000428771 2.838239832017587 2.813095047116851 2.925323832291305 2.925190049668543 2.985154485713538 2.97576590417155 2.965387461891561 2.988174359664901 2.943951476250093 3.0607410608037 2.988543479871595 3.000862239243388 2.976516728634375 2.989283187274221 3.023875728560918 2.950152997539115 3.070918558465973 3.020331050727759 3.115836138036337 3.045914527104825 3.080004998969051 3.07396652676627 3.125133635707612 3.057310991149986 3.110154650241471
2.24217366441396 2.235310193958512 2.302631510373955 2.307671299575991 2.272639634068837 2.36662039001071 2.326666439032736 2.375324523163713 2.406531783819121 2.348671500866598 2.349485363272603 2.368253105350123 2.337264976630105 2.325274482047094 2.317473025719287 2.266501044358177 2.28335691878737 2.250460134544973 2.195025678767302 2.213450767787592 2.150031633477923 2.142468136575201 2.14856359657015 2.10692061897204 2.147191292539666 2.08969487302043 2.099307000954287 2.116757496141866 2.072997553764437 2.072639140763725 2.046201253817608 2.022843584715357 2.026762056765132 2.008228818540967 1.975857076655269 1.974615313535218 1.961714002882645 1.924741803152871 1.973064503551389 1.971957862580862 1.96194877446518 2.017746658896648 1.944496911871117 2.030695005420478 1.976797735682692 1.962718643180197 2.006764489680944 1.91928155005459 1.967460594082648 1.937926177711254 1.924839806534393 1.962396841966283 1.920937150114387
1.498581169291632 1.50784184036908 1.471157969955196 1.503696595100677 1.522772346139978 1.516274759677152 1.4971578045556 1.469169882106617 1.530646872531463 1.585522119402035 1.551238698284168 1.566409905270456 1.574508373506313 1.576899347139008 1.573288184642112 1.576836146305278 1.546433585945071 1.496488358065194 1.518653462056061 1.490451732016999 1.449252423711936 1.446736474337803 1.429259133763545 1.412428098073246 1.42842835304667 1.401567684949091 1.332961081755421 1.331573546218127 1.349234585687115 1.268505184039386 1.263839548316316 1.24869823072933 1.232932600205176 1.224273087074754 1.215268106512253 1.190977247018254 1.199902542848526 1.187096543202934 1.186120087705911 1.155131311036144 1.119286430819791 1.100698620901539 1.086590733625404 1.074916335045578 1.073860605523994 1.075599702323292 1.089252573130847 1.091050748390316 1.11464475365718 1.087497643231252 1.070352561893974 1.094520674431843 1.071761462633396
