benchmarks/avaHockeyChannelEntTest/release1HS_38020c7f23_C_L_ent_dfa_pft.asc
ncols        1001
nrows        401
xllcorner    997.500000000000
yllcorner    -5002.500000000000
cellsize     5.000000000000
NODATA_value nan
[rows 189 to 209 of 401, columns 480 to 527 of 1001]
0 0 0 0 0 0 0 0 0 0 0 0 0 0 0 0 0 0 0 0 0 0 0 0 0 0 0 0 0 0 0 0 0 0 0 0 0 0 0 0 0 0 0 0 0 0 0 0
0 0 0 0 0 0 0 0 0 0 0 0 0 0 0 0 0 0 0 0 0 0 0 0 0 0 0 0 0 0 0 0 0 0 0 0 0 0 0 0 0 0 0 0 0 0 0 0
0 0 0 0 0 0 0 0 0 0 0 0 0 0 0 0 0 0 0 0 0 0 0 0 0 0 0 0 0 0 0 0 0 0 0 0 0 0 0 0 0.0009218870381300520991 0.0066625529152204484434 0.014499253435353520736 0.017849496229482168796 0.018729682526376068702 0.013066017969906421753 0.020748584194925277779 0.03910014989846766903
0.063994195150792215765 0.072198525506580707445 0.070496253369352654405 0.070539501656347688985 0.063966270972988792387 0.071906723013953635637 0.10595956067015308011 0.13461671838951871916 0.14758961284562549521 0.15070217348295039672 0.15017610219043384112 0.15216239454032573497 0.13406447333663185084 0.1172559047621921785 0.12078335916646049109 0.11829957675138784434 0.12985414395700695112 0.14084107609169507769 0.15219683686568188929 0.15543156313115938372 0.1774201910667416171 0.19775523328425262393 0.22336336624989663879 0.20615772214786737271 0.20676670390530865751 0.18457869635250967466 0.16632575587845052634 0.18199827053256475984 0.21898701942724013714 0.25179962156527951889 0.27516785868926935121 0.29504809883593197117 0.28421927529976226401 0.29540078962357074754 0.29051300232201748841 0.32156580953026125957 0.32421058621585796544 0.35751024251953217314 0.40806483372386459507 0.43592322347353323897 0.44930411697094280177 0.45032089367950683956 0.43500397210642888224 0.47316252536426045561 0.54430307967169999639 0.59592619528446344468 0.6377284425296902981 0.69058004247104209927
0.71332396614764526088 0.75792805384762762522 0.8294986791293146311 0.82254585417520631463 0.85866038101980224351 0.95724866528065266635 0.91381994356499607335 0.88612930351103680326 0.85767333372591147977 0.85887845469072887639 0.89373389587519114219 0.85777993490253878761 0.84259074954007828762 0.87594593645045693009 0.87961569189959143422 0.92376813750807718062 0.98633663716112940367 0.95604982068362209802 0.93552698788805810359 0.9167880370206155094 0.87883858002230508255 0.8822457397491854092 0.94856344802645364833 0.99495974548197296805 1.0047571395019299079 1.0248197482683354398 1.0631772447361804712 1.0247784777220443342 1.0571278164909723163 1.1051186604168139471 1.1836334971794300053 1.1677259179817476298 1.2081062056625222478 1.1821052898589285984 1.2065142410301412657 1.2303522005852753907 1.2541150802777718543 1.249979389113027084 1.306664460828401042 1.429634071403883544 1.423901061642153465 1.4884735016126409146 1.5206084858773498691 1.5373924326157142328 1.5720326353147444642 1.6053470439509682777 1.7077222523406563326 1.6741353663375235783
1.8453421357653654322 1.9043484429042176753 1.8820759041562575842 1.8833802907881604938 1.9269062002510564113 1.8865433033143019781 1.879609342196364663 1.9179757551414384764 1.9023955611059484294 1.9614166202061682487 1.9291370171960711133 1.9166278922023927134 1.9520021927560207153 1.9258440222133141884 1.9469465414273512405 1.9546483324742909282 1.919528566361142774 1.9917405282600615379 1.9988835558651818491 2.0084173720457143553 2.1227005240517309304 2.0765340918727033248 2.0869462842980390782 2.1104666009485746336 2.0660885681274048231 2.1613995787338349253 2.1640862611900568702 2.1920514938904198665 2.2533780235621323484 2.2430411598921216054 2.2644579939851023909 2.3699462355738072361 2.3718820596595375783 2.3990436330869076009 2.4331140123013694776 2.371333946358568312 2.4697232503887938115 2.5028182122000335319 2.5083780594595364022 2.6224387319388391404 2.554123658243308892 2.6997087081430612976 2.7955553883947614757 2.7977458357763556052 2.9379707059978419359 2.9769654134716931893 2.9255382836890446718 3.0833292102094547182
2.9726567277415028023 3.0781934027212400906 3.0527041407451287469 3.0057310783010633415 3.0590589446922429318 2.9370785804858483559 3.0459636633458382349 3.0842876768429756673 3.0470748844136354982 3.182185121168431774 3.1143567974375416796 3.1156719109691457525 3.1821174929757898298 3.0570155122471645015 3.1990839751874879937 3.1906533907932539407 3.1803492856257085108 3.2462707596733810789 3.2312550375554747184 3.2059001244765741312 3.3133425063934343058 3.2303118881361210235 3.3528697050715630112 3.3706418291299979906 3.3161844713379684535 3.4516806401572948104 3.4932420488109015011 3.4767971673396567134 3.5900039772871692456 3.536457887308226411 3.5846935284214307416 3.637388932478173853 3.5218283208793299544 3.6662511195340963255 3.6906088410363544483 3.6576989566017101829 3.7588609388042391046 3.6895541402633669215 3.769252933040874165 3.8399643806996355266 3.7930876868351730558 3.9887142424851265154 3.9845183194852835662 3.9284002847142533987 4.0326066026523390562 3.9352967556475157984 4.0868995229440994166 4.1350181769936495968
4.2254526845578910255 4.1789628597462176174 4.1688835879071755031 4.2598767931664536235 4.0768937813886498844 4.2327594530101961823 4.2433153963889376215 4.1735000742972117038 4.3113073314901413369 4.2349163315019486831 4.2028418730053207497 4.2837665687824557637 4.1441387760868293455 4.3683870259767543232 4.3034441771047724501 4.2399815485226373113 4.3205950822649388243 4.2258496742375193378 4.3034872941100399402 4.3906683830596353602 4.2915369210554388246 4.4545873127926540747 4.4594209468257410833 4.3830587482379721465 4.534545303364928337 4.4828518830362851233 4.5038570969869811123 4.5926081666993532338 4.4174752426358026014 4.5802532708734426947 4.5776662454429297711 4.5159821743668580041 4.6773196462011057406 4.5740286041969744346 4.578405547303471046 4.6182722492998795616 4.5468403482358965562 4.6996955378017126748 4.7061038988623353774 4.6575019004605886508 4.7670949886875755297 4.6888443148349621126 4.7152438018746485326 4.7608987012676884376 4.7205135831500681931 4.8477835594195459734 4.9014594274506340099 4.8011881408393941584
4.9048138300508457021 5.0958298182707206792 5.0523058655939125927 4.9882453220084972401 5.0539581464458409599 4.9236913377540716397 4.995300782744795498 5.0258575797291582532 4.9347300775631808278 5.081800004245214275 5.0113451385109337721 5.035365172236783593 5.0866493205633336316 4.967192611882082609 5.0820093942058450764 5.0652133568029231725 4.995369961377315704 5.1246669035758536381 5.063971847842784868 5.0812429926740856345 5.1747291749327448684 5.0433231992788183362 5.1250173968463013097 5.1300480986357674951 5.0398231513076900967 5.1818674656508338927 5.1485538477374301891 5.1097872779105575347 5.2021952135199995837 5.1124730321544253897 5.1958895433317193735 5.209700034331854468 5.0706994717816167295 5.2196208223137956494 5.2259426418368652989 5.1952358572344161658 5.2802411502940742594 5.2328927490228158703 5.2314491776525775535 5.3051804382974179219 5.1703361703626624646 5.2987722250135611546 5.3306059869464839096 5.1848624416394599734 5.3051838612290618258 5.314895506328952024 5.2557075156354375878 5.4213936352297427135
5.5180429811015256902 5.4133551548189160485 5.5413522207734837721 5.4512411765203809821 5.5090322732570689013 5.5524175871029894935 5.4246970960246052584 5.5735242629327146346 5.5229058050747719122 5.4696276703847770406 5.5466251539762652101 5.457660432675013773 5.499368119126182286 5.547418567633545905 5.3922901725771570369 5.5327288597266264247 5.4978776231982511291 5.43580888369452353 5.5332813633328150615 5.4671825805091556205 5.5106290134460440555 5.5804540728745877232 5.4286415479388354655 5.5629281584349241641 5.5830368039495334997 5.46553759112201476 5.5997352794045580637 5.5473151763734875885 5.5377327478895264079 5.6089818203704444599 5.4748955722300163274 5.5589941090703929305 5.5909225009360907777 5.4416337587083667415 5.5833134722310324705 5.5778926440182683422 5.4823500722474900471 5.6017338920386343659 5.5564946438535258721 5.5585964800327216651 5.6375164427105373122 5.5576823636581424992 5.595896256442972394 5.6460561608794730404 5.5112037841562075968 5.6538724775145130508 5.629856719176362212 5.5533099441837876498
5.8153973630856281574 5.7100621390621197904 5.7702612348921107355 5.8010849498454541973 5.6649419950670933943 5.7957243232146300471 5.7665900140508430383 5.7285720111257187881 5.8072606424619435117 5.6905892416339733941 5.7667735649505189599 5.7881666906508755233 5.6584296564070823976 5.786770450146199174 5.7479660542928554534 5.7235173726956558582 5.8049117003039274465 5.6777555978026974515 5.7548609284578011724 5.7847285207421466069 5.6634266934549186701 5.7816304713435089369 5.7518217132217950294 5.6806602362673999096 5.7830760273114369951 5.7042559002068662366 5.721422231845867401 5.7736000561385916185 5.6690569731142845811 5.7704981184075760936 5.7845050863696263477 5.6655095936377435351 5.7980296301422260541 5.7752007096224424743 5.7081297838373492581 5.8078358707894350843 5.755671518797129238 5.7518209578075838451 5.8199843441821279555 5.7039585731525361822 5.7883119528687299038 5.8095154406542617309 5.6874331373844668747 5.8205968524210218717 5.8442763269690827244 5.7415443877565834896 5.860247993685043788 5.8176257882597104398
5.8798406139068841725 5.8350256398893094456 5.8126554129390122228 5.8880911650289702308 5.7577457368024251849 5.8427923450420697904 5.830653463150939686 5.7466602343232180417 5.8536888648854219497 5.7715919020358077418 5.8074016445335390202 5.8526880646693326682 5.7346897712623272625 5.844656250348669424 5.8320914620919594995 5.7630618211092281555 5.8574054513655475773 5.7986544459320397138 5.799702915958921956 5.8734832111797512511 5.7865693339515980043 5.8443260897618261041 5.8770331989484905222 5.745665878101548607 5.8728401579020212964 5.8505075336286793686 5.8041817672278241957 5.8846097083586892396 5.8101089328417314661 5.8318040275557665453 5.8783495025635952302 5.753068798226101066 5.8527771807242965352 5.8643753132492619784 5.7436427819949331663 5.8721093303593479007 5.8471315135638626259 5.7869674776659412174 5.8931367314050895345 5.826352596929772254 5.8205789717275990824 5.8748739917900572038 5.7562770958902227392 5.8409915023517848809 5.8485945729187385211 5.7195008057359801867 5.8545466516405504365 5.8539347710570535099
5.812186576124040549 5.7117237696358342802 5.7647361563972534526 5.8069338306353959211 5.6656024654028005472 5.8112188528396249154 5.8130819233569104298 5.7263474561553886488 5.8307281697210209259 5.7160322611070952803 5.7510917979233875386 5.7634767382311746786 5.6266141425660975983 5.7671405154507846547 5.7378395175540282125 5.6885229270165060811 5.7805096318811068912 5.69587358275898481 5.7328764098937767812 5.7972542462759166781 5.6957472704456764134 5.7704111076914506029 5.7513334269927991471 5.6925644810656459427 5.7874659035845903432 5.7251511131350865114 5.7239450219890164462 5.8010395702692836295 5.6878255920945077762 5.7614456694179798646 5.7923939826254535745 5.6652777521111055137 5.7905122259176220467 5.7697798018440513701 5.7057418758136648762 5.7993836224472001817 5.7393413582703729503 5.739842029398572798 5.8147644130232505333 5.7097776747117157115 5.7735057747522517957 5.808539029967496603 5.695613740430418126 5.8062285788553360533 5.8231526752714746209 5.7075643895403720407 5.8371948404365179286 5.8198910140191175699
5.5212887962105714479 5.392467098900907807 5.4958397695818144157 5.4137425341986862293 5.4432349897194125532 5.5137067509487245331 5.3556850485844789134 5.5352374805328192764 5.5321174188597996846 5.4876812545410276201 5.5926569582700551564 5.5144006712190725139 5.5113987620552045144 5.5760662686181898806 5.4128702188607435986 5.5588067686310749238 5.5315936375506264966 5.4484022600441237572 5.5356302095787475182 5.4760040332435178101 5.487860578898759556 5.5384555541758810904 5.4277007950048821172 5.5274268364469127945 5.5491678842196154875 5.4590268611395655896 5.5968267205155246558 5.5633163052683105576 5.5295564295372763297 5.6340185149592647562 5.5343605739919290443 5.5887625223956689524 5.6307766189576469174 5.4663995806473071326 5.5733069146155154172 5.5755768930809423978 5.4910087550274404578 5.608227783371939168 5.5714469832215689493 5.5213989633120847955 5.637045444117746662 5.5819369713268240929 5.5963679744541590111 5.6512669092631879764 5.5431031603159182097 5.6334656396989082339 5.6780337590895433308 5.5658045944422287477
4.7985328057961913473 4.9313465614958467143 4.9806567791152049907 4.9117764131223697888 5.0768055713105910698 5.0180242996484931695 5.0169754077892303457 5.0670383524373399098 4.8967912449942785358 5.0440809837690006034 4.9751245578778480194 4.9415250262396632763 5.0197309837390697851 4.9413126540865306424 5.0380779334660479307 5.1028598057982836877 4.9543160251424307461 5.09469257758018923 5.0695209624135282311 5.0243984709568563218 5.1448880192040160608 5.0744427097301141316 5.1328171948421035253 5.2020800168477911996 5.0400880260891263163 5.1559735778367201675 5.1483246868850853772 5.0822168752939527181 5.2288394964106901242 5.1881318032117347272 5.2116061177427122075 5.2815079456770215316 5.108448194398524933 5.2297527336532745323 5.2188076703798200739 5.0857047214541974967 5.2126254415120873986 5.1653184489019006165 5.1367609623079033554 5.2268436568286373856 5.1906442387253743931 5.2715050620569048334 5.3571368069829814473 5.2516880845569113845 5.3642227061445053593 5.4000522496560794394 5.2836850347121684379 5.4215831449572347012
4.1798766672194167526 4.1241042860398824388 4.0688419166464058208 4.1998570627430140689 4.2024737912563265851 4.2545007046804093065 4.3382400853646219119 4.1644000403523797615 4.2766590969271947031 4.170759582086974504 4.1604329639832187127 4.2451882665514553139 4.1327463495855152331 4.2395456192341249846 4.2503820274090697851 4.1572216179668934899 4.3153293112510260343 4.2537466974803805897 4.2468600503844626814 4.3332606339481003488 4.2331116317171231245 4.3729919789155360377 4.4299822142789748725 4.2812683944380340861 4.4445951272262709253 4.3921390963293216458 4.3984908086065921395 4.4981641929586668738 4.4278773470423153924 4.5759409337637411141 4.6306772544086500787 4.4652770033277136008 4.6225793599747513341 4.5717654644099203765 4.5069311196516679274 4.5595297517915840402 4.4621192942174472407 4.5516243891754859519 4.7632084967732319924 4.7449797797635273611 4.7927334063428421729 4.7876262142455052739 4.721861051301848633 4.8817622405498415361 4.8316300995392360562 4.8949977558914277154 4.9713141839939103406 4.8241863602611445572
2.9183229904624030659 3.0043131528115107898 2.9973568250986448724 2.9223918460444648915 3.069764699740869407 2.9659572922566037612 3.0695563399218790401 3.1082847337318195713 3.0370255344499135219 3.1560937842493705929 3.1589405820914966405 3.0646870367363305832 3.1663361648350543121 3.060459470492677525 3.1730179101995665825 3.1853197497963749996 3.0503932092839116663 3.1677103385568496918 3.1733980942830366523 3.1477619568631913793 3.2150569664157373495 3.1647896902073138214 3.2631391692917799396 3.3509703554046068597 3.3168190574514100355 3.4299079503888516562 3.5249249385336161033 3.3863204268349860193 3.5857110949337642758 3.5232240720969958403 3.6288960681135620234 3.7074643482392541927 3.499821420672348804 3.6153690846674746417 3.5575190568270160796 3.5051455407613563153 3.5390411782527864126 3.5040597718122694637 3.5870189701400296833 3.7335826020883886578 3.7672555239676932537 3.8139715074380671211 4.0078926767257883057 3.9272857171881598859 4.0956849434961730694 4.1416388562076615898 4.1786729904608570507 4.274071908842741685
1.7891684074010154593 1.8954093347581999485 1.8783811150133158385 1.8618141292213434834 1.8940723705007036504 1.8222182816818333073 1.8606559845516028595 1.877233382425123942 1.8287592304410498212 1.9319903799144690915 1.9646249869511214214 1.893585111118033959 1.9389202567811927302 1.8854483738636389489 1.932090659788061382 1.9351738382271759242 1.9512286293354936806 1.966689699229898558 2.0315491986114659895 1.9583525498830101075 2.0428339469111329585 2.0586572927968522784 2.048433400214554112 2.0836095890963770572 2.0481935839820817336 2.0991970423632726472 2.147083379815953208 2.1228911726646439995 2.2249427614746877246 2.2273425373921296178 2.2436227891161353298 2.3257428418197161335 2.3584511390505138451 2.4009079583863837115 2.4696278745756274908 2.4639489996291703555 2.4718561689577227547 2.5244066696453502097 2.4155160053153372779 2.5166791008485587255 2.5327516704824146743 2.5876594210475141189 2.7038093835617824645 2.7565856761951228471 2.7585020014443069059 2.9046277985719246573 2.8866834295259211629 3.0498270269067031535
0.76670924033399612263 0.76164115752744010468 0.75312153265064918362 0.75215393300999100479 0.80185303435346400036 0.81751005641640206445 0.89855060566996447502 0.89593677526292103686 0.8961749611173891461 0.90968228553718677443 0.86618860023834431949 0.85097344184156786806 0.80847199128228997012 0.84738448725402437667 0.89692475472612254173 0.89032485850486697831 0.97069328234235408015 0.93094076380912194058 0.93438973875249931034 0.91744507232770688976 0.91066854949595987812 0.94724488412748752975 0.94806719868469579993 0.92022689181856087703 0.99502579269506685744 1.0281266526438981312 1.0710817832241650294 1.156651499446021969 1.1201307521573946602 1.1547467182251687223 1.1447374555482452418 1.129255298636861804 1.1314572382973124842 1.2143281447618805569 1.1816307264080472272 1.23733325169798003 1.2534550516432143574 1.2998605723516720722 1.2544403548021216821 1.2455357350479272505 1.364576146786081523 1.3955008756831790429 1.5039279369849933854 1.5154535773162680634 1.6369447637196175016 1.6479930508348454854 1.6703399044309881205 1.6972808285353120361
0.053625247746469283106 0.045955714344637167701 0.062025015402911040652 0.077566436407845745782 0.093313955774190604497 0.11190165107147305446 0.12537543927704070112 0.12357205118661769572 0.12543629316285850872 0.11269300705063296786 0.12796351177171036428 0.14235333837334970819 0.14925594645893247581 0.14717957514278981468 0.1385387853322631313 0.13705919529844390325 0.12197026398872949648 0.10880802914348024213 0.14045761109176668757 0.15732002589531229875 0.16717272457634876903 0.17183392264481217593 0.17823262478505952355 0.16284557604408952947 0.17643238725577775616 0.16357330576110112874 0.16125953490764727283 0.16094599474603257794 0.18929424056034710455 0.22463339948639976518 0.2655303089104960601 0.3180648635218946696 0.35289153203726081331 0.36986491545209532195 0.37502281087761263345 0.36278970504665819519 0.34487926443674848942 0.32994294784726541092 0.37401987038787876116 0.42192998597334968602 0.46173796369314762389 0.49853826699169040415 0.52876575494412014766 0.51217926699676574742 0.5021492819518569295 0.51713237132858846934 0.57073976496912248724 0.66891019646709426461
0 0 0 0 0 0 0 0 0 0 0 0 0 0 0 0 0 0 0 0 0 0 0 0 0 0 0 0 0 0 0 0 0 0 0 0 0 0 0 0 0 0 0.0045268867235024887533 0.014187253707959016427 0.025567673993372466712 0.03678230800736261713 0.041459086273101131148 0.044157669099853517902
