benchmarks/avaHockeyChannelEntTest/release1HS_e8ff174c9d_C_ent_dfa_pfv.asc
ncols 1001
nrows 401
xllcenter 1000.00
yllcenter -5000.00
cellsize 5.00
nodata_value nan
[rows 161 to 183 of 401, columns 53 to 105 of 1001]
0 0 0 0 0 0 0 0 0 0 0 0 0 0 0 0 0 0 0 0 0 0 0 0 0 0 0 0 0 0 0 0 0 0 0 0 0 0 0 0 0 0 0 0 0 0 0 0 0 0 0 0 0
0 0 0 0 0 0 0 0 0 0 0 0 0 0 0 0 0 0 0 0 0 0 0 0 0 0 0 0 0 0 0 0 0 0 0 0 0 0 0 0 0 0 0 0 0 0 0 0 0 0 0 0 0
0 0 0 0 0 0 0 0 0 0 0 0 0 0 0 0 0 0 0 0 0 0 0 0 0 0 0 0 0 0 0 0 0 0 0 0 0 0 0 0 0 0 0 0 0 0 0 0 0 0 0 0 0
0 0 0 0 0 0 0 0 0 0 0 0 0 0 0 0 0 0 0 0 0 0 0 0 0 0 0 0 0 0 0 0 0 0 0 0 0 0 0 0 0 0 0 0 0 0 0 0 0 0 0 0 0
0 0 0 0 0 0 0 0 0 0 0 0 0 0 0 0 0 0 0 0 0 0 0 0 0 0 0 0 0 0 0 0 0 0 0 0 0 0 0 0 0 0 0 0 0 0 0 0 0 0 0 0 0
0 0 0 0 0 0 0 0 0 0 0 0 0 0 0 0 0 0 0 0 0 0 0 0 0 0 0 0 0 0 0 0 0 0 0 0 0 0 0 0 0 0 0 0 0 0 0 0 0 0 0 0 0
0 0 0 0 0 0 0 0 0 0 0 0 0 0 0 0 0 0 0 0 0 0 0 0 0 0 0 0 0 0 0 0 0 0 0 0 0 0 0 0 0 0 0 0 0 0 0 0 0 0 0 0 0
0 0 0 0 0 0 0 0 0 0 0 0 0 0 0 0 0 0 0 0 0 0 0 0 0 0 0 0 0 0 0 0 0 0 0 0 0 0 0 0 0 0 0 0 0 0 0 0 0 0 0 0 0
0 0 0 0 0 0 0 0 0 0 0 0 0 0 0 0 0 0 0 0 0 0 0 0 0 0 0 0 0 0 0 0 0 0 0 0 0 0 0 0 0 0 0 0 0 0 0 0 0 0 0 0 0
13.11353042335396 13.08055966774346 13.23805873628588 13.34965249743934 13.45793276752491 13.31245266992055 13.06137282849988 12.89387982654882 12.87857224066938 12.95756546853101 13.09794960716884 13.11179083877725 12.84899931252207 12.7996869935246 12.67432679517216 12.42140414817107 12.39552355649326 12.3232182479428 12.24411974128909 12.13828517126829 12.01271017310187 11.17844234324828 10.65868638355883 6.411442700974874 0 0 0 0 0 0 0 0 0 0 0 0 0 0 0 0 0 0 0 0 0 0 0 0 0 0 0 0 0
14.30026357904986 14.38977043334808 14.40208358445531 14.34321045461327 14.22472893453555 14.03852070415542 13.85293756818426 13.87578001143359 13.86238219043882 13.95052045031972 14.03654333975367 14.06577893430558 14.10959039359871 14.05921462063641 14.06211389149475 13.9115541199206 13.80987262205205 13.77585729973682 13.8104506625687 13.81332028580162 13.83770922008768 13.82655918018362 13.80347053318873 13.75008277852962 13.65291912473984 13.71277499535651 13.75467110461089 13.76979182235931 13.54501361734756 13.00543957944611 12.90101646320886 12.6988938828098 10.75739716330738 0 0 0 0 0 0 0 0 0 0 0 0 0 0 0 0 0 0 0 0
15.90456579033231 15.9270302506873 15.9147877125875 15.88755128824497 15.87020003981334 15.79633679546169 15.73715087529183 15.67952177310535 15.5746739450137 15.5335539333525 15.43471475266256 15.32482569555041 15.20866136438267 15.08897042642509 15.00868945123954 14.95603870994929 14.88923475096584 14.79794206023469 14.69967672871173 14.65786144420326 14.63953524565781 14.57792805551709 14.4645308694938 14.31785052856278 14.2038435769215 14.204627372089 14.21891476785837 14.23766976207316 14.24517752268167 14.31290204424261 14.17078156752819 14.11756351344534 14.18108686173945 13.4756434158973 13.52660803474944 13.49401211390793 13.3193674590802 13.21139473463401 13.1048744986704 13.12850289572079 12.98659305935209 0 0 0 0 0 0 0 0 0 0 0 0
17.23841144797586 17.28041313101241 17.3146480377015 17.32773900335042 17.35753517486323 17.36514225652332 17.33184421029801 17.33421733347 17.31392035546401 17.25819729337426 17.21241289283385 17.13926543653852 16.99952592365554 16.89842468352915 16.79847940936425 16.67759367993271 16.61242341479609 16.55341675714711 16.45425310139885 16.34095566911409 16.2350137984722 16.1026073197722 15.96249497094193 15.84648620622914 15.76665244031311 15.65794737830359 15.53105154148456 15.41768385830953 15.28197640975416 15.17383104629624 15.12592650248544 15.05105684065901 14.90705173259075 14.70202242576326 14.55421463785874 14.30833968474877 14.4745132094498 13.98150196074262 14.08387312753062 14.26801531785605 14.43326718213733 13.49651164012656 13.66997091345581 13.73097056323214 13.80910644375979 12.63870263799291 12.63495339962634 12.33124590885854 0 0 0 0 0
18.44318138768243 18.48390827550638 18.50829046419117 18.5382702828002 18.56708469882233 18.57639054714003 18.59574743510422 18.59231703252982 18.5726699131226 18.52698423646934 18.46150570854204 18.39414981731294 18.33684552447345 18.26170864317945 18.19465552879868 18.1264107610438 18.05191293641064 17.9998262322055 17.93412274989653 17.89345260977112 17.80338583655456 17.65799102706083 17.54325399682127 17.42067618904106 17.30072332326846 17.19063381753999 17.04788148591699 16.95426335440938 16.84223839569738 16.71361050229478 16.58699449908956 16.46742819168315 16.28797081173277 16.11328826601193 15.90510812747329 15.7766740387835 15.70244184072446 15.60821277427314 15.48423578515999 15.34900853164804 15.12759408672967 15.22911290566031 15.30682539145901 15.47392785020076 15.49860373044863 15.39118067635406 14.64548810988865 14.66355706944776 14.58253113264671 13.40355242402626 13.19923938018489 13.11827028556791 13.14840778838233
19.21611287483484 19.25963775277975 19.30556201610185 19.34851225180902 19.38954173306372 19.42615601129023 19.44497864575965 19.46044608351768 19.45955141667435 19.45675823484319 19.44523170732018 19.43296220976621 19.41404572657896 19.40389874943674 19.39110768461395 19.37183518834892 19.32491219983483 19.28071787120521 19.20204914809738 19.13139181485662 19.04453699868622 18.96447761025239 18.90992253099785 18.85908959174159 18.78322467774786 18.72437706250711 18.6502043036288 18.52188348463131 18.38831560921577 18.23625614326765 18.08408733138613 17.93580482200404 17.81613634091718 17.69298806291761 17.51840822140173 17.32848086435705 17.17493669635875 17.06854505403343 16.93030314510778 16.82270704921814 16.67554791744307 16.44571382163846 16.52216109387783 16.29557408337973 16.4204656686311 16.53913212780503 16.642893805491 16.53445401774232 15.42288095933612 15.4175786801013 15.3708407850139 15.12587285952639 14.82026452394402
19.8296451509381 19.89724226497872 19.96273153109543 20.02046208090625 20.07051491498172 20.11642191192619 20.1620885018882 20.19351026679233 20.22932242312828 20.25517402012434 20.27227689330724 20.27364075474082 20.27493027866709 20.27474768371894 20.25871359556781 20.21784978235399 20.18159120914341 20.15754345392888 20.12265245495488 20.09392028346774 20.0722571419861 20.04449584028341 20.02013474612738 19.96739522566366 19.91653580464893 19.83490046354095 19.75085502232297 19.66748912039874 19.59892814416756 19.52212945781595 19.43074688609961 19.30137401918726 19.17980559275921 19.08964000520115 18.98263783524493 18.84656734056201 18.68123938795777 18.51325568763854 18.37314643318964 18.25272312249493 18.0513054106029 17.9050137923044 17.82297402926736 17.66888425286907 17.55388056336706 17.72593927072867 17.9581837430798 17.35114120182271 17.5130677829983 17.51595662941454 17.54756069063356 16.65033712022435 16.65882688860652
20.26232880831568 20.34011603113522 20.42599621589512 20.49509212817171 20.57609205662556 20.6431015730424 20.70332845366787 20.75637936695307 20.80323936752645 20.83554246666898 20.85343506956816 20.87790249729349 20.89484060930122 20.90772058360085 20.91334361812316 20.93161879466447 20.92833671707897 20.92486646622584 20.90686585233239 20.87748433667103 20.86677498567455 20.84567434132428 20.81782486945178 20.78124025827316 20.74221518700061 20.71068251439348 20.65565321421797 20.61778122796719 20.60200783374217 20.56739754641062 20.50915475875006 20.42737865468125 20.32425877834605 20.25463666760322 20.18205307595492 20.07817820485747 19.97104625619605 19.86931188020662 19.79507773199404 19.67846829165298 19.54207925397459 19.35477197202626 19.20232944085505 19.01709019774711 18.85347699253195 18.69528756510381 18.70256154951939 18.3734209362603 18.5397450263706 18.68915385322312 18.74095132593977 18.42348194909433 18.46153807763595
20.63735978649471 20.75673641467443 20.85182648423082 20.93608667789719 21.01656473918909 21.07828522742969 21.14172901213925 21.18762159666531 21.24220863465967 21.28637677005716 21.33138864760847 21.37553919930351 21.4122294245091 21.43496567250117 21.45540192743149 21.47609002813237 21.49290186936541 21.50849925181372 21.51608235119567 21.51203125709063 21.51293757148227 21.49768689878762 21.48568374103036 21.48220016838816 21.46907893671255 21.46286305857983 21.45461263613889 21.43023110606128 21.40141510472804 21.34875965071252 21.31574016602396 21.28619980302559 21.24971132381945 21.23170291188885 21.13843975785841 21.06191195701407 20.99713580424997 20.9364337439622 20.8553642727901 20.7740189053569 20.66186725801527 20.57055702070275 20.47901377852975 20.35612143425056 20.22299899611871 20.05947310942702 19.90618148689506 19.75009395480032 19.59110786005464 19.6879563751462 19.46526547254971 19.4186115531618 19.47903591499017
20.83046480802539 20.94932190154579 21.04638333798333 21.14394803391779 21.2391001533389 21.33753472210346 21.41678020393333 21.5023563799601 21.56817585249595 21.62704440937055 21.68525656958235 21.73979880084451 21.77800365964163 21.81690486373194 21.8524016028339 21.8928585109928 21.92385920342321 21.94826607145691 21.96442954403036 21.98580196823287 21.99958674802344 22.00961064591774 22.02297519478168 22.03020762950089 22.03081279668691 22.04673014211898 22.05352716885244 22.03749001604517 22.03656044626477 22.03680693287644 22.01004962584587 21.989881204833 21.96276684066104 21.93672424932094 21.90424743536409 21.85511749167193 21.81210164021111 21.7696706387095 21.73999790678197 21.71765327926127 21.64298745215961 21.55128322307325 21.49110104158141 21.41709518558415 21.3247405375883 21.23878226165453 21.14020493385858 20.98763026125082 20.8541734709103 20.71283144699352 20.60044690035624 20.62036010385348 20.27578841848726
20.9743611303935 21.09060963900509 21.21604830015159 21.33094460952504 21.44358718360025 21.54607918309964 21.63384984280443 21.71827051771336 21.79554324544749 21.86008945436711 21.92633307801891 21.98556129108999 22.03542365152637 22.08299343490803 22.12062152723128 22.16442329496619 22.20707799571978 22.24935021249735 22.29066576129718 22.32563294009618 22.36934897687453 22.398585364006 22.42338985655797 22.4348016625005 22.44925299136096 22.46199670134857 22.47291471253354 22.49204287471049 22.51029138933051 22.51520785232494 22.50968423458412 22.50686442083664 22.49691090124155 22.49482888241111 22.5045850905618 22.49960742792432 22.48618151958264 22.49171621918532 22.46092610294359 22.40920269693535 22.39782879121911 22.35673730555256 22.30434599195438 22.25320492411069 22.20805043607705 22.16221190294509 22.10610357736715 22.03801374568778 21.95601121250961 21.88342782423796 21.77494089469011 21.6663593136052 21.51418569968393
21.17943724335017 21.25650907947356 21.34150848628287 21.45192784548329 21.55562277596883 21.66222925768171 21.75935016310575 21.85017825162065 21.92861093435559 22.00193390673396 22.07347099519763 22.13674075174522 22.20360809321567 22.26511687531873 22.32564530104807 22.38131577689619 22.42560534435543 22.4618388264793 22.5076973839758 22.54143105633148 22.57835371051151 22.60439963870682 22.63726934977742 22.66773487261395 22.70874773378636 22.74733029843592 22.76989149362806 22.79142299666469 22.80658107534496 22.83373687176238 22.85777254050556 22.87879255304073 22.90257614131628 22.91894839600343 22.94045945206086 22.9486804374291 22.9539089935396 22.96744290359246 22.96788870144333 22.96842472561653 22.96447484238351 22.95969268708012 22.93592425211882 22.93909685704264 22.91399227110987 22.87138088022087 22.86490457793452 22.84772523279081 22.80944724994924 22.76613621454536 22.71357092414281 22.6600245667772 22.57866377659292
21.23593685447527 21.32314931920821 21.39815180946616 21.49240328022731 21.59626416904633 21.70861926839957 21.8162178074285 21.91325518457721 22.00258122093846 22.0796774889196 22.157007624261 22.21787336182016 22.28137149318404 22.33804569687572 22.39803500186432 22.44478283958653 22.49243181319792 22.53417627425616 22.58004213576109 22.61303785200072 22.65875861814486 22.69511319695274 22.74001071486434 22.77987460967632 22.8258894900714 22.86782645799268 22.91090307407386 22.96486587161534 23.02625823041175 23.06511001360979 23.10646583462776 23.14041888606268 23.17243927340218 23.21630671956267 23.2418702202284 23.27251744503895 23.29770770070027 23.316566624545 23.33216726617725 23.33800065587245 23.35744411841706 23.37581651447776 23.40765555872385 23.41827665573785 23.4184238336197 23.43588389690261 23.44981748655889 23.45286215714908 23.44391048235296 23.44611433956866 23.41952140908952 23.38729691346784 23.36700106477922
21.25756350963288 21.34667732369305 21.4328895173184 21.52197497157643 21.6250269229688 21.72063686382944 21.81237166971281 21.89396217183915 21.97499934629388 22.06508015020937 22.15735214085242 22.23693782331507 22.30536973808452 22.3635581703625 22.42256415037766 22.47201827023463 22.52258005916542 22.57415938035873 22.62753115706272 22.68000335526702 22.73261552359576 22.78958885977018 22.82044467091987 22.88158595158404 22.95312513097504 23.02888547518811 23.08817272376854 23.14370786307452 23.20501988839135 23.2561686069369 23.3129388634333 23.35878577931275 23.40853659897632 23.45901160688492 23.50846392242088 23.55249695614955 23.59405653773035 23.62902904009482 23.66869491181181 23.7130739132679 23.75093890971295 23.77974106997376 23.80115097735635 23.83087982320281 23.85450800586629 23.88187204587532 23.89350615014376 23.89932327343096 23.90486922850515 23.91387747915938 23.92060663953851 23.92484444081816 23.94079190555778
