benchmarks/avaHockeyChannelEntTest/release1HS_38020c7f23_C_L_ent_dfa_ppr.asc
ncols        1001
nrows        401
xllcorner    997.500000000000
yllcorner    -5002.500000000000
cellsize     5.000000000000
NODATA_value nan
[rows 189 to 209 of 401, columns 192 to 239 of 1001]
0 0 0 0 0 0 0 0 0 0 0 0 0 0 0 0 0 0 0 0 0 0 0 0 0 0 0 0 0 0 0 0 0 0 0 0 0 0 0 0 0 0 0 0 0 0 0 0
0 0 0 0 0 0 0 0 0 0 0 0 0 0 0 0 0 0 0 0 0 0 0 0 0 0 0 0 0 0 0 0 0 0 0 0 0 0 0 0 0 0 0 0 0 0 0 0
0 0 0 0 0 0 0 0 0 0 0 0 0 0 0 0 0 0 0 0 0 0 0 0 0 0 0 0 0 0 0 0 0 0 0 0 0 0 0 0 0 0 0 0 0 0 0 0
0 0 0 0 0 0 0 0 0 0 0 0 0 0 0 0 0 0 0 0 0 0 0 0 0 0 0 0 0 0 0 0 0 0 0 0 0 0 0 0 0 0 0 0 0 0 0 0
182.5407052665374863 181.25492161897429355 183.27114226695485399 186.77177984201841809 189.79464280011595179 191.43865437803032137 189.38510234785019293 187.34801539349379595 184.64178974719010284 182.84543406005388988 182.96824001504012358 182.45897684269971251 184.97473701377901989 186.90735415115690898 187.8344057634860178 188.69083688304866087 188.3881777808057052 187.5638692171185653 187.13464536071023758 190.68124675985890804 192.2571006595806864 192.40227249543377752 192.41694945032566011 192.03648966190948499 190.47557304893823016 188.27393386814512155 187.91155765556317192 188.91954540177368926 189.43585939934936846 189.74614448081828755 192.09646927085850621 196.03467496542000958 198.57599407621430032 199.85795948789888143 203.51102949369993667 207.62095877873423433 209.52647699770088252 210.83243188571555038 211.14449566202995356 210.04129694660770156 209.89656193672894346 211.1319739214854394 212.52595151859787848 213.53857156338790446 214.21817800423983158 213.73446148113430354 214.02243743943628829 215.89621877614212053
206.84233844143591341 206.94370452468956501 208.49750530830877437 210.66956704107010978 213.53567483457578646 214.99195155179995709 213.94996275772393801 211.42318240342981994 209.88561808742585413 209.74983812750286916 210.26568555070346633 210.18879582674128415 210.36936160263192619 211.46740486613518328 211.90758041956095781 213.71595290433569403 215.23992164781876113 215.69235580845230515 216.48297010900276405 216.38906813275960417 215.04915018207137223 213.99151404777791186 214.81224002691408259 214.97059118121836718 215.24857766377198232 214.49376403406148484 214.47487513564018968 214.54288412580766021 214.53208912283713516 215.18227222358905237 217.5759067058677374 221.20354954556282223 224.44364286753531701 225.68631335589452647 228.21176022614793055 230.90276539456957039 233.12075396697599672 233.94652725340785082 234.60129954548781939 234.90149847650604897 234.81411927108371174 235.16403710645892033 235.49623779213919761 235.85724499209050009 237.73235795922170155 237.86866939725669567 238.040380083438464 238.90568021776519458
242.99269856677852886 245.52642163430348887 248.20071974869287601 249.28878837316884187 250.91165703593324565 252.22904468606080286 252.98912356427555892 253.43121806885935143 253.75560399304859516 253.82733047737426091 253.37040553553504196 252.68639359507568543 252.33575305267197564 253.14400107676419793 253.79025964526951498 253.72450946236105551 254.11786290611425443 254.42909137522343599 253.95550842905893774 254.25611750366616093 254.43245395157299527 254.84530745130027185 255.70297382723717305 255.23939531078661958 255.29202279617953764 255.69616912451823509 255.65031778474846647 255.89513290745512109 255.78745936671737127 255.81365976937755136 255.99872507354439222 258.83869990514546089 261.4189943015010158 263.6325631890705381 265.93439258757484822 267.72956871803484091 269.13592140835760347 270.56625526405849769 271.96271738994045108 272.58521089030830353 273.95638057290688039 274.9276890649363736 275.69447238084052287 276.43715818559689978 276.99105762038442435 277.78347537938321921 278.91543921600822387 280.25912986504670243
279.44200558305630011 281.9695575171551809 284.03155939473947456 286.08559196893065746 288.045682855826783 290.21869349364465052 291.78947335519200124 292.96426226309876029 294.23370126186387097 295.10599451148607386 295.96478136634027578 296.45467848916075582 297.14032290484658461 297.65576055966977265 298.29602366862957297 298.70817717631047117 299.24087970425404137 299.49892931670200369 299.85756656450428181 299.96040826766022747 299.6860740641093912 299.81090647668094107 299.86931809529733073 299.92269590041900074 300.09677587011316291 300.42283137490028366 300.35607691944574071 300.33165228116610024 299.99614496935782881 299.35439020097891216 299.65690240489124108 300.05931301319026261 301.12518228033195555 302.65467462503249862 303.91159285633494846 305.20881359619136219 306.54688645799274127 308.06993813947320859 309.24352476215636898 310.5943006104273536 311.81736660942630124 313.15118354825955294 314.31755523206493308 315.40846033009552229 316.48954096106615452 317.76552246134082225 319.26301877690383435 320.53394384103313541
313.11819377065671688 315.57290613542420488 317.75930086169415745 319.68762341044470077 321.93768721978591429 323.89062241378439921 325.63221275367533281 327.22229225440281652 328.93379859300023327 330.39783182304000775 331.5047495566727207 332.85305999905688168 333.99486677380122046 334.96153747636031994 335.73305024975189781 336.60117564005690838 337.0188116240689169 337.4623907014129145 337.81432446010774129 337.78843162203918382 338.05860985233874771 338.30785870199554211 338.60178585242840654 338.69712078022553214 338.90654829670251047 339.06183033288459683 339.11054972423085019 339.06569971541159703 338.82335418043771824 338.83060294640176835 338.44188968778036042 338.23773677335708499 337.89564770769419511 338.13079475590092215 338.96372800661248448 339.81389582621483214 340.9728809113466923 341.88560393609276389 343.29661723169618881 344.5877464767318088 345.93045713871663338 347.10241622118024907 348.40342179915717225 349.67706092369678572 351.2042350093149139 352.76899199414731356 354.09894673117668162 355.29768645520510972
338.93545006946584408 341.16063752379386642 343.47605035539390883 345.84571395843045138 347.98064021646308674 349.88083661078195519 351.99921749021990536 353.81064011119292445 355.69151387189009483 357.30812903454653906 358.9233356979333962 360.35878287219657068 361.62019806514570064 362.73962418423138843 363.84944556378491143 364.92376213409943375 365.91473084273656013 366.80225252685517034 367.66425508423907331 368.28149652570806438 368.90609140693152312 369.54677317542336823 369.90879857538737951 370.2391332606023866 370.3821774672978222 370.75366286279501082 370.87596089055131188 370.97176416465288185 370.94581826562296101 370.94940676457855488 370.97405591876486142 370.87011308677386978 370.85523231217308648 370.74079575071402815 370.73199351613448016 370.58949039564726036 370.63152160420185055 370.62332272988436443 370.71365392973837061 371.76927338665291245 372.94412928863528123 374.23987352587721489 375.50633844908543324 376.75662811090995774 378.08457590879567078 379.55669945093728757 381.04314571656954058 382.3613120561704477
356.07098601663227555 358.86848406051251459 361.48340634379457015 363.8890526453311054 366.18745847433052631 368.51284039650971636 370.66942985117816534 372.61102893988748974 374.41582757492454903 376.27874927977683228 377.9029484353345083 379.35326216232812158 380.63687734560795661 382.0081270833024405 383.20414157949858236 384.2493117524727495 385.23158315462069368 386.09873085109364865 386.86953637279270879 387.66127056808198859 388.35045981165291096 388.93104589491872503 389.31886352167913401 389.80316609816651408 390.27922523173555192 390.57223653566319399 390.75277674306033759 390.88142727388913045 391.13168499670172196 391.30702553943262956 391.37194063442922243 391.42842070558469914 391.45592736536724487 391.43418794014405648 391.56110628300467624 391.69279534380399355 391.79380728983653626 391.90492613043699066 392.01527573776326108 392.18689689889447436 392.37027550606109116 392.63036209559464851 392.99074993493957209 393.43039465733022553 394.08503825820952216 395.53585472642515697 397.02175770482801909 398.55673540135086341
362.48945311448932216 365.1305798971007448 367.71012713205004729 370.2750196850371367 372.65800443330260805 374.88300148923167399 376.96401811852570063 379.07489073319402451 381.01450801063771223 382.76425734987253691 384.33793665957563235 385.97974014000834586 387.47021543085043049 388.78395111519535021 389.93045223782019093 391.06315618585318816 392.14063732237076465 393.0841074891428093 393.91387359229992171 394.6107432890905784 395.35923721769114536 396.0406757795607291 396.61175270914822022 397.07199017590073709 397.43439559113318182 397.88269737468760923 398.26610514818753472 398.58222082193691449 398.79313652438042936 398.91767733484135761 399.16340231313148479 399.39773370048118295 399.53735770663951143 399.65111324655504177 399.73333147487318229 399.81731750978576656 400.01651150897652087 400.19801955708800278 400.40810390642434413 400.64088811024754477 400.88888160627453772 401.17504828563875208 401.48908755548097815 401.85709735529900399 402.3657045499007836 402.90219432480171236 403.44405649617488052 404.04288352689491148
356.3241512782819882 359.05712407901989991 361.62641579658895807 364.18161310557144361 366.63591477231170757 368.90178431198233966 371.01072150995764787 373.12365466905725953 375.09425968424716302 376.89884166806155008 378.55160291636013881 380.1266930779530071 381.67651625082129385 383.05888575925951045 384.29700657354516125 385.39300967630191508 386.48148328003594543 387.52936251135798784 388.44596474131674313 389.2123983127955853 389.91364935714358353 390.66221996322747145 391.28935172610374593 391.83058066164153388 392.34636712371633394 392.70771410231770915 393.12376220528147996 393.51717336592446372 393.82646488036306209 394.07694266604721633 394.2507860042725838 394.46086450324105499 394.69866815204642307 394.856659388242349 395.00813806197390932 395.06979508352600305 395.17683866588481578 395.3544042057662864 395.50811456218099238 395.67767517402967314 395.89554410182017818 396.09321457920412968 396.39770781729282589 396.74642980229612022 397.21644361990746575 397.74061284834027674 398.26869415109780448 398.80032888109610667
337.63615995504329703 340.48275327530677714 343.08387853886239327 345.71440145677172495 348.28208732978765738 350.7160348678282844 352.95822813394187278 355.06279902791021641 357.12506859232843226 359.04186516000333995 360.73125346401951674 362.33742357958902858 363.86607078540811244 365.36649605688711517 366.78221798708034385 368.04501683852896576 369.09062690781649962 370.22023129044015377 371.18269616472440475 372.05433702482031322 372.69807377002354087 373.40161263409788717 374.09178082633661688 374.72954345472163595 375.19409177515973397 375.61348629765461737 375.94556403420921242 376.4145793403770881 376.68406525736071444 376.83129086842211564 376.93261068644517309 377.06415250672966977 377.22675544373976209 377.39898980683040008 377.49625993327623519 377.44826582430840745 377.50532903515204453 377.69097056237427523 377.88873274914072908 378.03089375381443915 378.20833917244806344 378.39132429008338931 378.66876640013435917 379.02146251261109455 379.49617405733982878 379.86580830697039346 380.29542497665403289 380.74710104552110579
307.21506962660907902 310.09671535774532458 312.93003485295093924 315.6826571297193027 318.27394924702872459 320.7109102888397274 323.09398114773392763 325.24669996425433283 327.22839777388969651 329.23880269095246831 331.10709169180586287 333.0149097223062995 334.7135295458699602 336.25619440975685848 337.68725789449962349 339.03902863958165881 340.36783094570074581 341.54290497926189119 342.51905365424380534 343.43407896937264923 344.22061101124074867 344.90271156627125038 345.47848502124247716 346.06915780579112152 346.53577493603239645 347.01044167024952003 347.37028623034194652 347.61883103985729804 347.89475693310504312 348.09452248061495538 348.2389930419974462 348.35093578701321348 348.57365189961990382 348.59757935046297916 348.61289883331363626 348.66010192291884096 348.80744505047829307 348.96140963906725574 349.22947999360428639 349.37536035891179154 349.66276973471548217 349.90405290434460994 350.28537083480927095 350.56055833343452832 350.96235554420889002 351.42462808103505267 351.8313777524372199 352.26580965482128249
270.57886756795602423 273.68330655913314331 276.32565195467304875 279.51413277181694639 282.19018019394553676 284.99408128051635458 287.59974574193955732 289.46164818156972842 291.47770756211622256 293.28107253418556866 294.97834215364878219 296.69206919766605779 298.112406543584882 299.53411461959439066 300.8870672082248916 301.94259725772832326 303.13110009402163314 303.71933719668891172 304.98189424053032326 305.7360646480379387 306.61962779819350544 307.29918778736077911 307.69606605908398933 308.29170917658473172 308.69048869186678985 308.98678029997540762 309.29595747250749582 309.42079094741438894 309.80126300877526546 309.90855651545962246 310.1020878685804405 310.3323926310061438 310.27269522745837094 310.70049411968386721 310.99417547473387913 311.73488465260993507 312.09407994283691323 312.57929094244201451 313.21397087664342962 313.63829131582303944 314.36181124999473013 314.79382679107607146 315.26547520964368232 315.51406879451548093 315.83945050776833341 316.1638649083450332 316.21072648118973802 316.59156602444272721
235.82299965837134437 238.00479364038525887 238.85440508739287679 242.70467382003297985 245.33127343360035866 245.35586086274167883 247.12991265485206327 249.65737634952020585 251.72892551038054876 253.3590592194535418 254.98521902859283728 256.96171402687252794 258.93377342901015936 259.92987406732515865 261.01808116208002275 262.1750278605199469 262.75240527457145845 264.02618404120164541 264.91896449578962347 265.97772611859943481 266.65166159554286196 267.09525194616924182 267.80903443954741761 267.98492673500209094 268.35921285196144481 268.88933808321002061 268.62386964201778028 269.06801201159305492 268.94934590731907065 268.65348835525833238 268.65370633384878829 269.0036208338537449 270.24330027679502564 271.35900224103215805 273.01493690480151599 273.9744884502835589 274.79788014214557279 275.73293766284888306 275.80751352013737687 276.40949755101752316 276.83171876676880174 277.32354417739270502 277.65302973312810764 278.20730140550807619 278.62440222393570366 278.62669627077622181 279.37796543559579732 279.27743649622078692
211.49491251503508238 213.09907012919097724 219.50885301584193599 219.31102913666074983 218.22090157852554171 212.89520267967532163 209.28553291873211606 207.23451121196890767 213.59689606516423055 214.00399398452714195 215.79304305853870005 216.06954492300644688 217.21167972282995606 217.07423704131278441 219.49633194104507083 221.69532359857157644 223.41824863771159926 225.63283242674231133 226.80415365235029412 226.33928723372744685 225.96081965450170514 225.65564507111847092 226.8769843851602559 227.69349725113502814 227.37770856258552499 228.28318174851179378 228.88492152141517977 228.93473168778149329 228.5190814414699787 228.20511129539278272 227.97264347333060641 228.7369171915643733 231.89057004331067446 234.0767789156255958 236.26300704592401303 237.19197109381374844 238.16027329040525728 239.17956705576526133 240.14896826695914456 241.08100502763906547 241.03353406697840455 241.18659518726445867 240.77265011561866004 241.30030582839978592 241.86306141716411844 242.1554306741575715 241.83692447133313408 240.71395444802394081
168.55311872556143271 172.80865233989055696 175.65463981474147204 178.73700931395862312 179.13915770488947032 176.49391340806752737 182.41653234752479307 186.10455413909474487 188.21787849535451187 189.45378104726580659 189.30559372728620815 192.70724320409777874 196.92893649668792477 199.59129672945522316 201.32522969500772092 201.83832386447303975 201.10104810480200399 199.8514211193338781 199.53508618965841492 202.05469082102413836 202.20018321579260601 202.80132954127930134 203.01201780326061908 202.22256683232188834 202.83401229113235331 206.24093482273838163 207.24100924675519764 209.27798313142719167 210.2136530985475531 209.53892575865623371 207.62875317891200666 208.75507608174262941 209.978421320332302 210.17492442012195397 211.67675156474282971 214.15523374347412755 215.83630898841244061 217.06909959154484113 217.00153467474274294 217.79010424423071868 217.25157291951097704 216.62558041223024929 218.10550854302735502 219.3760571680732312 219.02562086239430528 219.45607706762939415 218.98704437403401357 217.47216601291904681
0 0 0 0 0 0 0 0 0 0 0 0 0 0 0 0 0 0 0 0 0 0 0 0 0 0 0 0 0 0 0 0 0 0 0 0 0 0 0 0 0 0 0 0 0 0 0 0
0 0 0 0 0 0 0 0 0 0 0 0 0 0 0 0 0 0 0 0 0 0 0 0 0 0 0 0 0 0 0 0 0 0 0 0 0 0 0 0 0 0 0 0 0 0 0 0
