benchmarks/avaHockeyChannelEntTest/release1HS_38020c7f23_C_L_ent_dfa_pfv.asc
ncols        1001
nrows        401
xllcorner    997.500000000000
yllcorner    -5002.500000000000
cellsize     5.000000000000
NODATA_value nan
[rows 189 to 209 of 401, columns 0 to 47 of 1001]
0 0 0 0 0 0 0 0 0 0 0 0 0 0 0 0 0 0 0 0 4.9291029742074385922 7.760668469450560103 9.5383499959222746156 10.673595354695033066 11.292823369854723126 11.928110253862639567 12.778570933374986396 13.56318596331093751 14.267001847787451396 14.840135522732698092 15.37648793830349625 15.892335559856793026 16.370153919149267097 16.818118495321559891 17.24643474988491576 17.643293184857004263 18.007203665825443295 18.338776890735189795 18.644781347380149583 18.908460063428538689 19.168227058293258125 19.405033895980821512 19.625539195007689841 19.821893423477163765 20.003112046640875832 20.169155318687888467 20.32848511999642227 20.48727388584354614
0 0 0 0 0 0 0 0 0 0 0 0 0 0 0 0 0 0 0 0 4.974523703379266415 7.791021768647228285 9.5648038718943588776 10.575798897629818285 11.196780445322637831 11.872328444839407524 12.740815642141761543 13.544348725032103076 14.237238931099140515 14.85621279449429899 15.423429643401858513 15.981509317302563744 16.479630446684037537 16.942709174210104806 17.341644783375642191 17.710562459865094809 18.051807841387130793 18.373979332062859271 18.674836155759049205 18.948560464469753839 19.201017894307121026 19.429180526362259229 19.632314978486441248 19.815874365688159742 19.98495948005735201 20.149200667113184693 20.300451750146784491 20.440639418099213032
0 0 0 0 0 0 0 0 0 0 0 0 0 0 0 0 0 0 0 0 5.5352942548168266867 8.1712812039360507299 9.5918647607036202629 10.604854201226880051 11.196780445322637831 11.902303606467054209 12.747297733172365142 13.525859703665972233 14.223230478457121961 14.823968146728729423 15.422246887228755696 15.973293033810337604 16.486000713213684321 16.946860424121769739 17.340119828742491137 17.705098833610769304 18.041099679736262829 18.359237724401655356 18.659920109742067496 18.924188055637813477 19.166672855418632082 19.378485528932756665 19.573007448294408306 19.752463173444887445 19.922954708107891264 20.079867700931259833 20.224296170612106494 20.364706794152276359
0 0 0 0 0 0 0 0 0 0 0 0 0 0 0 0 0 0 0 0 5.6392001987358995052 8.1712812039360507299 9.8028624167581437376 10.844012551035739023 11.47626646575144882 11.958852989767422059 12.771164275911797148 13.552942901175264012 14.235173592370363949 14.869593129471956772 15.442003250914918766 15.968937561230223565 16.452937896004129925 16.899639265101303209 17.298503089501576113 17.678752146815245538 18.029913968491779741 18.340644490334753414 18.620294095951713587 18.878858186450028001 19.125241353781195386 19.3292633399896161 19.518326512610183698 19.69439071407733266 19.860658447422693484 20.007066210634800285 20.175315681313318095 20.333062208598462917
0 0 0 0 0 0 0 0 0 0 0 0 0 0 0 0 0 0 0 0 5.6795193493206665991 8.3731211552682420773 9.7490601238394134498 10.718961618786991608 11.203641135538253693 12.051211352069328697 12.90461081452504466 13.662363254556581182 14.331678848495510437 14.946941219320999394 15.483266059927611735 15.961338630937726535 16.3757330970974877 16.784900651272320005 17.199273108969169499 17.575405123707053434 17.91844133307267839 18.227353393797951497 18.522942958481912967 18.781633649154834131 19.018232706673071419 19.234810488263889283 19.433015981842004294 19.626133271914252276 19.798573382456510217 19.960872566844610532 20.125949653979724019 20.309966605530338057
0 0 0 0 0 0 0 0 0 0 0 0 0 0 0 0 0 0 0 0 5.6795193493206674873 8.3731211552682420773 9.7490601238394134498 10.718961618786991608 11.251112713706646673 12.036585146444700456 12.899510057464084412 13.659497810542191587 14.361978471126571222 14.977934789296638129 15.518090210014536368 15.974169145419898186 16.376383287397452193 16.750491527086218468 17.136972771524241921 17.489023407863168558 17.82744032481908647 18.150476102962919356 18.436784214102239332 18.704385708855667758 18.958319003579077844 19.185469908912434533 19.391180330812716193 19.584580103341483692 19.775607139916061783 19.956081365528387295 20.156461303888157488 20.362578118780433556
0 0 0 0 0 0 0 0 0 0 0 0 0 0 0 0 0 0 0 0 5.7699808227805942096 8.4283759989540953939 9.7836264369895342696 10.765919473758641445 11.249059552038231047 11.972476688741826578 12.832348530522883934 13.639404309826115735 14.36552989709480066 14.970486127351870564 15.487339224052780295 15.934838421156623411 16.36788036238833044 16.779752919921879339 17.167067538469432009 17.518775415174889787 17.829804060211625227 18.139840669394882156 18.435095236598936452 18.708944100981717895 18.967072516073400834 19.206878425413947298 19.430532404191353635 19.632156853019331777 19.804673711619738441 19.967146096255614651 20.146751595508309407 20.3387778016861418
0 0 0 0 0 0 0 0 0 0 0 0 0 0 0 0 0 0 0 0 6.1450606594659742399 8.5149407092235254169 9.8918830803247832506 10.884298217941111631 11.368812544985280155 12.102103913385780842 12.906960886593706661 13.690415458211194988 14.394698181922899849 14.991134273285341649 15.510977690423217723 15.961703732600470929 16.384390516368622315 16.785025167382119804 17.158385481895244595 17.504785611912495824 17.825812031612397135 18.139326847246532992 18.426451644330484214 18.690004052979542593 18.932442100716944111 19.154148151143456147 19.350527864446181781 19.541658623100385483 19.753113618096591608 19.96915997474136617 20.162180007388808889 20.351289858044726344
0 0 0 0 0 0 0 0 0 0 0 0 0 0 0 0 0 0 0 0 6.0776524387594292875 8.4796688816038123804 9.8981844863656966993 10.93697485109363754 11.472059367176637323 12.180083816620133064 12.974781127899326805 13.715616605331101496 14.355148983101253535 14.925147257340345419 15.450417486984642679 15.94901318076255059 16.405422670989548095 16.815057291256259475 17.199824811023574966 17.570362655744212077 17.92009446532730621 18.239765986905361217 18.529404927307247419 18.779115348381427708 19.011840107655903154 19.225212235522761262 19.425798670563207082 19.615744195589609689 19.822520071701951849 20.02873741522506279 20.238938944859871327 20.438964374792593759
0 0 0 0 0 0 0 0 0 0 0 0 0 0 0 0 0 0 0 0 5.6877744868850204085 8.1214348224894337136 9.7942024037722124064 10.853839383036486765 11.588246912807942834 12.143259969961007982 12.994430652898769196 13.692275703866934933 14.34359174607714138 14.923792629575707736 15.473476887907633426 15.984728787108927861 16.451838286193130045 16.868974009399817504 17.232112697113830535 17.558514393370835194 17.888518523088080769 18.206285609226100064 18.488874039272825911 18.760825293211894405 19.005489028775414795 19.234120853183572564 19.44833145031612176 19.664501465363567689 19.892267660311759414 20.107994384371302488 20.314239460680344251 20.50439263952679525
0 0 0 0 0 0 0 0 0 0 0 0 0 0 0 0 0 0 0 0 5.6890830651222721315 8.0614498369215166207 9.7632452975962209507 10.853839383036486765 11.444630828265683675 12.05698335290022527 12.913665419773659337 13.630847810016758714 14.281210450054473426 14.893283632593808719 15.431142058307614207 15.926714554754774156 16.406297967398668192 16.829215369448562001 17.218523209408168384 17.573418101446467432 17.907858782528798258 18.222020158433174686 18.499196754154542788 18.754299292363882046 19.009677285337446051 19.267007350693432954 19.512683356241279142 19.746854423401739353 19.969126243319745839 20.179841029400559904 20.378124189418755918 20.564749949922308758
0 0 0 0 0 0 0 0 0 0 0 0 0 0 0 0 0 0 0 0 5.1968677811562464797 8.0431785170166314458 9.796495917706099732 10.714189836410362489 11.463464917241729779 11.985213652249823824 12.811470238708453806 13.520786840000180717 14.166916702817848872 14.768323333877987125 15.345396152792075029 15.867628158928836157 16.335543292950699623 16.767876412998283797 17.168886771097394472 17.543076755538770328 17.880509572789229367 18.185979303808988305 18.453652713191971202 18.686827695824231199 18.967694549157180006 19.251629828952840029 19.518858539867938617 19.756043757961009533 19.985457840791642781 20.19215049888186897 20.392757780281517199 20.577021913507291373
0 0 0 0 0 0 0 0 0 0 0 0 0 0 0 0 0 0 0 0 4.2858933836120307603 8.309469409476765378 9.5917832135181413378 10.464319631436522329 11.177186211591196852 11.920715752301932255 12.695179845016893339 13.45371855296006558 14.103278856585630407 14.749281070840497776 15.355901177098687072 15.883973575572499115 16.353960345079521232 16.778993160901094939 17.159007603582221435 17.519894321915344904 17.86584595367619599 18.185100841092090462 18.460919979341930741 18.716507462630236347 19.006281678058659423 19.292683747656255377 19.558919787464670748 19.802126116989573035 20.031489683740332453 20.251723504689564948 20.465909764015510319 20.662921148826963957
0 0 0 0 0 0 0 0 0 0 0 0 0 0 0 0 0 0 0 0 6.0502277826850745512 8.309469409476765378 9.5917832135181413378 10.464319631436522329 10.951772627087580148 11.95334589205844722 12.797022655852925865 13.546410146633244054 14.220209029756524899 14.853617679060063139 15.414698285583298798 15.966943238232634172 16.448540384201663755 16.889067872831940775 17.283967176150195399 17.616612167917814702 17.923125181866819133 18.196776478531450749 18.467858033867070588 18.753296765381634259 19.017830369765750476 19.277405764838956514 19.548791333064222897 19.800449488398722764 20.041538164615392503 20.262095143308627598 20.467093354001821837 20.660151733472353897
0 0 0 0 0 0 0 0 0 0 0 0 0 0 0 0 0 0 0 0 6.0502277826850745512 8.3046401429840166486 9.7091115986856095788 10.857135375169173486 11.594089463142086771 12.162101426236807455 13.008561182953670254 13.688770634667760007 14.298000033586166779 14.871551706672871518 15.425145071793993523 15.951425574240822414 16.415615033673205403 16.845256069595329507 17.247025375006789005 17.58526148797127675 17.907167519051977678 18.187409509053306778 18.461459677921585154 18.731373066352620782 19.000398458582097305 19.264863584519883233 19.525590719204341639 19.771427266472453965 20.006334704428155646 20.225338235264629816 20.431281637212574509 20.613657313853909869
0 0 0 0 0 0 0 0 0 0 0 0 0 0 0 0 0 0 0 0 5.331958484472631099 8.1924016969110038389 9.8945234185179380404 11.029953166657827879 11.878428508437092859 12.457222994599510102 13.175717435813089295 13.877046694002093119 14.473833665786642655 14.988548846451132945 15.463077140995808989 15.973835275210939599 16.433335789974819363 16.841254314018016203 17.210626001750895853 17.550011099224814615 17.863840131181255799 18.188969201939592324 18.494622554260011782 18.773579093976124454 19.039303958558999597 19.292063262224200315 19.540568401617736782 19.768991502470054655 19.989637994423091527 20.20261530565901964 20.41080461444910199 20.596501817270858936
0 0 0 0 0 0 0 0 0 0 0 0 0 0 0 0 0 0 0 0 5.7815786266940145666 8.3479605652790116466 9.9502211802312956479 11.186338676721442553 11.954020011529550516 12.407533038939828174 13.202652354421779535 13.900170999204158662 14.488785928002380743 14.999608888132138773 15.43734257615928307 15.901167284789872625 16.34266640125726866 16.803107575239792482 17.256369442487752508 17.661236970005514735 18.028091670034740446 18.3503024874205245 18.636038315971386936 18.897779606010576714 19.143269891905699609 19.397966839624121604 19.639490992317863771 19.860012100812838298 20.074616660354109854 20.273395618610223323 20.453926706788600143 20.622928403262914543
0 0 0 0 0 0 0 0 0 0 0 0 0 0 0 0 0 0 0 0 5.9395129793856744627 8.4251316858590357128 9.9177794864637753847 11.050424703752289801 11.652718559257280617 12.267347985534151178 13.072764312741915305 13.783582969444019284 14.419196554467079707 14.974423072089717124 15.442435164972961203 15.90670401963571301 16.403329516997807502 16.857722334537239561 17.283488377055164165 17.681094301880833086 18.04521902880827966 18.389155845122509447 18.691944518718983659 18.967866821274057543 19.216566453144366733 19.459672385857455623 19.680960470787265848 19.897557715608858331 20.100024544223504819 20.299171503094505908 20.482215910958267102 20.653118802872793225
0 0 0 0 0 0 0 0 0 0 0 0 0 0 0 0 0 0 0 0 5.9395129793856744627 8.4251316858590357128 9.9177794864637736083 11.050424703752289801 11.762706557181546785 12.180799608281050794 13.0232298705702636 13.761135659942848264 14.392734076444442692 14.960388538798900626 15.440165364928709835 15.928806146369241858 16.440204486867802558 16.922523748935262233 17.359453994036773139 17.760454406893433799 18.121604283148343484 18.459610032562611792 18.772929529429724482 19.06900553250282826 19.326584353256027526 19.564400441124735863 19.780509042651495122 19.978052451192827021 20.175793138027966478 20.365175645543434513 20.544411882848855555 20.725312455172016257
0 0 0 0 0 0 0 0 0 0 0 0 0 0 0 0 0 0 0 0 6.0281003468930141054 8.4033879850391102195 9.799536922719779497 10.943604855138826082 11.593814502717671999 12.16794643176094759 13.046475304924937788 13.790463576868578599 14.417582607914676274 14.991763700101216727 15.460099361680153862 15.951727831720621253 16.465413640255338379 16.946967212907306788 17.373047775188869224 17.772844901013161945 18.143813995373026415 18.479309191080968588 18.786365483634170914 19.058342520033665579 19.314378985247170561 19.54530028093333982 19.777492447671946252 20.004826148860090029 20.206600329854719433 20.394277273799833239 20.585001595429417875 20.764012666179773703
0 0 0 0 0 0 0 0 0 0 0 0 0 0 0 0 0 0 0 0 5.7912084789398390328 8.1148637201011695197 9.6772603246324990778 10.591766671436293024 11.131719386112468584 12.06062137211425167 12.89210533866076247 13.635030888869186683 14.297382955458020959 14.863213908876904412 15.437878514443315936 15.97373781570637874 16.470082896839574715 16.938287524202898737 17.367735894435657684 17.775645370114737887 18.146972446077121788 18.489163904507705638 18.789434196090592621 19.067886718158046477 19.321401698384384815 19.581741490621922708 19.821027353257967718 20.046137319676979871 20.244909478159474503 20.435867730645238538 20.613218453918840112 20.774567151487055128
