benchmarks/avaHockeyChannelEntTest/release1HS_38020c7f23_C_L_ent_dfa_pfv.asc
ncols        1001
nrows        401
xllcorner    997.500000000000
yllcorner    -5002.500000000000
cellsize     5.000000000000
NODATA_value nan
[rows 189 to 209 of 401, columns 96 to 143 of 1001]
24.36227555406130918 24.458182451609367547 24.54449425649571026 24.635036804112289133 24.727924440828832786 24.821458259961694637 24.920937803538944166 25.010904623658632318 25.10079375145351932 25.194745475338727658 25.29433440448307735 25.395814724882786351 25.492134622060721227 25.590035349027676403 25.691800408327139849 25.795388653447922422 25.898560630300853092 25.997981158347013064 26.096888926908906825 26.20623780182456386 26.33954394830062995 26.478937048303226476 26.604972246579787765 26.73511313603852102 26.864211355174937523 26.989524728971247214 27.105838565929541772 27.231537982242926432 27.35423454561484391 27.461696233639884213 27.564595324226928597 27.652826358678229468 27.73517842807580891 27.794558387744064731 27.840203784291563949 27.870561855660117345 27.875428084507394288 27.866837386380851171 27.831796261268952009 27.76264059841153653 27.668771079305511051 27.545219680198631096 27.437993208481842089 27.30043532298918052 27.127257989754607337 26.913757927162926364 26.671141945134845486 26.390905867669292917
24.253240730542401593 24.306022283661903316 24.405127374237391535 24.506320571857326485 24.604244394753145286 24.701117587500149853 24.798393840065632077 24.89946760928527425 24.998130156089882092 25.095481571002224541 25.19191534814391531 25.289665685847666055 25.38885773486278552 25.501744741697550012 25.614169612001120413 25.72919327771168696 25.84601240057162741 25.958971049459758973 26.076387925267486168 26.193949394815835063 26.309181141286575922 26.425820768331334421 26.564906425709914117 26.708480400493943563 26.859798481386551572 27.014270381590758774 27.161545526585701538 27.303038669745973266 27.449638432335451199 27.596728658351949548 27.731033558497973246 27.864636315767317143 27.9930404255267824 28.117120646158525687 28.231445378549132386 28.326230025562544768 28.406078900395549169 28.473068274236116082 28.524977805489626803 28.543914495080848326 28.54536619866217606 28.523267834950836175 28.489538892339449916 28.397312964488168774 28.322055659534431271 28.197291458407949705 28.092886149023872377 27.931994020478256857
24.451486581942614151 24.516092383218818895 24.572417281332143091 24.636646383779254421 24.687659568814684263 24.744316445777339908 24.797339754645129517 24.857673775206691857 24.915078073189427244 24.978115210545624336 25.041202298177040575 25.137791431028798428 25.252769291259308915 25.360116500038582643 25.474823866635869507 25.592130998316307 25.715301602768615652 25.840320048051342638 25.97726471447480634 26.114771649255242636 26.254419284823136138 26.393067964424687943 26.530347896838947008 26.674724364117345488 26.827100260186519165 26.973937852712392527 27.125656275803841311 27.281567194331369564 27.444135770307923394 27.603804415737950961 27.762062135363649418 27.920835729469903441 28.075672399445448235 28.234000264242705924 28.383124123612308409 28.525728050764861621 28.666381711531354171 28.794115573303557198 28.911424905830713783 29.013250616570623208 29.103382858214526863 29.167304152679886187 29.211327379676568228 29.231194357353402324 29.238906256761254099 29.204470061012468562 29.198206469366962068 29.168003625999755712
24.578462683135260392 24.646748179117238919 24.717704810792316295 24.790205107372603521 24.861720464543004994 24.938555796511760576 25.006208068400773925 25.075311435153363249 25.149673499529541232 25.220406290412551442 25.292606487896847511 25.358431199008986567 25.425563854544112274 25.494306063137351259 25.568442873808393756 25.646652133402294993 25.71797724522827977 25.859854959276265873 26.006361563927899994 26.148736862747817611 26.294689855874857187 26.432644210518962069 26.577195336248557567 26.728728018168538938 26.873521014878360091 27.022012308718881712 27.1766941875484207 27.328054346813154041 27.486518472762270449 27.646963545205700541 27.807920064901413326 27.969608468788440092 28.136831030726952463 28.298061095481607197 28.456596835739894402 28.614646838072086865 28.774689548173714826 28.934628030134440735 29.093482005725281425 29.245368265723520551 29.389855456249829757 29.524199882155034658 29.642480873171546563 29.745806096938910201 29.851606136942923087 29.962948535264438021 30.056058413000300789 30.131614897831912714
24.680806096808264982 24.759893704401029879 24.838373568141921766 24.908415188135798246 24.982230141870459761 25.057856007587467673 25.134616542281374763 25.212663454575622524 25.295613219901440516 25.374423906541373697 25.455370745832592405 25.537894461362430576 25.621964855183776422 25.707787305931478983 25.789462045151736902 25.874976131540165625 25.955483348414116307 26.040820149335420552 26.132710407859843116 26.212054342446926114 26.313600546759960963 26.465083867341576251 26.619732666973945356 26.772359575408444243 26.92160521936412465 27.075481825761816168 27.235319488393365361 27.391639596973003989 27.548635498886753226 27.710401203208299137 27.874940267908023372 28.052041096028968781 28.22623507039792301 28.395338064521666865 28.564570398050765476 28.732892382928071129 28.91978995456585011 29.101532950263287347 29.27975376408937791 29.454481958457325419 29.644876177792131244 29.827092392869655413 30.001492883084480923 30.178607526835953934 30.359028649295229485 30.523475341302994224 30.66800550542764725 30.814047509102245215
24.738120757519222792 24.816232571604029289 24.894235492043875979 24.977648709213895017 25.056634226805226007 25.13954954940128772 25.223930887568410952 25.306383416572277412 25.397510507853617412 25.478682707286456122 25.572161936580304342 25.655750077505576456 25.743064429714454633 25.836911249970416549 25.928353744173513462 26.02628161571927734 26.121012352675599288 26.213310067282890259 26.310770872647669449 26.408425176138127455 26.504932353875023665 26.609748556153427046 26.7578481464247524 26.909007061386482462 27.06353772470584218 27.223501433526152482 27.386097464055019657 27.547685406163196831 27.711854979398001575 27.876948483106712473 28.052767375054944665 28.233698176951360637 28.415321918263160228 28.600894069320400348 28.778660059859575426 28.951892794935663034 29.148734193971336026 29.347585590758622942 29.539637578189854139 29.722897886008500024 29.922804445759162206 30.128943398465565906 30.322483472139825977 30.505005522208630708 30.714245003424167635 30.908497654555386447 31.092233164660658673 31.283783122311273672
24.776973002659023138 24.853254081194716463 24.940638855835455701 25.021308545630546405 25.112737425453179441 25.195103882665300432 25.276846288236423987 25.358008522217666325 25.439380088248100265 25.525982990947767348 25.617790517659507543 25.706114651987697073 25.802558182542544074 25.899024044242221265 25.992240005329353636 26.094978907837358406 26.198238702068252337 26.296212415368323434 26.402101604671042168 26.510621593407787344 26.621399720090529684 26.757934816871497219 26.906868698110443461 27.055530239112094648 27.212435273030862959 27.374973685497916875 27.535476508718382149 27.694944891291253697 27.856116646803393166 28.021791209438195125 28.200434443667742102 28.382436598476751044 28.567850919277297805 28.752456151768043924 28.932119321963007508 29.110965311095338137 29.315853979625590142 29.515841858547105403 29.711681484745543713 29.900663346023673483 30.111266833998087122 30.325137595877180274 30.528340256855635459 30.720897225553994048 30.949054287937155294 31.160931518924854799 31.354840764118559804 31.580261730330022374
24.766055907397067415 24.84114868683044719 24.919880217760155716 25.002116506217735292 25.086157961975018793 25.170994520367489855 25.256129469614638339 25.343397615029825687 25.431355647790478969 25.522656558688421313 25.616747538272264251 25.70891866862427122 25.805632567902328844 25.900748997895473025 25.994639396180524216 26.093200634182309727 26.192357911048230079 26.299105619931921751 26.427551320099219367 26.568327723683012209 26.714381518538743876 26.862242543511118953 27.01444352383852987 27.166118303547968083 27.320600918605737917 27.475849051081400631 27.632440622914561601 27.789348022994317944 27.949632778550256518 28.123757747509252169 28.303531204784736275 28.481831989021539897 28.661677479008968561 28.842050033604067494 29.016558439417401871 29.205457107369092284 29.404768864366758407 29.601546847865932932 29.794340664244483463 29.982178389991062772 30.207865247726246594 30.422441433652675613 30.625158827497401148 30.831523136050112299 31.064027636474573768 31.280824572167915676 31.486477847760532711 31.729778318401262283
24.713007470080118111 24.790179267538061225 24.868557301185663988 24.943208335228533201 25.023685574088997186 25.104618055507923913 25.18288512150153835 25.269431832709205565 25.351556160952871011 25.440736711804433412 25.53443946116706087 25.627822250998733011 25.721827970117264073 25.824561242126264915 25.933567707406691483 26.068723930236973985 26.204484951993286757 26.339400886495823784 26.479185711293659722 26.620368540207248742 26.76471511995532282 26.912471374523217804 27.065034196772266739 27.216846399631229758 27.36656141245693874 27.518084535749157027 27.6741473875102173 27.827780275105570951 27.99246361094974489 28.167281655181948707 28.341073399848507819 28.514897266233326434 28.688836418521461269 28.859902464760409657 29.033380596849912791 29.233752401297568468 29.431604349181231584 29.622958157868406914 29.806555376995287787 30.001042536809507055 30.2159588155620078 30.424262457950081995 30.623232480475007122 30.83827012033383852 31.066278875333821929 31.277704750426803315 31.494306618053350633 31.739565482409769714
24.613879569529853342 24.682033198265489915 24.751384239517051356 24.818157657196014299 24.895645381448140654 24.96409335107410854 25.04125667474259842 25.118960493747486851 25.222703442353171965 25.336424122621242105 25.455828187358310544 25.575346623071190777 25.692449241342430355 25.821230587206951412 25.942816094851664843 26.07063661243438446 26.203772322780210402 26.337055765188811307 26.476022162533446647 26.615043093696549192 26.755550517625195539 26.896787914387704888 27.040467066378006677 27.182950002251914157 27.329292093357484106 27.478958533094608896 27.625862289449337084 27.786331229511706198 27.956790507130779844 28.124382085582670499 28.292770652554576571 28.459948657730347321 28.625069263710063439 28.790132829088442179 28.98493766807022709 29.175596803269890245 29.362555926488607128 29.543039048706617677 29.718134070500763499 29.924520942602097051 30.130205961008847737 30.329056338819423644 30.51963530162879934 30.742986706072734648 30.96472925963306011 31.17219465761500885 31.390606867448092032 31.631321074236531388
24.447972235973768562 24.511577493937263483 24.581937905277570167 24.652519182679252907 24.72625229264055946 24.829392244521855559 24.934210342161986063 25.044225945401301203 25.15708960863975463 25.264684905886511501 25.384260983269928857 25.500885478003141316 25.619176378034563157 25.741667227753360692 25.857420924613922608 25.98423011732309007 26.109812106215020577 26.236589905298160375 26.366357802149405387 26.502378061617701377 26.636855989158796376 26.772448088011085332 26.910520545388298075 27.052288047203266075 27.191131669683013428 27.332855090908950046 27.490231946584422928 27.651878058741118593 27.813964408477680479 27.97560696322322471 28.136273845053580089 28.291795914255342126 28.44891236642174448 28.623856830353513914 28.808070143511262273 28.988642574261888285 29.166254669621746842 29.340246088393470814 29.518239364043719064 29.721215700978252272 29.918528680409906428 30.109130809142701679 30.29179946952413971 30.513688580289020535 30.72753095375798793 30.93038141411454589 31.1421936041319114 31.376329427168151653
24.279550107945649273 24.370211281313338247 24.462825489509690158 24.556201448897027717 24.653515364361350493 24.751609654667028337 24.848447504017112664 24.953104893004432796 25.05050122805093693 25.153309810106016187 25.261055874762842421 25.366029291313303418 25.47667340484056453 25.583772560705977384 25.696621519738805262 25.812858914511167541 25.92660070727469801 26.046737363888393446 26.167532799226552953 26.292265911516196297 26.414737835023792911 26.546650863762273787 26.673804715587898784 26.811476161274825358 26.953669138760805168 27.093947162307845389 27.238601405480466155 27.385720014309764991 27.528816636580934585 27.67230471146787707 27.825775615749588354 27.976029363847192855 28.127170139546372241 28.294578951027833824 28.463472897121668836 28.633808421838285341 28.804369375722899349 28.972522505460030828 29.149542349591705204 29.341022388482290495 29.527498462454790484 29.708331618238180027 29.929992941589141253 30.198539211100364099 30.455311479967754451 30.708486791225588775 30.954851577490202885 31.186115558611195553
24.329654486266299784 24.398368805656023284 24.475090921382641085 24.546344852073307408 24.622981234776418091 24.698676366792259529 24.777933536852717822 24.86045731720202312 24.942543894792002845 25.031016257589012497 25.115527222298354104 25.207941470338823819 25.300328367981180122 25.396856472665625404 25.497409620826331889 25.59766460144482636 25.702697419599719098 25.812464706565798167 25.924058115180461215 26.038137687142832277 26.156155375110554218 26.274975759630887495 26.393856334495318094 26.529754621158584627 26.685710945799296923 26.843351381094471719 27.002327380649774113 27.158345028903582374 27.317061541129348257 27.476327213827858031 27.637638013757111821 27.804144253985150215 27.979311250973779579 28.15615288841564734 28.33672476939019802 28.517199762365603277 28.701693782383671305 28.905724292134976849 29.110245536160139324 29.311873807321834562 29.538904974758342092 29.763952716335516868 30.011962900894843642 30.261065148818072856 30.52659529586423659 30.786644741210459131 31.033571346153220105 31.26973677304964383
24.424532470911540116 24.500563684793089436 24.579867903494243109 24.654698571386301609 24.741634613031038725 24.820798519392035075 24.912800629580765133 24.998524735938143948 25.08790854366247558 25.187271716250940301 25.276970643947731077 25.381726598156006958 25.481236866787455142 25.585986615676041822 25.697056655726953522 25.799584749781040216 25.908482283927341427 26.017542060705469709 26.128692618952822357 26.242520950595928042 26.357213100738317024 26.476547695257295345 26.594855564067529485 26.720981292896375692 26.847738752424373132 26.984855816437001153 27.123978485098731994 27.268801026176124225 27.414682205921280911 27.561170112535034349 27.710549047148976598 27.877406541275821183 28.055298616091040032 28.233495426374680903 28.413568644530410978 28.59440756001311712 28.782150536709703914 28.984805845760277521 29.188144066560660406 29.391372719132004221 29.596475649546707842 29.830679851202130948 30.062775892689149515 30.311595754421006177 30.567934614155351625 30.828160850644756863 31.095042159405142712 31.347408923182108254
24.480822660929391077 24.560508692331495695 24.643290624839387704 24.72491776859973811 24.814656179861660945 24.900896132470897726 24.993598521267717416 25.087969951718946504 25.182527824972972041 25.282984509490280089 25.384110822856762013 25.482427950104604264 25.584588285334504576 25.682152160235919069 25.784787251002182273 25.8916988186270558 26.000246912196498528 26.118804913132830592 26.239223109698947667 26.361763784394337762 26.487157025606656191 26.617638197764843966 26.749734497935929056 26.879757763158103501 27.020162513733982479 27.157143268351720877 27.292448959618020865 27.43356581157492613 27.575566210036253523 27.711440038831526067 27.870195679073535899 28.033948516692266395 28.196322115477904902 28.354984035036824963 28.523059807716407477 28.717126200314041284 28.908491368055848625 29.116139647203446827 29.32798494229393782 29.530661236131194869 29.728006630218203554 29.953862716279733291 30.174004970418820903 30.379798294830965943 30.60970418796688719 30.856353255439852745 31.125603938925788583 31.373202990022576842
24.501989171927835542 24.59093505750169939 24.674714426319411587 24.763444990242874155 24.850995143482968786 24.943315755709164705 25.034706427843836707 25.131423874815681074 25.223341040299871452 25.323007073913775145 25.423493737756750477 25.524308018877569282 25.636291740070326739 25.748055480871762768 25.858668659890120978 25.97426945614826721 26.088454144204995089 26.202716145256434999 26.324614264290424615 26.448072450331924443 26.571558515190027094 26.699816241775891967 26.832231294715537473 26.960996596504994471 27.09613120118609686 27.249009557757105426 27.409350370205206815 27.58443963377050423 27.76334038525548209 27.941702508071379896 28.120297663885697403 28.29554940454672618 28.489081468842108791 28.680462752924778869 28.873692736031692618 29.064189243605603963 29.260288813862921131 29.465557670565210913 29.666620572128472588 29.859811109753170655 30.071391870437121696 30.287996482212388827 30.491789349725468838 30.693452641916060486 30.918916981096426611 31.131301787043334173 31.326710058584108509 31.555654077629537113
24.452536914300569748 24.539406805397078415 24.627925982856112341 24.716531547646027889 24.81535578087861893 24.909640358059526477 25.017987735540323513 25.113624143749660789 25.217629910063497078 25.321445195862146704 25.425803664534338822 25.530228246341419407 25.636192801397495344 25.744053090274345408 25.855121078006884972 25.970281591178398628 26.085745593743553172 26.203026048021783367 26.341320696914795718 26.493723581763056529 26.653163894616291429 26.811438847500507876 26.968357576423890976 27.128083071707234097 27.288378232657159117 27.449015710022656833 27.621695341920524669 27.800320660150617869 27.977302952985340312 28.148835029750955528 28.318627322355965248 28.500294426554521721 28.68866874688063362 28.875476325379231923 29.058318413584540707 29.238534171858944433 29.440518374096349419 29.638239186797854074 29.82918689446380256 30.012070612328880514 30.219923754541611061 30.423328421306237601 30.613764456656273438 30.802899819303586781 31.014288235441320296 31.207130871796540106 31.388254754047100192 31.587423005744462046
24.42582584582463312 24.514069827576840055 24.604367505507372726 24.700512876715759347 24.789608816861907314 24.879830801259462447 24.971501217687812613 25.060749885539070902 25.160740101882790754 25.258094055954774859 25.368713228888225331 25.49711866719786002 25.621936299603039089 25.757367365392696001 25.894457912946286626 26.030144512924540123 26.169487558082074941 26.309332667291883467 26.452130556869523303 26.603605138102320637 26.761154979748852156 26.915877712220847684 27.064585846609301001 27.220181879965345217 27.381910699799739461 27.553226397730743003 27.723329839184074785 27.894081193929089579 28.061997097960805547 28.233593777050501217 28.402972590834981048 28.586768004504463647 28.76497641606648159 28.942850179570847047 29.118222639942061392 29.29337893482923505 29.483973894240424585 29.670670933232720756 29.850392263737827392 30.020208394556394893 30.206713149544018648 30.393663762956400376 30.571162105455492508 30.734579175451802513 30.938807261911232871 31.130399562608989328 31.305905956969041881 31.464821490270882265
24.417765305358599903 24.501591209828163187 24.580995550283272877 24.672096488355400368 24.756284470832390809 24.846766493311918111 24.934944051750949967 25.036822076610793175 25.151122842440749139 25.279155502936166755 25.401852166971494285 25.53420502779719925 25.668228623264464971 25.802463936463034599 25.937795747000727431 26.070130472477497818 26.212658531517451621 26.361597598800663889 26.506493013640348266 26.657549307438369368 26.813655034292317225 26.964285160933684438 27.115996961407478949 27.271122207049092623 27.428409325928484463 27.592335734041306239 27.758128221366316524 27.919435117127619606 28.080672223854818981 28.264328415651029047 28.460592837417195256 28.655180405124490051 28.846603036930236641 29.037599455624086175 29.226419885979872504 29.408988057880389277 29.589888515504966904 29.762434328299821829 29.952241542767399807 30.144060070721046429 30.323558646980863784 30.491158627923503843 30.648534104115238819 30.791758954802745052 30.944216354648492739 31.096475660113384265 31.227800505005763654 31.340904275675288915
24.400472007350227699 24.482016351235724727 24.555181401293278753 24.638989274293322751 24.734365125436568178 24.849670532140699208 24.968955834198766297 25.103476044689042368 25.236799204252118756 25.378189295780742896 25.523364841618729315 25.660975550640149123 25.81242063748430482 25.96626638965950562 26.115397994290876937 26.271496501397805901 26.424844349137515565 26.585470610344497544 26.746865496649132155 26.910249520251309008 27.074225286671939728 27.238451918811286134 27.400404153948684893 27.572139580198527398 27.737202487236665149 27.901785802930977098 28.067502032426592251 28.232386976371909526 28.395396582611578395 28.557458551709927974 28.728025390542036632 28.90557491264696921 29.07733232412310187 29.24294326267001054 29.403374229441830323 29.559714360146958967 29.713910583866535831 29.859783992692253918 29.999292415180836002 30.141859406656063669 30.284338079763720941 30.414773360420813475 30.532976224730859371 30.640025768766562919 30.72804040283834226 30.801109487818266075 30.85840145113797206 30.904163869568698431
24.645336001653419089 24.758483978984919816 24.870024459763836688 24.995105688356133555 25.114841013683648185 25.242620940971889354 25.374011757331530248 25.505138288667357216 25.63848138785813191 25.774437881028152475 25.909363392803495429 26.049610673547565654 26.19493232619345946 26.330219763175744419 26.476040815903573389 26.621241494811940242 26.768415034920053586 26.920008880658333084 27.063601460387637587 27.215028092182283359 27.366980830078318832 27.518375591573306593 27.668981811081678757 27.819620070299528436 27.970087451416134172 28.118317702266391933 28.268670647624738024 28.415206358605498593 28.555849759490090634 28.697971759628771338 28.840322867198374013 28.974782296850602137 29.117601481262308738 29.255124096895190888 29.386180791544791902 29.51649270653422974 29.640202859027862559 29.753618680131555863 29.860547086231900238 29.953681391104563403 30.033435584697734555 30.10217202898154909 30.15229988610562728 30.187020948448356705 30.209711681901630698 30.21439299581732385 30.197785823794276894 30.156164067617069691
