benchmarks/avaHockeyChannelEntTest/release1HS_e8ff174c9d_C_ent_dfa_pft.asc
ncols 1001
nrows 401
xllcenter 1000.00
yllcenter -5000.00
cellsize 5.00
nodata_value nan
[rows 161 to 183 of 401, columns 53 to 105 of 1001]
0 0 0 0 0 0 0 0 0 0 0 0 0 0 0 0 0 0 0 0 0 0 0 0 0 0 0 0 0 0 0 0 0 0 0 0 0 0 0 0 0 0 0 0 0 0 0 0 0 0 0 0 0
0 0 0 0 0 0 0 0 0 0 0 0 0 0 0 0 0 0 0 0 0 0 0 0 0 0 0 0 0 0 0 0 0 0 0 0 0 0 0 0 0 0 0 0 0 0 0 0 0 0 0 0 0
0 0 0 0 0 0 0 0 0 0 0 0 0 0 0 0 0 0 0 0 0 0 0 0 0 0 0 0 0 0 0 0 0 0 0 0 0 0 0 0 0 0 0 0 0 0 0 0 0 0 0 0 0
0 0 0 0 0 0 0 0 0 0 0 0 0 0 0 0 0 0 0 0 0 0 0 0 0 0 0 0 0 0 0 0 0 0 0 0 0 0 0 0 0 0 0 0 0 0 0 0 0 0 0 0 0
0 0 0 0 0 0 0 0 0 0 0 0 0 0 0 0 0 0 0 0 0 0 0 0 0 0 0 0 0 0 0 0 0 0 0 0 0 0 0 0 0 0 0 0 0 0 0 0 0 0 0 0 0
0 0 0 0 0 0 0 0 0 0 0 0 0 0 0 0 0 0 0 0 0 0 0 0 0 0 0 0 0 0 0 0 0 0 0 0 0 0 0 0 0 0 0 0 0 0 0 0 0 0 0 0 0
0 0 0 0 0 0 0 0 0 0 0 0 0 0 0 0 0 0 0 0 0 0 0 0 0 0 0 0 0 0 0 0 0 0 0 0 0 0 0 0 0 0 0 0 0 0 0 0 0 0 0 0 0
0 0 0 0 0 0 0 0 0 0 0 0 0 0 0 0 0 0 0 0 0 0 0 0 0 0 0 0 0 0 0 0 0 0 0 0 0 0 0 0 0 0 0 0 0 0 0 0 0 0 0 0 0
0 0 0 0 0 0 0 0 0 0 0 0 0 0 0 0 0 0 0 0 0 0 0 0 0 0 0 0 0 0 0 0 0 0 0 0 0 0 0 0 0 0 0 0 0 0 0 0 0 0 0 0 0
0.148210005149295 0.1488890107777658 0.1393762396103191 0.1325728589951819 0.1493172955250137 0.169203177773882 0.1764531592288732 0.1982746626649507 0.2018954613193974 0.2006135663628621 0.2022181847429122 0.2027655225241331 0.1834275825795217 0.1659156384676375 0.1486509024120561 0.1177303473942472 0.1073588384139481 0.09578976939447065 0.08027933386919156 0.06387977368892045 0.05014133969454775 0.03477099082992156 0.01490151765690804 0.002083902501617363 0 0 0 0 0 0 0 0 0 0 0 0 0 0 0 0 0 0 0 0 0 0 0 0 0 0 0 0 0
0.4856149934118491 0.4953308273980864 0.5356171827231312 0.5666381740690607 0.5693767939996249 0.563361411857125 0.5740437747731061 0.5528767933849026 0.5399912104483435 0.5077192182483209 0.4835168665629958 0.45788349073153 0.428366656561001 0.4194201597964937 0.4147111065407266 0.4074195124163814 0.3919420218878863 0.3853719481402986 0.3818012627631841 0.36645283993171 0.346655802581685 0.318359669422454 0.3011886048428035 0.2641535969969942 0.2194001077769001 0.1841011469315351 0.1509172714793708 0.1179084443617512 0.09502765936754362 0.06914639930427113 0.03815032174312456 0.01219695356608468 0.001179853573819931 0 0 0 0 0 0 0 0 0 0 0 0 0 0 0 0 0 0 0 0
0.6764999247715682 0.6854542243099943 0.6893303658344422 0.6825564757341177 0.6909103815861933 0.6910386722367911 0.7629189352408395 0.7203572387223466 0.6855160496473636 0.6714297886313203 0.660613350610884 0.6526939606831876 0.6453351892014816 0.7579789939863041 0.7490118389584368 0.6941080622286083 0.6570976203804341 0.6643251281732749 0.6573020056880131 0.7784363456670919 0.6979104275861446 0.7589564498667234 0.6598200346982158 0.6157612607106859 0.5671542345314082 0.5494180919427635 0.529506433707458 0.4962551474115095 0.4659131119300212 0.4275901838451063 0.4123440708485142 0.4135185520945756 0.3739815288176702 0.3041362068862798 0.242181281363661 0.1672998289241857 0.1316509953648441 0.09335363623572691 0.05808140435924752 0.02444780741840028 0.004988467269636147 0 0 0 0 0 0 0 0 0 0 0 0
0.8449593283618179 0.9149604668577849 0.8480505960685067 1.071624328326412 1.114154968849179 0.9812367906446542 0.9212557022685159 0.88274362096748 1.104659729689295 0.9887567514206399 0.9739849485612662 0.9117972030785496 1.061846611379379 1.066152577083002 1.020588609546901 1.047309698027978 1.045761129531985 1.01772823148525 1.100010854684745 1.07641331756397 1.036772014796759 0.9882583730477836 0.9256389284809655 1.078733942417731 1.085272624725746 0.9435552540045669 0.8508724314806638 0.7704524440449931 0.7571940749657583 0.7420162377364333 0.6982864580733175 0.6843289904732246 0.6708939884587864 0.679558032541504 0.66503699360647 0.61024102669916 0.5888534401428523 0.5775680401591731 0.5499787501606404 0.4817158118077803 0.3907532001922069 0.2797354406510392 0.2199263220285268 0.1487550464196922 0.08473267735676691 0.04887371122228429 0.01755735027343272 0.001198671769763657 0 0 0 0 0
1.121926044863016 1.008076910201981 1.225549068049797 1.352996181408657 1.335139259252328 1.233407262127119 1.098493161342608 1.15852307528188 1.065052757603801 1.426413252856056 1.23409089745203 1.131560838710428 1.066804627565768 1.105710605092022 1.006031641986466 1.205758467740252 1.180148561786713 1.102477916689941 1.194571836127907 1.186416353741072 1.186035402052167 1.106184028246118 1.117107760515089 1.174882980445934 1.240893005775624 1.068408345800997 1.01175144784641 0.9160541631634913 0.8743650727187141 0.8463541708247977 0.8252146951385451 0.796605566062998 0.8036181058551485 0.7758099190944814 0.7674947323647797 0.7381047638311568 0.7514633773570532 0.7208626329494985 0.6920986696920319 0.6634927511047939 0.6312137963891035 0.6007170748469395 0.587646686931361 0.602845414482243 0.5203753281065595 0.4460015462001501 0.3773829249903112 0.2858473728844374 0.1879028780116605 0.1193768634363755 0.06647828897765634 0.02776880042056077 0.004446635756157357
1.076577688867165 1.043094761512679 1.026944795750176 1.127896145679064 1.135961250878214 1.104223799998409 1.147530939799864 1.177729023498259 1.119192132952001 1.120894242997388 1.117310216689818 1.162684671770645 1.097131544112762 1.082234531758496 1.063280496961802 1.055845176849736 1.026568730970594 1.06759752525846 1.059173563724793 1.068948127820727 1.033345805329029 1.007381984053951 1.018192523896092 1.121952131132678 1.066171615709183 1.029872580268314 1.006703384253041 0.9304763168211055 0.9227156568876287 0.9112271525805549 0.8779244097717926 0.8565226466250179 0.8520424568012427 0.8600256608740133 0.8488066718131102 0.8267848531729736 0.8311172918324778 0.8234868709188198 0.7853566262674848 0.7952660833376437 0.7616777790242568 0.7491823874915066 0.721415025348957 0.7288966126235414 0.7093655890678021 0.6571913684607098 0.6405640939815289 0.6405421463906269 0.6137097940755312 0.5752124838308064 0.5613971766597396 0.4567970815210261 0.3403024949771559
1.1119096017553 1.070569459891255 1.050731278326468 1.039003788512742 1.26189150088642 1.16937569116077 1.223576784440497 1.114228072348561 1.078842290002138 1.065984393582619 1.057844723947259 1.137511720854671 1.113921870485112 1.101097622195118 1.153651841277001 1.171276805713 1.098074534454869 1.061558596689344 1.087548034268953 1.041594195690919 1.10526965036668 1.241175812698517 1.173978760573546 1.124089242426798 1.096491887817427 1.331340763971556 1.180106981261823 1.044827293885619 0.9954152298631098 1.019882701089097 1.027599743419803 1.002576187733283 0.9593143884442654 0.9464006459621156 0.9368026631971972 0.9216381208022117 0.8993429879188293 0.888853404635933 0.8902249020386943 0.8849694454951874 0.8858206221273551 0.8831838488609547 0.8275208281775178 0.8208619912580783 0.7955663741396826 0.7833110968793799 0.7606237712746163 0.734880102285055 0.7272726742923065 0.7044642610090007 0.6891164004662255 0.6633269373720384 0.670596356598207
1.100628489743708 1.079906936949562 1.068112833083117 1.069427167541335 1.130285007121193 1.056629417785954 1.036295494219283 1.201295417773852 1.202075796123706 1.126166815098411 1.238471674143121 1.111120859676258 1.076427121220285 1.104268217232182 1.066697977491649 1.182351117676659 1.182991864384248 1.202455252811834 1.183211437516154 1.157092028256758 1.147264982546385 1.172471425821713 1.099345009020902 1.091100070397873 1.074876957147741 1.051427057107123 1.037507855387887 1.06547810264136 1.054171686376336 1.053261281375441 1.055366701305054 1.055325020427045 1.053829605441895 1.074790430846049 1.071879749626002 1.063166657732809 1.047446596923233 1.005772536242877 0.9940045701786815 0.9916384811178035 0.9840088324027927 0.9647267881713805 0.9513224808337427 0.9392832137793736 0.9412464808266964 0.8914592757325347 0.8692280908527805 0.8802575293372541 0.8345382488320954 0.8157707225263182 0.8028360818434297 0.7830369203218172 0.7443001323385752
1.128848961158664 1.117948810773293 1.100901223624102 1.069000863463927 1.06891900804676 1.268646174173238 1.226937355667321 1.164163547708283 1.130825688404946 1.104105270708366 1.099407747542083 1.089091221676165 1.086130915485287 1.072630479139322 1.068486255388716 1.085884048689473 1.04277587242865 1.055813016072255 1.052189700045337 1.077587792533068 1.075062380291339 1.088741613472334 1.074102487221646 1.350988212498911 1.171106678027166 1.091882073259319 1.088378833944891 1.10130389060247 1.102644133593187 1.100662750802507 1.07922611088071 1.08840622594733 1.125561471273712 1.13423352330273 1.08367540916434 1.085827999355037 1.101338571093248 1.108530744631595 1.095707066925518 1.090307691267138 1.073697775336413 1.069305222442933 1.069474464087588 1.05930322181947 1.037126358481902 1.019508602001607 0.9890279509406792 0.9698669460819855 0.9651010603219095 0.9420826506754562 0.9257155095916639 0.9104093910819487 0.8914839593138396
1.12404374554508 1.113480099713227 1.101919766680579 1.09749993087434 1.091902640030247 1.18746535277702 1.211508566747768 1.147490879361098 1.119757725287508 1.101867419030784 1.134595017865913 1.107942823023042 1.168233855297477 1.124205893780289 1.182936890570726 1.121997753947282 1.290914189764077 1.220907745793457 1.152974678362987 1.120034529956018 1.104918736995847 1.094370470532835 1.089052516862264 1.099687052851129 1.10779761750109 1.104340496258821 1.115157367899054 1.106491226222009 1.140714722441132 1.175800305734056 1.151833549089916 1.142790410464268 1.137897367020076 1.126690800034803 1.137266260176616 1.15412416767554 1.159550075397992 1.148285126829749 1.18465351930815 1.179865405344489 1.184061200459403 1.143187148207796 1.151614649173512 1.166531881712273 1.139508383833221 1.150157007281563 1.111169137823182 1.102479294285792 1.094351095566196 1.087950136979795 1.077179034363047 1.030657117093852 0.9968147776464882
1.082006140201872 1.258934028908069 1.169463933930984 1.102380464170232 1.133387799191807 1.145781622076237 1.167744412021779 1.15238714212755 1.126564737678967 1.111883385083735 1.102421027611946 1.094777492099755 1.135475412308966 1.081938947028573 1.087031231001495 1.085975857230578 1.086949556539961 1.088547149133697 1.195519149123406 1.181668764756474 1.304929798999096 1.157845047808524 1.116951860377194 1.180137042886559 1.305312704161373 1.213062045236363 1.146439477501188 1.140004992248636 1.141952952940596 1.138513310137214 1.15062054894433 1.160033874610219 1.179079017453634 1.178828949314663 1.199809830320572 1.218717862694771 1.215464553498608 1.244443703176171 1.216248288593709 1.223924162529228 1.23960692055108 1.255239812934274 1.243714857637141 1.243122495201463 1.239039699418518 1.223676659693681 1.231114211936341 1.228253309145722 1.18789596969946 1.218612972658265 1.188517129860053 1.148151778559059 1.143159576348007
1.082312150183339 1.081012108657099 1.080735604895609 1.246739143050705 1.157068880648704 1.137461852896226 1.140848522776547 1.266089860332678 1.129910841459323 1.108092360751417 1.214892802565082 1.183201464964924 1.155765109388034 1.121027291574959 1.100011454291252 1.188862628832013 1.323873450681932 1.189689169058431 1.152194355202128 1.141030511851395 1.224509922752732 1.203618063863203 1.166883792897373 1.152526608165649 1.125257930981971 1.12568113221142 1.118566400436245 1.143761174526274 1.134712385058269 1.156300500687508 1.147493350794067 1.165832236068906 1.177014005928311 1.174112655886527 1.220953595261961 1.197495968633216 1.206093483756859 1.208987907961768 1.216952276118749 1.290481833684969 1.247272022446799 1.2452690490688 1.273334934791836 1.29777267998905 1.2793907672473 1.27252821687089 1.307359752688942 1.306705181675432 1.290709835968654 1.281162751796541 1.287487589219192 1.27516787499383 1.288062786676082
1.154188969043295 1.131551979337824 1.116371386094619 1.147139135825478 1.110961275167541 1.10610764112498 1.099238865067032 1.112769741796634 1.092297271733885 1.157129849294008 1.171095470826401 1.172353921916304 1.254475967944002 1.162628174598064 1.135158670381545 1.135813302560228 1.115951766024202 1.103810493343423 1.117676013154463 1.133797295633221 1.113877676532633 1.109377274008103 1.162310977324057 1.126936992565924 1.122696710995161 1.119549877737443 1.128326114167094 1.12885769560671 1.138640599892768 1.146297683792376 1.145122020454456 1.159094529306212 1.168907791686587 1.159339079752214 1.165008592737177 1.184707386478949 1.209501596208774 1.24342865917554 1.207031848834476 1.230782397858853 1.223392476405687 1.306103219850458 1.290440488906649 1.282520900961703 1.281379920368449 1.32518944640876 1.338007669686299 1.330762612424869 1.355865162119378 1.355929547066855 1.360834940468881 1.353066219790307 1.349431674855704
1.177789154014447 1.201926537796845 1.102457522835263 1.111563211253092 1.20556242577392 1.226557648227113 1.217002408555747 1.174929851145248 1.139950794671452 1.12654393542259 1.114855827194416 1.095482670658138 1.304442752991615 1.245312511873925 1.162221283065528 1.126538557951674 1.383873849960495 1.289517545436665 1.229494596385349 1.190437138750706 1.159000929662768 1.152055496942904 1.14527269192626 1.136818591455034 1.143809883650445 1.152170316643688 1.121645538929563 1.135871806680535 1.15497940283217 1.167769020442313 1.156085433487406 1.159816748647331 1.171708976767792 1.169442763438926 1.187875344452062 1.190328334112194 1.186996511121995 1.221265718187739 1.208757991562868 1.224066902373511 1.214980772644767 1.230201040549712 1.252988766137971 1.262286694076264 1.303090437766566 1.273553532305733 1.325151367679852 1.316373971143392 1.339000241294285 1.371816494982987 1.396797540065031 1.383829477417714 1.416232874594551
