benchmarks/avaHockeyChannelEntTest/release1HS_e8ff174c9d_C_ent_dfa_ppr.asc
ncols 1001
nrows 401
xllcenter 1000.00
yllcenter -5000.00
cellsize 5.00
nodata_value nan
[rows 161 to 183 of 401, columns 53 to 105 of 1001]
0 0 0 0 0 0 0 0 0 0 0 0 0 0 0 0 0 0 0 0 0 0 0 0 0 0 0 0 0 0 0 0 0 0 0 0 0 0 0 0 0 0 0 0 0 0 0 0 0 0 0 0 0
0 0 0 0 0 0 0 0 0 0 0 0 0 0 0 0 0 0 0 0 0 0 0 0 0 0 0 0 0 0 0 0 0 0 0 0 0 0 0 0 0 0 0 0 0 0 0 0 0 0 0 0 0
0 0 0 0 0 0 0 0 0 0 0 0 0 0 0 0 0 0 0 0 0 0 0 0 0 0 0 0 0 0 0 0 0 0 0 0 0 0 0 0 0 0 0 0 0 0 0 0 0 0 0 0 0
0 0 0 0 0 0 0 0 0 0 0 0 0 0 0 0 0 0 0 0 0 0 0 0 0 0 0 0 0 0 0 0 0 0 0 0 0 0 0 0 0 0 0 0 0 0 0 0 0 0 0 0 0
0 0 0 0 0 0 0 0 0 0 0 0 0 0 0 0 0 0 0 0 0 0 0 0 0 0 0 0 0 0 0 0 0 0 0 0 0 0 0 0 0 0 0 0 0 0 0 0 0 0 0 0 0
0 0 0 0 0 0 0 0 0 0 0 0 0 0 0 0 0 0 0 0 0 0 0 0 0 0 0 0 0 0 0 0 0 0 0 0 0 0 0 0 0 0 0 0 0 0 0 0 0 0 0 0 0
0 0 0 0 0 0 0 0 0 0 0 0 0 0 0 0 0 0 0 0 0 0 0 0 0 0 0 0 0 0 0 0 0 0 0 0 0 0 0 0 0 0 0 0 0 0 0 0 0 0 0 0 0
0 0 0 0 0 0 0 0 0 0 0 0 0 0 0 0 0 0 0 0 0 0 0 0 0 0 0 0 0 0 0 0 0 0 0 0 0 0 0 0 0 0 0 0 0 0 0 0 0 0 0 0 0
0 0 0 0 0 0 0 0 0 0 0 0 0 0 0 0 0 0 0 0 0 0 0 0 0 0 0 0 0 0 0 0 0 0 0 0 0 0 0 0 0 0 0 0 0 0 0 0 0 0 0 0 0
34.39293603284598 34.22020824427939 35.04923982107097 35.64264436047768 36.22319087504413 35.44427921777495 34.11989203301498 33.2504273962965 33.17152459162801 33.57970057425347 34.31125678238687 34.38381179996863 33.01935666663854 32.76639742644058 32.12771194216378 30.85825620244031 30.72980084791586 30.37234159728607 29.98369364780504 29.46759337980634 28.86104114058904 24.99151464426521 22.7215190846125 8.221319501576797 0 0 0 0 0 0 0 0 0 0 0 0 0 0 0 0 0 0 0 0 0 0 0 0 0 0 0 0 0
40.89950768605998 41.41309862489175 41.48400231472741 41.1455372290655 40.46858265220258 39.41601271220006 38.38077585360219 38.50745418513996 38.43312799875909 38.92340416695775 39.40490978575662 39.56922740575093 39.81610821502662 39.53230314982332 39.54860941947394 38.70626760629599 38.14251636746056 37.95484886854242 38.14570950064886 38.16156346362772 38.29643929193992 38.23474775262399 38.10715975212191 37.81295528328336 37.2804401253374 37.60803961465496 37.83819543920358 37.92143336622267 36.69347877882616 33.82829173092466 33.28724515679722 32.25238116937281 23.14431874582673 0 0 0 0 0 0 0 0 0 0 0 0 0 0 0 0 0 0 0 0
50.59104259580177 50.73405852126164 50.65609358734518 50.48285718732288 50.37264986073826 49.90485123113139 49.5315835343397 49.16948060665695 48.51409369869775 48.25825956007417 47.64608389921187 46.97005651980039 46.2606760992932 45.53540570590616 45.05215180874978 44.73661877870032 44.33786229387375 43.7958178436126 43.21609918572582 42.97058042349209 42.86319844177146 42.50319727836646 41.84453065490782 41.0001687516531 40.34983447153081 40.35428775598002 40.43550743512419 40.54224805077045 40.585016530543 40.97183298561683 40.16221004691934 39.86111991123264 40.22064491603985 36.31859309448323 36.59382498514964 36.41767258605879 35.48110990200093 34.90819016686302 34.34754712518033 34.47151765658983 33.73031985784238 0 0 0 0 0 0 0 0 0 0 0 0
59.43256584994106 59.72253559569324 59.95940733389607 60.05010779364626 60.25680546932283 60.30963311785835 60.0785647460081 60.09501811279436 59.95436761507018 59.56907476340613 59.25343151867857 58.75088394082476 57.79677632580732 57.11135135698143 56.43778209336695 55.62842619058627 55.19452234249306 54.80312126715974 54.14848902497873 53.40536643599042 52.71513460731652 51.85879249895628 50.9602491394693 50.22222501684208 49.7174658347263 49.03426322034486 48.24271239684997 47.54099511095566 46.70776059765652 46.04902972430873 45.75873051171828 45.3068624041497 44.4440382716274 43.22989268152915 42.36503274497231 40.94571690683129 41.90230653010735 39.09647941564992 39.67109645447582 40.71525222211496 41.66384031019251 36.43116529041433 37.37362095494557 37.70791052166954 38.13828415501762 31.94736087432177 31.92840948214582 30.41192513294811 0 0 0 0 0
68.03018793979108 68.33097302746663 68.51136318137397 68.73349301563061 68.94732684264848 69.01645715197472 69.160364534037 69.13485052761973 68.98881354036187 68.64982897967671 68.16543860530606 67.66894950035076 67.24798075768038 66.69800051367497 66.2090979623289 65.71335341561692 65.17431213275 64.79874887791865 64.3265517616713 64.03512925962501 63.39210944904634 62.36092942235219 61.55315215939708 60.69599177668446 59.86300550165709 59.10357820974991 58.12605263157427 57.48940917813377 56.73219883550063 55.86895520448368 55.02567730256548 54.23523824964823 53.05959863277175 51.92761174871956 50.59449290932337 49.78068874520506 49.31333595226682 48.72326120139664 47.95231157008583 47.1184125809209 45.7688205705717 46.38517597866991 46.85978071292288 47.88848862264377 48.04134351869521 47.37768852243495 42.89806439537796 43.00398118579028 42.53004284692213 35.93104351672403 34.84398404308474 34.4178030570428 34.57612547391865
73.85179880367868 74.18672927365984 74.54094495151094 74.87298527168076 75.19086572364394 75.4751074749975 75.6214389068098 75.74179235389973 75.73482826763859 75.71308820182767 75.62340723027401 75.52800404924029 75.38103429473975 75.30225733567855 75.2030114472588 75.0535997129107 74.69044630626499 74.34921632580242 73.74373829718947 73.20203055471255 72.53887789886566 71.93028220595282 71.51703402566804 71.13305204586717 70.56190585895122 70.12045927578849 69.56602411341885 68.61203356365164 67.62603018882564 66.51220762457339 65.40684292184005 64.33861892260465 63.48294282362995 62.60836531890899 61.37892532233516 60.0552498132777 58.99569010478609 58.26704605231381 57.32703291704929 56.60069449276273 55.614779669388 54.09230062064603 54.59636144241009 53.10914694138345 53.92633855493851 54.70857830819853 55.39718284417013 54.67763393296701 47.5730514171705 47.54034647142282 47.25254928764936 45.75840595251142 43.92804811193476
78.64296536242455 79.18004995025107 79.70213003651833 80.16378038660102 80.56511379050075 80.93408610772481 81.3019625515945 81.55557137900945 81.84509713977616 82.05441491710398 82.19304208778372 82.20410189045757 82.21455956096234 82.21307872769327 82.08309530944877 81.75228996436624 81.45932474659494 81.26531161940619 80.98422836458032 80.75312647167122 80.57910135480239 80.35636269822778 80.16115905061939 79.73937441957119 79.33367969157258 78.68465527971539 78.01925482256406 77.36202566020057 76.82359688004861 76.22270771354505 75.51078491033395 74.50860780571138 73.57298851520748 72.88287110563525 72.06810783681446 71.03862010446773 69.79774101403693 68.54812723117615 67.51450197108581 66.6323802772922 65.16992540537228 64.11790378052217 63.53168064958774 62.43789414825689 61.62774456659115 62.84178460591217 64.49927267004315 60.2124202011179 61.34150863437862 61.36174732870621 61.5833772382936 55.44674524342418 55.50330266091189
82.11239374725994 82.74406403200877 83.44426428235236 84.00976026844916 84.67511286454588 85.22752851098916 85.72556181209069 86.16545688497506 86.55495363652048 86.8239659760733 86.97315084013903 87.17736253729879 87.31887281762066 87.42655600038532 87.47358825793856 87.62653307303022 87.59905554868719 87.57000732587656 87.41940795348447 87.17387044558885 87.0844596605546 86.90842774890912 86.67636645903301 86.37198933441462 86.04789817276776 85.78647404240074 85.33120194120661 85.01858055286328 84.88854535631474 84.60356836641949 84.12508578367205 83.45555974034544 82.61509897783526 82.05006130732335 81.46305327213226 80.62664800520274 79.76853771342442 78.95791091858402 78.36902048313729 77.44842286111832 76.37857231372483 74.92143961782668 73.74589119102569 72.32994391784983 71.09071894158632 69.90275542838506 69.95716170271226 67.51651938020166 68.74442912856671 69.85689434988893 70.24465132024874 67.88493742572096 68.16567763840042
85.18012379144578 86.16842131765428 86.95973354569399 87.66394507688486 88.33919868730523 88.85882162577616 89.39454112454614 89.7830617846956 90.24628553568199 90.62196719936584 91.0056283270639 91.38273521219222 91.69671378556264 91.89155067626071 92.0668543735262 92.2444885792893 92.38896615323424 92.52310801305427 92.58835994868676 92.55349776120889 92.56129659089865 92.43010839966101 92.32692116391524 92.29698481493929 92.18427007815887 92.13089813427017 92.06008067335408 91.85096105183932 91.6041136969763 91.15390772477816 90.87215576508942 90.62046041086529 90.31004626913216 90.1570417077419 89.36672707932186 88.72082705700244 88.17594239642321 87.66685158306386 86.98924379015392 86.3119722960252 85.3825517175687 84.62956322839662 83.8780010682423 82.87433596919107 81.79393767940365 80.47649228556513 79.25121227784074 78.013242244688 76.76230143685895 77.52312524593198 75.77931198336718 75.41649493051776 75.88656803549543
86.78165282367682 87.77481762691723 88.59005032186846 89.4133076922032 90.21987506471207 91.0580776033942 91.7356948607181 92.47026597816215 93.03724192083786 93.54580997697717 94.0500704977229 94.52377038024008 94.85628867987282 95.19546756662606 95.50549116230751 95.85945075646995 96.13112047430489 96.34527670869335 96.48723303893473 96.67509763727045 96.79636341676166 96.88459215697908 97.00228728599387 97.06600963978383 97.07134249653278 97.21166199188349 97.27161211746251 97.13019324145813 97.1219992603762 97.12417195937425 96.88845690643957 96.71097508053354 96.472625459448 96.24397415814904 95.95921114193088 95.52923211495691 95.15355559258002 94.7837119435781 94.52550179737685 94.33129279164153 93.68378117086762 92.89156171222369 92.37348479589231 91.7383932376743 90.94891179909236 90.21717439159426 89.38165292910773 88.09612479659428 86.97931023096379 85.80427731031276 84.87568249887943 85.03985016251848 82.22151919825241
87.98476496563238 88.96276298897887 90.02414109487304 91.00183958692512 91.96548626013295 92.84670563287995 93.60469180420185 94.33665485611549 95.00914107283438 95.57270219058645 96.15281644964526 96.67298105685488 97.1119791004495 97.53171980923821 97.86437935020153 98.25233199968795 98.63086262159632 99.00671697567115 99.37475601637325 99.68677723518151 100.0775547298395 100.3393252617328 100.5616825318374 100.664065127147 100.7937919740258 100.9082591622788 101.0063791353613 101.178398535563 101.3426436865135 101.3869169266789 101.337176868137 101.3117892115844 101.2222000196802 101.2034652897914 101.2912700196673 101.2464668821414 101.125671866324 101.1754596968728 100.8986402803786 100.434473102467 100.3325469121528 99.96474058989715 99.49677002576226 99.04102587889282 98.63950083426839 98.23272728620819 97.73596307465694 97.13480997102472 96.41328567276952 95.77688266772644 94.82961019344957 93.88622518124934 92.57203726409692
89.71371238900167 90.36783564914836 91.09199689401675 92.03704165756429 92.92897465197325 93.85043528247226 94.69386390413005 95.48605792551926 96.17279550206794 96.81701912725792 97.44762435516627 98.00705822199546 98.60004247142246 99.1470858943206 99.68688762164196 100.1846591810285 100.5815550121566 100.9068406933467 101.3192883057262 101.6232228134691 101.9564112553938 102.1917766052738 102.4891927228745 102.7652408510237 103.1374447273494 103.4882071412282 103.6935917263191 103.8897924425792 104.0280280692566 104.2759079057762 104.495553102698 104.6878297370144 104.9055987817579 105.0556391157337 105.2529359743297 105.3283867638482 105.3763876167396 105.5006867059559 105.5047822803777 105.5097068752626 105.473420957293 105.4294976570321 105.2113242597865 105.2404329233567 105.0102083600965 104.6200126736265 104.5607722716102 104.4037096626212 104.0541767696434 103.6593916278468 103.1812608252132 102.6953426733892 101.9592115872858
90.19300281745217 90.9353393778499 91.57618017219197 92.38467975198515 93.27972521184688 94.25283010806581 95.18947188423213 96.03815055688004 96.82271607679876 97.50243160294063 98.18659737231202 98.72677934437559 99.29190312345484 99.79765711114162 100.3343943889479 100.7536553432396 101.1818977742715 101.5578200718499 101.9716605705492 102.2698961792035 102.6838684230708 103.0136326044997 103.421617462429 103.7845374465151 104.2042462025904 104.587497382574 104.9818959339215 105.4770129002566 106.041713618721 106.3998599879845 106.781752673364 107.0957972444893 107.3923883759023 107.7993795393621 108.036906266788 108.3220136459285 108.5566368214537 108.7324558313691 108.8780058673747 108.9324549227006 109.1140391489951 109.2857595437062 109.5836677511711 109.6831363049353 109.6845149702095 109.8481308058198 109.9787880305846 110.0073486724471 109.9233877409158 109.9440555248254 109.6947966061605 109.3931313837405 109.2033477522787
90.37680127321505 91.13612655237424 91.87375061231538 92.63908133543248 93.52835788382512 94.3572131540693 95.15591157153797 95.86911591638477 96.58011925392333 97.37355240703273 98.18965077874745 98.89628075159605 99.50590383053137 100.0257468078374 100.5542766155603 100.9983210275518 101.4533225043031 101.9185343459676 102.4010332527689 102.8765104389846 103.3543617087254 103.8730720794723 104.154538995703 104.7133951319456 105.3691906556396 106.065913245866 106.6127439445139 107.1262427302675 107.6945896041276 108.1698756548554 108.6986236900358 109.1265746167647 109.5919171411227 110.0650451143923 110.5295751983528 110.9440225738868 111.3359007811232 111.6662026755288 112.0414237656852 112.4619748832213 112.8214198185833 113.0952170709993 113.2989575693822 113.582166629587 113.8075104403878 114.0687624831122 114.1799272293916 114.2355305855917 114.2885545663865 114.3747072176492 114.4390844007068 114.4796363034695 114.6323034130442
