benchmarks/avaHockeyChannelPytest/Outputs/com1DFA/peakFiles/release1HS_0dcd58fc86_ent_dfa_ppr.asc
ncols 1001
nrows 401
xllcenter 1000.00
yllcenter -5000.00
cellsize 5.00
noDataValue nan
[rows 184 to 206 of 401, columns 424 to 476 of 1001]
0 0 0 0 0 0 0 0 0 0 0 0 0 0 0 0 0 0 0 0 0 0 0 0 0 0 0 0 0 0 0 0 0 0 0 0 0 0 0 0 0 0 0 0 0 0 0 0 0 0 0 0 0
0 0 0 0 0 0 0 0 0 0 0 0 0 0 0 0 0 0 0 0 0 0 0 0 0 0 0 0 0 0 0 0 0 0 0 0 0 0 0 0 0 0 0 0 0 0 0 0 0 0 0 0 0
0 0 0 0 0 0 0 0 0 0 0 0 0 0 0 0 0 0 0 0 0 0 0 0 0 0 0 0 0 0 0 0 0 0 0 0 0 0 0 0 0 0 0 0 0 0 0 0 0 0 0 0 0
0 0 0 0 0 0 0 0 0 0 0 0 0 0 0 0 0 0 0 0 0 0 0 0 0 0 0 0 0 0 0 0 0 0 0 0 0 0 0 0 0 0 0 0 0 0 0 0 0 0 0 0 0
0 0 0 0 0 0 0 0 0 0 0 0 0 0 0 0 0 0 0 0 0 0 0 0 0 0 0 0 0 0 0 0 0 0 0 0 0 0 0 0 0 0 0 0 0 0 0 0 0 0 0 0 0
0 0 0 0 0 0 0 0 0 0 0 0 0 0 0 0 0 0 0 0 0 0 0 0 0 0 0 0 0 0 0 0 0 0 0 0 0 0 0 0 0 0 0 0 0 0 0 0 0 0 0 0 0
0 0 0 0 0 0 0 0 0 0 0 0 0 0 0 0 0 0 0 0 0 0 0 0 0 0 0 0 0 0 0 0 0 0 0 0 0 0 0 0 0 0 0 0 0 0 0 0 0 0 0 0 0
0 0 0 0 0 0 0 0 0 0 0 0 0 0 0 0 0 0 0 0 0 0 0 0 0 0 0 0 0 0 0 0 0 0 0 0 0 0 0 0 0 0 0 0 0 0 0 0 0 0 0 0 0
263.3956261086495 259.1320571717555 288.9247266523624 281.2088971050371 273.6056976850294 266.9192256976693 258.1441451916279 278.3697048234644 294.509936359012 290.431216850122 282.3049723937027 274.8337499194879 274.9003373986876 297.1013460758128 292.135243977902 284.2997222265826 274.294944102559 272.501985133628 293.2395798896589 276.9821835472761 283.7958907908514 296.7207632203381 297.2724134883182 287.7444014613534 303.2696895724228 295.1828884001401 289.1691266104094 281.5514817863827 308.9203429070624 300.3041068302207 294.7162554584814 285.3809373159473 303.5904284132535 297.0527360858229 293.3748591914468 294.5209230128166 295.6301647537887 286.1039947697183 282.5267767767704 277.3880798179725 304.2629879176817 295.4646665312761 290.8044460135806 308.5079498937008 298.7229784951861 294.2798201781279 304.9247485308674 310.6592336740702 299.6952202633827 296.2713776031382 289.8100269337813 305.2313448439745 311.0203087013048
349.5964709133431 344.036577919664 340.413109251189 336.868977871076 335.2105749651362 348.4547979492975 330.8016313633654 339.8110151131018 339.2639891630666 335.1736371161672 336.0240321391452 355.221993459179 362.0086985681943 351.806777607165 356.2874634264213 364.0132404603919 350.7612749734367 352.9133237079793 358.614973859361 365.4180754047192 351.3386064599708 354.7665212614432 342.0971656294475 347.28146113249 356.7342128649144 363.1721615653954 349.735777660697 351.9463797776451 356.0481518683582 344.151664715835 346.9759915515098 364.2609113941937 342.4154515262514 357.1457407790708 363.6435956636115 351.8032895708806 354.8008209010396 361.5746114475082 369.2302608529905 353.0904662572207 356.6759380234622 344.4649505671788 349.0793992654172 359.654319594526 367.3807919736414 365.1702429421632 371.5659135291767 358.5810014103625 362.4660221098208 349.5194103501089 354.396076843311 369.326187764381 373.9708662913015
360.3013714619653 364.181439642509 358.4545976899513 360.5802350636322 362.7607108889053 363.8622493676993 366.7534323313894 365.4584897927537 364.6659652314952 366.9452410545966 369.6917488875884 371.9920572834455 371.9347900967641 373.6423897525256 370.140864535605 369.7458635114282 371.4323326322036 368.0377861421812 369.3897565220888 370.7662225154263 373.7135179414666 370.4020681790799 372.8831185993015 376.5458556453328 379.4956638832757 374.047378812698 375.6639714940158 376.5735191391708 377.4796652939396 380.6096024566237 381.5160390458729 375.1233812354546 376.2790157937371 378.4983563894281 380.6710930232636 380.9856189635659 379.2482883822814 374.2009309923155 375.5863941811368 376.6644465081866 375.180582898744 377.9287186648745 375.6408900248979 372.7941898560439 372.9243593892821 373.8848973950465 374.5390140312209 376.1454526975643 376.5450460100922 379.4919639662612 375.1496527734263 378.000043087734 379.932717130455
358.6824867007197 357.2783184760854 358.8153697027397 359.7260611766097 359.5347209401433 360.4223547577965 360.5892683184326 358.6190062384007 361.445401115751 364.113118340533 366.1807905332356 366.6808983032956 367.9058364462649 368.2956939465182 365.8432412316034 367.3137329848906 366.3032072220651 364.5232719580367 366.2979394706476 368.0228272004824 369.187488677041 369.9394884222553 372.7288374398319 373.1148094634643 370.0993351031677 371.5230476051736 372.2716029862243 372.7332990248411 373.8564025301111 374.1450348392511 370.1544058493777 371.1599174051815 372.1701498419657 373.6319643807132 374.1890065281703 374.6256523169664 372.4665976336976 371.3782503845609 373.3732591511853 374.0677919335873 373.3360096701659 373.1498821021677 372.3174428050685 369.7575080328613 371.076445256236 371.1868237804922 370.7394349109379 371.7606551512725 373.7265195250382 373.7651161930424 372.7593138258002 374.781607758322 374.3166908988167
355.1406991059357 355.8722672555227 355.5483516212815 355.3741901009855 356.769767681643 357.239600203954 356.2039905833091 357.7813651015126 359.275474776467 360.6990643761389 360.9323547380948 363.0641101201233 362.9061923331421 361.9527210048831 362.6651056877175 362.2730743544554 361.8670268910817 362.6610734909751 363.1821221423489 362.9822026887575 364.80055989869 366.2535286202977 366.1306652509118 366.1423910954083 366.1896125440454 365.594836268159 366.5730739787308 368.8792236777895 369.6324549119129 367.5444297066978 367.3328971044204 366.0620831432434 366.1369048834236 368.1542291823819 370.0085204151785 368.6268119485906 368.2753821864975 368.4271149580316 368.1062595355264 368.1899421378663 369.0802091539674 367.8699118085248 367.0907586628219 367.0678685803843 366.5977433380726 365.9023938316612 367.3315982102567 368.554213049205 368.9111646075448 368.5556421194837 369.9578569406196 370.0238133502427 368.7592374762826
356.7469660085878 356.7914449845911 356.32061254345 357.0188063465639 357.4514745933348 357.390838826431 357.8510269433713 358.5952878841525 359.1054037857525 359.3346743322469 360.7915459031388 361.6555512820582 361.3661544559359 362.1530124334604 362.498997321099 361.9451667771013 362.683185096373 362.8722243682284 362.5689639147378 363.3820028823905 364.3226587432629 364.8140308870475 364.7810664966037 365.6089393055154 365.2806307362695 365.1268305063276 366.1968372604484 367.1197764979453 366.9418901979045 367.3134723832072 367.2745080272508 366.6142310004275 367.2443810964448 368.2215960479829 368.4475656514288 367.9649348821528 368.3797423977861 368.1956915616849 367.9158268845688 368.7226691988637 368.8219935242407 367.8214216556814 368.1397200125257 367.8836445555856 367.1351141084984 367.5810148133001 368.1054563764484 368.3358489645879 368.010725126027 368.9037731725589 369.26329934468 368.7463372380654 369.2665951123861
361.1068513743681 361.2711678300267 361.096776374857 361.6864615347944 362.0329943138321 361.9992243914357 362.3861773180136 362.8801471526581 363.0947516440004 363.3652973283529 364.1896557936705 364.648788606772 364.6304775613438 365.4869407095678 365.9454839898539 365.7228434785205 366.4344283770196 366.827004741147 366.7525619916031 367.2494663038473 367.9449420380704 368.284990986218 368.3106498452346 368.9906887319486 369.0224866826154 368.8635096907597 369.565335995551 370.0669641431346 369.9301188087015 370.447410130974 370.8407670152735 370.7100540354605 370.9372356621756 371.5637546756432 371.6611749642845 371.4438544692146 371.8966160204851 371.880653659835 371.5576122177223 372.0929287935808 372.219681053251 371.5995570009579 372.0044593531518 372.0907976228836 371.7006615794081 371.852243703046 372.2293813521815 372.2520712262155 372.0096055706125 372.5401484522943 372.7067605181963 372.3556094472624 372.8395044857616
365.6482226210253 365.9931055364751 366.0169206685028 366.2577974060654 366.6676243604134 366.7622550201266 366.8491529646058 367.378871304198 367.6542333515435 367.6016376291433 368.3138303419304 368.7980829849885 368.7759819090123 369.3901946054553 369.9644974569171 370.0661534651368 370.4153274465517 370.9966545180508 371.1803296590537 371.2766282788909 371.9139255166044 372.2929686889821 372.1487199680791 372.8422555372271 373.1787756054625 372.9424996104053 373.4942289006723 373.9416801931527 373.9937732132429 374.2429105866102 374.8384469064835 375.0350605032914 374.9053374710844 375.530983810244 375.7356398236125 375.3107586102622 375.8327644735597 375.983651633975 375.555027175153 375.9072872740109 376.1738926176935 375.9817716544343 375.9622104608786 376.3006323962526 376.3272615976776 375.9747273318271 376.4665344476163 376.7096588050027 376.3626640097211 376.6706868583007 376.9963726710398 376.8706038450666 376.8480387765788
367.7051947316431 368.1442630894047 368.2616674340297 368.3226100520677 368.7984877578583 368.9555912022221 368.9150666988766 369.5017334740417 369.8500167440459 369.726416284113 370.3726592496918 370.8646838989829 370.9065601542732 371.3417673705353 371.9063000276991 372.0693349767042 372.249908657396 372.8442270979302 373.1170858169738 373.0582226818997 373.7292857042194 374.1394018689732 373.9738087225093 374.5721372979169 374.9957918219117 374.8556611426674 375.2097993225581 375.6837058442124 375.7879227208147 375.8819089744362 376.5043347435079 376.8086942245491 376.5830966524102 377.2704274120184 377.5617791813651 377.1667869370032 377.5988199056757 377.8310506342932 377.5469800036528 377.7252150701627 378.0545192425616 377.9814525601188 377.8438165937661 378.2392077562373 378.3245568977082 377.9100304740699 378.3941556352497 378.6607679204047 378.3654069668509 378.5526493779661 378.8665652687863 378.7583737014041 378.6538096456971
365.986955887205 366.3577862716293 366.3557281712368 366.6056359184931 367.0620849360488 367.187524591434 367.2758827148363 367.8414898388266 368.1166390746071 368.0140566251458 368.7099545244234 369.1932298485402 369.1707385908173 369.7166432014932 370.228477087472 370.2217673032473 370.5244738495563 370.9718696903381 371.0780046585974 371.2112594243625 371.8026840425928 372.0849489466538 371.9980477118918 372.6539296388 372.9686064504448 372.7015485348783 373.2680823523705 373.6655899691394 373.6191719920924 373.9286289867942 374.5073814797303 374.7187005581001 374.7072563535216 375.3061426874491 375.4288114606749 375.1194932159506 375.5834816614956 375.7646583752545 375.4803248105864 375.8713111641265 376.224338339762 376.1064594576328 376.1170563021146 376.4866453129461 376.4585792422529 376.241810826526 376.7361996956456 376.9457089255678 376.5646262837312 376.9582968911932 377.1804846656933 376.8498962472572 376.90808814467
361.5904601638086 361.7505176797583 361.4700514062917 362.1298369005101 362.7101177998146 362.9329976260003 363.2178147964629 363.7626179302672 363.8348855974386 363.9931686386176 364.6984196509788 365.094589541421 364.9561711492211 365.7059580271745 366.1106009394818 365.7817762993128 366.2906665193408 366.5722344218271 366.388784212476 366.8395767158938 367.3868290456974 367.5885530185669 367.6997510028182 368.4543866000465 368.6362510659248 368.3981389438543 368.9966969124325 369.3067479099503 369.0286147826336 369.7807262762163 370.407705150072 370.4622829459123 370.5891928938732 370.9009758108858 370.5680550137809 370.6174202401227 370.9310251588831 371.0543889040367 370.9172175432193 371.6121929228235 372.016785394766 371.6594357111427 371.9795513111198 372.2646296843799 372.038258183642 372.1614806554206 372.6948608979666 372.8453177040236 372.547401577687 372.9726810377954 372.8482696811039 372.2370309278296 372.4909428596278
357.6288215275097 357.4647799827883 356.9697068923514 357.8751915690914 358.9781784011538 359.6791109685051 359.4974818865753 360.1860201191371 360.167690164827 360.2253524984043 361.1743441777993 361.5080502136784 361.0574730862675 361.995183218902 362.3276600813855 361.661949487242 362.3830964254201 362.6397677866727 362.4465580550222 362.9616699733663 363.4813214520999 363.3329181740926 363.5946461316987 364.5652414673745 364.5455130510006 364.1238170646653 364.733289515535 365.1092540368965 364.9232163132953 366.0481693543006 367.0891479353519 366.7679574335031 366.7597123999952 366.8169792861627 365.9586488318598 366.2856915768077 366.5883789658858 366.8599225857215 366.7925055083193 367.9747616290981 368.6450323721908 367.8660832185735 368.2325643478226 368.3023356230433 367.9359352193645 368.4582907052846 369.3067249578065 369.4223474071148 369.0110034034175 369.3220908223204 368.5016244986309 368.0087757675877 367.967194221356
356.6736528816573 356.5167034877426 355.9764735427235 356.3546515349972 358.5683709716536 360.4333332522656 360.0310852781342 360.1321745766212 360.9739880383267 360.6812102999343 361.3427519866821 361.9779894563554 360.5549569125857 361.1212684914319 361.9191822236095 361.0988960365347 361.1705882633775 362.2166989014476 363.0976807593773 362.1041640015104 363.4325429047824 363.3206964060043 363.0428450545224 364.2890830772363 364.3386123879137 362.3802412041339 363.5475445697583 364.8572548349269 365.6359155875813 365.5777360072234 367.7602166217236 367.5866890263569 365.8592848241265 366.2476066671035 365.643743749735 364.6527420840583 365.6908253819244 366.7220528185772 367.360439209747 367.7457996578162 369.3128701018011 368.70080886888 367.5419792148186 368.2360598212202 368.5248626168378 368.1875764697452 369.9275714047615 370.9697869422354 369.5465083898886 369.1154314131355 368.3017567169848 366.381656229996 366.7733669420934
359.8968512637612 358.0962551699648 358.6098008594236 358.8790248616978 358.6794216833576 361.7694505112351 363.7731535872068 363.4324166864745 363.4472963949139 365.7371807420931 366.4326607798241 365.0335637558659 365.7537993467706 365.4777176215636 364.3958694641528 365.2601371813677 364.7515637111572 364.333915217283 366.5229946858711 367.9452747397946 365.7355822879724 366.7678769059638 368.2707274594352 367.7632514924794 367.4233997553591 366.9447075419515 365.5723812304474 367.1243098002076 369.5656862623104 371.852961117661 372.0808174403458 371.8780140402629 371.490955336216 368.3795159354727 369.6696804917545 368.6877178058182 367.4006950575074 369.9055338203633 372.0560809433228 373.6558539733009 373.3175294569479 374.1636466008543 373.115636684094 370.9508068764339 372.7262296980621 373.9597146315216 374.6737250433367 375.0379601515446 375.7186806885402 373.7708644699937 372.3424403223124 371.8158944836844 369.7730491345475
364.6557363298554 360.354699565973 360.4340329826937 361.1161019874092 364.3725622555758 361.887931661436 367.5699689242068 368.5008135087875 367.5926907894465 367.0717665454072 368.8506363346899 369.5314903239501 369.7687592932789 369.3782325327667 370.1454964364868 367.2200985458297 367.8618840266153 365.5446151327656 367.4517901380192 369.7083769754279 371.2199152263839 368.2168461419559 370.4108559911069 369.509341695387 369.3940914188813 371.0463114585321 369.9953141389856 371.4119950973604 370.564314343782 373.6525341457934 374.1449698562218 372.6131225049106 373.9097234671802 370.7460278451568 371.4879177598622 372.5179454414305 370.8869579756834 371.8369409758417 372.8937511673549 375.1909264234936 376.0316588307984 376.2079351767818 377.8627603381597 373.0364159605657 375.0666187250871 377.4147884181334 378.9492565074022 382.7490023606693 380.1353515614148 380.2418637430923 375.4664527038247 376.1541076329745 375.7981961742809
