benchmarks/avaHockeyChannelPytest/Outputs/com1DFA/peakFiles/release1HS_ent_dfa_67dc2dc10a_pfd.asc
ncols 1001
nrows 401
xllcenter 1000.00
yllcenter -5000.00
cellsize 5.00
nodata_value -9999.00
[rows 207 to 229 of 401, columns 106 to 158 of 1001]
1.380079829441676 1.404171328120603 1.41634337970161 1.440955439704252 1.466858375723587 1.47288821970447 1.537677212251671 1.571229560791957 1.587859631309655 1.633727766971981 1.686887321342684 1.716628561539226 1.757547900427498 1.810699349945465 1.873786202377806 1.920345175883385 1.960120250950392 2.019458495884535 2.069232979786227 2.126853350542583 2.181850091199773 2.244469742454517 2.309898131428404 2.348233959785313 2.394554513539903 2.450274911725262 2.524798184328896 2.556737654133057 2.610036398768032 2.658370217986848 2.706612398365678 2.752789392512465 2.806225829022176 2.810076008754403 2.85505410259865 2.856406643471909 2.892121658464318 2.920792692329998 2.954160317818668 2.916174663000396 2.948104021730099 2.928894212699971 2.926187786507366 2.898577309026945 2.90402836874099 2.854512917409221 2.807673348835721 2.781105703780339 2.717903788458505 2.673817950388544 2.588808830365415 2.535578121568834 2.456820832687988
1.419387745400803 1.502614679686717 1.51834153694014 1.540062402170388 1.595329983473126 1.604835064761921 1.652300585744221 1.703681628357487 1.728064339042102 1.78482458469348 1.820354633258989 1.881878009977071 1.915238490526286 1.993443621799041 1.991987485928372 2.061517696582071 2.133757422114768 2.150390605699889 2.193050171433772 2.259332378789309 2.298961602682889 2.358810205296977 2.403793306944184 2.450796153364002 2.494662112032867 2.519713316968343 2.547033887936586 2.614438405344301 2.63276067470517 2.677557820603415 2.695177140248687 2.720666978254013 2.72650414604853 2.792564759419316 2.76199392459418 2.798200821207516 2.777268375233191 2.760641349440887 2.747120482992767 2.768516211550636 2.711808883198049 2.705247982071636 2.644365368651388 2.614592360186738 2.572277844228286 2.522822372455815 2.451169461761419 2.360080718009563 2.336377664014576 2.2468397561766 2.154212905538089 2.066896490563375 1.960236481925448
1.55367713567062 1.594009025975032 1.639312506415527 1.65624256669904 1.697114765947431 1.748391789505575 1.772992111019724 1.83922617926279 1.871947474832616 1.909134484333327 1.966641255839279 1.993752892367422 2.051191744315194 2.097638597290708 2.129637604054137 2.180179921874202 2.227682629768122 2.257412003269704 2.287711531091841 2.33924530576414 2.369845611334273 2.386514673444379 2.446603118559993 2.460370128012911 2.491883967066025 2.53079647092438 2.582003966381544 2.574442165132083 2.630252352142753 2.625612012850154 2.625317962812576 2.646086040372908 2.621417347176915 2.627242699715132 2.619363862175325 2.578778578403607 2.587356386335481 2.567612973623254 2.510591193243398 2.489328171709621 2.42689659877608 2.404369106760822 2.311759863616745 2.243541614924924 2.19804726299843 2.116971541983192 2.055036504940182 1.916594218522115 1.882581837383579 1.769235343006858 1.666624463536441 1.606345965788401 1.502896864645365
1.65384560511419 1.692297325404838 1.721771302424336 1.761267387179886 1.801376659047499 1.858556392388395 1.86931607517725 1.927148010035545 1.984920486265386 1.989808428602794 2.049188983571995 2.105162347665269 2.119904866343003 2.164168703668872 2.18634279702742 2.237651325294608 2.271821582793918 2.291776867721857 2.33405683879191 2.351923532311408 2.38595509255572 2.429390113092166 2.43700673150489 2.474486929791796 2.491012015209059 2.493054456293349 2.50584592237871 2.494265000303866 2.514606274861939 2.506445120202915 2.490848148611899 2.48808691956571 2.462883524710747 2.42631071230458 2.402279829426516 2.358525142484594 2.357073864913589 2.289091962111552 2.216193389658792 2.176851803568169 2.096351528215709 2.003465301090537 1.914343627816577 1.87865058726113 1.72240548367319 1.654507537913682 1.520562496534181 1.449527016782824 1.338890600889783 1.239576046917514 1.145134694881325 1.080748518195401 1.004440849185471
1.745656868595624 1.769564171137922 1.827993772838024 1.83827733161701 1.887972831372877 1.929650448127409 1.955340267967197 1.99531427853834 2.020630571863205 2.050049643296495 2.079978028198952 2.096733465227835 2.146788274656865 2.195720521792133 2.195411624296347 2.240478463303134 2.275689315022602 2.274822568679589 2.311307867370281 2.332997559602167 2.33985185845979 2.363918172865822 2.355253442727997 2.357424740849455 2.379296336049176 2.380686257664347 2.339448368784088 2.350051163861574 2.326308444031932 2.32011119164305 2.306188254049712 2.264601589880002 2.231074755884088 2.170908828951238 2.159630273809645 2.045290591153096 1.987376506804923 1.96212051111655 1.865855199155126 1.757222491917063 1.702018111357589 1.578394054316457 1.506379016252122 1.368206042003264 1.293828092847225 1.174880580662356 1.125943228360184 1.046781236968645 0.9495289260731946 0.8569800001352698 0.7821011980227168 0.591046569697084 0.4605830115562483
1.80640846377689 1.829030231307345 1.846909362004445 1.89384319938942 1.938606947424248 1.936787037935305 1.98057661764261 2.000792588677698 2.049522639588032 2.068912593018084 2.082969346197419 2.1573610180683 2.134356430240521 2.163329916921009 2.202770456023382 2.218390235304081 2.224858406240589 2.247658623044132 2.24782331094475 2.244134381668375 2.247154220161091 2.242699887269907 2.252400398810568 2.233620784694007 2.217566989142088 2.209609844418849 2.192888589390892 2.168676987774155 2.10889540547072 2.07431795026687 2.027993002118925 1.973923403410597 1.946257520087729 1.830353061421263 1.820423541955841 1.710686180953334 1.626286991733354 1.505107309294947 1.428985251662358 1.31064226262325 1.243943241311985 1.159942584236821 1.039545949233111 1.012687232012803 0.9680082863031026 0.9142681616560995 0.8390985436026458 0.739864580890884 0.5458691718431857 0.3666573014060879 0.2056137872329635 0.09311343225268941 0.03931270347357822
1.806542715491967 1.840636224929242 1.882257804665421 1.874921763988408 1.910062245960524 1.965518666603266 1.974272972138821 1.994036471714415 2.02737414875038 2.0513646792119 2.058542459284551 2.086963033484889 2.10411038256318 2.097458270086673 2.125901447429066 2.125822770517414 2.165321243292791 2.131635203480191 2.122235904516392 2.120530120947889 2.086326070525162 2.088829689653826 2.073522692881696 2.046277540751273 2.019490782195992 1.987763874903385 1.929285361535641 1.86183911423509 1.863796324009946 1.764451210198827 1.706642710145078 1.661625455006524 1.582116112984966 1.467343156794694 1.395768971866951 1.327891093972482 1.261595643041076 1.165065967636534 1.060207295609241 1.039585116940726 0.9729394478667218 0.9055189976798156 0.8100984972636537 0.6880926982640062 0.5189600201005231 0.3355972304704344 0.1915614642372311 0.08132919691152372 0.03062071021801618 0.005160936404308695 0 0 0
1.830529754447955 1.804095127483849 1.874465088359012 1.887629624996636 1.891185294540269 1.913790770112052 1.961572420408213 1.950717056416205 1.974312700889922 1.996149236753906 2.000808689554209 2.006474376528279 2.002601689235224 1.99283840976903 2.004688230666353 1.959368422572708 1.982186389428468 1.97372589546008 1.942758896525528 1.94011262939362 1.885674180516456 1.887531196231305 1.828007135234047 1.805870847568431 1.735826261581142 1.700463186230774 1.666120505247167 1.584515430712939 1.515129426315495 1.407626485156886 1.345934461585933 1.246866777767282 1.173632746833979 1.101926216851455 1.00716984272007 0.9506440082842653 0.8140502510436185 0.7509258330320695 0.6760674439902291 0.5117801770998296 0.4448272136624999 0.2940570498777654 0.1651921814888769 0.08508245757301949 0.01718628594163807 2.992928013880429e-06 0 0 0 0 0 0 0
1.760217180181151 1.817270779120712 1.800540024547361 1.804309449670473 1.892147644448009 1.85552109895022 1.857410436450634 1.883799839063944 1.887081151405743 1.881716874056472 1.890903573842603 1.878993029272324 1.901453955312045 1.85279033552704 1.876763655516938 1.820067770920779 1.825613740085941 1.79739457069573 1.767157268795376 1.727887106392061 1.702257150079167 1.636407837866788 1.576289180315258 1.510379939211672 1.516237900780224 1.370724958431118 1.29573219731356 1.259595531528023 1.172564571643739 1.08649449126489 1.010322828965108 0.963514487853542 0.9142137744404905 0.7997750334099584 0.6557504271141074 0.5281713054119282 0.4479197160076336 0.3149866148435122 0.1981217214077283 0.1062808516624741 0.03678975745967301 0.002614847252555708 0 0 0 0 0 0 0 0 0 0 0
1.721728021271165 1.722279835722997 1.763891946377863 1.747501606017343 1.752200833037807 1.777734346215571 1.775232826084044 1.764475772787669 1.730472468851503 1.749075351712783 1.740064430881252 1.69605449817937 1.686956421736822 1.660384772517172 1.639353739012917 1.607808725804119 1.546136206224298 1.534374180666966 1.503574618553867 1.432268452375666 1.364757890244527 1.323329923443787 1.282488896428012 1.241854502297917 1.165352317508954 1.110883455526734 1.013361975567477 0.900284978915643 0.8092120989194873 0.7567586680535046 0.6898873184504082 0.6814771657108909 0.4893568438250687 0.4021588365024957 0.2859621903907607 0.1440738645754512 0.07970577334558537 0.02491915026795782 3.902345961197346e-05 0 0 0 0 0 0 0 0 0 0 0 0 0 0
1.618212838133335 1.616441949589904 1.649672350778423 1.624160297166956 1.61362482537061 1.593970933081979 1.602793180621151 1.572502998073686 1.605509904493062 1.524013435981246 1.553641875686681 1.496644906446052 1.459682338594059 1.450687361772969 1.389113327643708 1.390252008472535 1.347168489984158 1.279402927386903 1.234295566319936 1.160964872188593 1.133387522598836 1.022887591281528 0.9821912751200582 0.8775263183092386 0.8238598869491019 0.7752264047180972 0.66467591797582 0.6325583502377136 0.5697177257582212 0.4382372504600735 0.3621436037780337 0.2076627467883739 0.102736089310293 0.03601100069207724 0.002982610684055964 0 0 0 0 0 0 0 0 0 0 0 0 0 0 0 0 0 0
1.536903021161197 1.482897252169752 1.484812956402732 1.509968316613597 1.45153509534231 1.464734060491644 1.444808174109066 1.403902746851934 1.39973488969548 1.327374730464004 1.307194966782003 1.290511412000465 1.217529290319654 1.168604066664539 1.1509242086148 1.116320066600271 1.072936587892899 1.049821385095308 0.9909570142911869 0.8902653887968369 0.8104553481258933 0.7398763676456638 0.666112521435317 0.5960907125478077 0.5367365776612957 0.4210607285167146 0.3680553337125582 0.2507128001718094 0.1196162579407097 0.05369652990221677 0.01110769172459485 0 0 0 0 0 0 0 0 0 0 0 0 0 0 0 0 0 0 0 0 0 0
1.372488849668965 1.331736421682653 1.300869740073562 1.303688446445563 1.266860151474237 1.257158645647771 1.223012289768404 1.156366042115676 1.168172614495587 1.150890982002217 1.075241490394289 1.035138839882447 1.010869959885508 0.9594612262062298 0.8953832611761373 0.8736703564767972 0.8332970630970253 0.7908763265670118 0.7094699010468746 0.628070245989756 0.5632437213487587 0.4365789038875013 0.4020247968967048 0.2633208946231842 0.1527457969578352 0.06818924362631813 0.01736493769943761 0 0 0 0 0 0 0 0 0 0 0 0 0 0 0 0 0 0 0 0 0 0 0 0 0 0
1.174760628217845 1.175277035395491 1.159939741746761 1.127009719302155 1.088004949530302 1.062064062657195 1.021475128784662 0.9830096277993593 0.9369087353390839 0.8900751521863316 0.8980425385144443 0.8787175991369833 0.822734838760756 0.8040580441249651 0.7249218089504789 0.7033095696160216 0.6305196890049457 0.5624907173826311 0.4387332738154917 0.3256879568504023 0.2102781429646846 0.127715519686445 0.04668006348071098 0.004575813403787748 0 0 0 0 0 0 0 0 0 0 0 0 0 0 0 0 0 0 0 0 0 0 0 0 0 0 0 0 0
1.004210980775735 0.9745509320616206 0.9706243960796234 0.9248291295020803 0.8950266408723231 0.8848283717745564 0.8320008985144427 0.8527857217621045 0.7941553677426122 0.7755631126259435 0.7342383629295411 0.7539370562740282 0.6753638589787021 0.5925954580460808 0.53090986494107 0.4061499642993447 0.2936751587916459 0.1518371910007525 0.08247655294209498 0.03086654593433989 0.00300988655539226 0 0 0 0 0 0 0 0 0 0 0 0 0 0 0 0 0 0 0 0 0 0 0 0 0 0 0 0 0 0 0 0
0.8757589925000057 0.8376516796799756 0.8103114286422062 0.7889989530114572 0.7442331918200791 0.6941613302094274 0.713161442923064 0.6725712033287683 0.6241543107589632 0.5574246974008173 0.5252909544727888 0.4437496652426414 0.3413264582268476 0.2077002625666249 0.1004453701118024 0.04123815945024555 0.008430932942141331 0 0 0 0 0 0 0 0 0 0 0 0 0 0 0 0 0 0 0 0 0 0 0 0 0 0 0 0 0 0 0 0 0 0 0 0
0.7015834641116727 0.6824715534333416 0.6512031573532926 0.6109087015698599 0.5621251546014895 0.5453396373000033 0.4845518706530362 0.4509998370622532 0.3465901038484545 0.2106945897380517 0.1134768281245262 0.04294768282045139 0.008774186821817919 0 0 0 0 0 0 0 0 0 0 0 0 0 0 0 0 0 0 0 0 0 0 0 0 0 0 0 0 0 0 0 0 0 0 0 0 0 0 0 0
0.5442108408918619 0.50399227592184 0.466803032886233 0.386937402456674 0.2897690248711842 0.1775678655872051 0.1036611371891622 0.03514029095161023 0.003888029807649888 0 0 0 0 0 0 0 0 0 0 0 0 0 0 0 0 0 0 0 0 0 0 0 0 0 0 0 0 0 0 0 0 0 0 0 0 0 0 0 0 0 0 0 0
0.2543318723597671 0.1545958794362537 0.08553654140138613 0.0270353016964468 0.002874319481124306 0 0 0 0 0 0 0 0 0 0 0 0 0 0 0 0 0 0 0 0 0 0 0 0 0 0 0 0 0 0 0 0 0 0 0 0 0 0 0 0 0 0 0 0 0 0 0 0
0 0 0 0 0 0 0 0 0 0 0 0 0 0 0 0 0 0 0 0 0 0 0 0 0 0 0 0 0 0 0 0 0 0 0 0 0 0 0 0 0 0 0 0 0 0 0 0 0 0 0 0 0
0 0 0 0 0 0 0 0 0 0 0 0 0 0 0 0 0 0 0 0 0 0 0 0 0 0 0 0 0 0 0 0 0 0 0 0 0 0 0 0 0 0 0 0 0 0 0 0 0 0 0 0 0
0 0 0 0 0 0 0 0 0 0 0 0 0 0 0 0 0 0 0 0 0 0 0 0 0 0 0 0 0 0 0 0 0 0 0 0 0 0 0 0 0 0 0 0 0 0 0 0 0 0 0 0 0
0 0 0 0 0 0 0 0 0 0 0 0 0 0 0 0 0 0 0 0 0 0 0 0 0 0 0 0 0 0 0 0 0 0 0 0 0 0 0 0 0 0 0 0 0 0 0 0 0 0 0 0 0
