benchmarks/avaHockeyChannelPytest/Outputs/com1DFA/peakFiles/release1HS_ent_dfa_67dc2dc10a_pfd.asc
ncols 1001
nrows 401
xllcenter 1000.00
yllcenter -5000.00
cellsize 5.00
nodata_value -9999.00
[rows 184 to 206 of 401, columns 212 to 264 of 1001]
0 0 0 0 0 0 0 0 0 0 0 0 0 0 0 0 0 0 0 0 0 0 0 0 0 0 0 0 0 0 0 0 0 0 0 0 0 0 0 0 0 0 0 0 0 0 0 0 0 0 0 0 0
0 0 0 0 0 0 0 0 0 0 0 0 0 0 0 0 0 0 0 0 0 0 0 0 0 0 0 0 0 0 0 0 0 0 0 0 0 0 0 0 0 0 0 0 0 0 0 0 0 0 0 0 0
0 0 0 0 0 0 0 0 0 0 0 0 0 0 0 0 0 0 0 0 0 0 0 0 0 0 0 0 0 0 0 0 0 0 0 0 0 0 0 0 0 0 0 0 0 0 0 0 0 0 0 0 0
0 0 0 0 0 0 0 0 0 0 0 0 0 0 0 0 0 0 0 0 0 0 0 0 0 0 0 0 0 0 0 0 0 0 0 0 0 0 0 0 0 0 0 0 0 0 0 0 0 0 0 0 0
0 0 0 0 0 0 0 0 0 0 0 0 0 0 0 0 0 0 0 0 0 0 0 0 0 0 0 0 0 0 0 0 0 0 0 0 0 0 0 0 0 0 0 0 0 0 0 0 0 0 0 0 0
0 0 0 0 0 0 0 0 0 0 0 0 0 0 0 0 0 0 0 0 0 0 0 0 0 0 0 0 0 0 0 0 0 0 0 0 0 0 0 0 0 0 0 0 0 0 0 0 0 0 0 0 0
0 0 0 0 0 0 0 0 0 0 0 0 0 0 0 0 0 0 0 0 0 0 0 0 0 0 0 0 0 0 0 0 0 0 0 0 0 0 0 0 0 0 0 0 0 0 0 0 0 0 0 0 0
0 0 0 0 0 0 0 0 0 0 0 0 0 0 0 0 0 0 0 0 0 0 0 0 0 0 0 0 0 0 0 0 0 0 0 0 0 0 0 0 0 0 0 0 0 0 0 0 0 0 0 0 0
0 0 0 0 0 0 0 0 0 0 0 0 0 0 0 0 0 0 0 0 0 0 0 0 0 0 0 0 0 0 0 0 0 0 0 0 0 0 0 0 0 0 0 0 0 0 0 0 0 0 0 0 0
0.4187134241274758 0.4524553816199175 0.4781544379290893 0.4997718423651435 0.4916314799834092 0.4510429584216133 0.4657505231826315 0.4939608947273024 0.5193212056019293 0.5407756516770917 0.557344196949659 0.5517551645469743 0.5257695176928475 0.5016618303841289 0.4760358328339978 0.449018915335041 0.4439026637710888 0.4475288309167665 0.4245806266813295 0.4029569423710896 0.3983134723539784 0.38468822185046 0.3643831125152771 0.3426324208658321 0.3358447003448893 0.3319467113953145 0.3171545777798848 0.31032768894889 0.3186138740053386 0.3332481642921604 0.3208603962349186 0.2983820776822867 0.2754644748822865 0.2539768884161699 0.237996424714519 0.2346301780660473 0.226667242197257 0.2315140739140337 0.2334194100765379 0.2280927154419968 0.2165668101124562 0.2034865994308964 0.1870411797052959 0.1860755115325139 0.1827559647039594 0.1709440513366395 0.1707877301308442 0.1749845815687814 0.1742458332736263 0.1690434625605824 0.1598830560748592 0.1496315786773116 0.1435227221597122
1.501154260848067 1.53059378405356 1.534295495676578 1.502644739146995 1.496496507782227 1.48506436162917 1.492987030867233 1.52643771331692 1.500398134913358 1.465102830749767 1.469821187144642 1.468657161850853 1.531796257478258 1.56658096195566 1.53339695682702 1.515704528445338 1.460940744145115 1.453571420854581 1.394138335045294 1.384413403654424 1.376610719176709 1.382821511149808 1.413599016286275 1.387316849906252 1.38327466539023 1.383144197476011 1.320856584465275 1.312093728068281 1.332488708855942 1.29393285324454 1.260256448502824 1.255430240182801 1.217662203831528 1.207435862695603 1.236892258924774 1.21544120084872 1.178686142799771 1.148415667016799 1.143770914289036 1.187438163381638 1.144936456652724 1.148100919612697 1.139038400955296 1.134734561784271 1.128674569417379 1.122718211554261 1.108342283733228 1.073429403933412 1.053643854050142 1.038711390066217 1.029758668859901 1.010246635798743 1.01612450596012
2.194692139715857 2.184383946545561 2.229220267610296 2.277228703062928 2.210896818042683 2.250736714793362 2.263963364117493 2.272601098186401 2.268473546882698 2.274403503919292 2.313179003977421 2.272070277996476 2.246007819083666 2.236130591291778 2.186069549024879 2.194994069247892 2.171782816164876 2.143499544174478 2.159294011595348 2.17827814098343 2.15519380929585 2.132992246425654 2.140568043642187 2.080639390362689 2.095412930274251 2.089292137547254 2.051980506767911 2.091356686592634 2.057019493214303 2.065296297338339 2.079407313084777 2.040115108899492 2.074479939209859 2.016121231528512 2.079191832407175 2.020157513927032 2.049518129143041 2.037219332332307 2.014312028405344 2.023032257590835 1.977021957613436 1.988972303242578 1.982516475974071 1.958390416288564 1.978152215817861 1.958788953221335 1.960514427407822 1.941622121916227 1.959301406205599 1.938134456541272 1.93745135641033 1.902832126013996 1.913900614621863
2.64238763945217 2.637518561972013 2.660281846266795 2.664726164550836 2.679392405329479 2.716709342981968 2.77532918080346 2.75234713947982 2.730841839262378 2.774906374976806 2.764034715447709 2.81840099381122 2.789852422353456 2.827280364847061 2.804618120115977 2.814624013922986 2.848762808186835 2.86104158194416 2.849390127475371 2.873715789307716 2.90938881393162 2.883033316861565 3.003998699096603 2.942018417468679 2.952449533091963 2.980384030313146 2.914956218600598 2.962033711916489 2.938568763541609 2.923515687688332 2.95466010996565 2.920140378129999 2.983283190728838 2.913421846234815 3.022654803061668 3.017924098562319 3.011303103278353 3.021869993037789 2.945769930184992 3.029817262152835 3.039484797136342 3.039909459455763 3.025917519535832 2.965213545270271 3.004670068153777 2.927203275425529 3.01500381213112 2.991155775547579 3.092613308762832 3.004927781902115 3.101472644234871 3.038979156720482 3.114524238609465
3.2804330940501 3.294463498579253 3.354382836403465 3.468467251030912 3.489828493711462 3.517820453378615 3.513181261611648 3.487328744480152 3.420817232610914 3.490150736827109 3.507873987727022 3.547920613134394 3.599154410372949 3.618318100774312 3.674473494868313 3.722748077052257 3.678097985125782 3.763548000722795 3.748507344494656 3.69595535931354 3.769669318803066 3.753883316958535 3.819420860418143 3.853765684598256 3.795637570982164 3.869027965801271 3.852003265766669 3.875088955237152 3.887093208072207 3.78978332007674 3.852182869355103 3.851828340252545 3.869980553409463 3.928778788010678 3.933689816012196 4.003260608498383 3.928978915618604 4.007404526118773 4.00864953602407 4.033529825479772 4.033125361910771 3.90514655434517 4.009003899118119 3.952575089281029 4.07474700770543 4.01605331871099 4.003164014715013 4.025940710153447 3.957013050798075 4.057337098777167 3.949257465033658 4.105468359458316 4.012707872398876
3.77321645191182 3.836255652122025 3.854401192398702 3.869723054115933 3.943044967145019 3.966807600219719 3.962008674905186 4.023987869636303 4.02379686169882 4.019311711573383 4.115943164251603 4.112150317439333 4.167817591943662 4.197418754227145 4.170622927332351 4.241245298998377 4.283984119161586 4.247336572308672 4.308034863352976 4.329449918662655 4.276676604038901 4.36477006967173 4.367357024895857 4.362761921233371 4.455014536944154 4.397686536754457 4.465255350222088 4.462670382221003 4.404591777541215 4.493694185140319 4.478989033765321 4.516722643621856 4.492778730953583 4.43800087897243 4.505367099441715 4.45894008234668 4.573172137063433 4.560812518965705 4.547520960860934 4.631374934180371 4.578451081079256 4.670982450013943 4.592117421668963 4.605112130025335 4.605867170433154 4.58953890759659 4.662630638928925 4.589999525224235 4.696328062464257 4.595709540868055 4.710736995028386 4.677277142940472 4.732864921702769
4.045378162770512 4.047115618171809 4.100388177930039 4.161081941685606 4.136564761386648 4.172461761407826 4.233786316048477 4.233584966291279 4.251250818020381 4.327363007076132 4.32043761837753 4.334294625661669 4.414171817232466 4.419983942919823 4.440989407830106 4.50952995554378 4.492098725850176 4.542431064703846 4.586533844111029 4.528806634907197 4.621376575359608 4.646775227864493 4.610011269630081 4.684215085219702 4.660255614805931 4.700266180821237 4.734803949974426 4.671501339748172 4.794823008593167 4.78908516014692 4.778900457902409 4.85514918122521 4.787010197360354 4.894608472000131 4.86674923300169 4.869575896461294 4.935958624822966 4.849668248060608 4.964454834870426 4.931500711694071 4.94935039958241 4.978779137858486 4.918902359518703 4.998752437501162 4.91207785060427 4.991466899677979 4.94675661784386 4.987714438458709 4.984499207880347 4.965191113483432 5.017042886723127 4.947536851818145 5.054242518665946
4.074722200454568 4.07449105416023 4.151560823276482 4.191150268088641 4.174500468042083 4.258241810576042 4.302768177113917 4.292930908173228 4.352490959731642 4.409205840801576 4.386800950493592 4.454577798788714 4.485073593618712 4.471778329538243 4.531504633497741 4.57011116488973 4.541401198673843 4.626514850592041 4.666570571853783 4.621861082500997 4.726949788528133 4.738632442634187 4.737539224859677 4.81939687173994 4.776752563540385 4.805472321322397 4.840736509170403 4.787125804117807 4.878688073867777 4.859281922831396 4.886271969800537 4.920500521803428 4.854937132549931 4.959681515371821 4.925857682663366 4.95655090552444 4.974001695516465 4.954760082592611 5.02353916567104 4.969147633031613 5.048845584376606 5.029774710029041 5.052391083200856 5.091399548613443 5.023452343179945 5.125212570375269 5.057002701463484 5.150637148481763 5.117442885384271 5.149005914184473 5.164439666959886 5.127356478697231 5.204604055383347
4.005711374484528 4.003002247779818 4.015870567063708 4.072855604344403 4.079378678242581 4.093767812191713 4.163696073314307 4.198600619468499 4.183923879853404 4.292153520787434 4.313864169603653 4.300247225956966 4.365740233735992 4.388434043537647 4.373777978291026 4.443272098067343 4.433942234977252 4.457788889859064 4.522751320651299 4.489646070847314 4.538885662321978 4.574667539949749 4.524613564216994 4.632377077793521 4.639215610682501 4.661882893904631 4.734763915236705 4.688092820068417 4.76036221400829 4.767796718823484 4.737098003941366 4.827258232211619 4.796991798302027 4.855355526483057 4.880310842392654 4.835636680441151 4.935057822480395 4.852220299192052 4.945874847919181 4.9454113002489 4.938681810807259 4.959133790930156 4.876020208579889 4.983524841950866 4.914511101047472 4.982735102699531 4.946055806948735 4.963039066066684 5.005923367337146 4.959602054634338 5.035492156873716 4.942159049692234 5.057821780770022
3.688036588118042 3.752943558138011 3.775645134972435 3.783578057565881 3.810239590019942 3.829807220542411 3.852027296274532 3.920475138760823 3.961608802343412 3.927128099398487 3.996143625291793 4.009008206181957 3.984708266322224 4.069755466486968 4.082643108215223 4.066940301859312 4.151633832632192 4.137983150419252 4.159604788534766 4.241349389616429 4.226441719610898 4.291205854307439 4.344806542528334 4.273525965674986 4.372354636598978 4.325304654893389 4.32544455793249 4.376428709767885 4.315108829396611 4.443263130672817 4.452844253572505 4.517907318013985 4.578520868203134 4.468608887290949 4.579972805017897 4.51091045720864 4.560418080967764 4.569451293654767 4.524736415352608 4.605412874643362 4.536038538461113 4.630125721797515 4.574841638792503 4.590931435130564 4.641806344501935 4.626472980825801 4.718429316199436 4.614833769113972 4.713231727887401 4.629751483841246 4.694139812104467 4.642134563351052 4.672739490404022
3.117293543997508 3.177496385204862 3.186127885275635 3.176595261064141 3.205351197839042 3.229706182398173 3.29554363887652 3.367751454208058 3.403563076425348 3.38545481385909 3.449313295230871 3.44841107910172 3.456907393894229 3.481891339792347 3.410482869126895 3.455521369406129 3.459266315523688 3.543118343128232 3.629941537062373 3.604091293186659 3.640694443096841 3.701546680883893 3.644203057924311 3.766904868395653 3.708566146264525 3.710997501491673 3.727537907306298 3.694574489257195 3.819575637897203 3.774577792636932 3.858869627954312 3.895877535208173 3.873029768995044 3.941694730754971 3.853925732275798 3.947721924342113 3.92657501372292 3.923342543409314 3.968698859275709 3.881828879057751 3.97269615339196 3.887476301062487 3.994047931126673 3.958266794334708 4.058148409514675 4.032237346407727 4.026337652277149 4.088539701272425 4.01751952191269 4.106610821102079 3.9702181143009 4.031513663258997 3.959041094361071
2.833711516152836 2.797242255951765 2.843816330666033 2.864882748811949 2.866076360426995 2.865345741599337 2.856524626711865 2.866588196082366 2.898226637681789 2.901221080366246 2.921276384559893 2.916477088470186 2.902964524054672 2.883295942925194 2.850589729135981 2.849912185676921 2.860336844798153 2.826555283126819 2.820580231524529 2.787313360181297 2.797700894896468 2.73630067900374 2.736933866352832 2.818800365642117 2.744652057599594 2.771018079991534 2.730003337848908 2.774721967216744 2.813723684160367 2.794533819192462 2.908864609015183 2.903385021684424 2.98384095144438 2.973556441657945 2.961621644545949 2.968719060460354 2.922876047504244 3.057814662986816 2.990901273385392 3.018128957552813 2.960346176644507 2.927844364245814 2.968768433261944 2.923687208338131 3.037019777512235 2.950189413996918 3.069068304935121 3.022236900412851 3.109487550276726 3.066491053357994 3.116791397281125 3.061190550194702 3.071186474678128
2.174171808049366 2.185607063844382 2.251277309778636 2.219784964017425 2.322687187875637 2.382190545678509 2.361125808958646 2.405667268755543 2.408209777549851 2.413006732194936 2.393246205477785 2.418001055152235 2.382809867055028 2.340188540854841 2.34946753285353 2.310834523725196 2.310072984349524 2.285564210964104 2.242063530773694 2.227935779299997 2.190121443388795 2.156010681380011 2.171190782297856 2.116676827710279 2.142717318742284 2.091289642567432 2.099641207928537 2.107350660497912 2.06274383622769 2.069080098405186 2.045135742260284 2.02809413322313 2.025595504769442 2.011573627278695 1.991980081784251 1.975902446578939 1.966906592264315 1.948516059820356 1.957415724988513 1.977870030381538 1.949483656419345 2.02088913476281 1.956776547815696 2.020340312763424 1.995596394564274 1.954997314807371 2.019229283152908 1.885669155040795 1.957470632449131 1.92837321428499 1.956884369850952 1.972966242138526 1.928914114087916
1.493349647965432 1.515454371071429 1.468759887223666 1.513444826183656 1.555669868384203 1.54950202194357 1.506834766608642 1.478815594682048 1.520882434067355 1.55851827560328 1.551272994987702 1.569202288247541 1.586936047441907 1.575662574607861 1.580239200298392 1.57496913412199 1.529025043150486 1.492273053432431 1.506584539925947 1.472729267970357 1.46626960800191 1.462965846938855 1.450197381961981 1.431421532978107 1.440042276856943 1.407406995601609 1.345767194680906 1.334283003532789 1.346302186971221 1.295707990361149 1.273737779020262 1.259771067224641 1.2605651426491 1.236927880962717 1.21136764419094 1.290978604628304 1.243736460916914 1.209322848868312 1.197873267333206 1.218282131146103 1.18681007507384 1.141523361022521 1.121400842988842 1.118203748494131 1.080128361503257 1.087957972222986 1.090117544038353 1.090756439602994 1.114980327697217 1.093863443560039 1.073747144326606 1.092254330200239 1.070996451005364
