benchmarks/avaHockeyChannelPytest/Outputs/com1DFA/peakFiles/release1HS_0dcd58fc86_ent_dfa_ppr.asc
ncols 1001
nrows 401
xllcenter 1000.00
yllcenter -5000.00
cellsize 5.00
noDataValue nan
[rows 184 to 206 of 401, columns 0 to 52 of 1001]
0 0 0 0 0 0 0 0 0 0 0 0 0 0 0 0 0 0 0 0 7.038187771793841 13.58106133652561 18.6555255645736 21.50161971361177 24.66689403664287 28.81804575108475 33.05602967364908 37.2798282379934 40.93166538074105 44.40473235517086 47.72883041496703 50.55947200095845 53.33207127873044 55.83647571572284 58.26612982417783 60.86096908409652 63.40622003369558 65.75187098254855 68.0752289152524 70.36032518467728 72.57960644219585 74.705894178607 76.70018591287571 78.51953544391506 80.25040300396019 82.05028987525547 83.72967029127598 85.2965976636853 86.74531211035192 87.99535201342439 89.27160369607179 90.55954190110245 91.72433188721833
0 0 0 0 0 0 0 0 0 0 0 0 0 0 0 0 0 0 0 0 4.823400027892098 12.04635891568931 18.51504136341901 23.63744788942976 27.0689809761503 29.2821803342761 33.2243091544775 37.14629882973568 40.73799228833024 44.13892173412187 47.44920259982518 50.15130755244687 52.91468825708053 55.31842885260907 57.76730965317294 60.9186022642752 63.85164794832989 66.47875337979958 68.9016729382307 71.12852955087949 73.27159816211136 75.25320085584367 77.23335937065819 79.13089209429921 80.93489341504419 82.55559694899922 83.99667329902715 85.47086355585563 87.05033010276549 88.51546552273476 89.91980064931886 91.26100499707535 92.49411402489629
0 0 0 0 0 0 0 0 0 0 0 0 0 0 0 0 0 0 0 0 6.450721348914479 14.09792635458901 19.32549158877894 23.93163965454525 26.728548516807 29.67470157125407 33.0865122987339 36.82081531431557 40.23283809825635 43.85287401014632 47.07104767322728 50.03597161965799 52.91230632516478 55.59031510336688 58.02870289596776 60.93307524681266 63.86142091607206 66.52824109609602 68.96646006038128 71.14750272836847 73.21908164053082 75.22586551213607 77.14541294970584 78.93357533664779 80.89444488491679 82.80634889757594 84.58505770431121 86.23342931401992 87.80030576188608 89.34785924522825 90.83352259793463 92.20659323251195 93.45643858303718
0 0 0 0 0 0 0 0 0 0 0 0 0 0 0 0 0 0 0 0 6.450721348914479 14.09792635458901 19.32549158877894 23.93163965454525 26.56964845992319 29.40200551568364 33.51408046192221 37.18464272238734 40.88086444580524 44.02839470445259 47.05930540257266 50.1176121620141 53.02007948632714 55.84760520484238 58.75283024199172 61.49829543655216 64.23147005359652 66.91369128583203 69.27231316579716 71.39422132385576 73.33461954482536 75.13231139051267 77.12836901264687 79.11375730486476 80.99162508325938 82.80322300110436 84.54278254013269 86.19599830027799 87.81175792789863 89.36541822972768 90.79085267372257 92.16293095290204 93.47653919036921
0 0 0 0 0 0 0 0 0 0 0 0 0 0 0 0 0 0 0 0 5.851076112729604 13.48447631460751 18.94043710417747 23.71485020023172 26.62558909859998 29.15560908355617 33.41338600593156 37.11316712648637 40.71960155482046 44.14835236552504 47.55495344257234 50.54684555842659 53.41551045123778 56.29855813742287 59.03673574546413 61.58141960648408 64.13584587651746 66.67947631641995 69.012902568562 71.14590405761783 73.14262306159335 75.01304791804114 76.91618000822656 78.97548387227346 80.9847742804975 82.91741081366014 84.72561105914522 86.41881385720585 88.00853705935694 89.5322310216268 90.97123237884811 92.34402681866207 93.70365117148243
0 0 0 0 0 0 0 0 0 0 0 0 0 0 0 0 0 0 0 0 4.649964358651624 12.21642647490982 18.77846715250174 23.14584127098968 26.90292091782926 29.21955121096919 33.43756676984322 37.34082311716836 40.86680172292635 43.9657867636047 46.99774015028288 49.80856550252852 52.87554069712051 55.80868981635446 58.72585253980508 61.22936217044123 63.83920379178193 66.39077025628647 68.77700856416948 70.97462188542549 73.07952262020521 75.04294668899391 76.94628349819789 78.94831718678512 80.89943141153947 82.71381697239279 84.3808243807007 86.06607892501273 87.74308225874221 89.29923489961733 90.75678719931116 92.03560604963567 93.31209498960612
0 0 0 0 0 0 0 0 0 0 0 0 0 0 0 0 0 0 0 0 6.812416415789027 13.66273401665423 19.25412575023371 22.11334616426191 24.87840316282685 29.2950270694135 33.66895886537267 37.49196883539913 40.85553109564387 44.03572048213289 47.01955208689635 49.76792040792117 52.59342975749022 55.52187595678245 58.22084073747431 60.6403644769948 63.28802182877143 65.89281738247558 68.41660982451864 70.79456207830403 73.02114301384175 75.09841474578288 77.10631199262542 78.99632554243509 80.74619812271294 82.36176892062852 83.95803735852836 85.52098913103558 87.07193432064884 88.51047731098755 89.85367583954697 91.16943598255484 92.46423482328181
0 0 0 0 0 0 0 0 0 0 0 0 0 0 0 0 0 0 0 0 6.812416415789027 13.66273401665423 19.25412575023371 22.04260679411078 24.34435583573318 28.82875930176401 33.2499879289409 37.08827681630385 40.42257946364953 43.74267439285649 46.91201518949757 49.72732552519625 52.26885706514928 54.91269854788599 57.92046282887281 60.61196082024432 63.3559849439947 65.91220853004043 68.38150233695964 70.72017127202999 72.96093432998741 75.00359602586592 76.88889169565581 78.72279566414949 80.51091544939372 82.18023563274744 83.76070381093439 85.24826834906035 86.65036755692388 87.95723411969614 89.35735833196996 90.6868154259092 92.00610651647538
0 0 0 0 0 0 0 0 0 0 0 0 0 0 0 0 0 0 0 0 7.081848515080796 13.32377033185931 18.30662733030536 20.87576155234963 23.83878183535457 28.0700773180858 32.2185237199264 36.00325693698061 39.37156498090762 42.89596837086273 46.31553508574697 49.61855219013864 52.66201944544792 55.73192401698842 58.65231508582868 61.43077584678257 64.07774620024736 66.4990087749229 68.76724602243746 70.90757279447081 72.96633162697749 74.87140000223717 76.77556509684888 78.6582747771855 80.48065197323892 82.16515188338754 83.6950199539815 85.1875308807231 86.62509080631729 88.10586497720072 89.50835611891442 90.76068421480063 92.01070188135006
0 0 0 0 0 0 0 0 0 0 0 0 0 0 0 0 0 0 0 0 7.215537818826456 13.57160198426747 18.30662733030536 20.87576155234963 23.59808994538497 27.92477563532569 31.87181995733237 36.0239526414014 39.73878765132535 43.18137988775296 46.40248118235287 49.64999600569124 52.91045812181506 55.98275593274917 58.95484766549965 61.70945652417707 64.22562070648975 66.45749188180199 68.60993261778469 70.57510661941461 72.66105166264893 74.61153184728973 76.46791921632592 78.20997914897193 79.84802638656789 81.40537595952026 83.06574080081988 84.74866987288821 86.46257896647235 88.05599646302073 89.46822125613788 90.83013000973085 92.1177740052063
0 0 0 0 0 0 0 0 0 0 0 0 0 0 0 0 0 0 0 0 7.496129288498901 13.69813650549849 17.92834275526927 20.90270179793637 23.31935148629119 27.52727073372497 31.68036419197842 35.77169702293811 39.49559543201663 43.11777281297232 46.68441936911768 49.98495202331219 53.1248784361006 56.16082064021629 59.19508494552691 61.94927706061638 64.52136362123997 66.85359822326639 69.08168715484942 71.06229917647619 72.95320956782336 74.77727472834223 76.47731109277692 78.13962179830965 79.75850104073349 81.32386263053064 83.03888021915937 84.82622627484791 86.57043704083591 88.21258893748804 89.76874759806259 91.20055717453454 92.49299527698405
0 0 0 0 0 0 0 0 0 0 0 0 0 0 0 0 0 0 0 0 6.282062359187162 13.23172692658762 17.57645746823446 20.88321684172766 22.55364596381528 26.77769199595864 31.3108542013893 35.53557192941388 39.59367475232493 43.42581575288278 46.94375123717038 50.15523816254842 53.3585151922271 56.41551690839635 59.36546485911735 62.10691709273507 64.67078985417879 67.04852075693306 69.19876285382276 71.21344424196472 73.00420593074573 74.69955724801767 76.42788557390972 78.16619251257841 79.84210297675023 81.47048200996208 83.22827740809545 84.94547968042342 86.61190750230287 88.16986962393119 89.68614902547222 91.22341307453932 92.65644006799791
0 0 0 0 0 0 0 0 0 0 0 0 0 0 0 0 0 0 0 0 6.2958274623383 13.25925989161715 17.74031358567516 21.07174912459364 23.05847752382526 26.95744280415948 31.22996074894922 35.73931778743355 39.87870187656198 43.8844125150362 47.52813194301093 50.77698404046577 53.74897607187214 56.61163570975653 59.43664814472116 62.07826944576794 64.57005726993287 66.82038484959608 68.92864017931672 70.89823966916423 72.81436454068042 74.74410784591225 76.56725778561947 78.12417640303946 79.55903787459057 81.0894055457692 82.88185196192414 84.60915766989818 86.32920662100001 88.03494366190066 89.60983293114923 91.15924838420526 92.63289561735792
0 0 0 0 0 0 0 0 0 0 0 0 0 0 0 0 0 0 0 0 7.367634926156326 13.79116282046355 18.19658430857771 21.48898739483321 23.9420913635932 27.69242308946052 31.60040687373618 35.54932401840203 39.5318334147862 43.44085825344379 46.95223107039941 50.17657304556174 53.13140671655423 56.02950923997684 58.89280629246952 61.60365077684858 64.05643114720448 66.38974108118832 68.66597006505515 70.82722136920897 72.81246366833598 74.6567305601198 76.47870278046742 78.11137841281904 79.63412879402327 81.04358503715494 82.97436751382737 84.82566782173363 86.60761091240992 88.24570805707934 89.77383547299961 91.21338927038933 92.48892544258383
0 0 0 0 0 0 0 0 0 0 0 0 0 0 0 0 0 0 0 0 7.367634926156326 13.79116282046355 18.19658430857771 21.48898739483321 23.87781010438118 28.29769773008372 32.48638757970581 36.4645781524248 40.26927800773351 43.66669616375449 46.9333670542073 49.90677280848101 52.80169251689881 55.90893552387583 58.90529353298091 61.66822540993829 64.18762364591892 66.63061410709447 68.95873528586938 71.12260029993038 73.14025760093125 74.95671392342506 76.64558696568429 78.25103579655737 79.75700028050153 81.0737496375411 82.5927584412406 84.32710686839704 85.95694533448267 87.50727378209888 89.04257010818426 90.53415407440025 91.89496512576341
0 0 0 0 0 0 0 0 0 0 0 0 0 0 0 0 0 0 0 0 6.136174537643249 12.65726367825308 18.66605268912748 22.662721009898 25.36538265630558 28.5519833910665 33.08327396746381 36.92121661954664 40.5494099054476 43.93034579540526 47.15393397895975 50.13655301863343 52.96063580446418 55.958622372524 58.97206077448492 61.75441611632925 64.30721311259668 66.77406306909066 69.1421658988689 71.34120052829915 73.35944508165805 75.26300923606776 76.95970211952323 78.56403796740524 80.03598112717854 81.47276480751476 82.82742568341263 84.28054720699208 85.93880106701394 87.53591797137132 88.95242086420282 90.32659239715993 91.56903966156014
0 0 0 0 0 0 0 0 0 0 0 0 0 0 0 0 0 0 0 0 6.552097014491815 13.71474934801404 18.18519794672106 21.46984084330563 23.89629379913027 28.08846641227654 32.3210638717747 36.15110649302239 39.9155713788353 43.4131666353832 46.87469121482372 50.24512289566602 53.42280697476955 56.4053011005411 59.26450594057656 61.82788425810441 64.18015170768156 66.6199937625582 68.96400947519173 71.11645717045006 73.24574381182488 75.23701037118136 77.18249302563999 78.91784617829391 80.50921950063332 81.99307759547355 83.49909969489123 84.88877656170494 86.1910796150197 87.53204982833299 88.83146601614574 90.03247482982644 91.2030467448664
0 0 0 0 0 0 0 0 0 0 0 0 0 0 0 0 0 0 0 0 7.24170216595922 13.62507902640067 18.52064113287386 21.23511951277141 23.32383212593997 27.65398792653586 31.51601415589574 35.50302633978803 39.58898636859402 43.37880976975515 46.89089509824177 50.36368037703242 53.62088719888518 56.59529779531432 59.30754933462686 61.76092521271227 64.19371448002371 66.64792290539637 69.01831259955409 71.31886818986294 73.42551275515619 75.36069292778485 77.16004081709256 78.85030240364388 80.49353947013023 82.03711717148829 83.47017149808858 84.81745702921606 86.18203360034079 87.53805347378112 88.79729521202802 89.94038082482092 91.09527922891775
0 0 0 0 0 0 0 0 0 0 0 0 0 0 0 0 0 0 0 0 7.24170216595922 13.57413852278483 18.52064113287385 21.23511951277141 24.15600762759326 28.06435670242554 32.03535931444415 36.04079693657203 39.73440881671475 43.43301908549348 47.02468203341704 50.61534371866363 53.85000526212692 56.70907802561664 59.30042632485768 61.60514548891843 64.04715384140397 66.58930827524608 68.90402388952845 71.19676360383657 73.33600935529836 75.31652613326264 77.12869348522706 78.79959861199814 80.34145744646295 81.94059610739923 83.46299866295799 84.81157409633657 86.01843755308435 87.15135951680033 88.22429311223024 89.31253331887389 90.66306133483612
0 0 0 0 0 0 0 0 0 0 0 0 0 0 0 0 0 0 0 0 3.742632343147671 11.79588044640932 18.27331241950523 22.53921746598736 26.36402824548043 28.62420708510616 33.0425017934438 37.01465818272792 40.60739117444176 43.93828001594101 47.13138380320112 50.40204252108557 53.68644293345417 56.6851676973733 59.43081627278815 62.05596300497554 64.47697810005113 66.78543114998459 68.89367541246403 70.96913653272324 73.10558751293814 75.12516256390265 76.96648922047511 78.69143546602275 80.27642499631288 81.97485228337813 83.50357902898611 84.93357801360581 86.22679673738823 87.41700701476802 88.49830842052341 89.48564660303688 90.49586378387771
0 0 0 0 0 0 0 0 0 0 0 0 0 0 0 0 0 0 0 0 4.657199878124805 12.24323734132066 18.81112866337316 23.00903867674261 26.80987105130929 28.91643139007218 33.23443752868087 37.24961203226895 40.81865529396615 43.96634583228558 46.90478797536514 49.80436937223697 52.9669674208082 56.11003730855904 59.20172015881273 62.01565043864598 64.54373625429083 66.9157255666933 69.19446324264381 71.40129469850508 73.50906594736411 75.42851309666072 77.23982957108572 79.02031751268737 80.67533579260663 82.1671522243075 83.67099883252466 85.09653353020929 86.40162024784338 87.55063178009443 88.62694899828455 89.85580076760304 91.01865452671954
0 0 0 0 0 0 0 0 0 0 0 0 0 0 0 0 0 0 0 0 7.36248107713545 14.25816418388226 19.18859106578218 23.08494983128176 25.29828417652709 29.06269347788223 33.3305517258319 37.07071212714929 40.32269429152126 43.43579532734817 46.23829783950336 49.33665936145916 52.50257170713608 55.65023421588529 58.70497861250068 61.63996364508413 64.38364040150636 66.91445466838449 69.24637780525521 71.40027913023988 73.52626669195816 75.58959395423221 77.54102435257808 79.35727405938134 81.00358029142322 82.57100763338914 83.9868645049828 85.29303731220099 86.49970462997518 87.60938461562182 88.67629812143588 89.73844190148357 90.87037045493904
0 0 0 0 0 0 0 0 0 0 0 0 0 0 0 0 0 0 0 0 7.362481077135448 14.25816418388226 19.20802366639149 23.09030233034324 25.29828417652709 29.1995341212264 33.19352485427294 36.99314626520678 40.25557498755576 43.19050198010223 46.08323150803835 49.29012479886833 52.51319863040769 55.76374383505819 58.81258139104508 61.69673825363009 64.4146418693382 66.91805499307775 69.21010339273755 71.22018603192733 73.25182137167106 75.29054852420428 77.26063350634706 79.07203781380252 80.77312049338664 82.34479816558667 83.85730892927202 85.28251741773776 86.60535186965129 87.84329989259065 89.05361996160919 90.19044406108198 91.26362679482149
