benchmarks/avaHockeyChannelPytest/Outputs/com1DFA/peakFiles/release1HS_0dcd58fc86_ent_dfa_ppr.asc
ncols 1001
nrows 401
xllcenter 1000.00
yllcenter -5000.00
cellsize 5.00
noDataValue nan
[rows 184 to 206 of 401, columns 371 to 423 of 1001]
0 0 0 0 0 0 0 0 0 0 0 0 0 0 0 0 0 0 0 0 0 0 0 0 0 0 0 0 0 0 0 0 0 0 0 0 0 0 0 0 0 0 0 0 0 0 0 0 0 0 0 0 0
0 0 0 0 0 0 0 0 0 0 0 0 0 0 0 0 0 0 0 0 0 0 0 0 0 0 0 0 0 0 0 0 0 0 0 0 0 0 0 0 0 0 0 0 0 0 0 0 0 0 0 0 0
0 0 0 0 0 0 0 0 0 0 0 0 0 0 0 0 0 0 0 0 0 0 0 0 0 0 0 0 0 0 0 0 0 0 0 0 0 0 0 0 0 0 0 0 0 0 0 0 0 0 0 0 0
0 0 0 0 0 0 0 0 0 0 0 0 0 0 0 0 0 0 0 0 0 0 0 0 0 0 0 0 0 0 0 0 0 0 0 0 0 0 0 0 0 0 0 0 0 0 0 0 0 0 0 0 0
0 0 0 0 0 0 0 0 0 0 0 0 0 0 0 0 0 0 0 0 0 0 0 0 0 0 0 0 0 0 0 0 0 0 0 0 0 0 0 0 0 0 0 0 0 0 0 0 0 0 0 0 0
0 0 0 0 0 0 0 0 0 0 0 0 0 0 0 0 0 0 0 0 0 0 0 0 0 0 0 0 0 0 0 0 0 0 0 0 0 0 0 0 0 0 0 0 0 0 0 0 0 0 0 0 0
0 0 0 0 0 0 0 0 0 0 0 0 0 0 0 0 0 0 0 0 0 0 0 0 0 0 0 0 0 0 0 0 0 0 0 0 0 0 0 0 0 0 0 0 0 0 0 0 0 0 0 0 0
0 0 0 0 0 0 0 0 0 0 0 0 0 0 0 0 0 0 0 0 0 0 0 0 0 0 0 0 0 0 0 0 0 0 0 0 0 0 0 0 0 0 0 0 0 0 0 0 0 0 0 0 0
241.7896967460653 234.1209259628302 231.5254265753688 225.7599762271836 232.7208934920438 242.2717628681737 238.9732449361039 243.3220509582776 242.672672785187 238.0983841390336 239.3390960491145 229.2581191484431 222.0147878325167 232.3146234179906 241.5710534413692 238.5774323913749 234.1549703133758 242.2820656320542 236.0868896234217 231.4626803227069 246.5598669746491 236.0109957843893 242.6724944219962 249.660354790128 244.9436117060352 238.6776067074187 226.9590117618067 248.3102421820147 243.7214151678479 248.594565550572 245.7212611490936 235.1713655834257 226.5489324275771 260.9134233759648 255.6293152793631 248.6134573793935 257.8256687016067 250.3159320925809 272.2189150607109 262.5977258283048 254.6485691106712 247.9564716316436 250.1115751867502 250.1247346464324 265.6922545655172 254.3070576620732 274.4902481628699 272.8009467344727 266.287412416195 255.5756754928182 269.7743193891116 279.3606949656433 270.4573819020637
302.954739819168 306.4316871084379 300.8387469508056 303.969750602357 315.8766997804261 301.0879914871327 310.973876168884 314.1539436639205 305.8481816002039 305.9667680517191 315.8810632184689 313.6570109747107 308.5800960724771 303.9299432477713 315.4632949794673 311.7261899605847 308.8243094532158 306.7700893352124 307.4145096809491 321.4873726326193 323.0789768056415 316.8817130111208 314.1968002202617 310.4547001051671 330.1244793802008 324.1116170115417 321.4296132807106 316.0429142193643 315.6944134662098 330.6277753915256 328.4384365580681 322.6240193321698 318.9496712821365 315.4468797795541 311.5710600338375 332.5745918007152 313.4139335015388 335.1134465032394 336.3528724963999 334.354121872491 325.9773811044942 322.2112492026658 338.1771756528637 327.7337698347752 331.6002372215852 327.8160446334475 329.0237937502022 337.2853545006086 339.7389901757426 330.9384404630277 330.2348668531623 323.6576411349674 321.9850566049758
320.5281980941176 322.0736208980295 324.0905091685232 325.2840170164744 326.3091474400806 327.3954395963337 329.7606191247479 330.8648416749995 333.6647521476071 333.9925393884795 331.3818318827705 331.4940029986944 331.7713972203673 333.933612457741 333.5153773435308 334.6298624134134 333.817437361943 337.5260693410293 340.519144420132 342.2244717873602 339.491025876414 337.9105713568546 338.6065543874922 340.1589794619182 342.5145415939458 342.0423736918575 344.742670129395 341.723062228395 341.0426479531582 340.9973006138698 345.7746640194978 347.1708793338334 348.0883041674015 348.0457657880564 349.3924041802163 351.4548453385093 352.6336190034351 353.9974286144378 349.4092024498103 350.5064770970023 350.1077812144026 350.448758523513 350.5563503062297 353.9529837114622 352.7633154354401 354.5589966388512 358.2799258564871 360.2987318195774 356.2133120977518 357.2109866825114 355.4280895754528 356.5538007941505 357.1795782019811
327.6855346328966 328.1132809815417 330.9472499579106 332.1217001212075 333.2284032166546 335.7785825446039 338.9875381236473 339.3951563154123 338.4632702500376 338.2242638254465 336.4070468537016 338.3468590571006 339.1445065200818 338.6839507512473 339.1410890586978 338.5604666043162 337.8611802889363 340.7016205514983 342.7003954636256 343.0033703216923 343.1636506628149 343.7657487529307 341.8676922758931 343.2086586881675 344.2817041197123 343.7117422706722 344.0615286869408 344.7703773564947 344.9517228303587 345.6264555376447 346.4692704057578 346.126027626391 346.8936127728292 349.8577188834561 352.194952729238 352.9712611148187 353.5056840026504 353.4381830445092 350.7129936153998 351.7209808363091 350.4861534108761 350.2576943533109 352.1264635188763 354.2649302255816 355.0124884758766 355.9928119133447 358.2664215063872 358.2578102973117 356.4374683417321 356.8161707732809 355.9796474199162 356.5964771982983 358.2751124553404
351.2202772049836 345.5190297738711 337.8466090969433 333.5898151261208 335.0463418879708 337.6058059244327 339.2415864784562 339.147426755331 339.8097718668961 338.5375219342689 339.2171370804503 339.8740120868898 339.4324543999821 340.7171067313445 340.6604967533036 339.6311780700853 341.0072393770917 342.635288283772 343.565433846108 343.8172694894162 344.7381802379866 343.2329846732098 343.6899369493595 343.653581732009 343.1132559098251 344.2944997029161 344.7893018396672 344.3382229778876 345.3134604910426 346.5282837166332 345.9151718309751 346.3835525208198 348.0366453079003 349.6904414700927 350.1271976799569 351.7532340651984 352.0126763802477 350.8282412225962 351.1979589890618 350.2911753094946 349.9486061510785 350.6988714827021 351.5185939033806 351.5298227950515 353.0589936260818 354.4644422020881 354.6236346091471 354.6748444340926 355.0738526935639 353.7131248943483 354.5219670774131 355.3145110255606 355.2997260996378
398.9892460316224 381.1121120289313 379.4034746977453 381.3818585188436 364.4975152824857 365.9020866304792 363.2222209097689 352.5144635371482 348.5850667037722 341.9170324560881 342.7168901671004 348.9098651752342 343.1676185613778 343.9985260154412 344.043398516049 344.0306210801365 344.8199469066343 345.6154851983864 345.7200371921687 346.8438847404324 347.0697275063534 346.6836067958906 347.1213933954804 347.0993877415758 347.0605738059202 347.7668969852178 347.7527639422326 347.5920394765871 348.4574484034211 349.0294826932589 348.5742624388332 349.5377840849979 350.3400563603458 350.8519085233244 351.6153839405321 352.7676461538169 352.7614814127753 352.8723129918265 353.0592621363162 352.246554153017 352.7355347719206 353.007404762193 353.0104576696737 353.5087071446361 354.5567469527354 355.0196153744928 354.937990340698 355.7998125602321 355.8315064387123 355.5824860656694 356.161454304266 356.3173263498695 356.0310504688352
406.558056741316 407.2413678928589 396.0132300607112 392.3904703010822 391.8747642148621 381.1489776545643 379.4100664498808 377.7003628627544 384.3884068243551 365.6553381451974 370.1794494136891 353.8753497316979 352.6931441098251 355.3360995874671 350.187877116139 350.2103601662029 350.8722629563457 351.3383118226573 351.368199090484 352.2395765701664 352.6467659468479 352.4714702713167 353.1278563525161 353.3073655501037 353.1777464112608 353.6874362036507 353.6953793697504 353.608725888416 354.1451853450231 354.4837648508823 354.3452413449394 355.0683985390702 355.5810026549259 355.7291892220504 356.3580073359643 357.0895054711508 357.1910048077622 357.5372780947762 357.7770604058572 357.3092461906996 357.8340552556751 358.0105815626372 357.865146271853 358.3557676582719 358.8765153001955 359.1802800649207 359.3247152699964 359.9660928116623 360.1576754306017 360.1313172793932 360.6456418877109 360.6990063120604 360.6382772156526
420.6313208367969 416.2563638251922 414.8183225277674 406.5377472528663 401.4795518150792 399.919757748709 391.64130298166 386.8317938443754 384.7832509129908 376.1234765147395 372.5658558836953 371.5070993395183 360.8988748037053 359.0518283363102 355.6940114520893 355.7028914802966 356.2160198004409 356.6846603565288 356.7413224184389 357.3106401121528 357.8014524811159 357.7692817820645 358.231401930476 358.5292808360374 358.3824996054561 358.8404755458699 359.0761902625465 358.9171245247406 359.3762682177418 359.7300212934987 359.7766605283733 360.1159530971894 360.5636493953749 360.6890118700534 360.954472174982 361.5123951928722 361.6629597469773 361.8348060411789 362.2659309667915 362.2810355052746 362.4223257391657 362.8679341813781 363.0394006995758 363.0664993086667 363.651133228931 363.9733598650022 363.8395362244499 364.477769169492 364.7808250111378 364.5779782133378 365.1145212488469 365.3630552180853 365.1968973113533
427.8234339535426 423.0776108986539 418.1902516494195 413.212762332039 408.2951184942116 403.4608412681897 398.1844872640097 393.1147949500669 388.6464787659361 382.814691978279 377.8917990319626 373.3443083796253 367.1606335791676 363.1595675205797 357.5980242702017 357.8116468149422 358.1416393590619 358.736831045702 358.9357296616117 359.3080178281085 359.843753994252 359.9465033061467 360.2739175112475 360.661801434875 360.6449373915725 360.9414574865755 361.2990713190779 361.3447982144248 361.5465527744042 361.9724885707603 362.085989104558 362.2027657000477 362.7053831943775 362.8932877157126 362.9478074945408 363.5278922796484 363.7694656765692 363.7395087784136 364.3360042292099 364.5670349150583 364.4785493577241 365.0675845655903 365.3236964291897 365.1694542420119 365.7617850684158 366.0593075234848 365.9278931361703 366.433820237915 366.7627687306196 366.73699029873 367.0959695775218 367.4660796839041 367.4862132153151
420.6824855174272 415.8368762085674 414.3289282554409 406.011097948695 401.744668025207 400.8388909933001 391.9123436002996 387.3911658713319 386.7657724779669 376.6394175426499 373.2090781389645 367.2808827458807 361.8883249527451 360.1665711570411 355.1955227471176 355.4056056742652 355.9511724079284 356.6542794206866 356.9290974219851 357.3854821721281 357.962818887562 357.9574464330819 358.4154057437623 358.7010593725466 358.4612304840639 358.9879358837453 359.2652267412912 359.2111159083428 359.6423344321293 360.0143913405545 359.9982898843003 360.312343380234 360.761416087162 360.8860377708155 361.0972212671313 361.6176048688275 361.7661601073859 361.8759804449475 362.4337179214813 362.6516513958982 362.6681289336381 363.2154976985328 363.4180707044245 363.3883821257376 363.970650652185 364.20740878316 364.0625944679894 364.5905724940515 364.8211429464542 364.6648280519111 365.293211995497 365.6301912141286 365.5745010915693
407.7346819052827 408.3696765298964 406.9032336601066 393.7889025675283 393.106026886598 382.1635482780673 379.5285263052318 379.0691621352688 368.3032842047522 366.4044383931428 364.7012714964182 354.6235652212992 352.9586699694487 349.1918725232241 349.7351684057786 349.7819392649431 350.8382407434187 351.5251423102675 351.5996025059794 352.4753725179138 352.8208661976163 352.7734550596304 353.3293911370809 353.2469859420433 353.2384179836836 353.6091274133577 353.7432110742651 353.7634121431878 354.374668935857 354.6615751235866 354.4783056758484 355.1824252518302 355.5705036973896 355.514021156179 356.0835015113398 356.4868969859934 356.4033148353823 356.927913537597 357.4988135331058 357.6405707903053 357.9233214797827 358.3558468989123 358.3900993372398 358.6942652655313 359.2168435721114 359.3397826429579 359.4369967187224 359.9119983547637 360.0722213719362 360.1388755595754 360.8006116865154 361.1552536843391 360.9795512288113
395.2502160432298 381.287429836826 380.7150679241379 376.6317000426116 367.579001044924 361.7816303240978 373.4531863227119 351.7653673235328 358.1920052217417 340.0300356129068 341.502239455575 342.400034358485 342.2132294291229 343.2941071646114 343.8631631360813 344.0612297417404 345.6300788459642 346.7872817827225 346.832693517646 347.6754538248264 347.6244441730453 347.5013726486445 348.0307212548667 347.6654211642322 347.5657060834315 348.0263101363037 348.2076725399161 348.0025437489739 348.6842672596279 348.8801607291094 348.6496362003222 349.5845978588149 350.2478607345614 349.9014220065148 350.5008863929617 351.0171629271409 351.0294655244538 351.7851978726508 352.7446801850243 352.7802086387809 353.101278512951 353.7756150075991 353.9568007514758 354.1779473805135 355.0003288181496 355.0986125292166 355.11032469603 355.9769284865805 356.1466219972923 356.029323761373 357.001748067053 357.5553370411198 357.0738276812759
346.1286319077547 340.8187249345897 356.6975269127178 332.923364521915 339.8800007335498 332.1423505305494 331.9870131265372 333.1325581373536 334.8242128045712 336.4564152705369 337.6378942892688 339.7270322587661 339.6932952342867 340.2997795269457 341.7099122078425 342.5892619880863 343.5688482989852 346.1307424061119 346.8375323167179 346.1146990905244 346.2163025357501 344.7227125856643 345.3957194703337 345.0720652504419 343.9387733597001 345.2010737920156 346.2672271159566 345.945685859131 345.996775198695 346.5881249499272 346.3662592677898 347.044871936504 348.2897727583444 347.9730599006123 347.5831146834269 348.7676496672917 349.3945237019446 349.1656231554918 350.7856234004878 351.0969608709786 350.1440270200791 351.7524028808316 352.8632598877124 352.6285920060049 353.8806977496847 355.0393110814795 354.8186841292202 355.5733565817844 356.8402197456661 356.7506633202042 356.7797728432224 357.8762844209748 357.4450272680552
334.150536062628 334.4047912549436 333.6382186256336 333.7118398264492 330.9221419985449 330.7560752353763 329.2133552444034 330.0823996692421 332.5335549402994 335.0330851365096 336.6909689878715 337.916460244523 339.6399978594793 339.4144303953411 340.7015213341004 343.0488801290963 344.4586451696418 344.9982453924761 347.8048930867622 348.4775043077905 346.5508458185415 347.2289309864692 345.0092289671176 345.1017381135407 344.382459434239 343.6265248555075 345.4305287099463 346.8351937695211 346.0054341621652 345.9757034054994 347.5794141508202 347.740857266441 348.0372425264904 349.2335298616299 348.7696978429888 348.7725669469041 351.1389196547607 351.6860465635456 350.862178963136 352.2304259805375 352.1456229290476 351.1253430080484 353.6803124081189 355.1601474485383 355.746119402134 356.3101841968248 358.3111144757474 359.3019708178304 359.2298343249456 361.037327420984 361.7728005594396 359.8479566477156 361.349850525905
330.12733657911 331.0439791618567 337.1077444100764 331.072033418642 332.9362068822873 329.3903567006536 331.7560771234355 330.1504907864066 331.8854325368972 334.0653569424064 332.4478879172778 334.8546590590511 337.7567773784147 337.7356983946922 340.80580050889 341.9446799979715 343.5473445919484 345.4693037800879 342.475072076597 344.0230127485872 341.9948777597894 345.0888351521418 344.2315532779934 343.5736255918697 343.9459142893378 341.2846397883984 341.4504301575051 340.2394795567524 349.7300668516341 342.1650636770502 347.1759605003679 348.1849696340515 350.1151710067483 352.9764670310453 352.5307755659775 352.3867316791249 350.5584127148366 352.627221786269 352.9773533797051 355.8145648082316 354.425598070605 351.5873544865852 354.69032231249 356.3423495724466 357.7633364577536 356.4913556650949 359.1063591629688 360.0817863260837 360.7546778351347 363.6812180498056 366.6799553057168 366.0220358334657 365.1313725111709
