benchmarks/avaHockeyChannelPytest/Outputs/com1DFA/peakFiles/release1HS_0dcd58fc86_ent_dfa_ppr.asc
ncols 1001
nrows 401
xllcenter 1000.00
yllcenter -5000.00
cellsize 5.00
noDataValue nan
[rows 184 to 206 of 401, columns 477 to 529 of 1001]
0 0 0 0 0 0 0 0 0 0 0 0 0 0 0 0 0 0 0 0 0 0 0 0 0 0 0 0 0 0 0 0 0 0 0 0 0 0 0 0 0 0 0 0 0 0 0 0 0 0 0 0 0
0 0 0 0 0 0 0 0 0 0 0 0 0 0 0 0 0 0 0 0 0 0 0 0 0 0 0 0 0 0 0 0 0 0 0 0 0 0 0 0 0 0 0 0 0 0 0 0 0 0 0 0 0
0 0 0 0 0 0 0 0 0 0 0 0 0 0 0 0 0 0 0 0 0 0 0 0 0 0 0 0 0 0 0 0 0 0 0 0 0 0 0 0 0 0 0 0 0 0 0 0 0 0 0 0 0
0 0 0 0 0 0 0 0 0 0 0 0 0 0 0 0 0 0 0 0 0 0 0 0 0 0 0 0 0 0 0 0 0 0 0 0 0 0 0 0 0 0 0 0 0 0 0 0 0 0 0 0 0
0 0 0 0 0 0 0 0 0 0 0 0 0 0 0 0 0 0 0 0 0 0 0 0 0 0 0 0 0 0 0 0 0 0 0 0 0 0 0 0 0 0 0 0 0 0 0 0 0 0 0 0 0
0 0 0 0 0 0 0 0 0 0 0 0 0 0 0 0 0 0 0 0 0 0 0 0 0 0 0 0 0 0 0 0 0 0 0 0 0 0 0 0 0 0 0 0 0 0 0 0 0 0 0 0 0
0 0 0 0 0 0 0 0 0 0 0 0 0 0 0 0 0 0 0 0 0 0 0 0 0 0 0 0 0 0 0 0 0 0 0 0 0 0 0 0 0 0 0 0 0 0 0 0 0 0 0 113.2441464490234 113.2441464490234
0 0 153.6140087303227 153.6140087303227 138.4817805399372 122.8946923545561 161.004334970518 161.004334970518 144.6214656364503 179.2375786881739 179.2375786881739 164.3553924112676 155.4901628863056 182.0670779408417 200.3838306769082 200.3838306769083 191.9005245418462 202.4306909566057 202.4306909566057 192.8860165602265 190.7602895007932 204.7015107664311 220.9100734790455 223.6123163903267 217.9180053301683 208.8091168301861 234.1765298138428 227.7912938128568 237.2011297675642 228.8600957791854 226.3848860313837 244.6021858508686 233.8336615700701 254.2792855803759 246.8863448648304 239.7660503833086 267.9969756487387 260.3613262119355 249.1859562296391 239.3154729577696 259.3481765154209 252.3789774978622 280.746424412935 276.5765947793049 269.9055230259271 266.8188016356411 280.1283122576285 276.1544508930181 287.8656293461354 276.7613274876965 281.6731526422388 284.1454311912449 299.8966596714611
308.4901844874817 300.7262447429749 320.2094121018339 311.4197386016723 307.1282561729371 296.9838502957529 302.7190162543701 313.3228545458001 318.1226780986518 309.6926727140716 306.2722480654332 326.3082567189949 302.4819272167565 313.7919682720378 324.7961720195685 319.1594641473276 314.4283967965851 316.9277188327829 322.0058867337752 332.6738288970818 317.5277582184621 318.1281033740344 333.9849976455253 320.4323483539115 324.056204597432 333.1850125993794 318.3744486023007 321.9888857549913 339.6876774975941 334.6106106373045 328.5949917364533 324.1871818388974 339.4751656800599 315.321080203998 338.8151249859096 345.0356930630738 340.3038050906205 333.2870815609214 334.6462081292652 344.7627130852836 355.262005256101 338.2120989132972 343.2998256332868 350.9570257955179 337.337403938401 347.5711939355322 355.2402590909684 356.7114402753033 345.2275784191251 348.746311382814 351.9610657617777 363.9230712684952 347.3673068294034
358.3998136082355 364.1398278044333 376.9756944439336 357.4996365890393 357.2344670169173 378.1048718551337 377.981626817298 367.5397688875581 369.2276930243918 377.3883518566939 363.8837492656414 370.2425944262056 373.3109028816318 358.5306927902466 367.5040028266234 374.5872892749804 383.8152045404555 370.1593093424689 375.4186712683593 361.3054727307473 385.065822631987 373.4353461582675 375.5760006778073 365.0283569264571 367.431990963799 363.7881198466499 362.9495175192189 367.5102858869474 381.167125572713 381.8522627632998 374.0125658122201 375.4988838733487 383.2967578760634 369.2134859254656 372.080093774123 380.3548024412291 368.7398758799954 374.5779317431205 381.9457881411593 387.9660585328106 374.2694052372604 379.6382676886103 383.0241221496371 385.5872315399567 377.0631302323843 382.856671066438 389.799905778122 377.7382403993736 382.0343518030347 388.4106195769355 393.6870311107112 379.8613265380051 386.4112138023536
378.9500554863006 378.7434375778059 381.8306123010859 382.8131402663868 382.9843169132938 381.4689602825354 379.4273063899035 378.0857282170588 380.5152873391375 382.9208173681098 383.7971024575158 379.8890257851924 380.0497495354124 378.6535359887621 380.2512635925141 383.0412777707837 385.511327322026 386.4977764000574 382.8747797197196 383.0319903633613 380.2312950769889 381.0683423070342 382.0714407569818 382.2964413209828 382.7717418737161 386.0071687892397 387.1673443034269 384.1845553835628 384.8180734586851 385.9727458270693 383.1883346028078 385.0252004084969 385.4849503153538 385.302520401429 386.1458904619194 387.2635024952363 387.5327823745484 385.3640291360657 385.0185276802226 386.0985609105782 385.3698715261796 387.3902395417467 388.1449309182706 387.9163347600856 387.9803300905146 389.027162591021 389.8652525176455 389.7315775046453 391.1691951119729 390.7361241934875 389.6516935179035 391.5910060788847 393.9088945745862
372.5033945039505 374.8213381119394 375.8631789292259 376.1129415652683 375.0160784730816 374.9269163823256 373.0404351116079 373.8742265073411 375.7219536396739 375.6946889769885 373.881902704491 375.00887414404 374.9579157340337 372.807210664011 375.0903407390696 377.0003662394607 377.0327626171553 375.7742482972794 376.2746851151586 374.6194618530228 373.854615817249 374.7720426032672 374.3195689254735 373.4081810461029 375.7907590262595 377.202847087407 376.3936259901523 376.6003573346173 378.3441625008331 377.1161808972488 375.3430863478134 376.1373364712393 376.3922586086957 375.4022030163521 377.3874245645273 378.1877602298521 376.5981042325661 376.2182872368613 376.7888073453112 376.595616131874 376.2738406928879 378.4590501344171 378.6697548557754 377.2388084628498 378.1217217494859 378.7697972641259 377.9949254939164 378.2175171818121 379.3567209482105 379.386639028689 378.5497929005248 381.3756060034071 383.911519542479
369.80718457996 370.0791589907175 369.3639988364685 370.4141086458294 370.6441686544503 368.666268616748 369.4570325283804 370.3183626234595 370.8674368581415 369.9901297231277 370.7958039261525 370.3964568489465 369.213308818581 370.2685808909597 371.0784349538263 371.4803874105197 371.4093453786126 371.9292965846955 370.5467060740394 370.1843877519172 370.3136263769719 369.9040980116902 369.2960604245215 370.1812359715368 370.9188368341476 370.4508916405983 370.8408907952568 371.8598811044927 371.7493650142794 370.6749320230664 370.8101585166777 370.3304676902694 369.9031161005158 371.2472561777597 371.9749263653716 371.1383455724932 371.0926459078079 371.2435548413073 370.6043318115978 370.6065780169689 371.758406625513 372.0097941657651 370.5961063629458 371.7833709075863 372.267938490056 371.5261041993265 371.7154242664584 372.3792385972814 371.779871953776 371.2823099757958 372.7574616584733 374.1374794146409 374.6853815744751
369.643025373337 369.4226618870837 369.6177587720339 370.4421848111556 370.4267991740319 369.8963202103988 370.4600051205015 370.7500320550502 370.5103952739962 370.9757666345902 371.2678967838855 370.6983387657787 370.7055012968472 371.0641038721034 371.012904102043 370.7796549689693 371.6166590602227 371.8476525033496 371.0000725987225 371.3650415601496 371.3403315040659 370.8818126265423 370.9611218859364 371.350357288776 371.3584790225499 370.8921621683649 371.6259088580134 371.9479526438101 371.3968211799003 371.5738681636874 371.6693512953499 371.2460128037045 371.1819603413883 371.7681961075855 371.8451164565832 371.1166595529009 371.6781248882421 371.6662496113937 371.0254253760837 371.4052408395787 371.9021127547643 371.6831150245952 371.2658554140227 371.8799901164946 372.1118396512867 371.4490069101199 371.9188606807992 372.0562855486928 371.3711616885028 371.5411315302125 372.1327468815132 372.4450055675485 372.0081978452102
373.2256736203411 373.1118311667054 373.2292937482126 373.8881605059885 374.1510713162464 373.7506178090168 374.3320894386651 374.5553668919611 374.2354931656771 374.5650281410543 374.855975276463 374.6024588317787 374.5715709107806 374.9087060322859 374.9492437252278 374.6191749502833 375.2499451109024 375.6514785543579 375.4608589238794 375.4784062768948 375.7516721623857 375.5573612345959 375.2851215752244 375.6716565159431 375.7378710684704 375.2407177742617 375.7484806583888 375.9855646922654 375.6230500321886 375.611690740248 375.7937737419466 375.4594128674379 375.1941751141911 375.4771254669132 375.5012540091042 375.0658546784329 375.3466926927989 375.4801862235726 375.113747247404 375.0492917560148 375.3939657411822 375.3492141890462 374.8768313078062 375.4088920783661 375.6849864088198 375.2422367949515 375.3865793958478 375.651497981159 375.3074776162495 375.0473235950715 375.4094453242521 375.3895538913648 374.8082587089945
377.302717791276 377.3937336380599 377.1043342104414 377.6970744114404 378.0176635579338 377.7563601938325 378.081843057795 378.4010144724034 378.2533645752546 378.2617996868644 378.61515864462 378.6474267789944 378.3139210048726 378.7448797945131 378.961815113033 378.7639066489072 378.9504899226897 379.4171424325702 379.4626245029447 379.2186291123955 379.7106822968726 379.842841352051 379.4042358593623 379.784898076456 380.0237487356412 379.7573874396183 379.7197463326218 379.9756007701042 379.8024281063882 379.4605420942783 379.724168912555 379.6157940368691 378.9658820752451 379.2807140772667 379.4370905070442 379.2306515342433 379.0967293460632 379.4115492179598 379.3260323390565 378.8348234532518 379.2529009407871 379.3945984775624 379.0596109901172 379.1580743790937 379.524567922577 379.4216169717825 379.0169890105989 379.392023990402 379.3310619737317 378.5998595301178 378.9754598434357 379.0626772510619 378.5894356117362
379.02058032297 379.105047609732 378.7207187656761 379.2282081051989 379.5435063680757 379.3773960699395 379.5477459699424 379.9328030595392 379.8801024131021 379.7025890946961 380.1192897553057 380.2174329799352 379.7741285861745 380.2585774822182 380.5584768123704 380.4571443298794 380.4762679486529 380.9184988921415 381.050757240215 380.675621933266 381.2256803862782 381.51414323414 381.259928717292 381.4584970731083 381.7920689911747 381.6251543297834 381.4237799913826 381.6873271026951 381.5737120875949 381.078757855088 381.3336008112279 381.2824107740234 380.7091589319337 380.8370636984896 381.0074705406979 380.8606124371085 380.5536340437569 380.9483437183816 381.0322860187288 380.5056615374675 380.8435181122078 381.084909233605 380.8143441205613 380.7156418817555 381.077850360948 380.9728959329384 380.5035836091173 380.8703108082215 380.8627405318211 380.2240141040083 380.4478652226185 380.5351376799435 380.0329181409942
377.1565067949146 377.0621728443433 376.8440957871771 377.2789547925681 377.5127678521675 377.2488238884748 377.6257236900125 377.9921442549395 377.8588046474197 377.8440746202463 378.2320218540746 378.2235993969548 377.9308812192163 378.4205757459893 378.6630245860453 378.3836469413354 378.6397513424314 379.0083552707543 379.0024120629975 378.875253316575 379.4351183265825 379.6853626408563 379.3548144089311 379.807074033605 380.0393720845864 379.6859956722775 379.7142549199383 379.861627972691 379.5831607564213 379.2845727166745 379.4606331270141 379.3316769618427 378.7142328814301 379.0345285670256 379.1783108684937 378.9082831271161 378.8272995455508 379.2119221966229 379.1893260694483 378.7270398542626 379.1839054016545 379.3542571813195 379.0312990455394 379.0958964024686 379.3812085766665 379.1593547299558 378.8152422126018 379.1451468318246 379.1058146917276 378.4094726035435 378.7959181750367 378.9072160447238 378.3551089934739
372.5078179369684 372.173561589095 372.3202521058254 372.6753010513636 372.7784393260016 372.5337835191139 373.2400712167167 373.5627573945631 373.2001309288438 373.6080935305961 373.9447272231369 373.7686378506616 373.8288192474326 374.3334075981821 374.3471475500073 373.976918860204 374.3708896210397 374.4894847014032 374.2043600056427 374.6733772045608 375.3167890596077 375.493640855748 375.3041009414348 375.7595366055928 375.5712260189746 375.0447737409257 375.226443046499 375.0681538423049 374.4540700024035 374.6189083324783 374.6598993309667 374.3486956570331 374.1648043715036 374.5160234888502 374.6243727899077 374.2608130539636 374.6604882169551 375.0850811205971 374.9527157788269 374.8216579167969 375.3100579273467 375.3649729707565 374.8847751182591 375.4932486081516 375.6925709983203 375.1730453048209 375.3700401309269 375.5567098457557 375.148758374785 374.9622116857035 375.2442147135479 375.1480190952859 374.5356248537411
367.7788323829901 367.2731251006103 367.8069947272186 368.2009176006777 368.4139522831819 368.3267831276809 369.3445296196576 369.5652608952012 368.8024153555797 369.582792610462 369.9160384034981 369.5988850152551 369.9458636774509 370.6028289554632 370.4182901031313 370.02117334735 370.4023816100176 370.3409193679711 370.0867273532945 371.2297970744208 372.4473260014672 372.5987349263045 372.1828079292061 372.325151518449 371.3369353491648 371.1032664309976 370.9979419947714 370.3978541226818 369.8757138338236 370.0244938885101 369.9402229559528 369.488276979084 369.6269955789629 370.0565731764388 370.0890053799949 369.7577651123282 370.6942055977098 371.2790882649562 370.861714200171 371.1363129566548 371.7642412628636 371.7247870653775 371.3817905362988 372.0109601860379 372.1277948497475 371.4264131712053 372.1438393416477 372.3443187179876 371.7660369388023 371.8558792999437 372.316256189771 372.2321188746486 371.7566133338737
366.9479352496676 366.7917564923653 366.1891239327737 367.2639248030847 368.0106512337733 368.1430025662377 368.8480741109379 369.4377698286701 367.9861880784145 368.3693612828054 369.2594823173707 369.5868190750202 368.7252790936738 370.0583430808125 370.0447932461311 368.3398725703773 369.0405362914401 369.3948209764633 369.927979005138 370.9519512715163 373.2318404420461 374.020652533663 371.8256291606189 372.2586936056017 370.747264091573 369.5498015841708 369.6728583758735 369.2368736692867 367.8129609251982 368.4320714809873 369.0033486316339 368.9541773307209 368.3206867571903 369.2983704266988 369.4999631257196 369.1057026382991 369.9812853758481 371.1082625376582 370.704190419412 370.3977315855327 371.7481216626142 372.0592151393489 370.70869673148 371.8519016053464 372.4655365190395 371.9626249211016 372.2815391417658 373.0472880323307 372.6146911958383 372.1316202862094 373.6299839858944 374.3326431424557 373.08278033725
370.2889454804019 371.6389720944718 371.4780671226056 370.1078786757468 372.5403268303558 374.6737367651137 374.8610706244796 373.697356172297 373.8477350459045 372.3817861586552 372.7582880366753 374.4737589859398 374.1227647431678 372.7590417077865 374.244610436982 373.8151513759333 371.4985682923499 373.3174519613718 375.2119273808667 377.1984882774821 378.4340009689847 379.5298078237128 380.3235388918383 376.5168395597183 376.61085866105 375.0192955260385 372.9118418285755 373.5608970172812 372.8998114790356 371.9937085335097 372.7732036566617 374.5324316211841 375.5642285584191 373.5803283320891 375.3591424648831 376.3252172162414 375.8502005860306 376.5829552101278 377.7161880760966 377.4077652486439 376.901618721897 378.8828611835785 378.5303467219475 376.6202999210183 378.3931323641373 379.3709365732573 378.6387918592822 378.8579299021246 380.0884645742318 380.3161648165492 379.3845991130735 381.7171334494529 382.7298993201454
373.1728475274515 376.7191516535306 378.938024257577 375.7396776058933 377.098093679496 378.9721979683956 380.6626325745727 379.0326725906672 381.0983009971284 379.5743587531882 377.7306992722036 379.6742957280239 381.2055068693188 380.1963256754763 380.7038301409259 380.3877703381543 378.327538027854 378.0485432356427 379.9335422069868 381.2235680485858 383.6472405217883 385.3455258512359 385.9200638048691 383.496467176783 382.9793882238575 383.4673747629696 382.0003801376546 381.9337394729745 383.2870171697518 382.7986518290543 382.8388347097793 382.9900071134045 380.6393831138831 381.5491280163864 382.5511893859858 385.1152132039275 386.8755041154702 386.3438428789009 387.3326310459722 386.1445014337319 387.3425208238718 388.4071492649941 390.1161983341473 389.8214755611284 388.3764651200371 389.2543385032706 390.2969908356182 389.7569309360305 390.7928359123429 391.1870724820054 390.123555173109 392.3481917991352 394.9598683591339
