benchmarks/avaHockeyChannelPytest/Outputs/com1DFA/peakFiles/release1HS_0dcd58fc86_ent_dfa_pfv.asc
ncols 1001
nrows 401
xllcenter 1000.00
yllcenter -5000.00
cellsize 5.00
noDataValue nan
[rows 184 to 206 of 401, columns 106 to 158 of 1001]
25.24610468353903 25.29085100437014 25.33176042509132 25.36839344563844 25.39873201907658 25.42923395576702 25.44965149822939 25.46644376291738 25.48641749832558 25.47710785153673 25.46069323937533 25.42510098257967 25.37402366926664 25.31476815916964 25.21397675413677 25.11836028253024 24.96155556549948 24.78098001416634 24.56502162742616 24.30997512430977 24.0051260407271 23.66088281803096 23.30112326089841 22.95158156917709 22.5202811448945 22.04915159134113 21.55402383539187 21.11179863608738 20.60903971119012 20.22598508856284 19.59786240882945 19.30903902131345 19.15040480196173 19.16969943674315 18.97351874468431 18.81286375351561 18.81286375351561 16.87266895513254 16.40749533166439 0 0 0 0 0 0 0 0 0 0 0 0 0 0
25.7017782852863 25.75851389667408 25.82763732737715 25.8895870864865 25.95940080191885 26.02302545429158 26.08299558155381 26.15100747190428 26.20348116360913 26.24411640001431 26.29595292305553 26.30532743675332 26.31388050947771 26.32698373589059 26.28842801779453 26.26365248812401 26.21686335944204 26.14904468490847 26.04438947661749 25.9068847329787 25.75141023712424 25.53490047860509 25.30948722896275 25.03479173343963 24.6809304169327 24.35410949128529 24.02545152967432 23.58605322567928 23.15886861087028 22.73689395676002 22.24053856356054 21.92862891549877 21.6659558893365 21.34445398268049 20.96448724399119 20.45543957215679 20.24437279583766 19.83384161202203 19.04088963581577 19.24407546936674 19.40457353930471 17.9753760279753 0 0 0 0 0 0 0 0 0 0 0
26.05654687345392 26.1381742944083 26.22582745922929 26.30399561924676 26.38971536923568 26.47294866243071 26.54750826646954 26.62152439370736 26.70248271316242 26.78600302042747 26.86909613827923 26.94246672291992 27.00614736398709 27.06683765088482 27.10511259875868 27.14477189571404 27.1457511008415 27.14265614471202 27.11858731400208 27.08632585011831 27.0343504888621 26.94816406700198 26.83156452762693 26.69683453658087 26.50850765662338 26.29332316458049 26.06745503820013 25.7978683715321 25.48337876716674 25.13787711602073 24.78983695426837 24.32681102367889 23.90211575032945 23.47819750409572 23.02041607521204 22.55089871683975 22.07986964586246 21.51415192472581 20.97038002055085 20.90082049378474 20.8656412944837 20.95326720348987 20.15510186545657 19.71721437183221 19.29045965669828 18.56445935328937 0 0 0 0 0 0 0
26.27230566730189 26.36730418668046 26.47322273157149 26.57636688419143 26.68207752693318 26.78304621088922 26.88120671576865 26.99416799994052 27.09785027115651 27.19620408061367 27.29614791238146 27.38967606959201 27.48249459974614 27.57813672489748 27.67006232339992 27.74663730011205 27.81650218816508 27.87681380917083 27.91609591099042 27.94845759147005 27.96257520471079 27.96123364560402 27.92764410420641 27.88511689005984 27.81354558956481 27.72874822794684 27.59128655121553 27.45056580662484 27.2629152540117 27.04680820715711 26.77725967872568 26.51977042036458 26.20274657599821 25.80975848517706 25.43411613023206 25.01953413654391 24.57932919790601 24.13760465881093 23.7351611723933 23.28037850040279 22.92553340568806 22.64065542961393 22.39078068127382 22.17555862326979 21.99718759145664 21.80226424205919 21.34150838085379 21.40036282846524 21.71670005361104 19.81369856617951 0 0 0
26.36256238913855 26.47677609119172 26.59127670561519 26.70785080877058 26.828933905353 26.94863279944244 27.067972640698 27.19651266439451 27.32097439450179 27.44506087643428 27.56533140573658 27.68488495097482 27.80675121169268 27.93207553056173 28.04634938367932 28.15867505395271 28.26577336353453 28.36980320295371 28.46564977796825 28.55705315030757 28.62192507834391 28.69329479394297 28.73646091998674 28.77184700906355 28.77928147533462 28.78668263646459 28.75020644235817 28.71176129001017 28.63280910725996 28.51848383879304 28.37913872416017 28.22266379112882 28.03811570261912 27.81920197506498 27.57180722894763 27.29309689604386 26.96262869783007 26.63516776998958 26.26133224674699 25.86649377998537 25.52362354003369 25.12720411267331 24.72669121092335 24.27754162148337 23.75873054681071 23.32056980039016 23.01491330125834 22.83968326205131 22.88961376124959 22.85248564058213 23.00714938118528 23.13832023170731 23.16145226771327
26.35136029910266 26.4754377387416 26.6010658069792 26.72037266903927 26.8528403913629 26.98907372150291 27.12077909463832 27.25564980049609 27.40189546457113 27.54697884247689 27.68924104570485 27.82736054526568 27.97955139968253 28.12518118415441 28.26688896263791 28.40549354637738 28.54083254730502 28.67676347197079 28.81684411014042 28.94313765337439 29.06579978597113 29.17638764260519 29.27423675040848 29.3670369728553 29.45095125081092 29.51729984814957 29.56953568897228 29.60322863154932 29.61932086758239 29.61730109766268 29.57799833231211 29.52299985348104 29.43624653748571 29.31839373160939 29.16653442309599 29.00252961215749 28.78867425292329 28.57270763060245 28.29026530927282 28.00395266333767 27.68845700566338 27.37763868507897 27.04610239346443 26.73839208995502 26.34236378326888 26.08399208713349 25.74973382606099 25.41398993385835 25.10353329750522 24.77359081406719 24.47335923283908 24.14192770407787 23.68694176819418
26.29213944003796 26.41267483920822 26.53704244548808 26.65290372707376 26.77753330401095 26.91435092227989 27.05571210569369 27.21330321677209 27.3679610831027 27.52144393764243 27.68514614703633 27.84608789616161 28.00381104762872 28.17103214921817 28.337796408671 28.49730920705247 28.65337425085303 28.81942262363685 28.98344545856574 29.14056591063273 29.292851164778 29.4359734334451 29.58277340885293 29.73016301471766 29.8624052408116 29.9871348979902 30.09145123570777 30.18552365111556 30.27945660306254 30.35173857752779 30.40411774630375 30.43430285217435 30.44296787399724 30.43056109711577 30.38808653106429 30.32183435737373 30.23971717280784 30.13256882304607 29.982247594809 29.82604373993636 29.61717967019911 29.37583662855553 29.13351319234141 28.85775451323482 28.60008470479214 28.32453610634827 28.02169466265885 27.68518432274591 27.35717075957058 27.07469441031409 26.7405225150504 26.42312061874615 26.11174038133172
26.2538465236646 26.37230045756194 26.49239677617451 26.60400908306472 26.73322082441365 26.87168688082328 27.0031035113672 27.13094944046709 27.27672006718137 27.42877777337482 27.58769577319973 27.75347140082971 27.92715775097256 28.10153366693868 28.27523856716237 28.46427274468726 28.64644917086574 28.82480571060418 29.00006906902434 29.18808180398886 29.37237551517299 29.54356494937933 29.71250515095195 29.89131954770633 30.06234747350323 30.22336624383747 30.37340229899446 30.52889935077613 30.67810333583862 30.81120317936256 30.92727923435089 31.01991052426481 31.11494303055371 31.19615903813463 31.24842041090967 31.28161181587975 31.28174783318077 31.27642496835959 31.25053879737584 31.19719469652849 31.11988266025341 31.00825257767267 30.86493518777549 30.70324943411745 30.51546282734608 30.29200108532983 30.0716406068907 29.82868632115083 29.57898329256681 29.33367291624193 29.01721082846172 28.74740321486812 28.48362524340535
26.2463491047629 26.35959462964936 26.48437751067684 26.61364240067142 26.74371249437827 26.86912571520262 26.99471375864574 27.12903172109642 27.2761521561088 27.41841129752261 27.55641705007097 27.70611415905616 27.86675146657289 28.02503014481322 28.20353061895523 28.37397496309945 28.5632124339991 28.74838621819063 28.94258969656488 29.13789611864605 29.32839915341471 29.52713249137701 29.72704252983853 29.91821169422528 30.10550980286088 30.30617765018066 30.49675939173305 30.67325571758058 30.86343413471606 31.04582092695681 31.20870675204539 31.35975246351554 31.51925190489485 31.66072747353473 31.78042453306629 31.89172815302897 31.99840426000772 32.0794618558182 32.13678349924265 32.16798191838489 32.2030002086295 32.19901265197752 32.17350992637316 32.11953615125586 32.03698668182015 31.95217829248238 31.83541339095247 31.68909826367079 31.52609212362218 31.34031600992173 31.14639739709488 30.95803108646192 30.74073581527838
26.25262214581872 26.37255834087752 26.49136245914336 26.61151037303654 26.74931228848588 26.88788159519048 27.02894621612905 27.16631894345039 27.30276895228075 27.44014730308484 27.60037177374287 27.75730916379115 27.90556031001335 28.05289496897718 28.22213238994503 28.38937781559978 28.55536761333163 28.74160926265786 28.92128105451409 29.10708097730955 29.30068720816603 29.48767783185086 29.69538753695341 29.89126750406742 30.10192339265825 30.31079863900127 30.50690642644471 30.72700611543046 30.93255982854404 31.12994271204828 31.34240700063465 31.53665279947138 31.7202398869823 31.91875406611412 32.09678476005643 32.25725283793395 32.43467434810114 32.58372656680868 32.70424229863314 32.84117714896051 32.95287749644606 33.03556954210882 33.10859888748606 33.16873167492132 33.19992528929188 33.19453879762644 33.19953629973565 33.17589305326487 33.11923878370865 33.04143717378817 32.96871553103858 32.85489750326122 32.7282465609348
26.25967080620125 26.38250512003776 26.50809252529134 26.63056414205908 26.75796568647034 26.8977881941563 27.03980023939246 27.18877164028149 27.3366087165621 27.47783163080155 27.62178312516255 27.78768982474174 27.95153753522785 28.11230661306874 28.26984930065467 28.44423636435975 28.62576147531498 28.80143675896565 28.9718774858725 29.16720696166849 29.34989520797269 29.53201376811607 29.73534215849616 29.92598468966992 30.13579535253882 30.34199788585894 30.54608864843911 30.7677812682899 30.97316672720003 31.20280370055382 31.4187329273593 31.63384502814375 31.85824446899013 32.06211179795034 32.28488914779096 32.49070617648987 32.68637043341533 32.89663699489624 33.07879847140767 33.26746186193433 33.44461188464162 33.59052428996267 33.75710166900215 33.89221604900727 33.99916900575313 34.11791160873162 34.20020810676625 34.26393758514034 34.32548555617357 34.34817482912079 34.35774605996136 34.36456085323755 34.34984258831064
26.26175512827812 26.3783810503853 26.50163558873802 26.62625509088254 26.76031929637006 26.90411459930235 27.0498335998637 27.19670853658797 27.34428714759231 27.49205904800679 27.63548688505909 27.79200903387085 27.96106488870534 28.13110777316554 28.30122849702336 28.46348178833865 28.64994584165174 28.83723290461197 29.01617566880854 29.1970087452824 29.40145009364221 29.59645516174367 29.77855167103532 29.9932320121038 30.19242686423765 30.39512214175589 30.61613128442129 30.8179365427373 31.04531461800947 31.26321127755312 31.48604706459816 31.71775328951697 31.93489158462189 32.17874056817601 32.39577846020933 32.63854513153205 32.86335530645997 33.09307026568926 33.32162749151775 33.53064530893062 33.76074779196088 33.95470993734725 34.17336822562104 34.36228292242846 34.54809340452752 34.72869497907339 34.87329598447104 35.04350567730187 35.16685129714791 35.29873322790097 35.40479057176663 35.48374905594124 35.57406758913957
26.25048344511623 26.36496021462947 26.48283654267953 26.60394305990081 26.74210672671063 26.8838743749067 27.02390072894915 27.17021559749092 27.31669520885094 27.46376637626194 27.60800501248541 27.76828668240642 27.93558529661068 28.10355301300851 28.26984379792906 28.43429477396808 28.62207059893092 28.81398867167428 29.00024998730143 29.17830149315592 29.38610079162007 29.58712641554348 29.77682229292443 29.98995776462405 30.20641600971118 30.40504700244022 30.63092523702806 30.85139630151039 31.06284433561975 31.30322383998308 31.51807275187657 31.75981072295202 31.98712380738449 32.22782134598467 32.46821473436159 32.70341824854614 32.96026239367475 33.19047660127919 33.45382037004206 33.67444743942976 33.94498467070531 34.16261885646647 34.42544366755944 34.64187866114627 34.88910745861214 35.10042243828524 35.3255524127449 35.52832629014453 35.72427728262997 35.91465101566471 36.07955527528582 36.25421706150954 36.38503572064243
26.21061003611098 26.31647382949517 26.44169424018276 26.57180016037267 26.70197434363852 26.83584768559209 26.96978963614317 27.10325106270332 27.24007304536532 27.3777208294519 27.53744388664794 27.69767144081989 27.86026113154661 28.02313998508031 28.18179505150881 28.35647378717826 28.54617844820951 28.732279143754 28.91129726006812 29.09887162526827 29.305780391011 29.50484857275425 29.6942463261458 29.91287366008887 30.12719472490414 30.32888320867914 30.5630122209972 30.78850537891403 31.00539186432833 31.25383766169161 31.47792313602891 31.72517526848065 31.96859203273283 32.20339942124559 32.46197709137776 32.69125560877274 32.96356628480491 33.19347216685568 33.48013745227374 33.71418860767368 34.00472624991241 34.23983451235525 34.5298818358844 34.76264512725825 35.05215648369205 35.27591125046997 35.56114416890168 35.77215736713111 36.04591156454198 36.24054531711436 36.50215494686143 36.679984850724 36.92886824611167
26.15828980845178 26.26752338340231 26.38266099829315 26.50022704248738 26.61517275292611 26.7386172638111 26.86407900768069 27.00303657208331 27.14760030028966 27.28991668518608 27.43713646242095 27.58429424396675 27.7400427099336 27.91010401989442 28.07987461385425 28.24927768703891 28.41449523743876 28.59272503310331 28.78524904420533 28.97621397647416 29.16259633136083 29.35404563272635 29.56556873649925 29.77173237656697 29.96934609348868 30.1994604537239 30.42335760664942 30.63477058048597 30.87346213011013 31.11091948337619 31.32920072572353 31.58866283263032 31.82532279655351 32.07578988519714 32.33337096467429 32.57432684468841 32.85087348052163 33.08894519797528 33.38550638241948 33.62688739529009 33.92892130668061 34.17505262468459 34.47935084090431 34.72600121773308 35.0385203085539 35.28103959903306 35.59244695767384 35.83676657760493 36.1305550753883 36.37674760975037 36.64972135191461 36.9023896564279 37.14708491202681
26.04818545993476 26.1661062312636 26.28282338651041 26.41078057396713 26.53780212616658 26.67222596108883 26.81274313773599 26.95527628364075 27.09609112303415 27.23767498528366 27.3812561817998 27.53594699047716 27.69544569484139 27.85521846620517 28.01562349606023 28.17461371005061 28.34864623816391 28.52837391307766 28.70716859526294 28.88349310896391 29.05791270108965 29.25368841473587 29.45213659931283 29.64810881227744 29.83997200587794 30.04220248522747 30.26218602374107 30.47699458076565 30.68479802334457 30.91847509849134 31.1534513895904 31.37573009497825 31.62620334636292 31.8776290047566 32.10949118028351 32.38566558767324 32.63709238031896 32.90257196531014 33.17478738610241 33.42872986949784 33.72065574064197 33.974657401326 34.2804642166553 34.53736485438294 34.85194848899248 35.11386429061329 35.42796365501996 35.69413554634522 35.9970563487078 36.27138347881726 36.55625409385398 36.84604476672343 37.10151051698425
26.07536733651439 26.20409351557753 26.33308804260544 26.46510738601673 26.59789021760718 26.73048713354196 26.86777687103324 27.00936703899461 27.15809147084825 27.30897737996735 27.4594192431362 27.61031539400332 27.76232393289457 27.91577464792109 28.07786223570489 28.24517242006493 28.41270707050515 28.58073772793755 28.74899054126256 28.91287352479686 29.09886557574921 29.28334392189427 29.46490670079643 29.64333398599221 29.82376897243751 30.02789060042227 30.22674137079611 30.42000136915536 30.61877857164847 30.8408577163991 31.05411464794949 31.25855095600379 31.48870078129972 31.72333619728929 31.94669802802416 32.18993788170719 32.44106177577164 32.67523107165959 32.9376918025583 33.19993454083407 33.44688163718473 33.73374497176277 33.99057189010462 34.28085263648081 34.55607930444042 34.84621907381104 35.12907530093064 35.42412259720384 35.70796992325038 36.01096639890391 36.28301425991069 36.59995454117064 36.86280128674225
26.16137726543098 26.29085718729245 26.42675819624789 26.55831777199028 26.69412084823859 26.83270796295593 26.97058344767292 27.10760554791237 27.25951877112872 27.41245582654431 27.56869866043335 27.7235070126327 27.87655995703535 28.0290051719437 28.18391565546077 28.34382127704371 28.51755025350948 28.68833373506804 28.85784069535266 29.02338310455927 29.18638844327437 29.3755691919678 29.56217582103703 29.7437576546141 29.91652079988989 30.11200308356752 30.31019265097575 30.49818204995664 30.67549043090951 30.88926596932965 31.0953613555889 31.28855007449667 31.50441179005411 31.72468681489281 31.92591556701035 32.14588834259126 32.37822796119578 32.58952911252752 32.83170154344742 33.07041782751298 33.28983631362178 33.55808320018326 33.79809889364479 34.05603237575935 34.32067302374411 34.56956453515396 34.85415035222628 35.10406745492082 35.40046380433874 35.66433158661103 35.95918321313943 36.22931679101902 36.52939897520388
26.23545592786258 26.36457783215329 26.50257807510548 26.64367169011253 26.78248818160663 26.92361781258514 27.0663942810989 27.20923264624 27.35277194021499 27.49541851023666 27.63856289467113 27.78829104878892 27.95341501789463 28.12097503787289 28.28595175447478 28.44823973819062 28.60589792826048 28.76035895713489 28.93939546885003 29.11931698911935 29.29576240913592 29.46616951308599 29.6310682703438 29.82976533207417 30.01749006662875 30.19493165393583 30.36725618709615 30.5756205019004 30.77004475270938 30.94879985321749 31.15547473158122 31.36361804585329 31.55152922591475 31.75915570658519 31.97551761876426 32.17056739497806 32.39055143937129 32.61439435167335 32.80830879486871 33.05480451205166 33.27117608922528 33.49709086813034 33.73599060651528 33.94508361349521 34.20526323178175 34.42609830731439 34.68384643601239 34.91986230007709 35.1748809263026 35.41953376106965 35.67017672217538 35.92355435205468 36.1715592130408
26.29119055188159 26.41754757528905 26.55035354075478 26.68714005208021 26.8226113132994 26.95868080732843 27.09781705421028 27.24218670463114 27.39136692267866 27.54863461660869 27.70493045346249 27.86061680169122 28.01630511890174 28.16867558643797 28.31631716507406 28.4745598377836 28.64796598130745 28.81981730412053 28.98793129623974 29.1500467727744 29.3097116764445 29.50059258768751 29.68379040618927 29.85762639850036 30.02325447747382 30.223960666155 30.41741941238464 30.5954719433827 30.77198132648418 30.97937198128783 31.1706196533337 31.34346983778957 31.5640829660684 31.7626966811734 31.93889140821585 32.16584656963666 32.36654641721913 32.56604600750519 32.79196417703552 32.98320975340597 33.21297444256064 33.42462057200233 33.63386345996862 33.86326519117087 34.05520926736815 34.29868724226169 34.50114368580721 34.73436987131093 34.94349540940314 35.16605547840332 35.37722119915294 35.58371379112513 35.79351070197704
26.28764799073593 26.4149961048535 26.54035078201292 26.67102387109239 26.81239549732004 26.95583286660857 27.10415456911485 27.2518909002323 27.39977373167616 27.54651311192774 27.6957004078575 27.83988860177701 27.98407749151555 28.14508371568688 28.31203646251943 28.47839598899932 28.64000967913951 28.79423576342523 28.94373740955459 29.12543576750164 29.30342447013327 29.47387195727666 29.63509869340495 29.80857664798409 29.99910385094403 30.17695592725021 30.34213997014205 30.52648978322638 30.71978619764899 30.89760601223343 31.06870051698065 31.27537660344995 31.45732326154457 31.63050166189698 31.84659671751809 32.03431835860505 32.22000776560465 32.43073819242192 32.61537189820383 32.82622590560097 33.02633048572413 33.20945037015802 33.42623413298835 33.6064078456865 33.81726283893233 34.00417756112854 34.19193183619192 34.38378555867974 34.54108307062261 34.73076186687681 34.87627005030222 35.04130292054067 35.17993403475344
26.23100532408454 26.36752175462057 26.50498352206596 26.63900842365547 26.7789773542121 26.91628386193575 27.05452760926078 27.19188365422663 27.33148940925202 27.47106512350634 27.61370046289959 27.77542537918861 27.93285699229551 28.08903500725275 28.24226772124321 28.38749401070862 28.52894687024333 28.69432379758322 28.86078570555618 29.02332335916158 29.17781266200741 29.32730244781371 29.50576046628428 29.68054376515566 29.84221875183608 29.99115562894229 30.17560446535965 30.35210472449384 30.51649759230017 30.68397090734798 30.87207638711011 31.04395526914976 31.20653173706713 31.40779295712639 31.582433674486 31.7476136536528 31.94602578690148 32.11925543605101 32.30211478237342 32.49227312892927 32.65049430270417 32.84447835844797 33.01539989067501 33.17032387644873 33.34231616360134 33.47695198250481 33.62819052043738 33.75683534843591 33.85616161139469 33.9762893892116 34.0501716178736 34.12474211105896 34.17995344167948
26.16218793594204 26.2889855225513 26.41593806405041 26.5463556214443 26.67665535441213 26.8053416748002 26.9427337017918 27.0760744848594 27.22185826448728 27.36689842134253 27.51093996406635 27.65329787316985 27.79471856462565 27.93087180015266 28.06552524841277 28.22026953692286 28.37911995741313 28.52847697537461 28.67255585237042 28.81096078158031 28.96805860883441 29.13163956436807 29.28550803449465 29.42780637733544 29.57869351869044 29.74913880465391 29.90783299875989 30.04903057314501 30.20506931125069 30.37515572979997 30.53049160850496 30.68168239724724 30.85782225187405 31.01947192818135 31.16706973952648 31.34866429253062 31.50640272034569 31.65613614652595 31.82842906737451 31.97214010248684 32.11712706594747 32.26359627791272 32.38114791645731 32.49473212199362 32.59647478429936 32.66498445879056 32.73594077180789 32.78356407288803 32.7985716906098 32.80594299336907 32.7909593901199 32.74429699463913 32.67663795022973
