benchmarks/avaHockeyChannelPytest/Outputs/com1DFA/peakFiles/release1HS_0dcd58fc86_ent_dfa_pft.asc
ncols 1001
nrows 401
xllcenter 1000.00
yllcenter -5000.00
cellsize 5.00
noDataValue nan
[rows 207 to 229 of 401, columns 53 to 105 of 1001]
1.488016798176795 1.273054634925042 1.201856503786046 1.145255582760609 1.131226427405948 1.09289191736477 1.28523831809799 1.198583192618599 1.126505895349374 1.187924694581127 1.145499683788326 1.107937052731216 1.094069178677725 1.23800381247159 1.240737416167362 1.162183097467818 1.117440346074395 1.108977755027378 1.116453228371149 1.114454453988993 1.130899950887871 1.11650993604794 1.336122400068825 1.48431694987572 1.239503040735599 1.349664295732136 1.135774599731145 1.140582063966071 1.149674607286324 1.155485613469307 1.166443579720019 1.179728677222464 1.192747630532993 1.202753465187991 1.214809115704864 1.21088921312407 1.222867830946744 1.225150157893836 1.255199098006332 1.273077219604156 1.316167793198802 1.331179167902043 1.35197333812424 1.356847245869036 1.371757721814487 1.371363984413091 1.376253261836021 1.39100000319641 1.410303803055591 1.424435841936842 1.470460890498865 1.471896415484078 1.48990227977085
1.145000167173823 1.11715740855087 1.179093454246449 1.344886106349555 1.220754058825699 1.175609301872597 1.267299259184986 1.15491293983333 1.112157194995534 1.095714284774511 1.099808242709414 1.087151892291691 1.090103846545887 1.106424835108627 1.099140571788476 1.345560386341494 1.168544394530445 1.122509259783755 1.124029972215778 1.112058616128852 1.207615962754063 1.148249119820337 1.122621860277593 1.123682624315841 1.135789253809371 1.137117417016218 1.135296829932382 1.152890368688533 1.160593154492883 1.15328508604263 1.181821318220467 1.18271353008472 1.213063936277052 1.195961641613343 1.23289379158881 1.228066027736997 1.259425719899385 1.265702867321704 1.258647804515072 1.266418258072627 1.266304025303657 1.278852134035537 1.268688429186932 1.290335855863737 1.305060653907335 1.330342170071032 1.384277447407361 1.377412154339888 1.401776103064346 1.387493576505818 1.411549452214406 1.435721930129218 1.444585110354414
1.20866969938818 1.161439636738376 1.120427851879926 1.102463512630943 1.082894721675728 1.080318167359007 1.214130850359152 1.116606703144468 1.18992445457165 1.132080503468438 1.092300181219498 1.223846108188996 1.144121609855665 1.132341573376853 1.171937919613358 1.194830376345834 1.151580781919967 1.13449869877348 1.123240879194511 1.114643569350203 1.394538736027795 1.476520344920225 1.252942028353734 1.316487925460614 1.164187124608302 1.145439583572561 1.12813031211944 1.141998977449254 1.144020369027635 1.176181021008957 1.170047965091387 1.205603168133671 1.184107967894096 1.215321940614362 1.183536775344753 1.226392807326152 1.201326744077483 1.24142711887582 1.208669507072059 1.26196243760832 1.236166387271043 1.278293018621802 1.274341367667634 1.307109746289993 1.310210596034868 1.321346453011872 1.33481774945476 1.33007011488175 1.352013792637949 1.356329394489448 1.375608628521664 1.406478805227402 1.39381522587297
1.075000516483779 1.069946114690924 1.289276700421593 1.21984385340658 1.181501766959908 1.15640239778584 1.127406058630014 1.109932225262709 1.109312170083701 1.099970403521233 1.103772185658105 1.09933871287144 1.095588334765847 1.104657036595065 1.135238023477626 1.093959470583233 1.264555015554277 1.133698154535135 1.1277521835531 1.141318207081518 1.254621222496591 1.162007790300295 1.128585016884553 1.127920883319562 1.119312486713394 1.129500965820132 1.130958226344876 1.147048610385284 1.146888832787661 1.160394209748729 1.155962009020113 1.183375136745297 1.175904906341267 1.218812343894047 1.202572505907772 1.215923506446277 1.196811705357256 1.210626692389099 1.214497525931221 1.241633371968404 1.239530070432792 1.263543229450677 1.249088185443875 1.281276644810721 1.300522278748515 1.271060484381923 1.307997036021326 1.285362859662964 1.339711847695991 1.351184294544114 1.337882978465469 1.377835778413505 1.348410188007515
1.214008423572639 1.135009496753917 1.113580993973766 1.098259752586539 1.103428952629811 1.112689241471811 1.122589983347088 1.126815101337419 1.290218483930164 1.147393908027489 1.100982361388191 1.222211874658294 1.338186968293855 1.253840964373605 1.198637915690887 1.15216641649134 1.12849585277695 1.100798719612763 1.108986858642136 1.164668662289334 1.12376734154285 1.123645487914591 1.215344320792784 1.153420077015492 1.128512997598346 1.170014177489728 1.136466312206285 1.174020631302666 1.159868299702212 1.186776518386619 1.16420104400331 1.186140785564049 1.162902758256103 1.189118780230349 1.187136234918028 1.220957856571022 1.210085452216192 1.226278962834236 1.206037462476807 1.235745277241996 1.230484751519992 1.281124379854446 1.252681679840324 1.249537593531893 1.261798583475994 1.257516885678159 1.314607658576066 1.283026991207071 1.320471677913561 1.318548476437061 1.32166278659355 1.352430330677657 1.362458297471515
1.177876840555996 1.158913743804088 1.145739855726346 1.13323391166814 1.130803267575841 1.185677861842707 1.27655541828155 1.321786995465882 1.180505855475247 1.128955996504011 1.106573175264654 1.11328892862541 1.099115517746121 1.153978775971851 1.179048842629884 1.100718017818113 1.145919619652868 1.127894126582626 1.468638447986763 1.299108174263446 1.275165562513629 1.210699043846172 1.190265382619544 1.152904813018291 1.181309524169499 1.30207841414485 1.190752490395291 1.161889192885927 1.166774800935274 1.162395578870826 1.189352450203748 1.194155967398319 1.216527083392754 1.197782370290766 1.222143805760676 1.195167395113822 1.209543152509755 1.228303717236651 1.221826319379647 1.247982010935643 1.226840294183526 1.261925125490678 1.238898071074863 1.295537918049543 1.282470274991381 1.294690687512555 1.288968587110004 1.306446030164055 1.31695769626858 1.323053098267707 1.358188920877641 1.340155122273499 1.379417434725802
1.084513141966356 1.400704841685176 1.215576243406507 1.153012989199292 1.116746436514659 1.169751460722606 1.094374807729313 1.087504502539128 1.106569302326162 1.313530838240824 1.436119084953425 1.264177064317267 1.195422468633627 1.145139181849659 1.116529796804289 1.12242225766566 1.310341669681638 1.16067282043943 1.226443728999305 1.230889128554506 1.191939546231876 1.168616636721453 1.166505054311893 1.346246702002014 1.162209004409142 1.217097390321128 1.176768358986375 1.158995640792112 1.223427874656795 1.164051450979692 1.218850286753754 1.178454289104456 1.220987503448773 1.178657280719496 1.230053956724036 1.189185422813133 1.241535407070732 1.210760379324107 1.245259559608781 1.242763090380939 1.252447789223891 1.263682173250536 1.254233697835559 1.273489282984629 1.273564370434958 1.279753689091301 1.289638163270204 1.290833469097059 1.306108915254248 1.309462258794575 1.338183661227536 1.338853465723368 1.377504614521197
1.214735851207413 1.176871818859573 1.286362647901259 1.212861334603551 1.195700979493967 1.192749387609069 1.189479058651201 1.173409844196736 1.155827639429515 1.158739970400916 1.146664252007635 1.145482607543794 1.142250662485613 1.334597101794345 1.256738934209365 1.183830178112333 1.15585517760307 1.15112287524477 1.159518310868736 1.160044460042181 1.133412415264726 1.148503014601739 1.331527511852253 1.226514124457475 1.179754941851364 1.180354811045095 1.200354602646086 1.183004051154632 1.216502221364422 1.169442520250325 1.206980395364089 1.174648499471177 1.22056116850352 1.188377698040493 1.228649099448923 1.203806539068681 1.240619193346963 1.215962312734767 1.223807406307646 1.232042592483657 1.242089700855 1.242811296611329 1.238661897739148 1.268003190039874 1.277828543899994 1.276238696825872 1.281101012489227 1.300286892416389 1.312453382906589 1.318977198790226 1.312861148484442 1.348910224101104 1.348070991767941
1.175319001583825 1.147093081431524 1.27801418529278 1.270909094473621 1.16605020881058 1.135523679375672 1.121335630221429 1.134794584365968 1.195495943621093 1.197323838374174 1.168923118797194 1.132866967169569 1.12091725884044 1.47348608207972 1.25729134259124 1.216994392533223 1.1880097918686 1.166353523471437 1.152349764379782 1.156283917916375 1.311233983423208 1.175332350432164 1.16416007737781 1.184076285771095 1.178192318139001 1.276861789213168 1.163167398462775 1.171408925923122 1.180918217548155 1.186798770178096 1.212172228530006 1.193251242701448 1.19736229702724 1.197681091489055 1.198173244477885 1.206637595611741 1.203513370131399 1.232579543876502 1.233330779932821 1.232800707325186 1.227107391235405 1.275827235924406 1.264598517275139 1.269263410909971 1.251043256133773 1.281331904662991 1.289769989051711 1.294779204993822 1.286998169095778 1.32714483406814 1.331845071718695 1.326946279340559 1.326232252409003
1.120068189858477 1.106169244538579 1.100226797248204 1.106455303207361 1.111351127489411 1.099796433778899 1.559333145100422 1.290075526147106 1.20504331904016 1.154403123559804 1.125825219793898 1.250001696962692 1.181637344106633 1.169083861828412 1.164425272651249 1.145580085927739 1.261725199265113 1.174597836205973 1.164280377196129 1.133750916891326 1.233055392200876 1.154874097963887 1.196364989634104 1.161569904659951 1.135715195487379 1.185541108026102 1.161905096762962 1.19652013627264 1.158901829687474 1.183143470400208 1.153345795059735 1.195801253098585 1.190665328836185 1.207558109302701 1.183071502025929 1.190981867677429 1.219934138336942 1.211579930575464 1.22175972640658 1.201816321390619 1.239706368538981 1.224197095691013 1.240792589327517 1.2426568102227 1.253807580420893 1.256344441548514 1.277005241023448 1.282005332049377 1.305852737977542 1.30050488106295 1.301883342824445 1.322844447211955 1.310398373500323
1.246425120165497 1.192588982101216 1.175769913682731 1.303553508552652 1.151686611458843 1.207382937868566 1.109940989447887 1.207121490732857 1.112550456203785 1.31779843050637 1.169071441887417 1.23393760644014 1.169053965571823 1.142588534882083 1.125417606294045 1.129598265672235 1.119619252410865 1.136526091328311 1.137300428604547 1.121300714596364 1.14465633589529 1.11868799512983 1.150303758429827 1.323889176553303 1.166785634916687 1.253055349656803 1.131352255792986 1.153894414711736 1.134353498543168 1.173840351902679 1.165492902548979 1.179787997349641 1.166231108979741 1.16399558849584 1.17773735543752 1.185588977016655 1.208789823980066 1.180848261312928 1.189830303287208 1.222395868932341 1.206235535912544 1.222713475181923 1.207741663126254 1.220923233173012 1.222687461509548 1.230321957377032 1.239485850939227 1.287710711625883 1.275828473285287 1.271606350246927 1.274112079805737 1.281027064270152 1.274348243079589
1.178072959584784 1.14522543709068 1.131064605668208 1.109634162777425 1.108832426988964 1.095742283140677 1.082857099930171 1.075444087903924 1.085406450443166 1.21235028038257 1.150291843985397 1.572852771255844 1.26818076736438 1.170196178874616 1.130865634408012 1.159838540930312 1.139791598558055 1.389552762275351 1.165580698590399 1.391602898502436 1.217910750812618 1.13052728005567 1.145164204514956 1.117940162015133 1.12953761676181 1.113268571658741 1.126689234893941 1.146707328112073 1.147005078364165 1.145291261055471 1.123567847180634 1.127563533722585 1.15787566957178 1.147964910052234 1.162592331247053 1.1551603281218 1.166599310368643 1.176346064513353 1.187952240751987 1.176528306266355 1.184094885442913 1.192256236054961 1.207604215571936 1.212393258225614 1.213218582006532 1.243488099162241 1.247138646241229 1.239917583257214 1.233137602911445 1.230034664918671 1.238650742940466 1.233514218164113 1.269838413991011
1.084151049063681 1.195586612285002 1.218696804959762 1.134037266572528 1.106077283806476 1.117094041534324 1.099007972158162 1.112376523771651 1.096421938986314 1.152436928293644 1.105906435119218 1.086409401616799 1.263168027700362 1.203779047691717 1.165591243106937 1.38877289708521 1.192545435562939 1.109272919879047 1.106508947394051 1.107010608025222 1.119549599444013 1.103412163957511 1.099939910508552 1.327327694583569 1.18192795269842 1.143546884567629 1.131978166792726 1.11484498086149 1.114978320352605 1.137491915980594 1.127575830130657 1.145147765490555 1.147751726613375 1.143080559104167 1.148124375313921 1.150667246480803 1.168063535748908 1.160041670522159 1.191139652531315 1.164099275670342 1.178306604765725 1.18528844406938 1.172415201875996 1.190847576204327 1.200240976185531 1.205989429146222 1.216303828262207 1.237509635244534 1.181257068537489 1.164337030075095 1.18965748296879 1.22268224983771 1.173198779735084
1.359681251840032 1.183583126747362 1.127081668014278 1.104629383659932 1.080797902119035 1.33986791638688 1.301070739404236 1.196271252720867 1.165928738867295 1.126288922146869 1.229578541618457 1.142346374240218 1.105075247268791 1.186129759581047 1.166641151751603 1.16858903356805 1.15028488568555 1.170170338317023 1.319455449348256 1.172173153762448 1.140759795008261 1.10284767569072 1.158851437393866 1.131848277724498 1.125489363491306 1.109634478281979 1.120488296871369 1.111214047135052 1.094606540864241 1.097268447349716 1.124387260338191 1.135807331637263 1.116196475055385 1.117844687317399 1.118656976536779 1.125051242445549 1.12386013384172 1.148141545357876 1.124302398904556 1.150031096272979 1.16369047026499 1.147232587449034 1.170405735675599 1.171660841337767 1.173945297753731 1.165059111395835 1.145481649518808 1.116363038812234 1.119818987984009 1.109024733251606 1.097366352162445 1.105026266939366 1.101288731971481
1.081922526708819 1.076234700317792 1.075224402724877 1.078574470065441 1.066779305099138 1.170841013082152 1.125853333511982 1.110737763548847 1.184500347943702 1.235661588396441 1.187430529292499 1.276062451571964 1.204385370308267 1.157345066246686 1.134746561564617 1.118140662101312 1.115012845691193 1.11364192296599 1.411149148242914 1.196704444629023 1.147201357225961 1.211107453780679 1.138398232648184 1.101791155592661 1.470040425267635 1.195094922269995 1.132339806261611 1.160482594985582 1.129078075263385 1.09902064890187 1.093987616336834 1.115793353308052 1.100753872012717 1.109325259265355 1.093059444602032 1.077965574856663 1.086760406591495 1.087531046549348 1.085052466313225 1.09294459238733 1.094023618744736 1.123242395218455 1.102203089067471 1.078245672050929 1.094878770968812 1.108788034318001 1.07948416820007 1.044931057932253 1.04838426855337 1.02607044900139 1.035919318881806 1.014094153444876 1.004780128876439
1.095279896305862 1.081507659549801 1.065293543550534 1.080811631183512 1.069732589382857 1.073103206735772 1.168089206467569 1.124850367757075 1.100464301485644 1.182762688368984 1.080250170211481 1.07204822608493 1.136376686439349 1.095809755146737 1.427207701008386 1.251391536794755 1.593005235383387 1.276111858230401 1.193480780441903 1.222474597302256 1.153061948845808 1.180815297139177 1.210329185118781 1.118285384196968 1.33773701576072 1.152587792120263 1.076159216320504 1.045031796365569 1.047638675542457 1.069336106482857 1.041460819905324 1.035408652723783 1.045307198185255 1.039361245101851 1.019563254148065 1.032509817670639 1.02278398690549 1.035698938614785 1.046726186631372 1.031473586859289 1.029114803007497 1.03429313678566 1.021716900109342 1.023060379615687 0.9856014325137179 0.9853857015063929 0.9672089864764639 0.9682521920415118 0.9530824148411865 0.9319786158531298 0.9564883834752277 0.9086900472182231 0.8722009993327937
1.138374800203095 1.07416461453599 1.542000150912077 1.278616414287441 1.355352205898076 1.17362050315947 1.120975449853639 1.093447004231677 1.125181113738745 1.07756080603296 1.060109471605085 1.144957571164838 1.135000452495253 1.107572390024635 1.078283847847598 1.052143239841767 1.053271898571498 1.070005354308519 1.071864967040424 1.049877768906226 1.053766868892939 1.032451536303445 1.024765906453369 1.04852411555611 1.225982198645431 1.09579464325101 1.052240604688592 1.043588374457255 1.048964187391293 1.027743962694357 1.008807754164349 1.012923026516211 0.9984251628935813 0.9945582982754914 0.985248628408262 0.9718373770928166 0.9595889468571768 0.9623535296697452 0.9529868936156504 0.9705207820663189 0.9420938274746543 0.9431616755312496 0.9377805307434981 0.9200820519665209 0.9027767928734342 0.8913750623299332 0.9002119738282244 0.8840341278600465 0.8696458560598739 0.8122151479790485 0.7803518829251936 0.7877261804130145 0.734021246369151
1.169591937516753 1.091018865854125 1.054009038461089 1.020772391108156 1.121811297686132 1.089667167808959 1.058994031869767 1.040538772238543 1.030445490854526 1.121868443166279 1.087609636359806 1.508317276708812 1.241540060978497 1.180584911870596 1.158295802173785 1.18833975580708 1.109108537328254 1.098652143523305 1.104489828182474 1.057137573795686 1.248313130771517 1.342472827790614 1.357655163352337 1.200145280804036 1.144627447727536 1.110701429298511 1.056639902872106 1.009326792546925 0.9816648945022004 0.9722807676761986 0.945209204596721 0.9527397490492451 0.9489509171168442 0.9230311836258439 0.9152253332029388 0.9296606085846584 0.9209898458048296 0.912836059048092 0.9003344071207854 0.8897154080082477 0.8673945023080266 0.8753413361343548 0.8452754304321691 0.8267428888055853 0.8160146475844342 0.7744509983086335 0.760117206406 0.7393164270206035 0.693137913279523 0.6747981498132629 0.6589802013275419 0.6090825594477187 0.5701000245374084
1.089037022678663 1.473316451421697 1.225992486229466 1.151530285770146 1.252622034699487 1.121867677107871 1.063477463294686 1.321174565897353 1.133968554553883 1.064211003248056 1.035292539524023 1.027782820864991 1.001728069064761 1.449752879482415 1.234025464139519 1.151736879751692 1.161770695476994 1.102806303474841 1.069066790819688 1.094932488249827 1.059733263029068 1.03289407157359 1.037078668693014 1.006680432117306 1.243588405929482 1.330151570188527 1.055204275897573 0.9507771679317069 0.9254623684560411 0.9134214081726371 0.9115599812007559 0.901224656922244 0.8474449522430734 0.8597178976758001 0.8581779350325286 0.8193395352447211 0.830341558360822 0.8039169435576354 0.7852231543648587 0.7867407827203649 0.7752110079573032 0.7445574927701742 0.7209740564127763 0.7135954436398753 0.6853906738775504 0.6582415514894231 0.6660993515266586 0.597326982167108 0.54898222430556 0.5341551363939483 0.4928685978095823 0.4307148422566317 0.3219414406315665
1.063353674570389 1.321798439765268 1.185302209680886 1.118391019715617 1.045622124219847 1.420300296155228 1.210094058227153 1.107938156337802 1.041570904880036 1.636164307565134 1.25402446586399 1.120844043976729 1.019533300148078 1.017660115552176 1.127505869957188 1.214633088675572 1.116050307090519 1.17549590727639 1.157237487989711 1.086961178403394 1.152581536328876 1.06269087417674 1.203037604164576 0.9903871674969853 0.9681484247463856 1.226995187920157 0.964515691181092 0.8377042128371698 0.8038590345083814 0.8080550239195818 0.8070488884464245 0.7769278170668033 0.7760008982411221 0.7613381117024325 0.7281218749016765 0.7401332549618365 0.7239914014061504 0.7070650031374539 0.6706425967721595 0.6724706044326292 0.6547915209825638 0.6561458687290269 0.6012936420681122 0.5655243179407705 0.5374557084954865 0.4374886245843409 0.3921204038892839 0.2968503390921 0.2201228519432598 0.1570536152009861 0.08897257590353394 0.02455678365943743 0.001054720790841119
1.008020228195866 0.9684026099960628 0.9233218226095035 1.039803016250125 0.9033102856214911 0.9185908058609343 1.124160383915242 1.161121487995729 1.047519725889468 0.9777773084249411 0.9125707832039458 1.011145602562928 1.223459846694867 1.045914012102122 0.9693251115572048 1.079289548717037 1.151761339965981 0.9682654200433445 1.145660363459897 1.099031732222482 1.034431656686381 0.9912772475914983 0.9727239145524738 0.8962301426012755 0.8765121299982389 0.8191143830375617 0.7887578725936034 0.7539824973077348 0.7371734329639572 0.6940381541756669 0.6626925081249019 0.6558170859198869 0.6634092514227272 0.6372314375357662 0.6003210351321404 0.6113146928024578 0.5883830681159671 0.5572283458367471 0.493196178381154 0.4542535095287159 0.3779856907500601 0.3004614473492577 0.2073256067722216 0.1498683389860113 0.1038279946846842 0.0555097146336715 0.01397781328954449 0.0001679157615606952 0 0 0 0 0
0.7457909642220355 0.7406985971236075 0.7408130035858714 0.7344637541927613 0.7334889960826855 0.8336570588376473 0.7978227295185651 0.7490881097229881 0.7150785611928517 0.6737729681386158 0.6719557004574813 0.6558219161378347 0.6449365386591759 0.6346075398450474 0.7778488956137298 0.6666161535439812 0.6594947430757961 0.6552163367310357 0.6343150597655073 0.6792073777546532 0.6656623125775668 0.6899224239150271 0.6820687625529345 0.6494202895187381 0.8235852874915113 0.7435849405837995 0.6507773740501439 0.5784476548254384 0.5301608243317077 0.5135465456338045 0.4805400545218957 0.4540042551480544 0.3867747261056617 0.3533607526097016 0.318990161318581 0.2357005905636644 0.1646618923939596 0.1186447976268447 0.0682985776141475 0.02950507774733101 0.006378001784007149 0 0 0 0 0 0 0 0 0 0 0 0
0.5173399291509875 0.52080684811065 0.5257513392527956 0.5273503431642901 0.5362288668651545 0.5187616225693099 0.5024774450322116 0.508343731398287 0.5020376079996388 0.483323450078981 0.4862628725707634 0.4764208990773574 0.4671288291206823 0.4743862060410029 0.4743876954033318 0.4743892463925288 0.4751555736574204 0.4694369034459938 0.4458635054044152 0.4106405800101514 0.3576092472010957 0.3262547136166322 0.3230483438593908 0.2990192603289497 0.2742437275889306 0.2506429157753718 0.2069236905784105 0.1690187352048323 0.1295724947941379 0.1066152092721667 0.0902430346514987 0.06957802416657163 0.04380673885745751 0.01931520959455266 0.002866721922594442 0 0 0 0 0 0 0 0 0 0 0 0 0 0 0 0 0 0
