benchmarks/avaHockeyChannelPytest/Outputs/com1DFA/peakFiles/release1HS_d10bdc1e81_ent_dfa_pfv.asc
ncols 1001
nrows 401
xllcenter 1000.00
yllcenter -5000.00
cellsize 5.00
noDataValue nan
[rows 184 to 206 of 401, columns 53 to 105 of 1001]
21.29408485736481 21.39197408719404 21.47911764102233 21.55631981990033 21.64935221416173 21.75470064866478 21.84532946809182 21.93913682999841 22.01974518271442 22.0913637845628 22.166519010274 22.24041221573297 22.31958556606962 22.39082526177603 22.45843415881386 22.5196571779215 22.57699612745485 22.62937578714545 22.67712331624568 22.7213070988988 22.76226204136585 22.80666636207524 22.87704622440033 22.95533102081886 23.03288634695858 23.10671440159637 23.17484806118626 23.24349344519825 23.31140184929367 23.37837956668648 23.44841020142976 23.51292548594166 23.57726978855183 23.63613999207803 23.68900598338651 23.73784883452274 23.78856755484679 23.83779537910666 23.89374951965354 23.94061090432161 23.98512941684446 24.03179494053458 24.08448200985393 24.13201370511211 24.17786288348674 24.21794466890795 24.26732065360608 24.30802792569796 24.34708944251207 24.37677727489643 24.39773020918994 24.42006712801381 24.43908284744112
21.31400542092074 21.40051873165926 21.4787784538713 21.55125850958683 21.61332201368278 21.71005023152774 21.80740080437745 21.90891717627192 22.00691042278647 22.08762583174405 22.17025991464453 22.24814281459206 22.32019125815216 22.38520800942995 22.45554709547156 22.51783779924268 22.57669294401808 22.62622458821143 22.67246567038038 22.72016436314812 22.77035991962791 22.81448752689955 22.89637345277832 22.97543995878902 23.04706265419471 23.11664135835505 23.18836553255683 23.2615551762601 23.33271601495282 23.40441710011267 23.47880537165911 23.54956211348252 23.62362310217186 23.69740315426637 23.77199399689267 23.84308757121907 23.9154955479721 23.98347014684843 24.04781112485686 24.11047356727366 24.17423114238524 24.23674968658281 24.28839903907692 24.3397788530572 24.39567925188465 24.45752825777412 24.50862909167984 24.56234320742981 24.60586577634524 24.6587692427359 24.70783922643747 24.75997412403584 24.7945718078801
21.35578137363193 21.44490841360717 21.52713731296164 21.60204680384984 21.6846230281987 21.76667040774428 21.84924623141257 21.9240394356639 21.99925453823027 22.07435281900128 22.14627109240421 22.2241555544102 22.29281481322131 22.3618192478279 22.43058501195125 22.48698612406414 22.54214235427357 22.59675959845385 22.65059102644593 22.70255351770536 22.75917495532763 22.81597202987054 22.88342523730283 22.9469225951433 23.01695766836637 23.11388910899083 23.20723803654897 23.29753642009404 23.37418701010985 23.44872083804941 23.52107510023015 23.59384371950277 23.66802336658519 23.73572875689673 23.81328261095273 23.88925498123209 23.96220258182924 24.03205527367238 24.09815689769807 24.17432320774305 24.23964716260022 24.31517234119982 24.37952289394743 24.45222269502703 24.51830138533797 24.58972459026064 24.65198504197248 24.71315820644294 24.77945075796606 24.83992518748468 24.90317978939752 24.96777097801108 25.03162385001236
21.32726053466587 21.44239191275484 21.53915998096989 21.62586692930435 21.70862772449139 21.78568162636278 21.87110299494419 21.95461418335085 22.02977606068578 22.09562809365677 22.1634349444663 22.22293146841553 22.28808314906341 22.34588119904245 22.40927422267171 22.46971414568894 22.53237678533081 22.59351404884534 22.6522893169446 22.70233607356334 22.76750844096722 22.84253998390767 22.90467011409559 22.96909910913904 23.02992891824292 23.1187303028988 23.21119538614202 23.29876168561887 23.37699725296331 23.4538119652274 23.5268771985457 23.60601896618931 23.6879585829692 23.76972785374419 23.84637313962213 23.91421587569215 23.98036413713218 24.04723203905 24.11609637376139 24.18914797860191 24.26116798579566 24.33993901351454 24.41236182842536 24.494078181889 24.56879880931528 24.6452303202588 24.71604712218412 24.78895459275867 24.86667196301052 24.94523223505073 25.02087965820962 25.10046292824863 25.16889052068058
21.29259347116736 21.39265356328722 21.48881702625068 21.58672650351683 21.68069500083968 21.76987218264969 21.84935610163354 21.93005966633863 22.00399100508115 22.07270518378628 22.14122672220644 22.21444504352982 22.28366871497057 22.35309188538182 22.41975202906688 22.47899932190364 22.53922409688228 22.58918395682402 22.6358790361606 22.68168891570092 22.7422608788631 22.80983061170576 22.87958069487788 22.94147237580448 23.00689722820274 23.07054522742876 23.12461503590588 23.17642402081529 23.25989024488803 23.34783499582106 23.43999179518057 23.51867836589073 23.59192400777816 23.66301937726944 23.73729846960203 23.81672404978429 23.89614318035329 23.9814608087749 24.0603857570925 24.13856744049734 24.21588383913865 24.29292373143232 24.37207572161961 24.45233758696569 24.53675126267095 24.62468854890537 24.71054487654202 24.79443846066417 24.87755795005974 24.95570603711498 25.04183565056655 25.12823854306588 25.22155437882429
21.25233124882123 21.3429285595495 21.42317730612688 21.50852671268947 21.60444088275823 21.7013886575256 21.79428252450075 21.88471633651314 21.97242059300567 22.05290215055401 22.13019673693656 22.19795939279724 22.25256619900157 22.31452573331906 22.36447790562237 22.4149536008393 22.47993489890998 22.55360216282786 22.63277531306225 22.70579028532305 22.78458654683943 22.85335616240139 22.92932763511908 22.9910798186753 23.0561604873325 23.11557365807383 23.17319324772063 23.23360777994309 23.28706902522753 23.33958923279559 23.39720702141007 23.44817394199577 23.50774922162728 23.56283061522879 23.61794372936106 23.67539864158181 23.73514764821656 23.82377043699348 23.90584415272381 23.98995847182988 24.07292074305324 24.16684819555892 24.26174094890066 24.36231850887991 24.458229406084 24.54455377686636 24.63510798867827 24.72800081002659 24.82149500580143 24.92097429719714 25.01094441859031 25.10083275153728 25.19478198818113
21.19390420595181 21.29984331055901 21.40674828184854 21.51351575727345 21.60983836027617 21.71410880388362 21.81079130319954 21.89438831582626 21.97704978504706 22.06014678362117 22.13509609189399 22.20414667821562 22.26522325823143 22.32951434852082 22.40226293505089 22.4973642618419 22.58260974882787 22.66564399889578 22.74096687149506 22.80225972010917 22.87743515022062 22.93422569017551 23.01187930974273 23.07803490875751 23.15068286622738 23.2218011374464 23.28905677071583 23.35530211238455 23.41212654962675 23.47314184668205 23.530031397592 23.58755699269583 23.65094427786592 23.71015138170484 23.76854758339728 23.82679029935602 23.87939839254385 23.93075483644188 23.98801344265387 24.03796326717975 24.09623248103471 24.14608786591024 24.20639453222691 24.25329759389462 24.30607812916867 24.40519378109652 24.50640334445783 24.6043306746847 24.70120827992838 24.79844928441663 24.89952744073987 24.99819307781252 25.09553927292729
21.24632130895757 21.36665217926085 21.47129221290998 21.57286352514739 21.6663596259706 21.74670672602692 21.83171789115051 21.90716406099087 21.98395943704282 22.06121564487378 22.12952587328279 22.19648027064403 22.26150322544178 22.32379371454386 22.40103292087353 22.49454397910575 22.5859520973669 22.67826239802579 22.76318937209152 22.84723432921113 22.93164309713876 23.00528159512906 23.08377870681324 23.15348583250352 23.22745992603956 23.2894075246118 23.35382358727995 23.41917217195174 23.4870802452218 23.55924486212244 23.62688545119482 23.69224618372891 23.76086678806938 23.82393877760945 23.89243268913386 23.95657019661232 24.0232518656673 24.08254181900197 24.14816199095317 24.20783891963132 24.26930061666934 24.3333178428243 24.39576711807025 24.45150516957136 24.51612708988685 24.57245875536271 24.63670176383705 24.68771074416907 24.74436866529596 24.79740460766259 24.85773354923542 24.91513304050867 24.97817858725289
21.22982234210896 21.35161447592812 21.4642321583324 21.57148681503741 21.67348843442043 21.77088606944749 21.85568882591427 21.93597699666007 22.01140245209279 22.0814350196677 22.1423285384074 22.20557402346727 22.26593703893338 22.36459600929111 22.462350170435 22.55574175030395 22.6446199274876 22.7345803415485 22.81702608921424 22.89531763511856 22.97812499335361 23.04988983852531 23.11860500532397 23.18815341450581 23.25906596252705 23.32552811495038 23.39131788470686 23.45765522067994 23.52745024069754 23.59637063303977 23.66417172322098 23.7306862270032 23.79818781747518 23.86001668733231 23.92810441400423 23.99646871395483 24.07353287650133 24.15228144849377 24.23324106360375 24.31031703942178 24.38125215687007 24.45035591508782 24.51337935584293 24.5784772615051 24.64674816492322 24.71769937882295 24.79020864588378 24.86171632411828 24.93858433774313 25.00624203326586 25.07529008391131 25.14964604969438 25.22038908197931
21.26773426691325 21.39209355155526 21.50713301503196 21.61167812956497 21.71287556232295 21.80750390535168 21.89755820312676 21.97506760383892 22.05091367996195 22.12326427820916 22.18952579405185 22.24710261980605 22.32177356026007 22.41937425275278 22.52275667353206 22.61790597691227 22.69632295026884 22.78572175980959 22.86496178918505 22.93655520281743 23.02006128026218 23.09294416537729 23.17159805811492 23.24968161236619 23.31889271724638 23.39731745493755 23.46651425739443 23.53321834308077 23.60242608816136 23.66632018480888 23.73889778039179 23.80549947253585 23.87805286674363 23.95051479491774 24.02681287705909 24.0974291365819 24.17003284073774 24.23794516752043 24.30816037324814 24.37777110189741 24.45189063518905 24.52324018182421 24.60576865170984 24.6808102228197 24.75989123014969 24.83836183840977 24.90840604574703 24.982218700118 25.05783739287055 25.13459135662891 25.21261937122533 25.29555881198036 25.3743725995262
21.30254572452064 21.41977356459775 21.53470250972168 21.63824530649553 21.73778789882707 21.83215980520697 21.91842587959567 21.99471873668128 22.06522550679788 22.13261335897256 22.19721352704045 22.2708818254436 22.38309162025182 22.47949914468933 22.58144938704845 22.67643526853895 22.76060228934557 22.85259565274998 22.9392277118373 23.01117863308522 23.09746151452827 23.16740109408371 23.24162199542374 23.32034916839498 23.39030111809437 23.46612266902189 23.53519310514383 23.60100067280993 23.6685471539401 23.73367274250063 23.80547328337844 23.87399282389203 23.94495666709341 24.01100403549327 24.08137478841139 24.15059996757827 24.21930696292067 24.29045103091433 24.36077156077375 24.43560887068686 24.50881429663168 24.58457291811875 24.66045061346732 24.7380901051315 24.8162023690222 24.8941974612779 24.97760556924362 25.05658905602417 25.13949629412199 25.22391481819239 25.30635893776537 25.3974752918692 25.47864093549141
21.29157639076982 21.40476907921011 21.5166248406816 21.63108068602689 21.73181400747145 21.82506303218878 21.91203276329037 21.99827942286587 22.07173026399209 22.14069413942239 22.21364464017523 22.32521635207664 22.43502314263201 22.53010419319962 22.62519649071264 22.72019977455036 22.80300166369519 22.89448601798112 22.97741835442734 23.05406970073807 23.1350260792573 23.21209969779893 23.28544633570847 23.36249909384363 23.42875828863023 23.49758407171543 23.56597047256571 23.63514854820002 23.7099724415806 23.77426706195176 23.84610129300184 23.90921686843452 23.9785736801059 24.04167997594109 24.10608517966404 24.17386559349887 24.23841664940424 24.31026390658937 24.38046827218625 24.4626491076257 24.53875307614416 24.62100080466625 24.69538501950617 24.77691932128156 24.85320979738609 24.94058782161027 25.02124696437413 25.11267678799744 25.19504163870321 25.27678161997995 25.35793327182758 25.43930060310761 25.52590215945639
21.28291994066973 21.41342563021241 21.53583032363336 21.65608348426032 21.75983894452953 21.85571874598563 21.94756724430554 22.02860468090162 22.09961410173727 22.16429020018506 22.22047722688569 22.31115331049373 22.41581702615706 22.5138405500098 22.6054163147483 22.70203439705505 22.78077296572324 22.86418505814655 22.94618938288187 23.02941999634899 23.11255522741524 23.19058670021279 23.26756903632644 23.34411423735157 23.42229972439428 23.48654069220228 23.56148586361501 23.62613531407477 23.70034340391789 23.76585943184569 23.84433150501862 23.91282159440557 23.98162128336887 24.0503590940483 24.12197501917281 24.19406712004099 24.26480490265586 24.33502292391634 24.4017925619126 24.47460306272047 24.54152508498899 24.6184196967918 24.68725383399709 24.76593611311451 24.84103406350536 24.91975659882555 25.00198110332412 25.0860277494012 25.17087346879597 25.256003885031 25.34326871389326 25.43122383386396 25.52252573562251
21.32889583154374 21.44558791020217 21.55955127177682 21.6658447630044 21.76671477363266 21.85573804790835 21.9412673422835 22.02167416401257 22.08811987025945 22.14972108264255 22.20771213263787 22.26414372030945 22.36467641532575 22.46796521101294 22.55859875419318 22.65199802507383 22.73740595364865 22.82104907116225 22.902816572214 22.9906648368884 23.06797891222999 23.1484854378372 23.22972623408857 23.30718180291773 23.3906070889207 23.46395607942048 23.53952142435455 23.61026638525917 23.67880160854857 23.74572620303466 23.81368534552747 23.88156174860129 23.95137164049723 24.01447844034261 24.08304365905297 24.15121382284833 24.21350749666642 24.27680820483068 24.34488494802606 24.40799163566467 24.48128693083774 24.55617300117129 24.63271052977798 24.712831789756 24.79000539674396 24.868367601178 24.94300716430692 25.02356960178098 25.10450510551701 25.18277387904073 25.26932281573754 25.35144559949776 25.4406328999134
21.35805897298641 21.47040371885498 21.5764507626512 21.67243451936537 21.76495472253396 21.85264028691872 21.93352589568905 22.01247760504233 22.08240552209349 22.14811523264429 22.20947069191593 22.26977442534526 22.33985269864033 22.43737885956551 22.52740458264308 22.61880086461611 22.70725701683342 22.79423573697564 22.88274490197981 22.96573098269031 23.04762128150641 23.1300314192684 23.20674945890165 23.28321089638496 23.35676177429801 23.42474070137737 23.49911600390764 23.5593722367227 23.63421117184649 23.69955141433152 23.76566762919968 23.83286807204539 23.89737811775414 23.95698936935852 24.01614499399927 24.07854462031311 24.13637476570296 24.20797985918613 24.2697585967495 24.34023262296152 24.40806034286716 24.47971332698398 24.54668649495918 24.61374595139983 24.68189961159271 24.75123233954341 24.81800222513625 24.89547963045234 24.96392117705818 25.04108069430836 25.11877329384224 25.22263986606217 25.3363703707227
21.43564979227005 21.54392194374794 21.64983569279146 21.74958025813239 21.842104433444 21.93186664754543 22.01114784395927 22.08443166059187 22.1514328146813 22.21569103353105 22.28057040804951 22.34384436448979 22.39500589970014 22.45092416607281 22.52602615590444 22.61782704727775 22.71266544603189 22.79929657022421 22.88416031230416 22.96025567243656 23.0345267598915 23.11117235845831 23.18261768761998 23.24933480803517 23.31467990989524 23.37356338672754 23.43961098884227 23.49426578107441 23.56172842208122 23.62111737393123 23.67821963657852 23.73958038424874 23.79080594890491 23.85075697523728 23.90124304886246 23.96268916013513 24.01885293804417 24.08409595235716 24.14064011239783 24.20456525803631 24.25921369172473 24.32480783045886 24.38125825897921 24.44782733857444 24.51141485763256 24.58176744530508 24.65233253639083 24.72620882850858 24.82934140220786 24.93415178892027 25.04416367643883 25.15702207274536 25.26461953692604
21.48052459507954 21.59017945243906 21.69143574103184 21.78710276872711 21.87502093231265 21.95642958113985 22.03700408458417 22.10614114213291 22.18118288517774 22.24117392990207 22.30889063112523 22.36854039396033 22.42156608176968 22.47900059752406 22.53703945134415 22.58733871183462 22.66817411320508 22.74048600526523 22.81430244058097 22.8793309633093 22.94591353616006 23.01007841051562 23.07177139781313 23.13604007572811 23.19633293458717 23.25935752619387 23.32097076580257 23.38098526148028 23.43960819873997 23.49863382929153 23.55310091412149 23.61898658229476 23.6711261360599 23.73049699328642 23.77697911636522 23.83300899843532 23.88115528090669 23.94196133235126 23.99353476319247 24.05209046660014 24.10496839137082 24.16078777607391 24.2147093245046 24.27954601368626 24.37020348399545 24.46281038805782 24.5561768120976 24.65347878380512 24.75156522552109 24.8484013342468 24.95305232574286 25.05044260690835 25.15324620687972
21.53822083051587 21.65164255487435 21.75849622825618 21.85795864815087 21.94277959111845 22.03103398853514 22.10767683598841 22.17221842655813 22.23162848642798 22.2971796040215 22.3504417709957 22.41266862928758 22.46552399957938 22.51521962087947 22.56845522745106 22.61587262460809 22.66858301251925 22.71335600678615 22.76012734615785 22.82795225105401 22.89590917869877 22.96086068164454 23.02601598700543 23.08784939417583 23.14920010900055 23.20867011619265 23.26641011980978 23.32144503247496 23.37454602216365 23.43318166872784 23.48806798385943 23.54676771864075 23.59946409144646 23.65720125816905 23.72006708580487 23.78956884133907 23.85101488790601 23.92067744159069 23.98212349599316 24.05048788480703 24.11438092459277 24.18657977756799 24.25504125831796 24.3295912975499 24.39829986522981 24.47501863196927 24.54626787904351 24.62288982352725 24.69857844852585 24.77782507673206 24.86034665799315 24.94242738558843 25.03089897500469
21.51801431034957 21.62461832453405 21.72626912297458 21.83036437380942 21.93078727676724 22.02902062330392 22.11448363740984 22.19474456996953 22.26791891523012 22.34057975698789 22.40137758341484 22.464339462462 22.51726319669023 22.57580248454267 22.62722637883581 22.67042734081493 22.71531468999555 22.76343926233085 22.80764943193857 22.86486834459819 22.93045837837465 22.98264134427443 23.03917152747776 23.09425636000443 23.15284570772828 23.20590718407857 23.25647934562834 23.30817784396713 23.3526899456356 23.41863684705462 23.49008438988856 23.55925077315061 23.63265892069741 23.70323829060763 23.77819091431488 23.84542388612535 23.92015653158905 23.98898519246509 24.06342933176467 24.13698040207959 24.20892359066026 24.27951815529165 24.35043709522278 24.4244446183359 24.50047515771505 24.57977583689049 24.65460202248924 24.74153054997613 24.82069360707215 24.91268190814607 24.9984089904663 25.08779037946679 25.18716302741389
21.49965853588685 21.61626449498397 21.72411519569783 21.82044640143047 21.91290435026086 22.0059133039067 22.08729119290512 22.16346102559697 22.24339730846287 22.30987966974569 22.37580970861704 22.44650115653512 22.50763722381313 22.5714608512721 22.62394315764163 22.67657721306515 22.73292672070214 22.78028349261264 22.82926512753202 22.86428497515219 22.9108660972147 22.96271062811504 23.02815276743539 23.08971950117416 23.14741028296041 23.19977336739354 23.24588409316229 23.29548724142198 23.34369249902249 23.41137610956255 23.49026065036188 23.56161126241826 23.63687804887915 23.70898040863837 23.78489188621958 23.86136603259943 23.9370343871803 24.01231718408835 24.09203949291258 24.16741724177193 24.24712232451816 24.32222387120936 24.40250387533272 24.48077043962417 24.56046269951733 24.64324511824918 24.72486792332867 24.81461474459698 24.90087117676707 24.99349706046951 25.08787289880571 25.18243086760164 25.28297603464472
21.48386944413533 21.5970395460012 21.70390133035234 21.80809765808209 21.90522339678389 21.99659664094215 22.0745820822318 22.15594631400886 22.2390890242363 22.30959162913243 22.37800385300047 22.45168659123464 22.51338912854975 22.57172530610466 22.63643442311217 22.69491976720144 22.73879317089148 22.78765378817491 22.84435692320168 22.89155882824196 22.93641256362335 22.98312122495892 23.02358058239162 23.08456370831918 23.13445997202559 23.18823262016355 23.23612871715914 23.2852767973607 23.3311734209781 23.40294934741733 23.48413641495706 23.56344826163825 23.64652488352957 23.72690878338679 23.80787265139996 23.88252799825974 23.95662499837869 24.02567190813024 24.10434757209304 24.17603283028773 24.25982267748918 24.33495260599438 24.4221779382931 24.50193536865927 24.59089730204031 24.67467193338675 24.76339580756826 24.85095631380051 24.94329207611992 25.03467850198599 25.13139924220875 25.2233214428835 25.32298912533962
21.48659670044552 21.59892293646015 21.70322196180111 21.80397228421033 21.89780004412139 21.98700571120563 22.07289244916048 22.15533534737344 22.23926467932325 22.30742417951307 22.36796374946082 22.44004959989641 22.5025051721791 22.55942959702588 22.62293919539941 22.689965799618 22.74943300692587 22.81063830206157 22.87330716702162 22.92745464603163 22.97787362846914 23.02270015333325 23.06955657331067 23.12618849576733 23.16826143684032 23.20764723184922 23.24757316427465 23.28699318479211 23.33954733473777 23.38218641674471 23.44014028688778 23.51423417505247 23.5913886473268 23.66468871917991 23.73834746843425 23.80836480487299 23.88114105008628 23.95747299287456 24.03377206438731 24.11213431615459 24.19690222362146 24.27907923032474 24.36868641404359 24.45249765783395 24.53938319260247 24.62789901002211 24.71649384588812 24.81532328478996 24.90961231077649 25.01795689977471 25.11358963405318 25.2175936131738 25.32140049330269
21.51669588082982 21.62985902190248 21.73778120401539 21.83928441201384 21.93217414686617 22.0233593456432 22.11369257932063 22.19607969534668 22.2753545020042 22.35304015304278 22.41313432983809 22.47451343487767 22.53681519385315 22.59372284038464 22.63857658744789 22.69330740798535 22.7477908352553 22.79454791335691 22.84915407835842 22.89148108176838 22.93405222803743 22.98651452949603 23.02767617588606 23.07780035578074 23.11543095881056 23.15983927686051 23.20576814768448 23.25490993224209 23.30505068137547 23.35266126046363 23.40440084238838 23.47511378185946 23.54945224593353 23.62317185053499 23.69770193078615 23.77608798334949 23.8523686923417 23.9353602254372 24.01449061614812 24.09420079737473 24.1771983227598 24.2569571521703 24.34126150158068 24.42582570523416 24.51407796478917 24.60434140827429 24.70048320846638 24.78958158890411 24.87979580298489 24.9714641043713 25.06070217647876 25.16068347855627 25.25802762529843
