benchmarks/avaHockeyChannelPytest/Outputs/com1DFA/peakFiles/release1HS_ent_dfa_67dc2dc10a_ppr.asc
ncols 1001
nrows 401
xllcenter 1000.00
yllcenter -5000.00
cellsize 5.00
nodata_value -9999.00
[rows 184 to 206 of 401, columns 106 to 158 of 1001]
119.4654115231687 119.6881802217396 120.0551110288234 120.2797994134616 120.5666003222312 120.7810744185989 120.7658321457925 120.7521200514759 120.6121489648623 120.2734362236805 119.9063090162036 119.3546648062775 118.762022855537 117.7059555130255 116.8779153497303 115.4245559306419 113.9833178125316 111.944454830487 109.6950261632447 108.8265782895341 104.7418595154401 101.8779334025775 98.3423203266418 94.98287227465913 92.44577218912254 87.54042269783156 83.62125594417947 80.79821530011581 77.9814738517527 80.17899480189166 81.92939039487788 73.85401290706952 73.38041521236948 71.10258457302656 64.97426177797647 58.88679690249941 57.13030302977341 42.76347392679033 0 0 0 0 0 0 0 0 0 0 0 0 0 0 0
123.40616998823 123.7728377051311 124.2762734257539 124.856916856825 125.4839968780041 125.8914229695842 126.3160838282028 126.7570598823933 127.0776271344483 127.3621917698948 127.451663621885 127.5487541140224 127.2623159539338 126.9719893320899 126.5036073358556 125.8653785261322 125.0636966888237 123.688168776735 122.3641430859635 120.997330811829 119.020967924641 117.25604645357 114.8063918979172 112.1645353722802 108.9760824118005 105.7843653973281 102.6389405980435 98.57955726890135 94.22881651593744 90.36484368481007 86.54776807318123 84.66267505473721 84.11949613379976 83.61462333765209 83.40827701819684 82.420453380342 66.17267536675259 66.32518812946716 66.17856028752381 64.08718700628685 58.24678876650521 44.03488915793582 0 0 0 0 0 0 0 0 0 0 0
125.9802129686408 126.586121292738 127.1294703648792 127.913150878695 128.663554687369 129.4813133407501 130.3527234724067 131.0574546031989 131.6986136840499 132.3864635585079 132.8413082336675 133.3686698170532 133.7740619367311 134.0406410628321 134.1369194781892 134.2561650020095 133.9951838480117 133.6981043742718 133.0527403240185 132.4043707561126 131.3755126041978 130.0205162232266 128.5111350907428 126.4345575828924 124.3406466766885 122.0610926380383 119.3050972267978 116.5315300202264 113.3669421260335 109.7126869509315 105.8425757286394 101.5804915943217 97.09185302121527 93.17971551231524 91.00299563530272 91.8336078830792 93.13384201343636 96.02247536028467 84.53903817758018 83.05587607372107 81.50091490568325 71.10303710092077 67.39190524406767 66.94072132843543 56.7339526917707 0 0 0 0 0 0 0 0
127.5474354143903 128.3417214017592 129.1327082439669 129.8737257670439 130.5572282219421 131.6536643662572 132.6045845157037 133.5583793578229 134.6288859189157 135.6296447627804 136.4965505220296 137.4187027441303 138.2579387053773 138.9038039097767 139.6276603329431 140.1505956263834 140.5992969187073 141.0264220651951 141.1624044120229 141.2605218696445 140.9008751995872 140.4775926809863 139.7218001842797 138.8777353235097 137.4306040480951 135.7842911919256 133.9658012285716 131.9422287871708 129.8017738311502 127.3425493561982 124.7321075016599 121.4439181581988 117.7816875634527 114.1520384561249 109.8586743204284 105.7136135644892 101.6591894448648 99.52418851586884 98.51241197782534 97.42620625934698 98.00264059228003 96.80719470500438 95.80220555722647 89.86599871808008 74.81306839799552 77.7395098362862 76.28871068265597 71.47378915481937 62.6673584078516 0 0 0 0
128.1207079813732 129.0113910202429 129.9004763465944 130.8175444697627 131.8077791276079 132.7535339317129 133.6599812228428 134.7286413129668 135.9247405846749 137.1604696655961 138.3190338262713 139.4476907884896 140.6218757464712 141.7598236016638 142.8854083438916 143.9084601559426 144.8957162358791 145.7502282085636 146.5945634171088 147.2021097697113 147.6431459093241 147.9879851806166 148.1404074356904 148.1708736674074 147.8036600778217 147.1977800886665 146.2521948624529 145.1526809413106 143.6273134722001 142.1002369263362 140.2092525862547 138.1312736446041 135.9353507573329 133.250205031304 130.1437016565891 126.7998641022692 123.2225395553059 119.0733672861618 114.8532629324652 110.6775644891226 107.8219429907118 105.5210304121814 105.0671343946726 105.7128369266443 103.7169317156075 104.1837867578055 103.324449164112 92.72587786175711 89.45091128219967 88.77701418905896 77.49000524754517 74.19587474044059 65.51882320732966
127.9610665502048 128.9899313062605 129.9702689318109 130.9705131877813 132.0142964668077 133.0809664221555 134.147614422914 135.1795394911775 136.2099941689014 137.3538610623163 138.7541198952296 140.2266918360075 141.5647580474194 142.9530173846084 144.3369320363055 145.6867042974775 146.9450977211414 148.3107524321786 149.6502406365422 150.8283579891322 151.9606953977204 152.9352060104569 153.8475849133231 154.5070516013903 155.0149860939802 155.3532472982676 155.4075241071897 155.3116721045355 154.921392674621 154.1524844602792 153.1117094717753 151.7472334465514 150.5681224155052 149.0621609731909 147.1771828382836 144.8697917398858 142.2696261901584 139.295550486791 136.0710711999855 132.3671346268054 128.5573551950241 124.6711619950762 120.1364647493228 116.6529122360604 114.9590203051159 116.9125073257304 117.4980531820751 115.0211235160689 114.6453105363732 107.2492011218308 104.5295085950942 97.00487551703834 95.93334560908545
126.9271082912119 127.9141221727129 128.9195050155475 130.0691658649174 131.2185763704126 132.3996277656267 133.6046140316789 134.7749893944955 135.9969784268236 137.2260409341781 138.4360720798454 139.6663632505452 141.1386505375168 142.6683394265234 144.2895385361436 145.9538928299032 147.5495331522982 149.090734851856 150.6960967764076 152.315472753136 153.8015628124461 155.2872125976489 156.7213327320592 158.1137932692146 159.4022980603137 160.4745075707348 161.3805271412506 162.1426814819131 162.7345380950357 162.9506433484088 162.9671131674747 162.7149219910046 162.330355857644 161.2810777933729 160.427408628334 159.0179682595837 157.8424609674631 156.038303465463 154.096089595067 151.8402670136594 149.079823440352 146.0533439843131 143.0623849070752 139.048920642552 135.1268553435649 131.6093084778099 127.7255254747396 124.2427119819582 124.023648174368 126.041706770461 122.8082953334073 122.7393254128114 121.4463735445806
125.4130365532808 126.3830068194034 127.5418756143094 128.6285606789124 129.7948897803552 130.992893705908 132.2567972461974 133.5440737633679 134.9633026099075 136.3959099383126 137.8584930294457 139.3183245224045 140.7713670589165 142.3076970014513 143.9382024450718 145.5181902117057 147.1597006327851 148.856199147678 150.6355398999548 152.3933948748332 154.1457507767253 155.9139420843632 157.647951407641 159.4311260307347 161.1194991377862 162.7425676694342 164.3514377926999 165.819528429103 167.1735689037891 168.3531626276322 169.4007012218669 170.1457821832675 170.6598749629159 170.8921515984943 170.9823418612196 170.5796946223254 170.5073560104379 170.1548815912475 169.5670894814431 168.6347378847091 167.2749180152835 165.4847289781661 163.4703754480264 161.1280927445844 158.6464895957513 155.8847586190165 152.7277714747179 149.2012290294655 145.767012705221 142.5499519618279 139.5730051796643 141.1209542361589 142.2849586261129
127.9431038828969 128.6099507798105 129.2918628479175 129.9919081109227 130.7490426083341 131.5500197715376 132.2825669735324 133.7460752333408 135.2657613515845 136.7509614595813 138.2817165150288 139.7364376549906 141.268929655936 142.8845113528024 144.4367309830626 146.0371845611318 147.7138840187334 149.3639679062305 151.1011432653688 152.8703314312531 154.655373916831 156.4589222051588 158.3352255468581 160.1550570678061 161.9545782223906 163.7584065077371 165.5952152944378 167.4412553439496 169.2849493528808 171.0570241018946 172.7513141311449 174.3347462883889 175.7345189380839 176.9618801527498 178.2244182753186 179.5565793875685 180.6745839881827 181.5834952268723 182.2610196015615 182.4985879598735 182.4973215030092 182.0974232006323 181.6035214570931 180.6075499029323 179.4008524628429 177.953757925386 175.911012615742 173.998739084322 171.3125873520251 168.4426499836734 165.4841862075612 162.7118874563824 159.6007211523887
129.5945983036414 130.4362952006657 131.2964887754206 132.1775016648346 133.0187390351531 133.902204427947 134.7367823552535 135.6242660796983 136.5830704596906 137.4137003148444 138.4805868242293 140.0796981720881 141.7215524073522 143.3513683238414 144.9540640937187 146.6156703345067 148.3520227213948 150.0598392874585 151.784838645275 153.5726716594228 155.4025083992815 157.3835975465753 159.3444453346406 161.2596718076794 163.1878493129119 165.1159693412755 167.2711484989304 169.3803840630178 171.4616947663699 173.5134220592511 175.764025591232 177.9317703783848 180.0189526453723 182.1501196847396 184.3348476631425 186.3375154050835 188.1067154652392 189.9018367579142 191.5650743940453 193.0239935100949 194.170050201511 194.9927100075595 195.8602194827321 196.235095206778 196.4347165867723 196.0483347794477 195.8684954398284 195.1053000210301 194.1425880329186 192.766743041914 190.9227214519283 189.198105917711 187.0291461557968
130.7866027850266 131.6424167090944 132.5399461710662 133.5079441648578 134.4546371036844 135.4721499571416 136.4601586632896 137.4262606613183 138.4500460225483 139.4796609563603 140.5010159949237 141.6145074074567 143.1960980763371 144.8186199326692 146.4869145538495 148.2237629809294 149.9996868954193 151.7752313128732 153.5897448468793 155.4253974790907 157.3912415987303 159.4282264807753 161.4863355949844 163.60266775009 165.6428776522608 167.643291673139 169.9298440470929 172.2565109410294 174.5187242376906 176.6910754691284 179.0748643848612 181.5510422828707 183.8913897405879 186.1123151969792 188.6734857240263 191.0678950762715 193.3466447111314 195.7356090338355 198.0872113792285 200.1718849728013 202.1837454222029 204.2194919622841 205.9770348695277 207.3547528130452 208.8301491453026 209.9354951499007 210.6610325548364 211.255625830939 211.7451531394155 211.8072344822345 211.5362478061284 211.2804772882012 210.7017216397795
131.2533560419671 132.1599992758659 133.1535333497486 134.1508659031007 135.1183063673673 136.1885374461159 137.2686091480299 138.2962010505408 139.412154724015 140.5604997463393 141.7376188047168 143.1969519329546 144.7955069802292 146.4000183729229 148.1032053418892 149.8778369779204 151.6405587957203 153.4022220248733 155.192985555186 157.0445381550228 159.052382830793 161.1122814445562 163.2245744687196 165.3410847207516 167.4138973980911 169.4893407750681 171.8838726232682 174.237214940721 176.5574113824259 178.8107683190648 181.3376174901222 183.9231701061021 186.3966575974831 188.7546832848712 191.5691119532151 194.2013532625584 196.6261513836492 199.4629003327048 202.1319926845368 204.507081034287 207.3021942124095 209.8408298762289 212.0295097860874 214.5871149240851 216.7832087358 218.6692311423122 220.7974338594341 222.5195943587609 223.9132254453143 225.4453645964629 226.5801630722062 227.3093548672012 228.2159875358942
131.2422280370787 132.1883246717578 133.1846404865503 134.1681811192207 135.1427047066884 136.1694180530675 137.206442796804 138.327115822859 139.6824936677873 141.1746052131196 142.7310449335756 144.3155703652582 145.9556903243052 147.5993095719848 149.2829325983425 150.9844465243559 152.7104549095343 154.4498360711602 156.2367302756169 158.1885488035074 160.2174826136631 162.2427106160485 164.2984770957677 166.3730154856619 168.392401476246 170.5913534184324 172.9280457351243 175.2504185799079 177.5409912104092 179.7868818510068 182.5028742241169 185.1053504782613 187.5807343255358 190.1164267092803 192.995004505177 195.6985057099087 198.2792250952616 201.3558022295523 204.1376172262509 206.8170065316014 209.919047772222 212.6490874605088 215.5643678296448 218.4871860371698 220.9959310959365 223.9753669803804 226.5604450944193 229.0299795633359 231.5968450798041 233.6662349384491 236.0261909229582 238.0062809739946 239.7898947953032
130.3994668348207 131.3548655830589 132.3202284215661 133.3793349539918 134.5094649771936 135.9152287261044 137.3346027110026 138.752254259898 140.2289351408521 141.7282649443048 143.2694889113781 144.8558802403518 146.5029244133321 148.1510755361696 149.7855915493416 151.4489222169997 153.1717574515183 154.8773320430727 156.7150134669642 158.678539481839 160.6428668588389 162.6196428599885 164.6098605368868 166.5789914546521 168.5867126593956 170.9220284535181 173.2437794827005 175.5039586255579 177.6863997090752 180.0119112453853 182.6006400228303 185.1274778580911 187.557007546873 190.1994498346605 193.0228604527732 195.6593894191091 198.3776422014692 201.4798567339063 204.317052075997 207.2477322801934 210.4536598936479 213.2918647302548 216.5478646792295 219.6343765189444 222.5740228069745 225.917753286888 228.7191680595573 232.0285123203959 234.9406638306598 237.9294111269081 240.8782761254146 243.4675701341646 246.3677561489706
129.5993628575991 130.8191154036128 132.019793018704 133.346580541792 134.6053487249617 135.9351064021691 137.3270183005726 138.7275103836449 140.1954111724025 141.6716068182336 143.1714532084713 144.6870591145676 146.2370350453938 147.782352007764 149.3778707023049 151.0184203720174 152.6376210521645 154.4154912727582 156.315828255629 158.1955907340221 160.0958270678854 161.993452189607 163.8787877061332 165.7735530990798 168.0246178440061 170.2425873329322 172.4317463500673 174.5581800631748 176.6336700053921 179.094686265591 181.5655068603037 183.9704692608773 186.2899410941002 189.0256922658408 191.7628025967436 194.3413835311962 197.0732864329701 200.1077961709813 202.9431805399411 205.8259783519125 209.0812237198801 212.0194557494201 215.2960828942111 218.5414286040662 221.5702344415479 225.0999079702558 228.1046190317604 231.7070507396124 234.9242713293609 238.3995387464233 241.7085635387828 245.0000746659337 248.3246978161898
128.8714927125004 130.0583742830406 131.2676964058652 132.5259249803145 133.7205821770725 135.0354070091034 136.3437609071311 137.6710082907784 139.0363414301379 140.4746380458374 141.9038671280675 143.3522903426116 144.8348350479295 146.3650526018089 147.8712671230593 149.4159065383274 151.1416718353032 152.9245790101048 154.7225636212854 156.5262910293274 158.3295436913381 160.0847868885566 161.8679457215768 163.8641590678995 165.9801238338478 168.0675414498236 170.1336681705292 172.1698949787783 174.2643972760162 176.6693262322807 179.0230907860867 181.3118194725557 183.5174542600536 186.2161592470065 188.8358150344081 191.3377202189714 193.9663168289828 196.8943230767139 199.6482044430159 202.4376678062813 205.6487305075938 208.5996573766545 211.7119461701143 215.0458669951219 218.032905274582 221.6524263557487 224.9208485233809 228.4487481679753 231.9524772215609 235.387227894222 239.078863837604 242.5023539694703 246.2975234132418
127.6234842096285 128.6864181447642 129.811348733862 130.9050590244786 132.0626048921959 133.2600740163875 134.4369903421101 135.6857278940718 136.9472882157786 138.2559814254441 139.5470488166384 140.9443344557867 142.2979121689532 143.7700567625627 145.2989912196135 146.8151801549813 148.3872063914484 149.9946564044076 151.5661938637017 153.1505766159696 154.8542827650046 156.5311487624543 158.2262217348062 160.1155064152759 162.0327617976719 163.9780139904557 165.9377294833806 167.8811447711634 169.9381035076955 172.1781107612199 174.3737115532273 176.516416892016 179.1599665191423 182.3895352750104 185.5046041696918 188.601708997872 191.6405101690922 194.5150321052104 197.3630698191052 200.1048809326634 202.6628928502477 205.139228875265 207.6536873660054 210.2520938148695 212.6909323828981 215.7326708983558 218.3948578591827 221.5117515145912 225.256577327881 228.6750492996398 232.4133572047609 236.0267218925802 239.7961835554457
126.1567389882304 127.0868442647586 128.0199543892183 128.9986179805316 130.0220943635702 131.0465631828203 132.123992416527 133.2548418881451 134.4095240254915 135.5950273749351 136.8268237021323 138.0726787604532 139.3247205102 140.7659115953023 142.4254011185548 144.1129383752653 145.8251032845327 147.5152828589588 149.2444575433761 150.9898497983472 152.7681343292495 154.6139567255415 156.5682765270348 158.5538791412533 160.5940554935073 162.646233834747 164.7572391263629 167.1082002428224 169.4814683035036 171.8373656562072 174.5090714194261 177.1785961363026 180.143247501128 183.1462725418174 186.3743882361047 189.5636109277088 192.6169563629806 195.559756724902 198.4999892300293 201.3214294324422 204.1466105076476 206.9445361305742 209.7402104429392 212.5084532442593 215.2326834277033 217.911809335447 219.9743576445804 221.6658006650375 223.3529596147503 225.4476868653341 227.5735379764026 229.3099808322563 233.0143961252198
127.7839626075825 128.8452989921612 129.8574399898175 130.9272520365911 132.0665004655887 133.1224491155322 134.2484595940889 135.3809530784059 136.5400791955206 137.7322880097228 138.938664556811 140.1995144078101 141.4551075182933 142.7998377186478 144.1577407272036 145.6350936442103 147.1405782352588 148.7159301208513 150.3110649024613 151.9214647456425 153.5752639799041 155.4299197044116 157.4199560958753 159.4262088092739 161.4663448031538 163.5283163079177 165.6824353532303 168.0238317967505 170.3896852491763 172.7707268147983 175.1901171136287 177.9741232952291 180.7544000480101 183.7586533995077 186.8801898320654 190.0754459893572 193.3808641471204 196.5327580146232 199.5818528169364 202.6204031062699 205.590828189157 208.5782460891729 211.3839857378933 213.9311443250529 216.6361449146939 218.5140283355169 220.0751793762921 221.4395714242399 224.4208743004652 227.6763099596872 231.0367961135842 234.2634735716931 237.5125715222769
128.8697930906111 129.8707400485226 130.9132162969541 131.9144703008779 132.9699422566699 134.0748806019382 135.2024138777649 136.4380249352899 137.6989116520167 138.9878919433788 140.3131857532422 141.6989729765718 143.1087691230875 144.5032615769248 146.0166512333508 147.5007506815287 148.9741024695806 150.5185115181822 152.0805074479565 153.58256325765 155.3486331218851 157.1792683174708 159.0051157058494 160.7993675524496 162.7132667424953 164.9349870250296 167.1405030978268 169.5503058001773 172.0264084238356 174.4121145624023 176.7513430613939 179.447328936814 182.0943763738792 184.586528122638 187.391243824737 190.4232971529775 193.7610502353688 196.8561444910073 199.8664683940852 202.8512696400491 205.7026051721707 208.3780741323619 210.764370142154 213.592015365286 216.4838343293076 219.527782281771 222.5244914858053 225.2406307923644 228.2633483311627 230.9040769502265 233.7364588141354 236.2428587783859 238.7279697964216
129.270646904483 130.2978373652508 131.4435953594297 132.5921828070815 133.7337931446336 134.9321571998054 136.1211323768909 137.315937518034 138.5964162614957 139.899324015343 141.2086301425337 142.5750818790858 143.9927181045245 145.3779186694049 146.8388260768125 148.5018699086652 150.254621047432 152.1806425319195 154.1608366340824 156.1477618949102 158.1501334071111 160.1274970253566 162.3258144915438 164.5139194030474 166.7379207726506 168.9453586202734 171.2332202832829 173.6438687506363 176.0216385142915 178.3214545099227 180.8578040983761 183.4726720775988 185.9497611213822 188.4178515083146 191.1959233320572 193.8313455891229 196.2719732096865 199.151645230375 201.8454519454201 204.3288279501417 207.2188261893766 209.9021554687058 212.4045505317627 215.2211431147285 217.7038151774181 220.1789686481003 222.6925009117184 224.7816328901451 227.058276284999 229.0210340721203 230.7007246215805 232.5435286290944 233.807342415561
129.2938258426005 130.3580611731224 131.4423423073071 132.5506652856438 133.6967941870593 134.8903681060102 136.092566181896 137.3189556157839 138.7730809689819 140.3834451916125 142.078097950901 143.7705433037314 145.4583228036748 147.1863714426133 148.9309703827098 150.689824379321 152.5916920396532 154.5716025007013 156.5457923219898 158.4710819217329 160.3884722399382 162.453226434864 164.6078910500012 166.7584616811888 168.8768088773096 170.9783780517475 173.3487924997922 175.6848436026084 177.9558183710378 180.1444385653773 182.6485411568487 185.1155266933602 187.4401485479383 189.763739855242 192.3770170216921 194.7765795774158 197.0438878432717 199.5528459784049 201.9689279325819 204.2057951448348 206.5518150879595 208.8528048743103 210.8755935976701 212.9008510641441 214.8644648472207 216.482424091028 218.0186809237877 219.4660895335889 220.5377287050234 221.4719733054189 222.1817667041381 222.5588093741169 222.872398729847
128.7139883840064 130.0203719401007 131.2964173221334 132.6880434465735 134.1042223309196 135.5132324982316 136.9680150362167 138.4357687973537 139.9428450506193 141.5501378450372 143.231587854122 144.892581877866 146.4979773160298 148.1872140556729 149.9533920766083 151.8358665938503 153.7163700425431 155.6156786581986 157.4947732641708 159.4266967049889 161.3455117544391 163.4403301711656 165.4844728684027 167.5373471118259 169.573734896937 171.6202659370878 173.8606458478207 176.0693007349598 178.2087423706435 180.2420122217103 182.4887229142105 184.7545137156227 186.9186854335316 188.9223578889298 191.4433081789939 193.8213395245043 196.0126357085102 198.0073927438392 200.073279131059 202.1650910608399 203.9718086979578 205.5013062017668 206.8549601477223 208.305099200085 209.421754877414 210.1697678235289 210.6093414986991 211.2487434392048 211.4191632041414 211.2914332945076 210.7538608049188 209.9947574741209 209.1743296303643
