benchmarks/avaHockeyChannelPytest/Outputs/com1DFA/peakFiles/release1HS_0dcd58fc86_ent_dfa_pfv.asc
ncols 1001
nrows 401
xllcenter 1000.00
yllcenter -5000.00
cellsize 5.00
noDataValue nan
[rows 207 to 229 of 401, columns 106 to 158 of 1001]
26.05082996014444 26.16879927784557 26.28710108761179 26.41586329677343 26.54461635707058 26.6763482772017 26.80757572471418 26.94183845275886 27.07260346522108 27.20021930422328 27.3272230983345 27.4550521978925 27.59202237058015 27.73332821578779 27.8721699947331 28.00841762274172 28.13946970891841 28.26332532600481 28.41031534072993 28.55727485492691 28.6936655576886 28.82185868734154 28.94777769246233 29.10072108462061 29.24580544039092 29.38031290566583 29.50925977447561 29.67029563563572 29.81521427871352 29.94756664940208 30.09677042744556 30.25633430486944 30.3978384545855 30.54018926025488 30.69351638041679 30.82970463755751 30.95253388853581 31.08387457925959 31.19864042229023 31.2921372252011 31.38738753453511 31.46313043153407 31.4903319909488 31.53808804378367 31.54856534986456 31.52778702244515 31.48297495704368 31.42627398617865 31.33679215304396 31.22284488459886 31.0845461639666 30.91130424246317 30.74634360889452
25.94095605922584 26.05460169809282 26.1710700063106 26.28484369933512 26.40294121260884 26.52003786681974 26.63428565887322 26.74836193171066 26.8743456777708 27.00001217135737 27.12218370188185 27.24551033101349 27.36295663384364 27.47833161871717 27.59598351802662 27.72542478284414 27.85184785613889 27.97474144497444 28.09145973966248 28.20596244314352 28.33794468401051 28.46821136394564 28.59554096530409 28.71272534831521 28.84872662521328 28.98677398231582 29.11857038946395 29.25397374318053 29.39542592903829 29.53351594783788 29.67519208391395 29.80458435129269 29.93757153213407 30.08790190278948 30.22608860294604 30.34227475288271 30.44491187657741 30.52220115784288 30.57293217209853 30.60436571518944 30.61963124464602 30.59834684191132 30.55924298299171 30.48449762588762 30.37854024347741 30.25243671088345 30.09233980729277 29.90645157535538 29.67251956037561 29.44583861454505 29.19546850005122 28.89658372379076 28.61008630774726
25.83036142864722 25.93562418992846 26.0466818620417 26.15133661863016 26.25538575908384 26.36536989538765 26.46748185651555 26.56689432176441 26.67341843175935 26.77929182050606 26.89204157858401 27.00675624745431 27.11442458185227 27.21914405688158 27.32459731195588 27.43451941188695 27.55383460888659 27.67130655166376 27.78421456934099 27.92275450293297 28.06959604518838 28.21765410020346 28.36165467833267 28.49763129638288 28.64050595584598 28.8016040107444 28.96061501070445 29.11354693956406 29.25912924285115 29.39682788710034 29.52361568748051 29.63476156036463 29.7261973977892 29.80313122995369 29.86066560778446 29.89284773550754 29.91126481024354 29.89387973650638 29.85339703583181 29.77945995268979 29.68360404284017 29.55357767441286 29.38312672575703 29.17957106555381 28.95259425012938 28.70324406882273 28.40013849365577 28.08000606363589 27.75374382438232 27.41502051888321 27.10760225085755 26.76143509867291 26.44584974920937
25.74999787454553 25.83389900393906 25.93611273103166 26.03265186500388 26.13030241566479 26.22782545558126 26.32052283753293 26.41403666637614 26.50729459674881 26.60267525761032 26.70621097153059 26.81188454837064 26.91566346174436 27.01677584470745 27.13295989092839 27.25535053730549 27.40457558407299 27.55193304765242 27.70695786483253 27.85932288585183 28.00699796261877 28.15217146486474 28.29820035550664 28.44250689969612 28.57574902621577 28.70265891137939 28.8215153633693 28.92688822884846 29.01108687920117 29.08639847628866 29.14022114930868 29.17092549828319 29.19035704078019 29.18608682793316 29.14972153441489 29.08970363855601 28.99607890508539 28.85795511714166 28.69280193037428 28.49282596774978 28.24647106171179 27.99458203560109 27.71179963698231 27.39152695163377 27.05622440979851 26.70896671778576 26.35136760191495 25.97368851329266 25.58243105517174 25.15101359931352 24.70685257985231 24.29796123930277 24.08733816252875
25.70025652469737 25.79083204610415 25.87342965224478 25.95424100357238 26.04629767311113 26.13806001794821 26.22794797627581 26.32854306325608 26.43183658341278 26.5310660401863 26.62779123547011 26.72845577410078 26.8335732254818 26.97131988400042 27.1101457772868 27.24244739828448 27.37315436287136 27.503997476167 27.63867959383067 27.76635779173406 27.88698049792455 28.00161202988935 28.10975768001082 28.20867891528569 28.28855082294405 28.35677814574221 28.41264482487191 28.45285888956787 28.47513562919641 28.46529204724197 28.43193242066172 28.37573228497489 28.29705586068651 28.17928959732448 28.00138001942845 27.82859886343048 27.60815427876246 27.36442090517188 27.09090921146261 26.78099837904682 26.45768894445195 26.07959886756948 25.71758865735969 25.29320912265347 24.87364556283526 24.44633319867145 24.03732373672323 23.59454364660795 23.09259310829302 22.88495602830114 22.97466813641567 23.09815373533054 22.92478397994206
25.68810082160773 25.77321629003449 25.85725445627771 25.9431988466412 26.03000626314127 26.12223871497989 26.21274110454738 26.29867627191202 26.38381782179831 26.4726707448596 26.56777380842127 26.65873908666338 26.74889539231787 26.84443749288549 26.96071523310314 27.06888220675825 27.18384176909389 27.28816635371264 27.38359675672882 27.47374142501814 27.55403888963736 27.62423481414513 27.68070131932869 27.71765473810562 27.74198136234381 27.73396464352792 27.70679759906444 27.66100437470514 27.58243159360077 27.4795205338454 27.32804040515353 27.182903494131 26.98795788085602 26.75561020418288 26.4678423486193 26.16026990816782 25.84596454604329 25.48383005092561 25.13293432652861 24.70581476710252 24.2511430432193 23.76819873562907 23.33160265413999 22.97023028568758 22.55883724341486 22.18480805430749 21.84222195966854 21.6355014471902 21.57156301301162 21.6032590613276 21.51201231056158 21.32461249061073 21.27555656467815
25.64084325204248 25.72186205678208 25.79638013225336 25.87217706668632 25.95645431711131 26.03637504118639 26.10487838024357 26.18272518475537 26.26282086987301 26.3302733255895 26.3978213699749 26.46753344071078 26.53127502588618 26.59942845832295 26.65852983261212 26.73188197647946 26.80975306083739 26.87643730803267 26.93740341790992 26.97805703851688 27.00468074989368 27.00153219936575 26.98025450044132 26.94528259704822 26.88872603967128 26.81145913992666 26.69506566639436 26.55020696294132 26.38037270078089 26.15399524160658 25.90696562838817 25.59856638890279 25.30505240005751 24.92608565826199 24.53276027529607 24.07599852723796 23.61417923554538 23.13414629926885 22.65272758588468 22.08738323540517 21.54287258898713 21.4451906453117 21.57558291646771 21.57034717302851 21.2367062263014 21.32478065991035 21.44769694533938 18.78314326038217 18.49955766715848 16.18715948889523 0 0 0
25.51859379024963 25.57694568715493 25.64353075345757 25.70988388184303 25.75558900380809 25.81099805935609 25.87612252563187 25.9239885289856 25.97114973828664 26.02696347613159 26.06718393618126 26.10610859097099 26.14283407581344 26.16669273106963 26.20447188343237 26.22268820801223 26.24341079740451 26.25207817530502 26.25034480189725 26.22175102450858 26.17340001714495 26.11535875441092 26.01287028704877 25.89194345011199 25.73989506175807 25.52560400761793 25.31677063346801 25.0441653632004 24.69984620120474 24.36467343003011 23.99896505605467 23.60078331077444 23.13556186803377 22.63324514129076 22.20132588596521 21.70223548847072 21.10897827399791 20.80911624232384 20.4305032092354 20.37167943925108 20.30237648963857 19.94191437048783 19.49168489424235 18.86481790162923 18.40969124009115 0 0 0 0 0 0 0 0
25.24565911962866 25.28008627859372 25.30715084207592 25.35172224208129 25.39477473597724 25.41381177288193 25.44723139846139 25.48335928477419 25.51009197693156 25.53866923113186 25.55969622731755 25.5576819772811 25.56069246030578 25.5339283655846 25.50558187879404 25.4681655407095 25.43412043630876 25.40291747067524 25.31664943491072 25.21575044425414 25.08422412243945 24.90741188745913 24.67937768799407 24.41801073729321 24.12520384322438 23.79774371053006 23.44388615754977 23.05693587579602 22.74464855860956 22.12579201886393 21.8562248205556 21.0173208009631 20.57618437305313 20.14188979345295 19.88817506974172 19.72649425714544 19.45710875542252 19.63983490602937 18.81821807433716 18.68472583711501 18.62587089315829 0 0 0 0 0 0 0 0 0 0 0 0
24.77838820073182 24.80418876707316 24.81358649387498 24.82746810605988 24.85707464294777 24.86483800720414 24.87199020489255 24.86899195398093 24.85968265560305 24.84055788745747 24.81080770168261 24.75659944634408 24.7068795817042 24.6157224690766 24.55332244084694 24.48375328887667 24.36431261328606 24.21862900123411 24.04230889245756 23.80590125391739 23.54548823642836 23.20744278749006 22.8667961762063 22.41957437529281 22.30787204593379 21.6443215572237 21.53968143746604 20.73029723524577 20.49477838586284 19.43865726573035 19.03644331692407 18.990422043128 19.07964806282826 19.13830733913768 19.0268660047021 18.7954718024309 17.20350604104833 13.49983418877207 0 0 0 0 0 0 0 0 0 0 0 0 0 0 0
24.20396290712068 24.21149378122557 24.19792849364999 24.17360625608567 24.15326597670597 24.1305565929512 24.0746011549092 24.05325668854627 23.99722763069239 23.92263522259719 23.83621760359192 23.71996497194342 23.60308383237938 23.4658711328525 23.29280051488065 23.09034109768536 22.84491285922283 22.58693443569294 22.25748837817259 21.87788197901961 21.72163653873675 21.36194073706785 21.27911948773881 20.40962681452088 20.31871542544461 20.02101939054773 18.76169721587223 18.35359816168707 18.42664233294863 17.69805682129508 17.89666654976982 17.60301627178299 17.58104212911956 14.20161814127732 0 0 0 0 0 0 0 0 0 0 0 0 0 0 0 0 0 0 0
23.4515697033276 23.40046682644383 23.36522990661926 23.33047209788266 23.24352565093899 23.17945053687656 23.09651916442073 22.99035829479913 22.88455507899759 22.74837140725331 22.59200929643645 22.39606777748113 22.21054657092601 21.99084982366944 21.68548276835752 21.49875151205066 21.47497000436987 20.8666140053455 20.84197960439217 20.81137029893937 20.02382043504551 19.93878795709691 18.59994982370499 18.19622336049854 17.93975626575591 17.77237958719954 17.1749796967325 17.1749796967325 17.10742645882049 15.55269272751754 13.56307524591254 0 0 0 0 0 0 0 0 0 0 0 0 0 0 0 0 0 0 0 0 0 0
22.57218646918166 22.49922132278017 22.41499632291635 22.29348822766563 22.17761360145878 22.02688694867915 21.88040612969707 21.69167752110391 21.68256720641355 21.27019956492639 21.05546731914408 20.9145723508383 20.95812908871272 20.34676287706208 20.31141868542043 20.30332460429253 19.45064986061387 19.36389880530999 19.27854019623672 18.61386046936402 16.82563308540184 16.92580808309432 16.63590957215619 16.52386902867991 16.1776298653659 15.99289570348422 14.42919246933562 0 0 0 0 0 0 0 0 0 0 0 0 0 0 0 0 0 0 0 0 0 0 0 0 0 0
21.47084279635691 21.32840054402503 21.17492237740157 21.12063217158939 20.86842449243547 20.61894774146238 20.55288892008135 20.48471833535056 20.40232265144676 19.62852231979622 19.55683815724528 19.50976986927777 19.52938707928245 18.91150942065573 18.90427991376039 17.75021392364301 17.65193534836805 17.27466240521614 16.17913341140953 16.21145005368988 15.48176362585416 15.20005454073184 14.802787033572 13.36453462158743 0 0 0 0 0 0 0 0 0 0 0 0 0 0 0 0 0 0 0 0 0 0 0 0 0 0 0 0 0
20.55425299195331 19.95838500764969 19.83931841878483 19.82473605699849 19.73904204612475 19.75136857693625 19.06024619788878 19.02323912741723 19.03314648977916 18.19490540654841 18.0913862135668 18.12707509332207 17.37018016224551 17.26526461593274 15.77778757118089 15.59640031966996 15.64419471163862 15.23531456381999 14.69488223707324 14.57293413173326 0 0 0 0 0 0 0 0 0 0 0 0 0 0 0 0 0 0 0 0 0 0 0 0 0 0 0 0 0 0 0 0 0
19.28904022079636 19.2321528949071 18.5248003124106 18.52989271676859 18.35929419249708 18.36101776102506 17.55775948833983 17.5638084740476 17.49196679404896 16.64057107482612 16.55340866743816 14.9264711132556 15.09585214276416 14.59521896741624 13.93804375065498 13.56450569923407 12.54760735796579 0 0 0 0 0 0 0 0 0 0 0 0 0 0 0 0 0 0 0 0 0 0 0 0 0 0 0 0 0 0 0 0 0 0 0 0
17.9382695626811 17.88089962715603 16.82331363494717 16.76196010729847 16.74033162324345 16.66366993137919 15.53916930549977 15.41045402575399 15.02932948853464 13.80634821380324 13.80634821380324 13.22365846765584 13.30203383676547 0 0 0 0 0 0 0 0 0 0 0 0 0 0 0 0 0 0 0 0 0 0 0 0 0 0 0 0 0 0 0 0 0 0 0 0 0 0 0 0
15.96423703191818 15.92683459706069 15.89213362365598 15.58392205903344 14.46668458715435 13.62830996406503 13.30239577942415 13.23385508638345 12.74457566554428 0 0 0 0 0 0 0 0 0 0 0 0 0 0 0 0 0 0 0 0 0 0 0 0 0 0 0 0 0 0 0 0 0 0 0 0 0 0 0 0 0 0 0 0
14.38231376256265 14.16005240432858 12.84083538395794 12.83147963364661 0 0 0 0 0 0 0 0 0 0 0 0 0 0 0 0 0 0 0 0 0 0 0 0 0 0 0 0 0 0 0 0 0 0 0 0 0 0 0 0 0 0 0 0 0 0 0 0 0
0 0 0 0 0 0 0 0 0 0 0 0 0 0 0 0 0 0 0 0 0 0 0 0 0 0 0 0 0 0 0 0 0 0 0 0 0 0 0 0 0 0 0 0 0 0 0 0 0 0 0 0 0
0 0 0 0 0 0 0 0 0 0 0 0 0 0 0 0 0 0 0 0 0 0 0 0 0 0 0 0 0 0 0 0 0 0 0 0 0 0 0 0 0 0 0 0 0 0 0 0 0 0 0 0 0
0 0 0 0 0 0 0 0 0 0 0 0 0 0 0 0 0 0 0 0 0 0 0 0 0 0 0 0 0 0 0 0 0 0 0 0 0 0 0 0 0 0 0 0 0 0 0 0 0 0 0 0 0
0 0 0 0 0 0 0 0 0 0 0 0 0 0 0 0 0 0 0 0 0 0 0 0 0 0 0 0 0 0 0 0 0 0 0 0 0 0 0 0 0 0 0 0 0 0 0 0 0 0 0 0 0
