benchmarks/avaHockeyChannelPytest/Outputs/com1DFA/peakFiles/release1HS_ent_dfa_67dc2dc10a_pfv.asc
ncols 1001
nrows 401
xllcenter 1000.00
yllcenter -5000.00
cellsize 5.00
nodata_value -9999.00
[rows 184 to 206 of 401, columns 265 to 317 of 1001]
0 0 0 0 0 0 0 0 0 0 0 0 0 0 0 0 0 0 0 0 0 0 0 0 0 0 0 0 0 0 0 0 0 0 0 0 0 0 0 0 0 0 0 0 0 0 0 0 0 0 0 0 0
0 0 0 0 0 0 0 0 0 0 0 0 0 0 0 0 0 0 0 0 0 0 0 0 0 0 0 0 0 0 0 0 0 0 0 0 0 0 0 0 0 0 0 0 0 0 0 0 0 0 0 0 0
0 0 0 0 0 0 0 0 0 0 0 0 0 0 0 0 0 0 0 0 0 0 0 0 0 0 0 0 0 0 0 0 0 0 0 0 0 0 0 0 0 0 0 0 0 0 0 0 0 0 0 0 0
0 0 0 0 0 0 0 0 0 0 0 0 0 0 0 0 0 0 0 0 0 0 0 0 0 0 0 0 0 0 0 0 0 0 0 0 0 0 0 0 0 0 0 0 0 0 0 0 0 0 0 0 0
0 0 0 0 0 0 0 0 0 0 0 0 0 0 0 0 0 0 0 0 0 0 0 0 0 0 0 0 0 0 0 0 0 0 0 0 0 0 0 0 0 0 0 0 0 0 0 0 0 0 0 0 0
0 0 0 0 0 0 0 0 0 0 0 0 0 0 0 0 0 0 0 0 0 0 0 0 0 0 0 0 0 0 0 0 0 0 0 0 0 0 0 0 0 0 0 0 0 0 0 0 0 0 0 0 0
0 0 0 0 0 0 0 0 0 0 0 0 0 0 0 0 0 0 0 0 0 0 0 0 0 0 0 0 0 0 0 0 0 0 0 0 0 0 0 0 0 0 0 0 0 0 0 0 0 0 0 0 0
0 0 0 0 0 0 0 0 0 0 0 0 0 0 0 0 0 0 0 0 0 0 0 0 0 0 0 0 0 0 0 0 0 0 0 0 0 0 0 0 0 0 0 0 0 0 0 0 0 0 0 0 0
0 0 0 0 0 0 0 0 0 0 0 0 0 0 0 0 0 0 0 0 0 0 0 0 0 0 0 0 0 0 0 0 0 0 0 0 0 0 0 0 0 0 0 0 0 0 0 0 0 0 0 0 0
34.95611392796315 34.69774221358351 35.38900680857411 35.23271316973663 35.10976567977627 35.36385180317373 35.12927272813275 35.46080350648207 35.19183716576747 34.80844269197765 34.61444743443085 34.26204740378395 35.41741756196133 35.14822244049749 34.70565557741226 34.30441643947634 33.87329304023053 33.41047080091996 34.66808100625775 34.38751039250158 34.60536477663684 34.32637241627124 34.33383538316185 34.36881597777213 34.69763042222655 34.80395969431282 34.8478181374646 34.75582512274703 34.57919683177584 35.60082751117378 35.60082751117378 35.54753235255892 35.82215927812918 35.87416685522477 35.90465646068905 35.97618205399269 35.99537403215922 36.15282415126825 36.32485652716738 36.3931671708285 36.41615138674599 36.58131930473608 36.54531658671189 36.58437348005277 36.4388133781976 36.55087722772501 36.98348041142408 37.12483238954827 37.22857333422559 37.22055427063358 38.20759636030277 38.24550566597483 38.51679092992813
37.1216791222345 37.32203638658274 37.53765909928385 37.63302450544492 37.87524001658956 37.98867364082333 38.10270676166438 38.20952456952927 38.2863533868034 38.54206701691805 38.59688360916674 38.70811111359188 38.69802353714759 39.43260641643071 39.27143381736106 39.35167877093524 39.24809745867574 39.13514331811694 39.48190739285091 39.35626943699602 39.28053008470541 39.17431617486454 38.9764608639469 39.09269771516178 40.0370220474289 39.15271951256959 39.64072245212262 39.43304184175587 39.69537439538166 39.54091307855966 39.19316518236084 39.03677398449615 38.57093285297328 37.9764914542973 37.97694144402799 38.82534700494746 38.37618709239094 38.03472958773107 37.57771197237582 37.52680177397197 37.93139810623636 37.93177354889384 37.98357569801263 38.13322375303676 38.14310732386124 38.24512592291546 38.29312458412954 38.44709783866299 38.72413013887409 38.91573593317278 38.98964983527987 39.17692207865321 39.19853416755033
39.08977353752064 39.16509792138591 39.2832345742609 39.32494630828599 39.4259268851949 39.45316844936921 39.54735189787362 39.60374482089787 39.7171979385355 39.89061635754964 40.06292686501826 40.21571772486209 40.35149984139317 40.48171891473832 41.06681693851195 41.21219716793759 41.30453931963131 41.3665470192648 41.48312694964275 41.43389067340179 41.42098779380621 42.21348588266172 42.23340086210791 42.15114902128631 42.11798986798032 42.3819528334799 42.07831670289273 42.08426530300048 42.02056205956365 41.78615779751833 41.7796889880725 41.46015358474595 41.40191806828867 42.15414843555098 41.98516127641801 41.84463543845453 41.50451787438261 41.22940281634712 41.05663098770746 40.78744309867635 41.73415737565341 40.41130815643308 41.09212603503945 41.13624210094214 40.65015158385793 40.60609157252721 40.42224616846375 40.20642809867102 40.27172055442102 40.37317852704886 40.48134077281667 40.58906775180358 40.68014036833834
41.69768525384583 41.7476813352556 41.82071202077812 41.87406668067234 41.94981775990984 41.98518329027858 42.05130004070018 42.08867552142382 42.12777806693817 42.18028064686951 42.24223375396833 42.31972946207276 42.36473807368761 42.44796065864477 42.48062376790532 42.55338447776084 42.5990422265561 42.6533798136963 42.71173228803565 43.24790136637304 42.98631283900002 43.38751760026786 43.47878034794827 43.33038522569833 43.53928782443856 43.44452226798332 43.59912500201911 43.61653996640759 44.20023388360534 44.22198372308984 43.71591294919699 43.92450394849563 43.93267827079834 43.68501976181189 43.54893028998497 43.48929548722009 43.32110506352174 43.35057649828327 43.96665499801986 43.04664531194559 43.26046115574731 43.35328636042338 42.61342148482201 42.80704364407259 42.96619684545387 42.89362683150198 42.37647982654683 42.34163135659069 42.26991802999756 41.98050922697784 42.03800334269771 42.08996576015982 42.14225702713907
43.80400604646599 43.83847045356811 43.88083014366591 43.93469958201562 43.98234508836533 44.04066223271455 44.08401280988495 44.13958799593994 44.18720253485328 44.23399515050819 44.27679379114387 44.32946421144165 44.38893620727151 44.43225348698878 44.49742013877703 44.54349056312637 44.59091538207429 44.64071900482624 44.67688549771565 44.71389287939278 44.75319244773295 44.79585178353572 44.83450215057158 44.88268475078021 45.11324300583559 45.15859730847278 44.91654454292392 45.0856862739037 45.18375846955487 44.93027170122593 45.05393405429221 45.06804877582182 44.88058873228176 44.86774774229129 44.8380434934511 44.70713467239286 44.62958113987834 44.57335451801557 44.45049293568594 44.35031848149968 44.33301201396453 45.3030782379699 44.06976798717148 44.44250803143445 44.80543021672932 43.80980780758743 44.21054930996662 44.25880757851741 43.67369085005448 43.85228087502004 44.10827604967327 43.6204833108187 43.65147549392233
45.33678464912591 45.37563762631329 45.40541561294202 45.45297217132206 45.49821410837631 45.53745975835864 45.57748883438843 45.61650727863705 45.65134900541084 45.69152384075094 45.73687638672978 45.77814954991635 45.81749207000625 45.85408654819148 45.89174694450693 45.93159440867289 45.97106852831562 46.00937699976291 46.05739632383449 46.10306651725478 46.1422052137067 46.17583573843726 46.20537614169898 46.23278599716078 46.25727509895276 46.26856681009512 46.2763009637177 46.29410401338091 46.29736245093154 46.28958474605633 46.26831415110448 46.23669642830529 46.21079670999508 46.17045101798926 46.10349159875712 46.04875947635934 45.99241897989474 45.91113191910069 45.8165885593062 45.72319368422213 45.62626460973206 45.52341547308721 45.42762189628813 45.2999795931575 45.19459212202099 45.09821455940687 44.93584926056319 44.82260913986687 44.83924369375909 44.85489811460512 44.89442186478861 44.92747984648219 44.95487955912734
46.25452566861593 46.2915994603248 46.32758220472769 46.37126398270969 46.41283973231454 46.45295945001402 46.48817118824909 46.52177969046874 46.55595786343018 46.59754731759183 46.63533089566921 46.66906920280914 46.69992620429053 46.73126578648014 46.7613328659703 46.80003247123829 46.83676462547319 46.87268818841287 46.90794043324271 46.94355308609295 46.97528020263065 47.00634176890642 47.03516060114366 47.0594818817413 47.07810857624936 47.10218844333412 47.12376362631702 47.13900854390908 47.14551576015567 47.14411480542446 47.12783398502338 47.10533755079272 47.08400873168743 47.04631355507711 46.99415789914404 46.9412993392363 46.88511204064479 46.81319623584319 46.72749363193191 46.65662656563914 46.56822874532423 46.46590945985587 46.37330240554049 46.270519284846 46.15935571090245 46.04885199275535 45.93555233000641 45.81169367432117 45.72841038775883 45.74701479464503 45.75909306672025 45.78223304220889 45.81172217996748
46.53519705494384 46.57313373376994 46.6144449213067 46.65966281527052 46.70137252953048 46.7400525674301 46.77658251149715 46.80966569872638 46.84989415606529 46.88990100427442 46.92786148199156 46.96270251579028 46.9952012750482 47.02515024274397 47.05946636217422 47.09633430063769 47.13188708301597 47.16611937118111 47.19896865595454 47.22987050353592 47.25928040594478 47.28701531050299 47.31367485691225 47.33853930079085 47.3657731880317 47.38953097309815 47.40800484128441 47.4201865032187 47.42444891382561 47.41823820049111 47.40346590626746 47.39494455691023 47.37409739291947 47.33836562239028 47.28597191600298 47.24971782023726 47.19861243770165 47.13080830718302 47.05454348612675 46.99011549968785 46.9093759505941 46.81023106294908 46.72504399855595 46.62883024515672 46.51762273456385 46.41271493400721 46.30661515951694 46.18487844838971 46.06369175827738 46.07104698147173 46.0852058959674 46.093174872313 46.12366425882434
46.16486666008657 46.21081544995171 46.2574784149939 46.30391448191123 46.34980877310153 46.39077519942797 46.4320206855087 46.47029477139684 46.51652623976071 46.56094759610858 46.60196998223499 46.64137466442325 46.67539920354454 46.70969235951042 46.75163319763199 46.79025820524607 46.8263200237861 46.86223075699003 46.897667095672 46.93278227536982 46.9682886834596 47.00228021954675 47.03387445678405 47.05610683141244 47.08424302996178 47.11120530963237 47.1301709629935 47.14321043782468 47.14462902681056 47.1347518246821 47.11854639487601 47.10890365982493 47.08759178804393 47.04674374159129 46.99524914000803 46.95624226212308 46.90581565654961 46.84059249595306 46.76141102908277 46.70006052694306 46.61721663856886 46.519439304178 46.43124768950793 46.33346744335678 46.22441693129809 46.11263119466572 46.00518367491822 45.88880922321628 45.7759960846257 45.79695185879213 45.80784444346504 45.82743266215299 45.85585374594508
45.1613394983999 45.20969546727571 45.2597003701449 45.3118072969156 45.36305079788689 45.41673582869529 45.45993223946375 45.50518115534344 45.55952848558908 45.61012216032281 45.65920969078436 45.70809437093408 45.75728696749427 45.80300099637513 45.84381498578379 45.88977905899293 45.93798952526254 45.98334750424031 46.02796879810224 46.07051797941586 46.1153327281441 46.15819569177946 46.1906593855135 46.22662926965869 46.24954258811094 46.267811287193 46.30001987986464 46.31453998554703 46.32103450327459 46.31595888260672 46.28746802780533 46.27391196131641 46.24532907239526 46.19574731032136 46.13361072486552 46.08786601775795 46.24362316903848 45.94849725619135 45.85925558068951 45.99073579802752 45.6955733580789 45.59391362080289 45.68533961635354 45.38899941931638 45.27385369553985 45.31526907036423 45.03971854062956 44.92337765237541 44.94136249356735 45.22018843361111 44.98876244032226 45.01707593130321 45.03848172154601
43.57336651606111 43.63131479501765 43.6943146034323 43.76359460618846 43.83187047678771 43.87721104894085 43.92698623505757 43.9879091892568 44.05375059900705 44.11686350935379 44.18107330732948 44.2401667997195 44.29449336448372 44.34300938218061 44.39901565393308 44.45436699369932 44.50751556174489 44.57157712251099 44.63590852995251 44.69737797102039 44.75784801164222 44.79389271751477 44.82816291317894 44.85137983175841 44.87510984485398 44.88172905547057 44.89433716047564 44.90375499782981 45.71586694665926 44.89070007582476 44.95497244205765 45.59818598580134 44.80364830641992 44.87609205416374 45.36991937207038 44.72149542921274 44.75782548731858 45.10694430031585 45.25049651829679 44.641182266999 44.73826938605303 44.81550234638568 44.45594302157291 44.42572336317802 44.33215354166028 44.00835244809515 43.97372644935187 43.78932938743452 43.65216362317909 43.69492056602353 44.22963109455331 43.76413802855262 43.7862840173754
41.41250214435004 41.44878173419536 41.52282114699341 41.60668040873791 41.69818981347294 41.77996496813227 41.88472945727997 41.950290553866 42.02764961015059 42.08526987833844 42.16137550553304 42.22414570761593 42.31308042481396 42.39025579853006 42.46025772159561 42.51430677540001 42.56770037456548 42.63089521459223 42.79986734619577 42.98448054509818 43.10080888989064 43.14368026544714 43.26173900511174 43.36121649180448 43.49994301788396 44.07234562535812 43.41804540186683 43.92376850217332 43.34500599587165 43.48971748089235 43.82879456344629 44.0398077921288 44.01079970057524 43.67043280679579 43.62783150822987 43.59968388787517 43.477233103985 43.34725856965734 43.83292667977639 43.83596344989182 43.18588744031242 43.30996939192547 42.7256132445653 42.83150458014129 42.79304028434584 42.48099411525867 42.33117775086824 42.94147077270463 43.0152103274306 42.15722580954633 42.44687892019858 42.25698163780284 42.31399280275962
38.85848063965003 38.94859152997564 38.99122968821116 39.08802226621227 39.2075545073386 39.34550464529022 39.42028362624024 39.56661033197818 39.62203135951258 39.70553670577092 39.80104615957242 40.09322273845056 40.30818031805165 40.61882610913849 40.78709259116961 40.93947102021939 40.9468216447769 41.69666320957058 41.23964508396971 41.79409809201977 41.82363876835919 42.02379359828304 42.10142385449497 42.06790414397169 41.99187928337305 41.95303023344643 41.78474298958798 42.56111131700236 41.75368937647959 42.04672507173284 42.18092187977798 42.17897423792136 41.86784242139351 41.81572826065463 41.64187367579474 41.41989890055064 41.12669321915812 41.97056250012265 41.85027539020535 41.45285927315419 41.27926894255625 40.83330231674147 40.69331454287681 40.35430056742292 40.24021605361259 40.85841629477943 40.56468162798356 40.37593000565101 40.39531731757003 40.47689975910384 40.57983386917913 40.70509573590002 40.82743753841706
36.82887632542176 37.09408281490151 37.30208678867712 37.48528413580821 37.73801716543819 37.75973201452844 38.00670056096262 38.12834255668629 38.13521339669497 38.23138818259842 38.53158692485694 38.50591162667554 38.6981363418595 38.5754575908479 38.74045681028714 39.31065488872061 39.25916274397404 39.19288461884719 39.19741395086922 39.47189135855402 39.45640178671165 39.2788071803927 39.14962371587799 38.94923320451313 39.8987380121896 39.79021490266189 39.56386190196821 39.44598080825232 39.11701045288454 38.86657248476354 39.73393900953621 39.50800491828469 39.15933449469224 38.9197491574434 38.59721808554203 39.13299494238544 38.69016936685447 38.44469636851629 37.94519773210902 38.09062680145112 38.15681201603358 38.20359194353983 38.22527667662555 38.34760029674423 38.4225479440358 38.62990560518956 38.68034092253342 38.78467246529608 38.88552810613323 38.99978593102039 39.02227461177257 39.18237303366351 39.25988992067452
