benchmarks/avaHockeyChannelPytest/Outputs/com1DFA/peakFiles/release1HS_0dcd58fc86_ent_dfa_pfv.asc
ncols 1001
nrows 401
xllcenter 1000.00
yllcenter -5000.00
cellsize 5.00
noDataValue nan
[rows 184 to 206 of 401, columns 265 to 317 of 1001]
0 0 0 0 0 0 0 0 0 0 0 0 0 0 0 0 0 0 0 0 0 0 0 0 0 0 0 0 0 0 0 0 0 0 0 0 0 0 0 0 0 0 0 0 0 0 0 0 0 0 0 0 0
0 0 0 0 0 0 0 0 0 0 0 0 0 0 0 0 0 0 0 0 0 0 0 0 0 0 0 0 0 0 0 0 0 0 0 0 0 0 0 0 0 0 0 0 0 0 0 0 0 0 0 0 0
0 0 0 0 0 0 0 0 0 0 0 0 0 0 0 0 0 0 0 0 0 0 0 0 0 0 0 0 0 0 0 0 0 0 0 0 0 0 0 0 0 0 0 0 0 0 0 0 0 0 0 0 0
0 0 0 0 0 0 0 0 0 0 0 0 0 0 0 0 0 0 0 0 0 0 0 0 0 0 0 0 0 0 0 0 0 0 0 0 0 0 0 0 0 0 0 0 0 0 0 0 0 0 0 0 0
0 0 0 0 0 0 0 0 0 0 0 0 0 0 0 0 0 0 0 0 0 0 0 0 0 0 0 0 0 0 0 0 0 0 0 0 0 0 0 0 0 0 0 0 0 0 0 0 0 0 0 0 0
0 0 0 0 0 0 0 0 0 0 0 0 0 0 0 0 0 0 0 0 0 0 0 0 0 0 0 0 0 0 0 0 0 0 0 0 0 0 0 0 0 0 0 0 0 0 0 0 0 0 0 0 0
0 0 0 0 0 0 0 0 0 0 0 0 0 0 0 0 0 0 0 0 0 0 0 0 0 0 0 0 0 0 0 0 0 0 0 0 0 0 0 0 0 0 0 0 0 0 0 0 0 0 0 0 0
0 0 0 0 0 0 0 0 0 0 0 0 0 0 0 0 0 0 0 0 0 0 0 0 0 0 0 0 0 0 0 0 0 0 0 0 0 0 0 0 0 0 0 0 0 0 0 0 0 0 0 0 0
33.18177730299284 33.68860456222254 33.68860456222254 32.75744921219511 35.38242105419376 35.02581435375912 34.55168716547168 34.12056491307476 35.37872049473838 34.83383466301896 34.02360174522175 33.69100585659838 35.97791953485166 35.91181102489337 35.48728548149109 36.88347596767332 36.42299132080474 37.22689926728295 36.77819198224535 36.28450968293279 35.40999364836546 34.88504487840606 37.43812923995955 36.99237558078978 38.450785985293 38.48457116752937 37.7208198837458 37.34940087147802 36.88179453896107 38.4566360657066 39.51322214579511 38.9622646124899 38.62699817365761 37.91985811610283 39.38781168510473 39.10911065362329 38.52761179172373 39.64634524410038 39.71985812831731 39.46118592550667 38.6674168053316 38.59146446963997 39.28292419113919 38.64744355455936 39.5064336735187 39.031102957671 38.55476564679046 38.07916793738349 37.8525687734233 38.90026634616834 38.3738940349878 37.84777373645135 37.77843978806127
39.9115922674661 40.57092479318726 40.67516562758572 40.69998788302274 40.83268544312633 41.29129452718547 41.29405885213735 41.07655405159882 41.48238079333662 41.3601238194263 41.27126176152748 41.20727600185391 42.35463932854367 42.21669832740655 42.08177204551756 42.641945549036 42.57515047050541 42.26940893506204 42.34097596126913 43.25253557162324 43.29038587627957 43.48950159781355 43.36817359169277 43.18793657624594 43.13715195084142 43.23262270152521 43.6919341372417 44.38658165826406 44.33240414259032 44.28063257278744 43.83992142923621 43.78320828702674 43.73742432980883 44.75196228890619 44.47213189535294 44.26894724989324 44.86436389251443 43.87238119634528 43.98357926309234 44.1214087348469 44.37864537816336 44.17016472053164 43.43942122063719 43.61024620621208 44.14773127017242 43.83984621383409 43.6329625745489 43.1540048841627 42.81002186672235 42.69624559703112 42.38982035714918 43.38645708869467 42.94478417262928
41.43473019575742 41.67139126030063 41.8963221511586 42.05732036109022 42.24222550346686 42.3461144552186 42.41667410616543 42.58319959929321 42.78846788837964 43.12978233010902 43.29729340623404 43.51866733424129 43.64433717955559 43.74503725827515 44.07596776433816 44.22809855412594 44.36244895995922 44.90065575718312 44.56912583061576 44.86372917770461 45.40039481091222 45.49619286815842 45.5781383330012 45.63904366852577 45.53870889351471 46.49078074488435 46.10457832789834 46.48922369135639 46.43792867532402 46.56862095884992 46.85094693979729 46.2267423860248 46.38995792698701 46.58810085139455 47.02372118611419 47.19418444830853 47.10767608550022 46.62891173448273 46.64005239287126 46.52283733407793 46.51909822477714 46.7114984793037 46.5773049210944 45.90297428440145 46.15214622468802 46.16239008557771 46.57153388460145 46.41178936513882 45.5265587967641 45.78612009452294 45.81041030924047 46.01527509707743 45.93941439505402
42.53093381777521 42.67498408346056 42.81523168013413 42.97681568649439 43.1378393705856 43.27294479065259 43.40247544258987 43.53775203495023 43.66518510404271 43.80123587498223 43.9673642272646 44.13982034748787 44.31811388779179 44.49551355436489 44.67673647668262 44.84948969359397 45.01262648671376 45.18736677872297 45.3775288186629 45.59356539952948 45.81058601602071 46.02836957828363 46.2621661520669 46.48808440849137 46.68775962107345 46.9678548099266 47.30745696453539 47.6842211532085 47.87779983063378 48.05082212853958 48.22158301206841 48.04718244808178 48.07758101578791 48.39770912650805 48.60287320798778 49.18914707250774 48.2234033144017 48.34142728286341 48.43786124213143 48.55373404752748 48.60267993823009 48.57116854115399 48.03260652502548 48.00477497977039 48.09069991878731 48.01694522880689 48.72184871472319 48.70465225078943 47.58375239923677 47.74932846707505 47.91795488651984 47.85371378714103 47.14328700237822
44.86888729406152 44.93562540701189 44.99893728603933 45.06912074091878 45.13379558362421 45.18961514883743 45.23390230816609 45.32050031574869 45.37473279948154 45.45248753419674 45.51434360588385 45.5855253482648 45.65871480683439 45.73054504375133 45.79105180758555 45.85651979561695 45.92838102253224 45.99997431710516 46.07359836730252 46.13981267477261 46.28508966039359 46.50908358942192 46.75613951103988 47.02556641297681 47.31903087458623 47.61524289164014 47.91009740371577 48.17921399355257 48.44077300538916 48.69078829919167 48.90915984864946 49.07735499918096 49.21178534867222 49.99324802013346 49.39310817269774 49.48459732849067 49.57177955793345 49.99965187102424 50.00008168000522 49.47367568018279 49.48332334296177 49.61166684517008 49.75756415637152 50.26731503312171 49.25550017218438 49.22229877024843 49.26769522688802 49.41285394422854 49.57671321908487 49.62167311296356 48.93822659749616 48.93484108031515 49.03572628977319
47.15362315756379 47.22185964519321 47.28511389196731 47.34949942566505 47.41309632471678 47.4672686224885 47.5387449414749 47.60476549096759 47.67326503683126 47.73755819563914 47.80396188093176 47.86629022558111 47.93129564581857 47.98877358638148 48.04636099213125 48.09852859804478 48.16261815069834 48.22420078482664 48.28313681368729 48.33247172609683 48.38745346943758 48.43259995342449 48.4878686238071 48.54816200435793 48.60359204423099 48.65278937283289 48.7046395180118 48.75809655052485 49.03756395572939 49.35804417359201 49.64297690998743 49.88974918950689 50.10370485527581 50.31264388530375 50.52343925984179 50.69880514721649 50.58962938323166 50.64990062707659 50.66898310080389 50.70193647195985 50.81605301928602 50.59512361655354 50.60370411149616 50.57244101416649 50.57352600756094 50.57995501719047 50.59565035321873 50.62050213606566 50.62898318706753 50.61221375968381 50.61186694676041 50.65940596863503 50.5695765752376
48.72831593713908 48.79661333464355 48.86266823283486 48.92541876688066 48.98523032506787 49.04498500663675 49.09794677417489 49.15316473924964 49.20692034813898 49.26091590838472 49.31787961730054 49.38247501624696 49.43831553425864 49.49794968353208 49.55031578687103 49.60529596425139 49.65581239728705 49.70435447568098 49.74837590860631 49.79151822030288 49.83020962540413 49.87050006004387 49.9046364219521 49.94356281699874 49.99024846490722 50.03411623150697 50.07618131180842 50.11760679627488 50.15593861601372 50.19380101751004 50.23418802313562 50.35993983460893 50.60850753042693 50.81140620745673 50.95458465853434 51.11159640006696 51.2118279322244 51.27068029585188 51.31910434117023 51.38576805748066 51.40455013316564 51.41207700553883 51.4423894057151 51.46364067877948 51.53400822751153 51.60223081277061 51.65676722325842 51.6891852199109 51.71031993414275 51.73614020650826 51.74879523784297 51.74426864555137 51.72160350134029
49.63249214038107 49.7018312883703 49.76935976112708 49.83543631582347 49.89711451369499 49.9555298469978 50.01289476914827 50.06529358341555 50.1168669591312 50.16594851348442 50.21227522394572 50.25870625962418 50.31458568824893 50.36796578245504 50.41917323296155 50.46580543392174 50.50978859788966 50.5511181379501 50.58943745752616 50.62449589396099 50.65773717330605 50.68916684907209 50.7188472570116 50.74613408211271 50.78176544950909 50.81906900685874 50.85293559885184 50.88523660271739 50.91599845928253 50.94545380086927 50.9763523479659 51.00678674308211 51.03872287417316 51.1349520320465 51.32109879465309 51.47506417619869 51.60401273115873 51.68027603854249 51.72671957792356 51.79964024940159 51.84616862956787 51.85982427158454 51.91933334187072 52.02997744935288 52.12371917497352 52.20023887813792 52.25673674480309 52.29327058240263 52.3387421125348 52.37018070646636 52.3851178895232 52.38628391654478 52.37092535238497
49.91154657982813 49.97413859950877 50.04261296160568 50.10906808480765 50.17463687638366 50.23714222828984 50.29597226498154 50.35048838601632 50.40216140685486 50.45149785215278 50.49609735530417 50.54078507487272 50.59499279354181 50.64658476434475 50.6966937895068 50.74179316287992 50.78393380135385 50.82343176001144 50.85973052089883 50.89223333907061 50.92241150715488 50.95004594144329 50.97498068122543 51.00541785809649 51.03910043051956 51.07092714947765 51.1004015955732 51.12742770119549 51.15363396268445 51.17806163076568 51.20266729084528 51.22945186316147 51.25751418296099 51.28974257052343 51.44103597471252 51.58323807953639 51.72988120946241 51.81374024793403 51.85969267789502 51.92640574756441 51.98289831047141 52.0022352966967 52.09115082345683 52.20275338515752 52.29762159758788 52.37607033731384 52.43574911772266 52.48359894114758 52.53155913643668 52.56409025097692 52.58207745879718 52.58490894701651 52.57218883718696
49.55690211369384 49.63206376879252 49.70215111624149 49.77354327716071 49.84041142751132 49.90531939751556 49.96793941835659 50.02620491818098 50.07893163420653 50.12978714652805 50.17591608795947 50.23457465110741 50.29221694705322 50.34529889204475 50.39506147916516 50.44148349912854 50.48581022723386 50.5264692789205 50.56462543449027 50.60208743307059 50.63768896932467 50.66997754320042 50.69912072308022 50.73136626420055 50.77101579698046 50.80577962588207 50.83811035467728 50.86853209675834 50.8989302099323 50.92670789600916 50.95488338904265 50.98365849787929 51.01568528403683 51.10123889223714 51.28471077216577 51.46252605430455 51.58925443767907 51.65758435168702 51.7025525118318 51.7891354288282 51.83702344769881 51.85386853693156 51.89810781522809 51.98815099613361 52.08312578319934 52.16106127742862 52.22211810711926 52.26553005358 52.31198302119968 52.34355731670014 52.36008555047007 52.36118953686756 52.34803233607415
48.57293435053845 48.64698674660917 48.7243096555993 48.79609769299998 48.86723875881908 48.93450449845839 48.99739633612194 49.06189607508313 49.11858615379241 49.17503029996214 49.24099370279702 49.30884097055713 49.36846346543531 49.42533175030448 49.48327716019696 49.53838034593711 49.58700628440914 49.63660444939272 49.68232288785542 49.7278413769018 49.77538196240037 49.81835656772442 49.86030361629226 49.90071588056146 49.94679305329667 49.98711558554886 50.02793445487244 50.06753499638732 50.1064191764832 50.14598187991451 50.187632852514 50.33697823930923 50.60272509884075 50.81726621372482 50.97107067879216 51.10568952705016 51.22166723416881 51.29805790418872 51.33733577475676 51.35259343700242 51.3709870838438 51.35312766426661 51.37700300462858 51.40356300461175 51.47686967631761 51.5494669472915 51.60097571016676 51.63369782311282 51.65778876857979 51.68076726667939 51.68946695565301 51.68126973193147 51.66079671591164
46.90748585840484 46.99179432744472 47.06304400893423 47.12842610540181 47.19008182055363 47.26430829973783 47.34507056441603 47.41852992862918 47.48619474623025 47.56312965357147 47.63109563805672 47.70930199111067 47.77360919458268 47.84342533305829 47.90279503841726 47.96875019897038 48.0297937572823 48.09052727698201 48.14949446389308 48.2115912884102 48.2740209698005 48.32808752239085 48.3916245752796 48.45035545883494 48.51047998232473 48.57181980052184 48.6369831119265 48.69548945627518 48.99269240648941 49.31792144585953 49.60954759305692 49.85550488412832 50.05154185061709 50.18674635681712 50.29544192454994 50.41564364173709 50.50012437332297 50.57094780971322 50.58233774758911 50.58564729038878 51.08037060527985 50.53586556073498 50.54592175129581 50.51575287389824 50.49115480859118 50.61023180920491 50.51340914505714 50.53061475411453 50.53205117026788 50.52858470307575 50.52464357231659 50.66812850712001 50.48307155089802
44.38985317744807 44.46338402784512 44.56623309464509 44.64285331157927 44.73804275189391 44.83310550552518 44.91260620312799 44.99684152030774 45.07459050500276 45.15231156418396 45.22586963159749 45.31407419720411 45.3902176915083 45.4711704370689 45.55484564610938 45.63582166459202 45.71792462594171 45.78693899929914 45.86299687479497 46.02772372638769 46.22817533184327 46.44880323494175 46.70017861413343 46.97251191034336 47.26703394260374 47.57142061439436 47.86754059082693 48.1515485204899 48.41505253168769 48.66438508095638 48.88915274667323 49.11175027794296 49.21972171075819 49.27564531564389 49.35760949452622 49.46275227719693 49.59182395080743 50.1248696884058 50.17073294104768 49.47563567745944 49.47173973276571 49.49776051405292 49.70529214068299 49.68764926128331 49.95358274936459 49.14352568943001 49.15080017492934 49.11515701171283 49.29627588201445 49.30566922249755 48.82596960249751 48.79234149808649 48.82986149442895
42.65893747456003 42.75632249634359 42.90669686578875 43.06264035323466 43.20953427938174 43.33716269337081 43.46628074337728 43.59123799887396 43.72491778138697 43.84602549864001 44.0039939408817 44.16036650850329 44.32551679015146 44.49757765885374 44.66626295972559 44.82297451486134 44.98806635434601 45.16253852535151 45.34996900315011 45.54334482606622 45.76639373949253 46.00041977474972 46.21348580145433 46.44255242312892 46.71031006814643 47.01168235422931 47.3272998394515 47.5050827589297 47.72664166458389 48.37182332292759 47.88898788366873 48.00118130046176 48.26614230453255 48.61584896935987 48.73152114680065 48.84967561679117 48.26801546111324 48.34402130073897 48.42732319338695 48.51173628809429 48.63118574258463 48.57824232190234 47.9612915480111 47.91386359258848 48.04234679520764 48.09913978760983 48.49758887948375 47.53818354132555 47.50105278706742 47.57468217926879 47.78757935410032 48.03961103427649 47.939849852427
41.65581150220781 41.85683187646932 42.08556960215888 42.2061246260437 42.42373724601163 42.68393253722951 42.71798441269267 42.83632978838737 42.9437389154099 43.10199759298439 43.34690319842436 43.51028311442638 43.68778946064552 43.98533414678389 44.17925590855746 44.23151330656959 44.43622973301809 44.57944338446444 44.8176737964704 44.98547169410848 45.0299023006739 45.32234904921329 45.46413342828519 45.99260826151953 46.09832439586768 45.86391384410321 46.57945336203616 46.2542765392162 46.50630078423047 46.50517781373033 45.971765886981 47.3954442401855 46.55978121905234 47.04741719074151 46.99142173125366 46.97873853768962 47.10260886600889 46.35848587247951 46.19739682168102 46.53339199421043 46.95923414641582 47.02711763616442 46.84609402197277 46.13470612573858 46.19353177258231 46.15370659476392 46.38920559473659 46.25498065445682 45.52688889120245 45.6223426273521 45.52466413684882 46.14500127429323 45.9343628158829
