benchmarks/avaHockeyChannelPytest/Outputs/com1DFA/peakFiles/release1HS_ent_dfa_67dc2dc10a_ppr.asc
ncols 1001
nrows 401
xllcenter 1000.00
yllcenter -5000.00
cellsize 5.00
nodata_value -9999.00
[rows 184 to 206 of 401, columns 371 to 423 of 1001]
0 0 0 0 0 0 0 0 0 0 0 0 0 0 0 0 0 0 0 0 0 0 0 0 0 0 0 0 0 0 0 0 0 0 0 0 0 0 0 0 0 0 0 0 0 0 0 0 0 0 0 0 0
0 0 0 0 0 0 0 0 0 0 0 0 0 0 0 0 0 0 0 0 0 0 0 0 0 0 0 0 0 0 0 0 0 0 0 0 0 0 0 0 0 0 0 0 0 0 0 0 0 0 0 0 0
0 0 0 0 0 0 0 0 0 0 0 0 0 0 0 0 0 0 0 0 0 0 0 0 0 0 0 0 0 0 0 0 0 0 0 0 0 0 0 0 0 0 0 0 0 0 0 0 0 0 0 0 0
0 0 0 0 0 0 0 0 0 0 0 0 0 0 0 0 0 0 0 0 0 0 0 0 0 0 0 0 0 0 0 0 0 0 0 0 0 0 0 0 0 0 0 0 0 0 0 0 0 0 0 0 0
0 0 0 0 0 0 0 0 0 0 0 0 0 0 0 0 0 0 0 0 0 0 0 0 0 0 0 0 0 0 0 0 0 0 0 0 0 0 0 0 0 0 0 0 0 0 0 0 0 0 0 0 0
0 0 0 0 0 0 0 0 0 0 0 0 0 0 0 0 0 0 0 0 0 0 0 0 0 0 0 0 0 0 0 0 0 0 0 0 0 0 0 0 0 0 0 0 0 0 0 0 0 0 0 0 0
0 0 0 0 0 0 0 0 0 0 0 0 0 0 0 0 0 0 0 0 0 0 0 0 0 0 0 0 0 0 0 0 0 0 0 0 0 0 0 0 0 0 0 0 0 0 0 0 0 0 0 0 0
0 0 0 0 0 0 0 0 0 0 0 0 200.2617293646291 200.2617293646291 180.472689807326 159.5611609261405 139.1375211284298 192.6099031188931 194.1591325579643 211.2143994489013 190.4543283928341 169.1287886617702 147.2020784795992 245.7408210619445 245.7408210619445 229.8889937010788 215.9355614231364 195.4081148551348 174.8182150503817 152.273160207054 243.2142969137294 243.2142969137294 229.3838437618247 212.4624108526886 234.5026473802718 263.0483104351324 248.3568949999498 230.618674596948 218.351425370323 264.5813407031645 264.5813407031646 246.6926532722964 230.4037870740813 215.9513712564051 277.2031817092858 277.203181709286 262.1630331741061 248.6811671760929 229.1604547129648 209.0538378772039 195.2594698570445 280.0747264751122 280.0747264751122
321.1251567023862 353.0951688952487 346.3924569742228 342.0296572156368 334.3933660660269 333.879148116557 350.6235924841779 349.9583164015751 354.2483585359996 352.2690593902902 341.5460600463023 336.5808409616781 363.5697813002122 360.3269649025309 364.9860670308277 361.4449447338575 349.9875896321061 352.1092234270234 363.3108691377365 366.7265003423679 376.8617838328094 372.3651286154107 359.9626197734643 356.0511015889296 347.8056814508775 374.1659572421193 370.3348548311746 363.5815392532218 357.9463650101576 371.2448926682374 376.5081964926662 371.2270202862809 365.3625143843975 359.1534798790595 354.4103179164334 383.2633735185 378.3611858903535 374.2486216260271 365.9172066329364 357.8274924408575 386.2366812475552 384.9380016492485 384.6835454308087 381.824933993023 369.6775906693416 367.983165793469 388.8589463755831 383.7848859184695 395.8885610758473 392.0911144700548 382.6774387099071 378.0064930845659 375.0882683172903
398.9590475697628 391.6961546106995 390.9312586358125 391.8418338593139 400.3202621688103 402.1869609501605 409.6448656351236 401.4958826368285 401.8126308986019 405.2923296593892 411.4011868555265 413.3024170933972 415.3891938337356 406.4466614801321 409.2307185950021 408.0773846486727 420.370637612996 421.7313447477312 412.6202915747618 416.248973959929 413.8140713108941 422.5333058956161 423.1451197129859 409.8690755044667 416.5657793620909 413.4931350944311 431.2635208962254 430.6344613532173 415.9857208023504 421.5908533817481 419.2321586624268 415.2878367885526 434.1429833968459 434.2862516242086 420.7537058106776 425.4332489223296 423.9362499765724 438.3684949186361 418.2753071312794 420.3991963735764 429.1971924503958 436.4070342854617 437.3988755133569 433.891912329051 425.1635577065829 427.0951820294384 429.8085433076723 442.2119144507563 443.7529954943998 453.8295650961639 433.2433765511176 431.5942497456831 439.0972991114663
400.9047747113042 402.0974084924757 403.8301821094871 404.9278053113923 404.2031789660558 406.2992210768661 408.4645628414877 410.1018307616154 411.3096977935463 411.4634998001582 411.3799934670271 413.7005079791923 415.6658551728142 417.1565877598136 417.8139461589603 416.6699785523355 418.2909713533415 420.3087457234831 422.0771197875031 423.8490550637231 423.53163703278 425.6606687005985 424.9910663837569 426.7318628248007 428.5656083390674 429.1532976302949 428.5429180384985 428.8225769297734 430.4115835596591 431.5735920173988 432.9101363080558 432.7105430988098 432.4239369899717 434.1177907685196 436.9525236667184 439.4097439680465 441.4055195873112 442.9758959290368 443.0976264063278 442.1450545132508 444.0896583275016 446.2590891070202 448.0604912629219 451.004464740366 453.2038711182196 454.3907908799608 458.9847832806543 466.3562474941583 459.6847991660946 464.0968769873552 467.5785840543832 469.8137007489191 467.2942346643707
405.1117480542708 405.361884206131 405.5891274792039 407.3409244523641 408.0831339301831 407.6675918874693 407.6705059796759 408.7908640724231 411.5488968613488 413.4389649813191 413.9509219106939 414.1652592095393 413.2657774480061 415.0526655734898 416.1922735931124 416.4882943076101 417.0470924377921 417.9407435620763 419.0763204228825 421.8973745969952 423.7300931422583 423.3971641928593 422.8690253830884 422.8810173215401 425.4619305977162 427.1667737163604 427.1052647673908 427.0128141964315 425.4218712012277 427.0605889682832 428.7044628936316 429.8194574697634 431.226759230952 432.567024862514 432.9479482313521 433.7715972246481 435.877523476462 437.4519651356445 438.1792054590792 438.1989162712436 437.8503488680029 439.7839223549173 442.1745097162657 444.3880662848675 446.6323714212509 448.5768782640135 450.294404808802 452.0817019453498 454.3090566922353 457.2230194020689 460.6080662555247 464.3076889144771 468.1881397846205
409.2362013217805 410.2912946306237 411.2487389526537 411.8112451547703 411.4216035945715 411.6079546596384 412.3605424469454 413.3055872422598 414.5830385347779 415.3208856399156 415.1477102506502 415.6944824517706 416.6223347750001 417.2987446068535 417.5088772049177 417.3752074873696 417.7481582330589 418.9373443781332 420.4120447313962 421.9162088755348 422.4678335346946 421.7851077245176 422.4060157428466 423.5820569938138 424.8754973742007 425.1932137905974 424.2324079144694 424.7300850270549 425.5913452821708 426.2072895799235 426.4400652677778 426.5253023964387 426.676720475545 427.9035463269543 429.4750135756193 430.6299489835325 431.2895086094026 431.3180232294496 431.0389943778407 432.4251383967755 433.5994572086746 434.5430592225064 435.2303950341721 435.9489449379133 436.1595998373086 438.4149770477979 440.667413069076 442.8136864613292 445.0460157065792 446.8628316077378 448.4283804525654 450.0961991844018 452.6046178187578
419.7056911175167 420.4487904865277 420.9185657538925 421.0737663823073 421.3707327799388 422.0177735148752 422.4346678669959 422.765068037791 423.1077877483282 423.3280754419108 423.9615699373588 424.5845772988234 425.0167074004663 425.1920278838828 425.1369844907337 425.688299203328 426.162626480927 426.5806926546282 427.0259160594579 427.4754919051838 427.6212619733869 428.265503357355 428.8238776045792 429.2443818998381 429.5455376298135 429.4352284718058 429.9345659162362 430.3179632251461 430.6049653449618 430.7225462221397 430.5600436542537 430.8830541801603 431.3174706199537 431.822671531185 432.3412689129912 432.6212565418092 432.5434328692785 433.0805061779399 433.5821196447083 434.0342020808716 434.4486421566983 434.6797340094827 434.8437515598972 435.7821542531503 436.6941029720545 437.5054851647022 438.1063237692532 438.7719584089809 439.3703928358831 440.4353993963512 442.0304855199321 443.7493914392792 445.6414250528341
431.3705508207725 431.9729373537163 432.4075068421341 432.661236341156 432.7308052308306 433.2666597384851 433.7634472796483 434.0999005303993 434.3336266962081 434.4480461462831 434.7375505912527 435.2931159011702 435.664385539895 435.8486946164162 435.8050984365259 435.9767294843933 436.4283453650152 436.7065537583362 436.8331744133613 436.8537211969725 436.9556483411383 437.4816538236437 437.848901285081 438.04561450198 438.1166396874475 438.0311544775528 438.4901069121238 438.7635510875606 438.8735016529335 438.7776965829641 438.6054806924886 438.9540922124085 439.1647533565069 439.3018963075116 439.3842360664786 439.3590409779956 439.535247889993 439.9183906922043 440.1095893740176 440.2121816563205 440.2311167391881 440.2899276519568 440.7457561399319 441.1198202118771 441.3804560265952 441.5236765883827 441.5518676292149 441.9624223810755 442.5080263530369 443.0548242809128 443.5953088340026 444.1084439094513 444.5573503249371
440.3137816420396 440.8868782452533 441.3667204969433 441.7305353532286 441.9434662749429 441.9730623546684 442.3550414822213 442.8283014590825 443.1436808755405 443.3212083120358 443.3281540331226 443.5742924374177 443.9950308865571 444.2596439517547 444.3427272364005 444.2392868249204 444.3748236956525 444.7355362764014 444.923473333915 444.9749352628604 444.8964113518707 444.9486545328729 445.3138728783699 445.5499843388496 445.6398619095976 445.5675068632239 445.4996578293806 445.8753922565112 446.0444543043961 446.0037984206168 445.8282131214669 445.6902553146751 445.9602690458144 446.0913668678244 446.0953682725061 445.9586582913173 445.7558078732857 446.0771766772344 446.2302007951668 446.2159794246929 446.0547661508487 445.8192657486342 446.1388019314172 446.3055776547885 446.3618733530661 446.3601719588492 446.2480559403904 446.3910801392144 446.659008422288 446.8166017007579 446.8666556240498 446.813284300641 446.9777513200619
444.0212314247431 444.3755600483489 444.8117089761457 445.1309380957094 445.3137303636723 445.3543498014056 445.5288081475006 445.9809655060575 446.3176160297717 446.5097210486185 446.5303060995869 446.5329729520039 446.9898465658502 447.3044730426857 447.4400109065831 447.3944432861645 447.2853319158176 447.6756306917164 447.8932179711521 447.9642677712692 447.8864575400106 447.6879589170664 448.0626294626344 448.3164267250463 448.4159347821178 448.345140800403 448.1363969659302 448.4215465054959 448.6189083915045 448.6422784762589 448.5325795422482 448.2964383252987 448.5054888978292 448.6690447804991 448.6760496053766 448.5187795699956 448.2150435083551 448.3661313680091 448.4810372815778 448.4395840580898 448.2593773818904 447.9810836017135 448.1123634788983 448.2574931952725 448.2695638659397 448.1699512594939 447.9738666694496 448.0699342648906 448.2552141505648 448.2757078091661 448.1722796869947 447.9494987948589 448.1459770486241
440.8468469271758 441.3806061696974 441.7291718179262 441.9160293929202 441.9521050956949 441.8975793708883 442.3955759670543 442.7773919193522 443.028499498645 443.1216714583151 443.0615182454165 443.4449276702925 443.8234273848472 444.0573653964155 444.1410850442717 444.0397982892588 444.276057060849 444.5872169699402 444.731591021526 444.7218196376822 444.5899796278253 444.722438484975 445.0392557630518 445.2464735956842 445.3298555554447 445.2500233475398 445.1750139653684 445.5157679729022 445.7048239355904 445.7444369304442 445.6887815269561 445.5278303672453 445.9176850674835 446.1460358898581 446.1885248052802 446.0162759576176 445.758164087565 446.0107362689723 446.0807741382876 445.9698478947281 445.7519583302296 445.5935590399633 445.8668537911255 446.0147401805606 446.0588216274506 446.0277985190111 445.9244980131281 446.1894079119575 446.5034887914812 446.6947147491605 446.8075622661371 446.782070214833 446.9657010706606
432.0756688129749 432.5042650168562 432.6756551255902 432.6537477634026 432.7199607076774 433.2269695672646 433.6183687831641 433.906701038156 434.0414272078248 434.001627304983 434.4356264240678 434.901508492066 435.1754675855302 435.2867604057826 435.2307287773597 435.5426777360582 435.9358903820703 436.1748664969934 436.2768383137497 436.2528066113225 436.361879828121 436.7930612700225 437.1262511021877 437.3626643635735 437.4714164380427 437.3733308415149 437.8389237217191 438.1799748361558 438.343105711645 438.393325742531 438.370748556061 438.755474179391 439.1616835064618 439.3551072341196 439.3332901607031 439.1238474910392 439.4268251965959 439.6709906484314 439.7240510206695 439.673951217701 439.5734050687241 439.8019592306967 440.1836404748151 440.4884589425148 440.7563858938855 440.976076818065 441.1469569827944 441.6060201959168 442.2119586433108 442.7973689366136 443.3886187503538 443.9929645835568 444.4589932204728
420.3514750919235 420.639520036738 420.6165826755146 420.5103738417163 421.1396085846089 421.7251296992508 422.2454428612129 422.5542993948811 422.6634728378007 422.7539181096928 423.4877794454204 424.133294919199 424.5574587282029 424.7224691679814 424.6238293049623 425.0732263609476 425.5544813281363 425.8659691785249 426.0704364233455 426.1405349684636 426.3592596479704 427.0192609122382 427.6342876145141 428.1435222858964 428.3653135454128 428.3308577357026 428.922838995379 429.4524978684572 429.8501948568749 430.2687740754605 430.5631339013779 430.6869366212964 431.3558740918297 431.8912074594365 432.180252509888 432.17870564092 432.1418835458824 432.7437818977539 433.2403405439306 433.6322237655624 434.0327866368535 434.3426005211966 434.5161844658597 435.4282744462903 436.3526557127641 437.2511771919412 438.162030498801 438.9609665086259 439.4301138401676 440.4930452220567 442.0720662944003 443.7973387371601 445.6669926385906
409.7517558219548 410.4578714073474 410.7244460448146 411.078365262868 411.8746768034873 412.7144224092546 413.1088964376631 413.8886877573125 414.1958482460989 414.626780834169 415.3489851796292 415.7462861303146 416.8165690263109 417.3445994419586 417.394164990191 417.3241496872757 417.5166351696827 418.2671080395961 418.8086261583245 419.2028164380131 419.8298477981763 420.439798852957 420.919619057116 422.1204163913724 422.8085838032623 423.1586688462351 423.0208852861437 423.4970803692435 424.6657453226463 425.7702757949925 426.7935134116606 427.320496424365 427.0072006121077 427.9184111588124 429.0488795496198 429.8539094575836 430.6278803378085 431.0154201427018 430.7180596408647 432.1845430379925 433.7373308089823 435.3232110086532 436.3679092657874 436.8403742932616 437.2311687271246 439.1428906607813 441.5354603785054 443.7932637966288 445.7887033214553 447.3927352349455 448.8111943589496 449.8982685405087 452.6741157306484
406.750677399797 405.1929011626588 405.867585473614 407.1766057859768 408.8180435202391 410.5898427485673 411.5942766421829 410.1264887866723 411.3287177182262 412.7384303941209 414.2194175970815 415.1231696181937 415.0141645576325 414.8798797234193 415.6769741838982 416.4796620255149 416.0923937388241 415.7310592761736 416.620557244882 418.0024301603561 419.7208393629201 421.6342266592047 422.8042184519992 422.4356461486385 423.1979847051208 424.4555287893087 425.0387262593854 424.6407026126676 424.5276599939367 426.3077756865978 428.7225696780801 430.505281720173 431.6164024292232 431.8753311085579 430.8454269197359 432.7519963267025 435.0152111152643 437.0862714138979 438.2448219690695 438.9540759482317 439.5639030147313 441.054015097366 443.9340747002651 446.2618849785098 448.5914117250464 450.8598991781159 453.5030003437759 455.4591696322271 456.3685539648921 458.3567195901561 461.5377458891855 465.0180673325418 468.674211747252
403.1306588738633 404.5225295511344 404.6502668348409 405.1924272283869 405.3932500819037 406.9218578358483 408.8795612671081 409.9831624219524 409.040219980301 410.5703659998861 412.1273969667783 413.0803267570599 415.773374148565 416.4414894987158 414.7129723653016 416.0723587004136 416.4343979186255 417.2263999575762 418.7377781682829 418.7969808572237 419.2417521288702 420.7580968825844 423.4684420923546 425.574088405523 426.7061267891461 427.2305077268747 428.6647584575604 429.2020240476122 429.9763614492708 431.2879757820378 432.1374704622546 432.6140105186977 433.7408229857003 434.5981193746165 436.3758320821672 439.3293742021161 442.0092107375802 443.7662511616454 444.3655581145022 443.3970506862538 444.5454607890109 446.4896534281618 448.984225444772 451.7514697948256 453.7587773818482 455.5894852199359 457.4876627134997 461.6811834295827 459.3472985081863 462.1932093091118 466.0887610988715 469.7811193098269 472.2082283875831
