benchmarks/avaHockeyChannelPytest/Outputs/com1DFA/peakFiles/release1HS_ent_dfa_67dc2dc10a_ppr.asc
ncols 1001
nrows 401
xllcenter 1000.00
yllcenter -5000.00
cellsize 5.00
nodata_value -9999.00
[rows 184 to 206 of 401, columns 0 to 52 of 1001]
0 0 0 0 0 0 0 0 0 0 0 0 0 0 0 0 0 0 0 0 7.283689045239512 14.0710325682444 18.7776731573821 22.21688034730528 24.04267240026873 28.58363083266834 32.78971921867552 36.48765089186458 40.12122457459052 43.48708082948943 46.76402023652953 49.72282514556932 52.78375826770475 55.99173256479668 58.95026000650745 61.73054971700289 64.3893468714714 66.77518144488063 69.17422090211079 71.38679877726824 73.51852099000612 75.41998539385399 77.26274619353376 78.94686108269269 80.58732274748699 82.04955304686339 83.40013226732579 84.64400458296316 85.79002131148332 86.86590060406391 87.89138832742606 88.81960689512768 89.73933680514828
0 0 0 0 0 0 0 0 0 0 0 0 0 0 0 0 0 0 0 0 6.900923768612072 14.08158800848083 18.90846572760432 22.21866514868838 24.02436385589994 28.32152484569272 32.50924130475111 36.38041960308117 39.99794843448203 43.44119351179185 46.5672609646948 49.58401662603146 53.01377988845505 56.2890872709829 59.31150801852728 61.98612025844359 64.69034009367067 67.35676951895567 69.77456829846068 72.01467226919537 74.01139347156402 75.88004500486737 77.58015578429557 79.12047288679726 80.60460164803945 82.11102304812316 83.51765989713523 84.84825068348962 86.09278229422677 87.25266981765911 88.33213882350704 89.24448555657098 90.09122374267221
0 0 0 0 0 0 0 0 0 0 0 0 0 0 0 0 0 0 0 0 6.471707379443759 12.88044743481726 18.49336473968539 22.38079818589668 24.20574398830403 28.49106735639552 32.704847823253 36.70363330357412 40.43293575531528 43.62730360230777 46.72753130506053 49.89843472371402 53.28044980693038 56.41886310554096 59.2682416818775 61.93616662330798 64.46591438971564 67.0855978696389 69.5887609877262 71.80764844257519 73.85641450961982 75.78063681270778 77.56404917533551 79.23794617497698 80.77053734150255 82.25276479976134 83.62760934630283 84.95047932322696 86.13638721684856 87.24178704070867 88.30152592742297 89.32645776080498 90.30526272054733
0 0 0 0 0 0 0 0 0 0 0 0 0 0 0 0 0 0 0 0 6.471707379443759 12.88044743481726 18.4933647396854 22.38079818589668 24.6691534353852 28.68295802952924 33.02302026982004 37.19737768805962 40.97308958823704 44.19219588517101 47.18938251684321 50.20795493789694 53.43286530603851 56.48160115707797 59.40557296123415 62.14251788216497 64.63095579559187 67.01940761307748 69.28255031836993 71.39818110770283 73.42959967809472 75.39127707982102 77.19339412392263 78.83269298193964 80.36930187997831 81.80634522042172 83.25946175834567 84.59274448445041 85.88559803478682 87.01188744568645 88.06806636097102 89.05397690067036 89.98507914449166
0 0 0 0 0 0 0 0 0 0 0 0 0 0 0 0 0 0 0 0 5.967294689239024 12.68371103859384 18.86401898389492 23.32048401679454 25.78011473836997 28.82427811051407 33.1761733518747 37.18081415802681 41.01642166209459 44.4542762250589 47.53976783617389 50.38378786196328 53.34615769343838 56.44628306854506 59.32883535078138 62.09929312763074 64.72133431150044 67.10633564558206 69.36251032452586 71.40812696900444 73.27844481309853 75.07164003857373 76.77579728691843 78.47123682258419 80.02130822779706 81.52269178188106 82.98760978823879 84.39435168189317 85.69691990642183 86.83176652412678 87.86644711002083 88.8374358065177 89.77007823868277
0 0 0 0 0 0 0 0 0 0 0 0 0 0 0 0 0 0 0 0 4.859118593714364 12.0454687697423 18.19599512203009 22.78500796579406 25.50542866703771 28.45590205675669 32.65833569179771 36.79197411049297 40.70938014877233 44.0459029617736 47.28726468078656 50.51319685467052 53.59626128705647 56.56974966809869 59.48786630009985 62.25709497078772 64.85183995889332 67.26211978567383 69.52541715581062 71.50577858157618 73.48399733991241 75.31093322024113 77.03223069892009 78.5812740874162 80.0246910729239 81.35869083944502 82.64914362351433 83.9453767626654 85.21020161781657 86.4105894462528 87.50970384942481 88.53879101553439 89.47152169838033
0 0 0 0 0 0 0 0 0 0 0 0 0 0 0 0 0 0 0 0 4.949081348565433 12.13987866798216 18.29697342080766 22.36945147464367 25.07341934731037 28.19034760012429 32.46563036261401 36.68979376605559 40.53973242074859 44.14140523882858 47.57640986799694 51.08164237130686 54.31553497546878 57.41100010840344 60.14643307730275 62.73266210188117 65.17341415049886 67.52047518530216 69.74971732203691 71.80935815949772 73.73558904084646 75.49848876327617 77.08546676050477 78.53359918274653 79.87951214512449 81.19779492010237 82.42138049392204 83.56363341223054 84.56743666020435 85.59146095999138 86.71767296439485 87.80197095856251 88.86505211845227
0 0 0 0 0 0 0 0 0 0 0 0 0 0 0 0 0 0 0 0 6.127869278128485 13.3538534668188 18.40065197665727 22.49254809169908 25.07341934731037 28.3329147948576 32.4987127752912 36.58969112360533 40.45990979290703 43.94987088940778 47.56905420809886 51.02912304837376 54.35755991020334 57.43913638716655 60.13582619499478 62.69394021417639 65.09598158952342 67.41204374985431 69.63831151304638 71.62471569147903 73.47202158432933 75.10503722353467 76.62046839284311 78.03186453214452 79.38468239811229 80.63999690718694 81.80423784809021 82.9440579924491 84.07933831100443 85.16786213889105 86.56583213345912 87.91414545798587 89.15975999756294
0 0 0 0 0 0 0 0 0 0 0 0 0 0 0 0 0 0 0 0 6.360109023532422 13.3538534668188 19.21908156206615 23.51857659634584 26.34086038111109 28.6027918774271 32.6205292674122 36.736399186879 40.52790627707258 44.22083131178429 47.69096837246663 51.00127166416086 54.13974992216057 57.11938948895241 59.84743545310855 62.50743168860205 65.01520530507574 67.27547415777546 69.34272034319089 71.28180018431532 73.15458203834672 74.72378932569214 76.19270909078305 77.57357766587558 78.88894396469698 80.05628005878187 81.40838684335979 82.68642694009685 83.85520207686385 84.89695827010941 86.32604430755993 87.67776273794766 88.94712110353339
0 0 0 0 0 0 0 0 0 0 0 0 0 0 0 0 0 0 0 0 6.451355783003993 14.02174447755955 19.00883934332702 22.9792525518755 25.10435169310827 29.0463595102464 33.30579032446744 37.3320065873227 41.07938228399721 44.68219104143979 47.94624548362089 50.95279435454794 53.63289129455389 56.34640967256706 59.16282897617412 61.77876834132171 64.21383183061123 66.44702279441852 68.61952182343389 70.54943840257025 72.33818594868421 73.99521751095091 75.52803149141278 77.03676998069966 78.39658638920243 79.68712868928264 81.01051272896525 82.49875008438363 84.15345802979922 85.5819657140685 86.94338634487329 88.18882941057029 89.35891138414431
0 0 0 0 0 0 0 0 0 0 0 0 0 0 0 0 0 0 0 0 6.451355783003993 14.02174447755955 19.00883934332702 22.97925255187551 25.31754052145149 28.975881677802 33.27947550212165 37.31632629240787 41.25322738971214 44.86767103222881 48.16218844312957 51.03478242724994 53.63712251839016 56.11562457926561 58.73499255445016 61.17305087798147 63.56342044831977 65.88791468088192 67.98287869023201 69.97060865853182 71.8834540927658 73.61640389262782 75.20352192340545 76.71114702537116 78.21504495382113 79.64918925398604 81.2566535401691 82.92700575041785 84.50301192202994 85.93105821037697 87.26168993597882 88.5113400353417 89.66640657322654
0 0 0 0 0 0 0 0 0 0 0 0 0 0 0 0 0 0 0 0 6.658428337455071 14.20744736531245 19.1439618491393 23.18103123566459 25.30824571662651 28.66808308825135 32.93387088392323 37.20661209407069 41.27356453550647 44.8230495498181 47.97160029536494 50.78390408970221 53.58150856582678 56.31190440910579 58.94150187007288 61.38146659610661 63.58040149858763 65.81088666644743 67.97078672182181 70.00522063988915 71.95031290941071 73.78124424220238 75.50950915005309 77.0845791509829 78.44527746449474 79.73775261115887 81.17866182910326 82.73352337162142 84.23666358894803 85.72149669040492 87.10959556174453 88.38986664773991 89.5696977858685
0 0 0 0 0 0 0 0 0 0 0 0 0 0 0 0 0 0 0 0 7.552266310694077 14.50078371103407 19.5699651399908 23.69359990619325 25.84986312838487 29.29224027757994 33.31798120014232 37.48547234515132 41.44135784619431 44.94676055610717 48.11814222232077 50.95527318730934 53.68970136413621 56.34746260830183 58.88211671951512 61.28367778982622 63.55211367903439 65.80724950772314 67.907249890354 69.86381838884698 71.68809941727383 73.37695018180091 74.88926984458442 76.37588245608964 78.03755367094277 79.75397977134159 81.3031689347706 82.83539940103576 84.2480986276457 85.6668286697787 86.95655640756465 88.20852537567328 89.39372819793734
0 0 0 0 0 0 0 0 0 0 0 0 0 0 0 0 0 0 0 0 7.387462843865079 14.38095372091165 19.59495385354302 23.92350285506692 26.3216546740758 29.67094974402168 33.66909399333143 37.62370849123572 41.21406490620068 44.55194746208269 47.74301428362319 50.87416189120749 53.82756090735167 56.54937416683166 59.16702145597006 61.74374535220961 64.22609536123345 66.53795901746942 68.66814608314435 70.53156937960489 72.29057781090943 73.92240991934536 75.47311348183361 76.95623971767505 78.58709535289904 80.23064367564183 81.9233617239977 83.55065349961822 85.00644222783417 86.33829970874258 87.63353516253683 88.82954935325276 89.95063889208744
0 0 0 0 0 0 0 0 0 0 0 0 0 0 0 0 0 0 0 0 6.47014955663192 13.19163148442727 19.18541752053966 23.56116770755172 26.85756397453556 29.49180930060722 33.77119386378843 37.49578295009977 41.14772065655439 44.54380143966031 47.88551165521719 51.10214256808183 54.132457605455 56.91257047278479 59.38933216547504 61.66036250352603 63.99982951751984 66.29378119236834 68.36792872691115 70.3940692408832 72.2420813518961 73.990707434755 75.64804221664684 77.33894859076882 79.14083997456551 80.86662809712529 82.53394842670191 84.08632359288869 85.58128275236915 86.93569303596421 88.11877785426209 89.21803171109106 90.23193335638518
0 0 0 0 0 0 0 0 0 0 0 0 0 0 0 0 0 0 0 0 6.473124962539249 12.9975596826242 19.06428320665596 23.56116770755172 26.19610997718955 29.07421091164147 33.3526662163863 37.16003621260081 40.79053494109916 44.3618764921925 47.62396283995643 50.73190620155834 53.83317269011282 56.64449331565609 59.2955777991009 61.76496452614738 64.1382507333042 66.4084399108277 68.44425161314525 70.34497350995545 72.27371682930121 74.24367992572901 76.14914675776734 77.98778285980642 79.75326543809102 81.44519818648534 83.05355672015256 84.58179997619793 85.99065924417738 87.32541702282893 88.59542924482781 89.77666427270246 90.8770370019966
0 0 0 0 0 0 0 0 0 0 0 0 0 0 0 0 0 0 0 0 5.401587177630393 12.93880171891005 19.19441176996716 22.9587847907529 26.28234547736821 28.72910608767539 32.82682343395781 36.56233797021407 40.14027040861343 43.62068290645445 47.09622492402438 50.35621896408509 53.36984800594863 56.2322999590401 58.95416128377921 61.55182677794469 63.94251775874891 66.14602524927378 68.10766191309557 69.83971486791134 71.95472353573103 74.12505011044507 76.19712808435328 78.060175484571 79.88358520089876 81.54439833533657 83.17272941988161 84.68262753110714 86.1022730427559 87.49271577129709 88.82227722403883 90.02827217023714 91.19769399755513
0 0 0 0 0 0 0 0 0 0 0 0 0 0 0 0 0 0 0 0 3.673758412279096 13.80956797591249 18.40053167322333 21.90039445963945 24.98587129744426 28.42077834010371 32.23361768259078 36.20051810561309 39.78045566627314 43.50819969600196 47.16066689261251 50.45997884608489 53.49021473938125 56.30689168126169 58.88635850433697 61.38928375175904 63.83764791671213 66.13959946534774 68.1613089987564 70.06174717004846 72.24784948409068 74.44164208404078 76.51039507946803 78.42494724626359 80.25219019745893 82.02649087864376 83.77072761360787 85.39134148811618 86.83365606293916 88.16848652855271 89.386414723247 90.5656400151921 91.68391065263678
0 0 0 0 0 0 0 0 0 0 0 0 0 0 0 0 0 0 0 0 7.321001774514452 13.80956797591249 18.40053167322333 21.90039445963945 23.98831612380931 28.57655726835581 32.75287519015286 36.70111235059304 40.44285819005057 44.12584046429397 47.52236559659228 50.98839321634158 54.11070739152982 57.0482130498479 59.74729612438373 62.06906654923466 64.24768747244521 66.22455372643655 68.21257624595671 70.3375781282318 72.33595972690254 74.32414998638907 76.43159341756204 78.41210030822982 80.33316006399642 82.11097089804456 83.78079329041219 85.36878321311978 86.80504524121288 88.16562395931824 89.39342394722685 90.55341599435981 91.59619437897351
0 0 0 0 0 0 0 0 0 0 0 0 0 0 0 0 0 0 0 0 7.321001774514452 13.79347047688323 18.85351787022295 23.5755839393632 26.88463753796921 29.5834246213138 33.84462190551337 37.47654866936396 40.88652337221313 44.23250038969053 47.586925095792 50.88951961639859 53.89444549761738 56.75262967461982 59.49216871094615 61.84852373101022 64.13347911562121 66.1565933411723 68.1655899348154 70.17351388422634 72.20368353150438 74.22765660721991 76.25052122760928 78.18262441416148 80.05136664133298 81.81355017472002 83.48810975663625 84.98520241338008 86.43522418439792 87.78429308810293 89.05033735446203 90.21469699972639 91.37988498112075
0 0 0 0 0 0 0 0 0 0 0 0 0 0 0 0 0 0 0 0 5.685863140357529 13.42305323178529 19.58057326889563 24.33204146695953 28.21938553928657 31.03649815595898 34.72000959335445 38.51446149917714 41.89822625691522 44.93119943256826 47.8213493011267 51.03275764267883 54.01092304171639 56.72557893627147 59.24113267000413 61.60070557053037 63.82356387107197 66.16802143105554 68.41068647346809 70.49006618171173 72.49966154506012 74.43740377537503 76.36745480097332 78.16318664431935 79.91758581126454 81.62965761833608 83.3206856354944 84.84366107535949 86.34255711479072 87.7135380213869 88.93604602317865 90.11489403062352 91.25395740649721
0 0 0 0 0 0 0 0 0 0 0 0 0 0 0 0 0 0 0 0 6.685236134253832 13.93766593548892 19.80149337243878 25.02692615140774 28.57976731778433 30.78948519346905 34.86204362386305 38.64288269265145 41.98482266138635 44.99755063633216 47.66230925709516 50.56944736556882 53.41652869771841 56.46883347467805 59.55636763093555 62.38385842747489 65.00241755561345 67.34679153115439 69.46051683583494 71.42541918481719 73.29324427856824 75.25656976534076 77.14223709244563 78.88425808718755 80.59827824330529 82.20245368017862 83.67299437333811 85.06143478317257 86.36229002617787 87.6859961712146 88.90691861793479 90.12836233001916 91.28907087386602
0 0 0 0 0 0 0 0 0 0 0 0 0 0 0 0 0 0 0 0 7.055510644822931 14.19649687359323 19.672479945999 24.42240900477836 27.15721541230457 30.09758213403711 34.17942460890049 37.99734830639947 41.58256043698471 44.846597482598 47.69369880332314 50.60460382915608 53.81380688090363 56.83642168814384 59.74366207901392 62.52410862788972 65.12590774347125 67.63217852311031 69.87763070775995 71.95580017140666 73.85514013022498 75.73570665695243 77.46794283503095 79.18251320422634 80.80224807195516 82.41136536063946 83.90428799210267 85.31035343931691 86.62030811963477 87.88125942773914 89.13860177393943 90.39191890688841 91.56988981027251
