benchmarks/avaHockeyChannelPytest/Outputs/com1DFA/peakFiles/release1HS_ent_dfa_67dc2dc10a_pfv.asc
ncols 1001
nrows 401
xllcenter 1000.00
yllcenter -5000.00
cellsize 5.00
nodata_value -9999.00
[rows 184 to 206 of 401, columns 0 to 52 of 1001]
0 0 0 0 0 0 0 0 0 0 0 0 0 0 0 0 0 0 0 0 6.034769691230773 8.387798450202652 9.689600909578809 10.539658520869 10.96418542352069 11.95483810694824 12.8042413322062 13.50697058778625 14.16354909169847 14.74569103661972 15.29117723338029 15.76750220319777 16.24557759325669 16.73196530070462 17.16832257480437 17.56851583330289 17.94287419443599 18.27227153980597 18.59761018277762 18.89269683995224 19.17270468530798 19.41906091883101 19.65486532560498 19.86792151719609 20.07328109048033 20.25457393366538 20.42059404955274 20.57231204592269 20.71111070313267 20.84057348108059 20.96322832097028 21.0736336324716 21.18246170835065
0 0 0 0 0 0 0 0 0 0 0 0 0 0 0 0 0 0 0 0 5.87406323110846 8.390943930357546 9.723287954083309 10.54008186606925 10.96001000362225 11.89990017724786 12.7493610241359 13.48710858617983 14.14177295010814 14.7379091990336 15.25897456657799 15.74547818042238 16.28093668811089 16.77633560569514 17.22084609107916 17.60484596047969 17.98476300840112 18.3516715204577 18.67813806278087 18.97559910374313 19.23686480063267 19.47819871097779 19.6951968490157 19.88975526330041 20.07543295274593 20.26215968845907 20.43497735466512 20.59711759973827 20.74762423679236 20.88691813284802 21.01572492486365 21.12397755591628 21.22395153390059
0 0 0 0 0 0 0 0 0 0 0 0 0 0 0 0 0 0 0 0 5.68845645999148 8.025100446354942 9.615967122366161 10.57846826953143 11.00130537443262 11.93546550336339 12.78765964186821 13.54688770595927 14.21846260242564 14.76944541990453 15.28521038537915 15.79532125721317 16.32183350713552 16.79566359295472 17.21456384604 17.59775079709165 17.95353925967184 18.3146932638304 18.65325185962574 18.94830446802235 19.21671336488368 19.46543562480786 19.69315225850543 19.90451533885929 20.09608635300696 20.27964062795016 20.44842406474186 20.60952198902572 20.75287777837673 20.88561550932946 21.01208294379962 21.13367665135494 21.24914853829999
0 0 0 0 0 0 0 0 0 0 0 0 0 0 0 0 0 0 0 0 5.68845645999148 8.025100446354942 9.615967122366163 10.57846826953143 11.10611395479652 11.97559143206072 12.84971211152609 13.63770099541334 14.31312153030167 14.864756285451 15.36056355034593 15.84423474609881 16.34516217509611 16.80499942830674 17.23449636067648 17.62704142534489 17.9765063062309 18.30565590371969 18.61216676241242 18.89420296118664 19.16110639786945 19.4153646733484 19.64604211080728 19.85355043587162 20.04610958265697 20.224532778339 20.40336513400984 20.56608184419803 20.72264438178521 20.85807846443273 20.98428773641972 21.10141901634465 21.21144492302347
0 0 0 0 0 0 0 0 0 0 0 0 0 0 0 0 0 0 0 0 5.462277313190453 7.963576783893605 9.711853320529229 10.79826004891402 11.35343884872992 12.00505687419141 12.87947463056524 13.63466430793711 14.32068812279888 14.90876859855617 15.41748485262332 15.87195448928129 16.33189482170369 16.79974450230495 17.22336136629279 17.62090989813391 17.98907089200279 18.31752380175635 18.62290395246212 18.89551890912293 19.14137466498926 19.3741632127137 19.59282997513611 19.80798283806105 20.00266335113865 20.18943929160504 20.37002820177709 20.54195118311466 20.69986955350466 20.83647841216538 20.96025370910629 21.07574859957739 21.18608956823826
0 0 0 0 0 0 0 0 0 0 0 0 0 0 0 0 0 0 0 0 4.929055991624748 7.760627799908426 9.538342393212275 10.67356734315994 11.2927916537581 11.92809751317382 12.77856323922954 13.56318069452976 14.26698639320377 14.84013189998216 15.37648605514058 15.89232469695207 16.37013458818474 16.81810775148303 17.24642952905033 17.64328412892392 18.00719855486873 18.33877310313776 18.64476027679233 18.90843443831035 19.16820249005008 19.40501651896245 19.6255230120015 19.82186596758945 20.00308614600806 20.1691213045394 20.32844603302406 20.48723709564877 20.64100307855902 20.78588336422737 20.91766046304232 21.04029360721166 21.15082997170328
0 0 0 0 0 0 0 0 0 0 0 0 0 0 0 0 0 0 0 0 4.974475524397237 7.790981538927609 9.564772193002733 10.57578637138716 11.19674491700833 11.87230971633664 12.74080656053886 13.54433345832411 14.23722803440835 14.85621170400257 15.42342534393656 15.98149592048674 16.47961391772708 16.94269755800466 17.34163098980352 17.71054235503266 18.05178857488903 18.37395917940689 18.67481155487746 18.94853004318511 19.20098813093306 19.4291647740293 19.63230332392315 19.81585213695673 19.98493334303676 20.14916808705788 20.3004163127166 20.44060094667358 20.56300521083973 20.68712896464748 20.82278475185234 20.95256201023666 21.07902418501059
0 0 0 0 0 0 0 0 0 0 0 0 0 0 0 0 0 0 0 0 5.535281961259284 8.171246375804246 9.591832978283469 10.60484514071259 11.19674491700833 11.90229280324963 12.74729633594732 13.52584398912048 14.22320459546776 14.82394530639664 15.42223301083518 15.9732781620389 16.48598797618804 16.94684873172097 17.34010181558845 17.70507557371281 18.04106171896812 18.35919983957012 18.65989168149783 18.92415330886418 19.16664049648886 19.37847223383911 19.57300033117599 19.75245105450771 19.92293683146542 20.07984025175337 20.22427227962606 20.36468241741681 20.50357753064138 20.6358743622473 20.80454663450505 20.96594207971417 21.11394799623734
0 0 0 0 0 0 0 0 0 0 0 0 0 0 0 0 0 0 0 0 5.639197205069363 8.171246375804246 9.802826521485054 10.84402522044878 11.47624947034332 11.95884440015571 12.77116464293923 13.55293311185424 14.23515125965871 14.8695714988335 15.44198309357749 15.9689185081772 16.45292525998957 16.89961382531453 17.29847326400636 17.67872049790398 18.02986485044685 18.34059352335353 18.62024709062569 18.87879765561294 19.1251904615806 19.32922519472679 19.51828746211909 19.69436184113052 19.86063241247581 20.00703377049955 20.17528027604075 20.33303063245822 20.47623037534788 20.60302869363014 20.77571229916798 20.93773659423908 21.08875542837146
0 0 0 0 0 0 0 0 0 0 0 0 0 0 0 0 0 0 0 0 5.679505164626577 8.373095149811553 9.749061324898674 10.71896742971903 11.20364933695898 12.05121560471109 12.9046097043784 13.66235824946094 14.33167510865307 14.94693798766821 15.4832563570492 15.96132738129068 16.37572766239013 16.78487558377587 17.19924838127732 17.57537600470068 17.9184028069763 18.22731779423655 18.52289418846767 18.78156521733083 19.01817367002997 19.23476247721179 19.43296574012994 19.62610124052911 19.79855883507717 19.96085277352682 20.12591770938225 20.30994215703034 20.51261295274193 20.68598145049788 20.84986646778263 20.99867012581634 21.13751539137752
0 0 0 0 0 0 0 0 0 0 0 0 0 0 0 0 0 0 0 0 5.679505164626577 8.373095149811553 9.749061324898674 10.71896742971904 11.25112006012101 12.03658624315923 12.89951074694727 13.65948869694761 14.36196842179235 14.97792893430677 15.51808436037283 15.97416389474735 16.3763736093175 16.7504663486223 17.13694730027057 17.48900381353688 17.82742556404595 18.15047033562518 18.43676743496972 18.70435893829722 18.95830347008479 19.18546375418481 19.39117349767742 19.58457901326592 19.77562198185194 19.95610047754646 20.15646962394073 20.36258895013326 20.5551711160513 20.72812801610133 20.88799774224169 21.03703163891495 21.17385257495982
0 0 0 0 0 0 0 0 0 0 0 0 0 0 0 0 0 0 0 0 5.769934287951237 8.428359082678091 9.783650098286246 10.76592570001869 11.24905456396814 11.97248576700999 12.83235576266556 13.63939369878124 14.36550808977992 14.97047920906644 15.48734972410789 15.93485238238846 16.36788143985451 16.77973545815097 17.16704719368956 17.51877087527927 17.82980671496296 18.13985758853242 18.43512770796853 18.70898455821282 18.96711798210402 19.20693159281336 19.43058274345536 19.63219029438423 19.80470619126862 19.9671921675481 20.1467940165555 20.33882043920215 20.5227512274729 20.70283757005364 20.86978624252588 21.02259102105874 21.16243107323312
0 0 0 0 0 0 0 0 0 0 0 0 0 0 0 0 0 0 0 0 6.145024943274875 8.514923285336771 9.89190708104125 10.88430059907233 11.36878690282848 12.10211557488606 12.90697121716445 13.69041130593806 14.39467919861264 14.99112413331755 15.51098678716489 15.96171563261753 16.38439827459895 16.78503241109498 17.15839688308834 17.50481045167674 17.82583990714524 18.13935631544338 18.42650942125963 18.6900800411404 18.93252484710819 19.15423584769188 19.35061624917724 19.54173513996258 19.75317109617374 19.96922379204329 20.1622380869251 20.3513389487075 20.52414415117543 20.69623500419565 20.8514455623063 21.001014901151 21.14163288371281
0 0 0 0 0 0 0 0 0 0 0 0 0 0 0 0 0 0 0 0 6.077607606560775 8.479667953673554 9.898220510158133 10.93697921161664 11.47206491309995 12.18009641670001 12.97480134594196 13.71563131817776 14.35514975648124 14.92513776520718 15.45040683665372 15.94900653508041 16.40541997440963 16.81507867463481 17.19985776917502 17.57039347200421 17.92011374981105 18.2397860482887 18.52945575066148 18.77918653451274 19.01191439741267 19.22529712635742 19.42589939768988 19.61584050170615 19.82260015145579 20.02880970947123 20.23899228271972 20.4390133689983 20.61630934816343 20.77718697378721 20.93245508325968 21.07481308971123 21.2073853753931
0 0 0 0 0 0 0 0 0 0 0 0 0 0 0 0 0 0 0 0 5.687771776641499 8.121462763698197 9.79423746918045 10.85383980615886 11.58826215930058 12.14327165565508 12.99445917762421 13.69229399153038 14.34359101769051 14.92377322255674 15.47344687767034 15.98470246330563 16.45181716489929 16.86899085197226 17.2321403437697 17.55852535145335 17.88851999433154 18.20628753924978 18.48890596099606 18.76087274634141 19.00553621341636 19.23417628009515 19.44839867658091 19.66455549850655 19.89231509585618 20.10803671385216 20.31427434425137 20.50442922796056 20.68589891113862 20.84894398236565 20.99032846982892 21.12084653974493 21.24051945649931
0 0 0 0 0 0 0 0 0 0 0 0 0 0 0 0 0 0 0 0 5.689079434556723 8.06150100248837 9.763268716637874 10.85383980615886 11.4446734285408 12.05699193655728 12.91368774138245 13.63085401077291 14.28120004430635 14.8932663462708 15.43113133246497 15.92669240639097 16.40627512418843 16.82921467503105 17.21853329977628 17.57341237866843 17.90785452438457 18.22202512220139 18.49922317465591 18.75432930151802 19.00969710822627 19.26702882202248 19.51270698260076 19.74687100021247 19.96913436257203 20.17984120186347 20.37812021754614 20.56475139361013 20.73531519463562 20.89562358758754 21.04702226501742 21.18686671887829 21.31631265040891
0 0 0 0 0 0 0 0 0 0 0 0 0 0 0 0 0 0 0 0 5.196915997796382 8.043258580609619 9.796533001518231 10.71419264124761 11.46349542621451 11.98522133455936 12.81148380047327 13.52078732363875 14.16691046216737 14.76832470296723 15.34539424779051 15.86761150332417 16.33552080681064 16.76787105732867 17.16889065778264 17.54306512242725 17.88050862793742 18.18598708474107 18.45368010900476 18.68685565683956 18.96769932486951 19.25162981547862 19.51885346073806 19.75603394972926 19.98544285234865 20.19212697257728 20.39273515493711 20.57700507011493 20.74876779989066 20.91563001337721 21.07395041562436 21.21653508118575 21.35388653120962
0 0 0 0 0 0 0 0 0 0 0 0 0 0 0 0 0 0 0 0 4.285882880037144 8.309502986314069 9.591801622537689 10.464319007857 11.1771801670735 11.92073368969035 12.6951994239143 13.45372032294657 14.10327190163211 14.74927111690642 15.35588924364403 15.8839508382022 16.35393144466817 16.7789885990279 17.15901490534013 17.51988637973418 17.86584001897366 18.18510372053838 18.4609464815264 18.71653642772194 19.00629494195156 19.29269837063245 19.55893594747271 19.80213968820839 20.0314989700545 20.25172719530902 20.46591405405679 20.66293075632256 20.83670512136446 20.99624806108852 21.14076804698058 21.27976033878108 21.41073453348072
0 0 0 0 0 0 0 0 0 0 0 0 0 0 0 0 0 0 0 0 6.050207341287756 8.309502986314069 9.591801622537689 10.464319007857 10.95178435776776 11.9533587891345 12.79704559461926 13.54642247063649 14.22020713457623 14.85359223627301 15.41466275930036 15.96690220680605 16.44851169430381 16.889081243491 17.2839949265764 17.61662092304234 17.92312576986018 18.19677907301682 18.46788783888898 18.75334345233295 19.01788102377635 19.2774674148848 19.5488610176606 19.80051770891734 20.04160174037949 20.26215325404047 20.46714358312026 20.66020125907778 20.83327209552221 20.99590721537393 21.14159690600817 21.2783241814716 21.40048999193401
0 0 0 0 0 0 0 0 0 0 0 0 0 0 0 0 0 0 0 0 6.050207341287756 8.304658474881199 9.709149774883212 10.85715983564836 11.59410141795586 12.16211836427228 13.00857830539398 13.68878166042617 14.29799345576384 14.87153327496707 15.42512967462381 15.95141367033007 16.41560926338364 16.8452708014178 17.24705318466696 17.58529552367691 17.9071883772441 18.1874398062471 18.46152620110475 18.73145935107918 19.00048466901626 19.26494959858706 19.52569092600941 19.77152300837766 20.00641979982088 20.22542337934116 20.43136189252154 20.61373357902203 20.78884606999604 20.95045263092219 21.10098781508368 21.23849064784576 21.37520584475396
0 0 0 0 0 0 0 0 0 0 0 0 0 0 0 0 0 0 0 0 5.331914825068724 8.192390747451348 9.894587729889414 11.02996860080742 11.87842277814832 12.45722644812219 13.17573709386963 13.87704246213456 14.47380845819704 14.98852885252056 15.46307687705243 15.97384700732401 16.43333852899593 16.84125573350626 17.21062646593728 17.5500292835269 17.86386910373449 18.18901061507408 18.49468659824601 18.77366056230267 19.03938832329706 19.29214915132254 19.54065694916286 19.76906505684062 19.98969557187709 20.20268022049749 20.41086544410775 20.59656052298047 20.77769923677676 20.94200778595344 21.08744247451296 21.22673950829749 21.3604725376684
0 0 0 0 0 0 0 0 0 0 0 0 0 0 0 0 0 0 0 0 5.781537915751237 8.347953622142651 9.95024958793466 11.18635913767472 11.95403014003736 12.40755519702996 13.20265950933051 13.90015875676452 14.48875816993754 14.99959176716689 15.43734259143962 15.9011709263137 16.34266329239491 16.80309993344651 17.25635645652574 17.66123699340945 18.028091628846 18.35031219504922 18.63605602532828 18.89780664320825 19.14330748310859 19.39801146578442 19.63953119252667 19.86004255876451 20.07464548171465 20.27343750824939 20.45397203153193 20.62297684418675 20.78007339089276 20.93871965656145 21.08398902223377 21.22832569116311 21.36458177379867
0 0 0 0 0 0 0 0 0 0 0 0 0 0 0 0 0 0 0 0 5.939490990321869 8.425110347524605 9.91778199649473 11.05043189309322 11.65272830977891 12.26735141219104 13.07276264010414 13.78356780851741 14.41918174463876 14.97441108735132 15.44242513391649 15.90669730477639 16.40332388281467 16.85770175441241 17.28346928122562 17.68107867578923 18.04520819268529 18.38915149253906 18.69192749661735 18.96784122816915 19.21654757367007 19.459664264441 19.68094799990983 19.89755175947865 20.10003085469711 20.29918290974288 20.48222253468879 20.65312971916326 20.81109176852992 20.96202034963938 21.11144260512998 21.25934134761569 21.39741687801036
