benchmarks/avaHockeyChannelPytest/Outputs/com1DFA/peakFiles/release1HS_ent_dfa_67dc2dc10a_pfd.asc
ncols 1001
nrows 401
xllcenter 1000.00
yllcenter -5000.00
cellsize 5.00
nodata_value -9999.00
[rows 184 to 206 of 401, columns 424 to 476 of 1001]
0 0 0 0 0 0 0 0 0 0 0 0 0 0 0 0 0 0 0 0 0 0 0 0 0 0 0 0 0 0 0 0 0 0 0 0 0 0 0 0 0 0 0 0 0 0 0 0 0 0 0 0 0
0 0 0 0 0 0 0 0 0 0 0 0 0 0 0 0 0 0 0 0 0 0 0 0 0 0 0 0 0 0 0 0 0 0 0 0 0 0 0 0 0 0 0 0 0 0 0 0 0 0 0 0 0
0 0 0 0 0 0 0 0 0 0 0 0 0 0 0 0 0 0 0 0 0 0 0 0 0 0 0 0 0 0 0 0 0 0 0 0 0 0 0 0 0 0 0 0 0 0 0 0 0 0 0 0 0
0 0 0 0 0 0 0 0 0 0 0 0 0 0 0 0 0 0 0 0 0 0 0 0 0 0 0 0 0 0 0 0 0 0 0 0 0 0 0 0 0 0 0 0 0 0 0 0 0 0 0 0 0
0 0 0 0 0 0 0 0 0 0 0 0 0 0 0 0 0 0 0 0 0 0 0 0 0 0 0 0 0 0 0 0 0 0 0 0 0 0 0 0 0 0 0 0 0 0 0 0 0 0 0 0 0
0 0 0 0 0 0 0 0 0 0 0 0 0 0 0 0 0 0 0 0 0 0 0 0 0 0 0 0 0 0 0 0 0 0 0 0 0 0 0 0 0 0 0 0 0 0 0 0 0 0 0 0 0
0 0 0 0 0 0 0 0 0 0 0 0 0 0 0 0 0 0 0 0 0 0 0 0 0 0 0 0 0 0 0 0 0 0 0 0 0 0 0 0 0 0 0 0 0 0 0 0 0 0 0 0 0
0.03450397456517507 0.04048707249537065 0.04516799724509353 0.04580746765647113 0.04405786725955736 0.04163301619632082 0.04018206472171694 0.03151665194066112 0.04044574518180787 0.04325965186889787 0.04600068712268882 0.0510699051019817 0.05024609553329405 0.04699367117246757 0.04291518357936686 0.0342762262546896 0.03886320521078753 0.03803813669448541 0.03205274077714374 0.02382098661412929 0.01596791801143514 0.01298577280567044 0.009000952972199191 0.007279600009505114 0.01314714287757306 0.01433027476424896 0.01163383718060603 0.007159279659614277 0.001276560782755749 0 0 0 0 0 0 0 0 0 0 0 0 0 0 0 0 0 0 0 0 0 0 0 0
0.7103361776055026 0.6564779344771717 0.6215501626601923 0.6594029629834127 0.7138148753668911 0.7092445370623549 0.7240184297646032 0.7173919838798793 0.7281885521835654 0.6926146373389384 0.6448576906020239 0.6507293435795236 0.7033273607327906 0.6369022546616722 0.6841832393142064 0.6244186203474482 0.5905157495690397 0.5814198641599813 0.5743190472310354 0.6146454987292989 0.6201474011714213 0.672490562196745 0.6411093903335534 0.612479165150755 0.5936323575351018 0.5676679939836815 0.5337330501335135 0.4984929176602443 0.4530461399153924 0.3893674955501134 0.3314583994949491 0.3266615333223736 0.3257847144898268 0.3044861854047123 0.2699262538092622 0.2218211474180816 0.2044664389581705 0.1631743356906311 0.1473368582753418 0.1107321732097896 0.09688663964186417 0.07452531101835606 0.0708173877446068 0.0521640610526799 0.04559939465032001 0.05693566671195763 0.06432843833604428 0.0703537357751791 0.06519183567278991 0.06949872031425636 0.07220089399025414 0.07424485728842832 0.07313192048714494
1.73668635475725 1.731217479515503 1.713576658810993 1.687525385188126 1.71271742414171 1.694420525764853 1.693513758998892 1.674185580677111 1.65724575285024 1.650255062040878 1.6140790620768 1.616575126550473 1.645841785430378 1.636184495948847 1.623096703360995 1.576585436901276 1.573425391503998 1.583425928335725 1.512439085029938 1.532752893417682 1.44636940339188 1.464386061434987 1.42117690489817 1.407418011865249 1.34418357737706 1.372387767152786 1.32450525497668 1.278802105705826 1.221008886653104 1.195487353453091 1.14515896755255 1.119754627257793 1.055232680678895 1.058520974691513 0.9885501456957941 0.9863517506025044 0.8910951866672893 0.8582374477346401 0.8181394843597308 0.7776375277093054 0.7170436265425199 0.7004348775668549 0.7375080574407096 0.7206659805192968 0.7034649811428914 0.7409971936185673 0.7509041230627367 0.7531533331967524 0.7480907669263206 0.7033408319969843 0.6700772700163891 0.6644432981375921 0.6431179748466219
2.750311721673086 2.760366677392033 2.710446887832828 2.640904972163752 2.658109678276176 2.669280853507099 2.661625359418847 2.617277339952457 2.54755202266343 2.499649511537498 2.53700901183038 2.528848475562561 2.459780040280585 2.401943698418872 2.355638756622741 2.352162463226032 2.337053223085247 2.307381099902882 2.217530241242575 2.207732488908641 2.150335937598892 2.12306849304221 2.121638688024992 2.081019443145287 2.034100456410147 1.9828242558332 1.935443502321311 1.90526849165022 1.893890729593045 1.809393347367476 1.754177675453792 1.761158161607072 1.703127837180962 1.704263916787089 1.734062017903027 1.695230102485665 1.742970213117619 1.77005366215734 1.719391250706749 1.759885648635744 1.733532651652497 1.779017707855017 1.750010543542497 1.75494121302023 1.7311944400005 1.691246595796902 1.764559936946948 1.782040667700206 1.77111503782867 1.791974437359561 1.779836410613525 1.831274104317561 1.810835414844086
3.708978914210574 3.716459921371746 3.721552840259905 3.716671413850156 3.638757495208989 3.531351901601298 3.502654954901864 3.449676825111733 3.40871303535298 3.383917921245485 3.29294218910294 3.191504397120133 3.171216630951175 3.167778067875378 3.096868102114791 3.019708420325732 2.93595850359864 2.8299406012357 2.81036957237909 2.771255018913132 2.714430787268712 2.791038292662352 2.826019185770053 2.812462437776015 2.866367950153148 2.758703155975347 2.877604637388393 2.820821575977122 2.858647687131244 2.879421919808651 2.785889438037095 2.884168559096929 2.827425379499489 2.833780026619774 2.858871187694679 2.802160245717658 2.934701046634929 2.908419124248952 2.906674801291024 2.938511870778455 2.868525719592209 2.976613594584228 2.965001377051355 2.955841730947954 3.001478541198517 2.884525535874031 2.982931352797755 2.926549191819226 2.981417781733402 3.047266264833443 2.934926773645052 3.019083734757409 2.945958957192393
4.970010193706598 4.847562707075281 4.70543844495247 4.723729706317309 4.692800594710908 4.605877352889163 4.444180955876909 4.31721861727254 4.288903370118437 4.211616749663412 4.10744406794074 3.988072129053222 3.829381950427882 3.874894494520077 3.693705181136717 3.841904985478825 3.877022129265862 3.862317096923827 3.97011060501935 3.879978772585992 4.00503550520892 3.968245331069237 3.97503345676207 4.094644648068711 3.91115752549991 4.076643029615766 4.000106377829951 4.011422994347532 4.042417272682033 3.909749136675309 4.06334293509628 4.004281051385484 3.979181407008448 4.063735874497352 3.966956657596483 4.148274686094487 4.085020224671224 4.08633952464917 4.158653887846318 4.007723549211748 4.179047930820809 4.053890109375342 4.121084584347216 4.158036137000312 4.041147914894082 4.199792459244671 4.094632988259037 4.165957491440145 4.203583311542028 4.10290085279059 4.20266898000136 4.045001178104163 4.153717657377535
6.109822723156853 6.082815589796746 5.932127872199772 5.669620852880886 5.674945036169027 5.642488354077013 5.51944637859159 5.285437278979865 5.074722851076082 4.983660490260164 4.847746430083917 4.869752724209897 4.843086789818992 4.764529270541165 4.867250656014793 4.747001684609687 4.828484643803712 4.890749102564341 4.839633765613216 4.995093582098239 4.863539555453412 4.959120516367643 4.919590432987461 4.894856402688546 4.999906598804498 4.83860816243235 4.986254512716984 4.919802164377647 4.966966644368696 5.051058209523572 4.874672120008162 5.021652527214384 4.919606310094775 4.947554528385074 5.024503643545757 4.886684254336005 5.054643697224072 4.946359546859068 5.026202606373217 5.035751996702383 4.893060330747179 5.048979422475228 4.980943588137061 5.061565541484441 5.02193577738889 4.933282554656767 5.019057965714899 4.892203839352734 4.999331631338344 5.029392533549808 4.919684158876598 5.013103260408707 4.853200262034609
6.789580349596755 6.825381633325287 6.785334580544781 6.659946517430745 6.460977462791731 6.470261102215815 6.398190319382773 6.15889898801022 5.819259184128592 5.623132346086003 5.570846556229776 5.391885287431171 5.511713834221822 5.424878146937858 5.40046109545406 5.484908812635676 5.360080485283373 5.529587177203187 5.487503809053847 5.522098604959909 5.581827930930454 5.475733798365768 5.628916331502992 5.543547727748469 5.612717766010989 5.598411671386863 5.499837828868081 5.600445308941841 5.412039936070309 5.538939040773976 5.529401396184027 5.505466868524881 5.592405588104882 5.417497579823917 5.565033314049741 5.50985711590378 5.500332058291602 5.554595605419679 5.395278404466778 5.575125884323698 5.531068338478327 5.545378625605051 5.580120405135276 5.414754909709203 5.574395704748532 5.487317332727441 5.512301213557295 5.541011931161935 5.403057498144721 5.531717977732963 5.453038492299512 5.475185562096192 5.519689813226059
7.156608116391297 7.250757042674729 7.286112265259369 7.218415589226746 7.003026410746044 6.966214043430907 6.935385375288798 6.74569564134971 6.400394258729031 6.105769805517934 5.896092199796638 5.8023738932235 5.806070083953268 5.852546422935028 5.728000094768767 5.852717738314405 5.776075731688811 5.828112286976601 5.869196788023967 5.746360722633398 5.882031750309977 5.788023647050863 5.854812518891769 5.85852079106061 5.802130367404003 5.897549679651948 5.744916737136044 5.88666188693972 5.858092877608359 5.834035595032036 5.9043021855963 5.726845285271831 5.885913607972109 5.806764471841775 5.820934438230305 5.871356247384283 5.724151418007954 5.871491368032491 5.801235230471126 5.813712253588106 5.847554645994581 5.705292243484348 5.844651235048083 5.764231701522383 5.798654838780219 5.826824968160756 5.697859048249812 5.827662494101618 5.741581361718341 5.76850616483292 5.795442333719808 5.656198255289936 5.793526070709676
7.230159020904929 7.363264555902007 7.4127274893743 7.374692759035137 7.202059171993043 7.128982088946231 7.103046535945479 6.932481300402469 6.596292727271535 6.235786292945517 6.008574226586992 5.936558919486883 5.868219893967071 5.977219563083084 5.857016573006186 5.962110429070364 5.939591608828304 5.897507337194179 5.969912607094862 5.817032377318127 5.980599946886207 5.902453632096238 5.94474463343905 5.970605618358981 5.866412961034736 5.985581346899528 5.891768489054786 5.955767050631828 5.972684686366903 5.878119996433001 5.991076386298411 5.841538577164214 5.958460339091888 5.927598702205957 5.876360047666219 5.959987168255097 5.824784532229695 5.934859749691961 5.921837452350868 5.867935051645487 5.961726893343966 5.806381480223682 5.949123049473637 5.91395764195313 5.876668217719066 5.961510673141184 5.779734101724473 5.933812754379361 5.891083229615627 5.847455154432674 5.914915412795141 5.756103036645211 5.869687619724571
7.128109401009791 7.241893154535188 7.284310952710094 7.213195873618267 6.996357663373158 6.971555681437202 6.925865376393034 6.730567644539598 6.384735827406216 6.089383864123735 5.883129979087935 5.800415930500905 5.773459208370624 5.843382536319079 5.713387418022722 5.868177157407453 5.820993483962813 5.847607820800203 5.906640073598532 5.781459565993734 5.905514579601054 5.771398218340808 5.849219449554833 5.831859842734102 5.777290794795903 5.889621880688864 5.773753984697262 5.895398296609848 5.896327442429671 5.838624820350375 5.912924784882799 5.728067547558861 5.879565232604468 5.829492544754848 5.807839174694515 5.87697354535672 5.710904458546111 5.865721704665576 5.791217760186991 5.813204262912179 5.852197085513301 5.705609399054195 5.835964821428342 5.742695453480906 5.796577257081379 5.823079281822443 5.688380784488514 5.818757540893808 5.740952495934825 5.783510544162312 5.832414640287099 5.682854779888534 5.830934722818177
6.79873602471001 6.82667100761014 6.78411431320256 6.657103002706179 6.422050428568517 6.439011407502869 6.360437402642774 6.115799115217737 5.79228044955605 5.584225459308039 5.504724261274774 5.365484127820137 5.513391084415993 5.497432388568519 5.469371269536041 5.564377369755876 5.407795662895354 5.582954850426989 5.48637474430158 5.526212277162037 5.54742642936263 5.45774022440187 5.590435808281441 5.535546806140733 5.564881817565285 5.58763902914403 5.469176226678978 5.573052878981382 5.420397329212646 5.529980547327181 5.534056857132606 5.488984963232635 5.604360067747332 5.413719555737239 5.58641268190935 5.526137650702371 5.502900306576059 5.556957798271433 5.395524255524351 5.564018622447166 5.500265308338172 5.525449833603771 5.603417237414785 5.428198156619795 5.588570522249261 5.490630838620833 5.529177498218574 5.578490964716879 5.430032405017163 5.564095104188318 5.478988636496826 5.471484613513379 5.537584818668039
6.087570109632788 6.034519626325377 5.87211323898005 5.648725487440314 5.64722426624343 5.603299965174357 5.468995254899633 5.269611663061959 5.004267055334878 4.93796646779888 4.802443097689788 4.784846073353451 4.833305611589581 4.746165477770305 4.951115911555324 4.919248770985472 5.008815204667501 5.008575911962825 4.932648370547788 5.013220805486567 4.817538832513812 4.923084063216157 4.89480906264217 4.82959718771638 4.924403834474885 4.797264819625513 4.960807066228428 4.96285963940618 4.94590963714248 5.09847226066642 4.896158660414766 5.053686233042187 4.977970442830272 4.936973187975259 4.983752749804775 4.868269269794453 5.043447140230112 4.904512861046412 4.971341497374554 4.980085032308044 4.916717139045648 5.04120273702959 4.916297504075335 4.982998334087852 5.011302938641914 4.880301011481432 5.029881568527528 4.921932836945208 5.006348103732696 5.029185849213687 4.964904538129931 5.103714509510903 4.96238278898771
4.97721201883497 4.858164164245717 4.703927895568254 4.693335563317836 4.661718471601744 4.580010233408309 4.434905274475707 4.29771921627771 4.244080855710338 4.168248589657828 4.056834352805146 3.944712004415911 3.820596060972958 3.972420891287868 3.879042284144275 3.979224701697303 4.059308380260708 3.966747391356837 4.063730098531478 3.89715606994505 4.003248169861965 3.923220398995237 3.893883089139863 3.965264228505368 3.879440047645665 4.005249434734192 4.066782377943812 4.019071405583468 4.087214608471332 3.899168759790633 4.080180897236615 4.054166434779786 4.090860855766667 4.182357530412451 4.018565676079131 4.207286515177874 4.163966671477596 4.149194729151632 4.228679175371861 4.039732490440477 4.178098117680364 3.989888381422944 4.104193396244225 4.081583095769963 3.998999903894894 4.147785619372494 4.088195639764177 4.147475333381876 4.209714483796501 4.072260644002657 4.222927707175896 4.114199382428938 4.195474003006077
3.696459663669058 3.701337297967935 3.724676129569994 3.718412671559362 3.621428064736001 3.48503037080354 3.458398606335463 3.45563526596663 3.421859178757078 3.329913794882573 3.283288990196424 3.178985642089162 3.179866918631548 3.138795444335485 3.078049539782963 3.000698350549491 2.917971093878137 2.83911989122522 2.807959402121464 2.838375240417537 2.715413075227935 2.797429600651857 2.755560710216007 2.713203628489913 2.749752772204137 2.657207294393384 2.762663426887757 2.764250146137663 2.797022418226361 2.848980225433575 2.730583208622398 2.843120066984004 2.829333649165264 2.821841364888403 2.864077416233617 2.81373292755911 2.945704269021576 2.934146002532858 2.940032072320218 2.963647366283035 2.862729182183623 2.959437861507676 2.929835113383992 2.877904900927281 2.920786634969915 2.858300386117731 2.977945149697025 2.936561310854362 2.942708078391222 3.040897169756404 2.902830403702123 3.039177507355321 2.964394904528461
2.727007425458863 2.689470520550183 2.619102138409115 2.637953786483709 2.644044632266718 2.634623999750676 2.659792062173423 2.610644606512795 2.554948117468006 2.496962510452745 2.503454077666212 2.47941015937797 2.447020971592851 2.393938196393368 2.34379478953603 2.377454123525108 2.342186381086821 2.29305891890309 2.268239221103999 2.176748953897143 2.136876718221933 2.133178608191485 2.07684584224674 2.069297907984025 2.023892244902443 1.928012077878094 1.88063618544775 1.926368890136136 1.855754921917217 1.871911640725054 1.799136829730161 1.740726101880532 1.730460365776764 1.640203677056086 1.731493087790533 1.67502141271953 1.697656101360096 1.726292545006489 1.711317837960192 1.718438650232463 1.695536675520249 1.716510058260924 1.780069739942899 1.697231411079486 1.754844549705167 1.695347269435057 1.738261353819769 1.776057757053813 1.741751739875433 1.779943597744031 1.752836721467208 1.754540761985222 1.81896360840796
