benchmarks/avaHockeyChannelPytest/Outputs/com1DFA/peakFiles/release1HS_d10bdc1e81_ent_dfa_pfv.asc
ncols 1001
nrows 401
xllcenter 1000.00
yllcenter -5000.00
cellsize 5.00
noDataValue nan
[rows 184 to 206 of 401, columns 106 to 158 of 1001]
24.44027531792218 24.46305175379187 24.50052152800257 24.52343770900213 24.5526577300942 24.57448620201431 24.57293553340663 24.57154045348759 24.55729514470817 24.52278901590111 24.4853332646509 24.42894439044374 24.36821934975332 24.25963267580835 24.17415100367894 24.02337985490849 23.8729258588607 23.6584503751288 23.41954591396237 23.32665624232624 22.88469570645778 22.56966253652951 22.17457105860581 21.79252994430556 21.49950838846375 20.92133154197042 20.44764729060213 20.09952926067037 19.74607224889922 20.02236184892852 20.23973695417957 19.21640092565181 19.15468809617866 18.85505032783516 18.02418677472298 17.15907877808255 16.90122821421031 14.6224953285666 0 0 0 0 0 0 0 0 0 0 0 0 0 0 0
24.84010567491909 24.87698109750565 24.92752228218379 24.98568758878018 25.04835292768808 25.08898393414771 25.13126377922559 25.17509283819956 25.20690650738887 25.23511360880858 25.24397587761148 25.25358926113507 25.22521714018879 25.19642725984092 25.14991126583311 25.08638859283381 25.00636885763539 24.86847087948249 24.7350099136791 24.59647645617483 24.39477074340357 24.21322432613718 23.95896407379827 23.681694974417 23.34267362704937 22.99830052387505 22.65380107156842 22.2013014560971 21.70585364779201 21.25615718854345 20.80237583464688 20.57458080432446 20.50847338708988 20.44683634913335 20.42159114983314 20.3003021381868 18.18965026694117 18.21059967840059 18.19045907714112 17.90072442754889 17.06557774681758 14.83827637531937 0 0 0 0 0 0 0 0 0 0 0
25.09782988314367 25.15811214029597 25.21204775150983 25.28963729264354 25.36370977276073 25.44418532206808 25.5296615207102 25.59857951168372 25.66111978110563 25.72804535507008 25.77220481775555 25.82331018837965 25.86252713258432 25.88828316660195 25.89757898705882 25.90908769158128 25.88389304644983 25.85518365572666 25.79270636478623 25.72978534268312 25.62962276392253 25.49710926980008 25.34868192734485 25.14304651219589 24.93397748822772 24.70436121801558 24.42387123561642 24.13830255219173 23.80829079606831 23.42143109962891 23.00462733111349 22.53669137143693 22.0331401553738 21.58468386522076 21.33108009868387 21.42820663087353 21.5793700108961 21.91146678799505 20.55955230270796 20.37840475524199 20.18674254376528 18.85511032862132 18.35645734395577 18.2949065764636 16.84249872967223 0 0 0 0 0 0 0 0
25.25345871503537 25.33196808400087 25.40991029539214 25.48271235240196 25.5496798631558 25.65674028069983 25.74923149491104 25.84166977556047 25.94502706868081 26.0412792276782 26.12437085577662 26.21246866894947 26.29238850935548 26.35372875987164 26.42230689521104 26.47173923511481 26.51408087400988 26.55432375953064 26.56712295413471 26.57635432763903 26.54250131389136 26.50260295527433 26.43121262676739 26.35125569337328 26.2136037247926 26.05612127619176 25.88105496580173 25.68484268855642 25.47565247752813 25.23316759309049 24.97319638148883 24.64182604416873 24.26743574870251 23.89058794338876 23.43700858903876 22.99060825256053 22.54541965065813 22.30741900308749 22.19373920476525 22.07104508845799 22.13624184366909 22.00081756492322 21.8863205629948 21.19740535042884 19.34076890896455 19.71541399974882 19.53057995589005 18.90420444700835 17.70132175966548 0 0 0 0
25.31014697521386 25.39797147610958 25.48533660230984 25.57513875522232 25.67175287427992 25.76368897612727 25.85149717355398 25.95463747704522 26.06959345527622 26.18782824764184 26.29819706997734 26.40527322226488 26.51620973541215 26.6232815033821 26.72876805465351 26.82428565273866 26.9161397897136 26.99539110742471 27.07347072478057 27.12951434966288 27.17012568146542 27.20183681119871 27.21584165846162 27.21864008978096 27.18489103140007 27.12911536418597 27.04183748032387 26.93999637539953 26.79807021710688 26.6552280919093 26.47727823873368 26.28034185894628 26.07061092085822 25.81183885655257 25.50918478280118 25.17934313105842 24.82161754956225 24.40014009039594 23.96385433653094 23.52419653135063 23.21873629105529 22.96965720381799 22.92020226728796 22.99052380075849 22.77245394282287 22.82364856435034 22.72932567896632 21.53205492536862 21.14839370757436 21.0685801834232 19.68375030926403 19.26082484480684 18.09956121115554
25.29437353940783 25.39585904298917 25.49218203016615 25.59008725930757 25.69185634270341 25.79544208015917 25.89861139356008 25.99803256894565 26.09693412729891 26.20628369898436 26.33952542237923 26.47892481163181 26.60495800104015 26.73509092789956 26.86418917781705 26.98950761846907 27.10582019798917 27.23148475865586 27.35418072585479 27.46164215675519 27.56453295429863 27.65277617260688 27.73513880561307 27.79451848848904 27.84016757259027 27.8705263045271 27.8753945359693 27.86679673953705 27.83176177271391 27.76260834830516 27.66872869068726 27.54516595035749 27.43794110492934 27.30038103884278 27.12721722166668 26.91373178694288 26.67111041840677 26.39086494289323 26.08362237113602 25.72616708983505 25.35323995025479 24.96709454412901 24.50882134552312 24.15087081619022 23.97488480734782 24.17772811139815 24.23819848731384 23.98135979423052 23.94215012654174 23.15698610806632 22.86148601853057 22.02326900315257 21.90129512256302
25.19197375070319 25.2897333094603 25.38892524463767 25.50187893714174 25.61431009908552 25.72932449226347 25.84614226840154 25.95910142844966 26.07651993909812 26.19408720820326 26.30932078939507 26.42596859630309 26.56488759034367 26.70845740833094 26.85977834384953 27.0142455780191 27.16151074151619 27.30299753249244 27.44959897488577 27.59669117422765 27.73099013851192 27.8646023296271 27.99297525559416 28.11705828044754 28.23139192993464 28.32618113783932 28.40603167825915 28.47302947368919 28.52494856218297 28.54388229975111 28.54532476321429 28.52322930446379 28.48950296667556 28.39727784430856 28.32202399444049 28.19733748597471 28.09292268236512 27.93190858726601 27.75752957262905 27.55360838562436 27.30199841040587 27.02344759503575 26.74531593635608 26.36749140917295 25.99296590845174 25.65241786633599 25.27108282946674 24.92415615241185 24.90217341662883 25.10395454609347 24.77986030362284 24.77290106273566 24.64207515050092
25.04126959174395 25.1379202420774 25.25290830917451 25.36026031795792 25.47497691660989 25.59227361000918 25.71544256339031 25.84028577273922 25.97723066551789 26.11473817007451 26.25437992311406 26.39302223338607 26.53030032424387 26.67467872359952 26.82705746490579 26.97389388016743 27.12560604233445 27.28151380950837 27.44408314190477 27.60374928110622 27.76200197902945 27.92077560566369 28.07560786587204 28.23394464388012 28.38304944309089 28.52565228609473 28.6663075571918 28.79405567379363 28.91137915283456 29.01320067035297 29.10332465731958 29.16725751448617 29.21128848261566 29.23116073631843 29.23887325643906 29.20442557407411 29.19823248164569 29.16803743751506 29.11761404042677 29.03745321862074 28.92014159848576 28.76497253415823 28.58936650645124 28.3838063642455 28.16438261313078 27.91816242332515 27.63401630913674 27.31311306217999 26.99694544807153 26.69737365002803 26.41713508119951 26.563222153587 26.67254755606578
25.29259811514956 25.35842569835578 25.42556418724206 25.49430408060964 25.56844174058416 25.64663913376709 25.7179477188141 25.85982165767385 26.00632243816711 26.14870565243895 26.29464931454935 26.43259707775496 26.5771452244154 26.72868415698756 26.87347493189701 27.02195260904814 27.17663371526447 27.32800467526189 27.48646423836338 27.64691044504342 27.80785625653552 27.96953004656641 28.13673982063808 28.29797316662486 28.45650876534125 28.6145423262138 28.77457343684155 28.93451704659586 29.09337977555038 29.2452580858757 29.38973580445611 29.52412117984137 29.64241209298648 29.74574592717021 29.85166815065161 29.96302549706677 30.0561627614195 30.13166899019026 30.18783029645951 30.20749807248858 30.20739325918542 30.17427904694986 30.13333050436841 30.05058650866421 29.95002942092503 29.82899243398949 29.65729358992144 29.49565553470039 29.26709648667339 29.02091056322173 28.76492536124629 28.52296333276398 28.24895760487804
25.45531362050361 25.53784399676918 25.62191335316499 25.70773246173539 25.7894105240069 25.87491105568714 25.95542162586178 26.04076286130025 26.13264916342067 26.21199156062351 26.31355038988723 26.46504280858869 26.61968748946449 26.77231483490355 26.92155865600245 27.07541969522392 27.23527333453725 27.39158988516863 27.54857878777694 27.71034749506203 27.8749446994325 28.05205852932877 28.22626838023782 28.39539327141646 28.56465029655645 28.73290529526016 28.91981574102196 29.1015793439995 29.27983049527196 29.45449219213045 29.64490053881395 29.82714957705362 30.00157934554223 30.17864474133521 30.35908823261552 30.52355773866207 30.66811988574151 30.81410689586191 30.94875396474396 31.06638002005545 31.15846997218539 31.22440632002184 31.29378688196254 31.32372066076951 31.33964873660666 31.30881144178549 31.29444802515596 31.23341960313028 31.15626646703105 31.04567144079229 30.89682196051414 30.75695904325729 30.58015256304427
25.57211399014821 25.65564428240848 25.74295497520317 25.83679006425327 25.92823143830731 26.02615510953763 26.12088806523333 26.21318949129597 26.31064860684242 26.40829992221757 26.50481239274501 26.60963241078822 26.75781176370178 26.90897804940491 27.06352846118292 27.22349747744872 27.38609929283661 27.54770692025691 27.71188777825141 27.87699746019025 28.05273975913343 28.23368789945602 28.41534229909842 28.60093248043598 28.77871415232628 28.95196812594425 29.14874303011148 29.34761582659062 29.5396956854409 29.72297726247564 29.92280605030749 30.1289762755783 30.32254851926107 30.50510737540342 30.71428704398242 30.90856637538158 31.09233383899746 31.28383041076009 31.47119408119367 31.63636238356147 31.79494813820331 31.9546156260945 32.0918241043986 32.19897147526989 32.31332149016159 32.39872645258652 32.45466318996719 32.5004327533454 32.53806640993151 32.5428359614095 32.52201160799677 32.50234432223403 32.45779734053055
25.61770442896575 25.70603035047117 25.80247404317577 25.8989252579238 25.9921436560522 26.09487856324679 26.19814966252702 26.29602641565312 26.40190852230377 26.51042245479531 26.62119632968438 26.75789153996974 26.90683063649745 27.05550021464441 27.21242412409183 27.37497369660127 27.53548245407388 27.69496542919621 27.85614703752002 28.02182525773647 28.20038854615258 28.38241369620965 28.56786432941047 28.75248552045129 28.93215316893053 29.11093787350993 29.31585514898642 29.51586140880208 29.71173264742622 29.90073312805764 30.11126180435858 30.32516859855062 30.52840133363389 30.72089543656512 30.94908011179142 31.16098147223216 31.35491599284306 31.58028659881879 31.79087861986033 31.97710751727616 32.19489044960484 32.39142092253987 32.55990707803777 32.75569530051898 32.92288024579577 33.06578527287045 33.22630237172325 33.35562878726488 33.45991821906605 33.57419876902992 33.65859199908765 33.7127093888348 33.77987474339558
25.61661843775276 25.7087849452052 25.80548783558983 25.90059662625804 25.9944902533877 26.09304678004019 26.19221666801124 26.29896536205024 26.42749455281268 26.56827104020139 26.71432620651101 26.86220117239639 27.01441192440674 27.16609187682188 27.3205904583286 27.47584816928824 27.63244966606602 27.78937171574413 27.94966281331638 28.123704308244 28.30348764849164 28.48181091644708 28.66168846175738 28.84207130960444 29.01658159365482 29.20542359035687 29.40476540759391 29.60155558242752 29.7943779269185 29.98223489426749 30.2078528055304 30.42247117496065 30.62521300542544 30.83151202173527 31.06404710474616 31.28086521420951 31.48644351901808 31.72978113929819 31.94820943544805 32.15719254938173 32.39745729005769 32.60744450739039 32.83019706228145 33.05201854933905 33.2412342652869 33.4645608801596 33.65712740968991 33.84006350196004 34.02916727454591 34.18085977110942 34.35303413986601 34.49683180916733 34.62584979428713
25.53423846865491 25.6276087045851 25.7216084665765 25.82434267837206 25.93351740288949 26.06868127908517 26.20444644626206 26.33934834614353 26.47913661176029 26.6203178929465 26.76466783946503 26.91243952527829 27.06500733542596 27.21682159402248 27.36654815183505 27.51807789590318 27.67415377672076 27.82780372604633 27.992410888218 28.16722736460227 28.34103622477831 28.51487706969717 28.68883585446494 28.85991956456665 29.03331815857406 29.23371584776035 29.43159692258483 29.62296057330844 29.80657643113964 30.0009925873617 30.21594281359019 30.42428946237615 30.62327607775431 30.83824328935274 31.06628883957442 31.2777388424346 31.49425679401486 31.73955392990788 31.96224742379641 32.19066108984052 32.43868523026538 32.65668880415259 32.90500453420643 33.13867653655944 33.35970794288937 33.60935534095288 33.8170939067475 34.06086554393445 34.27394519388304 34.4912605689405 34.70434238862737 34.89036902457227 35.09756089452457
25.45578154934558 25.57529231539834 25.69239119065272 25.82117159830225 25.94275898251417 26.07058748879383 26.20372285578659 26.3369996757078 26.47597129213619 26.61499641351052 26.75550907836303 26.89675250978913 27.04043592893758 27.18293140996433 27.32927649081707 27.47893924190098 27.62585935787007 27.78628180170555 27.95673695691515 28.12433027949482 28.29273997582107 28.45992376918867 28.62505787820626 28.7900636591064 28.98487690537996 29.17555375078008 29.36253959980863 29.54303471743999 29.71814849594346 29.9244620891998 30.13017647312269 30.32906767944541 30.51966096585102 30.74294165055139 30.96472207179835 31.1722138715872 31.39054685992036 31.63129748927332 31.85460567484241 32.08005442264035 32.33274066019459 32.55913510440803 32.80976096333313 33.05612111274296 33.28439833026489 33.54846553646346 33.77163151461291 34.03726272334568 34.27274947603122 34.52531960362013 34.76410242899868 35.00000533328058 35.23667817886565
25.38419712266904 25.50082099492524 25.61910384906825 25.74159328599516 25.85735699729149 25.98416893120754 26.10974539392654 26.23652113855611 26.36629870024796 26.50232424202058 26.63680415591069 26.77240093292085 26.91048448541292 27.05226909168704 27.19110765701345 27.33275567321461 27.4901502210614 27.65181540243833 27.81389613316386 27.97555102489734 28.13623497301448 28.29176442788202 28.44889679069943 28.62378024195075 28.80799575064582 28.98857891047965 29.16621917308847 29.34023644918147 29.51816366883416 29.72114787758712 29.91848014071619 30.10911983706549 30.29170301089519 30.51361657088577 30.72749705348676 30.93038313850714 31.14211913381805 31.37629065685693 31.59495248002559 31.81490749682312 32.0662385155785 32.29548400137814 32.53551491602025 32.7906897605953 33.01763962449324 33.29057121436552 33.53511954081724 33.79709663328902 34.05528426115105 34.30650287439846 34.57447496619456 34.82113969770874 35.09255785869995
25.26098614559931 25.36596323272269 25.47659207329992 25.58369197599145 25.69655666545608 25.81279469724176 25.92652988177483 26.0466627319196 26.1674691378227 26.29220240161009 26.41467857239986 26.54659436309943 26.67376165531913 26.81138347442791 26.95357037755999 27.09383510643921 27.23850274808161 27.38564006960659 27.52872988930856 27.67224029745047 27.82573294317721 27.97598512675222 28.12705296816622 28.2944788267318 28.46337662661182 28.63372260032345 28.8043164719612 28.9724994409493 29.14945141059217 29.34093648481753 29.5274204387402 29.70828309512475 29.92991534561583 30.198471424479 30.45526261335608 30.70844419682304 30.95484696853631 31.18613731333352 31.41361725582664 31.63106708069409 31.8326006517107 32.02649129043603 32.22217306188504 32.42314711860002 32.61065258338931 32.84301074036563 33.04503426077696 33.28000537218954 33.56013835846645 33.81383217705746 34.08910069250599 34.35307278050833 34.62630384227041
25.11540752090518 25.20782063812305 25.30019312072701 25.39671415562744 25.49726400651337 25.59751581529142 25.70252832082143 25.81228795439721 25.92388127050905 26.03795569691797 26.15595761027778 26.27476724544391 26.39362806722464 26.52978624068645 26.68570789004432 26.84333607948764 27.00232427815537 27.15835809276384 27.31706953018346 27.4763398033969 27.6376676231234 27.80413249191039 27.97930275462872 28.15616088365509 28.33673018305993 28.5172082990909 28.70167583316033 28.90572609733436 29.11026179060441 29.31188885556582 29.53887873798095 29.7639543858259 30.01193491772322 30.261053562444 30.5265776198471 30.78665383958727 31.03360729620283 31.26977428163737 31.50396714939541 31.72707277960333 31.9489131667771 32.16710556846687 32.38365408990642 32.59666035380474 32.8049297688399 33.00846931739236 33.16431498196351 33.2915755608708 33.41803103226948 33.57437168923108 33.73229446512619 33.86074281762335 34.13315075738041
25.27686319617005 25.38161726448473 25.48111457430915 25.58586055193252 25.69693566026744 25.79946211799078 25.90834417654714 26.01739351649216 26.12853604734837 26.24235965092682 26.35703554620722 26.47635873829758 26.59465242471585 26.72076324870263 26.84750833198488 26.98472657302693 27.12384359150205 27.26865692703312 27.41450937938307 27.56097465127438 27.71058137065176 27.87740300892561 28.05529861682769 28.23350924072969 28.41358344200479 28.59443270183184 28.78215031518938 28.98480910725058 29.18815558143209 29.39138707298441 29.59646238265907 29.83069922875018 30.06280093803738 30.31160284441515 30.56797260467802 30.82818888528521 31.09508515401814 31.34746863900093 31.58970186761373 31.82926350909458 32.06172392348561 32.29382650671618 32.51030496149612 32.70559159570843 32.91171105508597 33.05404879402175 33.17191427821786 33.27458274901673 33.49782636981532 33.73991034069888 33.98799759573803 34.22451413619243 34.46103390224033
25.38402973235411 25.48241943463353 25.58448908000213 25.68214071109271 25.78467977856865 25.89158942609875 26.00023210259479 26.11876958580601 26.23917983207659 26.36170441600586 26.4870898508345 26.6175668475319 26.74965131764164 26.87966346300848 27.02005285277444 27.15702033374824 27.29231599457761 27.43342045008029 27.57539731789468 27.71123989084968 27.87011240754856 28.03384279022972 28.19619794456701 28.35483799569667 28.52308422510561 28.71715402203249 28.90851977340103 29.11617297999304 29.32800781026842 29.53067172977947 29.72804593825425 29.95390867122442 30.17402661013903 30.37980646108812 30.60974059223078 30.85638484600742 31.12563655858087 31.3732485161331 31.61221823868811 31.84739154468151 32.07043850434319 32.27832663974082 32.46262236343143 32.67965845639151 32.90013938642973 33.13063403270193 33.35599582427416 33.55895042997913 33.7833796659805 33.97823398517205 34.1859955840202 34.36879826080479 34.54909331635322
25.42347801781643 25.52428621580304 25.63626292572944 25.7480273814401 25.8586342586601 25.9742331166679 26.08842007259992 26.20266565809956 26.32455282255441 26.44799841342805 26.57147249801269 26.69972676630612 26.83213727086597 26.96089006963595 27.09601687303933 27.24902474481096 27.40936163498073 27.58447412331076 27.76336044448536 27.94170376828428 28.12028924167661 28.29553825476333 28.48910445166218 28.6804741420924 28.87368358667186 29.06418402607159 29.26031615373297 29.46556199622146 29.66661747775508 29.85979357848269 30.07139871193002 30.28800687381029 30.49178259149332 30.69347255592881 30.91892004356341 31.13128214426117 31.32666381931548 31.55563699486755 31.76833737744354 31.96316848734932 32.18841609875916 32.39615374305257 32.58869056373373 32.8040502922065 32.99271246634719 33.1797354305377 33.3685855942167 33.5247395881116 33.69408525876569 33.83940263007861 33.96326873414692 34.09864576703081 34.19117886352824
25.42575720038617 25.53018421135258 25.63614073015906 25.74399592969598 25.85505697025789 25.97021063699783 26.08568248885711 26.2029536136464 26.3413250396579 26.49372050048958 26.65315159140667 26.81142884142237 26.96834466589248 27.12806401520506 27.28836477170349 27.44902770403018 27.62170270273494 27.80032396400288 27.97729367915977 28.14880831596009 28.31858685033006 28.50028301919681 28.68866422909931 28.8754620466225 29.05828701741616 29.23853433841602 29.44051566292535 29.63822224785131 29.82916512165858 30.01203413344166 30.21990578715011 30.42330740512583 30.6137345441498 30.80290082567215 31.01427228081361 31.20709691539823 31.3882054156706 31.58740619126565 31.77805279847853 31.95354402447633 32.13656912988345 32.3150742591059 32.4711867351398 32.62674141437816 32.77685653378124 32.90003222574576 33.01656258030071 33.12597844091423 33.20675599219356 33.27701709178678 33.33029903137168 33.35856781803667 33.38206095568709
25.36868033461781 25.49709512278795 25.6219063812719 25.75733327099028 25.89442240434401 26.03010108491997 26.16944927164262 26.30929197045712 26.45211192425098 26.60358414246448 26.76112739162178 26.91584866559718 27.06455036722657 27.22014089380061 27.38187284286876 27.5532091228818 27.72330878904463 27.89405659438931 28.06196476230505 28.23355244252725 28.40294982518879 28.58673907349035 28.76495027532649 28.94281837622447 29.11818460145943 29.29336664989927 29.48394867108361 29.67063369183044 29.85035530530917 30.02016091077013 30.20668162130752 30.39362710467599 30.57112080326197 30.73453740410978 30.93891628507631 31.13047859610441 31.30596075099037 31.46485283167867 31.62856929510541 31.79348133350912 31.93523200933075 32.05474272254934 32.16014304599072 32.2726741377345 32.35906015920492 32.41679871791189 32.4506811560784 32.49990334133282 32.51300995018234 32.50318702023689 32.46181301197691 32.40329901986127 32.33993890148503
