data/avaWog/Inputs/avaWog.asc
ncols        490
nrows        555
xllcenter    167455.348391387
yllcenter    361955.626633194
cellsize     4.997678230579
NODATA_value  -9999
[rows 63 to 83 of 555, columns 282 to 328 of 490]
1252.9892578125 1253.4383544921875 1254.894287109375 1256.0045166015625 1256.897216796875 1257.6331787109375 1258.007080078125 1257.843505859375 1255.7156982421875 1253.9405517578125 1253.398193359375 1253.3023681640625 1253.308837890625 1253.28369140625 1253.20703125 1253.1456298828125 1253.141357421875 1253.1475830078125 1252.979248046875 1252.8394775390625 1252.510009765625 1252.4764404296875 1252.4088134765625 1252.378662109375 1252.4300537109375 1252.2598876953125 -9999 -9999 -9999 -9999 -9999 -9999 -9999 -9999 -9999 -9999 -9999 -9999 -9999 -9999 -9999 -9999 -9999 -9999 -9999 -9999 -9999
1252.6326904296875 1252.5426025390625 1252.7381591796875 1252.9708251953125 1253.48681640625 1254.4969482421875 1255.585693359375 1256.298095703125 1254.016845703125 1253.594482421875 1254.16357421875 1253.850341796875 1253.5701904296875 1253.510498046875 1253.3380126953125 1253.453857421875 1253.2088623046875 1253.067626953125 1253.0965576171875 1253.039794921875 1252.615966796875 1252.6507568359375 1252.0966796875 1251.5262451171875 1251.0438232421875 1250.4505615234375 1249.712158203125 1249.5218505859375 -9999 -9999 -9999 -9999 -9999 -9999 -9999 -9999 -9999 -9999 -9999 -9999 -9999 -9999 -9999 -9999 -9999 -9999 -9999
1252.6295166015625 1252.4967041015625 1252.3963623046875 1252.2896728515625 1252.218505859375 1252.28076171875 1252.6171875 1253.0428466796875 1252.5975341796875 1252.7825927734375 1253.278564453125 1253.0634765625 1252.825439453125 1252.9324951171875 1252.7957763671875 1253.1175537109375 1252.722900390625 1252.5244140625 1252.5472412109375 1252.1767578125 1252.1884765625 1251.8472900390625 1250.7884521484375 1250.0592041015625 1249.792236328125 1249.5543212890625 1249.1749267578125 1249.0352783203125 1248.8983154296875 -9999 -9999 -9999 -9999 -9999 -9999 -9999 -9999 -9999 -9999 -9999 -9999 -9999 -9999 -9999 -9999 -9999 -9999
1254.583984375 1253.4769287109375 1252.33056640625 1252.253662109375 1252.10791015625 1252.0162353515625 1251.96142578125 1251.85888671875 1251.877197265625 1251.9285888671875 1251.7332763671875 1251.6446533203125 1251.581787109375 1251.6309814453125 1251.5400390625 1251.3165283203125 1251.178466796875 1251.061767578125 1250.8367919921875 1250.78857421875 1250.6630859375 1250.448974609375 1250.3006591796875 1249.9080810546875 1249.8038330078125 1249.6240234375 1249.31201171875 1249.3160400390625 1249.1048583984375 1248.7408447265625 1248.5657958984375 -9999 -9999 -9999 -9999 -9999 -9999 -9999 -9999 -9999 -9999 -9999 -9999 -9999 -9999 -9999 -9999
1256.83544921875 1255.845947265625 1255.3414306640625 1254.3865966796875 1253.503173828125 1252.51904296875 1251.8900146484375 1251.8924560546875 1251.943359375 1251.8868408203125 1251.8194580078125 1251.74853515625 1251.66748046875 1251.529296875 1251.44482421875 1251.3994140625 1251.22021484375 1251.131103515625 1250.9608154296875 1250.9031982421875 1250.696044921875 1250.4696044921875 1250.259521484375 1250.120361328125 1249.9779052734375 1249.9180908203125 1249.682861328125 1249.17822265625 1248.8431396484375 1251.4293212890625 1252.880859375 1253.8267822265625 -9999 -9999 -9999 -9999 -9999 -9999 -9999 -9999 -9999 -9999 -9999 -9999 -9999 -9999 -9999
1258.2149658203125 1258.16845703125 1258.1390380859375 1257.868896484375 1256.396240234375 1254.53515625 1253.927734375 1253.1658935546875 1252.2039794921875 1251.7545166015625 1251.7164306640625 1251.6728515625 1251.6771240234375 1251.62890625 1251.5262451171875 1251.4337158203125 1251.264404296875 1251.146728515625 1251.00927734375 1250.87744140625 1250.783203125 1250.5059814453125 1250.3953857421875 1250.329833984375 1250.0313720703125 1249.992919921875 1249.7271728515625 1252.50146484375 1253.0623779296875 1253.559326171875 1254.0277099609375 1254.201904296875 1254.974365234375 -9999 -9999 -9999 -9999 -9999 -9999 -9999 -9999 -9999 -9999 -9999 -9999 -9999 -9999
1258.499755859375 1258.6014404296875 1258.7513427734375 1258.73291015625 1258.3497314453125 1257.351318359375 1256.393310546875 1255.8216552734375 1254.858154296875 1253.5084228515625 1252.680419921875 1252.106201171875 1251.6502685546875 1251.4874267578125 1251.382568359375 1251.30859375 1251.22509765625 1251.1083984375 1251.01025390625 1250.94189453125 1250.8707275390625 1250.732666015625 1250.5616455078125 1250.5010986328125 1251.3193359375 1253.3734130859375 1253.2177734375 1253.7210693359375 1253.9346923828125 1255.0068359375 1255.005126953125 1256.7064208984375 1258.0184326171875 1259.3228759765625 1260.53759765625 -9999 -9999 -9999 -9999 -9999 -9999 -9999 -9999 -9999 -9999 -9999 -9999
1258.6934814453125 1258.8114013671875 1258.721435546875 1258.681396484375 1258.6378173828125 1258.21484375 1257.2862548828125 1256.8062744140625 1256.7578125 1255.882080078125 1254.971435546875 1254.3765869140625 1253.4656982421875 1252.78271484375 1252.3143310546875 1252.08349609375 1251.9449462890625 1251.7689208984375 1251.4866943359375 1251.4178466796875 1251.3419189453125 1251.9798583984375 1253.3541259765625 1253.3525390625 1253.3704833984375 1253.6453857421875 1253.9732666015625 1255.0289306640625 1255.79541015625 1256.9481201171875 1257.556884765625 1259.8643798828125 1261.3826904296875 1262.8447265625 1263.7764892578125 1265.2039794921875 -9999 -9999 -9999 -9999 -9999 -9999 -9999 -9999 -9999 -9999 -9999
1258.9512939453125 1258.839111328125 1258.6103515625 1258.4967041015625 1258.397705078125 1258.16943359375 1257.61083984375 1257.0469970703125 1256.7598876953125 1256.40478515625 1255.994140625 1255.8231201171875 1255.4384765625 1254.88623046875 1254.3233642578125 1254.1368408203125 1253.90478515625 1253.8033447265625 1253.66357421875 1253.73291015625 1253.6134033203125 1253.713134765625 1253.7047119140625 1254.152587890625 1255.386474609375 1256.53515625 1256.937744140625 1257.9569091796875 1258.75244140625 1259.82470703125 1260.3533935546875 1261.6993408203125 1264.11181640625 1265.400634765625 1266.568603515625 1267.1497802734375 1267.572509765625 1267.1669921875 -9999 -9999 -9999 -9999 -9999 -9999 -9999 -9999 -9999
1259.0338134765625 1258.849609375 1258.660888671875 1258.4781494140625 1258.30322265625 1258.1246337890625 1257.7603759765625 1257.3687744140625 1256.8387451171875 1256.166748046875 1255.5653076171875 1255.11865234375 1254.8157958984375 1254.583251953125 1254.3812255859375 1254.209716796875 1253.896240234375 1253.82275390625 1253.9310302734375 1254.0677490234375 1254.544189453125 1256.1339111328125 1257.0604248046875 1258.48486328125 1259.415771484375 1260.033447265625 1260.3345947265625 1261.125 1261.904052734375 1262.8463134765625 1263.525390625 1264.234375 1266.0413818359375 1267.755859375 1269.0260009765625 1269.30712890625 1269.9447021484375 1269.613037109375 1269.6251220703125 -9999 -9999 -9999 -9999 -9999 -9999 -9999 -9999
1258.99072265625 1258.822998046875 1258.644287109375 1258.5198974609375 1258.3857421875 1258.3150634765625 1258.0609130859375 1257.7811279296875 1258.223876953125 1258.54248046875 1257.2557373046875 1256.44287109375 1255.6968994140625 1255.089111328125 1254.62255859375 1254.6109619140625 1254.63525390625 1254.8145751953125 1255.7677001953125 1257.20068359375 1258.3753662109375 1259.4404296875 1260.797607421875 1262.32958984375 1263.0888671875 1262.857177734375 1263.243896484375 1264.3326416015625 1265.037841796875 1266.3167724609375 1267.10546875 1267.200927734375 1268.477783203125 1269.9085693359375 1271.3978271484375 1272.0927734375 1272.69189453125 1272.929443359375 1272.998291015625 1272.9990234375 1273.0982666015625 -9999 -9999 -9999 -9999 -9999 -9999
1258.9949951171875 1258.8409423828125 1258.6759033203125 1258.5919189453125 1258.75537109375 1258.7642822265625 1258.872802734375 1259.6676025390625 1261.2147216796875 1262.3037109375 1261.9393310546875 1260.0316162109375 1258.7359619140625 1257.518798828125 1256.5140380859375 1256.9505615234375 1257.7032470703125 1258.264404296875 1259.3955078125 1260.817138671875 1261.9921875 1263.0084228515625 1264.2213134765625 1265.55712890625 1266.1490478515625 1266.188232421875 1266.6292724609375 1267.7847900390625 1268.93603515625 1269.737060546875 1270.2298583984375 1270.89794921875 1271.868408203125 1272.9376220703125 1273.940673828125 1275.27783203125 1275.996826171875 1276.396240234375 1276.6297607421875 1277.0494384765625 1277.0628662109375 1276.5941162109375 -9999 -9999 -9999 -9999 -9999
1259.13720703125 1258.9373779296875 1258.8409423828125 1258.9696044921875 1259.14111328125 1259.546875 1260.1705322265625 1261.14111328125 1263.4056396484375 1264.9903564453125 1265.180419921875 1263.08447265625 1261.53076171875 1261.1571044921875 1260.4598388671875 1260.3372802734375 1260.817626953125 1261.6187744140625 1263.010986328125 1264.6123046875 1265.376953125 1266.5306396484375 1267.7457275390625 1268.5933837890625 1268.9998779296875 1269.52490234375 1270.1781005859375 1271.02734375 1272.34619140625 1273.3009033203125 1273.8426513671875 1275.35205078125 1276.4544677734375 1276.529296875 1276.905517578125 1278.5235595703125 1279.599365234375 1279.5870361328125 1280.15625 1280.8505859375 1281.310546875 1280.937255859375 1279.8978271484375 1279.6273193359375 -9999 -9999 -9999
1260.2152099609375 1259.874267578125 1259.5565185546875 1259.668701171875 1260.41015625 1261.2069091796875 1261.9222412109375 1263.1925048828125 1265.31982421875 1265.7257080078125 1264.886474609375 1263.6517333984375 1263.19091796875 1264.4921875 1264.8055419921875 1264.3568115234375 1264.5994873046875 1265.1524658203125 1266.4263916015625 1267.8807373046875 1268.6802978515625 1269.5888671875 1270.725341796875 1271.59033203125 1272.489013671875 1272.67578125 1272.9066162109375 1273.923583984375 1275.477294921875 1277.2257080078125 1278.3184814453125 1279.9630126953125 1281.189697265625 1281.0242919921875 1280.425537109375 1281.849365234375 1282.9365234375 1283.2113037109375 1284.041748046875 1284.47802734375 1285.046630859375 1284.8900146484375 1284.1077880859375 1283.5341796875 1282.864013671875 -9999 -9999
1262.1004638671875 1261.328369140625 1260.796875 1261.0625 1262.0677490234375 1263.4212646484375 1264.509765625 1265.5777587890625 1265.9893798828125 1265.278076171875 1264.0584716796875 1263.78125 1265.361328125 1267.398193359375 1268.5225830078125 1268.5650634765625 1268.4013671875 1268.5013427734375 1269.5399169921875 1270.8623046875 1272.1429443359375 1273.05029296875 1273.859619140625 1274.4669189453125 1274.8218994140625 1275.32275390625 1275.9771728515625 1277.6195068359375 1279.4794921875 1281.0843505859375 1282.56005859375 1284.3038330078125 1285.594482421875 1285.4840087890625 1284.111572265625 1284.827392578125 1286.37744140625 1287.17919921875 1288.1260986328125 1288.5576171875 1288.899658203125 1288.7862548828125 1287.964111328125 1287.0286865234375 1286.7244873046875 1286.787841796875 1286.925048828125
1265.35107421875 1264.8184814453125 1264.0374755859375 1264.197021484375 1265.1522216796875 1265.698974609375 1266.1097412109375 1266.560791015625 1266.8443603515625 1266.6895751953125 1265.5963134765625 1265.347412109375 1267.217041015625 1269.4287109375 1270.97412109375 1272.0712890625 1272.060302734375 1272.0762939453125 1273.03564453125 1274.2039794921875 1275.658935546875 1276.545654296875 1276.5439453125 1276.8392333984375 1277.51806640625 1278.591064453125 1279.942626953125 1281.46630859375 1283.7666015625 1285.2918701171875 1286.4482421875 1288.015625 1289.4796142578125 1289.4578857421875 1288.144287109375 1288.387451171875 1289.7352294921875 1290.831298828125 1292.015625 1292.612548828125 1292.8892822265625 1292.7940673828125 1291.7208251953125 1290.437744140625 1290.029296875 1290.3736572265625 1290.246337890625
1266.1573486328125 1266.80908203125 1267.197998046875 1266.8336181640625 1266.56884765625 1266.5628662109375 1266.4300537109375 1266.39990234375 1266.4326171875 1266.6744384765625 1267.51416015625 1267.7620849609375 1268.8905029296875 1271.2506103515625 1272.59912109375 1273.94775390625 1275.1807861328125 1275.666748046875 1276.3670654296875 1277.6357421875 1278.7923583984375 1279.18896484375 1279.1793212890625 1279.6357421875 1280.697509765625 1282.2779541015625 1283.9306640625 1285.7845458984375 1288.3985595703125 1289.9063720703125 1290.357421875 1291.5067138671875 1293.1533203125 1293.2354736328125 1292.255859375 1292.535888671875 1293.38671875 1294.712890625 1296.1785888671875 1297.015869140625 1297.2135009765625 1296.67236328125 1295.5545654296875 1294.642822265625 1294.790283203125 1294.812255859375 1294.52783203125
1265.8177490234375 1265.884033203125 1266.0792236328125 1266.00732421875 1265.845458984375 1265.84814453125 1265.8221435546875 1265.6671142578125 1265.4163818359375 1265.5606689453125 1267.3731689453125 1269.7081298828125 1271.4056396484375 1273.5135498046875 1275.1129150390625 1276.1805419921875 1277.580810546875 1278.889892578125 1280.231201171875 1281.5968017578125 1281.9639892578125 1281.5069580078125 1281.6209716796875 1282.9361572265625 1284.9407958984375 1286.576416015625 1287.726318359375 1289.7705078125 1292.3848876953125 1293.826416015625 1294.267822265625 1295.6002197265625 1297.23291015625 1297.0174560546875 1296.044677734375 1296.3369140625 1297.5728759765625 1299.0130615234375 1300.7025146484375 1302.18017578125 1302.3880615234375 1301.2098388671875 1299.63525390625 1298.909912109375 1299.177001953125 1299.2196044921875 1299.2152099609375
1265.93359375 1265.6683349609375 1265.6134033203125 1265.5657958984375 1265.53515625 1265.4925537109375 1265.4541015625 1265.45947265625 1265.4775390625 1265.535888671875 1267.0704345703125 1270.8470458984375 1274.0604248046875 1276.26220703125 1278.0064697265625 1278.845458984375 1280.3370361328125 1282.2510986328125 1283.7890625 1285.2037353515625 1285.370361328125 1285.3056640625 1285.8050537109375 1286.51806640625 1287.9989013671875 1289.95703125 1291.3828125 1293.391845703125 1295.84814453125 1297.550537109375 1298.5626220703125 1299.5396728515625 1301.179931640625 1301.068359375 1299.7760009765625 1299.7957763671875 1301.3775634765625 1303.3778076171875 1305.5262451171875 1307.2637939453125 1307.7257080078125 1306.4154052734375 1304.7852783203125 1304.4874267578125 1304.6053466796875 1304.8177490234375 1304.625244140625
1266.5089111328125 1265.8546142578125 1265.6846923828125 1265.5989990234375 1265.46337890625 1265.653076171875 1266.08349609375 1266.266357421875 1266.5728759765625 1267.0218505859375 1268.9735107421875 1272.4163818359375 1276.1610107421875 1278.7908935546875 1280.378173828125 1281.236328125 1282.967041015625 1285.4305419921875 1287.92724609375 1289.631103515625 1289.4183349609375 1289.754638671875 1290.1644287109375 1290.680908203125 1291.32861328125 1292.9183349609375 1295.04833984375 1297.002197265625 1300.2384033203125 1302.373779296875 1302.8590087890625 1303.376708984375 1304.9686279296875 1305.3167724609375 1304.202880859375 1304.0404052734375 1305.38037109375 1307.4967041015625 1309.75146484375 1311.3348388671875 1311.6917724609375 1310.6195068359375 1309.527099609375 1309.6358642578125 1309.8177490234375 1309.4512939453125 1308.8961181640625
1267.5548095703125 1266.6961669921875 1266.5584716796875 1266.4669189453125 1266.4573974609375 1266.98193359375 1267.9788818359375 1268.823974609375 1269.9847412109375 1271.30908203125 1272.5960693359375 1275.4429931640625 1278.6390380859375 1280.704345703125 1282.5477294921875 1283.9300537109375 1285.6588134765625 1288.1033935546875 1291.06982421875 1293.8565673828125 1294.6158447265625 1294.349609375 1294.810302734375 1294.96923828125 1294.96337890625 1296.4627685546875 1298.387451171875 1300.4791259765625 1303.6998291015625 1306.60888671875 1307.32470703125 1307.4334716796875 1308.127197265625 1308.720458984375 1308.515625 1308.73095703125 1309.475830078125 1311.38232421875 1313.329833984375 1314.1619873046875 1313.822509765625 1312.72412109375 1311.8587646484375 1311.455322265625 1311.349853515625 1311.1431884765625 1310.6639404296875
