data/avaWog/Inputs/avaWog.asc
ncols        490
nrows        555
xllcenter    167455.348391387
yllcenter    361955.626633194
cellsize     4.997678230579
NODATA_value  -9999
[rows 399 to 419 of 555, columns 188 to 234 of 490]
1731.08203125 1729.4361572265625 1727.2344970703125 1724.53759765625 1721.191162109375 1722.4005126953125 1724.04736328125 1726.912109375 1730.1190185546875 1733.1177978515625 1735.7156982421875 1738.2816162109375 1741.0953369140625 1743.4644775390625 1745.6884765625 1748.1082763671875 1750.1695556640625 1752.698974609375 1755.1783447265625 1758.024658203125 1760.8153076171875 1762.8497314453125 1764.899169921875 1767.6041259765625 1770.00634765625 1771.7835693359375 1774.258056640625 1776.5999755859375 1778.581298828125 1781.1851806640625 1784.0303955078125 1786.53515625 1788.5474853515625 1790.298583984375 1791.5447998046875 1792.2308349609375 1793.4854736328125 1795.4769287109375 1797.05126953125 1800.122802734375 1804.016357421875 1809.6527099609375 1813.346435546875 1816.8995361328125 1820.2645263671875 1823.1998291015625 1827.158203125
1733.101318359375 1731.639892578125 1728.6287841796875 1725.350341796875 1722.7509765625 1723.580322265625 1725.011962890625 1727.7135009765625 1730.9736328125 1733.990966796875 1736.5335693359375 1739.5260009765625 1741.8690185546875 1744.194091796875 1746.421630859375 1749.0540771484375 1751.6275634765625 1754.0609130859375 1755.9722900390625 1758.4010009765625 1761.3853759765625 1764.07568359375 1766.2972412109375 1769.0765380859375 1772.339599609375 1775.218994140625 1776.701416015625 1777.6785888671875 1779.1705322265625 1780.96826171875 1783.0010986328125 1785.7799072265625 1788.5784912109375 1790.6280517578125 1791.9278564453125 1793.5316162109375 1794.68212890625 1796.9801025390625 1799.3853759765625 1802.0052490234375 1805.9056396484375 1812.0400390625 1817.0457763671875 1820.565673828125 1823.22607421875 1825.5843505859375 1829.632080078125
1734.733642578125 1733.611572265625 1730.2974853515625 1726.7677001953125 1724.0009765625 1724.6083984375 1726.68798828125 1728.97412109375 1731.257080078125 1734.3897705078125 1737.3665771484375 1740.3463134765625 1742.9378662109375 1745.3001708984375 1747.4644775390625 1749.9033203125 1752.7210693359375 1755.1190185546875 1757.0242919921875 1758.744140625 1761.2864990234375 1763.586181640625 1765.6522216796875 1768.794921875 1772.5413818359375 1777.0455322265625 1779.6424560546875 1780.6116943359375 1781.0946044921875 1782.3927001953125 1783.936279296875 1786.3050537109375 1788.623779296875 1791.6317138671875 1793.07763671875 1794.830322265625 1796.50439453125 1798.3438720703125 1802.207763671875 1805.67333984375 1808.5791015625 1813.7603759765625 1819.437744140625 1823.507080078125 1826.0897216796875 1829.09375 1831.8316650390625
1736.23876953125 1734.8118896484375 1731.347900390625 1728.1961669921875 1724.305908203125 1725.0059814453125 1728.1971435546875 1730.2562255859375 1732.7154541015625 1735.374267578125 1738.43359375 1741.2987060546875 1744.0435791015625 1746.703369140625 1749.2506103515625 1751.4671630859375 1754.0872802734375 1756.600341796875 1758.6619873046875 1760.3052978515625 1762.014892578125 1764.1251220703125 1766.0782470703125 1768.5589599609375 1772.2906494140625 1776.9744873046875 1781.1463623046875 1783.7930908203125 1784.214111328125 1784.67724609375 1785.7547607421875 1787.1859130859375 1789.2073974609375 1792.04638671875 1794.43310546875 1796.375244140625 1798.5146484375 1800.543212890625 1803.54931640625 1808.27001953125 1811.4425048828125 1815.697265625 1819.8408203125 1824.1851806640625 1828.13525390625 1831.3643798828125 1834.0784912109375
1738.0423583984375 1735.8695068359375 1732.187744140625 1728.9512939453125 1725.1292724609375 1725.394287109375 1729.00439453125 1731.8787841796875 1734.184814453125 1736.3447265625 1739.036865234375 1741.8992919921875 1744.66064453125 1747.740234375 1750.574951171875 1752.9365234375 1755.564453125 1757.9427490234375 1760.3133544921875 1762.3609619140625 1764.2899169921875 1766.4783935546875 1768.421630859375 1769.935302734375 1772.886962890625 1777.5487060546875 1782.025634765625 1785.1334228515625 1787.459716796875 1788.161865234375 1788.2652587890625 1789.4737548828125 1791.159423828125 1793.1136474609375 1795.33837890625 1797.3951416015625 1799.5772705078125 1802.024169921875 1805.7354736328125 1810.0782470703125 1815.2828369140625 1818.30419921875 1821.0545654296875 1825.7174072265625 1829.9383544921875 1832.720458984375 1835.426025390625
1739.895751953125 1738.705810546875 1734.003662109375 1730.439697265625 1726.8953857421875 1725.937744140625 1728.73681640625 1732.65576171875 1735.3829345703125 1737.6065673828125 1740.0904541015625 1743.0660400390625 1745.6343994140625 1748.552734375 1751.409912109375 1753.900390625 1756.6614990234375 1758.9287109375 1761.5721435546875 1764.0169677734375 1766.3408203125 1768.64208984375 1770.79052734375 1772.180419921875 1774.5780029296875 1778.13134765625 1782.22509765625 1785.6068115234375 1788.3265380859375 1790.093505859375 1791.052978515625 1792.152099609375 1793.74169921875 1795.1221923828125 1797.1143798828125 1799.0841064453125 1801.183349609375 1804.5609130859375 1807.6092529296875 1811.099853515625 1815.560791015625 1818.8994140625 1822.146728515625 1827.048583984375 1831.0745849609375 1834.34765625 1837.2081298828125
1741.4578857421875 1740.386474609375 1735.8251953125 1731.9166259765625 1728.75927734375 1727.435546875 1729.545166015625 1733.2969970703125 1736.2830810546875 1739.07763671875 1741.1905517578125 1743.680908203125 1746.52392578125 1749.3895263671875 1752.3480224609375 1754.8197021484375 1757.41943359375 1759.9044189453125 1762.6158447265625 1764.977783203125 1767.2666015625 1769.6253662109375 1771.75830078125 1773.4854736328125 1775.8170166015625 1778.208984375 1782.1224365234375 1786.0679931640625 1788.9581298828125 1791.10693359375 1792.5823974609375 1793.698486328125 1795.112548828125 1796.4918212890625 1798.1314697265625 1799.953857421875 1802.1572265625 1805.0726318359375 1807.853515625 1811.168212890625 1814.94873046875 1819.299560546875 1823.3089599609375 1827.425537109375 1831.156494140625 1834.7142333984375 1838.122314453125
1742.9669189453125 1741.9892578125 1738.5955810546875 1734.791748046875 1731.5325927734375 1729.67431640625 1730.8333740234375 1734.2060546875 1737.5853271484375 1739.8154296875 1742.3759765625 1745.072998046875 1747.56689453125 1750.477294921875 1753.33544921875 1755.53564453125 1758.105224609375 1760.7777099609375 1763.349609375 1765.79248046875 1768.18310546875 1770.3782958984375 1772.568359375 1774.453857421875 1776.7276611328125 1778.7562255859375 1781.9989013671875 1785.7635498046875 1789.2919921875 1791.8887939453125 1793.5526123046875 1794.8846435546875 1796.0125732421875 1797.371826171875 1799.28466796875 1801.05908203125 1802.7891845703125 1804.755615234375 1807.2080078125 1811.32861328125 1815.7344970703125 1820.510009765625 1824.400390625 1828.2392578125 1831.7401123046875 1835.6708984375 1839.5040283203125
1744.5589599609375 1743.8544921875 1741.6951904296875 1737.1265869140625 1733.8697509765625 1732.0084228515625 1732.9312744140625 1736.10009765625 1739.2657470703125 1741.416748046875 1743.3907470703125 1746.281494140625 1748.78955078125 1751.1343994140625 1753.823974609375 1756.269775390625 1758.8677978515625 1761.3797607421875 1763.974365234375 1766.354736328125 1768.7769775390625 1771.1165771484375 1773.36376953125 1775.590087890625 1777.4381103515625 1779.6341552734375 1782.0084228515625 1785.129150390625 1789.0496826171875 1792.3302001953125 1794.3724365234375 1795.7952880859375 1796.900146484375 1798.2818603515625 1800.1468505859375 1801.9459228515625 1804.1473388671875 1805.7625732421875 1807.7711181640625 1811.5191650390625 1815.72119140625 1819.9573974609375 1825.1051025390625 1829.58544921875 1833.5518798828125 1837.969482421875 1842.1768798828125
1746.1021728515625 1745.3817138671875 1743.5587158203125 1739.5704345703125 1736.6446533203125 1734.7677001953125 1735.3883056640625 1738.111328125 1740.806396484375 1743.2579345703125 1745.1082763671875 1747.4705810546875 1749.99169921875 1751.9820556640625 1754.1805419921875 1756.95703125 1759.5855712890625 1762.0074462890625 1764.5875244140625 1767.0396728515625 1769.4873046875 1771.73583984375 1774.005126953125 1776.2325439453125 1778.1893310546875 1780.3475341796875 1782.55419921875 1785.5517578125 1789.5257568359375 1792.56494140625 1794.7906494140625 1796.7550048828125 1798.2545166015625 1799.6756591796875 1801.541259765625 1803.9610595703125 1805.9425048828125 1807.531005859375 1808.7969970703125 1811.6712646484375 1815.6884765625 1820.60205078125 1826.314697265625 1831.471435546875 1834.8719482421875 1839.6597900390625 1844.3792724609375
1747.6729736328125 1746.881591796875 1745.093505859375 1741.659423828125 1738.6702880859375 1736.5697021484375 1736.7685546875 1739.749755859375 1742.144775390625 1744.2843017578125 1746.0648193359375 1748.6007080078125 1751.1270751953125 1753.224609375 1755.034423828125 1757.4483642578125 1759.943359375 1762.587158203125 1765.202392578125 1767.70654296875 1770.0623779296875 1772.2838134765625 1774.471923828125 1777.06689453125 1779.52734375 1781.69140625 1783.756103515625 1786.55224609375 1790.249267578125 1793.085693359375 1795.5194091796875 1797.592041015625 1799.2618408203125 1800.7449951171875 1802.64013671875 1804.627197265625 1806.5009765625 1808.5625 1810.4232177734375 1812.7091064453125 1817.8740234375 1823.7708740234375 1827.6201171875 1832.6031494140625 1836.858642578125 1841.2005615234375 1845.9119873046875
1749.2232666015625 1748.2994384765625 1746.7872314453125 1744.0394287109375 1740.591064453125 1738.1878662109375 1738.846435546875 1741.2418212890625 1743.4869384765625 1745.4378662109375 1747.571044921875 1749.9072265625 1752.2647705078125 1754.501220703125 1756.3956298828125 1758.440673828125 1760.8409423828125 1763.3756103515625 1765.9451904296875 1768.30517578125 1770.4759521484375 1772.893310546875 1775.1651611328125 1777.6873779296875 1780.2679443359375 1782.710205078125 1785.065185546875 1787.65185546875 1790.913818359375 1793.7728271484375 1796.1876220703125 1798.5235595703125 1800.1937255859375 1801.552734375 1803.3477783203125 1804.744384765625 1806.3096923828125 1809.3302001953125 1812.0693359375 1814.870849609375 1819.1776123046875 1823.77685546875 1827.7366943359375 1831.9404296875 1837.7010498046875 1842.8377685546875 1847.126220703125
1750.699462890625 1749.8541259765625 1748.722900390625 1746.6446533203125 1744.48779296875 1741.9765625 1740.7696533203125 1743.208251953125 1744.7501220703125 1746.6981201171875 1748.4697265625 1750.869384765625 1753.6904296875 1756.0653076171875 1757.9541015625 1759.963623046875 1762.283203125 1764.5006103515625 1766.7650146484375 1769.2777099609375 1771.4189453125 1773.870361328125 1776.26513671875 1778.7218017578125 1780.923583984375 1782.8111572265625 1785.2237548828125 1788.2928466796875 1791.2564697265625 1793.9747314453125 1796.6591796875 1799.182861328125 1801.1373291015625 1802.563720703125 1803.9205322265625 1805.6607666015625 1807.7923583984375 1810.2418212890625 1813.283447265625 1816.349609375 1819.7471923828125 1823.7158203125 1827.6575927734375 1832.261962890625 1837.478271484375 1842.9124755859375 1848.4910888671875
1752.20361328125 1751.31298828125 1750.473388671875 1749.1358642578125 1745.8916015625 1743.5562744140625 1744.0848388671875 1745.03125 1746.6021728515625 1748.282958984375 1749.6820068359375 1751.8861083984375 1754.5625 1757.24267578125 1759.208984375 1760.99462890625 1763.2452392578125 1765.59033203125 1767.87841796875 1770.233154296875 1772.71875 1775.2083740234375 1777.4686279296875 1780.035400390625 1782.5086669921875 1784.36572265625 1786.7110595703125 1789.8868408203125 1792.68505859375 1794.8267822265625 1797.16259765625 1799.6644287109375 1802.1328125 1803.7196044921875 1804.8759765625 1806.939453125 1808.8577880859375 1811.0096435546875 1814.1279296875 1818.0313720703125 1822.0406494140625 1827.086181640625 1831.14794921875 1835.848388671875 1841.4544677734375 1845.9111328125 1851.2265625
1753.856201171875 1753.0052490234375 1752.4771728515625 1750.888427734375 1747.4034423828125 1745.035400390625 1745.9017333984375 1747.207275390625 1748.242919921875 1749.8504638671875 1751.126220703125 1752.835693359375 1755.132080078125 1757.940185546875 1760.5098876953125 1762.2799072265625 1764.1973876953125 1766.5628662109375 1769.150634765625 1771.4002685546875 1773.8759765625 1776.509765625 1778.908935546875 1781.22509765625 1783.5869140625 1785.81298828125 1788.36865234375 1791.15576171875 1793.994384765625 1796.73095703125 1798.6920166015625 1800.8448486328125 1803.4930419921875 1805.278076171875 1806.8121337890625 1808.7071533203125 1810.3182373046875 1812.4781494140625 1815.571533203125 1819.7965087890625 1824.8233642578125 1829.82421875 1835.01416015625 1840.482177734375 1846.16796875 1850.14306640625 1853.65185546875
1755.526611328125 1754.7906494140625 1753.9259033203125 1752.7386474609375 1749.8001708984375 1747.1544189453125 1747.881103515625 1749.2879638671875 1750.0535888671875 1751.37548828125 1752.685791015625 1754.511474609375 1756.526611328125 1758.7554931640625 1761.6573486328125 1763.857177734375 1765.387451171875 1767.2879638671875 1769.829833984375 1772.4471435546875 1774.846435546875 1777.3536376953125 1780.1114501953125 1782.591796875 1784.63232421875 1786.8096923828125 1789.2581787109375 1791.919921875 1795.1309814453125 1798.383544921875 1801.1307373046875 1803.5919189453125 1805.8853759765625 1807.757080078125 1808.7587890625 1810.007080078125 1812.028564453125 1814.3192138671875 1817.509765625 1821.6802978515625 1826.69287109375 1831.5399169921875 1836.79541015625 1842.2310791015625 1846.126953125 1848.77685546875 1851.0560302734375
1757.1685791015625 1756.4412841796875 1755.7176513671875 1754.4608154296875 1751.7901611328125 1749.2001953125 1749.763427734375 1751.21875 1752.095458984375 1753.2159423828125 1754.2698974609375 1756.23095703125 1758.92529296875 1761.22265625 1763.2098388671875 1765.0584716796875 1766.702880859375 1768.3436279296875 1770.2745361328125 1772.719482421875 1775.39892578125 1778.07080078125 1780.9193115234375 1783.2117919921875 1785.1641845703125 1787.5147705078125 1790.149658203125 1792.69677734375 1796.0313720703125 1799.7313232421875 1802.8941650390625 1805.8172607421875 1807.962890625 1809.7841796875 1811.5872802734375 1812.4295654296875 1813.64013671875 1816.035400390625 1818.9752197265625 1822.98095703125 1827.599365234375 1831.76513671875 1836.1265869140625 1840.169921875 1843.111328125 1845.9852294921875 1848.628662109375
1759.0533447265625 1758.4375 1757.60595703125 1756.198486328125 1753.30322265625 1751.2525634765625 1752.080810546875 1752.9671630859375 1753.4638671875 1754.66064453125 1756.0391845703125 1757.8336181640625 1760.666748046875 1763.1689453125 1764.7510986328125 1766.322998046875 1767.8477783203125 1769.5794677734375 1771.1783447265625 1772.9063720703125 1775.499755859375 1778.58837890625 1781.4293212890625 1783.614990234375 1785.7242431640625 1788.2877197265625 1790.8824462890625 1793.4666748046875 1796.7376708984375 1800.2969970703125 1803.8267822265625 1807.007080078125 1809.3126220703125 1811.2613525390625 1813.1588134765625 1815.079833984375 1816.6983642578125 1818.0360107421875 1819.77099609375 1822.9537353515625 1827.1024169921875 1831.0048828125 1834.8055419921875 1838.0582275390625 1841.088623046875 1845.026123046875 1848.9971923828125
1760.58935546875 1759.910400390625 1759.517578125 1757.941650390625 1754.6544189453125 1753.3974609375 1753.9940185546875 1754.6395263671875 1755.51904296875 1755.9884033203125 1757.167236328125 1759.0552978515625 1761.810791015625 1764.5006103515625 1766.338623046875 1767.62109375 1769.1708984375 1771.045166015625 1772.7701416015625 1774.1722412109375 1775.8092041015625 1778.734619140625 1782.0150146484375 1784.6099853515625 1786.744140625 1789.197021484375 1792.14599609375 1794.9195556640625 1798.4451904296875 1802.4600830078125 1805.5098876953125 1808.3238525390625 1810.7108154296875 1812.513916015625 1814.1614990234375 1816.026123046875 1818.2578125 1820.4307861328125 1822.2957763671875 1824.7880859375 1827.96630859375 1831.364501953125 1834.910400390625 1838.0960693359375 1841.333740234375 1845.5340576171875 1849.866943359375
1762.5875244140625 1762.145751953125 1761.6138916015625 1758.8211669921875 1755.599853515625 1754.791748046875 1755.6495361328125 1756.275146484375 1756.940673828125 1757.7037353515625 1758.7847900390625 1760.400634765625 1762.93408203125 1765.7330322265625 1767.62841796875 1768.82421875 1770.6748046875 1772.5609130859375 1774.270751953125 1775.8397216796875 1776.840576171875 1779.0299072265625 1782.25732421875 1785.1396484375 1787.6876220703125 1790.5250244140625 1793.46728515625 1796.3936767578125 1799.889892578125 1803.45263671875 1806.49169921875 1809.390869140625 1811.87548828125 1813.6871337890625 1815.1328125 1816.701171875 1819.07080078125 1821.5496826171875 1823.7821044921875 1826.0941162109375 1828.7298583984375 1831.9541015625 1835.4151611328125 1838.9317626953125 1842.5521240234375 1846.5380859375 1850.6712646484375
1764.636474609375 1764.034912109375 1762.7183837890625 1758.9852294921875 1756.3935546875 1756.3170166015625 1757.317626953125 1757.8587646484375 1758.5447998046875 1759.56982421875 1760.5599365234375 1762.013671875 1764.2581787109375 1766.7860107421875 1768.7783203125 1770.2723388671875 1771.910888671875 1773.7728271484375 1775.210693359375 1776.89990234375 1778.570556640625 1780.1004638671875 1782.6065673828125 1785.4610595703125 1788.4664306640625 1791.45361328125 1794.3720703125 1797.4423828125 1800.80419921875 1804.62744140625 1808.1900634765625 1811.061767578125 1813.2091064453125 1814.8944091796875 1816.22900390625 1817.6806640625 1819.7547607421875 1821.83642578125 1824.47119140625 1826.856201171875 1829.1419677734375 1832.2386474609375 1836.0389404296875 1839.8514404296875 1844.0352783203125 1848.38720703125 1852.6337890625
