data/avaWog/Inputs/avaWog.asc
ncols        490
nrows        555
xllcenter    167455.348391387
yllcenter    361955.626633194
cellsize     4.997678230579
NODATA_value  -9999
[rows 147 to 167 of 555, columns 141 to 187 of 490]
1276.64208984375 1276.898681640625 1276.59619140625 1276.326416015625 1275.6114501953125 1273.386474609375 1271.5087890625 1271.582275390625 1271.5069580078125 1271.5654296875 1272.195068359375 1273.58203125 1274.1121826171875 1274.7760009765625 1275.335693359375 1275.8450927734375 1276.2655029296875 1276.82958984375 1277.3720703125 1277.9788818359375 1278.6260986328125 1279.349609375 1279.991455078125 1279.944580078125 1280.4508056640625 1280.8353271484375 1280.85693359375 1281.1181640625 1281.0465087890625 1280.9173583984375 1282.217041015625 1284.7833251953125 1284.136474609375 1282.15283203125 1281.831298828125 1282.2276611328125 1282.2972412109375 1282.374267578125 1282.3626708984375 1282.354736328125 1282.3509521484375 1282.3511962890625 1282.3212890625 1282.3026123046875 1282.274658203125 1282.2591552734375 1282.236328125
1277.0347900390625 1276.8048095703125 1276.5255126953125 1276.15234375 1274.854248046875 1272.1214599609375 1271.5748291015625 1271.598876953125 1271.510986328125 1271.94921875 1273.50830078125 1273.9095458984375 1274.4898681640625 1275.094482421875 1275.7332763671875 1276.28759765625 1276.804443359375 1277.4066162109375 1278.122802734375 1278.735595703125 1279.3369140625 1280.0107421875 1280.74267578125 1281.172119140625 1280.8145751953125 1281.8585205078125 1281.644775390625 1282.015869140625 1281.9364013671875 1281.84814453125 1283.3404541015625 1285.8253173828125 1285.1033935546875 1282.7840576171875 1281.31591796875 1282.2152099609375 1282.2508544921875 1282.3226318359375 1282.3194580078125 1282.3228759765625 1282.3250732421875 1282.3206787109375 1282.31005859375 1282.3131103515625 1282.299560546875 1282.2618408203125 1282.2208251953125
1277.0328369140625 1276.74951171875 1276.559326171875 1275.65576171875 1273.273193359375 1271.5814208984375 1271.708251953125 1271.6573486328125 1271.9102783203125 1273.1025390625 1273.833984375 1274.2154541015625 1274.65771484375 1275.3563232421875 1276.00927734375 1276.6776123046875 1277.261962890625 1277.87744140625 1278.6378173828125 1279.4100341796875 1280.0924072265625 1280.72802734375 1281.4190673828125 1281.918701171875 1282.0792236328125 1282.2528076171875 1282.8619384765625 1282.938720703125 1282.9183349609375 1282.91455078125 1284.4993896484375 1287.002685546875 1286.1658935546875 1283.794189453125 1282.041259765625 1282.055908203125 1282.25048828125 1282.2813720703125 1282.2781982421875 1282.276611328125 1282.290283203125 1282.313232421875 1282.2940673828125 1282.3052978515625 1282.2978515625 1282.2156982421875 1282.188232421875
1276.9288330078125 1276.697509765625 1276.4488525390625 1274.860107421875 1272.0523681640625 1271.6783447265625 1271.742919921875 1271.6422119140625 1272.292724609375 1273.87939453125 1273.99853515625 1274.3564453125 1274.8834228515625 1275.5462646484375 1276.221435546875 1276.9302978515625 1277.656982421875 1278.40283203125 1279.1431884765625 1279.998779296875 1280.8067626953125 1281.4862060546875 1282.1954345703125 1282.7847900390625 1282.955322265625 1282.960205078125 1284.1373291015625 1284.0198974609375 1283.9410400390625 1284.053466796875 1285.7274169921875 1288.2177734375 1287.4949951171875 1285.0772705078125 1282.712890625 1281.525634765625 1282.2242431640625 1282.1591796875 1282.203125 1282.2418212890625 1282.229248046875 1282.2093505859375 1282.13916015625 1282.1396484375 1282.1214599609375 1282.077880859375 1282.0677490234375
1276.9013671875 1276.715087890625 1275.8663330078125 1273.582763671875 1271.7100830078125 1271.76611328125 1271.6695556640625 1272.3209228515625 1273.660400390625 1274.0404052734375 1274.251220703125 1274.6207275390625 1275.20703125 1275.8936767578125 1276.5335693359375 1277.206787109375 1277.9959716796875 1278.9007568359375 1279.787353515625 1280.6103515625 1281.4014892578125 1282.150390625 1282.8712158203125 1283.4583740234375 1284.03955078125 1284.3277587890625 1284.557373046875 1285.171875 1284.8651123046875 1285.24951171875 1286.75048828125 1289.15869140625 1288.7628173828125 1286.3995361328125 1284.0894775390625 1282.1048583984375 1281.7342529296875 1282.115234375 1282.0478515625 1282.0789794921875 1282.07763671875 1281.987060546875 1281.9342041015625 1281.9404296875 1281.9520263671875 1281.9891357421875 1282.009521484375
1276.8563232421875 1276.7103271484375 1275.142578125 1272.5528564453125 1271.7503662109375 1271.8094482421875 1271.691650390625 1272.7034912109375 1274.190185546875 1274.305908203125 1274.6728515625 1275.0792236328125 1275.607666015625 1276.3106689453125 1276.9964599609375 1277.6263427734375 1278.3660888671875 1279.33251953125 1280.3062744140625 1281.193359375 1281.9844970703125 1282.6978759765625 1283.4072265625 1284.1302490234375 1284.807861328125 1284.935546875 1285.2095947265625 1286.14453125 1286.0233154296875 1286.169189453125 1287.5517578125 1290.119384765625 1289.7342529296875 1287.66552734375 1285.7216796875 1283.58837890625 1281.9210205078125 1281.3883056640625 1281.6466064453125 1281.8260498046875 1281.8057861328125 1281.7403564453125 1281.723388671875 1281.6624755859375 1281.5269775390625 1281.468505859375 1281.647705078125
1276.8397216796875 1276.39453125 1274.1038818359375 1271.8544921875 1271.8709716796875 1271.79736328125 1272.4622802734375 1273.7076416015625 1274.3389892578125 1274.717041015625 1275.1295166015625 1275.596435546875 1276.1593017578125 1276.8004150390625 1277.4910888671875 1278.1572265625 1278.8887939453125 1279.8145751953125 1280.7825927734375 1281.7220458984375 1282.5802001953125 1283.2332763671875 1283.851806640625 1284.6348876953125 1285.417724609375 1286.156494140625 1286.396728515625 1286.74462890625 1287.283203125 1287.0872802734375 1288.373779296875 1291.12255859375 1291.1107177734375 1289.0760498046875 1287.2286376953125 1285.311279296875 1283.57958984375 1282.58837890625 1282.3070068359375 1281.9639892578125 1281.6676025390625 1281.60546875 1281.6629638671875 1281.9139404296875 1282.0989990234375 1282.051513671875 1282.007568359375
1276.9296875 1275.6630859375 1273.0999755859375 1271.8095703125 1271.900390625 1271.7900390625 1273.0399169921875 1274.330810546875 1274.5999755859375 1275.1019287109375 1275.5753173828125 1276.124755859375 1276.694091796875 1277.277099609375 1277.9998779296875 1278.7027587890625 1279.4072265625 1280.2733154296875 1281.240966796875 1282.16796875 1283.063232421875 1283.8353271484375 1284.4075927734375 1285.1402587890625 1286.0628662109375 1287.0279541015625 1286.7652587890625 1287.283935546875 1288.267578125 1287.84130859375 1289.3289794921875 1292.3109130859375 1292.604248046875 1290.355224609375 1288.567138671875 1287.076171875 1285.782470703125 1285.043212890625 1284.56298828125 1284.0819091796875 1283.5067138671875 1283.1943359375 1283.2930908203125 1283.8009033203125 1284.3646240234375 1284.4049072265625 1284.140869140625
1276.925048828125 1274.927978515625 1272.53515625 1271.9571533203125 1271.910888671875 1272.3646240234375 1273.6114501953125 1274.4451904296875 1274.8948974609375 1275.4803466796875 1275.99755859375 1276.5833740234375 1277.2294921875 1277.909912109375 1278.5966796875 1279.2640380859375 1279.94287109375 1280.7310791015625 1281.6400146484375 1282.586181640625 1283.4842529296875 1284.3310546875 1285.02197265625 1285.7896728515625 1286.748046875 1287.68603515625 1287.774658203125 1288.1866455078125 1289.3243408203125 1289.2535400390625 1290.333984375 1293.324462890625 1293.9542236328125 1291.9146728515625 1289.93701171875 1288.814208984375 1288.1092529296875 1287.5548095703125 1287.26220703125 1286.97607421875 1286.4920654296875 1286.10302734375 1286.2576904296875 1286.784423828125 1287.134765625 1287.060791015625 1286.8157958984375
1276.5631103515625 1273.9232177734375 1272.1312255859375 1272.0577392578125 1271.9307861328125 1273.1849365234375 1274.2335205078125 1274.5950927734375 1275.167724609375 1275.7705078125 1276.3758544921875 1277.0347900390625 1277.7542724609375 1278.5093994140625 1279.1966552734375 1279.82373046875 1280.470458984375 1281.251708984375 1282.1102294921875 1283.0338134765625 1283.8814697265625 1284.7293701171875 1285.557373046875 1286.3677978515625 1287.3309326171875 1288.320556640625 1289.2664794921875 1288.6861572265625 1289.6302490234375 1290.46875 1291.186279296875 1293.8092041015625 1295.0074462890625 1293.3470458984375 1291.53515625 1290.792236328125 1290.3294677734375 1290.0045166015625 1289.799560546875 1289.651123046875 1289.5738525390625 1289.0115966796875 1288.9576416015625 1289.4664306640625 1289.965576171875 1289.8480224609375 1289.2188720703125
1275.75927734375 1273.0057373046875 1272.0872802734375 1272.148193359375 1272.0540771484375 1273.571533203125 1274.482177734375 1274.8231201171875 1275.43505859375 1276.0474853515625 1276.6759033203125 1277.34912109375 1278.101318359375 1278.8590087890625 1279.5806884765625 1280.259765625 1280.93896484375 1281.7156982421875 1282.54736328125 1283.472900390625 1284.32568359375 1285.22900390625 1286.1513671875 1286.984619140625 1287.899658203125 1289.0103759765625 1290.216064453125 1289.3328857421875 1290.343505859375 1291.5 1291.53564453125 1293.5069580078125 1295.866943359375 1294.9066162109375 1294.32470703125 1294.285400390625 1293.513916015625 1292.662109375 1292.358154296875 1292.5133056640625 1292.6612548828125 1291.2572021484375 1291.2928466796875 1292.294677734375 1292.358642578125 1291.82861328125 1290.8748779296875
1274.9517822265625 1272.6832275390625 1272.2032470703125 1272.1331787109375 1272.7908935546875 1274.0203857421875 1274.63037109375 1275.0875244140625 1275.67138671875 1276.28466796875 1276.938720703125 1277.631591796875 1278.39208984375 1279.154052734375 1279.959228515625 1280.7901611328125 1281.48876953125 1282.2357177734375 1283.0875244140625 1284.0084228515625 1284.89599609375 1285.8223876953125 1286.8209228515625 1287.7760009765625 1288.721923828125 1289.8514404296875 1290.9888916015625 1290.8341064453125 1291.1041259765625 1292.2236328125 1292.669921875 1293.503662109375 1296.125244140625 1296.1055908203125 1296.095947265625 1296.647705078125 1296.4871826171875 1296.177490234375 1296.0467529296875 1295.93701171875 1294.9237060546875 1293.28125 1293.8306884765625 1294.438720703125 1293.749755859375 1292.7823486328125 1291.5233154296875
1273.98193359375 1272.4190673828125 1272.3056640625 1272.1270751953125 1273.78759765625 1274.520263671875 1274.8480224609375 1275.346923828125 1275.897216796875 1276.4886474609375 1277.15673828125 1277.8770751953125 1278.6346435546875 1279.5145263671875 1280.4132080078125 1281.28955078125 1282.030517578125 1282.9093017578125 1283.86865234375 1284.7283935546875 1285.5758056640625 1286.5166015625 1287.5728759765625 1288.6192626953125 1289.6414794921875 1290.68310546875 1291.68701171875 1292.33154296875 1291.61376953125 1292.677978515625 1293.576171875 1293.7042236328125 1296.060546875 1297.256591796875 1297.590087890625 1298.220458984375 1298.4013671875 1298.5107421875 1298.27783203125 1297.721435546875 1296.670654296875 1295.98828125 1296.16845703125 1295.8199462890625 1295.0595703125 1293.8441162109375 1292.762451171875
1273.419677734375 1272.37890625 1272.340087890625 1272.177978515625 1274.0845947265625 1274.71875 1275.0902099609375 1275.660888671875 1276.2061767578125 1276.7691650390625 1277.44775390625 1278.1883544921875 1278.953125 1279.9176025390625 1280.9443359375 1281.8955078125 1282.729736328125 1283.6768798828125 1284.6337890625 1285.5133056640625 1286.3858642578125 1287.359130859375 1288.3712158203125 1289.3909912109375 1290.470703125 1291.5023193359375 1292.4989013671875 1293.4072265625 1292.44482421875 1292.77490234375 1294.0982666015625 1294.8548583984375 1296.190185546875 1298.2923583984375 1299.0174560546875 1299.63037109375 1299.860107421875 1299.7227783203125 1299.404541015625 1298.911376953125 1298.4500732421875 1298.0218505859375 1297.8170166015625 1297.3046875 1296.728515625 1295.759765625 1295.79931640625
1273.007568359375 1272.3690185546875 1272.353271484375 1272.5576171875 1274.34814453125 1274.968017578125 1275.3958740234375 1275.9337158203125 1276.4718017578125 1277.0487060546875 1277.8243408203125 1278.5947265625 1279.453125 1280.34130859375 1281.4154052734375 1282.4395751953125 1283.443359375 1284.4224853515625 1285.327392578125 1286.260009765625 1287.1702880859375 1288.1676025390625 1289.0841064453125 1290.295166015625 1291.5849609375 1292.6292724609375 1293.529541015625 1294.3106689453125 1294.661376953125 1293.228515625 1294.9593505859375 1295.3026123046875 1297.34375 1300.0482177734375 1300.679931640625 1301.0438232421875 1301.0025634765625 1300.9036865234375 1300.6934814453125 1300.09423828125 1299.82421875 1299.350830078125 1299.1336669921875 1298.73974609375 1298.5438232421875 1298.3084716796875 1298.5506591796875
1272.7994384765625 1272.453369140625 1272.4324951171875 1273.3162841796875 1274.6810302734375 1275.201416015625 1275.5687255859375 1276.072998046875 1276.5826416015625 1277.3138427734375 1278.130126953125 1278.9691162109375 1279.9158935546875 1280.8858642578125 1281.927734375 1282.9588623046875 1283.9720458984375 1284.9913330078125 1285.9468994140625 1286.9326171875 1287.874267578125 1288.955322265625 1290.1566162109375 1291.6470947265625 1292.78076171875 1293.9005126953125 1294.6463623046875 1295.4459228515625 1295.90869140625 1294.6820068359375 1295.639892578125 1296.4632568359375 1297.822265625 1300.9244384765625 1302.1265869140625 1302.4320068359375 1302.312255859375 1302.2060546875 1302.153076171875 1301.588623046875 1301.120849609375 1300.841796875 1300.4736328125 1300.4423828125 1300.754638671875 1300.8447265625 1300.523681640625
1272.843017578125 1272.5601806640625 1272.4744873046875 1273.9349365234375 1274.9495849609375 1275.3817138671875 1275.7171630859375 1276.2215576171875 1276.7635498046875 1277.5943603515625 1278.4515380859375 1279.3828125 1280.3299560546875 1281.3763427734375 1282.392822265625 1283.4498291015625 1284.5238037109375 1285.58642578125 1286.56640625 1287.61767578125 1288.7752685546875 1290.0992431640625 1291.6026611328125 1293.027099609375 1293.98486328125 1295.1597900390625 1296.270751953125 1296.8365478515625 1297.0914306640625 1296.5950927734375 1295.7044677734375 1297.4620361328125 1298.132080078125 1300.5238037109375 1303.2286376953125 1303.64404296875 1303.6175537109375 1303.5233154296875 1303.5186767578125 1303.21142578125 1302.602783203125 1302.3619384765625 1301.75439453125 1302.0040283203125 1302.684814453125 1302.756103515625 1302.5404052734375
1272.7923583984375 1272.66845703125 1272.650390625 1274.50537109375 1275.1763916015625 1275.488037109375 1275.8211669921875 1276.4049072265625 1277.075927734375 1278.0086669921875 1278.85693359375 1279.7818603515625 1280.74072265625 1281.7967529296875 1282.837158203125 1283.96142578125 1285.0572509765625 1286.1278076171875 1287.17431640625 1288.521484375 1289.9932861328125 1291.507080078125 1292.951416015625 1294.201904296875 1295.3548583984375 1296.67529296875 1297.81689453125 1298.4189453125 1298.603759765625 1298.5086669921875 1296.6131591796875 1298.094482421875 1298.9471435546875 1300.3370361328125 1302.9349365234375 1304.7769775390625 1304.8211669921875 1304.7384033203125 1304.8375244140625 1304.4560546875 1304.0621337890625 1303.70458984375 1303.2491455078125 1303.4869384765625 1304.052001953125 1303.979736328125 1303.9697265625
1272.852294921875 1272.78125 1272.784423828125 1274.977294921875 1275.3304443359375 1275.627685546875 1276.00927734375 1276.563720703125 1277.3310546875 1278.2452392578125 1279.1500244140625 1280.097412109375 1281.1243896484375 1282.1705322265625 1283.277099609375 1284.382568359375 1285.50830078125 1286.6563720703125 1288.0128173828125 1289.72705078125 1291.373046875 1292.789794921875 1294.1358642578125 1295.3148193359375 1296.6993408203125 1298.2607421875 1299.1473388671875 1299.866455078125 1300.2333984375 1299.9833984375 1298.8551025390625 1298.083984375 1300.028076171875 1300.69189453125 1302.8275146484375 1305.7427978515625 1306.2762451171875 1306.332275390625 1306.0615234375 1305.669921875 1305.520751953125 1305.0113525390625 1305.1802978515625 1305.4671630859375 1305.6336669921875 1305.52294921875 1305.460693359375
1272.960693359375 1272.9521484375 1272.8770751953125 1275.236572265625 1275.4287109375 1275.7247314453125 1276.1370849609375 1276.7193603515625 1277.540771484375 1278.45556640625 1279.3717041015625 1280.329345703125 1281.366455078125 1282.3433837890625 1283.51318359375 1284.7515869140625 1286.136474609375 1287.57568359375 1289.2000732421875 1290.9647216796875 1292.6029052734375 1293.937744140625 1295.1005859375 1296.5076904296875 1298.0753173828125 1299.641357421875 1300.5281982421875 1301.341064453125 1301.7227783203125 1301.6561279296875 1300.648193359375 1298.802734375 1300.9334716796875 1301.274658203125 1303.1298828125 1306.0811767578125 1307.702392578125 1307.35791015625 1307.2916259765625 1306.967041015625 1306.5755615234375 1306.3568115234375 1306.7471923828125 1307.149658203125 1307.3876953125 1307.379150390625 1307.3525390625
1273.08740234375 1273.04833984375 1273.048095703125 1275.3883056640625 1275.5198974609375 1275.7635498046875 1276.221923828125 1276.8353271484375 1277.6690673828125 1278.4913330078125 1279.4364013671875 1280.421630859375 1281.3233642578125 1282.5494384765625 1283.8787841796875 1285.35400390625 1287.0009765625 1288.7572021484375 1290.440185546875 1292.13818359375 1293.70947265625 1295.0662841796875 1296.2340087890625 1297.7967529296875 1299.6400146484375 1300.7989501953125 1301.8802490234375 1302.7452392578125 1303.1788330078125 1303.98095703125 1302.1307373046875 1299.677001953125 1300.6961669921875 1302.0899658203125 1303.5706787109375 1306.4127197265625 1308.699462890625 1308.5062255859375 1308.5228271484375 1308.17333984375 1307.937744140625 1308.0115966796875 1308.29638671875 1308.752685546875 1309.066162109375 1309.2982177734375 1309.522216796875
