data/avaWog/Inputs/avaWog.asc
ncols        490
nrows        555
xllcenter    167455.348391387
yllcenter    361955.626633194
cellsize     4.997678230579
NODATA_value  -9999
[rows 252 to 272 of 555, columns 141 to 187 of 490]
1423.9407958984375 1427.64501953125 1429.203857421875 1431.7017822265625 1433.3814697265625 1434.4080810546875 1436.2760009765625 1437.798095703125 1439.298583984375 1440.196533203125 1441.4447021484375 1442.217041015625 1442.3944091796875 1442.27734375 1442.3035888671875 1443.973388671875 1446.5264892578125 1449.1220703125 1451.1915283203125 1454.410400390625 1456.50048828125 1458.0054931640625 1460.07666015625 1462.66943359375 1464.631591796875 1466.0096435546875 1467.36572265625 1468.572021484375 1469.1348876953125 1467.4486083984375 1465.8160400390625 1465.6258544921875 1466.956298828125 1467.31494140625 1465.2626953125 1464.014892578125 1465.80517578125 1468.1732177734375 1471.2928466796875 1474.593994140625 1476.89013671875 1477.89599609375 1478.006103515625 1478.156982421875 1479.2232666015625 1480.982421875 1483.4527587890625
1429.154052734375 1431.353759765625 1432.7335205078125 1434.11669921875 1435.7261962890625 1437.3017578125 1439.197509765625 1441.0948486328125 1442.6888427734375 1443.93505859375 1445.0089111328125 1445.6507568359375 1445.40869140625 1444.7681884765625 1445.3052978515625 1448.016845703125 1450.7906494140625 1453.0987548828125 1455.67041015625 1457.7301025390625 1459.06005859375 1460.7149658203125 1462.79931640625 1465.2066650390625 1466.83203125 1468.1221923828125 1469.3704833984375 1470.8572998046875 1471.2801513671875 1470.278076171875 1468.685302734375 1468.716796875 1468.9747314453125 1468.5079345703125 1468.065185546875 1467.6346435546875 1468.7767333984375 1471.497314453125 1474.6495361328125 1477.89892578125 1480.0399169921875 1481.451416015625 1481.7578125 1481.57275390625 1482.2005615234375 1483.567138671875 1485.903564453125
1431.24755859375 1433.6031494140625 1435.6385498046875 1437.182861328125 1438.9390869140625 1440.9288330078125 1442.1448974609375 1444.1612548828125 1445.9322509765625 1447.5606689453125 1448.473388671875 1448.6192626953125 1448.519775390625 1447.837646484375 1448.7437744140625 1451.9617919921875 1454.6142578125 1456.5966796875 1458.564208984375 1460.0513916015625 1461.3310546875 1462.939453125 1465.2364501953125 1467.6226806640625 1469.3310546875 1470.27294921875 1471.8955078125 1473.4298095703125 1474.529296875 1473.6595458984375 1472.2939453125 1471.7900390625 1471.114501953125 1470.0357666015625 1470.03564453125 1470.5579833984375 1472.8201904296875 1475.3262939453125 1478.2283935546875 1480.8333740234375 1482.8038330078125 1484.728515625 1485.5416259765625 1485.2003173828125 1485.263916015625 1485.9154052734375 1488.0313720703125
1434.196044921875 1436.266357421875 1438.3592529296875 1440.22314453125 1441.317626953125 1443.214111328125 1445.5343017578125 1447.3331298828125 1449.1729736328125 1450.5087890625 1451.4854736328125 1452.2572021484375 1452.0684814453125 1451.77685546875 1452.3719482421875 1454.3836669921875 1456.8157958984375 1459.0687255859375 1460.681640625 1462.18603515625 1463.6898193359375 1465.2757568359375 1467.2574462890625 1469.63916015625 1471.3212890625 1472.6676025390625 1474.1673583984375 1475.7244873046875 1477.1842041015625 1477.4046630859375 1476.371826171875 1476.031005859375 1474.36474609375 1472.3695068359375 1471.842529296875 1472.7509765625 1475.7186279296875 1478.3450927734375 1480.7955322265625 1483.197265625 1485.4144287109375 1487.48681640625 1488.8509521484375 1489.1116943359375 1488.8031005859375 1488.9971923828125 1491.283203125
1438.556396484375 1440.8485107421875 1442.1173095703125 1442.8250732421875 1444.0625 1446.22900390625 1448.3326416015625 1450.3426513671875 1452.40478515625 1453.873291015625 1454.9908447265625 1455.6917724609375 1455.82421875 1455.683837890625 1455.72998046875 1456.5108642578125 1458.088134765625 1460.3187255859375 1462.357421875 1464.1129150390625 1465.7366943359375 1467.4864501953125 1469.7698974609375 1472.115478515625 1473.79931640625 1475.28515625 1476.77734375 1478.1568603515625 1480.0628662109375 1481.2890625 1480.9139404296875 1480.1912841796875 1478.2384033203125 1475.1915283203125 1473.4744873046875 1474.192138671875 1476.8369140625 1480.167236328125 1482.9912109375 1485.6695556640625 1487.9033203125 1489.9942626953125 1491.94140625 1493.217529296875 1493.3448486328125 1493.6341552734375 1495.3031005859375
1442.285400390625 1443.6324462890625 1444.704345703125 1446.1522216796875 1447.59423828125 1448.84765625 1451.012939453125 1453.40869140625 1455.1768798828125 1456.7532958984375 1458.0322265625 1459.0516357421875 1459.597900390625 1459.7156982421875 1459.427734375 1459.59130859375 1460.4892578125 1461.8638916015625 1463.898193359375 1465.9693603515625 1467.842529296875 1469.6859130859375 1471.8189697265625 1474.05517578125 1476.127685546875 1477.909423828125 1479.2528076171875 1480.7099609375 1482.447998046875 1484.064697265625 1485.115966796875 1484.431396484375 1481.8414306640625 1478.477783203125 1476.3348388671875 1476.4407958984375 1478.0523681640625 1481.2843017578125 1485.0489501953125 1487.905517578125 1490.3682861328125 1492.4718017578125 1494.762451171875 1496.7117919921875 1497.587890625 1498.0841064453125 1499.0478515625
1444.8941650390625 1445.949951171875 1447.367431640625 1449.28076171875 1450.7713623046875 1451.4908447265625 1453.0653076171875 1455.6466064453125 1457.994140625 1459.4776611328125 1460.8662109375 1462.0726318359375 1462.446533203125 1462.754638671875 1462.6102294921875 1462.5750732421875 1463.3070068359375 1464.148193359375 1465.5093994140625 1467.35009765625 1469.380859375 1471.09716796875 1473.1763916015625 1475.838134765625 1478.545166015625 1480.9593505859375 1482.446533203125 1483.9739990234375 1485.467529296875 1486.7655029296875 1488.123779296875 1487.6632080078125 1485.0416259765625 1481.859619140625 1478.9193115234375 1478.0125732421875 1479.3480224609375 1482.4088134765625 1486.10009765625 1489.390869140625 1492.4613037109375 1494.931640625 1497.396484375 1499.506103515625 1501.086669921875 1501.7044677734375 1502.2303466796875
1447.468017578125 1449.0035400390625 1450.392578125 1451.8436279296875 1452.8736572265625 1454.03955078125 1455.791748046875 1457.876953125 1460.101806640625 1462.0140380859375 1463.8037109375 1465.3135986328125 1465.874267578125 1465.9710693359375 1465.8775634765625 1465.5733642578125 1465.876708984375 1466.774658203125 1467.6732177734375 1469.1063232421875 1471.0660400390625 1472.6500244140625 1474.403564453125 1477.2493896484375 1480.6943359375 1483.363037109375 1485.2335205078125 1487.3233642578125 1488.3565673828125 1489.3143310546875 1490.5018310546875 1490.6717529296875 1488.73388671875 1485.260498046875 1481.8973388671875 1480.30419921875 1480.7608642578125 1483.083740234375 1486.8538818359375 1490.6663818359375 1494.0577392578125 1497.232177734375 1499.9044189453125 1502.000732421875 1503.8031005859375 1504.880615234375 1505.541259765625
1450.1065673828125 1451.76904296875 1453.2000732421875 1455.0692138671875 1457.055419921875 1458.0955810546875 1458.96044921875 1460.0911865234375 1461.8802490234375 1464.134033203125 1466.5150146484375 1468.2183837890625 1469.567138671875 1469.708984375 1469.4537353515625 1469.234130859375 1469.155029296875 1469.5511474609375 1469.86865234375 1470.950927734375 1472.83544921875 1474.435791015625 1476.0574951171875 1478.932373046875 1482.2615966796875 1485.176025390625 1487.677978515625 1489.27978515625 1490.6832275390625 1491.9974365234375 1493.1297607421875 1493.55615234375 1492.0628662109375 1488.8095703125 1485.427734375 1482.965576171875 1482.367919921875 1483.8695068359375 1487.5340576171875 1491.6375732421875 1495.283935546875 1498.9903564453125 1502.028564453125 1504.4842529296875 1506.3043212890625 1507.5806884765625 1508.5440673828125
1453.38134765625 1455.18896484375 1457.0423583984375 1458.3291015625 1459.609619140625 1460.8345947265625 1461.9908447265625 1463.1356201171875 1464.3052978515625 1466.3662109375 1468.741455078125 1470.71142578125 1472.760498046875 1473.4730224609375 1473.332275390625 1472.997314453125 1472.844482421875 1472.7432861328125 1472.8485107421875 1473.312744140625 1474.8624267578125 1476.3746337890625 1478.4483642578125 1481.067138671875 1484.3587646484375 1487.50048828125 1490.4647216796875 1492.2886962890625 1493.5283203125 1494.761962890625 1495.8597412109375 1496.514892578125 1495.4102783203125 1492.0384521484375 1488.80712890625 1486.5897216796875 1485.09326171875 1485.3739013671875 1488.103515625 1492.462158203125 1496.4434814453125 1500.184326171875 1503.41650390625 1506.55859375 1508.835693359375 1510.193115234375 1511.48046875
1457.367919921875 1458.2657470703125 1460.087158203125 1461.6458740234375 1462.9949951171875 1464.3114013671875 1465.08056640625 1466.1204833984375 1467.181640625 1468.871826171875 1470.9271240234375 1473.210693359375 1475.30126953125 1476.5284423828125 1477.0904541015625 1476.942626953125 1476.810791015625 1476.7076416015625 1476.4954833984375 1476.44482421875 1477.36474609375 1478.657958984375 1480.7401123046875 1483.064697265625 1485.9561767578125 1489.2120361328125 1492.529541015625 1495.1629638671875 1496.3182373046875 1497.4044189453125 1498.6173095703125 1499.34228515625 1498.614990234375 1495.8016357421875 1492.6143798828125 1490.554443359375 1488.468505859375 1487.592041015625 1489.323486328125 1493.404052734375 1497.5738525390625 1501.3560791015625 1504.6497802734375 1508.0748291015625 1510.87548828125 1512.704345703125 1514.1724853515625
1461.0289306640625 1462.2413330078125 1463.3385009765625 1464.947265625 1466.465087890625 1467.699951171875 1468.9627685546875 1469.7576904296875 1470.422607421875 1471.80908203125 1473.807373046875 1475.514892578125 1477.9847412109375 1479.3692626953125 1480.296875 1480.837646484375 1480.85009765625 1480.431640625 1479.4898681640625 1479.7432861328125 1480.7197265625 1482.0889892578125 1483.8804931640625 1485.8165283203125 1488.5909423828125 1491.5230712890625 1494.8668212890625 1497.6888427734375 1499.31298828125 1500.203857421875 1500.9974365234375 1501.8245849609375 1501.9246826171875 1499.7537841796875 1497.16064453125 1494.422119140625 1491.326416015625 1489.5966796875 1490.6737060546875 1494.3212890625 1498.9459228515625 1502.8895263671875 1506.322998046875 1509.476806640625 1512.68017578125 1515.2777099609375 1516.7255859375
1463.604736328125 1465.2435302734375 1467.4599609375 1467.9990234375 1469.3433837890625 1470.57763671875 1471.801513671875 1472.22119140625 1473.6282958984375 1475.04443359375 1476.74560546875 1478.2935791015625 1480.1971435546875 1481.9949951171875 1483.2445068359375 1483.76708984375 1484.2239990234375 1484.0299072265625 1483.667236328125 1483.6361083984375 1484.30322265625 1485.7371826171875 1487.3756103515625 1488.8138427734375 1491.217529296875 1494.158447265625 1497.1754150390625 1499.87744140625 1501.9139404296875 1503.3616943359375 1503.8529052734375 1504.3653564453125 1504.9932861328125 1503.229248046875 1501.05712890625 1497.111083984375 1493.5029296875 1492.0716552734375 1492.130615234375 1495.548828125 1500.2747802734375 1504.4501953125 1507.8565673828125 1511.0098876953125 1514.1893310546875 1517.481689453125 1519.47900390625
1466.6722412109375 1468.314697265625 1470.4327392578125 1472.0419921875 1473.2891845703125 1474.1292724609375 1474.5283203125 1475.7188720703125 1477.52294921875 1478.6334228515625 1479.80322265625 1481.5673828125 1483.2161865234375 1485.078125 1486.461669921875 1486.9371337890625 1487.6248779296875 1487.85595703125 1487.77294921875 1487.470458984375 1487.9024658203125 1489.1949462890625 1490.4996337890625 1492.1639404296875 1494.058837890625 1496.753173828125 1499.6514892578125 1502.11279296875 1504.02783203125 1505.49560546875 1506.327392578125 1507.3411865234375 1508.1588134765625 1506.714599609375 1503.33837890625 1498.6575927734375 1496.8756103515625 1496.4884033203125 1494.7593994140625 1497.2669677734375 1501.40234375 1506.32861328125 1509.5521240234375 1512.5517578125 1515.692138671875 1519.3680419921875 1522.0498046875
1471.180908203125 1473.2257080078125 1474.25390625 1475.377197265625 1476.78857421875 1477.412109375 1478.4849853515625 1479.569091796875 1481.030029296875 1482.193115234375 1483.9344482421875 1485.03759765625 1486.7974853515625 1488.8040771484375 1490.208984375 1490.8936767578125 1491.5592041015625 1491.50244140625 1491.2164306640625 1491.1458740234375 1491.3988037109375 1492.38525390625 1493.585693359375 1495.4722900390625 1497.52783203125 1499.8017578125 1502.1663818359375 1504.6199951171875 1506.5279541015625 1507.86279296875 1509.2115478515625 1510.33154296875 1510.7322998046875 1508.7421875 1504.7808837890625 1502.635986328125 1502.617919921875 1501.9412841796875 1499.49560546875 1499.07080078125 1503.307861328125 1508.65576171875 1511.748291015625 1514.7708740234375 1517.7095947265625 1520.8570556640625 1523.9425048828125
1475.13525390625 1476.6102294921875 1477.571044921875 1478.2236328125 1479.6971435546875 1481.13720703125 1482.2835693359375 1483.398681640625 1484.6571044921875 1486.1864013671875 1487.058837890625 1488.8994140625 1489.923095703125 1491.52490234375 1493.90673828125 1495.0103759765625 1495.1346435546875 1494.65673828125 1494.93896484375 1495.09228515625 1495.411376953125 1496.1956787109375 1497.6136474609375 1499.0455322265625 1500.9063720703125 1502.7578125 1504.7991943359375 1507.169677734375 1508.846923828125 1510.2646484375 1511.3802490234375 1512.8875732421875 1513.119873046875 1511.066162109375 1507.6689453125 1506.637451171875 1507.19921875 1506.452880859375 1505.6646728515625 1501.7752685546875 1505.023681640625 1510.69921875 1514.286376953125 1517.48046875 1519.616943359375 1522.4393310546875 1525.430419921875
1477.8541259765625 1479.2255859375 1480.72802734375 1481.62353515625 1482.98388671875 1483.7430419921875 1485.60986328125 1487.405517578125 1488.6942138671875 1490.0966796875 1490.891845703125 1492.6307373046875 1494.5491943359375 1495.400390625 1498.072998046875 1498.9957275390625 1498.749267578125 1498.2410888671875 1498.8658447265625 1498.734130859375 1498.8470458984375 1499.8072509765625 1500.937255859375 1502.3333740234375 1504.2889404296875 1506.0838623046875 1507.682373046875 1510.341552734375 1511.8944091796875 1513.859375 1514.5703125 1515.5889892578125 1516.3388671875 1514.173095703125 1511.6912841796875 1511.02734375 1511.386962890625 1510.337890625 1509.669189453125 1505.9248046875 1506.57861328125 1512.815673828125 1516.2874755859375 1519.6478271484375 1521.5538330078125 1524.6383056640625 1527.3502197265625
1480.9376220703125 1481.8538818359375 1483.176025390625 1484.444091796875 1486.3818359375 1487.666748046875 1489.6192626953125 1491.4158935546875 1492.0697021484375 1494.0889892578125 1495.3922119140625 1496.9189453125 1498.9410400390625 1499.9078369140625 1501.7169189453125 1502.9368896484375 1502.73974609375 1503.2314453125 1502.9095458984375 1503.0892333984375 1503.0838623046875 1503.402587890625 1504.0552978515625 1505.2462158203125 1507.6578369140625 1509.4444580078125 1511.7484130859375 1513.3748779296875 1515.1224365234375 1516.660400390625 1518.14453125 1518.42041015625 1519.3084716796875 1517.930908203125 1515.91748046875 1515.6568603515625 1515.7901611328125 1514.606201171875 1512.76123046875 1512.14404296875 1509.2760009765625 1514.8753662109375 1518.5321044921875 1521.5155029296875 1523.646240234375 1526.4991455078125 1529.1263427734375
1484.1727294921875 1485.3192138671875 1486.640869140625 1488.42041015625 1489.8807373046875 1491.7203369140625 1493.25830078125 1494.8172607421875 1496.4132080078125 1498.448486328125 1499.7596435546875 1503.020751953125 1503.49072265625 1505.81103515625 1506.726806640625 1507.3048095703125 1507.3251953125 1509.12158203125 1508.9228515625 1509.5113525390625 1509.3404541015625 1508.5894775390625 1510.3707275390625 1510.6773681640625 1511.531494140625 1513.32275390625 1514.6781005859375 1516.1446533203125 1518.085693359375 1520.2581787109375 1520.82568359375 1522.009033203125 1522.773193359375 1521.1759033203125 1520.1943359375 1520.005126953125 1519.8203125 1518.4044189453125 1517.04833984375 1518.79052734375 1513.4071044921875 1515.4205322265625 1519.962890625 1522.871826171875 1525.4478759765625 1528.021728515625 1530.8575439453125
1486.9583740234375 1488.532470703125 1489.922607421875 1491.312744140625 1492.9215087890625 1494.5543212890625 1496.5201416015625 1498.2401123046875 1500.315673828125 1502.92578125 1505.6429443359375 1507.8564453125 1508.9649658203125 1510.9384765625 1511.702392578125 1511.492431640625 1513.237548828125 1514.9241943359375 1515.9359130859375 1515.3955078125 1514.9061279296875 1515.257080078125 1516.817626953125 1515.9967041015625 1515.8143310546875 1516.5880126953125 1518.0882568359375 1519.5150146484375 1521.8240966796875 1523.107421875 1524.0833740234375 1525.3671875 1525.8746337890625 1524.8507080078125 1524.333740234375 1523.8927001953125 1523.3778076171875 1521.87841796875 1522.0587158203125 1523.29150390625 1518.9473876953125 1516.9429931640625 1521.8974609375 1524.436767578125 1527.138427734375 1529.6939697265625 1532.94970703125
1490.3193359375 1491.3941650390625 1492.904296875 1494.794189453125 1498.7322998046875 1499.7686767578125 1502.602783203125 1503.323974609375 1505.36572265625 1507.359130859375 1510.7869873046875 1511.82275390625 1512.7906494140625 1514.9375 1516.614501953125 1516.7314453125 1519.0887451171875 1520.6231689453125 1520.82080078125 1520.436767578125 1520.0870361328125 1520.341064453125 1520.0570068359375 1520.33349609375 1520.4173583984375 1521.089599609375 1521.848388671875 1523.6580810546875 1525.3587646484375 1526.317138671875 1527.66748046875 1528.5618896484375 1529.2286376953125 1529.057861328125 1528.3564453125 1528.248046875 1527.25439453125 1525.7037353515625 1526.0833740234375 1526.230224609375 1524.2198486328125 1520.757568359375 1525.352294921875 1527.0743408203125 1529.531005859375 1532.2039794921875 1535.6026611328125
