avaframe/data/avaAlr/Inputs/DEMremeshed/avaAlr_remeshedDEM20.00.asc
ncols 105
nrows 229
xllcenter 255204.58
yllcenter 377308.49
cellsize 20.00
noDataValue nan
[rows 44 to 65 of 229, columns 48 to 95 of 105]
1816.878295898438 1815.757080078125 1814.567626953125 1808.967163085938 1807.801147460938 1799.519897460938 1788.410278320312 1779.296752929688 1771.076538085938 1759.495849609375 1734.408813476562 1713.142700195312 1698.22216796875 1686.15478515625 nan nan nan nan nan nan nan nan nan nan nan nan nan nan nan nan nan nan nan nan nan nan nan nan nan nan nan nan nan nan nan nan nan nan
1802.499389648438 1800.745727539062 1799.193969726562 1792.228393554688 1790.20166015625 1786.595458984375 1777.358642578125 1765.052368164062 1756.57568359375 1743.791748046875 1731.771484375 1703.065063476562 1688.056396484375 1677.651123046875 nan nan nan nan nan nan nan nan nan nan nan nan nan nan nan nan nan nan nan nan nan nan nan nan nan nan nan nan nan nan nan nan nan nan
1786.825439453125 1787.64013671875 1783.178100585938 1779.016235351562 1776.0478515625 1771.17578125 1762.399047851562 1752.332275390625 1745.462158203125 1733.120239257812 1722.501220703125 1697.512084960938 1680.850708007812 1668.608520507812 1656.347534179688 nan nan nan nan nan nan nan nan nan nan nan nan nan nan nan nan nan nan nan nan nan nan nan nan nan nan nan nan nan nan nan nan nan
1771.68701171875 1772.827392578125 1770.92919921875 1765.764404296875 1761.744750976562 1755.167114257812 1749.753540039062 1741.827514648438 1733.576416015625 1725.103149414062 1713.370361328125 1694.424682617188 1677.281860351562 1660.256958007812 1648.091430664062 nan nan nan nan nan nan nan nan nan nan nan nan nan nan nan nan nan nan nan nan nan nan nan nan nan nan nan nan nan nan nan nan nan
1755.121215820312 1756.060546875 1755.0341796875 1751.815063476562 1750.71923828125 1743.108154296875 1736.223754882812 1730.242065429688 1718.854858398438 1714.634033203125 1705.029052734375 1692.650756835938 1675.499633789062 1654.768310546875 1641.174194335938 1629.87353515625 nan nan nan nan nan nan nan nan nan nan nan nan nan nan nan nan nan nan nan nan nan nan nan nan nan nan nan nan nan nan nan nan
1738.001831054688 1738.759033203125 1738.045166015625 1739.072631835938 1738.869384765625 1733.71826171875 1724.8564453125 1720.61083984375 1698.505981445312 1693.814453125 1694.025756835938 1684.940185546875 1668.77001953125 1652.622924804688 1638.535888671875 1626.419189453125 nan nan nan nan nan nan nan nan nan nan nan nan nan nan nan nan nan nan nan nan nan nan nan nan nan nan nan nan nan nan nan nan
1722.852905273438 1723.860473632812 1724.140258789062 1726.738159179688 1725.392578125 1720.875732421875 1715.87060546875 1705.3232421875 1681.669921875 1675.873779296875 1678.092529296875 1674.84375 1664.901000976562 1656.301635742188 1642.822143554688 1631.0498046875 nan nan nan nan nan nan nan nan nan nan nan nan nan nan nan nan nan nan nan nan nan nan nan nan nan nan nan nan nan nan nan nan
1710.75146484375 1712.393798828125 1712.579711914062 1715.422973632812 1712.320434570312 1706.74462890625 1699.057373046875 1692.918823242188 1666.209228515625 1661.215576171875 1655.613647460938 1661.005126953125 1655.847045898438 1647.101684570312 1638.759765625 1629.186157226562 1618.255737304688 nan nan nan nan nan nan nan nan nan nan nan nan nan nan nan nan nan nan nan nan nan nan nan nan nan nan nan nan nan nan nan
1698.490966796875 1700.662353515625 1702.329223632812 1704.158569335938 1702.491577148438 1692.187622070312 1684.455200195312 1675.532958984375 1655.430419921875 1647.315185546875 1640.666625976562 1642.784545898438 1644.771362304688 1641.64794921875 1628.4365234375 1620.759765625 1611.381469726562 nan nan nan nan nan nan nan nan nan nan nan nan nan nan nan nan nan nan nan nan nan nan nan nan nan nan nan nan nan nan nan
1687.243286132812 1689.6416015625 1691.201904296875 1692.11083984375 1692.494018554688 1680.755981445312 1668.576049804688 1652.253173828125 1643.884399414062 1632.976318359375 1625.418090820312 1625.1279296875 1628.46044921875 1635.662841796875 1626.54541015625 1613.524169921875 1601.64453125 nan nan nan nan nan nan nan nan nan nan nan nan nan nan nan nan nan nan nan nan nan nan nan nan nan nan nan nan nan nan nan
1676.715698242188 1678.245971679688 1679.32177734375 1680.61865234375 1681.347045898438 1679.559448242188 1657.763671875 1634.08251953125 1628.856689453125 1623.340698242188 1613.830078125 1608.808837890625 1614.124877929688 1618.97216796875 1623.05859375 1612.038330078125 1600.828491210938 1590.454956054688 nan nan nan nan nan nan nan nan nan nan nan nan nan nan nan nan nan nan nan nan nan nan nan nan nan nan nan nan nan nan
1664.48681640625 1666.595581054688 1667.336791992188 1670.257080078125 1669.89453125 1666.70361328125 1654.458251953125 1626.52685546875 1612.65966796875 1612.544067382812 1600.796020507812 1596.081909179688 1600.55615234375 1608.212890625 1618.5361328125 1608.531372070312 1598.634155273438 1587.879272460938 nan nan nan nan nan nan nan nan nan nan nan nan nan nan nan nan nan nan nan nan nan nan nan nan nan nan nan nan nan nan
1652.755615234375 1654.113159179688 1656.042602539062 1659.878051757812 1659.14990234375 1654.18505859375 1637.1318359375 1631.633056640625 1603.436279296875 1594.106201171875 1588.640380859375 1583.455200195312 1582.92041015625 1594.399169921875 1600.752319335938 1606.145263671875 1597.218139648438 1586.359497070312 nan nan nan nan nan nan nan nan nan nan nan nan nan nan nan nan nan nan nan nan nan nan nan nan nan nan nan nan nan nan
1640.225341796875 1641.859741210938 1644.180541992188 1647.890991210938 1647.332885742188 1640.835815429688 1629.165893554688 1615.191772460938 1596.388549804688 1581.465942382812 1578.354614257812 1570.476440429688 1572.269165039062 1579.642578125 1587.030395507812 1596.322875976562 1597.32861328125 1588.994995117188 1573.447021484375 nan nan nan nan nan nan nan nan nan nan nan nan nan nan nan nan nan nan nan nan nan nan nan nan nan nan nan nan nan
1628.744262695312 1630.506591796875 1634.0224609375 1636.598022460938 1637.230712890625 1627.375610351562 1619.361694335938 1608.453979492188 1582.520874023438 1572.458862304688 1564.414184570312 1557.523193359375 1560.119873046875 1569.193603515625 1570.007080078125 1580.839233398438 1596.351318359375 1589.0888671875 1574.986938476562 nan nan nan nan nan nan nan nan nan nan nan nan nan nan nan nan nan nan nan nan nan nan nan nan nan nan nan nan nan
1616.7744140625 1618.216430664062 1623.045166015625 1626.139038085938 1627.019775390625 1615.424926757812 1602.319213867188 1597.171752929688 1573.087890625 1561.939453125 1551.162475585938 1544.366088867188 1546.87158203125 1548.877685546875 1559.12255859375 1574.706420898438 1576.95947265625 1582.704956054688 1576.009399414062 nan nan nan nan nan nan nan nan nan nan nan nan nan nan nan nan nan nan nan nan nan nan nan nan nan nan nan nan nan
1603.905151367188 1607.105834960938 1612.981689453125 1615.65625 1614.849731445312 1608.086303710938 1589.89990234375 1576.552734375 1564.374389648438 1546.639892578125 1538.622192382812 1529.036010742188 1531.199462890625 1538.708862304688 1548.136352539062 1557.85009765625 1558.556762695312 1565.592163085938 1570.162231445312 1573.70849609375 nan nan nan nan nan nan nan nan nan nan nan nan nan nan nan nan nan nan nan nan nan nan nan nan nan nan nan nan
1591.348510742188 1597.595336914062 1603.021362304688 1604.841186523438 1603.598266601562 1601.320556640625 1583.443481445312 1567.579711914062 1554.047729492188 1536.48388671875 1524.185302734375 1517.176391601562 1518.489868164062 1530.483520507812 1540.107177734375 1539.88916015625 1542.286743164062 1548.753662109375 1557.268676757812 1568.784912109375 nan nan nan nan nan nan nan nan nan nan nan nan nan nan nan nan nan nan nan nan nan nan nan nan nan nan nan nan
1580.918701171875 1588.658081054688 1593.927124023438 1594.279418945312 1592.459594726562 1589.912963867188 1575.052856445312 1558.325439453125 1544.851684570312 1533.607055664062 1516.726318359375 1504.793090820312 1512.547607421875 1515.282592773438 1531.519653320312 1526.67431640625 1529.787841796875 1532.544067382812 1545.468017578125 1551.424438476562 nan nan nan nan nan nan nan nan nan nan nan nan nan nan nan nan nan nan nan nan nan nan nan nan nan nan nan nan
1570.886352539062 1576.067016601562 1582.904296875 1582.045166015625 1580.92236328125 1578.354736328125 1569.221069335938 1549.800903320312 1534.296752929688 1521.128540039062 1509.627807617188 1495.553466796875 1496.358764648438 1504.260009765625 1516.5478515625 1507.350830078125 1515.777099609375 1518.705688476562 1534.610717773438 1538.31884765625 1547.5439453125 nan nan nan nan nan nan nan nan nan nan nan nan nan nan nan nan nan nan nan nan nan nan nan nan nan nan nan
1556.980590820312 1562.38818359375 1567.206665039062 1569.141479492188 1568.068603515625 1565.388916015625 1560.226806640625 1551.89990234375 1535.6806640625 1516.029418945312 1498.671142578125 1484.927490234375 1483.958374023438 1490.841796875 1500.900756835938 1491.0078125 1498.511474609375 1518.098388671875 1518.971069335938 1533.401000976562 1530.587158203125 nan nan nan nan nan nan nan nan nan nan nan nan nan nan nan nan nan nan nan nan nan nan nan nan nan nan nan
1545.623046875 1550.399291992188 1550.567260742188 1556.001953125 1554.017211914062 1552.701904296875 1548.890869140625 1546.88330078125 1526.86083984375 1509.921630859375 1493.543823242188 1476.373046875 1470.744506835938 1480.487060546875 1485.589111328125 1477.775390625 1495.7861328125 1502.988525390625 1519.247436523438 1526.226440429688 1517.822875976562 nan nan nan nan nan nan nan nan nan nan nan nan nan nan nan nan nan nan nan nan nan nan nan nan nan nan nan
