avaframe/data/avaAlr/Inputs/DEMremeshed/avaAlr_remeshedDEM20.00.asc
ncols 105
nrows 229
xllcenter 255204.58
yllcenter 377308.49
cellsize 20.00
noDataValue nan
[rows 22 to 43 of 229, columns 0 to 47 of 105]
nan nan nan nan nan nan nan nan nan nan nan nan nan nan nan nan 2087.880615234375 2089.61865234375 2085.683349609375 2081.1162109375 2072.35107421875 2067.779541015625 2060.730224609375 2061.3017578125 2056.853271484375 2066.674560546875 2059.971923828125 2059.058837890625 2071.284912109375 2077.618408203125 2076.59716796875 2079.904052734375 2083.62841796875 2072.709716796875 2084.53564453125 2089.76513671875 2102.935302734375 2116.591064453125 2130.227294921875 2137.791259765625 2139.71484375 2132.06103515625 2137.01171875 2136.114501953125 2121.706787109375 2109.76025390625 2095.474365234375 2081.2197265625
nan nan nan nan nan nan nan nan nan nan nan nan nan nan nan nan 2077.3173828125 2073.578857421875 2069.2333984375 2069.099609375 2061.013671875 2053.802490234375 2051.054931640625 2045.134643554688 2040.872802734375 2054.11083984375 2047.568725585938 2045.881103515625 2059.666748046875 2061.2587890625 2061.19921875 2063.347900390625 2068.962890625 2060.059814453125 2068.80126953125 2081.58349609375 2094.9365234375 2107.241943359375 2122.843017578125 2121.703125 2124.546875 2116.45361328125 2121.801025390625 2126.037109375 2111.46728515625 2098.8310546875 2087.81103515625 2081.1396484375
nan nan nan nan nan nan nan nan nan nan nan nan nan nan nan 2055.72314453125 2066.808837890625 2060.08935546875 2052.467529296875 2052.77978515625 2048.701171875 2040.61865234375 2039.269287109375 2024.401733398438 2023.431274414062 2038.23876953125 2034.298828125 2034.60791015625 2046.730224609375 2044.340942382812 2047.21630859375 2052.7158203125 2056.872314453125 2051.763916015625 2059.6064453125 2073.532958984375 2086.996337890625 2101.795166015625 2111.955810546875 2105.939697265625 2106.76806640625 2101.1142578125 2106.745849609375 2114.388671875 2105.674072265625 2089.6025390625 2076.37158203125 2067.436767578125
nan nan nan nan nan nan nan nan nan nan nan nan nan nan nan 2040.92333984375 2051.949951171875 2047.875732421875 2038.135986328125 2036.443481445312 2035.991943359375 2028.149291992188 2023.505859375 2014.00390625 2009.177001953125 2021.951293945312 2021.033447265625 2022.780029296875 2029.72216796875 2027.69384765625 2030.319213867188 2044.973754882812 2041.892944335938 2037.255493164062 2051.123779296875 2068.090576171875 2079.321533203125 2093.6826171875 2099.44677734375 2090.03759765625 2090.225341796875 2086.550048828125 2097.171875 2102.8818359375 2101.909912109375 2088.51953125 2070.930419921875 2055.54248046875
nan nan nan nan nan nan nan nan nan nan nan nan nan nan nan 2029.698120117188 2037.819580078125 2035.074340820312 2024.029174804688 2020.597534179688 2021.7890625 2017.915283203125 2007.710815429688 2004.294311523438 1993.40087890625 2004.435791015625 2005.921142578125 2011.856201171875 2016.013305664062 2011.053344726562 2011.986450195312 2023.453247070312 2022.71630859375 2029.853759765625 2047.33154296875 2057.7373046875 2073.769287109375 2083.03857421875 2085.03369140625 2076.940185546875 2073.337890625 2071.58056640625 2082.537353515625 2084.98388671875 2090.335693359375 2085.4853515625 2067.03271484375 2048.86865234375
nan nan nan nan nan nan nan nan nan nan nan nan nan nan nan 2016.563842773438 2022.64208984375 2023.974609375 2011.295288085938 2004.090698242188 2006.082885742188 2006.578857421875 1998.283203125 1984.402954101562 1979.531494140625 1983.2841796875 1982.657836914062 1999.929321289062 2000.647705078125 1993.404174804688 1990.9521484375 2006.305297851562 1995.27587890625 2020.641235351562 2036.827514648438 2048.98828125 2061.7197265625 2073.3896484375 2070.88134765625 2064.002197265625 2057.5693359375 2057.190185546875 2069.97119140625 2070.13330078125 2079.111083984375 2080.01025390625 2063.891357421875 2053.00439453125
nan nan nan nan nan nan nan nan nan nan nan nan nan nan 1999.974975585938 2000.52197265625 2005.850341796875 2007.503295898438 1998.19384765625 1988.80126953125 1988.984741210938 1990.556762695312 1991.983764648438 1976.6728515625 1964.80859375 1969.513549804688 1974.782104492188 1984.514404296875 1983.7236328125 1968.271728515625 1967.975952148438 1974.62548828125 1984.683837890625 2011.896850585938 2025.07080078125 2042.1513671875 2053.1005859375 2060.7060546875 2058.780517578125 2050.771728515625 2043.495239257812 2041.870239257812 2050.68798828125 2058.11669921875 2067.390625 2065.71875 2065.294677734375 2054.4072265625
nan nan nan nan nan nan nan nan nan nan nan nan nan nan 1983.981201171875 1986.8349609375 1992.705688476562 1991.412109375 1987.051635742188 1975.720703125 1972.545043945312 1977.6171875 1981.778930664062 1972.175903320312 1951.812866210938 1953.291870117188 1966.357299804688 1961.521606445312 1951.144165039062 1951.030395507812 1957.771850585938 1968.66650390625 1991.1357421875 2007.017578125 2024.618896484375 2032.216430664062 2040.336791992188 2044.32080078125 2044.785400390625 2036.877807617188 2030.273681640625 2027.878662109375 2036.326416015625 2045.576538085938 2052.994140625 2050.370849609375 2050.979248046875 2047.224609375
nan nan nan nan nan nan nan nan nan nan nan nan nan nan 1967.47412109375 1969.644287109375 1978.832763671875 1975.48974609375 1973.641967773438 1964.671630859375 1955.7978515625 1961.672607421875 1968.951782226562 1960.090576171875 1949.452026367188 1941.84765625 1942.966064453125 1938.941162109375 1935.835571289062 1938.947021484375 1962.674072265625 1978.685913085938 1995.80859375 2009.000610351562 2012.154052734375 2017.832641601562 2027.767944335938 2028.530883789062 2026.793701171875 2022.882934570312 2016.337280273438 2012.546997070312 2023.680053710938 2033.854248046875 2036.916748046875 2035.231689453125 2034.011352539062 2029.6630859375
nan nan nan nan nan nan nan nan nan nan nan nan nan 1948.682983398438 1949.491333007812 1955.28515625 1959.358764648438 1958.711303710938 1951.846313476562 1946.22802734375 1942.074584960938 1948.812255859375 1954.610107421875 1950.485229492188 1938.826293945312 1925.358032226562 1937.176513671875 1922.246826171875 1922.306884765625 1942.961059570312 1965.597045898438 1977.832885742188 1993.814697265625 1996.009521484375 1997.508666992188 2006.548706054688 2011.294555664062 2008.876342773438 2010.8759765625 2009.246459960938 2003.584838867188 1999.197387695312 2011.663452148438 2018.029541015625 2023.809814453125 2020.843872070312 2015.854614257812 2013.58935546875
nan nan nan nan nan nan nan nan nan nan nan nan nan 1929.293823242188 1930.403442382812 1941.659057617188 1942.418212890625 1943.741943359375 1938.01220703125 1932.789794921875 1926.394897460938 1936.140991210938 1940.273315429688 1939.6943359375 1928.056274414062 1914.96630859375 1927.606323242188 1910.082397460938 1910.738159179688 1933.224853515625 1951.217163085938 1972.020629882812 1979.529174804688 1979.213623046875 1985.576049804688 1997.144897460938 1995.81787109375 1992.431274414062 1993.857421875 1991.83935546875 1990.139770507812 1985.683837890625 1997.325805664062 2003.818969726562 2012.946533203125 2008.64404296875 2001.957275390625 1998.512451171875
nan nan nan nan nan nan nan nan nan nan nan nan nan 1909.51611328125 1918.966186523438 1927.616943359375 1924.897094726562 1925.836059570312 1925.641235351562 1918.49560546875 1912.352661132812 1920.42333984375 1923.811767578125 1928.24365234375 1920.212158203125 1911.335327148438 1904.144287109375 1895.993896484375 1902.414794921875 1927.818237304688 1945.02001953125 1958.27294921875 1964.718627929688 1964.521850585938 1977.738525390625 1984.84521484375 1980.69873046875 1977.212768554688 1976.463989257812 1977.517211914062 1977.080810546875 1972.414184570312 1983.473388671875 1998.264404296875 1999.71240234375 1996.123046875 1991 1982.409545898438
nan nan nan nan nan nan nan nan nan nan nan nan 1889.285034179688 1899.300415039062 1911.68359375 1910.770751953125 1909.38037109375 1909.486328125 1912.275634765625 1905.111328125 1898.940551757812 1903.42041015625 1911.19921875 1914.422729492188 1908.6416015625 1897.29150390625 1883.370239257812 1881.221801757812 1894.798828125 1920.292358398438 1936.709228515625 1944.8916015625 1944.164184570312 1955.691162109375 1963.787841796875 1970.899291992188 1968.282104492188 1961.796264648438 1960.740966796875 1963.040893554688 1964.93994140625 1959.245483398438 1972.8779296875 1985.636474609375 1984.492309570312 1982.206176757812 1978.029052734375 1969.453979492188
nan nan nan nan nan nan nan nan nan nan nan nan 1874.391479492188 1890.618286132812 1896.809936523438 1895.072143554688 1893.544311523438 1891.447143554688 1893.660034179688 1891.807739257812 1885.944458007812 1887.025024414062 1895.37060546875 1900.653198242188 1893.754028320312 1882.902099609375 1880.81494140625 1870.399291992188 1896.72998046875 1913.7236328125 1925.621826171875 1928.240600585938 1932.392944335938 1943.049926757812 1950.990600585938 1952.009643554688 1954.927001953125 1949.263916015625 1946.423706054688 1946.267822265625 1947.100341796875 1949.73876953125 1962.334716796875 1973.52392578125 1970.888427734375 1967.703491210938 1963.448974609375 1958.08349609375
nan nan nan nan nan nan nan nan nan nan nan nan 1867.982666015625 1882.14599609375 1882.301025390625 1880.990356445312 1878.496215820312 1876.062622070312 1877.8681640625 1877.9033203125 1872.787963867188 1874.540283203125 1879.140258789062 1883.796508789062 1881.625854492188 1869.347900390625 1870.780883789062 1864.559204101562 1890.627563476562 1907.044067382812 1908.7900390625 1912.423583984375 1920.647583007812 1932.142578125 1937.407592773438 1934.34814453125 1937.632690429688 1941.632202148438 1927.160888671875 1929.89208984375 1930.317749023438 1942.33251953125 1955.22021484375 1960.02587890625 1959.7822265625 1952.691040039062 1947.643188476562 1944.623291015625
nan nan nan nan nan nan nan nan nan nan nan 1844.681518554688 1860.404541015625 1865.566772460938 1867.288330078125 1865.117797851562 1862.3984375 1860.464965820312 1862.44677734375 1865.404296875 1859.630249023438 1859.805541992188 1863.2119140625 1867.230224609375 1867.676513671875 1854.854370117188 1850.45947265625 1859.571411132812 1880.080810546875 1891.107177734375 1893.205322265625 1901.828857421875 1915.603637695312 1919.167846679688 1921.155395507812 1922.2001953125 1918.602294921875 1917.656005859375 1913.206909179688 1914.054077148438 1919.61181640625 1932.740478515625 1943.0146484375 1944.082153320312 1945.44580078125 1939.441162109375 1934.142944335938 1929.935180664062
nan nan nan nan nan nan nan nan nan nan nan 1833.00732421875 1841.4208984375 1850.110229492188 1851.602294921875 1849.979248046875 1846.881713867188 1844.463256835938 1847.95458984375 1850.556396484375 1847.343017578125 1844.744140625 1848.902709960938 1849.767578125 1851.643676757812 1839.954223632812 1835.316528320312 1846.939331054688 1866.64013671875 1872.823608398438 1882.72900390625 1899.232788085938 1903.712768554688 1906.72705078125 1903.873168945312 1908.258911132812 1901.414916992188 1901.30517578125 1897.387939453125 1902.247802734375 1910.177368164062 1921.512329101562 1928.17529296875 1927.774780273438 1928.803833007812 1925.3115234375 1921.557861328125 1915.478881835938
nan nan nan nan nan nan nan nan nan nan nan 1820.520385742188 1829.492553710938 1836.852661132812 1837.076416015625 1835.123657226562 1832.316772460938 1830.172485351562 1833.8271484375 1837.08056640625 1834.917724609375 1829.928833007812 1834.160034179688 1834.562866210938 1837.269775390625 1822.7529296875 1825.218017578125 1834.560791015625 1850.744995117188 1864.642211914062 1881.11083984375 1888.177856445312 1885.749633789062 1885.863159179688 1886.92919921875 1893.507690429688 1885.73388671875 1884.40283203125 1884.370849609375 1890.044311523438 1904.905639648438 1913.047607421875 1908.88427734375 1910.988403320312 1913.641723632812 1909.690185546875 1906.997924804688 1901.92578125
nan nan nan nan nan nan nan nan nan nan 1797.248413085938 1809.275390625 1816.102294921875 1822.505981445312 1822.074829101562 1820.1494140625 1817.81298828125 1815.39697265625 1819.802124023438 1821.943969726562 1822.759521484375 1816.261108398438 1816.400146484375 1817.231201171875 1822.742309570312 1812.138671875 1814.160400390625 1821.181274414062 1842.754516601562 1854.509521484375 1867.989013671875 1868.501953125 1868.80078125 1868.387329101562 1870.658813476562 1874.534790039062 1871.109497070312 1866.38232421875 1871.817138671875 1887.656127929688 1897.785766601562 1895.979248046875 1891.958618164062 1895.869018554688 1899.28759765625 1893.530639648438 1892.763061523438 1889.571655273438
nan nan nan nan nan nan nan nan nan nan 1787.285766601562 1795.413208007812 1803.1328125 1810.588745117188 1808.924438476562 1805.272583007812 1803.93896484375 1802.238525390625 1806.880126953125 1809.20068359375 1809.239379882812 1802.80908203125 1798.449584960938 1799.87109375 1807.07861328125 1802.911865234375 1802.136474609375 1820.436401367188 1831.97119140625 1842.100219726562 1850.7822265625 1849.640380859375 1849.938354492188 1853.11083984375 1855.84375 1858.903076171875 1855.327270507812 1853.442504882812 1865.79248046875 1873.542114257812 1879.97021484375 1877.18017578125 1875.661499023438 1882.443969726562 1883.194091796875 1880.762939453125 1880.988159179688 1880.8349609375
nan nan nan nan nan nan nan nan nan nan 1773.836059570312 1780.8486328125 1791.078247070312 1796.74169921875 1796.213134765625 1791.724487304688 1790.066772460938 1788.897216796875 1792.710083007812 1796.491088867188 1796.939086914062 1793.089477539062 1782.422119140625 1780.168334960938 1788.795166015625 1788.195190429688 1797.172119140625 1810.686889648438 1816.7353515625 1829.89208984375 1834.608032226562 1834.760131835938 1833.9736328125 1836.144775390625 1843.441650390625 1844.977783203125 1839.250732421875 1838.585083007812 1847.545654296875 1855.125 1862.148071289062 1859.782470703125 1864.713500976562 1870.8876953125 1870.567138671875 1864.642700195312 1863.668701171875 1864.414916992188
nan nan nan nan nan nan nan nan nan 1742.686157226562 1750.293212890625 1765.679321289062 1776.297973632812 1783.96484375 1782.13330078125 1778.124267578125 1777.073364257812 1776.630126953125 1778.546997070312 1782.595092773438 1784.0830078125 1781.595458984375 1767.275268554688 1764.495483398438 1772.54931640625 1775.36669921875 1780.763305664062 1791.281005859375 1807.58984375 1822.842651367188 1821.041259765625 1820.042236328125 1819.15771484375 1822.196533203125 1832.039306640625 1833.627075195312 1827.807983398438 1824.7900390625 1833.119995117188 1842.974975585938 1843.162353515625 1842.062133789062 1851.732177734375 1855.766235351562 1850.231689453125 1847.945190429688 1841.08056640625 1839.496826171875
