avaframe/data/avaAlr/Inputs/DEMremeshed/avaAlr_remeshedDEM20.00.asc
ncols 105
nrows 229
xllcenter 255204.58
yllcenter 377308.49
cellsize 20.00
noDataValue nan
[rows 198 to 219 of 229, columns 0 to 47 of 105]
nan nan nan nan nan nan nan nan nan 683.0934448242188 674.7855224609375 668.413818359375 661.529052734375 656.5866088867188 653.790283203125 654.1152954101562 658.9208984375 662.994873046875 667.0894165039062 670.880859375 674.1284790039062 676.1395263671875 674.9690551757812 673.4734497070312 672.1434936523438 671.417724609375 670.3065795898438 669.2462768554688 667.8336791992188 665.5953979492188 657.914794921875 653.2437133789062 652.92724609375 651.9763793945312 652.3579711914062 654.87939453125 662.953369140625 662.5236206054688 662.2528686523438 661.0968017578125 657.3309936523438 661.1127319335938 660.5560302734375 659.1959838867188 658.07177734375 656.56103515625 655.5903930664062 654.4893798828125
nan nan nan nan nan nan nan nan nan nan 672.5357666015625 667.0997314453125 662.1072387695312 654.7073974609375 651.8023681640625 651.4916381835938 653.2086791992188 656.4381103515625 660.9903564453125 664.817138671875 669.413818359375 673.077880859375 673.34521484375 672.0137939453125 670.907958984375 669.1270751953125 669.3096313476562 668.2230224609375 666.5515747070312 664.3757934570312 656.8372802734375 651.2183227539062 651.426025390625 650.7086791992188 649.957275390625 651.4198608398438 657.9480590820312 660.5953979492188 660.1526489257812 658.8311767578125 659.9826049804688 658.186767578125 658.0562133789062 657.0582275390625 656.5536499023438 654.7342529296875 653.0274047851562 651.5186767578125
nan nan nan nan nan nan nan nan nan nan 669.196044921875 664.4764404296875 660.0730590820312 653.69921875 650.7344360351562 649.4212036132812 648.28125 650.9813232421875 655.5523071289062 659.9107055664062 665.3458862304688 669.9417724609375 669.9359130859375 669.2431640625 668.2469482421875 666.815185546875 665.6377563476562 662.5267944335938 661.9298706054688 660.5516967773438 654.4868774414062 648.46435546875 651.731201171875 647.3706665039062 647.2321166992188 647.5465087890625 651.1510620117188 656.6416625976562 658.7508544921875 657.6635131835938 657.253662109375 655.7061157226562 654.8818969726562 655.063720703125 653.7962036132812 651.8784790039062 650.3013916015625 649.106201171875
nan nan nan nan nan nan nan nan nan nan 663.13623046875 660.2169799804688 657.2584838867188 652.8414306640625 650.30859375 647.3057250976562 646.0413818359375 645.7646484375 648.826171875 655.746337890625 661.4556884765625 668.5963745117188 668.24267578125 667.1917724609375 665.576416015625 663.0958862304688 661.557861328125 660.1942138671875 657.2135620117188 650.722900390625 645.5335693359375 644.9735107421875 645.86767578125 646.0564575195312 646.0924682617188 645.5369873046875 648.0772705078125 652.2772827148438 654.5629272460938 655.3822021484375 654.867919921875 654.2822265625 652.27734375 651.6780395507812 651.577392578125 650.5667114257812 648.8012084960938 646.847412109375
nan nan nan nan nan nan nan nan nan nan 658.6863403320312 655.81591796875 655.2122802734375 652.011474609375 648.5509643554688 645.9009399414062 644.6329956054688 643.4899291992188 642.90283203125 645.1798706054688 647.3235473632812 647.9385375976562 652.9827270507812 655.1668701171875 656.1835327148438 655.2496948242188 650.9520874023438 647.6360473632812 643.7437133789062 639.7992553710938 641.6234130859375 641.4585571289062 642.54931640625 642.3875122070312 641.9899291992188 643.7058715820312 644.0160522460938 647.1448364257812 653.8500366210938 652.9934692382812 652.2236938476562 651.7245483398438 650.0774536132812 649.6692504882812 648.7477416992188 648.24267578125 646.9368896484375 645.2225341796875
nan nan nan nan nan nan nan nan nan nan 653.9830932617188 652.2281494140625 648.1028442382812 649.9605102539062 647.0879516601562 645.1361694335938 643.4633178710938 642.0875244140625 642.2124633789062 640.5340576171875 638.5149536132812 636.923828125 635.2813720703125 636.1398315429688 640.5972290039062 641.7109985351562 640.8001708984375 636.2088012695312 635.5459594726562 637.0545043945312 637.6651611328125 638.6566162109375 639.4440307617188 640.6693725585938 639.6281127929688 640.0719604492188 640.1004638671875 644.7061767578125 648.3142700195312 651.1737670898438 650.747314453125 649.6446533203125 649.0433349609375 648.2291259765625 648.1414794921875 646.5261840820312 645.080322265625 643.7885131835938
nan nan nan nan nan nan nan nan nan nan nan 642.115478515625 648.1737060546875 645.5960693359375 645.0780029296875 643.0755615234375 642.78466796875 646.476806640625 654.5534057617188 653.0814208984375 640.6450805664062 636.1061401367188 634.9369506835938 632.6624145507812 632.4742431640625 632.4424438476562 632.421630859375 633.0303344726562 633.3946533203125 634.3677368164062 635.122314453125 636.9676513671875 636.9121704101562 637.1920776367188 637.5311889648438 639.4489135742188 637.0084838867188 636.9723510742188 642.2254638671875 645.3248901367188 647.7061767578125 648.1427612304688 647.6038818359375 645.7479858398438 645.9931030273438 645.3379516601562 643.073486328125 642.3226318359375
nan nan nan nan nan nan nan nan nan nan nan 635.7990112304688 636.0914916992188 638.10107421875 639.8982543945312 641.3206176757812 649.3233032226562 652.9110107421875 650.8804321289062 645.7372436523438 638.5014038085938 633.5406494140625 630.2645874023438 623.8526611328125 628.3693237304688 630.5137329101562 630.095703125 630.4644165039062 630.2222900390625 632.7195434570312 635.3667602539062 636.4837646484375 634.8567504882812 634.4260864257812 634.364013671875 633.0671997070312 633.044677734375 636.8818969726562 638.1137084960938 639.4312133789062 640.377197265625 643.344482421875 645.2885131835938 644.8284912109375 643.1065063476562 642.8960571289062 641.6464233398438 642.2694091796875
nan nan nan nan nan nan nan nan nan nan nan 630.5874633789062 632.2286987304688 633.9061279296875 638.212646484375 642.8659057617188 645.5776977539062 642.3798217773438 635.719970703125 633.4063720703125 630.0045776367188 624.369140625 620.3863525390625 618.3757934570312 624.1241455078125 629.8435668945312 627.6354370117188 628.1011962890625 628.1074829101562 629.196533203125 630.385498046875 630.7634887695312 631.4553833007812 630.9735107421875 630.8173828125 630.3796997070312 629.9133911132812 630.43115234375 632.0734252929688 632.2765502929688 632.3853759765625 633.2802124023438 635.8971557617188 636.0785522460938 639.24072265625 639.0775146484375 639.8027954101562 638.6278686523438
nan nan nan nan nan nan nan nan nan nan nan 624.883544921875 626.0288696289062 630.1598510742188 637.3405151367188 636.6416015625 634.8054809570312 633.277587890625 631.8610229492188 626.44677734375 618.4285278320312 616.1644287109375 617.3379516601562 611.1636352539062 612.0960693359375 622.4586791992188 626.186767578125 626.0668334960938 627.2052612304688 627.268798828125 627.96826171875 628.3695068359375 629.0989379882812 628.9521484375 628.3229370117188 628.9918212890625 626.5531005859375 625.8299560546875 627.173095703125 626.914794921875 628.032958984375 629.5119018554688 631.128173828125 632.7659912109375 633.7618408203125 635.4097900390625 635.967529296875 636.078857421875
nan nan nan nan nan nan nan nan nan nan nan 618.11376953125 616.663818359375 618.5795288085938 622.4410400390625 623.9869384765625 624.3514404296875 624.350341796875 619.6997680664062 614.7931518554688 614.2836303710938 614.2680053710938 614.9580078125 607.9205322265625 611.0586547851562 617.4920043945312 623.425537109375 625.0380249023438 624.4494018554688 625.0477294921875 626.296630859375 627.3939819335938 626.7565307617188 626.7755737304688 625.7539672851562 624.8504638671875 624.6845703125 625.7494506835938 624.5831298828125 624.5767211914062 624.32958984375 624.927978515625 627.2437133789062 628.2745361328125 629.954833984375 630.6856079101562 630.474853515625 629.5709228515625
nan nan nan nan nan nan nan nan nan nan nan nan 614.2927856445312 614.2965087890625 614.341796875 614.4251708984375 615.4005737304688 613.4620971679688 613.1363525390625 612.4249267578125 613.72216796875 613.6599731445312 609.8364868164062 607.3541259765625 610.9397583007812 617.2009887695312 621.9847412109375 623.4689331054688 622.103759765625 622.3657836914062 623.7200927734375 624.4086303710938 623.9598999023438 623.3062133789062 623.1905517578125 622.5851440429688 622.8055419921875 622.6824340820312 621.98291015625 621.4588623046875 620.3859252929688 619.5252075195312 620.7142333984375 621.8648681640625 622.4015502929688 623.5849609375 623.8048706054688 623.8289794921875
nan nan nan nan nan nan nan nan nan nan nan nan 614.425048828125 613.49951171875 612.3439331054688 612.4918823242188 612.7076416015625 612.0321044921875 610.8292846679688 610.3086547851562 611.5086669921875 611.311767578125 608.0533447265625 606.2704467773438 611.2669067382812 613.6954956054688 618.9940795898438 619.4879760742188 621.9747314453125 621.1810913085938 621.2034912109375 620.3482666015625 621.014404296875 621.116943359375 621.372802734375 621.3922119140625 620.88916015625 620.7061767578125 618.8837890625 618.050537109375 615.6348266601562 614.3978881835938 614.4884033203125 614.7227172851562 615.2584228515625 616.5755004882812 618.0213623046875 619.9713134765625
nan nan nan nan nan nan nan nan nan nan nan nan 614.84521484375 612.52197265625 609.9774169921875 610.4054565429688 610.0464477539062 609.7125854492188 608.9945678710938 607.2583618164062 607.1115112304688 606.929443359375 606.890869140625 608.1526489257812 608.3724365234375 613.3646240234375 616.478271484375 616.255126953125 619.7273559570312 618.7265625 619.1832885742188 619.2732543945312 619.9100341796875 619.6968383789062 619.5578002929688 619.11083984375 618.70947265625 616.9523315429688 614.335693359375 614.541748046875 614.0001220703125 613.8525390625 612.830810546875 612.869140625 613.43212890625 613.5523071289062 616.3881225585938 615.6076049804688
nan nan nan nan nan nan nan nan nan nan nan nan 610.5673828125 607.2659912109375 610.5454711914062 608.4925537109375 607.1796875 607.0640258789062 606.0827026367188 605.731689453125 606.0663452148438 606.6266479492188 606.8232421875 607.2411499023438 608.2760009765625 609.3033447265625 615.9773559570312 614.8085327148438 616.6044311523438 616.5823364257812 616.933837890625 616.5394897460938 616.8272094726562 616.8441772460938 616.8987426757812 614.915771484375 613.3497314453125 613.6212768554688 613.173095703125 606.1326904296875 606.3923950195312 609.9556884765625 609.7999267578125 610.5159301757812 610.7122802734375 609.83203125 610.9134521484375 611.9212036132812
nan nan nan nan nan nan nan nan nan nan nan nan 606.9601440429688 607.1227416992188 606.3132934570312 607.11767578125 606.45556640625 605.7070922851562 606.2312622070312 604.1102294921875 604.49951171875 604.4925537109375 603.2504272460938 607.4827880859375 608.2909545898438 609.512451171875 614.9951782226562 611.4116821289062 613.5310668945312 614.4098510742188 614.036376953125 613.5513916015625 612.8446044921875 612.8987426757812 613.2509765625 612.3536987304688 611.7769775390625 611.1677856445312 610.9441528320312 605.9295654296875 607.8019409179688 608.1329956054688 607.3629760742188 607.6161499023438 607.5838623046875 607.609375 608.8776245117188 611.020751953125
nan nan nan nan nan nan nan nan nan nan nan nan 604.1153564453125 602.762939453125 603.2667846679688 604.7363891601562 605.7288818359375 605.332763671875 604.5140380859375 603.7294921875 602.597412109375 602.4025268554688 603.3692626953125 604.2111206054688 608.3958740234375 609.61376953125 610.3892211914062 611.116943359375 611.7089233398438 611.6488037109375 611.2167358398438 611.0159912109375 611.6556396484375 610.6825561523438 611.0873413085938 609.7551879882812 610.1898803710938 608.802734375 608.42919921875 598.70068359375 598.7484741210938 605.4202270507812 605.11865234375 605.0930786132812 604.9506225585938 605.52880859375 606.0123291015625 607.6085205078125
nan nan nan nan nan nan nan nan nan nan nan nan nan 601.3742065429688 601.3457641601562 601.0880126953125 603.7086181640625 605.0289306640625 604.4849853515625 603.2376098632812 601.4069213867188 600.3744506835938 598.9298095703125 601.3596801757812 605.6626586914062 609.1934204101562 610.19482421875 609.5985107421875 609.7532958984375 610.7508544921875 609.3348388671875 609.6153564453125 609.2894287109375 608.5794677734375 608.6973876953125 608.0430297851562 609.926513671875 606.7987060546875 606.7303466796875 599.4602661132812 598.881103515625 603.3663330078125 603.1162109375 601.990234375 602.0111083984375 603.8427124023438 604.5105590820312 605.4750366210938
nan nan nan nan nan nan nan nan nan nan nan nan nan 599.1005249023438 598.746337890625 598.9432373046875 599.351318359375 604.9964599609375 605.2483520507812 604.3187866210938 600.12109375 599.3409423828125 599.1135864257812 598.891357421875 603.98193359375 608.7822875976562 608.7293701171875 608.1687622070312 608.4932861328125 608.2539672851562 607.0433959960938 606.62646484375 606.8600463867188 606.7677612304688 606.4398193359375 605.708251953125 605.6301879882812 605.0179443359375 604.7880249023438 599.2490234375 599.270263671875 602.0654907226562 601.41162109375 602.1264038085938 601.3120727539062 602.06298828125 602.2536010742188 603.2318725585938
nan nan nan nan nan nan nan nan nan nan nan nan nan nan nan nan 597.1693725585938 601.947509765625 604.66455078125 603.5357666015625 598.8601684570312 598.2113647460938 597.8668212890625 597.7908325195312 598.501708984375 603.5699462890625 607.8125 606.5350341796875 605.9207153320312 605.5343017578125 605.4391479492188 605.4248657226562 605.3084106445312 604.8372192382812 604.4635620117188 604.2630004882812 603.5083618164062 602.70361328125 602.5948486328125 599.9361572265625 596.3225708007812 599.5736083984375 599.0025634765625 598.2797241210938 598.5321655273438 600.82177734375 600.075439453125 601.8416748046875
nan nan nan nan nan nan nan nan nan nan nan nan nan nan nan nan nan nan nan 602.5884399414062 597.9581298828125 597.7244873046875 597.0769653320312 596.1741333007812 595.4049072265625 600.9583740234375 604.8364868164062 604.6106567382812 604.1856689453125 604.2645874023438 604.216796875 604.5919799804688 603.4942016601562 602.4491577148438 601.6716918945312 602.59814453125 601.4847412109375 601.0095825195312 600.38916015625 599.3331909179688 597.489501953125 597.4413452148438 597.3193359375 597.1100463867188 596.8804321289062 596.6226196289062 597.8273315429688 596.5145263671875
nan nan nan nan nan nan nan nan nan nan nan nan nan nan nan nan nan nan nan nan nan nan nan 595.036865234375 596.0208740234375 597.9248657226562 600.1769409179688 603.1205444335938 601.3287353515625 601.5474853515625 601.6661376953125 602.236083984375 600.939697265625 602.1242065429688 600.8131103515625 600.5576171875 599.647216796875 598.8731689453125 598.8507080078125 598.2942504882812 595.0887451171875 595.636474609375 596.0044555664062 595.5252075195312 595.7391357421875 595.5690307617188 594.8154907226562 595.9336547851562
