avaframe/data/avaAlr/Inputs/DEMremeshed/avaAlr_remeshedDEM20.00.asc
ncols 105
nrows 229
xllcenter 255204.58
yllcenter 377308.49
cellsize 20.00
noDataValue nan
[rows 22 to 43 of 229, columns 48 to 95 of 105]
2064.32470703125 2047.968383789062 2033.355346679688 2016.141235351562 2005.251342773438 2005.564453125 2012.517211914062 nan nan nan nan nan nan nan nan nan nan nan nan nan nan nan nan nan nan nan nan nan nan nan nan nan nan nan nan nan nan nan nan nan nan nan nan nan nan nan nan nan
2067.496826171875 2048.90673828125 2032.573974609375 2013.3125 1995.626586914062 1990.013671875 1996.104614257812 nan nan nan nan nan nan nan nan nan nan nan nan nan nan nan nan nan nan nan nan nan nan nan nan nan nan nan nan nan nan nan nan nan nan nan nan nan nan nan nan nan
2060.977294921875 2046.63818359375 2020.559448242188 2008.413208007812 1987.6845703125 1972.255737304688 1981.14599609375 nan nan nan nan nan nan nan nan nan nan nan nan nan nan nan nan nan nan nan nan nan nan nan nan nan nan nan nan nan nan nan nan nan nan nan nan nan nan nan nan nan
2041.035400390625 2027.066284179688 2012.1015625 1984.00732421875 1968.778198242188 1962.99609375 1967.029052734375 1973.032470703125 nan nan nan nan nan nan nan nan nan nan nan nan nan nan nan nan nan nan nan nan nan nan nan nan nan nan nan nan nan nan nan nan nan nan nan nan nan nan nan nan
2034.326782226562 2014.736694335938 1998.610717773438 1983.962158203125 1960.61572265625 1940.972900390625 1948.890869140625 1960.383178710938 nan nan nan nan nan nan nan nan nan nan nan nan nan nan nan nan nan nan nan nan nan nan nan nan nan nan nan nan nan nan nan nan nan nan nan nan nan nan nan nan
2036.260131835938 2025.52685546875 2005.514282226562 1982.52734375 1969.10986328125 1945.826049804688 1922.2578125 1929.542602539062 nan nan nan nan nan nan nan nan nan nan nan nan nan nan nan nan nan nan nan nan nan nan nan nan nan nan nan nan nan nan nan nan nan nan nan nan nan nan nan nan
2036.327880859375 2016.28173828125 1994.08056640625 1977.85888671875 1959.518310546875 1939.07958984375 1914.5986328125 1911.002197265625 1921.397827148438 nan nan nan nan nan nan nan nan nan nan nan nan nan nan nan nan nan nan nan nan nan nan nan nan nan nan nan nan nan nan nan nan nan nan nan nan nan nan nan
2021.708374023438 2010.1123046875 1990.49462890625 1970.65966796875 1951.9853515625 1927.057006835938 1900.78271484375 1894.941162109375 1903.919189453125 nan nan nan nan nan nan nan nan nan nan nan nan nan nan nan nan nan nan nan nan nan nan nan nan nan nan nan nan nan nan nan nan nan nan nan nan nan nan nan
2012.146362304688 1996.31103515625 1987.331420898438 1962.30810546875 1940.539672851562 1904.3408203125 1890.847290039062 1876.724975585938 1882.144287109375 nan nan nan nan nan nan nan nan nan nan nan nan nan nan nan nan nan nan nan nan nan nan nan nan nan nan nan nan nan nan nan nan nan nan nan nan nan nan nan
2003.676879882812 1987.106079101562 1974.502563476562 1960.047241210938 1949.245483398438 1928.838623046875 1888.171875 1860.467163085938 1858.982543945312 1861.658325195312 nan nan nan nan nan nan nan nan nan nan nan nan nan nan nan nan nan nan nan nan nan nan nan nan nan nan nan nan nan nan nan nan nan nan nan nan nan nan
1997.100463867188 1988.970703125 1954.6611328125 1967.77734375 1946.073120117188 1923.00390625 1898.165283203125 1871.732666015625 1843.309936523438 1845.93310546875 nan nan nan nan nan nan nan nan nan nan nan nan nan nan nan nan nan nan nan nan nan nan nan nan nan nan nan nan nan nan nan nan nan nan nan nan nan nan
1981.500610351562 1965.288330078125 1939.515869140625 1949.41357421875 1948.6943359375 1918.260131835938 1881.645385742188 1845.838134765625 1833.139282226562 1827.352172851562 nan nan nan nan nan nan nan nan nan nan nan nan nan nan nan nan nan nan nan nan nan nan nan nan nan nan nan nan nan nan nan nan nan nan nan nan nan nan
1965.580932617188 1966.354370117188 1950.441528320312 1912.962158203125 1913.964233398438 1897.560913085938 1870.258422851562 1847.583740234375 1822.700439453125 1814.88134765625 1810.564086914062 nan nan nan nan nan nan nan nan nan nan nan nan nan nan nan nan nan nan nan nan nan nan nan nan nan nan nan nan nan nan nan nan nan nan nan nan nan
1950.588500976562 1952.42138671875 1935.479125976562 1915.5849609375 1889.247314453125 1895.291748046875 1882.481323242188 1852.119873046875 1827.050537109375 1802.386108398438 1789.709838867188 nan nan nan nan nan nan nan nan nan nan nan nan nan nan nan nan nan nan nan nan nan nan nan nan nan nan nan nan nan nan nan nan nan nan nan nan nan
1936.407470703125 1933.914428710938 1933.064575195312 1909.475708007812 1898.94970703125 1873.099975585938 1869.361328125 1842.204833984375 1825.954345703125 1816.221923828125 1791.306762695312 nan nan nan nan nan nan nan nan nan nan nan nan nan nan nan nan nan nan nan nan nan nan nan nan nan nan nan nan nan nan nan nan nan nan nan nan nan
1926.632690429688 1917.155883789062 1919.679565429688 1916.750244140625 1901.794555664062 1872.425048828125 1850.453857421875 1825.728759765625 1800.485961914062 1787.781860351562 1771.934204101562 1758.63671875 nan nan nan nan nan nan nan nan nan nan nan nan nan nan nan nan nan nan nan nan nan nan nan nan nan nan nan nan nan nan nan nan nan nan nan nan
1912.307250976562 1904.83740234375 1905.615966796875 1903.17919921875 1899.4189453125 1884.126342773438 1870.504638671875 1835.917602539062 1811.289672851562 1796.572387695312 1774.277221679688 1751.878295898438 nan nan nan nan nan nan nan nan nan nan nan nan nan nan nan nan nan nan nan nan nan nan nan nan nan nan nan nan nan nan nan nan nan nan nan nan
1896.334838867188 1889.728515625 1886.280639648438 1887.865356445312 1890.733642578125 1885.61962890625 1880.265869140625 1836.894165039062 1810.525634765625 1785.004272460938 1769.513427734375 1745.295166015625 nan nan nan nan nan nan nan nan nan nan nan nan nan nan nan nan nan nan nan nan nan nan nan nan nan nan nan nan nan nan nan nan nan nan nan nan
1883.070678710938 1879.077514648438 1869.151611328125 1874.1640625 1874.116821289062 1863.048217773438 1861.86572265625 1852.80126953125 1805.406127929688 1771.717529296875 1753.875366210938 1735.839233398438 1715.681762695312 nan nan nan nan nan nan nan nan nan nan nan nan nan nan nan nan nan nan nan nan nan nan nan nan nan nan nan nan nan nan nan nan nan nan nan
1870.37841796875 1864.990600585938 1857.253295898438 1857.300659179688 1855.374877929688 1844.541870117188 1842.544921875 1838.837890625 1817.472534179688 1764.831787109375 1747.697021484375 1734.461547851562 1719.6279296875 nan nan nan nan nan nan nan nan nan nan nan nan nan nan nan nan nan nan nan nan nan nan nan nan nan nan nan nan nan nan nan nan nan nan nan
1865.127075195312 1850.96630859375 1839.812744140625 1841.96337890625 1838.203369140625 1828.359985351562 1820.688842773438 1818.765502929688 1806.173583984375 1770.360473632812 1742.521118164062 1727.257080078125 1713.96435546875 nan nan nan nan nan nan nan nan nan nan nan nan nan nan nan nan nan nan nan nan nan nan nan nan nan nan nan nan nan nan nan nan nan nan nan
1834.89697265625 1831.592529296875 1827.139770507812 1825.475708007812 1822.1279296875 1813.59326171875 1803.218139648438 1800.822631835938 1791.490600585938 1773.403076171875 1734.127685546875 1718.705444335938 1706.536987304688 1693.740478515625 nan nan nan nan nan nan nan nan nan nan nan nan nan nan nan nan nan nan nan nan nan nan nan nan nan nan nan nan nan nan nan nan nan nan
