data/avaPfa/Inputs/avaPfa.asc
ncols        433
nrows        350
xllcorner    167739.500000000000
yllcorner    364076.500000000000
cellsize     1.000000000000
NODATA_value  -9999.000
[rows 168 to 195 of 350, columns 248 to 309 of 433]
1292.720 1292.690 1292.490 1292.060 1291.650 1291.270 1291.020 1290.860 1290.810 1290.770 1290.770 1290.770 1290.770 1290.810 1290.860 1290.910 1290.990 1291.040 1291.090 1291.170 1291.220 1291.230 1291.270 1291.330 1291.360 1291.400 1291.450 1291.490 1291.520 1291.540 1291.590 1291.630 1291.670 1291.680 1291.690 1291.730 1291.730 1291.770 1291.780 1291.820 1291.830 1291.850 1291.870 1291.920 1291.920 1291.920 1291.960 1291.970 1291.970 1292.010 1292.020 1292.060 1292.090 1292.090 1292.130 1292.170 1292.310 1292.440 1292.520 1292.510 1292.580 1292.600
1292.700 1292.580 1292.270 1291.830 1291.410 1291.080 1290.870 1290.800 1290.760 1290.720 1290.730 1290.730 1290.730 1290.770 1290.820 1290.860 1290.910 1290.960 1291.040 1291.100 1291.140 1291.180 1291.220 1291.270 1291.310 1291.360 1291.410 1291.450 1291.470 1291.500 1291.540 1291.580 1291.590 1291.630 1291.640 1291.680 1291.690 1291.690 1291.730 1291.780 1291.780 1291.790 1291.830 1291.840 1291.870 1291.880 1291.890 1291.920 1291.930 1291.940 1291.970 1292.020 1292.060 1292.070 1292.110 1292.170 1292.340 1292.390 1292.440 1292.430 1292.460 1292.510
1292.660 1292.400 1292.030 1291.650 1291.210 1290.920 1290.760 1290.720 1290.680 1290.680 1290.720 1290.680 1290.690 1290.730 1290.770 1290.820 1290.870 1290.910 1291.000 1291.050 1291.090 1291.140 1291.180 1291.200 1291.270 1291.320 1291.360 1291.410 1291.440 1291.460 1291.490 1291.520 1291.540 1291.550 1291.600 1291.630 1291.640 1291.650 1291.690 1291.690 1291.740 1291.740 1291.750 1291.790 1291.800 1291.800 1291.840 1291.850 1291.880 1291.890 1291.930 1291.960 1292.000 1292.020 1292.070 1292.170 1292.330 1292.370 1292.430 1292.380 1292.380 1292.420
1292.560 1292.230 1291.820 1291.410 1291.050 1290.830 1290.720 1290.670 1290.630 1290.640 1290.680 1290.660 1290.680 1290.690 1290.730 1290.780 1290.820 1290.870 1290.960 1291.000 1291.050 1291.090 1291.140 1291.170 1291.230 1291.280 1291.320 1291.370 1291.370 1291.410 1291.420 1291.460 1291.460 1291.510 1291.540 1291.560 1291.590 1291.600 1291.650 1291.650 1291.650 1291.700 1291.700 1291.710 1291.750 1291.750 1291.790 1291.790 1291.810 1291.840 1291.860 1291.900 1291.940 1291.960 1292.030 1292.200 1292.290 1292.300 1292.380 1292.330 1292.340 1292.360
1292.340 1291.970 1291.570 1291.180 1290.890 1290.740 1290.670 1290.630 1290.590 1290.600 1290.630 1290.630 1290.640 1290.640 1290.690 1290.730 1290.780 1290.830 1290.920 1290.960 1291.010 1291.050 1291.130 1291.140 1291.190 1291.230 1291.280 1291.300 1291.350 1291.370 1291.370 1291.420 1291.420 1291.450 1291.470 1291.500 1291.510 1291.520 1291.560 1291.600 1291.610 1291.630 1291.650 1291.660 1291.670 1291.700 1291.720 1291.750 1291.750 1291.770 1291.800 1291.830 1291.870 1291.900 1291.990 1292.190 1292.250 1292.240 1292.320 1292.360 1292.410 1292.390
1292.010 1291.630 1291.270 1290.960 1290.760 1290.660 1290.610 1290.580 1290.550 1290.580 1290.550 1290.570 1290.590 1290.600 1290.650 1290.690 1290.740 1290.820 1290.870 1290.920 1290.960 1291.010 1291.070 1291.100 1291.150 1291.190 1291.230 1291.240 1291.310 1291.330 1291.330 1291.370 1291.370 1291.380 1291.420 1291.430 1291.460 1291.470 1291.480 1291.520 1291.560 1291.570 1291.610 1291.610 1291.610 1291.620 1291.630 1291.680 1291.680 1291.710 1291.760 1291.770 1291.780 1291.830 1291.930 1292.110 1292.180 1292.150 1292.190 1292.250 1292.290 1292.310
1291.690 1291.320 1291.010 1290.770 1290.650 1290.600 1290.540 1290.540 1290.510 1290.500 1290.500 1290.510 1290.530 1290.560 1290.610 1290.650 1290.720 1290.790 1290.830 1290.880 1290.920 1290.970 1291.010 1291.060 1291.100 1291.150 1291.180 1291.200 1291.240 1291.280 1291.290 1291.300 1291.330 1291.340 1291.370 1291.380 1291.380 1291.390 1291.430 1291.470 1291.480 1291.500 1291.530 1291.530 1291.530 1291.540 1291.580 1291.590 1291.630 1291.670 1291.710 1291.700 1291.720 1291.750 1291.860 1292.040 1292.110 1292.070 1292.090 1292.170 1292.200 1292.150
1291.370 1291.030 1290.790 1290.640 1290.570 1290.530 1290.510 1290.510 1290.490 1290.460 1290.460 1290.470 1290.520 1290.550 1290.560 1290.620 1290.700 1290.740 1290.790 1290.830 1290.880 1290.930 1290.970 1291.020 1291.060 1291.110 1291.140 1291.160 1291.200 1291.220 1291.240 1291.240 1291.260 1291.290 1291.310 1291.330 1291.340 1291.340 1291.370 1291.390 1291.410 1291.440 1291.440 1291.440 1291.450 1291.460 1291.500 1291.540 1291.570 1291.600 1291.630 1291.640 1291.670 1291.690 1291.820 1292.010 1292.070 1292.030 1292.040 1292.100 1292.090 1292.040
1291.080 1290.800 1290.650 1290.570 1290.530 1290.510 1290.510 1290.490 1290.460 1290.420 1290.420 1290.430 1290.460 1290.480 1290.530 1290.610 1290.660 1290.700 1290.750 1290.790 1290.840 1290.880 1290.930 1290.970 1291.020 1291.070 1291.100 1291.110 1291.150 1291.160 1291.200 1291.200 1291.220 1291.240 1291.250 1291.260 1291.290 1291.300 1291.340 1291.340 1291.350 1291.370 1291.390 1291.390 1291.400 1291.410 1291.450 1291.490 1291.500 1291.540 1291.550 1291.590 1291.630 1291.660 1291.830 1292.010 1292.020 1292.000 1291.990 1291.990 1292.000 1292.000
1290.860 1290.660 1290.570 1290.520 1290.490 1290.500 1290.490 1290.460 1290.450 1290.400 1290.380 1290.400 1290.420 1290.450 1290.520 1290.570 1290.610 1290.650 1290.680 1290.750 1290.800 1290.840 1290.890 1290.930 1290.980 1291.020 1291.060 1291.070 1291.110 1291.120 1291.150 1291.170 1291.200 1291.200 1291.200 1291.200 1291.220 1291.250 1291.250 1291.250 1291.270 1291.300 1291.320 1291.350 1291.350 1291.360 1291.400 1291.420 1291.450 1291.470 1291.500 1291.540 1291.570 1291.640 1291.820 1291.980 1291.990 1291.980 1291.950 1291.960 1291.990 1291.970
1290.680 1290.570 1290.500 1290.470 1290.450 1290.450 1290.450 1290.430 1290.400 1290.360 1290.350 1290.370 1290.390 1290.430 1290.480 1290.530 1290.570 1290.600 1290.630 1290.710 1290.750 1290.800 1290.850 1290.890 1290.940 1290.970 1291.000 1291.030 1291.060 1291.070 1291.100 1291.120 1291.150 1291.160 1291.160 1291.160 1291.180 1291.210 1291.210 1291.210 1291.230 1291.260 1291.270 1291.310 1291.310 1291.320 1291.360 1291.390 1291.410 1291.440 1291.460 1291.490 1291.520 1291.630 1291.800 1291.940 1291.940 1291.940 1291.920 1291.940 1291.960 1291.960
1290.550 1290.500 1290.450 1290.420 1290.420 1290.420 1290.390 1290.360 1290.350 1290.330 1290.330 1290.330 1290.350 1290.390 1290.440 1290.480 1290.530 1290.570 1290.620 1290.650 1290.680 1290.750 1290.800 1290.850 1290.890 1290.910 1290.940 1290.990 1291.020 1291.020 1291.030 1291.060 1291.080 1291.110 1291.120 1291.120 1291.130 1291.160 1291.160 1291.170 1291.180 1291.210 1291.230 1291.260 1291.260 1291.280 1291.310 1291.340 1291.360 1291.380 1291.420 1291.450 1291.480 1291.610 1291.790 1291.900 1291.910 1291.900 1291.930 1291.970 1291.970 1291.940
1290.470 1290.450 1290.430 1290.400 1290.410 1290.390 1290.340 1290.310 1290.280 1290.280 1290.290 1290.300 1290.330 1290.350 1290.400 1290.440 1290.490 1290.530 1290.580 1290.620 1290.650 1290.690 1290.760 1290.810 1290.840 1290.850 1290.900 1290.940 1290.970 1290.970 1290.980 1291.000 1291.020 1291.040 1291.070 1291.070 1291.070 1291.080 1291.090 1291.120 1291.130 1291.160 1291.170 1291.180 1291.200 1291.220 1291.250 1291.280 1291.330 1291.350 1291.370 1291.400 1291.440 1291.590 1291.790 1291.880 1291.890 1291.880 1291.920 1291.950 1291.940 1291.900
1290.430 1290.410 1290.390 1290.370 1290.360 1290.320 1290.270 1290.260 1290.240 1290.240 1290.240 1290.260 1290.310 1290.330 1290.350 1290.400 1290.450 1290.490 1290.540 1290.580 1290.620 1290.660 1290.720 1290.760 1290.790 1290.810 1290.860 1290.890 1290.920 1290.930 1290.940 1290.960 1290.980 1290.980 1291.000 1291.020 1291.030 1291.030 1291.030 1291.040 1291.060 1291.080 1291.110 1291.150 1291.170 1291.180 1291.200 1291.230 1291.270 1291.320 1291.320 1291.330 1291.400 1291.590 1291.800 1291.850 1291.850 1291.860 1291.870 1291.920 1291.920 1291.900
1290.420 1290.400 1290.370 1290.350 1290.310 1290.260 1290.210 1290.190 1290.190 1290.200 1290.200 1290.220 1290.270 1290.290 1290.310 1290.360 1290.400 1290.450 1290.490 1290.540 1290.580 1290.630 1290.680 1290.720 1290.760 1290.780 1290.810 1290.840 1290.850 1290.880 1290.900 1290.930 1290.940 1290.940 1290.940 1290.960 1290.990 1290.990 1290.990 1290.990 1291.010 1291.040 1291.060 1291.090 1291.110 1291.130 1291.160 1291.180 1291.210 1291.240 1291.250 1291.270 1291.360 1291.600 1291.790 1291.830 1291.830 1291.830 1291.850 1291.870 1291.860 1291.860
1290.410 1290.380 1290.350 1290.330 1290.280 1290.220 1290.170 1290.150 1290.150 1290.150 1290.150 1290.180 1290.220 1290.250 1290.270 1290.320 1290.360 1290.410 1290.450 1290.500 1290.540 1290.590 1290.630 1290.680 1290.710 1290.740 1290.770 1290.800 1290.810 1290.830 1290.860 1290.890 1290.890 1290.890 1290.900 1290.920 1290.940 1290.940 1290.950 1290.950 1290.970 1291.000 1291.000 1291.020 1291.050 1291.060 1291.080 1291.120 1291.150 1291.170 1291.190 1291.210 1291.330 1291.580 1291.770 1291.820 1291.830 1291.830 1291.850 1291.850 1291.830 1291.840
1290.380 1290.360 1290.330 1290.290 1290.250 1290.190 1290.140 1290.110 1290.110 1290.110 1290.110 1290.130 1290.150 1290.180 1290.230 1290.270 1290.320 1290.360 1290.410 1290.460 1290.500 1290.550 1290.590 1290.630 1290.650 1290.680 1290.730 1290.760 1290.780 1290.800 1290.810 1290.830 1290.850 1290.850 1290.860 1290.880 1290.900 1290.900 1290.900 1290.900 1290.930 1290.950 1290.970 1291.000 1291.000 1291.020 1291.040 1291.070 1291.100 1291.120 1291.140 1291.180 1291.330 1291.590 1291.760 1291.800 1291.830 1291.840 1291.860 1291.840 1291.820 1291.820
1290.350 1290.330 1290.290 1290.250 1290.210 1290.150 1290.110 1290.080 1290.060 1290.060 1290.080 1290.100 1290.110 1290.140 1290.190 1290.230 1290.280 1290.320 1290.370 1290.410 1290.460 1290.500 1290.550 1290.580 1290.600 1290.640 1290.690 1290.710 1290.730 1290.750 1290.760 1290.780 1290.800 1290.820 1290.840 1290.850 1290.860 1290.850 1290.830 1290.840 1290.890 1290.910 1290.910 1290.930 1290.950 1290.980 1291.020 1291.050 1291.070 1291.090 1291.100 1291.160 1291.370 1291.630 1291.750 1291.790 1291.810 1291.810 1291.820 1291.830 1291.810 1291.810
1290.320 1290.290 1290.240 1290.200 1290.160 1290.120 1290.080 1290.040 1290.030 1290.030 1290.050 1290.070 1290.100 1290.120 1290.140 1290.190 1290.230 1290.280 1290.330 1290.370 1290.420 1290.440 1290.480 1290.520 1290.540 1290.580 1290.620 1290.660 1290.670 1290.680 1290.710 1290.730 1290.760 1290.760 1290.790 1290.810 1290.810 1290.810 1290.820 1290.820 1290.850 1290.860 1290.890 1290.910 1290.910 1290.940 1290.970 1291.000 1291.020 1291.040 1291.050 1291.130 1291.400 1291.670 1291.750 1291.750 1291.770 1291.780 1291.800 1291.810 1291.800 1291.800
1290.280 1290.240 1290.200 1290.160 1290.110 1290.070 1290.030 1290.020 1290.020 1290.020 1290.020 1290.050 1290.070 1290.100 1290.120 1290.150 1290.190 1290.240 1290.280 1290.330 1290.370 1290.410 1290.430 1290.470 1290.500 1290.520 1290.560 1290.590 1290.620 1290.620 1290.650 1290.670 1290.690 1290.710 1290.720 1290.750 1290.760 1290.770 1290.770 1290.770 1290.800 1290.820 1290.820 1290.830 1290.860 1290.880 1290.900 1290.930 1290.950 1290.980 1291.000 1291.110 1291.400 1291.680 1291.740 1291.730 1291.740 1291.760 1291.780 1291.790 1291.810 1291.830
1290.240 1290.200 1290.150 1290.110 1290.070 1290.030 1289.990 1289.980 1289.980 1289.980 1289.980 1290.010 1290.060 1290.070 1290.100 1290.150 1290.160 1290.200 1290.240 1290.290 1290.330 1290.380 1290.390 1290.420 1290.470 1290.490 1290.520 1290.530 1290.550 1290.580 1290.590 1290.610 1290.630 1290.630 1290.660 1290.680 1290.680 1290.710 1290.720 1290.730 1290.750 1290.770 1290.780 1290.810 1290.820 1290.850 1290.870 1290.870 1290.910 1290.920 1290.940 1291.100 1291.420 1291.660 1291.720 1291.730 1291.740 1291.740 1291.760 1291.790 1291.810 1291.820
1290.190 1290.150 1290.110 1290.070 1290.040 1290.000 1289.980 1289.950 1289.930 1289.930 1289.950 1289.980 1290.010 1290.060 1290.070 1290.110 1290.150 1290.160 1290.200 1290.240 1290.290 1290.340 1290.370 1290.390 1290.430 1290.440 1290.480 1290.490 1290.490 1290.520 1290.540 1290.550 1290.580 1290.590 1290.600 1290.620 1290.640 1290.640 1290.640 1290.670 1290.690 1290.690 1290.720 1290.740 1290.770 1290.790 1290.820 1290.830 1290.840 1290.870 1290.890 1291.070 1291.430 1291.640 1291.710 1291.720 1291.720 1291.730 1291.750 1291.750 1291.780 1291.820
1290.150 1290.100 1290.060 1290.020 1290.010 1289.980 1289.940 1289.930 1289.910 1289.900 1289.930 1289.940 1289.970 1290.020 1290.030 1290.060 1290.110 1290.120 1290.160 1290.200 1290.250 1290.290 1290.340 1290.350 1290.390 1290.420 1290.460 1290.470 1290.470 1290.490 1290.520 1290.540 1290.540 1290.550 1290.580 1290.590 1290.600 1290.630 1290.610 1290.600 1290.630 1290.640 1290.650 1290.680 1290.700 1290.730 1290.750 1290.780 1290.790 1290.820 1290.860 1291.100 1291.450 1291.620 1291.670 1291.680 1291.680 1291.710 1291.750 1291.760 1291.800 1291.850
1290.110 1290.060 1290.020 1289.980 1289.960 1289.930 1289.890 1289.890 1289.890 1289.890 1289.890 1289.890 1289.930 1289.980 1289.990 1290.020 1290.070 1290.080 1290.110 1290.160 1290.210 1290.250 1290.270 1290.300 1290.340 1290.390 1290.440 1290.450 1290.450 1290.450 1290.490 1290.500 1290.500 1290.530 1290.550 1290.550 1290.580 1290.590 1290.600 1290.600 1290.600 1290.600 1290.600 1290.640 1290.680 1290.690 1290.700 1290.730 1290.740 1290.780 1290.850 1291.120 1291.470 1291.610 1291.630 1291.630 1291.650 1291.670 1291.690 1291.700 1291.760 1291.810
1290.060 1290.010 1289.970 1289.930 1289.900 1289.880 1289.850 1289.840 1289.840 1289.850 1289.850 1289.850 1289.890 1289.930 1289.940 1289.980 1290.030 1290.030 1290.070 1290.120 1290.160 1290.180 1290.210 1290.260 1290.300 1290.350 1290.370 1290.400 1290.400 1290.410 1290.440 1290.450 1290.460 1290.490 1290.500 1290.500 1290.540 1290.550 1290.550 1290.520 1290.550 1290.560 1290.560 1290.600 1290.610 1290.650 1290.650 1290.670 1290.700 1290.740 1290.830 1291.110 1291.420 1291.550 1291.550 1291.550 1291.600 1291.620 1291.650 1291.710 1291.750 1291.780
1290.020 1289.970 1289.930 1289.890 1289.880 1289.850 1289.810 1289.800 1289.800 1289.800 1289.800 1289.810 1289.850 1289.890 1289.940 1289.940 1289.980 1290.020 1290.030 1290.080 1290.110 1290.130 1290.170 1290.210 1290.260 1290.310 1290.310 1290.330 1290.340 1290.360 1290.390 1290.410 1290.440 1290.450 1290.460 1290.460 1290.460 1290.460 1290.500 1290.510 1290.510 1290.510 1290.520 1290.560 1290.590 1290.610 1290.610 1290.610 1290.630 1290.670 1290.810 1291.060 1291.290 1291.440 1291.460 1291.460 1291.480 1291.530 1291.550 1291.610 1291.780 1291.820
1289.970 1289.920 1289.900 1289.870 1289.840 1289.810 1289.800 1289.770 1289.760 1289.760 1289.760 1289.780 1289.800 1289.850 1289.890 1289.920 1289.940 1289.970 1289.990 1290.020 1290.040 1290.080 1290.130 1290.160 1290.190 1290.240 1290.270 1290.270 1290.270 1290.310 1290.330 1290.360 1290.370 1290.400 1290.410 1290.420 1290.420 1290.420 1290.420 1290.460 1290.470 1290.470 1290.510 1290.520 1290.530 1290.530 1290.560 1290.570 1290.570 1290.610 1290.790 1290.970 1291.130 1291.290 1291.370 1291.390 1291.400 1291.440 1291.490 1291.510 1291.690 1291.760
1289.920 1289.880 1289.860 1289.840 1289.790 1289.750 1289.750 1289.710 1289.710 1289.710 1289.710 1289.720 1289.760 1289.810 1289.850 1289.900 1289.900 1289.940 1289.950 1289.990 1290.000 1290.040 1290.080 1290.100 1290.130 1290.180 1290.200 1290.230 1290.230 1290.240 1290.270 1290.290 1290.310 1290.340 1290.360 1290.370 1290.370 1290.370 1290.380 1290.400 1290.420 1290.430 1290.430 1290.430 1290.470 1290.480 1290.520 1290.520 1290.550 1290.600 1290.770 1290.920 1291.050 1291.160 1291.260 1291.300 1291.310 1291.360 1291.400 1291.460 1291.570 1291.630
