data/avaPfa/Inputs/avaPfa.asc
ncols        433
nrows        350
xllcorner    167739.500000000000
yllcorner    364076.500000000000
cellsize     1.000000000000
NODATA_value  -9999.000
[rows 56 to 83 of 350, columns 186 to 247 of 433]
1329.170 1328.790 1328.460 1328.140 1327.800 1327.480 1327.180 1326.750 1326.170 1325.650 1325.260 1324.840 1324.360 1323.900 1323.420 1322.910 1322.420 1321.940 1321.470 1320.970 1320.470 1319.960 1319.550 1319.250 1319.070 1318.940 1318.800 1318.640 1318.400 1318.070 1317.630 1317.110 1316.610 1316.120 1315.630 1315.060 1314.360 1313.710 1313.220 1313.010 1312.960 1312.990 1312.990 1312.850 1312.550 1312.100 1311.740 1311.520 1311.240 1311.000 1310.820 1310.530 1310.320 1310.090 1309.790 1309.510 1309.280 1309.040 1308.720 1308.350 1307.970 1307.630
1328.830 1328.490 1328.150 1327.840 1327.490 1327.140 1326.820 1326.430 1325.920 1325.400 1324.960 1324.500 1324.020 1323.580 1323.100 1322.570 1322.080 1321.570 1320.990 1320.430 1319.960 1319.640 1319.430 1319.290 1319.150 1319.010 1318.770 1318.370 1317.900 1317.360 1316.800 1316.290 1315.890 1315.460 1314.850 1314.060 1313.380 1313.020 1312.840 1312.820 1312.880 1312.920 1312.800 1312.480 1312.090 1311.670 1311.270 1310.990 1310.700 1310.320 1310.060 1309.820 1309.570 1309.310 1309.080 1308.880 1308.630 1308.330 1307.980 1307.680 1307.380 1307.100
1328.600 1328.260 1327.860 1327.530 1327.220 1326.860 1326.490 1326.150 1325.730 1325.230 1324.720 1324.180 1323.710 1323.290 1322.770 1322.220 1321.710 1321.110 1320.530 1320.060 1319.770 1319.600 1319.490 1319.360 1319.160 1318.790 1318.280 1317.710 1317.160 1316.620 1316.090 1315.640 1315.190 1314.590 1313.890 1313.180 1312.770 1312.680 1312.690 1312.730 1312.810 1312.790 1312.530 1312.160 1311.730 1311.280 1310.830 1310.480 1310.160 1309.800 1309.520 1309.240 1309.020 1308.780 1308.570 1308.340 1308.070 1307.730 1307.410 1307.100 1306.790 1306.480
1328.270 1327.970 1327.600 1327.200 1326.820 1326.500 1326.180 1325.860 1325.440 1324.940 1324.410 1323.830 1323.360 1322.920 1322.370 1321.820 1321.260 1320.640 1320.190 1319.960 1319.850 1319.730 1319.550 1319.270 1318.820 1318.220 1317.620 1317.030 1316.530 1316.060 1315.590 1315.100 1314.440 1313.580 1312.970 1312.620 1312.520 1312.550 1312.620 1312.680 1312.720 1312.560 1312.210 1311.810 1311.350 1310.920 1310.440 1309.980 1309.590 1309.310 1309.130 1308.910 1308.600 1308.330 1308.030 1307.740 1307.510 1307.260 1306.930 1306.610 1306.240 1305.900
1327.960 1327.650 1327.320 1326.880 1326.480 1326.170 1325.850 1325.490 1325.070 1324.570 1324.000 1323.410 1322.890 1322.390 1321.840 1321.290 1320.790 1320.390 1320.180 1320.040 1319.930 1319.800 1319.480 1318.880 1318.260 1317.730 1317.150 1316.590 1316.100 1315.580 1314.980 1314.280 1313.570 1312.870 1312.490 1312.410 1312.440 1312.490 1312.570 1312.670 1312.580 1312.180 1311.770 1311.400 1311.010 1310.670 1310.200 1309.550 1309.080 1308.850 1308.690 1308.430 1308.140 1307.820 1307.550 1307.240 1306.960 1306.710 1306.370 1305.990 1305.680 1305.340
1327.640 1327.300 1327.000 1326.620 1326.200 1325.830 1325.400 1324.990 1324.600 1324.140 1323.580 1322.990 1322.410 1321.840 1321.300 1320.850 1320.570 1320.400 1320.290 1320.160 1319.990 1319.640 1319.050 1318.410 1317.870 1317.320 1316.730 1316.200 1315.690 1315.060 1314.240 1313.380 1312.780 1312.440 1312.330 1312.360 1312.400 1312.470 1312.550 1312.660 1312.310 1311.550 1311.170 1310.980 1310.720 1310.440 1310.010 1309.350 1308.780 1308.500 1308.300 1308.020 1307.700 1307.370 1307.100 1306.820 1306.490 1306.200 1305.870 1305.490 1305.150 1304.820
1327.240 1326.900 1326.630 1326.300 1325.920 1325.530 1325.050 1324.580 1324.160 1323.640 1323.070 1322.500 1321.910 1321.350 1320.980 1320.750 1320.600 1320.500 1320.360 1320.200 1319.970 1319.460 1318.670 1318.030 1317.510 1316.950 1316.320 1315.690 1315.130 1314.440 1313.540 1312.730 1312.310 1312.250 1312.250 1312.310 1312.340 1312.380 1312.450 1312.490 1311.920 1311.000 1310.720 1310.650 1310.470 1310.220 1309.960 1309.350 1308.470 1308.110 1307.860 1307.500 1307.230 1306.910 1306.620 1306.360 1306.040 1305.690 1305.360 1304.990 1304.640 1304.340
1326.700 1326.440 1326.230 1325.970 1325.640 1325.130 1324.650 1324.180 1323.680 1323.090 1322.480 1321.920 1321.450 1321.130 1320.960 1320.820 1320.680 1320.590 1320.390 1320.060 1319.560 1318.960 1318.310 1317.750 1317.220 1316.590 1315.800 1315.100 1314.430 1313.720 1312.910 1312.310 1312.160 1312.180 1312.190 1312.200 1312.130 1312.050 1312.000 1311.870 1311.350 1310.740 1310.470 1310.330 1310.170 1309.950 1309.610 1308.940 1308.110 1307.720 1307.450 1307.130 1306.870 1306.540 1306.210 1305.920 1305.620 1305.250 1304.900 1304.540 1304.210 1303.900
1326.380 1326.070 1325.860 1325.650 1325.250 1324.680 1324.200 1323.770 1323.190 1322.550 1321.960 1321.540 1321.290 1321.170 1321.040 1320.900 1320.770 1320.650 1320.340 1319.770 1319.150 1318.500 1317.970 1317.520 1316.940 1316.140 1315.280 1314.510 1313.750 1313.000 1312.360 1312.090 1312.070 1312.140 1312.060 1311.850 1311.610 1311.500 1311.310 1311.040 1310.790 1310.490 1310.160 1309.860 1309.760 1309.630 1309.020 1308.180 1307.650 1307.360 1306.980 1306.670 1306.380 1306.090 1305.800 1305.470 1305.150 1304.780 1304.440 1304.120 1303.770 1303.470
1326.050 1325.750 1325.470 1325.220 1324.840 1324.280 1323.810 1323.330 1322.680 1322.080 1321.700 1321.480 1321.370 1321.230 1321.120 1320.970 1320.800 1320.560 1320.180 1319.520 1318.850 1318.190 1317.630 1317.120 1316.440 1315.580 1314.720 1313.870 1313.110 1312.410 1312.020 1311.980 1312.010 1312.100 1311.920 1311.370 1310.980 1310.950 1310.840 1310.650 1310.530 1310.240 1309.850 1309.420 1309.220 1309.080 1308.330 1307.680 1307.540 1307.250 1306.680 1306.310 1305.980 1305.680 1305.360 1305.060 1304.720 1304.350 1304.010 1303.690 1303.340 1303.020
1325.860 1325.560 1325.140 1324.700 1324.290 1323.880 1323.380 1322.750 1322.190 1321.880 1321.700 1321.560 1321.450 1321.310 1321.180 1320.950 1320.660 1320.220 1319.650 1318.870 1318.210 1317.710 1317.180 1316.710 1316.040 1315.020 1314.040 1313.150 1312.420 1311.970 1311.850 1311.890 1311.930 1311.930 1311.640 1311.030 1310.700 1310.680 1310.660 1310.540 1310.290 1309.950 1309.540 1309.130 1308.720 1308.310 1307.810 1307.620 1307.570 1307.410 1306.810 1306.050 1305.570 1305.240 1304.940 1304.610 1304.210 1303.870 1303.600 1303.300 1302.960 1302.620
1325.540 1325.200 1324.850 1324.300 1323.850 1323.430 1322.850 1322.340 1322.040 1321.910 1321.780 1321.640 1321.510 1321.380 1321.170 1320.810 1320.280 1319.710 1318.980 1318.110 1317.330 1316.700 1316.200 1315.830 1315.200 1314.230 1313.260 1312.460 1311.910 1311.720 1311.750 1311.830 1311.740 1311.430 1311.100 1310.800 1310.630 1310.540 1310.450 1310.250 1309.970 1309.650 1309.280 1308.900 1308.440 1307.980 1307.690 1307.600 1307.570 1307.600 1307.280 1306.270 1305.290 1304.870 1304.500 1304.160 1303.810 1303.480 1303.190 1302.870 1302.570 1302.200
1325.220 1324.880 1324.520 1323.960 1323.390 1322.910 1322.460 1322.250 1322.090 1321.970 1321.860 1321.720 1321.540 1321.340 1321.020 1320.480 1319.820 1319.210 1318.460 1317.580 1316.730 1315.880 1315.290 1314.770 1314.100 1313.290 1312.460 1311.890 1311.630 1311.620 1311.670 1311.770 1311.490 1310.990 1310.750 1310.630 1310.460 1310.310 1310.160 1309.930 1309.690 1309.390 1309.080 1308.740 1308.320 1307.920 1307.670 1307.580 1307.570 1307.560 1307.340 1306.430 1305.150 1304.420 1304.040 1303.710 1303.410 1303.080 1302.760 1302.450 1302.130 1301.780
1324.920 1324.660 1324.140 1323.460 1322.990 1322.630 1322.410 1322.310 1322.170 1322.040 1321.910 1321.720 1321.470 1321.140 1320.640 1319.980 1319.360 1318.740 1317.950 1317.150 1316.350 1315.520 1314.900 1314.420 1313.510 1312.440 1311.770 1311.540 1311.530 1311.540 1311.630 1311.740 1311.340 1310.820 1310.610 1310.430 1310.200 1310.040 1309.870 1309.660 1309.440 1309.190 1308.950 1308.640 1308.280 1307.980 1307.740 1307.610 1307.570 1307.540 1307.270 1306.320 1304.980 1304.130 1303.740 1303.370 1303.070 1302.740 1302.400 1302.080 1301.760 1301.420
1324.600 1324.120 1323.520 1323.060 1322.790 1322.620 1322.480 1322.360 1322.250 1322.110 1321.910 1321.630 1321.230 1320.730 1320.100 1319.460 1318.890 1318.300 1317.510 1316.730 1315.980 1315.240 1314.670 1314.080 1312.890 1311.800 1311.430 1311.400 1311.440 1311.460 1311.580 1311.580 1311.170 1310.650 1310.380 1310.150 1309.930 1309.740 1309.570 1309.370 1309.160 1308.980 1308.800 1308.520 1308.240 1307.970 1307.760 1307.630 1307.530 1307.340 1306.390 1304.830 1304.170 1304.040 1303.520 1303.020 1302.720 1302.410 1302.050 1301.740 1301.420 1301.100
1324.260 1323.710 1323.200 1322.940 1322.800 1322.700 1322.560 1322.420 1322.270 1322.060 1321.780 1321.410 1320.930 1320.320 1319.670 1319.030 1318.460 1317.930 1317.230 1316.430 1315.670 1314.980 1314.460 1313.790 1312.370 1311.440 1311.300 1311.310 1311.360 1311.400 1311.410 1311.150 1310.740 1310.340 1310.090 1309.860 1309.640 1309.460 1309.300 1309.090 1308.890 1308.720 1308.550 1308.350 1308.110 1307.890 1307.680 1307.480 1307.190 1306.450 1305.210 1304.380 1304.230 1304.080 1303.450 1302.780 1302.360 1302.060 1301.720 1301.420 1301.120 1300.810
1323.980 1323.380 1323.080 1322.980 1322.870 1322.750 1322.600 1322.420 1322.180 1321.880 1321.480 1321.100 1320.580 1319.940 1319.330 1318.710 1318.110 1317.550 1316.880 1316.160 1315.410 1314.720 1314.100 1312.990 1311.730 1311.210 1311.210 1311.230 1311.270 1311.270 1310.980 1310.330 1309.950 1309.870 1309.750 1309.560 1309.360 1309.260 1309.160 1308.940 1308.700 1308.530 1308.340 1308.160 1307.960 1307.750 1307.470 1307.000 1306.300 1305.380 1304.590 1304.310 1304.240 1304.160 1303.690 1302.810 1302.090 1301.740 1301.440 1301.150 1300.810 1300.510
1323.610 1323.280 1323.150 1323.060 1322.950 1322.790 1322.510 1322.150 1321.850 1321.460 1320.980 1320.580 1320.080 1319.500 1318.910 1318.320 1317.730 1317.140 1316.500 1315.830 1315.090 1314.430 1313.670 1312.190 1311.270 1311.120 1311.130 1311.160 1311.190 1311.050 1310.560 1309.800 1309.460 1309.570 1309.530 1309.330 1309.160 1309.120 1309.060 1308.810 1308.540 1308.350 1308.140 1307.960 1307.810 1307.590 1307.010 1306.150 1305.290 1304.720 1304.420 1304.300 1304.230 1304.170 1303.950 1303.270 1302.280 1301.570 1301.200 1300.920 1300.570 1300.210
1323.450 1323.320 1323.240 1323.150 1322.950 1322.610 1322.070 1321.540 1321.250 1320.900 1320.440 1319.940 1319.450 1318.970 1318.470 1317.980 1317.370 1316.690 1315.970 1315.330 1314.720 1314.140 1313.190 1311.670 1311.070 1311.080 1311.080 1311.080 1311.030 1310.810 1310.460 1309.950 1309.630 1309.660 1309.570 1309.260 1309.020 1308.940 1308.810 1308.580 1308.350 1308.140 1307.940 1307.770 1307.630 1307.270 1306.260 1305.190 1304.600 1304.420 1304.350 1304.310 1304.250 1304.170 1304.090 1303.840 1302.920 1301.630 1300.940 1300.660 1300.310 1299.940
1323.500 1323.420 1323.340 1323.130 1322.720 1322.180 1321.520 1320.940 1320.620 1320.270 1319.820 1319.310 1318.870 1318.450 1318.030 1317.580 1316.910 1316.160 1315.510 1314.890 1314.360 1313.810 1312.750 1311.410 1310.970 1311.030 1311.040 1311.020 1310.890 1310.720 1310.570 1310.260 1309.990 1309.830 1309.640 1309.290 1308.950 1308.710 1308.510 1308.340 1308.170 1307.970 1307.780 1307.570 1307.230 1306.570 1305.410 1304.510 1304.290 1304.320 1304.310 1304.270 1304.220 1304.160 1304.100 1303.820 1302.660 1301.190 1300.560 1300.330 1299.980 1299.630
1323.620 1323.520 1323.340 1322.950 1322.340 1321.680 1320.990 1320.440 1320.090 1319.740 1319.310 1318.840 1318.440 1318.000 1317.480 1316.890 1316.200 1315.570 1315.060 1314.480 1314.040 1313.340 1311.990 1311.100 1310.930 1310.990 1311.010 1310.990 1310.840 1310.710 1310.650 1310.530 1310.290 1309.980 1309.660 1309.320 1308.940 1308.590 1308.330 1308.150 1308.000 1307.810 1307.600 1307.260 1306.490 1305.430 1304.600 1304.310 1304.270 1304.240 1304.240 1304.240 1304.220 1304.150 1303.810 1302.810 1301.440 1300.560 1300.200 1299.950 1299.660 1299.340
1323.710 1323.510 1323.110 1322.540 1321.880 1321.220 1320.570 1320.090 1319.740 1319.380 1318.980 1318.550 1318.120 1317.640 1316.990 1316.240 1315.570 1315.060 1314.580 1314.090 1313.680 1312.770 1311.430 1310.920 1310.900 1310.920 1310.960 1310.930 1310.610 1310.260 1310.400 1310.620 1310.500 1310.140 1309.730 1309.360 1308.970 1308.550 1308.230 1308.000 1307.820 1307.590 1307.190 1306.530 1305.460 1304.500 1304.280 1304.300 1304.280 1304.260 1304.220 1304.170 1304.130 1303.740 1302.590 1301.300 1300.570 1300.190 1299.880 1299.600 1299.350 1299.050
1323.800 1323.380 1322.720 1322.030 1321.460 1320.930 1320.300 1319.740 1319.250 1318.850 1318.530 1318.140 1317.650 1317.210 1316.660 1315.970 1315.310 1314.710 1314.130 1313.710 1313.360 1312.420 1311.240 1310.860 1310.860 1310.860 1310.880 1310.920 1310.620 1310.230 1310.400 1310.640 1310.600 1310.370 1309.990 1309.510 1309.010 1308.510 1308.110 1307.840 1307.650 1307.320 1306.530 1305.450 1304.620 1304.340 1304.300 1304.280 1304.280 1304.260 1304.210 1304.130 1303.680 1302.460 1301.130 1300.460 1300.100 1299.800 1299.520 1299.260 1298.990 1298.680
1323.660 1323.020 1322.200 1321.400 1320.840 1320.440 1319.960 1319.370 1318.800 1318.300 1317.870 1317.470 1317.040 1316.630 1316.220 1315.770 1315.220 1314.500 1313.840 1313.350 1312.750 1311.830 1311.050 1310.830 1310.810 1310.810 1310.850 1310.930 1310.890 1310.710 1310.630 1310.640 1310.630 1310.590 1310.310 1309.700 1309.060 1308.410 1307.920 1307.640 1307.390 1306.900 1305.880 1304.860 1304.410 1304.300 1304.280 1304.280 1304.250 1304.220 1304.100 1303.610 1302.280 1300.940 1300.370 1300.060 1299.760 1299.470 1299.180 1298.910 1298.620 1298.320
1323.390 1322.580 1321.780 1321.080 1320.560 1320.100 1319.580 1319.000 1318.430 1317.870 1317.330 1316.910 1316.590 1316.190 1315.790 1315.420 1314.930 1314.240 1313.540 1312.820 1311.950 1311.210 1310.870 1310.790 1310.770 1310.770 1310.820 1310.860 1310.860 1310.790 1310.680 1310.640 1310.640 1310.660 1310.490 1309.960 1309.100 1308.230 1307.750 1307.470 1307.070 1306.390 1305.350 1304.550 1304.330 1304.300 1304.280 1304.270 1304.180 1303.980 1303.290 1301.910 1300.830 1300.320 1299.990 1299.680 1299.390 1299.100 1298.810 1298.530 1298.260 1297.980
1323.100 1322.240 1321.540 1320.930 1320.420 1319.860 1319.280 1318.670 1318.020 1317.430 1316.970 1316.630 1316.270 1315.810 1315.390 1315.010 1314.540 1313.870 1313.120 1312.310 1311.480 1310.970 1310.830 1310.790 1310.770 1310.750 1310.740 1310.720 1310.700 1310.680 1310.650 1310.640 1310.640 1310.660 1310.630 1310.090 1308.910 1307.960 1307.640 1307.400 1306.960 1306.150 1305.060 1304.390 1304.260 1304.270 1304.250 1304.210 1303.880 1302.960 1301.650 1300.710 1300.330 1300.050 1299.700 1299.350 1299.060 1298.760 1298.450 1298.170 1297.900 1297.640
1322.900 1322.130 1321.480 1320.870 1320.280 1319.690 1319.100 1318.370 1317.640 1317.080 1316.710 1316.390 1315.950 1315.420 1314.990 1314.590 1314.130 1313.430 1312.660 1311.850 1311.180 1310.870 1310.790 1310.770 1310.740 1310.700 1310.660 1310.620 1310.600 1310.630 1310.640 1310.640 1310.660 1310.550 1310.240 1309.380 1308.320 1307.710 1307.530 1307.320 1306.980 1306.370 1305.400 1304.590 1304.290 1304.230 1304.190 1303.900 1303.030 1301.690 1300.760 1300.310 1299.990 1299.670 1299.330 1298.970 1298.650 1298.360 1298.080 1297.780 1297.540 1297.300
1322.490 1321.830 1321.260 1320.720 1320.120 1319.610 1318.900 1318.060 1317.380 1316.850 1316.460 1316.060 1315.570 1315.090 1314.680 1314.270 1313.780 1312.960 1312.110 1311.400 1310.950 1310.800 1310.770 1310.770 1310.740 1310.700 1310.650 1310.610 1310.590 1310.620 1310.640 1310.680 1310.360 1309.760 1309.000 1308.210 1307.700 1307.470 1307.320 1307.120 1306.920 1306.680 1306.210 1305.490 1304.670 1304.190 1303.780 1302.810 1301.520 1300.750 1300.390 1300.040 1299.650 1299.300 1298.970 1298.650 1298.320 1298.020 1297.730 1297.430 1297.160 1296.920
