data/avaPfa/Inputs/avaPfa.asc
ncols        433
nrows        350
xllcorner    167739.500000000000
yllcorner    364076.500000000000
cellsize     1.000000000000
NODATA_value  -9999.000
[rows 196 to 223 of 350, columns 62 to 123 of 433]
1326.000 1325.780 1325.630 1325.410 1325.260 1325.130 1324.950 1324.770 1324.630 1324.390 1324.160 1323.940 1323.800 1323.670 1323.590 1323.330 1323.200 1323.000 1322.800 1322.570 1322.440 1322.170 1322.020 1321.820 1321.590 1321.380 1321.180 1320.930 1320.700 1320.460 1320.260 1319.980 1319.710 1319.410 1319.180 1318.820 1318.690 1318.400 1318.120 1317.840 1317.590 1317.300 1317.060 1316.730 1316.450 1316.250 1316.010 1315.770 1315.480 1315.170 1314.750 1314.330 1313.960 1313.580 1313.360 1313.010 1312.770 1312.390 1312.100 1311.750 1311.520 1311.140
1325.700 1325.510 1325.360 1325.150 1324.950 1324.790 1324.560 1324.390 1324.220 1323.950 1323.730 1323.460 1323.310 1323.130 1323.040 1322.860 1322.620 1322.400 1322.300 1321.960 1321.870 1321.630 1321.430 1321.170 1321.000 1320.800 1320.600 1320.360 1320.140 1319.880 1319.680 1319.400 1319.170 1318.870 1318.640 1318.310 1318.130 1317.820 1317.580 1317.300 1317.050 1316.740 1316.560 1316.170 1316.000 1315.720 1315.490 1315.220 1314.900 1314.570 1314.200 1313.860 1313.460 1313.130 1312.840 1312.450 1312.190 1311.880 1311.610 1311.300 1311.030 1310.690
1325.470 1325.260 1325.080 1324.850 1324.660 1324.390 1324.180 1324.030 1323.810 1323.560 1323.350 1323.090 1322.880 1322.710 1322.580 1322.330 1322.110 1321.970 1321.730 1321.490 1321.290 1321.060 1320.890 1320.620 1320.460 1320.260 1320.060 1319.790 1319.610 1319.350 1319.120 1318.870 1318.650 1318.360 1318.120 1317.830 1317.580 1317.270 1317.060 1316.770 1316.520 1316.240 1316.030 1315.710 1315.520 1315.290 1314.970 1314.640 1314.320 1314.000 1313.680 1313.340 1312.970 1312.640 1312.320 1311.980 1311.690 1311.370 1311.120 1310.830 1310.540 1310.210
1325.250 1325.010 1324.800 1324.560 1324.370 1324.030 1323.830 1323.620 1323.410 1323.160 1322.950 1322.710 1322.460 1322.250 1322.090 1321.820 1321.600 1321.370 1321.200 1320.970 1320.800 1320.590 1320.360 1320.150 1319.950 1319.730 1319.560 1319.320 1319.100 1318.860 1318.610 1318.340 1318.130 1317.830 1317.610 1317.330 1317.090 1316.800 1316.550 1316.250 1315.990 1315.720 1315.490 1315.180 1314.970 1314.680 1314.390 1314.080 1313.830 1313.460 1313.220 1312.870 1312.480 1312.150 1311.810 1311.500 1311.200 1310.880 1310.630 1310.300 1310.060 1309.800
1324.990 1324.720 1324.490 1324.220 1324.040 1323.770 1323.500 1323.240 1323.030 1322.820 1322.590 1322.290 1322.040 1321.840 1321.650 1321.400 1321.150 1320.920 1320.710 1320.510 1320.320 1320.130 1319.880 1319.710 1319.520 1319.290 1319.100 1318.880 1318.630 1318.350 1318.110 1317.830 1317.630 1317.330 1317.100 1316.840 1316.600 1316.340 1316.040 1315.770 1315.510 1315.290 1315.010 1314.750 1314.450 1314.220 1313.890 1313.610 1313.370 1313.070 1312.730 1312.360 1312.010 1311.680 1311.340 1311.020 1310.730 1310.410 1310.140 1309.820 1309.580 1309.340
1324.730 1324.480 1324.210 1323.940 1323.710 1323.470 1323.180 1322.910 1322.680 1322.450 1322.190 1321.890 1321.640 1321.390 1321.240 1320.980 1320.680 1320.470 1320.280 1320.110 1319.900 1319.690 1319.460 1319.290 1319.080 1318.830 1318.630 1318.390 1318.170 1317.890 1317.640 1317.390 1317.190 1316.890 1316.630 1316.350 1316.090 1315.840 1315.570 1315.270 1315.030 1314.800 1314.510 1314.240 1313.980 1313.710 1313.450 1313.110 1312.910 1312.600 1312.210 1311.820 1311.530 1311.130 1310.870 1310.570 1310.280 1309.980 1309.660 1309.390 1309.130 1308.850
1324.450 1324.200 1323.920 1323.630 1323.400 1323.140 1322.890 1322.610 1322.340 1322.070 1321.840 1321.550 1321.290 1321.060 1320.810 1320.570 1320.300 1320.060 1319.830 1319.670 1319.500 1319.300 1319.090 1318.890 1318.660 1318.410 1318.230 1317.970 1317.740 1317.480 1317.220 1316.960 1316.760 1316.470 1316.210 1315.930 1315.660 1315.400 1315.110 1314.860 1314.600 1314.310 1314.030 1313.770 1313.500 1313.240 1312.960 1312.710 1312.460 1312.130 1311.740 1311.410 1311.050 1310.680 1310.420 1310.140 1309.820 1309.520 1309.230 1308.970 1308.720 1308.430
1324.190 1323.920 1323.650 1323.370 1323.120 1322.830 1322.580 1322.320 1322.050 1321.750 1321.500 1321.230 1320.920 1320.630 1320.390 1320.130 1319.920 1319.700 1319.460 1319.290 1319.110 1318.880 1318.730 1318.510 1318.260 1318.040 1317.850 1317.600 1317.340 1317.070 1316.830 1316.590 1316.340 1316.040 1315.780 1315.520 1315.260 1315.000 1314.700 1314.430 1314.160 1313.890 1313.610 1313.310 1313.090 1312.830 1312.510 1312.200 1311.970 1311.650 1311.260 1310.910 1310.580 1310.210 1309.960 1309.670 1309.390 1309.100 1308.830 1308.570 1308.310 1308.030
1323.900 1323.630 1323.400 1323.120 1322.830 1322.540 1322.280 1322.040 1321.780 1321.490 1321.180 1320.890 1320.610 1320.310 1320.080 1319.830 1319.580 1319.370 1319.100 1318.910 1318.750 1318.550 1318.350 1318.150 1317.910 1317.700 1317.490 1317.250 1316.990 1316.690 1316.460 1316.230 1315.940 1315.660 1315.400 1315.110 1314.840 1314.560 1314.320 1314.070 1313.800 1313.520 1313.240 1312.940 1312.670 1312.400 1312.130 1311.820 1311.500 1311.180 1310.850 1310.510 1310.170 1309.810 1309.540 1309.250 1308.970 1308.690 1308.410 1308.140 1307.900 1307.640
1323.640 1323.370 1323.110 1322.820 1322.530 1322.260 1321.990 1321.750 1321.490 1321.200 1320.900 1320.620 1320.340 1320.050 1319.870 1319.610 1319.330 1319.090 1318.880 1318.650 1318.400 1318.170 1317.970 1317.760 1317.550 1317.350 1317.110 1316.860 1316.620 1316.330 1316.090 1315.860 1315.590 1315.320 1315.040 1314.740 1314.470 1314.190 1313.970 1313.720 1313.410 1313.120 1312.840 1312.550 1312.270 1311.970 1311.690 1311.390 1311.120 1310.800 1310.460 1310.110 1309.800 1309.450 1309.140 1308.840 1308.550 1308.270 1308.020 1307.760 1307.500 1307.250
1323.350 1323.090 1322.800 1322.520 1322.260 1321.980 1321.700 1321.430 1321.180 1320.930 1320.670 1320.410 1320.150 1319.920 1319.730 1319.480 1319.170 1318.890 1318.630 1318.380 1318.120 1317.890 1317.680 1317.470 1317.230 1317.000 1316.770 1316.510 1316.260 1316.000 1315.720 1315.480 1315.240 1314.960 1314.660 1314.360 1314.130 1313.860 1313.590 1313.300 1313.010 1312.760 1312.510 1312.240 1311.950 1311.650 1311.380 1311.100 1310.810 1310.490 1310.150 1309.810 1309.460 1309.080 1308.730 1308.440 1308.190 1307.920 1307.640 1307.370 1307.100 1306.870
1323.060 1322.810 1322.500 1322.200 1321.930 1321.690 1321.420 1321.150 1320.890 1320.660 1320.420 1320.190 1319.970 1319.810 1319.640 1319.380 1319.060 1318.730 1318.420 1318.120 1317.850 1317.620 1317.390 1317.170 1316.910 1316.680 1316.440 1316.150 1315.920 1315.670 1315.360 1315.100 1314.860 1314.600 1314.320 1314.030 1313.770 1313.500 1313.220 1312.930 1312.670 1312.440 1312.170 1311.850 1311.540 1311.270 1311.000 1310.730 1310.420 1310.100 1309.790 1309.470 1309.090 1308.680 1308.330 1308.070 1307.820 1307.550 1307.300 1307.050 1306.790 1306.550
1322.810 1322.590 1322.240 1321.880 1321.600 1321.360 1321.110 1320.860 1320.630 1320.390 1320.170 1320.000 1319.870 1319.760 1319.610 1319.360 1319.070 1318.790 1318.380 1317.980 1317.660 1317.370 1317.140 1316.900 1316.650 1316.410 1316.140 1315.850 1315.590 1315.330 1315.030 1314.770 1314.530 1314.270 1314.000 1313.720 1313.460 1313.180 1312.890 1312.600 1312.340 1312.060 1311.770 1311.470 1311.220 1310.970 1310.690 1310.410 1310.120 1309.820 1309.500 1309.170 1308.800 1308.400 1308.050 1307.750 1307.460 1307.190 1306.960 1306.740 1306.480 1306.230
1322.640 1322.370 1322.020 1321.630 1321.290 1321.040 1320.800 1320.570 1320.340 1320.120 1319.970 1319.880 1319.820 1319.770 1319.700 1319.600 1319.330 1318.950 1318.480 1317.990 1317.610 1317.260 1316.960 1316.680 1316.410 1316.140 1315.890 1315.590 1315.290 1315.030 1314.740 1314.490 1314.260 1313.980 1313.690 1313.410 1313.150 1312.850 1312.520 1312.260 1312.020 1311.740 1311.430 1311.140 1310.840 1310.590 1310.330 1310.050 1309.770 1309.480 1309.140 1308.810 1308.480 1308.140 1307.830 1307.510 1307.180 1306.910 1306.660 1306.440 1306.210 1305.960
1322.480 1322.110 1321.720 1321.350 1321.040 1320.810 1320.580 1320.350 1320.100 1319.920 1319.830 1319.820 1319.860 1319.900 1319.960 1319.950 1319.780 1319.500 1318.860 1318.200 1317.700 1317.250 1316.880 1316.540 1316.230 1315.950 1315.680 1315.360 1315.060 1314.790 1314.470 1314.220 1314.000 1313.720 1313.400 1313.120 1312.820 1312.530 1312.230 1311.960 1311.680 1311.410 1311.160 1310.850 1310.540 1310.270 1310.000 1309.730 1309.450 1309.170 1308.860 1308.520 1308.200 1307.900 1307.600 1307.290 1306.970 1306.680 1306.400 1306.150 1305.910 1305.660
1322.390 1321.950 1321.510 1321.160 1320.870 1320.650 1320.400 1320.170 1319.930 1319.790 1319.790 1319.910 1320.110 1320.240 1320.320 1320.230 1320.040 1319.750 1319.060 1318.320 1317.750 1317.250 1316.860 1316.510 1316.160 1315.830 1315.520 1315.210 1314.880 1314.570 1314.250 1313.980 1313.720 1313.450 1313.170 1312.900 1312.560 1312.260 1311.970 1311.690 1311.380 1311.100 1310.820 1310.520 1310.220 1309.960 1309.620 1309.360 1309.050 1308.800 1308.500 1308.230 1307.990 1307.720 1307.440 1307.150 1306.810 1306.480 1306.180 1305.910 1305.640 1305.400
1322.230 1321.790 1321.380 1321.020 1320.730 1320.490 1320.250 1320.030 1319.800 1319.650 1319.750 1320.050 1320.370 1320.530 1320.510 1320.280 1320.030 1319.660 1318.960 1318.310 1317.740 1317.210 1316.780 1316.420 1316.070 1315.670 1315.340 1315.030 1314.680 1314.360 1314.060 1313.760 1313.480 1313.220 1312.950 1312.660 1312.340 1312.040 1311.740 1311.440 1311.110 1310.830 1310.540 1310.240 1309.920 1309.640 1309.330 1309.050 1308.760 1308.500 1308.210 1307.970 1307.760 1307.550 1307.290 1306.980 1306.650 1306.330 1306.010 1305.720 1305.430 1305.140
1322.080 1321.610 1321.200 1320.870 1320.610 1320.360 1320.130 1319.910 1319.700 1319.500 1319.650 1320.000 1320.340 1320.540 1320.460 1320.190 1319.770 1319.370 1318.800 1318.180 1317.570 1317.060 1316.610 1316.250 1315.880 1315.460 1315.110 1314.770 1314.410 1314.120 1313.830 1313.560 1313.270 1312.990 1312.690 1312.390 1312.090 1311.800 1311.510 1311.210 1310.890 1310.600 1310.280 1309.970 1309.640 1309.360 1308.990 1308.720 1308.480 1308.220 1307.960 1307.760 1307.550 1307.350 1307.050 1306.780 1306.470 1306.200 1305.910 1305.590 1305.260 1304.960
1322.090 1321.570 1321.110 1320.790 1320.520 1320.260 1320.020 1319.810 1319.600 1319.380 1319.470 1319.800 1320.180 1320.430 1320.410 1320.120 1319.500 1319.050 1318.500 1317.930 1317.390 1316.910 1316.430 1316.010 1315.590 1315.190 1314.810 1314.470 1314.110 1313.840 1313.570 1313.340 1313.080 1312.790 1312.440 1312.120 1311.820 1311.540 1311.260 1311.000 1310.710 1310.390 1310.080 1309.750 1309.440 1309.110 1308.830 1308.510 1308.210 1307.950 1307.690 1307.480 1307.300 1307.100 1306.820 1306.600 1306.340 1306.110 1305.800 1305.450 1305.090 1304.790
1322.160 1321.600 1321.080 1320.710 1320.420 1320.160 1319.900 1319.700 1319.490 1319.290 1319.360 1319.630 1319.950 1320.240 1320.230 1319.850 1319.150 1318.720 1318.240 1317.720 1317.200 1316.720 1316.180 1315.760 1315.280 1314.900 1314.520 1314.180 1313.860 1313.610 1313.360 1313.140 1312.890 1312.600 1312.230 1311.880 1311.550 1311.240 1310.980 1310.720 1310.410 1310.140 1309.860 1309.590 1309.230 1308.890 1308.580 1308.240 1307.940 1307.650 1307.360 1307.160 1306.970 1306.790 1306.600 1306.410 1306.210 1305.990 1305.660 1305.320 1304.980 1304.640
1322.110 1321.610 1321.090 1320.630 1320.330 1320.040 1319.780 1319.560 1319.330 1319.150 1319.160 1319.370 1319.710 1320.020 1320.030 1319.560 1318.930 1318.500 1318.040 1317.600 1317.050 1316.530 1316.000 1315.560 1315.090 1314.710 1314.310 1313.980 1313.650 1313.420 1313.170 1312.970 1312.710 1312.400 1312.010 1311.630 1311.270 1310.970 1310.710 1310.420 1310.160 1309.950 1309.710 1309.440 1309.050 1308.690 1308.310 1307.960 1307.660 1307.340 1307.030 1306.820 1306.620 1306.450 1306.260 1306.100 1305.940 1305.740 1305.480 1305.200 1304.850 1304.460
1321.990 1321.570 1321.010 1320.550 1320.230 1319.920 1319.640 1319.420 1319.180 1319.020 1318.980 1319.080 1319.410 1319.800 1319.780 1319.310 1318.760 1318.270 1317.800 1317.360 1316.820 1316.330 1315.810 1315.340 1314.930 1314.540 1314.170 1313.840 1313.520 1313.270 1313.050 1312.840 1312.560 1312.190 1311.770 1311.400 1311.040 1310.720 1310.450 1310.160 1309.900 1309.750 1309.550 1309.190 1308.800 1308.440 1308.000 1307.650 1307.350 1307.080 1306.720 1306.470 1306.260 1306.090 1305.910 1305.770 1305.650 1305.490 1305.280 1305.010 1304.640 1304.260
1321.870 1321.380 1320.810 1320.440 1320.080 1319.790 1319.500 1319.280 1319.070 1318.930 1318.860 1318.930 1319.200 1319.550 1319.530 1319.070 1318.520 1318.040 1317.600 1317.090 1316.570 1316.100 1315.580 1315.140 1314.780 1314.450 1314.100 1313.750 1313.440 1313.180 1313.000 1312.740 1312.450 1312.020 1311.590 1311.210 1310.880 1310.540 1310.240 1309.980 1309.710 1309.530 1309.320 1308.910 1308.570 1308.180 1307.780 1307.370 1307.050 1306.740 1306.450 1306.170 1305.950 1305.740 1305.600 1305.480 1305.360 1305.240 1305.070 1304.790 1304.410 1304.010
1321.650 1321.150 1320.700 1320.310 1319.920 1319.650 1319.380 1319.140 1318.930 1318.810 1318.780 1318.830 1319.010 1319.300 1319.200 1318.840 1318.360 1317.880 1317.370 1316.890 1316.370 1315.900 1315.380 1314.940 1314.660 1314.390 1314.040 1313.700 1313.390 1313.150 1312.950 1312.690 1312.320 1311.890 1311.440 1311.110 1310.730 1310.420 1310.110 1309.850 1309.540 1309.320 1309.020 1308.640 1308.250 1307.900 1307.520 1307.170 1306.830 1306.520 1306.230 1306.030 1305.750 1305.520 1305.310 1305.190 1305.050 1304.920 1304.800 1304.550 1304.140 1303.730
1321.400 1320.840 1320.520 1320.140 1319.770 1319.480 1319.240 1319.000 1318.790 1318.740 1318.740 1318.780 1318.870 1319.040 1318.960 1318.710 1318.220 1317.650 1317.170 1316.740 1316.220 1315.700 1315.180 1314.790 1314.560 1314.340 1314.020 1313.640 1313.360 1313.140 1312.870 1312.590 1312.200 1311.770 1311.330 1311.040 1310.690 1310.380 1310.030 1309.760 1309.450 1309.230 1308.880 1308.490 1308.100 1307.710 1307.400 1307.100 1306.750 1306.440 1306.170 1305.930 1305.660 1305.410 1305.180 1304.970 1304.800 1304.680 1304.530 1304.290 1303.850 1303.480
1321.190 1320.650 1320.320 1320.000 1319.630 1319.320 1319.080 1318.880 1318.690 1318.680 1318.700 1318.730 1318.840 1318.970 1318.920 1318.730 1318.200 1317.550 1317.070 1316.630 1316.070 1315.510 1314.990 1314.680 1314.500 1314.280 1313.970 1313.580 1313.320 1313.080 1312.770 1312.450 1312.080 1311.640 1311.290 1311.050 1310.700 1310.380 1310.030 1309.710 1309.400 1309.130 1308.790 1308.390 1308.000 1307.650 1307.340 1307.000 1306.660 1306.420 1306.190 1305.900 1305.630 1305.340 1305.120 1304.860 1304.670 1304.470 1304.310 1304.010 1303.640 1303.320
1320.860 1320.490 1320.170 1319.820 1319.440 1319.160 1318.940 1318.770 1318.610 1318.590 1318.650 1318.680 1318.850 1318.960 1318.910 1318.700 1318.160 1317.520 1316.960 1316.480 1315.990 1315.390 1314.880 1314.590 1314.450 1314.190 1313.890 1313.560 1313.260 1312.950 1312.670 1312.320 1311.970 1311.560 1311.280 1311.060 1310.760 1310.400 1310.040 1309.690 1309.380 1309.090 1308.770 1308.380 1307.980 1307.630 1307.290 1306.940 1306.630 1306.380 1306.160 1305.890 1305.620 1305.320 1305.100 1304.860 1304.640 1304.330 1304.110 1303.810 1303.480 1303.210
1320.640 1320.330 1320.000 1319.640 1319.280 1319.020 1318.820 1318.640 1318.520 1318.530 1318.610 1318.680 1318.840 1318.910 1318.870 1318.580 1318.010 1317.380 1316.900 1316.410 1315.890 1315.320 1314.820 1314.490 1314.300 1314.090 1313.790 1313.490 1313.180 1312.840 1312.570 1312.220 1311.880 1311.530 1311.270 1311.050 1310.770 1310.390 1310.020 1309.630 1309.340 1309.110 1308.810 1308.440 1308.020 1307.660 1307.270 1306.920 1306.620 1306.360 1306.140 1305.880 1305.650 1305.420 1305.200 1304.970 1304.720 1304.290 1303.990 1303.710 1303.420 1303.110
