data/avaPfa/Inputs/avaPfa.asc
ncols        433
nrows        350
xllcorner    167739.500000000000
yllcorner    364076.500000000000
cellsize     1.000000000000
NODATA_value  -9999.000
[rows 140 to 167 of 350, columns 124 to 185 of 433]
1327.590 1327.140 1326.820 1326.610 1326.480 1326.410 1326.260 1326.120 1326.000 1325.830 1325.630 1325.500 1325.380 1325.300 1325.190 1325.090 1324.970 1324.750 1324.490 1324.140 1323.880 1323.810 1323.760 1323.740 1323.720 1323.710 1323.670 1323.640 1323.600 1323.530 1323.480 1323.460 1323.270 1323.030 1322.890 1322.840 1322.950 1323.000 1323.040 1322.790 1322.430 1321.990 1321.680 1321.570 1321.450 1321.300 1321.120 1320.930 1320.820 1320.760 1320.710 1320.650 1320.600 1320.610 1320.530 1320.410 1320.280 1320.070 1319.760 1319.410 1319.250 1319.230
1327.290 1326.900 1326.680 1326.540 1326.420 1326.250 1326.110 1325.990 1325.780 1325.690 1325.480 1325.350 1325.220 1325.070 1324.950 1324.860 1324.740 1324.590 1324.470 1324.020 1323.790 1323.710 1323.690 1323.690 1323.650 1323.630 1323.570 1323.550 1323.510 1323.460 1323.370 1323.230 1323.000 1322.840 1322.750 1322.780 1322.910 1322.960 1323.040 1322.970 1322.730 1322.260 1321.680 1321.440 1321.280 1321.220 1321.110 1320.940 1320.820 1320.730 1320.690 1320.640 1320.600 1320.570 1320.550 1320.490 1320.320 1319.870 1319.370 1319.280 1319.240 1319.270
1327.010 1326.750 1326.570 1326.410 1326.330 1326.160 1325.980 1325.810 1325.640 1325.510 1325.340 1325.180 1325.050 1324.920 1324.790 1324.670 1324.580 1324.480 1324.500 1324.020 1323.740 1323.640 1323.640 1323.640 1323.600 1323.560 1323.520 1323.480 1323.400 1323.300 1323.140 1322.900 1322.790 1322.780 1322.740 1322.780 1322.870 1322.920 1323.010 1323.040 1322.960 1322.650 1322.050 1321.500 1321.170 1321.090 1321.010 1320.930 1320.800 1320.730 1320.680 1320.650 1320.610 1320.610 1320.560 1320.470 1320.050 1319.430 1319.290 1319.240 1319.280 1319.280
1326.790 1326.630 1326.450 1326.330 1326.270 1326.060 1325.880 1325.670 1325.500 1325.420 1325.200 1325.070 1324.910 1324.780 1324.690 1324.560 1324.450 1324.390 1324.380 1323.960 1323.680 1323.620 1323.640 1323.620 1323.560 1323.500 1323.470 1323.390 1323.200 1323.040 1322.900 1322.740 1322.740 1322.740 1322.740 1322.740 1322.830 1322.880 1322.970 1323.010 1323.010 1322.940 1322.650 1322.050 1321.160 1320.960 1320.900 1320.830 1320.750 1320.710 1320.680 1320.680 1320.650 1320.650 1320.580 1320.130 1319.440 1319.290 1319.320 1319.280 1319.280 1319.280
1326.710 1326.570 1326.370 1326.270 1326.130 1325.910 1325.710 1325.570 1325.320 1325.240 1325.070 1324.940 1324.770 1324.640 1324.530 1324.440 1324.330 1324.270 1324.220 1323.920 1323.660 1323.600 1323.640 1323.600 1323.510 1323.420 1323.350 1323.160 1322.960 1322.820 1322.780 1322.730 1322.690 1322.690 1322.660 1322.740 1322.790 1322.840 1322.920 1322.970 1323.010 1323.040 1322.950 1322.800 1321.560 1320.870 1320.760 1320.700 1320.680 1320.640 1320.650 1320.670 1320.680 1320.690 1320.580 1320.040 1319.550 1319.390 1319.330 1319.370 1319.410 1319.400
1326.660 1326.470 1326.300 1326.160 1325.980 1325.750 1325.650 1325.430 1325.230 1325.100 1324.970 1324.800 1324.670 1324.550 1324.450 1324.330 1324.210 1324.140 1324.060 1323.880 1323.650 1323.550 1323.570 1323.550 1323.490 1323.300 1323.060 1322.850 1322.840 1322.800 1322.780 1322.700 1322.650 1322.610 1322.620 1322.700 1322.750 1322.800 1322.880 1322.890 1322.980 1323.050 1323.010 1323.040 1322.540 1321.180 1320.630 1320.570 1320.550 1320.550 1320.560 1320.630 1320.680 1320.710 1320.670 1320.130 1319.650 1319.540 1319.420 1319.510 1319.620 1319.480
1326.590 1326.390 1326.220 1326.030 1325.830 1325.680 1325.510 1325.300 1325.130 1324.960 1324.840 1324.700 1324.550 1324.450 1324.330 1324.210 1324.100 1324.030 1323.940 1323.780 1323.630 1323.550 1323.490 1323.480 1323.350 1323.040 1322.790 1322.710 1322.860 1322.860 1322.780 1322.730 1322.650 1322.600 1322.580 1322.660 1322.700 1322.720 1322.790 1322.770 1322.800 1322.960 1323.040 1323.030 1322.800 1321.820 1320.560 1320.440 1320.420 1320.450 1320.480 1320.590 1320.660 1320.640 1320.550 1320.160 1319.760 1319.630 1319.510 1319.530 1319.490 1319.410
1326.500 1326.330 1326.150 1325.950 1325.750 1325.550 1325.380 1325.210 1325.040 1324.910 1324.740 1324.570 1324.410 1324.320 1324.200 1324.100 1323.990 1323.910 1323.820 1323.680 1323.560 1323.520 1323.450 1323.320 1323.030 1322.790 1322.660 1322.680 1322.820 1322.850 1322.790 1322.730 1322.650 1322.560 1322.520 1322.530 1322.530 1322.550 1322.590 1322.570 1322.620 1322.780 1322.930 1322.680 1321.870 1321.300 1320.440 1320.350 1320.330 1320.360 1320.400 1320.510 1320.570 1320.510 1320.400 1320.130 1319.830 1319.710 1319.580 1319.490 1319.420 1319.460
1326.420 1326.250 1326.070 1325.870 1325.620 1325.430 1325.290 1325.110 1324.920 1324.810 1324.610 1324.470 1324.320 1324.210 1324.070 1323.980 1323.890 1323.800 1323.690 1323.580 1323.470 1323.420 1323.380 1323.150 1322.860 1322.710 1322.670 1322.680 1322.770 1322.830 1322.810 1322.740 1322.680 1322.540 1322.420 1322.390 1322.360 1322.370 1322.370 1322.330 1322.290 1322.370 1322.440 1321.790 1320.750 1320.510 1320.340 1320.300 1320.270 1320.290 1320.310 1320.380 1320.450 1320.420 1320.310 1320.040 1319.800 1319.770 1319.640 1319.640 1319.630 1319.600
1326.350 1326.180 1325.990 1325.780 1325.540 1325.360 1325.190 1325.020 1324.850 1324.680 1324.510 1324.390 1324.260 1324.150 1324.030 1323.910 1323.800 1323.690 1323.580 1323.480 1323.370 1323.300 1323.230 1323.040 1322.850 1322.760 1322.730 1322.750 1322.810 1322.840 1322.830 1322.790 1322.730 1322.480 1322.330 1322.260 1322.230 1322.180 1322.130 1322.010 1321.840 1321.730 1321.570 1321.060 1320.400 1320.350 1320.320 1320.270 1320.220 1320.210 1320.230 1320.280 1320.380 1320.320 1320.190 1319.970 1319.770 1319.760 1319.730 1319.780 1319.800 1319.570
1326.260 1326.080 1325.880 1325.680 1325.470 1325.270 1325.100 1324.930 1324.760 1324.610 1324.420 1324.290 1324.170 1324.050 1323.950 1323.820 1323.710 1323.610 1323.490 1323.390 1323.280 1323.200 1323.100 1322.960 1322.870 1322.830 1322.790 1322.820 1322.850 1322.870 1322.870 1322.850 1322.750 1322.470 1322.240 1322.180 1322.100 1321.970 1321.810 1321.600 1321.360 1321.070 1320.770 1320.580 1320.380 1320.340 1320.290 1320.250 1320.190 1320.160 1320.160 1320.190 1320.250 1320.200 1320.090 1319.980 1319.850 1319.820 1319.790 1319.730 1319.700 1319.520
1326.170 1325.990 1325.780 1325.550 1325.350 1325.180 1325.020 1324.860 1324.670 1324.530 1324.360 1324.200 1324.070 1323.960 1323.860 1323.730 1323.620 1323.530 1323.420 1323.310 1323.210 1323.100 1323.000 1322.900 1322.850 1322.850 1322.800 1322.850 1322.910 1322.930 1322.910 1322.860 1322.720 1322.390 1322.130 1321.990 1321.830 1321.630 1321.390 1321.200 1320.960 1320.700 1320.440 1320.360 1320.330 1320.300 1320.270 1320.210 1320.170 1320.140 1320.090 1320.090 1320.090 1320.090 1320.060 1319.960 1319.890 1319.880 1319.850 1319.770 1319.690 1319.600
1326.080 1325.870 1325.650 1325.460 1325.270 1325.120 1324.920 1324.740 1324.580 1324.440 1324.280 1324.150 1324.000 1323.870 1323.770 1323.640 1323.520 1323.420 1323.340 1323.220 1323.110 1323.000 1322.900 1322.820 1322.790 1322.810 1322.800 1322.900 1322.990 1323.000 1322.950 1322.890 1322.710 1322.360 1322.050 1321.820 1321.560 1321.280 1321.050 1320.830 1320.620 1320.470 1320.350 1320.330 1320.320 1320.280 1320.240 1320.180 1320.150 1320.110 1320.060 1320.050 1320.040 1320.020 1319.990 1319.930 1319.880 1319.820 1319.720 1319.640 1319.570 1319.510
1326.000 1325.790 1325.590 1325.400 1325.210 1325.030 1324.840 1324.640 1324.470 1324.320 1324.190 1324.060 1323.910 1323.780 1323.670 1323.560 1323.450 1323.330 1323.230 1323.120 1323.010 1322.920 1322.830 1322.760 1322.730 1322.720 1322.790 1322.980 1323.040 1323.030 1322.990 1322.920 1322.710 1322.330 1321.980 1321.690 1321.360 1321.070 1320.790 1320.570 1320.430 1320.380 1320.350 1320.320 1320.290 1320.240 1320.210 1320.180 1320.140 1320.090 1320.050 1320.020 1320.010 1320.000 1319.980 1319.960 1319.900 1319.780 1319.640 1319.550 1319.480 1319.420
1325.910 1325.700 1325.500 1325.320 1325.150 1324.960 1324.760 1324.570 1324.390 1324.270 1324.140 1323.990 1323.840 1323.710 1323.580 1323.470 1323.370 1323.240 1323.130 1323.030 1322.920 1322.830 1322.740 1322.680 1322.640 1322.620 1322.730 1322.930 1323.010 1323.010 1322.990 1322.960 1322.810 1322.380 1321.920 1321.550 1321.180 1320.850 1320.580 1320.380 1320.340 1320.340 1320.340 1320.310 1320.270 1320.220 1320.190 1320.170 1320.140 1320.090 1320.050 1320.000 1319.980 1319.970 1319.950 1319.930 1319.890 1319.760 1319.640 1319.530 1319.430 1319.370
1325.840 1325.650 1325.430 1325.230 1325.050 1324.860 1324.670 1324.500 1324.350 1324.200 1324.050 1323.900 1323.740 1323.620 1323.490 1323.380 1323.280 1323.160 1323.060 1322.950 1322.840 1322.730 1322.650 1322.590 1322.550 1322.530 1322.580 1322.720 1322.900 1323.000 1322.980 1322.960 1322.910 1322.600 1321.960 1321.320 1320.910 1320.610 1320.380 1320.310 1320.330 1320.330 1320.320 1320.290 1320.270 1320.220 1320.180 1320.160 1320.140 1320.090 1320.050 1320.000 1319.980 1319.960 1319.920 1319.920 1319.890 1319.780 1319.630 1319.500 1319.410 1319.330
1325.770 1325.570 1325.370 1325.160 1324.950 1324.760 1324.590 1324.400 1324.250 1324.120 1323.970 1323.820 1323.670 1323.540 1323.430 1323.310 1323.180 1323.080 1322.970 1322.850 1322.750 1322.650 1322.570 1322.480 1322.430 1322.430 1322.440 1322.520 1322.760 1322.940 1322.950 1322.960 1322.960 1322.790 1321.970 1320.870 1320.400 1320.320 1320.260 1320.270 1320.300 1320.300 1320.290 1320.270 1320.250 1320.220 1320.180 1320.140 1320.120 1320.090 1320.050 1320.030 1320.010 1319.990 1319.920 1319.900 1319.850 1319.690 1319.560 1319.430 1319.340 1319.300
1325.690 1325.490 1325.280 1325.080 1324.880 1324.700 1324.500 1324.310 1324.160 1324.030 1323.900 1323.770 1323.620 1323.490 1323.360 1323.220 1323.090 1322.990 1322.880 1322.750 1322.650 1322.560 1322.480 1322.390 1322.320 1322.300 1322.300 1322.350 1322.480 1322.690 1322.880 1322.910 1322.610 1322.080 1321.260 1320.400 1320.110 1320.150 1320.190 1320.230 1320.290 1320.350 1320.400 1320.320 1320.240 1320.220 1320.180 1320.130 1320.100 1320.080 1320.070 1320.070 1320.070 1320.070 1319.960 1319.790 1319.700 1319.640 1319.560 1319.410 1319.300 1319.300
1325.610 1325.400 1325.210 1324.990 1324.780 1324.600 1324.430 1324.260 1324.110 1323.960 1323.810 1323.680 1323.530 1323.390 1323.260 1323.130 1323.000 1322.900 1322.800 1322.680 1322.570 1322.470 1322.390 1322.300 1322.220 1322.180 1322.170 1322.190 1322.220 1322.340 1322.640 1322.630 1321.820 1320.760 1320.220 1320.070 1320.070 1320.110 1320.160 1320.390 1320.590 1320.690 1320.790 1320.570 1320.300 1320.220 1320.170 1320.140 1320.110 1320.100 1320.090 1320.080 1320.070 1320.080 1320.040 1319.830 1319.650 1319.590 1319.550 1319.440 1319.290 1319.240
1325.520 1325.320 1325.120 1324.910 1324.710 1324.520 1324.350 1324.200 1324.050 1323.900 1323.750 1323.600 1323.460 1323.330 1323.190 1323.040 1322.920 1322.810 1322.710 1322.600 1322.500 1322.400 1322.310 1322.210 1322.130 1322.080 1322.030 1322.030 1322.080 1322.130 1322.290 1322.140 1321.340 1320.300 1319.950 1320.010 1320.050 1320.100 1320.330 1320.820 1321.040 1321.040 1321.090 1320.950 1320.520 1320.250 1320.170 1320.160 1320.140 1320.150 1320.130 1320.110 1320.080 1320.060 1320.060 1319.940 1319.680 1319.520 1319.470 1319.400 1319.260 1319.220
1325.420 1325.200 1325.010 1324.820 1324.630 1324.440 1324.280 1324.140 1323.950 1323.800 1323.640 1323.500 1323.370 1323.220 1323.070 1322.940 1322.840 1322.730 1322.610 1322.490 1322.390 1322.310 1322.230 1322.140 1322.050 1321.990 1321.940 1321.920 1321.940 1321.990 1322.040 1321.940 1321.500 1320.540 1320.000 1319.940 1319.970 1320.220 1320.770 1321.120 1321.190 1321.180 1321.170 1321.120 1320.810 1320.390 1320.210 1320.170 1320.160 1320.160 1320.130 1320.110 1320.090 1320.050 1320.030 1319.990 1319.790 1319.540 1319.420 1319.380 1319.310 1319.280
1325.310 1325.100 1324.900 1324.730 1324.550 1324.360 1324.190 1324.050 1323.860 1323.700 1323.550 1323.380 1323.240 1323.130 1322.990 1322.850 1322.730 1322.610 1322.500 1322.380 1322.280 1322.200 1322.140 1322.070 1321.970 1321.900 1321.850 1321.810 1321.780 1321.810 1321.860 1321.920 1321.800 1321.100 1320.330 1320.050 1320.220 1320.620 1321.080 1321.240 1321.240 1321.220 1321.200 1321.160 1321.010 1320.670 1320.330 1320.190 1320.160 1320.160 1320.150 1320.130 1320.110 1320.080 1320.060 1320.060 1320.040 1319.720 1319.400 1319.320 1319.290 1319.280
1325.200 1325.000 1324.830 1324.620 1324.470 1324.280 1324.100 1323.920 1323.750 1323.610 1323.480 1323.290 1323.170 1323.030 1322.910 1322.780 1322.630 1322.520 1322.410 1322.290 1322.190 1322.110 1322.040 1321.980 1321.900 1321.820 1321.760 1321.720 1321.650 1321.620 1321.680 1321.730 1321.760 1321.550 1321.060 1320.720 1320.920 1321.070 1321.200 1321.250 1321.250 1321.220 1321.190 1321.150 1321.040 1320.820 1320.470 1320.240 1320.180 1320.170 1320.170 1320.160 1320.120 1320.070 1320.030 1320.040 1320.030 1319.910 1319.500 1319.260 1319.200 1319.190
1325.100 1324.900 1324.720 1324.520 1324.340 1324.170 1324.000 1323.830 1323.660 1323.520 1323.360 1323.190 1323.050 1322.950 1322.830 1322.700 1322.570 1322.450 1322.320 1322.190 1322.120 1322.020 1321.930 1321.880 1321.820 1321.750 1321.690 1321.630 1321.570 1321.510 1321.490 1321.500 1321.540 1321.550 1321.520 1321.330 1321.240 1321.240 1321.250 1321.220 1321.220 1321.210 1321.150 1321.010 1320.860 1320.670 1320.460 1320.250 1320.180 1320.190 1320.200 1320.150 1320.110 1320.040 1320.010 1320.020 1320.020 1319.980 1319.760 1319.310 1319.160 1319.150
1324.950 1324.770 1324.590 1324.410 1324.210 1324.050 1323.870 1323.690 1323.550 1323.390 1323.250 1323.090 1322.950 1322.860 1322.710 1322.610 1322.490 1322.360 1322.230 1322.100 1322.020 1321.930 1321.840 1321.790 1321.750 1321.670 1321.630 1321.550 1321.500 1321.430 1321.380 1321.370 1321.410 1321.490 1321.480 1321.290 1321.220 1321.210 1321.210 1321.210 1321.180 1321.170 1321.010 1320.680 1320.530 1320.380 1320.310 1320.220 1320.160 1320.170 1320.170 1320.110 1320.060 1320.020 1319.990 1319.990 1319.970 1319.900 1319.770 1319.370 1319.170 1319.150
1324.840 1324.660 1324.490 1324.280 1324.100 1323.930 1323.760 1323.600 1323.460 1323.300 1323.130 1322.990 1322.860 1322.770 1322.640 1322.520 1322.390 1322.260 1322.140 1322.010 1321.920 1321.830 1321.750 1321.700 1321.660 1321.580 1321.520 1321.450 1321.390 1321.320 1321.310 1321.240 1321.260 1321.310 1321.330 1321.230 1321.240 1321.180 1321.170 1321.140 1321.100 1321.040 1320.770 1320.460 1320.310 1320.250 1320.220 1320.180 1320.160 1320.140 1320.100 1320.060 1320.020 1319.980 1319.970 1319.970 1319.870 1319.560 1319.120 1319.060 1319.100 1319.100
1324.710 1324.530 1324.350 1324.130 1323.930 1323.790 1323.630 1323.500 1323.370 1323.200 1323.070 1322.940 1322.810 1322.680 1322.560 1322.410 1322.300 1322.170 1322.040 1321.920 1321.830 1321.740 1321.680 1321.600 1321.540 1321.440 1321.370 1321.280 1321.210 1321.160 1321.120 1321.010 1320.920 1320.920 1321.020 1321.040 1321.150 1321.100 1321.090 1321.020 1320.890 1320.690 1320.450 1320.330 1320.250 1320.220 1320.180 1320.140 1320.130 1320.080 1320.050 1320.010 1319.980 1319.970 1319.940 1319.930 1319.850 1319.490 1318.920 1318.990 1319.050 1319.100
1324.600 1324.410 1324.210 1323.960 1323.780 1323.660 1323.530 1323.400 1323.240 1323.100 1322.940 1322.850 1322.720 1322.590 1322.460 1322.300 1322.180 1322.050 1321.920 1321.820 1321.740 1321.630 1321.550 1321.410 1321.310 1321.200 1321.130 1321.010 1320.960 1320.890 1320.810 1320.690 1320.580 1320.540 1320.660 1320.730 1320.830 1320.910 1321.030 1320.930 1320.660 1320.470 1320.340 1320.260 1320.220 1320.200 1320.160 1320.110 1320.070 1320.010 1320.010 1319.980 1319.970 1319.920 1319.880 1319.800 1319.510 1318.810 1318.780 1318.910 1319.010 1319.060
