avaframe/data/avaTripleBowl/Inputs/DEM_BL_Topo.asc
nCols  201
nRows  201
xllcenter  -500.00
yllcenter -500.00
cellsize  5.00
nodata_value -9999.00
[rows 104 to 129 of 201, columns 0 to 58 of 201]
500.000000 432.361254 402.532057 380.104212 361.435935 345.161374 330.589257 317.311741 305.064113 293.662897 282.974656 272.898701 263.356809 254.286752 245.638053 237.369080 229.445015 221.836379 214.517952 207.467950 200.667409 194.099689 187.750100 181.605591 175.654505 169.886383 164.291793 158.862198 153.589838 148.467640 143.489131 138.648371 133.939896 129.358664 124.900013 120.559623 116.333478 112.217845 108.209240 104.304410 100.500313 96.794097 93.183088 89.664771 86.236783 82.896895 79.643009 76.473141 73.385420 70.378073 67.449425 64.597887 61.821954 59.120198 56.491263 53.933861 51.446770 49.028826 46.678922
500.000000 434.045470 403.693199 381.046227 362.250227 345.889650 331.254630 317.928585 305.642083 294.208844 283.493649 273.394616 263.832686 254.745031 246.080721 237.797788 229.861147 222.241112 214.912294 207.852777 201.043481 194.467678 188.110597 181.959122 176.001543 170.227351 164.627073 159.192136 153.914750 148.787813 143.804829 138.959836 134.247351 129.662316 125.200053 120.856228 116.626814 112.508065 108.496488 104.588822 100.782014 97.073208 93.459719 89.939029 86.508767 83.166700 79.910724 76.738851 73.649205 70.640011 67.709588 64.856346 62.078774 59.375443 56.744994 54.186137 51.697647 49.278356 46.927158
500.000000 436.164273 405.131670 382.207810 363.252057 346.784466 332.071444 318.685356 306.350833 294.878085 284.129669 274.002212 264.415620 255.306314 246.622811 238.322718 230.370625 222.736587 215.395011 208.323810 201.503769 194.918044 188.551770 182.391751 176.426206 170.644569 165.037316 159.595828 154.312280 149.179533 144.191063 139.340881 134.623482 130.033785 125.567095 121.219061 116.985640 112.863073 108.847856 104.936714 101.126586 97.414605 93.798080 90.274482 86.841435 83.496699 80.238163 77.063835 73.971832 70.960375 68.027779 65.172448 62.392870 59.687611 57.055308 54.494669 52.004464 49.583526 47.230743
500.000000 438.762756 406.860320 383.595533 364.445583 347.848759 333.041921 319.583814 307.191805 295.671833 284.883752 274.722393 265.106407 255.971313 247.264961 238.944450 230.973979 223.323293 215.966551 208.881467 202.048662 195.451153 189.073964 182.903800 176.928800 171.138327 165.522796 160.073537 154.782677 149.643039 144.648062 139.791727 135.068500 130.473276 126.001337 121.648312 117.410141 113.283049 109.263516 105.348255 101.534192 97.818449 94.198324 90.671281 87.234934 83.887035 80.625466 77.448228 74.353433 71.339295 68.404124 65.546320 62.764366 60.056822 57.422323 54.859573 52.367338 49.944448 47.589788
500.000000 441.905250 408.895664 385.217597 365.835921 349.086117 334.168760 320.626089 308.166739 296.591544 285.757147 275.556243 265.906002 256.740879 248.007937 239.663679 231.671843 224.001812 216.627454 209.526249 202.678625 196.067442 189.677587 183.495656 177.509690 171.708971 166.083843 160.625576 155.326241 150.178617 145.176100 140.312636 135.582657 130.981030 126.503012 122.144207 117.900537 113.768204 109.743674 105.823644 102.005025 98.284927 94.660636 91.129605 87.689437 84.337878 81.072799 77.892194 74.794167 71.776927 68.838777 65.978111 63.193407 60.483220 57.846181 55.280988 52.786405 50.361256 48.004425
500.000000 445.686098 411.258803 387.084102 367.429264 350.500836 335.455173 321.814703 309.277689 297.638937 286.751319 276.505034 266.815524 257.616007 248.852633 240.481215 232.464956 224.772821 217.378345 210.258736 203.394201 196.767416 190.363116 184.167766 178.169299 172.356901 166.720838 161.252306 155.943319 150.786598 145.775495 140.903913 136.166247 131.557331 127.072393 122.707010 118.457080 114.318784 110.288568 106.363111 102.539310 98.814257 95.185228 91.649660 88.205148 84.849425 81.580354 78.395920 75.294219 72.273452 69.331914 66.467994 63.680163 60.966972 58.327044 55.759074 53.261822 50.834106 48.474807
500.000000 450.250628 413.976747 389.207401 369.233032 352.098005 336.904936 323.152608 310.527047 298.816005 287.867966 277.570236 267.836265 258.597846 249.800080 241.397989 233.354167 225.637102 218.219944 211.079596 204.196011 197.551657 191.131096 184.920645 178.908113 173.082579 167.434217 161.954145 156.634306 151.467362 146.446609 141.565906 136.819604 132.202501 127.709791 123.337021 119.080061 114.935070 110.898471 106.966923 103.137303 99.406690 95.772341 92.231683 88.782296 85.421901 82.148352 78.959622 75.853799 72.829074 69.883737 67.016167 64.224829 61.508267 58.865100 56.294016 53.793770 51.363176 49.001109
500.000000 455.841196 417.084380 391.602583 371.256068 353.883608 338.522447 324.643221 311.917571 300.125039 289.109033 278.753531 268.969699 259.687703 250.851450 242.415063 234.340443 226.595538 219.153067 211.989584 205.084758 198.420823 191.982143 185.754873 179.726679 173.886523 168.224473 162.731561 157.399650 152.221335 147.189853 142.299008 137.543106 132.916903 128.415555 124.034576 119.769807 115.617378 111.573688 107.635374 103.799293 100.062505 96.422250 92.875940 89.421140 86.055559 82.777038 79.583540 76.473141 73.444025 70.494470 67.622850 64.827620 62.107319 59.460558 56.886019 54.382451 51.948664 49.583526
500.000000 462.919008 420.627461 394.288127 373.508894 355.864647 340.312806 326.290472 313.452419 301.568652 290.476732 280.056826 270.217494 260.887056 252.008065 243.533628 235.424869 227.649123 220.178628 212.989547 206.061231 199.375650 192.916949 186.671099 180.625612 174.769313 169.092158 163.585078 158.239850 153.048995 148.005682 143.103657 138.337174 133.700942 129.190076 124.800053 120.526681 116.366060 112.314561 108.368796 104.525601 100.782014 97.135258 93.582727 90.121969 86.750681 83.466688 80.267943 77.152510 74.118561 71.164367 68.288291 65.488780 62.764366 60.113651 57.535312 55.028091 52.590791 50.222277
500.000000 472.613872 424.667404 397.286807 376.004032 358.049304 342.281897 328.098866 315.135185 303.149803 291.973559 281.482266 271.581524 262.197561 253.271404 244.755020 236.608656 228.798968 221.297650 214.080431 207.126307 200.416956 193.936281 187.670046 181.605591 175.731593 170.037881 164.515276 159.155461 153.950871 148.894603 143.980338 139.202273 134.555066 130.033785 125.633869 121.351086 117.181505 113.121466 109.167555 105.316583 101.565564 97.911701 94.352370 90.885102 87.507576 84.217605 81.013127 77.892194 74.852967 71.893705 69.012761 66.208575 63.479668 60.824636 58.242148 55.730937 53.289803 50.917602
500.000000 491.339746 429.289322 400.626965 378.756443 360.447143 344.436508 330.073545 316.969948 304.871837 293.602326 283.032260 273.063886 263.621067 254.643117 246.080721 237.893152 230.046300 222.511261 215.263280 208.280957 201.545648 195.040986 188.752510 182.667367 176.774073 171.062316 165.522796 160.147091 154.927544 149.857172 144.929584 140.138916 135.479767 130.947158 126.536481 122.243465 118.064142 113.994819 110.032053 106.172627 102.413531 98.751947 95.185228 91.710887 88.326586 85.030122 81.819417 78.692511 75.647552 72.682788 69.796560 66.987298 64.253514 61.593796 59.006803 56.491263 54.045966 51.669765
500.000000 500.000000 434.616516 404.344368 381.784096 363.069361 346.784466 332.220383 318.961330 306.738519 295.366181 284.709499 274.666913 265.159629 256.125032 247.512377 239.279844 231.392480 223.820710 216.539244 209.526249 202.762721 196.231996 189.919365 183.811765 177.897532 172.166201 166.608338 161.215408 155.979652 150.893999 145.951981 141.147663 136.475585 131.930713 127.508389 123.204299 119.014436 114.935070 110.962727 107.094159 103.326331 99.656398 96.081691 92.599705 89.208082 85.904600 82.687168 79.553808 76.502656 73.531947 70.640011 67.825267 65.086215 62.421436 59.829578 57.309363 54.859573 52.479051
500.000000 500.000000 440.839202 408.484974 385.108747 365.929123 349.334808 334.546079 321.114562 308.754085 297.268651 286.516980 276.393202 266.815524 257.719171 249.051798 240.770372 232.839000 225.227367 217.909589 210.863354 204.069265 197.510331 191.171569 185.039685 179.102820 173.350341 167.772668 162.361140 157.107889 152.005747 147.048162 142.229124 137.543106 132.985014 128.550138 124.234115 120.032896 115.942713 111.960054 108.081641 104.304410 100.625489 97.042186 93.551971 90.152467 86.841435 83.616763 80.476461 77.418647 74.441543 71.543468 68.722827 65.978111 63.307889 60.710801 58.185559 55.730937 53.345771
500.000000 500.000000 448.279598 413.109264 388.757023 369.041991 352.098005 337.058293 323.435564 310.923296 299.313678 288.458042 278.245631 268.591271 259.427766 250.700983 242.366539 234.387500 226.732732 219.375696 212.293552 205.466470 198.877102 192.510163 186.352108 180.390864 174.615612 169.016617 163.585078 158.313009 153.193137 148.218818 143.383960 138.682965 134.110672 129.662316 125.333482 121.120072 117.018277 113.024549 109.135573 105.348255 101.659693 98.067170 94.568131 91.160178 87.841050 84.608618 81.460874 78.395920 75.411964 72.507310 69.680351 66.929567 64.253514 61.650824 59.120198 56.660401 54.270261
500.000000 500.000000 457.573593 418.299327 392.761947 372.426492 355.086233 339.765796 325.931048 313.251506 301.505668 290.536399 280.227390 270.489652 261.253272 252.462124 244.070322 236.039776 228.338446 220.939075 213.818240 206.955635 200.333519 193.936281 187.750100 181.762667 175.962965 170.341085 164.888078 159.595828 154.456949 149.464695 144.612887 139.895848 135.308349 130.845561 126.503012 122.276556 118.162338 114.156768 110.256495 106.458388 102.759519 99.157138 95.648668 92.231683 88.903904 85.663180 82.507485 79.434904 76.443628 73.531947 70.698241 67.940976 65.258698 62.650026 60.113651 57.648330 55.252881
500.000000 500.000000 470.419601 424.171246 397.165181 376.104883 358.313727 342.678673 328.608635 315.744742 303.849548 292.756182 282.342011 272.513737 263.198395 254.337630 245.883885 237.797788 230.046300 222.601370 215.438934 208.538167 201.880896 195.451153 189.234815 183.219319 177.393428 171.747049 166.271068 160.957230 155.798024 150.786598 145.916676 141.182498 136.578757 132.100557 127.743368 123.502988 119.375513 115.357309 111.444985 107.635374 103.925512 100.312622 96.794097 93.367488 90.030489 86.780930 83.616763 80.536056 77.536984 74.617819 71.776927 69.012761 66.323854 63.708813 61.166319 58.695117 56.294016
500.000000 500.000000 500.000000 430.898625 402.020410 380.104212 361.797250 345.808561 331.477005 318.409802 306.350833 295.121988 284.593408 274.666913 265.266108 256.330141 247.809596 239.663679 231.858246 224.364371 217.157288 210.215597 203.520658 197.056111 190.807503 184.761995 178.908113 173.235559 167.735045 162.398164 157.217270 152.185394 147.296158 142.543709 137.922660 133.428043 129.055260 124.800053 120.658465 116.626814 112.701665 108.879814 105.158260 101.534192 98.004975 94.568131 91.221331 87.962380 84.789210 81.699869 78.692511 75.765395 72.916870 70.145373 67.449425 64.827620 62.278627 59.801181 57.394080
500.000000 500.000000 500.000000 438.762756 407.398704 384.457800 365.556703 349.168969 334.546079 321.254371 309.015707 297.638937 286.985916 276.952920 267.459681 258.442553 249.850045 241.639786 233.776410 226.230024 218.975090 211.989584 205.254347 198.752593 192.469514 186.391964 180.508216 174.807749 169.281086 163.919652 158.715661 153.662015 148.752224 143.980338 139.340881 134.828807 130.439450 126.168487 122.011905 117.965970 114.027203 110.192355 106.458388 102.822458 99.281895 95.834192 92.476995 89.208082 86.025363 82.926865 79.910724 76.975178 74.118561 71.339295 68.635885 66.006912 63.451034 60.966972 58.553514
500.000000 500.000000 500.000000 448.279598 413.397460 389.207401 369.615952 352.775681 337.827253 324.287166 311.851123 300.312745 289.524348 279.375885 269.782711 260.678041 252.008065 243.728659 235.803104 228.200442 220.894285 213.861921 207.083630 200.542157 194.222303 188.110597 182.195028 176.464840 170.910347 165.522796 160.294245 155.217460 150.285831 145.493300 140.834300 136.303698 131.896754 127.609076 123.436592 119.375513 115.422310 111.573688 107.826569 104.178070 100.625489 97.166287 93.798080 90.518621 87.325794 84.217605 81.192168 78.247703 75.382525 72.595040 69.883737 67.247184 64.684023 62.192965 59.772786
500.000000 500.000000 500.000000 460.629961 420.156403 394.406440 374.003968 356.647288 341.333683 327.518117 314.864914 303.149803 292.214052 281.940375 272.239161 263.040088 254.286752 245.933080 237.940846 230.277921 222.916980 215.834555 209.010309 202.426480 196.067442 189.919365 183.969938 178.208142 172.624069 167.208774 161.954145 156.852801 151.898003 147.083579 142.403859 137.853621 133.428043 129.122662 124.933339 120.856228 116.887745 113.024549 109.263516 105.601724 102.036434 98.565074 95.185228 91.894621 88.691114 85.572684 82.537427 79.583540 76.709320 73.913154 71.193517 68.548960 65.978111 63.479668 61.052395
500.000000 500.000000 500.000000 480.635083 427.888974 400.125078 378.756443 360.805891 345.080666 330.958585 318.065946 306.157280 295.060985 284.651445 274.833395 265.532518 256.689499 248.256082 240.192379 232.464956 225.045458 217.909589 211.036334 204.407375 198.006623 191.819858 185.834439 180.039065 174.423588 168.978853 163.696566 158.569187 153.589838 148.752224 144.050565 139.479543 135.034248 130.710141 126.503012 122.408951 118.424319 114.545723 110.769991 107.094159 103.515448 100.031251 96.639119 93.336749 90.121969 86.992736 83.947119 80.983294 78.099538 75.294219 72.565795 69.912800 67.333847 64.827620 62.392870
500.000000 500.000000 500.000000 500.000000 436.952399 406.458565 383.918132 365.278064 349.086117 334.621646 321.464289 309.343240 298.071795 287.514706 277.570236 268.159538 259.220017 250.700983 242.560687 234.764256 227.282197 220.089300 213.163810 206.486798 200.041670 193.813782 187.790135 181.959122 176.310334 170.834388 165.522796 160.367846 155.362509 150.500358 145.775495 141.182498 136.716364 132.372471 128.146534 124.034576 120.032896 116.138046 112.346804 108.656161 105.063296 101.565564 98.160480 94.845708 91.619050 88.478433 85.421901 82.447608 79.553808 76.738851 74.001174 71.339295 68.751812 66.237392 63.794773
500.000000 500.000000 500.000000 500.000000 448.038476 413.541918 389.546390 370.096189 353.371217 338.522447 325.071443 312.716792 301.253931 290.536399 280.455016 270.925776 261.882382 253.271404 245.049024 237.178768 229.629883 222.376154 215.395011 208.666857 202.174548 195.902976 189.838752 183.969938 178.285841 172.776835 167.434217 162.250093 157.217270 152.329179 147.579796 142.963587 138.475450 134.110672 129.864890 125.734052 121.714394 117.802407 113.994819 110.288568 106.680791 103.168802 99.750078 96.422250 93.183088 90.030489 86.962471 83.977164 81.072799 78.247703 75.500294 72.829074 70.232621 67.709588 65.258698
500.000000 500.000000 500.000000 500.000000 462.919008 421.578064 395.716732 375.300361 357.961273 342.678673 328.900614 316.288269 304.615763 293.723487 283.493649 273.836342 264.681067 255.971313 247.660942 239.711698 232.091434 224.772821 217.732396 210.949831 204.407375 198.089417 191.982143 186.073257 180.351756 174.807749 169.432306 164.217332 159.155461 154.239968 149.464695 144.823987 140.312636 135.925832 131.659125 127.508389 123.469789 119.539752 115.714950 111.992268 108.368796 104.841804 101.408731 98.067170 94.814857 91.649660 88.569568 85.572684 82.657215 79.821467 77.063835 74.382801 71.776927 69.244849 66.785273
500.000000 500.000000 500.000000 500.000000 500.000000 430.898625 402.532057 380.941191 362.886908 347.111151 332.967069 320.069458 308.166739 297.083761 286.692710 276.896885 267.620999 258.805058 250.400321 242.366539 234.670017 227.282197 220.178628 213.338178 206.742434 200.375235 194.222303 188.270951 182.509843 176.928800 171.518646 166.271068 161.178513 156.234091 151.431499 146.764951 142.229124 137.819106 133.530356 129.358664 125.300120 121.351086 117.508170 113.768204 110.128226 106.585460 103.137303 99.781310 96.515180 93.336749 90.243975 87.234934 84.307806 81.460874 78.692511 76.001179 73.385420 70.843851 68.375163
500.000000 500.000000 500.000000 500.000000 500.000000 442.120815 410.138996 387.084102 368.185737 351.844676 337.288599 324.073879 311.917571 300.625980 290.059532 280.113666 270.707610 261.777415 253.271404 245.147101 237.369080 229.907423 222.736587 215.834555 209.182188 202.762721 196.561374 190.565031 184.761995 179.141776 173.694928 168.412907 163.287957 158.313009 153.481602 148.787813 144.226195 139.791727 135.479767 131.286019 127.206491 123.237475 119.375513 115.617378 111.960054 108.400715 104.936714 101.565564 98.284927 95.092603 91.986520 88.964722 86.025363 83.166700 80.387083 77.684952 75.058828 72.507310 70.029071
