avaframe/data/avaTripleBowl/Inputs/DEM_BL_Topo.asc
nCols  201
nRows  201
xllcenter  -500.00
yllcenter -500.00
cellsize  5.00
nodata_value -9999.00
[rows 26 to 51 of 201, columns 118 to 176 of 201]
175.962965 177.393428 178.908113 180.508216 182.195028 183.969938 185.834439 187.790135 189.838752 191.982143 194.222303 196.561374 199.001661 201.545648 204.196011 206.955635 209.827637 212.815390 215.922546 219.153067 222.511261 226.001825 229.629883 233.401050 237.321489 241.397989 245.638053 250.050005 254.643117 259.427766 264.415620 269.619879 275.055562 280.739881 286.692710 292.937208 299.500623 306.415393 313.720640 321.464289 329.706136 338.522447 348.013158 358.313727 369.615952 382.207810 396.559196 413.541918 435.192593 470.419601 500.000000 500.000000 500.000000 500.000000 500.000000 500.000000 500.000000 500.000000 500.000000
170.341085 171.747049 173.235559 174.807749 176.464840 178.208142 180.039065 181.959122 183.969938 186.073257 188.270951 190.565031 192.957658 195.451153 198.048017 200.750940 203.562823 206.486798 209.526249 212.684842 215.966551 219.375696 222.916980 226.595538 230.416989 234.387500 238.513863 242.803577 247.264961 251.907275 256.740879 261.777415 267.030045 272.513737 278.245631 284.245510 290.536399 297.145372 304.104620 311.452924 319.237725 327.518117 336.369318 345.889650 356.211962 367.523587 380.104212 394.406440 411.258803 432.546312 465.721727 500.000000 500.000000 500.000000 500.000000 500.000000 500.000000 500.000000 500.000000
164.888078 166.271068 167.735045 169.281086 170.910347 172.624069 174.423588 176.310334 178.285841 180.351756 182.509843 184.761995 187.110243 189.556768 192.103914 194.754197 197.510331 200.375235 203.352061 206.444213 209.655377 212.989547 216.451062 220.044646 223.775454 227.649123 231.671843 235.850421 240.192379 244.706052 249.400718 254.286752 259.375812 264.681067 270.217494 276.002232 282.055053 288.398960 295.060985 302.073246 309.474411 317.311741 325.644042 334.546079 344.115427 354.483678 365.835921 378.447542 392.761947 409.584293 430.717968 462.919008 500.000000 500.000000 500.000000 500.000000 500.000000 500.000000 500.000000
159.595828 160.957230 162.398164 163.919652 165.522796 167.208774 168.978853 170.834388 172.776835 174.807749 176.928800 179.141776 181.448591 183.851301 186.352108 188.953380 191.657658 194.467678 197.386385 200.416956 203.562823 206.827696 210.215597 213.730896 217.378345 221.163130 225.090924 229.167949 233.401050 237.797788 242.366539 247.116628 252.058475 257.203789 262.565799 268.159538 274.002212 280.113666 286.516980 293.239269 300.312745 307.776172 315.676914 324.073879 333.041921 342.678673 353.115692 364.537828 377.219708 391.602583 408.484974 429.643764 461.594271 500.000000 500.000000 500.000000 500.000000 500.000000 500.000000
154.456949 155.798024 157.217270 158.715661 160.294245 161.954145 163.696566 165.522796 167.434217 169.432306 171.518646 173.694928 175.962965 178.324698 180.782206 183.337719 185.993631 188.752510 191.617121 194.590439 197.675671 200.876280 204.196011 207.638922 211.209418 214.912294 218.752778 222.736587 226.869994 231.159899 235.613919 240.240496 245.049024 250.050005 255.255235 260.678041 266.333571 272.239161 278.414802 284.883752 291.673333 298.816005 306.350833 314.325554 322.799549 331.848283 341.570205 352.098005 363.618183 376.407929 390.912879 407.940237 429.289322 461.594271 500.000000 500.000000 500.000000 500.000000 500.000000
149.464695 150.786598 152.185394 153.662015 155.217460 156.852801 158.569187 160.367846 162.250093 164.217332 166.271068 168.412907 170.644569 172.967891 175.384843 177.897532 180.508216 183.219319 186.033441 188.953380 191.982143 195.122976 198.379377 201.755134 205.254347 208.881467 212.641339 216.539244 220.580960 224.772821 229.121799 233.635588 238.322718 243.192679 248.256082 253.524849 259.012448 264.734193 270.707610 276.952920 283.493649 290.357447 297.577175 305.192403 313.251506 321.814703 330.958585 340.783167 351.423420 363.069361 376.004032 390.683944 407.940237 429.643764 462.919008 500.000000 500.000000 500.000000 500.000000
144.612887 145.916676 147.296158 148.752224 150.285831 151.898003 153.589838 155.362509 157.217270 159.155461 161.178513 163.287957 165.485426 167.772668 170.151550 172.624069 175.192365 177.858727 180.625612 183.495656 186.471692 189.556768 192.754170 196.067442 199.500416 203.057245 206.742434 210.560887 214.517952 218.619475 222.871871 227.282197 231.858246 236.608656 241.543040 246.672149 252.008065 257.564442 263.356809 269.402949 275.723385 282.342011 289.286925 296.591544 304.296142 312.450007 321.114562 330.368045 340.312806 351.087274 362.886908 376.004032 390.912879 408.484974 430.717968 465.721727 500.000000 500.000000 500.000000
139.895848 141.182498 142.543709 143.980338 145.493300 147.083579 148.752224 150.500358 152.329179 154.239968 156.234091 158.313009 160.478278 162.731561 165.074635 167.509399 170.037881 172.662254 175.384843 178.208142 181.134825 184.167766 187.310058 190.565031 193.936281 197.427695 201.043481 204.788212 208.666857 212.684842 216.848097 221.163130 225.637102 230.277921 235.094356 240.096172 245.294287 250.700983 256.330141 262.197561 268.321343 274.722393 281.425070 288.458042 295.855443 303.658461 311.917571 320.695789 330.073545 340.156326 351.087274 363.069361 376.407929 391.602583 409.584293 432.546312 470.419601 500.000000 500.000000
135.308349 136.578757 137.922660 139.340881 140.834300 142.403859 144.050565 145.775495 147.579796 149.464695 151.431499 153.481602 155.616493 157.837758 160.147091 162.546299 165.037316 167.622203 170.303170 173.082579 175.962965 178.947045 182.037738 185.238185 188.551770 191.982143 195.533253 199.209375 203.015152 206.955635 211.036334 215.263280 219.643085 224.183032 228.891166 233.776410 238.848703 244.119168 249.600319 255.306314 261.253272 267.459681 273.946909 280.739881 287.867966 295.366181 303.276844 311.651918 320.556416 330.073545 340.312806 351.423420 363.618183 377.219708 392.761947 411.258803 435.192593 478.205505 500.000000
130.845561 132.100557 133.428043 134.828807 136.303698 137.853621 139.479543 141.182498 142.963587 144.823987 146.764951 148.787813 150.893999 153.085025 155.362509 157.728178 160.183873 162.731561 165.373342 168.111464 170.948332 173.886523 176.928800 180.078135 183.337719 186.710996 190.201679 193.813782 197.551657 201.420027 205.424034 209.569285 213.861921 218.308680 222.916980 227.695024 232.651912 237.797788 243.144009 248.703363 254.490326 260.521400 266.815524 273.394616 280.284275 287.514706 295.121988 303.149803 311.651918 320.695789 330.368045 340.783167 352.098005 364.537828 378.447542 394.406440 413.541918 438.762756 500.000000
126.503012 127.743368 129.055260 130.439450 131.896754 133.428043 135.034248 136.716364 138.475450 140.312636 142.229124 144.226195 146.305216 148.467640 150.715016 153.048995 155.471336 157.983919 160.588745 163.287957 166.083843 168.978853 171.975611 175.076932 178.285841 181.605591 185.039685 188.591908 192.266349 196.067442 200.000000 204.069265 208.280957 212.641339 217.157288 221.836379 226.686993 231.718431 236.941071 242.366539 248.007937 253.880111 260.000000 266.387072 273.063886 280.056826 287.397084 295.121988 303.276844 311.917571 321.114562 330.958585 341.570205 353.115692 365.835921 380.104212 396.559196 416.483535 443.431458
122.276556 123.502988 124.800053 126.168487 127.609076 129.122662 130.710141 132.372471 134.110672 135.925832 137.819106 139.791727 141.845006 143.980338 146.199209 148.503201 150.893999 153.373400 155.943319 158.605800 161.363026 164.217332 167.171215 170.227351 173.388610 176.658076 180.039065 183.535152 187.150196 190.888370 194.754197 198.752593 202.888910 207.168991 211.599237 216.186681 220.939075 225.864997 230.973979 236.276660 241.784973 247.512377 253.474139 259.687703 266.173141 272.953749 280.056826 287.514706 295.366181 303.658461 312.450007 321.814703 331.848283 342.678673 354.483678 367.523587 382.207810 399.252792 420.156403
118.162338 119.375513 120.658465 122.011905 123.436592 124.933339 126.503012 128.146534 129.864890 131.659125 133.530356 135.479767 137.508621 139.618258 141.810106 144.085684 146.446609 148.894603 151.431499 154.059254 156.779954 159.595828 162.509259 165.522796 168.639169 171.861310 175.192365 178.635721 182.195028 185.874229 189.677587 193.609726 197.675671 201.880896 206.231384 210.733687 215.395011 220.223303 225.227367 230.416989 235.803104 241.397989 247.215507 253.271404 259.583694 266.173141 273.063886 280.284275 287.867966 295.855443 304.296142 313.251506 322.799549 333.041921 344.115427 356.211962 369.615952 384.782814 402.532057
114.156768 115.357309 116.626814 117.965970 119.375513 120.856228 122.408951 124.034576 125.734052 127.508389 129.358664 131.286019 133.291669 135.376907 137.543106 139.791727 142.124323 144.542548 147.048162 149.643039 152.329179 155.108713 157.983919 160.957230 164.031251 167.208774 170.492792 173.886523 177.393428 181.017242 184.761995 188.632050 192.632142 196.767416 201.043481 205.466470 210.043107 214.780786 219.687674 224.772821 230.046300 235.519377 241.204714 247.116628 253.271404 259.687703 266.387072 273.394616 280.739881 288.458042 296.591544 305.192403 314.325554 324.073879 334.546079 345.889650 358.313727 372.132881 387.861693
110.256495 111.444985 112.701665 114.027203 115.422310 116.887745 118.424319 120.032896 121.714394 123.469789 125.300120 127.206491 129.190076 131.252119 133.393944 135.616960 137.922660 140.312636 142.788578 145.352287 148.005682 150.750805 153.589838 156.525110 159.559109 162.694500 165.934138 169.281086 172.738637 176.310334 180.000000 183.811765 187.750100 191.819858 196.026317 200.375235 204.872909 209.526249 214.342863 219.331156 224.500454 229.861147 235.424869 241.204714 247.215507 253.474139 260.000000 266.815524 273.946909 281.425070 289.286925 297.577175 306.350833 315.676914 325.644042 336.369318 348.013158 360.805891 375.100040
106.458388 107.635374 108.879814 110.192355 111.573688 113.024549 114.545723 116.138046 117.802407 119.539752 121.351086 123.237475 125.200053 127.240024 129.358664 131.557331 133.837468 136.200605 138.648371 141.182498 143.804829 146.517327 149.322085 152.221335 155.217460 158.313009 161.510709 164.813485 168.224473 171.747049 175.384843 179.141776 183.022083 187.030353 191.171569 195.451153 199.875026 204.449666 209.182188 214.080431 219.153067 224.409724 229.861147 235.519377 241.397989 247.512377 253.880111 260.521400 267.459681 274.722393 282.342011 290.357447 298.816005 307.776172 317.311741 327.518117 338.522447 350.500836 363.709868
102.759519 103.925512 105.158260 106.458388 107.826569 109.263516 110.769991 112.346804 113.994819 115.714950 117.508170 119.375513 121.318075 123.337021 125.433584 127.609076 129.864890 132.202501 134.623482 137.129500 139.722329 142.403859 145.176100 148.041196 151.001433 154.059254 157.217270 160.478278 163.845274 167.321476 170.910347 174.615612 178.441296 182.391751 186.471692 190.686243 195.040986 199.542016 204.196011 209.010309 213.993007 219.153067 224.500454 230.046300 235.803104 241.784973 248.007937 254.490326 261.253272 268.321343 275.723385 283.493649 291.673333 300.312745 309.474411 319.237725 329.706136 341.018869 353.371217
99.157138 100.312622 101.534192 102.822458 104.178070 105.601724 107.094159 108.656161 110.288568 111.992268 113.768204 115.617378 117.540852 119.539752 121.615275 123.768688 126.001337 128.314649 130.710141 133.189422 135.754204 138.406305 141.147663 143.980338 146.906528 149.928579 153.048995 156.270455 159.595828 163.028191 166.570847 170.227351 174.001534 177.897532 181.919821 186.073257 190.363116 194.795151 199.375650 204.111507 209.010309 214.080431 219.331156 224.772821 230.416989 236.276660 242.366539 248.703363 255.306314 262.197561 269.402949 276.952920 284.883752 293.239269 302.073246 311.452924 321.464289 332.220383 343.875050
95.648668 96.794097 98.004975 99.281895 100.625489 102.036434 103.515448 105.063296 106.680791 108.368796 110.128226 111.960054 113.865308 115.845083 117.900537 120.032896 122.243465 124.533623 126.904838 129.358664 131.896754 134.520862 137.232857 140.034724 142.928579 145.916676 149.001425 152.185394 155.471336 158.862198 162.361140 165.971558 169.697109 173.541733 177.509690 181.605591 185.834439 190.201679 194.713250 199.375650 204.196011 209.182188 214.342863 219.687674 225.227367 230.973979 236.941071 243.144009 249.600319 256.330141 263.356809 270.707610 278.414802 286.516980 295.060985 304.104620 313.720640 324.002841 335.075775
92.231683 93.367488 94.568131 95.834192 97.166287 98.565074 100.031251 101.565564 103.168802 104.841804 106.585460 108.400715 110.288568 112.250081 114.286376 116.398644 118.588149 120.856228 123.204299 125.633869 128.146534 130.743991 133.428043 136.200605 139.063718 142.019554 145.070430 148.218818 151.467362 154.818888 158.276428 161.843232 165.522796 169.318885 173.235559 177.277209 181.448591 185.754873 190.201679 194.795151 199.542016 204.449666 209.526249 214.780786 220.223303 225.864997 231.718431 237.797788 244.119168 250.700983 257.564442 264.734193 272.239161 280.113666 288.398960 297.145372 306.415393 316.288269 326.867103
88.903904 90.030489 91.221331 92.476995 93.798080 95.185228 96.639119 98.160480 99.750078 101.408731 103.137303 104.936714 106.807935 108.751997 110.769991 112.863073 115.032469 117.279475 119.605468 122.011905 124.500333 127.072393 129.729828 132.474491 135.308349 138.233501 141.252178 144.366762 147.579796 150.893999 154.312280 157.837758 161.473782 165.223955 169.092158 173.082579 177.199752 181.448591 185.834439 190.363116 195.040986 199.875026 204.872909 210.043107 215.395011 220.939075 226.686993 232.651912 238.848703 245.294287 252.008065 259.012448 266.333571 274.002212 282.055053 290.536399 299.500623 309.015707 319.168587
85.663180 86.780930 87.962380 89.208082 90.518621 91.894621 93.336749 94.845708 96.422250 98.067170 99.781310 101.565564 103.420878 105.348255 107.348755 109.423503 111.573688 113.800570 116.105483 118.489843 120.955148 123.502988 126.135051 128.853129 131.659125 134.555066 137.543106 140.625543 143.804829 147.083579 150.464594 153.950871 157.545623 161.252306 165.074635 169.016617 173.082579 177.277209 181.605591 186.073257 190.686243 195.451153 200.375235 205.466470 210.733687 216.186681 221.836379 227.695024 233.776410 240.096172 246.672149 253.524849 260.678041 268.159538 276.002232 284.245510 292.937208 302.136411 311.917571
82.507485 83.616763 84.789210 86.025363 87.325794 88.691114 90.121969 91.619050 93.183088 94.814857 96.515180 98.284927 100.125020 102.036434 104.020203 106.077419 108.209240 110.416889 112.701665 115.064941 117.508170 120.032896 122.640755 125.333482 128.112920 130.981030 133.939896 136.991736 140.138916 143.383960 146.729565 150.178617 153.734206 157.399650 161.178513 165.074635 169.092158 173.235559 177.509690 181.919821 186.471692 191.171569 196.026317 201.043481 206.231384 211.599237 217.157288 222.916980 228.891166 235.094356 241.543040 248.256082 255.255235 262.565799 270.217494 278.245631 286.692710 295.610666 305.064113
79.434904 80.536056 81.699869 82.926865 84.217605 85.572684 86.992736 88.478433 90.030489 91.649660 93.336749 95.092603 96.918122 98.814257 100.782014 102.822458 104.936714 107.125974 109.391500 111.734627 114.156768 116.659420 119.244173 121.912708 124.666815 127.508389 130.439450 133.462144 136.578757 139.791727 143.103657 146.517327 150.035716 153.662015 157.399650 161.252306 165.223955 169.318885 173.541733 177.897532 182.391751 187.030353 191.819858 196.767416 201.880896 207.168991 212.641339 218.308680 224.183032 230.277921 236.608656 243.192679 250.050005 257.203789 264.681067 272.513737 280.739881 289.405603 298.567629
76.443628 77.536984 78.692511 79.910724 81.192168 82.537427 83.947119 85.421901 86.962471 88.569568 90.243975 91.986520 93.798080 95.679583 97.632009 99.656398 101.753845 103.925512 106.172627 108.496488 110.898471 113.380032 115.942713 118.588149 121.318075 124.134333 127.038876 130.033785 133.121273 136.303698 139.583574 142.963587 146.446609 150.035716 153.734206 157.545623 161.473782 165.522796 169.697109 174.001534 178.441296 183.022083 187.750100 192.632142 197.675671 202.888910 208.280957 213.861921 219.643085 225.637102 231.858246 238.322718 245.049024 252.058475 259.375812 267.030045 275.055562 283.493649 292.394605
73.531947 74.617819 75.765395 76.975178 78.247703 79.583540 80.983294 82.447608 83.977164 85.572684 87.234934 88.964722 90.762905 92.630389 94.568131 96.577145 98.658500 100.813327 103.042823 105.348255 107.730960 110.192355 112.733942 115.357309 118.064142 120.856228 123.735465 126.703871 129.763589 132.916903 136.166247 139.514217 142.963587 146.517327 150.178617 153.950871 157.837758 161.843232 165.971558 170.227351 174.615612 179.141776 183.811765 188.632050 193.609726 198.752593 204.069265 209.569285 215.263280 221.163130 227.282197 233.635588 240.240496 247.116628 254.286752 261.777415 269.619879 277.851401 286.516980
