avaframe/data/avaTripleBowl/Inputs/DEM_BL_Topo.asc
nCols  201
nRows  201
xllcenter  -500.00
yllcenter -500.00
cellsize  5.00
nodata_value -9999.00
[rows 130 to 155 of 201, columns 118 to 176 of 201]
31.598463 32.586906 33.631047 34.731260 35.887945 37.101523 38.372444 39.701184 41.088244 42.534154 44.039475 45.604798 47.230743 48.917968 50.667161 52.479051 54.354401 56.294016 58.298743 60.369473 62.507143 64.712739 66.987298 69.331914 71.747738 74.235981 76.797921 79.434904 82.148352 84.939763 87.810723 90.762905 93.798080 96.918122 100.125020 103.420878 106.807935 110.288568 113.865308 117.540852 121.318075 125.200053 129.190076 133.291669 137.508621 141.845006 146.305216 150.893999 155.616493 160.478278 165.485426 170.644569 175.962965 181.448591 187.110243 192.957658 199.001661 205.254347 211.729294
33.229178 34.221082 35.268895 36.372995 37.533785 38.751694 40.027175 41.360708 42.752802 44.203993 45.714847 47.285962 48.917968 50.611527 52.367338 54.186137 56.068699 58.015837 60.028410 62.107319 64.253514 66.467994 68.751812 71.106074 73.531947 76.030661 78.603512 81.251866 83.977164 86.780930 89.664771 92.630389 95.679583 98.814257 102.036434 105.348255 108.751997 112.250081 115.845083 119.539752 123.337021 127.240024 131.252119 135.376907 139.618258 143.980338 148.467640 153.085025 157.837758 162.731561 167.772668 172.967891 178.324698 183.851301 189.556768 195.451153 201.545648 207.852777 214.386625
34.919362 35.914878 36.966524 38.074681 39.239759 40.462189 41.742431 43.080970 44.478321 45.935027 47.451660 49.028826 50.667161 52.367338 54.130064 55.956083 57.846181 59.801181 61.821954 63.909413 66.064521 68.288291 70.581789 72.946139 75.382525 77.892194 80.476461 83.136713 85.874415 88.691114 91.588443 94.568131 97.632009 100.782014 104.020203 107.348755 110.769991 114.286376 117.900537 121.615275 125.433584 129.358664 133.393944 137.543106 141.810106 146.199209 150.715016 155.362509 160.147091 165.074635 170.151550 175.384843 180.782206 186.352108 192.103914 198.048017 204.196011 210.560887 217.157288
36.669664 37.668950 38.724594 39.836985 41.006536 42.233684 43.518894 44.862658 46.265496 47.727958 49.250624 50.834106 52.479051 54.186137 55.956083 57.789643 59.687611 61.650824 63.680163 65.776555 67.940976 70.174454 72.478071 74.852967 77.300343 79.821467 82.417673 85.090371 87.841050 90.671281 93.582727 96.577145 99.656398 102.822458 106.077419 109.423503 112.863073 116.398644 120.032896 123.768688 127.609076 131.557331 135.616960 139.791727 144.085684 148.503201 153.048995 157.728178 162.546299 167.509399 172.624069 177.897532 183.337719 188.953380 194.754197 200.750940 206.955635 213.381787 220.044646
38.480770 39.483985 40.543800 41.660606 42.834822 44.066891 45.357283 46.706497 48.115059 49.583526 51.112486 52.702560 54.354401 56.068699 57.846181 59.687611 61.593796 63.565583 65.603867 67.709588 69.883737 72.127355 74.441543 76.827458 79.286321 81.819417 84.428105 87.113817 89.878067 92.722453 95.648668 98.658500 101.753845 104.936714 108.209240 111.573688 115.032469 118.588149 122.243465 126.001337 129.864890 133.837468 137.922660 142.124323 146.446609 150.893999 155.471336 160.183873 165.037316 170.037881 175.192365 180.508216 185.993631 191.657658 197.510331 203.562823 209.827637 216.318841 223.052352
40.353397 41.360708 42.424870 43.546278 44.725358 45.962557 47.258352 48.613248 50.027779 51.502508 53.038033 54.634981 56.294016 58.015837 59.801181 61.650824 63.565583 65.546320 67.593941 69.709401 71.893705 74.147913 76.473141 78.870566 81.341428 83.887035 86.508767 89.208082 91.986520 94.845708 97.787370 100.813327 103.925512 107.125974 110.416889 113.800570 117.279475 120.856228 124.533623 128.314649 132.202501 136.200605 140.312636 144.542548 148.894603 153.373400 157.983919 162.731561 167.622203 172.662254 177.858727 183.219319 188.752510 194.467678 200.375235 206.486798 212.815390 219.375696 226.184369
42.288300 43.299880 44.368570 45.494775 46.678922 47.921467 49.222893 50.583712 52.004464 53.485723 55.028091 56.632207 58.298743 60.028410 61.821954 63.680163 65.603867 67.593941 69.651304 71.776927 73.971832 76.237095 78.573850 80.983294 83.466688 86.025363 88.660724 91.374254 94.167522 97.042186 100.000000 103.042823 106.172627 109.391500 112.701665 116.105483 119.605468 123.204299 126.904838 130.710141 134.623482 138.648371 142.788578 147.048162 151.431499 155.943319 160.588745 165.373342 170.303170 175.384843 180.625612 186.033441 191.617121 197.386385 203.352061 209.526249 215.922546 222.556312 229.445015
44.286274 45.302298 46.375706 47.506906 48.696333 49.944448 51.251741 52.618731 54.045966 55.534028 57.083529 58.695117 60.369473 62.107319 63.909413 65.776555 67.709588 69.709401 71.776927 73.913154 76.119121 78.395920 80.744708 83.166700 85.663180 88.235504 90.885102 93.613484 96.422250 99.313090 102.287792 105.348255 108.496488 111.734627 115.064941 118.489843 122.011905 125.633869 129.358664 133.189422 137.129500 141.182498 145.352287 149.643039 154.059254 158.605800 163.287957 168.111464 173.082579 178.208142 183.495656 188.953380 194.590439 200.416956 206.444213 212.684842 219.153067 225.864997 232.839000
46.348151 47.368804 48.447124 49.583526 50.778451 52.032367 53.345771 54.719190 56.153180 57.648330 59.205263 60.824636 62.507143 64.253514 66.064521 67.940976 69.883737 71.893705 73.971832 76.119121 78.336627 80.625466 82.986811 85.421901 87.932044 90.518621 93.183088 95.926987 98.751947 101.659693 104.652052 107.730960 110.898471 114.156768 117.508170 120.955148 124.500333 128.146534 131.896754 135.754204 139.722329 143.804829 148.005682 152.329179 156.779954 161.363026 166.083843 170.948332 175.962965 181.134825 186.471692 191.982143 197.675671 203.562823 209.655377 215.966551 222.511261 229.306446 236.371473
48.474807 49.500277 50.583712 51.725531 52.926181 54.186137 55.505906 56.886019 58.327044 59.829578 61.394254 63.021740 64.712739 66.467994 68.288291 70.174454 72.127355 74.147913 76.237095 78.395920 80.625466 82.926865 85.301314 87.750076 90.274482 92.875940 95.555937 98.316045 101.157926 104.083342 107.094159 110.192355 113.380032 116.659420 120.032896 123.502988 127.072393 130.743991 134.520862 138.406305 142.403859 146.517327 150.750805 155.108713 159.595828 164.217332 168.978853 173.886523 178.947045 184.167766 189.556768 195.122976 200.876280 206.827696 212.989547 219.375696 226.001825 232.885792 240.048081
50.667161 51.697647 52.786405 53.933861 55.140472 56.406718 57.733112 59.120198 60.568549 62.078774 63.651515 65.287451 66.987298 68.751812 70.581789 72.478071 74.441543 76.473141 78.573850 80.744708 82.986811 85.301314 87.689437 90.152467 92.691763 95.308760 98.004975 100.782014 103.641576 106.585460 109.615574 112.733942 115.942713 119.244173 122.640755 126.135051 129.729828 133.428043 137.232857 141.147663 145.176100 149.322085 153.589838 157.983919 162.509259 167.171215 171.975611 176.928800 182.037738 187.310058 192.754170 198.379377 204.196011 210.215597 216.451062 222.916980 229.629883 236.608656 243.875031
52.926181 53.961885 55.056183 56.209509 57.422323 58.695117 60.028410 61.422755 62.878735 64.396970 65.978111 67.622850 69.331914 71.106074 72.946139 74.852967 76.827458 78.870566 80.983294 83.166700 85.421901 87.750076 90.152467 92.630389 95.185228 97.818449 100.531603 103.326331 106.204368 109.167555 112.217845 115.357309 118.588149 121.912708 125.333482 128.853129 132.474491 136.200605 140.034724 143.980338 148.041196 152.221335 156.525110 160.957230 165.522796 170.227351 175.076932 180.078135 185.238185 190.565031 196.067442 201.755134 207.638922 213.730896 220.044646 226.595538 233.401050 240.481215 247.859166
55.252881 56.294016 57.394080 58.553514 59.772786 61.052395 62.392870 63.794773 65.258698 66.785273 68.375163 70.029071 71.747738 73.531947 75.382525 77.300343 79.286321 81.341428 83.466688 85.663180 87.932044 90.274482 92.691763 95.185228 97.756293 100.406457 103.137303 105.950511 108.847856 111.831222 114.902610 118.064142 121.318075 124.666815 128.112920 131.659125 135.308349 139.063718 142.928579 146.906528 151.001433 155.217460 159.559109 164.031251 168.639169 173.388610 178.285841 183.337719 188.551770 193.936281 199.500416 205.254347 211.209418 217.378345 223.775454 230.416989 237.321489 244.510274 252.008065
57.648330 58.695117 59.801181 60.966972 62.192965 63.479668 64.827620 66.237392 67.709588 69.244849 70.843851 72.507310 74.235981 76.030661 77.892194 79.821467 81.819417 83.887035 86.025363 88.235504 90.518621 92.875940 95.308760 97.818449 100.406457 103.074314 105.823644 108.656161 111.573688 114.578153 117.671607 120.856228 124.134333 127.508389 130.981030 134.555066 138.233501 142.019554 145.916676 149.928579 154.059254 158.313009 162.694500 167.208774 171.861310 176.658076 181.605591 186.710996 191.982143 197.427695 203.057245 208.881467 214.912294 221.163130 227.649123 234.387500 241.397989 248.703363 256.330141
60.113651 61.166319 62.278627 63.451034 64.684023 65.978111 67.333847 68.751812 70.232621 71.776927 73.385420 75.058828 76.797921 78.603512 80.476461 82.417673 84.428105 86.508767 88.660724 90.885102 93.183088 95.555937 98.004975 100.531603 103.137303 105.823644 108.592284 111.444985 114.383610 117.410141 120.526681 123.735465 127.038876 130.439450 133.939896 137.543106 141.252178 145.070430 149.001425 153.048995 157.217270 161.510709 165.934138 170.492792 175.192365 180.039065 185.039685 190.201679 195.533253 201.043481 206.742434 212.641339 218.752778 225.090924 231.671843 238.513863 245.638053 253.068836 260.834785
62.650026 63.708813 64.827620 66.006912 67.247184 68.548960 69.912800 71.339295 72.829074 74.382801 76.001179 77.684952 79.434904 81.251866 83.136713 85.090371 87.113817 89.208082 91.374254 93.613484 95.926987 98.316045 100.782014 103.326331 105.950511 108.656161 111.444985 114.318784 117.279475 120.329090 123.469789 126.703871 130.033785 133.462144 136.991736 140.625543 144.366762 148.218818 152.185394 156.270455 160.478278 164.813485 169.281086 173.886523 178.635721 183.535152 188.591908 193.813782 199.209375 204.788212 210.560887 216.539244 222.736587 229.167949 235.850421 242.803577 250.050005 257.616007 265.532518
65.258698 66.323854 67.449425 68.635885 69.883737 71.193517 72.565795 74.001174 75.500294 77.063835 78.692511 80.387083 82.148352 83.977164 85.874415 87.841050 89.878067 91.986520 94.167522 96.422250 98.751947 101.157926 103.641576 106.204368 108.847856 111.573688 114.383610 117.279475 120.263249 123.337021 126.503012 129.763589 133.121273 136.578757 140.138916 143.804829 147.579796 151.467362 155.471336 159.595828 163.845274 168.224473 172.738637 177.393428 182.195028 187.150196 192.266349 197.551657 203.015152 208.666857 214.517952 220.580960 226.869994 233.401050 240.192379 247.264961 254.643117 262.355307 270.435194
67.940976 69.012761 70.145373 71.339295 72.595040 73.913154 75.294219 76.738851 78.247703 79.821467 81.460874 83.166700 84.939763 86.780930 88.691114 90.671281 92.722453 94.845708 97.042186 99.313090 101.659693 104.083342 106.585460 109.167555 111.831222 114.578153 117.410141 120.329090 123.337021 126.436083 129.628565 132.916903 136.303698 139.791727 143.383960 147.083579 150.893999 154.818888 158.862198 163.028191 167.321476 171.747049 176.310334 181.017242 185.874229 190.888370 196.067442 201.420027 206.955635 212.684842 218.619475 224.772821 231.159899 237.797788 244.706052 251.907275 259.427766 267.298474 275.556243
70.698241 71.776927 72.916870 74.118561 75.382525 76.709320 78.099538 79.553808 81.072799 82.657215 84.307806 86.025363 87.810723 89.664771 91.588443 93.582727 95.648668 97.787370 100.000000 102.287792 104.652052 107.094159 109.615574 112.217845 114.902610 117.671607 120.526681 123.469789 126.503012 129.628565 132.848805 136.166247 139.583574 143.103657 146.729565 150.464594 154.312280 158.276428 162.361140 166.570847 170.910347 175.384843 180.000000 184.761995 189.677587 194.754197 200.000000 205.424034 211.036334 216.848097 222.871871 229.121799 235.613919 242.366539 249.400718 256.740879 264.415620 272.458795 280.910977
73.531947 74.617819 75.765395 76.975178 78.247703 79.583540 80.983294 82.447608 83.977164 85.572684 87.234934 88.964722 90.762905 92.630389 94.568131 96.577145 98.658500 100.813327 103.042823 105.348255 107.730960 110.192355 112.733942 115.357309 118.064142 120.856228 123.735465 126.703871 129.763589 132.916903 136.166247 139.514217 142.963587 146.517327 150.178617 153.950871 157.837758 161.843232 165.971558 170.227351 174.615612 179.141776 183.811765 188.632050 193.609726 198.752593 204.069265 209.569285 215.263280 221.163130 227.282197 233.635588 240.240496 247.116628 254.286752 261.777415 269.619879 277.851401 286.516980
76.443628 77.536984 78.692511 79.910724 81.192168 82.537427 83.947119 85.421901 86.962471 88.569568 90.243975 91.986520 93.798080 95.679583 97.632009 99.656398 101.753845 103.925512 106.172627 108.496488 110.898471 113.380032 115.942713 118.588149 121.318075 124.134333 127.038876 130.033785 133.121273 136.303698 139.583574 142.963587 146.446609 150.035716 153.734206 157.545623 161.473782 165.522796 169.697109 174.001534 178.441296 183.022083 187.750100 192.632142 197.675671 202.888910 208.280957 213.861921 219.643085 225.637102 231.858246 238.322718 245.049024 252.058475 259.375812 267.030045 275.055562 283.493649 292.394605
79.434904 80.536056 81.699869 82.926865 84.217605 85.572684 86.992736 88.478433 90.030489 91.649660 93.336749 95.092603 96.918122 98.814257 100.782014 102.822458 104.936714 107.125974 109.391500 111.734627 114.156768 116.659420 119.244173 121.912708 124.666815 127.508389 130.439450 133.462144 136.578757 139.791727 143.103657 146.517327 150.035716 153.662015 157.399650 161.252306 165.223955 169.318885 173.541733 177.897532 182.391751 187.030353 191.819858 196.767416 201.880896 207.168991 212.641339 218.308680 224.183032 230.277921 236.608656 243.192679 250.050005 257.203789 264.681067 272.513737 280.739881 289.405603 298.567629
82.507485 83.616763 84.789210 86.025363 87.325794 88.691114 90.121969 91.619050 93.183088 94.814857 96.515180 98.284927 100.125020 102.036434 104.020203 106.077419 108.209240 110.416889 112.701665 115.064941 117.508170 120.032896 122.640755 125.333482 128.112920 130.981030 133.939896 136.991736 140.138916 143.383960 146.729565 150.178617 153.734206 157.399650 161.178513 165.074635 169.092158 173.235559 177.509690 181.919821 186.471692 191.171569 196.026317 201.043481 206.231384 211.599237 217.157288 222.916980 228.891166 235.094356 241.543040 248.256082 255.255235 262.565799 270.217494 278.245631 286.692710 295.610666 305.064113
85.663180 86.780930 87.962380 89.208082 90.518621 91.894621 93.336749 94.845708 96.422250 98.067170 99.781310 101.565564 103.420878 105.348255 107.348755 109.423503 111.573688 113.800570 116.105483 118.489843 120.955148 123.502988 126.135051 128.853129 131.659125 134.555066 137.543106 140.625543 143.804829 147.083579 150.464594 153.950871 157.545623 161.252306 165.074635 169.016617 173.082579 177.277209 181.605591 186.073257 190.686243 195.451153 200.375235 205.466470 210.733687 216.186681 221.836379 227.695024 233.776410 240.096172 246.672149 253.524849 260.678041 268.159538 276.002232 284.245510 292.937208 302.136411 311.917571
88.903904 90.030489 91.221331 92.476995 93.798080 95.185228 96.639119 98.160480 99.750078 101.408731 103.137303 104.936714 106.807935 108.751997 110.769991 112.863073 115.032469 117.279475 119.605468 122.011905 124.500333 127.072393 129.729828 132.474491 135.308349 138.233501 141.252178 144.366762 147.579796 150.893999 154.312280 157.837758 161.473782 165.223955 169.092158 173.082579 177.199752 181.448591 185.834439 190.363116 195.040986 199.875026 204.872909 210.043107 215.395011 220.939075 226.686993 232.651912 238.848703 245.294287 252.008065 259.012448 266.333571 274.002212 282.055053 290.536399 299.500623 309.015707 319.168587
92.231683 93.367488 94.568131 95.834192 97.166287 98.565074 100.031251 101.565564 103.168802 104.841804 106.585460 108.400715 110.288568 112.250081 114.286376 116.398644 118.588149 120.856228 123.204299 125.633869 128.146534 130.743991 133.428043 136.200605 139.063718 142.019554 145.070430 148.218818 151.467362 154.818888 158.276428 161.843232 165.522796 169.318885 173.235559 177.277209 181.448591 185.754873 190.201679 194.795151 199.542016 204.449666 209.526249 214.780786 220.223303 225.864997 231.718431 237.797788 244.119168 250.700983 257.564442 264.734193 272.239161 280.113666 288.398960 297.145372 306.415393 316.288269 326.867103
