avaframe/data/avaTripleBowl/Inputs/DEM_BL_Topo.asc
nCols  201
nRows  201
xllcenter  -500.00
yllcenter -500.00
cellsize  5.00
nodata_value -9999.00
[rows 130 to 155 of 201, columns 0 to 58 of 201]
500.000000 500.000000 500.000000 500.000000 500.000000 456.698730 418.759616 393.816197 373.904798 356.909120 341.886117 328.317153 315.880474 304.360025 293.602326 283.493649 273.946909 264.893641 256.278848 248.057546 240.192379 232.651912 225.409396 218.441835 211.729294 205.254347 199.001661 192.957658 187.110243 181.448591 175.962965 170.644569 165.485426 160.478278 155.616493 150.893999 146.305216 141.845006 137.508621 133.291669 129.190076 125.200053 121.318075 117.540852 113.865308 110.288568 106.807935 103.420878 100.125020 96.918122 93.798080 90.762905 87.810723 84.939763 82.148352 79.434904 76.797921 74.235981 71.747738
500.000000 500.000000 500.000000 500.000000 500.000000 481.291713 428.760966 401.257912 380.104212 362.341001 346.784466 332.817465 320.069458 308.297105 297.330318 287.044606 277.345559 268.159538 259.427766 251.102431 243.144009 235.519377 228.200442 221.163130 214.386625 207.852777 201.545648 195.451153 189.556768 183.851301 178.324698 172.967891 167.772668 162.731561 157.837758 153.085025 148.467640 143.980338 139.618258 135.376907 131.252119 127.240024 123.337021 119.539752 115.845083 112.250081 108.751997 105.348255 102.036434 98.814257 95.679583 92.630389 89.664771 86.780930 83.977164 81.251866 78.603512 76.030661 73.531947
500.000000 500.000000 500.000000 500.000000 500.000000 500.000000 440.839202 409.584293 386.862915 368.185737 352.013514 337.596182 324.500712 312.450007 301.253931 290.775240 280.910977 271.581524 262.723790 254.286752 246.228449 238.513863 231.113407 224.001812 217.157288 210.560887 204.196011 198.048017 192.103914 186.352108 180.782206 175.384843 170.151550 165.074635 160.147091 155.362509 150.715016 146.199209 141.810106 137.543106 133.393944 129.358664 125.433584 121.615275 117.900537 114.286376 110.769991 107.348755 104.020203 100.782014 97.632009 94.568131 91.588443 88.691114 85.874415 83.136713 80.476461 77.892194 75.382525
500.000000 500.000000 500.000000 500.000000 500.000000 500.000000 456.698730 419.067930 394.288127 374.500996 357.609691 342.678673 329.193091 316.833409 305.384995 294.695348 284.651445 275.166728 266.173141 257.616007 249.450604 241.639786 234.152299 226.961541 220.044646 213.381787 206.955635 200.750940 194.754197 188.953380 183.337719 177.897532 172.624069 167.509399 162.546299 157.728178 153.048995 148.503201 144.085684 139.791727 135.616960 131.557331 127.609076 123.768688 120.032896 116.398644 112.863073 109.423503 106.077419 102.822458 99.656398 96.577145 93.582727 90.671281 87.841050 85.090371 82.417673 79.821467 77.300343
500.000000 500.000000 500.000000 500.000000 500.000000 500.000000 485.857864 430.178800 402.532057 381.361895 363.618183 348.095425 334.168760 321.464289 309.737024 298.816005 288.576255 278.923090 269.782711 261.096254 252.815858 244.901980 237.321489 230.046300 223.052352 216.318841 209.827637 203.562823 197.510331 191.657658 185.993631 180.508216 175.192365 170.037881 165.037316 160.183873 155.471336 150.893999 146.446609 142.124323 137.922660 133.837468 129.864890 126.001337 122.243465 118.588149 115.032469 111.573688 108.209240 104.936714 101.753845 98.658500 95.648668 92.722453 89.878067 87.113817 84.428105 81.819417 79.286321
500.000000 500.000000 500.000000 500.000000 500.000000 500.000000 500.000000 443.875139 411.824040 388.869446 370.096189 353.883608 339.454056 326.362446 314.325554 303.149803 292.695876 282.859492 273.560163 264.734193 256.330141 248.305741 240.625753 233.260427 226.184369 219.375696 212.815390 206.486798 200.375235 194.467678 188.752510 183.219319 177.858727 172.662254 167.622203 162.731561 157.983919 153.373400 148.894603 144.542548 140.312636 136.200605 132.202501 128.314649 124.533623 120.856228 117.279475 113.800570 110.416889 107.125974 103.925512 100.813327 97.787370 94.845708 91.986520 89.208082 86.508767 83.887035 81.341428
500.000000 500.000000 500.000000 500.000000 500.000000 500.000000 500.000000 462.919008 422.540333 397.165181 377.117943 360.089314 345.080666 331.551195 319.168587 307.711155 297.022169 286.985916 277.514045 268.537260 260.000000 251.856896 244.070322 236.608656 229.445015 222.556312 215.922546 209.526249 203.352061 197.386385 191.617121 186.033441 180.625612 175.384843 170.303170 165.373342 160.588745 155.943319 151.431499 147.048162 142.788578 138.648371 134.623482 130.710141 126.904838 123.204299 119.605468 116.105483 112.701665 109.391500 106.172627 103.042823 100.000000 97.042186 94.167522 91.374254 88.660724 86.025363 83.466688
500.000000 500.000000 500.000000 500.000000 500.000000 500.000000 500.000000 500.000000 435.385760 406.458565 384.782814 366.770874 351.087274 337.058293 324.287166 312.516667 301.568652 291.313632 281.653944 272.513737 263.832686 255.561869 247.660942 240.096172 232.839000 225.864997 219.153067 212.684842 206.444213 200.416956 194.590439 188.953380 183.495656 178.208142 173.082579 168.111464 163.287957 158.605800 154.059254 149.643039 145.352287 141.182498 137.129500 133.189422 129.358664 125.633869 122.011905 118.489843 115.064941 111.734627 108.496488 105.348255 102.287792 99.313090 96.422250 93.613484 90.885102 88.235504 85.663180
500.000000 500.000000 500.000000 500.000000 500.000000 500.000000 500.000000 500.000000 452.041685 417.084380 393.229217 374.003968 357.521932 342.917219 329.706136 317.585637 306.350833 295.855443 285.990654 276.672886 267.836265 259.427766 251.403942 243.728659 236.371473 229.306446 222.511261 215.966551 209.655377 203.562823 197.675671 191.982143 186.471692 181.134825 175.962965 170.948332 166.083843 161.363026 156.779954 152.329179 148.005682 143.804829 139.722329 135.754204 131.896754 128.146534 124.500333 120.955148 117.508170 114.156768 110.898471 107.730960 104.652052 101.659693 98.751947 95.926987 93.183088 90.518621 87.932044
500.000000 500.000000 500.000000 500.000000 500.000000 500.000000 500.000000 500.000000 480.635083 429.643764 402.660388 381.889882 364.445583 349.168969 335.455173 322.940688 311.386639 300.625980 290.536399 281.025116 272.019738 263.462477 255.306314 247.512377 240.048081 232.885792 226.001825 219.375696 212.989547 206.827696 200.876280 195.122976 189.556768 184.167766 178.947045 173.886523 168.978853 164.217332 159.595828 155.108713 150.750805 146.517327 142.403859 138.406305 134.520862 130.743991 127.072393 123.502988 120.032896 116.659420 113.380032 110.192355 107.094159 104.083342 101.157926 98.316045 95.555937 92.875940 90.274482
500.000000 500.000000 500.000000 500.000000 500.000000 500.000000 500.000000 500.000000 500.000000 445.456439 413.397460 390.569657 371.937515 355.864647 341.570205 328.608635 316.696972 305.642083 295.305105 285.582184 276.393202 267.674797 259.375812 251.454230 243.875031 236.608656 229.629883 222.916980 216.451062 210.215597 204.196011 198.379377 192.754170 187.310058 182.037738 176.928800 171.975611 167.171215 162.509259 157.983919 153.589838 149.322085 145.176100 141.147663 137.232857 133.428043 129.729828 126.135051 122.640755 119.244173 115.942713 112.733942 109.615574 106.585460 103.641576 100.782014 98.004975 95.308760 92.691763
500.000000 500.000000 500.000000 500.000000 500.000000 500.000000 500.000000 500.000000 500.000000 469.177930 426.006757 400.250313 380.104212 363.069361 348.095425 334.621646 322.306444 310.923296 300.312745 290.357447 280.968039 272.074574 263.621067 255.561869 247.859166 240.481215 233.401050 226.595538 220.044646 213.730896 207.638922 201.755134 196.067442 190.565031 185.238185 180.078135 175.076932 170.227351 165.522796 160.957230 156.525110 152.221335 148.041196 143.980338 140.034724 136.200605 132.474491 128.853129 125.333482 121.912708 118.588149 115.357309 112.217845 109.167555 106.204368 103.326331 100.531603 97.818449 95.185228
500.000000 500.000000 500.000000 500.000000 500.000000 500.000000 500.000000 500.000000 500.000000 500.000000 441.690481 411.258803 389.094635 370.868284 355.086233 341.018869 328.244360 316.492507 305.577779 295.366181 285.757147 276.672886 268.051730 259.843801 252.008065 244.510274 237.321489 230.416989 223.775454 217.378345 211.209418 205.254347 199.500416 193.936281 188.551770 183.337719 178.285841 173.388610 168.639169 164.031251 159.559109 155.217460 151.001433 146.906528 142.928579 139.063718 135.308349 131.659125 128.112920 124.666815 121.318075 118.064142 114.902610 111.831222 108.847856 105.950511 103.137303 100.406457 97.756293
500.000000 500.000000 500.000000 500.000000 500.000000 500.000000 500.000000 500.000000 500.000000 500.000000 464.292858 424.171246 399.128795 379.376619 362.613683 347.848759 334.546079 322.376803 311.121732 300.625980 290.775240 281.482266 272.678642 264.309525 256.330141 248.703363 241.397989 234.387500 227.649123 221.163130 214.912294 208.881467 203.057245 197.427695 191.982143 186.710996 181.605591 176.658076 171.861310 167.208774 162.694500 158.313009 154.059254 149.928579 145.916676 142.019554 138.233501 134.555066 130.981030 127.508389 124.134333 120.856228 117.671607 114.578153 111.573688 108.656161 105.823644 103.074314 100.406457
500.000000 500.000000 500.000000 500.000000 500.000000 500.000000 500.000000 500.000000 500.000000 500.000000 500.000000 440.208696 410.557281 388.757023 370.771520 355.172516 341.254921 328.608635 316.969948 306.157280 296.039219 286.516980 277.514045 268.969699 260.834785 253.068836 245.638053 238.513863 231.671843 225.090924 218.752778 212.641339 206.742434 201.043481 195.533253 190.201679 185.039685 180.039065 175.192365 170.492792 165.934138 161.510709 157.217270 153.048995 149.001425 145.070430 141.252178 137.543106 133.939896 130.439450 127.038876 123.735465 120.526681 117.410141 114.383610 111.444985 108.592284 105.823644 103.137303
500.000000 500.000000 500.000000 500.000000 500.000000 500.000000 500.000000 500.000000 500.000000 500.000000 500.000000 463.257654 424.006579 399.252792 379.687906 363.069361 348.424936 335.227429 323.152608 311.984043 301.568652 291.793372 282.571851 273.836342 265.532518 257.616007 250.050005 242.803577 235.850421 229.167949 222.736587 216.539244 210.560887 204.788212 199.209375 193.813782 188.591908 183.535152 178.635721 173.886523 169.281086 164.813485 160.478278 156.270455 152.185394 148.218818 144.366762 140.625543 136.991736 133.462144 130.033785 126.703871 123.469789 120.329090 117.279475 114.318784 111.444985 108.656161 105.950511
500.000000 500.000000 500.000000 500.000000 500.000000 500.000000 500.000000 500.000000 500.000000 500.000000 500.000000 500.000000 440.839202 411.258803 389.546390 371.645023 356.125054 342.281897 329.706136 318.134665 307.386397 297.330318 287.867966 278.923090 270.435194 262.355307 254.643117 247.264961 240.192379 233.401050 226.869994 220.580960 214.517952 208.666857 203.015152 197.551657 192.266349 187.150196 182.195028 177.393428 172.738637 168.224473 163.845274 159.595828 155.471336 151.467362 147.579796 143.804829 140.138916 136.578757 133.121273 129.763589 126.503012 123.337021 120.263249 117.279475 114.383610 111.573688 108.847856
500.000000 500.000000 500.000000 500.000000 500.000000 500.000000 500.000000 500.000000 500.000000 500.000000 500.000000 500.000000 465.721727 425.501678 400.626965 381.046227 364.445583 349.833426 336.675170 324.643221 313.519438 303.149803 293.420717 284.245510 275.556243 267.298474 259.427766 251.907275 244.706052 237.797788 231.159899 224.772821 218.619475 212.684842 206.955635 201.420027 196.067442 190.888370 185.874229 181.017242 176.310334 171.747049 167.321476 163.028191 158.862198 154.818888 150.893999 147.083579 143.383960 139.791727 136.303698 132.916903 129.628565 126.436083 123.337021 120.329090 117.410141 114.578153 111.831222
500.000000 500.000000 500.000000 500.000000 500.000000 500.000000 500.000000 500.000000 500.000000 500.000000 500.000000 500.000000 500.000000 443.652862 413.397460 391.487328 373.508894 357.961273 344.115427 331.551195 320.000000 309.277689 299.251401 289.821504 280.910977 272.458795 264.415620 256.740879 249.400718 242.366539 235.613919 229.121799 222.871871 216.848097 211.036334 205.424034 200.000000 194.754197 189.677587 184.761995 180.000000 175.384843 170.910347 166.570847 162.361140 158.276428 154.312280 150.464594 146.729565 143.103657 139.583574 136.166247 132.848805 129.628565 126.503012 123.469789 120.526681 117.671607 114.902610
500.000000 500.000000 500.000000 500.000000 500.000000 500.000000 500.000000 500.000000 500.000000 500.000000 500.000000 500.000000 500.000000 472.613872 428.760966 403.304602 383.488198 366.770874 352.098005 338.909963 326.867103 315.744742 305.384995 295.671833 286.516980 277.851401 269.619879 261.777415 254.286752 247.116628 240.240496 233.635588 227.282197 221.163130 215.263280 209.569285 204.069265 198.752593 193.609726 188.632050 183.811765 179.141776 174.615612 170.227351 165.971558 161.843232 157.837758 153.950871 150.178617 146.517327 142.963587 139.514217 136.166247 132.916903 129.763589 126.703871 123.735465 120.856228 118.064142
500.000000 500.000000 500.000000 500.000000 500.000000 500.000000 500.000000 500.000000 500.000000 500.000000 500.000000 500.000000 500.000000 500.000000 449.009805 417.084380 394.643462 376.407929 360.716117 346.784466 334.168760 322.588050 311.851123 301.820788 292.394605 283.493649 275.055562 267.030045 259.375812 252.058475 245.049024 238.322718 231.858246 225.637102 219.643085 213.861921 208.280957 202.888910 197.675671 192.632142 187.750100 183.022083 178.441296 174.001534 169.697109 165.522796 161.473782 157.545623 153.734206 150.035716 146.446609 142.963587 139.583574 136.303698 133.121273 130.033785 127.038876 124.134333 121.318075
500.000000 500.000000 500.000000 500.000000 500.000000 500.000000 500.000000 500.000000 500.000000 500.000000 500.000000 500.000000 500.000000 500.000000 491.339746 434.045470 407.398704 387.084102 370.096189 355.258852 341.965194 329.853005 318.685356 308.297105 298.567629 289.405603 280.739881 272.513737 264.681067 257.203789 250.050005 243.192679 236.608656 230.277921 224.183032 218.308680 212.641339 207.168991 201.880896 196.767416 191.819858 187.030353 182.391751 177.897532 173.541733 169.318885 165.223955 161.252306 157.399650 153.662015 150.035716 146.517327 143.103657 139.791727 136.578757 133.462144 130.439450 127.508389 124.666815
500.000000 500.000000 500.000000 500.000000 500.000000 500.000000 500.000000 500.000000 500.000000 500.000000 500.000000 500.000000 500.000000 500.000000 500.000000 457.869251 422.540333 399.128795 380.417393 364.445583 350.333705 337.596182 325.931048 315.135185 305.064113 295.610666 286.692710 278.245631 270.217494 262.565799 255.255235 248.256082 241.543040 235.094356 228.891166 222.916980 217.157288 211.599237 206.231384 201.043481 196.026317 191.171569 186.471692 181.919821 177.509690 173.235559 169.092158 165.074635 161.178513 157.399650 153.734206 150.178617 146.729565 143.383960 140.138916 136.991736 133.939896 130.981030 128.112920
500.000000 500.000000 500.000000 500.000000 500.000000 500.000000 500.000000 500.000000 500.000000 500.000000 500.000000 500.000000 500.000000 500.000000 500.000000 500.000000 441.905250 413.109264 391.949086 374.500996 359.376389 345.889650 333.641952 322.376803 311.917571 302.136411 292.937208 284.245510 276.002232 268.159538 260.678041 253.524849 246.672149 240.096172 233.776410 227.695024 221.836379 216.186681 210.733687 205.466470 200.375235 195.451153 190.686243 186.073257 181.605591 177.277209 173.082579 169.016617 165.074635 161.252306 157.545623 153.950871 150.464594 147.083579 143.804829 140.625543 137.543106 134.555066 131.659125
500.000000 500.000000 500.000000 500.000000 500.000000 500.000000 500.000000 500.000000 500.000000 500.000000 500.000000 500.000000 500.000000 500.000000 500.000000 500.000000 473.542487 430.178800 405.131670 385.654034 369.233032 354.827689 341.886117 330.073545 319.168587 309.015707 299.500623 290.536399 282.055053 274.002212 266.333571 259.012448 252.008065 245.294287 238.848703 232.651912 226.686993 220.939075 215.395011 210.043107 204.872909 199.875026 195.040986 190.363116 185.834439 181.448591 177.199752 173.082579 169.092158 165.223955 161.473782 157.837758 154.312280 150.893999 147.579796 144.366762 141.252178 138.233501 135.308349
500.000000 500.000000 500.000000 500.000000 500.000000 500.000000 500.000000 500.000000 500.000000 500.000000 500.000000 500.000000 500.000000 500.000000 500.000000 500.000000 500.000000 453.631908 420.785102 398.265050 380.104212 364.537828 350.751884 338.290384 326.867103 316.288269 306.415393 297.145372 288.398960 280.113666 272.239161 264.734193 257.564442 250.700983 244.119168 237.797788 231.718431 225.864997 220.223303 214.780786 209.526249 204.449666 199.542016 194.795151 190.201679 185.754873 181.448591 177.277209 173.235559 169.318885 165.522796 161.843232 158.276428 154.818888 151.467362 148.218818 145.070430 142.019554 139.063718
