avaframe/data/avaHockey/Inputs/myDEM_HS_Topo.asc
nCols  1001
nRows  401
xllcorner  1000.00
yllcorner -5000.00
cellsize  5
nodata_value -9999.00
[rows 189 to 215 of 401, columns 0 to 60 of 1001]
1000.000000 993.266289 986.555326 979.867111 973.201644 966.558925 959.938955 953.341732 946.767257 940.215531 933.686553 927.180322 920.696840 914.236106 907.798120 901.382882 894.990392 888.620651 882.273657 875.949411 869.647914 863.369165 857.113163 850.879910 844.669405 838.481648 832.316639 826.174378 820.054865 813.958101 807.884084 801.832816 795.804295 789.798523 783.815499 777.855222 771.917694 766.002914 760.110882 754.241599 748.395063 742.571275 736.770236 730.991944 725.236401 719.503605 713.793558 708.106259 702.441708 696.799905 691.180850 685.584544 680.010985 674.460174 668.932112 663.426797 657.944231 652.484413 647.047343 641.633020 636.241446
1000.000000 993.266289 986.555326 979.867111 973.201644 966.558925 959.938955 953.341732 946.767257 940.215531 933.686553 927.180322 920.696840 914.236106 907.798120 901.382882 894.990392 888.620651 882.273657 875.949411 869.647914 863.369165 857.113163 850.879910 844.669405 838.481648 832.316639 826.174378 820.054865 813.958101 807.884084 801.832816 795.804295 789.798523 783.815499 777.855222 771.917694 766.002914 760.110882 754.241599 748.395063 742.571275 736.770236 730.991944 725.236401 719.503605 713.793558 708.106259 702.441708 696.799905 691.180850 685.584544 680.010985 674.460174 668.932112 663.426797 657.944231 652.484413 647.047343 641.633020 636.241446
1000.000000 993.266289 986.555326 979.867111 973.201644 966.558925 959.938955 953.341732 946.767257 940.215531 933.686553 927.180322 920.696840 914.236106 907.798120 901.382882 894.990392 888.620651 882.273657 875.949411 869.647914 863.369165 857.113163 850.879910 844.669405 838.481648 832.316639 826.174378 820.054865 813.958101 807.884084 801.832816 795.804295 789.798523 783.815499 777.855222 771.917694 766.002914 760.110882 754.241599 748.395063 742.571275 736.770236 730.991944 725.236401 719.503605 713.793558 708.106259 702.441708 696.799905 691.180850 685.584544 680.010985 674.460174 668.932112 663.426797 657.944231 652.484413 647.047343 641.633020 636.241446
1000.000000 993.266289 986.555326 979.867111 973.201644 966.558925 959.938955 953.341732 946.767257 940.215531 933.686553 927.180322 920.696840 914.236106 907.798120 901.382882 894.990392 888.620651 882.273657 875.949411 869.647914 863.369165 857.113163 850.879910 844.669405 838.481648 832.316639 826.174378 820.054865 813.958101 807.884084 801.832816 795.804295 789.798523 783.815499 777.855222 771.917694 766.002914 760.110882 754.241599 748.395063 742.571275 736.770236 730.991944 725.236401 719.503605 713.793558 708.106259 702.441708 696.799905 691.180850 685.584544 680.010985 674.460174 668.932112 663.426797 657.944231 652.484413 647.047343 641.633020 636.241446
1000.000000 993.266289 986.555326 979.867111 973.201644 966.558925 959.938955 953.341732 946.767257 940.215531 933.686553 927.180322 920.696840 914.236106 907.798120 901.382882 894.990392 888.620651 882.273657 875.949411 869.647914 863.369165 857.113163 850.879910 844.669405 838.481648 832.316639 826.174378 820.054865 813.958101 807.884084 801.832816 795.804295 789.798523 783.815499 777.855222 771.917694 766.002914 760.110882 754.241599 748.395063 742.571275 736.770236 730.991944 725.236401 719.503605 713.793558 708.106259 702.441708 696.799905 691.180850 685.584544 680.010985 674.460174 668.932112 663.426797 657.944231 652.484413 647.047343 641.633020 636.241446
1000.000000 993.266289 986.555326 979.867111 973.201644 966.558925 959.938955 953.341732 946.767257 940.215531 933.686553 927.180322 920.696840 914.236106 907.798120 901.382882 894.990392 888.620651 882.273657 875.949411 869.647914 863.369165 857.113163 850.879910 844.669405 838.481648 832.316639 826.174378 820.054865 813.958101 807.884084 801.832816 795.804295 789.798523 783.815499 777.855222 771.917694 766.002914 760.110882 754.241599 748.395063 742.571275 736.770236 730.991944 725.236401 719.503605 713.793558 708.106259 702.441708 696.799905 691.180850 685.584544 680.010985 674.460174 668.932112 663.426797 657.944231 652.484413 647.047343 641.633020 636.241446
1000.000000 993.266289 986.555326 979.867111 973.201644 966.558925 959.938955 953.341732 946.767257 940.215531 933.686553 927.180322 920.696840 914.236106 907.798120 901.382882 894.990392 888.620651 882.273657 875.949411 869.647914 863.369165 857.113163 850.879910 844.669405 838.481648 832.316639 826.174378 820.054865 813.958101 807.884084 801.832816 795.804295 789.798523 783.815499 777.855222 771.917694 766.002914 760.110882 754.241599 748.395063 742.571275 736.770236 730.991944 725.236401 719.503605 713.793558 708.106259 702.441708 696.799905 691.180850 685.584544 680.010985 674.460174 668.932112 663.426797 657.944231 652.484413 647.047343 641.633020 636.241446
1000.000000 993.266289 986.555326 979.867111 973.201644 966.558925 959.938955 953.341732 946.767257 940.215531 933.686553 927.180322 920.696840 914.236106 907.798120 901.382882 894.990392 888.620651 882.273657 875.949411 869.647914 863.369165 857.113163 850.879910 844.669405 838.481648 832.316639 826.174378 820.054865 813.958101 807.884084 801.832816 795.804295 789.798523 783.815499 777.855222 771.917694 766.002914 760.110882 754.241599 748.395063 742.571275 736.770236 730.991944 725.236401 719.503605 713.793558 708.106259 702.441708 696.799905 691.180850 685.584544 680.010985 674.460174 668.932112 663.426797 657.944231 652.484413 647.047343 641.633020 636.241446
1000.000000 993.266289 986.555326 979.867111 973.201644 966.558925 959.938955 953.341732 946.767257 940.215531 933.686553 927.180322 920.696840 914.236106 907.798120 901.382882 894.990392 888.620651 882.273657 875.949411 869.647914 863.369165 857.113163 850.879910 844.669405 838.481648 832.316639 826.174378 820.054865 813.958101 807.884084 801.832816 795.804295 789.798523 783.815499 777.855222 771.917694 766.002914 760.110882 754.241599 748.395063 742.571275 736.770236 730.991944 725.236401 719.503605 713.793558 708.106259 702.441708 696.799905 691.180850 685.584544 680.010985 674.460174 668.932112 663.426797 657.944231 652.484413 647.047343 641.633020 636.241446
1000.000000 993.266289 986.555326 979.867111 973.201644 966.558925 959.938955 953.341732 946.767257 940.215531 933.686553 927.180322 920.696840 914.236106 907.798120 901.382882 894.990392 888.620651 882.273657 875.949411 869.647914 863.369165 857.113163 850.879910 844.669405 838.481648 832.316639 826.174378 820.054865 813.958101 807.884084 801.832816 795.804295 789.798523 783.815499 777.855222 771.917694 766.002914 760.110882 754.241599 748.395063 742.571275 736.770236 730.991944 725.236401 719.503605 713.793558 708.106259 702.441708 696.799905 691.180850 685.584544 680.010985 674.460174 668.932112 663.426797 657.944231 652.484413 647.047343 641.633020 636.241446
1000.000000 993.266289 986.555326 979.867111 973.201644 966.558925 959.938955 953.341732 946.767257 940.215531 933.686553 927.180322 920.696840 914.236106 907.798120 901.382882 894.990392 888.620651 882.273657 875.949411 869.647914 863.369165 857.113163 850.879910 844.669405 838.481648 832.316639 826.174378 820.054865 813.958101 807.884084 801.832816 795.804295 789.798523 783.815499 777.855222 771.917694 766.002914 760.110882 754.241599 748.395063 742.571275 736.770236 730.991944 725.236401 719.503605 713.793558 708.106259 702.441708 696.799905 691.180850 685.584544 680.010985 674.460174 668.932112 663.426797 657.944231 652.484413 647.047343 641.633020 636.241446
1000.000000 993.266289 986.555326 979.867111 973.201644 966.558925 959.938955 953.341732 946.767257 940.215531 933.686553 927.180322 920.696840 914.236106 907.798120 901.382882 894.990392 888.620651 882.273657 875.949411 869.647914 863.369165 857.113163 850.879910 844.669405 838.481648 832.316639 826.174378 820.054865 813.958101 807.884084 801.832816 795.804295 789.798523 783.815499 777.855222 771.917694 766.002914 760.110882 754.241599 748.395063 742.571275 736.770236 730.991944 725.236401 719.503605 713.793558 708.106259 702.441708 696.799905 691.180850 685.584544 680.010985 674.460174 668.932112 663.426797 657.944231 652.484413 647.047343 641.633020 636.241446
1000.000000 993.266289 986.555326 979.867111 973.201644 966.558925 959.938955 953.341732 946.767257 940.215531 933.686553 927.180322 920.696840 914.236106 907.798120 901.382882 894.990392 888.620651 882.273657 875.949411 869.647914 863.369165 857.113163 850.879910 844.669405 838.481648 832.316639 826.174378 820.054865 813.958101 807.884084 801.832816 795.804295 789.798523 783.815499 777.855222 771.917694 766.002914 760.110882 754.241599 748.395063 742.571275 736.770236 730.991944 725.236401 719.503605 713.793558 708.106259 702.441708 696.799905 691.180850 685.584544 680.010985 674.460174 668.932112 663.426797 657.944231 652.484413 647.047343 641.633020 636.241446
1000.000000 993.266289 986.555326 979.867111 973.201644 966.558925 959.938955 953.341732 946.767257 940.215531 933.686553 927.180322 920.696840 914.236106 907.798120 901.382882 894.990392 888.620651 882.273657 875.949411 869.647914 863.369165 857.113163 850.879910 844.669405 838.481648 832.316639 826.174378 820.054865 813.958101 807.884084 801.832816 795.804295 789.798523 783.815499 777.855222 771.917694 766.002914 760.110882 754.241599 748.395063 742.571275 736.770236 730.991944 725.236401 719.503605 713.793558 708.106259 702.441708 696.799905 691.180850 685.584544 680.010985 674.460174 668.932112 663.426797 657.944231 652.484413 647.047343 641.633020 636.241446
1000.000000 993.266289 986.555326 979.867111 973.201644 966.558925 959.938955 953.341732 946.767257 940.215531 933.686553 927.180322 920.696840 914.236106 907.798120 901.382882 894.990392 888.620651 882.273657 875.949411 869.647914 863.369165 857.113163 850.879910 844.669405 838.481648 832.316639 826.174378 820.054865 813.958101 807.884084 801.832816 795.804295 789.798523 783.815499 777.855222 771.917694 766.002914 760.110882 754.241599 748.395063 742.571275 736.770236 730.991944 725.236401 719.503605 713.793558 708.106259 702.441708 696.799905 691.180850 685.584544 680.010985 674.460174 668.932112 663.426797 657.944231 652.484413 647.047343 641.633020 636.241446
1000.000000 993.266289 986.555326 979.867111 973.201644 966.558925 959.938955 953.341732 946.767257 940.215531 933.686553 927.180322 920.696840 914.236106 907.798120 901.382882 894.990392 888.620651 882.273657 875.949411 869.647914 863.369165 857.113163 850.879910 844.669405 838.481648 832.316639 826.174378 820.054865 813.958101 807.884084 801.832816 795.804295 789.798523 783.815499 777.855222 771.917694 766.002914 760.110882 754.241599 748.395063 742.571275 736.770236 730.991944 725.236401 719.503605 713.793558 708.106259 702.441708 696.799905 691.180850 685.584544 680.010985 674.460174 668.932112 663.426797 657.944231 652.484413 647.047343 641.633020 636.241446
1000.000000 993.266289 986.555326 979.867111 973.201644 966.558925 959.938955 953.341732 946.767257 940.215531 933.686553 927.180322 920.696840 914.236106 907.798120 901.382882 894.990392 888.620651 882.273657 875.949411 869.647914 863.369165 857.113163 850.879910 844.669405 838.481648 832.316639 826.174378 820.054865 813.958101 807.884084 801.832816 795.804295 789.798523 783.815499 777.855222 771.917694 766.002914 760.110882 754.241599 748.395063 742.571275 736.770236 730.991944 725.236401 719.503605 713.793558 708.106259 702.441708 696.799905 691.180850 685.584544 680.010985 674.460174 668.932112 663.426797 657.944231 652.484413 647.047343 641.633020 636.241446
1000.000000 993.266289 986.555326 979.867111 973.201644 966.558925 959.938955 953.341732 946.767257 940.215531 933.686553 927.180322 920.696840 914.236106 907.798120 901.382882 894.990392 888.620651 882.273657 875.949411 869.647914 863.369165 857.113163 850.879910 844.669405 838.481648 832.316639 826.174378 820.054865 813.958101 807.884084 801.832816 795.804295 789.798523 783.815499 777.855222 771.917694 766.002914 760.110882 754.241599 748.395063 742.571275 736.770236 730.991944 725.236401 719.503605 713.793558 708.106259 702.441708 696.799905 691.180850 685.584544 680.010985 674.460174 668.932112 663.426797 657.944231 652.484413 647.047343 641.633020 636.241446
1000.000000 993.266289 986.555326 979.867111 973.201644 966.558925 959.938955 953.341732 946.767257 940.215531 933.686553 927.180322 920.696840 914.236106 907.798120 901.382882 894.990392 888.620651 882.273657 875.949411 869.647914 863.369165 857.113163 850.879910 844.669405 838.481648 832.316639 826.174378 820.054865 813.958101 807.884084 801.832816 795.804295 789.798523 783.815499 777.855222 771.917694 766.002914 760.110882 754.241599 748.395063 742.571275 736.770236 730.991944 725.236401 719.503605 713.793558 708.106259 702.441708 696.799905 691.180850 685.584544 680.010985 674.460174 668.932112 663.426797 657.944231 652.484413 647.047343 641.633020 636.241446
1000.000000 993.266289 986.555326 979.867111 973.201644 966.558925 959.938955 953.341732 946.767257 940.215531 933.686553 927.180322 920.696840 914.236106 907.798120 901.382882 894.990392 888.620651 882.273657 875.949411 869.647914 863.369165 857.113163 850.879910 844.669405 838.481648 832.316639 826.174378 820.054865 813.958101 807.884084 801.832816 795.804295 789.798523 783.815499 777.855222 771.917694 766.002914 760.110882 754.241599 748.395063 742.571275 736.770236 730.991944 725.236401 719.503605 713.793558 708.106259 702.441708 696.799905 691.180850 685.584544 680.010985 674.460174 668.932112 663.426797 657.944231 652.484413 647.047343 641.633020 636.241446
1000.000000 993.266289 986.555326 979.867111 973.201644 966.558925 959.938955 953.341732 946.767257 940.215531 933.686553 927.180322 920.696840 914.236106 907.798120 901.382882 894.990392 888.620651 882.273657 875.949411 869.647914 863.369165 857.113163 850.879910 844.669405 838.481648 832.316639 826.174378 820.054865 813.958101 807.884084 801.832816 795.804295 789.798523 783.815499 777.855222 771.917694 766.002914 760.110882 754.241599 748.395063 742.571275 736.770236 730.991944 725.236401 719.503605 713.793558 708.106259 702.441708 696.799905 691.180850 685.584544 680.010985 674.460174 668.932112 663.426797 657.944231 652.484413 647.047343 641.633020 636.241446
1000.000000 993.266289 986.555326 979.867111 973.201644 966.558925 959.938955 953.341732 946.767257 940.215531 933.686553 927.180322 920.696840 914.236106 907.798120 901.382882 894.990392 888.620651 882.273657 875.949411 869.647914 863.369165 857.113163 850.879910 844.669405 838.481648 832.316639 826.174378 820.054865 813.958101 807.884084 801.832816 795.804295 789.798523 783.815499 777.855222 771.917694 766.002914 760.110882 754.241599 748.395063 742.571275 736.770236 730.991944 725.236401 719.503605 713.793558 708.106259 702.441708 696.799905 691.180850 685.584544 680.010985 674.460174 668.932112 663.426797 657.944231 652.484413 647.047343 641.633020 636.241446
1000.000000 993.266289 986.555326 979.867111 973.201644 966.558925 959.938955 953.341732 946.767257 940.215531 933.686553 927.180322 920.696840 914.236106 907.798120 901.382882 894.990392 888.620651 882.273657 875.949411 869.647914 863.369165 857.113163 850.879910 844.669405 838.481648 832.316639 826.174378 820.054865 813.958101 807.884084 801.832816 795.804295 789.798523 783.815499 777.855222 771.917694 766.002914 760.110882 754.241599 748.395063 742.571275 736.770236 730.991944 725.236401 719.503605 713.793558 708.106259 702.441708 696.799905 691.180850 685.584544 680.010985 674.460174 668.932112 663.426797 657.944231 652.484413 647.047343 641.633020 636.241446
1000.000000 993.266289 986.555326 979.867111 973.201644 966.558925 959.938955 953.341732 946.767257 940.215531 933.686553 927.180322 920.696840 914.236106 907.798120 901.382882 894.990392 888.620651 882.273657 875.949411 869.647914 863.369165 857.113163 850.879910 844.669405 838.481648 832.316639 826.174378 820.054865 813.958101 807.884084 801.832816 795.804295 789.798523 783.815499 777.855222 771.917694 766.002914 760.110882 754.241599 748.395063 742.571275 736.770236 730.991944 725.236401 719.503605 713.793558 708.106259 702.441708 696.799905 691.180850 685.584544 680.010985 674.460174 668.932112 663.426797 657.944231 652.484413 647.047343 641.633020 636.241446
1000.000000 993.266289 986.555326 979.867111 973.201644 966.558925 959.938955 953.341732 946.767257 940.215531 933.686553 927.180322 920.696840 914.236106 907.798120 901.382882 894.990392 888.620651 882.273657 875.949411 869.647914 863.369165 857.113163 850.879910 844.669405 838.481648 832.316639 826.174378 820.054865 813.958101 807.884084 801.832816 795.804295 789.798523 783.815499 777.855222 771.917694 766.002914 760.110882 754.241599 748.395063 742.571275 736.770236 730.991944 725.236401 719.503605 713.793558 708.106259 702.441708 696.799905 691.180850 685.584544 680.010985 674.460174 668.932112 663.426797 657.944231 652.484413 647.047343 641.633020 636.241446
1000.000000 993.266289 986.555326 979.867111 973.201644 966.558925 959.938955 953.341732 946.767257 940.215531 933.686553 927.180322 920.696840 914.236106 907.798120 901.382882 894.990392 888.620651 882.273657 875.949411 869.647914 863.369165 857.113163 850.879910 844.669405 838.481648 832.316639 826.174378 820.054865 813.958101 807.884084 801.832816 795.804295 789.798523 783.815499 777.855222 771.917694 766.002914 760.110882 754.241599 748.395063 742.571275 736.770236 730.991944 725.236401 719.503605 713.793558 708.106259 702.441708 696.799905 691.180850 685.584544 680.010985 674.460174 668.932112 663.426797 657.944231 652.484413 647.047343 641.633020 636.241446
1000.000000 993.266289 986.555326 979.867111 973.201644 966.558925 959.938955 953.341732 946.767257 940.215531 933.686553 927.180322 920.696840 914.236106 907.798120 901.382882 894.990392 888.620651 882.273657 875.949411 869.647914 863.369165 857.113163 850.879910 844.669405 838.481648 832.316639 826.174378 820.054865 813.958101 807.884084 801.832816 795.804295 789.798523 783.815499 777.855222 771.917694 766.002914 760.110882 754.241599 748.395063 742.571275 736.770236 730.991944 725.236401 719.503605 713.793558 708.106259 702.441708 696.799905 691.180850 685.584544 680.010985 674.460174 668.932112 663.426797 657.944231 652.484413 647.047343 641.633020 636.241446
