avaframe/data/avaHockey/Inputs/myDEM_HS_Topo.asc
nCols  1001
nRows  401
xllcorner  1000.00
yllcorner -5000.00
cellsize  5
nodata_value -9999.00
[rows 54 to 80 of 401, columns 183 to 243 of 1001]
146.554756 143.983945 141.435882 138.910567 136.408000 133.928181 131.471110 129.036788 126.625213 124.236387 121.870308 119.526978 117.206396 114.908561 112.633475 110.381137 108.151547 105.944706 103.760612 101.599266 99.460669 97.344819 95.251718 93.181365 91.133759 89.108902 87.106793 85.127432 83.170819 81.236955 79.325838 77.437469 75.571849 73.728976 71.908852 70.111476 68.336848 66.584967 64.855835 63.149452 61.465816 59.804928 58.166788 56.551397 54.958753 53.388858 51.841711 50.317311 48.815660 47.336757 45.880602 44.447196 43.036537 41.648626 40.283463 38.941049 37.621383 36.324464 35.050294 33.798872 32.570198
146.554756 143.983945 141.435882 138.910567 136.408000 133.928181 131.471110 129.036788 126.625213 124.236387 121.870308 119.526978 117.206396 114.908561 112.633475 110.381137 108.151547 105.944706 103.760612 101.599266 99.460669 97.344819 95.251718 93.181365 91.133759 89.108902 87.106793 85.127432 83.170819 81.236955 79.325838 77.437469 75.571849 73.728976 71.908852 70.111476 68.336848 66.584967 64.855835 63.149452 61.465816 59.804928 58.166788 56.551397 54.958753 53.388858 51.841711 50.317311 48.815660 47.336757 45.880602 44.447196 43.036537 41.648626 40.283463 38.941049 37.621383 36.324464 35.050294 33.798872 32.570198
146.554756 143.983945 141.435882 138.910567 136.408000 133.928181 131.471110 129.036788 126.625213 124.236387 121.870308 119.526978 117.206396 114.908561 112.633475 110.381137 108.151547 105.944706 103.760612 101.599266 99.460669 97.344819 95.251718 93.181365 91.133759 89.108902 87.106793 85.127432 83.170819 81.236955 79.325838 77.437469 75.571849 73.728976 71.908852 70.111476 68.336848 66.584967 64.855835 63.149452 61.465816 59.804928 58.166788 56.551397 54.958753 53.388858 51.841711 50.317311 48.815660 47.336757 45.880602 44.447196 43.036537 41.648626 40.283463 38.941049 37.621383 36.324464 35.050294 33.798872 32.570198
146.554756 143.983945 141.435882 138.910567 136.408000 133.928181 131.471110 129.036788 126.625213 124.236387 121.870308 119.526978 117.206396 114.908561 112.633475 110.381137 108.151547 105.944706 103.760612 101.599266 99.460669 97.344819 95.251718 93.181365 91.133759 89.108902 87.106793 85.127432 83.170819 81.236955 79.325838 77.437469 75.571849 73.728976 71.908852 70.111476 68.336848 66.584967 64.855835 63.149452 61.465816 59.804928 58.166788 56.551397 54.958753 53.388858 51.841711 50.317311 48.815660 47.336757 45.880602 44.447196 43.036537 41.648626 40.283463 38.941049 37.621383 36.324464 35.050294 33.798872 32.570198
146.554756 143.983945 141.435882 138.910567 136.408000 133.928181 131.471110 129.036788 126.625213 124.236387 121.870308 119.526978 117.206396 114.908561 112.633475 110.381137 108.151547 105.944706 103.760612 101.599266 99.460669 97.344819 95.251718 93.181365 91.133759 89.108902 87.106793 85.127432 83.170819 81.236955 79.325838 77.437469 75.571849 73.728976 71.908852 70.111476 68.336848 66.584967 64.855835 63.149452 61.465816 59.804928 58.166788 56.551397 54.958753 53.388858 51.841711 50.317311 48.815660 47.336757 45.880602 44.447196 43.036537 41.648626 40.283463 38.941049 37.621383 36.324464 35.050294 33.798872 32.570198
146.554756 143.983945 141.435882 138.910567 136.408000 133.928181 131.471110 129.036788 126.625213 124.236387 121.870308 119.526978 117.206396 114.908561 112.633475 110.381137 108.151547 105.944706 103.760612 101.599266 99.460669 97.344819 95.251718 93.181365 91.133759 89.108902 87.106793 85.127432 83.170819 81.236955 79.325838 77.437469 75.571849 73.728976 71.908852 70.111476 68.336848 66.584967 64.855835 63.149452 61.465816 59.804928 58.166788 56.551397 54.958753 53.388858 51.841711 50.317311 48.815660 47.336757 45.880602 44.447196 43.036537 41.648626 40.283463 38.941049 37.621383 36.324464 35.050294 33.798872 32.570198
146.554756 143.983945 141.435882 138.910567 136.408000 133.928181 131.471110 129.036788 126.625213 124.236387 121.870308 119.526978 117.206396 114.908561 112.633475 110.381137 108.151547 105.944706 103.760612 101.599266 99.460669 97.344819 95.251718 93.181365 91.133759 89.108902 87.106793 85.127432 83.170819 81.236955 79.325838 77.437469 75.571849 73.728976 71.908852 70.111476 68.336848 66.584967 64.855835 63.149452 61.465816 59.804928 58.166788 56.551397 54.958753 53.388858 51.841711 50.317311 48.815660 47.336757 45.880602 44.447196 43.036537 41.648626 40.283463 38.941049 37.621383 36.324464 35.050294 33.798872 32.570198
146.554756 143.983945 141.435882 138.910567 136.408000 133.928181 131.471110 129.036788 126.625213 124.236387 121.870308 119.526978 117.206396 114.908561 112.633475 110.381137 108.151547 105.944706 103.760612 101.599266 99.460669 97.344819 95.251718 93.181365 91.133759 89.108902 87.106793 85.127432 83.170819 81.236955 79.325838 77.437469 75.571849 73.728976 71.908852 70.111476 68.336848 66.584967 64.855835 63.149452 61.465816 59.804928 58.166788 56.551397 54.958753 53.388858 51.841711 50.317311 48.815660 47.336757 45.880602 44.447196 43.036537 41.648626 40.283463 38.941049 37.621383 36.324464 35.050294 33.798872 32.570198
146.554756 143.983945 141.435882 138.910567 136.408000 133.928181 131.471110 129.036788 126.625213 124.236387 121.870308 119.526978 117.206396 114.908561 112.633475 110.381137 108.151547 105.944706 103.760612 101.599266 99.460669 97.344819 95.251718 93.181365 91.133759 89.108902 87.106793 85.127432 83.170819 81.236955 79.325838 77.437469 75.571849 73.728976 71.908852 70.111476 68.336848 66.584967 64.855835 63.149452 61.465816 59.804928 58.166788 56.551397 54.958753 53.388858 51.841711 50.317311 48.815660 47.336757 45.880602 44.447196 43.036537 41.648626 40.283463 38.941049 37.621383 36.324464 35.050294 33.798872 32.570198
146.554756 143.983945 141.435882 138.910567 136.408000 133.928181 131.471110 129.036788 126.625213 124.236387 121.870308 119.526978 117.206396 114.908561 112.633475 110.381137 108.151547 105.944706 103.760612 101.599266 99.460669 97.344819 95.251718 93.181365 91.133759 89.108902 87.106793 85.127432 83.170819 81.236955 79.325838 77.437469 75.571849 73.728976 71.908852 70.111476 68.336848 66.584967 64.855835 63.149452 61.465816 59.804928 58.166788 56.551397 54.958753 53.388858 51.841711 50.317311 48.815660 47.336757 45.880602 44.447196 43.036537 41.648626 40.283463 38.941049 37.621383 36.324464 35.050294 33.798872 32.570198
146.554756 143.983945 141.435882 138.910567 136.408000 133.928181 131.471110 129.036788 126.625213 124.236387 121.870308 119.526978 117.206396 114.908561 112.633475 110.381137 108.151547 105.944706 103.760612 101.599266 99.460669 97.344819 95.251718 93.181365 91.133759 89.108902 87.106793 85.127432 83.170819 81.236955 79.325838 77.437469 75.571849 73.728976 71.908852 70.111476 68.336848 66.584967 64.855835 63.149452 61.465816 59.804928 58.166788 56.551397 54.958753 53.388858 51.841711 50.317311 48.815660 47.336757 45.880602 44.447196 43.036537 41.648626 40.283463 38.941049 37.621383 36.324464 35.050294 33.798872 32.570198
146.554756 143.983945 141.435882 138.910567 136.408000 133.928181 131.471110 129.036788 126.625213 124.236387 121.870308 119.526978 117.206396 114.908561 112.633475 110.381137 108.151547 105.944706 103.760612 101.599266 99.460669 97.344819 95.251718 93.181365 91.133759 89.108902 87.106793 85.127432 83.170819 81.236955 79.325838 77.437469 75.571849 73.728976 71.908852 70.111476 68.336848 66.584967 64.855835 63.149452 61.465816 59.804928 58.166788 56.551397 54.958753 53.388858 51.841711 50.317311 48.815660 47.336757 45.880602 44.447196 43.036537 41.648626 40.283463 38.941049 37.621383 36.324464 35.050294 33.798872 32.570198
146.554756 143.983945 141.435882 138.910567 136.408000 133.928181 131.471110 129.036788 126.625213 124.236387 121.870308 119.526978 117.206396 114.908561 112.633475 110.381137 108.151547 105.944706 103.760612 101.599266 99.460669 97.344819 95.251718 93.181365 91.133759 89.108902 87.106793 85.127432 83.170819 81.236955 79.325838 77.437469 75.571849 73.728976 71.908852 70.111476 68.336848 66.584967 64.855835 63.149452 61.465816 59.804928 58.166788 56.551397 54.958753 53.388858 51.841711 50.317311 48.815660 47.336757 45.880602 44.447196 43.036537 41.648626 40.283463 38.941049 37.621383 36.324464 35.050294 33.798872 32.570198
146.554756 143.983945 141.435882 138.910567 136.408000 133.928181 131.471110 129.036788 126.625213 124.236387 121.870308 119.526978 117.206396 114.908561 112.633475 110.381137 108.151547 105.944706 103.760612 101.599266 99.460669 97.344819 95.251718 93.181365 91.133759 89.108902 87.106793 85.127432 83.170819 81.236955 79.325838 77.437469 75.571849 73.728976 71.908852 70.111476 68.336848 66.584967 64.855835 63.149452 61.465816 59.804928 58.166788 56.551397 54.958753 53.388858 51.841711 50.317311 48.815660 47.336757 45.880602 44.447196 43.036537 41.648626 40.283463 38.941049 37.621383 36.324464 35.050294 33.798872 32.570198
146.554756 143.983945 141.435882 138.910567 136.408000 133.928181 131.471110 129.036788 126.625213 124.236387 121.870308 119.526978 117.206396 114.908561 112.633475 110.381137 108.151547 105.944706 103.760612 101.599266 99.460669 97.344819 95.251718 93.181365 91.133759 89.108902 87.106793 85.127432 83.170819 81.236955 79.325838 77.437469 75.571849 73.728976 71.908852 70.111476 68.336848 66.584967 64.855835 63.149452 61.465816 59.804928 58.166788 56.551397 54.958753 53.388858 51.841711 50.317311 48.815660 47.336757 45.880602 44.447196 43.036537 41.648626 40.283463 38.941049 37.621383 36.324464 35.050294 33.798872 32.570198
146.554756 143.983945 141.435882 138.910567 136.408000 133.928181 131.471110 129.036788 126.625213 124.236387 121.870308 119.526978 117.206396 114.908561 112.633475 110.381137 108.151547 105.944706 103.760612 101.599266 99.460669 97.344819 95.251718 93.181365 91.133759 89.108902 87.106793 85.127432 83.170819 81.236955 79.325838 77.437469 75.571849 73.728976 71.908852 70.111476 68.336848 66.584967 64.855835 63.149452 61.465816 59.804928 58.166788 56.551397 54.958753 53.388858 51.841711 50.317311 48.815660 47.336757 45.880602 44.447196 43.036537 41.648626 40.283463 38.941049 37.621383 36.324464 35.050294 33.798872 32.570198
146.554756 143.983945 141.435882 138.910567 136.408000 133.928181 131.471110 129.036788 126.625213 124.236387 121.870308 119.526978 117.206396 114.908561 112.633475 110.381137 108.151547 105.944706 103.760612 101.599266 99.460669 97.344819 95.251718 93.181365 91.133759 89.108902 87.106793 85.127432 83.170819 81.236955 79.325838 77.437469 75.571849 73.728976 71.908852 70.111476 68.336848 66.584967 64.855835 63.149452 61.465816 59.804928 58.166788 56.551397 54.958753 53.388858 51.841711 50.317311 48.815660 47.336757 45.880602 44.447196 43.036537 41.648626 40.283463 38.941049 37.621383 36.324464 35.050294 33.798872 32.570198
146.554756 143.983945 141.435882 138.910567 136.408000 133.928181 131.471110 129.036788 126.625213 124.236387 121.870308 119.526978 117.206396 114.908561 112.633475 110.381137 108.151547 105.944706 103.760612 101.599266 99.460669 97.344819 95.251718 93.181365 91.133759 89.108902 87.106793 85.127432 83.170819 81.236955 79.325838 77.437469 75.571849 73.728976 71.908852 70.111476 68.336848 66.584967 64.855835 63.149452 61.465816 59.804928 58.166788 56.551397 54.958753 53.388858 51.841711 50.317311 48.815660 47.336757 45.880602 44.447196 43.036537 41.648626 40.283463 38.941049 37.621383 36.324464 35.050294 33.798872 32.570198
146.554756 143.983945 141.435882 138.910567 136.408000 133.928181 131.471110 129.036788 126.625213 124.236387 121.870308 119.526978 117.206396 114.908561 112.633475 110.381137 108.151547 105.944706 103.760612 101.599266 99.460669 97.344819 95.251718 93.181365 91.133759 89.108902 87.106793 85.127432 83.170819 81.236955 79.325838 77.437469 75.571849 73.728976 71.908852 70.111476 68.336848 66.584967 64.855835 63.149452 61.465816 59.804928 58.166788 56.551397 54.958753 53.388858 51.841711 50.317311 48.815660 47.336757 45.880602 44.447196 43.036537 41.648626 40.283463 38.941049 37.621383 36.324464 35.050294 33.798872 32.570198
146.554756 143.983945 141.435882 138.910567 136.408000 133.928181 131.471110 129.036788 126.625213 124.236387 121.870308 119.526978 117.206396 114.908561 112.633475 110.381137 108.151547 105.944706 103.760612 101.599266 99.460669 97.344819 95.251718 93.181365 91.133759 89.108902 87.106793 85.127432 83.170819 81.236955 79.325838 77.437469 75.571849 73.728976 71.908852 70.111476 68.336848 66.584967 64.855835 63.149452 61.465816 59.804928 58.166788 56.551397 54.958753 53.388858 51.841711 50.317311 48.815660 47.336757 45.880602 44.447196 43.036537 41.648626 40.283463 38.941049 37.621383 36.324464 35.050294 33.798872 32.570198
146.554756 143.983945 141.435882 138.910567 136.408000 133.928181 131.471110 129.036788 126.625213 124.236387 121.870308 119.526978 117.206396 114.908561 112.633475 110.381137 108.151547 105.944706 103.760612 101.599266 99.460669 97.344819 95.251718 93.181365 91.133759 89.108902 87.106793 85.127432 83.170819 81.236955 79.325838 77.437469 75.571849 73.728976 71.908852 70.111476 68.336848 66.584967 64.855835 63.149452 61.465816 59.804928 58.166788 56.551397 54.958753 53.388858 51.841711 50.317311 48.815660 47.336757 45.880602 44.447196 43.036537 41.648626 40.283463 38.941049 37.621383 36.324464 35.050294 33.798872 32.570198
146.554756 143.983945 141.435882 138.910567 136.408000 133.928181 131.471110 129.036788 126.625213 124.236387 121.870308 119.526978 117.206396 114.908561 112.633475 110.381137 108.151547 105.944706 103.760612 101.599266 99.460669 97.344819 95.251718 93.181365 91.133759 89.108902 87.106793 85.127432 83.170819 81.236955 79.325838 77.437469 75.571849 73.728976 71.908852 70.111476 68.336848 66.584967 64.855835 63.149452 61.465816 59.804928 58.166788 56.551397 54.958753 53.388858 51.841711 50.317311 48.815660 47.336757 45.880602 44.447196 43.036537 41.648626 40.283463 38.941049 37.621383 36.324464 35.050294 33.798872 32.570198
146.554756 143.983945 141.435882 138.910567 136.408000 133.928181 131.471110 129.036788 126.625213 124.236387 121.870308 119.526978 117.206396 114.908561 112.633475 110.381137 108.151547 105.944706 103.760612 101.599266 99.460669 97.344819 95.251718 93.181365 91.133759 89.108902 87.106793 85.127432 83.170819 81.236955 79.325838 77.437469 75.571849 73.728976 71.908852 70.111476 68.336848 66.584967 64.855835 63.149452 61.465816 59.804928 58.166788 56.551397 54.958753 53.388858 51.841711 50.317311 48.815660 47.336757 45.880602 44.447196 43.036537 41.648626 40.283463 38.941049 37.621383 36.324464 35.050294 33.798872 32.570198
146.554756 143.983945 141.435882 138.910567 136.408000 133.928181 131.471110 129.036788 126.625213 124.236387 121.870308 119.526978 117.206396 114.908561 112.633475 110.381137 108.151547 105.944706 103.760612 101.599266 99.460669 97.344819 95.251718 93.181365 91.133759 89.108902 87.106793 85.127432 83.170819 81.236955 79.325838 77.437469 75.571849 73.728976 71.908852 70.111476 68.336848 66.584967 64.855835 63.149452 61.465816 59.804928 58.166788 56.551397 54.958753 53.388858 51.841711 50.317311 48.815660 47.336757 45.880602 44.447196 43.036537 41.648626 40.283463 38.941049 37.621383 36.324464 35.050294 33.798872 32.570198
146.554756 143.983945 141.435882 138.910567 136.408000 133.928181 131.471110 129.036788 126.625213 124.236387 121.870308 119.526978 117.206396 114.908561 112.633475 110.381137 108.151547 105.944706 103.760612 101.599266 99.460669 97.344819 95.251718 93.181365 91.133759 89.108902 87.106793 85.127432 83.170819 81.236955 79.325838 77.437469 75.571849 73.728976 71.908852 70.111476 68.336848 66.584967 64.855835 63.149452 61.465816 59.804928 58.166788 56.551397 54.958753 53.388858 51.841711 50.317311 48.815660 47.336757 45.880602 44.447196 43.036537 41.648626 40.283463 38.941049 37.621383 36.324464 35.050294 33.798872 32.570198
146.554756 143.983945 141.435882 138.910567 136.408000 133.928181 131.471110 129.036788 126.625213 124.236387 121.870308 119.526978 117.206396 114.908561 112.633475 110.381137 108.151547 105.944706 103.760612 101.599266 99.460669 97.344819 95.251718 93.181365 91.133759 89.108902 87.106793 85.127432 83.170819 81.236955 79.325838 77.437469 75.571849 73.728976 71.908852 70.111476 68.336848 66.584967 64.855835 63.149452 61.465816 59.804928 58.166788 56.551397 54.958753 53.388858 51.841711 50.317311 48.815660 47.336757 45.880602 44.447196 43.036537 41.648626 40.283463 38.941049 37.621383 36.324464 35.050294 33.798872 32.570198
146.554756 143.983945 141.435882 138.910567 136.408000 133.928181 131.471110 129.036788 126.625213 124.236387 121.870308 119.526978 117.206396 114.908561 112.633475 110.381137 108.151547 105.944706 103.760612 101.599266 99.460669 97.344819 95.251718 93.181365 91.133759 89.108902 87.106793 85.127432 83.170819 81.236955 79.325838 77.437469 75.571849 73.728976 71.908852 70.111476 68.336848 66.584967 64.855835 63.149452 61.465816 59.804928 58.166788 56.551397 54.958753 53.388858 51.841711 50.317311 48.815660 47.336757 45.880602 44.447196 43.036537 41.648626 40.283463 38.941049 37.621383 36.324464 35.050294 33.798872 32.570198
