avaframe/data/avaHockey/Inputs/myDEM_HS_Topo.asc
nCols  1001
nRows  401
xllcorner  1000.00
yllcorner -5000.00
cellsize  5
nodata_value -9999.00
[rows 216 to 242 of 401, columns 244 to 304 of 1001]
31.364272 30.181094 29.020664 27.882982 26.768049 25.675863 24.606426 23.559736 22.535795 21.534602 20.556157 19.600459 18.667511 17.757310 16.869857 16.005152 15.163196 14.343987 13.547527 12.773814 12.022850 11.294634 10.589166 9.906446 9.246474 8.609250 7.994774 7.403047 6.834067 6.287836 5.764352 5.263617 4.785630 4.330391 3.897900 3.488157 3.101162 2.736915 2.395416 2.076666 1.780663 1.507409 1.256903 1.029144 0.824134 0.641872 0.482358 0.345592 0.231574 0.140305 0.071783 0.026009 0.002984 0.000000 0.000000 0.000000 0.000000 0.000000 0.000000 0.000000 0.000000
31.364272 30.181094 29.020664 27.882982 26.768049 25.675863 24.606426 23.559736 22.535795 21.534602 20.556157 19.600459 18.667511 17.757310 16.869857 16.005152 15.163196 14.343987 13.547527 12.773814 12.022850 11.294634 10.589166 9.906446 9.246474 8.609250 7.994774 7.403047 6.834067 6.287836 5.764352 5.263617 4.785630 4.330391 3.897900 3.488157 3.101162 2.736915 2.395416 2.076666 1.780663 1.507409 1.256903 1.029144 0.824134 0.641872 0.482358 0.345592 0.231574 0.140305 0.071783 0.026009 0.002984 0.000000 0.000000 0.000000 0.000000 0.000000 0.000000 0.000000 0.000000
31.364272 30.181094 29.020664 27.882982 26.768049 25.675863 24.606426 23.559736 22.535795 21.534602 20.556157 19.600459 18.667511 17.757310 16.869857 16.005152 15.163196 14.343987 13.547527 12.773814 12.022850 11.294634 10.589166 9.906446 9.246474 8.609250 7.994774 7.403047 6.834067 6.287836 5.764352 5.263617 4.785630 4.330391 3.897900 3.488157 3.101162 2.736915 2.395416 2.076666 1.780663 1.507409 1.256903 1.029144 0.824134 0.641872 0.482358 0.345592 0.231574 0.140305 0.071783 0.026009 0.002984 0.000000 0.000000 0.000000 0.000000 0.000000 0.000000 0.000000 0.000000
31.364272 30.181094 29.020664 27.882982 26.768049 25.675863 24.606426 23.559736 22.535795 21.534602 20.556157 19.600459 18.667511 17.757310 16.869857 16.005152 15.163196 14.343987 13.547527 12.773814 12.022850 11.294634 10.589166 9.906446 9.246474 8.609250 7.994774 7.403047 6.834067 6.287836 5.764352 5.263617 4.785630 4.330391 3.897900 3.488157 3.101162 2.736915 2.395416 2.076666 1.780663 1.507409 1.256903 1.029144 0.824134 0.641872 0.482358 0.345592 0.231574 0.140305 0.071783 0.026009 0.002984 0.000000 0.000000 0.000000 0.000000 0.000000 0.000000 0.000000 0.000000
31.364272 30.181094 29.020664 27.882982 26.768049 25.675863 24.606426 23.559736 22.535795 21.534602 20.556157 19.600459 18.667511 17.757310 16.869857 16.005152 15.163196 14.343987 13.547527 12.773814 12.022850 11.294634 10.589166 9.906446 9.246474 8.609250 7.994774 7.403047 6.834067 6.287836 5.764352 5.263617 4.785630 4.330391 3.897900 3.488157 3.101162 2.736915 2.395416 2.076666 1.780663 1.507409 1.256903 1.029144 0.824134 0.641872 0.482358 0.345592 0.231574 0.140305 0.071783 0.026009 0.002984 0.000000 0.000000 0.000000 0.000000 0.000000 0.000000 0.000000 0.000000
31.364272 30.181094 29.020664 27.882982 26.768049 25.675863 24.606426 23.559736 22.535795 21.534602 20.556157 19.600459 18.667511 17.757310 16.869857 16.005152 15.163196 14.343987 13.547527 12.773814 12.022850 11.294634 10.589166 9.906446 9.246474 8.609250 7.994774 7.403047 6.834067 6.287836 5.764352 5.263617 4.785630 4.330391 3.897900 3.488157 3.101162 2.736915 2.395416 2.076666 1.780663 1.507409 1.256903 1.029144 0.824134 0.641872 0.482358 0.345592 0.231574 0.140305 0.071783 0.026009 0.002984 0.000000 0.000000 0.000000 0.000000 0.000000 0.000000 0.000000 0.000000
31.364272 30.181094 29.020664 27.882982 26.768049 25.675863 24.606426 23.559736 22.535795 21.534602 20.556157 19.600459 18.667511 17.757310 16.869857 16.005152 15.163196 14.343987 13.547527 12.773814 12.022850 11.294634 10.589166 9.906446 9.246474 8.609250 7.994774 7.403047 6.834067 6.287836 5.764352 5.263617 4.785630 4.330391 3.897900 3.488157 3.101162 2.736915 2.395416 2.076666 1.780663 1.507409 1.256903 1.029144 0.824134 0.641872 0.482358 0.345592 0.231574 0.140305 0.071783 0.026009 0.002984 0.000000 0.000000 0.000000 0.000000 0.000000 0.000000 0.000000 0.000000
31.364272 30.181094 29.020664 27.882982 26.768049 25.675863 24.606426 23.559736 22.535795 21.534602 20.556157 19.600459 18.667511 17.757310 16.869857 16.005152 15.163196 14.343987 13.547527 12.773814 12.022850 11.294634 10.589166 9.906446 9.246474 8.609250 7.994774 7.403047 6.834067 6.287836 5.764352 5.263617 4.785630 4.330391 3.897900 3.488157 3.101162 2.736915 2.395416 2.076666 1.780663 1.507409 1.256903 1.029144 0.824134 0.641872 0.482358 0.345592 0.231574 0.140305 0.071783 0.026009 0.002984 0.000000 0.000000 0.000000 0.000000 0.000000 0.000000 0.000000 0.000000
31.364272 30.181094 29.020664 27.882982 26.768049 25.675863 24.606426 23.559736 22.535795 21.534602 20.556157 19.600459 18.667511 17.757310 16.869857 16.005152 15.163196 14.343987 13.547527 12.773814 12.022850 11.294634 10.589166 9.906446 9.246474 8.609250 7.994774 7.403047 6.834067 6.287836 5.764352 5.263617 4.785630 4.330391 3.897900 3.488157 3.101162 2.736915 2.395416 2.076666 1.780663 1.507409 1.256903 1.029144 0.824134 0.641872 0.482358 0.345592 0.231574 0.140305 0.071783 0.026009 0.002984 0.000000 0.000000 0.000000 0.000000 0.000000 0.000000 0.000000 0.000000
31.364272 30.181094 29.020664 27.882982 26.768049 25.675863 24.606426 23.559736 22.535795 21.534602 20.556157 19.600459 18.667511 17.757310 16.869857 16.005152 15.163196 14.343987 13.547527 12.773814 12.022850 11.294634 10.589166 9.906446 9.246474 8.609250 7.994774 7.403047 6.834067 6.287836 5.764352 5.263617 4.785630 4.330391 3.897900 3.488157 3.101162 2.736915 2.395416 2.076666 1.780663 1.507409 1.256903 1.029144 0.824134 0.641872 0.482358 0.345592 0.231574 0.140305 0.071783 0.026009 0.002984 0.000000 0.000000 0.000000 0.000000 0.000000 0.000000 0.000000 0.000000
31.364272 30.181094 29.020664 27.882982 26.768049 25.675863 24.606426 23.559736 22.535795 21.534602 20.556157 19.600459 18.667511 17.757310 16.869857 16.005152 15.163196 14.343987 13.547527 12.773814 12.022850 11.294634 10.589166 9.906446 9.246474 8.609250 7.994774 7.403047 6.834067 6.287836 5.764352 5.263617 4.785630 4.330391 3.897900 3.488157 3.101162 2.736915 2.395416 2.076666 1.780663 1.507409 1.256903 1.029144 0.824134 0.641872 0.482358 0.345592 0.231574 0.140305 0.071783 0.026009 0.002984 0.000000 0.000000 0.000000 0.000000 0.000000 0.000000 0.000000 0.000000
31.364272 30.181094 29.020664 27.882982 26.768049 25.675863 24.606426 23.559736 22.535795 21.534602 20.556157 19.600459 18.667511 17.757310 16.869857 16.005152 15.163196 14.343987 13.547527 12.773814 12.022850 11.294634 10.589166 9.906446 9.246474 8.609250 7.994774 7.403047 6.834067 6.287836 5.764352 5.263617 4.785630 4.330391 3.897900 3.488157 3.101162 2.736915 2.395416 2.076666 1.780663 1.507409 1.256903 1.029144 0.824134 0.641872 0.482358 0.345592 0.231574 0.140305 0.071783 0.026009 0.002984 0.000000 0.000000 0.000000 0.000000 0.000000 0.000000 0.000000 0.000000
31.364272 30.181094 29.020664 27.882982 26.768049 25.675863 24.606426 23.559736 22.535795 21.534602 20.556157 19.600459 18.667511 17.757310 16.869857 16.005152 15.163196 14.343987 13.547527 12.773814 12.022850 11.294634 10.589166 9.906446 9.246474 8.609250 7.994774 7.403047 6.834067 6.287836 5.764352 5.263617 4.785630 4.330391 3.897900 3.488157 3.101162 2.736915 2.395416 2.076666 1.780663 1.507409 1.256903 1.029144 0.824134 0.641872 0.482358 0.345592 0.231574 0.140305 0.071783 0.026009 0.002984 0.000000 0.000000 0.000000 0.000000 0.000000 0.000000 0.000000 0.000000
31.364272 30.181094 29.020664 27.882982 26.768049 25.675863 24.606426 23.559736 22.535795 21.534602 20.556157 19.600459 18.667511 17.757310 16.869857 16.005152 15.163196 14.343987 13.547527 12.773814 12.022850 11.294634 10.589166 9.906446 9.246474 8.609250 7.994774 7.403047 6.834067 6.287836 5.764352 5.263617 4.785630 4.330391 3.897900 3.488157 3.101162 2.736915 2.395416 2.076666 1.780663 1.507409 1.256903 1.029144 0.824134 0.641872 0.482358 0.345592 0.231574 0.140305 0.071783 0.026009 0.002984 0.000000 0.000000 0.000000 0.000000 0.000000 0.000000 0.000000 0.000000
31.364272 30.181094 29.020664 27.882982 26.768049 25.675863 24.606426 23.559736 22.535795 21.534602 20.556157 19.600459 18.667511 17.757310 16.869857 16.005152 15.163196 14.343987 13.547527 12.773814 12.022850 11.294634 10.589166 9.906446 9.246474 8.609250 7.994774 7.403047 6.834067 6.287836 5.764352 5.263617 4.785630 4.330391 3.897900 3.488157 3.101162 2.736915 2.395416 2.076666 1.780663 1.507409 1.256903 1.029144 0.824134 0.641872 0.482358 0.345592 0.231574 0.140305 0.071783 0.026009 0.002984 0.000000 0.000000 0.000000 0.000000 0.000000 0.000000 0.000000 0.000000
31.364272 30.181094 29.020664 27.882982 26.768049 25.675863 24.606426 23.559736 22.535795 21.534602 20.556157 19.600459 18.667511 17.757310 16.869857 16.005152 15.163196 14.343987 13.547527 12.773814 12.022850 11.294634 10.589166 9.906446 9.246474 8.609250 7.994774 7.403047 6.834067 6.287836 5.764352 5.263617 4.785630 4.330391 3.897900 3.488157 3.101162 2.736915 2.395416 2.076666 1.780663 1.507409 1.256903 1.029144 0.824134 0.641872 0.482358 0.345592 0.231574 0.140305 0.071783 0.026009 0.002984 0.000000 0.000000 0.000000 0.000000 0.000000 0.000000 0.000000 0.000000
31.364272 30.181094 29.020664 27.882982 26.768049 25.675863 24.606426 23.559736 22.535795 21.534602 20.556157 19.600459 18.667511 17.757310 16.869857 16.005152 15.163196 14.343987 13.547527 12.773814 12.022850 11.294634 10.589166 9.906446 9.246474 8.609250 7.994774 7.403047 6.834067 6.287836 5.764352 5.263617 4.785630 4.330391 3.897900 3.488157 3.101162 2.736915 2.395416 2.076666 1.780663 1.507409 1.256903 1.029144 0.824134 0.641872 0.482358 0.345592 0.231574 0.140305 0.071783 0.026009 0.002984 0.000000 0.000000 0.000000 0.000000 0.000000 0.000000 0.000000 0.000000
31.364272 30.181094 29.020664 27.882982 26.768049 25.675863 24.606426 23.559736 22.535795 21.534602 20.556157 19.600459 18.667511 17.757310 16.869857 16.005152 15.163196 14.343987 13.547527 12.773814 12.022850 11.294634 10.589166 9.906446 9.246474 8.609250 7.994774 7.403047 6.834067 6.287836 5.764352 5.263617 4.785630 4.330391 3.897900 3.488157 3.101162 2.736915 2.395416 2.076666 1.780663 1.507409 1.256903 1.029144 0.824134 0.641872 0.482358 0.345592 0.231574 0.140305 0.071783 0.026009 0.002984 0.000000 0.000000 0.000000 0.000000 0.000000 0.000000 0.000000 0.000000
31.364272 30.181094 29.020664 27.882982 26.768049 25.675863 24.606426 23.559736 22.535795 21.534602 20.556157 19.600459 18.667511 17.757310 16.869857 16.005152 15.163196 14.343987 13.547527 12.773814 12.022850 11.294634 10.589166 9.906446 9.246474 8.609250 7.994774 7.403047 6.834067 6.287836 5.764352 5.263617 4.785630 4.330391 3.897900 3.488157 3.101162 2.736915 2.395416 2.076666 1.780663 1.507409 1.256903 1.029144 0.824134 0.641872 0.482358 0.345592 0.231574 0.140305 0.071783 0.026009 0.002984 0.000000 0.000000 0.000000 0.000000 0.000000 0.000000 0.000000 0.000000
31.364272 30.181094 29.020664 27.882982 26.768049 25.675863 24.606426 23.559736 22.535795 21.534602 20.556157 19.600459 18.667511 17.757310 16.869857 16.005152 15.163196 14.343987 13.547527 12.773814 12.022850 11.294634 10.589166 9.906446 9.246474 8.609250 7.994774 7.403047 6.834067 6.287836 5.764352 5.263617 4.785630 4.330391 3.897900 3.488157 3.101162 2.736915 2.395416 2.076666 1.780663 1.507409 1.256903 1.029144 0.824134 0.641872 0.482358 0.345592 0.231574 0.140305 0.071783 0.026009 0.002984 0.000000 0.000000 0.000000 0.000000 0.000000 0.000000 0.000000 0.000000
31.364272 30.181094 29.020664 27.882982 26.768049 25.675863 24.606426 23.559736 22.535795 21.534602 20.556157 19.600459 18.667511 17.757310 16.869857 16.005152 15.163196 14.343987 13.547527 12.773814 12.022850 11.294634 10.589166 9.906446 9.246474 8.609250 7.994774 7.403047 6.834067 6.287836 5.764352 5.263617 4.785630 4.330391 3.897900 3.488157 3.101162 2.736915 2.395416 2.076666 1.780663 1.507409 1.256903 1.029144 0.824134 0.641872 0.482358 0.345592 0.231574 0.140305 0.071783 0.026009 0.002984 0.000000 0.000000 0.000000 0.000000 0.000000 0.000000 0.000000 0.000000
31.364272 30.181094 29.020664 27.882982 26.768049 25.675863 24.606426 23.559736 22.535795 21.534602 20.556157 19.600459 18.667511 17.757310 16.869857 16.005152 15.163196 14.343987 13.547527 12.773814 12.022850 11.294634 10.589166 9.906446 9.246474 8.609250 7.994774 7.403047 6.834067 6.287836 5.764352 5.263617 4.785630 4.330391 3.897900 3.488157 3.101162 2.736915 2.395416 2.076666 1.780663 1.507409 1.256903 1.029144 0.824134 0.641872 0.482358 0.345592 0.231574 0.140305 0.071783 0.026009 0.002984 0.000000 0.000000 0.000000 0.000000 0.000000 0.000000 0.000000 0.000000
31.364272 30.181094 29.020664 27.882982 26.768049 25.675863 24.606426 23.559736 22.535795 21.534602 20.556157 19.600459 18.667511 17.757310 16.869857 16.005152 15.163196 14.343987 13.547527 12.773814 12.022850 11.294634 10.589166 9.906446 9.246474 8.609250 7.994774 7.403047 6.834067 6.287836 5.764352 5.263617 4.785630 4.330391 3.897900 3.488157 3.101162 2.736915 2.395416 2.076666 1.780663 1.507409 1.256903 1.029144 0.824134 0.641872 0.482358 0.345592 0.231574 0.140305 0.071783 0.026009 0.002984 0.000000 0.000000 0.000000 0.000000 0.000000 0.000000 0.000000 0.000000
31.364272 30.181094 29.020664 27.882982 26.768049 25.675863 24.606426 23.559736 22.535795 21.534602 20.556157 19.600459 18.667511 17.757310 16.869857 16.005152 15.163196 14.343987 13.547527 12.773814 12.022850 11.294634 10.589166 9.906446 9.246474 8.609250 7.994774 7.403047 6.834067 6.287836 5.764352 5.263617 4.785630 4.330391 3.897900 3.488157 3.101162 2.736915 2.395416 2.076666 1.780663 1.507409 1.256903 1.029144 0.824134 0.641872 0.482358 0.345592 0.231574 0.140305 0.071783 0.026009 0.002984 0.000000 0.000000 0.000000 0.000000 0.000000 0.000000 0.000000 0.000000
31.364272 30.181094 29.020664 27.882982 26.768049 25.675863 24.606426 23.559736 22.535795 21.534602 20.556157 19.600459 18.667511 17.757310 16.869857 16.005152 15.163196 14.343987 13.547527 12.773814 12.022850 11.294634 10.589166 9.906446 9.246474 8.609250 7.994774 7.403047 6.834067 6.287836 5.764352 5.263617 4.785630 4.330391 3.897900 3.488157 3.101162 2.736915 2.395416 2.076666 1.780663 1.507409 1.256903 1.029144 0.824134 0.641872 0.482358 0.345592 0.231574 0.140305 0.071783 0.026009 0.002984 0.000000 0.000000 0.000000 0.000000 0.000000 0.000000 0.000000 0.000000
31.364272 30.181094 29.020664 27.882982 26.768049 25.675863 24.606426 23.559736 22.535795 21.534602 20.556157 19.600459 18.667511 17.757310 16.869857 16.005152 15.163196 14.343987 13.547527 12.773814 12.022850 11.294634 10.589166 9.906446 9.246474 8.609250 7.994774 7.403047 6.834067 6.287836 5.764352 5.263617 4.785630 4.330391 3.897900 3.488157 3.101162 2.736915 2.395416 2.076666 1.780663 1.507409 1.256903 1.029144 0.824134 0.641872 0.482358 0.345592 0.231574 0.140305 0.071783 0.026009 0.002984 0.000000 0.000000 0.000000 0.000000 0.000000 0.000000 0.000000 0.000000
31.364272 30.181094 29.020664 27.882982 26.768049 25.675863 24.606426 23.559736 22.535795 21.534602 20.556157 19.600459 18.667511 17.757310 16.869857 16.005152 15.163196 14.343987 13.547527 12.773814 12.022850 11.294634 10.589166 9.906446 9.246474 8.609250 7.994774 7.403047 6.834067 6.287836 5.764352 5.263617 4.785630 4.330391 3.897900 3.488157 3.101162 2.736915 2.395416 2.076666 1.780663 1.507409 1.256903 1.029144 0.824134 0.641872 0.482358 0.345592 0.231574 0.140305 0.071783 0.026009 0.002984 0.000000 0.000000 0.000000 0.000000 0.000000 0.000000 0.000000 0.000000
