avaframe/data/avaParabola/Avaflow_Input/DEM.asc
ncols        250
nrows        100
xllcorner    997.500000000000
yllcorner    -4997.500000000000
cellsize     20.000000000000
NODATA_value  -9999
[rows 22 to 43 of 100, columns 102 to 152 of 250]
303.59539794921875 293.65545654296875 283.88092041015625 274.2718505859375 264.828216552734375 255.5500335693359375 246.437286376953125 237.4899749755859375 228.708099365234375 220.0916595458984375 211.6406707763671875 203.355133056640625 195.235015869140625 187.2803497314453125 179.491119384765625 171.867340087890625 164.40899658203125 157.1160888671875 149.988616943359375 143.0265960693359375 136.230010986328125 129.598876953125 123.13317108154296875 116.83290863037109375 110.69808197021484375 104.72870635986328125 98.92476654052734375 93.28626251220703125 87.81320953369140625 82.50559234619140625 77.36341094970703125 72.3866729736328125 67.57537841796875 62.929523468017578125 58.449108123779296875 54.134136199951171875 49.9846038818359375 46.00051116943359375 42.181858062744140625 38.528644561767578125 35.040874481201171875 31.718545913696289062 28.561656951904296875 25.570207595825195312 22.744197845458984375 20.083631515502929688 17.588504791259765625 15.258816719055175781 13.094571113586425781 11.095766067504882812 9.262401580810546875
303.59539794921875 293.65545654296875 283.88092041015625 274.2718505859375 264.828216552734375 255.5500335693359375 246.437286376953125 237.4899749755859375 228.708099365234375 220.0916595458984375 211.6406707763671875 203.355133056640625 195.235015869140625 187.2803497314453125 179.491119384765625 171.867340087890625 164.40899658203125 157.1160888671875 149.988616943359375 143.0265960693359375 136.230010986328125 129.598876953125 123.13317108154296875 116.83290863037109375 110.69808197021484375 104.72870635986328125 98.92476654052734375 93.28626251220703125 87.81320953369140625 82.50559234619140625 77.36341094970703125 72.3866729736328125 67.57537841796875 62.929523468017578125 58.449108123779296875 54.134136199951171875 49.9846038818359375 46.00051116943359375 42.181858062744140625 38.528644561767578125 35.040874481201171875 31.718545913696289062 28.561656951904296875 25.570207595825195312 22.744197845458984375 20.083631515502929688 17.588504791259765625 15.258816719055175781 13.094571113586425781 11.095766067504882812 9.262401580810546875
303.59539794921875 293.65545654296875 283.88092041015625 274.2718505859375 264.828216552734375 255.5500335693359375 246.437286376953125 237.4899749755859375 228.708099365234375 220.0916595458984375 211.6406707763671875 203.355133056640625 195.235015869140625 187.2803497314453125 179.491119384765625 171.867340087890625 164.40899658203125 157.1160888671875 149.988616943359375 143.0265960693359375 136.230010986328125 129.598876953125 123.13317108154296875 116.83290863037109375 110.69808197021484375 104.72870635986328125 98.92476654052734375 93.28626251220703125 87.81320953369140625 82.50559234619140625 77.36341094970703125 72.3866729736328125 67.57537841796875 62.929523468017578125 58.449108123779296875 54.134136199951171875 49.9846038818359375 46.00051116943359375 42.181858062744140625 38.528644561767578125 35.040874481201171875 31.718545913696289062 28.561656951904296875 25.570207595825195312 22.744197845458984375 20.083631515502929688 17.588504791259765625 15.258816719055175781 13.094571113586425781 11.095766067504882812 9.262401580810546875
303.59539794921875 293.65545654296875 283.88092041015625 274.2718505859375 264.828216552734375 255.5500335693359375 246.437286376953125 237.4899749755859375 228.708099365234375 220.0916595458984375 211.6406707763671875 203.355133056640625 195.235015869140625 187.2803497314453125 179.491119384765625 171.867340087890625 164.40899658203125 157.1160888671875 149.988616943359375 143.0265960693359375 136.230010986328125 129.598876953125 123.13317108154296875 116.83290863037109375 110.69808197021484375 104.72870635986328125 98.92476654052734375 93.28626251220703125 87.81320953369140625 82.50559234619140625 77.36341094970703125 72.3866729736328125 67.57537841796875 62.929523468017578125 58.449108123779296875 54.134136199951171875 49.9846038818359375 46.00051116943359375 42.181858062744140625 38.528644561767578125 35.040874481201171875 31.718545913696289062 28.561656951904296875 25.570207595825195312 22.744197845458984375 20.083631515502929688 17.588504791259765625 15.258816719055175781 13.094571113586425781 11.095766067504882812 9.262401580810546875
303.59539794921875 293.65545654296875 283.88092041015625 274.2718505859375 264.828216552734375 255.5500335693359375 246.437286376953125 237.4899749755859375 228.708099365234375 220.0916595458984375 211.6406707763671875 203.355133056640625 195.235015869140625 187.2803497314453125 179.491119384765625 171.867340087890625 164.40899658203125 157.1160888671875 149.988616943359375 143.0265960693359375 136.230010986328125 129.598876953125 123.13317108154296875 116.83290863037109375 110.69808197021484375 104.72870635986328125 98.92476654052734375 93.28626251220703125 87.81320953369140625 82.50559234619140625 77.36341094970703125 72.3866729736328125 67.57537841796875 62.929523468017578125 58.449108123779296875 54.134136199951171875 49.9846038818359375 46.00051116943359375 42.181858062744140625 38.528644561767578125 35.040874481201171875 31.718545913696289062 28.561656951904296875 25.570207595825195312 22.744197845458984375 20.083631515502929688 17.588504791259765625 15.258816719055175781 13.094571113586425781 11.095766067504882812 9.262401580810546875
303.59539794921875 293.65545654296875 283.88092041015625 274.2718505859375 264.828216552734375 255.5500335693359375 246.437286376953125 237.4899749755859375 228.708099365234375 220.0916595458984375 211.6406707763671875 203.355133056640625 195.235015869140625 187.2803497314453125 179.491119384765625 171.867340087890625 164.40899658203125 157.1160888671875 149.988616943359375 143.0265960693359375 136.230010986328125 129.598876953125 123.13317108154296875 116.83290863037109375 110.69808197021484375 104.72870635986328125 98.92476654052734375 93.28626251220703125 87.81320953369140625 82.50559234619140625 77.36341094970703125 72.3866729736328125 67.57537841796875 62.929523468017578125 58.449108123779296875 54.134136199951171875 49.9846038818359375 46.00051116943359375 42.181858062744140625 38.528644561767578125 35.040874481201171875 31.718545913696289062 28.561656951904296875 25.570207595825195312 22.744197845458984375 20.083631515502929688 17.588504791259765625 15.258816719055175781 13.094571113586425781 11.095766067504882812 9.262401580810546875
303.59539794921875 293.65545654296875 283.88092041015625 274.2718505859375 264.828216552734375 255.5500335693359375 246.437286376953125 237.4899749755859375 228.708099365234375 220.0916595458984375 211.6406707763671875 203.355133056640625 195.235015869140625 187.2803497314453125 179.491119384765625 171.867340087890625 164.40899658203125 157.1160888671875 149.988616943359375 143.0265960693359375 136.230010986328125 129.598876953125 123.13317108154296875 116.83290863037109375 110.69808197021484375 104.72870635986328125 98.92476654052734375 93.28626251220703125 87.81320953369140625 82.50559234619140625 77.36341094970703125 72.3866729736328125 67.57537841796875 62.929523468017578125 58.449108123779296875 54.134136199951171875 49.9846038818359375 46.00051116943359375 42.181858062744140625 38.528644561767578125 35.040874481201171875 31.718545913696289062 28.561656951904296875 25.570207595825195312 22.744197845458984375 20.083631515502929688 17.588504791259765625 15.258816719055175781 13.094571113586425781 11.095766067504882812 9.262401580810546875
303.59539794921875 293.65545654296875 283.88092041015625 274.2718505859375 264.828216552734375 255.5500335693359375 246.437286376953125 237.4899749755859375 228.708099365234375 220.0916595458984375 211.6406707763671875 203.355133056640625 195.235015869140625 187.2803497314453125 179.491119384765625 171.867340087890625 164.40899658203125 157.1160888671875 149.988616943359375 143.0265960693359375 136.230010986328125 129.598876953125 123.13317108154296875 116.83290863037109375 110.69808197021484375 104.72870635986328125 98.92476654052734375 93.28626251220703125 87.81320953369140625 82.50559234619140625 77.36341094970703125 72.3866729736328125 67.57537841796875 62.929523468017578125 58.449108123779296875 54.134136199951171875 49.9846038818359375 46.00051116943359375 42.181858062744140625 38.528644561767578125 35.040874481201171875 31.718545913696289062 28.561656951904296875 25.570207595825195312 22.744197845458984375 20.083631515502929688 17.588504791259765625 15.258816719055175781 13.094571113586425781 11.095766067504882812 9.262401580810546875
303.59539794921875 293.65545654296875 283.88092041015625 274.2718505859375 264.828216552734375 255.5500335693359375 246.437286376953125 237.4899749755859375 228.708099365234375 220.0916595458984375 211.6406707763671875 203.355133056640625 195.235015869140625 187.2803497314453125 179.491119384765625 171.867340087890625 164.40899658203125 157.1160888671875 149.988616943359375 143.0265960693359375 136.230010986328125 129.598876953125 123.13317108154296875 116.83290863037109375 110.69808197021484375 104.72870635986328125 98.92476654052734375 93.28626251220703125 87.81320953369140625 82.50559234619140625 77.36341094970703125 72.3866729736328125 67.57537841796875 62.929523468017578125 58.449108123779296875 54.134136199951171875 49.9846038818359375 46.00051116943359375 42.181858062744140625 38.528644561767578125 35.040874481201171875 31.718545913696289062 28.561656951904296875 25.570207595825195312 22.744197845458984375 20.083631515502929688 17.588504791259765625 15.258816719055175781 13.094571113586425781 11.095766067504882812 9.262401580810546875
303.59539794921875 293.65545654296875 283.88092041015625 274.2718505859375 264.828216552734375 255.5500335693359375 246.437286376953125 237.4899749755859375 228.708099365234375 220.0916595458984375 211.6406707763671875 203.355133056640625 195.235015869140625 187.2803497314453125 179.491119384765625 171.867340087890625 164.40899658203125 157.1160888671875 149.988616943359375 143.0265960693359375 136.230010986328125 129.598876953125 123.13317108154296875 116.83290863037109375 110.69808197021484375 104.72870635986328125 98.92476654052734375 93.28626251220703125 87.81320953369140625 82.50559234619140625 77.36341094970703125 72.3866729736328125 67.57537841796875 62.929523468017578125 58.449108123779296875 54.134136199951171875 49.9846038818359375 46.00051116943359375 42.181858062744140625 38.528644561767578125 35.040874481201171875 31.718545913696289062 28.561656951904296875 25.570207595825195312 22.744197845458984375 20.083631515502929688 17.588504791259765625 15.258816719055175781 13.094571113586425781 11.095766067504882812 9.262401580810546875
303.59539794921875 293.65545654296875 283.88092041015625 274.2718505859375 264.828216552734375 255.5500335693359375 246.437286376953125 237.4899749755859375 228.708099365234375 220.0916595458984375 211.6406707763671875 203.355133056640625 195.235015869140625 187.2803497314453125 179.491119384765625 171.867340087890625 164.40899658203125 157.1160888671875 149.988616943359375 143.0265960693359375 136.230010986328125 129.598876953125 123.13317108154296875 116.83290863037109375 110.69808197021484375 104.72870635986328125 98.92476654052734375 93.28626251220703125 87.81320953369140625 82.50559234619140625 77.36341094970703125 72.3866729736328125 67.57537841796875 62.929523468017578125 58.449108123779296875 54.134136199951171875 49.9846038818359375 46.00051116943359375 42.181858062744140625 38.528644561767578125 35.040874481201171875 31.718545913696289062 28.561656951904296875 25.570207595825195312 22.744197845458984375 20.083631515502929688 17.588504791259765625 15.258816719055175781 13.094571113586425781 11.095766067504882812 9.262401580810546875
303.59539794921875 293.65545654296875 283.88092041015625 274.2718505859375 264.828216552734375 255.5500335693359375 246.437286376953125 237.4899749755859375 228.708099365234375 220.0916595458984375 211.6406707763671875 203.355133056640625 195.235015869140625 187.2803497314453125 179.491119384765625 171.867340087890625 164.40899658203125 157.1160888671875 149.988616943359375 143.0265960693359375 136.230010986328125 129.598876953125 123.13317108154296875 116.83290863037109375 110.69808197021484375 104.72870635986328125 98.92476654052734375 93.28626251220703125 87.81320953369140625 82.50559234619140625 77.36341094970703125 72.3866729736328125 67.57537841796875 62.929523468017578125 58.449108123779296875 54.134136199951171875 49.9846038818359375 46.00051116943359375 42.181858062744140625 38.528644561767578125 35.040874481201171875 31.718545913696289062 28.561656951904296875 25.570207595825195312 22.744197845458984375 20.083631515502929688 17.588504791259765625 15.258816719055175781 13.094571113586425781 11.095766067504882812 9.262401580810546875
303.59539794921875 293.65545654296875 283.88092041015625 274.2718505859375 264.828216552734375 255.5500335693359375 246.437286376953125 237.4899749755859375 228.708099365234375 220.0916595458984375 211.6406707763671875 203.355133056640625 195.235015869140625 187.2803497314453125 179.491119384765625 171.867340087890625 164.40899658203125 157.1160888671875 149.988616943359375 143.0265960693359375 136.230010986328125 129.598876953125 123.13317108154296875 116.83290863037109375 110.69808197021484375 104.72870635986328125 98.92476654052734375 93.28626251220703125 87.81320953369140625 82.50559234619140625 77.36341094970703125 72.3866729736328125 67.57537841796875 62.929523468017578125 58.449108123779296875 54.134136199951171875 49.9846038818359375 46.00051116943359375 42.181858062744140625 38.528644561767578125 35.040874481201171875 31.718545913696289062 28.561656951904296875 25.570207595825195312 22.744197845458984375 20.083631515502929688 17.588504791259765625 15.258816719055175781 13.094571113586425781 11.095766067504882812 9.262401580810546875
303.59539794921875 293.65545654296875 283.88092041015625 274.2718505859375 264.828216552734375 255.5500335693359375 246.437286376953125 237.4899749755859375 228.708099365234375 220.0916595458984375 211.6406707763671875 203.355133056640625 195.235015869140625 187.2803497314453125 179.491119384765625 171.867340087890625 164.40899658203125 157.1160888671875 149.988616943359375 143.0265960693359375 136.230010986328125 129.598876953125 123.13317108154296875 116.83290863037109375 110.69808197021484375 104.72870635986328125 98.92476654052734375 93.28626251220703125 87.81320953369140625 82.50559234619140625 77.36341094970703125 72.3866729736328125 67.57537841796875 62.929523468017578125 58.449108123779296875 54.134136199951171875 49.9846038818359375 46.00051116943359375 42.181858062744140625 38.528644561767578125 35.040874481201171875 31.718545913696289062 28.561656951904296875 25.570207595825195312 22.744197845458984375 20.083631515502929688 17.588504791259765625 15.258816719055175781 13.094571113586425781 11.095766067504882812 9.262401580810546875
303.59539794921875 293.65545654296875 283.88092041015625 274.2718505859375 264.828216552734375 255.5500335693359375 246.437286376953125 237.4899749755859375 228.708099365234375 220.0916595458984375 211.6406707763671875 203.355133056640625 195.235015869140625 187.2803497314453125 179.491119384765625 171.867340087890625 164.40899658203125 157.1160888671875 149.988616943359375 143.0265960693359375 136.230010986328125 129.598876953125 123.13317108154296875 116.83290863037109375 110.69808197021484375 104.72870635986328125 98.92476654052734375 93.28626251220703125 87.81320953369140625 82.50559234619140625 77.36341094970703125 72.3866729736328125 67.57537841796875 62.929523468017578125 58.449108123779296875 54.134136199951171875 49.9846038818359375 46.00051116943359375 42.181858062744140625 38.528644561767578125 35.040874481201171875 31.718545913696289062 28.561656951904296875 25.570207595825195312 22.744197845458984375 20.083631515502929688 17.588504791259765625 15.258816719055175781 13.094571113586425781 11.095766067504882812 9.262401580810546875
303.59539794921875 293.65545654296875 283.88092041015625 274.2718505859375 264.828216552734375 255.5500335693359375 246.437286376953125 237.4899749755859375 228.708099365234375 220.0916595458984375 211.6406707763671875 203.355133056640625 195.235015869140625 187.2803497314453125 179.491119384765625 171.867340087890625 164.40899658203125 157.1160888671875 149.988616943359375 143.0265960693359375 136.230010986328125 129.598876953125 123.13317108154296875 116.83290863037109375 110.69808197021484375 104.72870635986328125 98.92476654052734375 93.28626251220703125 87.81320953369140625 82.50559234619140625 77.36341094970703125 72.3866729736328125 67.57537841796875 62.929523468017578125 58.449108123779296875 54.134136199951171875 49.9846038818359375 46.00051116943359375 42.181858062744140625 38.528644561767578125 35.040874481201171875 31.718545913696289062 28.561656951904296875 25.570207595825195312 22.744197845458984375 20.083631515502929688 17.588504791259765625 15.258816719055175781 13.094571113586425781 11.095766067504882812 9.262401580810546875
303.59539794921875 293.65545654296875 283.88092041015625 274.2718505859375 264.828216552734375 255.5500335693359375 246.437286376953125 237.4899749755859375 228.708099365234375 220.0916595458984375 211.6406707763671875 203.355133056640625 195.235015869140625 187.2803497314453125 179.491119384765625 171.867340087890625 164.40899658203125 157.1160888671875 149.988616943359375 143.0265960693359375 136.230010986328125 129.598876953125 123.13317108154296875 116.83290863037109375 110.69808197021484375 104.72870635986328125 98.92476654052734375 93.28626251220703125 87.81320953369140625 82.50559234619140625 77.36341094970703125 72.3866729736328125 67.57537841796875 62.929523468017578125 58.449108123779296875 54.134136199951171875 49.9846038818359375 46.00051116943359375 42.181858062744140625 38.528644561767578125 35.040874481201171875 31.718545913696289062 28.561656951904296875 25.570207595825195312 22.744197845458984375 20.083631515502929688 17.588504791259765625 15.258816719055175781 13.094571113586425781 11.095766067504882812 9.262401580810546875
303.59539794921875 293.65545654296875 283.88092041015625 274.2718505859375 264.828216552734375 255.5500335693359375 246.437286376953125 237.4899749755859375 228.708099365234375 220.0916595458984375 211.6406707763671875 203.355133056640625 195.235015869140625 187.2803497314453125 179.491119384765625 171.867340087890625 164.40899658203125 157.1160888671875 149.988616943359375 143.0265960693359375 136.230010986328125 129.598876953125 123.13317108154296875 116.83290863037109375 110.69808197021484375 104.72870635986328125 98.92476654052734375 93.28626251220703125 87.81320953369140625 82.50559234619140625 77.36341094970703125 72.3866729736328125 67.57537841796875 62.929523468017578125 58.449108123779296875 54.134136199951171875 49.9846038818359375 46.00051116943359375 42.181858062744140625 38.528644561767578125 35.040874481201171875 31.718545913696289062 28.561656951904296875 25.570207595825195312 22.744197845458984375 20.083631515502929688 17.588504791259765625 15.258816719055175781 13.094571113586425781 11.095766067504882812 9.262401580810546875
303.59539794921875 293.65545654296875 283.88092041015625 274.2718505859375 264.828216552734375 255.5500335693359375 246.437286376953125 237.4899749755859375 228.708099365234375 220.0916595458984375 211.6406707763671875 203.355133056640625 195.235015869140625 187.2803497314453125 179.491119384765625 171.867340087890625 164.40899658203125 157.1160888671875 149.988616943359375 143.0265960693359375 136.230010986328125 129.598876953125 123.13317108154296875 116.83290863037109375 110.69808197021484375 104.72870635986328125 98.92476654052734375 93.28626251220703125 87.81320953369140625 82.50559234619140625 77.36341094970703125 72.3866729736328125 67.57537841796875 62.929523468017578125 58.449108123779296875 54.134136199951171875 49.9846038818359375 46.00051116943359375 42.181858062744140625 38.528644561767578125 35.040874481201171875 31.718545913696289062 28.561656951904296875 25.570207595825195312 22.744197845458984375 20.083631515502929688 17.588504791259765625 15.258816719055175781 13.094571113586425781 11.095766067504882812 9.262401580810546875
303.59539794921875 293.65545654296875 283.88092041015625 274.2718505859375 264.828216552734375 255.5500335693359375 246.437286376953125 237.4899749755859375 228.708099365234375 220.0916595458984375 211.6406707763671875 203.355133056640625 195.235015869140625 187.2803497314453125 179.491119384765625 171.867340087890625 164.40899658203125 157.1160888671875 149.988616943359375 143.0265960693359375 136.230010986328125 129.598876953125 123.13317108154296875 116.83290863037109375 110.69808197021484375 104.72870635986328125 98.92476654052734375 93.28626251220703125 87.81320953369140625 82.50559234619140625 77.36341094970703125 72.3866729736328125 67.57537841796875 62.929523468017578125 58.449108123779296875 54.134136199951171875 49.9846038818359375 46.00051116943359375 42.181858062744140625 38.528644561767578125 35.040874481201171875 31.718545913696289062 28.561656951904296875 25.570207595825195312 22.744197845458984375 20.083631515502929688 17.588504791259765625 15.258816719055175781 13.094571113586425781 11.095766067504882812 9.262401580810546875
303.59539794921875 293.65545654296875 283.88092041015625 274.2718505859375 264.828216552734375 255.5500335693359375 246.437286376953125 237.4899749755859375 228.708099365234375 220.0916595458984375 211.6406707763671875 203.355133056640625 195.235015869140625 187.2803497314453125 179.491119384765625 171.867340087890625 164.40899658203125 157.1160888671875 149.988616943359375 143.0265960693359375 136.230010986328125 129.598876953125 123.13317108154296875 116.83290863037109375 110.69808197021484375 104.72870635986328125 98.92476654052734375 93.28626251220703125 87.81320953369140625 82.50559234619140625 77.36341094970703125 72.3866729736328125 67.57537841796875 62.929523468017578125 58.449108123779296875 54.134136199951171875 49.9846038818359375 46.00051116943359375 42.181858062744140625 38.528644561767578125 35.040874481201171875 31.718545913696289062 28.561656951904296875 25.570207595825195312 22.744197845458984375 20.083631515502929688 17.588504791259765625 15.258816719055175781 13.094571113586425781 11.095766067504882812 9.262401580810546875
303.59539794921875 293.65545654296875 283.88092041015625 274.2718505859375 264.828216552734375 255.5500335693359375 246.437286376953125 237.4899749755859375 228.708099365234375 220.0916595458984375 211.6406707763671875 203.355133056640625 195.235015869140625 187.2803497314453125 179.491119384765625 171.867340087890625 164.40899658203125 157.1160888671875 149.988616943359375 143.0265960693359375 136.230010986328125 129.598876953125 123.13317108154296875 116.83290863037109375 110.69808197021484375 104.72870635986328125 98.92476654052734375 93.28626251220703125 87.81320953369140625 82.50559234619140625 77.36341094970703125 72.3866729736328125 67.57537841796875 62.929523468017578125 58.449108123779296875 54.134136199951171875 49.9846038818359375 46.00051116943359375 42.181858062744140625 38.528644561767578125 35.040874481201171875 31.718545913696289062 28.561656951904296875 25.570207595825195312 22.744197845458984375 20.083631515502929688 17.588504791259765625 15.258816719055175781 13.094571113586425781 11.095766067504882812 9.262401580810546875
