avaframe/data/avaParabola/Avaflow_Input/DEM.asc
ncols        250
nrows        100
xllcorner    997.500000000000
yllcorner    -4997.500000000000
cellsize     20.000000000000
NODATA_value  -9999
[rows 66 to 87 of 100, columns 51 to 101 of 250]
1029.907470703125 1011.52996826171875 993.3179931640625 975.27142333984375 957.39031982421875 939.6746826171875 922.12445068359375 904.73968505859375 887.52032470703125 870.4664306640625 853.57794189453125 836.85491943359375 820.29736328125 803.90521240234375 787.67852783203125 771.61724853515625 755.721435546875 739.9910888671875 724.4261474609375 709.026611328125 693.7926025390625 678.72393798828125 663.82080078125 649.08306884765625 634.5107421875 620.1038818359375 605.86248779296875 591.7864990234375 577.8759765625 564.13092041015625 550.55126953125 537.13702392578125 523.8883056640625 510.804962158203125 497.887054443359375 485.134613037109375 472.547607421875 460.12603759765625 447.86993408203125 435.77923583984375 423.85400390625 412.094207763671875 400.49981689453125 389.0709228515625 377.80743408203125 366.709381103515625 355.77679443359375 345.0096435546875 334.407928466796875 323.971649169921875 313.7008056640625
1029.907470703125 1011.52996826171875 993.3179931640625 975.27142333984375 957.39031982421875 939.6746826171875 922.12445068359375 904.73968505859375 887.52032470703125 870.4664306640625 853.57794189453125 836.85491943359375 820.29736328125 803.90521240234375 787.67852783203125 771.61724853515625 755.721435546875 739.9910888671875 724.4261474609375 709.026611328125 693.7926025390625 678.72393798828125 663.82080078125 649.08306884765625 634.5107421875 620.1038818359375 605.86248779296875 591.7864990234375 577.8759765625 564.13092041015625 550.55126953125 537.13702392578125 523.8883056640625 510.804962158203125 497.887054443359375 485.134613037109375 472.547607421875 460.12603759765625 447.86993408203125 435.77923583984375 423.85400390625 412.094207763671875 400.49981689453125 389.0709228515625 377.80743408203125 366.709381103515625 355.77679443359375 345.0096435546875 334.407928466796875 323.971649169921875 313.7008056640625
1029.907470703125 1011.52996826171875 993.3179931640625 975.27142333984375 957.39031982421875 939.6746826171875 922.12445068359375 904.73968505859375 887.52032470703125 870.4664306640625 853.57794189453125 836.85491943359375 820.29736328125 803.90521240234375 787.67852783203125 771.61724853515625 755.721435546875 739.9910888671875 724.4261474609375 709.026611328125 693.7926025390625 678.72393798828125 663.82080078125 649.08306884765625 634.5107421875 620.1038818359375 605.86248779296875 591.7864990234375 577.8759765625 564.13092041015625 550.55126953125 537.13702392578125 523.8883056640625 510.804962158203125 497.887054443359375 485.134613037109375 472.547607421875 460.12603759765625 447.86993408203125 435.77923583984375 423.85400390625 412.094207763671875 400.49981689453125 389.0709228515625 377.80743408203125 366.709381103515625 355.77679443359375 345.0096435546875 334.407928466796875 323.971649169921875 313.7008056640625
1029.907470703125 1011.52996826171875 993.3179931640625 975.27142333984375 957.39031982421875 939.6746826171875 922.12445068359375 904.73968505859375 887.52032470703125 870.4664306640625 853.57794189453125 836.85491943359375 820.29736328125 803.90521240234375 787.67852783203125 771.61724853515625 755.721435546875 739.9910888671875 724.4261474609375 709.026611328125 693.7926025390625 678.72393798828125 663.82080078125 649.08306884765625 634.5107421875 620.1038818359375 605.86248779296875 591.7864990234375 577.8759765625 564.13092041015625 550.55126953125 537.13702392578125 523.8883056640625 510.804962158203125 497.887054443359375 485.134613037109375 472.547607421875 460.12603759765625 447.86993408203125 435.77923583984375 423.85400390625 412.094207763671875 400.49981689453125 389.0709228515625 377.80743408203125 366.709381103515625 355.77679443359375 345.0096435546875 334.407928466796875 323.971649169921875 313.7008056640625
1029.907470703125 1011.52996826171875 993.3179931640625 975.27142333984375 957.39031982421875 939.6746826171875 922.12445068359375 904.73968505859375 887.52032470703125 870.4664306640625 853.57794189453125 836.85491943359375 820.29736328125 803.90521240234375 787.67852783203125 771.61724853515625 755.721435546875 739.9910888671875 724.4261474609375 709.026611328125 693.7926025390625 678.72393798828125 663.82080078125 649.08306884765625 634.5107421875 620.1038818359375 605.86248779296875 591.7864990234375 577.8759765625 564.13092041015625 550.55126953125 537.13702392578125 523.8883056640625 510.804962158203125 497.887054443359375 485.134613037109375 472.547607421875 460.12603759765625 447.86993408203125 435.77923583984375 423.85400390625 412.094207763671875 400.49981689453125 389.0709228515625 377.80743408203125 366.709381103515625 355.77679443359375 345.0096435546875 334.407928466796875 323.971649169921875 313.7008056640625
1029.907470703125 1011.52996826171875 993.3179931640625 975.27142333984375 957.39031982421875 939.6746826171875 922.12445068359375 904.73968505859375 887.52032470703125 870.4664306640625 853.57794189453125 836.85491943359375 820.29736328125 803.90521240234375 787.67852783203125 771.61724853515625 755.721435546875 739.9910888671875 724.4261474609375 709.026611328125 693.7926025390625 678.72393798828125 663.82080078125 649.08306884765625 634.5107421875 620.1038818359375 605.86248779296875 591.7864990234375 577.8759765625 564.13092041015625 550.55126953125 537.13702392578125 523.8883056640625 510.804962158203125 497.887054443359375 485.134613037109375 472.547607421875 460.12603759765625 447.86993408203125 435.77923583984375 423.85400390625 412.094207763671875 400.49981689453125 389.0709228515625 377.80743408203125 366.709381103515625 355.77679443359375 345.0096435546875 334.407928466796875 323.971649169921875 313.7008056640625
1029.907470703125 1011.52996826171875 993.3179931640625 975.27142333984375 957.39031982421875 939.6746826171875 922.12445068359375 904.73968505859375 887.52032470703125 870.4664306640625 853.57794189453125 836.85491943359375 820.29736328125 803.90521240234375 787.67852783203125 771.61724853515625 755.721435546875 739.9910888671875 724.4261474609375 709.026611328125 693.7926025390625 678.72393798828125 663.82080078125 649.08306884765625 634.5107421875 620.1038818359375 605.86248779296875 591.7864990234375 577.8759765625 564.13092041015625 550.55126953125 537.13702392578125 523.8883056640625 510.804962158203125 497.887054443359375 485.134613037109375 472.547607421875 460.12603759765625 447.86993408203125 435.77923583984375 423.85400390625 412.094207763671875 400.49981689453125 389.0709228515625 377.80743408203125 366.709381103515625 355.77679443359375 345.0096435546875 334.407928466796875 323.971649169921875 313.7008056640625
1029.907470703125 1011.52996826171875 993.3179931640625 975.27142333984375 957.39031982421875 939.6746826171875 922.12445068359375 904.73968505859375 887.52032470703125 870.4664306640625 853.57794189453125 836.85491943359375 820.29736328125 803.90521240234375 787.67852783203125 771.61724853515625 755.721435546875 739.9910888671875 724.4261474609375 709.026611328125 693.7926025390625 678.72393798828125 663.82080078125 649.08306884765625 634.5107421875 620.1038818359375 605.86248779296875 591.7864990234375 577.8759765625 564.13092041015625 550.55126953125 537.13702392578125 523.8883056640625 510.804962158203125 497.887054443359375 485.134613037109375 472.547607421875 460.12603759765625 447.86993408203125 435.77923583984375 423.85400390625 412.094207763671875 400.49981689453125 389.0709228515625 377.80743408203125 366.709381103515625 355.77679443359375 345.0096435546875 334.407928466796875 323.971649169921875 313.7008056640625
1029.907470703125 1011.52996826171875 993.3179931640625 975.27142333984375 957.39031982421875 939.6746826171875 922.12445068359375 904.73968505859375 887.52032470703125 870.4664306640625 853.57794189453125 836.85491943359375 820.29736328125 803.90521240234375 787.67852783203125 771.61724853515625 755.721435546875 739.9910888671875 724.4261474609375 709.026611328125 693.7926025390625 678.72393798828125 663.82080078125 649.08306884765625 634.5107421875 620.1038818359375 605.86248779296875 591.7864990234375 577.8759765625 564.13092041015625 550.55126953125 537.13702392578125 523.8883056640625 510.804962158203125 497.887054443359375 485.134613037109375 472.547607421875 460.12603759765625 447.86993408203125 435.77923583984375 423.85400390625 412.094207763671875 400.49981689453125 389.0709228515625 377.80743408203125 366.709381103515625 355.77679443359375 345.0096435546875 334.407928466796875 323.971649169921875 313.7008056640625
1029.907470703125 1011.52996826171875 993.3179931640625 975.27142333984375 957.39031982421875 939.6746826171875 922.12445068359375 904.73968505859375 887.52032470703125 870.4664306640625 853.57794189453125 836.85491943359375 820.29736328125 803.90521240234375 787.67852783203125 771.61724853515625 755.721435546875 739.9910888671875 724.4261474609375 709.026611328125 693.7926025390625 678.72393798828125 663.82080078125 649.08306884765625 634.5107421875 620.1038818359375 605.86248779296875 591.7864990234375 577.8759765625 564.13092041015625 550.55126953125 537.13702392578125 523.8883056640625 510.804962158203125 497.887054443359375 485.134613037109375 472.547607421875 460.12603759765625 447.86993408203125 435.77923583984375 423.85400390625 412.094207763671875 400.49981689453125 389.0709228515625 377.80743408203125 366.709381103515625 355.77679443359375 345.0096435546875 334.407928466796875 323.971649169921875 313.7008056640625
1029.907470703125 1011.52996826171875 993.3179931640625 975.27142333984375 957.39031982421875 939.6746826171875 922.12445068359375 904.73968505859375 887.52032470703125 870.4664306640625 853.57794189453125 836.85491943359375 820.29736328125 803.90521240234375 787.67852783203125 771.61724853515625 755.721435546875 739.9910888671875 724.4261474609375 709.026611328125 693.7926025390625 678.72393798828125 663.82080078125 649.08306884765625 634.5107421875 620.1038818359375 605.86248779296875 591.7864990234375 577.8759765625 564.13092041015625 550.55126953125 537.13702392578125 523.8883056640625 510.804962158203125 497.887054443359375 485.134613037109375 472.547607421875 460.12603759765625 447.86993408203125 435.77923583984375 423.85400390625 412.094207763671875 400.49981689453125 389.0709228515625 377.80743408203125 366.709381103515625 355.77679443359375 345.0096435546875 334.407928466796875 323.971649169921875 313.7008056640625
1029.907470703125 1011.52996826171875 993.3179931640625 975.27142333984375 957.39031982421875 939.6746826171875 922.12445068359375 904.73968505859375 887.52032470703125 870.4664306640625 853.57794189453125 836.85491943359375 820.29736328125 803.90521240234375 787.67852783203125 771.61724853515625 755.721435546875 739.9910888671875 724.4261474609375 709.026611328125 693.7926025390625 678.72393798828125 663.82080078125 649.08306884765625 634.5107421875 620.1038818359375 605.86248779296875 591.7864990234375 577.8759765625 564.13092041015625 550.55126953125 537.13702392578125 523.8883056640625 510.804962158203125 497.887054443359375 485.134613037109375 472.547607421875 460.12603759765625 447.86993408203125 435.77923583984375 423.85400390625 412.094207763671875 400.49981689453125 389.0709228515625 377.80743408203125 366.709381103515625 355.77679443359375 345.0096435546875 334.407928466796875 323.971649169921875 313.7008056640625
1029.907470703125 1011.52996826171875 993.3179931640625 975.27142333984375 957.39031982421875 939.6746826171875 922.12445068359375 904.73968505859375 887.52032470703125 870.4664306640625 853.57794189453125 836.85491943359375 820.29736328125 803.90521240234375 787.67852783203125 771.61724853515625 755.721435546875 739.9910888671875 724.4261474609375 709.026611328125 693.7926025390625 678.72393798828125 663.82080078125 649.08306884765625 634.5107421875 620.1038818359375 605.86248779296875 591.7864990234375 577.8759765625 564.13092041015625 550.55126953125 537.13702392578125 523.8883056640625 510.804962158203125 497.887054443359375 485.134613037109375 472.547607421875 460.12603759765625 447.86993408203125 435.77923583984375 423.85400390625 412.094207763671875 400.49981689453125 389.0709228515625 377.80743408203125 366.709381103515625 355.77679443359375 345.0096435546875 334.407928466796875 323.971649169921875 313.7008056640625
1029.907470703125 1011.52996826171875 993.3179931640625 975.27142333984375 957.39031982421875 939.6746826171875 922.12445068359375 904.73968505859375 887.52032470703125 870.4664306640625 853.57794189453125 836.85491943359375 820.29736328125 803.90521240234375 787.67852783203125 771.61724853515625 755.721435546875 739.9910888671875 724.4261474609375 709.026611328125 693.7926025390625 678.72393798828125 663.82080078125 649.08306884765625 634.5107421875 620.1038818359375 605.86248779296875 591.7864990234375 577.8759765625 564.13092041015625 550.55126953125 537.13702392578125 523.8883056640625 510.804962158203125 497.887054443359375 485.134613037109375 472.547607421875 460.12603759765625 447.86993408203125 435.77923583984375 423.85400390625 412.094207763671875 400.49981689453125 389.0709228515625 377.80743408203125 366.709381103515625 355.77679443359375 345.0096435546875 334.407928466796875 323.971649169921875 313.7008056640625
1029.907470703125 1011.52996826171875 993.3179931640625 975.27142333984375 957.39031982421875 939.6746826171875 922.12445068359375 904.73968505859375 887.52032470703125 870.4664306640625 853.57794189453125 836.85491943359375 820.29736328125 803.90521240234375 787.67852783203125 771.61724853515625 755.721435546875 739.9910888671875 724.4261474609375 709.026611328125 693.7926025390625 678.72393798828125 663.82080078125 649.08306884765625 634.5107421875 620.1038818359375 605.86248779296875 591.7864990234375 577.8759765625 564.13092041015625 550.55126953125 537.13702392578125 523.8883056640625 510.804962158203125 497.887054443359375 485.134613037109375 472.547607421875 460.12603759765625 447.86993408203125 435.77923583984375 423.85400390625 412.094207763671875 400.49981689453125 389.0709228515625 377.80743408203125 366.709381103515625 355.77679443359375 345.0096435546875 334.407928466796875 323.971649169921875 313.7008056640625
1029.907470703125 1011.52996826171875 993.3179931640625 975.27142333984375 957.39031982421875 939.6746826171875 922.12445068359375 904.73968505859375 887.52032470703125 870.4664306640625 853.57794189453125 836.85491943359375 820.29736328125 803.90521240234375 787.67852783203125 771.61724853515625 755.721435546875 739.9910888671875 724.4261474609375 709.026611328125 693.7926025390625 678.72393798828125 663.82080078125 649.08306884765625 634.5107421875 620.1038818359375 605.86248779296875 591.7864990234375 577.8759765625 564.13092041015625 550.55126953125 537.13702392578125 523.8883056640625 510.804962158203125 497.887054443359375 485.134613037109375 472.547607421875 460.12603759765625 447.86993408203125 435.77923583984375 423.85400390625 412.094207763671875 400.49981689453125 389.0709228515625 377.80743408203125 366.709381103515625 355.77679443359375 345.0096435546875 334.407928466796875 323.971649169921875 313.7008056640625
1029.907470703125 1011.52996826171875 993.3179931640625 975.27142333984375 957.39031982421875 939.6746826171875 922.12445068359375 904.73968505859375 887.52032470703125 870.4664306640625 853.57794189453125 836.85491943359375 820.29736328125 803.90521240234375 787.67852783203125 771.61724853515625 755.721435546875 739.9910888671875 724.4261474609375 709.026611328125 693.7926025390625 678.72393798828125 663.82080078125 649.08306884765625 634.5107421875 620.1038818359375 605.86248779296875 591.7864990234375 577.8759765625 564.13092041015625 550.55126953125 537.13702392578125 523.8883056640625 510.804962158203125 497.887054443359375 485.134613037109375 472.547607421875 460.12603759765625 447.86993408203125 435.77923583984375 423.85400390625 412.094207763671875 400.49981689453125 389.0709228515625 377.80743408203125 366.709381103515625 355.77679443359375 345.0096435546875 334.407928466796875 323.971649169921875 313.7008056640625
1029.907470703125 1011.52996826171875 993.3179931640625 975.27142333984375 957.39031982421875 939.6746826171875 922.12445068359375 904.73968505859375 887.52032470703125 870.4664306640625 853.57794189453125 836.85491943359375 820.29736328125 803.90521240234375 787.67852783203125 771.61724853515625 755.721435546875 739.9910888671875 724.4261474609375 709.026611328125 693.7926025390625 678.72393798828125 663.82080078125 649.08306884765625 634.5107421875 620.1038818359375 605.86248779296875 591.7864990234375 577.8759765625 564.13092041015625 550.55126953125 537.13702392578125 523.8883056640625 510.804962158203125 497.887054443359375 485.134613037109375 472.547607421875 460.12603759765625 447.86993408203125 435.77923583984375 423.85400390625 412.094207763671875 400.49981689453125 389.0709228515625 377.80743408203125 366.709381103515625 355.77679443359375 345.0096435546875 334.407928466796875 323.971649169921875 313.7008056640625
1029.907470703125 1011.52996826171875 993.3179931640625 975.27142333984375 957.39031982421875 939.6746826171875 922.12445068359375 904.73968505859375 887.52032470703125 870.4664306640625 853.57794189453125 836.85491943359375 820.29736328125 803.90521240234375 787.67852783203125 771.61724853515625 755.721435546875 739.9910888671875 724.4261474609375 709.026611328125 693.7926025390625 678.72393798828125 663.82080078125 649.08306884765625 634.5107421875 620.1038818359375 605.86248779296875 591.7864990234375 577.8759765625 564.13092041015625 550.55126953125 537.13702392578125 523.8883056640625 510.804962158203125 497.887054443359375 485.134613037109375 472.547607421875 460.12603759765625 447.86993408203125 435.77923583984375 423.85400390625 412.094207763671875 400.49981689453125 389.0709228515625 377.80743408203125 366.709381103515625 355.77679443359375 345.0096435546875 334.407928466796875 323.971649169921875 313.7008056640625
1029.907470703125 1011.52996826171875 993.3179931640625 975.27142333984375 957.39031982421875 939.6746826171875 922.12445068359375 904.73968505859375 887.52032470703125 870.4664306640625 853.57794189453125 836.85491943359375 820.29736328125 803.90521240234375 787.67852783203125 771.61724853515625 755.721435546875 739.9910888671875 724.4261474609375 709.026611328125 693.7926025390625 678.72393798828125 663.82080078125 649.08306884765625 634.5107421875 620.1038818359375 605.86248779296875 591.7864990234375 577.8759765625 564.13092041015625 550.55126953125 537.13702392578125 523.8883056640625 510.804962158203125 497.887054443359375 485.134613037109375 472.547607421875 460.12603759765625 447.86993408203125 435.77923583984375 423.85400390625 412.094207763671875 400.49981689453125 389.0709228515625 377.80743408203125 366.709381103515625 355.77679443359375 345.0096435546875 334.407928466796875 323.971649169921875 313.7008056640625
1029.907470703125 1011.52996826171875 993.3179931640625 975.27142333984375 957.39031982421875 939.6746826171875 922.12445068359375 904.73968505859375 887.52032470703125 870.4664306640625 853.57794189453125 836.85491943359375 820.29736328125 803.90521240234375 787.67852783203125 771.61724853515625 755.721435546875 739.9910888671875 724.4261474609375 709.026611328125 693.7926025390625 678.72393798828125 663.82080078125 649.08306884765625 634.5107421875 620.1038818359375 605.86248779296875 591.7864990234375 577.8759765625 564.13092041015625 550.55126953125 537.13702392578125 523.8883056640625 510.804962158203125 497.887054443359375 485.134613037109375 472.547607421875 460.12603759765625 447.86993408203125 435.77923583984375 423.85400390625 412.094207763671875 400.49981689453125 389.0709228515625 377.80743408203125 366.709381103515625 355.77679443359375 345.0096435546875 334.407928466796875 323.971649169921875 313.7008056640625
1029.907470703125 1011.52996826171875 993.3179931640625 975.27142333984375 957.39031982421875 939.6746826171875 922.12445068359375 904.73968505859375 887.52032470703125 870.4664306640625 853.57794189453125 836.85491943359375 820.29736328125 803.90521240234375 787.67852783203125 771.61724853515625 755.721435546875 739.9910888671875 724.4261474609375 709.026611328125 693.7926025390625 678.72393798828125 663.82080078125 649.08306884765625 634.5107421875 620.1038818359375 605.86248779296875 591.7864990234375 577.8759765625 564.13092041015625 550.55126953125 537.13702392578125 523.8883056640625 510.804962158203125 497.887054443359375 485.134613037109375 472.547607421875 460.12603759765625 447.86993408203125 435.77923583984375 423.85400390625 412.094207763671875 400.49981689453125 389.0709228515625 377.80743408203125 366.709381103515625 355.77679443359375 345.0096435546875 334.407928466796875 323.971649169921875 313.7008056640625
