avaframe/data/avaParabola/Avaflow_Input/DEM.asc
ncols        250
nrows        100
xllcorner    997.500000000000
yllcorner    -4997.500000000000
cellsize     20.000000000000
NODATA_value  -9999
[rows 0 to 21 of 100, columns 0 to 50 of 250]
2186.530517578125 2159.715576171875 2133.066162109375 2106.58203125 2080.263671875 2054.1103515625 2028.1226806640625 2002.3004150390625 1976.6436767578125 1951.1522216796875 1925.8262939453125 1900.6658935546875 1875.6707763671875 1850.8411865234375 1826.177001953125 1801.67822265625 1777.344970703125 1753.1771240234375 1729.1746826171875 1705.3377685546875 1681.666259765625 1658.16015625 1634.8194580078125 1611.644287109375 1588.634521484375 1565.7901611328125 1543.111328125 1520.597900390625 1498.2498779296875 1476.0672607421875 1454.0501708984375 1432.198486328125 1410.51220703125 1388.991455078125 1367.6361083984375 1346.4461669921875 1325.4217529296875 1304.5626220703125 1283.8690185546875 1263.3409423828125 1242.9781494140625 1222.7808837890625 1202.7491455078125 1182.8826904296875 1163.1817626953125 1143.646240234375 1124.276123046875 1105.071533203125 1086.0323486328125 1067.1585693359375 1048.4503173828125
2186.530517578125 2159.715576171875 2133.066162109375 2106.58203125 2080.263671875 2054.1103515625 2028.1226806640625 2002.3004150390625 1976.6436767578125 1951.1522216796875 1925.8262939453125 1900.6658935546875 1875.6707763671875 1850.8411865234375 1826.177001953125 1801.67822265625 1777.344970703125 1753.1771240234375 1729.1746826171875 1705.3377685546875 1681.666259765625 1658.16015625 1634.8194580078125 1611.644287109375 1588.634521484375 1565.7901611328125 1543.111328125 1520.597900390625 1498.2498779296875 1476.0672607421875 1454.0501708984375 1432.198486328125 1410.51220703125 1388.991455078125 1367.6361083984375 1346.4461669921875 1325.4217529296875 1304.5626220703125 1283.8690185546875 1263.3409423828125 1242.9781494140625 1222.7808837890625 1202.7491455078125 1182.8826904296875 1163.1817626953125 1143.646240234375 1124.276123046875 1105.071533203125 1086.0323486328125 1067.1585693359375 1048.4503173828125
2186.530517578125 2159.715576171875 2133.066162109375 2106.58203125 2080.263671875 2054.1103515625 2028.1226806640625 2002.3004150390625 1976.6436767578125 1951.1522216796875 1925.8262939453125 1900.6658935546875 1875.6707763671875 1850.8411865234375 1826.177001953125 1801.67822265625 1777.344970703125 1753.1771240234375 1729.1746826171875 1705.3377685546875 1681.666259765625 1658.16015625 1634.8194580078125 1611.644287109375 1588.634521484375 1565.7901611328125 1543.111328125 1520.597900390625 1498.2498779296875 1476.0672607421875 1454.0501708984375 1432.198486328125 1410.51220703125 1388.991455078125 1367.6361083984375 1346.4461669921875 1325.4217529296875 1304.5626220703125 1283.8690185546875 1263.3409423828125 1242.9781494140625 1222.7808837890625 1202.7491455078125 1182.8826904296875 1163.1817626953125 1143.646240234375 1124.276123046875 1105.071533203125 1086.0323486328125 1067.1585693359375 1048.4503173828125
2186.530517578125 2159.715576171875 2133.066162109375 2106.58203125 2080.263671875 2054.1103515625 2028.1226806640625 2002.3004150390625 1976.6436767578125 1951.1522216796875 1925.8262939453125 1900.6658935546875 1875.6707763671875 1850.8411865234375 1826.177001953125 1801.67822265625 1777.344970703125 1753.1771240234375 1729.1746826171875 1705.3377685546875 1681.666259765625 1658.16015625 1634.8194580078125 1611.644287109375 1588.634521484375 1565.7901611328125 1543.111328125 1520.597900390625 1498.2498779296875 1476.0672607421875 1454.0501708984375 1432.198486328125 1410.51220703125 1388.991455078125 1367.6361083984375 1346.4461669921875 1325.4217529296875 1304.5626220703125 1283.8690185546875 1263.3409423828125 1242.9781494140625 1222.7808837890625 1202.7491455078125 1182.8826904296875 1163.1817626953125 1143.646240234375 1124.276123046875 1105.071533203125 1086.0323486328125 1067.1585693359375 1048.4503173828125
2186.530517578125 2159.715576171875 2133.066162109375 2106.58203125 2080.263671875 2054.1103515625 2028.1226806640625 2002.3004150390625 1976.6436767578125 1951.1522216796875 1925.8262939453125 1900.6658935546875 1875.6707763671875 1850.8411865234375 1826.177001953125 1801.67822265625 1777.344970703125 1753.1771240234375 1729.1746826171875 1705.3377685546875 1681.666259765625 1658.16015625 1634.8194580078125 1611.644287109375 1588.634521484375 1565.7901611328125 1543.111328125 1520.597900390625 1498.2498779296875 1476.0672607421875 1454.0501708984375 1432.198486328125 1410.51220703125 1388.991455078125 1367.6361083984375 1346.4461669921875 1325.4217529296875 1304.5626220703125 1283.8690185546875 1263.3409423828125 1242.9781494140625 1222.7808837890625 1202.7491455078125 1182.8826904296875 1163.1817626953125 1143.646240234375 1124.276123046875 1105.071533203125 1086.0323486328125 1067.1585693359375 1048.4503173828125
2186.530517578125 2159.715576171875 2133.066162109375 2106.58203125 2080.263671875 2054.1103515625 2028.1226806640625 2002.3004150390625 1976.6436767578125 1951.1522216796875 1925.8262939453125 1900.6658935546875 1875.6707763671875 1850.8411865234375 1826.177001953125 1801.67822265625 1777.344970703125 1753.1771240234375 1729.1746826171875 1705.3377685546875 1681.666259765625 1658.16015625 1634.8194580078125 1611.644287109375 1588.634521484375 1565.7901611328125 1543.111328125 1520.597900390625 1498.2498779296875 1476.0672607421875 1454.0501708984375 1432.198486328125 1410.51220703125 1388.991455078125 1367.6361083984375 1346.4461669921875 1325.4217529296875 1304.5626220703125 1283.8690185546875 1263.3409423828125 1242.9781494140625 1222.7808837890625 1202.7491455078125 1182.8826904296875 1163.1817626953125 1143.646240234375 1124.276123046875 1105.071533203125 1086.0323486328125 1067.1585693359375 1048.4503173828125
2186.530517578125 2159.715576171875 2133.066162109375 2106.58203125 2080.263671875 2054.1103515625 2028.1226806640625 2002.3004150390625 1976.6436767578125 1951.1522216796875 1925.8262939453125 1900.6658935546875 1875.6707763671875 1850.8411865234375 1826.177001953125 1801.67822265625 1777.344970703125 1753.1771240234375 1729.1746826171875 1705.3377685546875 1681.666259765625 1658.16015625 1634.8194580078125 1611.644287109375 1588.634521484375 1565.7901611328125 1543.111328125 1520.597900390625 1498.2498779296875 1476.0672607421875 1454.0501708984375 1432.198486328125 1410.51220703125 1388.991455078125 1367.6361083984375 1346.4461669921875 1325.4217529296875 1304.5626220703125 1283.8690185546875 1263.3409423828125 1242.9781494140625 1222.7808837890625 1202.7491455078125 1182.8826904296875 1163.1817626953125 1143.646240234375 1124.276123046875 1105.071533203125 1086.0323486328125 1067.1585693359375 1048.4503173828125
2186.530517578125 2159.715576171875 2133.066162109375 2106.58203125 2080.263671875 2054.1103515625 2028.1226806640625 2002.3004150390625 1976.6436767578125 1951.1522216796875 1925.8262939453125 1900.6658935546875 1875.6707763671875 1850.8411865234375 1826.177001953125 1801.67822265625 1777.344970703125 1753.1771240234375 1729.1746826171875 1705.3377685546875 1681.666259765625 1658.16015625 1634.8194580078125 1611.644287109375 1588.634521484375 1565.7901611328125 1543.111328125 1520.597900390625 1498.2498779296875 1476.0672607421875 1454.0501708984375 1432.198486328125 1410.51220703125 1388.991455078125 1367.6361083984375 1346.4461669921875 1325.4217529296875 1304.5626220703125 1283.8690185546875 1263.3409423828125 1242.9781494140625 1222.7808837890625 1202.7491455078125 1182.8826904296875 1163.1817626953125 1143.646240234375 1124.276123046875 1105.071533203125 1086.0323486328125 1067.1585693359375 1048.4503173828125
2186.530517578125 2159.715576171875 2133.066162109375 2106.58203125 2080.263671875 2054.1103515625 2028.1226806640625 2002.3004150390625 1976.6436767578125 1951.1522216796875 1925.8262939453125 1900.6658935546875 1875.6707763671875 1850.8411865234375 1826.177001953125 1801.67822265625 1777.344970703125 1753.1771240234375 1729.1746826171875 1705.3377685546875 1681.666259765625 1658.16015625 1634.8194580078125 1611.644287109375 1588.634521484375 1565.7901611328125 1543.111328125 1520.597900390625 1498.2498779296875 1476.0672607421875 1454.0501708984375 1432.198486328125 1410.51220703125 1388.991455078125 1367.6361083984375 1346.4461669921875 1325.4217529296875 1304.5626220703125 1283.8690185546875 1263.3409423828125 1242.9781494140625 1222.7808837890625 1202.7491455078125 1182.8826904296875 1163.1817626953125 1143.646240234375 1124.276123046875 1105.071533203125 1086.0323486328125 1067.1585693359375 1048.4503173828125
2186.530517578125 2159.715576171875 2133.066162109375 2106.58203125 2080.263671875 2054.1103515625 2028.1226806640625 2002.3004150390625 1976.6436767578125 1951.1522216796875 1925.8262939453125 1900.6658935546875 1875.6707763671875 1850.8411865234375 1826.177001953125 1801.67822265625 1777.344970703125 1753.1771240234375 1729.1746826171875 1705.3377685546875 1681.666259765625 1658.16015625 1634.8194580078125 1611.644287109375 1588.634521484375 1565.7901611328125 1543.111328125 1520.597900390625 1498.2498779296875 1476.0672607421875 1454.0501708984375 1432.198486328125 1410.51220703125 1388.991455078125 1367.6361083984375 1346.4461669921875 1325.4217529296875 1304.5626220703125 1283.8690185546875 1263.3409423828125 1242.9781494140625 1222.7808837890625 1202.7491455078125 1182.8826904296875 1163.1817626953125 1143.646240234375 1124.276123046875 1105.071533203125 1086.0323486328125 1067.1585693359375 1048.4503173828125
2186.530517578125 2159.715576171875 2133.066162109375 2106.58203125 2080.263671875 2054.1103515625 2028.1226806640625 2002.3004150390625 1976.6436767578125 1951.1522216796875 1925.8262939453125 1900.6658935546875 1875.6707763671875 1850.8411865234375 1826.177001953125 1801.67822265625 1777.344970703125 1753.1771240234375 1729.1746826171875 1705.3377685546875 1681.666259765625 1658.16015625 1634.8194580078125 1611.644287109375 1588.634521484375 1565.7901611328125 1543.111328125 1520.597900390625 1498.2498779296875 1476.0672607421875 1454.0501708984375 1432.198486328125 1410.51220703125 1388.991455078125 1367.6361083984375 1346.4461669921875 1325.4217529296875 1304.5626220703125 1283.8690185546875 1263.3409423828125 1242.9781494140625 1222.7808837890625 1202.7491455078125 1182.8826904296875 1163.1817626953125 1143.646240234375 1124.276123046875 1105.071533203125 1086.0323486328125 1067.1585693359375 1048.4503173828125
2186.530517578125 2159.715576171875 2133.066162109375 2106.58203125 2080.263671875 2054.1103515625 2028.1226806640625 2002.3004150390625 1976.6436767578125 1951.1522216796875 1925.8262939453125 1900.6658935546875 1875.6707763671875 1850.8411865234375 1826.177001953125 1801.67822265625 1777.344970703125 1753.1771240234375 1729.1746826171875 1705.3377685546875 1681.666259765625 1658.16015625 1634.8194580078125 1611.644287109375 1588.634521484375 1565.7901611328125 1543.111328125 1520.597900390625 1498.2498779296875 1476.0672607421875 1454.0501708984375 1432.198486328125 1410.51220703125 1388.991455078125 1367.6361083984375 1346.4461669921875 1325.4217529296875 1304.5626220703125 1283.8690185546875 1263.3409423828125 1242.9781494140625 1222.7808837890625 1202.7491455078125 1182.8826904296875 1163.1817626953125 1143.646240234375 1124.276123046875 1105.071533203125 1086.0323486328125 1067.1585693359375 1048.4503173828125
2186.530517578125 2159.715576171875 2133.066162109375 2106.58203125 2080.263671875 2054.1103515625 2028.1226806640625 2002.3004150390625 1976.6436767578125 1951.1522216796875 1925.8262939453125 1900.6658935546875 1875.6707763671875 1850.8411865234375 1826.177001953125 1801.67822265625 1777.344970703125 1753.1771240234375 1729.1746826171875 1705.3377685546875 1681.666259765625 1658.16015625 1634.8194580078125 1611.644287109375 1588.634521484375 1565.7901611328125 1543.111328125 1520.597900390625 1498.2498779296875 1476.0672607421875 1454.0501708984375 1432.198486328125 1410.51220703125 1388.991455078125 1367.6361083984375 1346.4461669921875 1325.4217529296875 1304.5626220703125 1283.8690185546875 1263.3409423828125 1242.9781494140625 1222.7808837890625 1202.7491455078125 1182.8826904296875 1163.1817626953125 1143.646240234375 1124.276123046875 1105.071533203125 1086.0323486328125 1067.1585693359375 1048.4503173828125
2186.530517578125 2159.715576171875 2133.066162109375 2106.58203125 2080.263671875 2054.1103515625 2028.1226806640625 2002.3004150390625 1976.6436767578125 1951.1522216796875 1925.8262939453125 1900.6658935546875 1875.6707763671875 1850.8411865234375 1826.177001953125 1801.67822265625 1777.344970703125 1753.1771240234375 1729.1746826171875 1705.3377685546875 1681.666259765625 1658.16015625 1634.8194580078125 1611.644287109375 1588.634521484375 1565.7901611328125 1543.111328125 1520.597900390625 1498.2498779296875 1476.0672607421875 1454.0501708984375 1432.198486328125 1410.51220703125 1388.991455078125 1367.6361083984375 1346.4461669921875 1325.4217529296875 1304.5626220703125 1283.8690185546875 1263.3409423828125 1242.9781494140625 1222.7808837890625 1202.7491455078125 1182.8826904296875 1163.1817626953125 1143.646240234375 1124.276123046875 1105.071533203125 1086.0323486328125 1067.1585693359375 1048.4503173828125
2186.530517578125 2159.715576171875 2133.066162109375 2106.58203125 2080.263671875 2054.1103515625 2028.1226806640625 2002.3004150390625 1976.6436767578125 1951.1522216796875 1925.8262939453125 1900.6658935546875 1875.6707763671875 1850.8411865234375 1826.177001953125 1801.67822265625 1777.344970703125 1753.1771240234375 1729.1746826171875 1705.3377685546875 1681.666259765625 1658.16015625 1634.8194580078125 1611.644287109375 1588.634521484375 1565.7901611328125 1543.111328125 1520.597900390625 1498.2498779296875 1476.0672607421875 1454.0501708984375 1432.198486328125 1410.51220703125 1388.991455078125 1367.6361083984375 1346.4461669921875 1325.4217529296875 1304.5626220703125 1283.8690185546875 1263.3409423828125 1242.9781494140625 1222.7808837890625 1202.7491455078125 1182.8826904296875 1163.1817626953125 1143.646240234375 1124.276123046875 1105.071533203125 1086.0323486328125 1067.1585693359375 1048.4503173828125
2186.530517578125 2159.715576171875 2133.066162109375 2106.58203125 2080.263671875 2054.1103515625 2028.1226806640625 2002.3004150390625 1976.6436767578125 1951.1522216796875 1925.8262939453125 1900.6658935546875 1875.6707763671875 1850.8411865234375 1826.177001953125 1801.67822265625 1777.344970703125 1753.1771240234375 1729.1746826171875 1705.3377685546875 1681.666259765625 1658.16015625 1634.8194580078125 1611.644287109375 1588.634521484375 1565.7901611328125 1543.111328125 1520.597900390625 1498.2498779296875 1476.0672607421875 1454.0501708984375 1432.198486328125 1410.51220703125 1388.991455078125 1367.6361083984375 1346.4461669921875 1325.4217529296875 1304.5626220703125 1283.8690185546875 1263.3409423828125 1242.9781494140625 1222.7808837890625 1202.7491455078125 1182.8826904296875 1163.1817626953125 1143.646240234375 1124.276123046875 1105.071533203125 1086.0323486328125 1067.1585693359375 1048.4503173828125
2186.530517578125 2159.715576171875 2133.066162109375 2106.58203125 2080.263671875 2054.1103515625 2028.1226806640625 2002.3004150390625 1976.6436767578125 1951.1522216796875 1925.8262939453125 1900.6658935546875 1875.6707763671875 1850.8411865234375 1826.177001953125 1801.67822265625 1777.344970703125 1753.1771240234375 1729.1746826171875 1705.3377685546875 1681.666259765625 1658.16015625 1634.8194580078125 1611.644287109375 1588.634521484375 1565.7901611328125 1543.111328125 1520.597900390625 1498.2498779296875 1476.0672607421875 1454.0501708984375 1432.198486328125 1410.51220703125 1388.991455078125 1367.6361083984375 1346.4461669921875 1325.4217529296875 1304.5626220703125 1283.8690185546875 1263.3409423828125 1242.9781494140625 1222.7808837890625 1202.7491455078125 1182.8826904296875 1163.1817626953125 1143.646240234375 1124.276123046875 1105.071533203125 1086.0323486328125 1067.1585693359375 1048.4503173828125
2186.530517578125 2159.715576171875 2133.066162109375 2106.58203125 2080.263671875 2054.1103515625 2028.1226806640625 2002.3004150390625 1976.6436767578125 1951.1522216796875 1925.8262939453125 1900.6658935546875 1875.6707763671875 1850.8411865234375 1826.177001953125 1801.67822265625 1777.344970703125 1753.1771240234375 1729.1746826171875 1705.3377685546875 1681.666259765625 1658.16015625 1634.8194580078125 1611.644287109375 1588.634521484375 1565.7901611328125 1543.111328125 1520.597900390625 1498.2498779296875 1476.0672607421875 1454.0501708984375 1432.198486328125 1410.51220703125 1388.991455078125 1367.6361083984375 1346.4461669921875 1325.4217529296875 1304.5626220703125 1283.8690185546875 1263.3409423828125 1242.9781494140625 1222.7808837890625 1202.7491455078125 1182.8826904296875 1163.1817626953125 1143.646240234375 1124.276123046875 1105.071533203125 1086.0323486328125 1067.1585693359375 1048.4503173828125
2186.530517578125 2159.715576171875 2133.066162109375 2106.58203125 2080.263671875 2054.1103515625 2028.1226806640625 2002.3004150390625 1976.6436767578125 1951.1522216796875 1925.8262939453125 1900.6658935546875 1875.6707763671875 1850.8411865234375 1826.177001953125 1801.67822265625 1777.344970703125 1753.1771240234375 1729.1746826171875 1705.3377685546875 1681.666259765625 1658.16015625 1634.8194580078125 1611.644287109375 1588.634521484375 1565.7901611328125 1543.111328125 1520.597900390625 1498.2498779296875 1476.0672607421875 1454.0501708984375 1432.198486328125 1410.51220703125 1388.991455078125 1367.6361083984375 1346.4461669921875 1325.4217529296875 1304.5626220703125 1283.8690185546875 1263.3409423828125 1242.9781494140625 1222.7808837890625 1202.7491455078125 1182.8826904296875 1163.1817626953125 1143.646240234375 1124.276123046875 1105.071533203125 1086.0323486328125 1067.1585693359375 1048.4503173828125
2186.530517578125 2159.715576171875 2133.066162109375 2106.58203125 2080.263671875 2054.1103515625 2028.1226806640625 2002.3004150390625 1976.6436767578125 1951.1522216796875 1925.8262939453125 1900.6658935546875 1875.6707763671875 1850.8411865234375 1826.177001953125 1801.67822265625 1777.344970703125 1753.1771240234375 1729.1746826171875 1705.3377685546875 1681.666259765625 1658.16015625 1634.8194580078125 1611.644287109375 1588.634521484375 1565.7901611328125 1543.111328125 1520.597900390625 1498.2498779296875 1476.0672607421875 1454.0501708984375 1432.198486328125 1410.51220703125 1388.991455078125 1367.6361083984375 1346.4461669921875 1325.4217529296875 1304.5626220703125 1283.8690185546875 1263.3409423828125 1242.9781494140625 1222.7808837890625 1202.7491455078125 1182.8826904296875 1163.1817626953125 1143.646240234375 1124.276123046875 1105.071533203125 1086.0323486328125 1067.1585693359375 1048.4503173828125
2186.530517578125 2159.715576171875 2133.066162109375 2106.58203125 2080.263671875 2054.1103515625 2028.1226806640625 2002.3004150390625 1976.6436767578125 1951.1522216796875 1925.8262939453125 1900.6658935546875 1875.6707763671875 1850.8411865234375 1826.177001953125 1801.67822265625 1777.344970703125 1753.1771240234375 1729.1746826171875 1705.3377685546875 1681.666259765625 1658.16015625 1634.8194580078125 1611.644287109375 1588.634521484375 1565.7901611328125 1543.111328125 1520.597900390625 1498.2498779296875 1476.0672607421875 1454.0501708984375 1432.198486328125 1410.51220703125 1388.991455078125 1367.6361083984375 1346.4461669921875 1325.4217529296875 1304.5626220703125 1283.8690185546875 1263.3409423828125 1242.9781494140625 1222.7808837890625 1202.7491455078125 1182.8826904296875 1163.1817626953125 1143.646240234375 1124.276123046875 1105.071533203125 1086.0323486328125 1067.1585693359375 1048.4503173828125
2186.530517578125 2159.715576171875 2133.066162109375 2106.58203125 2080.263671875 2054.1103515625 2028.1226806640625 2002.3004150390625 1976.6436767578125 1951.1522216796875 1925.8262939453125 1900.6658935546875 1875.6707763671875 1850.8411865234375 1826.177001953125 1801.67822265625 1777.344970703125 1753.1771240234375 1729.1746826171875 1705.3377685546875 1681.666259765625 1658.16015625 1634.8194580078125 1611.644287109375 1588.634521484375 1565.7901611328125 1543.111328125 1520.597900390625 1498.2498779296875 1476.0672607421875 1454.0501708984375 1432.198486328125 1410.51220703125 1388.991455078125 1367.6361083984375 1346.4461669921875 1325.4217529296875 1304.5626220703125 1283.8690185546875 1263.3409423828125 1242.9781494140625 1222.7808837890625 1202.7491455078125 1182.8826904296875 1163.1817626953125 1143.646240234375 1124.276123046875 1105.071533203125 1086.0323486328125 1067.1585693359375 1048.4503173828125
