avaframe/data/avaParabola/Avaflow_Input/prefix_hflow0009.asc
ncols 250
nrows 100
xllcenter 997.50
yllcenter -4997.50
cellsize 20.00
NODATA_value -9999.000
[rows 34 to 67 of 100, columns 77 to 153 of 250]
0.000 0.001 0.001 0.001 0.000 0.000 0.000 0.000 0.000 0.000 0.000 0.001 0.001 0.001 0.001 0.002 0.002 0.002 0.002 0.002 0.002 0.003 0.003 0.003 0.003 0.003 0.004 0.004 0.004 0.004 0.004 0.004 0.004 0.005 0.005 0.005 0.005 0.005 0.005 0.004 0.004 0.004 0.004 0.005 0.005 0.005 0.004 0.004 0.003 0.002 0.001 0.001 0.000 0.000 0.000 0.000 0.000 0.000 0.000 0.000 0.000 0.000 0.000 0.000 0.000 0.000 0.000 0.000 0.000 0.000 0.000 0.000 0.000 0.000 0.000 0.000 0.000
0.001 0.001 0.000 0.000 0.000 0.000 0.000 0.000 0.000 0.000 0.001 0.001 0.001 0.001 0.002 0.002 0.003 0.003 0.003 0.003 0.004 0.004 0.004 0.005 0.005 0.005 0.006 0.006 0.006 0.007 0.007 0.007 0.007 0.008 0.008 0.008 0.008 0.008 0.008 0.008 0.008 0.008 0.009 0.011 0.012 0.012 0.011 0.010 0.009 0.007 0.004 0.002 0.001 0.000 0.000 0.000 0.000 0.000 0.000 0.000 0.000 0.000 0.000 0.000 0.000 0.000 0.000 0.000 0.000 0.000 0.000 0.000 0.000 0.000 0.000 0.000 0.000
0.001 0.000 0.000 0.000 0.000 0.000 0.000 0.000 0.001 0.001 0.001 0.001 0.002 0.002 0.003 0.003 0.003 0.004 0.004 0.005 0.005 0.006 0.006 0.007 0.007 0.008 0.008 0.009 0.009 0.010 0.010 0.011 0.012 0.012 0.013 0.013 0.014 0.014 0.015 0.015 0.015 0.015 0.016 0.020 0.028 0.029 0.028 0.026 0.022 0.017 0.011 0.005 0.002 0.001 0.000 0.000 0.000 0.000 0.000 0.000 0.000 0.000 0.000 0.000 0.000 0.000 0.000 0.000 0.000 0.000 0.000 0.000 0.000 0.000 0.000 0.000 0.000
0.000 0.000 0.000 0.000 0.000 0.000 0.000 0.001 0.001 0.001 0.001 0.002 0.002 0.003 0.003 0.004 0.005 0.005 0.006 0.006 0.007 0.008 0.008 0.009 0.010 0.011 0.012 0.013 0.013 0.014 0.015 0.016 0.017 0.018 0.020 0.021 0.022 0.023 0.024 0.024 0.025 0.026 0.027 0.034 0.055 0.064 0.062 0.059 0.052 0.041 0.027 0.014 0.006 0.003 0.001 0.000 0.000 0.000 0.000 0.000 0.000 0.000 0.000 0.000 0.000 0.000 0.000 0.000 0.000 0.000 0.000 0.000 0.000 0.000 0.000 0.000 0.000
0.000 0.000 0.000 0.000 0.000 0.000 0.001 0.001 0.001 0.001 0.002 0.003 0.003 0.004 0.004 0.005 0.006 0.007 0.007 0.008 0.009 0.010 0.011 0.012 0.013 0.015 0.016 0.017 0.018 0.020 0.021 0.023 0.024 0.026 0.028 0.030 0.032 0.034 0.035 0.037 0.039 0.040 0.043 0.053 0.095 0.128 0.127 0.123 0.110 0.091 0.061 0.033 0.016 0.007 0.002 0.001 0.000 0.000 0.000 0.000 0.000 0.000 0.000 0.000 0.000 0.000 0.000 0.000 0.000 0.000 0.000 0.000 0.000 0.000 0.000 0.000 0.000
0.000 0.000 0.000 0.000 0.000 0.001 0.001 0.001 0.001 0.002 0.003 0.004 0.004 0.005 0.006 0.006 0.007 0.008 0.009 0.011 0.012 0.013 0.014 0.016 0.017 0.019 0.021 0.023 0.024 0.026 0.028 0.030 0.032 0.035 0.037 0.040 0.043 0.046 0.049 0.051 0.054 0.057 0.061 0.073 0.148 0.226 0.231 0.230 0.211 0.179 0.129 0.073 0.035 0.015 0.006 0.002 0.000 0.000 0.000 0.000 0.000 0.000 0.000 0.000 0.000 0.000 0.000 0.000 0.000 0.000 0.000 0.000 0.000 0.000 0.000 0.000 0.000
0.000 0.000 0.000 0.000 0.000 0.001 0.001 0.001 0.002 0.003 0.004 0.005 0.005 0.006 0.007 0.008 0.009 0.010 0.012 0.013 0.015 0.016 0.018 0.020 0.022 0.024 0.026 0.028 0.030 0.032 0.035 0.037 0.040 0.043 0.046 0.049 0.052 0.055 0.059 0.063 0.066 0.070 0.074 0.092 0.219 0.352 0.383 0.385 0.366 0.322 0.247 0.145 0.072 0.032 0.012 0.004 0.001 0.000 0.000 0.000 0.000 0.000 0.000 0.000 0.000 0.000 0.000 0.000 0.000 0.000 0.000 0.000 0.000 0.000 0.000 0.000 0.000
0.000 0.000 0.000 0.000 0.001 0.001 0.001 0.002 0.003 0.004 0.005 0.005 0.006 0.007 0.008 0.010 0.011 0.012 0.014 0.015 0.017 0.019 0.021 0.023 0.025 0.027 0.030 0.032 0.035 0.037 0.040 0.043 0.046 0.049 0.052 0.056 0.059 0.063 0.067 0.071 0.075 0.079 0.084 0.115 0.316 0.497 0.572 0.584 0.574 0.527 0.424 0.266 0.136 0.062 0.025 0.009 0.003 0.001 0.000 0.000 0.000 0.000 0.000 0.000 0.000 0.000 0.000 0.000 0.000 0.000 0.000 0.000 0.000 0.000 0.000 0.000 0.000
0.000 0.000 0.000 0.001 0.001 0.001 0.002 0.003 0.004 0.004 0.005 0.006 0.007 0.008 0.009 0.011 0.012 0.014 0.015 0.017 0.019 0.021 0.023 0.025 0.028 0.030 0.033 0.035 0.038 0.041 0.044 0.047 0.050 0.054 0.057 0.061 0.065 0.068 0.072 0.077 0.081 0.086 0.091 0.154 0.432 0.642 0.753 0.792 0.793 0.754 0.642 0.438 0.232 0.109 0.045 0.016 0.005 0.001 0.000 0.000 0.000 0.000 0.000 0.000 0.000 0.000 0.000 0.000 0.000 0.000 0.000 0.000 0.000 0.000 0.000 0.000 0.000
0.000 0.000 0.000 0.001 0.001 0.002 0.003 0.003 0.004 0.005 0.006 0.007 0.008 0.009 0.010 0.012 0.013 0.015 0.017 0.018 0.020 0.023 0.025 0.027 0.030 0.032 0.035 0.038 0.041 0.044 0.047 0.050 0.054 0.057 0.061 0.065 0.068 0.073 0.077 0.081 0.086 0.091 0.098 0.223 0.555 0.779 0.922 0.983 0.989 0.952 0.832 0.598 0.330 0.158 0.067 0.025 0.008 0.002 0.000 0.000 0.000 0.000 0.000 0.000 0.000 0.000 0.000 0.000 0.000 0.000 0.000 0.000 0.000 0.000 0.000 0.000 0.000
0.000 0.000 0.000 0.001 0.001 0.002 0.003 0.004 0.005 0.005 0.006 0.007 0.008 0.009 0.011 0.012 0.014 0.016 0.017 0.019 0.021 0.024 0.026 0.028 0.031 0.034 0.036 0.039 0.042 0.045 0.049 0.052 0.056 0.059 0.063 0.067 0.071 0.075 0.080 0.084 0.089 0.094 0.114 0.325 0.682 0.920 1.073 1.135 1.142 1.101 0.968 0.707 0.394 0.190 0.080 0.030 0.010 0.003 0.001 0.000 0.000 0.000 0.000 0.000 0.000 0.000 0.000 0.000 0.000 0.000 0.000 0.000 0.000 0.000 0.000 0.000 0.000
0.000 0.000 0.000 0.001 0.001 0.002 0.003 0.004 0.005 0.006 0.006 0.007 0.009 0.010 0.011 0.013 0.014 0.016 0.018 0.020 0.022 0.024 0.027 0.029 0.032 0.035 0.037 0.040 0.043 0.047 0.050 0.054 0.057 0.061 0.065 0.069 0.073 0.077 0.082 0.086 0.091 0.095 0.148 0.428 0.817 1.046 1.192 1.248 1.253 1.208 1.059 0.770 0.428 0.205 0.087 0.032 0.010 0.003 0.001 0.000 0.000 0.000 0.000 0.000 0.000 0.000 0.000 0.000 0.000 0.000 0.000 0.000 0.000 0.000 0.000 0.000 0.000
0.000 0.000 0.000 0.001 0.001 0.002 0.003 0.004 0.005 0.006 0.007 0.008 0.009 0.010 0.012 0.013 0.015 0.017 0.018 0.020 0.023 0.025 0.027 0.030 0.032 0.035 0.038 0.041 0.044 0.047 0.051 0.054 0.058 0.062 0.066 0.070 0.074 0.078 0.083 0.088 0.092 0.098 0.207 0.555 0.921 1.147 1.287 1.336 1.334 1.277 1.112 0.800 0.440 0.210 0.089 0.033 0.010 0.003 0.001 0.000 0.000 0.000 0.000 0.000 0.000 0.000 0.000 0.000 0.000 0.000 0.000 0.000 0.000 0.000 0.000 0.000 0.000
0.000 0.000 0.000 0.001 0.001 0.002 0.003 0.004 0.005 0.006 0.007 0.008 0.009 0.010 0.012 0.013 0.015 0.017 0.019 0.021 0.023 0.025 0.028 0.030 0.033 0.036 0.038 0.041 0.045 0.048 0.051 0.055 0.059 0.063 0.066 0.071 0.075 0.079 0.084 0.088 0.093 0.105 0.279 0.674 0.984 1.220 1.351 1.394 1.388 1.321 1.139 0.807 0.441 0.210 0.088 0.032 0.010 0.003 0.001 0.000 0.000 0.000 0.000 0.000 0.000 0.000 0.000 0.000 0.000 0.000 0.000 0.000 0.000 0.000 0.000 0.000 0.000
0.000 0.000 0.000 0.001 0.001 0.002 0.003 0.004 0.005 0.006 0.007 0.008 0.009 0.010 0.012 0.013 0.015 0.017 0.019 0.021 0.023 0.025 0.028 0.030 0.033 0.036 0.039 0.042 0.045 0.048 0.052 0.055 0.059 0.063 0.067 0.071 0.075 0.080 0.084 0.089 0.094 0.114 0.341 0.737 1.036 1.264 1.386 1.422 1.413 1.338 1.145 0.800 0.433 0.205 0.085 0.031 0.010 0.003 0.001 0.000 0.000 0.000 0.000 0.000 0.000 0.000 0.000 0.000 0.000 0.000 0.000 0.000 0.000 0.000 0.000 0.000 0.000
0.000 0.000 0.000 0.001 0.001 0.002 0.003 0.004 0.005 0.006 0.007 0.008 0.009 0.010 0.012 0.013 0.015 0.017 0.019 0.021 0.023 0.025 0.028 0.030 0.033 0.036 0.039 0.042 0.045 0.048 0.052 0.055 0.059 0.063 0.067 0.071 0.075 0.080 0.085 0.089 0.094 0.120 0.379 0.769 1.064 1.284 1.398 1.430 1.419 1.339 1.136 0.775 0.412 0.192 0.078 0.028 0.008 0.002 0.000 0.000 0.000 0.000 0.000 0.000 0.000 0.000 0.000 0.000 0.000 0.000 0.000 0.000 0.000 0.000 0.000 0.000 0.000
0.000 0.000 0.000 0.001 0.001 0.002 0.003 0.004 0.005 0.006 0.007 0.008 0.009 0.010 0.012 0.013 0.015 0.017 0.019 0.021 0.023 0.025 0.028 0.030 0.033 0.036 0.039 0.042 0.045 0.048 0.052 0.056 0.059 0.063 0.067 0.071 0.076 0.080 0.085 0.089 0.094 0.122 0.393 0.780 1.072 1.288 1.398 1.428 1.415 1.327 1.107 0.730 0.377 0.170 0.067 0.023 0.007 0.002 0.000 0.000 0.000 0.000 0.000 0.000 0.000 0.000 0.000 0.000 0.000 0.000 0.000 0.000 0.000 0.000 0.000 0.000 0.000
0.000 0.000 0.000 0.001 0.001 0.002 0.003 0.004 0.005 0.006 0.007 0.008 0.009 0.010 0.012 0.013 0.015 0.017 0.019 0.021 0.023 0.025 0.028 0.030 0.033 0.036 0.039 0.042 0.045 0.048 0.052 0.056 0.059 0.063 0.067 0.071 0.076 0.080 0.084 0.089 0.094 0.122 0.394 0.782 1.071 1.282 1.387 1.412 1.393 1.292 1.051 0.659 0.329 0.143 0.053 0.017 0.005 0.001 0.000 0.000 0.000 0.000 0.000 0.000 0.000 0.000 0.000 0.000 0.000 0.000 0.000 0.000 0.000 0.000 0.000 0.000 0.000
0.000 0.000 0.000 0.001 0.001 0.002 0.003 0.004 0.005 0.006 0.007 0.008 0.009 0.010 0.012 0.013 0.015 0.017 0.019 0.021 0.023 0.025 0.028 0.030 0.033 0.036 0.039 0.042 0.045 0.048 0.052 0.055 0.059 0.063 0.067 0.071 0.076 0.080 0.084 0.089 0.094 0.120 0.382 0.775 1.060 1.260 1.355 1.373 1.346 1.229 0.966 0.568 0.272 0.112 0.039 0.012 0.003 0.001 0.000 0.000 0.000 0.000 0.000 0.000 0.000 0.000 0.000 0.000 0.000 0.000 0.000 0.000 0.000 0.000 0.000 0.000 0.000
0.000 0.000 0.000 0.001 0.001 0.002 0.003 0.004 0.005 0.006 0.007 0.008 0.009 0.010 0.012 0.013 0.015 0.017 0.019 0.021 0.023 0.025 0.028 0.030 0.033 0.036 0.039 0.042 0.045 0.048 0.052 0.055 0.059 0.063 0.067 0.071 0.075 0.079 0.084 0.089 0.095 0.115 0.346 0.751 1.031 1.216 1.298 1.311 1.273 1.138 0.860 0.471 0.213 0.082 0.027 0.008 0.002 0.000 0.000 0.000 0.000 0.000 0.000 0.000 0.000 0.000 0.000 0.000 0.000 0.000 0.000 0.000 0.000 0.000 0.000 0.000 0.000
0.000 0.000 0.000 0.001 0.001 0.002 0.003 0.004 0.005 0.006 0.007 0.008 0.009 0.010 0.012 0.013 0.015 0.017 0.019 0.021 0.023 0.025 0.028 0.030 0.033 0.036 0.039 0.042 0.045 0.048 0.052 0.055 0.059 0.063 0.067 0.071 0.075 0.079 0.084 0.090 0.095 0.106 0.292 0.702 0.982 1.150 1.216 1.221 1.170 1.016 0.725 0.372 0.155 0.055 0.017 0.004 0.001 0.000 0.000 0.000 0.000 0.000 0.000 0.000 0.000 0.000 0.000 0.000 0.000 0.000 0.000 0.000 0.000 0.000 0.000 0.000 0.000
0.000 0.000 0.000 0.001 0.001 0.002 0.003 0.004 0.005 0.006 0.007 0.008 0.009 0.010 0.012 0.013 0.015 0.017 0.018 0.021 0.023 0.025 0.027 0.030 0.033 0.035 0.038 0.041 0.044 0.048 0.051 0.055 0.058 0.062 0.066 0.070 0.074 0.079 0.085 0.090 0.093 0.097 0.227 0.613 0.938 1.066 1.114 1.110 1.044 0.867 0.562 0.265 0.102 0.034 0.010 0.002 0.000 0.000 0.000 0.000 0.000 0.000 0.000 0.000 0.000 0.000 0.000 0.000 0.000 0.000 0.000 0.000 0.000 0.000 0.000 0.000 0.000
0.000 0.000 0.000 0.001 0.001 0.002 0.003 0.004 0.005 0.005 0.006 0.007 0.009 0.010 0.011 0.013 0.014 0.016 0.018 0.020 0.022 0.024 0.027 0.029 0.032 0.035 0.038 0.041 0.044 0.047 0.050 0.054 0.058 0.061 0.065 0.069 0.074 0.079 0.084 0.087 0.090 0.094 0.168 0.518 0.866 0.961 1.000 0.979 0.891 0.698 0.390 0.166 0.060 0.018 0.005 0.001 0.000 0.000 0.000 0.000 0.000 0.000 0.000 0.000 0.000 0.000 0.000 0.000 0.000 0.000 0.000 0.000 0.000 0.000 0.000 0.000 0.000
0.000 0.000 0.000 0.001 0.001 0.002 0.003 0.003 0.004 0.005 0.006 0.007 0.008 0.010 0.011 0.012 0.014 0.016 0.018 0.020 0.022 0.024 0.026 0.029 0.031 0.034 0.037 0.040 0.043 0.046 0.049 0.053 0.056 0.060 0.064 0.068 0.074 0.078 0.080 0.083 0.088 0.095 0.131 0.416 0.757 0.848 0.870 0.827 0.707 0.487 0.233 0.092 0.031 0.009 0.002 0.000 0.000 0.000 0.000 0.000 0.000 0.000 0.000 0.000 0.000 0.000 0.000 0.000 0.000 0.000 0.000 0.000 0.000 0.000 0.000 0.000 0.000
0.000 0.000 0.000 0.001 0.001 0.001 0.002 0.003 0.004 0.005 0.006 0.007 0.008 0.009 0.010 0.012 0.013 0.015 0.017 0.019 0.021 0.023 0.025 0.027 0.030 0.033 0.035 0.038 0.041 0.044 0.048 0.051 0.055 0.058 0.062 0.067 0.071 0.073 0.075 0.081 0.090 0.099 0.113 0.285 0.632 0.729 0.724 0.656 0.499 0.279 0.121 0.044 0.014 0.004 0.001 0.000 0.000 0.000 0.000 0.000 0.000 0.000 0.000 0.000 0.000 0.000 0.000 0.000 0.000 0.000 0.000 0.000 0.000 0.000 0.000 0.000 0.000
0.000 0.000 0.000 0.001 0.001 0.001 0.001 0.002 0.003 0.004 0.005 0.006 0.007 0.008 0.009 0.011 0.012 0.014 0.016 0.017 0.019 0.021 0.023 0.026 0.028 0.031 0.033 0.036 0.039 0.042 0.045 0.048 0.052 0.055 0.059 0.063 0.065 0.068 0.073 0.084 0.093 0.097 0.099 0.185 0.465 0.579 0.562 0.467 0.291 0.140 0.055 0.018 0.005 0.001 0.000 0.000 0.000 0.000 0.000 0.000 0.000 0.000 0.000 0.000 0.000 0.000 0.000 0.000 0.000 0.000 0.000 0.000 0.000 0.000 0.000 0.000 0.000
0.000 0.000 0.000 0.000 0.001 0.001 0.001 0.002 0.002 0.003 0.004 0.005 0.006 0.007 0.008 0.010 0.011 0.012 0.014 0.016 0.017 0.019 0.021 0.023 0.026 0.028 0.030 0.033 0.036 0.038 0.041 0.044 0.047 0.050 0.053 0.056 0.060 0.065 0.074 0.084 0.086 0.082 0.081 0.131 0.310 0.401 0.380 0.279 0.140 0.061 0.021 0.007 0.002 0.000 0.000 0.000 0.000 0.000 0.000 0.000 0.000 0.000 0.000 0.000 0.000 0.000 0.000 0.000 0.000 0.000 0.000 0.000 0.000 0.000 0.000 0.000 0.000
0.000 0.000 0.000 0.000 0.001 0.001 0.001 0.001 0.002 0.002 0.003 0.004 0.005 0.006 0.007 0.008 0.009 0.010 0.012 0.013 0.015 0.017 0.018 0.020 0.022 0.024 0.026 0.028 0.030 0.033 0.035 0.037 0.039 0.042 0.045 0.049 0.054 0.061 0.068 0.068 0.062 0.057 0.064 0.106 0.199 0.242 0.217 0.132 0.057 0.021 0.007 0.002 0.000 0.000 0.000 0.000 0.000 0.000 0.000 0.000 0.000 0.000 0.000 0.000 0.000 0.000 0.000 0.000 0.000 0.000 0.000 0.000 0.000 0.000 0.000 0.000 0.000
0.000 0.000 0.000 0.000 0.000 0.001 0.001 0.001 0.001 0.001 0.002 0.003 0.003 0.004 0.005 0.006 0.007 0.008 0.009 0.010 0.012 0.013 0.014 0.016 0.017 0.018 0.020 0.021 0.023 0.024 0.026 0.028 0.030 0.033 0.036 0.040 0.044 0.046 0.045 0.042 0.039 0.041 0.053 0.085 0.117 0.123 0.097 0.047 0.018 0.006 0.002 0.000 0.000 0.000 0.000 0.000 0.000 0.000 0.000 0.000 0.000 0.000 0.000 0.000 0.000 0.000 0.000 0.000 0.000 0.000 0.000 0.000 0.000 0.000 0.000 0.000 0.000
0.000 0.000 0.000 0.000 0.000 0.000 0.000 0.001 0.001 0.001 0.001 0.002 0.002 0.003 0.003 0.004 0.005 0.005 0.006 0.007 0.008 0.009 0.010 0.010 0.011 0.012 0.013 0.014 0.015 0.016 0.017 0.018 0.019 0.022 0.024 0.025 0.026 0.026 0.025 0.024 0.024 0.028 0.040 0.053 0.057 0.052 0.032 0.013 0.005 0.002 0.000 0.000 0.000 0.000 0.000 0.000 0.000 0.000 0.000 0.000 0.000 0.000 0.000 0.000 0.000 0.000 0.000 0.000 0.000 0.000 0.000 0.000 0.000 0.000 0.000 0.000 0.000
0.000 0.000 0.000 0.000 0.000 0.000 0.000 0.000 0.000 0.001 0.001 0.001 0.001 0.002 0.002 0.002 0.003 0.003 0.004 0.004 0.005 0.005 0.006 0.006 0.007 0.008 0.008 0.009 0.009 0.010 0.010 0.011 0.011 0.012 0.013 0.013 0.013 0.013 0.013 0.013 0.014 0.016 0.021 0.023 0.022 0.016 0.008 0.003 0.001 0.000 0.000 0.000 0.000 0.000 0.000 0.000 0.000 0.000 0.000 0.000 0.000 0.000 0.000 0.000 0.000 0.000 0.000 0.000 0.000 0.000 0.000 0.000 0.000 0.000 0.000 0.000 0.000
0.000 0.000 0.000 0.000 0.000 0.000 0.000 0.000 0.000 0.000 0.000 0.000 0.001 0.001 0.001 0.001 0.001 0.002 0.002 0.002 0.003 0.003 0.003 0.004 0.004 0.004 0.004 0.005 0.005 0.005 0.005 0.006 0.006 0.006 0.006 0.006 0.006 0.006 0.006 0.006 0.007 0.008 0.008 0.008 0.007 0.004 0.002 0.001 0.000 0.000 0.000 0.000 0.000 0.000 0.000 0.000 0.000 0.000 0.000 0.000 0.000 0.000 0.000 0.000 0.000 0.000 0.000 0.000 0.000 0.000 0.000 0.000 0.000 0.000 0.000 0.000 0.000
0.000 0.000 0.000 0.000 0.000 0.000 0.000 0.000 0.000 0.000 0.000 0.000 0.000 0.000 0.000 0.000 0.000 0.000 0.001 0.001 0.001 0.001 0.002 0.002 0.002 0.002 0.002 0.002 0.002 0.002 0.002 0.003 0.003 0.003 0.003 0.003 0.003 0.003 0.003 0.003 0.003 0.003 0.003 0.002 0.001 0.001 0.000 0.000 0.000 0.000 0.000 0.000 0.000 0.000 0.000 0.000 0.000 0.000 0.000 0.000 0.000 0.000 0.000 0.000 0.000 0.000 0.000 0.000 0.000 0.000 0.000 0.000 0.000 0.000 0.000 0.000 0.000
0.000 0.000 0.000 0.000 0.000 0.000 0.000 0.000 0.000 0.000 0.000 0.000 0.000 0.000 0.000 0.000 0.000 0.000 0.000 0.000 0.000 0.000 0.000 0.000 0.001 0.001 0.001 0.001 0.001 0.001 0.001 0.001 0.001 0.001 0.001 0.001 0.001 0.001 0.001 0.001 0.001 0.001 0.001 0.000 0.000 0.000 0.000 0.000 0.000 0.000 0.000 0.000 0.000 0.000 0.000 0.000 0.000 0.000 0.000 0.000 0.000 0.000 0.000 0.000 0.000 0.000 0.000 0.000 0.000 0.000 0.000 0.000 0.000 0.000 0.000 0.000 0.000
