avaframe/data/avaParabola/Avaflow_Input/prefix_vflowy10008.asc
ncols 250
nrows 100
xllcenter 997.50
yllcenter -4997.50
cellsize 20.00
NODATA_value -9999.000
[rows 34 to 67 of 100, columns 76 to 151 of 250]
0.000 0.000 0.000 0.000 0.000 0.000 0.000 0.000 0.000 0.000 0.000 0.000 0.000 0.002 0.003 0.004 0.005 0.005 0.005 0.006 0.007 0.008 0.008 0.008 0.007 0.006 0.006 0.005 0.005 0.005 0.004 0.003 0.003 0.003 0.002 0.005 0.006 0.007 0.007 0.007 0.007 0.006 0.007 0.002 -0.005 -0.002 -0.000 -0.002 -0.000 -0.021 -0.183 0.000 0.000 0.000 0.000 0.000 0.000 0.000 0.000 0.000 0.000 0.000 0.000 0.000 0.000 0.000 0.000 0.000 0.000 0.000 0.000 0.000 0.000 0.000 0.000 0.000
0.000 0.000 0.000 0.000 0.000 0.000 0.000 0.000 0.000 0.000 0.000 0.000 0.004 0.007 0.008 0.008 0.008 0.008 0.007 0.007 0.007 0.007 0.007 0.006 0.006 0.006 0.005 0.005 0.005 0.005 0.005 0.005 0.005 0.005 0.006 0.006 0.006 0.006 0.007 0.007 0.007 0.007 0.008 0.008 0.008 0.006 -0.000 0.008 0.012 0.013 0.006 0.004 0.000 0.000 0.000 0.000 0.000 0.000 0.000 0.000 0.000 0.000 0.000 0.000 0.000 0.000 0.000 0.000 0.000 0.000 0.000 0.000 0.000 0.000 0.000 0.000
0.000 0.000 0.000 0.000 0.000 0.000 0.000 0.000 0.000 0.000 0.005 0.008 0.009 0.009 0.008 0.008 0.007 0.007 0.006 0.006 0.006 0.005 0.005 0.005 0.005 0.005 0.005 0.005 0.005 0.006 0.006 0.006 0.007 0.007 0.008 0.008 0.008 0.009 0.009 0.009 0.009 0.010 0.010 0.010 0.011 0.010 -0.000 -0.000 0.023 0.033 0.039 0.043 0.034 0.034 0.000 0.000 0.000 0.000 0.000 0.000 0.000 0.000 0.000 0.000 0.000 0.000 0.000 0.000 0.000 0.000 0.000 0.000 0.000 0.000 0.000 0.000
0.000 0.000 0.000 0.000 0.000 0.000 0.000 0.000 0.000 0.002 0.008 0.009 0.008 0.007 0.007 0.006 0.005 0.005 0.005 0.005 0.005 0.005 0.005 0.005 0.005 0.006 0.006 0.007 0.007 0.008 0.009 0.009 0.009 0.010 0.011 0.012 0.013 0.013 0.014 0.015 0.016 0.016 0.017 0.018 0.019 0.021 -0.000 -0.000 0.028 0.036 0.052 0.063 0.066 0.038 0.037 0.000 0.000 0.000 0.000 0.000 0.000 0.000 0.000 0.000 0.000 0.000 0.000 0.000 0.000 0.000 0.000 0.000 0.000 0.000 0.000 0.000
0.000 0.000 0.000 0.000 0.000 0.000 0.000 0.000 0.002 0.007 0.008 0.007 0.007 0.006 0.005 0.004 0.004 0.004 0.004 0.004 0.004 0.005 0.005 0.006 0.006 0.007 0.007 0.008 0.009 0.010 0.010 0.011 0.012 0.013 0.014 0.015 0.016 0.018 0.019 0.021 0.022 0.023 0.025 0.028 0.031 0.035 0.032 -0.000 0.037 0.040 0.035 0.059 0.089 0.073 0.042 0.000 0.000 0.000 0.000 0.000 0.000 0.000 0.000 0.000 0.000 0.000 0.000 0.000 0.000 0.000 0.000 0.000 0.000 0.000 0.000 0.000
0.000 0.000 0.000 0.000 0.000 0.000 0.000 0.001 0.007 0.007 0.006 0.005 0.004 0.003 0.003 0.003 0.003 0.003 0.004 0.004 0.004 0.005 0.005 0.006 0.007 0.007 0.008 0.009 0.009 0.008 0.006 0.008 0.009 0.011 0.011 0.012 0.014 0.015 0.017 0.018 0.019 0.021 0.020 0.022 0.024 0.038 0.060 -0.000 -0.000 0.029 0.040 0.090 0.134 0.122 0.079 0.052 0.000 0.000 0.000 0.000 0.000 0.000 0.000 0.000 0.000 0.000 0.000 0.000 0.000 0.000 0.000 0.000 0.000 0.000 0.000 0.000
0.000 0.000 0.000 0.000 0.000 0.000 0.000 0.006 0.006 0.005 0.004 0.003 0.003 0.003 0.003 0.003 0.003 0.004 0.004 0.003 0.003 0.003 0.003 0.004 0.004 0.004 0.005 0.005 0.004 0.006 0.008 0.009 0.010 0.011 0.012 0.013 0.014 0.016 0.017 0.018 0.020 0.021 0.021 0.023 0.032 0.045 0.039 -0.000 -0.000 -0.000 -0.000 0.025 0.181 0.179 0.122 0.079 0.050 0.000 0.000 0.000 0.000 0.000 0.000 0.000 0.000 0.000 0.000 0.000 0.000 0.000 0.000 0.000 0.000 0.000 0.000 0.000
0.000 0.000 0.000 0.000 0.000 0.004 0.004 0.005 0.004 0.003 0.002 0.001 0.001 0.001 0.001 0.001 0.001 0.001 0.001 0.002 0.003 0.003 0.004 0.004 0.004 0.005 0.005 0.006 0.006 0.006 0.007 0.010 0.014 0.014 0.016 0.017 0.018 0.019 0.021 0.022 0.024 0.026 0.022 0.019 0.021 0.054 0.051 -0.000 -0.000 -0.000 -0.000 -0.000 0.195 0.232 0.170 0.108 0.063 0.000 0.000 0.000 0.000 0.000 0.000 0.000 0.000 0.000 0.000 0.000 0.000 0.000 0.000 0.000 0.000 0.000 0.000 0.000
0.000 0.000 0.000 0.000 0.000 0.004 0.004 0.003 0.002 0.001 0.001 0.001 0.002 0.002 0.003 0.003 0.003 0.003 0.004 0.004 0.004 0.005 0.005 0.006 0.006 0.007 0.008 0.008 0.007 0.005 0.006 0.004 0.003 0.003 0.003 0.004 0.004 0.004 0.004 0.005 0.005 0.006 0.012 0.018 0.022 0.060 -0.000 -0.000 -0.000 -0.000 -0.000 -0.000 0.094 0.149 0.127 0.090 0.051 0.022 0.000 0.000 0.000 0.000 0.000 0.000 0.000 0.000 0.000 0.000 0.000 0.000 0.000 0.000 0.000 0.000 0.000 0.000
0.000 0.000 0.000 0.000 0.000 0.002 0.002 0.001 0.001 0.001 0.001 0.001 0.001 0.001 0.000 0.000 0.000 0.000 0.000 0.000 0.000 0.000 0.000 0.000 0.000 0.000 0.000 0.000 0.002 0.004 0.004 0.005 0.005 0.005 0.006 0.006 0.007 0.007 0.008 0.008 0.009 0.010 0.011 0.012 0.033 0.080 -0.000 -0.000 -0.000 -0.000 -0.000 -0.000 0.053 0.029 0.046 0.036 0.027 0.012 0.000 0.000 0.000 0.000 0.000 0.000 0.000 0.000 0.000 0.000 0.000 0.000 0.000 0.000 0.000 0.000 0.000 0.000
0.000 0.000 0.000 0.000 0.001 0.001 0.001 0.001 0.001 0.001 0.001 0.001 0.001 0.001 0.001 0.001 0.001 0.001 0.001 0.001 0.002 0.002 0.002 0.002 0.002 0.002 0.003 0.003 0.003 0.003 0.006 0.009 0.009 0.010 0.010 0.011 0.012 0.013 0.014 0.014 0.015 0.016 0.017 0.018 0.062 0.062 -0.000 -0.000 -0.000 0.010 0.030 0.007 0.052 0.039 0.030 0.017 0.011 0.008 0.000 0.000 0.000 0.000 0.000 0.000 0.000 0.000 0.000 0.000 0.000 0.000 0.000 0.000 0.000 0.000 0.000 0.000
0.000 0.000 0.000 0.000 0.001 0.001 0.001 0.001 0.001 0.001 0.001 0.001 0.001 0.002 0.002 0.002 0.002 0.003 0.003 0.003 0.003 0.004 0.004 0.004 0.005 0.005 0.006 0.006 0.007 0.005 0.000 -0.000 -0.000 -0.000 -0.000 -0.000 -0.000 -0.000 -0.000 -0.000 -0.000 -0.000 -0.000 0.007 0.050 -0.000 -0.000 -0.007 -0.000 0.102 0.042 0.034 0.033 0.024 0.018 0.010 0.005 0.002 0.000 0.000 0.000 0.000 0.000 0.000 0.000 0.000 0.000 0.000 0.000 0.000 0.000 0.000 0.000 0.000 0.000 0.000
0.000 0.000 0.000 0.000 0.001 0.001 0.001 0.001 0.001 0.000 0.000 0.000 -0.000 -0.000 -0.000 -0.000 -0.000 -0.000 -0.000 -0.000 -0.000 -0.000 -0.000 -0.000 -0.000 -0.000 -0.000 -0.000 -0.000 0.000 0.003 0.003 0.003 0.003 0.003 0.003 0.004 0.004 0.004 0.004 0.004 0.005 0.005 0.017 0.073 -0.000 0.056 0.020 0.028 -0.000 -0.000 0.034 0.018 0.007 0.004 0.001 0.001 -0.000 0.000 0.000 0.000 0.000 0.000 0.000 0.000 0.000 0.000 0.000 0.000 0.000 0.000 0.000 0.000 0.000 0.000 0.000
0.000 0.000 0.000 0.000 0.001 0.001 0.000 0.000 0.000 0.000 0.000 0.000 0.000 0.000 0.001 0.001 0.001 0.001 0.001 0.001 0.001 0.001 0.001 0.001 0.001 0.001 0.001 0.001 0.002 0.005 0.007 0.007 0.008 0.008 0.009 0.009 0.010 0.010 0.011 0.011 0.012 0.013 0.014 0.027 0.065 -0.000 -0.012 0.006 -0.007 -0.000 0.028 0.007 -0.003 -0.005 -0.004 -0.001 -0.000 -0.002 0.000 0.000 0.000 0.000 0.000 0.000 0.000 0.000 0.000 0.000 0.000 0.000 0.000 0.000 0.000 0.000 0.000 0.000
0.000 0.000 0.000 0.000 0.000 0.000 0.000 0.000 0.000 0.001 0.001 0.001 0.001 0.001 0.001 0.002 0.002 0.002 0.002 0.002 0.003 0.003 0.003 0.003 0.004 0.004 0.004 0.005 0.006 0.001 -0.003 -0.003 -0.003 -0.003 -0.003 -0.004 -0.004 -0.005 -0.005 -0.005 -0.004 -0.004 -0.003 0.001 0.028 0.009 0.016 0.004 -0.000 -0.002 -0.012 0.027 0.040 -0.007 0.008 -0.004 -0.006 -0.003 0.000 0.000 0.000 0.000 0.000 0.000 0.000 0.000 0.000 0.000 0.000 0.000 0.000 0.000 0.000 0.000 0.000 0.000
0.000 0.000 0.000 0.000 0.000 0.000 0.000 0.000 0.000 -0.000 -0.000 -0.000 -0.001 -0.001 -0.001 -0.001 -0.001 -0.001 -0.001 -0.001 -0.002 -0.002 -0.002 -0.002 -0.002 -0.002 -0.003 -0.003 -0.003 -0.000 0.001 0.001 0.001 0.001 0.001 0.001 0.001 0.001 0.001 0.001 0.002 0.003 0.003 0.010 0.067 0.016 0.009 0.000 -0.000 0.004 0.007 -0.031 -0.070 -0.007 -0.060 -0.031 -0.015 -0.007 0.000 0.000 0.000 0.000 0.000 0.000 0.000 0.000 0.000 0.000 0.000 0.000 0.000 0.000 0.000 0.000 0.000 0.000
0.000 0.000 0.000 -0.000 -0.000 -0.000 0.000 0.000 0.000 0.000 0.000 0.000 0.000 0.000 0.000 0.000 0.000 0.000 0.000 0.000 0.000 0.000 0.000 0.000 0.000 0.000 0.000 0.000 -0.000 0.002 0.005 0.005 0.005 0.006 0.006 0.006 0.006 0.007 0.008 0.010 0.011 0.011 0.012 0.007 -0.049 -0.025 0.000 -0.001 -0.000 0.009 0.009 -0.000 -0.041 -0.083 -0.043 -0.025 -0.024 -0.018 0.000 0.000 0.000 0.000 0.000 0.000 0.000 0.000 0.000 0.000 0.000 0.000 0.000 0.000 0.000 0.000 0.000 0.000
0.000 0.000 0.000 -0.000 -0.000 -0.000 -0.000 -0.000 -0.000 0.000 0.000 0.001 0.001 0.001 0.001 0.001 0.001 0.001 0.001 0.002 0.002 0.002 0.002 0.002 0.003 0.003 0.003 0.003 0.003 0.001 -0.003 -0.004 -0.005 -0.005 -0.006 -0.007 -0.007 -0.006 -0.005 -0.004 -0.006 -0.008 -0.009 -0.008 -0.002 0.004 0.026 0.027 -0.000 -0.011 -0.019 -0.016 -0.013 -0.044 -0.026 -0.045 -0.039 0.000 0.000 0.000 0.000 0.000 0.000 0.000 0.000 0.000 0.000 0.000 0.000 0.000 0.000 0.000 0.000 0.000 0.000 0.000
0.000 0.000 0.000 -0.000 -0.000 -0.000 -0.000 -0.000 -0.000 -0.000 -0.001 -0.001 -0.001 -0.001 -0.001 -0.001 -0.001 -0.002 -0.002 -0.002 -0.002 -0.002 -0.003 -0.003 -0.003 -0.003 -0.004 -0.004 -0.004 -0.005 -0.003 -0.000 -0.000 -0.001 -0.001 -0.001 -0.000 0.001 0.002 0.001 -0.001 -0.002 0.003 0.004 -0.013 -0.000 0.017 0.019 -0.000 -0.029 -0.000 -0.001 -0.079 -0.054 -0.078 -0.074 -0.053 0.000 0.000 0.000 0.000 0.000 0.000 0.000 0.000 0.000 0.000 0.000 0.000 0.000 0.000 0.000 0.000 0.000 0.000 0.000
0.000 0.000 0.000 -0.000 -0.000 -0.000 -0.000 -0.000 -0.000 -0.000 -0.000 -0.000 -0.000 -0.000 -0.000 -0.000 -0.000 -0.000 -0.000 -0.000 -0.000 -0.000 -0.001 -0.001 -0.001 -0.001 -0.001 -0.001 -0.001 -0.001 0.000 0.003 0.004 0.003 0.004 0.005 0.007 0.008 0.008 0.005 0.003 0.002 -0.000 -0.028 -0.035 0.029 0.082 0.078 0.075 0.055 -0.000 -0.000 -0.000 -0.070 -0.066 -0.091 -0.037 0.000 0.000 0.000 0.000 0.000 0.000 0.000 0.000 0.000 0.000 0.000 0.000 0.000 0.000 0.000 0.000 0.000 0.000 0.000
0.000 0.000 0.000 -0.000 -0.001 -0.001 -0.001 -0.001 -0.001 -0.001 -0.000 0.000 0.000 0.000 0.000 0.000 0.000 0.000 0.001 0.001 0.001 0.001 0.001 0.001 0.001 0.001 0.002 0.002 0.002 0.002 -0.000 -0.004 -0.007 -0.008 -0.007 -0.006 -0.006 -0.009 -0.011 -0.013 -0.013 -0.011 -0.010 -0.012 -0.029 -0.000 -0.000 -0.000 -0.000 -0.000 -0.000 -0.000 -0.000 -0.047 -0.057 -0.060 0.000 0.000 0.000 0.000 0.000 0.000 0.000 0.000 0.000 0.000 0.000 0.000 0.000 0.000 0.000 0.000 0.000 0.000 0.000 0.000
0.000 0.000 0.000 0.000 -0.001 -0.001 -0.001 -0.001 -0.001 -0.000 -0.001 -0.001 -0.001 -0.002 -0.002 -0.002 -0.002 -0.002 -0.003 -0.003 -0.003 -0.004 -0.004 -0.004 -0.005 -0.005 -0.005 -0.006 -0.006 -0.007 -0.007 -0.005 -0.003 -0.002 -0.002 -0.001 -0.002 -0.004 -0.006 -0.000 0.001 -0.000 -0.000 -0.000 -0.033 -0.005 -0.000 -0.000 -0.000 -0.000 -0.000 -0.000 -0.033 -0.046 -0.050 -0.044 0.000 0.000 0.000 0.000 0.000 0.000 0.000 0.000 0.000 0.000 0.000 0.000 0.000 0.000 0.000 0.000 0.000 0.000 0.000 0.000
0.000 0.000 0.000 0.000 -0.001 -0.001 -0.001 -0.000 -0.001 -0.001 -0.001 -0.001 -0.001 -0.001 -0.001 -0.001 -0.001 -0.001 -0.001 -0.001 -0.001 -0.001 -0.002 -0.002 -0.002 -0.002 -0.002 -0.002 -0.002 -0.003 -0.003 -0.000 0.000 0.001 0.002 0.001 -0.000 -0.000 -0.000 -0.000 -0.000 -0.000 -0.003 -0.014 -0.031 -0.035 -0.004 -0.000 -0.027 -0.043 -0.000 -0.000 -0.000 -0.019 -0.044 0.000 0.000 0.000 0.000 0.000 0.000 0.000 0.000 0.000 0.000 0.000 0.000 0.000 0.000 0.000 0.000 0.000 0.000 0.000 0.000 0.000
0.000 0.000 0.000 0.000 -0.000 -0.003 -0.002 -0.001 -0.001 -0.001 -0.001 -0.001 -0.001 -0.001 -0.000 -0.000 -0.000 -0.000 -0.000 -0.000 -0.000 -0.000 -0.000 -0.000 -0.000 -0.000 -0.000 -0.000 -0.000 -0.000 -0.001 -0.007 -0.009 -0.009 -0.010 -0.012 -0.014 -0.013 -0.012 -0.009 -0.002 -0.001 -0.007 -0.012 -0.000 -0.035 -0.052 -0.054 -0.065 -0.109 -0.116 -0.000 -0.021 -0.026 -0.048 0.000 0.000 0.000 0.000 0.000 0.000 0.000 0.000 0.000 0.000 0.000 0.000 0.000 0.000 0.000 0.000 0.000 0.000 0.000 0.000 0.000
0.000 0.000 0.000 0.000 -0.000 -0.004 -0.004 -0.004 -0.002 -0.001 -0.001 -0.001 -0.001 -0.002 -0.002 -0.002 -0.003 -0.003 -0.003 -0.004 -0.004 -0.004 -0.005 -0.005 -0.006 -0.006 -0.007 -0.007 -0.008 -0.009 -0.007 -0.004 -0.005 -0.006 -0.007 -0.008 -0.007 -0.004 -0.001 -0.001 -0.007 -0.015 -0.014 -0.006 -0.064 -0.073 -0.074 -0.075 -0.079 -0.148 -0.000 -0.017 -0.019 -0.045 0.000 0.000 0.000 0.000 0.000 0.000 0.000 0.000 0.000 0.000 0.000 0.000 0.000 0.000 0.000 0.000 0.000 0.000 0.000 0.000 0.000 0.000
0.000 0.000 0.000 0.000 0.000 -0.004 -0.006 -0.006 -0.005 -0.003 -0.002 -0.001 -0.001 -0.001 -0.002 -0.002 -0.002 -0.002 -0.002 -0.002 -0.002 -0.003 -0.003 -0.003 -0.003 -0.004 -0.004 -0.005 -0.005 -0.006 -0.006 -0.007 -0.005 -0.004 -0.004 -0.007 -0.008 -0.006 -0.007 -0.013 -0.021 -0.020 -0.018 -0.024 -0.028 -0.073 -0.108 -0.110 -0.145 -0.177 -0.069 -0.034 -0.050 0.000 0.000 0.000 0.000 0.000 0.000 0.000 0.000 0.000 0.000 0.000 0.000 0.000 0.000 0.000 0.000 0.000 0.000 0.000 0.000 0.000 0.000 0.000
0.000 0.000 0.000 0.000 0.000 0.000 -0.002 -0.007 -0.008 -0.007 -0.005 -0.003 -0.002 -0.002 -0.001 -0.002 -0.002 -0.002 -0.003 -0.003 -0.003 -0.003 -0.002 -0.002 -0.003 -0.003 -0.003 -0.004 -0.004 -0.007 -0.008 -0.008 -0.012 -0.016 -0.016 -0.012 -0.009 -0.013 -0.019 -0.023 -0.023 -0.023 -0.024 -0.014 -0.037 -0.085 -0.115 -0.144 -0.196 -0.063 -0.000 -0.032 0.000 0.000 0.000 0.000 0.000 0.000 0.000 0.000 0.000 0.000 0.000 0.000 0.000 0.000 0.000 0.000 0.000 0.000 0.000 0.000 0.000 0.000 0.000 0.000
0.000 0.000 0.000 0.000 0.000 0.000 0.000 -0.002 -0.009 -0.010 -0.010 -0.009 -0.007 -0.005 -0.004 -0.003 -0.003 -0.003 -0.003 -0.003 -0.003 -0.005 -0.007 -0.008 -0.008 -0.009 -0.010 -0.011 -0.012 -0.010 -0.009 -0.009 -0.010 -0.011 -0.011 -0.013 -0.017 -0.020 -0.022 -0.027 -0.029 -0.024 -0.016 -0.021 -0.047 -0.101 -0.142 -0.159 -0.092 -0.000 -0.011 0.000 0.000 0.000 0.000 0.000 0.000 0.000 0.000 0.000 0.000 0.000 0.000 0.000 0.000 0.000 0.000 0.000 0.000 0.000 0.000 0.000 0.000 0.000 0.000 0.000
0.000 0.000 0.000 0.000 0.000 0.000 0.000 0.000 -0.005 -0.007 -0.011 -0.013 -0.012 -0.011 -0.009 -0.008 -0.006 -0.005 -0.005 -0.005 -0.004 -0.004 -0.004 -0.005 -0.005 -0.005 -0.006 -0.006 -0.007 -0.007 -0.008 -0.009 -0.010 -0.012 -0.013 -0.015 -0.017 -0.021 -0.024 -0.021 -0.020 -0.019 -0.018 -0.028 -0.057 -0.085 -0.096 -0.073 -0.002 -0.008 0.000 0.000 0.000 0.000 0.000 0.000 0.000 0.000 0.000 0.000 0.000 0.000 0.000 0.000 0.000 0.000 0.000 0.000 0.000 0.000 0.000 0.000 0.000 0.000 0.000 0.000
0.000 0.000 0.000 0.000 0.000 0.000 0.000 0.000 0.000 0.000 -0.005 -0.009 -0.014 -0.016 -0.015 -0.013 -0.012 -0.011 -0.011 -0.010 -0.009 -0.009 -0.009 -0.010 -0.010 -0.010 -0.010 -0.011 -0.011 -0.012 -0.012 -0.014 -0.015 -0.017 -0.018 -0.019 -0.018 -0.016 -0.015 -0.015 -0.018 -0.022 -0.031 -0.046 -0.055 -0.046 -0.012 -0.000 -0.005 0.000 0.000 0.000 0.000 0.000 0.000 0.000 0.000 0.000 0.000 0.000 0.000 0.000 0.000 0.000 0.000 0.000 0.000 0.000 0.000 0.000 0.000 0.000 0.000 0.000 0.000 0.000
0.000 0.000 0.000 0.000 0.000 0.000 0.000 0.000 0.000 0.000 0.000 0.000 -0.000 -0.005 -0.014 -0.015 -0.016 -0.018 -0.018 -0.016 -0.015 -0.014 -0.015 -0.015 -0.014 -0.014 -0.013 -0.014 -0.014 -0.014 -0.014 -0.014 -0.015 -0.016 -0.016 -0.016 -0.015 -0.015 -0.017 -0.020 -0.025 -0.031 -0.037 -0.036 -0.018 -0.000 -0.000 0.000 0.000 0.000 0.000 0.000 0.000 0.000 0.000 0.000 0.000 0.000 0.000 0.000 0.000 0.000 0.000 0.000 0.000 0.000 0.000 0.000 0.000 0.000 0.000 0.000 0.000 0.000 0.000 0.000
0.000 0.000 0.000 0.000 0.000 0.000 0.000 0.000 0.000 0.000 0.000 0.000 0.000 0.000 -0.008 -0.005 -0.002 -0.010 -0.020 -0.016 -0.013 -0.015 -0.017 -0.016 -0.016 -0.017 -0.018 -0.020 -0.020 -0.020 -0.020 -0.019 -0.019 -0.019 -0.019 -0.018 -0.017 -0.017 -0.020 -0.024 -0.025 -0.024 -0.018 -0.002 -0.000 0.000 0.000 0.000 0.000 0.000 0.000 0.000 0.000 0.000 0.000 0.000 0.000 0.000 0.000 0.000 0.000 0.000 0.000 0.000 0.000 0.000 0.000 0.000 0.000 0.000 0.000 0.000 0.000 0.000 0.000 0.000
0.000 0.000 0.000 0.000 0.000 0.000 0.000 0.000 0.000 0.000 0.000 0.000 0.000 0.000 0.000 0.000 0.000 0.000 0.000 0.000 0.000 -0.009 -0.010 -0.002 -0.003 -0.007 -0.015 -0.016 -0.016 -0.016 -0.015 -0.014 -0.012 -0.011 -0.010 -0.010 -0.006 -0.006 -0.007 -0.004 -0.006 -0.008 -0.000 0.000 0.000 0.000 0.000 0.000 0.000 0.000 0.000 0.000 0.000 0.000 0.000 0.000 0.000 0.000 0.000 0.000 0.000 0.000 0.000 0.000 0.000 0.000 0.000 0.000 0.000 0.000 0.000 0.000 0.000 0.000 0.000 0.000
0.000 0.000 0.000 0.000 0.000 0.000 0.000 0.000 0.000 0.000 0.000 0.000 0.000 0.000 0.000 0.000 0.000 0.000 0.000 0.000 0.000 0.000 0.000 0.000 0.000 0.000 0.000 0.000 0.000 0.000 0.000 0.000 0.000 0.000 0.000 0.000 0.000 0.000 0.000 0.000 0.000 0.000 0.000 0.000 0.000 0.000 0.000 0.000 0.000 0.000 0.000 0.000 0.000 0.000 0.000 0.000 0.000 0.000 0.000 0.000 0.000 0.000 0.000 0.000 0.000 0.000 0.000 0.000 0.000 0.000 0.000 0.000 0.000 0.000 0.000 0.000
