avaframe/data/avaParabola/Avaflow_Input/prefix_vflow10015.asc
ncols 250
nrows 100
xllcenter 997.50
yllcenter -4997.50
cellsize 20.00
NODATA_value -9999.000
[rows 34 to 67 of 100, columns 77 to 153 of 250]
0.000 0.000 0.000 0.000 0.000 0.000 0.000 0.000 0.000 0.000 0.000 0.000 0.000 0.000 0.000 0.000 0.000 0.000 0.000 0.000 0.000 0.000 0.000 0.995 1.071 1.136 1.194 1.246 1.295 1.345 1.396 1.446 1.495 1.541 1.586 1.629 1.668 1.706 1.747 1.832 1.796 1.553 0.627 0.000 0.069 0.187 0.291 0.349 0.395 0.427 0.457 0.384 0.116 0.000 0.000 0.000 0.000 0.000 0.000 0.000 0.000 0.000 0.000 0.000 0.000 0.000 0.000 0.000 0.000 0.000 0.000 0.000 0.000 0.000 0.000 0.000 0.000
0.000 0.000 0.000 0.000 0.000 0.000 0.000 0.000 0.000 0.000 0.000 0.000 0.000 0.000 0.000 0.000 0.000 0.000 0.000 0.000 0.000 0.000 1.090 1.173 1.240 1.301 1.358 1.415 1.473 1.532 1.592 1.654 1.714 1.773 1.830 1.886 1.939 1.990 2.045 2.130 2.097 1.808 0.732 0.031 0.064 0.228 0.358 0.435 0.507 0.577 0.640 0.558 0.365 0.206 0.144 0.000 0.000 0.000 0.000 0.000 0.000 0.000 0.000 0.000 0.000 0.000 0.000 0.000 0.000 0.000 0.000 0.000 0.000 0.000 0.000 0.000 0.000
0.000 0.000 0.000 0.000 0.000 0.000 0.000 0.000 0.000 0.000 0.000 0.000 0.000 0.000 0.000 0.000 0.000 0.000 0.000 0.000 0.000 1.154 1.248 1.323 1.390 1.454 1.518 1.583 1.649 1.718 1.787 1.859 1.930 2.001 2.071 2.140 2.208 2.276 2.348 2.428 2.398 1.994 0.702 0.009 0.091 0.256 0.344 0.414 0.540 0.648 0.705 0.655 0.562 0.413 0.256 0.166 0.000 0.000 0.000 0.000 0.000 0.000 0.000 0.000 0.000 0.000 0.000 0.000 0.000 0.000 0.000 0.000 0.000 0.000 0.000 0.000 0.000
0.000 0.000 0.000 0.000 0.000 0.000 0.000 0.000 0.000 0.000 0.000 0.000 0.000 0.000 0.000 0.000 0.000 0.000 0.000 0.000 1.200 1.299 1.381 1.456 1.527 1.599 1.673 1.750 1.828 1.906 1.986 2.067 2.149 2.232 2.315 2.397 2.480 2.564 2.641 2.729 2.794 2.021 0.566 0.000 0.121 0.296 0.328 0.385 0.502 0.559 0.556 0.624 0.709 0.619 0.438 0.268 0.168 0.000 0.000 0.000 0.000 0.000 0.000 0.000 0.000 0.000 0.000 0.000 0.000 0.000 0.000 0.000 0.000 0.000 0.000 0.000 0.000
0.000 0.000 0.000 0.000 0.000 0.000 0.000 0.000 0.000 0.000 0.000 0.000 0.000 0.000 0.000 0.000 0.000 0.000 0.000 1.224 1.331 1.421 1.501 1.578 1.656 1.738 1.823 1.910 1.997 2.084 2.172 2.260 2.349 2.439 2.530 2.620 2.713 2.805 2.881 3.016 3.243 1.828 0.383 0.000 0.235 0.383 0.426 0.484 0.534 0.479 0.446 0.590 0.818 0.799 0.609 0.425 0.225 0.000 0.000 0.000 0.000 0.000 0.000 0.000 0.000 0.000 0.000 0.000 0.000 0.000 0.000 0.000 0.000 0.000 0.000 0.000 0.000
0.000 0.000 0.000 0.000 0.000 0.000 0.000 0.000 0.000 0.000 0.000 0.000 0.000 0.000 0.000 0.000 0.000 0.000 1.227 1.341 1.436 1.523 1.604 1.684 1.768 1.856 1.948 2.042 2.134 2.227 2.319 2.411 2.505 2.599 2.695 2.790 2.888 2.986 3.065 3.263 3.529 1.551 0.209 0.110 0.398 0.578 0.669 0.693 0.641 0.508 0.481 0.646 0.912 0.926 0.747 0.599 0.414 0.129 0.000 0.000 0.000 0.000 0.000 0.000 0.000 0.000 0.000 0.000 0.000 0.000 0.000 0.000 0.000 0.000 0.000 0.000 0.000
0.000 0.000 0.000 0.000 0.000 0.000 0.000 0.000 0.000 0.000 0.000 0.000 0.000 0.000 0.000 0.000 0.000 1.201 1.327 1.428 1.519 1.603 1.685 1.769 1.857 1.950 2.047 2.144 2.241 2.336 2.432 2.527 2.624 2.721 2.819 2.917 3.017 3.125 3.193 3.445 3.503 1.225 0.137 0.000 0.463 0.591 0.572 0.579 0.597 0.563 0.588 0.753 0.058 0.093 0.870 0.738 0.608 0.457 0.314 0.000 0.000 0.000 0.000 0.000 0.000 0.000 0.000 0.000 0.000 0.000 0.000 0.000 0.000 0.000 0.000 0.000 0.000
0.000 0.000 0.000 0.000 0.000 0.000 0.000 0.000 0.000 0.000 0.000 0.000 0.000 0.000 0.000 0.000 0.000 1.289 1.399 1.494 1.582 1.665 1.747 1.833 1.925 2.022 2.121 2.221 2.321 2.419 2.517 2.614 2.712 2.811 2.911 3.010 3.114 3.234 3.275 3.566 3.302 0.862 0.003 0.000 0.320 0.192 0.237 0.441 0.530 0.585 0.666 0.838 0.261 0.107 0.876 0.720 0.583 0.445 0.271 0.000 0.000 0.000 0.000 0.000 0.000 0.000 0.000 0.000 0.000 0.000 0.000 0.000 0.000 0.000 0.000 0.000 0.000
0.000 0.000 0.000 0.000 0.000 0.000 0.000 0.000 0.000 0.000 0.000 0.000 0.000 0.000 0.000 0.000 1.223 1.349 1.451 1.542 1.628 1.711 1.794 1.881 1.975 2.074 2.175 2.278 2.379 2.480 2.579 2.678 2.776 2.876 2.977 3.078 3.187 3.310 3.309 3.631 3.076 0.174 0.078 0.196 0.013 0.062 0.312 0.488 0.581 0.650 0.740 0.848 0.934 0.823 0.671 0.540 0.430 0.332 0.206 0.096 0.000 0.000 0.000 0.000 0.000 0.000 0.000 0.000 0.000 0.000 0.000 0.000 0.000 0.000 0.000 0.000 0.000
0.000 0.000 0.000 0.000 0.000 0.000 0.000 0.000 0.000 0.000 0.000 0.000 0.000 0.000 0.000 0.000 1.277 1.390 1.487 1.577 1.662 1.744 1.828 1.916 2.011 2.111 2.214 2.318 2.421 2.523 2.623 2.723 2.823 2.923 3.023 3.125 3.236 3.340 3.369 3.834 2.739 0.053 0.088 0.000 0.000 0.307 0.604 0.725 0.764 0.773 0.774 0.763 0.733 0.631 0.512 0.410 0.325 0.250 0.171 0.095 0.000 0.000 0.000 0.000 0.000 0.000 0.000 0.000 0.000 0.000 0.000 0.000 0.000 0.000 0.000 0.000 0.000
0.000 0.000 0.000 0.000 0.000 0.000 0.000 0.000 0.000 0.000 0.000 0.000 0.000 0.000 0.000 1.169 1.311 1.418 1.513 1.601 1.685 1.767 1.852 1.941 2.036 2.137 2.240 2.345 2.450 2.553 2.654 2.754 2.854 2.955 3.055 3.160 3.271 3.345 3.550 4.130 2.237 0.210 0.000 0.009 0.277 0.776 0.556 0.794 0.784 0.748 0.699 0.640 0.579 0.493 0.403 0.323 0.256 0.197 0.140 0.087 0.000 0.000 0.000 0.000 0.000 0.000 0.000 0.000 0.000 0.000 0.000 0.000 0.000 0.000 0.000 0.000 0.000
0.000 0.000 0.000 0.000 0.000 0.000 0.000 0.000 0.000 0.000 0.000 0.000 0.000 0.000 0.000 1.201 1.332 1.436 1.529 1.617 1.701 1.783 1.868 1.957 2.053 2.154 2.258 2.364 2.469 2.572 2.674 2.775 2.875 2.976 3.077 3.183 3.293 3.351 3.843 4.213 1.700 0.043 0.023 0.242 0.522 0.679 0.481 0.730 0.700 0.637 0.554 0.465 0.399 0.333 0.270 0.212 0.163 0.122 0.089 0.063 0.000 0.000 0.000 0.000 0.000 0.000 0.000 0.000 0.000 0.000 0.000 0.000 0.000 0.000 0.000 0.000 0.000
0.000 0.000 0.000 0.000 0.000 0.000 0.000 0.000 0.000 0.000 0.000 0.000 0.000 0.000 0.000 1.217 1.344 1.446 1.540 1.627 1.711 1.794 1.878 1.968 2.064 2.165 2.269 2.375 2.481 2.585 2.687 2.788 2.889 2.989 3.091 3.196 3.309 3.367 3.849 4.015 1.271 0.000 0.163 0.385 0.554 0.623 0.632 0.610 0.540 0.434 0.329 0.246 0.193 0.145 0.102 0.068 0.045 0.030 0.020 0.013 0.000 0.000 0.000 0.000 0.000 0.000 0.000 0.000 0.000 0.000 0.000 0.000 0.000 0.000 0.000 0.000 0.000
0.000 0.000 0.000 0.000 0.000 0.000 0.000 0.000 0.000 0.000 0.000 0.000 0.000 0.000 0.000 1.225 1.350 1.452 1.545 1.633 1.717 1.800 1.885 1.974 2.070 2.172 2.276 2.382 2.488 2.592 2.694 2.796 2.896 2.997 3.098 3.204 3.318 3.373 3.869 3.657 0.950 0.000 0.192 0.367 0.455 0.466 0.447 0.405 0.319 0.221 0.140 0.081 0.048 0.022 0.000 0.000 0.005 0.000 0.000 0.000 0.000 0.000 0.000 0.000 0.000 0.000 0.000 0.000 0.000 0.000 0.000 0.000 0.000 0.000 0.000 0.000 0.000
0.000 0.000 0.000 0.000 0.000 0.000 0.000 0.000 0.000 0.000 0.000 0.000 0.000 0.000 0.000 1.227 1.352 1.455 1.548 1.636 1.720 1.802 1.888 1.978 2.074 2.175 2.280 2.386 2.492 2.596 2.698 2.799 2.900 3.001 3.103 3.209 3.324 3.361 3.872 3.397 0.738 0.000 0.221 0.381 0.305 0.199 0.179 0.156 0.115 0.064 0.042 0.034 0.004 0.001 0.004 0.016 0.022 0.017 0.013 0.009 0.000 0.000 0.000 0.000 0.000 0.000 0.000 0.000 0.000 0.000 0.000 0.000 0.000 0.000 0.000 0.000 0.000
0.000 0.000 0.000 0.000 0.000 0.000 0.000 0.000 0.000 0.000 0.000 0.000 0.000 0.000 0.000 1.228 1.353 1.455 1.548 1.636 1.720 1.803 1.888 1.979 2.075 2.177 2.282 2.388 2.493 2.597 2.699 2.800 2.901 3.003 3.104 3.211 3.328 3.355 3.846 3.245 0.617 0.000 0.046 0.110 0.033 0.018 0.016 0.016 0.009 0.005 0.024 0.059 0.110 0.125 0.135 0.134 0.120 0.094 0.067 0.045 0.000 0.000 0.000 0.000 0.000 0.000 0.000 0.000 0.000 0.000 0.000 0.000 0.000 0.000 0.000 0.000 0.000
0.000 0.000 0.000 0.000 0.000 0.000 0.000 0.000 0.000 0.000 0.000 0.000 0.000 0.000 0.000 1.227 1.353 1.455 1.548 1.636 1.720 1.803 1.888 1.979 2.075 2.177 2.282 2.388 2.493 2.597 2.699 2.800 2.901 3.003 3.104 3.211 3.330 3.354 3.833 3.178 0.567 0.000 0.003 0.003 0.015 0.033 0.053 0.073 0.099 0.138 0.216 0.328 0.400 0.365 0.316 0.263 0.213 0.165 0.115 0.068 0.000 0.000 0.000 0.000 0.000 0.000 0.000 0.000 0.000 0.000 0.000 0.000 0.000 0.000 0.000 0.000 0.000
0.000 0.000 0.000 0.000 0.000 0.000 0.000 0.000 0.000 0.000 0.000 0.000 0.000 0.000 0.000 1.224 1.350 1.453 1.547 1.635 1.719 1.802 1.888 1.978 2.075 2.177 2.282 2.388 2.493 2.596 2.698 2.799 2.900 3.002 3.103 3.211 3.328 3.352 3.831 3.158 0.553 0.004 0.026 0.069 0.127 0.195 0.258 0.316 0.372 0.435 0.502 0.576 0.588 0.513 0.427 0.348 0.278 0.216 0.151 0.042 0.000 0.000 0.000 0.000 0.000 0.000 0.000 0.000 0.000 0.000 0.000 0.000 0.000 0.000 0.000 0.000 0.000
0.000 0.000 0.000 0.000 0.000 0.000 0.000 0.000 0.000 0.000 0.000 0.000 0.000 0.000 0.000 1.216 1.345 1.449 1.543 1.631 1.716 1.799 1.885 1.976 2.073 2.176 2.281 2.387 2.491 2.594 2.695 2.796 2.897 2.999 3.101 3.210 3.324 3.352 3.830 3.159 0.556 0.000 0.066 0.159 0.284 0.421 0.523 0.582 0.611 0.628 0.656 0.709 0.689 0.607 0.514 0.426 0.348 0.277 0.185 0.103 0.000 0.000 0.000 0.000 0.000 0.000 0.000 0.000 0.000 0.000 0.000 0.000 0.000 0.000 0.000 0.000 0.000
0.000 0.000 0.000 0.000 0.000 0.000 0.000 0.000 0.000 0.000 0.000 0.000 0.000 0.000 0.000 1.199 1.334 1.440 1.535 1.624 1.710 1.793 1.879 1.971 2.069 2.173 2.278 2.383 2.486 2.588 2.689 2.790 2.891 2.993 3.096 3.205 3.313 3.353 3.831 3.188 0.579 0.000 0.103 0.227 0.383 0.557 0.669 0.706 0.701 0.664 0.659 0.714 0.735 0.697 0.620 0.528 0.439 0.348 0.229 0.000 0.000 0.000 0.000 0.000 0.000 0.000 0.000 0.000 0.000 0.000 0.000 0.000 0.000 0.000 0.000 0.000 0.000
0.000 0.000 0.000 0.000 0.000 0.000 0.000 0.000 0.000 0.000 0.000 0.000 0.000 0.000 0.000 1.168 1.315 1.425 1.522 1.613 1.699 1.783 1.870 1.963 2.062 2.165 2.270 2.374 2.476 2.577 2.678 2.779 2.880 2.983 3.086 3.194 3.297 3.365 3.843 3.277 0.667 0.000 0.098 0.226 0.383 0.580 0.716 0.744 0.683 0.537 0.483 0.546 0.659 0.738 0.707 0.609 0.499 0.383 0.152 0.000 0.000 0.000 0.000 0.000 0.000 0.000 0.000 0.000 0.000 0.000 0.000 0.000 0.000 0.000 0.000 0.000 0.000
0.000 0.000 0.000 0.000 0.000 0.000 0.000 0.000 0.000 0.000 0.000 0.000 0.000 0.000 0.000 1.115 1.286 1.402 1.502 1.594 1.682 1.768 1.856 1.949 2.049 2.152 2.256 2.359 2.460 2.560 2.660 2.761 2.863 2.966 3.070 3.175 3.279 3.370 3.867 3.495 0.907 0.000 0.042 0.128 0.221 0.418 0.623 0.669 0.594 0.452 0.436 0.521 0.640 0.724 0.702 0.595 0.461 0.322 0.198 0.000 0.000 0.000 0.000 0.000 0.000 0.000 0.000 0.000 0.000 0.000 0.000 0.000 0.000 0.000 0.000 0.000 0.000
0.000 0.000 0.000 0.000 0.000 0.000 0.000 0.000 0.000 0.000 0.000 0.000 0.000 0.000 0.000 1.028 1.240 1.367 1.471 1.567 1.657 1.745 1.834 1.928 2.027 2.130 2.233 2.335 2.435 2.534 2.634 2.736 2.838 2.941 3.044 3.147 3.256 3.366 3.537 3.844 1.324 0.000 0.007 0.030 0.072 0.274 0.486 0.549 0.547 0.505 0.548 0.633 0.689 0.696 0.630 0.522 0.389 0.155 0.000 0.000 0.000 0.000 0.000 0.000 0.000 0.000 0.000 0.000 0.000 0.000 0.000 0.000 0.000 0.000 0.000 0.000 0.000
0.000 0.000 0.000 0.000 0.000 0.000 0.000 0.000 0.000 0.000 0.000 0.000 0.000 0.000 0.000 0.000 1.171 1.316 1.428 1.528 1.622 1.711 1.801 1.895 1.993 2.095 2.198 2.298 2.398 2.497 2.597 2.698 2.800 2.903 3.006 3.109 3.221 3.340 3.324 4.277 1.886 0.140 0.062 0.139 0.283 0.415 0.522 0.556 0.573 0.614 0.736 0.792 0.753 0.667 0.565 0.446 0.309 0.181 0.000 0.000 0.000 0.000 0.000 0.000 0.000 0.000 0.000 0.000 0.000 0.000 0.000 0.000 0.000 0.000 0.000 0.000 0.000
0.000 0.000 0.000 0.000 0.000 0.000 0.000 0.000 0.000 0.000 0.000 0.000 0.000 0.000 0.000 0.000 1.066 1.243 1.368 1.474 1.571 1.663 1.754 1.847 1.944 2.045 2.146 2.246 2.345 2.443 2.543 2.644 2.746 2.849 2.951 3.054 3.164 3.277 3.295 3.947 2.465 0.438 0.000 0.250 0.537 0.598 0.010 0.000 0.549 0.681 0.854 0.823 0.725 0.609 0.496 0.343 0.121 0.000 0.000 0.000 0.000 0.000 0.000 0.000 0.000 0.000 0.000 0.000 0.000 0.000 0.000 0.000 0.000 0.000 0.000 0.000 0.000
0.000 0.000 0.000 0.000 0.000 0.000 0.000 0.000 0.000 0.000 0.000 0.000 0.000 0.000 0.000 0.000 0.893 1.135 1.283 1.399 1.501 1.596 1.687 1.779 1.875 1.974 2.074 2.173 2.270 2.368 2.467 2.568 2.668 2.769 2.870 2.972 3.074 3.177 3.251 3.644 2.940 0.723 0.000 0.066 0.276 0.493 0.151 0.018 0.270 0.596 0.850 0.712 0.628 0.531 0.424 0.246 0.102 0.000 0.000 0.000 0.000 0.000 0.000 0.000 0.000 0.000 0.000 0.000 0.000 0.000 0.000 0.000 0.000 0.000 0.000 0.000 0.000
0.000 0.000 0.000 0.000 0.000 0.000 0.000 0.000 0.000 0.000 0.000 0.000 0.000 0.000 0.000 0.000 0.000 0.958 1.164 1.295 1.403 1.501 1.594 1.684 1.777 1.874 1.972 2.070 2.166 2.263 2.360 2.458 2.556 2.655 2.753 2.851 2.945 3.050 3.150 3.507 3.285 0.961 0.053 0.000 0.183 0.418 0.227 0.097 0.170 0.597 0.825 0.631 0.543 0.455 0.357 0.202 0.000 0.000 0.000 0.000 0.000 0.000 0.000 0.000 0.000 0.000 0.000 0.000 0.000 0.000 0.000 0.000 0.000 0.000 0.000 0.000 0.000
0.000 0.000 0.000 0.000 0.000 0.000 0.000 0.000 0.000 0.000 0.000 0.000 0.000 0.000 0.000 0.000 0.000 0.716 0.982 1.151 1.270 1.371 1.463 1.551 1.640 1.734 1.831 1.927 2.021 2.114 2.207 2.301 2.394 2.487 2.580 2.672 2.760 2.873 2.957 2.981 3.635 1.394 0.208 0.088 0.348 0.427 0.425 0.447 0.518 0.645 0.687 0.540 0.453 0.345 0.238 0.000 0.000 0.000 0.000 0.000 0.000 0.000 0.000 0.000 0.000 0.000 0.000 0.000 0.000 0.000 0.000 0.000 0.000 0.000 0.000 0.000 0.000
0.000 0.000 0.000 0.000 0.000 0.000 0.000 0.000 0.000 0.000 0.000 0.000 0.000 0.000 0.000 0.000 0.000 0.000 0.726 0.940 1.082 1.186 1.275 1.358 1.446 1.542 1.638 1.729 1.815 1.899 1.984 2.071 2.156 2.238 2.319 2.399 2.477 2.591 2.645 2.613 3.514 1.972 0.451 0.000 0.237 0.367 0.474 0.585 0.671 0.617 0.509 0.432 0.319 0.113 0.000 0.000 0.000 0.000 0.000 0.000 0.000 0.000 0.000 0.000 0.000 0.000 0.000 0.000 0.000 0.000 0.000 0.000 0.000 0.000 0.000 0.000 0.000
0.000 0.000 0.000 0.000 0.000 0.000 0.000 0.000 0.000 0.000 0.000 0.000 0.000 0.000 0.000 0.000 0.000 0.000 0.000 0.701 0.859 0.949 1.027 1.111 1.206 1.297 1.378 1.452 1.522 1.593 1.668 1.741 1.808 1.871 1.935 1.997 2.057 2.148 2.189 2.203 2.896 2.263 0.669 0.000 0.135 0.254 0.325 0.401 0.459 0.442 0.393 0.296 0.096 0.000 0.000 0.000 0.000 0.000 0.000 0.000 0.000 0.000 0.000 0.000 0.000 0.000 0.000 0.000 0.000 0.000 0.000 0.000 0.000 0.000 0.000 0.000 0.000
0.000 0.000 0.000 0.000 0.000 0.000 0.000 0.000 0.000 0.000 0.000 0.000 0.000 0.000 0.000 0.000 0.000 0.000 0.000 0.000 0.658 0.721 0.758 0.860 0.960 1.034 1.087 1.131 1.178 1.242 1.310 1.365 1.418 1.472 1.527 1.578 1.627 1.688 1.737 1.774 2.288 2.091 0.779 0.036 0.096 0.186 0.249 0.323 0.356 0.339 0.276 0.095 0.000 0.000 0.000 0.000 0.000 0.000 0.000 0.000 0.000 0.000 0.000 0.000 0.000 0.000 0.000 0.000 0.000 0.000 0.000 0.000 0.000 0.000 0.000 0.000 0.000
0.000 0.000 0.000 0.000 0.000 0.000 0.000 0.000 0.000 0.000 0.000 0.000 0.000 0.000 0.000 0.000 0.000 0.000 0.000 0.000 0.000 0.513 0.518 0.612 0.699 0.747 0.774 0.794 0.807 0.883 0.947 0.992 1.046 1.100 1.148 1.186 1.219 1.259 1.311 1.359 1.692 1.801 0.749 0.079 0.075 0.133 0.187 0.253 0.271 0.253 0.110 0.000 0.000 0.000 0.000 0.000 0.000 0.000 0.000 0.000 0.000 0.000 0.000 0.000 0.000 0.000 0.000 0.000 0.000 0.000 0.000 0.000 0.000 0.000 0.000 0.000 0.000
0.000 0.000 0.000 0.000 0.000 0.000 0.000 0.000 0.000 0.000 0.000 0.000 0.000 0.000 0.000 0.000 0.000 0.000 0.000 0.000 0.000 0.000 0.000 0.000 0.000 0.431 0.441 0.446 0.433 0.516 0.593 0.649 0.709 0.756 0.792 0.812 0.817 0.855 0.908 0.958 1.179 1.429 0.544 0.000 0.049 0.094 0.134 0.172 0.158 0.147 0.000 0.000 0.000 0.000 0.000 0.000 0.000 0.000 0.000 0.000 0.000 0.000 0.000 0.000 0.000 0.000 0.000 0.000 0.000 0.000 0.000 0.000 0.000 0.000 0.000 0.000 0.000
0.000 0.000 0.000 0.000 0.000 0.000 0.000 0.000 0.000 0.000 0.000 0.000 0.000 0.000 0.000 0.000 0.000 0.000 0.000 0.000 0.000 0.000 0.000 0.000 0.000 0.000 0.000 0.000 0.000 0.000 0.000 0.000 0.398 0.428 0.446 0.451 0.437 0.473 0.524 0.586 0.740 0.941 0.378 0.000 0.032 0.060 0.085 0.062 0.072 0.000 0.000 0.000 0.000 0.000 0.000 0.000 0.000 0.000 0.000 0.000 0.000 0.000 0.000 0.000 0.000 0.000 0.000 0.000 0.000 0.000 0.000 0.000 0.000 0.000 0.000 0.000 0.000
