avaframe/data/avaParabola/Avaflow_Input/prefix_tflow0012.asc
ncols 250
nrows 100
xllcenter 997.50
yllcenter -4997.50
cellsize 20.00
NODATA_value -9999.000
[rows 34 to 67 of 100, columns 75 to 149 of 250]
0.000 0.000 0.000 0.000 0.000 0.000 0.000 0.000 0.000 0.000 0.000 0.000 0.000 0.000 0.000 0.000 0.000 0.000 0.000 0.000 1.243 1.930 2.570 3.230 3.968 4.777 5.705 6.771 7.930 9.155 10.433 11.765 13.126 14.476 15.799 17.100 18.357 19.558 20.851 22.753 24.693 24.536 24.137 26.008 14.863 0.372 0.009 0.087 0.186 0.231 0.243 0.262 0.226 0.032 0.000 0.000 0.000 0.000 0.000 0.000 0.000 0.000 0.000 0.000 0.000 0.000 0.000 0.000 0.000 0.000 0.000 0.000 0.000 0.000 0.000
0.000 0.000 0.000 0.000 0.000 0.000 0.000 0.000 0.000 0.000 0.000 0.000 0.000 0.000 0.000 0.000 0.000 0.000 0.000 1.790 2.899 4.086 5.203 6.384 7.672 9.108 10.737 12.639 14.848 17.328 20.012 22.863 25.876 29.048 32.375 35.837 39.406 43.105 47.185 52.680 56.355 58.685 60.333 68.669 43.396 2.176 0.028 0.346 0.972 1.390 1.632 1.720 1.370 0.467 0.099 0.023 0.000 0.000 0.000 0.000 0.000 0.000 0.000 0.000 0.000 0.000 0.000 0.000 0.000 0.000 0.000 0.000 0.000 0.000 0.000
0.000 0.000 0.000 0.000 0.000 0.000 0.000 0.000 0.000 0.000 0.000 0.000 0.000 0.000 0.000 0.000 0.000 0.000 1.975 3.816 5.570 7.323 9.162 11.190 13.469 16.047 18.985 22.377 26.329 30.881 35.984 41.586 47.718 54.428 61.728 69.606 78.023 86.962 96.726 109.123 116.670 124.169 131.190 156.233 110.092 11.320 7.533 1.067 3.671 6.053 7.297 7.605 5.875 2.603 0.828 0.208 0.049 0.000 0.000 0.000 0.000 0.000 0.000 0.000 0.000 0.000 0.000 0.000 0.000 0.000 0.000 0.000 0.000 0.000 0.000
0.000 0.000 0.000 0.000 0.000 0.000 0.000 0.000 0.000 0.000 0.000 0.000 0.000 0.000 0.000 0.000 0.000 2.348 4.338 6.700 9.052 11.591 14.477 17.808 21.661 26.120 31.276 37.232 44.112 52.038 61.085 71.284 82.691 95.393 109.459 124.894 141.645 159.659 179.346 203.098 217.287 234.220 252.848 310.532 244.286 32.804 0.212 3.103 10.202 20.804 25.477 25.605 18.955 9.698 3.858 1.201 0.294 0.061 0.000 0.000 0.000 0.000 0.000 0.000 0.000 0.000 0.000 0.000 0.000 0.000 0.000 0.000 0.000 0.000 0.000
0.000 0.000 0.000 0.000 0.000 0.000 0.000 0.000 0.000 0.000 0.000 0.000 0.000 0.000 0.000 0.000 2.639 5.092 7.754 10.512 13.578 17.172 21.486 26.660 32.797 40.013 48.455 58.292 69.683 82.749 97.645 114.548 133.596 154.939 178.711 205.007 233.899 265.487 299.940 338.944 369.398 401.930 436.770 547.941 438.483 23.638 1.470 4.149 29.557 64.663 78.590 73.202 50.499 28.972 13.340 4.744 1.310 0.262 0.045 0.000 0.000 0.000 0.000 0.000 0.000 0.000 0.000 0.000 0.000 0.000 0.000 0.000 0.000 0.000 0.000
0.000 0.000 0.000 0.000 0.000 0.000 0.000 0.000 0.000 0.000 0.000 0.000 0.000 0.000 0.000 2.840 5.677 8.748 11.947 15.475 19.593 24.595 30.757 38.266 47.234 57.794 70.158 84.579 101.307 120.546 142.451 167.223 195.101 226.315 261.120 299.766 342.497 389.612 441.487 498.099 563.533 616.594 666.557 867.819 519.218 5.665 2.735 20.944 81.994 121.597 128.025 114.466 93.163 72.393 38.610 15.167 4.722 1.079 0.063 0.000 0.000 0.000 0.000 0.000 0.000 0.000 0.000 0.000 0.000 0.000 0.000 0.000 0.000 0.000 0.000
0.000 0.000 0.000 0.000 0.000 0.000 0.000 0.000 0.000 0.000 0.000 0.000 0.000 0.000 2.599 5.747 9.035 12.543 16.462 21.022 26.508 33.263 41.577 51.629 63.524 77.400 93.507 112.170 133.742 158.547 186.853 218.940 255.096 295.569 340.642 390.686 446.098 507.316 574.796 649.114 732.096 820.184 878.141 1147.671 436.042 0.215 10.885 54.809 74.687 70.332 72.892 88.999 102.499 112.200 87.701 40.903 14.290 3.836 0.746 0.128 0.000 0.000 0.000 0.000 0.000 0.000 0.000 0.000 0.000 0.000 0.000 0.000 0.000 0.000 0.000
0.000 0.000 0.000 0.000 0.000 0.000 0.000 0.000 0.000 0.000 0.000 0.000 0.000 2.109 5.126 8.551 12.117 16.098 20.704 26.210 32.997 41.435 51.784 64.186 78.735 95.570 114.958 137.287 162.995 192.510 226.211 264.454 307.589 355.918 409.704 469.342 535.331 608.210 688.516 777.578 877.468 972.656 1054.537 1416.686 348.811 0.000 10.333 32.826 57.982 66.045 62.361 86.085 110.674 123.852 124.536 82.549 31.719 8.501 1.781 0.293 0.037 0.000 0.000 0.000 0.000 0.000 0.000 0.000 0.000 0.000 0.000 0.000 0.000 0.000 0.000
0.000 0.000 0.000 0.000 0.000 0.000 0.000 0.000 0.000 0.000 0.000 0.000 0.000 3.893 7.403 10.906 14.764 19.173 24.350 30.651 38.522 48.356 60.400 74.775 91.559 110.877 132.993 158.315 187.346 220.604 258.568 301.673 350.299 404.764 465.380 532.545 606.767 688.624 778.930 878.747 986.155 1105.886 1222.825 1550.179 222.928 0.000 9.436 26.831 129.737 300.964 318.763 265.460 175.587 144.468 129.543 83.722 30.496 7.770 1.571 0.261 0.012 0.000 0.000 0.000 0.000 0.000 0.000 0.000 0.000 0.000 0.000 0.000 0.000 0.000 0.000
0.000 0.000 0.000 0.000 0.000 0.000 0.000 0.000 0.000 0.000 0.000 0.000 2.181 5.643 9.112 12.774 16.899 21.656 27.292 34.224 42.935 53.837 67.188 83.103 101.639 122.908 147.152 174.783 206.341 242.412 283.552 330.275 383.011 442.069 507.750 580.462 660.746 749.161 846.912 955.144 1065.696 1261.910 1450.554 1434.985 67.604 16.250 0.007 0.000 68.269 350.800 415.821 457.060 406.851 260.530 135.193 63.990 22.632 5.699 1.154 0.200 0.027 0.000 0.000 0.000 0.000 0.000 0.000 0.000 0.000 0.000 0.000 0.000 0.000 0.000 0.000
0.000 0.000 0.000 0.000 0.000 0.000 0.000 0.000 0.000 0.000 0.000 0.000 3.355 6.879 10.359 14.174 18.522 23.552 29.544 36.948 46.269 57.941 72.239 89.283 109.121 131.840 157.664 186.987 220.367 258.440 301.828 351.092 406.729 469.100 538.476 615.189 699.790 792.833 895.588 1010.971 1123.947 1329.541 1692.364 1124.491 3.023 0.050 0.195 23.685 108.161 263.613 285.962 459.521 561.360 313.390 118.069 44.609 14.331 3.623 0.761 0.141 0.015 0.000 0.000 0.000 0.000 0.000 0.000 0.000 0.000 0.000 0.000 0.000 0.000 0.000 0.000
0.000 0.000 0.000 0.000 0.000 0.000 0.000 0.000 0.000 0.000 0.000 1.367 4.255 7.698 11.218 15.164 19.684 24.922 31.179 38.919 48.663 60.859 75.805 93.633 114.384 138.122 165.055 195.574 230.228 269.677 314.596 365.607 423.214 487.749 559.571 639.010 726.516 822.641 928.485 1049.394 1159.126 1379.198 1836.349 752.888 0.000 1.429 54.614 118.587 196.616 204.672 133.742 32.310 75.025 151.278 51.966 16.612 4.408 1.056 0.235 0.047 0.004 0.000 0.000 0.000 0.000 0.000 0.000 0.000 0.000 0.000 0.000 0.000 0.000 0.000 0.000
0.000 0.000 0.000 0.000 0.000 0.000 0.000 0.000 0.000 0.000 0.000 1.573 4.800 8.198 11.769 15.818 20.463 25.852 32.296 40.266 50.288 62.825 78.188 96.520 117.862 142.273 169.937 201.240 236.736 277.091 323.007 375.133 434.034 500.065 573.477 654.629 744.016 842.115 949.916 1075.537 1180.402 1394.161 1887.194 368.525 0.000 45.777 344.222 706.882 513.292 211.216 94.354 15.378 0.331 2.215 1.750 1.090 0.396 0.064 0.013 0.002 0.000 0.000 0.000 0.000 0.000 0.000 0.000 0.000 0.000 0.000 0.000 0.000 0.000 0.000 0.000
0.000 0.000 0.000 0.000 0.000 0.000 0.000 0.000 0.000 0.000 0.000 1.677 5.065 8.472 12.091 16.210 20.939 26.429 32.998 41.117 51.317 64.066 79.680 98.308 119.997 144.802 172.910 204.699 240.726 281.657 328.197 381.019 440.705 507.645 582.122 664.438 755.031 854.396 963.563 1092.920 1195.215 1393.516 1922.135 165.028 0.000 53.929 54.168 12.371 44.166 83.035 53.389 17.032 1.294 0.000 0.000 0.032 0.015 0.000 0.000 0.000 0.000 0.000 0.000 0.000 0.000 0.000 0.000 0.000 0.000 0.000 0.000 0.000 0.000 0.000 0.000
0.000 0.000 0.000 0.000 0.000 0.000 0.000 0.000 0.000 0.000 0.000 1.816 5.169 8.601 12.251 16.411 21.190 26.740 33.383 41.594 51.902 64.777 80.533 99.317 121.180 146.186 174.530 206.598 242.943 284.229 331.156 384.389 444.505 511.899 586.886 669.792 761.037 861.113 971.247 1102.846 1209.840 1425.119 1931.364 101.653 0.000 2.671 6.160 0.660 0.000 6.674 12.250 7.882 3.250 1.578 0.125 0.031 0.080 0.041 0.009 0.002 0.000 0.000 0.000 0.000 0.000 0.000 0.000 0.000 0.000 0.000 0.000 0.000 0.000 0.000 0.000
0.000 0.000 0.000 0.000 0.000 0.000 0.000 0.000 0.000 0.000 0.000 1.927 5.200 8.645 12.310 16.489 21.290 26.867 33.547 41.807 52.177 65.121 80.948 99.799 121.723 146.798 175.234 207.425 243.930 285.404 332.538 385.970 446.283 513.894 589.052 672.142 763.671 864.141 975.027 1107.911 1219.038 1480.166 1844.031 82.896 0.000 0.000 0.221 1.311 0.000 1.824 2.357 1.620 0.523 0.011 2.687 4.029 2.465 0.759 0.212 0.049 0.006 0.000 0.000 0.000 0.000 0.000 0.000 0.000 0.000 0.000 0.000 0.000 0.000 0.000 0.000
0.000 0.000 0.000 0.000 0.000 0.000 0.000 0.000 0.000 0.000 0.000 1.926 5.201 8.646 12.315 16.498 21.306 26.892 33.584 41.862 52.261 65.239 81.096 99.964 121.893 146.967 175.413 207.634 244.191 285.742 332.965 386.491 446.846 514.468 589.716 672.910 764.557 865.299 976.835 1110.112 1220.905 1521.339 1765.257 72.106 0.246 0.030 0.002 0.000 0.020 0.045 0.005 0.142 13.448 45.514 64.501 26.798 8.655 2.356 0.597 0.123 0.017 0.000 0.000 0.000 0.000 0.000 0.000 0.000 0.000 0.000 0.000 0.000 0.000 0.000 0.000
0.000 0.000 0.000 0.000 0.000 0.000 0.000 0.000 0.000 0.000 0.000 1.911 5.172 8.610 12.275 16.456 21.262 26.848 33.542 41.830 52.243 65.236 81.095 99.941 121.827 146.854 175.262 207.463 244.019 285.584 332.824 386.351 446.705 514.299 589.462 672.608 764.281 865.104 977.167 1109.938 1220.736 1533.862 1745.386 69.070 0.040 0.063 10.389 47.444 16.634 12.138 14.820 12.787 154.095 188.827 126.994 43.675 12.789 3.470 0.860 0.173 0.008 0.000 0.000 0.000 0.000 0.000 0.000 0.000 0.000 0.000 0.000 0.000 0.000 0.000 0.000
0.000 0.000 0.000 0.000 0.000 0.000 0.000 0.000 0.000 0.000 0.000 1.761 5.080 8.503 12.153 16.321 21.115 26.690 33.380 41.674 52.099 65.093 80.921 99.688 121.453 146.350 174.645 206.764 243.265 284.792 331.984 385.419 445.624 513.092 588.154 671.161 762.781 863.712 975.831 1106.254 1212.384 1521.110 1755.557 70.966 0.001 0.877 13.659 107.090 186.717 265.431 554.148 512.412 346.458 275.878 142.085 50.368 15.195 4.248 1.078 0.197 0.006 0.000 0.000 0.000 0.000 0.000 0.000 0.000 0.000 0.000 0.000 0.000 0.000 0.000 0.000
0.000 0.000 0.000 0.000 0.000 0.000 0.000 0.000 0.000 0.000 0.000 1.534 4.858 8.274 11.895 16.032 20.796 26.341 33.009 41.291 51.705 64.662 80.389 98.978 120.505 145.150 173.224 205.164 241.521 282.915 329.948 383.153 443.033 510.084 584.738 667.427 758.805 859.459 970.854 1097.796 1199.668 1476.227 1814.690 80.099 0.306 28.773 220.782 384.311 481.931 585.280 579.970 525.053 429.947 272.970 128.285 46.143 14.812 4.231 1.036 0.167 0.018 0.000 0.000 0.000 0.000 0.000 0.000 0.000 0.000 0.000 0.000 0.000 0.000 0.000 0.000
0.000 0.000 0.000 0.000 0.000 0.000 0.000 0.000 0.000 0.000 0.000 1.300 4.402 7.858 11.440 15.524 20.231 25.718 32.328 40.554 50.899 63.734 79.245 97.510 118.640 142.874 170.571 202.174 238.212 279.272 325.912 378.622 437.892 504.256 578.212 660.162 750.749 850.373 959.952 1081.974 1186.786 1412.376 1896.243 98.661 4.841 25.673 110.016 244.666 387.895 451.902 499.311 498.996 399.430 229.092 98.032 35.606 11.215 3.079 0.675 0.049 0.000 0.000 0.000 0.000 0.000 0.000 0.000 0.000 0.000 0.000 0.000 0.000 0.000 0.000 0.000
0.000 0.000 0.000 0.000 0.000 0.000 0.000 0.000 0.000 0.000 0.000 0.982 3.656 7.180 10.718 14.721 19.339 24.726 31.221 39.312 49.480 62.055 77.187 94.949 115.493 139.119 166.229 197.265 232.720 273.143 319.046 370.879 429.128 494.354 567.160 647.977 737.133 834.876 941.827 1060.496 1174.787 1372.574 1900.688 188.765 28.338 0.342 16.255 51.169 109.128 149.865 168.029 212.478 224.053 151.515 69.981 26.520 8.113 1.997 0.363 0.046 0.000 0.000 0.000 0.000 0.000 0.000 0.000 0.000 0.000 0.000 0.000 0.000 0.000 0.000 0.000
0.000 0.000 0.000 0.000 0.000 0.000 0.000 0.000 0.000 0.000 0.000 0.000 2.654 6.160 9.656 13.544 18.030 23.261 29.555 37.388 47.217 59.339 73.879 90.920 110.656 133.429 159.670 189.813 224.317 263.681 308.381 358.839 415.542 479.084 549.982 628.608 715.284 810.432 914.777 1032.104 1158.181 1377.064 1838.630 311.185 0.000 5.519 0.997 2.827 4.151 0.478 1.089 12.859 55.791 66.736 42.702 17.241 5.096 1.122 0.082 0.000 0.000 0.000 0.000 0.000 0.000 0.000 0.000 0.000 0.000 0.000 0.000 0.000 0.000 0.000 0.000
0.000 0.000 0.000 0.000 0.000 0.000 0.000 0.000 0.000 0.000 0.000 0.000 1.493 4.737 8.191 11.926 16.216 21.213 27.192 34.597 43.868 55.287 68.975 85.032 103.674 125.269 150.249 179.035 212.052 249.753 292.575 340.920 395.277 456.201 524.192 599.540 682.588 774.345 876.058 992.315 1122.597 1321.454 1792.145 634.261 0.000 39.899 220.379 296.120 223.717 145.504 134.908 72.840 36.799 32.573 22.551 8.979 2.516 0.509 0.016 0.000 0.000 0.000 0.000 0.000 0.000 0.000 0.000 0.000 0.000 0.000 0.000 0.000 0.000 0.000 0.000
0.000 0.000 0.000 0.000 0.000 0.000 0.000 0.000 0.000 0.000 0.000 0.000 0.000 2.918 6.297 9.833 13.834 18.489 24.008 30.779 39.226 49.645 62.180 76.937 94.133 114.118 137.313 164.129 194.947 230.166 270.178 315.381 366.269 423.371 487.020 557.557 635.837 723.277 820.643 930.892 1052.824 1142.846 1647.929 1088.381 20.073 0.000 62.762 127.898 265.307 417.862 384.061 248.703 73.481 21.785 9.903 3.618 0.846 0.065 0.000 0.000 0.000 0.000 0.000 0.000 0.000 0.000 0.000 0.000 0.000 0.000 0.000 0.000 0.000 0.000 0.000
0.000 0.000 0.000 0.000 0.000 0.000 0.000 0.000 0.000 0.000 0.000 0.000 0.000 1.252 4.027 7.306 10.898 15.057 19.947 25.863 33.210 42.321 53.368 66.441 81.715 99.526 120.273 144.336 172.042 203.725 239.744 280.465 326.321 377.758 435.109 498.936 570.562 650.741 738.517 833.753 935.837 1014.795 1331.561 1410.084 141.291 0.000 0.051 3.104 12.020 37.099 63.729 82.141 41.903 12.164 3.776 1.173 0.227 0.029 0.000 0.000 0.000 0.000 0.000 0.000 0.000 0.000 0.000 0.000 0.000 0.000 0.000 0.000 0.000 0.000 0.000
0.000 0.000 0.000 0.000 0.000 0.000 0.000 0.000 0.000 0.000 0.000 0.000 0.000 0.000 1.792 4.487 7.562 11.036 15.109 19.972 25.981 33.489 42.674 53.580 66.345 81.284 98.773 119.124 142.577 169.380 199.849 234.320 273.120 316.571 365.020 419.283 480.149 546.833 616.562 687.313 764.234 848.532 1052.477 1405.313 387.449 7.841 2.492 37.912 0.000 2.885 6.497 11.651 11.201 3.538 1.156 0.321 0.062 0.000 0.000 0.000 0.000 0.000 0.000 0.000 0.000 0.000 0.000 0.000 0.000 0.000 0.000 0.000 0.000 0.000 0.000
0.000 0.000 0.000 0.000 0.000 0.000 0.000 0.000 0.000 0.000 0.000 0.000 0.000 0.000 0.590 1.889 4.173 6.806 9.884 13.555 18.060 23.690 30.567 38.726 48.349 59.747 73.179 88.811 106.735 127.111 150.222 176.316 205.543 238.060 274.245 314.553 358.560 404.520 450.037 497.292 563.235 641.526 780.331 1139.081 604.205 57.422 13.729 17.328 18.334 0.000 6.110 3.817 2.921 0.980 0.307 0.077 0.000 0.000 0.000 0.000 0.000 0.000 0.000 0.000 0.000 0.000 0.000 0.000 0.000 0.000 0.000 0.000 0.000 0.000 0.000
0.000 0.000 0.000 0.000 0.000 0.000 0.000 0.000 0.000 0.000 0.000 0.000 0.000 0.000 0.000 0.605 1.649 3.226 5.132 7.506 10.361 13.858 18.074 23.161 29.370 36.810 45.554 55.608 66.965 79.777 94.232 110.353 128.143 147.617 168.893 191.839 215.904 240.259 266.494 304.465 364.807 430.887 519.411 785.781 624.924 117.532 24.224 63.354 0.601 0.000 5.770 2.357 0.805 0.269 0.075 0.000 0.000 0.000 0.000 0.000 0.000 0.000 0.000 0.000 0.000 0.000 0.000 0.000 0.000 0.000 0.000 0.000 0.000 0.000 0.000
0.000 0.000 0.000 0.000 0.000 0.000 0.000 0.000 0.000 0.000 0.000 0.000 0.000 0.000 0.000 0.000 0.559 1.151 2.057 3.220 4.599 6.187 8.239 10.980 14.307 18.202 22.628 27.600 33.218 39.601 46.681 54.409 62.740 71.664 81.162 91.152 101.424 112.037 125.423 149.829 185.700 221.969 266.775 375.412 316.279 79.199 9.566 0.193 0.430 1.358 1.747 0.680 0.226 0.067 0.000 0.000 0.000 0.000 0.000 0.000 0.000 0.000 0.000 0.000 0.000 0.000 0.000 0.000 0.000 0.000 0.000 0.000 0.000 0.000 0.000
0.000 0.000 0.000 0.000 0.000 0.000 0.000 0.000 0.000 0.000 0.000 0.000 0.000 0.000 0.000 0.000 0.000 0.000 0.609 1.029 1.549 2.018 2.865 4.135 5.709 7.341 9.003 10.817 13.063 15.714 18.537 21.504 24.591 27.793 31.073 34.446 38.012 42.013 47.750 57.480 69.995 80.870 94.235 144.312 106.481 18.848 31.132 0.241 0.734 1.037 0.497 0.156 0.048 0.000 0.000 0.000 0.000 0.000 0.000 0.000 0.000 0.000 0.000 0.000 0.000 0.000 0.000 0.000 0.000 0.000 0.000 0.000 0.000 0.000 0.000
0.000 0.000 0.000 0.000 0.000 0.000 0.000 0.000 0.000 0.000 0.000 0.000 0.000 0.000 0.000 0.000 0.000 0.000 0.000 0.000 0.342 0.482 0.726 1.171 1.735 2.225 2.632 2.990 3.763 4.649 5.530 6.380 7.247 8.095 8.937 9.898 10.996 12.311 14.116 16.816 19.715 21.589 24.874 41.686 27.104 53.441 0.008 0.054 0.146 0.204 0.064 0.021 0.000 0.000 0.000 0.000 0.000 0.000 0.000 0.000 0.000 0.000 0.000 0.000 0.000 0.000 0.000 0.000 0.000 0.000 0.000 0.000 0.000 0.000 0.000
0.000 0.000 0.000 0.000 0.000 0.000 0.000 0.000 0.000 0.000 0.000 0.000 0.000 0.000 0.000 0.000 0.000 0.000 0.000 0.000 0.000 0.000 0.000 0.000 0.293 0.367 0.414 0.424 0.558 0.747 0.899 1.027 1.159 1.313 1.554 1.870 2.196 2.563 2.982 3.487 3.980 4.240 4.962 7.777 4.873 0.067 0.004 0.015 0.030 0.017 0.006 0.000 0.000 0.000 0.000 0.000 0.000 0.000 0.000 0.000 0.000 0.000 0.000 0.000 0.000 0.000 0.000 0.000 0.000 0.000 0.000 0.000 0.000 0.000 0.000
0.000 0.000 0.000 0.000 0.000 0.000 0.000 0.000 0.000 0.000 0.000 0.000 0.000 0.000 0.000 0.000 0.000 0.000 0.000 0.000 0.000 0.000 0.000 0.000 0.000 0.000 0.000 0.000 0.000 0.000 0.000 0.000 0.000 0.000 0.000 0.177 0.242 0.302 0.354 0.406 0.455 0.478 0.574 0.862 0.601 0.000 0.002 0.002 0.003 0.000 0.000 0.000 0.000 0.000 0.000 0.000 0.000 0.000 0.000 0.000 0.000 0.000 0.000 0.000 0.000 0.000 0.000 0.000 0.000 0.000 0.000 0.000 0.000 0.000 0.000
