avaframe/data/avaParabola/Avaflow_Input/prefix_vflowy10010.asc
ncols 250
nrows 100
xllcenter 997.50
yllcenter -4997.50
cellsize 20.00
NODATA_value -9999.000
[rows 34 to 67 of 100, columns 76 to 151 of 250]
0.000 0.000 0.000 0.000 0.000 0.000 0.000 0.000 0.000 0.000 0.000 0.000 0.000 0.000 0.000 0.000 0.005 0.010 0.013 0.015 0.017 0.018 0.017 0.017 0.017 0.016 0.015 0.014 0.013 0.013 0.013 0.014 0.014 0.014 0.014 0.014 0.014 0.015 0.015 0.015 0.014 0.012 0.012 0.008 -0.000 -0.000 0.013 0.028 0.037 0.033 0.019 0.022 0.000 0.000 0.000 0.000 0.000 0.000 0.000 0.000 0.000 0.000 0.000 0.000 0.000 0.000 0.000 0.000 0.000 0.000 0.000 0.000 0.000 0.000 0.000 0.000
0.000 0.000 0.000 0.000 0.000 0.000 0.000 0.000 0.000 0.000 0.000 0.000 0.000 0.000 0.000 0.004 0.016 0.017 0.018 0.019 0.020 0.020 0.020 0.019 0.018 0.017 0.017 0.016 0.015 0.014 0.014 0.013 0.013 0.012 0.012 0.011 0.011 0.011 0.012 0.012 0.012 0.011 0.012 0.014 -0.000 -0.000 -0.000 0.063 0.083 0.093 0.101 0.103 0.083 0.072 0.000 0.000 0.000 0.000 0.000 0.000 0.000 0.000 0.000 0.000 0.000 0.000 0.000 0.000 0.000 0.000 0.000 0.000 0.000 0.000 0.000 0.000
0.000 0.000 0.000 0.000 0.000 0.000 0.000 0.000 0.000 0.000 0.000 0.000 0.000 0.000 0.018 0.020 0.019 0.018 0.018 0.018 0.017 0.016 0.016 0.015 0.014 0.013 0.012 0.011 0.011 0.010 0.010 0.010 0.010 0.010 0.010 0.010 0.010 0.010 0.010 0.011 0.011 0.011 0.011 0.014 0.012 -0.000 -0.000 0.077 0.135 0.161 0.181 0.184 0.155 0.128 0.108 0.000 0.000 0.000 0.000 0.000 0.000 0.000 0.000 0.000 0.000 0.000 0.000 0.000 0.000 0.000 0.000 0.000 0.000 0.000 0.000 0.000
0.000 0.000 0.000 0.000 0.000 0.000 0.000 0.000 0.000 0.000 0.000 0.000 0.013 0.017 0.019 0.018 0.018 0.017 0.016 0.015 0.014 0.013 0.012 0.010 0.009 0.009 0.009 0.008 0.008 0.008 0.008 0.008 0.008 0.008 0.009 0.009 0.009 0.010 0.011 0.012 0.012 0.013 0.014 0.016 0.005 -0.000 -0.000 0.076 0.190 0.242 0.278 0.292 0.247 0.202 0.161 0.125 0.000 0.000 0.000 0.000 0.000 0.000 0.000 0.000 0.000 0.000 0.000 0.000 0.000 0.000 0.000 0.000 0.000 0.000 0.000 0.000
0.000 0.000 0.000 0.000 0.000 0.000 0.000 0.000 0.000 0.000 0.000 0.013 0.015 0.018 0.017 0.016 0.014 0.014 0.013 0.011 0.009 0.007 0.006 0.006 0.006 0.006 0.006 0.006 0.006 0.005 0.004 0.005 0.007 0.008 0.009 0.010 0.010 0.011 0.012 0.013 0.014 0.015 0.016 0.018 0.029 -0.000 -0.000 0.071 0.219 0.355 0.412 0.429 0.358 0.292 0.233 0.178 0.133 0.000 0.000 0.000 0.000 0.000 0.000 0.000 0.000 0.000 0.000 0.000 0.000 0.000 0.000 0.000 0.000 0.000 0.000 0.000
0.000 0.000 0.000 0.000 0.000 0.000 0.000 0.000 0.000 0.000 0.021 0.017 0.015 0.014 0.013 0.012 0.011 0.009 0.007 0.006 0.005 0.005 0.005 0.005 0.005 0.005 0.005 0.005 0.005 0.007 0.008 0.006 0.004 0.005 0.006 0.006 0.007 0.007 0.007 0.007 0.008 0.008 0.008 0.016 0.022 -0.000 -0.000 0.101 0.296 0.504 0.594 0.569 0.479 0.394 0.323 0.255 0.178 0.134 0.000 0.000 0.000 0.000 0.000 0.000 0.000 0.000 0.000 0.000 0.000 0.000 0.000 0.000 0.000 0.000 0.000 0.000
0.000 0.000 0.000 0.000 0.000 0.000 0.000 0.000 0.000 0.019 0.016 0.013 0.011 0.010 0.010 0.008 0.006 0.004 0.004 0.004 0.004 0.004 0.004 0.003 0.003 0.003 0.003 0.003 0.003 0.003 0.003 0.004 0.005 0.006 0.007 0.007 0.007 0.008 0.008 0.008 0.009 0.009 0.010 0.019 0.029 -0.000 0.060 0.150 0.347 0.638 0.706 0.665 0.578 0.499 0.421 0.341 0.255 0.130 0.000 0.000 0.000 0.000 0.000 0.000 0.000 0.000 0.000 0.000 0.000 0.000 0.000 0.000 0.000 0.000 0.000 0.000
0.000 0.000 0.000 0.000 0.000 0.000 0.000 0.000 0.000 0.013 0.010 0.008 0.007 0.006 0.004 0.003 0.003 0.002 0.001 0.001 0.001 0.001 0.002 0.003 0.003 0.003 0.003 0.003 0.004 0.004 0.004 0.006 0.009 0.009 0.010 0.010 0.011 0.012 0.012 0.013 0.014 0.014 0.016 0.035 0.009 -0.000 0.024 0.059 0.150 0.428 0.661 0.732 0.717 0.622 0.499 0.380 0.274 0.190 0.079 0.000 0.000 0.000 0.000 0.000 0.000 0.000 0.000 0.000 0.000 0.000 0.000 0.000 0.000 0.000 0.000 0.000
0.000 0.000 0.000 0.000 0.000 0.000 0.000 0.000 0.010 0.008 0.006 0.005 0.004 0.002 0.001 0.001 0.001 0.001 0.002 0.002 0.003 0.004 0.004 0.004 0.005 0.005 0.005 0.006 0.006 0.006 0.005 0.002 0.000 0.000 0.000 0.000 0.000 0.000 0.000 0.000 -0.000 -0.000 0.006 0.026 -0.000 -0.000 0.065 0.203 0.324 0.482 0.673 0.788 0.741 0.576 0.404 0.276 0.186 0.122 0.047 0.000 0.000 0.000 0.000 0.000 0.000 0.000 0.000 0.000 0.000 0.000 0.000 0.000 0.000 0.000 0.000 0.000
0.000 0.000 0.000 0.000 0.000 0.000 0.000 0.007 0.006 0.005 0.004 0.004 0.004 0.003 0.002 0.002 0.002 0.002 0.002 0.002 0.001 0.000 0.000 0.000 -0.000 -0.000 -0.000 -0.000 -0.000 -0.000 0.001 0.003 0.003 0.003 0.003 0.004 0.004 0.004 0.004 0.005 0.005 0.005 0.013 0.046 -0.000 -0.000 0.355 0.550 0.710 -0.000 -0.000 0.813 0.631 0.465 0.312 0.192 0.125 0.082 0.046 0.023 0.000 0.000 0.000 0.000 0.000 0.000 0.000 0.000 0.000 0.000 0.000 0.000 0.000 0.000 0.000 0.000
0.000 0.000 0.000 0.000 0.000 0.000 0.000 -0.000 0.004 0.003 0.003 0.003 0.003 0.003 0.003 0.002 0.002 0.001 0.001 0.001 0.001 0.001 0.001 0.002 0.002 0.002 0.002 0.002 0.002 0.002 0.004 0.007 0.007 0.007 0.008 0.008 0.009 0.009 0.010 0.010 0.011 0.012 0.018 0.073 0.068 0.218 0.503 0.698 0.713 -0.000 -0.000 0.661 0.465 0.362 0.205 0.131 0.083 0.055 0.033 0.016 0.000 0.000 0.000 0.000 0.000 0.000 0.000 0.000 0.000 0.000 0.000 0.000 0.000 0.000 0.000 0.000
0.000 0.000 0.000 0.000 0.000 0.000 0.000 0.003 0.003 0.003 0.002 0.002 0.001 0.000 0.001 0.001 0.001 0.001 0.002 0.003 0.003 0.003 0.003 0.003 0.004 0.004 0.004 0.005 0.005 0.006 0.002 -0.000 -0.000 -0.000 -0.000 -0.000 -0.000 -0.000 -0.000 -0.000 -0.000 0.001 0.012 0.049 -0.000 -0.000 0.004 0.058 0.156 0.134 0.012 0.099 0.139 0.014 0.058 0.059 0.043 0.026 0.016 0.009 0.000 0.000 0.000 0.000 0.000 0.000 0.000 0.000 0.000 0.000 0.000 0.000 0.000 0.000 0.000 0.000
0.000 0.000 0.000 0.000 0.000 0.000 0.000 0.002 0.002 0.002 0.001 0.001 0.000 0.000 0.000 0.001 0.001 0.001 0.000 -0.000 -0.000 -0.000 -0.000 -0.000 -0.000 -0.000 -0.000 -0.001 -0.001 -0.001 -0.000 0.002 0.002 0.002 0.002 0.002 0.002 0.002 0.002 0.003 0.003 0.005 0.034 -0.000 -0.000 0.065 0.119 0.136 0.155 0.145 0.083 -0.014 -0.067 -0.000 0.015 0.025 0.017 0.007 0.003 0.002 0.000 0.000 0.000 0.000 0.000 0.000 0.000 0.000 0.000 0.000 0.000 0.000 0.000 0.000 0.000 0.000
0.000 0.000 0.000 0.000 0.000 0.000 0.000 0.001 0.001 0.001 0.001 0.001 0.001 0.001 0.001 0.001 0.001 0.001 0.001 0.001 0.001 0.001 0.001 0.001 0.001 0.001 0.001 0.001 0.001 0.001 0.003 0.005 0.006 0.006 0.006 0.007 0.007 0.008 0.008 0.009 0.009 0.009 0.021 0.042 0.057 0.205 0.257 0.189 0.174 0.230 0.184 0.028 -0.000 -0.003 0.002 0.005 0.002 0.000 -0.000 -0.000 0.000 0.000 0.000 0.000 0.000 0.000 0.000 0.000 0.000 0.000 0.000 0.000 0.000 0.000 0.000 0.000
0.000 0.000 0.000 0.000 0.000 0.000 0.000 0.001 0.001 0.001 0.001 0.001 0.001 0.001 0.001 0.001 0.001 0.002 0.002 0.002 0.002 0.002 0.002 0.003 0.003 0.003 0.003 0.004 0.004 0.004 0.002 -0.001 -0.003 -0.003 -0.003 -0.003 -0.004 -0.004 -0.004 -0.004 -0.004 -0.001 0.012 -0.016 -0.000 -0.002 -0.000 0.043 0.050 -0.019 -0.040 0.032 0.033 0.017 0.002 0.005 -0.013 -0.012 -0.007 -0.004 0.000 0.000 0.000 0.000 0.000 0.000 0.000 0.000 0.000 0.000 0.000 0.000 0.000 0.000 0.000 0.000
0.000 0.000 0.000 0.000 0.000 0.000 0.000 0.000 0.000 0.000 0.000 0.000 0.000 0.000 0.000 0.001 -0.000 -0.001 -0.001 -0.001 -0.001 -0.001 -0.001 -0.002 -0.002 -0.002 -0.002 -0.002 -0.002 -0.003 -0.003 -0.002 0.000 0.000 0.000 0.000 0.000 0.000 0.001 0.001 0.001 0.002 0.012 0.008 -0.000 -0.001 -0.012 -0.017 -0.014 -0.009 -0.003 0.002 -0.000 -0.000 -0.015 -0.064 -0.067 -0.049 -0.033 -0.016 0.000 0.000 0.000 0.000 0.000 0.000 0.000 0.000 0.000 0.000 0.000 0.000 0.000 0.000 0.000 0.000
0.000 0.000 0.000 0.000 0.000 0.000 0.000 0.000 0.000 0.000 0.000 -0.000 -0.000 0.000 0.000 0.000 0.000 0.000 0.000 0.000 0.000 0.000 0.000 0.000 0.000 0.000 0.000 0.000 0.000 0.000 0.003 0.004 0.004 0.004 0.004 0.005 0.005 0.005 0.006 0.006 0.006 0.002 0.003 -0.000 -0.005 -0.010 -0.009 -0.006 0.004 0.022 0.065 -0.000 -0.161 -0.225 -0.204 -0.158 -0.118 -0.083 -0.053 0.000 0.000 0.000 0.000 0.000 0.000 0.000 0.000 0.000 0.000 0.000 0.000 0.000 0.000 0.000 0.000 0.000
0.000 0.000 0.000 0.000 0.000 0.000 0.000 -0.000 -0.000 -0.000 -0.000 -0.000 -0.000 -0.001 -0.001 0.000 0.001 0.001 0.001 0.001 0.001 0.002 0.002 0.002 0.002 0.002 0.002 0.003 0.003 0.003 0.001 -0.002 -0.004 -0.004 -0.004 -0.005 -0.005 -0.005 -0.005 -0.006 -0.006 -0.003 -0.002 -0.000 -0.001 0.073 0.142 0.147 0.067 -0.038 -0.124 -0.210 -0.294 -0.332 -0.266 -0.211 -0.155 -0.113 -0.054 0.000 0.000 0.000 0.000 0.000 0.000 0.000 0.000 0.000 0.000 0.000 0.000 0.000 0.000 0.000 0.000 0.000
0.000 0.000 0.000 0.000 0.000 0.000 0.000 -0.000 -0.000 -0.000 -0.000 -0.000 -0.000 -0.000 -0.000 -0.001 -0.001 -0.001 -0.001 -0.002 -0.002 -0.002 -0.002 -0.002 -0.002 -0.003 -0.003 -0.003 -0.003 -0.004 -0.004 -0.002 -0.000 -0.000 -0.000 -0.000 -0.000 -0.000 -0.000 -0.001 -0.001 -0.002 -0.005 -0.003 0.001 0.021 0.001 -0.007 -0.046 -0.151 -0.293 -0.324 -0.296 -0.325 -0.269 -0.224 -0.185 -0.136 -0.056 0.000 0.000 0.000 0.000 0.000 0.000 0.000 0.000 0.000 0.000 0.000 0.000 0.000 0.000 0.000 0.000 0.000
0.000 0.000 0.000 0.000 0.000 0.000 0.000 -0.001 -0.001 -0.000 -0.000 -0.000 -0.000 -0.000 -0.000 -0.001 -0.001 -0.001 -0.000 -0.000 -0.000 -0.000 -0.000 -0.000 -0.000 -0.000 -0.000 -0.000 -0.000 -0.001 -0.001 0.000 0.003 0.003 0.003 0.004 0.004 0.004 0.004 0.004 0.004 0.003 -0.009 -0.004 -0.000 -0.110 -0.251 -0.263 -0.119 -0.075 -0.178 -0.205 -0.273 -0.265 -0.233 -0.212 -0.178 -0.132 -0.089 0.000 0.000 0.000 0.000 0.000 0.000 0.000 0.000 0.000 0.000 0.000 0.000 0.000 0.000 0.000 0.000 0.000
0.000 0.000 0.000 0.000 0.000 0.000 0.000 -0.001 -0.002 -0.001 -0.001 -0.001 0.000 0.001 -0.000 -0.001 -0.001 -0.000 0.000 0.000 0.000 0.001 0.001 0.001 0.001 0.001 0.001 0.002 0.002 0.002 0.002 -0.000 -0.004 -0.005 -0.006 -0.006 -0.007 -0.007 -0.008 -0.008 -0.007 -0.013 -0.017 -0.020 -0.070 -0.181 -0.252 -0.284 -0.405 -0.393 -0.280 -0.345 -0.403 -0.325 -0.266 -0.224 -0.177 -0.097 0.000 0.000 0.000 0.000 0.000 0.000 0.000 0.000 0.000 0.000 0.000 0.000 0.000 0.000 0.000 0.000 0.000 0.000
0.000 0.000 0.000 0.000 0.000 0.000 0.000 -0.003 -0.003 -0.002 -0.002 -0.001 -0.001 -0.002 -0.001 -0.001 -0.001 -0.002 -0.002 -0.002 -0.003 -0.003 -0.003 -0.003 -0.004 -0.004 -0.004 -0.004 -0.005 -0.005 -0.005 -0.006 -0.004 -0.002 -0.002 -0.002 -0.002 -0.002 -0.002 -0.002 -0.001 -0.003 -0.017 -0.000 -0.041 -0.121 -0.110 -0.135 -0.209 -0.251 -0.372 -0.542 -0.511 -0.449 -0.338 -0.239 -0.163 -0.106 0.000 0.000 0.000 0.000 0.000 0.000 0.000 0.000 0.000 0.000 0.000 0.000 0.000 0.000 0.000 0.000 0.000 0.000
0.000 0.000 0.000 0.000 0.000 0.000 0.000 -0.000 -0.005 -0.004 -0.003 -0.003 -0.003 -0.002 -0.001 -0.000 -0.001 -0.001 -0.001 -0.001 -0.001 -0.001 -0.001 -0.001 -0.001 -0.001 -0.002 -0.002 -0.002 -0.002 -0.002 -0.000 0.001 0.001 0.001 0.001 0.000 0.001 0.002 0.003 0.003 -0.000 -0.026 -0.000 -0.000 0.016 0.016 0.006 -0.000 -0.000 -0.000 -0.099 -0.301 -0.449 -0.347 -0.210 -0.103 0.000 0.000 0.000 0.000 0.000 0.000 0.000 0.000 0.000 0.000 0.000 0.000 0.000 0.000 0.000 0.000 0.000 0.000 0.000
0.000 0.000 0.000 0.000 0.000 0.000 0.000 -0.006 -0.006 -0.005 -0.004 -0.003 -0.003 -0.002 -0.002 -0.002 -0.002 -0.001 -0.002 -0.001 -0.000 -0.000 -0.000 -0.000 -0.000 -0.000 -0.000 -0.000 -0.000 -0.000 -0.000 -0.003 -0.007 -0.007 -0.008 -0.008 -0.009 -0.009 -0.009 -0.010 -0.011 -0.009 -0.016 -0.023 -0.000 -0.000 -0.000 -0.000 -0.057 -0.000 -0.000 -0.000 -0.239 -0.381 -0.252 -0.157 -0.102 0.000 0.000 0.000 0.000 0.000 0.000 0.000 0.000 0.000 0.000 0.000 0.000 0.000 0.000 0.000 0.000 0.000 0.000 0.000
0.000 0.000 0.000 0.000 0.000 0.000 0.000 0.000 -0.000 -0.008 -0.007 -0.005 -0.003 -0.001 -0.001 -0.002 -0.002 -0.002 -0.002 -0.002 -0.003 -0.003 -0.004 -0.004 -0.005 -0.005 -0.006 -0.006 -0.006 -0.006 -0.006 -0.005 -0.003 -0.003 -0.003 -0.004 -0.004 -0.004 -0.004 -0.005 -0.006 -0.006 -0.016 -0.054 -0.000 -0.000 -0.000 -0.000 -0.000 -0.000 -0.000 -0.000 -0.259 -0.325 -0.176 -0.108 0.000 0.000 0.000 0.000 0.000 0.000 0.000 0.000 0.000 0.000 0.000 0.000 0.000 0.000 0.000 0.000 0.000 0.000 0.000 0.000
0.000 0.000 0.000 0.000 0.000 0.000 0.000 0.000 0.000 -0.013 -0.011 -0.010 -0.008 -0.006 -0.003 -0.001 -0.001 -0.001 -0.002 -0.002 -0.002 -0.002 -0.002 -0.002 -0.002 -0.003 -0.003 -0.003 -0.003 -0.003 -0.003 -0.003 -0.004 -0.005 -0.003 -0.000 -0.000 -0.000 -0.001 -0.001 -0.000 -0.005 -0.010 -0.030 -0.000 -0.000 -0.000 -0.000 -0.000 -0.000 -0.000 -0.073 -0.159 -0.247 -0.118 0.000 0.000 0.000 0.000 0.000 0.000 0.000 0.000 0.000 0.000 0.000 0.000 0.000 0.000 0.000 0.000 0.000 0.000 0.000 0.000 0.000
0.000 0.000 0.000 0.000 0.000 0.000 0.000 0.000 0.000 -0.017 -0.015 -0.015 -0.014 -0.013 -0.011 -0.008 -0.005 -0.003 -0.002 -0.002 -0.002 -0.003 -0.003 -0.003 -0.002 -0.002 -0.002 -0.002 -0.003 -0.003 -0.003 -0.004 -0.004 -0.005 -0.008 -0.012 -0.012 -0.013 -0.014 -0.013 -0.012 -0.006 -0.011 -0.042 -0.023 -0.000 -0.000 -0.000 -0.000 -0.000 -0.117 -0.122 -0.135 -0.137 -0.085 0.000 0.000 0.000 0.000 0.000 0.000 0.000 0.000 0.000 0.000 0.000 0.000 0.000 0.000 0.000 0.000 0.000 0.000 0.000 0.000 0.000
0.000 0.000 0.000 0.000 0.000 0.000 0.000 0.000 0.000 0.000 -0.010 -0.014 -0.018 -0.018 -0.017 -0.016 -0.014 -0.011 -0.008 -0.006 -0.004 -0.003 -0.003 -0.004 -0.003 -0.003 -0.003 -0.003 -0.004 -0.006 -0.006 -0.004 -0.005 -0.005 -0.007 -0.008 -0.008 -0.008 -0.007 -0.006 -0.007 -0.009 -0.013 -0.023 -0.032 -0.000 -0.000 -0.000 -0.000 -0.086 -0.164 -0.139 -0.103 -0.079 0.000 0.000 0.000 0.000 0.000 0.000 0.000 0.000 0.000 0.000 0.000 0.000 0.000 0.000 0.000 0.000 0.000 0.000 0.000 0.000 0.000 0.000
0.000 0.000 0.000 0.000 0.000 0.000 0.000 0.000 0.000 0.000 0.000 -0.009 -0.018 -0.023 -0.023 -0.023 -0.022 -0.021 -0.018 -0.016 -0.014 -0.011 -0.009 -0.008 -0.007 -0.006 -0.006 -0.006 -0.005 -0.006 -0.006 -0.007 -0.007 -0.007 -0.007 -0.006 -0.006 -0.005 -0.007 -0.010 -0.011 -0.012 -0.014 -0.026 -0.009 -0.000 -0.000 -0.000 -0.054 -0.091 -0.152 -0.086 -0.063 0.000 0.000 0.000 0.000 0.000 0.000 0.000 0.000 0.000 0.000 0.000 0.000 0.000 0.000 0.000 0.000 0.000 0.000 0.000 0.000 0.000 0.000 0.000
0.000 0.000 0.000 0.000 0.000 0.000 0.000 0.000 0.000 0.000 0.000 0.000 -0.009 -0.013 -0.022 -0.027 -0.028 -0.028 -0.028 -0.027 -0.026 -0.023 -0.021 -0.020 -0.019 -0.018 -0.017 -0.015 -0.015 -0.013 -0.011 -0.010 -0.010 -0.010 -0.011 -0.013 -0.014 -0.015 -0.014 -0.013 -0.018 -0.021 -0.023 -0.037 -0.018 -0.000 -0.000 -0.072 -0.100 -0.094 -0.079 -0.049 0.000 0.000 0.000 0.000 0.000 0.000 0.000 0.000 0.000 0.000 0.000 0.000 0.000 0.000 0.000 0.000 0.000 0.000 0.000 0.000 0.000 0.000 0.000 0.000
0.000 0.000 0.000 0.000 0.000 0.000 0.000 0.000 0.000 0.000 0.000 0.000 0.000 0.000 -0.000 -0.005 -0.020 -0.025 -0.026 -0.029 -0.033 -0.034 -0.035 -0.034 -0.033 -0.032 -0.030 -0.027 -0.026 -0.025 -0.024 -0.023 -0.023 -0.024 -0.024 -0.025 -0.026 -0.029 -0.031 -0.033 -0.032 -0.031 -0.036 -0.047 -0.017 -0.000 -0.032 -0.081 -0.093 -0.054 -0.024 0.000 0.000 0.000 0.000 0.000 0.000 0.000 0.000 0.000 0.000 0.000 0.000 0.000 0.000 0.000 0.000 0.000 0.000 0.000 0.000 0.000 0.000 0.000 0.000 0.000
0.000 0.000 0.000 0.000 0.000 0.000 0.000 0.000 0.000 0.000 0.000 0.000 0.000 0.000 0.000 0.000 0.000 -0.012 -0.000 -0.010 -0.026 -0.030 -0.031 -0.031 -0.031 -0.035 -0.040 -0.041 -0.041 -0.041 -0.041 -0.040 -0.040 -0.040 -0.041 -0.041 -0.042 -0.043 -0.043 -0.043 -0.043 -0.046 -0.050 -0.036 -0.000 -0.000 -0.020 -0.041 -0.044 0.000 0.000 0.000 0.000 0.000 0.000 0.000 0.000 0.000 0.000 0.000 0.000 0.000 0.000 0.000 0.000 0.000 0.000 0.000 0.000 0.000 0.000 0.000 0.000 0.000 0.000 0.000
0.000 0.000 0.000 0.000 0.000 0.000 0.000 0.000 0.000 0.000 0.000 0.000 0.000 0.000 0.000 0.000 0.000 0.000 0.000 0.000 0.000 -0.017 -0.007 -0.001 -0.000 -0.013 -0.037 -0.042 -0.045 -0.045 -0.036 -0.027 -0.026 -0.027 -0.028 -0.028 -0.027 -0.025 -0.023 -0.020 -0.020 -0.025 -0.024 -0.010 -0.000 -0.000 -0.010 -0.021 0.000 0.000 0.000 0.000 0.000 0.000 0.000 0.000 0.000 0.000 0.000 0.000 0.000 0.000 0.000 0.000 0.000 0.000 0.000 0.000 0.000 0.000 0.000 0.000 0.000 0.000 0.000 0.000
0.000 0.000 0.000 0.000 0.000 0.000 0.000 0.000 0.000 0.000 0.000 0.000 0.000 0.000 0.000 0.000 0.000 0.000 0.000 0.000 0.000 0.000 0.000 0.000 0.000 0.000 0.000 0.000 0.000 0.000 0.000 0.000 0.000 0.000 0.000 0.000 0.000 0.000 0.000 0.000 0.000 0.000 -0.005 -0.000 -0.000 0.000 0.000 0.000 0.000 0.000 0.000 0.000 0.000 0.000 0.000 0.000 0.000 0.000 0.000 0.000 0.000 0.000 0.000 0.000 0.000 0.000 0.000 0.000 0.000 0.000 0.000 0.000 0.000 0.000 0.000 0.000
