avaframe/data/avaParabola/Avaflow_Input/prefix_pflow1_max.asc
ncols 250
nrows 100
xllcenter 997.50
yllcenter -4997.50
cellsize 20.00
NODATA_value -9999.000
[rows 32 to 63 of 100, columns 70 to 139 of 250]
0.000 0.000 0.000 0.000 0.000 0.000 0.000 0.000 0.000 0.000 0.000 0.000 0.000 0.000 0.000 0.000 595.966 0.000 1110.461 571.922 914.116 880.391 795.086 872.079 881.431 864.968 1020.175 961.529 1006.042 1071.055 1154.384 1224.101 1281.584 1331.417 1380.458 1431.980 1478.060 1522.456 1564.726 1604.996 1645.718 1686.244 1723.586 1764.693 1809.514 1878.161 2213.529 3302.740 1917.580 1337.037 2574.692 489.738 1293.084 578.872 436.733 569.559 650.950 545.575 258.008 148.217 120.111 0.000 0.000 0.000 0.000 0.000 0.000 0.000 0.000 0.000
0.000 0.000 0.000 0.000 0.000 0.000 0.000 0.000 0.000 0.000 0.000 0.000 0.000 1085.317 555.026 1099.784 1125.737 939.848 1019.259 1188.722 1029.095 1258.336 1239.436 1302.373 1385.823 1467.078 1548.193 1631.464 1709.625 1784.342 1862.692 1939.013 2008.633 2082.732 2149.888 2212.327 2279.520 2342.092 2403.945 2473.751 2544.290 2617.879 2709.406 2809.895 2915.289 3013.271 3186.602 4636.498 2479.990 1104.803 1579.935 1452.357 623.496 548.400 617.489 769.221 865.144 797.582 546.616 355.807 262.065 221.865 0.000 0.000 0.000 0.000 0.000 0.000 0.000 0.000
0.000 0.000 0.000 0.000 0.000 0.000 0.000 0.000 0.000 0.000 0.000 1005.809 608.423 1406.440 1308.114 1185.382 1194.398 1276.906 1366.657 1509.079 1651.290 1791.348 1934.380 2079.478 2219.129 2361.591 2504.019 2639.726 2777.410 2911.330 3051.881 3181.967 3312.626 3437.728 3557.975 3679.554 3796.461 3912.350 4038.201 4167.833 4301.614 4445.970 4589.958 4742.118 4869.390 4710.855 4559.494 6300.519 4242.352 2207.176 1570.690 1033.317 1004.667 634.935 813.032 987.893 1059.418 958.954 797.351 607.817 468.701 372.723 296.479 0.000 0.000 0.000 0.000 0.000 0.000 0.000
0.000 0.000 0.000 0.000 0.000 0.000 0.000 0.000 0.000 1095.707 595.568 1253.667 1245.677 1274.358 1376.071 1576.613 1805.732 2036.693 2269.849 2509.716 2752.736 3011.957 3288.541 3559.218 3828.772 4092.821 4348.789 4602.850 4849.856 5086.229 5322.133 5544.990 5758.080 5970.115 6170.727 6363.317 6557.855 6745.898 6927.514 7105.075 7280.137 7394.108 7470.597 7425.258 7259.691 7006.842 6704.241 7522.483 7323.211 4983.832 3003.174 1724.988 1303.188 1006.198 851.233 985.640 1090.395 1089.677 1072.960 858.511 671.139 558.640 442.368 321.584 0.000 0.000 0.000 0.000 0.000 0.000
0.000 0.000 0.000 0.000 0.000 0.000 0.000 0.000 1112.077 1253.064 1443.568 1505.991 1684.384 1966.597 2354.743 2761.167 3173.947 3592.085 4048.471 4514.628 4981.945 5447.789 5908.800 6369.712 6822.395 7266.054 7701.856 8129.521 8535.389 8931.532 9315.385 9654.322 9991.904 10283.004 10544.741 10807.682 11013.448 11180.699 11242.509 11265.233 11190.905 11137.864 10990.783 10775.909 10540.269 10366.658 10562.039 10772.810 11636.826 10062.911 7552.957 5340.241 4340.101 3717.798 2674.421 960.917 1040.754 1100.974 1125.559 1062.222 830.445 748.484 623.152 468.711 325.617 0.000 0.000 0.000 0.000 0.000
0.000 0.000 0.000 0.000 0.000 0.000 620.929 1118.040 1410.357 1609.172 1804.369 2368.475 3015.388 3723.671 4455.305 5193.089 5995.456 6808.065 7611.152 8368.984 9061.264 9791.121 10479.443 11154.007 11795.856 12396.859 12941.534 13492.588 13945.460 14411.874 14884.271 15248.662 15562.311 15831.022 16053.517 16240.571 16379.963 16478.885 16536.205 16552.248 16515.137 16428.521 16446.359 16720.650 16983.908 17249.967 17513.473 17754.812 18019.475 18177.393 15480.992 12892.735 11781.232 10945.388 8240.742 3678.865 1130.177 1313.333 1554.973 1161.396 1109.080 1137.275 833.388 650.627 450.118 250.289 0.000 0.000 0.000 0.000
0.000 0.000 0.000 0.000 0.000 621.532 1244.704 1723.590 2199.144 2669.253 3715.474 4927.732 5855.963 6897.987 7909.763 8929.884 9998.337 11072.998 12132.255 13170.827 14178.368 15164.043 16129.968 17057.924 17965.227 18843.758 19656.773 20468.342 21199.500 21872.193 22509.324 23084.965 23611.062 24056.760 24484.455 25044.363 25574.404 26061.613 26515.947 26955.725 27361.641 27762.008 28157.027 28516.770 28870.258 29213.873 29548.502 29880.447 30230.424 30498.305 28102.883 28281.439 27959.352 24218.389 17032.748 9061.272 3664.536 1228.686 1479.829 1366.173 1433.981 1524.895 1202.681 886.888 630.991 329.300 124.988 0.000 0.000 0.000
0.000 0.000 0.000 0.000 647.576 922.101 1965.124 3030.311 4083.693 5293.652 6623.985 8201.304 9899.752 11690.533 13389.802 15073.523 16816.105 18457.883 20145.666 21889.188 23743.252 25574.812 27367.119 29120.248 30813.566 32465.738 34045.000 35556.824 36977.008 38321.113 39553.184 40689.363 41742.902 42719.848 43601.141 44399.215 45138.715 45803.641 46415.152 47010.312 47553.062 48085.988 48564.582 49014.426 49450.238 49851.246 50240.535 50729.793 51835.613 58524.160 59318.047 54738.480 47723.863 38793.375 27869.223 17000.037 8336.889 3185.381 1388.227 1439.866 1525.082 1710.827 1483.975 1168.499 880.746 498.624 155.216 0.000 0.000 0.000
0.000 0.000 0.000 599.066 1300.880 2102.862 3644.011 6523.693 12970.521 13412.325 13459.536 16744.303 20473.949 24117.912 27744.588 31287.318 34648.043 37911.086 41129.355 44232.102 47269.281 50173.137 53020.957 55740.184 58406.102 60911.680 63337.562 65578.289 67719.883 69650.117 71458.914 73105.016 74619.242 76011.023 77329.406 78471.852 79530.953 80495.625 81469.930 82285.953 83052.398 83629.656 84188.805 86977.023 94871.891 103518.523 110956.156 109452.594 104839.164 97599.672 88163.125 77594.117 65272.273 52023.066 39359.133 26223.795 14983.822 7188.674 2182.783 1645.555 1727.157 1869.387 1732.089 1402.013 1105.378 724.401 324.393 139.130 0.000 0.000
0.000 0.000 558.340 856.890 2474.003 4601.104 11477.816 20779.789 24436.088 30277.992 38061.152 45586.391 52199.016 58622.137 64404.715 70060.867 75181.328 80218.891 84836.602 89340.883 93515.414 97519.617 101376.094 105021.547 108552.641 111861.656 115043.820 118040.320 120869.250 123415.492 125835.289 128147.156 130441.320 132520.453 134330.656 135958.719 137208.938 143769.328 153177.109 163567.750 172001.156 177798.891 182118.594 180234.375 177468.141 172940.609 166905.094 157256.922 143159.000 126236.867 108217.891 94004.523 79690.414 65704.367 51122.613 36058.102 23370.385 12735.519 5306.121 1554.530 1566.587 1796.429 1539.194 1129.003 864.964 613.362 366.571 167.834 60.208 0.000
0.000 0.000 764.546 1626.856 5706.770 130015.211 66097.781 69364.602 86777.461 100756.438 112509.938 123096.633 131771.656 139117.875 145678.312 152156.594 157857.953 163104.156 168241.281 172822.609 177273.078 181454.891 185494.844 189398.125 193024.156 196634.984 199999.969 203110.875 209971.031 222801.734 233130.031 246244.906 249471.625 264331.562 264569.344 273587.375 275325.781 272901.094 270992.938 268558.062 268257.938 265083.688 257721.859 250809.703 241789.297 228936.156 209211.438 187041.328 168389.531 146126.531 124472.078 108699.445 92928.148 76860.812 60068.551 44754.492 31149.057 19065.121 9277.097 2266.079 1325.140 1149.778 893.973 671.956 512.308 368.987 238.972 121.143 28.025 0.000
0.000 0.000 965.916 3374.248 52854.617 67904.438 123127.680 190488.734 235390.094 266353.938 282434.688 289792.031 293305.281 296237.250 299375.781 301549.500 303213.594 304573.844 306052.156 307618.625 309329.812 311115.031 312960.469 314717.188 324141.750 349798.875 356806.875 362057.719 367810.062 377987.250 378726.281 383571.656 388167.281 381918.844 381426.625 383073.188 383603.062 372926.062 358925.781 344378.000 333252.562 321377.469 307195.469 290622.781 269123.438 251011.672 230119.438 205117.625 177521.781 151651.734 131756.250 114608.500 99180.445 84026.742 67689.227 51620.715 37710.449 24930.869 13500.703 4801.908 994.616 760.717 581.265 444.627 335.526 241.905 160.148 91.138 47.336 0.000
0.000 540.227 1171.764 5555.583 66243.656 77772.945 155984.391 221945.172 277753.938 360668.531 402920.781 433762.188 440153.906 448571.938 454526.156 453813.000 457026.344 457549.906 457260.688 459781.906 460262.500 460155.688 458691.406 460630.469 479564.156 508948.438 495574.875 511928.844 492284.125 515923.906 492783.938 499391.219 504907.125 480145.062 459121.344 456672.656 456592.625 439463.062 403081.375 392030.938 371691.750 347101.250 326056.031 304590.969 282210.125 253083.203 228793.984 199345.359 175574.234 151426.734 133632.594 116544.141 101071.758 85504.109 70297.711 54585.355 40939.965 27969.910 16585.715 6303.179 734.343 548.810 408.994 306.575 228.437 164.695 111.905 68.815 36.156 0.000
0.000 563.061 1227.892 5673.425 77949.742 86528.734 178591.453 260877.766 327454.156 367987.406 445504.938 482648.594 516363.844 527120.938 529027.625 536854.188 541028.688 541930.250 542754.312 545306.500 547940.375 548116.250 547633.938 548788.188 558501.125 589800.688 582043.750 600454.250 560427.625 595561.938 561542.125 554809.500 572282.562 534108.938 515205.219 497014.250 486185.250 461277.219 430993.406 411534.500 386609.781 357415.719 326873.219 298002.438 272989.656 246811.062 218225.484 194272.656 169984.922 146631.562 131153.469 116550.984 101913.898 86375.031 70748.008 56178.246 41724.770 29185.676 17721.812 6537.483 753.706 324.026 226.933 161.047 115.488 82.252 57.823 36.938 21.130 0.000
0.000 570.695 1248.845 5684.964 77988.125 87975.508 183974.375 273206.250 348767.656 397726.875 445340.000 515227.969 548480.750 556873.875 580247.312 589262.188 593196.750 598954.250 597875.375 602717.188 602833.312 604783.500 606563.625 604865.500 616156.750 627955.688 638957.750 650088.250 607958.250 638841.500 608251.938 598461.750 607615.375 560078.938 558553.625 530152.375 498935.125 466345.688 448284.000 417131.719 379349.688 343270.031 315539.938 289373.438 257554.547 234402.453 209718.750 185931.891 162480.141 146839.062 130885.977 114667.281 98212.125 82460.586 67338.602 53813.316 39678.211 27922.332 16275.795 5856.485 581.239 84.635 46.513 27.088 16.942 11.327 8.078 5.594 3.798 0.000
0.000 572.986 1255.801 5685.900 77988.219 88112.609 184761.734 275800.438 354040.375 407652.656 457869.094 525900.062 562716.000 576330.500 589818.938 599081.750 606772.000 610709.250 614900.250 618735.062 622539.312 628306.812 629832.438 635091.188 644470.438 660864.562 672729.688 676250.250 646637.125 662326.125 644496.875 635544.625 607691.188 599204.188 577437.250 528216.938 501777.188 477423.906 430584.594 398959.594 364379.531 333702.062 303193.562 273134.344 246429.125 223542.078 200627.266 177791.469 153765.562 136350.000 121419.055 105130.227 90538.242 77557.891 63549.848 49195.445 36680.793 24746.430 14467.108 5245.488 444.149 3.322 0.514 0.479 0.192 0.024 0.159 0.098 0.008 0.000
0.000 574.065 1258.325 5685.930 77988.219 88118.289 184839.234 276171.062 354382.875 409796.781 461709.344 525706.188 565837.125 579265.062 592278.688 601561.625 610139.375 613867.000 618920.062 622281.688 627336.375 632342.812 635247.312 640058.250 656746.750 680008.062 693437.000 693219.125 675517.375 659283.688 666691.438 635107.812 635092.188 607643.875 565495.500 536035.312 488058.062 455317.219 415457.594 380118.406 346115.094 319328.156 288465.094 262118.625 236986.219 214643.828 192149.766 169421.750 148163.719 132512.453 116969.102 101191.688 86630.406 73251.094 59487.180 46228.012 35377.871 23107.768 13434.523 4503.524 248.486 8.631 7.331 5.114 3.488 2.286 1.422 1.090 0.356 0.000
0.000 575.037 1259.117 5685.933 77988.219 88118.367 184842.734 276201.125 354251.156 409994.188 462465.281 525677.312 565734.750 579266.875 592272.312 601525.625 610021.688 613771.125 618449.250 622172.125 626545.188 632310.375 634528.375 640673.375 663334.500 686178.750 701102.375 690041.312 676896.500 689185.125 661894.062 661040.812 621758.500 594141.438 549239.375 515777.625 477279.812 431893.062 399365.156 364609.438 334042.906 309668.219 275006.625 252374.828 228602.516 206544.719 184181.859 162091.219 140687.469 128260.820 113664.742 98608.500 83880.594 69625.562 57116.684 45450.449 32776.535 21932.361 12176.810 3924.455 181.339 120.246 84.213 61.327 45.879 31.356 21.897 13.556 8.557 0.000
0.000 575.393 1258.507 5686.042 77988.219 88118.289 184838.984 276169.625 354380.969 409801.625 462466.719 525697.938 565731.625 576200.375 589694.312 598920.312 605735.250 610134.625 615369.562 617818.312 623223.750 626439.000 631147.688 637738.812 663365.125 687936.938 691429.438 670011.000 675229.625 660579.938 660002.562 628463.812 592825.938 561560.750 526782.625 482241.500 460079.656 412311.281 379931.250 356547.969 323326.688 299493.844 264090.781 246555.031 222600.312 199280.719 177198.438 155795.516 132530.703 121744.930 109016.336 94117.383 79263.727 65300.691 52905.602 41536.672 30296.166 20803.623 10845.705 3082.848 407.361 315.013 247.563 192.016 146.612 105.318 68.950 38.850 20.392 0.000
0.000 573.433 1253.179 5686.897 77988.133 88111.523 184756.578 275795.344 354069.312 407779.750 461744.781 525758.375 561896.438 570996.688 578844.438 588066.562 597842.438 599774.812 604885.000 605583.500 612442.188 612430.812 615382.688 628793.188 657759.625 676806.625 660965.500 651276.625 627676.750 621068.125 601724.938 584685.688 553191.062 518485.625 489155.094 451802.312 431084.438 391866.062 366453.781 339819.562 315782.750 290581.188 261333.953 243889.094 215757.000 194127.078 170946.000 150158.891 127432.195 116657.742 102974.078 88779.820 74015.398 59828.656 48484.242 37379.203 27312.791 19085.158 9017.212 2216.448 609.881 494.425 398.526 310.097 241.216 172.972 114.910 69.838 35.027 0.000
0.000 559.832 1235.849 5688.311 77949.219 87956.039 183961.312 273354.531 349310.688 399225.750 458279.656 515172.531 538380.188 554332.375 554878.375 566729.562 569490.375 566689.812 569827.188 570142.062 565905.812 565621.125 571925.938 613417.312 638206.938 637214.250 619222.375 599697.625 581970.625 577657.688 564520.438 544282.750 516817.500 487374.094 465519.656 424601.500 404788.062 367614.469 347444.438 321986.375 303826.875 277738.750 261283.391 236829.625 212088.484 187897.812 165240.531 145040.562 123017.094 109563.117 95262.539 81253.312 66989.922 54913.320 44727.078 35144.293 25175.029 15622.621 7411.852 1174.656 887.620 768.266 584.767 441.073 340.314 247.489 167.391 94.625 47.918 0.000
0.000 0.000 1174.859 5645.234 76300.445 86462.383 179118.500 262949.719 332755.188 390561.312 447287.375 481436.281 483183.219 490874.344 495430.531 498537.000 496932.125 498665.469 500345.031 498976.094 496985.188 496378.781 523342.594 572794.875 604384.938 586974.375 574162.438 557849.125 544252.500 535806.938 519144.969 490203.469 462106.094 453279.594 409240.844 394314.625 362563.250 348585.750 322470.500 304797.906 284745.344 267079.375 250334.703 225233.281 207757.109 183833.469 162428.766 139361.203 118759.766 98875.711 85839.281 73492.172 61745.672 51377.473 41554.898 30790.158 21190.908 12118.573 4900.372 1250.122 1304.153 1225.765 910.459 676.300 519.594 379.437 244.372 127.231 38.103 0.000
0.000 0.000 1030.206 4966.636 62553.531 78949.703 161480.109 236109.688 301060.156 348259.938 372483.531 378904.625 378707.188 381421.438 382604.531 383384.188 383054.531 383567.125 383627.188 382304.375 379431.469 391724.188 428505.250 503763.656 516069.969 498852.438 492670.281 484425.188 475040.312 466038.969 446119.031 425002.531 417121.031 386457.281 365134.250 350464.031 326853.375 317307.688 297486.281 281532.125 266621.344 248293.375 229859.828 217538.406 194252.297 179910.938 156754.391 135724.891 113923.547 90638.281 79083.023 67313.688 55545.699 45689.246 34902.125 25874.631 16942.004 9285.353 2683.791 1461.809 1690.967 1775.116 1370.435 1096.316 750.503 555.025 354.648 161.985 52.101 0.000
0.000 0.000 641.477 2431.735 17731.836 69636.242 120025.922 149597.391 170508.578 183141.891 193111.484 202682.484 211506.250 219181.094 226123.250 232211.469 237092.734 242198.391 246872.844 252970.547 260397.094 265981.719 268054.469 289198.062 330603.750 369622.781 373895.281 380172.594 383623.281 384145.406 373792.531 360980.125 348580.438 328684.344 315949.781 301606.406 288928.938 279837.125 265698.312 252538.562 241223.109 226267.797 213309.547 198102.297 185584.859 164889.375 151064.812 130151.133 109474.461 84687.836 70303.375 59316.332 48406.309 39219.617 29366.199 20947.447 13391.700 6161.766 1267.251 1401.027 1639.542 1940.499 1770.736 1386.883 1114.755 693.673 399.069 94.063 0.000 0.000
0.000 0.000 0.000 1218.652 3292.733 18497.471 39182.016 46501.676 60045.195 74414.531 87358.680 99051.906 109213.797 117868.445 125485.680 132627.531 138657.969 144488.234 149820.422 155516.469 161262.875 167814.719 172831.047 175852.156 176574.000 184662.516 210677.812 237881.547 265506.281 280522.156 283187.469 283105.312 277831.750 270095.125 263363.219 252880.047 243600.250 234715.375 225970.859 220047.719 213161.859 201789.078 190501.859 180137.578 164698.047 153347.859 137438.438 120444.172 102325.586 80048.117 61247.266 50681.168 40352.188 31646.576 23059.539 16233.312 9859.194 3435.550 1586.648 1438.406 1559.201 1763.079 1549.646 1185.995 1070.761 568.824 281.431 90.791 0.000 0.000
0.000 0.000 0.000 0.000 1347.446 3298.833 10462.021 17419.391 22803.494 30459.639 38712.199 46417.020 53389.816 59856.047 65802.898 71243.328 76158.023 80662.492 85057.039 89181.812 93604.328 98088.352 102874.344 107230.195 110787.469 113198.391 114528.023 114779.961 127724.891 145667.688 165550.297 185628.484 201423.469 201581.594 202381.594 198659.438 195652.375 191099.094 187789.219 181930.812 177101.875 170510.297 162835.672 156648.500 146164.172 134832.203 121681.430 108287.320 92017.445 73331.461 52237.992 42193.645 32714.191 24549.188 17529.088 11338.104 5383.486 2723.590 1489.971 1353.088 1456.108 1632.591 1378.357 885.269 669.936 405.421 99.314 0.000 0.000 0.000
0.000 0.000 0.000 0.000 614.332 1341.189 2862.543 5941.977 10646.158 14847.699 18144.455 21498.561 25083.096 29071.572 32943.582 36575.043 39958.477 43101.852 46002.023 48870.836 51737.430 54806.988 57938.543 61198.965 64358.352 67328.859 70042.977 72415.398 74265.711 75499.945 76193.148 87094.516 99626.883 112499.219 125814.180 138192.578 141984.859 143376.266 143213.438 142432.062 139106.188 137186.828 133139.484 129076.664 122646.445 113394.203 105086.875 93699.938 80395.727 64954.254 43584.051 33822.223 25412.660 17736.400 11675.999 6192.710 1958.683 1133.721 1319.293 1367.873 1202.740 1356.009 1371.761 836.937 543.988 245.493 81.654 0.000 0.000 0.000
0.000 0.000 0.000 0.000 0.000 589.285 1189.281 2263.147 4001.741 6465.700 9233.850 11729.645 14006.440 15963.234 17855.137 19703.186 21725.891 23627.094 25537.998 27219.346 28800.338 30379.602 31998.342 33547.711 35432.133 37631.398 39798.109 41946.352 43975.590 45853.461 47510.609 48976.434 50208.512 51150.879 57269.434 65187.594 73213.703 81606.617 89723.969 96679.875 99475.523 100738.766 99666.273 97897.102 96266.867 92932.352 87304.156 78685.500 68310.031 56616.941 39117.844 26713.674 18804.875 11839.007 9394.859 3489.807 1137.157 1029.241 1189.643 1424.490 1234.529 1114.380 1008.847 645.811 302.371 107.501 0.000 0.000 0.000 0.000
0.000 0.000 0.000 0.000 0.000 0.000 0.000 947.276 1657.779 2656.863 3942.675 5454.157 7087.309 8743.426 10262.441 11713.317 13219.156 14441.673 15634.763 16711.586 17736.494 18717.131 19647.664 20665.168 21581.686 22534.654 23481.668 24483.613 25504.457 26681.857 27883.859 29317.311 30674.281 31887.525 32920.664 33857.660 34584.332 36405.797 41510.164 46679.242 51939.660 57118.938 62180.633 66400.047 67274.688 66955.539 65410.410 62528.152 56180.461 46202.230 32644.787 19841.893 12896.810 6615.834 2524.446 885.047 1213.800 1189.479 1052.750 1390.577 1321.898 940.291 664.842 424.514 140.228 0.000 0.000 0.000 0.000 0.000
0.000 0.000 0.000 0.000 0.000 0.000 0.000 0.000 680.131 1126.708 1721.777 2438.534 3224.247 4097.586 5017.516 5952.545 6887.770 7773.761 8630.583 9475.985 10301.556 11114.387 11926.686 12700.251 13498.846 14215.125 14964.203 15686.531 16422.941 17136.875 17872.771 18615.732 19218.979 19715.398 20083.180 20552.254 21062.912 21711.508 22316.607 22790.992 23267.205 25551.770 28822.916 32143.893 35507.312 38891.625 42064.051 41029.543 38626.488 32551.416 22354.857 13090.266 7137.930 2450.477 829.669 1198.353 1341.195 1083.281 1003.568 1145.612 1107.048 728.829 541.341 300.727 94.601 0.000 0.000 0.000 0.000 0.000
0.000 0.000 0.000 0.000 0.000 0.000 0.000 0.000 0.000 0.000 690.259 1045.181 1462.058 1915.937 2387.632 2846.404 3354.476 3875.540 4395.198 4902.407 5396.205 5878.884 6339.101 6798.685 7275.683 7770.122 8278.988 8808.609 9363.068 9942.317 10504.261 11101.872 11651.267 12144.676 12503.744 12973.845 13236.207 13625.229 13771.082 14044.846 14192.825 14299.817 14484.258 14958.795 15648.932 17450.770 19541.812 21817.094 22372.574 19156.512 11432.404 7194.280 2791.709 760.648 1020.737 952.305 1083.143 1046.451 1011.336 956.382 729.294 554.949 345.920 125.410 0.000 0.000 0.000 0.000 0.000 0.000
0.000 0.000 0.000 0.000 0.000 0.000 0.000 0.000 0.000 0.000 0.000 0.000 568.524 769.475 1027.162 1312.859 1600.210 1886.352 2163.539 2429.704 2670.721 2962.292 3256.764 3549.427 3842.032 4135.423 4429.345 4724.728 5023.087 5325.462 5634.602 5955.288 6285.654 6619.943 6965.234 7320.810 7683.696 7994.265 8265.045 8593.566 8729.996 8910.594 8980.608 8928.422 8840.123 9203.530 9280.070 13116.753 13321.549 10159.524 5860.492 3048.747 2923.618 575.451 734.701 966.239 1015.081 960.043 925.105 733.262 541.425 346.235 128.403 0.000 0.000 0.000 0.000 0.000 0.000 0.000
