avaframe/data/avaParabola/Avaflow_Input/prefix_hflow0006.asc
ncols 250
nrows 100
xllcenter 997.50
yllcenter -4997.50
cellsize 20.00
NODATA_value -9999.000
[rows 34 to 67 of 100, columns 77 to 153 of 250]
0.000 0.001 0.001 0.001 0.000 0.001 0.001 0.001 0.001 0.001 0.001 0.001 0.002 0.002 0.002 0.002 0.002 0.002 0.003 0.003 0.003 0.003 0.003 0.003 0.003 0.003 0.003 0.003 0.003 0.003 0.003 0.003 0.003 0.002 0.002 0.002 0.002 0.002 0.001 0.001 0.001 0.001 0.001 0.000 0.001 0.000 0.000 0.000 0.000 0.000 0.000 0.000 0.000 0.000 0.000 0.000 0.000 0.000 0.000 0.000 0.000 0.000 0.000 0.000 0.000 0.000 0.000 0.000 0.000 0.000 0.000 0.000 0.000 0.000 0.000 0.000 0.000
0.001 0.001 0.000 0.000 0.001 0.001 0.001 0.001 0.001 0.001 0.002 0.002 0.002 0.002 0.003 0.003 0.003 0.004 0.004 0.004 0.005 0.005 0.005 0.005 0.006 0.006 0.006 0.006 0.006 0.006 0.006 0.006 0.006 0.005 0.005 0.005 0.005 0.004 0.004 0.003 0.003 0.003 0.002 0.002 0.002 0.001 0.001 0.000 0.000 0.000 0.000 0.000 0.000 0.000 0.000 0.000 0.000 0.000 0.000 0.000 0.000 0.000 0.000 0.000 0.000 0.000 0.000 0.000 0.000 0.000 0.000 0.000 0.000 0.000 0.000 0.000 0.000
0.001 0.000 0.000 0.000 0.001 0.001 0.001 0.001 0.002 0.002 0.002 0.003 0.003 0.004 0.004 0.005 0.005 0.006 0.006 0.007 0.007 0.008 0.009 0.009 0.010 0.010 0.011 0.011 0.011 0.012 0.012 0.012 0.012 0.012 0.011 0.011 0.010 0.010 0.009 0.009 0.008 0.007 0.006 0.006 0.005 0.005 0.004 0.003 0.002 0.000 0.000 0.000 0.000 0.000 0.000 0.000 0.000 0.000 0.000 0.000 0.000 0.000 0.000 0.000 0.000 0.000 0.000 0.000 0.000 0.000 0.000 0.000 0.000 0.000 0.000 0.000 0.000
0.000 0.000 0.000 0.001 0.001 0.001 0.001 0.002 0.002 0.003 0.003 0.004 0.005 0.005 0.006 0.007 0.008 0.009 0.010 0.011 0.012 0.013 0.014 0.015 0.016 0.017 0.018 0.019 0.019 0.020 0.021 0.021 0.022 0.022 0.022 0.022 0.021 0.021 0.020 0.020 0.019 0.018 0.016 0.015 0.015 0.014 0.014 0.013 0.009 0.003 0.000 0.000 0.000 0.000 0.000 0.000 0.000 0.000 0.000 0.000 0.000 0.000 0.000 0.000 0.000 0.000 0.000 0.000 0.000 0.000 0.000 0.000 0.000 0.000 0.000 0.000 0.000
0.000 0.000 0.001 0.001 0.001 0.002 0.002 0.003 0.003 0.004 0.005 0.006 0.007 0.008 0.009 0.010 0.011 0.013 0.014 0.015 0.017 0.019 0.020 0.022 0.024 0.026 0.028 0.029 0.031 0.033 0.034 0.036 0.037 0.038 0.039 0.039 0.040 0.040 0.040 0.040 0.039 0.038 0.036 0.035 0.035 0.038 0.043 0.044 0.037 0.015 0.003 0.000 0.000 0.000 0.000 0.000 0.000 0.000 0.000 0.000 0.000 0.000 0.000 0.000 0.000 0.000 0.000 0.000 0.000 0.000 0.000 0.000 0.000 0.000 0.000 0.000 0.000
0.000 0.001 0.001 0.001 0.002 0.002 0.003 0.004 0.004 0.005 0.006 0.008 0.009 0.010 0.012 0.014 0.015 0.017 0.019 0.022 0.024 0.026 0.029 0.032 0.034 0.037 0.040 0.043 0.046 0.049 0.052 0.055 0.058 0.060 0.063 0.065 0.067 0.069 0.070 0.071 0.071 0.072 0.071 0.072 0.074 0.085 0.110 0.118 0.109 0.059 0.012 0.001 0.000 0.000 0.000 0.000 0.000 0.000 0.000 0.000 0.000 0.000 0.000 0.000 0.000 0.000 0.000 0.000 0.000 0.000 0.000 0.000 0.000 0.000 0.000 0.000 0.000
0.001 0.001 0.001 0.002 0.002 0.003 0.004 0.005 0.006 0.007 0.009 0.010 0.012 0.014 0.016 0.018 0.021 0.023 0.026 0.029 0.032 0.036 0.039 0.043 0.047 0.051 0.055 0.060 0.064 0.069 0.073 0.078 0.083 0.088 0.092 0.097 0.101 0.106 0.110 0.113 0.116 0.119 0.123 0.126 0.133 0.166 0.236 0.263 0.255 0.171 0.045 0.005 0.000 0.000 0.000 0.000 0.000 0.000 0.000 0.000 0.000 0.000 0.000 0.000 0.000 0.000 0.000 0.000 0.000 0.000 0.000 0.000 0.000 0.000 0.000 0.000 0.000
0.001 0.001 0.002 0.002 0.003 0.004 0.005 0.006 0.008 0.009 0.011 0.013 0.015 0.017 0.020 0.023 0.026 0.029 0.032 0.036 0.040 0.044 0.048 0.053 0.057 0.062 0.067 0.073 0.078 0.084 0.090 0.096 0.102 0.109 0.115 0.122 0.129 0.135 0.142 0.149 0.155 0.162 0.169 0.180 0.203 0.284 0.432 0.491 0.488 0.378 0.124 0.015 0.001 0.000 0.000 0.000 0.000 0.000 0.000 0.000 0.000 0.000 0.000 0.000 0.000 0.000 0.000 0.000 0.000 0.000 0.000 0.000 0.000 0.000 0.000 0.000 0.000
0.001 0.002 0.002 0.003 0.004 0.005 0.006 0.008 0.009 0.011 0.013 0.015 0.018 0.020 0.023 0.026 0.030 0.033 0.037 0.041 0.045 0.050 0.055 0.060 0.065 0.071 0.076 0.082 0.088 0.095 0.101 0.108 0.116 0.123 0.131 0.139 0.147 0.155 0.164 0.172 0.181 0.190 0.200 0.216 0.267 0.448 0.691 0.788 0.793 0.671 0.275 0.037 0.002 0.000 0.000 0.000 0.000 0.000 0.000 0.000 0.000 0.000 0.000 0.000 0.000 0.000 0.000 0.000 0.000 0.000 0.000 0.000 0.000 0.000 0.000 0.000 0.000
0.001 0.002 0.003 0.004 0.005 0.006 0.007 0.009 0.010 0.012 0.014 0.017 0.019 0.022 0.025 0.029 0.032 0.036 0.040 0.045 0.050 0.054 0.060 0.065 0.071 0.077 0.083 0.089 0.096 0.103 0.110 0.117 0.125 0.133 0.141 0.150 0.159 0.168 0.178 0.188 0.198 0.208 0.219 0.245 0.345 0.654 0.936 1.048 1.057 0.924 0.438 0.062 0.003 0.000 0.000 0.000 0.000 0.000 0.000 0.000 0.000 0.000 0.000 0.000 0.000 0.000 0.000 0.000 0.000 0.000 0.000 0.000 0.000 0.000 0.000 0.000 0.000
0.001 0.002 0.003 0.004 0.005 0.006 0.008 0.009 0.011 0.013 0.015 0.018 0.021 0.024 0.027 0.031 0.034 0.039 0.043 0.047 0.052 0.057 0.063 0.068 0.074 0.081 0.087 0.094 0.101 0.108 0.116 0.123 0.131 0.140 0.148 0.157 0.166 0.176 0.187 0.197 0.208 0.219 0.233 0.275 0.462 0.870 1.142 1.262 1.267 1.084 0.528 0.073 0.003 0.000 0.000 0.000 0.000 0.000 0.000 0.000 0.000 0.000 0.000 0.000 0.000 0.000 0.000 0.000 0.000 0.000 0.000 0.000 0.000 0.000 0.000 0.000 0.000
0.002 0.002 0.003 0.004 0.005 0.006 0.008 0.010 0.012 0.014 0.016 0.019 0.022 0.025 0.028 0.032 0.036 0.040 0.044 0.049 0.054 0.059 0.065 0.071 0.077 0.083 0.090 0.097 0.104 0.111 0.119 0.127 0.136 0.144 0.152 0.161 0.171 0.181 0.192 0.203 0.215 0.226 0.244 0.322 0.630 1.071 1.329 1.440 1.431 1.174 0.544 0.071 0.003 0.000 0.000 0.000 0.000 0.000 0.000 0.000 0.000 0.000 0.000 0.000 0.000 0.000 0.000 0.000 0.000 0.000 0.000 0.000 0.000 0.000 0.000 0.000 0.000
0.002 0.003 0.003 0.004 0.005 0.007 0.008 0.010 0.012 0.014 0.017 0.019 0.022 0.025 0.029 0.033 0.037 0.041 0.045 0.050 0.055 0.061 0.066 0.072 0.078 0.085 0.092 0.099 0.106 0.114 0.121 0.130 0.138 0.146 0.155 0.164 0.174 0.185 0.196 0.207 0.218 0.230 0.258 0.398 0.822 1.247 1.498 1.589 1.547 1.223 0.504 0.058 0.003 0.000 0.000 0.000 0.000 0.000 0.000 0.000 0.000 0.000 0.000 0.000 0.000 0.000 0.000 0.000 0.000 0.000 0.000 0.000 0.000 0.000 0.000 0.000 0.000
0.002 0.003 0.004 0.004 0.006 0.007 0.008 0.010 0.012 0.014 0.017 0.020 0.023 0.026 0.029 0.033 0.037 0.041 0.046 0.051 0.056 0.061 0.067 0.073 0.079 0.086 0.093 0.100 0.107 0.115 0.123 0.131 0.139 0.148 0.157 0.167 0.177 0.187 0.198 0.209 0.220 0.233 0.280 0.505 1.005 1.404 1.630 1.703 1.600 1.200 0.399 0.035 0.001 0.000 0.000 0.000 0.000 0.000 0.000 0.000 0.000 0.000 0.000 0.000 0.000 0.000 0.000 0.000 0.000 0.000 0.000 0.000 0.000 0.000 0.000 0.000 0.000
0.002 0.003 0.004 0.005 0.006 0.007 0.008 0.010 0.012 0.015 0.017 0.020 0.023 0.026 0.030 0.033 0.037 0.042 0.046 0.051 0.056 0.062 0.067 0.073 0.080 0.086 0.093 0.100 0.108 0.116 0.123 0.131 0.140 0.149 0.158 0.168 0.178 0.188 0.199 0.209 0.220 0.237 0.313 0.633 1.155 1.533 1.726 1.772 1.610 1.085 0.255 0.017 0.001 0.000 0.000 0.000 0.000 0.000 0.000 0.000 0.000 0.000 0.000 0.000 0.000 0.000 0.000 0.000 0.000 0.000 0.000 0.000 0.000 0.000 0.000 0.000 0.000
0.002 0.003 0.004 0.005 0.006 0.007 0.009 0.010 0.012 0.015 0.017 0.020 0.023 0.026 0.030 0.033 0.038 0.042 0.046 0.051 0.057 0.062 0.068 0.074 0.080 0.087 0.094 0.101 0.108 0.116 0.124 0.132 0.140 0.150 0.160 0.169 0.179 0.188 0.198 0.209 0.221 0.243 0.359 0.766 1.277 1.629 1.789 1.790 1.570 0.860 0.129 0.007 0.000 0.000 0.000 0.000 0.000 0.000 0.000 0.000 0.000 0.000 0.000 0.000 0.000 0.000 0.000 0.000 0.000 0.000 0.000 0.000 0.000 0.000 0.000 0.000 0.000
0.002 0.003 0.004 0.005 0.006 0.007 0.009 0.010 0.012 0.015 0.017 0.020 0.023 0.026 0.030 0.033 0.038 0.042 0.046 0.051 0.057 0.062 0.068 0.074 0.080 0.087 0.094 0.101 0.108 0.116 0.124 0.132 0.141 0.151 0.160 0.170 0.179 0.188 0.198 0.209 0.222 0.254 0.419 0.889 1.380 1.695 1.817 1.773 1.442 0.553 0.053 0.003 0.000 0.000 0.000 0.000 0.000 0.000 0.000 0.000 0.000 0.000 0.000 0.000 0.000 0.000 0.000 0.000 0.000 0.000 0.000 0.000 0.000 0.000 0.000 0.000 0.000
0.002 0.003 0.004 0.005 0.006 0.007 0.009 0.010 0.012 0.015 0.017 0.020 0.023 0.026 0.030 0.033 0.038 0.042 0.047 0.051 0.057 0.062 0.068 0.074 0.080 0.087 0.094 0.101 0.108 0.116 0.124 0.133 0.142 0.151 0.160 0.169 0.177 0.187 0.198 0.210 0.224 0.270 0.491 1.006 1.464 1.735 1.804 1.727 1.143 0.254 0.018 0.001 0.000 0.000 0.000 0.000 0.000 0.000 0.000 0.000 0.000 0.000 0.000 0.000 0.000 0.000 0.000 0.000 0.000 0.000 0.000 0.000 0.000 0.000 0.000 0.000 0.000
0.002 0.003 0.004 0.005 0.006 0.007 0.009 0.010 0.012 0.015 0.017 0.020 0.023 0.026 0.030 0.033 0.038 0.042 0.046 0.051 0.057 0.062 0.068 0.074 0.080 0.087 0.094 0.101 0.108 0.116 0.124 0.133 0.142 0.151 0.159 0.167 0.176 0.187 0.199 0.212 0.228 0.292 0.575 1.117 1.519 1.733 1.765 1.560 0.698 0.087 0.005 0.000 0.000 0.000 0.000 0.000 0.000 0.000 0.000 0.000 0.000 0.000 0.000 0.000 0.000 0.000 0.000 0.000 0.000 0.000 0.000 0.000 0.000 0.000 0.000 0.000 0.000
0.002 0.003 0.004 0.004 0.006 0.007 0.008 0.010 0.012 0.015 0.017 0.020 0.023 0.026 0.030 0.033 0.037 0.042 0.046 0.051 0.056 0.062 0.068 0.074 0.080 0.086 0.093 0.100 0.108 0.116 0.125 0.134 0.142 0.149 0.156 0.165 0.176 0.190 0.203 0.214 0.232 0.321 0.685 1.219 1.551 1.687 1.681 1.131 0.275 0.024 0.001 0.000 0.000 0.000 0.000 0.000 0.000 0.000 0.000 0.000 0.000 0.000 0.000 0.000 0.000 0.000 0.000 0.000 0.000 0.000 0.000 0.000 0.000 0.000 0.000 0.000 0.000
0.002 0.003 0.003 0.004 0.006 0.007 0.008 0.010 0.012 0.014 0.017 0.020 0.023 0.026 0.029 0.033 0.037 0.041 0.046 0.051 0.056 0.061 0.067 0.073 0.079 0.086 0.093 0.100 0.108 0.116 0.125 0.132 0.139 0.146 0.155 0.166 0.181 0.195 0.205 0.214 0.234 0.364 0.820 1.288 1.528 1.604 1.351 0.552 0.076 0.006 0.000 0.000 0.000 0.000 0.000 0.000 0.000 0.000 0.000 0.000 0.000 0.000 0.000 0.000 0.000 0.000 0.000 0.000 0.000 0.000 0.000 0.000 0.000 0.000 0.000 0.000 0.000
0.002 0.002 0.003 0.004 0.005 0.007 0.008 0.010 0.012 0.014 0.017 0.019 0.022 0.025 0.029 0.033 0.037 0.041 0.045 0.050 0.055 0.061 0.066 0.072 0.079 0.085 0.092 0.099 0.107 0.116 0.123 0.129 0.136 0.145 0.157 0.172 0.186 0.196 0.202 0.208 0.244 0.460 0.955 1.303 1.452 1.351 0.749 0.161 0.016 0.001 0.000 0.000 0.000 0.000 0.000 0.000 0.000 0.000 0.000 0.000 0.000 0.000 0.000 0.000 0.000 0.000 0.000 0.000 0.000 0.000 0.000 0.000 0.000 0.000 0.000 0.000 0.000
0.001 0.002 0.003 0.004 0.005 0.006 0.008 0.010 0.012 0.014 0.016 0.019 0.022 0.025 0.028 0.032 0.036 0.040 0.044 0.049 0.054 0.060 0.065 0.071 0.077 0.084 0.091 0.098 0.106 0.113 0.119 0.126 0.135 0.148 0.163 0.177 0.185 0.189 0.189 0.200 0.290 0.607 1.028 1.238 1.220 0.779 0.229 0.032 0.003 0.000 0.000 0.000 0.000 0.000 0.000 0.000 0.000 0.000 0.000 0.000 0.000 0.000 0.000 0.000 0.000 0.000 0.000 0.000 0.000 0.000 0.000 0.000 0.000 0.000 0.000 0.000 0.000
0.001 0.002 0.003 0.004 0.005 0.006 0.007 0.009 0.011 0.013 0.015 0.018 0.021 0.024 0.027 0.031 0.034 0.039 0.043 0.048 0.053 0.058 0.063 0.069 0.075 0.082 0.089 0.096 0.103 0.109 0.115 0.124 0.137 0.154 0.165 0.172 0.170 0.168 0.173 0.219 0.388 0.727 0.969 0.990 0.687 0.242 0.045 0.005 0.000 0.000 0.000 0.000 0.000 0.000 0.000 0.000 0.000 0.000 0.000 0.000 0.000 0.000 0.000 0.000 0.000 0.000 0.000 0.000 0.000 0.000 0.000 0.000 0.000 0.000 0.000 0.000 0.000
0.001 0.001 0.002 0.003 0.004 0.005 0.007 0.008 0.010 0.012 0.014 0.017 0.019 0.022 0.025 0.029 0.032 0.036 0.041 0.045 0.050 0.055 0.060 0.066 0.072 0.078 0.084 0.091 0.097 0.103 0.112 0.126 0.140 0.151 0.152 0.147 0.143 0.148 0.177 0.271 0.481 0.689 0.706 0.507 0.204 0.046 0.007 0.001 0.000 0.000 0.000 0.000 0.000 0.000 0.000 0.000 0.000 0.000 0.000 0.000 0.000 0.000 0.000 0.000 0.000 0.000 0.000 0.000 0.000 0.000 0.000 0.000 0.000 0.000 0.000 0.000 0.000
0.001 0.001 0.002 0.002 0.003 0.004 0.006 0.007 0.009 0.010 0.013 0.015 0.017 0.020 0.023 0.026 0.030 0.033 0.037 0.042 0.046 0.051 0.056 0.061 0.066 0.072 0.077 0.083 0.089 0.098 0.110 0.122 0.129 0.125 0.118 0.114 0.120 0.141 0.197 0.312 0.444 0.444 0.309 0.138 0.036 0.007 0.001 0.000 0.000 0.000 0.000 0.000 0.000 0.000 0.000 0.000 0.000 0.000 0.000 0.000 0.000 0.000 0.000 0.000 0.000 0.000 0.000 0.000 0.000 0.000 0.000 0.000 0.000 0.000 0.000 0.000 0.000
0.001 0.001 0.001 0.002 0.002 0.003 0.004 0.006 0.007 0.009 0.010 0.012 0.015 0.017 0.020 0.022 0.026 0.029 0.032 0.036 0.040 0.044 0.048 0.052 0.056 0.061 0.066 0.072 0.079 0.088 0.096 0.097 0.092 0.084 0.083 0.089 0.106 0.143 0.200 0.258 0.240 0.166 0.074 0.022 0.005 0.001 0.000 0.000 0.000 0.000 0.000 0.000 0.000 0.000 0.000 0.000 0.000 0.000 0.000 0.000 0.000 0.000 0.000 0.000 0.000 0.000 0.000 0.000 0.000 0.000 0.000 0.000 0.000 0.000 0.000 0.000 0.000
0.000 0.000 0.001 0.001 0.001 0.002 0.003 0.004 0.005 0.006 0.008 0.009 0.011 0.013 0.015 0.017 0.020 0.022 0.025 0.028 0.030 0.033 0.036 0.039 0.042 0.045 0.050 0.054 0.059 0.061 0.060 0.057 0.054 0.053 0.057 0.070 0.093 0.119 0.129 0.111 0.075 0.034 0.011 0.003 0.001 0.000 0.000 0.000 0.000 0.000 0.000 0.000 0.000 0.000 0.000 0.000 0.000 0.000 0.000 0.000 0.000 0.000 0.000 0.000 0.000 0.000 0.000 0.000 0.000 0.000 0.000 0.000 0.000 0.000 0.000 0.000 0.000
0.000 0.000 0.000 0.001 0.001 0.001 0.002 0.002 0.003 0.004 0.005 0.006 0.007 0.009 0.010 0.012 0.013 0.015 0.016 0.018 0.019 0.021 0.022 0.024 0.026 0.028 0.030 0.032 0.033 0.032 0.031 0.030 0.030 0.031 0.036 0.045 0.053 0.053 0.045 0.029 0.014 0.005 0.002 0.000 0.000 0.000 0.000 0.000 0.000 0.000 0.000 0.000 0.000 0.000 0.000 0.000 0.000 0.000 0.000 0.000 0.000 0.000 0.000 0.000 0.000 0.000 0.000 0.000 0.000 0.000 0.000 0.000 0.000 0.000 0.000 0.000 0.000
0.000 0.000 0.000 0.000 0.000 0.001 0.001 0.001 0.002 0.002 0.003 0.004 0.005 0.005 0.006 0.007 0.008 0.009 0.010 0.011 0.011 0.012 0.013 0.014 0.015 0.016 0.016 0.016 0.016 0.016 0.015 0.015 0.015 0.016 0.018 0.019 0.019 0.016 0.011 0.005 0.002 0.001 0.000 0.000 0.000 0.000 0.000 0.000 0.000 0.000 0.000 0.000 0.000 0.000 0.000 0.000 0.000 0.000 0.000 0.000 0.000 0.000 0.000 0.000 0.000 0.000 0.000 0.000 0.000 0.000 0.000 0.000 0.000 0.000 0.000 0.000 0.000
0.000 0.000 0.000 0.000 0.000 0.000 0.000 0.001 0.001 0.001 0.002 0.002 0.002 0.003 0.003 0.004 0.004 0.005 0.005 0.006 0.006 0.006 0.007 0.007 0.007 0.008 0.008 0.008 0.007 0.007 0.007 0.007 0.007 0.007 0.007 0.007 0.006 0.004 0.002 0.001 0.000 0.000 0.000 0.000 0.000 0.000 0.000 0.000 0.000 0.000 0.000 0.000 0.000 0.000 0.000 0.000 0.000 0.000 0.000 0.000 0.000 0.000 0.000 0.000 0.000 0.000 0.000 0.000 0.000 0.000 0.000 0.000 0.000 0.000 0.000 0.000 0.000
0.000 0.000 0.000 0.000 0.000 0.000 0.000 0.000 0.000 0.000 0.001 0.001 0.001 0.001 0.002 0.002 0.002 0.002 0.002 0.003 0.003 0.003 0.003 0.003 0.003 0.003 0.003 0.003 0.003 0.003 0.003 0.003 0.003 0.002 0.002 0.002 0.001 0.001 0.000 0.000 0.000 0.000 0.000 0.000 0.000 0.000 0.000 0.000 0.000 0.000 0.000 0.000 0.000 0.000 0.000 0.000 0.000 0.000 0.000 0.000 0.000 0.000 0.000 0.000 0.000 0.000 0.000 0.000 0.000 0.000 0.000 0.000 0.000 0.000 0.000 0.000 0.000
0.000 0.000 0.000 0.000 0.000 0.000 0.000 0.000 0.000 0.000 0.000 0.000 0.000 0.000 0.000 0.001 0.001 0.001 0.001 0.001 0.001 0.001 0.001 0.001 0.001 0.001 0.001 0.001 0.001 0.001 0.001 0.001 0.001 0.001 0.001 0.000 0.000 0.000 0.000 0.000 0.000 0.000 0.000 0.000 0.000 0.000 0.000 0.000 0.000 0.000 0.000 0.000 0.000 0.000 0.000 0.000 0.000 0.000 0.000 0.000 0.000 0.000 0.000 0.000 0.000 0.000 0.000 0.000 0.000 0.000 0.000 0.000 0.000 0.000 0.000 0.000 0.000
0.000 0.000 0.000 0.000 0.000 0.000 0.000 0.000 0.000 0.000 0.000 0.000 0.000 0.000 0.000 0.000 0.000 0.000 0.000 0.000 0.000 0.000 0.000 0.000 0.000 0.000 0.000 0.000 0.000 0.000 0.000 0.000 0.000 0.000 0.000 0.000 0.000 0.000 0.000 0.000 0.000 0.000 0.000 0.000 0.000 0.000 0.000 0.000 0.000 0.000 0.000 0.000 0.000 0.000 0.000 0.000 0.000 0.000 0.000 0.000 0.000 0.000 0.000 0.000 0.000 0.000 0.000 0.000 0.000 0.000 0.000 0.000 0.000 0.000 0.000 0.000 0.000
