avaframe/data/avaParabola/Avaflow_Input/prefix_hflow0012.asc
ncols 250
nrows 100
xllcenter 997.50
yllcenter -4997.50
cellsize 20.00
NODATA_value -9999.000
[rows 34 to 67 of 100, columns 77 to 153 of 250]
0.000 0.001 0.001 0.001 0.000 0.000 0.000 0.000 0.000 0.000 0.000 0.000 0.000 0.000 0.000 0.001 0.001 0.001 0.001 0.001 0.002 0.002 0.002 0.002 0.003 0.003 0.003 0.003 0.004 0.004 0.004 0.004 0.004 0.005 0.005 0.005 0.005 0.005 0.005 0.006 0.006 0.007 0.011 0.013 0.012 0.011 0.010 0.009 0.007 0.006 0.004 0.002 0.001 0.000 0.000 0.000 0.000 0.000 0.000 0.000 0.000 0.000 0.000 0.000 0.000 0.000 0.000 0.000 0.000 0.000 0.000 0.000 0.000 0.000 0.000 0.000 0.000
0.001 0.001 0.000 0.000 0.000 0.000 0.000 0.000 0.000 0.000 0.000 0.000 0.000 0.000 0.001 0.001 0.001 0.001 0.002 0.002 0.003 0.003 0.003 0.003 0.004 0.004 0.004 0.005 0.005 0.005 0.006 0.006 0.006 0.007 0.007 0.007 0.008 0.008 0.008 0.009 0.010 0.011 0.020 0.027 0.026 0.024 0.021 0.019 0.016 0.013 0.009 0.005 0.003 0.001 0.000 0.000 0.000 0.000 0.000 0.000 0.000 0.000 0.000 0.000 0.000 0.000 0.000 0.000 0.000 0.000 0.000 0.000 0.000 0.000 0.000 0.000 0.000
0.001 0.000 0.000 0.000 0.000 0.000 0.000 0.000 0.000 0.000 0.000 0.000 0.000 0.001 0.001 0.001 0.001 0.002 0.003 0.003 0.003 0.004 0.004 0.005 0.005 0.005 0.006 0.006 0.007 0.007 0.008 0.008 0.009 0.009 0.010 0.010 0.011 0.012 0.012 0.013 0.014 0.017 0.032 0.051 0.050 0.047 0.044 0.040 0.035 0.028 0.020 0.012 0.006 0.003 0.001 0.000 0.000 0.000 0.000 0.000 0.000 0.000 0.000 0.000 0.000 0.000 0.000 0.000 0.000 0.000 0.000 0.000 0.000 0.000 0.000 0.000 0.000
0.000 0.000 0.000 0.000 0.000 0.000 0.000 0.000 0.000 0.000 0.000 0.000 0.001 0.001 0.001 0.001 0.002 0.003 0.003 0.004 0.004 0.005 0.005 0.006 0.006 0.007 0.008 0.008 0.009 0.010 0.010 0.011 0.012 0.013 0.014 0.015 0.015 0.016 0.017 0.019 0.020 0.023 0.049 0.089 0.091 0.088 0.084 0.078 0.069 0.058 0.042 0.026 0.014 0.007 0.003 0.001 0.000 0.000 0.000 0.000 0.000 0.000 0.000 0.000 0.000 0.000 0.000 0.000 0.000 0.000 0.000 0.000 0.000 0.000 0.000 0.000 0.000
0.000 0.000 0.000 0.000 0.000 0.000 0.000 0.000 0.000 0.000 0.000 0.001 0.001 0.001 0.001 0.002 0.003 0.004 0.004 0.005 0.005 0.006 0.007 0.007 0.008 0.009 0.010 0.011 0.012 0.013 0.014 0.015 0.016 0.017 0.018 0.019 0.020 0.022 0.023 0.025 0.027 0.031 0.073 0.133 0.162 0.152 0.148 0.141 0.128 0.110 0.083 0.052 0.029 0.015 0.007 0.003 0.001 0.000 0.000 0.000 0.000 0.000 0.000 0.000 0.000 0.000 0.000 0.000 0.000 0.000 0.000 0.000 0.000 0.000 0.000 0.000 0.000
0.000 0.000 0.000 0.000 0.000 0.000 0.000 0.000 0.000 0.000 0.001 0.001 0.001 0.002 0.003 0.003 0.004 0.005 0.005 0.006 0.007 0.007 0.008 0.009 0.010 0.011 0.012 0.013 0.014 0.016 0.017 0.018 0.020 0.021 0.023 0.024 0.026 0.027 0.029 0.031 0.033 0.040 0.111 0.199 0.242 0.241 0.241 0.235 0.221 0.196 0.154 0.098 0.056 0.029 0.014 0.006 0.003 0.001 0.000 0.000 0.000 0.000 0.000 0.000 0.000 0.000 0.000 0.000 0.000 0.000 0.000 0.000 0.000 0.000 0.000 0.000 0.000
0.000 0.000 0.000 0.000 0.000 0.000 0.000 0.000 0.000 0.000 0.001 0.001 0.001 0.003 0.003 0.004 0.005 0.006 0.006 0.007 0.008 0.009 0.010 0.011 0.012 0.013 0.014 0.016 0.017 0.018 0.020 0.021 0.023 0.025 0.026 0.028 0.030 0.032 0.034 0.036 0.038 0.052 0.158 0.278 0.329 0.358 0.368 0.366 0.354 0.324 0.265 0.176 0.101 0.053 0.026 0.012 0.005 0.002 0.001 0.000 0.000 0.000 0.000 0.000 0.000 0.000 0.000 0.000 0.000 0.000 0.000 0.000 0.000 0.000 0.000 0.000 0.000
0.000 0.000 0.000 0.000 0.000 0.000 0.000 0.000 0.000 0.001 0.001 0.001 0.002 0.003 0.004 0.005 0.006 0.006 0.007 0.008 0.009 0.010 0.011 0.012 0.013 0.015 0.016 0.017 0.019 0.020 0.022 0.024 0.026 0.027 0.029 0.031 0.033 0.035 0.038 0.040 0.042 0.069 0.208 0.346 0.441 0.502 0.527 0.532 0.526 0.495 0.421 0.297 0.172 0.092 0.046 0.021 0.009 0.003 0.001 0.000 0.000 0.000 0.000 0.000 0.000 0.000 0.000 0.000 0.000 0.000 0.000 0.000 0.000 0.000 0.000 0.000 0.000
0.000 0.000 0.000 0.000 0.000 0.000 0.000 0.000 0.000 0.001 0.001 0.002 0.003 0.004 0.005 0.005 0.006 0.007 0.008 0.009 0.010 0.011 0.012 0.013 0.015 0.016 0.017 0.019 0.020 0.022 0.024 0.026 0.028 0.030 0.032 0.034 0.036 0.038 0.041 0.043 0.045 0.093 0.265 0.414 0.559 0.670 0.715 0.726 0.724 0.697 0.614 0.457 0.273 0.148 0.075 0.035 0.015 0.006 0.002 0.001 0.000 0.000 0.000 0.000 0.000 0.000 0.000 0.000 0.000 0.000 0.000 0.000 0.000 0.000 0.000 0.000 0.000
0.000 0.000 0.000 0.000 0.000 0.000 0.000 0.000 0.001 0.001 0.001 0.003 0.004 0.004 0.005 0.006 0.007 0.007 0.008 0.009 0.010 0.012 0.013 0.014 0.015 0.017 0.018 0.020 0.022 0.023 0.025 0.027 0.029 0.031 0.033 0.036 0.038 0.040 0.043 0.045 0.047 0.125 0.329 0.494 0.673 0.815 0.885 0.908 0.908 0.877 0.781 0.598 0.366 0.202 0.103 0.049 0.021 0.009 0.003 0.001 0.000 0.000 0.000 0.000 0.000 0.000 0.000 0.000 0.000 0.000 0.000 0.000 0.000 0.000 0.000 0.000 0.000
0.000 0.000 0.000 0.000 0.000 0.000 0.000 0.000 0.001 0.001 0.002 0.003 0.004 0.005 0.005 0.006 0.007 0.008 0.009 0.010 0.011 0.012 0.013 0.015 0.016 0.018 0.019 0.021 0.022 0.024 0.026 0.028 0.030 0.032 0.034 0.037 0.039 0.042 0.044 0.046 0.052 0.165 0.394 0.586 0.782 0.933 1.021 1.051 1.051 1.015 0.906 0.696 0.428 0.236 0.121 0.057 0.025 0.010 0.004 0.001 0.000 0.000 0.000 0.000 0.000 0.000 0.000 0.000 0.000 0.000 0.000 0.000 0.000 0.000 0.000 0.000 0.000
0.000 0.000 0.000 0.000 0.000 0.000 0.000 0.000 0.001 0.001 0.002 0.003 0.004 0.005 0.006 0.006 0.007 0.008 0.009 0.010 0.011 0.012 0.014 0.015 0.017 0.018 0.020 0.021 0.023 0.025 0.027 0.029 0.031 0.033 0.035 0.038 0.040 0.042 0.045 0.047 0.061 0.212 0.459 0.676 0.884 1.043 1.132 1.162 1.158 1.114 0.989 0.756 0.463 0.255 0.130 0.062 0.027 0.011 0.004 0.001 0.000 0.000 0.000 0.000 0.000 0.000 0.000 0.000 0.000 0.000 0.000 0.000 0.000 0.000 0.000 0.000 0.000
0.000 0.000 0.000 0.000 0.000 0.000 0.000 0.000 0.001 0.001 0.002 0.003 0.004 0.005 0.006 0.006 0.007 0.008 0.009 0.010 0.011 0.013 0.014 0.015 0.017 0.018 0.020 0.022 0.023 0.025 0.027 0.029 0.031 0.034 0.036 0.038 0.041 0.043 0.046 0.048 0.077 0.271 0.521 0.754 0.971 1.130 1.216 1.241 1.235 1.180 1.039 0.785 0.477 0.263 0.134 0.063 0.027 0.011 0.004 0.001 0.000 0.000 0.000 0.000 0.000 0.000 0.000 0.000 0.000 0.000 0.000 0.000 0.000 0.000 0.000 0.000 0.000
0.000 0.000 0.000 0.000 0.000 0.000 0.000 0.000 0.001 0.001 0.003 0.004 0.004 0.005 0.006 0.007 0.007 0.008 0.009 0.010 0.011 0.013 0.014 0.016 0.017 0.019 0.020 0.022 0.024 0.026 0.027 0.030 0.032 0.034 0.036 0.038 0.041 0.043 0.046 0.048 0.100 0.327 0.569 0.813 1.033 1.189 1.269 1.290 1.281 1.219 1.064 0.793 0.480 0.264 0.134 0.063 0.027 0.011 0.004 0.001 0.000 0.000 0.000 0.000 0.000 0.000 0.000 0.000 0.000 0.000 0.000 0.000 0.000 0.000 0.000 0.000 0.000
0.000 0.000 0.000 0.000 0.000 0.000 0.000 0.000 0.001 0.001 0.003 0.004 0.004 0.005 0.006 0.007 0.007 0.008 0.009 0.010 0.012 0.013 0.014 0.016 0.017 0.019 0.020 0.022 0.024 0.026 0.028 0.030 0.032 0.034 0.036 0.039 0.041 0.044 0.047 0.048 0.118 0.366 0.603 0.850 1.069 1.220 1.295 1.313 1.301 1.234 1.072 0.792 0.477 0.262 0.133 0.062 0.027 0.011 0.004 0.001 0.000 0.000 0.000 0.000 0.000 0.000 0.000 0.000 0.000 0.000 0.000 0.000 0.000 0.000 0.000 0.000 0.000
0.000 0.000 0.000 0.000 0.000 0.000 0.000 0.000 0.001 0.001 0.003 0.004 0.004 0.005 0.006 0.007 0.007 0.008 0.009 0.010 0.012 0.013 0.014 0.016 0.017 0.019 0.020 0.022 0.024 0.026 0.028 0.030 0.032 0.034 0.036 0.039 0.041 0.044 0.047 0.048 0.129 0.389 0.623 0.870 1.086 1.232 1.303 1.319 1.306 1.235 1.068 0.779 0.464 0.253 0.128 0.059 0.026 0.010 0.004 0.001 0.000 0.000 0.000 0.000 0.000 0.000 0.000 0.000 0.000 0.000 0.000 0.000 0.000 0.000 0.000 0.000 0.000
0.000 0.000 0.000 0.000 0.000 0.000 0.000 0.000 0.001 0.001 0.003 0.004 0.004 0.005 0.006 0.007 0.007 0.008 0.009 0.010 0.012 0.013 0.014 0.016 0.017 0.019 0.020 0.022 0.024 0.026 0.028 0.030 0.032 0.034 0.036 0.039 0.041 0.044 0.047 0.048 0.134 0.398 0.632 0.877 1.090 1.234 1.302 1.317 1.302 1.227 1.050 0.749 0.439 0.237 0.118 0.054 0.023 0.009 0.003 0.001 0.000 0.000 0.000 0.000 0.000 0.000 0.000 0.000 0.000 0.000 0.000 0.000 0.000 0.000 0.000 0.000 0.000
0.000 0.000 0.000 0.000 0.000 0.000 0.000 0.000 0.001 0.001 0.003 0.004 0.004 0.005 0.006 0.007 0.007 0.008 0.009 0.010 0.012 0.013 0.014 0.016 0.017 0.019 0.020 0.022 0.024 0.026 0.028 0.030 0.032 0.034 0.036 0.039 0.041 0.044 0.047 0.048 0.135 0.400 0.633 0.878 1.088 1.227 1.291 1.303 1.285 1.200 1.008 0.697 0.400 0.212 0.103 0.046 0.019 0.007 0.002 0.001 0.000 0.000 0.000 0.000 0.000 0.000 0.000 0.000 0.000 0.000 0.000 0.000 0.000 0.000 0.000 0.000 0.000
0.000 0.000 0.000 0.000 0.000 0.000 0.000 0.000 0.001 0.001 0.003 0.004 0.004 0.005 0.006 0.007 0.007 0.008 0.009 0.010 0.012 0.013 0.014 0.016 0.017 0.019 0.020 0.022 0.024 0.026 0.028 0.030 0.032 0.034 0.036 0.039 0.041 0.044 0.047 0.048 0.134 0.398 0.632 0.872 1.075 1.205 1.262 1.270 1.245 1.147 0.940 0.622 0.349 0.179 0.085 0.036 0.014 0.005 0.002 0.000 0.000 0.000 0.000 0.000 0.000 0.000 0.000 0.000 0.000 0.000 0.000 0.000 0.000 0.000 0.000 0.000 0.000
0.000 0.000 0.000 0.000 0.000 0.000 0.000 0.000 0.001 0.001 0.003 0.004 0.004 0.005 0.006 0.007 0.007 0.008 0.009 0.010 0.012 0.013 0.014 0.016 0.017 0.019 0.020 0.022 0.024 0.026 0.028 0.030 0.032 0.034 0.036 0.039 0.041 0.044 0.047 0.048 0.129 0.389 0.622 0.853 1.043 1.161 1.208 1.212 1.179 1.068 0.845 0.530 0.288 0.143 0.065 0.027 0.010 0.004 0.001 0.000 0.000 0.000 0.000 0.000 0.000 0.000 0.000 0.000 0.000 0.000 0.000 0.000 0.000 0.000 0.000 0.000 0.000
0.000 0.000 0.000 0.000 0.000 0.000 0.000 0.000 0.001 0.001 0.002 0.003 0.004 0.005 0.006 0.007 0.007 0.008 0.009 0.010 0.012 0.013 0.014 0.016 0.017 0.019 0.020 0.022 0.024 0.026 0.028 0.030 0.032 0.034 0.036 0.039 0.041 0.044 0.046 0.048 0.118 0.369 0.599 0.816 0.988 1.090 1.126 1.126 1.084 0.960 0.723 0.427 0.223 0.107 0.047 0.019 0.007 0.002 0.001 0.000 0.000 0.000 0.000 0.000 0.000 0.000 0.000 0.000 0.000 0.000 0.000 0.000 0.000 0.000 0.000 0.000 0.000
0.000 0.000 0.000 0.000 0.000 0.000 0.000 0.000 0.001 0.001 0.002 0.003 0.004 0.005 0.006 0.006 0.007 0.008 0.009 0.010 0.011 0.013 0.014 0.015 0.017 0.018 0.020 0.022 0.024 0.025 0.027 0.029 0.032 0.034 0.036 0.038 0.041 0.043 0.046 0.047 0.103 0.336 0.562 0.760 0.910 0.993 1.019 1.012 0.960 0.824 0.580 0.324 0.164 0.076 0.032 0.013 0.004 0.001 0.000 0.000 0.000 0.000 0.000 0.000 0.000 0.000 0.000 0.000 0.000 0.000 0.000 0.000 0.000 0.000 0.000 0.000 0.000
0.000 0.000 0.000 0.000 0.000 0.000 0.000 0.000 0.001 0.001 0.002 0.003 0.004 0.005 0.006 0.006 0.007 0.008 0.009 0.010 0.011 0.013 0.014 0.015 0.017 0.018 0.020 0.021 0.023 0.025 0.027 0.029 0.031 0.033 0.036 0.038 0.040 0.043 0.045 0.047 0.084 0.288 0.517 0.693 0.821 0.885 0.899 0.885 0.820 0.671 0.434 0.231 0.113 0.050 0.021 0.008 0.003 0.001 0.000 0.000 0.000 0.000 0.000 0.000 0.000 0.000 0.000 0.000 0.000 0.000 0.000 0.000 0.000 0.000 0.000 0.000 0.000
0.000 0.000 0.000 0.000 0.000 0.000 0.000 0.000 0.001 0.001 0.001 0.003 0.004 0.004 0.005 0.006 0.007 0.008 0.009 0.010 0.011 0.012 0.013 0.015 0.016 0.018 0.019 0.021 0.023 0.025 0.026 0.028 0.031 0.033 0.035 0.037 0.040 0.042 0.045 0.047 0.064 0.228 0.459 0.617 0.721 0.766 0.773 0.754 0.677 0.515 0.301 0.154 0.072 0.031 0.012 0.004 0.001 0.000 0.000 0.000 0.000 0.000 0.000 0.000 0.000 0.000 0.000 0.000 0.000 0.000 0.000 0.000 0.000 0.000 0.000 0.000 0.000
0.000 0.000 0.000 0.000 0.000 0.000 0.000 0.000 0.001 0.001 0.001 0.002 0.003 0.004 0.005 0.006 0.006 0.007 0.008 0.009 0.010 0.012 0.013 0.014 0.016 0.017 0.019 0.020 0.022 0.024 0.026 0.028 0.030 0.032 0.034 0.036 0.039 0.041 0.044 0.047 0.052 0.164 0.385 0.529 0.605 0.629 0.627 0.595 0.507 0.350 0.192 0.094 0.043 0.018 0.007 0.002 0.001 0.000 0.000 0.000 0.000 0.000 0.000 0.000 0.000 0.000 0.000 0.000 0.000 0.000 0.000 0.000 0.000 0.000 0.000 0.000 0.000
0.000 0.000 0.000 0.000 0.000 0.000 0.000 0.000 0.001 0.001 0.001 0.001 0.003 0.004 0.004 0.005 0.006 0.007 0.008 0.009 0.010 0.011 0.012 0.013 0.015 0.016 0.018 0.019 0.021 0.023 0.025 0.026 0.028 0.030 0.032 0.035 0.037 0.039 0.042 0.045 0.045 0.108 0.304 0.431 0.472 0.485 0.480 0.436 0.344 0.214 0.112 0.053 0.023 0.009 0.003 0.001 0.000 0.000 0.000 0.000 0.000 0.000 0.000 0.000 0.000 0.000 0.000 0.000 0.000 0.000 0.000 0.000 0.000 0.000 0.000 0.000 0.000
0.000 0.000 0.000 0.000 0.000 0.000 0.000 0.000 0.000 0.001 0.001 0.001 0.002 0.003 0.004 0.005 0.005 0.006 0.007 0.008 0.009 0.010 0.011 0.012 0.014 0.015 0.016 0.018 0.020 0.021 0.023 0.025 0.026 0.028 0.030 0.033 0.035 0.037 0.039 0.041 0.042 0.070 0.222 0.332 0.340 0.348 0.346 0.300 0.212 0.120 0.060 0.027 0.011 0.004 0.002 0.000 0.000 0.000 0.000 0.000 0.000 0.000 0.000 0.000 0.000 0.000 0.000 0.000 0.000 0.000 0.000 0.000 0.000 0.000 0.000 0.000 0.000
0.000 0.000 0.000 0.000 0.000 0.000 0.000 0.000 0.000 0.001 0.001 0.001 0.001 0.002 0.003 0.004 0.004 0.005 0.006 0.007 0.008 0.009 0.010 0.011 0.012 0.013 0.015 0.016 0.017 0.019 0.021 0.022 0.024 0.026 0.027 0.029 0.031 0.033 0.034 0.036 0.038 0.049 0.147 0.241 0.240 0.235 0.222 0.182 0.115 0.061 0.029 0.013 0.005 0.002 0.001 0.000 0.000 0.000 0.000 0.000 0.000 0.000 0.000 0.000 0.000 0.000 0.000 0.000 0.000 0.000 0.000 0.000 0.000 0.000 0.000 0.000 0.000
0.000 0.000 0.000 0.000 0.000 0.000 0.000 0.000 0.000 0.000 0.001 0.001 0.001 0.001 0.002 0.003 0.003 0.004 0.005 0.006 0.006 0.007 0.008 0.009 0.010 0.011 0.012 0.013 0.015 0.016 0.017 0.019 0.020 0.021 0.023 0.024 0.026 0.027 0.028 0.030 0.033 0.038 0.092 0.159 0.158 0.147 0.128 0.096 0.055 0.028 0.013 0.006 0.002 0.001 0.000 0.000 0.000 0.000 0.000 0.000 0.000 0.000 0.000 0.000 0.000 0.000 0.000 0.000 0.000 0.000 0.000 0.000 0.000 0.000 0.000 0.000 0.000
0.000 0.000 0.000 0.000 0.000 0.000 0.000 0.000 0.000 0.000 0.000 0.001 0.001 0.001 0.001 0.002 0.002 0.003 0.003 0.004 0.005 0.005 0.006 0.007 0.008 0.008 0.009 0.010 0.011 0.012 0.013 0.014 0.015 0.016 0.017 0.018 0.018 0.019 0.021 0.024 0.026 0.029 0.056 0.092 0.093 0.082 0.067 0.044 0.024 0.012 0.005 0.002 0.001 0.000 0.000 0.000 0.000 0.000 0.000 0.000 0.000 0.000 0.000 0.000 0.000 0.000 0.000 0.000 0.000 0.000 0.000 0.000 0.000 0.000 0.000 0.000 0.000
0.000 0.000 0.000 0.000 0.000 0.000 0.000 0.000 0.000 0.000 0.000 0.001 0.001 0.001 0.001 0.001 0.001 0.002 0.002 0.003 0.003 0.003 0.004 0.004 0.005 0.006 0.006 0.007 0.007 0.008 0.008 0.009 0.010 0.010 0.011 0.011 0.012 0.013 0.014 0.016 0.017 0.019 0.032 0.047 0.046 0.041 0.031 0.018 0.010 0.005 0.002 0.001 0.000 0.000 0.000 0.000 0.000 0.000 0.000 0.000 0.000 0.000 0.000 0.000 0.000 0.000 0.000 0.000 0.000 0.000 0.000 0.000 0.000 0.000 0.000 0.000 0.000
0.000 0.000 0.000 0.000 0.000 0.000 0.000 0.000 0.000 0.000 0.000 0.000 0.000 0.000 0.000 0.001 0.001 0.001 0.001 0.001 0.001 0.002 0.002 0.003 0.003 0.003 0.004 0.004 0.004 0.005 0.005 0.005 0.006 0.006 0.006 0.007 0.007 0.007 0.008 0.009 0.009 0.010 0.017 0.022 0.020 0.018 0.013 0.007 0.004 0.002 0.001 0.000 0.000 0.000 0.000 0.000 0.000 0.000 0.000 0.000 0.000 0.000 0.000 0.000 0.000 0.000 0.000 0.000 0.000 0.000 0.000 0.000 0.000 0.000 0.000 0.000 0.000
0.000 0.000 0.000 0.000 0.000 0.000 0.000 0.000 0.000 0.000 0.000 0.000 0.000 0.000 0.000 0.000 0.000 0.000 0.000 0.001 0.001 0.001 0.001 0.001 0.002 0.002 0.002 0.002 0.002 0.002 0.002 0.003 0.003 0.003 0.003 0.003 0.003 0.004 0.004 0.004 0.004 0.005 0.008 0.009 0.008 0.007 0.005 0.002 0.001 0.000 0.000 0.000 0.000 0.000 0.000 0.000 0.000 0.000 0.000 0.000 0.000 0.000 0.000 0.000 0.000 0.000 0.000 0.000 0.000 0.000 0.000 0.000 0.000 0.000 0.000 0.000 0.000
0.000 0.000 0.000 0.000 0.000 0.000 0.000 0.000 0.000 0.000 0.000 0.000 0.000 0.000 0.000 0.000 0.000 0.000 0.000 0.000 0.000 0.000 0.000 0.000 0.000 0.001 0.000 0.001 0.001 0.001 0.001 0.001 0.001 0.001 0.001 0.001 0.001 0.002 0.002 0.002 0.002 0.002 0.003 0.003 0.003 0.002 0.001 0.001 0.000 0.000 0.000 0.000 0.000 0.000 0.000 0.000 0.000 0.000 0.000 0.000 0.000 0.000 0.000 0.000 0.000 0.000 0.000 0.000 0.000 0.000 0.000 0.000 0.000 0.000 0.000 0.000 0.000
