avaframe/data/avaParabola/Avaflow_Input/prefix_pflow0013.asc
ncols 250
nrows 100
xllcenter 997.50
yllcenter -4997.50
cellsize 20.00
NODATA_value -9999.000
[rows 33 to 65 of 100, columns 74 to 147 of 250]
0.000 0.000 0.000 0.000 0.000 0.000 0.000 0.000 0.000 0.000 0.000 0.000 0.000 0.000 0.000 0.000 0.000 0.000 0.000 0.000 0.000 0.000 0.000 0.000 0.000 1140.117 1284.485 1426.750 1561.210 1690.455 1816.629 1940.345 2061.249 2178.582 2290.300 2396.281 2496.921 2589.440 2671.701 2748.782 2835.476 2978.900 3104.462 2845.098 2479.990 730.874 2.463 0.309 4.784 11.777 13.854 15.334 22.383 26.289 0.000 0.000 0.000 0.000 0.000 0.000 0.000 0.000 0.000 0.000 0.000 0.000 0.000 0.000 0.000 0.000 0.000 0.000 0.000 0.000
0.000 0.000 0.000 0.000 0.000 0.000 0.000 0.000 0.000 0.000 0.000 0.000 0.000 0.000 0.000 0.000 0.000 0.000 0.000 0.000 0.000 0.000 0.000 1280.999 1462.018 1629.710 1794.269 1959.106 2129.054 2306.799 2492.600 2683.725 2875.643 3064.490 3248.120 3425.663 3597.733 3762.353 3917.118 4067.990 4242.714 4511.212 4491.668 4258.398 3798.092 1019.562 8.986 1.067 14.507 38.211 56.215 72.565 95.114 101.201 54.882 35.881 0.000 0.000 0.000 0.000 0.000 0.000 0.000 0.000 0.000 0.000 0.000 0.000 0.000 0.000 0.000 0.000 0.000 0.000
0.000 0.000 0.000 0.000 0.000 0.000 0.000 0.000 0.000 0.000 0.000 0.000 0.000 0.000 0.000 0.000 0.000 0.000 0.000 0.000 0.000 0.000 1547.746 1779.865 1987.250 2188.648 2390.841 2599.783 2820.703 3057.721 3311.826 3580.013 3854.594 4129.072 4403.582 4679.581 4957.240 5234.928 5510.838 5788.591 6106.277 6538.442 6338.264 6166.263 5620.926 1327.829 17.360 2.846 31.569 84.343 131.154 173.417 221.067 248.993 177.940 114.250 81.991 0.000 0.000 0.000 0.000 0.000 0.000 0.000 0.000 0.000 0.000 0.000 0.000 0.000 0.000 0.000 0.000 0.000
0.000 0.000 0.000 0.000 0.000 0.000 0.000 0.000 0.000 0.000 0.000 0.000 0.000 0.000 0.000 0.000 0.000 0.000 0.000 0.000 0.000 1738.234 2024.719 2283.248 2534.903 2790.597 3055.701 3333.300 3627.092 3940.926 4277.206 4634.570 5007.237 5389.648 5781.779 6185.613 6601.708 7028.902 7464.321 7907.287 8392.537 8906.126 8698.776 8615.462 8057.964 1675.646 26.116 6.079 58.307 158.294 248.488 321.392 393.636 425.455 339.835 244.354 166.981 111.022 0.000 0.000 0.000 0.000 0.000 0.000 0.000 0.000 0.000 0.000 0.000 0.000 0.000 0.000 0.000 0.000
0.000 0.000 0.000 0.000 0.000 0.000 0.000 0.000 0.000 0.000 0.000 0.000 0.000 0.000 0.000 0.000 0.000 0.000 0.000 1480.212 1870.578 2195.161 2494.138 2789.722 3096.169 3422.864 3771.788 4141.650 4532.727 4948.126 5390.282 5859.341 6353.130 6868.490 7404.273 7961.131 8539.226 9136.871 9750.830 10375.498 11031.109 11624.185 11517.367 11514.944 10946.779 1985.707 28.255 13.300 111.989 271.899 416.333 518.482 598.361 604.520 507.442 397.389 289.610 194.804 123.253 0.000 0.000 0.000 0.000 0.000 0.000 0.000 0.000 0.000 0.000 0.000 0.000 0.000 0.000 0.000
0.000 0.000 0.000 0.000 0.000 0.000 0.000 0.000 0.000 0.000 0.000 0.000 0.000 0.000 0.000 0.000 0.000 0.000 1573.661 1990.505 2340.522 2664.223 2984.670 3322.823 3695.755 4107.508 4553.000 5025.964 5524.512 6049.665 6602.044 7183.313 7793.656 8430.891 9094.302 9784.617 10501.058 11242.297 12006.364 12790.023 13592.307 14484.113 14553.104 14527.431 13324.908 1654.002 1.954 17.645 181.854 406.446 579.121 684.138 745.311 732.547 666.786 577.075 454.978 321.054 200.497 115.393 0.000 0.000 0.000 0.000 0.000 0.000 0.000 0.000 0.000 0.000 0.000 0.000 0.000 0.000
0.000 0.000 0.000 0.000 0.000 0.000 0.000 0.000 0.000 0.000 0.000 0.000 0.000 0.000 0.000 0.000 0.000 0.000 2037.573 2419.232 2776.170 3127.821 3489.958 3883.754 4322.633 4805.072 5322.733 5867.706 6438.043 7036.998 7668.087 8332.799 9030.996 9761.206 10522.387 11314.479 12136.231 12985.615 13862.412 14766.409 15708.698 16702.445 17630.184 17424.514 13670.394 982.586 0.000 26.977 252.626 506.647 643.837 713.655 748.174 753.819 775.018 748.628 644.462 489.743 321.522 171.479 5.574 0.000 0.000 0.000 0.000 0.000 0.000 0.000 0.000 0.000 0.000 0.000 0.000 0.000
0.000 0.000 0.000 0.000 0.000 0.000 0.000 0.000 0.000 0.000 0.000 0.000 0.000 0.000 0.000 0.000 0.000 1995.322 2398.498 2774.198 3143.782 3519.802 3921.804 4366.994 4861.362 5399.605 5972.687 6573.395 7199.525 7853.783 8541.185 9265.005 10026.172 10823.728 11656.997 12525.007 13425.800 14358.160 15320.943 16319.539 17354.656 18360.414 19565.795 20580.117 12002.508 397.132 26.444 77.553 393.227 582.747 650.613 674.908 689.794 713.599 796.477 857.793 816.113 682.871 490.850 272.287 31.861 0.000 0.000 0.000 0.000 0.000 0.000 0.000 0.000 0.000 0.000 0.000 0.000 0.000
0.000 0.000 0.000 0.000 0.000 0.000 0.000 0.000 0.000 0.000 0.000 0.000 0.000 0.000 0.000 0.000 1864.703 2292.264 2679.274 3056.629 3435.531 3831.166 4264.433 4749.074 5286.547 5868.864 6485.823 7130.176 7799.545 8496.021 9224.759 9990.001 10794.463 11639.534 12524.962 13448.939 14408.950 15402.573 16427.922 17497.451 18610.275 19558.041 21895.684 24200.533 8820.766 129.358 15.109 223.458 574.541 725.859 758.914 754.715 744.778 740.386 786.821 872.031 867.198 730.394 516.820 306.705 126.076 39.275 0.000 0.000 0.000 0.000 0.000 0.000 0.000 0.000 0.000 0.000 0.000 0.000
0.000 0.000 0.000 0.000 0.000 0.000 0.000 0.000 0.000 0.000 0.000 0.000 0.000 0.000 0.000 0.000 2106.402 2509.223 2891.985 3272.116 3658.642 4069.863 4525.971 5038.383 5606.484 6221.244 6871.597 7549.548 8252.016 8980.256 9739.023 10533.742 11368.930 12246.835 13167.290 14127.692 15127.571 16164.185 17232.500 18343.598 19533.188 20459.875 23144.285 26518.516 5910.769 23.277 129.343 461.292 527.309 613.488 804.821 872.450 884.861 859.675 799.259 720.443 589.620 433.497 285.262 165.788 80.181 29.615 0.000 0.000 0.000 0.000 0.000 0.000 0.000 0.000 0.000 0.000 0.000 0.000
0.000 0.000 0.000 0.000 0.000 0.000 0.000 0.000 0.000 0.000 0.000 0.000 0.000 0.000 0.000 1829.327 2272.076 2664.799 3047.702 3430.773 3824.218 4247.199 4718.928 5249.674 5838.308 6475.811 7150.619 7853.554 8580.369 9331.333 10111.178 10925.983 11781.453 12680.649 13624.064 14610.597 15638.866 16704.793 17801.838 18942.135 20220.041 21009.699 24092.734 25381.867 3207.103 0.000 26.852 41.051 140.890 444.804 647.006 719.292 740.646 732.416 651.914 503.462 360.328 246.551 156.302 89.259 43.409 16.330 4.984 0.000 0.000 0.000 0.000 0.000 0.000 0.000 0.000 0.000 0.000 0.000
0.000 0.000 0.000 0.000 0.000 0.000 0.000 0.000 0.000 0.000 0.000 0.000 0.000 0.000 0.000 1962.641 2382.971 2772.585 3157.226 3543.550 3942.977 4374.482 4856.449 5398.780 6000.545 6653.173 7344.885 8065.247 8809.050 9576.188 10371.051 11199.714 12068.395 12981.172 13939.982 14944.352 15991.731 17077.195 18194.312 19366.721 20718.246 21165.553 24587.479 20743.010 1246.259 0.000 0.014 0.362 125.974 367.740 491.500 517.819 502.907 491.487 450.630 340.328 230.598 148.980 91.249 51.682 25.997 10.713 3.505 0.000 0.000 0.000 0.000 0.000 0.000 0.000 0.000 0.000 0.000 0.000
0.000 0.000 0.000 0.000 0.000 0.000 0.000 0.000 0.000 0.000 0.000 0.000 0.000 0.000 1527.667 2041.842 2453.914 2843.732 3230.621 3620.186 4024.432 4461.949 4950.543 5500.061 6109.983 6771.991 7474.388 8206.344 8961.744 9739.906 10544.833 11382.869 12260.410 13182.131 14150.567 15165.527 16223.660 17320.791 18452.027 19651.957 20974.832 21298.842 24692.932 16123.731 428.474 0.000 6.465 72.474 250.536 383.632 388.165 308.824 221.544 187.810 179.253 150.130 98.056 57.203 31.737 16.778 8.405 3.953 1.710 0.000 0.000 0.000 0.000 0.000 0.000 0.000 0.000 0.000 0.000 0.000
0.000 0.000 0.000 0.000 0.000 0.000 0.000 0.000 0.000 0.000 0.000 0.000 0.000 0.000 1590.861 2086.588 2496.244 2887.463 3276.547 3668.905 4076.770 4518.447 5011.382 5565.347 6180.214 6847.853 7556.318 8295.125 9057.338 9842.065 10653.292 11497.404 12380.664 13307.980 14282.438 15305.153 16371.582 17476.564 18615.871 19830.043 21055.861 22101.781 27456.715 11716.515 163.824 18.090 77.362 210.506 335.059 355.398 297.162 151.345 63.338 32.067 21.555 16.833 10.337 5.428 2.512 1.118 0.436 0.192 0.112 0.000 0.000 0.000 0.000 0.000 0.000 0.000 0.000 0.000 0.000 0.000
0.000 0.000 0.000 0.000 0.000 0.000 0.000 0.000 0.000 0.000 0.000 0.000 0.000 0.000 1621.537 2109.474 2518.693 2911.371 3302.215 3696.639 4107.015 4551.504 5047.340 5604.260 6222.142 6892.926 7604.624 8346.463 9111.854 9900.331 10715.408 11563.558 12450.975 13382.417 14360.826 15387.422 16458.676 17569.238 18715.311 19936.410 21062.020 23079.178 29782.777 8167.927 62.451 6.605 162.691 334.572 255.458 155.212 124.631 58.518 20.683 6.647 2.910 2.040 0.547 0.001 0.008 0.001 0.000 0.000 0.000 0.000 0.000 0.000 0.000 0.000 0.000 0.000 0.000 0.000 0.000 0.000
0.000 0.000 0.000 0.000 0.000 0.000 0.000 0.000 0.000 0.000 0.000 0.000 0.000 0.000 1633.887 2118.780 2528.124 2921.818 3313.793 3709.478 4121.346 4567.595 5065.432 5624.494 6244.397 6916.811 7629.706 8372.364 9138.816 9929.085 10746.441 11597.320 12487.698 13422.167 14403.146 15431.238 16503.404 17613.781 18763.428 19988.637 21075.109 23819.764 30052.572 6160.964 18.561 3.199 0.173 4.148 0.001 3.552 5.118 10.104 6.258 1.250 0.227 0.122 0.000 0.575 0.618 0.421 0.139 0.134 0.069 0.000 0.000 0.000 0.000 0.000 0.000 0.000 0.000 0.000 0.000 0.000
0.000 0.000 0.000 0.000 0.000 0.000 0.000 0.000 0.000 0.000 0.000 0.000 0.000 0.000 1636.260 2120.623 2530.226 2924.405 3316.895 3713.119 4125.604 4572.693 5071.783 5632.422 6253.769 6927.041 7639.922 8382.146 9148.070 9938.369 10756.392 11608.490 12500.430 13436.604 14418.875 15447.351 16520.299 17630.590 18780.461 20009.383 21092.758 24197.492 29805.592 5162.928 5.583 3.967 1.767 0.012 0.018 0.113 0.000 0.694 1.476 0.274 0.000 0.299 20.880 26.840 18.108 11.560 7.162 3.137 1.124 0.000 0.000 0.000 0.000 0.000 0.000 0.000 0.000 0.000 0.000 0.000
0.000 0.000 0.000 0.000 0.000 0.000 0.000 0.000 0.000 0.000 0.000 0.000 0.000 0.000 1633.037 2118.868 2528.916 2923.338 3316.060 3712.505 4125.201 4572.593 5072.205 5633.643 6255.903 6929.641 7642.163 8383.491 9148.529 9938.530 10756.646 11609.187 12501.854 13438.969 14422.219 15450.896 16523.580 17634.170 18782.227 20009.637 21099.357 24273.541 29664.631 4746.549 2.372 13.665 6.590 0.038 0.998 26.354 20.203 0.547 0.017 18.595 107.002 222.666 159.363 100.500 61.927 36.783 20.575 7.924 1.952 0.000 0.000 0.000 0.000 0.000 0.000 0.000 0.000 0.000 0.000 0.000
0.000 0.000 0.000 0.000 0.000 0.000 0.000 0.000 0.000 0.000 0.000 0.000 0.000 0.000 1617.244 2109.931 2521.479 2916.472 3309.667 3706.528 4119.622 4567.648 5068.328 5631.137 6254.437 6928.291 7639.728 8378.868 9141.644 9930.019 10747.633 11600.267 12493.480 13431.342 14414.868 15443.243 16516.143 17626.668 18770.590 19993.480 21112.588 24254.158 29674.504 4657.959 1.614 0.000 0.004 0.044 1.164 46.977 81.196 60.399 128.398 277.980 351.277 347.975 262.226 167.049 103.660 63.485 35.347 13.570 0.000 0.000 0.000 0.000 0.000 0.000 0.000 0.000 0.000 0.000 0.000 0.000
0.000 0.000 0.000 0.000 0.000 0.000 0.000 0.000 0.000 0.000 0.000 0.000 0.000 0.000 1577.339 2087.838 2502.576 2898.637 3292.607 3690.076 4103.787 4552.968 5055.650 5620.760 6245.344 6918.156 7626.088 8360.556 9119.289 9905.180 10722.154 11575.155 12469.371 13408.221 14391.929 15418.785 16488.766 17598.445 18738.918 19952.809 21134.520 23951.986 29662.596 4719.285 1.934 0.352 9.695 59.655 152.638 238.829 312.745 421.580 517.901 546.991 534.172 472.654 355.253 241.191 159.252 103.884 58.810 24.767 0.000 0.000 0.000 0.000 0.000 0.000 0.000 0.000 0.000 0.000 0.000 0.000
0.000 0.000 0.000 0.000 0.000 0.000 0.000 0.000 0.000 0.000 0.000 0.000 0.000 0.000 1501.018 2044.723 2465.744 2863.904 3259.232 3657.705 4072.350 4523.092 5028.176 5595.458 6220.175 6889.672 7591.327 8318.411 9071.126 9853.502 10669.349 11522.514 12417.324 13356.418 14338.964 15362.908 16427.994 17531.436 18666.010 19879.160 21157.115 23222.789 29754.078 5036.531 8.961 0.471 45.919 180.702 343.256 452.276 521.441 564.605 625.580 692.178 715.035 594.114 456.857 334.069 234.451 155.858 78.045 27.115 0.000 0.000 0.000 0.000 0.000 0.000 0.000 0.000 0.000 0.000 0.000 0.000
0.000 0.000 0.000 0.000 0.000 0.000 0.000 0.000 0.000 0.000 0.000 0.000 0.000 0.000 1369.506 1969.188 2402.844 2805.160 3202.942 3603.171 4019.062 4471.217 4977.925 5545.739 6167.958 6830.931 7523.191 8240.613 8985.598 9763.062 10576.552 11428.341 12321.722 13258.472 14236.946 15254.898 16313.541 17413.113 18545.523 19770.180 21126.330 22219.277 29917.455 5885.846 22.145 12.494 47.555 132.860 308.566 492.682 580.862 627.958 707.663 805.599 832.633 679.135 517.922 376.287 261.968 166.347 74.327 25.784 0.000 0.000 0.000 0.000 0.000 0.000 0.000 0.000 0.000 0.000 0.000 0.000
0.000 0.000 0.000 0.000 0.000 0.000 0.000 0.000 0.000 0.000 0.000 0.000 0.000 0.000 1150.272 1843.798 2303.449 2713.745 3115.597 3518.782 3936.045 4388.490 4894.444 5459.361 6075.151 6727.956 7407.921 8113.584 8849.632 9620.981 10430.031 11278.191 12167.519 13098.891 14070.126 15079.601 16129.726 17223.371 18356.240 19587.662 20921.623 21259.570 29286.807 7917.495 63.823 0.199 0.935 1.767 49.086 240.689 397.500 478.743 572.439 694.280 730.911 591.298 456.306 340.414 234.653 132.988 26.917 0.000 0.000 0.000 0.000 0.000 0.000 0.000 0.000 0.000 0.000 0.000 0.000 0.000
0.000 0.000 0.000 0.000 0.000 0.000 0.000 0.000 0.000 0.000 0.000 0.000 0.000 0.000 0.000 1637.870 2153.909 2579.052 2987.161 3394.656 3813.087 4263.493 4764.480 5321.203 5925.516 6564.368 7229.764 7921.912 8646.390 9408.277 10209.463 11049.860 11930.688 12852.112 13812.053 14809.962 15849.683 16931.600 18050.299 19233.879 20468.537 20799.816 26959.328 11383.758 148.692 0.264 0.000 0.000 0.000 18.342 47.781 123.630 208.523 368.063 543.293 478.997 387.740 300.702 200.914 100.562 34.850 0.000 0.000 0.000 0.000 0.000 0.000 0.000 0.000 0.000 0.000 0.000 0.000 0.000
0.000 0.000 0.000 0.000 0.000 0.000 0.000 0.000 0.000 0.000 0.000 0.000 0.000 0.000 0.000 1290.574 1935.305 2388.277 2805.555 3218.116 3636.982 4081.741 4571.613 5113.358 5700.539 6321.456 6969.535 7645.228 8353.962 9101.055 9888.124 10714.244 11579.570 12483.816 13425.369 14404.702 15424.403 16482.691 17571.922 18687.969 19832.469 20742.133 25032.281 15181.709 325.135 0.000 134.456 0.000 0.000 0.000 0.000 4.081 37.345 224.263 525.854 440.059 322.648 245.921 136.952 20.555 0.000 0.000 0.000 0.000 0.000 0.000 0.000 0.000 0.000 0.000 0.000 0.000 0.000 0.000
0.000 0.000 0.000 0.000 0.000 0.000 0.000 0.000 0.000 0.000 0.000 0.000 0.000 0.000 0.000 837.387 1618.536 2125.578 2556.959 2973.628 3391.229 3825.628 4296.966 4816.032 5380.066 5979.120 6605.017 7257.789 7943.866 8668.819 9433.804 10237.028 11076.823 11952.692 12864.719 13814.940 14803.215 15822.403 16869.523 17947.943 19141.324 20404.498 24263.715 18734.402 927.396 0.000 35.717 0.000 0.000 0.000 0.000 56.447 82.547 269.987 569.641 405.940 259.515 190.293 79.375 18.341 0.000 0.000 0.000 0.000 0.000 0.000 0.000 0.000 0.000 0.000 0.000 0.000 0.000 0.000
0.000 0.000 0.000 0.000 0.000 0.000 0.000 0.000 0.000 0.000 0.000 0.000 0.000 0.000 0.000 0.000 1153.921 1769.045 2225.449 2644.789 3057.008 3475.913 3921.667 4410.528 4944.592 5513.867 6108.100 6727.136 7379.595 8071.599 8802.354 9568.079 10366.299 11198.118 12065.320 12967.302 13899.994 14861.293 15866.347 16934.758 18167.076 19322.447 20031.154 24243.932 3091.055 11.763 0.000 0.000 0.000 0.000 0.000 188.020 257.979 403.118 503.930 311.653 191.775 125.938 48.204 0.000 0.000 0.000 0.000 0.000 0.000 0.000 0.000 0.000 0.000 0.000 0.000 0.000 0.000 0.000
0.000 0.000 0.000 0.000 0.000 0.000 0.000 0.000 0.000 0.000 0.000 0.000 0.000 0.000 0.000 0.000 0.000 1274.314 1792.600 2217.668 2617.656 3016.013 3430.408 3881.352 4373.280 4896.148 5441.292 6012.092 6618.333 7261.893 7937.921 8642.000 9373.777 10136.861 10932.271 11756.131 12606.564 13492.823 14444.413 15427.685 16464.303 17352.982 17310.314 24994.668 8069.197 214.181 0.000 0.000 13.330 67.745 122.168 222.695 385.389 396.299 303.035 191.110 98.574 20.718 0.000 0.000 0.000 0.000 0.000 0.000 0.000 0.000 0.000 0.000 0.000 0.000 0.000 0.000 0.000 0.000
0.000 0.000 0.000 0.000 0.000 0.000 0.000 0.000 0.000 0.000 0.000 0.000 0.000 0.000 0.000 0.000 0.000 723.162 1230.584 1683.314 2066.926 2437.137 2813.115 3210.648 3634.770 4083.284 4560.332 5069.826 5611.821 6180.632 6769.612 7377.547 8008.639 8666.451 9348.187 10049.559 10774.124 11540.739 12332.483 13072.822 13752.368 14432.801 14912.503 20210.133 13909.126 1053.650 18.636 0.000 17.852 62.554 133.673 207.211 277.374 232.331 161.407 95.382 35.633 14.295 0.000 0.000 0.000 0.000 0.000 0.000 0.000 0.000 0.000 0.000 0.000 0.000 0.000 0.000 0.000 0.000
0.000 0.000 0.000 0.000 0.000 0.000 0.000 0.000 0.000 0.000 0.000 0.000 0.000 0.000 0.000 0.000 0.000 0.000 691.263 1087.313 1426.605 1747.463 2056.977 2365.064 2685.105 3045.494 3451.539 3882.296 4326.663 4774.970 5225.572 5692.313 6182.513 6688.467 7203.268 7724.157 8253.013 8785.106 9269.992 9699.087 10192.269 10956.342 11691.300 14704.663 15798.021 2393.304 140.869 0.000 0.556 9.920 60.948 129.174 156.983 126.455 81.857 40.895 17.501 0.000 0.000 0.000 0.000 0.000 0.000 0.000 0.000 0.000 0.000 0.000 0.000 0.000 0.000 0.000 0.000 0.000
0.000 0.000 0.000 0.000 0.000 0.000 0.000 0.000 0.000 0.000 0.000 0.000 0.000 0.000 0.000 0.000 0.000 0.000 0.000 606.338 865.216 1085.052 1290.890 1491.593 1733.845 2035.998 2354.485 2650.827 2936.710 3222.379 3524.030 3852.834 4186.451 4513.832 4833.387 5145.188 5452.401 5753.006 6040.677 6336.639 6826.637 7494.310 8038.017 9753.144 13230.948 3488.718 363.904 0.000 5.855 19.970 55.381 102.804 94.535 65.122 35.007 17.253 0.000 0.000 0.000 0.000 0.000 0.000 0.000 0.000 0.000 0.000 0.000 0.000 0.000 0.000 0.000 0.000 0.000 0.000
0.000 0.000 0.000 0.000 0.000 0.000 0.000 0.000 0.000 0.000 0.000 0.000 0.000 0.000 0.000 0.000 0.000 0.000 0.000 0.000 460.563 587.517 712.773 802.649 1015.634 1239.127 1461.890 1624.241 1765.662 1914.789 2115.958 2345.471 2548.646 2732.681 2900.844 3061.392 3229.656 3411.402 3598.811 3808.186 4181.132 4585.357 4859.729 5832.471 8610.574 2767.543 246.563 0.000 9.220 31.917 57.259 78.531 51.792 23.079 13.448 0.000 0.000 0.000 0.000 0.000 0.000 0.000 0.000 0.000 0.000 0.000 0.000 0.000 0.000 0.000 0.000 0.000 0.000 0.000
0.000 0.000 0.000 0.000 0.000 0.000 0.000 0.000 0.000 0.000 0.000 0.000 0.000 0.000 0.000 0.000 0.000 0.000 0.000 0.000 0.000 0.000 337.152 375.919 510.777 632.729 753.008 816.604 863.624 895.656 1046.460 1185.603 1288.303 1380.075 1459.728 1546.192 1667.280 1793.082 1914.293 2044.272 2257.901 2452.372 2593.384 3073.227 4932.979 1876.457 137.580 0.000 7.379 19.328 45.910 51.129 10.843 9.173 0.000 0.000 0.000 0.000 0.000 0.000 0.000 0.000 0.000 0.000 0.000 0.000 0.000 0.000 0.000 0.000 0.000 0.000 0.000 0.000
