avaframe/data/avaParabola/Avaflow_Input/prefix_vflowx10006.asc
ncols 250
nrows 100
xllcenter 997.50
yllcenter -4997.50
cellsize 20.00
NODATA_value -9999.000
[rows 34 to 67 of 100, columns 77 to 153 of 250]
0.000 0.000 0.000 0.000 0.000 0.000 0.000 0.000 0.000 0.829 0.884 0.937 0.993 1.050 1.107 1.161 1.212 1.260 1.305 1.348 1.390 1.430 1.467 1.499 1.528 1.551 1.568 1.577 1.577 1.566 1.542 1.512 1.481 1.448 1.372 1.283 1.199 1.120 0.989 0.839 0.000 0.000 0.000 0.000 0.000 0.000 0.000 0.000 0.000 0.000 0.000 0.000 0.000 0.000 0.000 0.000 0.000 0.000 0.000 0.000 0.000 0.000 0.000 0.000 0.000 0.000 0.000 0.000 0.000 0.000 0.000 0.000 0.000 0.000 0.000 0.000 0.000
0.000 0.000 0.000 0.000 0.000 0.000 0.000 0.819 0.907 0.989 1.066 1.140 1.213 1.289 1.364 1.438 1.512 1.584 1.655 1.724 1.790 1.853 1.913 1.969 2.020 2.065 2.102 2.130 2.149 2.160 2.162 2.102 2.033 1.962 1.886 1.800 1.704 1.598 1.487 1.369 1.255 1.141 1.026 0.901 0.957 0.866 0.000 0.000 0.000 0.000 0.000 0.000 0.000 0.000 0.000 0.000 0.000 0.000 0.000 0.000 0.000 0.000 0.000 0.000 0.000 0.000 0.000 0.000 0.000 0.000 0.000 0.000 0.000 0.000 0.000 0.000 0.000
0.000 0.000 0.000 0.000 0.000 0.000 0.871 0.977 1.076 1.174 1.272 1.369 1.467 1.566 1.665 1.764 1.862 1.959 2.055 2.149 2.241 2.330 2.417 2.502 2.584 2.659 2.726 2.785 2.813 2.791 2.760 2.722 2.676 2.622 2.559 2.483 2.394 2.296 2.193 2.083 1.965 1.836 1.702 1.573 1.462 1.360 1.255 1.122 0.745 0.000 0.000 0.000 0.000 0.000 0.000 0.000 0.000 0.000 0.000 0.000 0.000 0.000 0.000 0.000 0.000 0.000 0.000 0.000 0.000 0.000 0.000 0.000 0.000 0.000 0.000 0.000 0.000
0.000 0.000 0.000 0.000 0.000 0.914 1.034 1.151 1.265 1.380 1.497 1.617 1.739 1.864 1.988 2.113 2.238 2.362 2.484 2.606 2.727 2.847 2.966 3.087 3.207 3.319 3.423 3.448 3.466 3.476 3.478 3.472 3.455 3.427 3.390 3.338 3.277 3.205 3.123 3.030 2.923 2.800 2.663 2.540 2.457 2.386 2.282 2.097 1.614 0.909 0.000 0.000 0.000 0.000 0.000 0.000 0.000 0.000 0.000 0.000 0.000 0.000 0.000 0.000 0.000 0.000 0.000 0.000 0.000 0.000 0.000 0.000 0.000 0.000 0.000 0.000 0.000
0.000 0.000 0.000 0.000 0.948 1.079 1.208 1.338 1.469 1.603 1.741 1.884 2.031 2.180 2.331 2.482 2.635 2.788 2.941 3.094 3.247 3.400 3.554 3.712 3.872 4.010 4.081 4.142 4.197 4.247 4.288 4.320 4.343 4.355 4.358 4.350 4.330 4.296 4.253 4.194 4.119 4.027 3.919 3.830 3.763 3.627 3.340 3.096 2.571 1.647 0.683 0.000 0.000 0.000 0.000 0.000 0.000 0.000 0.000 0.000 0.000 0.000 0.000 0.000 0.000 0.000 0.000 0.000 0.000 0.000 0.000 0.000 0.000 0.000 0.000 0.000 0.000
0.000 0.000 0.000 0.968 1.108 1.250 1.393 1.538 1.688 1.844 2.006 2.173 2.344 2.519 2.695 2.873 3.053 3.233 3.415 3.597 3.780 3.964 4.149 4.334 4.520 4.667 4.773 4.872 4.967 5.058 5.144 5.225 5.297 5.364 5.423 5.471 5.506 5.526 5.535 5.527 5.503 5.468 5.412 5.331 5.174 4.869 4.257 3.903 3.418 2.483 1.374 0.058 0.000 0.000 0.000 0.000 0.000 0.000 0.000 0.000 0.000 0.000 0.000 0.000 0.000 0.000 0.000 0.000 0.000 0.000 0.000 0.000 0.000 0.000 0.000 0.000 0.000
0.000 0.000 0.976 1.124 1.272 1.426 1.584 1.746 1.914 2.087 2.265 2.448 2.634 2.823 3.015 3.208 3.402 3.598 3.795 3.993 4.191 4.391 4.591 4.791 4.992 5.191 5.391 5.581 5.715 5.846 5.976 6.102 6.219 6.332 6.438 6.537 6.628 6.708 6.777 6.832 6.875 6.907 6.856 6.726 6.490 5.942 4.958 4.471 4.084 3.320 2.211 0.537 0.000 0.000 0.000 0.000 0.000 0.000 0.000 0.000 0.000 0.000 0.000 0.000 0.000 0.000 0.000 0.000 0.000 0.000 0.000 0.000 0.000 0.000 0.000 0.000 0.000
0.000 0.956 1.108 1.255 1.407 1.570 1.738 1.911 2.089 2.271 2.458 2.649 2.844 3.042 3.241 3.443 3.646 3.851 4.058 4.266 4.475 4.684 4.895 5.105 5.316 5.527 5.737 5.947 6.158 6.371 6.575 6.733 6.889 7.046 7.201 7.349 7.491 7.628 7.760 7.887 8.009 8.130 8.197 8.118 7.677 6.735 5.387 4.821 4.560 4.033 2.984 0.872 0.000 0.000 0.000 0.000 0.000 0.000 0.000 0.000 0.000 0.000 0.000 0.000 0.000 0.000 0.000 0.000 0.000 0.000 0.000 0.000 0.000 0.000 0.000 0.000 0.000
0.895 1.053 1.199 1.345 1.502 1.670 1.847 2.027 2.211 2.400 2.592 2.789 2.990 3.193 3.397 3.604 3.814 4.025 4.237 4.451 4.666 4.882 5.099 5.317 5.534 5.753 5.971 6.189 6.408 6.629 6.852 7.076 7.300 7.474 7.647 7.818 7.984 8.148 8.311 8.474 8.636 8.795 8.925 8.940 8.432 7.027 5.450 4.962 4.847 4.632 3.621 1.112 0.000 0.000 0.000 0.000 0.000 0.000 0.000 0.000 0.000 0.000 0.000 0.000 0.000 0.000 0.000 0.000 0.000 0.000 0.000 0.000 0.000 0.000 0.000 0.000 0.000
0.957 1.115 1.261 1.407 1.566 1.739 1.921 2.106 2.295 2.487 2.683 2.884 3.088 3.294 3.502 3.713 3.925 4.140 4.356 4.574 4.793 5.013 5.234 5.455 5.678 5.900 6.123 6.346 6.571 6.798 7.025 7.252 7.475 7.696 7.919 8.105 8.284 8.466 8.651 8.837 9.021 9.199 9.352 9.356 8.561 6.416 5.184 4.969 4.960 4.968 4.152 1.169 0.000 0.000 0.000 0.000 0.000 0.000 0.000 0.000 0.000 0.000 0.000 0.000 0.000 0.000 0.000 0.000 0.000 0.000 0.000 0.000 0.000 0.000 0.000 0.000 0.000
0.994 1.154 1.300 1.447 1.609 1.784 1.969 2.159 2.350 2.545 2.743 2.946 3.152 3.360 3.571 3.783 3.998 4.215 4.433 4.653 4.874 5.097 5.320 5.544 5.769 5.995 6.221 6.448 6.676 6.906 7.135 7.362 7.585 7.807 8.032 8.269 8.467 8.662 8.861 9.060 9.253 9.442 9.600 9.464 8.017 5.666 4.991 5.020 4.939 5.036 4.455 1.153 0.000 0.000 0.000 0.000 0.000 0.000 0.000 0.000 0.000 0.000 0.000 0.000 0.000 0.000 0.000 0.000 0.000 0.000 0.000 0.000 0.000 0.000 0.000 0.000 0.000
1.015 1.178 1.325 1.473 1.636 1.813 2.000 2.192 2.385 2.581 2.781 2.985 3.192 3.402 3.613 3.827 4.043 4.261 4.481 4.702 4.925 5.149 5.374 5.599 5.826 6.053 6.281 6.510 6.741 6.971 7.199 7.424 7.647 7.874 8.108 8.353 8.584 8.788 8.993 9.195 9.391 9.588 9.763 9.216 6.996 5.146 4.931 4.979 4.897 5.034 4.493 1.038 0.000 0.000 0.000 0.000 0.000 0.000 0.000 0.000 0.000 0.000 0.000 0.000 0.000 0.000 0.000 0.000 0.000 0.000 0.000 0.000 0.000 0.000 0.000 0.000 0.000
1.026 1.192 1.340 1.489 1.652 1.830 2.019 2.211 2.406 2.603 2.803 3.008 3.216 3.426 3.638 3.853 4.069 4.288 4.509 4.731 4.954 5.179 5.405 5.631 5.858 6.087 6.316 6.546 6.777 7.007 7.234 7.459 7.687 7.922 8.166 8.412 8.654 8.873 9.075 9.273 9.466 9.657 9.778 8.640 6.053 4.863 4.958 4.907 4.876 5.107 3.724 0.767 0.000 0.000 0.000 0.000 0.000 0.000 0.000 0.000 0.000 0.000 0.000 0.000 0.000 0.000 0.000 0.000 0.000 0.000 0.000 0.000 0.000 0.000 0.000 0.000 0.000
1.031 1.198 1.348 1.498 1.662 1.840 2.029 2.222 2.417 2.614 2.815 3.020 3.229 3.439 3.652 3.867 4.084 4.303 4.524 4.747 4.971 5.196 5.422 5.649 5.877 6.106 6.336 6.567 6.797 7.025 7.251 7.480 7.716 7.960 8.207 8.448 8.681 8.912 9.116 9.309 9.501 9.686 9.615 7.864 5.422 4.809 4.939 4.973 4.905 5.212 2.569 0.514 0.000 0.000 0.000 0.000 0.000 0.000 0.000 0.000 0.000 0.000 0.000 0.000 0.000 0.000 0.000 0.000 0.000 0.000 0.000 0.000 0.000 0.000 0.000 0.000 0.000
1.033 1.201 1.352 1.502 1.666 1.845 2.034 2.227 2.422 2.620 2.821 3.026 3.235 3.446 3.659 3.874 4.091 4.310 4.532 4.754 4.979 5.204 5.430 5.658 5.886 6.116 6.346 6.576 6.804 7.030 7.259 7.495 7.741 7.988 8.228 8.458 8.682 8.910 9.132 9.323 9.520 9.703 9.315 7.091 5.145 4.949 4.975 5.086 5.011 5.118 1.688 0.150 0.000 0.000 0.000 0.000 0.000 0.000 0.000 0.000 0.000 0.000 0.000 0.000 0.000 0.000 0.000 0.000 0.000 0.000 0.000 0.000 0.000 0.000 0.000 0.000 0.000
1.033 1.201 1.352 1.503 1.668 1.847 2.035 2.229 2.424 2.621 2.822 3.028 3.236 3.447 3.660 3.876 4.093 4.313 4.534 4.757 4.981 5.206 5.433 5.660 5.889 6.119 6.349 6.578 6.805 7.032 7.268 7.515 7.765 8.005 8.235 8.455 8.671 8.904 9.133 9.327 9.532 9.718 8.951 6.485 5.078 5.149 5.116 5.148 5.317 4.613 1.045 0.000 0.000 0.000 0.000 0.000 0.000 0.000 0.000 0.000 0.000 0.000 0.000 0.000 0.000 0.000 0.000 0.000 0.000 0.000 0.000 0.000 0.000 0.000 0.000 0.000 0.000
1.031 1.200 1.352 1.503 1.668 1.847 2.036 2.228 2.423 2.621 2.822 3.028 3.236 3.447 3.661 3.876 4.093 4.313 4.534 4.757 4.981 5.207 5.433 5.661 5.890 6.120 6.349 6.576 6.802 7.035 7.284 7.537 7.778 8.005 8.217 8.423 8.650 8.902 9.126 9.328 9.543 9.735 8.529 6.091 5.201 5.313 5.314 5.238 5.543 2.692 0.586 0.000 0.000 0.000 0.000 0.000 0.000 0.000 0.000 0.000 0.000 0.000 0.000 0.000 0.000 0.000 0.000 0.000 0.000 0.000 0.000 0.000 0.000 0.000 0.000 0.000 0.000
1.026 1.196 1.349 1.501 1.667 1.846 2.034 2.226 2.421 2.619 2.820 3.025 3.234 3.445 3.658 3.874 4.091 4.311 4.532 4.755 4.979 5.204 5.431 5.658 5.887 6.117 6.344 6.570 6.801 7.048 7.303 7.545 7.769 7.971 8.168 8.390 8.647 8.918 9.125 9.345 9.576 9.687 8.093 5.861 5.452 5.485 5.476 5.590 5.252 1.467 0.291 0.000 0.000 0.000 0.000 0.000 0.000 0.000 0.000 0.000 0.000 0.000 0.000 0.000 0.000 0.000 0.000 0.000 0.000 0.000 0.000 0.000 0.000 0.000 0.000 0.000 0.000
1.017 1.186 1.341 1.496 1.663 1.841 2.029 2.220 2.415 2.612 2.814 3.019 3.227 3.438 3.652 3.867 4.084 4.304 4.525 4.748 4.972 5.197 5.423 5.651 5.880 6.107 6.333 6.562 6.808 7.065 7.310 7.529 7.717 7.907 8.133 8.399 8.708 8.921 9.163 9.399 9.617 9.546 7.709 5.899 5.760 5.683 5.738 5.748 3.099 0.756 0.000 0.000 0.000 0.000 0.000 0.000 0.000 0.000 0.000 0.000 0.000 0.000 0.000 0.000 0.000 0.000 0.000 0.000 0.000 0.000 0.000 0.000 0.000 0.000 0.000 0.000 0.000
1.000 1.170 1.327 1.484 1.652 1.830 2.017 2.208 2.402 2.599 2.800 3.005 3.213 3.424 3.638 3.853 4.070 4.290 4.510 4.733 4.957 5.182 5.409 5.636 5.864 6.091 6.319 6.560 6.817 7.065 7.278 7.455 7.641 7.870 8.160 8.495 8.719 8.992 9.239 9.438 9.637 9.357 7.462 6.138 6.004 5.910 6.052 5.273 1.503 0.365 0.000 0.000 0.000 0.000 0.000 0.000 0.000 0.000 0.000 0.000 0.000 0.000 0.000 0.000 0.000 0.000 0.000 0.000 0.000 0.000 0.000 0.000 0.000 0.000 0.000 0.000 0.000
0.972 1.142 1.303 1.463 1.632 1.810 1.995 2.185 2.378 2.575 2.776 2.980 3.188 3.399 3.612 3.827 4.044 4.263 4.483 4.706 4.929 5.154 5.381 5.609 5.836 6.065 6.302 6.556 6.804 7.014 7.184 7.367 7.608 7.927 8.279 8.528 8.833 8.986 9.130 9.421 9.590 9.106 7.343 6.362 6.212 6.266 5.800 2.549 0.683 0.000 0.000 0.000 0.000 0.000 0.000 0.000 0.000 0.000 0.000 0.000 0.000 0.000 0.000 0.000 0.000 0.000 0.000 0.000 0.000 0.000 0.000 0.000 0.000 0.000 0.000 0.000 0.000
0.928 1.100 1.262 1.426 1.597 1.775 1.959 2.147 2.339 2.535 2.735 2.939 3.146 3.356 3.569 3.783 3.999 4.218 4.438 4.660 4.883 5.109 5.335 5.564 5.793 6.027 6.273 6.519 6.732 6.904 7.090 7.341 7.697 8.067 8.349 8.602 8.687 8.705 8.953 9.316 9.544 8.820 7.229 6.535 6.454 5.972 3.571 1.095 0.292 0.000 0.000 0.000 0.000 0.000 0.000 0.000 0.000 0.000 0.000 0.000 0.000 0.000 0.000 0.000 0.000 0.000 0.000 0.000 0.000 0.000 0.000 0.000 0.000 0.000 0.000 0.000 0.000
0.863 1.034 1.199 1.367 1.540 1.718 1.901 2.088 2.278 2.473 2.671 2.874 3.080 3.289 3.500 3.713 3.928 4.146 4.366 4.588 4.811 5.036 5.263 5.492 5.723 5.958 6.193 6.407 6.591 6.783 7.052 7.414 7.844 8.131 8.293 8.255 8.204 8.325 8.922 9.142 9.445 8.374 7.033 6.659 6.026 4.222 1.459 0.436 0.000 0.000 0.000 0.000 0.000 0.000 0.000 0.000 0.000 0.000 0.000 0.000 0.000 0.000 0.000 0.000 0.000 0.000 0.000 0.000 0.000 0.000 0.000 0.000 0.000 0.000 0.000 0.000 0.000
0.770 0.935 1.104 1.277 1.453 1.631 1.812 1.997 2.185 2.378 2.574 2.775 2.978 3.185 3.394 3.605 3.819 4.035 4.254 4.474 4.695 4.918 5.142 5.367 5.592 5.813 6.021 6.214 6.425 6.698 7.086 7.487 7.778 7.807 7.674 7.562 7.700 8.412 8.581 9.196 8.829 7.684 6.890 6.017 4.270 1.649 0.573 0.110 0.000 0.000 0.000 0.000 0.000 0.000 0.000 0.000 0.000 0.000 0.000 0.000 0.000 0.000 0.000 0.000 0.000 0.000 0.000 0.000 0.000 0.000 0.000 0.000 0.000 0.000 0.000 0.000 0.000
0.000 0.794 0.963 1.143 1.322 1.501 1.680 1.862 2.048 2.237 2.430 2.626 2.826 3.029 3.234 3.441 3.652 3.864 4.078 4.292 4.506 4.719 4.931 5.141 5.348 5.548 5.746 5.959 6.251 6.638 6.992 7.197 7.083 6.859 6.752 6.921 7.509 8.022 8.583 8.823 7.946 6.906 5.741 3.780 1.619 0.622 0.195 0.000 0.000 0.000 0.000 0.000 0.000 0.000 0.000 0.000 0.000 0.000 0.000 0.000 0.000 0.000 0.000 0.000 0.000 0.000 0.000 0.000 0.000 0.000 0.000 0.000 0.000 0.000 0.000 0.000 0.000
0.000 0.641 0.786 0.954 1.131 1.309 1.488 1.667 1.849 2.032 2.219 2.410 2.603 2.797 2.995 3.194 3.395 3.595 3.794 3.989 4.182 4.372 4.559 4.746 4.934 5.133 5.351 5.614 5.920 6.190 6.229 6.053 5.814 5.755 5.963 6.521 7.279 7.705 8.297 7.724 6.490 5.258 2.978 1.402 0.589 0.211 0.000 0.000 0.000 0.000 0.000 0.000 0.000 0.000 0.000 0.000 0.000 0.000 0.000 0.000 0.000 0.000 0.000 0.000 0.000 0.000 0.000 0.000 0.000 0.000 0.000 0.000 0.000 0.000 0.000 0.000 0.000
0.000 0.000 0.624 0.752 0.903 1.068 1.235 1.402 1.572 1.745 1.920 2.097 2.274 2.453 2.633 2.813 2.989 3.159 3.322 3.478 3.629 3.777 3.925 4.085 4.264 4.466 4.669 4.846 4.942 4.896 4.764 4.631 4.612 4.780 5.278 6.091 6.789 7.014 6.664 5.317 3.684 2.142 1.090 0.496 0.186 0.000 0.000 0.000 0.000 0.000 0.000 0.000 0.000 0.000 0.000 0.000 0.000 0.000 0.000 0.000 0.000 0.000 0.000 0.000 0.000 0.000 0.000 0.000 0.000 0.000 0.000 0.000 0.000 0.000 0.000 0.000 0.000
0.000 0.000 0.000 0.000 0.685 0.830 0.974 1.122 1.274 1.424 1.574 1.720 1.866 2.012 2.157 2.298 2.432 2.556 2.673 2.785 2.892 2.996 3.103 3.220 3.354 3.480 3.571 3.608 3.597 3.541 3.473 3.456 3.511 3.768 4.231 4.621 4.606 4.246 3.424 2.363 1.439 0.778 0.377 0.150 0.000 0.000 0.000 0.000 0.000 0.000 0.000 0.000 0.000 0.000 0.000 0.000 0.000 0.000 0.000 0.000 0.000 0.000 0.000 0.000 0.000 0.000 0.000 0.000 0.000 0.000 0.000 0.000 0.000 0.000 0.000 0.000 0.000
0.000 0.000 0.000 0.000 0.000 0.605 0.712 0.847 0.979 1.106 1.229 1.350 1.469 1.584 1.694 1.797 1.892 1.979 2.060 2.136 2.209 2.280 2.350 2.422 2.493 2.543 2.563 2.554 2.518 2.472 2.451 2.455 2.510 2.648 2.792 2.773 2.567 2.086 1.460 0.919 0.520 0.259 0.109 0.000 0.000 0.000 0.000 0.000 0.000 0.000 0.000 0.000 0.000 0.000 0.000 0.000 0.000 0.000 0.000 0.000 0.000 0.000 0.000 0.000 0.000 0.000 0.000 0.000 0.000 0.000 0.000 0.000 0.000 0.000 0.000 0.000 0.000
0.000 0.000 0.000 0.000 0.000 0.000 0.000 0.586 0.691 0.785 0.889 0.997 1.095 1.181 1.261 1.334 1.399 1.458 1.512 1.562 1.609 1.652 1.693 1.728 1.753 1.764 1.758 1.731 1.688 1.658 1.643 1.639 1.650 1.669 1.632 1.504 1.240 0.877 0.563 0.324 0.159 0.000 0.000 0.000 0.000 0.000 0.000 0.000 0.000 0.000 0.000 0.000 0.000 0.000 0.000 0.000 0.000 0.000 0.000 0.000 0.000 0.000 0.000 0.000 0.000 0.000 0.000 0.000 0.000 0.000 0.000 0.000 0.000 0.000 0.000 0.000 0.000
0.000 0.000 0.000 0.000 0.000 0.000 0.000 0.000 0.000 0.461 0.568 0.675 0.748 0.799 0.858 0.908 0.951 0.988 1.022 1.053 1.081 1.105 1.125 1.137 1.142 1.139 1.124 1.094 1.062 1.039 1.021 1.005 0.983 0.943 0.854 0.705 0.510 0.321 0.179 0.000 0.000 0.000 0.000 0.000 0.000 0.000 0.000 0.000 0.000 0.000 0.000 0.000 0.000 0.000 0.000 0.000 0.000 0.000 0.000 0.000 0.000 0.000 0.000 0.000 0.000 0.000 0.000 0.000 0.000 0.000 0.000 0.000 0.000 0.000 0.000 0.000 0.000
0.000 0.000 0.000 0.000 0.000 0.000 0.000 0.000 0.000 0.000 0.000 0.000 0.420 0.439 0.477 0.507 0.531 0.551 0.569 0.585 0.599 0.610 0.618 0.621 0.621 0.616 0.604 0.583 0.565 0.550 0.536 0.520 0.496 0.456 0.374 0.263 0.163 0.000 0.000 0.000 0.000 0.000 0.000 0.000 0.000 0.000 0.000 0.000 0.000 0.000 0.000 0.000 0.000 0.000 0.000 0.000 0.000 0.000 0.000 0.000 0.000 0.000 0.000 0.000 0.000 0.000 0.000 0.000 0.000 0.000 0.000 0.000 0.000 0.000 0.000 0.000 0.000
0.000 0.000 0.000 0.000 0.000 0.000 0.000 0.000 0.000 0.000 0.000 0.000 0.000 0.000 0.000 0.000 0.000 0.000 0.000 0.000 0.000 0.000 0.000 0.000 0.000 0.000 0.000 0.000 0.000 0.000 0.000 0.000 0.000 0.000 0.000 0.000 0.000 0.000 0.000 0.000 0.000 0.000 0.000 0.000 0.000 0.000 0.000 0.000 0.000 0.000 0.000 0.000 0.000 0.000 0.000 0.000 0.000 0.000 0.000 0.000 0.000 0.000 0.000 0.000 0.000 0.000 0.000 0.000 0.000 0.000 0.000 0.000 0.000 0.000 0.000 0.000 0.000
0.000 0.000 0.000 0.000 0.000 0.000 0.000 0.000 0.000 0.000 0.000 0.000 0.000 0.000 0.000 0.000 0.000 0.000 0.000 0.000 0.000 0.000 0.000 0.000 0.000 0.000 0.000 0.000 0.000 0.000 0.000 0.000 0.000 0.000 0.000 0.000 0.000 0.000 0.000 0.000 0.000 0.000 0.000 0.000 0.000 0.000 0.000 0.000 0.000 0.000 0.000 0.000 0.000 0.000 0.000 0.000 0.000 0.000 0.000 0.000 0.000 0.000 0.000 0.000 0.000 0.000 0.000 0.000 0.000 0.000 0.000 0.000 0.000 0.000 0.000 0.000 0.000
