avaframe/data/avaParabola/Avaflow_Input/prefix_tflow10016.asc
ncols 250
nrows 100
xllcenter 997.50
yllcenter -4997.50
cellsize 20.00
NODATA_value -9999.000
[rows 33 to 65 of 100, columns 76 to 151 of 250]
0.000 0.000 0.000 0.000 0.000 0.000 0.000 0.000 0.000 0.000 0.000 0.000 0.000 0.000 0.000 0.000 0.000 0.000 0.000 0.000 0.000 0.000 0.000 0.000 0.000 0.000 1.108 1.511 2.151 2.826 3.482 4.165 4.787 5.370 5.945 6.522 7.135 7.809 8.469 9.177 10.686 12.835 14.245 3.579 0.000 0.029 0.216 0.401 0.518 0.600 0.606 0.467 0.148 0.000 0.000 0.000 0.000 0.000 0.000 0.000 0.000 0.000 0.000 0.000 0.000 0.000 0.000 0.000 0.000 0.000 0.000 0.000 0.000 0.000 0.000 0.000
0.000 0.000 0.000 0.000 0.000 0.000 0.000 0.000 0.000 0.000 0.000 0.000 0.000 0.000 0.000 0.000 0.000 0.000 0.000 0.000 0.000 0.000 0.000 0.000 0.000 1.445 2.405 3.426 4.470 5.564 6.659 7.759 8.912 10.178 11.570 13.051 14.578 16.160 17.826 19.643 23.112 27.896 32.732 8.085 0.000 0.050 0.804 1.531 2.015 2.317 2.413 2.047 0.859 0.074 0.003 0.000 0.000 0.000 0.000 0.000 0.000 0.000 0.000 0.000 0.000 0.000 0.000 0.000 0.000 0.000 0.000 0.000 0.000 0.000 0.000 0.000
0.000 0.000 0.000 0.000 0.000 0.000 0.000 0.000 0.000 0.000 0.000 0.000 0.000 0.000 0.000 0.000 0.000 0.000 0.000 0.000 0.000 0.000 0.000 0.000 1.903 3.468 5.010 6.518 8.058 9.693 11.439 13.344 15.491 17.934 20.672 23.655 26.833 30.181 33.788 37.656 44.664 54.116 65.843 13.965 0.000 0.364 2.351 4.260 5.636 6.487 6.887 6.088 3.503 1.347 0.440 0.132 0.000 0.000 0.000 0.000 0.000 0.000 0.000 0.000 0.000 0.000 0.000 0.000 0.000 0.000 0.000 0.000 0.000 0.000 0.000 0.000
0.000 0.000 0.000 0.000 0.000 0.000 0.000 0.000 0.000 0.000 0.000 0.000 0.000 0.000 0.000 0.000 0.000 0.000 0.000 0.000 0.000 0.000 0.000 2.296 4.508 6.775 8.801 10.841 13.023 15.439 18.183 21.333 24.959 29.122 33.844 39.093 44.821 51.026 57.919 65.347 77.042 96.556 114.087 20.710 0.000 2.230 7.041 10.778 13.271 14.800 15.152 13.096 8.980 4.965 2.087 0.660 0.166 0.000 0.000 0.000 0.000 0.000 0.000 0.000 0.000 0.000 0.000 0.000 0.000 0.000 0.000 0.000 0.000 0.000 0.000 0.000
0.000 0.000 0.000 0.000 0.000 0.000 0.000 0.000 0.000 0.000 0.000 0.000 0.000 0.000 0.000 0.000 0.000 0.000 0.000 0.000 0.000 0.000 2.760 5.378 8.233 10.859 13.490 16.317 19.499 23.176 27.456 32.411 38.104 44.633 52.105 60.564 69.991 80.453 92.203 104.877 123.486 168.804 162.745 22.124 0.000 5.982 18.210 26.346 30.391 31.506 29.735 23.560 18.449 13.308 7.336 2.716 0.683 0.116 0.000 0.000 0.000 0.000 0.000 0.000 0.000 0.000 0.000 0.000 0.000 0.000 0.000 0.000 0.000 0.000 0.000 0.000
0.000 0.000 0.000 0.000 0.000 0.000 0.000 0.000 0.000 0.000 0.000 0.000 0.000 0.000 0.000 0.000 0.000 0.000 0.000 0.000 0.000 2.896 6.021 9.249 12.387 15.603 19.077 23.002 27.589 33.033 39.422 46.776 55.148 64.676 75.549 87.936 101.873 117.457 135.027 154.316 185.612 275.321 185.020 14.514 2.564 1.729 11.158 27.733 52.473 64.843 58.787 42.962 34.646 25.666 16.034 7.480 2.360 0.439 0.058 0.000 0.000 0.000 0.000 0.000 0.000 0.000 0.000 0.000 0.000 0.000 0.000 0.000 0.000 0.000 0.000 0.000
0.000 0.000 0.000 0.000 0.000 0.000 0.000 0.000 0.000 0.000 0.000 0.000 0.000 0.000 0.000 0.000 0.000 0.000 0.000 0.000 2.570 6.192 9.700 13.180 16.808 20.741 25.175 30.360 36.583 44.037 52.762 62.730 73.987 86.691 101.071 117.373 135.666 156.245 179.724 203.734 253.615 375.299 161.143 5.452 16.936 5.270 0.000 6.565 76.859 125.146 118.376 86.161 64.005 38.011 21.657 13.082 6.469 1.826 0.072 0.000 0.000 0.000 0.000 0.000 0.000 0.000 0.000 0.000 0.000 0.000 0.000 0.000 0.000 0.000 0.000 0.000
0.000 0.000 0.000 0.000 0.000 0.000 0.000 0.000 0.000 0.000 0.000 0.000 0.000 0.000 0.000 0.000 0.000 0.000 0.000 2.006 5.430 9.459 13.139 16.980 21.149 25.804 31.178 37.602 45.391 54.714 65.579 77.945 91.848 107.442 124.971 144.727 166.806 192.068 220.798 249.034 311.801 471.706 98.059 0.000 0.226 4.484 7.327 23.130 128.722 229.053 232.074 186.312 129.066 60.422 28.886 20.067 13.903 5.891 1.222 0.167 0.000 0.000 0.000 0.000 0.000 0.000 0.000 0.000 0.000 0.000 0.000 0.000 0.000 0.000 0.000 0.000
0.000 0.000 0.000 0.000 0.000 0.000 0.000 0.000 0.000 0.000 0.000 0.000 0.000 0.000 0.000 0.000 0.000 0.000 0.000 4.012 8.362 12.296 16.196 20.412 25.076 30.366 36.585 44.119 53.279 64.205 76.894 91.312 107.488 125.555 145.740 168.348 193.640 223.090 255.287 289.365 390.222 533.752 44.796 0.000 20.949 65.172 84.594 129.845 215.632 287.727 327.551 322.216 253.688 128.650 62.067 37.239 22.036 8.928 2.414 0.416 0.046 0.000 0.000 0.000 0.000 0.000 0.000 0.000 0.000 0.000 0.000 0.000 0.000 0.000 0.000 0.000
0.000 0.000 0.000 0.000 0.000 0.000 0.000 0.000 0.000 0.000 0.000 0.000 0.000 0.000 0.000 0.000 0.000 0.000 2.238 6.344 10.711 14.646 18.779 23.320 28.391 34.204 41.123 49.566 59.833 72.052 86.224 102.316 120.347 140.426 162.746 187.580 215.582 248.129 281.606 327.174 480.937 537.412 21.723 13.513 81.004 195.704 250.819 204.867 187.113 219.412 343.095 427.675 393.733 233.249 117.896 54.451 22.219 7.560 2.104 0.426 0.014 0.000 0.000 0.000 0.000 0.000 0.000 0.000 0.000 0.000 0.000 0.000 0.000 0.000 0.000 0.000
0.000 0.000 0.000 0.000 0.000 0.000 0.000 0.000 0.000 0.000 0.000 0.000 0.000 0.000 0.000 0.000 0.000 0.000 3.856 8.404 12.506 16.509 20.846 25.650 31.039 37.263 44.726 53.856 64.955 78.157 93.474 110.877 130.364 152.012 175.996 202.525 232.726 267.353 300.472 384.254 557.250 511.271 8.119 3.981 4.952 2.633 41.564 132.676 107.738 123.654 322.387 486.193 443.352 243.233 118.432 49.174 17.864 5.785 1.630 0.374 0.057 0.000 0.000 0.000 0.000 0.000 0.000 0.000 0.000 0.000 0.000 0.000 0.000 0.000 0.000 0.000
0.000 0.000 0.000 0.000 0.000 0.000 0.000 0.000 0.000 0.000 0.000 0.000 0.000 0.000 0.000 0.000 0.000 0.000 5.505 9.892 13.821 17.913 22.415 27.422 33.055 39.593 47.455 57.075 68.765 82.672 98.824 117.199 137.775 160.596 185.813 213.609 245.447 281.567 314.578 439.832 624.322 421.200 0.283 0.000 0.000 5.611 20.088 67.620 74.228 100.785 291.789 449.585 390.131 198.038 93.887 37.685 13.203 4.180 1.197 0.295 0.034 0.000 0.000 0.000 0.000 0.000 0.000 0.000 0.000 0.000 0.000 0.000 0.000 0.000 0.000 0.000
0.000 0.000 0.000 0.000 0.000 0.000 0.000 0.000 0.000 0.000 0.000 0.000 0.000 0.000 0.000 0.000 0.000 2.351 6.750 10.857 14.737 18.914 23.543 28.701 34.518 41.286 49.429 59.383 71.473 85.865 102.599 121.652 142.990 166.633 192.718 221.383 254.195 291.558 322.709 454.657 671.024 271.138 0.000 0.000 39.507 99.985 126.986 110.531 132.728 191.703 306.032 353.056 248.261 113.136 49.227 18.425 6.123 1.859 0.519 0.126 0.012 0.000 0.000 0.000 0.000 0.000 0.000 0.000 0.000 0.000 0.000 0.000 0.000 0.000 0.000 0.000
0.000 0.000 0.000 0.000 0.000 0.000 0.000 0.000 0.000 0.000 0.000 0.000 0.000 0.000 0.000 0.000 0.000 3.150 7.471 11.442 15.333 19.580 24.303 29.568 35.516 42.446 50.782 60.960 73.311 88.018 105.135 124.635 146.473 170.653 197.307 226.543 259.842 297.891 327.858 456.523 718.936 155.237 0.000 17.912 135.425 233.984 249.675 260.571 291.761 311.301 272.309 175.906 78.123 28.986 9.989 3.152 0.903 0.214 0.042 0.007 0.001 0.000 0.000 0.000 0.000 0.000 0.000 0.000 0.000 0.000 0.000 0.000 0.000 0.000 0.000 0.000
0.000 0.000 0.000 0.000 0.000 0.000 0.000 0.000 0.000 0.000 0.000 0.000 0.000 0.000 0.000 0.000 0.000 3.464 7.829 11.768 15.686 19.983 24.769 30.106 36.141 43.178 51.641 61.966 74.487 89.394 106.744 126.510 148.639 173.137 200.137 229.737 263.372 301.861 329.634 457.259 780.614 87.762 0.000 28.077 133.556 210.873 232.312 241.016 234.124 186.532 101.497 33.266 9.032 2.191 0.377 0.007 0.000 0.000 0.000 0.000 0.000 0.000 0.000 0.000 0.000 0.000 0.000 0.000 0.000 0.000 0.000 0.000 0.000 0.000 0.000 0.000
0.000 0.000 0.000 0.000 0.000 0.000 0.000 0.000 0.000 0.000 0.000 0.000 0.000 0.000 0.000 0.000 0.000 3.563 7.977 11.926 15.866 20.194 25.017 30.396 36.482 43.582 52.123 62.543 75.176 90.207 107.689 127.588 149.854 174.503 201.685 231.489 265.358 304.338 334.206 470.187 807.514 55.556 0.000 16.197 56.838 79.231 80.446 65.905 37.857 16.410 3.996 0.352 0.051 0.000 0.007 0.003 0.022 0.032 0.007 0.002 0.000 0.000 0.000 0.000 0.000 0.000 0.000 0.000 0.000 0.000 0.000 0.000 0.000 0.000 0.000 0.000
0.000 0.000 0.000 0.000 0.000 0.000 0.000 0.000 0.000 0.000 0.000 0.000 0.000 0.000 0.000 0.000 0.000 3.588 8.023 11.983 15.934 20.277 25.117 30.516 36.625 43.755 52.337 62.815 75.524 90.636 108.186 128.131 150.427 175.111 202.357 232.257 266.241 305.540 339.028 491.720 793.050 47.220 0.000 1.884 4.936 2.852 0.596 0.528 0.299 0.001 0.183 0.644 0.251 6.796 6.687 4.616 2.022 0.807 0.266 0.070 0.009 0.000 0.000 0.000 0.000 0.000 0.000 0.000 0.000 0.000 0.000 0.000 0.000 0.000 0.000 0.000
0.000 0.000 0.000 0.000 0.000 0.000 0.000 0.000 0.000 0.000 0.000 0.000 0.000 0.000 0.000 0.000 0.000 3.586 8.024 11.986 15.942 20.289 25.135 30.541 36.656 43.794 52.391 62.897 75.650 90.814 108.404 128.355 150.627 175.283 202.522 232.437 266.473 305.891 340.265 503.833 779.039 44.814 0.000 0.000 0.024 0.165 0.515 4.082 12.519 19.853 37.680 127.965 181.896 96.455 50.254 22.175 8.359 2.811 0.816 0.189 0.029 0.000 0.000 0.000 0.000 0.000 0.000 0.000 0.000 0.000 0.000 0.000 0.000 0.000 0.000 0.000
0.000 0.000 0.000 0.000 0.000 0.000 0.000 0.000 0.000 0.000 0.000 0.000 0.000 0.000 0.000 0.000 0.000 3.557 7.984 11.946 15.902 20.250 25.096 30.501 36.615 43.753 52.357 62.881 75.660 90.854 108.456 128.389 150.603 175.190 202.378 232.269 266.384 305.821 340.018 507.318 776.670 44.787 0.097 0.910 5.584 25.276 72.987 130.051 183.367 222.888 263.514 298.051 284.826 191.693 92.219 37.894 13.559 4.351 1.214 0.261 0.040 0.000 0.000 0.000 0.000 0.000 0.000 0.000 0.000 0.000 0.000 0.000 0.000 0.000 0.000 0.000
0.000 0.000 0.000 0.000 0.000 0.000 0.000 0.000 0.000 0.000 0.000 0.000 0.000 0.000 0.000 0.000 0.000 3.458 7.860 11.822 15.776 20.118 24.959 30.357 36.462 43.595 52.209 62.760 75.574 90.782 108.354 128.198 150.284 174.725 201.793 231.650 265.915 305.229 338.288 505.329 778.323 46.271 0.056 4.882 36.463 40.792 73.627 156.191 244.573 441.691 510.878 470.815 370.096 223.364 111.734 46.858 17.035 5.523 1.547 0.326 0.009 0.000 0.000 0.000 0.000 0.000 0.000 0.000 0.000 0.000 0.000 0.000 0.000 0.000 0.000 0.000
0.000 0.000 0.000 0.000 0.000 0.000 0.000 0.000 0.000 0.000 0.000 0.000 0.000 0.000 0.000 0.000 0.000 3.205 7.573 11.559 15.508 19.835 24.659 30.039 36.125 43.245 51.864 62.440 75.278 90.466 107.935 127.580 149.406 173.598 200.473 230.291 264.589 303.595 332.818 497.315 784.076 46.672 0.488 9.789 74.238 15.811 0.000 0.000 37.867 406.132 604.622 496.931 361.969 222.002 117.350 52.782 20.269 6.717 1.823 0.361 0.047 0.000 0.000 0.000 0.000 0.000 0.000 0.000 0.000 0.000 0.000 0.000 0.000 0.000 0.000 0.000
0.000 0.000 0.000 0.000 0.000 0.000 0.000 0.000 0.000 0.000 0.000 0.000 0.000 0.000 0.000 0.000 0.000 2.673 7.003 11.091 15.037 19.337 24.129 29.476 35.528 42.618 51.220 61.785 74.588 89.668 106.912 126.225 147.667 171.500 198.101 227.813 261.717 300.275 329.113 474.568 806.677 54.439 0.000 9.793 76.452 176.781 18.579 80.831 0.487 239.182 538.378 375.288 257.438 167.219 97.354 48.182 19.593 6.533 1.610 0.250 0.000 0.000 0.000 0.000 0.000 0.000 0.000 0.000 0.000 0.000 0.000 0.000 0.000 0.000 0.000 0.000
0.000 0.000 0.000 0.000 0.000 0.000 0.000 0.000 0.000 0.000 0.000 0.000 0.000 0.000 0.000 0.000 0.000 1.921 6.062 10.348 14.300 18.557 23.296 28.592 34.586 41.612 50.142 60.614 73.267 88.097 104.968 123.802 144.727 168.077 194.285 223.686 256.851 294.895 326.897 461.072 803.168 87.556 0.000 0.339 22.390 28.790 28.920 69.718 20.070 157.964 413.851 300.998 208.636 127.559 69.487 33.012 13.174 4.169 0.785 0.070 0.000 0.000 0.000 0.000 0.000 0.000 0.000 0.000 0.000 0.000 0.000 0.000 0.000 0.000 0.000 0.000
0.000 0.000 0.000 0.000 0.000 0.000 0.000 0.000 0.000 0.000 0.000 0.000 0.000 0.000 0.000 0.000 0.000 1.187 4.809 9.266 13.235 17.427 22.085 27.298 33.197 40.097 48.457 58.698 71.036 85.439 101.761 119.954 140.213 162.933 188.559 217.394 249.606 286.966 323.763 452.109 730.899 160.114 0.227 25.244 59.733 0.000 8.279 55.618 188.070 480.297 378.911 287.009 180.858 99.804 48.245 20.372 7.218 2.053 0.349 0.000 0.000 0.000 0.000 0.000 0.000 0.000 0.000 0.000 0.000 0.000 0.000 0.000 0.000 0.000 0.000 0.000
0.000 0.000 0.000 0.000 0.000 0.000 0.000 0.000 0.000 0.000 0.000 0.000 0.000 0.000 0.000 0.000 0.000 0.000 3.375 7.810 11.793 15.888 20.417 25.495 31.234 37.912 45.959 55.785 67.599 81.367 96.944 114.312 133.716 155.596 180.390 208.355 239.457 276.040 315.182 382.273 676.484 286.366 17.723 20.033 5.841 0.000 5.877 105.023 366.042 336.336 336.819 253.869 141.246 71.944 31.195 11.582 3.533 0.739 0.110 0.000 0.000 0.000 0.000 0.000 0.000 0.000 0.000 0.000 0.000 0.000 0.000 0.000 0.000 0.000 0.000 0.000
0.000 0.000 0.000 0.000 0.000 0.000 0.000 0.000 0.000 0.000 0.000 0.000 0.000 0.000 0.000 0.000 0.000 0.000 1.823 5.980 9.947 13.898 18.227 23.083 28.562 34.887 42.446 51.634 62.679 75.568 90.175 106.495 124.797 145.538 169.126 195.776 225.525 260.328 299.504 338.048 609.599 432.938 50.385 40.659 20.884 0.108 460.078 0.000 67.791 172.750 198.678 178.229 97.682 45.787 17.818 5.936 1.537 0.226 0.000 0.000 0.000 0.000 0.000 0.000 0.000 0.000 0.000 0.000 0.000 0.000 0.000 0.000 0.000 0.000 0.000 0.000
0.000 0.000 0.000 0.000 0.000 0.000 0.000 0.000 0.000 0.000 0.000 0.000 0.000 0.000 0.000 0.000 0.000 0.000 0.000 3.782 7.696 11.455 15.488 19.994 25.074 30.882 37.745 46.049 56.053 67.783 81.134 96.109 112.968 132.145 154.007 178.747 206.477 238.140 274.617 303.719 498.317 541.002 49.864 1.663 0.000 0.000 480.642 3.320 7.332 64.269 101.570 113.694 59.144 24.948 8.750 2.689 0.601 0.075 0.000 0.000 0.000 0.000 0.000 0.000 0.000 0.000 0.000 0.000 0.000 0.000 0.000 0.000 0.000 0.000 0.000 0.000
0.000 0.000 0.000 0.000 0.000 0.000 0.000 0.000 0.000 0.000 0.000 0.000 0.000 0.000 0.000 0.000 0.000 0.000 0.000 1.623 5.090 8.607 12.247 16.242 20.734 25.826 31.764 38.930 47.616 57.876 69.620 82.840 97.775 114.815 134.267 156.283 180.869 208.239 239.780 267.723 396.513 581.213 79.663 0.000 0.396 7.455 21.760 43.082 43.199 40.933 57.923 63.141 30.284 11.355 3.533 0.829 0.135 0.000 0.000 0.000 0.000 0.000 0.000 0.000 0.000 0.000 0.000 0.000 0.000 0.000 0.000 0.000 0.000 0.000 0.000 0.000
0.000 0.000 0.000 0.000 0.000 0.000 0.000 0.000 0.000 0.000 0.000 0.000 0.000 0.000 0.000 0.000 0.000 0.000 0.000 0.000 2.391 5.476 8.646 11.965 15.636 19.776 24.576 30.399 37.523 45.986 55.690 66.627 79.010 93.170 109.331 127.583 147.802 170.068 196.947 222.147 290.846 498.952 165.663 2.604 10.543 50.354 70.953 66.833 49.503 38.764 36.609 29.539 12.715 4.164 0.979 0.052 0.000 0.000 0.000 0.000 0.000 0.000 0.000 0.000 0.000 0.000 0.000 0.000 0.000 0.000 0.000 0.000 0.000 0.000 0.000 0.000
0.000 0.000 0.000 0.000 0.000 0.000 0.000 0.000 0.000 0.000 0.000 0.000 0.000 0.000 0.000 0.000 0.000 0.000 0.000 0.000 0.745 2.451 4.962 7.453 10.088 13.058 16.625 21.013 26.361 32.659 39.818 47.855 57.011 67.502 79.371 92.629 107.244 123.372 144.668 161.521 179.761 371.241 234.288 18.207 0.000 22.105 37.598 41.837 39.866 31.704 20.901 11.004 4.162 1.152 0.159 0.014 0.000 0.000 0.000 0.000 0.000 0.000 0.000 0.000 0.000 0.000 0.000 0.000 0.000 0.000 0.000 0.000 0.000 0.000 0.000 0.000
0.000 0.000 0.000 0.000 0.000 0.000 0.000 0.000 0.000 0.000 0.000 0.000 0.000 0.000 0.000 0.000 0.000 0.000 0.000 0.000 0.000 0.754 2.052 3.535 5.015 6.823 9.158 11.980 15.304 19.068 23.252 28.033 33.562 39.800 46.743 54.424 62.868 72.221 84.853 95.119 102.069 213.547 222.017 34.699 0.000 4.165 13.187 17.033 19.088 16.113 8.217 3.316 1.012 0.224 0.023 0.000 0.000 0.000 0.000 0.000 0.000 0.000 0.000 0.000 0.000 0.000 0.000 0.000 0.000 0.000 0.000 0.000 0.000 0.000 0.000 0.000
0.000 0.000 0.000 0.000 0.000 0.000 0.000 0.000 0.000 0.000 0.000 0.000 0.000 0.000 0.000 0.000 0.000 0.000 0.000 0.000 0.000 0.000 0.683 1.236 1.889 2.720 3.974 5.382 6.823 8.326 10.019 12.220 14.873 17.824 21.121 24.717 28.556 32.698 37.839 43.185 47.112 99.448 128.521 26.736 0.000 0.784 3.856 5.275 6.100 4.948 2.235 0.726 0.169 0.031 0.000 0.000 0.000 0.000 0.000 0.000 0.000 0.000 0.000 0.000 0.000 0.000 0.000 0.000 0.000 0.000 0.000 0.000 0.000 0.000 0.000 0.000
0.000 0.000 0.000 0.000 0.000 0.000 0.000 0.000 0.000 0.000 0.000 0.000 0.000 0.000 0.000 0.000 0.000 0.000 0.000 0.000 0.000 0.000 0.000 0.354 0.520 0.811 1.275 1.783 2.184 2.450 2.997 3.781 4.879 6.149 7.517 8.970 10.395 11.800 13.432 15.476 17.796 35.073 56.290 12.696 0.000 0.212 0.965 1.351 1.554 1.188 0.429 0.044 0.021 0.000 0.000 0.000 0.000 0.000 0.000 0.000 0.000 0.000 0.000 0.000 0.000 0.000 0.000 0.000 0.000 0.000 0.000 0.000 0.000 0.000 0.000 0.000
