avaframe/data/avaParabola/Avaflow_Input/prefix_vflow10005.asc
ncols 250
nrows 100
xllcenter 997.50
yllcenter -4997.50
cellsize 20.00
NODATA_value -9999.000
[rows 34 to 67 of 100, columns 77 to 153 of 250]
0.000 0.000 0.000 0.000 0.000 0.000 0.000 0.766 0.823 0.880 0.935 0.989 1.043 1.094 1.144 1.193 1.239 1.282 1.322 1.359 1.389 1.413 1.428 1.434 1.430 1.418 1.404 1.387 1.363 1.330 1.286 1.225 1.147 0.984 0.000 0.000 0.000 0.000 0.000 0.000 0.000 0.000 0.000 0.000 0.000 0.000 0.000 0.000 0.000 0.000 0.000 0.000 0.000 0.000 0.000 0.000 0.000 0.000 0.000 0.000 0.000 0.000 0.000 0.000 0.000 0.000 0.000 0.000 0.000 0.000 0.000 0.000 0.000 0.000 0.000 0.000 0.000
0.000 0.000 0.000 0.000 0.000 0.000 0.829 0.910 0.989 1.070 1.151 1.231 1.310 1.387 1.463 1.536 1.607 1.674 1.737 1.794 1.846 1.892 1.930 1.962 1.987 2.004 2.013 2.012 1.989 1.928 1.855 1.769 1.671 1.565 1.459 1.352 1.233 1.147 1.002 0.959 0.000 0.000 0.000 0.000 0.000 0.000 0.000 0.000 0.000 0.000 0.000 0.000 0.000 0.000 0.000 0.000 0.000 0.000 0.000 0.000 0.000 0.000 0.000 0.000 0.000 0.000 0.000 0.000 0.000 0.000 0.000 0.000 0.000 0.000 0.000 0.000 0.000
0.000 0.000 0.000 0.000 0.792 0.894 0.994 1.093 1.194 1.298 1.404 1.512 1.620 1.726 1.830 1.933 2.033 2.129 2.223 2.312 2.397 2.476 2.549 2.616 2.674 2.689 2.672 2.647 2.611 2.565 2.503 2.427 2.341 2.247 2.142 2.026 1.894 1.754 1.607 1.458 1.311 1.155 0.987 0.948 0.000 0.000 0.000 0.000 0.000 0.000 0.000 0.000 0.000 0.000 0.000 0.000 0.000 0.000 0.000 0.000 0.000 0.000 0.000 0.000 0.000 0.000 0.000 0.000 0.000 0.000 0.000 0.000 0.000 0.000 0.000 0.000 0.000
0.000 0.000 0.000 0.825 0.944 1.065 1.185 1.307 1.433 1.563 1.697 1.833 1.970 2.108 2.244 2.380 2.513 2.646 2.778 2.909 3.034 3.153 3.265 3.316 3.349 3.373 3.387 3.391 3.383 3.362 3.330 3.283 3.224 3.151 3.062 2.956 2.832 2.697 2.550 2.387 2.226 2.075 1.926 1.762 1.460 0.809 0.000 0.000 0.000 0.000 0.000 0.000 0.000 0.000 0.000 0.000 0.000 0.000 0.000 0.000 0.000 0.000 0.000 0.000 0.000 0.000 0.000 0.000 0.000 0.000 0.000 0.000 0.000 0.000 0.000 0.000 0.000
0.000 0.000 0.847 0.979 1.116 1.255 1.397 1.545 1.699 1.858 2.021 2.188 2.357 2.527 2.699 2.870 3.042 3.215 3.389 3.563 3.731 3.866 3.949 4.027 4.098 4.161 4.214 4.258 4.291 4.313 4.323 4.320 4.302 4.265 4.214 4.144 4.055 3.950 3.825 3.675 3.519 3.387 3.310 3.283 3.222 2.140 0.534 0.000 0.000 0.000 0.000 0.000 0.000 0.000 0.000 0.000 0.000 0.000 0.000 0.000 0.000 0.000 0.000 0.000 0.000 0.000 0.000 0.000 0.000 0.000 0.000 0.000 0.000 0.000 0.000 0.000 0.000
0.000 0.856 0.998 1.149 1.304 1.464 1.630 1.805 1.988 2.177 2.372 2.572 2.775 2.980 3.188 3.397 3.608 3.820 4.032 4.244 4.426 4.560 4.685 4.805 4.921 5.030 5.131 5.224 5.309 5.384 5.447 5.498 5.535 5.555 5.562 5.550 5.516 5.466 5.394 5.293 5.175 5.096 5.088 5.424 5.525 4.638 1.170 0.000 0.000 0.000 0.000 0.000 0.000 0.000 0.000 0.000 0.000 0.000 0.000 0.000 0.000 0.000 0.000 0.000 0.000 0.000 0.000 0.000 0.000 0.000 0.000 0.000 0.000 0.000 0.000 0.000 0.000
0.000 1.005 1.165 1.334 1.508 1.690 1.880 2.080 2.288 2.501 2.720 2.941 3.166 3.393 3.623 3.855 4.089 4.323 4.557 4.791 5.025 5.248 5.413 5.576 5.739 5.897 6.048 6.194 6.334 6.466 6.587 6.699 6.799 6.883 6.952 7.003 7.041 7.076 7.099 7.094 7.082 7.044 7.132 7.519 7.269 6.276 2.235 0.439 0.000 0.000 0.000 0.000 0.000 0.000 0.000 0.000 0.000 0.000 0.000 0.000 0.000 0.000 0.000 0.000 0.000 0.000 0.000 0.000 0.000 0.000 0.000 0.000 0.000 0.000 0.000 0.000 0.000
0.989 1.148 1.318 1.500 1.689 1.885 2.089 2.301 2.521 2.745 2.975 3.208 3.445 3.685 3.927 4.172 4.418 4.666 4.914 5.163 5.412 5.661 5.911 6.162 6.413 6.644 6.838 7.032 7.226 7.415 7.597 7.776 7.948 8.111 8.268 8.416 8.549 8.661 8.761 8.830 8.853 8.863 8.948 8.867 8.234 7.548 3.686 0.699 0.000 0.000 0.000 0.000 0.000 0.000 0.000 0.000 0.000 0.000 0.000 0.000 0.000 0.000 0.000 0.000 0.000 0.000 0.000 0.000 0.000 0.000 0.000 0.000 0.000 0.000 0.000 0.000 0.000
1.085 1.248 1.425 1.616 1.814 2.020 2.233 2.454 2.681 2.913 3.150 3.390 3.634 3.882 4.132 4.384 4.639 4.895 5.153 5.411 5.670 5.930 6.191 6.452 6.714 6.977 7.241 7.506 7.750 7.965 8.178 8.391 8.600 8.804 9.006 9.206 9.400 9.587 9.772 9.948 10.100 10.217 10.156 9.523 8.780 8.297 4.907 0.909 0.111 0.000 0.000 0.000 0.000 0.000 0.000 0.000 0.000 0.000 0.000 0.000 0.000 0.000 0.000 0.000 0.000 0.000 0.000 0.000 0.000 0.000 0.000 0.000 0.000 0.000 0.000 0.000 0.000
1.148 1.313 1.496 1.694 1.899 2.110 2.329 2.555 2.787 3.024 3.265 3.510 3.759 4.011 4.266 4.524 4.784 5.045 5.308 5.572 5.837 6.103 6.371 6.638 6.907 7.178 7.449 7.720 7.989 8.257 8.530 8.766 8.997 9.227 9.458 9.687 9.911 10.130 10.347 10.558 10.762 10.997 10.586 9.388 8.841 8.571 5.275 0.963 0.070 0.000 0.000 0.000 0.000 0.000 0.000 0.000 0.000 0.000 0.000 0.000 0.000 0.000 0.000 0.000 0.000 0.000 0.000 0.000 0.000 0.000 0.000 0.000 0.000 0.000 0.000 0.000 0.000
1.189 1.356 1.542 1.744 1.954 2.169 2.392 2.621 2.856 3.096 3.340 3.587 3.839 4.094 4.351 4.612 4.875 5.139 5.406 5.673 5.942 6.212 6.483 6.755 7.028 7.302 7.576 7.849 8.121 8.395 8.674 8.960 9.238 9.483 9.730 9.975 10.215 10.453 10.688 10.915 11.163 11.330 10.240 9.004 8.757 8.653 5.190 0.952 0.052 0.000 0.000 0.000 0.000 0.000 0.000 0.000 0.000 0.000 0.000 0.000 0.000 0.000 0.000 0.000 0.000 0.000 0.000 0.000 0.000 0.000 0.000 0.000 0.000 0.000 0.000 0.000 0.000
1.214 1.382 1.570 1.775 1.988 2.206 2.430 2.661 2.898 3.140 3.385 3.635 3.888 4.144 4.404 4.666 4.931 5.197 5.465 5.735 6.006 6.278 6.551 6.825 7.100 7.376 7.651 7.925 8.200 8.478 8.764 9.056 9.347 9.630 9.892 10.140 10.386 10.634 10.883 11.133 11.423 11.203 9.535 8.729 8.628 8.689 4.640 0.870 0.000 0.000 0.000 0.000 0.000 0.000 0.000 0.000 0.000 0.000 0.000 0.000 0.000 0.000 0.000 0.000 0.000 0.000 0.000 0.000 0.000 0.000 0.000 0.000 0.000 0.000 0.000 0.000 0.000
1.228 1.398 1.588 1.793 2.008 2.227 2.453 2.685 2.923 3.165 3.412 3.662 3.916 4.173 4.434 4.697 4.963 5.230 5.499 5.770 6.042 6.315 6.589 6.865 7.141 7.417 7.692 7.968 8.247 8.534 8.826 9.119 9.403 9.678 9.953 10.225 10.474 10.729 10.987 11.261 11.581 10.664 8.914 8.608 8.470 8.529 3.500 0.656 0.008 0.000 0.000 0.000 0.000 0.000 0.000 0.000 0.000 0.000 0.000 0.000 0.000 0.000 0.000 0.000 0.000 0.000 0.000 0.000 0.000 0.000 0.000 0.000 0.000 0.000 0.000 0.000 0.000
1.236 1.407 1.597 1.804 2.019 2.239 2.465 2.697 2.936 3.179 3.426 3.677 3.931 4.189 4.450 4.714 4.980 5.248 5.518 5.789 6.062 6.336 6.611 6.887 7.163 7.439 7.715 7.994 8.280 8.571 8.864 9.149 9.426 9.696 9.976 10.268 10.519 10.780 11.049 11.351 11.476 9.888 8.567 8.481 8.362 7.855 2.383 0.451 0.036 0.000 0.000 0.000 0.000 0.000 0.000 0.000 0.000 0.000 0.000 0.000 0.000 0.000 0.000 0.000 0.000 0.000 0.000 0.000 0.000 0.000 0.000 0.000 0.000 0.000 0.000 0.000 0.000
1.240 1.411 1.602 1.808 2.024 2.244 2.470 2.703 2.942 3.185 3.432 3.683 3.938 4.196 4.458 4.722 4.988 5.256 5.526 5.798 6.071 6.345 6.621 6.897 7.173 7.449 7.728 8.012 8.302 8.595 8.880 9.155 9.423 9.694 9.987 10.289 10.550 10.819 11.097 11.422 11.099 9.248 8.507 8.411 8.453 7.263 1.543 0.336 0.000 0.000 0.000 0.000 0.000 0.000 0.000 0.000 0.000 0.000 0.000 0.000 0.000 0.000 0.000 0.000 0.000 0.000 0.000 0.000 0.000 0.000 0.000 0.000 0.000 0.000 0.000 0.000 0.000
1.240 1.413 1.603 1.810 2.025 2.245 2.471 2.704 2.943 3.187 3.434 3.685 3.940 4.198 4.460 4.724 4.990 5.258 5.529 5.800 6.074 6.348 6.623 6.899 7.175 7.453 7.736 8.028 8.321 8.607 8.884 9.149 9.414 9.700 10.012 10.306 10.579 10.858 11.160 11.517 10.586 8.903 8.531 8.452 8.547 4.429 0.964 0.227 0.000 0.000 0.000 0.000 0.000 0.000 0.000 0.000 0.000 0.000 0.000 0.000 0.000 0.000 0.000 0.000 0.000 0.000 0.000 0.000 0.000 0.000 0.000 0.000 0.000 0.000 0.000 0.000 0.000
1.240 1.413 1.604 1.810 2.025 2.245 2.471 2.704 2.943 3.186 3.434 3.685 3.940 4.198 4.460 4.724 4.990 5.259 5.529 5.801 6.074 6.348 6.624 6.899 7.175 7.457 7.748 8.042 8.329 8.603 8.862 9.124 9.405 9.721 10.053 10.329 10.618 10.903 11.229 11.457 10.031 8.783 8.665 8.700 8.013 2.519 0.614 0.083 0.000 0.000 0.000 0.000 0.000 0.000 0.000 0.000 0.000 0.000 0.000 0.000 0.000 0.000 0.000 0.000 0.000 0.000 0.000 0.000 0.000 0.000 0.000 0.000 0.000 0.000 0.000 0.000 0.000
1.236 1.411 1.602 1.808 2.023 2.243 2.469 2.702 2.940 3.184 3.431 3.682 3.937 4.196 4.457 4.721 4.987 5.256 5.526 5.798 6.071 6.345 6.620 6.895 7.173 7.463 7.759 8.047 8.317 8.568 8.823 9.106 9.434 9.798 10.078 10.383 10.672 10.942 11.258 11.207 9.660 8.818 8.762 8.734 5.588 1.412 0.367 0.000 0.000 0.000 0.000 0.000 0.000 0.000 0.000 0.000 0.000 0.000 0.000 0.000 0.000 0.000 0.000 0.000 0.000 0.000 0.000 0.000 0.000 0.000 0.000 0.000 0.000 0.000 0.000 0.000 0.000
1.229 1.406 1.598 1.802 2.016 2.236 2.462 2.694 2.932 3.176 3.423 3.675 3.930 4.188 4.449 4.713 4.979 5.247 5.517 5.789 6.062 6.336 6.611 6.888 7.173 7.470 7.761 8.029 8.270 8.518 8.804 9.151 9.539 9.833 10.170 10.418 10.678 10.962 11.339 11.063 9.464 8.915 8.904 8.084 2.842 0.779 0.180 0.000 0.000 0.000 0.000 0.000 0.000 0.000 0.000 0.000 0.000 0.000 0.000 0.000 0.000 0.000 0.000 0.000 0.000 0.000 0.000 0.000 0.000 0.000 0.000 0.000 0.000 0.000 0.000 0.000 0.000
1.214 1.393 1.586 1.790 2.003 2.221 2.447 2.679 2.916 3.160 3.407 3.658 3.913 4.171 4.432 4.696 4.961 5.230 5.500 5.772 6.046 6.321 6.597 6.879 7.174 7.469 7.736 7.970 8.211 8.497 8.863 9.274 9.588 9.942 10.123 10.317 10.686 10.946 11.446 10.690 9.397 8.944 8.472 4.931 1.438 0.427 0.057 0.000 0.000 0.000 0.000 0.000 0.000 0.000 0.000 0.000 0.000 0.000 0.000 0.000 0.000 0.000 0.000 0.000 0.000 0.000 0.000 0.000 0.000 0.000 0.000 0.000 0.000 0.000 0.000 0.000 0.000
1.187 1.369 1.562 1.766 1.977 2.195 2.419 2.650 2.888 3.130 3.377 3.628 3.882 4.140 4.400 4.663 4.929 5.198 5.468 5.741 6.016 6.293 6.574 6.863 7.157 7.428 7.663 7.901 8.188 8.577 9.006 9.341 9.672 9.821 9.916 10.134 10.594 10.968 11.544 10.133 9.202 8.680 7.013 2.267 0.733 0.178 0.000 0.000 0.000 0.000 0.000 0.000 0.000 0.000 0.000 0.000 0.000 0.000 0.000 0.000 0.000 0.000 0.000 0.000 0.000 0.000 0.000 0.000 0.000 0.000 0.000 0.000 0.000 0.000 0.000 0.000 0.000
1.143 1.327 1.521 1.724 1.934 2.150 2.373 2.603 2.839 3.081 3.327 3.577 3.830 4.087 4.347 4.610 4.876 5.145 5.417 5.692 5.969 6.248 6.530 6.817 7.090 7.333 7.573 7.865 8.272 8.714 9.098 9.328 9.435 9.452 9.604 10.221 10.460 11.388 11.026 9.518 8.812 7.474 3.044 1.063 0.315 0.000 0.000 0.000 0.000 0.000 0.000 0.000 0.000 0.000 0.000 0.000 0.000 0.000 0.000 0.000 0.000 0.000 0.000 0.000 0.000 0.000 0.000 0.000 0.000 0.000 0.000 0.000 0.000 0.000 0.000 0.000 0.000
1.073 1.259 1.454 1.657 1.866 2.079 2.300 2.528 2.763 3.002 3.246 3.495 3.747 4.002 4.261 4.524 4.791 5.060 5.333 5.607 5.883 6.159 6.433 6.701 6.952 7.202 7.503 7.896 8.383 8.727 8.919 8.893 8.859 9.003 9.790 9.962 10.978 11.012 9.934 8.806 7.312 3.454 1.309 0.492 0.112 0.000 0.000 0.000 0.000 0.000 0.000 0.000 0.000 0.000 0.000 0.000 0.000 0.000 0.000 0.000 0.000 0.000 0.000 0.000 0.000 0.000 0.000 0.000 0.000 0.000 0.000 0.000 0.000 0.000 0.000 0.000 0.000
0.966 1.153 1.350 1.552 1.759 1.970 2.188 2.413 2.644 2.880 3.121 3.366 3.616 3.869 4.127 4.389 4.654 4.921 5.190 5.458 5.723 5.985 6.240 6.491 6.747 7.041 7.464 7.903 8.242 8.296 8.162 8.062 8.223 8.924 9.409 10.218 10.772 9.870 8.578 6.953 3.376 1.395 0.614 0.171 0.000 0.000 0.000 0.000 0.000 0.000 0.000 0.000 0.000 0.000 0.000 0.000 0.000 0.000 0.000 0.000 0.000 0.000 0.000 0.000 0.000 0.000 0.000 0.000 0.000 0.000 0.000 0.000 0.000 0.000 0.000 0.000 0.000
0.808 0.995 1.193 1.394 1.598 1.806 2.020 2.239 2.465 2.695 2.931 3.171 3.415 3.664 3.917 4.172 4.428 4.683 4.935 5.183 5.424 5.660 5.898 6.159 6.459 6.818 7.202 7.435 7.367 7.147 7.008 7.181 7.802 8.662 9.221 9.931 9.441 7.900 5.725 2.916 1.305 0.597 0.204 0.000 0.000 0.000 0.000 0.000 0.000 0.000 0.000 0.000 0.000 0.000 0.000 0.000 0.000 0.000 0.000 0.000 0.000 0.000 0.000 0.000 0.000 0.000 0.000 0.000 0.000 0.000 0.000 0.000 0.000 0.000 0.000 0.000 0.000
0.635 0.800 0.976 1.166 1.364 1.566 1.772 1.983 2.200 2.421 2.645 2.875 3.108 3.345 3.583 3.816 4.042 4.263 4.480 4.687 4.887 5.094 5.320 5.581 5.854 6.072 6.131 6.008 5.808 5.728 5.879 6.420 7.436 8.203 8.572 8.252 6.476 4.120 2.251 1.090 0.542 0.210 0.000 0.000 0.000 0.000 0.000 0.000 0.000 0.000 0.000 0.000 0.000 0.000 0.000 0.000 0.000 0.000 0.000 0.000 0.000 0.000 0.000 0.000 0.000 0.000 0.000 0.000 0.000 0.000 0.000 0.000 0.000 0.000 0.000 0.000 0.000
0.000 0.613 0.749 0.916 1.094 1.276 1.461 1.649 1.840 2.036 2.237 2.441 2.647 2.850 3.044 3.224 3.391 3.549 3.702 3.849 3.994 4.152 4.323 4.479 4.567 4.576 4.525 4.423 4.370 4.409 4.698 5.304 5.880 5.881 5.369 4.195 2.765 1.602 0.835 0.428 0.191 0.000 0.000 0.000 0.000 0.000 0.000 0.000 0.000 0.000 0.000 0.000 0.000 0.000 0.000 0.000 0.000 0.000 0.000 0.000 0.000 0.000 0.000 0.000 0.000 0.000 0.000 0.000 0.000 0.000 0.000 0.000 0.000 0.000 0.000 0.000 0.000
0.000 0.000 0.000 0.676 0.833 0.991 1.151 1.313 1.477 1.640 1.801 1.958 2.111 2.256 2.390 2.512 2.624 2.729 2.830 2.929 3.026 3.122 3.207 3.262 3.277 3.259 3.199 3.148 3.141 3.186 3.352 3.574 3.570 3.308 2.640 1.782 1.077 0.597 0.292 0.153 0.000 0.000 0.000 0.000 0.000 0.000 0.000 0.000 0.000 0.000 0.000 0.000 0.000 0.000 0.000 0.000 0.000 0.000 0.000 0.000 0.000 0.000 0.000 0.000 0.000 0.000 0.000 0.000 0.000 0.000 0.000 0.000 0.000 0.000 0.000 0.000 0.000
0.000 0.000 0.000 0.000 0.584 0.707 0.845 0.985 1.124 1.256 1.379 1.493 1.600 1.699 1.789 1.869 1.942 2.009 2.072 2.132 2.187 2.234 2.263 2.273 2.263 2.226 2.169 2.135 2.123 2.127 2.157 2.121 1.962 1.609 1.117 0.698 0.392 0.195 0.000 0.000 0.000 0.000 0.000 0.000 0.000 0.000 0.000 0.000 0.000 0.000 0.000 0.000 0.000 0.000 0.000 0.000 0.000 0.000 0.000 0.000 0.000 0.000 0.000 0.000 0.000 0.000 0.000 0.000 0.000 0.000 0.000 0.000 0.000 0.000 0.000 0.000 0.000
0.000 0.000 0.000 0.000 0.000 0.000 0.548 0.674 0.778 0.877 0.966 1.049 1.131 1.203 1.264 1.316 1.362 1.403 1.440 1.472 1.497 1.513 1.517 1.512 1.489 1.442 1.391 1.353 1.323 1.292 1.245 1.142 0.949 0.675 0.431 0.245 0.119 0.000 0.000 0.000 0.000 0.000 0.000 0.000 0.000 0.000 0.000 0.000 0.000 0.000 0.000 0.000 0.000 0.000 0.000 0.000 0.000 0.000 0.000 0.000 0.000 0.000 0.000 0.000 0.000 0.000 0.000 0.000 0.000 0.000 0.000 0.000 0.000 0.000 0.000 0.000 0.000
0.000 0.000 0.000 0.000 0.000 0.000 0.000 0.000 0.435 0.503 0.577 0.655 0.729 0.783 0.818 0.853 0.882 0.907 0.927 0.942 0.951 0.954 0.952 0.940 0.914 0.871 0.820 0.777 0.735 0.684 0.618 0.524 0.387 0.243 0.133 0.000 0.000 0.000 0.000 0.000 0.000 0.000 0.000 0.000 0.000 0.000 0.000 0.000 0.000 0.000 0.000 0.000 0.000 0.000 0.000 0.000 0.000 0.000 0.000 0.000 0.000 0.000 0.000 0.000 0.000 0.000 0.000 0.000 0.000 0.000 0.000 0.000 0.000 0.000 0.000 0.000 0.000
0.000 0.000 0.000 0.000 0.000 0.000 0.000 0.000 0.000 0.000 0.000 0.000 0.392 0.426 0.438 0.461 0.477 0.490 0.500 0.506 0.508 0.508 0.505 0.496 0.477 0.450 0.409 0.376 0.339 0.287 0.223 0.000 0.000 0.000 0.000 0.000 0.000 0.000 0.000 0.000 0.000 0.000 0.000 0.000 0.000 0.000 0.000 0.000 0.000 0.000 0.000 0.000 0.000 0.000 0.000 0.000 0.000 0.000 0.000 0.000 0.000 0.000 0.000 0.000 0.000 0.000 0.000 0.000 0.000 0.000 0.000 0.000 0.000 0.000 0.000 0.000 0.000
0.000 0.000 0.000 0.000 0.000 0.000 0.000 0.000 0.000 0.000 0.000 0.000 0.000 0.000 0.000 0.000 0.000 0.000 0.000 0.000 0.000 0.000 0.000 0.000 0.000 0.000 0.000 0.000 0.000 0.000 0.000 0.000 0.000 0.000 0.000 0.000 0.000 0.000 0.000 0.000 0.000 0.000 0.000 0.000 0.000 0.000 0.000 0.000 0.000 0.000 0.000 0.000 0.000 0.000 0.000 0.000 0.000 0.000 0.000 0.000 0.000 0.000 0.000 0.000 0.000 0.000 0.000 0.000 0.000 0.000 0.000 0.000 0.000 0.000 0.000 0.000 0.000
0.000 0.000 0.000 0.000 0.000 0.000 0.000 0.000 0.000 0.000 0.000 0.000 0.000 0.000 0.000 0.000 0.000 0.000 0.000 0.000 0.000 0.000 0.000 0.000 0.000 0.000 0.000 0.000 0.000 0.000 0.000 0.000 0.000 0.000 0.000 0.000 0.000 0.000 0.000 0.000 0.000 0.000 0.000 0.000 0.000 0.000 0.000 0.000 0.000 0.000 0.000 0.000 0.000 0.000 0.000 0.000 0.000 0.000 0.000 0.000 0.000 0.000 0.000 0.000 0.000 0.000 0.000 0.000 0.000 0.000 0.000 0.000 0.000 0.000 0.000 0.000 0.000
