avaframe/data/avaParabola/Avaflow_Input/prefix_hflow10005.asc
ncols 250
nrows 100
xllcenter 997.50
yllcenter -4997.50
cellsize 20.00
NODATA_value -9999.000
[rows 34 to 67 of 100, columns 77 to 153 of 250]
0.000 0.001 0.001 0.001 0.001 0.001 0.001 0.001 0.001 0.001 0.001 0.001 0.002 0.002 0.002 0.002 0.002 0.002 0.002 0.002 0.002 0.003 0.003 0.003 0.003 0.003 0.003 0.002 0.002 0.002 0.002 0.002 0.002 0.001 0.001 0.001 0.000 0.000 0.000 0.000 0.000 0.000 0.000 0.000 0.000 0.000 0.000 0.000 0.000 0.000 0.000 0.000 0.000 0.000 0.000 0.000 0.000 0.000 0.000 0.000 0.000 0.000 0.000 0.000 0.000 0.000 0.000 0.000 0.000 0.000 0.000 0.000 0.000 0.000 0.000 0.000 0.000
0.001 0.001 0.001 0.001 0.001 0.001 0.001 0.001 0.001 0.002 0.002 0.002 0.002 0.003 0.003 0.003 0.004 0.004 0.004 0.004 0.005 0.005 0.005 0.005 0.005 0.005 0.005 0.005 0.005 0.005 0.004 0.004 0.004 0.003 0.003 0.002 0.002 0.002 0.001 0.001 0.001 0.000 0.000 0.000 0.000 0.000 0.000 0.000 0.000 0.000 0.000 0.000 0.000 0.000 0.000 0.000 0.000 0.000 0.000 0.000 0.000 0.000 0.000 0.000 0.000 0.000 0.000 0.000 0.000 0.000 0.000 0.000 0.000 0.000 0.000 0.000 0.000
0.001 0.001 0.001 0.001 0.001 0.001 0.001 0.002 0.002 0.002 0.003 0.003 0.004 0.004 0.005 0.005 0.006 0.006 0.007 0.008 0.008 0.009 0.009 0.009 0.010 0.010 0.010 0.010 0.010 0.010 0.010 0.009 0.009 0.008 0.008 0.007 0.006 0.005 0.004 0.004 0.003 0.002 0.002 0.001 0.000 0.000 0.000 0.000 0.000 0.000 0.000 0.000 0.000 0.000 0.000 0.000 0.000 0.000 0.000 0.000 0.000 0.000 0.000 0.000 0.000 0.000 0.000 0.000 0.000 0.000 0.000 0.000 0.000 0.000 0.000 0.000 0.000
0.001 0.001 0.001 0.001 0.001 0.002 0.002 0.002 0.003 0.004 0.004 0.005 0.006 0.007 0.007 0.008 0.009 0.010 0.011 0.012 0.013 0.014 0.015 0.016 0.017 0.018 0.019 0.019 0.019 0.020 0.020 0.019 0.019 0.018 0.018 0.017 0.015 0.014 0.013 0.011 0.010 0.009 0.007 0.006 0.004 0.001 0.000 0.000 0.000 0.000 0.000 0.000 0.000 0.000 0.000 0.000 0.000 0.000 0.000 0.000 0.000 0.000 0.000 0.000 0.000 0.000 0.000 0.000 0.000 0.000 0.000 0.000 0.000 0.000 0.000 0.000 0.000
0.001 0.001 0.001 0.001 0.002 0.002 0.003 0.004 0.004 0.005 0.006 0.007 0.008 0.010 0.011 0.013 0.014 0.016 0.018 0.019 0.021 0.023 0.025 0.027 0.028 0.030 0.032 0.033 0.034 0.035 0.036 0.037 0.037 0.037 0.036 0.036 0.034 0.033 0.031 0.029 0.027 0.025 0.024 0.023 0.020 0.011 0.002 0.000 0.000 0.000 0.000 0.000 0.000 0.000 0.000 0.000 0.000 0.000 0.000 0.000 0.000 0.000 0.000 0.000 0.000 0.000 0.000 0.000 0.000 0.000 0.000 0.000 0.000 0.000 0.000 0.000 0.000
0.001 0.001 0.001 0.002 0.002 0.003 0.004 0.005 0.006 0.007 0.009 0.010 0.012 0.014 0.016 0.018 0.021 0.023 0.026 0.029 0.032 0.035 0.038 0.041 0.044 0.047 0.050 0.053 0.056 0.058 0.061 0.063 0.065 0.066 0.067 0.068 0.068 0.067 0.066 0.064 0.062 0.060 0.060 0.068 0.074 0.056 0.011 0.001 0.000 0.000 0.000 0.000 0.000 0.000 0.000 0.000 0.000 0.000 0.000 0.000 0.000 0.000 0.000 0.000 0.000 0.000 0.000 0.000 0.000 0.000 0.000 0.000 0.000 0.000 0.000 0.000 0.000
0.001 0.001 0.002 0.002 0.003 0.004 0.005 0.007 0.008 0.010 0.012 0.014 0.017 0.019 0.022 0.025 0.029 0.033 0.036 0.041 0.045 0.050 0.054 0.059 0.064 0.069 0.074 0.079 0.084 0.089 0.094 0.099 0.104 0.108 0.111 0.115 0.117 0.119 0.121 0.121 0.120 0.120 0.125 0.167 0.207 0.188 0.054 0.003 0.000 0.000 0.000 0.000 0.000 0.000 0.000 0.000 0.000 0.000 0.000 0.000 0.000 0.000 0.000 0.000 0.000 0.000 0.000 0.000 0.000 0.000 0.000 0.000 0.000 0.000 0.000 0.000 0.000
0.001 0.002 0.003 0.003 0.004 0.006 0.007 0.009 0.011 0.013 0.016 0.018 0.022 0.025 0.029 0.033 0.037 0.042 0.047 0.052 0.057 0.063 0.069 0.075 0.082 0.089 0.096 0.103 0.110 0.118 0.126 0.133 0.141 0.149 0.156 0.164 0.171 0.178 0.185 0.191 0.195 0.197 0.219 0.337 0.454 0.447 0.178 0.012 0.000 0.000 0.000 0.000 0.000 0.000 0.000 0.000 0.000 0.000 0.000 0.000 0.000 0.000 0.000 0.000 0.000 0.000 0.000 0.000 0.000 0.000 0.000 0.000 0.000 0.000 0.000 0.000 0.000
0.002 0.002 0.003 0.004 0.006 0.007 0.009 0.011 0.013 0.016 0.019 0.022 0.026 0.030 0.034 0.039 0.044 0.049 0.054 0.060 0.067 0.073 0.080 0.087 0.095 0.103 0.111 0.120 0.129 0.138 0.147 0.157 0.167 0.177 0.187 0.198 0.208 0.218 0.229 0.240 0.249 0.264 0.331 0.584 0.824 0.842 0.416 0.034 0.001 0.000 0.000 0.000 0.000 0.000 0.000 0.000 0.000 0.000 0.000 0.000 0.000 0.000 0.000 0.000 0.000 0.000 0.000 0.000 0.000 0.000 0.000 0.000 0.000 0.000 0.000 0.000 0.000
0.002 0.003 0.004 0.005 0.007 0.008 0.010 0.012 0.015 0.018 0.021 0.025 0.029 0.033 0.038 0.043 0.048 0.054 0.060 0.066 0.073 0.080 0.088 0.096 0.104 0.113 0.122 0.131 0.141 0.151 0.161 0.172 0.184 0.195 0.207 0.220 0.232 0.245 0.258 0.270 0.283 0.317 0.469 0.883 1.206 1.251 0.684 0.060 0.002 0.000 0.000 0.000 0.000 0.000 0.000 0.000 0.000 0.000 0.000 0.000 0.000 0.000 0.000 0.000 0.000 0.000 0.000 0.000 0.000 0.000 0.000 0.000 0.000 0.000 0.000 0.000 0.000
0.002 0.003 0.004 0.006 0.007 0.009 0.011 0.014 0.016 0.019 0.023 0.027 0.031 0.035 0.040 0.046 0.051 0.057 0.064 0.070 0.078 0.085 0.093 0.101 0.110 0.119 0.129 0.139 0.149 0.160 0.170 0.182 0.194 0.207 0.220 0.233 0.247 0.261 0.275 0.289 0.307 0.376 0.650 1.168 1.500 1.550 0.853 0.069 0.002 0.000 0.000 0.000 0.000 0.000 0.000 0.000 0.000 0.000 0.000 0.000 0.000 0.000 0.000 0.000 0.000 0.000 0.000 0.000 0.000 0.000 0.000 0.000 0.000 0.000 0.000 0.000 0.000
0.003 0.004 0.005 0.006 0.008 0.010 0.012 0.014 0.017 0.020 0.024 0.028 0.032 0.037 0.042 0.047 0.053 0.059 0.066 0.073 0.080 0.088 0.096 0.105 0.114 0.123 0.133 0.143 0.154 0.165 0.176 0.188 0.201 0.214 0.227 0.241 0.256 0.270 0.286 0.301 0.328 0.462 0.887 1.434 1.727 1.740 0.892 0.067 0.002 0.000 0.000 0.000 0.000 0.000 0.000 0.000 0.000 0.000 0.000 0.000 0.000 0.000 0.000 0.000 0.000 0.000 0.000 0.000 0.000 0.000 0.000 0.000 0.000 0.000 0.000 0.000 0.000
0.003 0.004 0.005 0.006 0.008 0.010 0.012 0.015 0.018 0.021 0.025 0.029 0.033 0.038 0.043 0.048 0.054 0.061 0.068 0.075 0.082 0.090 0.099 0.107 0.116 0.126 0.136 0.146 0.157 0.168 0.180 0.192 0.205 0.218 0.232 0.246 0.260 0.275 0.291 0.308 0.359 0.594 1.158 1.683 1.928 1.900 0.791 0.054 0.002 0.000 0.000 0.000 0.000 0.000 0.000 0.000 0.000 0.000 0.000 0.000 0.000 0.000 0.000 0.000 0.000 0.000 0.000 0.000 0.000 0.000 0.000 0.000 0.000 0.000 0.000 0.000 0.000
0.003 0.004 0.005 0.006 0.008 0.010 0.012 0.015 0.018 0.021 0.025 0.029 0.034 0.038 0.044 0.049 0.055 0.062 0.068 0.076 0.083 0.091 0.100 0.109 0.118 0.127 0.138 0.148 0.159 0.170 0.182 0.195 0.208 0.221 0.234 0.248 0.262 0.278 0.294 0.316 0.411 0.778 1.423 1.906 2.093 1.935 0.553 0.031 0.001 0.000 0.000 0.000 0.000 0.000 0.000 0.000 0.000 0.000 0.000 0.000 0.000 0.000 0.000 0.000 0.000 0.000 0.000 0.000 0.000 0.000 0.000 0.000 0.000 0.000 0.000 0.000 0.000
0.003 0.004 0.005 0.006 0.008 0.010 0.013 0.015 0.018 0.022 0.025 0.029 0.034 0.039 0.044 0.050 0.056 0.062 0.069 0.076 0.084 0.092 0.100 0.109 0.119 0.128 0.138 0.149 0.160 0.171 0.184 0.196 0.209 0.222 0.235 0.249 0.264 0.280 0.296 0.329 0.495 1.000 1.654 2.074 2.212 1.721 0.296 0.014 0.000 0.000 0.000 0.000 0.000 0.000 0.000 0.000 0.000 0.000 0.000 0.000 0.000 0.000 0.000 0.000 0.000 0.000 0.000 0.000 0.000 0.000 0.000 0.000 0.000 0.000 0.000 0.000 0.000
0.003 0.004 0.005 0.006 0.008 0.010 0.013 0.015 0.018 0.022 0.025 0.029 0.034 0.039 0.044 0.050 0.056 0.062 0.069 0.076 0.084 0.092 0.101 0.110 0.119 0.129 0.139 0.149 0.160 0.172 0.185 0.197 0.210 0.222 0.235 0.249 0.265 0.282 0.299 0.354 0.614 1.237 1.854 2.196 2.271 1.260 0.132 0.006 0.000 0.000 0.000 0.000 0.000 0.000 0.000 0.000 0.000 0.000 0.000 0.000 0.000 0.000 0.000 0.000 0.000 0.000 0.000 0.000 0.000 0.000 0.000 0.000 0.000 0.000 0.000 0.000 0.000
0.003 0.004 0.005 0.006 0.008 0.010 0.013 0.015 0.018 0.022 0.025 0.029 0.034 0.039 0.044 0.050 0.056 0.062 0.069 0.076 0.084 0.092 0.101 0.110 0.119 0.129 0.139 0.150 0.161 0.173 0.185 0.197 0.209 0.222 0.235 0.251 0.267 0.284 0.305 0.395 0.771 1.472 2.017 2.277 2.110 0.678 0.049 0.002 0.000 0.000 0.000 0.000 0.000 0.000 0.000 0.000 0.000 0.000 0.000 0.000 0.000 0.000 0.000 0.000 0.000 0.000 0.000 0.000 0.000 0.000 0.000 0.000 0.000 0.000 0.000 0.000 0.000
0.003 0.004 0.005 0.006 0.008 0.010 0.013 0.015 0.018 0.022 0.025 0.029 0.034 0.039 0.044 0.050 0.056 0.062 0.069 0.076 0.084 0.092 0.101 0.110 0.119 0.129 0.139 0.150 0.162 0.173 0.185 0.196 0.208 0.221 0.236 0.253 0.270 0.286 0.314 0.462 0.985 1.685 2.123 2.296 1.569 0.257 0.015 0.001 0.000 0.000 0.000 0.000 0.000 0.000 0.000 0.000 0.000 0.000 0.000 0.000 0.000 0.000 0.000 0.000 0.000 0.000 0.000 0.000 0.000 0.000 0.000 0.000 0.000 0.000 0.000 0.000 0.000
0.003 0.004 0.005 0.006 0.008 0.010 0.013 0.015 0.018 0.022 0.025 0.029 0.034 0.039 0.044 0.050 0.056 0.062 0.069 0.076 0.084 0.092 0.101 0.110 0.119 0.129 0.139 0.151 0.162 0.173 0.184 0.195 0.207 0.222 0.241 0.257 0.272 0.287 0.329 0.567 1.247 1.849 2.168 2.045 0.791 0.077 0.004 0.000 0.000 0.000 0.000 0.000 0.000 0.000 0.000 0.000 0.000 0.000 0.000 0.000 0.000 0.000 0.000 0.000 0.000 0.000 0.000 0.000 0.000 0.000 0.000 0.000 0.000 0.000 0.000 0.000 0.000
0.003 0.004 0.005 0.006 0.008 0.010 0.012 0.015 0.018 0.021 0.025 0.029 0.034 0.039 0.044 0.049 0.056 0.062 0.069 0.076 0.084 0.092 0.100 0.109 0.119 0.129 0.140 0.151 0.161 0.171 0.181 0.194 0.209 0.228 0.246 0.259 0.271 0.285 0.369 0.779 1.499 1.944 2.084 1.353 0.250 0.019 0.001 0.000 0.000 0.000 0.000 0.000 0.000 0.000 0.000 0.000 0.000 0.000 0.000 0.000 0.000 0.000 0.000 0.000 0.000 0.000 0.000 0.000 0.000 0.000 0.000 0.000 0.000 0.000 0.000 0.000 0.000
0.003 0.004 0.005 0.006 0.008 0.010 0.012 0.015 0.018 0.021 0.025 0.029 0.033 0.038 0.043 0.049 0.055 0.062 0.068 0.076 0.083 0.091 0.100 0.109 0.118 0.129 0.139 0.150 0.159 0.169 0.180 0.196 0.216 0.234 0.247 0.256 0.266 0.291 0.494 1.073 1.644 1.911 1.541 0.514 0.060 0.004 0.000 0.000 0.000 0.000 0.000 0.000 0.000 0.000 0.000 0.000 0.000 0.000 0.000 0.000 0.000 0.000 0.000 0.000 0.000 0.000 0.000 0.000 0.000 0.000 0.000 0.000 0.000 0.000 0.000 0.000 0.000
0.003 0.004 0.005 0.006 0.008 0.010 0.012 0.015 0.018 0.021 0.024 0.029 0.033 0.038 0.043 0.048 0.054 0.061 0.068 0.075 0.082 0.090 0.099 0.108 0.118 0.128 0.138 0.147 0.156 0.168 0.184 0.203 0.221 0.234 0.241 0.246 0.257 0.353 0.732 1.297 1.625 1.480 0.698 0.122 0.011 0.001 0.000 0.000 0.000 0.000 0.000 0.000 0.000 0.000 0.000 0.000 0.000 0.000 0.000 0.000 0.000 0.000 0.000 0.000 0.000 0.000 0.000 0.000 0.000 0.000 0.000 0.000 0.000 0.000 0.000 0.000 0.000
0.002 0.003 0.004 0.006 0.007 0.009 0.012 0.014 0.017 0.020 0.024 0.028 0.032 0.037 0.042 0.047 0.053 0.059 0.066 0.073 0.081 0.089 0.098 0.107 0.116 0.126 0.134 0.143 0.155 0.171 0.190 0.207 0.218 0.223 0.223 0.231 0.288 0.510 0.954 1.293 1.250 0.705 0.169 0.022 0.002 0.000 0.000 0.000 0.000 0.000 0.000 0.000 0.000 0.000 0.000 0.000 0.000 0.000 0.000 0.000 0.000 0.000 0.000 0.000 0.000 0.000 0.000 0.000 0.000 0.000 0.000 0.000 0.000 0.000 0.000 0.000 0.000
0.002 0.003 0.004 0.005 0.007 0.009 0.011 0.013 0.016 0.019 0.023 0.026 0.031 0.035 0.040 0.045 0.051 0.057 0.064 0.071 0.079 0.087 0.095 0.103 0.112 0.121 0.130 0.141 0.156 0.176 0.190 0.199 0.198 0.196 0.203 0.243 0.378 0.666 0.951 0.938 0.576 0.169 0.029 0.003 0.000 0.000 0.000 0.000 0.000 0.000 0.000 0.000 0.000 0.000 0.000 0.000 0.000 0.000 0.000 0.000 0.000 0.000 0.000 0.000 0.000 0.000 0.000 0.000 0.000 0.000 0.000 0.000 0.000 0.000 0.000 0.000 0.000
0.002 0.002 0.003 0.005 0.006 0.008 0.010 0.012 0.015 0.017 0.021 0.024 0.028 0.033 0.037 0.043 0.048 0.054 0.061 0.067 0.074 0.082 0.090 0.097 0.105 0.114 0.124 0.139 0.156 0.170 0.172 0.167 0.163 0.169 0.199 0.283 0.452 0.636 0.613 0.387 0.131 0.028 0.004 0.000 0.000 0.000 0.000 0.000 0.000 0.000 0.000 0.000 0.000 0.000 0.000 0.000 0.000 0.000 0.000 0.000 0.000 0.000 0.000 0.000 0.000 0.000 0.000 0.000 0.000 0.000 0.000 0.000 0.000 0.000 0.000 0.000 0.000
0.001 0.002 0.002 0.004 0.005 0.006 0.008 0.010 0.013 0.015 0.018 0.021 0.025 0.029 0.034 0.038 0.044 0.049 0.055 0.061 0.067 0.074 0.080 0.087 0.095 0.104 0.116 0.130 0.138 0.136 0.128 0.123 0.129 0.152 0.208 0.297 0.384 0.346 0.220 0.082 0.021 0.004 0.001 0.000 0.000 0.000 0.000 0.000 0.000 0.000 0.000 0.000 0.000 0.000 0.000 0.000 0.000 0.000 0.000 0.000 0.000 0.000 0.000 0.000 0.000 0.000 0.000 0.000 0.000 0.000 0.000 0.000 0.000 0.000 0.000 0.000 0.000
0.001 0.001 0.002 0.002 0.003 0.005 0.006 0.008 0.010 0.012 0.015 0.017 0.021 0.024 0.028 0.032 0.036 0.041 0.045 0.050 0.055 0.060 0.065 0.071 0.078 0.086 0.092 0.094 0.090 0.084 0.082 0.086 0.103 0.138 0.182 0.201 0.170 0.105 0.042 0.012 0.003 0.000 0.000 0.000 0.000 0.000 0.000 0.000 0.000 0.000 0.000 0.000 0.000 0.000 0.000 0.000 0.000 0.000 0.000 0.000 0.000 0.000 0.000 0.000 0.000 0.000 0.000 0.000 0.000 0.000 0.000 0.000 0.000 0.000 0.000 0.000 0.000
0.000 0.001 0.001 0.001 0.002 0.003 0.004 0.005 0.007 0.008 0.010 0.013 0.015 0.018 0.020 0.023 0.026 0.029 0.031 0.034 0.037 0.040 0.043 0.047 0.050 0.052 0.052 0.051 0.049 0.048 0.049 0.055 0.070 0.086 0.086 0.072 0.044 0.019 0.006 0.002 0.000 0.000 0.000 0.000 0.000 0.000 0.000 0.000 0.000 0.000 0.000 0.000 0.000 0.000 0.000 0.000 0.000 0.000 0.000 0.000 0.000 0.000 0.000 0.000 0.000 0.000 0.000 0.000 0.000 0.000 0.000 0.000 0.000 0.000 0.000 0.000 0.000
0.000 0.000 0.000 0.001 0.001 0.002 0.002 0.003 0.004 0.005 0.007 0.008 0.010 0.011 0.013 0.014 0.016 0.017 0.019 0.020 0.021 0.023 0.024 0.026 0.027 0.027 0.027 0.026 0.025 0.025 0.025 0.028 0.032 0.032 0.027 0.017 0.008 0.003 0.001 0.000 0.000 0.000 0.000 0.000 0.000 0.000 0.000 0.000 0.000 0.000 0.000 0.000 0.000 0.000 0.000 0.000 0.000 0.000 0.000 0.000 0.000 0.000 0.000 0.000 0.000 0.000 0.000 0.000 0.000 0.000 0.000 0.000 0.000 0.000 0.000 0.000 0.000
0.000 0.000 0.000 0.000 0.000 0.001 0.001 0.002 0.002 0.003 0.004 0.005 0.006 0.006 0.007 0.008 0.009 0.009 0.010 0.011 0.011 0.012 0.012 0.013 0.013 0.013 0.012 0.012 0.011 0.011 0.011 0.012 0.011 0.010 0.006 0.003 0.001 0.000 0.000 0.000 0.000 0.000 0.000 0.000 0.000 0.000 0.000 0.000 0.000 0.000 0.000 0.000 0.000 0.000 0.000 0.000 0.000 0.000 0.000 0.000 0.000 0.000 0.000 0.000 0.000 0.000 0.000 0.000 0.000 0.000 0.000 0.000 0.000 0.000 0.000 0.000 0.000
0.000 0.000 0.000 0.000 0.000 0.000 0.000 0.001 0.001 0.002 0.002 0.002 0.003 0.003 0.004 0.004 0.004 0.005 0.005 0.005 0.005 0.006 0.006 0.006 0.006 0.006 0.005 0.005 0.005 0.004 0.004 0.004 0.003 0.002 0.001 0.000 0.000 0.000 0.000 0.000 0.000 0.000 0.000 0.000 0.000 0.000 0.000 0.000 0.000 0.000 0.000 0.000 0.000 0.000 0.000 0.000 0.000 0.000 0.000 0.000 0.000 0.000 0.000 0.000 0.000 0.000 0.000 0.000 0.000 0.000 0.000 0.000 0.000 0.000 0.000 0.000 0.000
0.000 0.000 0.000 0.000 0.000 0.000 0.000 0.000 0.000 0.000 0.001 0.001 0.001 0.001 0.002 0.002 0.002 0.002 0.002 0.002 0.002 0.002 0.002 0.002 0.002 0.002 0.002 0.002 0.002 0.001 0.001 0.001 0.001 0.000 0.000 0.000 0.000 0.000 0.000 0.000 0.000 0.000 0.000 0.000 0.000 0.000 0.000 0.000 0.000 0.000 0.000 0.000 0.000 0.000 0.000 0.000 0.000 0.000 0.000 0.000 0.000 0.000 0.000 0.000 0.000 0.000 0.000 0.000 0.000 0.000 0.000 0.000 0.000 0.000 0.000 0.000 0.000
0.000 0.000 0.000 0.000 0.000 0.000 0.000 0.000 0.000 0.000 0.000 0.000 0.000 0.000 0.000 0.000 0.001 0.001 0.001 0.001 0.001 0.001 0.001 0.001 0.001 0.001 0.001 0.000 0.000 0.000 0.000 0.000 0.000 0.000 0.000 0.000 0.000 0.000 0.000 0.000 0.000 0.000 0.000 0.000 0.000 0.000 0.000 0.000 0.000 0.000 0.000 0.000 0.000 0.000 0.000 0.000 0.000 0.000 0.000 0.000 0.000 0.000 0.000 0.000 0.000 0.000 0.000 0.000 0.000 0.000 0.000 0.000 0.000 0.000 0.000 0.000 0.000
0.000 0.000 0.000 0.000 0.000 0.000 0.000 0.000 0.000 0.000 0.000 0.000 0.000 0.000 0.000 0.000 0.000 0.000 0.000 0.000 0.000 0.000 0.000 0.000 0.000 0.000 0.000 0.000 0.000 0.000 0.000 0.000 0.000 0.000 0.000 0.000 0.000 0.000 0.000 0.000 0.000 0.000 0.000 0.000 0.000 0.000 0.000 0.000 0.000 0.000 0.000 0.000 0.000 0.000 0.000 0.000 0.000 0.000 0.000 0.000 0.000 0.000 0.000 0.000 0.000 0.000 0.000 0.000 0.000 0.000 0.000 0.000 0.000 0.000 0.000 0.000 0.000
