avaframe/data/avaParabola/Avaflow_Input/prefix_hflow0007.asc
ncols 250
nrows 100
xllcenter 997.50
yllcenter -4997.50
cellsize 20.00
NODATA_value -9999.000
[rows 34 to 67 of 100, columns 77 to 153 of 250]
0.000 0.001 0.001 0.001 0.000 0.000 0.000 0.000 0.001 0.001 0.001 0.001 0.001 0.002 0.002 0.002 0.002 0.002 0.003 0.003 0.003 0.003 0.003 0.003 0.003 0.004 0.004 0.004 0.004 0.004 0.004 0.004 0.004 0.004 0.003 0.003 0.003 0.003 0.002 0.002 0.002 0.002 0.002 0.002 0.002 0.001 0.001 0.001 0.000 0.000 0.000 0.000 0.000 0.000 0.000 0.000 0.000 0.000 0.000 0.000 0.000 0.000 0.000 0.000 0.000 0.000 0.000 0.000 0.000 0.000 0.000 0.000 0.000 0.000 0.000 0.000 0.000
0.001 0.001 0.000 0.000 0.000 0.000 0.001 0.001 0.001 0.001 0.001 0.002 0.002 0.002 0.003 0.003 0.003 0.004 0.004 0.004 0.004 0.005 0.005 0.005 0.006 0.006 0.006 0.006 0.007 0.007 0.007 0.007 0.007 0.007 0.007 0.007 0.006 0.006 0.006 0.005 0.005 0.005 0.004 0.004 0.004 0.004 0.003 0.003 0.002 0.001 0.000 0.000 0.000 0.000 0.000 0.000 0.000 0.000 0.000 0.000 0.000 0.000 0.000 0.000 0.000 0.000 0.000 0.000 0.000 0.000 0.000 0.000 0.000 0.000 0.000 0.000 0.000
0.001 0.000 0.000 0.000 0.000 0.001 0.001 0.001 0.001 0.002 0.002 0.002 0.003 0.003 0.004 0.004 0.005 0.005 0.006 0.006 0.007 0.007 0.008 0.008 0.009 0.009 0.010 0.011 0.011 0.012 0.012 0.012 0.013 0.013 0.013 0.013 0.013 0.013 0.012 0.012 0.011 0.011 0.010 0.010 0.009 0.010 0.010 0.010 0.009 0.006 0.002 0.001 0.000 0.000 0.000 0.000 0.000 0.000 0.000 0.000 0.000 0.000 0.000 0.000 0.000 0.000 0.000 0.000 0.000 0.000 0.000 0.000 0.000 0.000 0.000 0.000 0.000
0.000 0.000 0.000 0.000 0.001 0.001 0.001 0.001 0.002 0.002 0.003 0.003 0.004 0.004 0.005 0.006 0.006 0.007 0.008 0.009 0.010 0.011 0.012 0.013 0.014 0.015 0.016 0.017 0.018 0.019 0.020 0.021 0.021 0.022 0.023 0.023 0.023 0.024 0.024 0.023 0.023 0.023 0.022 0.021 0.022 0.024 0.028 0.030 0.027 0.020 0.009 0.003 0.001 0.000 0.000 0.000 0.000 0.000 0.000 0.000 0.000 0.000 0.000 0.000 0.000 0.000 0.000 0.000 0.000 0.000 0.000 0.000 0.000 0.000 0.000 0.000 0.000
0.000 0.000 0.000 0.001 0.001 0.001 0.001 0.002 0.003 0.003 0.004 0.005 0.005 0.006 0.007 0.008 0.009 0.010 0.011 0.013 0.014 0.015 0.017 0.018 0.020 0.021 0.023 0.025 0.027 0.029 0.030 0.032 0.034 0.035 0.037 0.038 0.039 0.040 0.041 0.042 0.042 0.042 0.042 0.043 0.045 0.050 0.064 0.075 0.074 0.059 0.030 0.010 0.003 0.001 0.000 0.000 0.000 0.000 0.000 0.000 0.000 0.000 0.000 0.000 0.000 0.000 0.000 0.000 0.000 0.000 0.000 0.000 0.000 0.000 0.000 0.000 0.000
0.000 0.000 0.001 0.001 0.001 0.002 0.002 0.003 0.003 0.004 0.005 0.006 0.007 0.008 0.009 0.011 0.012 0.014 0.015 0.017 0.019 0.021 0.023 0.025 0.027 0.030 0.032 0.035 0.038 0.041 0.044 0.047 0.050 0.053 0.055 0.058 0.061 0.063 0.066 0.068 0.070 0.071 0.073 0.077 0.082 0.095 0.131 0.167 0.170 0.145 0.089 0.033 0.009 0.002 0.000 0.000 0.000 0.000 0.000 0.000 0.000 0.000 0.000 0.000 0.000 0.000 0.000 0.000 0.000 0.000 0.000 0.000 0.000 0.000 0.000 0.000 0.000
0.000 0.001 0.001 0.001 0.002 0.002 0.003 0.004 0.005 0.005 0.007 0.008 0.009 0.010 0.012 0.014 0.016 0.018 0.020 0.022 0.025 0.027 0.030 0.033 0.036 0.039 0.043 0.046 0.050 0.053 0.057 0.061 0.066 0.070 0.074 0.079 0.083 0.087 0.092 0.096 0.101 0.105 0.110 0.117 0.128 0.153 0.237 0.320 0.336 0.302 0.212 0.089 0.027 0.006 0.001 0.000 0.000 0.000 0.000 0.000 0.000 0.000 0.000 0.000 0.000 0.000 0.000 0.000 0.000 0.000 0.000 0.000 0.000 0.000 0.000 0.000 0.000
0.000 0.001 0.001 0.002 0.002 0.003 0.004 0.005 0.006 0.007 0.008 0.010 0.011 0.013 0.015 0.017 0.019 0.022 0.024 0.027 0.030 0.033 0.036 0.040 0.043 0.047 0.051 0.055 0.059 0.063 0.068 0.073 0.078 0.083 0.088 0.093 0.099 0.105 0.111 0.117 0.123 0.129 0.135 0.144 0.160 0.209 0.391 0.545 0.574 0.531 0.412 0.215 0.071 0.016 0.003 0.000 0.000 0.000 0.000 0.000 0.000 0.000 0.000 0.000 0.000 0.000 0.000 0.000 0.000 0.000 0.000 0.000 0.000 0.000 0.000 0.000 0.000
0.001 0.001 0.001 0.002 0.003 0.004 0.005 0.006 0.007 0.008 0.010 0.011 0.013 0.015 0.017 0.019 0.022 0.025 0.027 0.030 0.034 0.037 0.041 0.044 0.048 0.052 0.057 0.061 0.066 0.071 0.076 0.081 0.086 0.092 0.098 0.104 0.111 0.117 0.124 0.131 0.138 0.145 0.153 0.163 0.181 0.280 0.608 0.804 0.827 0.787 0.668 0.426 0.160 0.038 0.006 0.001 0.000 0.000 0.000 0.000 0.000 0.000 0.000 0.000 0.000 0.000 0.000 0.000 0.000 0.000 0.000 0.000 0.000 0.000 0.000 0.000 0.000
0.001 0.001 0.002 0.003 0.003 0.004 0.005 0.006 0.007 0.009 0.011 0.012 0.014 0.016 0.019 0.021 0.024 0.027 0.030 0.033 0.036 0.040 0.044 0.048 0.052 0.057 0.061 0.066 0.071 0.076 0.081 0.087 0.093 0.099 0.105 0.111 0.118 0.125 0.132 0.140 0.147 0.155 0.164 0.175 0.200 0.404 0.837 1.011 1.023 0.994 0.884 0.618 0.263 0.069 0.012 0.001 0.000 0.000 0.000 0.000 0.000 0.000 0.000 0.000 0.000 0.000 0.000 0.000 0.000 0.000 0.000 0.000 0.000 0.000 0.000 0.000 0.000
0.001 0.001 0.002 0.003 0.004 0.005 0.006 0.007 0.008 0.010 0.011 0.013 0.015 0.017 0.020 0.022 0.025 0.028 0.031 0.035 0.038 0.042 0.046 0.050 0.055 0.059 0.064 0.069 0.074 0.080 0.085 0.091 0.097 0.103 0.110 0.117 0.123 0.130 0.138 0.145 0.153 0.162 0.171 0.184 0.237 0.599 1.037 1.170 1.184 1.165 1.040 0.731 0.327 0.090 0.014 0.001 0.000 0.000 0.000 0.000 0.000 0.000 0.000 0.000 0.000 0.000 0.000 0.000 0.000 0.000 0.000 0.000 0.000 0.000 0.000 0.000 0.000
0.001 0.001 0.002 0.003 0.004 0.005 0.006 0.007 0.008 0.010 0.012 0.014 0.016 0.018 0.021 0.023 0.026 0.029 0.033 0.036 0.040 0.044 0.048 0.052 0.056 0.061 0.066 0.071 0.077 0.082 0.088 0.094 0.100 0.106 0.113 0.120 0.127 0.134 0.141 0.149 0.157 0.166 0.176 0.191 0.314 0.822 1.187 1.299 1.320 1.301 1.143 0.784 0.356 0.098 0.015 0.001 0.000 0.000 0.000 0.000 0.000 0.000 0.000 0.000 0.000 0.000 0.000 0.000 0.000 0.000 0.000 0.000 0.000 0.000 0.000 0.000 0.000
0.001 0.001 0.002 0.003 0.004 0.005 0.006 0.007 0.009 0.010 0.012 0.014 0.016 0.019 0.021 0.024 0.027 0.030 0.033 0.037 0.040 0.044 0.049 0.053 0.058 0.062 0.067 0.073 0.078 0.084 0.089 0.095 0.102 0.108 0.115 0.122 0.129 0.136 0.143 0.151 0.160 0.169 0.180 0.202 0.443 1.020 1.298 1.407 1.431 1.397 1.202 0.804 0.362 0.097 0.014 0.001 0.000 0.000 0.000 0.000 0.000 0.000 0.000 0.000 0.000 0.000 0.000 0.000 0.000 0.000 0.000 0.000 0.000 0.000 0.000 0.000 0.000
0.001 0.001 0.002 0.003 0.004 0.005 0.006 0.007 0.009 0.011 0.012 0.014 0.017 0.019 0.021 0.024 0.027 0.030 0.034 0.037 0.041 0.045 0.049 0.054 0.058 0.063 0.068 0.073 0.079 0.084 0.090 0.097 0.103 0.110 0.116 0.123 0.130 0.137 0.145 0.153 0.162 0.171 0.182 0.226 0.598 1.155 1.380 1.493 1.515 1.453 1.226 0.801 0.348 0.086 0.011 0.001 0.000 0.000 0.000 0.000 0.000 0.000 0.000 0.000 0.000 0.000 0.000 0.000 0.000 0.000 0.000 0.000 0.000 0.000 0.000 0.000 0.000
0.001 0.001 0.002 0.003 0.004 0.005 0.006 0.007 0.009 0.011 0.012 0.015 0.017 0.019 0.022 0.024 0.027 0.031 0.034 0.037 0.041 0.045 0.049 0.054 0.059 0.063 0.068 0.074 0.079 0.085 0.091 0.097 0.104 0.110 0.117 0.123 0.130 0.138 0.146 0.155 0.163 0.172 0.185 0.263 0.739 1.233 1.436 1.553 1.566 1.478 1.222 0.767 0.305 0.065 0.007 0.000 0.000 0.000 0.000 0.000 0.000 0.000 0.000 0.000 0.000 0.000 0.000 0.000 0.000 0.000 0.000 0.000 0.000 0.000 0.000 0.000 0.000
0.001 0.001 0.002 0.003 0.004 0.005 0.006 0.008 0.009 0.011 0.013 0.015 0.017 0.019 0.022 0.024 0.027 0.031 0.034 0.038 0.041 0.045 0.050 0.054 0.059 0.064 0.069 0.074 0.079 0.085 0.091 0.097 0.104 0.110 0.117 0.124 0.131 0.139 0.147 0.155 0.164 0.172 0.188 0.312 0.844 1.270 1.470 1.584 1.585 1.479 1.187 0.688 0.240 0.041 0.004 0.000 0.000 0.000 0.000 0.000 0.000 0.000 0.000 0.000 0.000 0.000 0.000 0.000 0.000 0.000 0.000 0.000 0.000 0.000 0.000 0.000 0.000
0.001 0.001 0.002 0.003 0.004 0.005 0.006 0.008 0.009 0.011 0.013 0.015 0.017 0.019 0.022 0.025 0.027 0.031 0.034 0.038 0.041 0.045 0.050 0.054 0.059 0.064 0.069 0.074 0.080 0.085 0.091 0.098 0.104 0.110 0.117 0.124 0.132 0.140 0.148 0.155 0.163 0.172 0.192 0.358 0.913 1.285 1.484 1.589 1.588 1.453 1.112 0.572 0.168 0.022 0.002 0.000 0.000 0.000 0.000 0.000 0.000 0.000 0.000 0.000 0.000 0.000 0.000 0.000 0.000 0.000 0.000 0.000 0.000 0.000 0.000 0.000 0.000
0.001 0.001 0.002 0.003 0.004 0.005 0.006 0.008 0.009 0.011 0.013 0.015 0.017 0.019 0.022 0.025 0.027 0.031 0.034 0.038 0.041 0.045 0.050 0.054 0.059 0.064 0.069 0.074 0.080 0.085 0.091 0.097 0.104 0.110 0.117 0.125 0.133 0.140 0.148 0.155 0.163 0.172 0.197 0.397 0.951 1.287 1.482 1.577 1.568 1.390 0.981 0.432 0.098 0.010 0.001 0.000 0.000 0.000 0.000 0.000 0.000 0.000 0.000 0.000 0.000 0.000 0.000 0.000 0.000 0.000 0.000 0.000 0.000 0.000 0.000 0.000 0.000
0.001 0.001 0.002 0.003 0.004 0.005 0.006 0.008 0.009 0.011 0.013 0.015 0.017 0.019 0.022 0.024 0.027 0.031 0.034 0.038 0.041 0.045 0.050 0.054 0.059 0.064 0.069 0.074 0.080 0.085 0.091 0.097 0.103 0.110 0.118 0.126 0.133 0.140 0.146 0.153 0.162 0.173 0.206 0.434 0.966 1.280 1.466 1.541 1.511 1.283 0.793 0.281 0.044 0.004 0.000 0.000 0.000 0.000 0.000 0.000 0.000 0.000 0.000 0.000 0.000 0.000 0.000 0.000 0.000 0.000 0.000 0.000 0.000 0.000 0.000 0.000 0.000
0.001 0.001 0.002 0.003 0.004 0.005 0.006 0.007 0.009 0.011 0.012 0.014 0.017 0.019 0.022 0.024 0.027 0.031 0.034 0.038 0.041 0.045 0.050 0.054 0.059 0.063 0.069 0.074 0.079 0.085 0.091 0.097 0.104 0.111 0.119 0.126 0.132 0.137 0.144 0.153 0.162 0.175 0.217 0.470 0.973 1.264 1.427 1.477 1.407 1.113 0.553 0.140 0.016 0.001 0.000 0.000 0.000 0.000 0.000 0.000 0.000 0.000 0.000 0.000 0.000 0.000 0.000 0.000 0.000 0.000 0.000 0.000 0.000 0.000 0.000 0.000 0.000
0.001 0.001 0.002 0.003 0.004 0.005 0.006 0.007 0.009 0.011 0.012 0.014 0.017 0.019 0.021 0.024 0.027 0.030 0.034 0.037 0.041 0.045 0.049 0.054 0.058 0.063 0.068 0.074 0.079 0.085 0.090 0.097 0.104 0.111 0.118 0.123 0.128 0.135 0.144 0.155 0.165 0.177 0.226 0.502 0.978 1.231 1.362 1.372 1.249 0.837 0.298 0.050 0.005 0.000 0.000 0.000 0.000 0.000 0.000 0.000 0.000 0.000 0.000 0.000 0.000 0.000 0.000 0.000 0.000 0.000 0.000 0.000 0.000 0.000 0.000 0.000 0.000
0.001 0.001 0.002 0.003 0.004 0.005 0.006 0.007 0.009 0.010 0.012 0.014 0.016 0.019 0.021 0.024 0.027 0.030 0.033 0.037 0.041 0.045 0.049 0.053 0.058 0.063 0.068 0.073 0.078 0.084 0.090 0.097 0.104 0.110 0.115 0.120 0.126 0.136 0.148 0.159 0.166 0.177 0.234 0.536 0.976 1.173 1.256 1.225 0.988 0.483 0.113 0.013 0.001 0.000 0.000 0.000 0.000 0.000 0.000 0.000 0.000 0.000 0.000 0.000 0.000 0.000 0.000 0.000 0.000 0.000 0.000 0.000 0.000 0.000 0.000 0.000 0.000
0.001 0.001 0.002 0.003 0.004 0.005 0.006 0.007 0.008 0.010 0.012 0.014 0.016 0.018 0.021 0.023 0.026 0.029 0.033 0.036 0.040 0.044 0.048 0.052 0.057 0.062 0.067 0.072 0.077 0.083 0.089 0.096 0.102 0.106 0.111 0.118 0.128 0.141 0.154 0.160 0.163 0.173 0.247 0.576 0.947 1.082 1.110 0.993 0.592 0.185 0.029 0.003 0.000 0.000 0.000 0.000 0.000 0.000 0.000 0.000 0.000 0.000 0.000 0.000 0.000 0.000 0.000 0.000 0.000 0.000 0.000 0.000 0.000 0.000 0.000 0.000 0.000
0.001 0.001 0.002 0.003 0.003 0.004 0.005 0.007 0.008 0.009 0.011 0.013 0.015 0.017 0.020 0.022 0.025 0.028 0.032 0.035 0.039 0.042 0.046 0.051 0.055 0.060 0.065 0.070 0.075 0.081 0.088 0.093 0.098 0.102 0.109 0.120 0.134 0.146 0.152 0.151 0.150 0.168 0.284 0.621 0.875 0.946 0.885 0.595 0.224 0.047 0.006 0.001 0.000 0.000 0.000 0.000 0.000 0.000 0.000 0.000 0.000 0.000 0.000 0.000 0.000 0.000 0.000 0.000 0.000 0.000 0.000 0.000 0.000 0.000 0.000 0.000 0.000
0.001 0.001 0.001 0.002 0.003 0.004 0.005 0.006 0.007 0.009 0.010 0.012 0.014 0.016 0.019 0.021 0.024 0.027 0.030 0.033 0.037 0.040 0.044 0.049 0.053 0.057 0.062 0.067 0.073 0.078 0.083 0.088 0.092 0.100 0.110 0.125 0.136 0.139 0.134 0.129 0.134 0.179 0.335 0.604 0.736 0.712 0.504 0.216 0.055 0.009 0.001 0.000 0.000 0.000 0.000 0.000 0.000 0.000 0.000 0.000 0.000 0.000 0.000 0.000 0.000 0.000 0.000 0.000 0.000 0.000 0.000 0.000 0.000 0.000 0.000 0.000 0.000
0.001 0.001 0.001 0.001 0.002 0.003 0.004 0.005 0.006 0.008 0.009 0.011 0.013 0.015 0.017 0.019 0.022 0.025 0.028 0.031 0.034 0.038 0.041 0.045 0.049 0.053 0.058 0.062 0.067 0.072 0.077 0.081 0.088 0.100 0.111 0.120 0.118 0.111 0.105 0.109 0.132 0.205 0.368 0.498 0.492 0.360 0.168 0.049 0.009 0.001 0.000 0.000 0.000 0.000 0.000 0.000 0.000 0.000 0.000 0.000 0.000 0.000 0.000 0.000 0.000 0.000 0.000 0.000 0.000 0.000 0.000 0.000 0.000 0.000 0.000 0.000 0.000
0.000 0.001 0.001 0.001 0.001 0.002 0.003 0.004 0.005 0.006 0.008 0.009 0.011 0.013 0.015 0.017 0.019 0.022 0.024 0.027 0.030 0.033 0.037 0.040 0.043 0.047 0.051 0.055 0.059 0.063 0.068 0.075 0.083 0.093 0.096 0.092 0.084 0.081 0.085 0.099 0.138 0.219 0.299 0.290 0.216 0.106 0.034 0.008 0.001 0.000 0.000 0.000 0.000 0.000 0.000 0.000 0.000 0.000 0.000 0.000 0.000 0.000 0.000 0.000 0.000 0.000 0.000 0.000 0.000 0.000 0.000 0.000 0.000 0.000 0.000 0.000 0.000
0.000 0.000 0.001 0.001 0.001 0.001 0.002 0.003 0.004 0.005 0.006 0.007 0.008 0.010 0.012 0.013 0.015 0.017 0.020 0.022 0.024 0.027 0.029 0.032 0.034 0.037 0.040 0.043 0.047 0.051 0.056 0.062 0.066 0.065 0.061 0.056 0.056 0.060 0.071 0.095 0.131 0.163 0.151 0.108 0.056 0.019 0.005 0.001 0.000 0.000 0.000 0.000 0.000 0.000 0.000 0.000 0.000 0.000 0.000 0.000 0.000 0.000 0.000 0.000 0.000 0.000 0.000 0.000 0.000 0.000 0.000 0.000 0.000 0.000 0.000 0.000 0.000
0.000 0.000 0.000 0.000 0.001 0.001 0.001 0.002 0.002 0.003 0.004 0.005 0.006 0.007 0.008 0.009 0.011 0.012 0.014 0.015 0.017 0.018 0.020 0.021 0.023 0.025 0.026 0.029 0.032 0.035 0.037 0.037 0.037 0.036 0.034 0.034 0.036 0.043 0.056 0.071 0.075 0.066 0.048 0.024 0.009 0.003 0.001 0.000 0.000 0.000 0.000 0.000 0.000 0.000 0.000 0.000 0.000 0.000 0.000 0.000 0.000 0.000 0.000 0.000 0.000 0.000 0.000 0.000 0.000 0.000 0.000 0.000 0.000 0.000 0.000 0.000 0.000
0.000 0.000 0.000 0.000 0.000 0.000 0.001 0.001 0.001 0.002 0.002 0.003 0.004 0.004 0.005 0.006 0.007 0.008 0.009 0.010 0.011 0.011 0.012 0.013 0.014 0.015 0.016 0.017 0.018 0.019 0.019 0.019 0.019 0.018 0.018 0.018 0.020 0.024 0.029 0.029 0.026 0.018 0.009 0.004 0.001 0.000 0.000 0.000 0.000 0.000 0.000 0.000 0.000 0.000 0.000 0.000 0.000 0.000 0.000 0.000 0.000 0.000 0.000 0.000 0.000 0.000 0.000 0.000 0.000 0.000 0.000 0.000 0.000 0.000 0.000 0.000 0.000
0.000 0.000 0.000 0.000 0.000 0.000 0.000 0.000 0.001 0.001 0.001 0.002 0.002 0.003 0.003 0.004 0.004 0.005 0.005 0.006 0.006 0.006 0.007 0.007 0.008 0.008 0.009 0.009 0.009 0.009 0.009 0.009 0.009 0.009 0.009 0.009 0.010 0.011 0.010 0.009 0.006 0.003 0.001 0.001 0.000 0.000 0.000 0.000 0.000 0.000 0.000 0.000 0.000 0.000 0.000 0.000 0.000 0.000 0.000 0.000 0.000 0.000 0.000 0.000 0.000 0.000 0.000 0.000 0.000 0.000 0.000 0.000 0.000 0.000 0.000 0.000 0.000
0.000 0.000 0.000 0.000 0.000 0.000 0.000 0.000 0.000 0.000 0.000 0.001 0.001 0.001 0.001 0.002 0.002 0.002 0.002 0.003 0.003 0.003 0.003 0.003 0.004 0.004 0.004 0.004 0.004 0.004 0.004 0.004 0.004 0.004 0.004 0.004 0.004 0.004 0.003 0.002 0.001 0.001 0.000 0.000 0.000 0.000 0.000 0.000 0.000 0.000 0.000 0.000 0.000 0.000 0.000 0.000 0.000 0.000 0.000 0.000 0.000 0.000 0.000 0.000 0.000 0.000 0.000 0.000 0.000 0.000 0.000 0.000 0.000 0.000 0.000 0.000 0.000
0.000 0.000 0.000 0.000 0.000 0.000 0.000 0.000 0.000 0.000 0.000 0.000 0.000 0.000 0.000 0.001 0.001 0.001 0.001 0.001 0.001 0.001 0.001 0.001 0.001 0.001 0.002 0.002 0.001 0.001 0.001 0.001 0.001 0.001 0.001 0.001 0.001 0.001 0.001 0.000 0.000 0.000 0.000 0.000 0.000 0.000 0.000 0.000 0.000 0.000 0.000 0.000 0.000 0.000 0.000 0.000 0.000 0.000 0.000 0.000 0.000 0.000 0.000 0.000 0.000 0.000 0.000 0.000 0.000 0.000 0.000 0.000 0.000 0.000 0.000 0.000 0.000
0.000 0.000 0.000 0.000 0.000 0.000 0.000 0.000 0.000 0.000 0.000 0.000 0.000 0.000 0.000 0.000 0.000 0.000 0.000 0.000 0.000 0.000 0.000 0.000 0.000 0.000 0.000 0.000 0.000 0.000 0.000 0.000 0.000 0.000 0.000 0.000 0.000 0.000 0.000 0.000 0.000 0.000 0.000 0.000 0.000 0.000 0.000 0.000 0.000 0.000 0.000 0.000 0.000 0.000 0.000 0.000 0.000 0.000 0.000 0.000 0.000 0.000 0.000 0.000 0.000 0.000 0.000 0.000 0.000 0.000 0.000 0.000 0.000 0.000 0.000 0.000 0.000
