avaframe/data/avaParabola/Avaflow_Input/prefix_pflow0006.asc
ncols 250
nrows 100
xllcenter 997.50
yllcenter -4997.50
cellsize 20.00
NODATA_value -9999.000
[rows 32 to 63 of 100, columns 72 to 143 of 250]
0.000 0.000 0.000 0.000 0.000 0.000 0.000 0.000 0.000 0.000 0.000 0.000 0.000 0.000 0.000 0.000 0.000 0.000 0.000 0.000 0.000 0.000 0.000 0.000 0.000 0.000 974.123 954.502 939.043 923.062 880.131 0.000 0.000 0.000 0.000 0.000 0.000 0.000 0.000 0.000 0.000 0.000 0.000 0.000 0.000 0.000 0.000 0.000 0.000 0.000 0.000 0.000 0.000 0.000 0.000 0.000 0.000 0.000 0.000 0.000 0.000 0.000 0.000 0.000 0.000 0.000 0.000 0.000 0.000 0.000 0.000 0.000
0.000 0.000 0.000 0.000 0.000 0.000 0.000 0.000 0.000 0.000 0.000 0.000 0.000 0.000 0.000 0.000 817.167 920.774 1026.125 1120.991 1211.167 1296.774 1375.236 1446.315 1512.102 1571.269 1615.030 1644.697 1669.192 1696.624 1715.024 1714.349 1701.728 1688.326 1649.245 1557.842 1435.889 1315.042 1199.722 1082.904 0.000 0.000 0.000 0.000 0.000 0.000 0.000 0.000 0.000 0.000 0.000 0.000 0.000 0.000 0.000 0.000 0.000 0.000 0.000 0.000 0.000 0.000 0.000 0.000 0.000 0.000 0.000 0.000 0.000 0.000 0.000 0.000
0.000 0.000 0.000 0.000 0.000 0.000 0.000 0.000 0.000 0.000 0.000 0.000 0.000 0.000 927.711 1055.849 1185.875 1330.698 1489.646 1653.926 1819.732 1983.643 2142.713 2298.323 2453.020 2608.856 2762.464 2906.180 3034.885 3150.042 3247.744 3319.672 3358.426 3356.248 3308.996 3208.623 3084.404 2962.496 2831.774 2540.737 2222.927 1939.543 1693.748 1320.871 949.689 0.000 0.000 0.000 0.000 0.000 0.000 0.000 0.000 0.000 0.000 0.000 0.000 0.000 0.000 0.000 0.000 0.000 0.000 0.000 0.000 0.000 0.000 0.000 0.000 0.000 0.000 0.000
0.000 0.000 0.000 0.000 0.000 0.000 0.000 0.000 0.000 0.000 0.000 0.000 905.932 1110.766 1321.657 1535.330 1754.243 1987.945 2241.800 2511.936 2793.402 3085.137 3387.093 3697.816 4011.264 4323.965 4635.165 4940.881 5234.334 5508.126 5754.096 5963.888 6126.383 6233.648 6296.132 6311.919 5963.299 5579.747 5196.388 4799.770 4373.939 3922.158 3448.644 2985.465 2531.974 2127.570 1758.608 1419.960 1096.014 1235.510 1011.278 0.000 0.000 0.000 0.000 0.000 0.000 0.000 0.000 0.000 0.000 0.000 0.000 0.000 0.000 0.000 0.000 0.000 0.000 0.000 0.000 0.000
0.000 0.000 0.000 0.000 0.000 0.000 0.000 0.000 0.000 0.000 0.000 1024.313 1288.218 1561.833 1860.607 2182.939 2529.049 2904.180 3309.317 3742.197 4199.341 4678.924 5179.932 5700.109 6234.396 6777.914 7328.767 7887.014 8453.134 9015.961 9547.009 10034.547 10474.166 10682.561 10513.631 10281.354 10005.116 9666.051 9284.528 8840.667 8323.129 7740.015 7119.424 6490.811 5857.670 5213.851 4553.249 3910.732 3341.059 2883.828 2497.961 2126.899 1699.719 748.658 0.000 0.000 0.000 0.000 0.000 0.000 0.000 0.000 0.000 0.000 0.000 0.000 0.000 0.000 0.000 0.000 0.000 0.000
0.000 0.000 0.000 0.000 0.000 0.000 0.000 0.000 0.000 0.000 1128.121 1444.640 1789.679 2159.502 2569.820 3024.452 3528.476 4084.162 4688.619 5337.900 6029.390 6760.705 7529.286 8333.209 9171.039 10041.286 10943.190 11879.807 12864.075 13888.098 14874.739 15818.073 16053.517 16217.182 16310.189 16326.953 16271.905 16118.296 15854.440 15514.240 15044.452 14499.456 13866.271 13170.936 12395.887 11535.748 10581.411 9571.343 8711.107 8148.508 7683.288 7032.785 5938.967 3518.423 1117.018 0.000 0.000 0.000 0.000 0.000 0.000 0.000 0.000 0.000 0.000 0.000 0.000 0.000 0.000 0.000 0.000 0.000
0.000 0.000 0.000 0.000 0.000 0.000 0.000 0.000 0.000 1212.157 1570.743 1971.396 2417.817 2913.838 3469.816 4093.340 4792.463 5568.228 6416.067 7332.503 8318.284 9372.566 10492.240 11675.709 12922.053 14231.721 15607.644 17056.535 18602.869 20239.758 21712.488 22478.943 23162.668 23785.938 24347.324 24822.469 25198.809 25464.031 25602.627 25642.393 25542.635 25313.791 24913.799 24422.336 23747.924 22906.734 21898.080 20733.834 19807.369 19115.998 17760.209 15063.736 12948.164 8928.103 3664.536 635.536 0.000 0.000 0.000 0.000 0.000 0.000 0.000 0.000 0.000 0.000 0.000 0.000 0.000 0.000 0.000 0.000
0.000 0.000 0.000 0.000 0.000 0.000 0.000 0.000 1266.265 1656.166 2107.984 2617.929 3194.110 3848.177 4590.867 5431.324 6374.311 7419.787 8563.934 9805.459 11144.505 12580.557 14113.152 15741.807 17466.887 19289.104 21210.701 23236.012 25361.016 27578.748 29409.727 30750.918 32050.602 33312.008 34538.801 35726.938 36859.441 37886.207 38848.473 39707.996 40414.969 40926.289 41221.508 41359.855 41245.098 40891.617 40367.977 39546.949 38372.074 36153.020 32017.531 24499.816 20599.363 15803.066 8336.889 2558.125 12.753 0.000 0.000 0.000 0.000 0.000 0.000 0.000 0.000 0.000 0.000 0.000 0.000 0.000 0.000 0.000
0.000 0.000 0.000 0.000 0.000 0.000 0.000 1285.086 1706.834 2182.992 2745.100 3385.565 4115.143 4946.309 5882.222 6927.977 8090.410 9369.320 10762.113 12269.124 13889.776 15623.829 17473.318 19439.076 21520.600 23716.123 26025.512 28450.688 30990.199 33636.734 36381.840 39230.695 42049.520 44096.785 46136.266 48214.070 50265.207 52211.520 54123.176 55962.520 57691.562 59299.590 60745.293 62002.320 63012.590 63819.332 64402.855 63461.141 61079.094 56879.387 47712.734 33280.414 27098.207 22618.521 14937.796 6618.512 400.678 0.000 0.000 0.000 0.000 0.000 0.000 0.000 0.000 0.000 0.000 0.000 0.000 0.000 0.000 0.000
0.000 0.000 0.000 0.000 0.000 0.000 1234.989 1657.258 2125.615 2673.288 3325.652 4077.401 4929.768 5888.786 6961.596 8155.826 9476.077 10921.543 12489.793 14181.985 16000.802 17948.238 20025.938 22233.439 24568.295 27031.297 29623.250 32341.133 35183.078 38148.320 41233.461 44434.840 47751.227 51187.254 54790.488 58359.105 61206.309 64078.062 67030.633 70006.328 72915.797 75758.164 78549.078 81294.141 83974.898 86607.992 89230.438 90706.484 88966.617 79597.469 61333.578 39301.246 31505.494 28211.018 22074.057 12067.018 1036.901 0.000 0.000 0.000 0.000 0.000 0.000 0.000 0.000 0.000 0.000 0.000 0.000 0.000 0.000 0.000
0.000 0.000 0.000 0.000 0.000 1082.052 1495.677 1941.948 2443.075 3045.154 3766.532 4603.136 5548.013 6601.955 7773.510 9072.503 10504.291 12067.672 13760.140 15582.947 17539.756 19633.740 21866.238 24237.730 26748.098 29396.135 32181.850 35103.180 38158.117 41348.984 44674.500 48128.188 51708.047 55427.883 59316.629 63382.094 67593.219 71932.781 75410.641 78946.609 82504.859 86057.805 89631.609 93258.039 96946.664 100677.102 104430.844 107539.695 107893.398 96025.078 66760.469 40229.957 33371.504 31840.020 29050.980 17736.133 1674.699 3.536 0.000 0.000 0.000 0.000 0.000 0.000 0.000 0.000 0.000 0.000 0.000 0.000 0.000 0.000
0.000 0.000 0.000 0.000 0.000 1235.484 1677.555 2145.052 2670.963 3311.277 4082.434 4979.663 5990.380 7111.112 8351.016 9721.415 11228.845 12872.092 14648.351 16558.799 18607.895 20799.604 23136.363 25617.109 28240.404 31007.744 33919.402 36976.965 40179.301 43518.367 46992.887 50608.234 54373.879 58299.195 62382.812 66623.336 70989.297 75440.164 79968.242 84669.805 88678.805 92637.086 96750.516 101031.062 105429.828 109852.977 114228.727 118078.125 118191.719 99011.656 55700.973 36392.039 33432.965 33316.816 33393.656 23302.135 1845.310 1.760 0.000 0.000 0.000 0.000 0.000 0.000 0.000 0.000 0.000 0.000 0.000 0.000 0.000 0.000
0.000 0.000 0.000 0.000 0.000 1333.354 1797.846 2282.629 2827.626 3493.303 4297.740 5236.031 6291.292 7456.995 8742.145 10159.350 11716.450 13412.228 15243.514 17211.164 19320.289 21575.852 23978.854 26529.111 29227.812 32074.701 35069.184 38210.277 41496.543 44930.238 48511.191 52240.059 56120.516 60165.645 64381.805 68732.969 73170.367 77672.969 82277.633 87089.125 92303.148 96783.039 101301.195 106009.477 110806.383 115596.234 120345.719 124431.430 120923.281 86809.320 43417.504 33713.660 34096.855 32996.441 34268.469 26806.768 1796.477 0.778 0.000 0.000 0.000 0.000 0.000 0.000 0.000 0.000 0.000 0.000 0.000 0.000 0.000 0.000
0.000 0.000 0.000 0.000 0.000 1390.082 1873.146 2371.115 2930.458 3612.451 4437.617 5401.900 6485.397 7679.659 8993.124 10439.393 12027.416 13756.020 15621.744 17625.172 19771.557 22066.232 24510.924 27105.014 29848.596 32742.744 35787.684 38982.770 42327.723 45821.641 49463.141 53259.336 57221.605 61346.098 65603.227 69964.820 74407.367 78952.250 83693.273 88754.367 94189.891 99477.312 104249.547 109184.016 114146.266 119055.219 124117.328 128676.742 114678.633 66156.516 35820.520 32880.590 33521.078 32405.729 34225.996 27254.750 1453.930 0.020 0.000 0.000 0.000 0.000 0.000 0.000 0.000 0.000 0.000 0.000 0.000 0.000 0.000 0.000
0.000 0.000 0.000 0.000 0.000 1420.845 1916.654 2424.605 2994.046 3686.311 4523.452 5502.647 6602.481 7813.532 9143.649 10606.873 12212.907 13960.731 15846.758 17871.281 20039.449 22356.697 24824.820 27443.539 30212.984 33134.219 36207.691 39432.578 42807.613 46333.848 50014.930 53855.047 57855.207 62011.184 66290.750 70655.047 75114.156 79767.125 84726.695 90022.680 95526.438 101113.922 106279.844 111180.836 116080.062 120971.875 125888.391 129064.750 100797.547 49527.066 31986.059 33235.992 32536.490 32110.455 35205.594 18721.734 794.706 0.005 0.000 0.000 0.000 0.000 0.000 0.000 0.000 0.000 0.000 0.000 0.000 0.000 0.000 0.000
0.000 0.000 0.000 0.000 0.000 1435.456 1938.556 2453.579 3029.776 3728.446 4571.981 5558.555 6666.600 7886.569 9225.892 10698.469 12314.344 14072.793 15970.340 18007.059 20187.834 22518.078 24999.705 27632.594 30416.961 33353.887 36443.859 39686.250 43080.633 46627.988 50332.312 54197.406 58220.879 62377.945 66628.750 70986.688 75529.250 80369.516 85542.258 90930.414 96349.594 101726.578 107216.992 112199.156 116984.820 121867.000 126667.328 124801.531 83543.805 39748.496 31258.633 32965.922 33408.191 32480.463 36680.793 8934.749 362.677 0.326 0.000 0.000 0.000 0.000 0.000 0.000 0.000 0.000 0.000 0.000 0.000 0.000 0.000 0.000
0.000 0.000 0.000 0.000 0.000 1439.975 1946.639 2465.988 3046.557 3749.190 4595.678 5584.897 6695.917 7919.730 9263.511 10740.602 12361.013 14124.380 16027.587 18070.582 20257.951 22594.930 25083.473 27723.645 30515.699 33460.711 36559.223 39810.766 43215.340 46774.953 50493.566 54370.199 58379.617 62496.129 66724.094 71130.141 75834.469 80889.875 86141.359 91383.914 96570.477 101754.180 107168.812 112587.211 117348.383 122349.133 127105.258 117154.508 67921.195 35775.012 33088.309 33432.852 34925.254 33903.703 35377.871 3877.603 49.187 0.000 0.000 0.000 0.000 0.000 0.000 0.000 0.000 0.000 0.000 0.000 0.000 0.000 0.000 0.000
0.000 0.000 0.000 0.000 0.000 1439.890 1947.516 2468.689 3051.608 3756.528 4603.992 5593.290 6704.418 7929.077 9274.293 10752.801 12374.387 14138.951 16043.765 18088.900 20278.633 22617.861 25108.514 27750.795 30545.020 33492.133 36592.668 39846.535 43254.566 46819.602 50542.727 54412.621 58409.113 62509.418 66761.117 71303.398 76246.156 81393.273 86512.555 91545.242 96500.492 101503.938 107036.734 112615.500 117436.047 122651.500 127498.594 108189.219 56826.953 34841.879 35805.242 35334.191 35774.395 38177.133 28797.566 1527.377 25.840 0.000 0.000 0.000 0.000 0.000 0.000 0.000 0.000 0.000 0.000 0.000 0.000 0.000 0.000 0.000
0.000 0.000 0.000 0.000 0.000 1435.523 1943.638 2466.484 3050.974 3757.258 4604.841 5593.471 6703.790 7928.093 9273.529 10752.325 12373.971 14138.557 16043.673 18089.496 20280.074 22620.092 25111.467 27754.535 30549.652 33497.695 36599.191 39854.254 43264.414 46833.273 50559.750 54422.711 58375.887 62456.797 66810.328 71619.844 76695.148 81677.195 86510.586 91140.445 95784.891 101000.281 106978.141 112422.461 117468.953 122947.750 127942.805 98230.180 50133.488 36536.723 38115.266 38120.746 37051.793 41536.672 9920.191 558.336 15.931 0.000 0.000 0.000 0.000 0.000 0.000 0.000 0.000 0.000 0.000 0.000 0.000 0.000 0.000 0.000
0.000 0.000 0.000 0.000 0.000 1422.411 1930.028 2455.715 3043.436 3751.945 4598.745 5584.585 6691.788 7913.864 9258.166 10735.874 12355.876 14118.682 16022.448 18067.363 20256.973 22595.561 25085.053 27725.945 30518.619 33463.867 36562.320 39814.820 43223.984 46791.793 50506.164 54330.035 58264.770 62434.098 67056.562 71991.305 76857.812 81492.008 85764.109 90075.406 95039.578 100947.625 107357.156 112407.398 117884.609 123788.047 126685.898 88441.891 46408.828 40143.426 40619.449 40490.676 42225.789 37379.203 3048.655 211.638 0.000 0.000 0.000 0.000 0.000 0.000 0.000 0.000 0.000 0.000 0.000 0.000 0.000 0.000 0.000 0.000
0.000 0.000 0.000 0.000 0.000 1396.317 1900.377 2429.403 3021.201 3731.802 4576.005 5555.467 6656.016 7872.708 9212.948 10686.721 12302.172 14060.288 15959.883 18001.262 20187.275 22521.533 25005.887 27641.111 30427.717 33366.559 36458.773 39706.289 43111.344 46668.516 50351.223 54138.668 58130.449 62566.496 67381.219 72141.391 76521.938 80391.531 84413.195 89296.938 95230.602 102359.719 107430.328 113347.523 119265.727 124846.242 123017.094 80274.148 47016.398 44797.738 43604.840 44468.695 44727.078 13182.521 940.734 33.529 0.000 0.000 0.000 0.000 0.000 0.000 0.000 0.000 0.000 0.000 0.000 0.000 0.000 0.000 0.000 0.000
0.000 0.000 0.000 0.000 0.000 1350.912 1847.222 2378.437 2973.975 3684.569 4523.184 5491.806 6581.056 7787.646 9119.075 10584.343 12190.845 13939.848 15830.668 17863.756 20041.332 22366.326 24840.520 27465.049 30240.922 33169.355 36252.008 39490.984 42885.578 46422.801 50080.902 53909.730 58102.617 62741.020 67377.570 71507.383 75026.664 78822.750 83615.391 89883.102 97414.734 102632.961 109166.516 115223.977 120262.438 125381.211 118213.977 75227.023 50885.852 48669.684 47176.871 49550.184 37810.559 3386.880 335.777 6.394 0.000 0.000 0.000 0.000 0.000 0.000 0.000 0.000 0.000 0.000 0.000 0.000 0.000 0.000 0.000 0.000
0.000 0.000 0.000 0.000 0.000 1276.392 1761.665 2290.575 2887.771 3594.400 4422.718 5374.665 6446.220 7635.853 8951.062 10400.355 11990.474 13722.535 15596.081 17611.723 19771.256 22077.117 24531.236 27135.449 29891.592 32801.281 35866.355 39088.926 42466.223 45984.102 49656.531 53613.637 58026.023 62498.637 66415.195 69668.602 73275.711 78141.820 84828.430 92542.406 98171.344 105320.938 109000.070 112533.812 119819.586 124150.000 111958.227 72846.008 54654.512 52103.367 53103.738 45689.246 9115.232 899.520 33.608 0.000 0.000 0.000 0.000 0.000 0.000 0.000 0.000 0.000 0.000 0.000 0.000 0.000 0.000 0.000 0.000 0.000
0.000 0.000 0.000 0.000 0.000 1163.378 1632.229 2150.566 2744.664 3441.668 4252.526 5179.770 6224.816 7388.053 8676.574 10098.951 11661.422 13364.583 15207.984 17192.334 19319.445 21592.148 24013.057 26585.055 29311.113 32192.871 35231.629 38430.234 41788.168 45307.730 49035.434 53119.352 57376.422 61180.102 64339.531 67856.688 72742.930 79988.695 87854.516 94095.672 99881.906 101871.734 102308.734 108203.938 117167.031 122971.898 105081.945 70570.242 57652.102 56323.465 48406.309 17610.145 2002.705 230.941 5.023 0.000 0.000 0.000 0.000 0.000 0.000 0.000 0.000 0.000 0.000 0.000 0.000 0.000 0.000 0.000 0.000 0.000
0.000 0.000 0.000 0.000 0.000 1005.047 1443.707 1941.000 2523.674 3202.679 3985.466 4876.800 5883.138 7006.762 8253.970 9633.526 11151.383 12807.662 14602.090 16536.113 18612.328 20834.406 23206.350 25731.670 28411.797 31247.645 34242.156 37400.133 40723.645 44213.270 47922.062 51783.789 55424.738 58647.309 62117.219 67129.938 74201.523 83061.172 89256.297 92840.898 92002.867 90853.219 93556.930 107466.836 112834.891 120444.172 94697.242 66766.719 59934.773 49248.688 24418.789 3238.512 476.013 16.210 0.000 0.000 0.000 0.000 0.000 0.000 0.000 0.000 0.000 0.000 0.000 0.000 0.000 0.000 0.000 0.000 0.000 0.000
0.000 0.000 0.000 0.000 0.000 799.713 1181.118 1644.656 2202.781 2850.916 3591.137 4431.032 5381.401 6446.531 7631.598 8945.038 10392.835 11975.397 13692.860 15547.666 17544.236 19687.658 21981.715 24426.887 27020.668 29761.961 32652.764 35695.531 38886.465 42209.941 45621.629 48943.793 52134.914 55723.633 60572.277 67778.016 75680.453 81680.055 82275.703 79500.859 77195.688 80040.586 95536.320 99411.078 114160.023 105245.258 79712.711 64137.293 49060.812 24924.160 4015.875 671.677 49.121 0.000 0.000 0.000 0.000 0.000 0.000 0.000 0.000 0.000 0.000 0.000 0.000 0.000 0.000 0.000 0.000 0.000 0.000 0.000
0.000 0.000 0.000 0.000 0.000 0.000 850.432 1252.122 1762.517 2361.077 3040.351 3808.817 4680.277 5661.119 6754.859 7969.667 9312.185 10783.535 12384.163 14117.366 15989.115 18003.916 20159.879 22449.984 24867.047 27404.945 30057.926 32820.727 35683.215 38613.793 41556.281 44569.852 47943.438 52751.844 59485.910 65990.070 69919.266 67726.680 63509.492 61545.738 64675.145 76116.711 86872.352 99457.062 105086.875 85238.781 64432.125 44648.641 19513.143 3790.888 710.267 102.529 0.000 0.000 0.000 0.000 0.000 0.000 0.000 0.000 0.000 0.000 0.000 0.000 0.000 0.000 0.000 0.000 0.000 0.000 0.000 0.000
0.000 0.000 0.000 0.000 0.000 0.000 554.504 834.434 1229.221 1725.505 2313.616 2987.565 3752.193 4612.968 5575.334 6649.299 7839.545 9144.470 10564.539 12105.556 13771.984 15558.591 17449.688 19428.467 21484.551 23611.691 25805.080 28063.828 30405.705 32863.672 35567.305 38661.488 42548.902 47307.684 51729.574 52388.555 49467.340 45630.840 44721.082 47999.820 57412.973 71525.070 80146.039 92932.352 80551.242 56877.742 37403.906 12114.995 2821.355 626.998 120.109 0.000 0.000 0.000 0.000 0.000 0.000 0.000 0.000 0.000 0.000 0.000 0.000 0.000 0.000 0.000 0.000 0.000 0.000 0.000 0.000 0.000
0.000 0.000 0.000 0.000 0.000 0.000 0.000 525.702 763.551 1100.071 1538.924 2057.866 2652.115 3334.988 4108.567 4976.335 5933.747 6980.162 8120.777 9357.448 10680.328 12063.348 13472.004 14894.229 16329.879 17780.461 19256.604 20800.146 22526.365 24549.643 26924.949 29425.068 31703.732 32971.711 32361.018 30641.826 28953.303 28710.805 30844.289 37616.160 50091.793 62220.750 66414.336 59956.379 38174.492 18366.322 6267.371 1680.416 430.235 93.630 0.000 0.000 0.000 0.000 0.000 0.000 0.000 0.000 0.000 0.000 0.000 0.000 0.000 0.000 0.000 0.000 0.000 0.000 0.000 0.000 0.000 0.000
0.000 0.000 0.000 0.000 0.000 0.000 0.000 0.000 0.000 632.760 930.475 1280.458 1700.264 2189.576 2738.080 3342.839 3993.814 4700.197 5466.611 6282.828 7130.616 7983.510 8822.254 9648.375 10467.860 11287.590 12119.583 12995.394 13996.267 15182.583 16345.167 17216.846 17578.176 17464.830 16932.449 16288.776 16124.839 16648.219 19172.969 24167.637 28822.916 28641.191 24340.162 15831.489 7555.382 2817.369 855.177 226.980 60.815 0.000 0.000 0.000 0.000 0.000 0.000 0.000 0.000 0.000 0.000 0.000 0.000 0.000 0.000 0.000 0.000 0.000 0.000 0.000 0.000 0.000 0.000 0.000
0.000 0.000 0.000 0.000 0.000 0.000 0.000 0.000 0.000 0.000 493.617 685.106 967.945 1293.956 1651.834 2039.630 2460.683 2913.970 3389.209 3874.732 4359.186 4830.195 5285.604 5728.049 6161.619 6590.446 7018.787 7457.070 7917.118 8393.545 8733.255 8871.419 8808.528 8561.320 8250.283 8113.319 8140.150 8508.787 9464.375 10524.635 10385.019 8899.166 5880.918 2885.750 1151.215 382.520 91.679 19.558 0.000 0.000 0.000 0.000 0.000 0.000 0.000 0.000 0.000 0.000 0.000 0.000 0.000 0.000 0.000 0.000 0.000 0.000 0.000 0.000 0.000 0.000 0.000 0.000
0.000 0.000 0.000 0.000 0.000 0.000 0.000 0.000 0.000 0.000 0.000 0.000 463.626 644.269 831.880 1068.036 1341.363 1619.290 1883.353 2145.741 2400.808 2641.264 2868.560 3085.095 3292.949 3493.156 3685.667 3868.816 4032.797 4150.072 4198.994 4170.898 4044.182 3848.321 3710.252 3642.784 3624.581 3677.437 3760.516 3597.479 3053.511 2076.183 1041.538 432.092 146.029 37.962 0.000 0.000 0.000 0.000 0.000 0.000 0.000 0.000 0.000 0.000 0.000 0.000 0.000 0.000 0.000 0.000 0.000 0.000 0.000 0.000 0.000 0.000 0.000 0.000 0.000 0.000
