avaframe/data/avaParabola/Avaflow_Input/prefix_tflow0007.asc
ncols 250
nrows 100
xllcenter 997.50
yllcenter -4997.50
cellsize 20.00
NODATA_value -9999.000
[rows 33 to 65 of 100, columns 74 to 147 of 250]
0.000 0.000 0.000 0.000 0.000 0.000 0.000 0.000 0.000 0.000 0.000 0.000 0.000 0.000 0.000 0.957 1.165 1.418 1.650 1.878 2.111 2.343 2.559 2.759 3.002 3.303 3.559 3.797 4.013 4.146 4.184 4.092 3.843 3.620 3.447 3.183 2.913 2.609 2.061 1.988 1.816 1.430 0.000 0.000 0.000 0.000 0.000 0.000 0.000 0.000 0.000 0.000 0.000 0.000 0.000 0.000 0.000 0.000 0.000 0.000 0.000 0.000 0.000 0.000 0.000 0.000 0.000 0.000 0.000 0.000 0.000 0.000 0.000 0.000
0.000 0.000 0.000 0.000 0.000 0.000 0.000 0.000 0.000 0.000 0.000 0.000 0.000 0.916 1.300 1.755 2.295 2.882 3.512 4.183 4.899 5.659 6.467 7.328 8.230 9.164 10.078 10.940 11.718 12.371 12.914 13.333 13.534 13.567 13.537 13.399 12.977 12.210 10.675 8.891 7.057 5.420 4.123 3.083 2.223 1.620 1.301 0.898 0.304 0.000 0.000 0.000 0.000 0.000 0.000 0.000 0.000 0.000 0.000 0.000 0.000 0.000 0.000 0.000 0.000 0.000 0.000 0.000 0.000 0.000 0.000 0.000 0.000 0.000
0.000 0.000 0.000 0.000 0.000 0.000 0.000 0.000 0.000 0.000 0.000 0.000 1.188 1.792 2.555 3.436 4.474 5.700 7.144 8.803 10.665 12.729 15.010 17.520 20.213 23.040 25.978 28.971 31.975 35.009 38.099 41.176 44.012 46.273 47.763 47.791 45.352 41.987 37.863 33.494 29.201 25.129 21.310 17.630 14.166 10.869 8.202 5.413 1.683 0.000 0.000 0.000 0.009 0.000 0.000 0.000 0.000 0.000 0.000 0.000 0.000 0.000 0.000 0.000 0.000 0.000 0.000 0.000 0.000 0.000 0.000 0.000 0.000 0.000
0.000 0.000 0.000 0.000 0.000 0.000 0.000 0.000 0.000 0.000 0.000 1.588 2.424 3.616 5.066 6.753 8.787 11.275 14.321 17.982 22.265 27.171 32.727 38.971 45.909 53.512 61.780 70.729 80.418 90.964 102.474 114.236 125.519 135.689 137.681 137.359 135.240 131.161 125.514 118.814 111.564 103.187 93.613 83.072 72.087 60.564 50.241 38.420 19.962 3.334 0.000 0.000 0.000 0.000 0.000 0.000 0.000 0.000 0.000 0.000 0.000 0.000 0.000 0.000 0.000 0.000 0.000 0.000 0.000 0.000 0.000 0.000 0.000 0.000
0.000 0.000 0.000 0.000 0.000 0.000 0.000 0.000 0.000 1.099 1.904 3.121 4.763 6.869 9.522 12.779 16.798 21.785 27.931 35.424 44.393 54.920 67.105 81.083 96.996 114.948 135.031 157.383 182.257 210.191 242.082 276.501 308.346 327.168 342.623 354.818 364.253 370.488 373.144 371.680 365.927 356.417 341.352 322.771 300.131 274.716 249.360 215.477 146.798 60.845 4.625 0.000 0.001 0.001 0.001 0.000 0.000 0.000 0.000 0.000 0.000 0.000 0.000 0.000 0.000 0.000 0.000 0.000 0.000 0.000 0.000 0.000 0.000 0.000
0.000 0.000 0.000 0.000 0.000 0.000 0.000 0.000 1.208 2.180 3.700 5.831 8.645 12.268 16.932 22.895 30.446 39.944 51.715 66.118 83.504 104.195 128.518 156.880 189.694 227.334 270.198 318.739 373.614 436.164 508.822 589.606 651.481 708.974 764.284 818.390 869.568 916.800 958.321 992.025 1016.894 1034.217 1040.855 1036.590 1017.707 999.303 966.615 865.657 673.426 378.802 104.875 0.000 0.036 0.003 0.001 0.002 0.000 0.000 0.000 0.000 0.000 0.000 0.000 0.000 0.000 0.000 0.000 0.000 0.000 0.000 0.000 0.000 0.000 0.000
0.000 0.000 0.000 0.000 0.000 0.000 0.000 1.282 2.411 4.200 6.736 10.194 14.815 20.887 28.823 39.137 52.393 69.192 90.133 115.851 146.991 184.250 228.380 280.125 340.351 409.985 489.890 581.108 684.953 803.269 939.197 1095.734 1237.307 1374.214 1517.608 1668.242 1816.430 1964.210 2109.116 2246.878 2379.273 2506.968 2624.734 2725.079 2795.490 2869.026 2802.192 2576.497 2216.404 1444.054 587.347 53.412 1.432 0.000 0.025 0.007 0.003 0.000 0.000 0.000 0.000 0.000 0.000 0.000 0.000 0.000 0.000 0.000 0.000 0.000 0.000 0.000 0.000 0.000
0.000 0.000 0.000 0.000 0.000 0.000 1.282 2.510 4.550 7.457 11.392 16.769 24.036 33.659 46.270 62.622 83.592 110.077 142.996 183.295 231.966 290.119 359.003 439.942 534.185 643.060 768.122 910.913 1073.246 1257.308 1465.439 1700.471 1962.569 2249.890 2568.955 2861.874 3164.485 3491.564 3837.982 4197.992 4570.000 4948.183 5323.494 5688.927 6028.320 6313.500 6401.659 6116.594 5681.875 3952.376 1860.125 423.658 63.821 0.000 0.094 0.008 0.001 0.000 0.000 0.000 0.000 0.000 0.000 0.000 0.000 0.000 0.000 0.000 0.000 0.000 0.000 0.000 0.000 0.000
0.000 0.000 0.000 0.000 0.000 0.000 2.388 4.436 7.446 11.532 17.115 24.850 35.307 49.069 66.915 89.756 118.714 154.961 199.659 254.003 319.276 396.919 488.591 596.059 721.116 865.598 1031.428 1220.747 1435.698 1678.536 1951.906 2258.215 2599.306 2975.719 3390.484 3849.318 4358.162 4844.291 5369.749 5939.244 6540.103 7174.250 7833.478 8507.262 9193.140 9897.466 10556.344 10833.791 11746.200 8109.689 3773.395 948.470 142.137 7.826 39.008 0.000 0.009 0.002 0.000 0.000 0.000 0.000 0.000 0.000 0.000 0.000 0.000 0.000 0.000 0.000 0.000 0.000 0.000 0.000
0.000 0.000 0.000 0.000 0.000 1.878 3.880 6.620 10.328 15.419 22.549 32.493 45.902 63.426 85.904 114.374 150.151 194.629 249.200 315.274 394.339 488.091 598.497 727.679 877.781 1050.966 1249.515 1475.804 1732.527 2022.423 2348.097 2712.273 3117.249 3565.096 4058.737 4603.107 5205.135 5879.547 6601.281 7321.819 8094.839 8910.062 9764.729 10658.777 11593.603 12602.019 13587.371 14301.043 17559.543 9416.217 3723.950 1189.164 419.594 212.554 127.938 0.000 0.016 0.001 0.000 0.000 0.000 0.000 0.000 0.000 0.000 0.000 0.000 0.000 0.000 0.000 0.000 0.000 0.000 0.000
0.000 0.000 0.000 0.000 1.192 2.757 5.236 8.481 12.751 18.675 27.077 38.821 54.636 75.208 101.385 134.298 175.406 226.290 288.507 363.596 453.183 559.148 683.686 829.181 998.041 1192.667 1415.558 1669.494 1957.173 2281.675 2646.184 3053.336 3505.930 4006.679 4559.511 5171.230 5849.949 6601.481 7426.974 8325.959 9213.201 10133.818 11109.836 12157.354 13285.525 14506.014 15773.097 17314.379 18657.242 7702.472 2771.165 1316.381 877.456 811.754 503.563 59.100 0.000 0.000 0.000 0.000 0.000 0.000 0.000 0.000 0.000 0.000 0.000 0.000 0.000 0.000 0.000 0.000 0.000 0.000
0.000 0.000 0.000 0.000 1.498 3.435 6.262 9.884 14.618 21.182 30.533 43.621 61.240 84.091 113.014 149.186 194.165 249.674 317.408 398.987 496.110 610.771 745.326 902.343 1084.411 1294.100 1534.083 1807.186 2116.609 2465.451 2856.879 3294.195 3780.063 4318.753 4915.907 5577.814 6310.448 7115.934 7987.731 8916.280 9927.382 10931.733 11988.077 13152.672 14423.637 15814.562 17298.857 21315.830 15421.631 5323.596 2078.755 1527.544 1512.384 1247.444 935.710 314.543 0.793 0.000 0.000 0.000 0.000 0.000 0.000 0.000 0.000 0.000 0.000 0.000 0.000 0.000 0.000 0.000 0.000 0.000
0.000 0.000 0.000 0.000 1.722 3.890 6.968 10.867 15.953 22.984 32.993 47.008 65.878 90.315 121.145 159.562 207.181 265.831 337.303 423.280 525.506 646.031 787.307 952.030 1142.907 1362.614 1613.937 1899.917 2223.692 2588.563 2997.494 3453.709 3961.902 4526.743 5154.150 5849.554 6613.990 7444.531 8335.943 9289.129 10330.282 11446.557 12572.656 13835.158 15213.022 16771.035 18077.875 23467.191 11263.139 3585.936 1860.619 1924.674 1916.496 1579.755 1451.083 654.853 9.916 0.000 0.000 0.000 0.000 0.000 0.000 0.000 0.000 0.000 0.000 0.000 0.000 0.000 0.000 0.000 0.000 0.000
0.000 0.000 0.000 0.000 1.823 4.166 7.412 11.506 16.842 24.192 34.632 49.241 68.911 94.369 126.429 166.289 215.596 276.238 350.078 438.844 544.304 668.536 814.037 983.574 1179.931 1405.848 1664.172 1958.016 2290.702 2665.502 3086.040 3555.313 4077.318 4658.994 5306.088 6020.099 6797.949 7634.780 8534.545 9514.449 10604.104 11798.076 12997.055 14328.186 15757.011 17330.125 19294.070 21726.377 7688.435 2632.473 2166.711 2326.274 2215.562 2159.948 2123.086 946.540 16.169 0.000 0.000 0.000 0.000 0.000 0.000 0.000 0.000 0.000 0.000 0.000 0.000 0.000 0.000 0.000 0.000 0.000
0.000 0.000 0.000 0.000 1.869 4.312 7.663 11.885 17.383 24.938 35.643 50.602 70.738 96.792 129.581 170.302 220.614 282.437 357.674 448.090 555.477 681.926 829.952 1002.351 1201.953 1431.545 1694.013 1992.502 2330.355 2710.929 3137.837 3615.460 4148.149 4740.460 5396.791 6116.796 6895.909 7735.861 8651.824 9674.108 10819.237 12078.641 13329.159 14680.829 16110.015 17721.287 21660.984 18057.070 5754.552 2565.880 2928.579 2664.877 2864.394 3073.322 2889.735 1016.660 19.785 0.000 0.000 0.000 0.000 0.000 0.000 0.000 0.000 0.000 0.000 0.000 0.000 0.000 0.000 0.000 0.000 0.000
0.000 0.000 0.000 0.000 1.889 4.374 7.780 12.076 17.668 25.346 36.202 51.346 71.716 98.069 131.235 172.416 223.270 285.723 361.702 453.001 561.439 689.118 838.553 1012.546 1213.950 1445.590 1710.378 2011.473 2352.235 2736.082 3166.262 3647.564 4185.732 4783.155 5440.012 6156.115 6932.408 7780.830 8733.492 9804.979 10985.774 12265.857 13566.320 14889.233 16292.482 18057.232 23482.221 14888.376 4861.697 3084.305 3716.919 3836.101 3803.266 4390.627 3710.508 980.429 16.195 0.001 0.000 0.000 0.000 0.000 0.000 0.000 0.000 0.000 0.000 0.000 0.000 0.000 0.000 0.000 0.000 0.000
0.000 0.000 0.000 0.000 1.893 4.389 7.817 12.144 17.782 25.523 36.456 51.680 72.137 98.599 131.911 173.284 224.372 287.094 363.380 455.046 563.936 692.165 842.236 1016.940 1219.134 1451.663 1717.458 2019.672 2361.668 2746.995 3179.959 3664.395 4204.051 4802.452 5455.542 6163.957 6941.560 7819.006 8816.494 9921.156 11111.912 12363.566 13677.061 14950.939 16356.821 18258.908 24090.395 13078.708 5004.003 4499.974 4821.328 5274.120 5356.126 5831.915 4407.871 811.615 4.780 0.003 0.000 0.000 0.000 0.000 0.000 0.000 0.000 0.000 0.000 0.000 0.000 0.000 0.000 0.000 0.000 0.000
0.000 0.000 0.000 0.000 1.888 4.381 7.812 12.146 17.800 25.567 36.529 51.779 72.248 98.721 132.058 173.476 224.630 287.426 363.791 455.548 564.563 692.963 843.246 1018.186 1220.634 1453.445 1719.564 2022.134 2364.512 2750.349 3183.866 3670.122 4211.858 4805.477 5451.856 6160.577 6962.162 7881.847 8906.935 10014.270 11164.529 12350.294 13654.671 14933.767 16345.521 18201.916 24493.648 12098.697 5894.622 6650.715 6824.136 7017.298 7459.615 7459.149 4661.496 518.507 0.014 0.005 0.000 0.000 0.000 0.000 0.000 0.000 0.000 0.000 0.000 0.000 0.000 0.000 0.000 0.000 0.000 0.000
0.000 0.000 0.000 0.000 1.868 4.340 7.759 12.092 17.752 25.529 36.495 51.727 72.153 98.569 131.853 173.231 224.347 287.092 363.386 455.064 564.005 692.344 842.565 1017.425 1219.764 1452.441 1718.404 2020.796 2363.032 2748.959 3182.743 3668.161 4205.389 4791.403 5434.216 6167.062 7007.651 7949.204 8974.219 10020.592 11074.143 12226.131 13530.384 14787.404 16264.499 18318.154 24463.404 12111.720 7283.650 9180.565 9539.622 9898.224 9770.593 8817.718 3740.495 189.543 0.091 0.000 0.000 0.000 0.000 0.000 0.000 0.000 0.000 0.000 0.000 0.000 0.000 0.000 0.000 0.000 0.000 0.000
0.000 0.000 0.000 0.000 1.821 4.241 7.619 11.929 17.580 25.353 36.293 51.448 71.735 97.971 131.066 172.258 223.175 285.677 361.672 453.003 561.571 689.514 839.289 1013.614 1215.309 1447.231 1712.336 2013.795 2355.148 2740.366 3173.561 3655.733 4183.988 4766.809 5429.653 6194.620 7063.750 8000.426 8931.368 9862.182 10886.230 12066.574 13351.736 14669.686 16267.890 18726.322 23977.414 12969.939 9529.804 12738.978 12818.325 12874.575 12018.480 9207.317 2080.180 18.556 0.047 0.000 0.000 0.000 0.000 0.000 0.000 0.000 0.000 0.000 0.000 0.000 0.000 0.000 0.000 0.000 0.000 0.000
0.000 0.000 0.000 0.000 1.738 4.055 7.343 11.589 17.194 24.917 35.764 50.733 70.724 96.581 129.262 170.017 220.449 282.381 357.697 448.251 555.961 682.965 831.688 1004.795 1205.079 1435.407 1698.764 1998.385 2337.867 2720.913 3149.936 3625.131 4150.727 4744.510 5435.650 6227.033 7074.990 7897.559 8711.974 9609.367 10689.834 12001.796 13274.038 14766.921 16607.438 19363.447 23430.287 14579.920 13491.978 15732.470 17082.457 15547.681 13577.193 6700.499 365.401 0.208 0.008 0.000 0.000 0.000 0.000 0.000 0.000 0.000 0.000 0.000 0.000 0.000 0.000 0.000 0.000 0.000 0.000 0.000
0.000 0.000 0.000 0.000 1.611 3.747 6.880 10.991 16.484 24.069 34.700 49.312 68.779 93.972 125.905 165.832 215.324 276.157 350.186 439.258 545.295 670.426 817.036 987.745 1185.322 1412.644 1672.730 1968.826 2304.360 2682.330 3104.310 3573.031 4102.471 4721.694 5433.096 6188.882 6909.308 7623.147 8409.481 9416.033 10706.579 11977.846 13607.654 15224.717 16988.291 19855.051 23388.508 17044.412 17848.760 19275.885 19784.156 18057.305 12357.896 2180.155 34.170 0.116 0.000 0.000 0.000 0.000 0.000 0.000 0.000 0.000 0.000 0.000 0.000 0.000 0.000 0.000 0.000 0.000 0.000 0.000
0.000 0.000 0.000 0.000 1.419 3.289 6.172 10.053 15.326 22.633 32.858 46.867 65.496 89.638 120.354 158.894 206.781 265.731 337.555 424.074 527.186 648.999 791.872 958.387 1151.290 1373.449 1627.869 1917.706 2246.112 2615.568 3029.624 3498.139 4043.816 4669.267 5334.917 5970.797 6596.993 7295.562 8264.180 9507.190 10821.113 12683.654 14009.958 15450.123 16858.340 19818.256 24276.533 20259.066 20920.885 22931.010 21767.256 17492.707 6469.860 195.168 0.650 0.007 0.000 0.000 0.000 0.000 0.000 0.000 0.000 0.000 0.000 0.000 0.000 0.000 0.000 0.000 0.000 0.000 0.000 0.000
0.000 0.000 0.000 0.000 1.111 2.668 5.175 8.708 13.602 20.436 29.989 43.063 60.442 83.023 111.896 148.292 193.661 249.650 317.998 400.472 498.929 615.461 752.416 912.343 1097.936 1312.014 1557.514 1837.455 2154.718 2512.632 2917.818 3386.305 3922.769 4501.571 5067.881 5621.681 6254.232 7174.492 8401.071 9808.718 11606.937 12532.293 12927.645 14755.638 15933.519 19633.439 25420.766 23152.420 23689.568 24601.939 20673.330 9613.861 618.231 10.046 0.063 0.000 0.000 0.000 0.000 0.000 0.000 0.000 0.000 0.000 0.000 0.000 0.000 0.000 0.000 0.000 0.000 0.000 0.000 0.000
0.000 0.000 0.000 0.000 0.744 1.886 3.901 6.929 11.250 17.353 25.896 37.612 53.225 73.603 99.830 133.090 174.732 226.295 289.427 365.814 457.262 565.833 693.846 843.753 1018.091 1219.512 1450.783 1714.646 2013.823 2352.405 2739.665 3181.870 3664.162 4155.893 4654.852 5246.427 6081.489 7334.073 8774.118 10066.321 10543.314 10589.530 10916.042 12542.809 14440.110 20298.539 25632.893 25040.242 24980.162 20810.027 10435.733 1067.002 31.886 0.279 0.000 0.000 0.000 0.000 0.000 0.000 0.000 0.000 0.000 0.000 0.000 0.000 0.000 0.000 0.000 0.000 0.000 0.000 0.000 0.000
0.000 0.000 0.000 0.000 0.000 1.061 2.461 4.789 8.320 13.403 20.553 30.429 43.684 61.117 83.747 112.669 149.088 194.389 250.083 317.762 399.145 496.186 611.019 745.793 902.640 1083.784 1291.512 1527.949 1795.095 2096.354 2438.189 2818.248 3229.439 3668.360 4172.204 4975.319 5978.874 7174.583 7977.841 8131.996 7913.814 7875.673 9166.326 10139.054 13918.769 21767.439 24160.727 23512.463 18102.621 8730.201 1107.295 45.547 0.413 0.005 0.000 0.000 0.000 0.000 0.000 0.000 0.000 0.000 0.000 0.000 0.000 0.000 0.000 0.000 0.000 0.000 0.000 0.000 0.000 0.000
0.000 0.000 0.000 0.000 0.000 0.000 1.209 2.622 5.094 8.856 14.270 21.846 32.161 45.904 63.943 87.216 116.737 153.691 199.394 255.247 322.750 403.526 499.189 611.203 740.938 889.775 1059.109 1249.981 1463.447 1703.513 1976.594 2286.023 2642.894 3092.744 3663.630 4407.172 5186.278 5494.688 5456.446 5156.876 5080.499 5654.886 6898.037 9093.719 13977.510 18734.285 17727.375 12495.049 5556.778 723.665 39.856 0.482 0.012 0.000 0.000 0.000 0.000 0.000 0.000 0.000 0.000 0.000 0.000 0.000 0.000 0.000 0.000 0.000 0.000 0.000 0.000 0.000 0.000 0.000
0.000 0.000 0.000 0.000 0.000 0.000 0.538 1.129 2.388 4.558 7.959 12.915 19.850 29.315 41.927 58.380 79.466 106.126 139.290 179.947 229.149 287.817 356.623 436.086 526.656 628.600 742.340 868.841 1010.824 1176.662 1379.867 1621.645 1912.460 2269.486 2655.501 2924.563 3057.118 2937.160 2749.734 2712.593 3097.163 4288.279 5573.082 8613.091 11111.989 9875.605 6482.350 2262.444 294.549 23.988 0.357 0.013 0.000 0.000 0.000 0.000 0.000 0.000 0.000 0.000 0.000 0.000 0.000 0.000 0.000 0.000 0.000 0.000 0.000 0.000 0.000 0.000 0.000 0.000
0.000 0.000 0.000 0.000 0.000 0.000 0.000 0.000 0.910 1.855 3.451 6.018 9.774 15.050 22.178 31.564 43.738 59.180 78.416 101.931 130.090 162.980 200.497 242.549 289.129 340.456 396.763 458.635 528.674 616.635 735.698 873.357 1012.220 1134.601 1232.085 1261.041 1189.986 1109.019 1089.088 1293.766 1820.332 2714.156 3830.822 4663.707 3857.417 1972.250 542.672 85.892 7.405 0.131 0.010 0.000 0.000 0.000 0.000 0.000 0.000 0.000 0.000 0.000 0.000 0.000 0.000 0.000 0.000 0.000 0.000 0.000 0.000 0.000 0.000 0.000 0.000 0.000
0.000 0.000 0.000 0.000 0.000 0.000 0.000 0.000 0.000 0.621 1.193 2.262 3.891 6.279 9.578 13.999 19.707 26.884 35.667 46.165 58.440 72.402 87.849 104.601 122.594 141.890 162.710 185.476 211.071 241.994 281.972 325.445 360.096 379.649 378.649 363.049 346.479 337.943 370.418 472.483 667.470 883.947 987.628 732.846 338.402 100.591 17.122 1.748 0.022 0.000 0.000 0.000 0.000 0.000 0.000 0.000 0.000 0.000 0.000 0.000 0.000 0.000 0.000 0.000 0.000 0.000 0.000 0.000 0.000 0.000 0.000 0.000 0.000 0.000
0.000 0.000 0.000 0.000 0.000 0.000 0.000 0.000 0.000 0.000 0.000 0.641 1.192 2.009 3.313 5.104 7.363 10.108 13.436 17.315 21.644 26.402 31.489 36.817 42.404 48.341 54.669 61.403 68.617 76.508 84.705 92.006 95.450 94.771 91.583 88.347 85.894 87.845 96.847 116.062 137.095 141.115 101.680 48.171 14.635 2.686 0.304 0.005 0.000 0.000 0.000 0.000 0.000 0.000 0.000 0.000 0.000 0.000 0.000 0.000 0.000 0.000 0.000 0.000 0.000 0.000 0.000 0.000 0.000 0.000 0.000 0.000 0.000 0.000
0.000 0.000 0.000 0.000 0.000 0.000 0.000 0.000 0.000 0.000 0.000 0.000 0.000 0.428 0.819 1.385 2.063 2.782 3.760 4.869 6.046 7.295 8.567 9.859 11.269 12.788 14.358 15.906 17.370 18.651 19.606 19.994 19.593 18.743 17.931 17.278 17.048 17.318 18.110 18.682 17.368 12.132 5.739 1.802 0.331 0.038 0.000 0.000 0.000 0.000 0.000 0.000 0.000 0.000 0.000 0.000 0.000 0.000 0.000 0.000 0.000 0.000 0.000 0.000 0.000 0.000 0.000 0.000 0.000 0.000 0.000 0.000 0.000 0.000
0.000 0.000 0.000 0.000 0.000 0.000 0.000 0.000 0.000 0.000 0.000 0.000 0.000 0.000 0.000 0.000 0.323 0.413 0.565 0.752 0.934 1.120 1.335 1.645 2.010 2.359 2.686 2.956 3.148 3.251 3.239 3.073 2.775 2.436 2.193 2.085 2.047 2.024 1.970 1.753 1.234 0.588 0.175 0.031 0.000 0.000 0.000 0.000 0.000 0.000 0.000 0.000 0.000 0.000 0.000 0.000 0.000 0.000 0.000 0.000 0.000 0.000 0.000 0.000 0.000 0.000 0.000 0.000 0.000 0.000 0.000 0.000 0.000 0.000
