avaframe/data/avaParabola/Avaflow_Input/prefix_pflow10015.asc
ncols 250
nrows 100
xllcenter 997.50
yllcenter -4997.50
cellsize 20.00
NODATA_value -9999.000
[rows 33 to 65 of 100, columns 74 to 147 of 250]
0.000 0.000 0.000 0.000 0.000 0.000 0.000 0.000 0.000 0.000 0.000 0.000 0.000 0.000 0.000 0.000 0.000 0.000 0.000 0.000 0.000 0.000 0.000 0.000 0.000 0.000 0.000 1058.508 1239.721 1410.831 1561.055 1691.646 1813.051 1935.210 2057.865 2178.248 2297.371 2415.594 2528.620 2633.244 2731.691 2846.926 3149.683 3041.439 2256.279 387.096 0.000 3.948 20.059 41.536 62.487 85.969 98.641 102.652 73.368 0.000 0.000 0.000 0.000 0.000 0.000 0.000 0.000 0.000 0.000 0.000 0.000 0.000 0.000 0.000 0.000 0.000 0.000 0.000
0.000 0.000 0.000 0.000 0.000 0.000 0.000 0.000 0.000 0.000 0.000 0.000 0.000 0.000 0.000 0.000 0.000 0.000 0.000 0.000 0.000 0.000 0.000 0.000 0.000 0.000 1336.784 1547.552 1742.187 1924.169 2095.024 2265.213 2442.909 2630.697 2823.519 3016.476 3207.620 3396.909 3581.277 3757.049 3927.557 4118.926 4531.992 4352.433 3255.581 531.032 0.000 6.350 47.302 114.403 164.222 210.103 246.076 282.350 199.192 18.303 0.000 0.000 0.000 0.000 0.000 0.000 0.000 0.000 0.000 0.000 0.000 0.000 0.000 0.000 0.000 0.000 0.000 0.000
0.000 0.000 0.000 0.000 0.000 0.000 0.000 0.000 0.000 0.000 0.000 0.000 0.000 0.000 0.000 0.000 0.000 0.000 0.000 0.000 0.000 0.000 0.000 0.000 0.000 1604.507 1856.687 2077.131 2285.252 2490.948 2703.331 2927.677 3167.452 3423.504 3692.313 3968.129 4245.463 4522.977 4799.757 5073.018 5346.088 5647.978 6125.059 5936.704 4412.825 723.542 1.268 5.499 70.421 173.450 254.993 346.960 449.431 553.378 419.923 179.987 57.064 28.103 0.000 0.000 0.000 0.000 0.000 0.000 0.000 0.000 0.000 0.000 0.000 0.000 0.000 0.000 0.000 0.000
0.000 0.000 0.000 0.000 0.000 0.000 0.000 0.000 0.000 0.000 0.000 0.000 0.000 0.000 0.000 0.000 0.000 0.000 0.000 0.000 0.000 0.000 0.000 0.000 1798.410 2103.194 2363.078 2608.996 2853.692 3108.802 3381.533 3672.777 3982.765 4313.160 4663.516 5029.774 5406.358 5790.181 6181.090 6579.987 6993.365 7439.600 7959.681 7765.936 5369.552 664.877 0.118 11.188 88.303 159.780 231.826 394.151 567.349 671.337 578.419 426.490 230.236 88.425 37.087 0.000 0.000 0.000 0.000 0.000 0.000 0.000 0.000 0.000 0.000 0.000 0.000 0.000 0.000 0.000
0.000 0.000 0.000 0.000 0.000 0.000 0.000 0.000 0.000 0.000 0.000 0.000 0.000 0.000 0.000 0.000 0.000 0.000 0.000 0.000 0.000 0.000 0.000 1942.630 2277.393 2575.306 2860.115 3146.863 3450.429 3779.663 4134.195 4509.689 4905.159 5323.736 5767.854 6236.186 6725.309 7232.615 7755.303 8301.913 8877.993 9415.255 10053.083 10536.542 5512.655 432.453 0.000 19.884 118.462 145.230 200.239 339.826 421.355 417.987 525.861 677.723 517.374 259.534 96.865 38.133 0.000 0.000 0.000 0.000 0.000 0.000 0.000 0.000 0.000 0.000 0.000 0.000 0.000 0.000
0.000 0.000 0.000 0.000 0.000 0.000 0.000 0.000 0.000 0.000 0.000 0.000 0.000 0.000 0.000 0.000 0.000 0.000 0.000 0.000 0.000 0.000 2022.719 2391.966 2724.361 3043.489 3363.733 3702.902 4077.408 4488.169 4926.716 5386.114 5864.901 6365.892 6893.560 7450.060 8032.584 8639.527 9268.715 9933.104 10622.059 11202.363 12277.387 14200.386 4511.262 197.981 0.000 74.523 198.498 244.765 316.808 384.534 309.614 268.587 469.301 903.657 862.351 500.141 243.298 68.436 0.000 0.000 0.000 0.000 0.000 0.000 0.000 0.000 0.000 0.000 0.000 0.000 0.000 0.000
0.000 0.000 0.000 0.000 0.000 0.000 0.000 0.000 0.000 0.000 0.000 0.000 0.000 0.000 0.000 0.000 0.000 0.000 0.000 0.000 0.000 2031.037 2426.951 2784.963 3129.343 3472.339 3828.726 4218.132 4651.365 5124.509 5626.751 6150.086 6692.868 7257.895 7849.578 8471.099 9122.112 9803.250 10512.187 11256.039 12037.781 12679.798 14377.729 16810.857 3247.283 59.172 16.378 214.223 451.762 604.701 648.668 554.921 347.745 312.672 563.297 1123.126 1157.759 752.736 484.084 230.867 22.455 0.000 0.000 0.000 0.000 0.000 0.000 0.000 0.000 0.000 0.000 0.000 0.000 0.000
0.000 0.000 0.000 0.000 0.000 0.000 0.000 0.000 0.000 0.000 0.000 0.000 0.000 0.000 0.000 0.000 0.000 0.000 0.000 0.000 1946.597 2377.473 2754.061 3113.902 3470.495 3833.809 4222.953 4654.930 5134.429 5654.713 6204.970 6777.301 7369.442 7983.122 8622.274 9291.859 9993.258 10727.498 11489.652 12286.115 13181.744 13766.522 16019.826 16562.896 2024.276 25.265 0.000 289.918 472.125 442.310 452.460 480.692 427.981 466.986 764.652 4.471 11.680 1020.885 735.566 499.846 281.546 132.818 0.000 0.000 0.000 0.000 0.000 0.000 0.000 0.000 0.000 0.000 0.000 0.000
0.000 0.000 0.000 0.000 0.000 0.000 0.000 0.000 0.000 0.000 0.000 0.000 0.000 0.000 0.000 0.000 0.000 0.000 0.000 0.000 2244.070 2642.051 3012.505 3376.563 3741.959 4122.262 4537.779 5002.366 5516.967 6073.346 6660.693 7270.773 7900.728 8551.064 9225.357 9929.318 10665.567 11436.027 12233.832 13090.896 14120.381 14475.776 17169.615 14717.287 1002.390 0.012 0.000 138.487 49.662 75.832 262.526 379.686 462.725 598.560 947.205 91.680 15.597 1034.821 700.260 459.539 267.132 99.090 0.000 0.000 0.000 0.000 0.000 0.000 0.000 0.000 0.000 0.000 0.000 0.000
0.000 0.000 0.000 0.000 0.000 0.000 0.000 0.000 0.000 0.000 0.000 0.000 0.000 0.000 0.000 0.000 0.000 0.000 0.000 2018.577 2458.509 2841.015 3210.369 3577.870 3950.342 4344.113 4778.904 5266.427 5805.985 6388.628 7003.751 7642.529 8301.179 8979.235 9679.248 10406.576 11167.243 11962.872 12785.885 13710.197 14789.611 14782.930 17802.631 12770.481 40.894 8.252 51.907 0.236 5.214 131.564 322.030 456.173 570.465 738.786 971.784 1176.661 913.724 607.028 393.869 250.033 148.665 57.180 12.362 0.000 0.000 0.000 0.000 0.000 0.000 0.000 0.000 0.000 0.000 0.000
0.000 0.000 0.000 0.000 0.000 0.000 0.000 0.000 0.000 0.000 0.000 0.000 0.000 0.000 0.000 0.000 0.000 0.000 0.000 2201.552 2609.907 2986.473 3356.646 3726.910 4105.417 4509.339 4957.307 5459.886 6016.018 6616.906 7251.983 7912.295 8592.582 9291.139 10010.186 10754.800 11530.591 12340.659 13186.199 14140.129 15062.160 15326.510 19848.883 10130.084 3.759 10.415 0.000 0.000 127.574 492.414 709.680 788.722 806.459 808.326 785.737 725.309 537.233 354.033 226.642 142.416 84.673 39.628 12.228 0.000 0.000 0.000 0.000 0.000 0.000 0.000 0.000 0.000 0.000 0.000
0.000 0.000 0.000 0.000 0.000 0.000 0.000 0.000 0.000 0.000 0.000 0.000 0.000 0.000 0.000 0.000 0.000 0.000 1845.429 2320.388 2713.960 3088.777 3460.507 3833.457 4216.996 4628.288 5084.985 5596.928 6163.496 6776.484 7425.334 8100.861 8796.428 9509.337 10241.862 10998.557 11784.607 12603.661 13476.523 14440.145 15109.318 17014.508 23027.184 6757.050 59.339 0.000 0.099 103.724 811.928 416.867 851.685 830.103 755.142 659.010 552.938 452.307 328.146 219.420 140.952 88.240 52.485 26.317 10.189 0.000 0.000 0.000 0.000 0.000 0.000 0.000 0.000 0.000 0.000 0.000
0.000 0.000 0.000 0.000 0.000 0.000 0.000 0.000 0.000 0.000 0.000 0.000 0.000 0.000 0.000 0.000 0.000 0.000 1947.883 2394.210 2782.087 3157.232 3530.746 3906.314 4293.879 4710.328 5172.639 5690.399 6263.359 6884.092 7541.991 8227.412 8933.002 9655.489 10396.513 11161.631 11956.312 12782.343 13675.061 14638.092 15158.891 19937.277 23960.947 3900.369 2.520 0.690 78.807 368.167 621.892 312.784 718.696 661.649 547.945 414.956 292.064 215.038 149.724 98.227 60.903 35.995 20.254 10.618 5.328 0.000 0.000 0.000 0.000 0.000 0.000 0.000 0.000 0.000 0.000 0.000
0.000 0.000 0.000 0.000 0.000 0.000 0.000 0.000 0.000 0.000 0.000 0.000 0.000 0.000 0.000 0.000 0.000 0.000 1999.838 2437.308 2823.662 3199.885 3575.095 3952.916 4343.540 4763.532 5229.442 5750.922 6327.895 6953.339 7616.773 8308.061 9019.340 9747.541 10494.059 11264.093 12064.062 12895.242 13792.365 14779.953 15306.753 19998.557 21760.602 2181.047 0.000 35.967 200.445 414.923 524.364 539.724 501.610 394.047 253.772 145.897 81.390 50.357 28.469 14.123 6.334 2.751 1.215 0.517 0.244 0.000 0.000 0.000 0.000 0.000 0.000 0.000 0.000 0.000 0.000 0.000
0.000 0.000 0.000 0.000 0.000 0.000 0.000 0.000 0.000 0.000 0.000 0.000 0.000 0.000 0.000 0.000 0.000 0.000 2024.409 2459.833 2846.253 3223.569 3600.134 3979.605 4372.319 4794.700 5263.107 5787.143 6366.896 6995.154 7661.533 8355.600 9069.592 9800.853 10550.386 11323.595 12126.628 12960.734 13859.856 14860.380 15358.020 20205.398 18050.979 1218.668 0.000 49.713 182.058 279.788 293.560 269.965 220.967 137.440 65.764 26.571 8.916 3.048 0.658 0.000 0.000 0.028 0.000 0.000 0.000 0.000 0.000 0.000 0.000 0.000 0.000 0.000 0.000 0.000 0.000 0.000
0.000 0.000 0.000 0.000 0.000 0.000 0.000 0.000 0.000 0.000 0.000 0.000 0.000 0.000 0.000 0.000 0.000 0.000 2033.880 2469.165 2856.042 3234.159 3611.609 3992.075 4385.986 4809.834 5279.991 5806.071 6387.932 7018.042 7685.696 8380.333 9094.523 9826.417 10577.683 11353.676 12159.752 12996.185 13899.884 14920.156 15250.606 20238.826 15580.146 735.260 0.000 65.981 196.218 125.363 53.364 43.306 32.689 17.712 5.538 2.335 1.547 0.023 0.002 0.019 0.337 0.656 0.374 0.213 0.107 0.000 0.000 0.000 0.000 0.000 0.000 0.000 0.000 0.000 0.000 0.000
0.000 0.000 0.000 0.000 0.000 0.000 0.000 0.000 0.000 0.000 0.000 0.000 0.000 0.000 0.000 0.000 0.000 0.000 2035.588 2471.130 2858.386 3236.927 3614.810 3995.714 4390.086 4814.557 5285.755 5813.406 6397.081 7028.630 7696.776 8390.693 9103.880 9834.918 10586.755 11363.535 12171.066 13008.512 13917.051 14955.472 15191.892 19967.117 14211.215 513.728 0.000 2.904 16.188 1.447 0.455 0.340 0.358 0.111 0.029 0.763 4.625 16.217 21.193 24.679 24.108 19.466 11.915 6.123 2.737 0.000 0.000 0.000 0.000 0.000 0.000 0.000 0.000 0.000 0.000 0.000
0.000 0.000 0.000 0.000 0.000 0.000 0.000 0.000 0.000 0.000 0.000 0.000 0.000 0.000 0.000 0.000 0.000 0.000 2033.392 2469.618 2857.246 3236.047 3614.172 3995.279 4389.782 4814.401 5285.979 5814.412 6399.343 7031.984 7700.281 8393.289 9105.344 9835.354 10586.686 11363.295 12171.188 13008.459 13920.144 14965.853 15182.456 19833.311 13633.167 434.207 0.000 0.013 0.010 0.296 1.465 3.752 7.227 13.361 25.891 63.135 145.236 216.509 179.480 134.483 93.385 61.220 36.860 18.002 6.177 0.000 0.000 0.000 0.000 0.000 0.000 0.000 0.000 0.000 0.000 0.000
0.000 0.000 0.000 0.000 0.000 0.000 0.000 0.000 0.000 0.000 0.000 0.000 0.000 0.000 0.000 0.000 0.000 0.000 2022.865 2461.555 2850.352 3229.812 3608.488 3989.979 4384.684 4809.631 5282.066 5811.929 6398.284 7031.694 7699.678 8391.337 9100.849 9828.496 10578.597 11354.671 12162.188 13000.146 13919.220 14955.892 15171.938 19812.629 13463.521 412.783 0.024 0.926 6.448 21.707 51.288 89.924 134.402 187.090 255.537 339.852 448.581 467.237 354.702 246.484 163.262 104.672 63.189 30.896 2.364 0.000 0.000 0.000 0.000 0.000 0.000 0.000 0.000 0.000 0.000 0.000
0.000 0.000 0.000 0.000 0.000 0.000 0.000 0.000 0.000 0.000 0.000 0.000 0.000 0.000 0.000 0.000 0.000 0.000 1996.157 2441.397 2832.705 3213.347 3592.916 3975.008 4370.101 4795.862 5270.150 5802.731 6391.521 7025.525 7691.287 8378.347 9082.521 9806.164 10554.579 11331.429 12140.110 12981.141 13909.153 14915.744 15166.520 19806.082 13475.838 416.907 0.000 5.898 34.150 108.519 239.402 369.194 457.441 504.471 532.734 580.098 678.309 640.878 498.105 356.840 244.641 163.159 103.304 46.271 14.398 0.000 0.000 0.000 0.000 0.000 0.000 0.000 0.000 0.000 0.000 0.000
0.000 0.000 0.000 0.000 0.000 0.000 0.000 0.000 0.000 0.000 0.000 0.000 0.000 0.000 0.000 0.000 0.000 0.000 1941.661 2402.343 2798.528 3181.218 3562.256 3945.422 4341.374 4768.592 5245.488 5781.207 6371.854 7004.572 7665.188 8344.502 9041.355 9760.361 10507.172 11284.173 12093.360 12938.361 13867.885 14816.590 15174.836 19816.592 13716.669 452.746 0.000 14.376 69.342 197.569 418.212 604.712 672.607 663.885 595.675 585.750 687.450 728.562 656.641 518.902 377.018 259.691 163.632 70.966 0.000 0.000 0.000 0.000 0.000 0.000 0.000 0.000 0.000 0.000 0.000 0.000
0.000 0.000 0.000 0.000 0.000 0.000 0.000 0.000 0.000 0.000 0.000 0.000 0.000 0.000 0.000 0.000 0.000 0.000 1842.658 2335.774 2740.937 3127.206 3510.714 3895.831 4293.292 4722.293 5201.540 5739.088 6329.195 6957.397 7609.781 8279.208 8967.211 9680.620 10424.722 11200.771 12009.777 12856.475 13769.229 14675.354 15288.339 19934.770 14496.533 600.082 0.000 13.030 68.651 198.336 454.342 692.269 747.848 628.901 389.727 315.278 402.953 586.882 735.162 674.074 500.734 336.647 198.440 31.025 0.000 0.000 0.000 0.000 0.000 0.000 0.000 0.000 0.000 0.000 0.000 0.000
0.000 0.000 0.000 0.000 0.000 0.000 0.000 0.000 0.000 0.000 0.000 0.000 0.000 0.000 0.000 0.000 0.000 0.000 1677.332 2230.977 2651.733 3044.052 3431.391 3819.665 4219.189 4649.430 5129.049 5665.220 6250.954 6870.974 7512.231 8170.014 8848.200 9554.831 10294.915 11069.224 11877.858 12722.038 13605.319 14517.346 15327.920 20190.100 16492.166 1109.632 0.000 2.371 22.007 65.877 236.038 524.784 604.387 476.542 275.841 256.206 365.934 552.596 706.834 664.448 478.530 286.799 140.027 53.037 0.000 0.000 0.000 0.000 0.000 0.000 0.000 0.000 0.000 0.000 0.000 0.000
0.000 0.000 0.000 0.000 0.000 0.000 0.000 0.000 0.000 0.000 0.000 0.000 0.000 0.000 0.000 0.000 0.000 0.000 1426.403 2075.129 2521.178 2923.155 3315.832 3708.383 4110.022 4539.634 5015.811 5545.765 6122.417 6730.890 7358.613 8002.983 8670.017 9368.539 10103.240 10872.974 11676.413 12512.905 13373.180 14311.901 15298.729 16893.393 19947.975 2366.091 0.000 0.075 1.222 7.060 101.331 318.504 407.466 403.561 344.714 405.986 540.254 641.540 653.236 536.107 368.397 204.459 32.523 0.000 0.000 0.000 0.000 0.000 0.000 0.000 0.000 0.000 0.000 0.000 0.000 0.000
0.000 0.000 0.000 0.000 0.000 0.000 0.000 0.000 0.000 0.000 0.000 0.000 0.000 0.000 0.000 0.000 0.000 0.000 0.000 1851.760 2337.548 2754.404 3153.756 3550.815 3953.669 4379.443 4846.908 5364.610 5926.945 6520.048 7131.859 7761.068 8415.164 9102.816 9827.531 10587.698 11380.020 12202.363 13050.962 14006.816 15056.493 14919.609 24697.238 4800.630 26.383 5.173 26.201 108.424 232.796 368.372 416.951 442.476 508.603 731.004 846.063 765.483 601.281 430.712 268.668 128.720 44.180 0.000 0.000 0.000 0.000 0.000 0.000 0.000 0.000 0.000 0.000 0.000 0.000 0.000
0.000 0.000 0.000 0.000 0.000 0.000 0.000 0.000 0.000 0.000 0.000 0.000 0.000 0.000 0.000 0.000 0.000 0.000 0.000 1533.289 2085.750 2526.009 2933.208 3333.090 3734.932 4152.702 4605.394 5104.202 5646.316 6219.318 6811.784 7422.054 8058.229 8729.363 9438.346 10181.262 10953.935 11756.704 12593.520 13515.541 14497.345 14657.235 21032.967 8204.407 258.787 0.000 84.185 388.833 483.539 0.127 0.000 406.701 626.898 985.304 913.422 709.337 501.227 332.744 158.982 19.750 0.000 0.000 0.000 0.000 0.000 0.000 0.000 0.000 0.000 0.000 0.000 0.000 0.000 0.000
0.000 0.000 0.000 0.000 0.000 0.000 0.000 0.000 0.000 0.000 0.000 0.000 0.000 0.000 0.000 0.000 0.000 0.000 0.000 1076.135 1739.516 2223.680 2641.178 3040.120 3436.809 3841.828 4273.315 4745.584 5259.726 5805.511 6372.138 6957.838 7570.013 8217.113 8899.282 9612.130 10353.039 11122.674 11926.812 12760.843 13626.997 14265.258 17925.602 11671.009 705.224 0.000 5.920 102.843 327.542 30.624 0.419 98.669 478.856 975.019 684.776 532.076 380.355 243.245 81.976 13.924 0.000 0.000 0.000 0.000 0.000 0.000 0.000 0.000 0.000 0.000 0.000 0.000 0.000 0.000
0.000 0.000 0.000 0.000 0.000 0.000 0.000 0.000 0.000 0.000 0.000 0.000 0.000 0.000 0.000 0.000 0.000 0.000 0.000 0.000 1238.443 1829.089 2264.426 2658.575 3042.654 3428.294 3829.915 4264.847 4740.269 5249.889 5782.717 6334.825 6911.092 7518.354 8157.528 8823.130 9513.222 10230.493 10974.109 11711.287 12560.068 13393.871 16607.949 14565.114 1246.643 3.767 0.000 45.112 235.415 69.765 12.829 39.042 481.705 918.356 537.791 398.424 279.229 171.815 55.225 0.000 0.000 0.000 0.000 0.000 0.000 0.000 0.000 0.000 0.000 0.000 0.000 0.000 0.000 0.000
0.000 0.000 0.000 0.000 0.000 0.000 0.000 0.000 0.000 0.000 0.000 0.000 0.000 0.000 0.000 0.000 0.000 0.000 0.000 0.000 692.787 1301.690 1787.354 2176.329 2536.292 2888.859 3246.858 3631.450 4059.683 4525.807 5012.752 5513.292 6031.406 6574.054 7144.739 7738.707 8351.943 8986.708 9636.677 10282.369 11146.474 11806.298 11993.718 17841.338 2624.232 58.438 10.368 163.799 246.306 243.696 269.541 362.570 561.575 636.823 393.050 277.201 160.311 76.550 0.000 0.000 0.000 0.000 0.000 0.000 0.000 0.000 0.000 0.000 0.000 0.000 0.000 0.000 0.000 0.000
0.000 0.000 0.000 0.000 0.000 0.000 0.000 0.000 0.000 0.000 0.000 0.000 0.000 0.000 0.000 0.000 0.000 0.000 0.000 0.000 0.000 712.485 1193.080 1581.828 1897.469 2193.789 2489.284 2824.071 3209.730 3620.721 4033.477 4447.632 4869.839 5316.187 5789.611 6273.149 6762.724 7262.999 7771.587 8280.997 9060.564 9442.878 9215.162 16668.086 5249.226 274.957 0.000 75.570 181.692 303.830 462.700 607.822 514.146 349.548 252.141 137.225 17.313 0.000 0.000 0.000 0.000 0.000 0.000 0.000 0.000 0.000 0.000 0.000 0.000 0.000 0.000 0.000 0.000 0.000
0.000 0.000 0.000 0.000 0.000 0.000 0.000 0.000 0.000 0.000 0.000 0.000 0.000 0.000 0.000 0.000 0.000 0.000 0.000 0.000 0.000 0.000 663.977 996.507 1217.018 1422.874 1665.987 1962.341 2269.312 2564.346 2848.032 3127.038 3424.850 3755.144 4089.834 4411.452 4728.137 5052.302 5384.231 5714.782 6228.727 6467.126 6551.806 11322.436 6910.667 604.333 0.000 24.682 87.197 142.522 217.607 284.485 263.661 208.755 118.280 12.387 0.000 0.000 0.000 0.000 0.000 0.000 0.000 0.000 0.000 0.000 0.000 0.000 0.000 0.000 0.000 0.000 0.000 0.000
0.000 0.000 0.000 0.000 0.000 0.000 0.000 0.000 0.000 0.000 0.000 0.000 0.000 0.000 0.000 0.000 0.000 0.000 0.000 0.000 0.000 0.000 0.000 584.761 702.040 775.315 999.584 1243.038 1442.073 1594.730 1728.244 1872.640 2083.079 2315.466 2515.661 2713.124 2925.291 3146.395 3363.572 3575.502 3847.421 4071.418 4247.514 7067.066 5905.147 819.454 1.738 12.571 46.644 83.521 140.420 171.559 155.512 102.918 12.241 0.000 0.000 0.000 0.000 0.000 0.000 0.000 0.000 0.000 0.000 0.000 0.000 0.000 0.000 0.000 0.000 0.000 0.000 0.000
0.000 0.000 0.000 0.000 0.000 0.000 0.000 0.000 0.000 0.000 0.000 0.000 0.000 0.000 0.000 0.000 0.000 0.000 0.000 0.000 0.000 0.000 0.000 0.000 354.800 362.663 505.714 659.879 753.170 808.801 850.247 878.824 1053.770 1209.794 1329.538 1477.722 1632.621 1779.111 1898.944 2005.336 2138.793 2319.736 2493.137 3864.959 4379.573 756.462 8.462 7.597 24.020 47.430 86.306 99.421 86.266 16.234 0.000 0.000 0.000 0.000 0.000 0.000 0.000 0.000 0.000 0.000 0.000 0.000 0.000 0.000 0.000 0.000 0.000 0.000 0.000 0.000
