avaframe/data/avaParabola/Avaflow_Input/prefix_pflow10007.asc
ncols 250
nrows 100
xllcenter 997.50
yllcenter -4997.50
cellsize 20.00
NODATA_value -9999.000
[rows 32 to 63 of 100, columns 73 to 145 of 250]
0.000 0.000 0.000 0.000 0.000 0.000 0.000 0.000 0.000 0.000 0.000 0.000 0.000 0.000 0.000 0.000 0.000 0.000 0.000 0.000 0.000 0.000 0.000 0.000 951.140 999.733 1034.453 1068.552 1106.143 1131.170 1138.581 1121.272 1071.349 1472.980 1304.701 911.518 0.000 0.000 0.000 0.000 0.000 0.000 0.000 0.000 0.000 0.000 0.000 0.000 0.000 0.000 0.000 0.000 0.000 0.000 0.000 0.000 0.000 0.000 0.000 0.000 0.000 0.000 0.000 0.000 0.000 0.000 0.000 0.000 0.000 0.000 0.000 0.000 0.000
0.000 0.000 0.000 0.000 0.000 0.000 0.000 0.000 0.000 0.000 0.000 0.000 0.000 0.000 0.000 0.000 888.592 997.643 1097.893 1191.387 1281.558 1368.017 1450.853 1534.434 1619.297 1704.491 1784.342 1857.902 1919.054 1959.025 1979.897 1985.298 1970.803 1949.817 1934.938 1921.416 1892.737 1837.714 1757.501 1467.750 1443.552 1344.929 1191.565 0.000 0.000 0.000 0.000 0.000 0.000 0.000 0.000 0.000 0.000 0.000 0.000 0.000 0.000 0.000 0.000 0.000 0.000 0.000 0.000 0.000 0.000 0.000 0.000 0.000 0.000 0.000 0.000 0.000 0.000
0.000 0.000 0.000 0.000 0.000 0.000 0.000 0.000 0.000 0.000 0.000 0.000 0.000 0.000 911.865 1073.425 1233.534 1394.682 1559.699 1727.624 1895.901 2064.137 2233.961 2406.968 2578.721 2744.554 2903.422 3049.825 3179.728 3297.344 3409.936 3522.240 3626.602 3708.186 3757.394 3777.771 3765.781 3702.559 3587.904 3279.930 2917.817 2542.485 2175.977 1846.324 1539.251 1247.952 981.584 790.263 574.361 240.277 0.000 0.000 0.000 0.000 0.000 0.000 0.000 0.000 0.000 0.000 0.000 0.000 0.000 0.000 0.000 0.000 0.000 0.000 0.000 0.000 0.000 0.000 0.000
0.000 0.000 0.000 0.000 0.000 0.000 0.000 0.000 0.000 0.000 0.000 0.000 0.000 1079.721 1301.178 1513.005 1728.717 1958.484 2207.144 2473.340 2751.661 3037.706 3329.969 3628.354 3930.571 4232.835 4533.301 4831.542 5129.697 5430.289 5733.380 6033.412 6312.739 6553.463 6738.471 6864.430 6831.429 6503.398 6123.679 5698.665 5255.400 4809.979 4366.315 3921.744 3468.560 3015.118 2561.108 2130.065 1480.827 475.776 0.000 0.002 0.000 7.353 0.000 0.000 0.000 0.000 0.000 0.000 0.000 0.000 0.000 0.000 0.000 0.000 0.000 0.000 0.000 0.000 0.000 0.000 0.000
0.000 0.000 0.000 0.000 0.000 0.000 0.000 0.000 0.000 0.000 0.000 0.000 1245.703 1520.958 1808.307 2102.385 2410.347 2744.759 3108.730 3503.703 3925.935 4369.448 4830.168 5307.095 5800.026 6307.170 6826.772 7359.211 7905.147 8465.535 9045.672 9651.621 10224.341 10737.125 11180.699 11033.423 10805.604 10528.134 10185.554 9791.850 9358.439 8902.381 8401.183 7850.020 7251.129 6620.286 5964.138 5256.202 4066.985 2049.823 323.190 0.000 0.029 0.000 0.005 0.000 0.000 0.000 0.000 0.000 0.000 0.000 0.000 0.000 0.000 0.000 0.000 0.000 0.000 0.000 0.000 0.000 0.000
0.000 0.000 0.000 0.000 0.000 0.000 0.000 0.000 0.000 0.000 1070.529 1382.946 1715.789 2064.902 2438.980 2843.612 3282.405 3763.295 4285.983 4851.766 5459.724 6106.111 6787.317 7502.168 8250.283 9030.619 9841.504 10681.053 11548.365 12449.980 13407.716 14451.639 15470.066 16285.448 16454.309 16536.205 16539.359 16486.482 16362.683 16165.842 15887.684 15518.355 15095.884 14555.871 13950.712 13254.580 12531.852 11599.573 9844.515 6208.915 2200.461 156.073 0.000 0.063 0.089 0.402 0.000 0.000 0.000 0.000 0.000 0.000 0.000 0.000 0.000 0.000 0.000 0.000 0.000 0.000 0.000 0.000 0.000
0.000 0.000 0.000 0.000 0.000 0.000 0.000 0.000 0.000 1138.328 1489.444 1866.503 2277.009 2720.934 3208.419 3748.756 4347.751 5008.833 5731.641 6515.724 7358.972 8259.051 9214.591 10224.952 11292.124 12415.934 13593.858 14825.735 16114.522 17470.244 18918.105 20493.102 22031.393 22740.857 23318.764 23817.221 24270.020 24648.963 24950.867 25160.510 25262.688 25248.371 25154.939 24932.496 24583.256 24053.693 23645.570 22497.297 19252.994 13349.699 5899.478 1389.337 0.000 0.609 0.090 0.142 0.788 0.000 0.000 0.000 0.000 0.000 0.000 0.000 0.000 0.000 0.000 0.000 0.000 0.000 0.000 0.000 0.000
0.000 0.000 0.000 0.000 0.000 0.000 0.000 0.000 1187.163 1582.546 1992.315 2442.127 2949.342 3513.394 4145.370 4851.176 5637.570 6507.331 7459.532 8491.797 9601.311 10786.225 12046.800 13383.733 14793.999 16276.000 17831.383 19460.420 21165.916 22952.998 24828.973 26808.736 28873.248 30233.705 31360.359 32459.873 33561.555 34542.270 35445.262 36269.832 36976.820 37604.934 38187.316 38692.203 39083.797 39164.637 39050.641 36467.020 31376.682 23449.977 11029.400 3526.909 313.894 9.866 0.000 0.751 0.754 1.453 0.000 0.000 0.000 0.000 0.000 0.000 0.000 0.000 0.000 0.000 0.000 0.000 0.000 0.000 0.000
0.000 0.000 0.000 0.000 0.000 0.000 0.000 1196.029 1624.627 2069.741 2544.483 3087.860 3707.996 4400.794 5173.357 6027.434 6970.719 8006.910 9134.589 10351.583 11655.921 13046.361 14524.516 16092.441 17750.629 19498.512 21335.328 23261.678 25276.713 27381.590 29580.072 31871.684 34252.188 36704.969 39235.691 41869.191 43669.262 45372.766 47118.129 48868.738 50578.340 52243.742 53811.711 55249.570 56563.910 57587.996 57626.539 54880.203 47711.906 37207.199 16694.795 5803.907 1261.119 211.677 0.000 1.053 0.291 0.161 0.000 0.000 0.000 0.000 0.000 0.000 0.000 0.000 0.000 0.000 0.000 0.000 0.000 0.000 0.000
0.000 0.000 0.000 0.000 0.000 0.000 0.000 1562.608 2003.024 2475.060 3008.753 3632.198 4345.802 5141.791 6021.076 6984.665 8041.262 9196.438 10450.849 11803.015 13250.292 14791.572 16428.850 18165.096 20001.459 21937.412 23972.262 26105.623 28338.658 30671.656 33102.945 35633.188 38260.969 40979.316 43778.664 46663.324 49646.148 52788.426 55129.504 57454.359 59836.438 62207.801 64568.895 66895.336 69142.922 71312.039 73117.773 73160.078 67833.969 56310.461 20721.324 6921.696 1653.470 267.717 19.004 181.107 0.000 0.572 0.739 0.000 0.000 0.000 0.000 0.000 0.000 0.000 0.000 0.000 0.000 0.000 0.000 0.000 0.000
0.000 0.000 0.000 0.000 0.000 0.000 1394.931 1837.448 2287.609 2784.433 3363.976 4047.089 4830.716 5703.631 6661.137 7704.321 8842.507 10083.200 11428.303 12876.277 14424.103 16070.828 17818.910 19672.012 21631.992 23698.395 25870.094 28146.662 30527.363 33013.809 35606.535 38304.016 41103.031 43995.758 46978.797 50063.961 53268.750 56616.441 60145.281 63492.984 66247.891 69036.266 71805.609 74552.641 77279.133 79992.945 82621.250 83484.547 79159.547 62764.004 15496.370 4633.448 1438.219 533.133 318.036 300.255 0.000 0.406 0.086 0.000 0.000 0.000 0.000 0.000 0.000 0.000 0.000 0.000 0.000 0.000 0.000 0.000 0.000
0.000 0.000 0.000 0.000 0.000 1100.930 1570.432 2027.086 2492.313 3009.909 3621.660 4346.472 5179.843 6107.520 7120.419 8219.030 9413.012 10711.803 12118.870 13632.316 15248.354 16965.986 18788.119 20719.080 22761.221 24914.186 27176.623 29547.779 32029.723 34620.680 37320.992 40131.441 43045.219 46060.016 49177.742 52409.609 55778.094 59302.812 62964.301 66681.562 70432.305 73551.484 76513.562 79489.492 82525.938 85640.250 88672.672 89939.266 86639.594 46126.098 9204.592 2740.534 1286.914 882.577 918.760 814.923 224.848 0.000 0.015 0.042 0.000 0.000 0.000 0.000 0.000 0.000 0.000 0.000 0.000 0.000 0.000 0.000 0.000
0.000 0.000 0.000 0.000 0.000 1197.283 1684.658 2153.088 2633.143 3167.149 3800.293 4552.590 5419.378 6384.245 7434.925 8570.759 9801.729 11138.717 12586.510 14143.259 15804.562 17569.074 19439.861 21421.826 23517.707 25727.172 28048.836 30482.258 33027.199 35684.633 38455.172 41336.430 44326.039 47420.750 50632.414 53979.582 57470.855 61092.953 64796.469 68505.242 72205.914 76112.805 79396.047 82502.609 85778.453 89194.922 92570.492 93839.367 89831.273 25724.695 5135.648 1777.092 1290.557 1297.732 1199.072 1280.520 961.473 8.846 0.000 0.001 0.000 0.000 0.000 0.000 0.000 0.000 0.000 0.000 0.000 0.000 0.000 0.000 0.000
0.000 0.000 0.000 0.000 0.000 1254.166 1754.385 2233.407 2725.419 3271.679 3918.742 4688.095 5575.765 6564.207 7639.167 8798.799 10053.166 11414.057 12887.356 14471.330 16161.161 17955.154 19856.307 21869.803 23998.717 26242.785 28600.559 31071.752 33657.477 36357.723 39171.617 42091.805 45117.688 48265.730 51548.031 54969.770 58517.879 62145.773 65802.516 69470.438 73223.062 77256.727 81210.852 84471.859 87965.039 91593.727 95283.523 94632.102 74756.406 13709.407 3020.872 1432.711 1458.128 1472.822 1382.349 1851.195 1838.224 101.701 0.000 0.000 0.000 0.000 0.000 0.000 0.000 0.000 0.000 0.000 0.000 0.000 0.000 0.000 0.000
0.000 0.000 0.000 0.000 0.000 1284.262 1793.816 2281.398 2782.068 3336.950 3992.891 4772.212 5671.803 6673.883 7763.195 8937.089 10205.523 11580.595 13068.875 14668.831 16375.548 18187.072 20106.176 22138.080 24286.027 26549.900 28928.283 31420.852 34028.676 36752.055 39589.207 42542.664 45611.586 48800.246 52125.117 55584.805 59138.922 62731.129 66340.484 70037.664 73956.680 78202.359 82464.805 85906.812 89544.500 93251.188 96542.859 95447.008 48995.008 7534.752 2027.540 1540.365 1625.525 1586.100 1796.843 2640.211 2611.391 166.830 0.000 0.002 0.000 0.000 0.000 0.000 0.000 0.000 0.000 0.000 0.000 0.000 0.000 0.000 0.000
0.000 0.000 0.000 0.000 0.000 1297.548 1813.290 2306.710 2813.230 3373.947 4035.538 4820.358 5725.914 6734.814 7831.670 9013.513 10290.066 11673.264 13169.964 14778.924 16495.414 18317.391 20247.359 22290.373 24449.713 26725.443 29116.277 31621.889 34243.207 36980.328 39831.828 42800.355 45891.543 49110.340 52455.652 55909.090 59423.992 62966.875 66591.609 70424.375 74588.766 78997.492 83405.047 86957.742 90595.922 94249.977 97171.000 95939.992 30194.648 4982.425 1859.059 1961.379 1759.255 1971.019 2506.785 3607.355 2921.253 228.877 0.009 0.000 0.000 0.000 0.000 0.000 0.000 0.000 0.000 0.000 0.000 0.000 0.000 0.000 0.000
0.000 0.000 0.000 0.000 0.000 1301.453 1820.330 2316.973 2826.958 3391.435 4056.599 4844.231 5752.066 6763.356 7863.220 9048.769 10329.439 11716.710 13217.436 14830.655 16551.986 18379.469 20315.336 22364.336 24529.635 26811.490 29208.812 31721.227 34349.488 37093.695 39953.258 42925.008 46020.293 49253.027 52593.977 56001.824 59459.191 62996.590 66728.070 70821.188 75182.812 79533.914 83845.508 87710.148 91220.266 94783.570 97477.977 89200.969 20160.129 3942.821 2147.567 2392.735 2450.126 2572.850 3594.113 4838.999 3215.510 248.486 0.121 0.000 0.000 0.000 0.000 0.000 0.000 0.000 0.000 0.000 0.000 0.000 0.000 0.000 0.000
0.000 0.000 0.000 0.000 0.000 1301.382 1821.136 2318.825 2830.242 3396.705 4063.930 4852.843 5760.940 6772.132 7872.369 9058.906 10340.981 11729.669 13231.606 14845.955 16568.713 18398.127 20336.236 22387.398 24554.623 26838.258 29237.408 31751.658 34381.508 37127.258 39990.059 42979.723 46098.430 49330.133 52653.105 56013.891 59436.238 63042.281 67023.711 71347.914 75647.219 79811.242 83943.141 88085.984 91435.203 95050.945 97036.609 77307.961 15496.126 3938.642 3060.317 3043.250 3326.790 3621.593 4911.170 6406.347 3376.191 115.866 0.956 0.000 0.000 0.000 0.000 0.000 0.000 0.000 0.000 0.000 0.000 0.000 0.000 0.000 0.000
0.000 0.000 0.000 0.000 0.000 1297.824 1817.829 2316.296 2828.620 3396.185 4064.514 4853.887 5761.718 6772.171 7871.909 9058.424 10340.884 11730.026 13232.256 14846.798 16569.896 18399.982 20339.037 22391.221 24559.383 26843.930 29244.090 31759.477 34390.406 37137.324 40002.660 42992.895 46111.664 49337.988 52603.906 55913.180 59390.840 63253.793 67513.375 71761.844 75793.477 79696.875 83561.680 87839.500 91344.812 94898.641 94984.602 68465.648 13257.297 4588.743 4482.296 4295.690 4419.176 5134.579 6710.556 8145.325 3082.848 0.620 3.380 0.000 0.000 0.000 0.000 0.000 0.000 0.000 0.000 0.000 0.000 0.000 0.000 0.000 0.000
0.000 0.000 0.000 0.000 0.000 1286.900 1805.925 2305.014 2819.049 3388.910 4059.141 4848.567 5754.718 6762.352 7859.709 9044.896 10326.803 11715.358 13216.459 14829.568 16551.340 18380.480 20318.801 22370.049 24536.824 26819.580 29217.705 31730.795 34359.191 37104.453 39971.598 42964.180 46072.898 49248.086 52441.547 55784.441 59560.488 63715.797 67862.727 71779.648 75404.008 78899.289 82840.438 87437.430 90906.812 94436.602 92965.281 61639.844 12741.808 5661.579 6193.653 6048.690 6312.039 7027.772 8986.340 8655.280 1943.328 9.395 0.000 0.000 0.000 0.000 0.000 0.000 0.000 0.000 0.000 0.000 0.000 0.000 0.000 0.000 0.000
0.000 0.000 0.000 0.000 0.000 1264.225 1779.677 2278.283 2794.712 3367.458 4039.897 4828.207 5729.952 6731.338 7823.342 9004.871 10284.153 11670.063 13167.833 14777.235 16495.516 18321.674 20257.219 22305.270 24468.070 26746.201 29139.344 31647.305 34271.117 37014.270 39881.969 42873.539 45947.504 49038.672 52267.602 55910.168 59964.707 64042.926 67804.727 71069.055 74193.461 77960.969 82585.820 87034.258 90597.922 94225.773 90913.805 55234.832 13421.636 7444.112 8688.812 8317.775 8521.577 9365.274 11605.923 7411.852 420.316 13.120 0.000 0.000 0.000 0.000 0.000 0.000 0.000 0.000 0.000 0.000 0.000 0.000 0.000 0.000 0.000
0.000 0.000 0.000 0.000 0.000 1224.234 1731.991 2228.099 2746.864 3322.210 3995.681 4780.476 5674.157 6665.176 7747.874 8922.240 10195.481 11575.319 13066.388 14668.799 16380.292 18200.027 20129.238 22170.447 24325.623 26595.604 28980.572 31480.914 34098.594 36837.117 39695.344 42650.016 45659.223 48781.590 52245.199 56158.133 60142.871 63712.379 66591.000 69382.562 73014.320 77803.500 83130.953 86794.328 90901.336 94980.766 89425.695 49872.559 14980.906 10677.122 11021.248 11565.474 11053.280 12204.140 12118.573 2612.959 13.255 6.888 0.000 0.000 0.000 0.000 0.000 0.000 0.000 0.000 0.000 0.000 0.000 0.000 0.000 0.000 0.000
0.000 0.000 0.000 0.000 0.000 1160.340 1652.698 2144.994 2663.748 3240.596 3912.159 4689.521 5570.236 6545.581 7613.423 8775.138 10036.646 11404.556 12882.993 14472.263 16170.348 17976.455 19891.719 21918.338 24058.264 26312.746 28682.480 31168.264 33771.770 36492.832 39320.621 42229.832 45238.824 48518.879 52267.973 56155.824 59510.512 62036.117 64610.730 68194.242 73284.383 79183.828 83132.961 87896.375 92292.734 95724.297 87823.914 46635.312 17434.221 14503.415 14155.400 14415.278 14456.395 14756.447 7324.374 681.118 24.283 0.000 0.000 0.000 0.000 0.000 0.000 0.000 0.000 0.000 0.000 0.000 0.000 0.000 0.000 0.000 0.000
0.000 0.000 0.000 0.000 0.000 1062.720 1530.648 2016.486 2530.880 3106.862 3771.473 4535.418 5396.738 6349.446 7395.000 8536.367 9777.963 11125.388 12582.250 14148.853 15823.380 17605.104 19495.459 21496.934 23611.697 25841.281 28186.428 30647.592 33224.867 35914.629 38703.680 41606.590 44731.301 48269.609 51967.516 55117.090 57415.855 59861.398 63505.137 69070.109 75283.320 79736.055 85650.109 87992.000 92910.867 94997.570 84687.836 45258.758 20767.422 17828.971 18262.779 17765.309 17697.090 13391.700 1734.746 48.312 6.183 0.000 0.000 0.000 0.000 0.000 0.000 0.000 0.000 0.000 0.000 0.000 0.000 0.000 0.000 0.000 0.000
0.000 0.000 0.000 0.000 0.000 915.335 1355.524 1825.627 2332.033 2902.131 3551.934 4293.822 5127.159 6047.809 7060.825 8170.889 9380.763 10695.189 12117.412 13647.730 15284.276 17026.834 18877.992 20841.002 22917.957 25109.828 27416.924 29839.139 32375.371 35020.426 37779.129 40709.930 43949.949 47356.070 50359.840 52660.902 55077.445 58821.496 64719.977 71436.445 76686.070 82141.281 81408.953 80817.531 90554.203 91951.133 79393.141 44122.855 24456.467 21889.404 22155.586 20823.617 16233.312 3349.647 342.869 20.724 0.000 0.000 0.000 0.000 0.000 0.000 0.000 0.000 0.000 0.000 0.000 0.000 0.000 0.000 0.000 0.000 0.000
0.000 0.000 0.000 0.000 0.000 708.256 1112.753 1554.096 2049.392 2604.915 3228.949 3936.903 4730.103 5605.729 6571.930 7634.851 8795.701 10058.390 11425.629 12898.008 14474.179 16155.248 17945.211 19847.285 21862.037 23988.578 26226.252 28574.434 31030.020 33589.258 36273.094 39159.707 42206.176 45020.488 47389.551 49913.188 53798.367 59625.207 67329.117 73208.062 75014.250 72222.555 69615.984 72408.062 83807.672 86110.453 71479.531 41300.480 28618.584 26405.242 23503.768 17529.088 4758.128 682.837 46.949 0.000 0.000 0.000 0.000 0.000 0.000 0.000 0.000 0.000 0.000 0.000 0.000 0.000 0.000 0.000 0.000 0.000 0.000
0.000 0.000 0.000 0.000 0.000 0.000 809.158 1194.165 1663.914 2192.188 2778.442 3437.297 4173.768 4987.079 5887.355 6881.254 7968.858 9153.059 10436.091 11819.458 13303.713 14891.221 16585.344 18386.521 20291.344 22295.537 24396.748 26592.307 28875.205 31239.148 33702.172 36297.488 38862.758 41318.543 44000.320 47542.043 53827.191 60013.109 64977.383 63984.910 59983.598 56968.656 58885.586 71102.023 75614.977 77811.359 64954.254 40004.914 31946.236 25412.660 17304.707 5122.228 830.943 48.497 5.302 0.000 0.000 0.000 0.000 0.000 0.000 0.000 0.000 0.000 0.000 0.000 0.000 0.000 0.000 0.000 0.000 0.000 0.000
0.000 0.000 0.000 0.000 0.000 0.000 0.000 807.079 1185.679 1653.034 2181.572 2773.487 3431.953 4161.024 4970.526 5865.003 6844.222 7910.573 9067.290 10317.383 11661.579 13100.486 14633.092 16253.068 17950.678 19718.127 21550.490 23442.502 25382.979 27368.254 29447.049 31670.447 34009.410 36723.254 40419.723 44962.508 50058.410 52029.371 49441.418 45346.254 43521.438 45737.207 53602.793 63258.414 69059.422 68310.031 50907.285 35573.273 25404.107 15452.468 4302.909 814.785 52.349 9.168 0.000 0.000 0.000 0.000 0.000 0.000 0.000 0.000 0.000 0.000 0.000 0.000 0.000 0.000 0.000 0.000 0.000 0.000 0.000
0.000 0.000 0.000 0.000 0.000 0.000 0.000 532.911 755.597 1087.425 1489.148 1970.099 2514.497 3123.348 3804.323 4554.986 5375.100 6269.754 7244.484 8295.405 9418.203 10610.981 11863.785 13160.329 14488.739 15843.107 17214.848 18601.148 20013.857 21504.391 23216.633 25304.057 27650.096 30366.053 33371.941 35477.129 35124.164 32978.457 30484.164 30032.812 32302.988 38429.672 50631.316 56144.598 62528.152 50637.758 33000.301 22317.891 10494.723 2775.546 701.995 45.958 9.968 0.000 0.000 0.000 0.000 0.000 0.000 0.000 0.000 0.000 0.000 0.000 0.000 0.000 0.000 0.000 0.000 0.000 0.000 0.000 0.000
0.000 0.000 0.000 0.000 0.000 0.000 0.000 0.000 0.000 650.137 921.169 1251.411 1649.601 2099.047 2602.079 3148.043 3741.997 4394.026 5097.026 5845.070 6635.359 7458.807 8294.156 9125.973 9952.379 10775.968 11604.221 12445.788 13314.436 14264.379 15484.493 17111.814 18637.924 19768.529 20176.738 19936.803 19194.512 18295.035 18159.725 19292.812 23263.334 30431.141 38139.586 40240.586 35584.367 23700.967 13073.750 5030.047 1527.012 383.726 26.134 8.459 0.000 0.000 0.000 0.000 0.000 0.000 0.000 0.000 0.000 0.000 0.000 0.000 0.000 0.000 0.000 0.000 0.000 0.000 0.000 0.000 0.000
0.000 0.000 0.000 0.000 0.000 0.000 0.000 0.000 0.000 0.000 515.895 699.653 976.312 1273.849 1615.269 1987.787 2401.394 2843.891 3303.865 3778.710 4265.023 4755.993 5241.736 5719.521 6189.450 6651.780 7110.339 7571.712 8047.521 8560.562 9161.127 9833.441 10270.232 10433.230 10370.683 10134.128 9833.562 9747.736 9975.204 11015.393 13225.487 15494.545 15686.144 13983.692 9834.477 5135.540 2113.265 708.129 188.847 8.095 0.000 0.000 0.000 0.000 0.000 0.000 0.000 0.000 0.000 0.000 0.000 0.000 0.000 0.000 0.000 0.000 0.000 0.000 0.000 0.000 0.000 0.000 0.000
0.000 0.000 0.000 0.000 0.000 0.000 0.000 0.000 0.000 0.000 0.000 0.000 494.660 659.116 851.688 1107.517 1386.634 1655.833 1919.281 2195.981 2474.414 2740.443 2997.687 3243.945 3476.047 3699.546 3924.413 4151.938 4379.165 4604.344 4826.209 4992.995 5052.587 5018.810 4905.227 4768.847 4707.848 4717.183 4866.843 5243.140 5689.978 5597.864 4918.205 3500.507 1860.315 803.926 282.961 78.187 3.979 0.000 0.000 0.000 0.000 0.000 0.000 0.000 0.000 0.000 0.000 0.000 0.000 0.000 0.000 0.000 0.000 0.000 0.000 0.000 0.000 0.000 0.000 0.000 0.000
