avaframe/data/avaParabola/Avaflow_Input/prefix_tflow0013.asc
ncols 250
nrows 100
xllcenter 997.50
yllcenter -4997.50
cellsize 20.00
NODATA_value -9999.000
[rows 34 to 67 of 100, columns 75 to 149 of 250]
0.000 0.000 0.000 0.000 0.000 0.000 0.000 0.000 0.000 0.000 0.000 0.000 0.000 0.000 0.000 0.000 0.000 0.000 0.000 0.000 0.000 0.000 1.545 2.234 3.003 3.788 4.660 5.624 6.668 7.801 9.026 10.330 11.694 13.100 14.525 15.960 17.392 18.779 20.122 21.591 23.681 24.771 25.332 29.820 14.230 0.142 0.016 0.187 0.436 0.565 0.623 0.640 0.451 0.141 0.048 0.000 0.000 0.000 0.000 0.000 0.000 0.000 0.000 0.000 0.000 0.000 0.000 0.000 0.000 0.000 0.000 0.000 0.000 0.000 0.000
0.000 0.000 0.000 0.000 0.000 0.000 0.000 0.000 0.000 0.000 0.000 0.000 0.000 0.000 0.000 0.000 0.000 0.000 0.000 0.000 0.000 2.185 3.521 4.713 5.921 7.210 8.633 10.227 12.048 14.139 16.515 19.146 21.976 24.977 28.133 31.432 34.860 38.376 41.969 45.976 51.344 52.921 55.833 69.682 33.645 0.539 0.083 0.835 2.015 2.805 3.220 3.309 2.579 1.106 0.387 0.136 0.000 0.000 0.000 0.000 0.000 0.000 0.000 0.000 0.000 0.000 0.000 0.000 0.000 0.000 0.000 0.000 0.000 0.000 0.000
0.000 0.000 0.000 0.000 0.000 0.000 0.000 0.000 0.000 0.000 0.000 0.000 0.000 0.000 0.000 0.000 0.000 0.000 0.000 0.000 2.795 4.713 6.544 8.345 10.258 12.372 14.744 17.447 20.568 24.201 28.404 33.175 38.449 44.186 50.418 57.186 64.503 72.339 80.674 89.941 100.683 105.299 113.218 146.822 71.834 1.490 0.333 2.978 7.479 10.697 12.226 12.368 9.567 4.681 1.889 0.662 0.204 0.000 0.000 0.000 0.000 0.000 0.000 0.000 0.000 0.000 0.000 0.000 0.000 0.000 0.000 0.000 0.000 0.000 0.000
0.000 0.000 0.000 0.000 0.000 0.000 0.000 0.000 0.000 0.000 0.000 0.000 0.000 0.000 0.000 0.000 0.000 0.000 1.484 3.191 5.581 8.016 10.446 13.077 16.053 19.476 23.419 27.961 33.216 39.317 46.388 54.503 63.667 73.880 85.220 97.796 111.683 126.904 143.402 161.515 180.646 192.123 207.869 276.835 135.036 2.731 1.268 10.337 23.821 33.778 37.873 37.023 27.744 14.549 6.501 2.497 0.812 0.224 0.000 0.000 0.000 0.000 0.000 0.000 0.000 0.000 0.000 0.000 0.000 0.000 0.000 0.000 0.000 0.000 0.000
0.000 0.000 0.000 0.000 0.000 0.000 0.000 0.000 0.000 0.000 0.000 0.000 0.000 0.000 0.000 0.000 0.000 1.611 3.662 6.406 9.217 12.120 15.334 19.080 23.537 28.845 35.089 42.354 50.762 60.478 71.687 84.549 99.173 115.660 134.151 154.806 177.771 203.143 230.945 261.156 295.877 318.422 340.558 469.133 166.602 0.294 2.753 28.232 61.491 82.732 89.912 85.231 64.568 37.549 18.753 7.912 2.767 0.787 0.183 0.000 0.000 0.000 0.000 0.000 0.000 0.000 0.000 0.000 0.000 0.000 0.000 0.000 0.000 0.000 0.000
0.000 0.000 0.000 0.000 0.000 0.000 0.000 0.000 0.000 0.000 0.000 0.000 0.000 0.000 0.000 0.000 0.000 3.863 7.038 10.222 13.546 17.208 21.455 26.588 32.874 40.475 49.460 59.908 71.980 85.894 101.867 120.127 140.876 164.280 190.547 219.902 252.521 288.600 328.314 372.062 420.414 472.882 496.861 684.672 140.908 0.000 6.430 61.565 122.904 151.249 158.043 148.081 119.385 81.277 45.618 21.244 8.128 2.490 0.564 0.007 0.000 0.000 0.000 0.000 0.000 0.000 0.000 0.000 0.000 0.000 0.000 0.000 0.000 0.000 0.000
0.000 0.000 0.000 0.000 0.000 0.000 0.000 0.000 0.000 0.000 0.000 0.000 0.000 0.000 0.000 0.000 3.668 7.033 10.458 14.076 18.088 22.708 28.215 34.955 43.214 53.138 64.785 78.225 93.630 111.301 131.562 154.713 181.015 210.714 244.060 281.307 322.692 368.429 418.941 474.566 534.107 605.178 671.909 850.081 79.813 7.561 25.980 140.782 212.436 235.172 235.638 220.888 189.666 146.618 92.609 48.107 20.507 6.992 1.698 0.079 0.000 0.000 0.000 0.000 0.000 0.000 0.000 0.000 0.000 0.000 0.000 0.000 0.000 0.000 0.000
0.000 0.000 0.000 0.000 0.000 0.000 0.000 0.000 0.000 0.000 0.000 0.000 0.000 0.000 0.000 2.653 6.398 9.891 13.571 17.644 22.299 27.791 34.485 42.747 52.830 64.850 78.861 94.942 113.271 134.164 158.011 185.204 216.111 251.049 290.322 334.207 382.948 436.805 496.439 562.427 628.560 744.469 876.855 859.913 33.559 5.492 99.546 285.765 377.502 397.760 389.397 361.158 308.502 237.941 157.366 86.272 37.417 12.723 3.373 0.569 0.064 0.000 0.000 0.000 0.000 0.000 0.000 0.000 0.000 0.000 0.000 0.000 0.000 0.000 0.000
0.000 0.000 0.000 0.000 0.000 0.000 0.000 0.000 0.000 0.000 0.000 0.000 0.000 0.000 0.000 4.836 8.655 12.272 16.231 20.706 25.890 32.108 39.786 49.305 60.904 74.681 90.675 108.959 129.707 153.228 179.947 210.325 244.811 283.817 327.683 376.758 431.312 491.526 558.048 632.925 705.115 838.249 1076.023 769.482 7.287 57.756 262.800 346.932 431.679 577.154 622.613 605.036 519.487 366.139 202.392 92.615 35.539 11.392 3.006 0.610 0.084 0.000 0.000 0.000 0.000 0.000 0.000 0.000 0.000 0.000 0.000 0.000 0.000 0.000 0.000
0.000 0.000 0.000 0.000 0.000 0.000 0.000 0.000 0.000 0.000 0.000 0.000 0.000 0.000 2.748 6.769 10.391 14.160 18.372 23.171 28.775 35.564 43.999 54.473 67.233 82.380 99.937 119.959 142.597 168.150 197.052 229.820 266.973 308.984 356.262 409.150 467.968 532.874 604.482 686.867 759.975 912.841 1224.937 548.394 0.000 14.322 28.364 113.545 387.102 577.206 640.417 636.148 562.740 388.954 187.851 76.083 27.451 8.555 2.238 0.461 0.065 0.006 0.000 0.000 0.000 0.000 0.000 0.000 0.000 0.000 0.000 0.000 0.000 0.000 0.000
0.000 0.000 0.000 0.000 0.000 0.000 0.000 0.000 0.000 0.000 0.000 0.000 0.000 0.000 4.243 8.073 11.664 15.579 19.999 25.050 30.979 38.196 47.178 58.335 71.931 88.081 106.799 128.115 152.161 179.214 209.707 244.183 283.216 327.348 377.042 432.683 494.570 562.837 638.450 726.755 792.534 956.621 1294.164 274.575 0.000 0.009 0.288 117.372 370.818 507.994 533.963 500.053 437.273 312.261 147.948 56.840 19.391 5.845 1.518 0.323 0.050 0.005 0.000 0.000 0.000 0.000 0.000 0.000 0.000 0.000 0.000 0.000 0.000 0.000 0.000
0.000 0.000 0.000 0.000 0.000 0.000 0.000 0.000 0.000 0.000 0.000 0.000 0.000 1.685 5.307 8.918 12.549 16.587 21.166 26.409 32.580 40.103 49.464 61.086 75.251 92.090 111.619 133.849 158.887 186.999 218.615 254.283 294.606 340.168 391.495 448.985 512.943 583.533 662.135 752.245 817.173 967.847 1349.152 117.659 0.000 4.506 64.829 260.570 428.996 443.456 351.364 242.134 182.669 134.758 70.523 26.073 8.020 2.187 0.529 0.112 0.020 0.003 0.000 0.000 0.000 0.000 0.000 0.000 0.000 0.000 0.000 0.000 0.000 0.000 0.000
0.000 0.000 0.000 0.000 0.000 0.000 0.000 0.000 0.000 0.000 0.000 0.000 0.000 2.108 5.902 9.438 13.121 17.255 21.950 27.331 33.674 41.408 51.021 62.947 77.482 94.762 114.817 137.643 163.337 192.152 224.515 260.976 302.150 348.653 401.067 459.783 525.062 597.114 677.601 766.276 858.484 1082.956 1294.178 54.385 9.880 59.791 206.005 376.296 425.726 362.249 183.343 73.356 32.803 16.836 8.160 2.830 0.782 0.178 0.036 0.006 0.001 0.000 0.000 0.000 0.000 0.000 0.000 0.000 0.000 0.000 0.000 0.000 0.000 0.000 0.000
0.000 0.000 0.000 0.000 0.000 0.000 0.000 0.000 0.000 0.000 0.000 0.000 0.000 2.433 6.214 9.732 13.458 17.657 22.430 27.904 34.362 42.234 52.009 64.127 78.888 96.436 116.794 139.970 166.057 195.299 228.130 265.100 306.821 353.914 406.981 466.486 532.660 605.702 687.284 773.446 899.911 1218.986 1128.220 23.764 3.946 134.958 346.730 300.816 193.672 157.718 73.446 24.707 6.963 2.300 0.995 0.151 0.000 0.001 0.000 0.000 0.000 0.000 0.000 0.000 0.000 0.000 0.000 0.000 0.000 0.000 0.000 0.000 0.000 0.000 0.000
0.000 0.000 0.000 0.000 0.000 0.000 0.000 0.000 0.000 0.000 0.000 0.000 0.000 2.540 6.362 9.876 13.628 17.866 22.684 28.213 34.739 42.695 52.572 64.806 79.699 97.391 117.905 141.253 167.541 197.024 230.130 267.411 309.480 356.942 410.380 470.268 536.851 610.479 692.764 778.076 929.058 1284.420 987.098 7.673 2.020 0.150 4.440 0.001 4.519 6.588 12.880 7.566 1.318 0.180 0.059 0.000 0.083 0.043 0.013 0.002 0.001 0.000 0.000 0.000 0.000 0.000 0.000 0.000 0.000 0.000 0.000 0.000 0.000 0.000 0.000
0.000 0.000 0.000 0.000 0.000 0.000 0.000 0.000 0.000 0.000 0.000 0.000 0.000 2.581 6.416 9.928 13.691 17.947 22.786 28.340 34.899 42.900 52.835 65.138 80.102 97.859 118.432 141.835 168.194 197.780 231.018 268.465 310.726 358.393 412.019 472.090 538.823 612.583 695.267 780.769 944.378 1314.744 898.551 2.413 2.579 1.563 0.013 0.021 0.145 0.000 0.888 1.787 0.288 0.000 0.142 5.560 3.728 1.221 0.352 0.091 0.015 0.002 0.000 0.000 0.000 0.000 0.000 0.000 0.000 0.000 0.000 0.000 0.000 0.000 0.000
0.000 0.000 0.000 0.000 0.000 0.000 0.000 0.000 0.000 0.000 0.000 0.000 0.000 2.583 6.420 9.931 13.698 17.958 22.804 28.365 34.935 42.951 52.912 65.252 80.253 98.033 118.610 142.008 168.367 197.969 231.246 268.755 311.098 358.862 412.564 472.677 539.484 613.225 695.908 781.824 948.141 1329.277 855.886 1.045 8.992 5.874 0.041 1.216 33.704 26.081 0.698 0.021 19.253 80.472 100.663 39.980 13.012 3.848 1.019 0.235 0.033 0.002 0.000 0.000 0.000 0.000 0.000 0.000 0.000 0.000 0.000 0.000 0.000 0.000 0.000
0.000 0.000 0.000 0.000 0.000 0.000 0.000 0.000 0.000 0.000 0.000 0.000 0.000 2.549 6.381 9.894 13.658 17.917 22.761 28.322 34.893 42.917 52.893 65.250 80.264 98.038 118.579 141.924 168.232 197.807 231.074 268.591 310.957 358.743 412.455 472.573 539.362 612.970 695.410 782.323 947.679 1333.897 846.531 0.713 0.000 0.004 0.048 1.410 59.576 103.787 76.042 151.221 277.370 247.206 144.361 59.428 19.195 5.602 1.494 0.333 0.046 0.000 0.000 0.000 0.000 0.000 0.000 0.000 0.000 0.000 0.000 0.000 0.000 0.000 0.000
0.000 0.000 0.000 0.000 0.000 0.000 0.000 0.000 0.000 0.000 0.000 0.000 0.000 2.436 6.253 9.778 13.535 17.783 22.617 28.168 34.734 42.764 52.755 65.127 80.128 97.844 118.282 141.499 167.684 197.169 230.380 267.867 310.213 357.968 411.592 471.555 538.256 611.675 693.566 782.504 936.459 1332.297 852.410 0.852 0.232 8.587 63.987 181.618 295.996 389.717 514.656 584.306 510.761 338.156 172.401 69.113 23.136 6.950 1.899 0.413 0.060 0.000 0.000 0.000 0.000 0.000 0.000 0.000 0.000 0.000 0.000 0.000 0.000 0.000 0.000
0.000 0.000 0.000 0.000 0.000 0.000 0.000 0.000 0.000 0.000 0.000 0.000 0.000 2.205 5.973 9.533 13.272 17.495 22.303 27.828 34.374 42.395 52.386 64.745 79.682 97.256 117.476 140.444 166.402 195.707 228.789 266.171 308.419 356.037 409.447 469.073 535.318 608.319 689.840 781.748 908.893 1319.758 883.640 3.891 0.306 39.793 188.028 393.283 536.622 620.080 652.994 657.741 583.397 387.911 180.682 71.636 24.903 7.689 2.079 0.386 0.044 0.000 0.000 0.000 0.000 0.000 0.000 0.000 0.000 0.000 0.000 0.000 0.000 0.000 0.000
0.000 0.000 0.000 0.000 0.000 0.000 0.000 0.000 0.000 0.000 0.000 0.000 0.000 1.741 5.474 9.098 12.809 16.987 21.747 27.223 33.719 41.696 51.639 63.912 78.684 95.986 115.847 138.418 164.004 192.993 225.802 262.921 304.879 352.138 405.073 464.117 529.745 602.092 683.389 777.728 870.547 1286.604 958.976 9.283 7.839 39.343 130.888 331.980 545.168 641.696 668.356 669.896 584.083 366.502 161.654 61.561 20.696 6.175 1.550 0.248 0.026 0.000 0.000 0.000 0.000 0.000 0.000 0.000 0.000 0.000 0.000 0.000 0.000 0.000 0.000
0.000 0.000 0.000 0.000 0.000 0.000 0.000 0.000 0.000 0.000 0.000 0.000 0.000 1.212 4.676 8.400 12.075 16.185 20.871 26.263 32.662 40.526 50.326 62.391 76.848 93.709 113.037 135.049 160.093 188.572 220.897 257.508 298.891 345.460 397.569 455.662 520.322 591.924 672.710 765.969 831.733 1205.056 1121.472 25.114 0.118 0.715 1.587 48.103 242.163 396.786 452.165 467.051 406.302 246.131 104.440 39.135 13.133 3.769 0.817 0.057 0.000 0.000 0.000 0.000 0.000 0.000 0.000 0.000 0.000 0.000 0.000 0.000 0.000 0.000 0.000
0.000 0.000 0.000 0.000 0.000 0.000 0.000 0.000 0.000 0.000 0.000 0.000 0.000 0.000 3.488 7.354 11.001 15.012 19.586 24.847 31.076 38.720 48.230 59.907 73.851 90.077 108.676 129.913 154.185 181.898 213.426 249.178 289.589 335.041 385.884 442.604 505.743 575.715 653.817 742.464 805.863 1061.377 1316.958 52.959 0.144 0.000 0.000 0.000 16.445 42.029 99.136 138.191 162.369 132.195 59.344 22.630 7.661 2.067 0.382 0.042 0.000 0.000 0.000 0.000 0.000 0.000 0.000 0.000 0.000 0.000 0.000 0.000 0.000 0.000 0.000
0.000 0.000 0.000 0.000 0.000 0.000 0.000 0.000 0.000 0.000 0.000 0.000 0.000 0.000 2.063 5.870 9.526 13.399 17.802 22.863 28.822 36.094 45.116 56.174 69.366 84.723 102.358 122.554 145.724 172.278 202.568 236.949 275.816 319.526 368.442 423.027 483.788 550.964 624.673 706.399 786.224 964.198 1367.121 99.584 0.000 80.822 0.000 0.000 0.000 0.000 2.701 19.023 69.856 86.748 35.813 11.992 3.868 0.841 0.045 0.000 0.000 0.000 0.000 0.000 0.000 0.000 0.000 0.000 0.000 0.000 0.000 0.000 0.000 0.000 0.000
0.000 0.000 0.000 0.000 0.000 0.000 0.000 0.000 0.000 0.000 0.000 0.000 0.000 0.000 0.941 3.868 7.617 11.308 15.449 20.210 25.766 32.479 40.772 50.945 63.119 77.321 93.673 112.468 134.109 158.995 187.454 219.777 256.309 297.409 343.464 394.881 451.947 514.917 584.036 662.428 749.389 931.998 1240.887 226.238 0.000 18.104 0.000 0.000 0.000 0.000 29.147 30.205 55.077 59.291 20.196 5.717 1.717 0.268 0.020 0.000 0.000 0.000 0.000 0.000 0.000 0.000 0.000 0.000 0.000 0.000 0.000 0.000 0.000 0.000 0.000
0.000 0.000 0.000 0.000 0.000 0.000 0.000 0.000 0.000 0.000 0.000 0.000 0.000 0.000 0.000 1.789 5.301 8.759 12.522 16.833 21.828 27.782 35.095 44.098 54.935 67.632 82.283 99.184 118.740 141.307 167.154 196.518 229.702 267.060 308.926 355.606 407.397 464.894 529.039 603.818 684.920 756.899 1155.195 531.269 4.032 0.000 0.000 0.000 0.000 0.000 66.712 60.138 49.433 30.665 8.791 2.322 0.603 0.082 0.000 0.000 0.000 0.000 0.000 0.000 0.000 0.000 0.000 0.000 0.000 0.000 0.000 0.000 0.000 0.000 0.000
0.000 0.000 0.000 0.000 0.000 0.000 0.000 0.000 0.000 0.000 0.000 0.000 0.000 0.000 0.000 0.000 2.723 5.870 9.137 12.819 17.073 22.080 28.186 35.718 44.831 55.560 68.004 82.449 99.240 118.651 140.870 166.091 194.596 226.705 262.669 302.728 347.315 397.523 453.298 516.331 583.802 619.403 927.170 859.515 56.408 0.000 0.000 4.581 22.602 35.769 49.208 50.730 26.925 9.980 2.830 0.607 0.048 0.000 0.000 0.000 0.000 0.000 0.000 0.000 0.000 0.000 0.000 0.000 0.000 0.000 0.000 0.000 0.000 0.000 0.000
0.000 0.000 0.000 0.000 0.000 0.000 0.000 0.000 0.000 0.000 0.000 0.000 0.000 0.000 0.000 0.000 0.895 2.900 5.584 8.485 11.811 15.709 20.393 26.123 33.067 41.346 51.084 62.479 75.751 91.037 108.449 128.168 150.439 175.483 203.452 234.559 269.424 308.148 349.683 392.901 440.047 479.214 647.857 892.805 195.733 4.490 0.000 4.236 13.670 24.438 25.642 19.026 8.125 2.662 0.685 0.102 0.014 0.000 0.000 0.000 0.000 0.000 0.000 0.000 0.000 0.000 0.000 0.000 0.000 0.000 0.000 0.000 0.000 0.000 0.000
0.000 0.000 0.000 0.000 0.000 0.000 0.000 0.000 0.000 0.000 0.000 0.000 0.000 0.000 0.000 0.000 0.000 0.922 2.475 4.442 6.684 9.278 12.315 15.959 20.494 26.094 32.781 40.617 49.621 59.809 71.360 84.466 99.195 115.605 133.716 153.591 175.281 198.116 221.507 246.744 279.029 312.478 406.079 641.869 284.144 23.526 0.000 0.088 1.314 6.201 8.073 5.278 2.110 0.624 0.131 0.021 0.000 0.000 0.000 0.000 0.000 0.000 0.000 0.000 0.000 0.000 0.000 0.000 0.000 0.000 0.000 0.000 0.000 0.000 0.000
0.000 0.000 0.000 0.000 0.000 0.000 0.000 0.000 0.000 0.000 0.000 0.000 0.000 0.000 0.000 0.000 0.000 0.000 0.775 1.739 2.861 4.171 5.675 7.587 10.116 13.270 16.934 21.104 25.810 31.154 37.278 44.127 51.677 59.865 68.633 77.991 87.925 98.273 108.778 122.615 141.452 163.087 211.160 360.287 245.609 37.545 0.000 0.557 1.437 2.780 2.991 1.444 0.478 0.113 0.022 0.000 0.000 0.000 0.000 0.000 0.000 0.000 0.000 0.000 0.000 0.000 0.000 0.000 0.000 0.000 0.000 0.000 0.000 0.000 0.000
0.000 0.000 0.000 0.000 0.000 0.000 0.000 0.000 0.000 0.000 0.000 0.000 0.000 0.000 0.000 0.000 0.000 0.000 0.000 0.516 0.939 1.428 1.913 2.798 3.970 5.501 7.071 8.656 10.401 12.614 15.294 18.171 21.174 24.238 27.393 30.765 34.437 38.333 42.593 49.057 57.961 67.439 86.812 155.511 108.695 13.753 0.000 0.428 1.139 1.284 0.985 0.330 0.068 0.016 0.000 0.000 0.000 0.000 0.000 0.000 0.000 0.000 0.000 0.000 0.000 0.000 0.000 0.000 0.000 0.000 0.000 0.000 0.000 0.000 0.000
0.000 0.000 0.000 0.000 0.000 0.000 0.000 0.000 0.000 0.000 0.000 0.000 0.000 0.000 0.000 0.000 0.000 0.000 0.000 0.000 0.000 0.366 0.495 0.756 1.184 1.720 2.202 2.589 2.919 3.699 4.633 5.582 6.500 7.373 8.291 9.437 10.708 12.077 13.609 15.908 18.974 22.007 27.642 53.259 37.593 3.661 0.000 0.162 0.310 0.424 0.254 0.026 0.009 0.000 0.000 0.000 0.000 0.000 0.000 0.000 0.000 0.000 0.000 0.000 0.000 0.000 0.000 0.000 0.000 0.000 0.000 0.000 0.000 0.000 0.000
0.000 0.000 0.000 0.000 0.000 0.000 0.000 0.000 0.000 0.000 0.000 0.000 0.000 0.000 0.000 0.000 0.000 0.000 0.000 0.000 0.000 0.000 0.000 0.000 0.000 0.294 0.369 0.412 0.415 0.554 0.754 0.927 1.119 1.386 1.689 2.047 2.449 2.837 3.173 3.791 4.539 5.253 6.545 11.244 9.534 1.396 0.000 0.015 0.068 0.076 0.038 0.000 0.000 0.000 0.000 0.000 0.000 0.000 0.000 0.000 0.000 0.000 0.000 0.000 0.000 0.000 0.000 0.000 0.000 0.000 0.000 0.000 0.000 0.000 0.000
0.000 0.000 0.000 0.000 0.000 0.000 0.000 0.000 0.000 0.000 0.000 0.000 0.000 0.000 0.000 0.000 0.000 0.000 0.000 0.000 0.000 0.000 0.000 0.000 0.000 0.000 0.000 0.000 0.000 0.000 0.000 0.000 0.000 0.000 0.181 0.248 0.323 0.380 0.406 0.493 0.603 0.703 0.884 1.437 1.485 0.114 0.000 0.003 0.004 0.006 0.000 0.000 0.000 0.000 0.000 0.000 0.000 0.000 0.000 0.000 0.000 0.000 0.000 0.000 0.000 0.000 0.000 0.000 0.000 0.000 0.000 0.000 0.000 0.000 0.000
