avaframe/data/avaParabola/Avaflow_Input/prefix_pflow0009.asc
ncols 250
nrows 100
xllcenter 997.50
yllcenter -4997.50
cellsize 20.00
NODATA_value -9999.000
[rows 33 to 65 of 100, columns 73 to 145 of 250]
0.000 0.000 0.000 0.000 0.000 0.000 0.000 0.000 0.000 0.000 0.000 0.000 0.000 0.000 0.000 0.000 0.000 0.000 0.000 976.167 1078.043 1166.247 1244.090 1324.536 1415.324 1514.067 1619.600 1724.299 1827.370 1928.032 2024.028 2113.735 2196.545 2271.009 2338.461 2403.945 2469.376 2523.175 2552.995 2554.955 2522.578 2451.951 2253.537 1918.306 1589.025 1331.177 889.580 102.538 0.213 0.000 0.000 0.002 3.287 0.000 0.000 0.000 0.000 0.000 0.000 0.000 0.000 0.000 0.000 0.000 0.000 0.000 0.000 0.000 0.000 0.000 0.000 0.000 0.000
0.000 0.000 0.000 0.000 0.000 0.000 0.000 0.000 0.000 0.000 0.000 0.000 0.000 0.000 0.000 0.000 0.000 1033.755 1221.069 1385.791 1543.423 1695.650 1843.744 1990.789 2142.505 2304.667 2477.073 2657.032 2841.903 3026.759 3206.091 3378.651 3544.283 3702.653 3852.854 3997.948 4147.108 4301.614 4421.923 4498.926 4515.106 4150.978 3760.775 3371.873 2975.669 2649.891 2029.821 495.831 0.000 0.033 0.229 0.020 0.160 0.355 0.005 0.000 0.000 0.000 0.000 0.000 0.000 0.000 0.000 0.000 0.000 0.000 0.000 0.000 0.000 0.000 0.000 0.000 0.000
0.000 0.000 0.000 0.000 0.000 0.000 0.000 0.000 0.000 0.000 0.000 0.000 0.000 0.000 0.000 0.000 1150.826 1405.482 1636.514 1860.494 2085.827 2316.857 2556.944 2806.962 3064.854 3329.934 3603.980 3889.203 4185.568 4488.131 4789.625 5086.896 5378.481 5664.224 5945.432 6232.117 6559.301 6949.622 7281.469 7348.688 7033.069 6680.351 6303.481 5897.946 5463.680 5068.665 4265.594 1763.306 49.921 0.000 0.428 1.444 2.371 2.882 2.664 2.225 0.000 0.000 0.000 0.000 0.000 0.000 0.000 0.000 0.000 0.000 0.000 0.000 0.000 0.000 0.000 0.000 0.000
0.000 0.000 0.000 0.000 0.000 0.000 0.000 0.000 0.000 0.000 0.000 0.000 0.000 0.000 0.000 1302.345 1586.966 1863.827 2142.907 2431.685 2735.565 3058.698 3405.504 3777.009 4168.250 4572.872 4988.833 5418.116 5862.386 6320.098 6786.419 7257.131 7731.662 8211.791 8701.062 9217.101 9823.883 10567.912 11033.335 10920.432 10727.518 10473.094 10162.610 9814.978 9398.111 8980.450 8194.027 4585.717 487.246 0.000 1.699 5.470 9.186 10.161 11.285 9.407 3.986 0.000 0.000 0.000 0.000 0.000 0.000 0.000 0.000 0.000 0.000 0.000 0.000 0.000 0.000 0.000 0.000
0.000 0.000 0.000 0.000 0.000 0.000 0.000 0.000 0.000 0.000 0.000 0.000 0.000 0.000 1437.823 1766.364 2088.016 2415.586 2760.921 3130.608 3530.940 3964.413 4433.400 4939.732 5479.887 6047.600 6638.389 7250.881 7885.519 8543.218 9224.465 9928.209 10653.841 11402.623 12180.436 13008.839 13951.827 15084.197 15465.731 15629.896 15672.637 15630.510 15512.088 15336.693 15075.510 14757.415 14339.786 9543.876 1886.708 0.916 1.960 6.539 21.662 27.802 31.405 23.718 16.551 5.815 0.000 0.000 0.000 0.000 0.000 0.000 0.000 0.000 0.000 0.000 0.000 0.000 0.000 0.000 0.000
0.000 0.000 0.000 0.000 0.000 0.000 0.000 0.000 0.000 0.000 0.000 0.000 0.000 1553.902 1921.587 2283.565 2658.656 3062.789 3501.464 3977.744 4498.013 5064.770 5680.396 6346.219 7058.263 7813.054 8608.182 9441.387 10311.228 11218.737 12165.521 13152.351 14178.593 15245.870 16359.331 17530.939 18792.115 20201.938 20785.988 21296.709 21681.711 21985.168 22230.885 22414.238 22521.816 22479.111 22336.770 17033.629 4387.148 128.291 0.000 9.954 32.326 56.227 72.918 53.247 36.214 24.740 9.174 0.000 0.000 0.000 0.000 0.000 0.000 0.000 0.000 0.000 0.000 0.000 0.000 0.000 0.000
0.000 0.000 0.000 0.000 0.000 0.000 0.000 0.000 0.000 0.000 0.000 0.000 1652.791 2055.332 2449.065 2859.104 3308.865 3811.513 4366.226 4969.889 5625.591 6336.152 7099.925 7916.882 8786.732 9707.452 10678.262 11698.316 12766.759 13884.382 15051.223 16267.910 17534.664 18850.924 20217.172 21635.873 23114.385 24673.770 26356.219 27524.594 28364.982 29144.012 29866.662 30533.740 31133.506 31592.461 31626.051 27553.998 7614.513 495.844 5.451 0.046 84.656 164.606 172.705 113.998 77.061 52.985 33.172 18.795 0.000 0.000 0.000 0.000 0.000 0.000 0.000 0.000 0.000 0.000 0.000 0.000 0.000
0.000 0.000 0.000 0.000 0.000 0.000 0.000 0.000 0.000 0.000 0.000 1658.466 2083.423 2499.329 2930.974 3405.488 3938.155 4532.682 5183.035 5883.725 6636.218 7444.949 8312.604 9240.812 10228.761 11274.070 12375.154 13531.135 14741.634 16008.085 17332.275 18715.311 20158.332 21659.908 23217.166 24829.316 26498.609 28233.904 30048.473 31943.896 33929.457 35013.129 36107.457 37171.742 38219.371 39222.523 39645.449 37493.867 7471.644 244.434 16.907 0.000 121.073 212.219 250.625 212.563 163.025 109.719 65.018 34.449 17.893 0.000 0.000 0.000 0.000 0.000 0.000 0.000 0.000 0.000 0.000 0.000 0.000
0.000 0.000 0.000 0.000 0.000 0.000 0.000 0.000 0.000 0.000 1566.168 2001.562 2424.732 2855.458 3321.239 3848.330 4446.018 5111.277 5834.402 6608.352 7433.605 8315.595 9259.168 10267.959 11342.311 12479.418 13676.774 14932.788 16247.163 17621.811 19059.244 20561.518 22130.469 23763.699 25455.861 27206.832 29021.086 30902.102 32854.820 34883.027 36967.285 39136.152 40528.836 41804.246 43078.344 44385.082 44960.645 40333.020 4110.349 15.832 0.000 0.000 11.631 45.954 154.496 357.169 320.553 172.497 84.533 39.648 10.136 0.000 0.000 0.000 0.000 0.000 0.000 0.000 0.000 0.000 0.000 0.000 0.000
0.000 0.000 0.000 0.000 0.000 0.000 0.000 0.000 0.000 1362.879 1826.817 2254.891 2682.078 3127.529 3621.288 4187.455 4832.703 5550.147 6327.345 7155.708 8034.649 8969.701 9967.379 11032.915 12167.936 13370.025 14635.711 15962.495 17349.912 18800.217 20316.592 21901.678 23554.797 25271.627 27054.432 28903.484 30818.979 32804.180 34861.246 36986.902 39168.430 41378.301 43713.965 45142.750 46549.430 48024.102 49472.078 32175.670 1076.990 0.000 0.000 100.579 123.782 88.650 147.721 273.144 261.591 83.972 35.462 16.039 7.222 3.197 0.000 0.000 0.000 0.000 0.000 0.000 0.000 0.000 0.000 0.000 0.000
0.000 0.000 0.000 0.000 0.000 0.000 0.000 0.000 0.000 1555.003 2003.642 2434.688 2868.809 3327.785 3842.214 4435.437 5113.375 5867.385 6683.240 7550.669 8467.755 9439.715 10474.211 11577.972 12753.834 13999.856 15311.906 16686.537 18122.918 19623.459 21192.070 22831.348 24541.896 26321.904 28170.600 30086.473 32072.510 34130.645 36259.133 38448.812 40688.398 42970.957 45329.789 47521.770 49077.105 50468.469 54538.801 19052.354 143.698 22.786 120.963 376.744 522.689 443.265 341.379 147.137 46.351 27.948 12.508 5.991 2.683 1.091 0.000 0.000 0.000 0.000 0.000 0.000 0.000 0.000 0.000 0.000 0.000
0.000 0.000 0.000 0.000 0.000 0.000 0.000 0.000 1153.249 1671.880 2120.212 2557.453 2999.574 3469.628 3998.382 4609.269 5308.447 6086.912 6929.360 7823.900 8767.244 9764.195 10823.241 11952.242 13155.046 14430.223 15773.206 17179.803 18648.773 20182.555 21785.273 23461.291 25211.221 27029.967 28917.289 30875.260 32906.465 35010.301 37179.500 39403.246 41679.969 44027.965 46472.590 49154.367 50801.578 52005.352 54065.668 7691.152 117.384 25.588 83.478 132.016 146.802 179.707 109.051 28.756 17.871 8.481 3.731 1.813 0.828 0.302 0.000 0.000 0.000 0.000 0.000 0.000 0.000 0.000 0.000 0.000 0.000
0.000 0.000 0.000 0.000 0.000 0.000 0.000 0.000 1231.696 1742.091 2194.159 2637.601 3086.983 3565.505 4103.899 4725.927 5438.311 6232.121 7091.479 8003.582 8964.165 9977.489 11052.385 12197.473 13417.329 14710.948 16073.612 17500.658 18990.527 20545.471 22170.275 23867.225 25635.963 27478.150 29391.959 31375.918 33432.809 35559.531 37746.004 39986.918 42297.641 44709.242 47251.551 49884.867 51986.625 52647.711 42934.754 1895.589 1.425 1.579 0.002 0.104 0.000 0.000 0.000 1.145 9.360 2.940 1.054 0.404 0.168 0.047 0.000 0.000 0.000 0.000 0.000 0.000 0.000 0.000 0.000 0.000 0.000
0.000 0.000 0.000 0.000 0.000 0.000 0.000 0.000 1278.018 1781.689 2238.073 2686.562 3141.559 3626.244 4171.076 4799.885 5519.896 6322.530 7191.682 8114.176 9085.257 10108.711 11193.341 12348.104 13578.018 14882.398 16256.585 17695.732 19198.062 20765.869 22403.084 24114.865 25902.291 27762.305 29692.814 31694.266 33765.559 35901.719 38096.617 40358.070 42714.199 45186.113 47783.016 50390.645 52740.035 55974.945 25903.680 303.051 0.002 6.069 17.473 21.157 13.019 3.099 2.757 4.535 1.835 0.326 0.127 0.045 0.011 0.001 0.000 0.000 0.000 0.000 0.000 0.000 0.000 0.000 0.000 0.000 0.000
0.000 0.000 0.000 0.000 0.000 0.000 0.000 0.000 1300.053 1801.396 2261.115 2713.162 3172.029 3660.960 4210.082 4843.052 5567.289 6374.440 7248.498 8176.411 9153.401 10182.977 11273.680 12434.422 13670.375 14981.113 16362.194 17808.832 19319.211 20895.066 22541.842 24263.426 26058.422 27927.338 29868.668 31879.447 33956.031 36094.203 38298.734 40591.934 42996.840 45498.832 48063.320 50660.957 53096.191 57458.320 13728.321 26.044 3.542 8.264 11.300 13.355 39.337 29.803 2.062 0.250 0.000 0.002 0.000 0.000 0.000 0.001 0.000 0.000 0.000 0.000 0.000 0.000 0.000 0.000 0.000 0.000 0.000
0.000 0.000 0.000 0.000 0.000 0.000 0.000 0.000 1306.561 1808.699 2270.419 2724.585 3185.761 3677.318 4229.226 4864.855 5591.378 6400.395 7276.137 8206.032 9185.641 10218.427 11312.622 12476.813 13716.010 15029.943 16414.471 17865.062 19379.932 20960.762 22610.016 24331.246 26129.385 28003.000 29947.100 31958.891 34034.617 36175.129 38398.527 40730.227 43159.660 45631.484 48115.941 50702.855 53260.473 54462.445 8056.007 0.310 5.606 2.821 2.130 1.923 1.463 3.046 0.162 0.000 0.066 0.880 0.043 0.005 0.109 0.053 0.000 0.000 0.000 0.000 0.000 0.000 0.000 0.000 0.000 0.000 0.000
0.000 0.000 0.000 0.000 0.000 0.000 0.000 0.000 1306.865 1809.664 2272.137 2727.196 3189.400 3682.151 4235.567 4872.825 5600.501 6409.873 7285.454 8215.232 9195.254 10229.125 11324.845 12490.560 13730.945 15045.759 16431.135 17882.842 19399.236 20981.848 22634.686 24361.049 26160.859 28033.863 29978.002 31989.480 34066.539 36220.668 38476.922 40835.641 43251.543 45678.527 48094.312 50684.562 53342.000 52471.547 5710.572 0.000 0.367 0.509 0.279 0.101 0.004 0.057 0.079 0.029 0.932 4.735 1.926 3.011 1.731 0.401 0.000 0.000 0.000 0.000 0.000 0.000 0.000 0.000 0.000 0.000 0.000
0.000 0.000 0.000 0.000 0.000 0.000 0.000 0.000 1303.424 1806.855 2270.062 2725.681 3188.338 3681.568 4235.669 4873.735 5601.928 6411.239 7286.349 8215.613 9195.396 10229.479 11325.797 12492.219 13733.163 15048.318 16434.014 17886.211 19403.361 20987.107 22640.875 24366.818 26165.402 28038.238 29981.350 31989.900 34068.746 36244.875 38536.828 40885.758 43230.512 45544.770 47938.648 50662.125 53289.793 51880.871 5059.306 1.087 0.834 0.017 0.003 0.171 0.045 2.473 3.296 0.000 8.471 34.165 21.324 8.453 3.347 1.199 0.000 0.000 0.000 0.000 0.000 0.000 0.000 0.000 0.000 0.000 0.000
0.000 0.000 0.000 0.000 0.000 0.000 0.000 0.000 1291.516 1796.453 2260.571 2717.010 3180.452 3674.643 4230.123 4869.488 5597.951 6406.138 7279.242 8206.415 9184.659 10218.079 11314.393 12480.852 13721.312 15035.432 16419.887 17871.006 19387.350 20970.490 22623.959 24350.719 26149.275 28019.027 29958.324 31963.508 34049.844 36251.359 38545.125 40823.332 43031.062 45312.020 47886.812 50802.430 53277.859 52039.398 5073.342 0.004 0.000 0.007 0.083 0.787 1.524 21.752 84.762 126.820 125.595 55.580 29.630 14.325 6.286 0.000 0.000 0.000 0.000 0.000 0.000 0.000 0.000 0.000 0.000 0.000 0.000
0.000 0.000 0.000 0.000 0.000 0.000 0.000 0.000 1263.755 1773.658 2238.246 2695.212 3159.325 3654.859 4212.499 4853.605 5581.525 6386.449 7254.843 8177.416 9152.279 10183.931 11279.515 12445.157 13683.902 14995.434 16377.091 17825.742 19340.045 20921.414 22572.984 24297.797 26097.004 27965.883 29900.504 31910.838 34029.148 36254.168 38463.641 40575.941 42755.281 45279.551 48182.535 51111.297 53475.504 52922.277 5737.430 0.304 0.041 0.736 0.652 1.616 0.014 8.258 15.765 32.964 65.472 33.061 22.226 16.073 5.621 0.000 0.000 0.000 0.000 0.000 0.000 0.000 0.000 0.000 0.000 0.000 0.000
0.000 0.000 0.000 0.000 0.000 0.000 0.000 0.000 1213.416 1732.117 2196.573 2653.326 3117.589 3614.492 4174.393 4816.521 5541.866 6340.523 7201.018 8116.152 9085.358 10113.440 11206.624 12369.664 13604.738 14911.649 16288.535 17732.828 19243.180 20820.830 22468.512 24188.232 25978.729 27836.416 29767.994 31795.830 33939.855 36092.020 38152.988 40242.836 42650.898 45550.113 48526.391 51085.477 53734.758 54860.281 7722.500 0.845 0.000 4.797 1.963 2.619 6.196 0.370 0.001 0.399 17.467 30.722 21.715 16.634 10.170 0.000 0.000 0.000 0.000 0.000 0.000 0.000 0.000 0.000 0.000 0.000 0.000
0.000 0.000 0.000 0.000 0.000 0.000 0.000 0.000 1133.795 1661.541 2126.690 2582.682 3046.418 3543.988 4104.989 4745.907 5465.254 6253.668 7102.385 8006.458 8966.589 9987.733 11074.954 12231.613 13459.096 14757.303 16125.106 17560.387 19061.773 20630.441 22268.824 23978.121 25757.061 27607.129 29543.174 31583.934 33676.273 35707.473 37720.129 39982.191 42794.312 45776.176 48354.742 50272.777 52617.891 57112.039 11781.917 13.842 5.175 2.832 17.778 25.025 8.964 23.451 36.177 22.440 62.570 56.978 27.529 15.757 0.000 0.000 0.000 0.000 0.000 0.000 0.000 0.000 0.000 0.000 0.000 0.000 0.000
0.000 0.000 0.000 0.000 0.000 0.000 0.000 0.000 1010.473 1546.303 2016.174 2472.170 2935.059 3431.579 3990.749 4626.480 5335.228 6108.552 6940.768 7829.301 8775.868 9785.351 10861.539 12006.554 13221.092 14505.048 15857.944 17278.100 18764.365 20318.008 21941.176 23634.818 25402.102 27249.740 29184.426 31189.467 33180.914 35152.598 37290.246 39943.180 42904.953 45354.312 46906.523 48455.902 50490.051 55291.191 20608.631 129.798 2.596 2.548 79.916 513.142 5.121 0.000 8.137 43.016 105.284 59.712 25.414 9.602 0.000 0.000 0.000 0.000 0.000 0.000 0.000 0.000 0.000 0.000 0.000 0.000 0.000
0.000 0.000 0.000 0.000 0.000 0.000 0.000 0.000 834.432 1359.279 1848.743 2307.427 2770.194 3262.918 3815.180 4439.312 5130.954 5883.035 6693.118 7560.277 8486.785 9477.610 10535.144 11660.495 12853.806 14114.978 15444.171 16840.359 18302.928 19833.037 21432.779 23104.039 24847.439 26669.639 28572.184 30503.008 32418.863 34434.012 36876.617 39697.172 42003.957 43258.785 44612.844 47260.023 51192.828 51486.164 36353.578 1083.757 0.000 0.000 413.603 1595.607 592.098 0.000 21.019 6.071 26.338 19.373 11.252 5.292 0.000 0.000 0.000 0.000 0.000 0.000 0.000 0.000 0.000 0.000 0.000 0.000 0.000
0.000 0.000 0.000 0.000 0.000 0.000 0.000 0.000 0.000 1071.432 1603.435 2070.724 2535.206 3020.944 3559.030 4162.626 4828.564 5551.362 6331.195 7168.237 8065.008 9026.491 10053.668 11146.882 12305.861 13530.758 14822.470 16180.618 17604.646 19096.125 20657.230 22287.885 23990.463 25767.109 27600.414 29445.207 31326.271 33496.332 36011.090 38177.754 39471.973 40745.719 43569.508 48421.836 50387.648 52414.184 50782.664 5288.436 70.914 78.528 36.579 229.364 25.071 0.000 25.671 11.298 11.036 11.338 6.602 0.000 0.000 0.000 0.000 0.000 0.000 0.000 0.000 0.000 0.000 0.000 0.000 0.000 0.000
0.000 0.000 0.000 0.000 0.000 0.000 0.000 0.000 0.000 729.755 1253.849 1741.004 2209.817 2686.137 3201.187 3773.086 4401.891 5084.903 5823.612 6618.562 7472.246 8389.054 9369.207 10412.633 11518.661 12688.239 13922.589 15221.330 16585.242 18014.326 19506.078 21063.164 22688.754 24375.730 26097.791 27828.535 29653.576 31781.412 33804.820 35261.633 36791.016 39445.242 45096.211 47866.848 51326.066 52798.828 55237.414 14162.007 461.484 36.898 15.835 13.153 79.160 41.709 22.102 22.326 8.799 4.783 0.000 0.000 0.000 0.000 0.000 0.000 0.000 0.000 0.000 0.000 0.000 0.000 0.000 0.000 0.000
0.000 0.000 0.000 0.000 0.000 0.000 0.000 0.000 0.000 0.000 851.372 1299.724 1772.459 2237.130 2721.558 3249.322 3826.802 4455.562 5137.038 5872.561 6664.549 7515.872 8425.569 9393.339 10419.237 11504.732 12650.085 13853.867 15114.268 16430.320 17800.441 19222.436 20695.420 22201.602 23712.475 25228.287 26852.076 28664.613 30389.059 32135.959 34832.258 39809.961 44901.113 46564.121 44118.598 43584.109 46269.773 24958.879 2187.645 130.373 43.542 39.238 157.650 0.476 5.613 11.859 9.736 3.619 0.000 0.000 0.000 0.000 0.000 0.000 0.000 0.000 0.000 0.000 0.000 0.000 0.000 0.000 0.000
0.000 0.000 0.000 0.000 0.000 0.000 0.000 0.000 0.000 0.000 0.000 837.097 1231.667 1662.408 2105.931 2576.130 3084.934 3638.995 4242.677 4898.469 5604.583 6359.570 7163.315 8016.512 8918.663 9869.674 10867.355 11908.674 12990.379 14108.453 15259.300 16440.832 17646.107 18849.656 20042.279 21275.686 22708.113 24428.920 26578.908 29205.248 32772.805 36759.973 36940.266 33667.430 31040.193 34313.535 36263.402 28755.928 5281.230 750.969 54.497 46.829 270.894 0.286 5.301 9.895 8.001 0.000 0.000 0.000 0.000 0.000 0.000 0.000 0.000 0.000 0.000 0.000 0.000 0.000 0.000 0.000 0.000
0.000 0.000 0.000 0.000 0.000 0.000 0.000 0.000 0.000 0.000 0.000 543.109 756.009 1078.681 1426.215 1795.449 2203.440 2656.781 3157.637 3703.789 4282.431 4892.854 5538.762 6218.933 6926.382 7658.193 8413.904 9190.105 9979.749 10778.314 11584.405 12396.468 13211.244 14030.886 14900.647 15981.991 17564.023 19440.682 21615.947 23653.045 25016.229 24495.842 22657.641 21057.684 21870.705 27546.002 29266.475 22026.006 7430.758 2205.746 131.596 110.679 0.341 0.599 2.135 4.856 0.000 0.000 0.000 0.000 0.000 0.000 0.000 0.000 0.000 0.000 0.000 0.000 0.000 0.000 0.000 0.000 0.000
0.000 0.000 0.000 0.000 0.000 0.000 0.000 0.000 0.000 0.000 0.000 0.000 466.041 631.987 873.317 1118.534 1426.696 1773.715 2141.067 2528.063 2922.738 3335.435 3772.732 4224.189 4683.571 5159.681 5651.779 6145.924 6637.751 7127.672 7616.409 8105.498 8598.636 9108.125 9673.876 10407.673 11614.849 12791.396 13615.864 13909.631 13805.147 13342.931 12809.683 13003.398 15053.090 19143.098 18965.367 11373.016 4971.654 1359.872 34.131 1020.737 0.159 0.171 1.062 0.000 0.000 0.000 0.000 0.000 0.000 0.000 0.000 0.000 0.000 0.000 0.000 0.000 0.000 0.000 0.000 0.000 0.000
0.000 0.000 0.000 0.000 0.000 0.000 0.000 0.000 0.000 0.000 0.000 0.000 0.000 0.000 481.960 627.377 812.002 1070.682 1314.806 1546.252 1774.764 2028.598 2311.863 2591.821 2879.986 3182.949 3484.873 3777.459 4066.393 4352.673 4633.360 4909.339 5183.611 5463.335 5765.393 6128.494 6613.134 6942.253 7084.629 7099.043 7028.856 6917.261 6976.555 7429.575 8710.582 10860.668 9058.782 5263.698 2470.588 204.039 0.000 0.052 0.050 0.121 0.000 0.000 0.000 0.000 0.000 0.000 0.000 0.000 0.000 0.000 0.000 0.000 0.000 0.000 0.000 0.000 0.000 0.000 0.000
0.000 0.000 0.000 0.000 0.000 0.000 0.000 0.000 0.000 0.000 0.000 0.000 0.000 0.000 0.000 0.000 398.287 542.826 674.771 777.599 859.972 1022.502 1208.233 1390.055 1590.128 1767.737 1924.856 2081.268 2245.568 2402.057 2548.991 2687.058 2818.089 2943.970 3067.152 3193.025 3300.524 3354.560 3362.056 3350.947 3330.419 3345.674 3446.310 3715.858 4126.384 4412.177 4114.850 2593.010 672.366 0.000 0.221 0.149 0.082 0.000 0.000 0.000 0.000 0.000 0.000 0.000 0.000 0.000 0.000 0.000 0.000 0.000 0.000 0.000 0.000 0.000 0.000 0.000 0.000
0.000 0.000 0.000 0.000 0.000 0.000 0.000 0.000 0.000 0.000 0.000 0.000 0.000 0.000 0.000 0.000 0.000 0.000 227.253 254.940 263.638 352.061 483.341 621.989 748.423 825.037 867.547 954.986 1044.198 1118.866 1184.647 1242.655 1293.599 1336.826 1370.901 1392.926 1398.296 1392.790 1388.676 1384.257 1385.739 1402.824 1450.844 1524.236 1540.616 1449.628 1186.040 735.304 29.032 0.004 0.029 0.000 0.000 0.000 0.000 0.000 0.000 0.000 0.000 0.000 0.000 0.000 0.000 0.000 0.000 0.000 0.000 0.000 0.000 0.000 0.000 0.000 0.000
