avaframe/data/avaParabola/Avaflow_Input/prefix_vflow10007.asc
ncols 250
nrows 100
xllcenter 997.50
yllcenter -4997.50
cellsize 20.00
NODATA_value -9999.000
[rows 34 to 67 of 100, columns 77 to 153 of 250]
0.000 0.000 0.000 0.000 0.000 0.000 0.000 0.000 0.000 0.000 0.822 0.892 0.956 1.016 1.075 1.131 1.185 1.237 1.286 1.335 1.382 1.426 1.467 1.503 1.535 1.563 1.589 1.615 1.639 1.657 1.668 1.673 1.670 1.656 1.630 1.559 1.470 1.372 1.270 1.169 1.068 0.961 0.853 0.765 0.652 0.422 0.000 0.000 0.000 0.000 0.000 0.000 0.000 0.000 0.000 0.000 0.000 0.000 0.000 0.000 0.000 0.000 0.000 0.000 0.000 0.000 0.000 0.000 0.000 0.000 0.000 0.000 0.000 0.000 0.000 0.000 0.000
0.000 0.000 0.000 0.000 0.000 0.000 0.000 0.000 0.000 0.894 0.982 1.059 1.132 1.204 1.279 1.354 1.428 1.500 1.571 1.639 1.706 1.771 1.832 1.892 1.949 2.006 2.061 2.114 2.162 2.203 2.234 2.255 2.250 2.195 2.130 2.055 1.973 1.888 1.798 1.704 1.603 1.494 1.377 1.256 1.047 0.594 0.000 0.001 0.000 0.074 0.000 0.000 0.000 0.000 0.000 0.000 0.000 0.000 0.000 0.000 0.000 0.000 0.000 0.000 0.000 0.000 0.000 0.000 0.000 0.000 0.000 0.000 0.000 0.000 0.000 0.000 0.000
0.000 0.000 0.000 0.000 0.000 0.000 0.000 0.000 0.961 1.061 1.157 1.248 1.336 1.426 1.517 1.611 1.705 1.799 1.892 1.983 2.073 2.161 2.249 2.335 2.420 2.504 2.589 2.674 2.752 2.820 2.878 2.859 2.829 2.793 2.747 2.693 2.633 2.568 2.495 2.411 2.318 2.214 2.102 1.973 1.736 1.232 0.489 0.000 0.005 0.000 0.002 0.000 0.000 0.000 0.000 0.000 0.000 0.000 0.000 0.000 0.000 0.000 0.000 0.000 0.000 0.000 0.000 0.000 0.000 0.000 0.000 0.000 0.000 0.000 0.000 0.000 0.000
0.000 0.000 0.000 0.000 0.000 0.000 0.890 1.012 1.127 1.237 1.344 1.451 1.559 1.670 1.782 1.896 2.011 2.127 2.242 2.357 2.472 2.586 2.700 2.813 2.925 3.037 3.151 3.272 3.385 3.473 3.491 3.500 3.500 3.495 3.481 3.460 3.431 3.390 3.344 3.284 3.215 3.133 3.047 2.931 2.700 2.145 1.277 0.340 0.000 0.007 0.008 0.017 0.000 0.000 0.000 0.000 0.000 0.000 0.000 0.000 0.000 0.000 0.000 0.000 0.000 0.000 0.000 0.000 0.000 0.000 0.000 0.000 0.000 0.000 0.000 0.000 0.000
0.000 0.000 0.000 0.000 0.000 0.918 1.050 1.176 1.299 1.420 1.542 1.666 1.795 1.926 2.060 2.197 2.335 2.473 2.613 2.752 2.892 3.033 3.173 3.314 3.455 3.597 3.743 3.896 4.040 4.104 4.156 4.200 4.240 4.273 4.299 4.317 4.326 4.325 4.317 4.298 4.267 4.221 4.185 4.082 3.776 3.145 2.090 1.014 0.000 0.021 0.008 0.010 0.024 0.000 0.000 0.000 0.000 0.000 0.000 0.000 0.000 0.000 0.000 0.000 0.000 0.000 0.000 0.000 0.000 0.000 0.000 0.000 0.000 0.000 0.000 0.000 0.000
0.000 0.000 0.000 0.000 0.938 1.083 1.215 1.345 1.478 1.613 1.752 1.896 2.044 2.196 2.351 2.508 2.667 2.827 2.987 3.149 3.310 3.472 3.634 3.797 3.960 4.123 4.289 4.456 4.625 4.732 4.820 4.904 4.986 5.058 5.124 5.183 5.234 5.278 5.319 5.354 5.381 5.386 5.378 5.197 4.821 4.168 2.858 1.616 0.482 0.085 0.000 0.024 0.024 0.033 0.000 0.000 0.000 0.000 0.000 0.000 0.000 0.000 0.000 0.000 0.000 0.000 0.000 0.000 0.000 0.000 0.000 0.000 0.000 0.000 0.000 0.000 0.000
0.000 0.000 0.000 0.941 1.097 1.238 1.373 1.512 1.657 1.806 1.958 2.113 2.272 2.435 2.601 2.769 2.938 3.109 3.280 3.453 3.626 3.800 3.975 4.151 4.327 4.504 4.681 4.859 5.037 5.214 5.391 5.569 5.687 5.797 5.908 6.017 6.121 6.221 6.314 6.397 6.473 6.531 6.533 6.376 5.945 5.250 3.517 2.073 0.967 0.396 0.000 0.028 0.015 0.011 0.000 0.000 0.000 0.000 0.000 0.000 0.000 0.000 0.000 0.000 0.000 0.000 0.000 0.000 0.000 0.000 0.000 0.000 0.000 0.000 0.000 0.000 0.000
0.000 0.000 0.000 1.076 1.218 1.354 1.493 1.640 1.794 1.952 2.112 2.275 2.441 2.610 2.782 2.957 3.133 3.310 3.488 3.668 3.849 4.031 4.214 4.397 4.582 4.767 4.952 5.138 5.324 5.510 5.695 5.879 6.064 6.253 6.390 6.524 6.658 6.788 6.916 7.039 7.157 7.268 7.359 7.362 7.089 6.458 3.918 2.264 1.107 0.445 0.119 0.366 0.000 0.021 0.023 0.000 0.000 0.000 0.000 0.000 0.000 0.000 0.000 0.000 0.000 0.000 0.000 0.000 0.000 0.000 0.000 0.000 0.000 0.000 0.000 0.000 0.000
0.000 0.000 1.017 1.167 1.302 1.436 1.579 1.731 1.892 2.055 2.221 2.389 2.559 2.733 2.910 3.088 3.269 3.450 3.633 3.817 4.003 4.190 4.378 4.566 4.755 4.945 5.136 5.327 5.518 5.709 5.899 6.090 6.282 6.476 6.675 6.858 7.005 7.151 7.293 7.431 7.566 7.698 7.823 7.864 7.657 6.818 3.388 1.853 1.032 0.628 0.485 0.472 0.000 0.017 0.008 0.000 0.000 0.000 0.000 0.000 0.000 0.000 0.000 0.000 0.000 0.000 0.000 0.000 0.000 0.000 0.000 0.000 0.000 0.000 0.000 0.000 0.000
0.000 0.903 1.079 1.225 1.359 1.493 1.638 1.794 1.959 2.127 2.297 2.467 2.641 2.817 2.996 3.178 3.361 3.545 3.731 3.918 4.106 4.296 4.487 4.678 4.871 5.064 5.258 5.452 5.647 5.841 6.036 6.231 6.428 6.628 6.829 7.028 7.223 7.381 7.528 7.673 7.819 7.965 8.105 8.162 8.011 5.845 2.611 1.425 0.976 0.809 0.825 0.777 0.408 0.000 0.003 0.006 0.000 0.000 0.000 0.000 0.000 0.000 0.000 0.000 0.000 0.000 0.000 0.000 0.000 0.000 0.000 0.000 0.000 0.000 0.000 0.000 0.000
0.000 0.942 1.117 1.263 1.397 1.532 1.678 1.836 2.004 2.175 2.347 2.520 2.695 2.872 3.053 3.237 3.422 3.608 3.795 3.983 4.174 4.365 4.558 4.752 4.946 5.141 5.337 5.533 5.730 5.927 6.124 6.323 6.525 6.727 6.928 7.124 7.313 7.509 7.669 7.817 7.971 8.128 8.281 8.337 8.157 4.365 1.950 1.147 0.978 0.980 0.942 0.974 0.844 0.081 0.001 0.001 0.000 0.000 0.000 0.000 0.000 0.000 0.000 0.000 0.000 0.000 0.000 0.000 0.000 0.000 0.000 0.000 0.000 0.000 0.000 0.000 0.000
0.000 0.964 1.140 1.286 1.421 1.557 1.704 1.864 2.032 2.205 2.379 2.553 2.729 2.908 3.090 3.274 3.460 3.647 3.835 4.025 4.216 4.409 4.603 4.798 4.993 5.190 5.387 5.584 5.781 5.979 6.179 6.381 6.584 6.785 6.982 7.174 7.365 7.565 7.756 7.910 8.072 8.237 8.401 8.372 7.441 3.187 1.496 1.030 1.039 1.044 1.012 1.171 1.167 0.274 0.000 0.000 0.000 0.000 0.000 0.000 0.000 0.000 0.000 0.000 0.000 0.000 0.000 0.000 0.000 0.000 0.000 0.000 0.000 0.000 0.000 0.000 0.000
0.000 0.975 1.153 1.300 1.436 1.572 1.720 1.880 2.050 2.223 2.398 2.573 2.749 2.929 3.111 3.296 3.483 3.670 3.859 4.050 4.241 4.435 4.629 4.824 5.021 5.218 5.415 5.614 5.813 6.012 6.214 6.417 6.619 6.817 7.010 7.203 7.402 7.611 7.816 7.977 8.144 8.311 8.457 8.408 6.024 2.362 1.226 1.068 1.097 1.084 1.154 1.398 1.391 0.352 0.001 0.001 0.000 0.000 0.000 0.000 0.000 0.000 0.000 0.000 0.000 0.000 0.000 0.000 0.000 0.000 0.000 0.000 0.000 0.000 0.000 0.000 0.000
0.000 0.980 1.159 1.307 1.444 1.581 1.729 1.890 2.059 2.234 2.409 2.584 2.761 2.941 3.123 3.309 3.496 3.684 3.873 4.063 4.256 4.449 4.644 4.840 5.036 5.234 5.432 5.631 5.830 6.031 6.233 6.435 6.635 6.830 7.023 7.223 7.433 7.650 7.860 8.026 8.192 8.356 8.484 8.430 4.729 1.921 1.173 1.205 1.142 1.208 1.363 1.635 1.471 0.412 0.003 0.000 0.000 0.000 0.000 0.000 0.000 0.000 0.000 0.000 0.000 0.000 0.000 0.000 0.000 0.000 0.000 0.000 0.000 0.000 0.000 0.000 0.000
0.000 0.982 1.161 1.310 1.447 1.585 1.733 1.894 2.064 2.238 2.413 2.589 2.766 2.946 3.129 3.314 3.502 3.690 3.879 4.070 4.263 4.456 4.651 4.847 5.044 5.242 5.440 5.639 5.839 6.040 6.242 6.441 6.637 6.831 7.031 7.243 7.463 7.676 7.881 8.060 8.220 8.379 8.497 8.129 3.864 1.709 1.261 1.331 1.347 1.381 1.632 1.893 1.543 0.429 0.009 0.000 0.000 0.000 0.000 0.000 0.000 0.000 0.000 0.000 0.000 0.000 0.000 0.000 0.000 0.000 0.000 0.000 0.000 0.000 0.000 0.000 0.000
0.000 0.982 1.161 1.311 1.448 1.586 1.735 1.896 2.066 2.240 2.415 2.590 2.768 2.948 3.131 3.316 3.503 3.692 3.881 4.072 4.265 4.459 4.654 4.850 5.047 5.244 5.443 5.642 5.844 6.045 6.245 6.441 6.635 6.834 7.046 7.270 7.486 7.689 7.885 8.078 8.230 8.391 8.478 7.567 3.388 1.708 1.506 1.501 1.570 1.638 1.907 2.178 1.581 0.293 0.027 0.000 0.000 0.000 0.000 0.000 0.000 0.000 0.000 0.000 0.000 0.000 0.000 0.000 0.000 0.000 0.000 0.000 0.000 0.000 0.000 0.000 0.000
0.000 0.980 1.160 1.310 1.448 1.586 1.735 1.896 2.066 2.240 2.415 2.590 2.768 2.948 3.131 3.316 3.503 3.692 3.881 4.073 4.265 4.459 4.654 4.850 5.047 5.245 5.443 5.643 5.844 6.045 6.242 6.436 6.633 6.845 7.072 7.291 7.493 7.683 7.867 8.066 8.226 8.384 8.388 7.121 3.134 1.844 1.822 1.784 1.809 1.950 2.230 2.456 1.511 0.021 0.050 0.000 0.000 0.000 0.000 0.000 0.000 0.000 0.000 0.000 0.000 0.000 0.000 0.000 0.000 0.000 0.000 0.000 0.000 0.000 0.000 0.000 0.000
0.000 0.976 1.157 1.307 1.445 1.584 1.734 1.895 2.065 2.238 2.413 2.588 2.766 2.946 3.129 3.314 3.501 3.690 3.880 4.071 4.263 4.457 4.652 4.848 5.045 5.243 5.441 5.641 5.842 6.040 6.233 6.428 6.642 6.870 7.090 7.292 7.474 7.645 7.833 8.048 8.206 8.364 8.298 6.757 3.072 2.048 2.142 2.117 2.162 2.282 2.580 2.532 1.200 0.083 0.000 0.000 0.000 0.000 0.000 0.000 0.000 0.000 0.000 0.000 0.000 0.000 0.000 0.000 0.000 0.000 0.000 0.000 0.000 0.000 0.000 0.000 0.000
0.000 0.968 1.148 1.299 1.439 1.579 1.730 1.891 2.060 2.233 2.407 2.583 2.760 2.940 3.123 3.308 3.496 3.684 3.874 4.065 4.257 4.451 4.646 4.842 5.038 5.236 5.435 5.635 5.834 6.027 6.222 6.435 6.665 6.888 7.087 7.256 7.413 7.599 7.821 8.029 8.192 8.354 8.206 6.396 3.153 2.348 2.537 2.482 2.512 2.634 2.932 2.343 0.558 0.099 0.000 0.000 0.000 0.000 0.000 0.000 0.000 0.000 0.000 0.000 0.000 0.000 0.000 0.000 0.000 0.000 0.000 0.000 0.000 0.000 0.000 0.000 0.000
0.000 0.952 1.133 1.285 1.426 1.569 1.720 1.882 2.050 2.222 2.396 2.571 2.748 2.928 3.111 3.296 3.483 3.672 3.861 4.052 4.245 4.439 4.633 4.829 5.026 5.224 5.423 5.621 5.816 6.011 6.221 6.450 6.675 6.870 7.023 7.169 7.354 7.592 7.847 8.018 8.206 8.388 8.139 6.078 3.331 2.812 2.857 2.927 2.861 3.007 2.996 1.391 0.099 0.071 0.000 0.000 0.000 0.000 0.000 0.000 0.000 0.000 0.000 0.000 0.000 0.000 0.000 0.000 0.000 0.000 0.000 0.000 0.000 0.000 0.000 0.000 0.000
0.000 0.927 1.106 1.261 1.405 1.549 1.702 1.864 2.031 2.202 2.375 2.550 2.727 2.907 3.089 3.274 3.461 3.649 3.839 4.029 4.221 4.415 4.609 4.805 5.002 5.199 5.397 5.593 5.789 5.995 6.222 6.450 6.639 6.779 6.918 7.107 7.368 7.659 7.847 8.069 8.268 8.421 8.066 5.877 3.594 3.278 3.238 3.268 3.272 3.306 2.329 0.710 0.134 0.000 0.000 0.000 0.000 0.000 0.000 0.000 0.000 0.000 0.000 0.000 0.000 0.000 0.000 0.000 0.000 0.000 0.000 0.000 0.000 0.000 0.000 0.000 0.000
0.000 0.887 1.065 1.222 1.369 1.517 1.671 1.833 1.999 2.169 2.340 2.515 2.691 2.871 3.053 3.237 3.424 3.611 3.800 3.990 4.182 4.375 4.569 4.765 4.961 5.158 5.354 5.552 5.756 5.980 6.204 6.390 6.522 6.659 6.859 7.153 7.468 7.685 7.965 8.073 8.296 8.389 7.920 5.790 3.922 3.634 3.678 3.628 3.621 3.150 1.134 0.189 0.068 0.000 0.000 0.000 0.000 0.000 0.000 0.000 0.000 0.000 0.000 0.000 0.000 0.000 0.000 0.000 0.000 0.000 0.000 0.000 0.000 0.000 0.000 0.000 0.000
0.000 0.823 1.002 1.163 1.314 1.466 1.622 1.783 1.949 2.117 2.287 2.460 2.636 2.815 2.996 3.180 3.365 3.551 3.739 3.929 4.120 4.313 4.507 4.701 4.897 5.093 5.290 5.491 5.706 5.923 6.108 6.246 6.387 6.601 6.924 7.274 7.537 7.800 7.765 7.737 8.190 8.253 7.669 5.717 4.256 4.027 4.051 3.927 3.468 1.575 0.504 0.124 0.000 0.000 0.000 0.000 0.000 0.000 0.000 0.000 0.000 0.000 0.000 0.000 0.000 0.000 0.000 0.000 0.000 0.000 0.000 0.000 0.000 0.000 0.000 0.000 0.000
0.000 0.724 0.908 1.073 1.232 1.389 1.547 1.708 1.872 2.038 2.206 2.378 2.553 2.730 2.909 3.091 3.274 3.459 3.646 3.834 4.024 4.215 4.408 4.601 4.794 4.988 5.184 5.386 5.591 5.775 5.925 6.081 6.313 6.646 7.062 7.364 7.454 7.314 7.181 7.324 7.879 7.987 7.277 5.531 4.604 4.423 4.173 3.603 1.877 0.711 0.186 0.000 0.000 0.000 0.000 0.000 0.000 0.000 0.000 0.000 0.000 0.000 0.000 0.000 0.000 0.000 0.000 0.000 0.000 0.000 0.000 0.000 0.000 0.000 0.000 0.000 0.000
0.000 0.000 0.774 0.941 1.110 1.274 1.435 1.596 1.758 1.922 2.088 2.258 2.430 2.604 2.780 2.959 3.139 3.321 3.505 3.690 3.877 4.064 4.251 4.438 4.625 4.810 4.996 5.185 5.365 5.532 5.709 5.934 6.314 6.667 6.938 6.884 6.666 6.496 6.604 7.257 7.484 7.592 6.936 5.444 4.865 4.339 3.580 1.948 0.785 0.190 0.063 0.000 0.000 0.000 0.000 0.000 0.000 0.000 0.000 0.000 0.000 0.000 0.000 0.000 0.000 0.000 0.000 0.000 0.000 0.000 0.000 0.000 0.000 0.000 0.000 0.000 0.000
0.000 0.000 0.000 0.773 0.937 1.107 1.271 1.433 1.594 1.756 1.919 2.084 2.252 2.421 2.592 2.765 2.939 3.115 3.292 3.470 3.646 3.822 3.995 4.167 4.336 4.503 4.670 4.844 5.019 5.216 5.472 5.771 6.089 6.208 6.052 5.796 5.678 5.821 6.301 6.845 7.152 7.113 6.141 5.133 4.338 3.383 1.785 0.777 0.197 0.082 0.000 0.000 0.000 0.000 0.000 0.000 0.000 0.000 0.000 0.000 0.000 0.000 0.000 0.000 0.000 0.000 0.000 0.000 0.000 0.000 0.000 0.000 0.000 0.000 0.000 0.000 0.000
0.000 0.000 0.000 0.628 0.748 0.897 1.050 1.208 1.365 1.521 1.679 1.837 1.995 2.155 2.317 2.479 2.641 2.804 2.964 3.122 3.276 3.426 3.571 3.712 3.850 3.991 4.147 4.329 4.526 4.743 4.972 5.126 5.101 4.943 4.752 4.717 4.892 5.335 6.124 6.449 6.806 6.124 4.944 4.066 2.788 1.434 0.721 0.185 0.086 0.000 0.000 0.000 0.000 0.000 0.000 0.000 0.000 0.000 0.000 0.000 0.000 0.000 0.000 0.000 0.000 0.000 0.000 0.000 0.000 0.000 0.000 0.000 0.000 0.000 0.000 0.000 0.000
0.000 0.000 0.000 0.000 0.000 0.694 0.826 0.963 1.105 1.247 1.388 1.527 1.665 1.804 1.943 2.081 2.217 2.351 2.479 2.600 2.715 2.825 2.932 3.036 3.140 3.251 3.387 3.560 3.716 3.827 3.866 3.843 3.771 3.681 3.668 3.780 4.151 4.748 5.315 5.460 5.134 4.190 3.112 1.930 1.064 0.533 0.139 0.079 0.000 0.000 0.000 0.000 0.000 0.000 0.000 0.000 0.000 0.000 0.000 0.000 0.000 0.000 0.000 0.000 0.000 0.000 0.000 0.000 0.000 0.000 0.000 0.000 0.000 0.000 0.000 0.000 0.000
0.000 0.000 0.000 0.000 0.000 0.000 0.618 0.720 0.850 0.971 1.094 1.213 1.334 1.451 1.564 1.673 1.777 1.877 1.970 2.058 2.141 2.220 2.295 2.368 2.442 2.518 2.605 2.699 2.758 2.780 2.772 2.740 2.699 2.687 2.718 2.856 3.130 3.388 3.409 3.218 2.699 1.950 1.251 0.724 0.374 0.077 0.000 0.000 0.000 0.000 0.000 0.000 0.000 0.000 0.000 0.000 0.000 0.000 0.000 0.000 0.000 0.000 0.000 0.000 0.000 0.000 0.000 0.000 0.000 0.000 0.000 0.000 0.000 0.000 0.000 0.000 0.000
0.000 0.000 0.000 0.000 0.000 0.000 0.000 0.000 0.605 0.699 0.794 0.906 1.013 1.107 1.192 1.275 1.354 1.425 1.490 1.550 1.605 1.655 1.705 1.754 1.801 1.847 1.891 1.923 1.935 1.928 1.906 1.879 1.867 1.869 1.899 1.971 2.053 2.036 1.909 1.610 1.174 0.772 0.458 0.241 0.054 0.000 0.000 0.000 0.000 0.000 0.000 0.000 0.000 0.000 0.000 0.000 0.000 0.000 0.000 0.000 0.000 0.000 0.000 0.000 0.000 0.000 0.000 0.000 0.000 0.000 0.000 0.000 0.000 0.000 0.000 0.000 0.000
0.000 0.000 0.000 0.000 0.000 0.000 0.000 0.000 0.000 0.000 0.510 0.620 0.707 0.771 0.820 0.885 0.942 0.989 1.032 1.069 1.103 1.139 1.176 1.210 1.238 1.260 1.273 1.275 1.266 1.245 1.222 1.209 1.204 1.204 1.212 1.220 1.194 1.105 0.931 0.683 0.454 0.267 0.138 0.000 0.000 0.000 0.000 0.000 0.000 0.000 0.000 0.000 0.000 0.000 0.000 0.000 0.000 0.000 0.000 0.000 0.000 0.000 0.000 0.000 0.000 0.000 0.000 0.000 0.000 0.000 0.000 0.000 0.000 0.000 0.000 0.000 0.000
0.000 0.000 0.000 0.000 0.000 0.000 0.000 0.000 0.000 0.000 0.000 0.000 0.000 0.437 0.454 0.499 0.533 0.559 0.583 0.609 0.653 0.700 0.734 0.759 0.774 0.780 0.779 0.770 0.749 0.716 0.682 0.660 0.650 0.647 0.643 0.630 0.591 0.507 0.378 0.245 0.140 0.000 0.000 0.000 0.000 0.000 0.000 0.000 0.000 0.000 0.000 0.000 0.000 0.000 0.000 0.000 0.000 0.000 0.000 0.000 0.000 0.000 0.000 0.000 0.000 0.000 0.000 0.000 0.000 0.000 0.000 0.000 0.000 0.000 0.000 0.000 0.000
0.000 0.000 0.000 0.000 0.000 0.000 0.000 0.000 0.000 0.000 0.000 0.000 0.000 0.000 0.000 0.000 0.000 0.000 0.000 0.000 0.000 0.358 0.383 0.397 0.404 0.404 0.401 0.390 0.370 0.340 0.296 0.253 0.238 0.235 0.232 0.224 0.000 0.000 0.000 0.000 0.000 0.000 0.000 0.000 0.000 0.000 0.000 0.000 0.000 0.000 0.000 0.000 0.000 0.000 0.000 0.000 0.000 0.000 0.000 0.000 0.000 0.000 0.000 0.000 0.000 0.000 0.000 0.000 0.000 0.000 0.000 0.000 0.000 0.000 0.000 0.000 0.000
0.000 0.000 0.000 0.000 0.000 0.000 0.000 0.000 0.000 0.000 0.000 0.000 0.000 0.000 0.000 0.000 0.000 0.000 0.000 0.000 0.000 0.000 0.000 0.000 0.000 0.000 0.000 0.000 0.000 0.000 0.000 0.000 0.000 0.000 0.000 0.000 0.000 0.000 0.000 0.000 0.000 0.000 0.000 0.000 0.000 0.000 0.000 0.000 0.000 0.000 0.000 0.000 0.000 0.000 0.000 0.000 0.000 0.000 0.000 0.000 0.000 0.000 0.000 0.000 0.000 0.000 0.000 0.000 0.000 0.000 0.000 0.000 0.000 0.000 0.000 0.000 0.000
