avaframe/data/avaParabola/Avaflow_Input/prefix_(null).asc
ncols 250
nrows 100
xllcenter 997.50
yllcenter -4997.50
cellsize 20.00
NODATA_value -9999.000
[rows 28 to 55 of 100, columns 63 to 125 of 250]
-9999.000 -9999.000 -9999.000 -9999.000 -9999.000 -9999.000 -9999.000 -9999.000 -9999.000 -9999.000 -9999.000 -9999.000 -9999.000 -9999.000 -9999.000 -9999.000 -9999.000 -9999.000 -9999.000 -9999.000 -9999.000 -9999.000 -9999.000 -9999.000 -9999.000 -9999.000 -9999.000 -9999.000 -9999.000 -9999.000 -9999.000 -9999.000 -9999.000 -9999.000 -9999.000 0.000 0.000 0.000 0.000 0.000 0.000 0.000 0.000 0.000 0.000 0.000 0.000 0.000 0.000 0.001 0.001 0.001 0.001 0.001 0.001 0.001 0.001 0.001 0.001 0.000 0.000 0.000 0.000
-9999.000 -9999.000 -9999.000 -9999.000 -9999.000 -9999.000 -9999.000 -9999.000 -9999.000 -9999.000 -9999.000 -9999.000 -9999.000 -9999.000 -9999.000 -9999.000 -9999.000 -9999.000 -9999.000 -9999.000 -9999.000 -9999.000 -9999.000 -9999.000 -9999.000 0.000 0.000 0.000 0.000 0.000 0.000 0.000 0.000 0.000 0.000 0.000 0.001 0.001 0.001 0.001 0.001 0.001 0.001 0.001 0.001 0.001 0.001 0.001 0.001 0.001 0.001 0.001 0.001 0.001 0.001 0.002 0.003 0.001 0.001 0.001 0.000 0.001 0.001
-9999.000 -9999.000 -9999.000 -9999.000 -9999.000 -9999.000 -9999.000 -9999.000 -9999.000 -9999.000 -9999.000 -9999.000 -9999.000 -9999.000 -9999.000 -9999.000 -9999.000 -9999.000 -9999.000 -9999.000 -9999.000 0.000 0.000 0.000 0.000 0.000 0.000 0.000 0.000 0.000 0.000 0.000 0.001 0.001 0.001 0.001 0.001 0.001 0.001 0.001 0.001 0.001 0.001 0.001 0.001 0.001 0.001 0.001 0.001 0.001 0.001 0.001 0.001 0.001 0.002 0.005 0.004 0.001 0.001 0.001 0.001 0.001 0.001
-9999.000 -9999.000 -9999.000 -9999.000 -9999.000 -9999.000 -9999.000 -9999.000 -9999.000 -9999.000 -9999.000 -9999.000 -9999.000 -9999.000 -9999.000 -9999.000 -9999.000 -9999.000 0.000 0.000 0.000 0.000 0.001 0.001 0.001 0.001 0.001 0.001 0.001 0.001 0.001 0.001 0.001 0.001 0.001 0.001 0.001 0.001 0.001 0.001 0.001 0.001 0.001 0.001 0.001 0.001 0.001 0.001 0.001 0.002 0.002 0.002 0.002 0.002 0.004 0.008 0.013 0.003 0.002 0.003 0.003 0.003 0.002
-9999.000 -9999.000 -9999.000 -9999.000 -9999.000 -9999.000 -9999.000 -9999.000 -9999.000 -9999.000 -9999.000 -9999.000 -9999.000 -9999.000 -9999.000 -9999.000 0.000 0.000 0.000 0.001 0.001 0.001 0.001 0.001 0.001 0.001 0.001 0.001 0.001 0.001 0.001 0.001 0.001 0.001 0.001 0.001 0.001 0.001 0.002 0.002 0.002 0.002 0.002 0.002 0.002 0.002 0.002 0.002 0.002 0.003 0.003 0.003 0.003 0.003 0.008 0.011 0.008 0.014 0.005 0.006 0.006 0.006 0.006
-9999.000 -9999.000 -9999.000 -9999.000 -9999.000 -9999.000 -9999.000 -9999.000 -9999.000 -9999.000 -9999.000 -9999.000 -9999.000 -9999.000 0.000 0.000 0.000 0.001 0.001 0.001 0.001 0.001 0.001 0.001 0.001 0.001 0.001 0.001 0.001 0.002 0.002 0.002 0.002 0.002 0.002 0.002 0.002 0.003 0.003 0.003 0.003 0.003 0.004 0.004 0.004 0.004 0.004 0.005 0.005 0.005 0.005 0.005 0.006 0.006 0.015 0.017 0.010 0.018 0.010 0.013 0.014 0.014 0.013
-9999.000 -9999.000 -9999.000 -9999.000 -9999.000 -9999.000 -9999.000 -9999.000 -9999.000 -9999.000 -9999.000 -9999.000 -9999.000 0.000 0.000 0.001 0.001 0.001 0.001 0.001 0.001 0.001 0.001 0.001 0.001 0.002 0.002 0.002 0.002 0.003 0.003 0.003 0.004 0.004 0.005 0.005 0.005 0.006 0.006 0.006 0.007 0.007 0.008 0.008 0.008 0.009 0.009 0.009 0.010 0.010 0.011 0.012 0.012 0.013 0.024 0.027 0.014 0.024 0.020 0.025 0.026 0.026 0.024
-9999.000 -9999.000 -9999.000 -9999.000 -9999.000 -9999.000 -9999.000 -9999.000 -9999.000 -9999.000 -9999.000 0.000 0.000 0.000 0.001 0.001 0.001 0.001 0.001 0.001 0.001 0.002 0.002 0.002 0.003 0.003 0.004 0.005 0.005 0.006 0.007 0.008 0.008 0.009 0.010 0.011 0.012 0.013 0.013 0.014 0.015 0.016 0.017 0.017 0.018 0.019 0.020 0.021 0.021 0.022 0.023 0.024 0.025 0.026 0.037 0.040 0.031 0.028 0.034 0.042 0.044 0.041 0.041
-9999.000 -9999.000 -9999.000 -9999.000 -9999.000 -9999.000 -9999.000 -9999.000 -9999.000 -9999.000 0.000 0.000 0.001 0.001 0.001 0.001 0.001 0.001 0.001 0.002 0.002 0.003 0.004 0.005 0.006 0.008 0.009 0.011 0.012 0.014 0.016 0.017 0.019 0.021 0.023 0.025 0.027 0.029 0.030 0.032 0.034 0.036 0.037 0.039 0.041 0.042 0.044 0.045 0.047 0.048 0.050 0.052 0.053 0.055 0.056 0.068 0.068 0.054 0.052 0.061 0.070 0.065 0.065
-9999.000 -9999.000 -9999.000 -9999.000 -9999.000 -9999.000 -9999.000 -9999.000 -9999.000 0.000 0.000 0.001 0.001 0.001 0.001 0.001 0.001 0.002 0.003 0.004 0.006 0.008 0.010 0.013 0.016 0.019 0.022 0.026 0.030 0.034 0.038 0.042 0.046 0.051 0.055 0.059 0.063 0.067 0.071 0.075 0.079 0.082 0.086 0.089 0.092 0.095 0.098 0.101 0.104 0.106 0.109 0.112 0.114 0.117 0.119 0.122 0.136 0.130 0.111 0.091 0.103 0.111 0.111
-9999.000 -9999.000 -9999.000 -9999.000 -9999.000 -9999.000 -9999.000 -9999.000 0.000 0.000 0.001 0.001 0.001 0.001 0.001 0.002 0.003 0.005 0.008 0.012 0.016 0.022 0.028 0.035 0.043 0.050 0.059 0.067 0.077 0.086 0.096 0.105 0.115 0.125 0.135 0.144 0.153 0.162 0.171 0.178 0.186 0.193 0.200 0.206 0.212 0.218 0.223 0.228 0.233 0.238 0.243 0.247 0.252 0.256 0.260 0.265 0.273 0.274 0.268 0.269 0.270 0.238 0.160
-9999.000 -9999.000 -9999.000 -9999.000 -9999.000 -9999.000 -9999.000 0.000 0.000 0.001 0.001 0.001 0.001 0.001 0.003 0.005 0.010 0.017 0.027 0.039 0.053 0.069 0.086 0.104 0.122 0.142 0.163 0.184 0.206 0.228 0.250 0.273 0.295 0.317 0.338 0.358 0.378 0.396 0.414 0.430 0.445 0.459 0.471 0.483 0.494 0.504 0.514 0.523 0.531 0.539 0.547 0.554 0.561 0.567 0.576 0.593 0.711 0.809 0.864 0.883 0.847 0.734 0.522
-9999.000 -9999.000 -9999.000 -9999.000 -9999.000 -9999.000 -9999.000 0.000 0.001 0.001 0.001 0.001 0.002 0.004 0.008 0.022 0.045 0.074 0.109 0.147 0.189 0.233 0.279 0.325 0.372 0.420 0.468 0.517 0.566 0.615 0.663 0.711 0.757 0.803 0.846 0.887 0.926 0.962 0.996 1.027 1.056 1.083 1.107 1.130 1.151 1.172 1.189 1.206 1.219 1.231 1.285 1.464 1.669 1.901 2.082 2.245 2.369 2.450 2.446 2.344 2.133 1.810 1.343
-9999.000 -9999.000 -9999.000 -9999.000 -9999.000 -9999.000 -9999.000 0.000 0.001 0.001 0.001 0.002 0.004 0.020 0.075 0.163 0.264 0.373 0.488 0.598 0.713 0.821 0.932 1.036 1.142 1.242 1.343 1.438 1.531 1.623 1.712 1.799 1.882 1.963 2.041 2.115 2.182 2.247 2.309 2.372 2.429 2.479 2.524 2.559 2.728 3.001 3.311 3.652 3.950 4.308 4.616 4.889 5.163 5.421 5.624 5.717 5.742 5.606 5.332 4.928 4.383 3.672 2.791
-9999.000 -9999.000 -9999.000 -9999.000 -9999.000 -9999.000 0.000 0.000 0.001 0.001 0.001 0.004 0.121 0.504 0.919 1.284 1.605 1.894 2.167 2.401 2.604 2.792 2.980 3.150 3.309 3.467 3.610 3.751 3.885 4.017 4.145 4.264 4.386 4.499 4.604 4.830 5.278 5.647 6.129 6.406 6.812 7.174 7.495 7.955 8.323 8.662 9.050 9.420 9.877 10.339 10.720 11.037 11.311 11.468 11.515 11.313 10.897 10.248 9.442 8.479 7.359 6.080 4.615
-9999.000 -9999.000 -9999.000 -9999.000 -9999.000 -9999.000 0.000 0.001 0.001 0.001 0.003 0.067 1.022 2.833 4.605 5.826 7.132 7.554 7.851 7.995 8.113 8.242 8.331 8.401 8.457 8.518 8.584 8.655 8.731 8.809 8.883 9.288 10.411 11.259 11.856 12.591 13.277 13.848 14.407 14.948 15.537 16.028 16.365 16.868 17.490 18.110 18.554 18.809 18.918 19.113 19.426 19.603 19.373 18.816 17.990 16.945 15.589 14.046 12.725 11.239 9.638 7.954 6.229
-9999.000 -9999.000 -9999.000 -9999.000 -9999.000 -9999.000 0.000 0.001 0.001 0.001 0.004 0.176 1.800 4.790 7.600 9.914 11.812 13.217 14.552 14.710 15.134 15.436 15.409 15.563 15.590 15.575 15.704 15.729 15.723 15.647 15.747 16.728 18.630 20.633 21.974 23.019 23.995 24.743 25.604 26.164 26.869 27.578 27.740 27.858 28.384 28.725 28.374 27.882 27.328 27.314 27.056 26.191 25.103 23.770 22.192 20.386 18.518 16.834 15.077 13.413 11.569 9.636 7.548
-9999.000 -9999.000 -9999.000 -9999.000 -9999.000 -9999.000 0.000 0.001 0.001 0.001 0.005 0.189 1.964 5.369 8.687 11.407 13.742 15.824 17.160 18.699 18.840 19.390 19.822 19.889 20.103 20.149 20.291 20.438 20.447 20.421 20.485 21.642 24.117 26.987 29.405 30.924 32.862 33.316 34.402 35.203 36.046 36.644 36.441 36.796 37.146 36.845 35.579 34.594 33.545 32.720 31.632 30.268 28.591 26.670 24.605 22.760 20.934 19.054 17.153 15.115 12.900 10.639 8.310
-9999.000 -9999.000 -9999.000 -9999.000 -9999.000 -9999.000 0.000 0.001 0.001 0.001 0.005 0.189 1.981 5.476 8.997 11.913 14.438 16.723 18.639 19.948 20.937 21.547 21.783 22.356 22.459 22.725 22.898 23.058 23.303 23.300 23.371 24.375 27.657 30.619 34.091 36.002 38.567 39.304 40.264 41.514 42.418 43.127 42.936 42.825 42.798 41.219 40.021 38.797 37.888 36.581 34.483 32.357 30.587 28.841 27.036 25.175 23.196 21.040 18.740 16.208 13.588 11.146 8.590
-9999.000 -9999.000 -9999.000 -9999.000 -9999.000 -9999.000 0.000 0.001 0.001 0.001 0.005 0.189 1.981 5.487 9.047 12.060 14.675 17.029 19.243 20.390 21.768 22.168 22.841 23.421 23.570 23.984 23.936 24.420 24.598 24.821 24.753 26.076 29.370 32.521 36.830 39.245 42.015 42.782 44.230 45.716 46.513 47.131 47.595 47.123 45.614 44.654 43.776 42.123 39.792 38.214 36.518 34.824 33.173 30.928 28.517 25.990 23.727 21.530 19.001 16.559 14.247 11.680 8.853
-9999.000 -9999.000 -9999.000 -9999.000 -9999.000 -9999.000 0.000 0.001 0.001 0.001 0.005 0.189 1.981 5.487 9.051 12.097 14.757 17.121 19.360 20.512 22.025 22.355 23.182 23.763 24.028 24.399 24.447 24.893 25.074 25.386 25.402 26.713 30.103 33.938 38.165 41.389 44.013 45.130 47.209 48.059 49.500 50.188 49.124 48.830 48.280 47.154 44.779 43.317 41.914 40.013 37.378 35.049 33.110 31.218 29.235 27.085 24.615 22.031 19.233 16.450 13.821 11.306 8.897
-9999.000 -9999.000 -9999.000 -9999.000 -9999.000 -9999.000 0.000 0.001 0.001 0.001 0.005 0.189 1.981 5.487 9.052 12.099 14.773 17.139 19.380 20.530 22.068 22.469 23.231 23.816 24.092 24.467 24.605 24.961 25.150 25.473 25.627 26.935 30.478 34.862 39.017 42.442 44.193 46.439 47.778 49.345 49.607 50.323 50.490 49.695 48.201 47.053 45.499 42.819 41.090 39.561 37.806 35.401 32.692 30.429 28.427 26.443 24.441 22.011 19.410 16.660 13.808 11.032 8.384
-9999.000 -9999.000 -9999.000 -9999.000 -9999.000 -9999.000 0.000 0.000 0.001 0.001 0.005 0.189 1.981 5.487 9.051 12.097 14.756 17.121 19.360 20.512 22.025 22.420 23.103 23.745 24.016 24.330 24.500 24.797 24.994 25.272 25.539 27.037 30.763 35.517 39.243 41.847 43.929 45.477 47.181 48.222 49.211 49.624 49.062 48.779 46.591 45.203 44.055 42.035 39.577 37.817 36.478 34.466 32.112 29.558 27.242 25.290 23.447 21.338 18.819 16.148 13.416 10.665 7.999
-9999.000 -9999.000 -9999.000 -9999.000 -9999.000 -9999.000 0.000 0.000 0.001 0.001 0.005 0.189 1.981 5.487 9.047 12.060 14.675 17.029 19.241 20.386 21.746 22.147 22.792 23.298 23.568 23.777 23.955 24.222 24.311 24.608 24.985 27.084 30.780 35.343 38.424 40.718 42.045 44.120 45.027 46.346 46.712 47.063 46.151 45.473 43.699 42.170 41.152 39.402 36.836 35.724 34.326 32.264 30.105 27.850 25.731 24.082 22.281 20.055 17.704 15.152 12.502 9.962 7.423
-9999.000 -9999.000 -9999.000 -9999.000 -9999.000 -9999.000 0.000 0.000 0.001 0.001 0.005 0.189 1.981 5.475 8.997 11.911 14.436 16.713 18.636 19.903 20.974 21.203 21.783 22.209 22.287 22.572 22.697 22.831 22.936 22.966 23.524 26.558 30.188 33.795 36.323 37.804 39.091 40.204 41.038 41.829 42.401 42.110 41.377 40.463 38.999 37.967 36.978 34.661 33.666 32.653 30.865 28.860 27.013 25.479 23.980 22.347 20.411 18.255 16.062 13.657 11.294 8.998 6.699
-9999.000 -9999.000 -9999.000 -9999.000 -9999.000 -9999.000 0.000 0.000 0.001 0.001 0.005 0.189 1.964 5.368 8.683 11.396 13.688 15.615 17.333 18.565 19.011 19.457 19.778 19.808 19.983 20.057 20.109 20.160 20.109 20.623 21.649 24.349 27.555 30.836 31.879 32.737 33.719 34.624 35.226 35.763 35.942 35.440 35.306 34.141 33.169 32.415 30.933 30.241 29.222 27.705 26.495 25.352 24.000 22.674 21.217 19.491 17.656 15.808 14.031 12.140 10.186 7.847 5.744
-9999.000 -9999.000 -9999.000 -9999.000 -9999.000 -9999.000 0.000 0.000 0.000 0.001 0.004 0.177 1.804 4.780 7.536 9.608 11.842 13.532 14.909 15.046 15.315 15.523 15.610 15.550 15.628 15.668 15.646 15.571 15.760 16.460 17.859 20.692 23.155 24.135 24.870 25.721 26.497 27.152 27.561 28.060 27.998 28.183 27.377 27.221 26.450 25.736 25.229 24.438 23.626 23.000 22.044 20.974 20.060 18.934 17.711 16.589 15.259 13.765 12.165 10.397 8.541 6.677 4.649
-9999.000 -9999.000 -9999.000 -9999.000 -9999.000 -9999.000 -9999.000 0.000 0.000 0.001 0.003 0.072 0.948 2.696 5.134 6.729 7.751 8.101 8.245 8.368 8.481 8.566 8.637 8.717 8.802 8.895 8.996 9.121 9.248 9.750 11.111 12.812 14.203 15.266 16.287 17.193 18.101 18.826 19.279 19.718 19.954 20.021 19.916 19.822 19.586 19.207 18.981 18.661 18.178 17.668 17.177 16.547 15.823 15.159 14.323 13.353 12.356 11.210 9.907 8.505 6.911 5.291 3.579
