avaframe/data/avaParabola/Avaflow_Input/prefix_pflow10010.asc
ncols 250
nrows 100
xllcenter 997.50
yllcenter -4997.50
cellsize 20.00
NODATA_value -9999.000
[rows 33 to 65 of 100, columns 73 to 145 of 250]
0.000 0.000 0.000 0.000 0.000 0.000 0.000 0.000 0.000 0.000 0.000 0.000 0.000 0.000 0.000 0.000 0.000 0.000 0.000 0.000 0.000 1028.311 1120.057 1210.567 1308.591 1415.742 1534.381 1661.693 1783.827 1891.174 1984.874 2069.639 2151.653 2232.790 2310.188 2384.218 2457.977 2532.306 2614.157 2707.915 2777.385 2808.034 2672.300 2366.510 2040.723 1801.454 1061.469 47.727 0.175 0.430 0.000 0.033 0.000 24.852 0.000 0.000 0.000 0.000 0.000 0.000 0.000 0.000 0.000 0.000 0.000 0.000 0.000 0.000 0.000 0.000 0.000 0.000 0.000
0.000 0.000 0.000 0.000 0.000 0.000 0.000 0.000 0.000 0.000 0.000 0.000 0.000 0.000 0.000 0.000 0.000 0.000 0.000 1176.748 1345.778 1497.905 1642.133 1784.503 1929.008 2080.958 2243.112 2416.771 2596.551 2777.274 2958.663 3140.157 3320.494 3497.421 3667.844 3831.706 3991.384 4152.967 4345.344 4572.693 4741.107 4680.234 4330.068 3950.422 3534.727 3258.889 2120.574 225.738 0.000 0.234 1.084 1.836 1.470 0.470 0.629 0.000 0.000 0.000 0.000 0.000 0.000 0.000 0.000 0.000 0.000 0.000 0.000 0.000 0.000 0.000 0.000 0.000 0.000
0.000 0.000 0.000 0.000 0.000 0.000 0.000 0.000 0.000 0.000 0.000 0.000 0.000 0.000 0.000 0.000 0.000 0.000 1356.190 1596.381 1816.235 2031.143 2248.032 2469.751 2697.635 2933.927 3181.270 3440.748 3713.500 3999.887 4298.505 4602.865 4904.584 5201.376 5492.965 5779.996 6064.998 6360.314 6729.836 7182.075 7415.188 7134.004 6791.228 6390.538 5965.577 5742.607 4235.660 1093.133 62.103 0.000 5.437 9.347 11.751 13.799 14.270 9.203 6.964 0.000 0.000 0.000 0.000 0.000 0.000 0.000 0.000 0.000 0.000 0.000 0.000 0.000 0.000 0.000 0.000
0.000 0.000 0.000 0.000 0.000 0.000 0.000 0.000 0.000 0.000 0.000 0.000 0.000 0.000 0.000 0.000 0.000 1499.036 1786.360 2061.281 2338.245 2624.982 2926.251 3244.691 3581.463 3936.216 4307.904 4694.846 5096.494 5514.256 5948.450 6395.872 6850.366 7308.528 7769.552 8233.797 8703.464 9200.514 9816.473 10579.507 10643.912 10499.374 10269.160 9964.045 9623.152 9400.783 7959.026 2901.403 418.090 0.000 7.932 24.716 34.977 44.106 45.599 32.370 21.998 15.669 0.000 0.000 0.000 0.000 0.000 0.000 0.000 0.000 0.000 0.000 0.000 0.000 0.000 0.000 0.000
0.000 0.000 0.000 0.000 0.000 0.000 0.000 0.000 0.000 0.000 0.000 0.000 0.000 0.000 0.000 1289.785 1646.707 1966.646 2278.419 2600.164 2943.500 3312.062 3707.474 4132.982 4591.228 5080.584 5597.475 6137.725 6698.560 7280.935 7886.274 8514.123 9162.979 9830.630 10515.914 11219.598 11946.064 12721.815 13636.711 14476.009 14693.938 14831.309 14849.021 14772.470 14629.117 14451.364 13618.519 4985.445 586.566 0.000 7.894 48.715 79.099 104.145 114.961 82.494 54.907 35.016 21.019 0.000 0.000 0.000 0.000 0.000 0.000 0.000 0.000 0.000 0.000 0.000 0.000 0.000 0.000
0.000 0.000 0.000 0.000 0.000 0.000 0.000 0.000 0.000 0.000 0.000 0.000 0.000 0.000 1399.924 1789.641 2142.907 2488.886 2849.665 3240.474 3668.677 4134.225 4638.769 5186.542 5779.584 6415.790 7092.268 7805.530 8551.786 9329.641 10139.643 10982.614 11859.293 12770.813 13717.892 14701.733 15725.031 16792.914 17931.945 19007.957 19395.250 19825.025 20202.848 20468.436 20639.990 20750.230 20838.182 8376.944 1016.505 0.000 6.741 64.472 169.962 229.127 248.701 173.278 114.741 73.375 42.880 24.054 0.000 0.000 0.000 0.000 0.000 0.000 0.000 0.000 0.000 0.000 0.000 0.000 0.000
0.000 0.000 0.000 0.000 0.000 0.000 0.000 0.000 0.000 0.000 0.000 0.000 0.000 1464.219 1892.923 2281.734 2665.234 3063.062 3496.898 3979.624 4511.040 5087.076 5705.773 6368.478 7078.291 7835.978 8640.995 9492.017 10386.000 11320.050 12293.597 13307.375 14362.352 15460.288 16602.773 17790.002 19021.178 20296.693 21619.971 23005.689 24495.402 25337.100 26072.312 26724.613 27322.352 27785.832 28947.961 11587.320 815.144 0.000 13.889 118.644 342.491 475.792 436.680 309.829 209.624 140.891 87.653 42.866 24.204 0.000 0.000 0.000 0.000 0.000 0.000 0.000 0.000 0.000 0.000 0.000 0.000
0.000 0.000 0.000 0.000 0.000 0.000 0.000 0.000 0.000 0.000 0.000 0.000 1438.221 1892.400 2301.804 2705.268 3122.417 3577.507 4086.114 4651.050 5266.456 5925.815 6627.392 7374.276 8170.748 9018.776 9918.925 10870.475 11871.171 12918.717 14012.142 15151.131 16337.129 17573.107 18860.205 20197.840 21585.029 23019.797 24501.412 26033.201 27620.543 29320.930 30447.666 31313.938 32173.410 32820.301 35199.027 9308.641 264.110 4.915 30.412 162.992 550.152 673.448 597.602 451.138 336.216 238.978 156.835 88.115 22.835 0.000 0.000 0.000 0.000 0.000 0.000 0.000 0.000 0.000 0.000 0.000 0.000
0.000 0.000 0.000 0.000 0.000 0.000 0.000 0.000 0.000 0.000 0.000 0.000 1794.369 2217.013 2626.986 3043.854 3490.958 3992.088 4557.874 5185.262 5864.542 6587.588 7351.928 8161.010 9020.881 9935.425 10906.232 11932.949 13013.209 14144.089 15324.109 16553.432 17834.246 19168.391 20556.799 22000.904 23499.633 25049.953 26650.004 28302.090 30013.562 31786.809 33685.348 34782.363 35782.652 36388.016 36551.715 5164.149 0.493 0.752 4.669 30.512 247.785 590.659 723.308 694.185 522.917 335.801 194.877 101.318 48.488 8.443 0.000 0.000 0.000 0.000 0.000 0.000 0.000 0.000 0.000 0.000 0.000
0.000 0.000 0.000 0.000 0.000 0.000 0.000 0.000 0.000 0.000 0.000 1602.250 2043.666 2459.195 2873.250 3303.028 3774.478 4309.750 4916.667 5589.328 6315.755 7086.281 7897.436 8752.248 9657.428 10618.637 11639.026 12718.953 13855.975 15046.387 16287.755 17579.398 18922.723 20321.139 21778.334 23295.156 24869.141 26497.811 28179.752 29918.520 31720.609 33586.250 35512.699 37393.230 38441.375 38642.164 32905.547 1984.618 0.000 5.634 55.733 142.008 313.182 611.712 838.941 742.111 447.893 220.236 103.181 46.598 20.212 2.994 0.000 0.000 0.000 0.000 0.000 0.000 0.000 0.000 0.000 0.000 0.000
0.000 0.000 0.000 0.000 0.000 0.000 0.000 0.000 0.000 0.000 1285.719 1786.253 2216.234 2633.273 3053.044 3494.468 3983.992 4542.756 5177.629 5881.783 6641.911 7446.583 8291.221 9178.327 10114.631 11107.117 12160.549 13276.147 14451.554 15682.398 16965.311 18300.141 19688.605 21132.961 22637.111 24202.836 25827.736 27510.105 29249.178 31049.939 32917.004 34839.980 36840.102 38856.527 40317.676 42004.523 24333.406 578.882 0.000 170.341 408.247 679.838 14.576 0.439 891.436 537.550 291.755 131.722 49.836 21.092 9.007 2.867 0.728 0.000 0.000 0.000 0.000 0.000 0.000 0.000 0.000 0.000 0.000
0.000 0.000 0.000 0.000 0.000 0.000 0.000 0.000 0.000 0.000 1426.510 1903.226 2332.123 2753.493 3179.655 3630.653 4132.812 4706.919 5359.902 6084.840 6867.822 7696.395 8564.532 9473.785 10431.076 11444.360 12519.571 13658.723 14859.650 16117.609 17428.404 18791.178 20207.918 21682.119 23216.914 24813.748 26471.854 28189.904 29967.678 31809.041 33713.215 35661.184 37702.676 39631.949 41500.867 45390.395 15000.390 119.971 64.179 341.134 657.854 687.193 1.857 0.000 590.251 291.852 176.582 56.783 23.101 9.326 4.114 1.500 0.355 0.000 0.000 0.000 0.000 0.000 0.000 0.000 0.000 0.000 0.000
0.000 0.000 0.000 0.000 0.000 0.000 0.000 0.000 0.000 0.000 1508.257 1975.748 2406.719 2832.760 3264.831 3723.173 4233.887 4817.654 5481.823 6219.895 7017.617 7861.595 8745.020 9668.926 10640.081 11666.887 12755.984 13910.025 15127.141 16402.449 17731.355 19111.197 20543.434 22034.330 23587.721 25204.238 26883.480 28624.186 30426.244 32289.359 34205.383 36162.613 38229.328 39882.949 42135.469 42731.777 6925.796 0.000 0.000 0.026 4.578 32.959 24.080 0.186 13.133 26.136 0.249 4.547 4.724 2.458 0.915 0.341 0.120 0.000 0.000 0.000 0.000 0.000 0.000 0.000 0.000 0.000 0.000
0.000 0.000 0.000 0.000 0.000 0.000 0.000 0.000 0.000 0.000 1552.358 2017.837 2451.558 2881.630 3318.437 3782.154 4298.583 4888.349 5559.093 6304.637 7110.802 7963.846 8856.480 9789.448 10769.258 11804.389 12901.822 14064.582 15291.055 16576.443 17916.020 19308.770 20756.590 22260.867 23824.982 25454.014 27148.268 28904.830 30722.096 32594.229 34509.078 36464.559 38576.355 40350.391 42213.430 33935.094 2507.238 0.000 5.647 19.237 25.102 32.551 28.415 9.200 0.279 6.079 0.000 0.303 0.850 0.381 0.072 0.014 0.004 0.000 0.000 0.000 0.000 0.000 0.000 0.000 0.000 0.000 0.000
0.000 0.000 0.000 0.000 0.000 0.000 0.000 0.000 0.000 0.000 1572.766 2039.289 2475.449 2908.463 3348.633 3816.036 4336.258 4929.787 5604.290 6353.802 7164.219 8021.851 8919.510 9857.869 10843.171 11883.692 12986.445 14154.598 15386.730 16678.262 18024.404 19423.145 20876.809 22388.998 23963.307 25601.881 27305.014 29070.635 30893.430 32763.803 34674.605 36636.621 38796.219 41496.371 43596.832 25154.062 506.733 4.372 56.754 88.913 48.348 40.761 71.262 45.940 1.055 0.000 0.013 0.007 0.033 0.003 0.000 0.000 0.000 0.000 0.000 0.000 0.000 0.000 0.000 0.000 0.000 0.000 0.000
0.000 0.000 0.000 0.000 0.000 0.000 0.000 0.000 0.000 0.000 1579.980 2047.648 2485.412 2920.210 3362.411 3832.091 4354.772 4950.810 5627.588 6378.931 7190.843 8050.031 8949.709 9890.720 10879.175 11923.012 13028.945 14200.046 15435.048 16729.652 18079.396 19482.377 20939.135 22452.143 24027.996 25669.508 27375.896 29143.105 30962.029 32826.227 34744.281 36742.711 38894.199 42331.133 45463.113 18405.230 233.190 0.000 0.006 0.000 2.542 3.346 0.493 2.151 1.426 1.444 0.403 0.003 0.029 0.231 0.185 0.074 0.019 0.000 0.000 0.000 0.000 0.000 0.000 0.000 0.000 0.000 0.000
0.000 0.000 0.000 0.000 0.000 0.000 0.000 0.000 0.000 0.000 1580.972 2049.072 2487.496 2923.088 3366.169 3836.880 4360.899 4958.498 5636.611 6388.590 7200.435 8059.338 8959.050 9900.706 10890.415 11935.827 13043.226 14215.391 15451.094 16746.379 18097.074 19500.938 20960.756 22478.885 24056.867 25699.021 27407.148 29173.316 30987.604 32853.820 34801.953 36859.570 38996.414 42472.793 47154.066 14771.453 125.301 0.000 0.003 0.179 0.374 0.283 0.103 0.009 0.004 0.000 0.000 0.286 5.574 6.046 3.231 1.428 0.356 0.000 0.000 0.000 0.000 0.000 0.000 0.000 0.000 0.000 0.000
0.000 0.000 0.000 0.000 0.000 0.000 0.000 0.000 0.000 0.000 1578.496 2047.035 2485.894 2921.844 3365.265 3836.392 4361.000 4959.350 5638.095 6390.249 7201.759 8060.121 8959.442 9901.074 10891.193 11937.336 13045.518 14218.270 15454.333 16749.945 18101.209 19506.252 20965.523 22481.980 24061.736 25706.742 27414.098 29173.209 30979.475 32858.902 34856.523 36954.016 39037.547 42396.898 47410.883 13760.226 86.258 0.036 0.129 0.100 0.051 0.026 0.659 5.775 0.000 34.807 68.204 56.296 33.768 18.938 9.275 3.764 0.000 0.000 0.000 0.000 0.000 0.000 0.000 0.000 0.000 0.000 0.000
0.000 0.000 0.000 0.000 0.000 0.000 0.000 0.000 0.000 0.000 1568.640 2037.876 2477.415 2913.984 3357.995 3829.941 4355.748 4955.377 5634.822 6386.456 7196.278 8052.526 8950.087 9890.691 10880.583 11926.987 13035.323 14207.637 15442.651 16736.992 18087.129 19491.451 20951.184 22468.426 24047.586 25691.615 27395.066 29144.295 30953.029 32875.219 34898.188 36950.121 38962.168 42154.898 47360.223 13631.150 81.205 0.002 7.211 27.149 29.362 6.008 1.972 20.863 59.789 116.841 148.874 95.174 60.048 32.634 17.277 3.871 0.000 0.000 0.000 0.000 0.000 0.000 0.000 0.000 0.000 0.000 0.000
0.000 0.000 0.000 0.000 0.000 0.000 0.000 0.000 0.000 0.000 1545.106 2016.151 2456.573 2893.736 3338.336 3811.412 4339.131 4940.718 5620.641 6370.181 7175.838 8027.461 8921.332 9859.727 10848.805 11895.104 13002.940 14173.717 15406.274 16697.912 18045.709 19448.117 20906.914 22426.879 24008.842 25649.014 27340.508 29084.514 30923.328 32904.016 34897.641 36807.969 38712.633 41385.527 47013.180 14093.196 102.422 0.001 0.601 0.002 0.061 2.882 30.741 115.730 141.827 117.896 142.223 98.002 67.808 45.982 24.843 4.258 0.000 0.000 0.000 0.000 0.000 0.000 0.000 0.000 0.000 0.000 0.000
0.000 0.000 0.000 0.000 0.000 0.000 0.000 0.000 0.000 0.000 1498.300 1975.091 2416.870 2854.500 3299.519 3773.781 4303.547 4906.704 5585.629 6330.508 7128.955 7973.229 8861.326 9795.994 10783.055 11828.024 12933.940 14101.524 15329.944 16617.299 17961.340 19360.670 20816.596 22332.182 23906.238 25533.826 27214.258 28972.748 30873.109 32838.129 34694.523 36459.746 38447.566 40525.523 45707.320 16512.547 175.562 0.000 16.358 84.722 93.259 19.147 7.668 42.718 56.510 100.579 94.930 73.241 60.481 42.733 23.458 10.675 0.000 0.000 0.000 0.000 0.000 0.000 0.000 0.000 0.000 0.000 0.000
0.000 0.000 0.000 0.000 0.000 0.000 0.000 0.000 0.000 0.000 1415.897 1905.564 2349.927 2788.208 3233.505 3708.453 4239.313 4842.242 5517.279 6253.872 7041.480 7875.172 8754.648 9682.897 10665.137 11705.729 12806.378 13967.282 15187.950 16467.271 17803.582 19195.533 20644.016 22151.068 23713.799 25329.137 27012.512 28812.389 30716.396 32552.061 34272.637 36091.938 38360.160 40160.922 43538.254 21983.844 334.860 6.618 44.231 86.020 109.071 221.950 208.049 106.167 160.385 219.540 142.363 95.784 67.579 42.312 12.676 0.000 0.000 0.000 0.000 0.000 0.000 0.000 0.000 0.000 0.000 0.000 0.000
0.000 0.000 0.000 0.000 0.000 0.000 0.000 0.000 0.000 0.000 1276.255 1794.145 2244.403 2684.643 3130.427 3604.812 4134.206 4733.329 5400.281 6124.321 6896.981 7716.356 8583.724 9501.897 10475.360 11507.332 12598.299 13748.084 14956.563 16223.126 17546.621 18925.830 20361.100 21855.125 23407.332 25017.223 26714.947 28529.873 30330.732 32040.525 33781.094 35910.500 38400.355 40198.562 42815.230 28532.365 739.855 2.279 19.771 16.240 24.735 58.913 85.378 187.191 396.927 352.357 272.450 154.146 77.429 35.808 15.031 0.000 0.000 0.000 0.000 0.000 0.000 0.000 0.000 0.000 0.000 0.000 0.000
0.000 0.000 0.000 0.000 0.000 0.000 0.000 0.000 0.000 0.000 1050.258 1619.185 2085.270 2530.568 2977.900 3449.748 3973.198 4562.810 5215.672 5921.740 6674.718 7475.150 8325.347 9227.958 10186.631 11203.571 12278.172 13410.063 14599.430 15846.244 17149.840 18509.156 19924.574 21396.723 22926.621 24526.041 26223.449 27972.980 29662.414 31333.516 33283.035 35718.676 37950.605 39289.180 42574.023 35589.457 2123.877 0.000 0.366 0.324 0.043 0.000 13.172 0.000 13.195 122.507 272.281 162.219 59.442 14.318 0.000 0.000 0.000 0.000 0.000 0.000 0.000 0.000 0.000 0.000 0.000 0.000 0.000
0.000 0.000 0.000 0.000 0.000 0.000 0.000 0.000 0.000 0.000 744.932 1345.681 1852.713 2309.874 2760.302 3227.437 3738.691 4310.621 4941.340 5622.419 6349.153 7123.893 7949.445 8828.090 9762.613 10754.153 11801.306 12903.871 14062.580 15277.769 16549.477 17877.240 19260.348 20698.619 22199.090 23772.795 25423.090 27073.871 28697.887 30443.711 32620.207 34738.188 36004.738 37143.840 39973.125 42749.910 6612.967 21.187 0.933 0.000 0.000 4.430 105.901 1.815 0.000 76.914 195.794 85.982 33.418 14.138 0.000 0.000 0.000 0.000 0.000 0.000 0.000 0.000 0.000 0.000 0.000 0.000 0.000
0.000 0.000 0.000 0.000 0.000 0.000 0.000 0.000 0.000 0.000 0.000 962.896 1520.379 2004.849 2458.569 2918.999 3411.198 3955.076 4552.699 5199.460 5891.508 6631.644 7422.392 8265.204 9161.959 10113.398 11118.331 12176.294 13288.179 14454.930 15675.979 16949.895 18278.715 19665.260 21113.660 22627.354 24177.787 25719.541 27278.686 29055.969 30958.865 32284.330 33418.191 35772.781 38854.414 42721.371 16484.922 510.307 13.308 38.234 240.912 69.738 0.000 1.514 0.000 90.666 142.242 41.728 15.622 0.000 0.000 0.000 0.000 0.000 0.000 0.000 0.000 0.000 0.000 0.000 0.000 0.000 0.000
0.000 0.000 0.000 0.000 0.000 0.000 0.000 0.000 0.000 0.000 0.000 0.000 1069.536 1595.884 2052.925 2504.228 2970.491 3474.058 4025.134 4625.631 5271.680 5964.770 6705.952 7495.269 8334.220 9223.628 10162.033 11149.527 12187.669 13276.725 14415.921 15603.333 16837.572 18120.639 19460.775 20839.855 22210.701 23569.002 24968.029 26506.904 27972.295 29453.398 31879.586 35803.844 38619.672 39844.234 30522.836 2098.680 41.154 43.349 17.826 40.170 4.179 4.365 7.173 34.072 82.091 18.683 0.000 0.000 0.000 0.000 0.000 0.000 0.000 0.000 0.000 0.000 0.000 0.000 0.000 0.000 0.000
0.000 0.000 0.000 0.000 0.000 0.000 0.000 0.000 0.000 0.000 0.000 0.000 649.356 1074.860 1530.381 1965.429 2397.714 2847.972 3337.983 3879.733 4467.184 5094.648 5762.522 6470.080 7219.433 8013.010 8848.728 9725.898 10645.991 11607.106 12605.445 13638.485 14705.196 15808.351 16945.439 18070.770 19162.578 20250.869 21457.754 22854.189 24468.613 27084.504 30966.014 34080.188 34546.934 37193.082 36020.199 5640.120 169.883 25.320 69.282 154.694 0.000 18.488 20.207 24.721 25.306 9.811 0.000 0.000 0.000 0.000 0.000 0.000 0.000 0.000 0.000 0.000 0.000 0.000 0.000 0.000 0.000
0.000 0.000 0.000 0.000 0.000 0.000 0.000 0.000 0.000 0.000 0.000 0.000 0.000 637.800 973.458 1336.003 1705.446 2083.473 2499.170 2965.143 3474.208 4008.069 4565.131 5146.583 5759.025 6405.612 7083.117 7789.683 8522.756 9275.663 10043.071 10823.128 11615.071 12416.815 13218.251 13999.385 14788.840 15711.164 17046.555 18754.354 20797.809 23551.254 25854.469 25397.719 23744.488 26422.865 25744.684 7839.698 609.294 38.586 51.134 107.409 10.095 36.330 26.050 14.217 8.341 0.000 0.000 0.000 0.000 0.000 0.000 0.000 0.000 0.000 0.000 0.000 0.000 0.000 0.000 0.000 0.000
0.000 0.000 0.000 0.000 0.000 0.000 0.000 0.000 0.000 0.000 0.000 0.000 0.000 0.000 569.337 823.454 1074.648 1366.426 1695.473 2045.295 2411.342 2780.587 3163.022 3570.155 4006.551 4465.583 4938.927 5423.278 5915.159 6411.234 6909.233 7407.597 7905.910 8404.075 8900.716 9401.967 9943.776 10680.227 11997.993 13527.180 14817.185 15528.851 15428.444 14510.098 14064.118 16854.879 16653.498 5867.145 731.611 41.814 15.777 4.008 11.102 31.295 9.985 5.322 0.000 0.000 0.000 0.000 0.000 0.000 0.000 0.000 0.000 0.000 0.000 0.000 0.000 0.000 0.000 0.000 0.000
0.000 0.000 0.000 0.000 0.000 0.000 0.000 0.000 0.000 0.000 0.000 0.000 0.000 0.000 0.000 483.283 620.557 785.258 1037.233 1274.942 1492.410 1702.292 1939.129 2228.556 2540.938 2849.925 3152.099 3452.708 3754.457 4060.556 4363.287 4659.375 4949.438 5235.431 5520.536 5810.672 6130.894 6560.375 7233.744 7789.676 8091.989 8166.118 8109.026 7883.834 8006.348 10228.016 9920.213 3205.496 249.382 153.415 6.930 13.559 11.803 8.384 3.301 0.000 0.000 0.000 0.000 0.000 0.000 0.000 0.000 0.000 0.000 0.000 0.000 0.000 0.000 0.000 0.000 0.000 0.000
0.000 0.000 0.000 0.000 0.000 0.000 0.000 0.000 0.000 0.000 0.000 0.000 0.000 0.000 0.000 0.000 0.000 389.336 530.378 660.993 761.369 836.995 1000.794 1224.469 1453.991 1644.152 1807.013 1962.893 2134.398 2320.762 2491.754 2651.549 2803.488 2949.042 3090.554 3231.735 3382.414 3570.060 3806.381 3941.793 3991.758 3999.107 3987.405 4010.972 4203.847 5250.117 4943.036 1475.380 27.097 1.351 8.944 11.748 3.968 0.802 0.000 0.000 0.000 0.000 0.000 0.000 0.000 0.000 0.000 0.000 0.000 0.000 0.000 0.000 0.000 0.000 0.000 0.000 0.000
0.000 0.000 0.000 0.000 0.000 0.000 0.000 0.000 0.000 0.000 0.000 0.000 0.000 0.000 0.000 0.000 0.000 0.000 0.000 0.000 253.077 274.503 399.035 567.241 705.615 798.763 861.207 898.601 1004.896 1111.827 1194.520 1267.462 1334.766 1396.792 1454.174 1508.674 1562.432 1620.363 1672.026 1699.936 1710.485 1714.566 1725.394 1765.878 1873.447 2185.983 1994.550 518.627 0.000 0.553 2.225 2.587 0.000 0.000 0.000 0.000 0.000 0.000 0.000 0.000 0.000 0.000 0.000 0.000 0.000 0.000 0.000 0.000 0.000 0.000 0.000 0.000 0.000
