avaframe/data/avaParabola/Avaflow_Input/prefix_pflow0012.asc
ncols 250
nrows 100
xllcenter 997.50
yllcenter -4997.50
cellsize 20.00
NODATA_value -9999.000
[rows 33 to 65 of 100, columns 74 to 147 of 250]
0.000 0.000 0.000 0.000 0.000 0.000 0.000 0.000 0.000 0.000 0.000 0.000 0.000 0.000 0.000 0.000 0.000 0.000 0.000 0.000 0.000 0.000 913.226 1041.886 1171.255 1297.039 1426.598 1561.334 1691.493 1816.033 1937.032 2056.387 2171.046 2275.750 2371.094 2459.722 2537.823 2601.980 2658.405 2724.809 2846.176 3001.348 2910.212 2604.772 2333.919 841.932 5.818 0.318 2.853 5.259 3.717 1.725 3.341 9.475 0.000 0.000 0.000 0.000 0.000 0.000 0.000 0.000 0.000 0.000 0.000 0.000 0.000 0.000 0.000 0.000 0.000 0.000 0.000 0.000
0.000 0.000 0.000 0.000 0.000 0.000 0.000 0.000 0.000 0.000 0.000 0.000 0.000 0.000 0.000 0.000 0.000 0.000 0.000 0.000 0.000 1182.852 1359.137 1519.432 1674.008 1829.281 1988.891 2159.527 2342.009 2531.873 2722.649 2908.944 3089.772 3265.262 3435.310 3598.548 3754.545 3906.452 4059.431 4235.993 4509.955 4685.978 4415.506 4136.594 3842.569 1354.026 28.344 0.712 7.909 18.951 26.699 33.295 46.634 62.066 15.405 0.000 0.000 0.000 0.000 0.000 0.000 0.000 0.000 0.000 0.000 0.000 0.000 0.000 0.000 0.000 0.000 0.000 0.000 0.000
0.000 0.000 0.000 0.000 0.000 0.000 0.000 0.000 0.000 0.000 0.000 0.000 0.000 0.000 0.000 0.000 0.000 0.000 0.000 0.000 1410.148 1654.336 1865.710 2067.933 2269.971 2475.963 2689.643 2916.301 3161.727 3424.976 3697.201 3970.655 4245.620 4523.766 4805.444 5090.784 5379.548 5669.377 5960.277 6278.474 6717.498 6749.639 6562.791 6340.017 6188.676 2189.152 81.037 1.098 14.696 45.451 72.484 99.034 131.276 154.378 90.398 36.481 18.382 0.000 0.000 0.000 0.000 0.000 0.000 0.000 0.000 0.000 0.000 0.000 0.000 0.000 0.000 0.000 0.000 0.000
0.000 0.000 0.000 0.000 0.000 0.000 0.000 0.000 0.000 0.000 0.000 0.000 0.000 0.000 0.000 0.000 0.000 0.000 0.000 1559.682 1864.818 2132.874 2391.931 2653.920 2924.181 3206.196 3501.994 3813.856 4145.580 4498.883 4871.030 5257.857 5657.597 6071.078 6498.666 6938.085 7384.923 7833.445 8284.395 8764.629 9386.724 9379.925 9287.979 9164.773 9403.581 3396.639 222.431 149.831 22.563 83.554 151.048 208.971 267.665 293.708 218.837 128.058 65.603 36.270 0.000 0.000 0.000 0.000 0.000 0.000 0.000 0.000 0.000 0.000 0.000 0.000 0.000 0.000 0.000 0.000
0.000 0.000 0.000 0.000 0.000 0.000 0.000 0.000 0.000 0.000 0.000 0.000 0.000 0.000 0.000 0.000 0.000 0.000 1678.756 2015.515 2321.924 2623.703 2936.921 3270.283 3625.438 4002.050 4401.107 4824.558 5273.531 5747.767 6247.724 6773.336 7322.472 7893.851 8485.975 9096.339 9721.431 10357.987 11006.676 11690.762 12513.616 12500.507 12525.434 12557.408 13396.496 4979.968 367.447 2.316 35.214 121.477 266.784 368.175 443.375 449.608 379.775 272.846 166.958 88.584 45.516 0.000 0.000 0.000 0.000 0.000 0.000 0.000 0.000 0.000 0.000 0.000 0.000 0.000 0.000 0.000
0.000 0.000 0.000 0.000 0.000 0.000 0.000 0.000 0.000 0.000 0.000 0.000 0.000 0.000 0.000 0.000 0.000 1802.379 2165.854 2494.151 2818.129 3159.739 3536.080 3952.126 4403.734 4886.527 5400.402 5946.622 6525.670 7136.499 7775.225 8440.468 9132.934 9852.549 10599.379 11372.416 12170.341 12992.697 13840.981 14715.555 15656.077 15940.766 16112.470 16270.009 17851.219 6001.054 177.572 9.048 27.372 199.572 460.123 614.318 665.639 605.622 562.041 461.121 316.706 183.647 85.266 39.801 0.000 0.000 0.000 0.000 0.000 0.000 0.000 0.000 0.000 0.000 0.000 0.000 0.000 0.000
0.000 0.000 0.000 0.000 0.000 0.000 0.000 0.000 0.000 0.000 0.000 0.000 0.000 0.000 0.000 0.000 1857.779 2254.677 2620.909 2980.775 3352.008 3755.708 4204.439 4698.080 5229.628 5792.913 6387.529 7016.002 7681.010 8383.547 9121.640 9893.624 10698.668 11535.823 12403.990 13303.185 14233.948 15196.740 16193.049 17224.506 18278.289 19437.156 19880.680 20091.992 21967.035 4687.817 28.520 11.287 86.904 339.874 517.385 580.590 585.160 604.307 737.672 693.337 519.516 333.756 171.279 25.017 0.000 0.000 0.000 0.000 0.000 0.000 0.000 0.000 0.000 0.000 0.000 0.000 0.000 0.000
0.000 0.000 0.000 0.000 0.000 0.000 0.000 0.000 0.000 0.000 0.000 0.000 0.000 0.000 0.000 1823.201 2240.543 2626.133 3005.465 3392.906 3809.261 4271.182 4783.378 5340.735 5934.913 6559.921 7215.427 7905.242 8633.527 9402.608 10212.357 11061.730 11949.938 12875.664 13835.857 14829.668 15858.672 16923.852 18026.963 19168.119 20350.188 21628.529 22786.244 22920.367 22068.945 2751.495 0.772 33.052 153.159 203.064 191.927 205.814 274.955 387.083 635.810 868.725 765.036 544.462 321.916 150.577 69.545 0.000 0.000 0.000 0.000 0.000 0.000 0.000 0.000 0.000 0.000 0.000 0.000 0.000
0.000 0.000 0.000 0.000 0.000 0.000 0.000 0.000 0.000 0.000 0.000 0.000 0.000 0.000 1692.301 2137.003 2534.597 2921.319 3310.877 3720.526 4171.964 4678.125 5238.982 5846.231 6490.056 7163.974 7867.204 8603.468 9377.943 10194.832 11056.032 11961.371 12909.869 13899.501 14927.053 15990.353 17090.406 18228.469 19406.580 20624.637 21905.785 23283.990 24284.385 24991.012 20514.535 1677.761 0.000 23.439 65.365 109.979 124.040 118.636 173.958 262.580 416.846 723.128 896.701 693.670 403.436 199.031 85.005 33.270 0.000 0.000 0.000 0.000 0.000 0.000 0.000 0.000 0.000 0.000 0.000 0.000
0.000 0.000 0.000 0.000 0.000 0.000 0.000 0.000 0.000 0.000 0.000 0.000 0.000 0.000 1948.815 2364.211 2756.396 3145.995 3544.356 3971.798 4448.949 4986.364 5581.949 6225.726 6906.827 7618.096 8357.604 9128.543 9936.732 10787.772 11684.990 12629.003 13619.160 14652.487 15725.211 16835.561 17984.283 19171.891 20399.869 21674.305 23007.727 24309.842 25647.740 27191.531 16749.039 841.943 0.000 16.884 40.048 181.447 414.607 440.202 380.847 285.763 316.149 474.973 565.501 408.411 222.321 103.942 43.656 5.808 0.000 0.000 0.000 0.000 0.000 0.000 0.000 0.000 0.000 0.000 0.000 0.000
0.000 0.000 0.000 0.000 0.000 0.000 0.000 0.000 0.000 0.000 0.000 0.000 0.000 1661.591 2122.099 2525.542 2917.871 3310.942 3717.379 4158.257 4653.138 5211.324 5830.324 6499.831 7208.105 7946.544 8712.194 9507.775 10339.330 11213.376 12134.336 13103.859 14122.164 15186.448 16291.983 17436.055 18618.305 19839.689 21101.051 22418.416 23796.740 25012.277 28031.088 30540.666 11473.643 205.183 32.886 0.010 0.000 77.127 386.136 458.057 521.366 520.772 435.783 369.619 317.301 219.761 117.052 54.269 23.510 8.744 0.000 0.000 0.000 0.000 0.000 0.000 0.000 0.000 0.000 0.000 0.000 0.000
0.000 0.000 0.000 0.000 0.000 0.000 0.000 0.000 0.000 0.000 0.000 0.000 0.000 1800.971 2236.327 2636.310 3030.836 3427.891 3841.243 4291.742 4798.215 5369.634 6003.909 6690.703 7417.597 8174.885 8959.097 9772.338 10620.054 11509.278 12445.649 13431.918 14468.242 15552.411 16680.264 17847.854 19052.592 20296.525 21579.488 22919.119 24351.615 25504.820 28704.020 32533.109 6808.837 7.674 0.086 0.250 25.380 105.981 250.706 272.157 452.892 619.884 449.999 275.967 188.635 118.460 63.285 30.415 14.059 4.147 0.000 0.000 0.000 0.000 0.000 0.000 0.000 0.000 0.000 0.000 0.000 0.000
0.000 0.000 0.000 0.000 0.000 0.000 0.000 0.000 0.000 0.000 0.000 0.000 1344.743 1883.007 2308.448 2708.886 3106.189 3507.172 3926.027 4383.168 4896.987 5476.650 6120.378 6818.034 7557.015 8327.164 9123.771 9948.509 10807.040 11706.460 12652.876 13649.908 14698.396 15795.670 16935.277 18115.336 19333.758 20591.408 21886.865 23234.270 24724.977 25703.848 29201.123 30177.656 3544.205 0.000 2.114 61.804 113.680 173.613 176.178 115.457 29.004 75.824 200.079 112.307 65.070 33.813 17.141 8.760 4.330 1.148 0.100 0.000 0.000 0.000 0.000 0.000 0.000 0.000 0.000 0.000 0.000 0.000
0.000 0.000 0.000 0.000 0.000 0.000 0.000 0.000 0.000 0.000 0.000 0.000 1402.925 1927.704 2350.983 2753.193 3153.159 3557.450 3980.405 4442.143 4960.708 5545.349 6194.536 6898.563 7644.542 8422.065 9226.100 10057.906 10923.223 11829.119 12781.798 13785.322 14840.555 15945.894 17095.561 18285.941 19513.838 20780.672 22084.084 23436.635 24997.117 25780.285 29289.258 24380.645 1358.838 0.000 60.689 354.341 625.347 422.239 170.165 76.427 13.029 0.318 2.823 3.669 4.149 2.957 1.022 0.455 0.189 0.037 0.004 0.000 0.000 0.000 0.000 0.000 0.000 0.000 0.000 0.000 0.000 0.000
0.000 0.000 0.000 0.000 0.000 0.000 0.000 0.000 0.000 0.000 0.000 0.000 1425.720 1949.420 2373.267 2777.243 3179.290 3585.989 4011.782 4476.630 4998.322 5586.147 6238.651 6945.979 7695.304 8476.425 9284.332 10120.368 10990.128 11900.521 12857.669 13865.512 14925.311 16035.838 17191.166 18387.570 19621.443 20893.719 22202.066 23561.047 25181.822 25819.633 29188.928 19135.377 504.336 0.000 66.337 52.431 10.402 34.804 64.355 41.692 13.978 1.216 0.001 0.000 0.121 0.115 0.002 0.001 0.000 0.001 0.000 0.000 0.000 0.000 0.000 0.000 0.000 0.000 0.000 0.000 0.000 0.000
0.000 0.000 0.000 0.000 0.000 0.000 0.000 0.000 0.000 0.000 0.000 0.000 1433.307 1957.758 2382.458 2787.632 3190.984 3599.140 4026.643 4493.479 5017.340 5607.336 6261.813 6970.691 7721.221 8503.497 9312.938 10151.120 11023.586 11937.001 12897.244 13907.991 14970.261 16082.252 17237.969 18434.947 19670.246 20944.465 22255.594 23622.785 25276.391 25943.914 29805.463 16343.337 277.574 0.000 3.142 5.762 0.541 0.000 5.082 9.414 6.389 3.033 1.994 0.262 0.120 0.602 0.661 0.326 0.192 0.059 0.005 0.000 0.000 0.000 0.000 0.000 0.000 0.000 0.000 0.000 0.000 0.000
0.000 0.000 0.000 0.000 0.000 0.000 0.000 0.000 0.000 0.000 0.000 0.000 1434.554 1959.277 2384.396 2790.119 3194.045 3602.819 4031.053 4498.893 5024.146 5615.665 6271.339 6980.746 7731.138 8512.925 9322.144 10160.742 11034.235 11949.112 12910.996 13923.172 14985.920 16098.129 17255.238 18452.795 19688.523 20964.799 22279.688 23657.631 25326.078 26043.305 30808.395 14304.985 213.348 0.000 0.000 0.204 1.064 0.000 1.382 1.805 1.311 0.490 0.014 5.784 15.900 19.300 12.763 8.282 4.833 1.730 0.000 0.000 0.000 0.000 0.000 0.000 0.000 0.000 0.000 0.000 0.000 0.000
0.000 0.000 0.000 0.000 0.000 0.000 0.000 0.000 0.000 0.000 0.000 0.000 1432.788 1957.593 2382.968 2788.932 3193.104 3602.119 4030.616 4498.850 5024.716 5617.021 6273.345 6982.859 7732.779 8513.878 9322.583 10161.076 11034.868 11950.385 12913.146 13926.199 14989.767 16101.573 17257.469 18455.074 19691.945 20969.623 22287.904 23675.863 25338.990 26032.012 31544.490 13167.529 181.204 0.389 0.035 0.002 0.000 0.015 0.034 0.004 0.116 12.814 60.767 146.823 113.151 73.431 43.560 26.155 13.921 5.491 0.000 0.000 0.000 0.000 0.000 0.000 0.000 0.000 0.000 0.000 0.000 0.000
0.000 0.000 0.000 0.000 0.000 0.000 0.000 0.000 0.000 0.000 0.000 0.000 1422.983 1949.175 2375.194 2781.669 3186.313 3595.771 4024.777 4493.820 5020.888 5614.496 6271.516 6980.502 7728.663 8507.492 9314.360 10151.852 11025.404 11941.251 12904.616 13917.963 14981.097 16092.356 17248.104 18444.746 19680.684 20958.436 22277.785 23675.205 25315.545 26015.180 31817.990 12905.934 172.804 0.062 0.072 9.549 38.666 12.884 9.313 11.537 10.660 152.796 270.974 317.301 206.312 124.046 75.169 45.454 24.613 3.496 0.000 0.000 0.000 0.000 0.000 0.000 0.000 0.000 0.000 0.000 0.000 0.000
0.000 0.000 0.000 0.000 0.000 0.000 0.000 0.000 0.000 0.000 0.000 0.000 1392.363 1927.757 2355.636 2763.021 3168.371 3578.428 4008.185 4478.613 5007.776 5603.298 6260.658 6967.588 7711.689 8485.907 9289.310 10125.043 10998.226 11914.591 12878.698 13892.033 14953.789 16062.711 17217.486 18413.812 19649.326 20929.262 22253.795 23653.584 25232.211 25861.096 31573.896 13094.839 178.387 0.002 1.006 12.710 88.875 147.985 208.933 445.174 446.565 368.452 443.336 407.372 280.775 179.819 116.782 75.427 38.880 3.806 0.000 0.000 0.000 0.000 0.000 0.000 0.000 0.000 0.000 0.000 0.000 0.000
0.000 0.000 0.000 0.000 0.000 0.000 0.000 0.000 0.000 0.000 0.000 0.000 1316.972 1884.160 2317.569 2726.835 3133.358 3544.277 3975.007 4447.136 4978.569 5575.520 6231.591 6933.826 7670.973 8438.216 9236.578 10069.731 10942.066 11858.423 12822.454 13834.630 14893.621 15998.479 17148.148 18339.420 19572.842 20853.361 22175.070 23558.273 25062.166 25674.363 30824.785 14094.553 205.958 0.491 33.722 211.695 331.158 399.088 482.985 492.084 491.751 508.866 515.396 445.662 323.609 229.225 157.242 101.079 47.687 18.475 0.000 0.000 0.000 0.000 0.000 0.000 0.000 0.000 0.000 0.000 0.000 0.000
0.000 0.000 0.000 0.000 0.000 0.000 0.000 0.000 0.000 0.000 0.000 0.000 1180.390 1805.064 2252.246 2665.560 3074.243 3486.573 3918.344 4391.736 4924.364 5520.791 6172.736 6867.002 7593.966 8351.704 9143.168 9972.101 10841.795 11755.956 12717.275 13725.344 14778.563 15876.694 17020.270 18208.062 19438.316 20712.604 22020.518 23376.447 24800.910 25571.002 29706.035 16041.852 267.404 8.084 31.475 111.367 224.504 344.359 401.402 460.645 519.984 552.485 536.644 439.226 332.969 238.461 162.259 96.669 21.459 0.000 0.000 0.000 0.000 0.000 0.000 0.000 0.000 0.000 0.000 0.000 0.000 0.000
0.000 0.000 0.000 0.000 0.000 0.000 0.000 0.000 0.000 0.000 0.000 0.000 982.220 1672.417 2148.052 2569.697 2982.210 3396.980 3829.563 4302.684 4833.727 5425.924 6069.760 6752.436 7466.513 8212.627 8995.075 9817.590 10682.099 11591.168 12546.582 13547.313 14591.595 15680.085 16814.033 17994.205 19217.189 20477.701 21766.160 23096.082 24497.693 25579.168 28985.637 18499.838 562.454 50.448 0.451 17.872 51.551 107.124 148.043 175.103 257.940 386.507 468.296 427.770 349.653 251.336 158.504 81.292 33.225 0.000 0.000 0.000 0.000 0.000 0.000 0.000 0.000 0.000 0.000 0.000 0.000 0.000
0.000 0.000 0.000 0.000 0.000 0.000 0.000 0.000 0.000 0.000 0.000 0.000 0.000 1459.285 1989.118 2427.340 2846.256 3264.848 3697.646 4167.537 4692.301 5274.868 5905.578 6572.687 7270.953 8002.937 8773.303 9585.422 10440.353 11339.642 12284.188 13272.631 14303.452 15378.232 16499.020 17663.287 18864.365 20099.393 21371.215 22694.861 24131.199 25529.668 29071.096 21978.811 1080.335 0.000 7.960 1.214 3.193 4.616 0.540 1.328 19.164 128.538 288.332 379.070 342.436 246.273 143.950 31.100 0.000 0.000 0.000 0.000 0.000 0.000 0.000 0.000 0.000 0.000 0.000 0.000 0.000 0.000
0.000 0.000 0.000 0.000 0.000 0.000 0.000 0.000 0.000 0.000 0.000 0.000 0.000 1122.127 1752.899 2223.743 2653.152 3076.592 3508.622 3971.039 4482.820 5048.440 5659.813 6307.043 6986.085 7699.688 8452.580 9247.898 10086.050 10967.820 11893.374 12861.275 13870.429 14922.938 16019.296 17156.383 18329.076 19539.361 20803.938 22135.926 23611.068 25121.107 27951.217 27816.238 2787.222 0.000 64.642 305.598 386.394 289.304 193.033 199.129 141.563 122.054 211.305 312.887 289.421 204.435 114.217 11.579 0.000 0.000 0.000 0.000 0.000 0.000 0.000 0.000 0.000 0.000 0.000 0.000 0.000 0.000
0.000 0.000 0.000 0.000 0.000 0.000 0.000 0.000 0.000 0.000 0.000 0.000 0.000 0.000 1404.908 1940.164 2387.917 2815.635 3245.276 3694.995 4185.466 4725.253 5310.307 5932.542 6587.287 7276.118 8003.410 8772.386 9583.785 10437.302 11332.195 12267.029 13241.761 14259.500 15320.062 16417.133 17549.188 18732.633 19988.918 21301.188 22708.930 24078.830 24566.555 31837.006 6632.907 52.101 0.000 103.658 203.268 422.836 702.452 758.120 710.905 383.416 230.847 232.979 204.922 125.188 27.765 0.000 0.000 0.000 0.000 0.000 0.000 0.000 0.000 0.000 0.000 0.000 0.000 0.000 0.000 0.000
0.000 0.000 0.000 0.000 0.000 0.000 0.000 0.000 0.000 0.000 0.000 0.000 0.000 0.000 945.484 1548.390 2033.667 2464.505 2887.768 3319.173 3779.743 4284.731 4836.473 5426.939 6047.681 6698.698 7386.352 8114.973 8884.884 9693.754 10540.272 11424.277 12346.229 13307.443 14305.524 15336.706 16411.285 17556.598 18758.730 19951.023 21136.215 22253.471 22758.139 29269.264 13092.081 464.924 0.000 0.109 6.401 25.037 85.087 185.107 383.159 375.437 229.849 163.980 126.973 67.041 27.340 0.000 0.000 0.000 0.000 0.000 0.000 0.000 0.000 0.000 0.000 0.000 0.000 0.000 0.000 0.000
0.000 0.000 0.000 0.000 0.000 0.000 0.000 0.000 0.000 0.000 0.000 0.000 0.000 0.000 0.000 1025.193 1565.307 2008.239 2418.250 2825.455 3249.412 3711.916 4220.603 4764.599 5331.394 5923.966 6552.486 7221.060 7926.964 8665.448 9435.494 10238.685 11075.771 11945.744 12846.090 13778.643 14762.830 15798.937 16819.305 17748.709 18603.020 19525.096 20590.381 24972.930 20045.023 1742.074 23.648 7.332 109.094 0.000 9.611 30.591 97.419 187.979 130.028 100.986 72.639 40.267 0.000 0.000 0.000 0.000 0.000 0.000 0.000 0.000 0.000 0.000 0.000 0.000 0.000 0.000 0.000 0.000
0.000 0.000 0.000 0.000 0.000 0.000 0.000 0.000 0.000 0.000 0.000 0.000 0.000 0.000 0.000 579.630 996.576 1440.269 1830.676 2207.587 2590.921 3001.484 3446.572 3910.951 4389.044 4897.171 5446.215 6030.804 6641.378 7270.972 7921.104 8597.349 9299.141 10021.271 10761.358 11528.227 12327.681 13115.535 13826.334 14448.947 15130.062 16349.422 17742.627 20465.012 23327.318 4101.682 238.383 57.315 73.796 82.575 0.000 53.221 62.758 100.277 76.330 59.048 40.168 0.000 0.000 0.000 0.000 0.000 0.000 0.000 0.000 0.000 0.000 0.000 0.000 0.000 0.000 0.000 0.000 0.000
0.000 0.000 0.000 0.000 0.000 0.000 0.000 0.000 0.000 0.000 0.000 0.000 0.000 0.000 0.000 0.000 565.870 894.604 1210.391 1514.797 1836.830 2160.175 2493.969 2832.480 3198.353 3613.874 4059.171 4516.870 4979.174 5444.823 5924.887 6423.998 6931.298 7441.274 7954.410 8474.987 8986.048 9457.452 9892.098 10408.174 11378.794 13020.186 14231.661 15808.403 20734.076 6793.492 741.450 153.413 431.325 4.681 0.000 104.560 83.661 61.676 48.594 35.138 0.000 0.000 0.000 0.000 0.000 0.000 0.000 0.000 0.000 0.000 0.000 0.000 0.000 0.000 0.000 0.000 0.000 0.000
0.000 0.000 0.000 0.000 0.000 0.000 0.000 0.000 0.000 0.000 0.000 0.000 0.000 0.000 0.000 0.000 0.000 534.342 696.108 919.051 1149.080 1353.413 1547.750 1785.080 2094.424 2416.562 2720.685 3010.935 3300.135 3602.831 3927.678 4254.628 4573.679 4887.980 5200.584 5509.871 5807.949 6094.912 6397.085 6846.767 7773.493 8812.750 9205.984 10122.392 12823.773 5655.024 864.529 103.270 2.348 6.465 30.702 72.014 56.864 42.380 30.823 0.000 0.000 0.000 0.000 0.000 0.000 0.000 0.000 0.000 0.000 0.000 0.000 0.000 0.000 0.000 0.000 0.000 0.000 0.000
0.000 0.000 0.000 0.000 0.000 0.000 0.000 0.000 0.000 0.000 0.000 0.000 0.000 0.000 0.000 0.000 0.000 0.000 0.000 473.639 606.048 729.431 806.886 1001.175 1252.725 1473.780 1642.087 1788.532 1941.344 2138.823 2356.329 2549.462 2730.108 2904.035 3070.992 3226.921 3376.315 3534.612 3722.624 4031.016 4533.720 4862.566 4955.482 5527.828 7698.922 3313.237 399.607 681.268 5.879 23.408 56.591 51.078 33.856 24.722 0.000 0.000 0.000 0.000 0.000 0.000 0.000 0.000 0.000 0.000 0.000 0.000 0.000 0.000 0.000 0.000 0.000 0.000 0.000 0.000
0.000 0.000 0.000 0.000 0.000 0.000 0.000 0.000 0.000 0.000 0.000 0.000 0.000 0.000 0.000 0.000 0.000 0.000 0.000 0.000 0.000 305.314 357.720 487.326 634.005 750.494 817.417 867.785 904.795 1048.796 1176.209 1269.690 1353.563 1435.398 1507.025 1573.005 1657.681 1759.733 1881.887 2048.706 2253.755 2349.275 2398.590 2711.711 4073.659 1633.137 2480.812 0.394 3.012 11.429 29.082 18.191 13.375 0.000 0.000 0.000 0.000 0.000 0.000 0.000 0.000 0.000 0.000 0.000 0.000 0.000 0.000 0.000 0.000 0.000 0.000 0.000 0.000 0.000
