avaframe/data/avaParabola/Avaflow_Input/prefix_vhmax.asc
ncols 250
nrows 100
xllcenter 997.50
yllcenter -4997.50
cellsize 20.00
NODATA_value -9999.000
[rows 28 to 55 of 100, columns 63 to 125 of 250]
-9999.000 -9999.000 -9999.000 -9999.000 -9999.000 -9999.000 -9999.000 -9999.000 -9999.000 -9999.000 -9999.000 -9999.000 -9999.000 -9999.000 -9999.000 -9999.000 -9999.000 -9999.000 -9999.000 -9999.000 -9999.000 -9999.000 -9999.000 -9999.000 -9999.000 -9999.000 -9999.000 -9999.000 -9999.000 -9999.000 -9999.000 -9999.000 -9999.000 -9999.000 -9999.000 -nan -nan -nan -nan -nan -nan -nan -nan 0.535 0.442 0.353 0.242 0.503 0.548 0.600 0.611 0.615 0.627 0.626 0.637 0.739 0.978 0.814 0.561 0.250 0.584 0.426 0.234
-9999.000 -9999.000 -9999.000 -9999.000 -9999.000 -9999.000 -9999.000 -9999.000 -9999.000 -9999.000 -9999.000 -9999.000 -9999.000 -9999.000 -9999.000 -9999.000 -9999.000 -9999.000 -9999.000 -9999.000 -9999.000 -9999.000 -9999.000 -9999.000 -9999.000 -nan -nan -nan -nan -nan -nan -nan -nan -nan -nan -nan 0.607 0.592 0.594 0.596 0.610 0.642 0.662 0.677 0.715 0.617 0.611 0.710 0.729 0.734 0.647 0.628 0.831 0.870 0.746 0.687 1.123 0.793 0.742 0.622 0.145 0.602 0.597
-9999.000 -9999.000 -9999.000 -9999.000 -9999.000 -9999.000 -9999.000 -9999.000 -9999.000 -9999.000 -9999.000 -9999.000 -9999.000 -9999.000 -9999.000 -9999.000 -9999.000 -9999.000 -9999.000 -9999.000 -9999.000 -nan -nan -nan -nan -nan 0.388 0.406 0.418 0.372 0.412 0.582 0.620 0.658 0.749 0.790 0.777 0.743 0.641 0.631 0.627 0.751 0.962 0.678 0.984 0.697 0.683 0.900 1.013 1.019 1.019 0.715 1.034 1.061 0.922 0.954 0.521 0.570 0.134 0.204 0.262 0.307 0.320
-9999.000 -9999.000 -9999.000 -9999.000 -9999.000 -9999.000 -9999.000 -9999.000 -9999.000 -9999.000 -9999.000 -9999.000 -9999.000 -9999.000 -9999.000 -9999.000 -9999.000 -9999.000 -nan -nan -nan -nan 0.602 0.613 0.616 0.617 0.623 0.757 0.630 0.639 0.642 0.708 0.619 0.735 0.673 1.002 1.007 0.999 0.954 0.716 0.721 1.076 1.030 0.755 0.772 0.793 0.807 0.819 0.828 0.845 0.859 0.864 0.865 0.898 1.159 0.828 1.550 0.317 0.188 0.291 0.374 0.445 0.497
-9999.000 -9999.000 -9999.000 -9999.000 -9999.000 -9999.000 -9999.000 -9999.000 -9999.000 -9999.000 -9999.000 -9999.000 -9999.000 -9999.000 -9999.000 -9999.000 -nan -nan -nan 0.641 0.671 0.744 0.885 0.839 0.831 0.907 0.651 0.823 0.880 0.699 0.708 0.718 0.730 0.743 0.749 0.760 0.797 0.830 0.853 0.871 0.886 0.900 0.915 0.930 0.940 0.952 0.963 0.973 0.985 1.004 1.026 1.046 1.061 1.095 1.468 0.659 0.514 1.381 0.247 0.380 0.482 0.569 0.650
-9999.000 -9999.000 -9999.000 -9999.000 -9999.000 -9999.000 -9999.000 -9999.000 -9999.000 -9999.000 -9999.000 -9999.000 -9999.000 -9999.000 -nan -nan -nan 0.703 0.751 0.878 0.897 0.844 0.903 0.913 0.702 0.869 0.938 0.784 0.819 0.846 0.871 0.894 0.916 0.937 0.958 0.979 0.998 1.017 1.038 1.061 1.087 1.110 1.132 1.153 1.173 1.191 1.210 1.226 1.243 1.259 1.274 1.290 1.313 1.351 1.764 0.754 0.414 0.762 0.322 0.475 0.586 0.676 0.754
-9999.000 -9999.000 -9999.000 -9999.000 -9999.000 -9999.000 -9999.000 -9999.000 -9999.000 -9999.000 -9999.000 -9999.000 -9999.000 -nan -nan 0.692 0.735 0.785 0.863 0.748 1.021 0.984 0.744 0.794 0.839 0.878 0.915 0.953 0.988 1.025 1.069 1.110 1.149 1.186 1.222 1.255 1.287 1.317 1.346 1.373 1.399 1.424 1.447 1.469 1.491 1.512 1.534 1.558 1.582 1.609 1.638 1.667 1.694 1.720 1.970 0.698 0.377 0.584 0.408 0.569 0.679 0.772 0.855
-9999.000 -9999.000 -9999.000 -9999.000 -9999.000 -9999.000 -9999.000 -9999.000 -9999.000 -9999.000 -9999.000 -nan -nan -nan 0.733 0.790 0.901 0.891 0.964 0.961 0.799 0.861 0.920 0.979 1.035 1.096 1.162 1.225 1.285 1.341 1.396 1.448 1.497 1.544 1.589 1.631 1.672 1.710 1.746 1.781 1.815 1.846 1.876 1.906 1.935 1.963 1.992 2.018 2.048 2.074 2.104 2.133 2.163 2.191 1.887 0.862 1.257 0.657 0.459 0.630 0.720 0.752 0.854
-9999.000 -9999.000 -9999.000 -9999.000 -9999.000 -9999.000 -9999.000 -9999.000 -9999.000 -9999.000 -nan -nan 0.704 0.759 0.787 0.908 0.963 1.034 0.832 0.917 1.000 1.087 1.180 1.277 1.370 1.458 1.540 1.619 1.695 1.768 1.838 1.905 1.969 2.032 2.089 2.147 2.200 2.251 2.298 2.345 2.388 2.427 2.465 2.501 2.534 2.567 2.598 2.629 2.658 2.687 2.715 2.743 2.771 2.797 2.825 2.372 2.041 1.337 0.540 0.605 0.728 0.747 0.829
-9999.000 -9999.000 -9999.000 -9999.000 -9999.000 -9999.000 -9999.000 -9999.000 -9999.000 -nan -nan 0.694 0.754 0.828 0.910 1.022 0.832 0.939 1.065 1.198 1.330 1.469 1.608 1.737 1.857 1.970 2.078 2.181 2.278 2.376 2.470 2.559 2.644 2.724 2.798 2.869 2.936 2.998 3.056 3.110 3.160 3.206 3.250 3.290 3.329 3.364 3.397 3.430 3.461 3.490 3.519 3.547 3.575 3.602 3.627 3.653 2.867 2.643 2.209 0.629 0.703 0.803 0.890
-9999.000 -9999.000 -9999.000 -9999.000 -9999.000 -9999.000 -9999.000 -9999.000 -nan -nan 0.695 0.728 0.712 0.960 0.785 0.920 1.080 1.273 1.478 1.681 1.876 2.068 2.250 2.416 2.574 2.720 2.863 2.999 3.130 3.253 3.370 3.481 3.586 3.685 3.778 3.864 3.944 4.018 4.086 4.149 4.206 4.259 4.307 4.352 4.394 4.432 4.468 4.502 4.535 4.567 4.596 4.624 4.652 4.678 4.705 4.732 4.726 4.309 3.328 4.349 3.776 3.193 0.834
-9999.000 -9999.000 -9999.000 -9999.000 -9999.000 -9999.000 -9999.000 -nan -nan 0.626 0.724 0.794 0.962 0.822 1.005 1.266 1.577 1.905 2.222 2.507 2.770 3.021 3.250 3.464 3.660 3.847 4.026 4.194 4.353 4.502 4.644 4.778 4.904 5.022 5.132 5.234 5.328 5.413 5.490 5.561 5.625 5.683 5.735 5.782 5.825 5.864 5.901 5.935 5.968 5.998 6.026 6.052 6.077 6.100 6.130 6.197 6.584 6.629 6.341 5.751 5.097 4.187 3.298
-9999.000 -9999.000 -9999.000 -9999.000 -9999.000 -9999.000 -9999.000 -nan 0.627 0.715 0.846 0.982 0.854 1.119 1.499 2.064 2.614 3.100 3.522 3.894 4.227 4.533 4.814 5.066 5.299 5.520 5.724 5.917 6.096 6.267 6.426 6.578 6.717 6.850 6.970 7.083 7.183 7.275 7.359 7.435 7.504 7.568 7.624 7.675 7.722 7.768 7.807 7.843 7.871 7.897 8.027 8.383 8.757 9.066 8.971 8.765 8.442 8.081 7.581 6.953 6.208 5.065 3.929
-9999.000 -9999.000 -9999.000 -9999.000 -9999.000 -9999.000 -9999.000 -nan 0.629 0.783 0.952 0.854 1.180 2.004 3.107 4.030 4.736 5.310 5.811 6.218 6.590 6.907 7.204 7.463 7.709 7.927 8.135 8.323 8.499 8.666 8.820 8.967 9.103 9.231 9.351 9.462 9.561 9.655 9.743 9.830 9.908 9.975 10.035 10.081 10.320 10.652 11.007 11.288 11.290 11.360 11.306 11.157 10.968 10.727 10.413 9.992 9.503 8.953 8.345 7.571 6.741 5.820 4.777
-9999.000 -9999.000 -9999.000 -9999.000 -9999.000 -9999.000 -nan -nan 0.632 0.811 0.809 1.175 4.473 5.865 7.168 8.017 8.639 9.129 9.549 9.880 10.151 10.388 10.616 10.814 10.992 11.163 11.314 11.459 11.594 11.722 11.845 11.957 12.069 12.172 12.266 12.471 12.847 13.141 13.506 13.463 13.993 13.999 13.837 13.882 13.760 13.579 13.396 13.152 13.461 13.244 12.999 12.677 12.301 11.828 11.318 10.736 10.119 9.439 8.754 8.035 7.277 6.441 5.477
-9999.000 -9999.000 -9999.000 -9999.000 -9999.000 -9999.000 -nan 0.629 0.632 0.720 1.022 2.995 7.092 9.550 11.879 11.901 14.046 14.464 14.651 14.740 14.813 14.892 14.946 14.987 15.020 15.057 15.095 15.137 15.181 15.226 15.268 15.495 16.097 15.860 15.525 16.105 15.899 16.577 16.358 16.061 15.917 15.759 15.459 15.825 15.542 15.253 14.876 14.457 14.019 13.662 13.422 13.092 12.595 12.040 11.414 10.753 10.022 9.477 8.839 8.146 7.410 6.632 5.913
-9999.000 -9999.000 -9999.000 -9999.000 -9999.000 -9999.000 -nan 0.627 0.633 0.783 1.180 4.132 6.925 9.454 11.939 14.344 16.345 16.363 17.925 18.057 18.228 18.349 18.224 18.399 18.410 18.404 18.455 18.464 18.462 18.433 18.472 18.848 18.707 18.435 17.804 18.578 16.988 17.350 17.209 16.898 17.330 16.970 16.537 16.140 15.799 15.346 15.201 14.705 14.281 14.031 13.674 13.100 12.488 11.851 11.189 10.503 10.109 9.466 9.291 8.653 7.958 7.216 6.359
-9999.000 -9999.000 -9999.000 -9999.000 -9999.000 -9999.000 -nan 0.628 0.646 0.812 1.220 4.228 6.866 9.372 11.899 14.277 16.352 18.166 18.093 19.557 19.607 19.796 19.942 19.964 20.036 20.051 20.098 20.147 20.150 20.141 20.162 20.340 20.902 19.524 18.873 19.874 17.948 18.131 17.741 17.497 17.077 17.272 16.794 16.587 16.058 15.405 15.351 14.850 14.306 13.818 13.324 12.790 12.188 11.535 10.870 10.982 10.422 9.857 9.292 8.689 7.999 7.239 6.451
-9999.000 -9999.000 -9999.000 -9999.000 -9999.000 -9999.000 -nan 0.627 0.650 0.823 1.228 4.229 6.857 9.350 11.905 14.262 16.323 18.139 19.536 19.581 20.308 20.503 20.578 20.757 20.732 20.870 20.923 20.972 21.046 21.045 21.066 21.364 21.567 19.980 19.401 18.641 18.366 17.490 17.936 17.767 17.124 17.427 16.952 16.360 15.832 15.008 15.065 14.575 14.162 13.605 12.854 12.140 12.557 12.025 11.501 10.961 10.429 9.846 9.216 8.529 7.815 6.804 5.952
-9999.000 -9999.000 -9999.000 -9999.000 -9999.000 -9999.000 -nan 0.625 0.651 0.827 1.229 4.229 6.856 9.348 11.901 14.293 16.327 18.128 19.737 19.577 20.573 20.550 20.905 21.081 21.126 21.248 21.234 21.377 21.411 21.493 21.473 21.849 21.788 21.911 19.632 18.829 18.343 18.426 17.961 17.577 17.709 17.214 16.823 16.071 15.936 15.365 14.861 14.860 14.033 13.894 13.379 12.818 12.324 11.740 11.129 10.439 10.050 9.484 8.825 8.189 7.580 6.861 6.037
-9999.000 -9999.000 -9999.000 -9999.000 -9999.000 -9999.000 -nan 0.619 0.652 0.828 1.229 4.229 6.856 9.348 11.900 14.316 16.341 18.127 19.734 19.575 20.653 20.946 21.009 21.183 21.262 21.370 21.470 21.514 21.566 21.655 21.659 22.026 21.834 21.998 19.527 18.853 18.160 18.201 17.874 17.967 17.423 16.837 16.773 16.657 16.078 15.395 15.055 14.477 13.967 13.387 12.705 12.389 11.899 11.440 10.982 10.476 9.907 9.308 8.658 8.011 7.133 6.428 5.731
-9999.000 -9999.000 -9999.000 -9999.000 -9999.000 -9999.000 -nan 0.606 0.653 0.828 1.229 4.229 6.856 9.348 11.900 14.316 16.346 18.128 19.733 19.575 20.667 20.946 21.024 21.199 21.322 21.390 21.468 21.533 21.587 21.679 21.785 22.087 21.746 21.868 19.279 18.521 18.517 17.745 18.013 17.173 17.167 17.123 16.490 15.791 15.564 14.933 14.394 14.091 13.463 13.035 12.638 12.045 11.434 11.073 10.624 10.208 9.747 9.176 8.547 7.882 7.182 6.505 5.802
-9999.000 -9999.000 -9999.000 -9999.000 -9999.000 -9999.000 -nan 0.581 0.653 0.828 1.229 4.229 6.856 9.348 11.900 14.316 16.341 18.127 19.733 19.575 20.653 20.900 20.985 21.178 21.259 21.350 21.393 21.486 21.541 21.622 21.735 22.114 21.506 21.319 20.177 18.636 17.445 17.588 17.467 17.491 16.718 16.216 15.951 15.434 14.685 14.449 14.041 13.543 13.167 12.625 12.315 11.887 11.352 10.767 10.330 9.896 9.496 8.986 8.350 7.662 6.955 6.260 5.547
-9999.000 -9999.000 -9999.000 -9999.000 -9999.000 -9999.000 -nan 0.532 0.652 0.828 1.230 4.229 6.856 9.348 11.901 14.293 16.327 18.127 19.735 19.574 20.566 20.540 20.871 21.044 21.010 21.044 21.120 21.171 21.167 21.212 21.582 22.073 20.719 20.051 18.533 18.476 17.905 17.179 16.981 16.432 16.273 15.747 15.501 14.882 14.841 13.981 13.624 13.229 12.769 12.321 12.012 11.592 11.089 10.533 10.072 9.690 9.296 8.734 8.109 7.404 6.657 5.993 4.859
-9999.000 -9999.000 -9999.000 -9999.000 -9999.000 -9999.000 -nan 0.444 0.644 0.823 1.233 4.229 6.857 9.351 11.904 14.260 16.318 18.123 19.535 19.545 20.156 20.274 20.322 20.393 20.369 20.454 20.501 20.474 20.469 20.504 21.316 21.405 19.498 18.258 18.270 17.591 17.301 16.385 16.328 16.456 15.615 15.776 14.796 15.033 14.105 13.477 13.136 12.909 12.357 12.024 11.596 11.115 10.811 10.307 9.887 9.492 9.009 8.400 7.758 7.044 6.378 5.470 5.102
-9999.000 -9999.000 -9999.000 -9999.000 -9999.000 -9999.000 -nan 0.296 0.615 0.807 1.233 4.228 6.868 9.368 11.885 14.246 16.255 17.905 18.884 18.780 19.069 19.157 19.217 19.186 19.219 19.252 19.225 19.187 19.175 19.689 20.598 19.536 19.622 18.592 16.897 16.479 16.294 16.269 15.333 15.398 15.557 14.584 14.859 13.947 13.224 12.818 12.710 12.252 11.839 11.393 11.302 10.840 10.379 9.969 9.534 9.024 8.472 7.907 7.378 6.730 6.058 5.203 4.392
-9999.000 -9999.000 -9999.000 -9999.000 -9999.000 -9999.000 -nan -nan 0.540 0.757 1.212 4.134 6.896 9.356 11.742 13.088 15.140 16.611 16.753 16.516 16.809 16.835 16.852 16.845 16.856 16.857 16.828 16.752 17.034 17.816 19.317 18.946 18.182 16.442 16.027 15.853 15.820 15.841 14.649 14.888 13.918 14.174 13.253 13.582 12.855 12.213 12.540 11.949 11.405 11.019 10.590 10.613 10.150 9.646 9.131 8.680 8.187 7.654 7.061 6.397 5.713 5.002 4.176
-9999.000 -9999.000 -9999.000 -9999.000 -9999.000 -9999.000 -9999.000 -nan 0.525 0.689 1.108 3.065 6.223 8.027 10.065 10.060 11.406 11.444 11.715 12.087 12.098 12.255 12.495 12.701 12.806 12.986 13.143 13.145 13.322 13.446 14.014 13.943 14.162 14.145 14.201 14.269 14.427 14.556 13.464 13.710 12.894 13.108 12.426 12.747 12.106 11.565 11.963 11.458 10.937 10.482 10.101 9.712 9.790 9.311 8.812 8.284 7.761 7.216 6.629 5.976 5.243 4.462 3.621
