avaframe/data/avaParabola/Avaflow_Input/prefix_tflow10011.asc
ncols 250
nrows 100
xllcenter 997.50
yllcenter -4997.50
cellsize 20.00
NODATA_value -9999.000
[rows 33 to 65 of 100, columns 75 to 149 of 250]
0.000 0.000 0.000 0.000 0.000 0.000 0.000 0.000 0.000 0.000 0.000 0.000 0.000 0.000 0.000 0.000 0.000 0.000 0.000 0.000 1.017 1.368 1.647 1.966 2.397 2.891 3.485 4.029 4.514 4.977 5.445 5.911 6.315 6.657 6.925 7.140 7.360 7.651 8.095 8.559 8.850 7.905 6.911 6.587 4.104 0.098 0.000 0.001 0.002 0.002 0.001 0.001 0.000 0.000 0.000 0.000 0.000 0.000 0.000 0.000 0.000 0.000 0.000 0.000 0.000 0.000 0.000 0.000 0.000 0.000 0.000 0.000 0.000 0.000 0.000
0.000 0.000 0.000 0.000 0.000 0.000 0.000 0.000 0.000 0.000 0.000 0.000 0.000 0.000 0.000 0.000 0.000 0.000 1.230 1.849 2.367 2.959 3.589 4.274 5.043 5.943 7.016 8.214 9.451 10.683 11.911 13.139 14.357 15.556 16.741 17.941 19.197 20.681 22.813 25.243 24.980 23.518 21.773 21.647 15.573 1.194 0.001 0.013 0.037 0.053 0.059 0.056 0.033 0.015 0.000 0.000 0.000 0.000 0.000 0.000 0.000 0.000 0.000 0.000 0.000 0.000 0.000 0.000 0.000 0.000 0.000 0.000 0.000 0.000 0.000
0.000 0.000 0.000 0.000 0.000 0.000 0.000 0.000 0.000 0.000 0.000 0.000 0.000 0.000 0.000 0.000 0.000 1.516 2.652 3.767 4.847 5.966 7.186 8.543 10.067 11.805 13.813 16.151 18.754 21.545 24.512 27.663 30.987 34.473 38.126 41.946 45.940 50.502 56.712 62.016 63.176 62.173 60.081 62.054 52.075 9.403 0.000 0.069 0.248 0.395 0.467 0.472 0.341 0.151 0.042 0.000 0.000 0.000 0.000 0.000 0.000 0.000 0.000 0.000 0.000 0.000 0.000 0.000 0.000 0.000 0.000 0.000 0.000 0.000 0.000
0.000 0.000 0.000 0.000 0.000 0.000 0.000 0.000 0.000 0.000 0.000 0.000 0.000 0.000 0.000 0.000 1.845 3.212 4.944 6.658 8.493 10.532 12.832 15.443 18.424 21.833 25.736 30.204 35.290 40.995 47.340 54.341 61.954 70.086 78.689 87.750 97.386 108.452 123.092 133.538 141.064 144.754 145.930 153.696 151.764 40.805 0.000 0.275 1.098 2.026 2.488 2.621 2.048 0.906 0.278 0.021 0.000 0.000 0.000 0.000 0.000 0.000 0.000 0.000 0.000 0.000 0.000 0.000 0.000 0.000 0.000 0.000 0.000 0.000 0.000
0.000 0.000 0.000 0.000 0.000 0.000 0.000 0.000 0.000 0.000 0.000 0.000 0.000 0.000 0.000 1.991 3.864 5.901 8.151 10.655 13.548 16.932 20.902 25.547 30.966 37.249 44.483 52.759 62.181 72.855 84.874 98.302 113.129 129.285 146.786 165.707 186.285 209.769 238.811 258.728 281.134 300.228 315.695 334.000 377.876 133.602 0.411 0.874 4.183 8.442 10.925 11.670 9.259 4.092 1.440 0.384 0.027 0.000 0.000 0.000 0.000 0.000 0.000 0.000 0.000 0.000 0.000 0.000 0.000 0.000 0.000 0.000 0.000 0.000 0.000
0.000 0.000 0.000 0.000 0.000 0.000 0.000 0.000 0.000 0.000 0.000 0.000 0.000 0.000 2.389 4.435 6.950 9.625 12.656 16.272 20.648 25.945 32.309 39.901 48.910 59.514 71.853 86.061 102.279 120.655 141.370 164.627 190.587 219.375 251.123 286.088 324.595 367.477 418.069 457.611 504.561 554.209 601.756 639.263 788.393 286.994 1.104 1.479 9.190 35.375 55.726 60.555 40.626 15.346 5.556 1.820 0.471 0.044 0.000 0.000 0.000 0.000 0.000 0.000 0.000 0.000 0.000 0.000 0.000 0.000 0.000 0.000 0.000 0.000 0.000
0.000 0.000 0.000 0.000 0.000 0.000 0.000 0.000 0.000 0.000 0.000 0.000 0.000 2.572 5.092 8.019 11.156 14.719 18.975 24.216 30.702 38.609 48.121 59.486 72.999 88.968 107.638 129.217 153.920 181.960 213.589 249.136 288.968 333.457 382.993 437.909 498.594 565.567 639.876 725.645 803.535 883.044 967.940 1029.620 1307.219 319.068 0.000 5.704 43.915 81.424 39.673 28.417 74.182 67.920 18.194 6.168 1.872 0.492 0.078 0.000 0.000 0.000 0.000 0.000 0.000 0.000 0.000 0.000 0.000 0.000 0.000 0.000 0.000 0.000 0.000
0.000 0.000 0.000 0.000 0.000 0.000 0.000 0.000 0.000 0.000 0.000 0.000 2.440 5.255 8.420 11.903 15.901 20.681 26.555 33.868 42.908 53.874 66.930 82.326 100.448 121.719 146.524 175.187 208.024 245.363 287.538 334.936 387.991 447.193 513.125 586.396 667.566 757.134 855.615 963.436 1086.551 1192.969 1304.172 1413.448 1670.109 225.859 0.000 36.378 161.352 0.046 0.000 1.661 26.625 78.073 62.979 17.892 5.426 1.413 0.208 0.021 0.000 0.000 0.000 0.000 0.000 0.000 0.000 0.000 0.000 0.000 0.000 0.000 0.000 0.000 0.000
0.000 0.000 0.000 0.000 0.000 0.000 0.000 0.000 0.000 0.000 0.000 2.064 4.794 8.043 11.579 15.633 20.457 26.396 33.864 43.220 54.710 68.500 84.766 103.791 125.996 151.891 181.978 216.721 256.553 301.875 353.070 410.566 474.855 546.514 626.266 714.858 813.030 921.385 1040.389 1170.124 1312.818 1468.330 1594.023 1849.035 1686.366 85.947 0.000 8.396 105.936 13.123 5.695 0.000 0.000 68.156 185.087 44.496 12.503 3.000 0.526 0.025 0.000 0.000 0.000 0.000 0.000 0.000 0.000 0.000 0.000 0.000 0.000 0.000 0.000 0.000 0.000
0.000 0.000 0.000 0.000 0.000 0.000 0.000 0.000 0.000 0.000 0.000 3.750 7.008 10.435 14.330 18.897 24.424 31.356 40.169 51.236 64.786 80.958 99.917 121.951 147.512 177.173 211.537 251.175 296.609 348.302 406.657 472.080 545.161 626.562 717.078 817.582 928.881 1051.691 1186.429 1333.587 1497.060 1670.480 1831.860 2271.327 1430.669 8.177 3.935 34.190 172.654 0.000 0.000 0.000 408.409 11.776 262.785 56.805 13.329 2.764 0.501 0.071 0.007 0.000 0.000 0.000 0.000 0.000 0.000 0.000 0.000 0.000 0.000 0.000 0.000 0.000 0.000
0.000 0.000 0.000 0.000 0.000 0.000 0.000 0.000 0.000 0.000 2.223 5.392 8.695 12.346 16.564 21.547 27.646 35.367 45.226 57.619 72.777 90.822 111.899 136.283 164.433 196.963 234.556 277.872 327.514 383.985 447.714 519.116 598.710 687.250 785.660 894.862 1015.727 1149.030 1295.324 1456.543 1637.178 1808.453 2002.837 2577.106 927.712 0.000 19.408 229.189 392.458 600.717 685.139 408.649 0.000 0.000 199.079 45.280 9.980 1.991 0.358 0.050 0.005 0.000 0.000 0.000 0.000 0.000 0.000 0.000 0.000 0.000 0.000 0.000 0.000 0.000 0.000
0.000 0.000 0.000 0.000 0.000 0.000 0.000 0.000 0.000 0.000 3.301 6.539 9.931 13.784 18.264 23.576 30.114 38.421 49.043 62.398 78.734 98.167 120.819 146.943 176.990 211.594 251.490 297.419 350.046 409.933 477.521 553.178 637.457 731.134 835.084 950.345 1077.897 1218.581 1373.290 1544.379 1732.379 1904.240 2095.444 2710.498 383.542 0.000 0.001 8.036 3.530 0.000 2.906 188.859 427.413 290.466 132.494 30.164 6.057 1.213 0.225 0.033 0.003 0.000 0.000 0.000 0.000 0.000 0.000 0.000 0.000 0.000 0.000 0.000 0.000 0.000 0.000
0.000 0.000 0.000 0.000 0.000 0.000 0.000 0.000 0.000 1.391 4.060 7.293 10.785 14.802 19.483 25.045 31.905 40.623 51.768 65.784 82.932 103.331 127.089 154.438 185.814 221.855 263.333 311.041 365.702 427.883 498.027 576.593 664.059 761.136 868.776 988.040 1120.015 1265.654 1426.651 1603.797 1788.686 2039.380 2286.175 2597.408 138.188 0.000 18.965 45.701 42.382 15.946 6.143 0.122 9.223 63.368 36.212 5.664 1.395 0.304 0.066 0.010 0.001 0.000 0.000 0.000 0.000 0.000 0.000 0.000 0.000 0.000 0.000 0.000 0.000 0.000 0.000
0.000 0.000 0.000 0.000 0.000 0.000 0.000 0.000 0.000 1.662 4.519 7.757 11.334 15.474 20.302 26.043 33.126 42.120 53.606 68.047 85.718 106.744 131.223 159.373 191.623 228.612 271.124 319.980 375.940 439.622 511.482 591.882 681.386 780.728 890.785 1012.664 1147.556 1296.511 1461.820 1643.574 1825.820 2140.184 2579.229 2071.276 33.530 14.255 76.718 170.052 181.261 133.139 54.970 18.377 0.523 0.000 0.000 0.089 0.132 0.033 0.006 0.000 0.000 0.000 0.000 0.000 0.000 0.000 0.000 0.000 0.000 0.000 0.000 0.000 0.000 0.000 0.000
0.000 0.000 0.000 0.000 0.000 0.000 0.000 0.000 0.000 1.849 4.752 8.016 11.656 15.877 20.803 26.665 33.894 43.064 54.762 69.459 87.439 108.832 133.737 162.372 195.161 232.743 275.901 325.468 382.220 446.794 519.684 601.312 692.172 792.951 904.571 1028.161 1164.997 1316.177 1483.706 1667.886 1855.460 2159.686 2751.026 1599.075 2.614 0.112 14.944 103.930 80.514 91.983 55.453 15.796 0.589 0.411 0.355 0.003 0.001 0.000 0.000 0.000 0.000 0.000 0.000 0.000 0.000 0.000 0.000 0.000 0.000 0.000 0.000 0.000 0.000 0.000 0.000
0.000 0.000 0.000 0.000 0.000 0.000 0.000 0.000 0.000 1.894 4.845 8.138 11.816 16.085 21.068 27.001 34.319 43.595 55.419 70.259 88.402 109.981 135.103 163.994 197.087 235.017 278.562 328.551 385.762 450.842 524.283 606.490 698.000 799.569 912.069 1036.647 1174.617 1326.976 1495.206 1679.626 1869.161 2188.720 2869.177 1187.801 1.874 1.775 8.737 8.265 0.024 3.243 8.534 6.168 1.582 0.031 0.000 0.012 0.005 0.000 0.006 0.001 0.000 0.000 0.000 0.000 0.000 0.000 0.000 0.000 0.000 0.000 0.000 0.000 0.000 0.000 0.000
0.000 0.000 0.000 0.000 0.000 0.000 0.000 0.000 0.000 1.906 4.873 8.179 11.874 16.164 21.173 27.140 34.503 43.838 55.731 70.644 88.856 110.503 135.701 164.692 197.917 236.015 279.758 329.959 387.388 452.690 526.386 608.917 700.721 802.559 915.464 1040.592 1179.135 1331.964 1500.135 1683.991 1873.960 2201.866 2906.813 894.304 1.761 2.203 0.010 0.317 0.971 0.099 0.158 0.159 0.000 0.111 0.000 2.564 1.187 0.389 0.098 0.021 0.001 0.000 0.000 0.000 0.000 0.000 0.000 0.000 0.000 0.000 0.000 0.000 0.000 0.000 0.000
0.000 0.000 0.000 0.000 0.000 0.000 0.000 0.000 0.000 1.905 4.872 8.179 11.877 16.174 21.191 27.168 34.547 43.906 55.830 70.775 89.008 110.664 135.865 164.868 198.125 236.279 280.099 330.388 387.900 453.275 527.034 609.627 701.565 803.604 916.748 1042.215 1181.031 1333.615 1501.133 1685.075 1876.758 2206.234 2907.733 793.615 0.024 0.009 0.000 0.015 0.000 0.116 0.215 4.987 7.387 7.172 49.667 18.378 5.003 1.272 0.272 0.041 0.001 0.000 0.000 0.000 0.000 0.000 0.000 0.000 0.000 0.000 0.000 0.000 0.000 0.000 0.000
0.000 0.000 0.000 0.000 0.000 0.000 0.000 0.000 0.000 1.890 4.842 8.142 11.836 16.129 21.145 27.123 34.509 43.879 55.815 70.762 88.977 110.595 135.751 164.715 197.949 236.098 279.927 330.223 387.722 453.061 526.776 609.353 701.275 803.248 916.443 1042.062 1180.819 1332.664 1499.404 1684.326 1877.422 2210.303 2908.032 759.984 0.016 0.003 0.036 0.000 10.946 7.114 0.288 19.062 179.752 209.081 83.741 25.488 7.031 1.766 0.385 0.053 0.004 0.000 0.000 0.000 0.000 0.000 0.000 0.000 0.000 0.000 0.000 0.000 0.000 0.000 0.000
0.000 0.000 0.000 0.000 0.000 0.000 0.000 0.000 0.000 1.844 4.756 8.033 11.710 15.988 20.989 26.958 34.343 43.721 55.657 70.574 88.714 110.215 135.237 164.078 197.213 235.290 279.057 329.270 386.639 451.795 525.293 607.656 699.496 801.461 914.585 1039.951 1177.859 1328.727 1496.018 1682.979 1879.850 2213.492 2903.054 780.966 0.724 0.832 0.179 7.913 1.637 0.592 11.863 336.071 336.171 177.760 75.383 25.543 7.693 2.018 0.449 0.069 0.000 0.000 0.000 0.000 0.000 0.000 0.000 0.000 0.000 0.000 0.000 0.000 0.000 0.000 0.000
0.000 0.000 0.000 0.000 0.000 0.000 0.000 0.000 0.000 1.731 4.568 7.807 11.446 15.686 20.651 26.588 33.950 43.309 55.207 70.030 87.997 109.258 134.015 162.605 195.522 233.411 276.992 326.981 384.048 448.823 521.887 603.810 695.196 796.771 909.425 1033.894 1170.458 1320.837 1490.077 1678.934 1876.323 2216.756 2895.770 878.878 0.000 1.161 31.010 173.038 252.457 193.408 193.796 185.996 170.152 137.080 59.588 19.621 5.813 1.553 0.345 0.058 0.000 0.000 0.000 0.000 0.000 0.000 0.000 0.000 0.000 0.000 0.000 0.000 0.000 0.000 0.000
0.000 0.000 0.000 0.000 0.000 0.000 0.000 0.000 0.000 1.443 4.197 7.405 10.984 15.157 20.051 25.918 33.211 42.493 54.269 68.883 86.530 107.382 131.696 159.853 192.362 229.854 273.015 322.509 378.970 443.027 515.290 596.347 686.854 787.543 898.969 1021.687 1156.838 1308.182 1477.884 1666.160 1860.380 2204.049 2827.144 1060.072 0.058 5.008 138.495 270.381 521.080 819.718 651.939 329.969 194.489 129.580 54.164 16.962 4.592 1.057 0.190 0.026 0.000 0.000 0.000 0.000 0.000 0.000 0.000 0.000 0.000 0.000 0.000 0.000 0.000 0.000 0.000
0.000 0.000 0.000 0.000 0.000 0.000 0.000 0.000 0.000 1.055 3.559 6.757 10.255 14.322 19.102 24.840 31.987 41.087 52.608 66.847 83.980 104.209 127.853 155.333 187.161 223.944 266.330 314.931 370.341 433.188 504.111 583.734 672.708 771.670 881.223 1001.993 1136.338 1288.139 1454.814 1635.537 1830.060 2041.795 2695.674 1443.924 14.815 0.002 26.119 39.322 72.551 118.455 134.527 135.301 134.354 112.541 50.768 14.989 3.690 0.725 0.053 0.000 0.000 0.000 0.000 0.000 0.000 0.000 0.000 0.000 0.000 0.000 0.000 0.000 0.000 0.000 0.000
0.000 0.000 0.000 0.000 0.000 0.000 0.000 0.000 0.000 0.000 2.628 5.788 9.183 13.099 17.709 23.239 30.123 38.886 49.957 63.596 79.973 99.320 122.002 148.477 179.249 214.892 256.010 303.165 356.924 417.910 486.772 564.138 650.597 746.751 853.341 971.604 1104.534 1252.848 1413.857 1583.695 1775.963 1937.029 2517.719 2029.377 34.452 0.335 0.002 0.000 3.097 2.218 0.179 3.564 21.111 46.762 36.204 10.425 2.285 0.368 0.043 0.000 0.000 0.000 0.000 0.000 0.000 0.000 0.000 0.000 0.000 0.000 0.000 0.000 0.000 0.000 0.000
0.000 0.000 0.000 0.000 0.000 0.000 0.000 0.000 0.000 0.000 1.504 4.437 7.709 11.415 15.780 21.000 27.469 35.682 46.045 58.799 74.117 92.254 113.601 138.627 167.819 201.709 240.860 285.785 337.022 395.187 460.925 534.845 617.489 709.460 811.733 926.035 1054.323 1195.667 1347.243 1510.742 1695.520 1869.248 2259.931 2455.378 177.827 0.000 3.406 10.834 1.001 0.000 0.000 0.000 6.980 17.511 14.120 4.511 0.940 0.076 0.000 0.000 0.000 0.000 0.000 0.000 0.000 0.000 0.000 0.000 0.000 0.000 0.000 0.000 0.000 0.000 0.000
0.000 0.000 0.000 0.000 0.000 0.000 0.000 0.000 0.000 0.000 0.000 2.724 5.816 9.242 13.256 18.040 23.909 31.317 40.658 52.185 66.087 82.620 102.163 125.168 152.097 183.431 219.670 261.302 308.826 362.835 423.951 492.768 569.822 655.750 751.770 859.403 978.675 1108.838 1248.508 1399.651 1563.787 1737.135 2035.478 2531.652 589.984 0.000 0.000 0.000 0.087 0.000 89.890 34.906 27.533 11.506 4.312 1.513 0.304 0.036 0.000 0.000 0.000 0.000 0.000 0.000 0.000 0.000 0.000 0.000 0.000 0.000 0.000 0.000 0.000 0.000 0.000
0.000 0.000 0.000 0.000 0.000 0.000 0.000 0.000 0.000 0.000 0.000 1.184 3.583 6.647 10.168 14.353 19.421 25.750 33.740 43.674 55.759 70.219 87.383 107.655 131.448 159.204 191.368 228.352 270.623 318.723 373.190 434.511 503.202 580.087 666.447 762.067 866.084 977.607 1097.035 1222.038 1358.807 1529.931 1738.931 2335.849 1230.359 36.998 11.240 20.767 111.596 101.066 84.776 19.243 4.910 4.848 1.396 0.428 0.081 0.000 0.000 0.000 0.000 0.000 0.000 0.000 0.000 0.000 0.000 0.000 0.000 0.000 0.000 0.000 0.000 0.000 0.000
0.000 0.000 0.000 0.000 0.000 0.000 0.000 0.000 0.000 0.000 0.000 0.000 1.564 3.827 6.715 10.099 14.172 19.188 25.537 33.547 43.404 55.261 69.346 86.015 105.643 128.584 155.209 185.854 220.885 260.729 305.776 356.363 412.935 476.234 546.562 622.599 702.732 786.872 878.886 982.224 1121.129 1304.365 1489.225 1912.119 1808.846 249.181 11.624 66.277 85.898 275.822 102.397 1.980 1.627 1.320 0.354 0.045 0.000 0.000 0.000 0.000 0.000 0.000 0.000 0.000 0.000 0.000 0.000 0.000 0.000 0.000 0.000 0.000 0.000 0.000 0.000
0.000 0.000 0.000 0.000 0.000 0.000 0.000 0.000 0.000 0.000 0.000 0.000 0.558 1.540 3.386 5.779 8.664 12.219 16.792 22.639 29.853 38.514 48.769 60.941 75.360 92.242 111.798 134.220 159.721 188.555 220.900 256.880 296.743 340.778 388.275 438.051 489.408 546.939 622.935 724.958 874.815 1040.506 1186.692 1446.843 1824.941 453.111 9.168 24.052 45.911 2.939 2.016 1.802 0.956 0.289 0.030 0.000 0.000 0.000 0.000 0.000 0.000 0.000 0.000 0.000 0.000 0.000 0.000 0.000 0.000 0.000 0.000 0.000 0.000 0.000 0.000
0.000 0.000 0.000 0.000 0.000 0.000 0.000 0.000 0.000 0.000 0.000 0.000 0.000 0.559 1.241 2.510 4.175 6.268 8.994 12.479 16.760 21.831 27.893 35.235 43.975 54.153 65.784 78.916 93.668 110.094 128.160 147.850 169.199 192.172 216.717 242.434 270.210 309.008 372.808 460.258 559.363 645.180 694.451 821.444 918.516 328.480 3.567 0.029 0.201 0.791 1.157 0.950 0.288 0.052 0.011 0.000 0.000 0.000 0.000 0.000 0.000 0.000 0.000 0.000 0.000 0.000 0.000 0.000 0.000 0.000 0.000 0.000 0.000 0.000 0.000
0.000 0.000 0.000 0.000 0.000 0.000 0.000 0.000 0.000 0.000 0.000 0.000 0.000 0.000 0.454 0.875 1.539 2.566 3.868 5.419 7.248 9.558 12.594 16.271 20.540 25.356 30.727 36.755 43.516 50.879 58.775 67.158 76.034 85.428 95.312 105.844 118.199 137.150 167.548 207.678 243.750 264.903 269.028 325.890 319.350 106.672 0.283 0.180 0.269 0.381 0.376 0.269 0.026 0.010 0.000 0.000 0.000 0.000 0.000 0.000 0.000 0.000 0.000 0.000 0.000 0.000 0.000 0.000 0.000 0.000 0.000 0.000 0.000 0.000 0.000
0.000 0.000 0.000 0.000 0.000 0.000 0.000 0.000 0.000 0.000 0.000 0.000 0.000 0.000 0.000 0.000 0.449 0.762 1.240 1.761 2.262 3.173 4.505 6.166 7.881 9.634 11.570 13.883 16.469 19.221 22.074 25.012 28.048 31.208 34.524 38.104 42.376 48.934 57.694 67.059 73.370 74.737 76.313 104.492 95.224 32.952 0.153 0.086 0.148 0.170 0.114 0.027 0.000 0.000 0.000 0.000 0.000 0.000 0.000 0.000 0.000 0.000 0.000 0.000 0.000 0.000 0.000 0.000 0.000 0.000 0.000 0.000 0.000 0.000 0.000
0.000 0.000 0.000 0.000 0.000 0.000 0.000 0.000 0.000 0.000 0.000 0.000 0.000 0.000 0.000 0.000 0.000 0.000 0.000 0.327 0.455 0.735 1.196 1.780 2.280 2.694 3.109 3.899 4.687 5.488 6.272 7.050 7.831 8.627 9.455 10.320 11.288 12.697 14.444 15.779 16.441 16.717 17.652 24.057 21.651 5.555 0.000 0.027 0.058 0.051 0.022 0.000 0.000 0.000 0.000 0.000 0.000 0.000 0.000 0.000 0.000 0.000 0.000 0.000 0.000 0.000 0.000 0.000 0.000 0.000 0.000 0.000 0.000 0.000 0.000
