avaframe/data/avaParabola/Avaflow_Input/prefix_hflow10015.asc
ncols 250
nrows 100
xllcenter 997.50
yllcenter -4997.50
cellsize 20.00
NODATA_value -9999.000
[rows 34 to 67 of 100, columns 77 to 153 of 250]
0.000 0.001 0.001 0.001 0.000 0.000 0.000 0.000 0.000 0.000 0.000 0.000 0.000 0.000 0.000 0.000 0.000 0.000 0.000 0.000 0.001 0.001 0.001 0.001 0.002 0.002 0.002 0.003 0.003 0.003 0.003 0.004 0.004 0.004 0.004 0.004 0.005 0.005 0.005 0.005 0.006 0.010 0.020 0.021 0.019 0.016 0.014 0.012 0.011 0.009 0.006 0.004 0.002 0.001 0.000 0.000 0.000 0.000 0.000 0.000 0.000 0.000 0.000 0.000 0.000 0.000 0.000 0.000 0.000 0.000 0.000 0.000 0.000 0.000 0.000 0.000 0.000
0.001 0.001 0.000 0.000 0.000 0.000 0.000 0.000 0.000 0.000 0.000 0.000 0.000 0.000 0.000 0.000 0.000 0.000 0.000 0.001 0.001 0.001 0.001 0.002 0.002 0.003 0.003 0.004 0.004 0.004 0.005 0.005 0.005 0.006 0.006 0.006 0.007 0.007 0.007 0.008 0.008 0.016 0.034 0.038 0.035 0.031 0.028 0.025 0.022 0.018 0.013 0.008 0.005 0.002 0.001 0.000 0.000 0.000 0.000 0.000 0.000 0.000 0.000 0.000 0.000 0.000 0.000 0.000 0.000 0.000 0.000 0.000 0.000 0.000 0.000 0.000 0.000
0.001 0.000 0.000 0.000 0.000 0.000 0.000 0.000 0.000 0.000 0.000 0.000 0.000 0.000 0.000 0.000 0.000 0.000 0.001 0.001 0.001 0.002 0.002 0.003 0.003 0.004 0.004 0.005 0.005 0.005 0.006 0.006 0.007 0.007 0.008 0.008 0.009 0.009 0.010 0.010 0.011 0.025 0.058 0.064 0.061 0.057 0.053 0.049 0.043 0.036 0.027 0.017 0.010 0.005 0.003 0.001 0.000 0.000 0.000 0.000 0.000 0.000 0.000 0.000 0.000 0.000 0.000 0.000 0.000 0.000 0.000 0.000 0.000 0.000 0.000 0.000 0.000
0.000 0.000 0.000 0.000 0.000 0.000 0.000 0.000 0.000 0.000 0.000 0.000 0.000 0.000 0.000 0.000 0.000 0.001 0.001 0.001 0.002 0.003 0.003 0.004 0.004 0.005 0.005 0.006 0.006 0.007 0.007 0.008 0.009 0.009 0.010 0.011 0.011 0.012 0.013 0.014 0.015 0.039 0.092 0.102 0.101 0.098 0.094 0.088 0.080 0.068 0.052 0.034 0.020 0.011 0.006 0.003 0.001 0.000 0.000 0.000 0.000 0.000 0.000 0.000 0.000 0.000 0.000 0.000 0.000 0.000 0.000 0.000 0.000 0.000 0.000 0.000 0.000
0.000 0.000 0.000 0.000 0.000 0.000 0.000 0.000 0.000 0.000 0.000 0.000 0.000 0.000 0.000 0.000 0.001 0.001 0.001 0.002 0.003 0.004 0.004 0.005 0.005 0.006 0.006 0.007 0.008 0.008 0.009 0.010 0.011 0.012 0.012 0.013 0.014 0.015 0.016 0.017 0.019 0.060 0.136 0.153 0.157 0.157 0.155 0.150 0.140 0.121 0.095 0.063 0.038 0.022 0.011 0.006 0.002 0.001 0.000 0.000 0.000 0.000 0.000 0.000 0.000 0.000 0.000 0.000 0.000 0.000 0.000 0.000 0.000 0.000 0.000 0.000 0.000
0.000 0.000 0.000 0.000 0.000 0.000 0.000 0.000 0.000 0.000 0.000 0.000 0.000 0.000 0.000 0.001 0.001 0.001 0.002 0.003 0.004 0.004 0.005 0.006 0.006 0.007 0.008 0.008 0.009 0.010 0.011 0.012 0.013 0.014 0.015 0.016 0.017 0.018 0.020 0.021 0.025 0.089 0.185 0.216 0.232 0.240 0.244 0.242 0.232 0.206 0.165 0.112 0.069 0.039 0.021 0.010 0.005 0.002 0.001 0.000 0.000 0.000 0.000 0.000 0.000 0.000 0.000 0.000 0.000 0.000 0.000 0.000 0.000 0.000 0.000 0.000 0.000
0.000 0.000 0.000 0.000 0.000 0.000 0.000 0.000 0.000 0.000 0.000 0.000 0.000 0.000 0.000 0.001 0.001 0.001 0.003 0.004 0.004 0.005 0.006 0.006 0.007 0.008 0.009 0.009 0.010 0.011 0.012 0.013 0.015 0.016 0.017 0.018 0.019 0.021 0.022 0.023 0.032 0.123 0.234 0.289 0.326 0.351 0.366 0.369 0.361 0.329 0.268 0.189 0.118 0.068 0.036 0.018 0.009 0.004 0.001 0.000 0.000 0.000 0.000 0.000 0.000 0.000 0.000 0.000 0.000 0.000 0.000 0.000 0.000 0.000 0.000 0.000 0.000
0.000 0.000 0.000 0.000 0.000 0.000 0.000 0.000 0.000 0.000 0.000 0.000 0.000 0.000 0.000 0.001 0.001 0.002 0.004 0.004 0.005 0.006 0.006 0.007 0.008 0.009 0.010 0.010 0.011 0.013 0.014 0.015 0.016 0.017 0.019 0.020 0.021 0.023 0.024 0.025 0.043 0.160 0.286 0.372 0.438 0.489 0.520 0.531 0.526 0.490 0.412 0.303 0.191 0.111 0.060 0.031 0.015 0.007 0.003 0.001 0.000 0.000 0.000 0.000 0.000 0.000 0.000 0.000 0.000 0.000 0.000 0.000 0.000 0.000 0.000 0.000 0.000
0.000 0.000 0.000 0.000 0.000 0.000 0.000 0.000 0.000 0.000 0.000 0.000 0.000 0.000 0.001 0.001 0.002 0.003 0.004 0.005 0.006 0.006 0.007 0.008 0.008 0.009 0.010 0.011 0.012 0.013 0.015 0.016 0.017 0.018 0.020 0.021 0.023 0.024 0.026 0.027 0.058 0.171 0.377 0.467 0.564 0.636 0.687 0.709 0.707 0.675 0.591 0.454 0.291 0.171 0.094 0.048 0.023 0.011 0.004 0.002 0.000 0.000 0.000 0.000 0.000 0.000 0.000 0.000 0.000 0.000 0.000 0.000 0.000 0.000 0.000 0.000 0.000
0.000 0.000 0.000 0.000 0.000 0.000 0.000 0.000 0.000 0.000 0.000 0.000 0.000 0.001 0.001 0.001 0.002 0.004 0.005 0.005 0.006 0.007 0.007 0.008 0.009 0.010 0.011 0.012 0.013 0.014 0.015 0.017 0.018 0.019 0.021 0.022 0.024 0.025 0.027 0.027 0.078 0.218 0.440 0.558 0.685 0.786 0.850 0.871 0.869 0.836 0.749 0.591 0.382 0.225 0.124 0.065 0.031 0.014 0.006 0.002 0.001 0.000 0.000 0.000 0.000 0.000 0.000 0.000 0.000 0.000 0.000 0.000 0.000 0.000 0.000 0.000 0.000
0.000 0.000 0.000 0.000 0.000 0.000 0.000 0.000 0.000 0.000 0.000 0.000 0.000 0.001 0.001 0.001 0.003 0.004 0.005 0.006 0.006 0.007 0.008 0.008 0.009 0.010 0.011 0.012 0.013 0.015 0.016 0.017 0.019 0.020 0.021 0.023 0.024 0.026 0.028 0.028 0.104 0.297 0.469 0.643 0.804 0.923 0.987 1.007 1.003 0.965 0.866 0.686 0.444 0.261 0.144 0.075 0.037 0.017 0.007 0.003 0.001 0.000 0.000 0.000 0.000 0.000 0.000 0.000 0.000 0.000 0.000 0.000 0.000 0.000 0.000 0.000 0.000
0.000 0.000 0.000 0.000 0.000 0.000 0.000 0.000 0.000 0.000 0.000 0.000 0.000 0.001 0.001 0.002 0.003 0.004 0.005 0.006 0.006 0.007 0.008 0.009 0.009 0.010 0.011 0.013 0.014 0.015 0.016 0.018 0.019 0.020 0.022 0.023 0.025 0.027 0.028 0.032 0.136 0.346 0.530 0.727 0.907 1.030 1.093 1.111 1.104 1.060 0.947 0.745 0.480 0.282 0.156 0.081 0.039 0.018 0.008 0.003 0.001 0.000 0.000 0.000 0.000 0.000 0.000 0.000 0.000 0.000 0.000 0.000 0.000 0.000 0.000 0.000 0.000
0.000 0.000 0.000 0.000 0.000 0.000 0.000 0.000 0.000 0.000 0.000 0.000 0.000 0.001 0.001 0.002 0.004 0.004 0.005 0.006 0.007 0.007 0.008 0.009 0.010 0.011 0.012 0.013 0.014 0.015 0.017 0.018 0.019 0.021 0.022 0.024 0.025 0.027 0.028 0.037 0.169 0.390 0.594 0.804 0.985 1.107 1.168 1.183 1.174 1.122 0.996 0.775 0.496 0.291 0.160 0.083 0.040 0.018 0.008 0.003 0.001 0.000 0.000 0.000 0.000 0.000 0.000 0.000 0.000 0.000 0.000 0.000 0.000 0.000 0.000 0.000 0.000
0.000 0.000 0.000 0.000 0.000 0.000 0.000 0.000 0.000 0.000 0.000 0.000 0.000 0.001 0.001 0.002 0.004 0.005 0.005 0.006 0.007 0.007 0.008 0.009 0.010 0.011 0.012 0.013 0.014 0.015 0.017 0.018 0.019 0.021 0.022 0.024 0.026 0.027 0.028 0.046 0.201 0.428 0.641 0.858 1.038 1.157 1.213 1.226 1.215 1.157 1.020 0.785 0.500 0.293 0.161 0.083 0.040 0.018 0.008 0.003 0.001 0.000 0.000 0.000 0.000 0.000 0.000 0.000 0.000 0.000 0.000 0.000 0.000 0.000 0.000 0.000 0.000
0.000 0.000 0.000 0.000 0.000 0.000 0.000 0.000 0.000 0.000 0.000 0.000 0.000 0.001 0.001 0.002 0.004 0.005 0.005 0.006 0.007 0.007 0.008 0.009 0.010 0.011 0.012 0.013 0.014 0.015 0.017 0.018 0.020 0.021 0.022 0.024 0.026 0.028 0.028 0.056 0.227 0.454 0.671 0.890 1.068 1.183 1.236 1.246 1.233 1.170 1.028 0.786 0.499 0.291 0.160 0.083 0.040 0.018 0.008 0.003 0.001 0.000 0.000 0.000 0.000 0.000 0.000 0.000 0.000 0.000 0.000 0.000 0.000 0.000 0.000 0.000 0.000
0.000 0.000 0.000 0.000 0.000 0.000 0.000 0.000 0.000 0.000 0.000 0.000 0.000 0.001 0.001 0.003 0.004 0.005 0.005 0.006 0.007 0.007 0.008 0.009 0.010 0.011 0.012 0.013 0.014 0.016 0.017 0.018 0.020 0.021 0.023 0.024 0.026 0.028 0.028 0.062 0.244 0.468 0.687 0.905 1.081 1.193 1.243 1.252 1.237 1.172 1.026 0.778 0.490 0.286 0.156 0.080 0.039 0.018 0.007 0.003 0.001 0.000 0.000 0.000 0.000 0.000 0.000 0.000 0.000 0.000 0.000 0.000 0.000 0.000 0.000 0.000 0.000
0.000 0.000 0.000 0.000 0.000 0.000 0.000 0.000 0.000 0.000 0.000 0.000 0.000 0.001 0.001 0.003 0.004 0.005 0.005 0.006 0.007 0.007 0.008 0.009 0.010 0.011 0.012 0.013 0.014 0.016 0.017 0.018 0.020 0.021 0.023 0.024 0.026 0.028 0.028 0.065 0.253 0.474 0.693 0.910 1.084 1.193 1.242 1.250 1.234 1.165 1.012 0.755 0.471 0.272 0.148 0.075 0.036 0.016 0.007 0.002 0.001 0.000 0.000 0.000 0.000 0.000 0.000 0.000 0.000 0.000 0.000 0.000 0.000 0.000 0.000 0.000 0.000
0.000 0.000 0.000 0.000 0.000 0.000 0.000 0.000 0.000 0.000 0.000 0.000 0.000 0.001 0.001 0.003 0.004 0.005 0.005 0.006 0.007 0.007 0.008 0.009 0.010 0.011 0.012 0.013 0.014 0.016 0.017 0.018 0.020 0.021 0.023 0.024 0.026 0.028 0.028 0.066 0.256 0.475 0.695 0.910 1.080 1.186 1.231 1.238 1.219 1.143 0.980 0.713 0.436 0.249 0.134 0.067 0.032 0.014 0.006 0.002 0.001 0.000 0.000 0.000 0.000 0.000 0.000 0.000 0.000 0.000 0.000 0.000 0.000 0.000 0.000 0.000 0.000
0.000 0.000 0.000 0.000 0.000 0.000 0.000 0.000 0.000 0.000 0.000 0.000 0.000 0.001 0.001 0.002 0.004 0.005 0.005 0.006 0.007 0.007 0.008 0.009 0.010 0.011 0.012 0.013 0.014 0.016 0.017 0.018 0.020 0.021 0.023 0.024 0.026 0.028 0.028 0.066 0.255 0.475 0.693 0.903 1.065 1.164 1.204 1.208 1.183 1.097 0.922 0.649 0.389 0.218 0.114 0.056 0.026 0.011 0.004 0.001 0.000 0.000 0.000 0.000 0.000 0.000 0.000 0.000 0.000 0.000 0.000 0.000 0.000 0.000 0.000 0.000 0.000
0.000 0.000 0.000 0.000 0.000 0.000 0.000 0.000 0.000 0.000 0.000 0.000 0.000 0.001 0.001 0.002 0.004 0.005 0.005 0.006 0.007 0.007 0.008 0.009 0.010 0.011 0.012 0.013 0.014 0.016 0.017 0.018 0.020 0.021 0.022 0.024 0.026 0.028 0.028 0.064 0.251 0.470 0.683 0.882 1.033 1.121 1.153 1.154 1.122 1.024 0.837 0.565 0.330 0.180 0.091 0.043 0.019 0.008 0.003 0.001 0.000 0.000 0.000 0.000 0.000 0.000 0.000 0.000 0.000 0.000 0.000 0.000 0.000 0.000 0.000 0.000 0.000
0.000 0.000 0.000 0.000 0.000 0.000 0.000 0.000 0.000 0.000 0.000 0.000 0.000 0.001 0.001 0.002 0.004 0.004 0.005 0.006 0.007 0.007 0.008 0.009 0.010 0.011 0.012 0.013 0.014 0.015 0.017 0.018 0.019 0.021 0.022 0.024 0.026 0.027 0.028 0.060 0.238 0.459 0.661 0.842 0.976 1.052 1.077 1.074 1.033 0.923 0.726 0.466 0.264 0.139 0.068 0.032 0.014 0.006 0.002 0.001 0.000 0.000 0.000 0.000 0.000 0.000 0.000 0.000 0.000 0.000 0.000 0.000 0.000 0.000 0.000 0.000 0.000
0.000 0.000 0.000 0.000 0.000 0.000 0.000 0.000 0.000 0.000 0.000 0.000 0.000 0.001 0.001 0.002 0.003 0.004 0.005 0.006 0.007 0.007 0.008 0.009 0.010 0.011 0.012 0.013 0.014 0.015 0.017 0.018 0.019 0.021 0.022 0.024 0.025 0.027 0.028 0.052 0.212 0.433 0.631 0.785 0.896 0.959 0.977 0.970 0.920 0.798 0.592 0.361 0.199 0.102 0.049 0.022 0.009 0.004 0.001 0.000 0.000 0.000 0.000 0.000 0.000 0.000 0.000 0.000 0.000 0.000 0.000 0.000 0.000 0.000 0.000 0.000 0.000
0.000 0.000 0.000 0.000 0.000 0.000 0.000 0.000 0.000 0.000 0.000 0.000 0.000 0.001 0.001 0.001 0.003 0.004 0.005 0.006 0.006 0.007 0.008 0.009 0.009 0.010 0.012 0.013 0.014 0.015 0.016 0.018 0.019 0.020 0.022 0.024 0.025 0.027 0.028 0.042 0.174 0.386 0.589 0.718 0.803 0.851 0.861 0.849 0.789 0.657 0.451 0.263 0.142 0.071 0.034 0.015 0.006 0.002 0.001 0.000 0.000 0.000 0.000 0.000 0.000 0.000 0.000 0.000 0.000 0.000 0.000 0.000 0.000 0.000 0.000 0.000 0.000
0.000 0.000 0.000 0.000 0.000 0.000 0.000 0.000 0.000 0.000 0.000 0.000 0.000 0.001 0.001 0.001 0.003 0.004 0.005 0.005 0.006 0.007 0.008 0.008 0.009 0.010 0.011 0.012 0.014 0.015 0.016 0.017 0.019 0.020 0.022 0.023 0.025 0.027 0.028 0.031 0.131 0.334 0.511 0.652 0.713 0.735 0.736 0.716 0.648 0.509 0.322 0.182 0.096 0.047 0.022 0.009 0.004 0.001 0.000 0.000 0.000 0.000 0.000 0.000 0.000 0.000 0.000 0.000 0.000 0.000 0.000 0.000 0.000 0.000 0.000 0.000 0.000
0.000 0.000 0.000 0.000 0.000 0.000 0.000 0.000 0.000 0.000 0.000 0.000 0.000 0.001 0.001 0.001 0.002 0.003 0.004 0.005 0.006 0.007 0.007 0.008 0.009 0.010 0.011 0.012 0.013 0.014 0.016 0.017 0.018 0.020 0.021 0.023 0.024 0.026 0.028 0.028 0.094 0.285 0.416 0.554 0.606 0.602 0.593 0.574 0.500 0.364 0.217 0.119 0.061 0.029 0.013 0.006 0.002 0.001 0.000 0.000 0.000 0.000 0.000 0.000 0.000 0.000 0.000 0.000 0.000 0.000 0.000 0.000 0.000 0.000 0.000 0.000 0.000
0.000 0.000 0.000 0.000 0.000 0.000 0.000 0.000 0.000 0.000 0.000 0.000 0.000 0.000 0.001 0.001 0.001 0.003 0.004 0.005 0.005 0.006 0.007 0.008 0.009 0.009 0.010 0.012 0.013 0.014 0.015 0.016 0.017 0.019 0.020 0.022 0.023 0.025 0.027 0.027 0.067 0.232 0.357 0.437 0.464 0.459 0.419 0.441 0.358 0.238 0.137 0.073 0.037 0.017 0.008 0.003 0.001 0.000 0.000 0.000 0.000 0.000 0.000 0.000 0.000 0.000 0.000 0.000 0.000 0.000 0.000 0.000 0.000 0.000 0.000 0.000 0.000
0.000 0.000 0.000 0.000 0.000 0.000 0.000 0.000 0.000 0.000 0.000 0.000 0.000 0.000 0.001 0.001 0.001 0.002 0.003 0.004 0.005 0.006 0.006 0.007 0.008 0.009 0.010 0.011 0.012 0.013 0.014 0.015 0.016 0.018 0.019 0.021 0.022 0.024 0.025 0.026 0.046 0.177 0.298 0.334 0.342 0.337 0.296 0.306 0.232 0.143 0.081 0.042 0.021 0.009 0.004 0.002 0.000 0.000 0.000 0.000 0.000 0.000 0.000 0.000 0.000 0.000 0.000 0.000 0.000 0.000 0.000 0.000 0.000 0.000 0.000 0.000 0.000
0.000 0.000 0.000 0.000 0.000 0.000 0.000 0.000 0.000 0.000 0.000 0.000 0.000 0.000 0.001 0.001 0.001 0.001 0.002 0.003 0.004 0.005 0.006 0.006 0.007 0.008 0.009 0.010 0.011 0.012 0.013 0.014 0.015 0.016 0.018 0.019 0.020 0.022 0.023 0.025 0.031 0.120 0.224 0.246 0.243 0.236 0.216 0.181 0.134 0.080 0.044 0.023 0.011 0.005 0.002 0.001 0.000 0.000 0.000 0.000 0.000 0.000 0.000 0.000 0.000 0.000 0.000 0.000 0.000 0.000 0.000 0.000 0.000 0.000 0.000 0.000 0.000
0.000 0.000 0.000 0.000 0.000 0.000 0.000 0.000 0.000 0.000 0.000 0.000 0.000 0.000 0.000 0.001 0.001 0.001 0.001 0.002 0.003 0.004 0.005 0.005 0.006 0.007 0.008 0.008 0.009 0.010 0.011 0.012 0.013 0.014 0.015 0.017 0.018 0.019 0.021 0.022 0.022 0.071 0.152 0.172 0.168 0.155 0.136 0.106 0.072 0.042 0.023 0.011 0.005 0.002 0.001 0.000 0.000 0.000 0.000 0.000 0.000 0.000 0.000 0.000 0.000 0.000 0.000 0.000 0.000 0.000 0.000 0.000 0.000 0.000 0.000 0.000 0.000
0.000 0.000 0.000 0.000 0.000 0.000 0.000 0.000 0.000 0.000 0.001 0.000 0.000 0.000 0.000 0.001 0.001 0.001 0.001 0.001 0.002 0.003 0.004 0.004 0.005 0.005 0.006 0.007 0.007 0.008 0.009 0.010 0.011 0.012 0.013 0.013 0.014 0.015 0.017 0.017 0.017 0.040 0.095 0.111 0.109 0.094 0.078 0.057 0.036 0.021 0.011 0.005 0.002 0.001 0.000 0.000 0.000 0.000 0.000 0.000 0.000 0.000 0.000 0.000 0.000 0.000 0.000 0.000 0.000 0.000 0.000 0.000 0.000 0.000 0.000 0.000 0.000
0.000 0.000 0.000 0.000 0.000 0.000 0.000 0.000 0.000 0.000 0.000 0.000 0.001 0.000 0.000 0.000 0.000 0.001 0.001 0.001 0.001 0.002 0.002 0.003 0.003 0.004 0.004 0.005 0.005 0.006 0.006 0.007 0.008 0.008 0.009 0.009 0.010 0.011 0.012 0.012 0.012 0.023 0.055 0.066 0.062 0.053 0.041 0.028 0.017 0.010 0.005 0.002 0.001 0.000 0.000 0.000 0.000 0.000 0.000 0.000 0.000 0.000 0.000 0.000 0.000 0.000 0.000 0.000 0.000 0.000 0.000 0.000 0.000 0.000 0.000 0.000 0.000
0.000 0.000 0.000 0.000 0.000 0.000 0.000 0.000 0.000 0.000 0.000 0.000 0.000 0.000 0.000 0.000 0.000 0.001 0.001 0.001 0.001 0.001 0.001 0.001 0.002 0.002 0.003 0.003 0.003 0.003 0.004 0.004 0.005 0.005 0.005 0.006 0.006 0.007 0.007 0.008 0.008 0.013 0.030 0.035 0.032 0.027 0.020 0.013 0.008 0.004 0.002 0.001 0.000 0.000 0.000 0.000 0.000 0.000 0.000 0.000 0.000 0.000 0.000 0.000 0.000 0.000 0.000 0.000 0.000 0.000 0.000 0.000 0.000 0.000 0.000 0.000 0.000
0.000 0.000 0.000 0.000 0.000 0.000 0.000 0.000 0.000 0.000 0.000 0.000 0.000 0.000 0.000 0.000 0.000 0.000 0.000 0.000 0.000 0.001 0.001 0.001 0.001 0.001 0.001 0.001 0.002 0.002 0.002 0.002 0.002 0.003 0.003 0.003 0.003 0.004 0.004 0.004 0.005 0.007 0.015 0.016 0.015 0.012 0.009 0.006 0.003 0.002 0.001 0.000 0.000 0.000 0.000 0.000 0.000 0.000 0.000 0.000 0.000 0.000 0.000 0.000 0.000 0.000 0.000 0.000 0.000 0.000 0.000 0.000 0.000 0.000 0.000 0.000 0.000
0.000 0.000 0.000 0.000 0.000 0.000 0.000 0.000 0.000 0.000 0.000 0.000 0.000 0.000 0.000 0.000 0.000 0.000 0.000 0.000 0.000 0.000 0.000 0.000 0.000 0.000 0.000 0.000 0.000 0.000 0.001 0.001 0.001 0.001 0.001 0.002 0.002 0.002 0.002 0.002 0.002 0.003 0.006 0.007 0.006 0.005 0.004 0.002 0.001 0.000 0.000 0.000 0.000 0.000 0.000 0.000 0.000 0.000 0.000 0.000 0.000 0.000 0.000 0.000 0.000 0.000 0.000 0.000 0.000 0.000 0.000 0.000 0.000 0.000 0.000 0.000 0.000
