avaframe/data/avaParabola/Avaflow_Input/prefix_hflow10013.asc
ncols 250
nrows 100
xllcenter 997.50
yllcenter -4997.50
cellsize 20.00
NODATA_value -9999.000
[rows 34 to 67 of 100, columns 77 to 153 of 250]
0.000 0.001 0.001 0.001 0.000 0.000 0.000 0.000 0.000 0.000 0.000 0.000 0.000 0.000 0.000 0.000 0.000 0.001 0.001 0.001 0.001 0.002 0.002 0.002 0.002 0.003 0.003 0.003 0.003 0.004 0.004 0.004 0.004 0.004 0.005 0.005 0.005 0.005 0.005 0.006 0.006 0.008 0.014 0.016 0.015 0.013 0.011 0.010 0.009 0.007 0.004 0.003 0.001 0.001 0.000 0.000 0.000 0.000 0.000 0.000 0.000 0.000 0.000 0.000 0.000 0.000 0.000 0.000 0.000 0.000 0.000 0.000 0.000 0.000 0.000 0.000 0.000
0.001 0.001 0.000 0.000 0.000 0.000 0.000 0.000 0.000 0.000 0.000 0.000 0.000 0.000 0.000 0.000 0.001 0.001 0.001 0.001 0.002 0.002 0.003 0.003 0.003 0.004 0.004 0.004 0.005 0.005 0.005 0.006 0.006 0.006 0.007 0.007 0.007 0.008 0.008 0.008 0.009 0.012 0.025 0.031 0.029 0.026 0.024 0.021 0.019 0.015 0.010 0.006 0.003 0.002 0.001 0.000 0.000 0.000 0.000 0.000 0.000 0.000 0.000 0.000 0.000 0.000 0.000 0.000 0.000 0.000 0.000 0.000 0.000 0.000 0.000 0.000 0.000
0.001 0.000 0.000 0.000 0.000 0.000 0.000 0.000 0.000 0.000 0.000 0.000 0.000 0.000 0.000 0.001 0.001 0.001 0.002 0.002 0.003 0.003 0.004 0.004 0.004 0.005 0.005 0.006 0.006 0.007 0.007 0.008 0.008 0.009 0.009 0.010 0.010 0.011 0.011 0.012 0.013 0.018 0.043 0.057 0.055 0.051 0.047 0.043 0.038 0.031 0.022 0.014 0.008 0.004 0.002 0.001 0.000 0.000 0.000 0.000 0.000 0.000 0.000 0.000 0.000 0.000 0.000 0.000 0.000 0.000 0.000 0.000 0.000 0.000 0.000 0.000 0.000
0.000 0.000 0.000 0.000 0.000 0.000 0.000 0.000 0.000 0.000 0.000 0.000 0.000 0.000 0.001 0.001 0.001 0.002 0.003 0.003 0.004 0.004 0.005 0.005 0.006 0.006 0.007 0.007 0.008 0.009 0.009 0.010 0.011 0.011 0.012 0.013 0.014 0.015 0.016 0.017 0.018 0.025 0.068 0.097 0.095 0.092 0.088 0.081 0.073 0.062 0.046 0.029 0.016 0.009 0.004 0.002 0.001 0.000 0.000 0.000 0.000 0.000 0.000 0.000 0.000 0.000 0.000 0.000 0.000 0.000 0.000 0.000 0.000 0.000 0.000 0.000 0.000
0.000 0.000 0.000 0.000 0.000 0.000 0.000 0.000 0.000 0.000 0.000 0.000 0.000 0.001 0.001 0.001 0.002 0.003 0.003 0.004 0.005 0.005 0.006 0.006 0.007 0.008 0.008 0.009 0.010 0.011 0.012 0.013 0.014 0.015 0.016 0.017 0.018 0.019 0.020 0.022 0.023 0.035 0.101 0.151 0.156 0.155 0.151 0.143 0.131 0.114 0.088 0.056 0.032 0.017 0.009 0.004 0.002 0.001 0.000 0.000 0.000 0.000 0.000 0.000 0.000 0.000 0.000 0.000 0.000 0.000 0.000 0.000 0.000 0.000 0.000 0.000 0.000
0.000 0.000 0.000 0.000 0.000 0.000 0.000 0.000 0.000 0.000 0.000 0.000 0.001 0.001 0.001 0.002 0.003 0.004 0.004 0.005 0.006 0.006 0.007 0.008 0.008 0.009 0.010 0.011 0.012 0.013 0.014 0.016 0.017 0.018 0.019 0.021 0.022 0.024 0.025 0.027 0.029 0.050 0.143 0.214 0.238 0.244 0.243 0.235 0.221 0.198 0.158 0.105 0.061 0.033 0.017 0.008 0.003 0.001 0.000 0.000 0.000 0.000 0.000 0.000 0.000 0.000 0.000 0.000 0.000 0.000 0.000 0.000 0.000 0.000 0.000 0.000 0.000
0.000 0.000 0.000 0.000 0.000 0.000 0.000 0.000 0.000 0.000 0.000 0.000 0.001 0.001 0.002 0.003 0.004 0.004 0.005 0.006 0.006 0.007 0.008 0.009 0.010 0.011 0.012 0.013 0.014 0.015 0.017 0.018 0.019 0.021 0.022 0.024 0.026 0.027 0.029 0.031 0.033 0.071 0.201 0.286 0.335 0.358 0.365 0.361 0.349 0.320 0.266 0.184 0.108 0.059 0.030 0.014 0.006 0.002 0.001 0.000 0.000 0.000 0.000 0.000 0.000 0.000 0.000 0.000 0.000 0.000 0.000 0.000 0.000 0.000 0.000 0.000 0.000
0.000 0.000 0.000 0.000 0.000 0.000 0.000 0.000 0.000 0.000 0.000 0.001 0.001 0.001 0.003 0.004 0.004 0.005 0.006 0.007 0.007 0.008 0.009 0.010 0.011 0.012 0.013 0.015 0.016 0.017 0.019 0.020 0.022 0.023 0.025 0.027 0.028 0.030 0.032 0.034 0.036 0.097 0.259 0.363 0.445 0.497 0.520 0.524 0.516 0.485 0.417 0.302 0.180 0.099 0.051 0.025 0.011 0.005 0.002 0.000 0.000 0.000 0.000 0.000 0.000 0.000 0.000 0.000 0.000 0.000 0.000 0.000 0.000 0.000 0.000 0.000 0.000
0.000 0.000 0.000 0.000 0.000 0.000 0.000 0.000 0.000 0.000 0.001 0.001 0.001 0.002 0.003 0.004 0.005 0.006 0.006 0.007 0.008 0.009 0.010 0.011 0.012 0.013 0.014 0.016 0.017 0.019 0.020 0.022 0.023 0.025 0.027 0.029 0.030 0.032 0.034 0.036 0.041 0.130 0.313 0.447 0.570 0.658 0.704 0.717 0.714 0.684 0.604 0.458 0.281 0.157 0.082 0.040 0.018 0.008 0.003 0.001 0.000 0.000 0.000 0.000 0.000 0.000 0.000 0.000 0.000 0.000 0.000 0.000 0.000 0.000 0.000 0.000 0.000
0.000 0.000 0.000 0.000 0.000 0.000 0.000 0.000 0.000 0.000 0.001 0.001 0.002 0.003 0.004 0.005 0.005 0.006 0.007 0.008 0.008 0.009 0.010 0.012 0.013 0.014 0.015 0.017 0.018 0.020 0.021 0.023 0.024 0.026 0.028 0.030 0.032 0.034 0.036 0.038 0.048 0.171 0.368 0.533 0.691 0.806 0.870 0.892 0.890 0.859 0.768 0.597 0.373 0.211 0.111 0.055 0.025 0.011 0.004 0.001 0.000 0.000 0.000 0.000 0.000 0.000 0.000 0.000 0.000 0.000 0.000 0.000 0.000 0.000 0.000 0.000 0.000
0.000 0.000 0.000 0.000 0.000 0.000 0.000 0.000 0.000 0.000 0.001 0.001 0.002 0.003 0.004 0.005 0.006 0.006 0.007 0.008 0.009 0.010 0.011 0.012 0.013 0.015 0.016 0.017 0.019 0.020 0.022 0.023 0.025 0.027 0.029 0.031 0.033 0.035 0.037 0.039 0.062 0.220 0.426 0.617 0.796 0.932 1.008 1.034 1.031 0.994 0.890 0.693 0.435 0.246 0.130 0.064 0.029 0.012 0.005 0.001 0.000 0.000 0.000 0.000 0.000 0.000 0.000 0.000 0.000 0.000 0.000 0.000 0.000 0.000 0.000 0.000 0.000
0.000 0.000 0.000 0.000 0.000 0.000 0.000 0.000 0.000 0.000 0.001 0.001 0.003 0.004 0.004 0.005 0.006 0.007 0.007 0.008 0.009 0.010 0.011 0.012 0.014 0.015 0.016 0.018 0.019 0.021 0.022 0.024 0.026 0.028 0.030 0.032 0.034 0.036 0.038 0.039 0.084 0.275 0.484 0.697 0.895 1.040 1.118 1.142 1.138 1.093 0.973 0.752 0.470 0.266 0.140 0.069 0.032 0.013 0.005 0.002 0.000 0.000 0.000 0.000 0.000 0.000 0.000 0.000 0.000 0.000 0.000 0.000 0.000 0.000 0.000 0.000 0.000
0.000 0.000 0.000 0.000 0.000 0.000 0.000 0.000 0.000 0.000 0.001 0.001 0.003 0.004 0.005 0.005 0.006 0.007 0.007 0.008 0.009 0.010 0.011 0.013 0.014 0.015 0.017 0.018 0.020 0.021 0.023 0.024 0.026 0.028 0.030 0.032 0.034 0.036 0.039 0.039 0.110 0.332 0.546 0.773 0.979 1.123 1.198 1.219 1.211 1.158 1.023 0.781 0.485 0.274 0.144 0.071 0.032 0.014 0.005 0.002 0.000 0.000 0.000 0.000 0.000 0.000 0.000 0.000 0.000 0.000 0.000 0.000 0.000 0.000 0.000 0.000 0.000
0.000 0.000 0.000 0.000 0.000 0.000 0.000 0.000 0.000 0.000 0.001 0.002 0.003 0.004 0.005 0.005 0.006 0.007 0.008 0.008 0.009 0.010 0.011 0.013 0.014 0.015 0.017 0.018 0.020 0.021 0.023 0.025 0.026 0.028 0.030 0.032 0.034 0.037 0.039 0.041 0.138 0.381 0.597 0.830 1.036 1.178 1.248 1.265 1.255 1.195 1.047 0.790 0.488 0.275 0.145 0.071 0.032 0.014 0.005 0.002 0.000 0.000 0.000 0.000 0.000 0.000 0.000 0.000 0.000 0.000 0.000 0.000 0.000 0.000 0.000 0.000 0.000
0.000 0.000 0.000 0.000 0.000 0.000 0.000 0.000 0.000 0.001 0.001 0.002 0.003 0.004 0.005 0.005 0.006 0.007 0.008 0.008 0.009 0.010 0.012 0.013 0.014 0.015 0.017 0.018 0.020 0.021 0.023 0.025 0.027 0.028 0.030 0.033 0.035 0.037 0.039 0.043 0.160 0.413 0.631 0.866 1.070 1.207 1.272 1.287 1.275 1.209 1.054 0.789 0.486 0.274 0.143 0.070 0.032 0.013 0.005 0.002 0.000 0.000 0.000 0.000 0.000 0.000 0.000 0.000 0.000 0.000 0.000 0.000 0.000 0.000 0.000 0.000 0.000
0.000 0.000 0.000 0.000 0.000 0.000 0.000 0.000 0.000 0.001 0.001 0.002 0.003 0.004 0.005 0.005 0.006 0.007 0.008 0.008 0.009 0.010 0.012 0.013 0.014 0.016 0.017 0.018 0.020 0.021 0.023 0.025 0.027 0.029 0.031 0.033 0.035 0.037 0.039 0.044 0.174 0.432 0.650 0.885 1.085 1.218 1.280 1.293 1.279 1.211 1.052 0.779 0.475 0.266 0.139 0.067 0.030 0.013 0.005 0.001 0.000 0.000 0.000 0.000 0.000 0.000 0.000 0.000 0.000 0.000 0.000 0.000 0.000 0.000 0.000 0.000 0.000
0.000 0.000 0.000 0.000 0.000 0.000 0.000 0.000 0.000 0.001 0.001 0.002 0.003 0.004 0.005 0.005 0.006 0.007 0.008 0.008 0.009 0.010 0.012 0.013 0.014 0.016 0.017 0.018 0.020 0.021 0.023 0.025 0.027 0.029 0.031 0.033 0.035 0.037 0.039 0.045 0.180 0.440 0.658 0.891 1.089 1.219 1.279 1.291 1.276 1.203 1.035 0.752 0.452 0.251 0.129 0.062 0.028 0.011 0.004 0.001 0.000 0.000 0.000 0.000 0.000 0.000 0.000 0.000 0.000 0.000 0.000 0.000 0.000 0.000 0.000 0.000 0.000
0.000 0.000 0.000 0.000 0.000 0.000 0.000 0.000 0.000 0.001 0.001 0.002 0.003 0.004 0.005 0.005 0.006 0.007 0.008 0.008 0.009 0.010 0.012 0.013 0.014 0.016 0.017 0.018 0.020 0.021 0.023 0.025 0.027 0.029 0.031 0.033 0.035 0.037 0.039 0.045 0.182 0.442 0.660 0.892 1.086 1.212 1.268 1.278 1.259 1.178 0.998 0.704 0.415 0.227 0.115 0.054 0.024 0.009 0.003 0.001 0.000 0.000 0.000 0.000 0.000 0.000 0.000 0.000 0.000 0.000 0.000 0.000 0.000 0.000 0.000 0.000 0.000
0.000 0.000 0.000 0.000 0.000 0.000 0.000 0.000 0.000 0.001 0.001 0.002 0.003 0.004 0.005 0.005 0.006 0.007 0.008 0.008 0.009 0.010 0.012 0.013 0.014 0.016 0.017 0.018 0.020 0.021 0.023 0.025 0.027 0.029 0.031 0.033 0.035 0.037 0.039 0.045 0.181 0.441 0.659 0.886 1.073 1.190 1.239 1.246 1.221 1.128 0.934 0.633 0.365 0.195 0.096 0.044 0.018 0.007 0.002 0.001 0.000 0.000 0.000 0.000 0.000 0.000 0.000 0.000 0.000 0.000 0.000 0.000 0.000 0.000 0.000 0.000 0.000
0.000 0.000 0.000 0.000 0.000 0.000 0.000 0.000 0.000 0.001 0.001 0.001 0.003 0.004 0.005 0.005 0.006 0.007 0.008 0.008 0.009 0.010 0.012 0.013 0.014 0.015 0.017 0.018 0.020 0.021 0.023 0.025 0.027 0.029 0.031 0.033 0.035 0.037 0.039 0.044 0.175 0.434 0.649 0.867 1.041 1.146 1.186 1.189 1.157 1.051 0.843 0.543 0.304 0.157 0.075 0.033 0.013 0.005 0.002 0.000 0.000 0.000 0.000 0.000 0.000 0.000 0.000 0.000 0.000 0.000 0.000 0.000 0.000 0.000 0.000 0.000 0.000
0.000 0.000 0.000 0.000 0.000 0.000 0.000 0.000 0.000 0.001 0.001 0.001 0.003 0.004 0.005 0.005 0.006 0.007 0.008 0.008 0.009 0.010 0.012 0.013 0.014 0.015 0.017 0.018 0.020 0.021 0.023 0.025 0.027 0.028 0.030 0.032 0.035 0.037 0.039 0.043 0.163 0.419 0.627 0.827 0.985 1.076 1.107 1.105 1.064 0.947 0.725 0.440 0.238 0.119 0.055 0.024 0.009 0.003 0.001 0.000 0.000 0.000 0.000 0.000 0.000 0.000 0.000 0.000 0.000 0.000 0.000 0.000 0.000 0.000 0.000 0.000 0.000
0.000 0.000 0.000 0.000 0.000 0.000 0.000 0.000 0.000 0.000 0.001 0.001 0.003 0.004 0.004 0.005 0.006 0.007 0.007 0.008 0.009 0.010 0.011 0.013 0.014 0.015 0.017 0.018 0.020 0.021 0.023 0.025 0.026 0.028 0.030 0.032 0.034 0.037 0.039 0.041 0.142 0.393 0.592 0.765 0.898 0.980 1.006 0.998 0.944 0.816 0.585 0.337 0.177 0.086 0.039 0.016 0.006 0.002 0.001 0.000 0.000 0.000 0.000 0.000 0.000 0.000 0.000 0.000 0.000 0.000 0.000 0.000 0.000 0.000 0.000 0.000 0.000
0.000 0.000 0.000 0.000 0.000 0.000 0.000 0.000 0.000 0.000 0.001 0.001 0.002 0.003 0.004 0.005 0.006 0.007 0.007 0.008 0.009 0.010 0.011 0.012 0.014 0.015 0.016 0.018 0.019 0.021 0.023 0.024 0.026 0.028 0.030 0.032 0.034 0.036 0.039 0.039 0.116 0.356 0.546 0.695 0.797 0.869 0.897 0.880 0.802 0.663 0.441 0.243 0.124 0.058 0.025 0.010 0.004 0.001 0.000 0.000 0.000 0.000 0.000 0.000 0.000 0.000 0.000 0.000 0.000 0.000 0.000 0.000 0.000 0.000 0.000 0.000 0.000
0.000 0.000 0.000 0.000 0.000 0.000 0.000 0.000 0.000 0.000 0.001 0.001 0.002 0.003 0.004 0.005 0.006 0.006 0.007 0.008 0.009 0.010 0.011 0.012 0.013 0.015 0.016 0.017 0.019 0.020 0.022 0.024 0.026 0.027 0.029 0.031 0.033 0.036 0.038 0.039 0.090 0.306 0.485 0.601 0.672 0.745 0.781 0.760 0.662 0.509 0.311 0.165 0.081 0.037 0.016 0.006 0.002 0.001 0.000 0.000 0.000 0.000 0.000 0.000 0.000 0.000 0.000 0.000 0.000 0.000 0.000 0.000 0.000 0.000 0.000 0.000 0.000
0.000 0.000 0.000 0.000 0.000 0.000 0.000 0.000 0.000 0.000 0.001 0.001 0.001 0.002 0.004 0.004 0.005 0.006 0.007 0.008 0.008 0.009 0.011 0.012 0.013 0.014 0.015 0.017 0.018 0.020 0.021 0.023 0.025 0.027 0.029 0.031 0.033 0.035 0.037 0.038 0.066 0.244 0.415 0.507 0.549 0.607 0.634 0.612 0.516 0.366 0.204 0.104 0.050 0.022 0.009 0.003 0.001 0.000 0.000 0.000 0.000 0.000 0.000 0.000 0.000 0.000 0.000 0.000 0.000 0.000 0.000 0.000 0.000 0.000 0.000 0.000 0.000
0.000 0.000 0.000 0.000 0.000 0.000 0.000 0.000 0.000 0.000 0.001 0.001 0.001 0.002 0.003 0.004 0.005 0.006 0.006 0.007 0.008 0.009 0.010 0.011 0.012 0.013 0.015 0.016 0.017 0.019 0.021 0.022 0.024 0.026 0.027 0.029 0.031 0.033 0.035 0.038 0.048 0.172 0.343 0.420 0.439 0.466 0.476 0.436 0.355 0.233 0.123 0.061 0.028 0.012 0.005 0.002 0.000 0.000 0.000 0.000 0.000 0.000 0.000 0.000 0.000 0.000 0.000 0.000 0.000 0.000 0.000 0.000 0.000 0.000 0.000 0.000 0.000
0.000 0.000 0.000 0.000 0.000 0.000 0.000 0.000 0.000 0.000 0.000 0.001 0.001 0.001 0.002 0.003 0.004 0.005 0.006 0.006 0.007 0.008 0.009 0.010 0.011 0.012 0.014 0.015 0.016 0.018 0.019 0.021 0.022 0.024 0.026 0.028 0.029 0.031 0.034 0.036 0.037 0.107 0.263 0.328 0.345 0.344 0.334 0.293 0.221 0.132 0.068 0.033 0.015 0.006 0.002 0.001 0.000 0.000 0.000 0.000 0.000 0.000 0.000 0.000 0.000 0.000 0.000 0.000 0.000 0.000 0.000 0.000 0.000 0.000 0.000 0.000 0.000
0.000 0.000 0.000 0.000 0.000 0.000 0.000 0.000 0.000 0.000 0.000 0.001 0.001 0.001 0.001 0.002 0.003 0.004 0.005 0.006 0.006 0.007 0.008 0.009 0.010 0.011 0.012 0.013 0.015 0.016 0.017 0.019 0.020 0.022 0.023 0.025 0.027 0.029 0.030 0.032 0.032 0.064 0.186 0.241 0.248 0.237 0.219 0.183 0.124 0.069 0.035 0.016 0.007 0.003 0.001 0.000 0.000 0.000 0.000 0.000 0.000 0.000 0.000 0.000 0.000 0.000 0.000 0.000 0.000 0.000 0.000 0.000 0.000 0.000 0.000 0.000 0.000
0.000 0.000 0.000 0.000 0.000 0.000 0.000 0.000 0.000 0.000 0.000 0.000 0.001 0.001 0.001 0.001 0.002 0.003 0.004 0.005 0.005 0.006 0.007 0.008 0.008 0.009 0.010 0.011 0.013 0.014 0.015 0.016 0.017 0.019 0.020 0.021 0.023 0.024 0.025 0.027 0.028 0.041 0.119 0.167 0.157 0.158 0.132 0.102 0.062 0.034 0.017 0.008 0.003 0.001 0.000 0.000 0.000 0.000 0.000 0.000 0.000 0.000 0.000 0.000 0.000 0.000 0.000 0.000 0.000 0.000 0.000 0.000 0.000 0.000 0.000 0.000 0.000
0.000 0.000 0.000 0.000 0.000 0.000 0.000 0.000 0.000 0.000 0.001 0.000 0.000 0.001 0.001 0.001 0.001 0.002 0.003 0.003 0.004 0.004 0.005 0.006 0.006 0.007 0.008 0.009 0.010 0.011 0.011 0.012 0.013 0.014 0.015 0.016 0.017 0.018 0.019 0.020 0.022 0.027 0.070 0.103 0.093 0.095 0.072 0.050 0.029 0.015 0.007 0.003 0.001 0.000 0.000 0.000 0.000 0.000 0.000 0.000 0.000 0.000 0.000 0.000 0.000 0.000 0.000 0.000 0.000 0.000 0.000 0.000 0.000 0.000 0.000 0.000 0.000
0.000 0.000 0.000 0.000 0.000 0.000 0.000 0.000 0.000 0.000 0.000 0.000 0.001 0.001 0.001 0.001 0.001 0.001 0.002 0.002 0.002 0.003 0.003 0.004 0.004 0.005 0.005 0.006 0.007 0.007 0.008 0.008 0.009 0.010 0.010 0.011 0.011 0.012 0.013 0.014 0.015 0.018 0.039 0.056 0.053 0.046 0.036 0.022 0.013 0.006 0.003 0.001 0.000 0.000 0.000 0.000 0.000 0.000 0.000 0.000 0.000 0.000 0.000 0.000 0.000 0.000 0.000 0.000 0.000 0.000 0.000 0.000 0.000 0.000 0.000 0.000 0.000
0.000 0.000 0.000 0.000 0.000 0.000 0.000 0.000 0.000 0.000 0.000 0.000 0.000 0.000 0.000 0.000 0.001 0.001 0.001 0.001 0.001 0.001 0.002 0.002 0.003 0.003 0.003 0.004 0.004 0.004 0.005 0.005 0.005 0.006 0.006 0.006 0.007 0.007 0.008 0.008 0.009 0.011 0.020 0.027 0.025 0.022 0.016 0.009 0.005 0.002 0.001 0.000 0.000 0.000 0.000 0.000 0.000 0.000 0.000 0.000 0.000 0.000 0.000 0.000 0.000 0.000 0.000 0.000 0.000 0.000 0.000 0.000 0.000 0.000 0.000 0.000 0.000
0.000 0.000 0.000 0.000 0.000 0.000 0.000 0.000 0.000 0.000 0.000 0.000 0.000 0.000 0.000 0.000 0.000 0.000 0.000 0.000 0.001 0.001 0.001 0.001 0.001 0.002 0.002 0.002 0.002 0.002 0.002 0.003 0.003 0.003 0.003 0.003 0.004 0.004 0.004 0.005 0.005 0.006 0.009 0.011 0.011 0.009 0.006 0.003 0.002 0.001 0.000 0.000 0.000 0.000 0.000 0.000 0.000 0.000 0.000 0.000 0.000 0.000 0.000 0.000 0.000 0.000 0.000 0.000 0.000 0.000 0.000 0.000 0.000 0.000 0.000 0.000 0.000
0.000 0.000 0.000 0.000 0.000 0.000 0.000 0.000 0.000 0.000 0.000 0.000 0.000 0.000 0.000 0.000 0.000 0.000 0.000 0.000 0.000 0.000 0.000 0.000 0.000 0.000 0.001 0.000 0.001 0.001 0.001 0.001 0.001 0.001 0.001 0.001 0.002 0.002 0.002 0.002 0.002 0.003 0.004 0.004 0.004 0.003 0.002 0.001 0.000 0.000 0.000 0.000 0.000 0.000 0.000 0.000 0.000 0.000 0.000 0.000 0.000 0.000 0.000 0.000 0.000 0.000 0.000 0.000 0.000 0.000 0.000 0.000 0.000 0.000 0.000 0.000 0.000
