avaframe/data/avaParabola/Avaflow_Input/prefix_tflow10008.asc
ncols 250
nrows 100
xllcenter 997.50
yllcenter -4997.50
cellsize 20.00
NODATA_value -9999.000
[rows 33 to 65 of 100, columns 75 to 149 of 250]
0.000 0.000 0.000 0.000 0.000 0.000 0.000 0.000 0.000 0.000 0.000 0.000 0.000 0.000 0.000 0.929 1.155 1.338 1.649 1.920 2.112 2.263 2.471 2.830 3.210 3.559 3.882 4.190 4.489 4.747 4.951 5.115 5.254 5.345 5.320 5.165 4.851 4.399 3.969 3.484 2.778 2.163 1.644 1.222 0.921 2.061 1.742 0.000 0.000 0.000 0.000 0.000 0.000 0.000 0.000 0.000 0.000 0.000 0.000 0.000 0.000 0.000 0.000 0.000 0.000 0.000 0.000 0.000 0.000 0.000 0.000 0.000 0.000 0.000 0.000
0.000 0.000 0.000 0.000 0.000 0.000 0.000 0.000 0.000 0.000 0.000 0.000 0.000 0.000 1.166 1.755 2.334 2.894 3.526 4.217 4.901 5.593 6.325 7.177 8.194 9.285 10.390 11.502 12.610 13.674 14.645 15.499 16.253 16.825 17.164 17.260 17.186 16.593 14.901 13.205 11.507 9.856 8.178 6.374 4.829 2.919 0.228 0.000 0.000 0.000 0.001 0.050 0.000 0.000 0.000 0.000 0.000 0.000 0.000 0.000 0.000 0.000 0.000 0.000 0.000 0.000 0.000 0.000 0.000 0.000 0.000 0.000 0.000 0.000 0.000
0.000 0.000 0.000 0.000 0.000 0.000 0.000 0.000 0.000 0.000 0.000 0.000 0.000 1.574 2.309 3.296 4.385 5.586 6.940 8.484 10.243 12.201 14.334 16.651 19.234 22.124 25.215 28.408 31.674 34.986 38.330 41.754 45.413 49.113 52.367 55.046 54.188 52.212 49.534 46.212 42.240 37.758 32.813 27.454 23.502 17.682 4.255 0.000 0.001 0.001 0.001 0.000 0.000 0.000 0.000 0.000 0.000 0.000 0.000 0.000 0.000 0.000 0.000 0.000 0.000 0.000 0.000 0.000 0.000 0.000 0.000 0.000 0.000 0.000 0.000
0.000 0.000 0.000 0.000 0.000 0.000 0.000 0.000 0.000 0.000 0.000 1.206 2.017 3.130 4.504 6.124 8.027 10.273 12.942 16.118 19.875 24.233 29.180 34.706 40.834 47.631 55.104 63.151 71.735 80.876 90.677 101.476 114.094 128.041 141.581 145.888 147.873 147.560 145.502 141.589 135.839 128.359 119.600 109.409 101.351 88.705 44.634 3.227 0.000 0.014 0.023 0.025 0.017 0.004 0.002 0.000 0.000 0.000 0.000 0.000 0.000 0.000 0.000 0.000 0.000 0.000 0.000 0.000 0.000 0.000 0.000 0.000 0.000 0.000 0.000
0.000 0.000 0.000 0.000 0.000 0.000 0.000 0.000 0.000 0.000 1.449 2.495 4.012 5.898 8.189 10.937 14.265 18.330 23.312 29.371 36.642 45.224 55.193 66.621 79.575 94.137 110.416 128.492 148.441 170.422 194.758 222.319 255.118 293.216 320.067 339.433 354.857 366.658 375.342 380.577 382.452 381.168 375.883 366.770 359.692 339.357 235.890 61.529 0.000 0.048 0.073 0.116 0.101 0.052 0.007 0.002 0.000 0.000 0.000 0.000 0.000 0.000 0.000 0.000 0.000 0.000 0.000 0.000 0.000 0.000 0.000 0.000 0.000 0.000 0.000
0.000 0.000 0.000 0.000 0.000 0.000 0.000 0.000 0.000 1.630 2.981 4.814 7.266 10.275 14.022 18.679 24.466 31.645 40.545 51.450 64.646 80.392 98.917 120.483 145.358 173.826 206.192 242.779 283.924 330.027 381.748 440.439 509.403 585.219 648.148 704.538 757.131 808.046 855.941 899.733 938.778 972.688 998.357 1014.671 1042.702 1024.131 822.561 344.118 12.651 0.197 0.202 0.126 0.231 0.254 0.069 0.008 0.000 0.000 0.000 0.000 0.000 0.000 0.000 0.000 0.000 0.000 0.000 0.000 0.000 0.000 0.000 0.000 0.000 0.000 0.000
0.000 0.000 0.000 0.000 0.000 0.000 0.000 0.000 1.731 3.318 5.586 8.433 12.145 16.878 22.915 30.598 40.291 52.413 67.468 85.914 108.196 134.800 166.242 203.036 245.749 295.010 351.482 415.814 488.669 570.803 663.138 767.148 885.489 1023.473 1169.013 1293.343 1419.579 1553.560 1688.429 1822.774 1954.438 2083.275 2206.435 2321.945 2430.813 2433.229 2203.574 1199.325 134.547 4.211 0.225 0.377 1.266 1.381 0.485 0.072 0.010 0.000 0.000 0.000 0.000 0.000 0.000 0.000 0.000 0.000 0.000 0.000 0.000 0.000 0.000 0.000 0.000 0.000 0.000
0.000 0.000 0.000 0.000 0.000 0.000 0.000 1.740 3.497 6.051 9.318 13.464 18.882 25.997 35.176 46.874 61.599 79.941 102.603 130.237 163.521 203.098 249.632 303.922 366.853 439.393 522.559 617.380 724.835 845.995 982.121 1134.704 1305.628 1497.449 1713.301 1949.804 2208.956 2438.682 2682.464 2941.068 3208.789 3490.105 3785.209 4092.399 4399.848 4632.827 4772.871 2791.459 273.455 12.472 78.482 5.435 0.201 5.568 2.396 0.417 0.054 0.005 0.000 0.000 0.000 0.000 0.000 0.000 0.000 0.000 0.000 0.000 0.000 0.000 0.000 0.000 0.000 0.000 0.000
0.000 0.000 0.000 0.000 0.000 0.000 1.542 3.281 5.947 9.281 13.538 19.095 26.510 36.297 48.880 64.741 84.464 108.762 138.514 174.579 217.810 269.053 329.180 399.160 480.110 573.279 679.981 801.493 939.163 1094.385 1268.599 1463.429 1680.606 1922.210 2190.543 2486.206 2808.365 3162.423 3526.356 3879.011 4259.908 4671.282 5113.737 5581.422 6076.329 6435.018 7415.790 3070.532 142.146 19.085 142.301 161.669 0.000 12.813 8.288 1.709 0.222 0.020 0.000 0.000 0.000 0.000 0.000 0.000 0.000 0.000 0.000 0.000 0.000 0.000 0.000 0.000 0.000 0.000 0.000
0.000 0.000 0.000 0.000 0.000 1.163 2.690 5.159 8.333 12.272 17.386 24.230 33.470 45.666 61.255 80.727 104.707 134.025 169.707 212.789 264.280 325.146 396.371 479.080 574.581 684.355 809.962 952.910 1114.630 1296.742 1500.980 1729.056 1983.060 2264.979 2576.477 2918.911 3292.587 3698.690 4146.563 4625.686 5090.090 5602.959 6156.323 6738.490 7378.667 7756.986 8827.300 1906.679 2.787 0.380 52.774 189.140 9.541 5.213 6.319 1.837 0.313 0.028 0.001 0.000 0.000 0.000 0.000 0.000 0.000 0.000 0.000 0.000 0.000 0.000 0.000 0.000 0.000 0.000 0.000
0.000 0.000 0.000 0.000 0.000 1.734 3.867 6.745 10.299 14.750 20.570 28.461 39.167 53.298 71.308 93.673 121.030 154.271 194.532 243.001 300.820 369.040 448.711 541.035 647.458 769.637 909.322 1068.187 1247.885 1450.047 1676.492 1929.333 2210.584 2522.359 2866.447 3243.835 3656.125 4106.803 4601.955 5153.934 5720.795 6301.654 6923.119 7578.523 8233.444 9234.230 7784.624 778.311 2.612 3.723 145.491 0.000 0.000 2.283 0.358 0.374 0.077 0.013 0.001 0.000 0.000 0.000 0.000 0.000 0.000 0.000 0.000 0.000 0.000 0.000 0.000 0.000 0.000 0.000 0.000
0.000 0.000 0.000 0.000 0.000 2.272 4.747 7.913 11.791 16.649 23.023 31.696 43.483 59.048 78.864 103.385 133.243 169.358 212.934 265.281 327.644 401.144 486.863 586.041 700.204 831.132 980.711 1150.745 1342.915 1559.103 1801.355 2071.573 2372.055 2704.898 3071.649 3474.087 3915.226 4400.554 4937.512 5527.280 6172.926 6803.669 7453.822 8135.575 8746.815 10863.537 5006.527 384.903 250.259 110.658 0.158 1.374 0.067 2.671 0.759 0.187 0.022 0.003 0.000 0.000 0.000 0.000 0.000 0.000 0.000 0.000 0.000 0.000 0.000 0.000 0.000 0.000 0.000 0.000 0.000
0.000 0.000 0.000 0.000 0.000 2.608 5.330 8.711 12.846 18.014 24.794 34.015 46.548 63.101 84.170 110.198 141.796 179.895 225.742 280.727 346.178 423.264 513.093 616.920 736.308 873.116 1029.321 1206.811 1407.393 1632.788 1885.010 2166.623 2479.558 2825.615 3206.937 3626.354 4088.383 4599.047 5163.748 5777.146 6429.885 7136.403 7788.539 8484.326 9021.844 10959.862 1971.696 0.000 0.070 0.000 18.241 2.957 1.717 1.194 0.320 0.080 0.008 0.000 0.000 0.000 0.000 0.000 0.000 0.000 0.000 0.000 0.000 0.000 0.000 0.000 0.000 0.000 0.000 0.000 0.000
0.000 0.000 0.000 0.000 1.046 2.814 5.691 9.220 13.539 18.930 25.989 35.574 48.590 65.775 87.648 114.650 147.380 186.765 234.072 290.741 358.153 437.519 529.963 636.747 759.449 899.963 1060.316 1242.473 1448.240 1679.612 1938.559 2227.148 2547.662 2902.021 3292.778 3724.091 4201.009 4727.662 5304.594 5924.340 6576.454 7292.305 7975.637 8666.992 9744.876 9055.628 458.793 4.874 0.743 1.448 0.000 0.000 1.832 0.362 0.031 0.004 0.000 0.000 0.000 0.000 0.000 0.000 0.000 0.000 0.000 0.000 0.000 0.000 0.000 0.000 0.000 0.000 0.000 0.000 0.000
0.000 0.000 0.000 0.000 1.090 2.936 5.897 9.515 13.953 19.491 26.731 36.545 49.851 67.407 89.749 117.326 150.734 190.897 239.088 296.768 365.350 446.074 540.087 648.660 773.372 916.128 1078.978 1263.903 1472.894 1707.858 1970.782 2263.892 2589.240 2948.906 3346.412 3786.607 4273.208 4806.147 5382.453 5998.419 6650.537 7378.818 8082.943 8795.171 10664.682 6308.115 19.376 0.224 0.075 0.089 0.000 1.414 0.081 0.009 0.016 0.003 0.000 0.000 0.000 0.000 0.000 0.000 0.000 0.000 0.000 0.000 0.000 0.000 0.000 0.000 0.000 0.000 0.000 0.000 0.000
0.000 0.000 0.000 0.000 1.109 2.997 5.996 9.659 14.164 19.790 27.138 37.084 50.551 68.300 90.878 118.748 152.515 193.104 241.785 300.022 369.242 450.708 545.591 655.176 781.046 925.099 1089.386 1275.918 1486.487 1723.106 1988.151 2283.499 2611.182 2974.178 3376.650 3822.393 4311.988 4843.029 5411.597 6021.076 6685.567 7439.368 8165.876 8923.839 11013.031 4479.047 0.111 0.462 0.024 0.000 0.009 0.259 1.161 1.730 0.025 0.015 0.001 0.001 0.000 0.000 0.000 0.000 0.000 0.000 0.000 0.000 0.000 0.000 0.000 0.000 0.000 0.000 0.000 0.000 0.000
0.000 0.000 0.000 0.000 1.113 3.014 6.027 9.708 14.242 19.909 27.313 37.329 50.873 68.702 91.365 119.342 153.252 194.027 242.930 301.417 370.912 452.692 547.949 657.989 784.396 929.055 1094.002 1281.245 1492.738 1730.270 1995.738 2291.751 2620.929 2986.474 3392.325 3840.989 4329.596 4851.806 5411.861 6027.848 6720.590 7500.803 8254.503 9047.552 11226.787 3379.667 0.376 0.136 0.000 0.000 0.031 0.085 1.483 5.073 0.024 0.734 0.063 0.004 0.000 0.000 0.000 0.000 0.000 0.000 0.000 0.000 0.000 0.000 0.000 0.000 0.000 0.000 0.000 0.000 0.000
0.000 0.000 0.000 0.000 1.107 3.005 6.021 9.707 14.248 19.928 27.353 37.398 50.972 68.822 91.496 119.484 153.420 194.244 243.217 301.783 371.359 453.224 548.586 658.767 785.358 930.234 1095.416 1282.914 1494.643 1732.453 1998.269 2294.588 2624.728 2992.519 3400.442 3846.343 4325.728 4842.074 5409.775 6056.262 6777.584 7566.635 8343.920 9121.489 11327.057 3039.891 0.863 0.000 0.001 0.000 0.162 0.145 0.000 1.654 3.156 0.315 0.032 0.007 0.001 0.000 0.000 0.000 0.000 0.000 0.000 0.000 0.000 0.000 0.000 0.000 0.000 0.000 0.000 0.000 0.000
0.000 0.000 0.000 0.000 1.090 2.964 5.972 9.658 14.197 19.879 27.312 37.365 50.936 68.763 91.394 119.329 153.221 194.017 242.969 301.504 371.032 452.836 548.136 658.267 784.821 929.661 1094.791 1282.203 1493.835 1731.579 1997.207 2293.280 2623.918 2993.011 3398.660 3834.643 4305.608 4827.994 5428.677 6103.562 6837.900 7613.247 8399.569 9134.036 11297.543 3254.668 0.023 1.196 1.446 0.000 0.221 0.678 0.356 0.139 0.749 0.094 0.074 0.011 0.000 0.000 0.000 0.000 0.000 0.000 0.000 0.000 0.000 0.000 0.000 0.000 0.000 0.000 0.000 0.000 0.000
0.000 0.000 0.000 0.000 1.057 2.875 5.850 9.518 14.035 19.704 27.136 37.180 50.709 68.442 90.933 118.703 152.431 193.081 241.885 300.236 369.529 451.053 546.049 655.864 782.084 926.547 1091.223 1278.076 1489.024 1726.093 1991.706 2288.435 2619.389 2985.303 3381.208 3810.421 4287.053 4839.220 5468.878 6158.241 6865.369 7562.450 8338.646 9057.573 11222.432 4147.631 0.000 0.519 0.675 0.000 1.587 0.000 0.003 4.533 0.871 0.577 0.125 0.012 0.000 0.000 0.000 0.000 0.000 0.000 0.000 0.000 0.000 0.000 0.000 0.000 0.000 0.000 0.000 0.000 0.000
0.000 0.000 0.000 0.000 1.006 2.733 5.629 9.236 13.694 19.316 26.711 36.698 50.107 67.629 89.824 117.246 150.617 190.915 239.346 297.258 366.021 446.932 541.254 650.346 775.788 919.384 1083.062 1268.759 1478.425 1714.211 1978.721 2274.669 2603.139 2961.360 3350.428 3781.894 4287.889 4869.369 5503.054 6135.743 6743.974 7408.522 8186.799 8852.432 11206.735 5907.942 100.335 11.373 11.045 10.409 5.435 0.000 9.124 0.000 1.064 0.264 0.106 0.003 0.000 0.000 0.000 0.000 0.000 0.000 0.000 0.000 0.000 0.000 0.000 0.000 0.000 0.000 0.000 0.000 0.000
0.000 0.000 0.000 0.000 0.931 2.520 5.271 8.756 13.093 18.608 25.899 35.735 48.890 66.023 87.698 114.515 147.237 186.855 234.541 291.588 359.333 439.079 532.098 639.754 763.618 905.462 1067.178 1250.691 1458.022 1691.474 1953.472 2245.469 2566.403 2916.219 3304.903 3760.919 4293.125 4872.884 5427.218 5943.855 6513.364 7213.811 7946.686 8736.613 10617.011 8519.802 660.693 29.005 5.020 0.347 0.000 0.295 101.736 0.000 0.305 0.109 0.022 0.000 0.000 0.000 0.000 0.000 0.000 0.000 0.000 0.000 0.000 0.000 0.000 0.000 0.000 0.000 0.000 0.000 0.000
0.000 0.000 0.000 0.000 0.000 2.201 4.715 8.011 12.148 17.467 24.542 34.075 46.778 63.272 84.130 109.991 141.656 180.120 226.513 282.061 348.063 425.809 516.571 621.707 742.780 881.546 1039.866 1219.659 1422.993 1652.105 1908.990 2193.748 2505.725 2852.029 3257.768 3736.371 4254.451 4741.865 5185.865 5666.827 6319.714 7058.281 7870.032 8925.467 10196.626 11046.067 2051.039 247.876 92.396 47.868 42.960 51.950 104.151 0.291 0.162 0.039 0.005 0.000 0.000 0.000 0.000 0.000 0.000 0.000 0.000 0.000 0.000 0.000 0.000 0.000 0.000 0.000 0.000 0.000 0.000
0.000 0.000 0.000 0.000 0.000 1.734 3.903 6.935 10.779 15.781 22.474 31.489 43.470 58.998 78.650 103.100 133.165 169.829 214.173 267.346 330.591 405.177 492.360 593.496 710.146 844.054 997.036 1170.971 1367.887 1589.769 1837.520 2111.423 2415.887 2768.098 3183.113 3637.935 4071.393 4459.141 4870.400 5481.145 6219.020 7135.807 8339.043 9323.385 10175.047 12215.207 3936.790 1066.430 492.560 387.971 357.381 213.762 54.339 25.227 0.012 0.012 0.000 0.000 0.000 0.000 0.000 0.000 0.000 0.000 0.000 0.000 0.000 0.000 0.000 0.000 0.000 0.000 0.000 0.000 0.000
0.000 0.000 0.000 0.000 0.000 1.124 2.833 5.488 8.932 13.470 19.567 27.779 38.690 52.841 70.801 93.254 121.006 155.005 196.271 245.861 304.946 374.759 456.533 551.613 661.543 788.002 932.704 1097.400 1283.954 1493.946 1728.010 1987.589 2282.995 2626.367 3007.294 3390.211 3746.346 4123.356 4669.426 5430.937 6385.733 7694.959 8144.713 9013.339 9659.933 11973.589 5412.891 2570.793 1681.337 1240.082 971.080 404.880 100.770 0.027 0.008 0.005 0.000 0.000 0.000 0.000 0.000 0.000 0.000 0.000 0.000 0.000 0.000 0.000 0.000 0.000 0.000 0.000 0.000 0.000 0.000
0.000 0.000 0.000 0.000 0.000 0.629 1.653 3.730 6.629 10.532 15.788 22.869 32.302 44.598 60.290 80.039 104.604 134.857 171.727 216.188 269.309 332.231 406.171 492.430 592.409 707.588 839.459 989.526 1159.274 1349.848 1561.403 1796.791 2067.967 2370.441 2689.520 3019.596 3381.552 3893.931 4661.770 5621.076 6495.907 6692.665 6606.297 7297.377 7889.858 10327.885 6308.050 4054.432 2898.530 2001.461 1070.359 214.850 0.025 0.007 0.007 0.000 0.000 0.000 0.000 0.000 0.000 0.000 0.000 0.000 0.000 0.000 0.000 0.000 0.000 0.000 0.000 0.000 0.000 0.000 0.000
0.000 0.000 0.000 0.000 0.000 0.000 0.774 1.957 4.076 7.123 11.291 16.927 24.478 34.421 47.236 63.502 83.882 109.149 140.112 177.597 222.557 276.025 339.049 412.725 498.148 596.374 708.469 835.476 978.281 1137.023 1311.487 1505.473 1729.395 1982.003 2250.858 2578.861 3062.722 3664.493 4384.389 4800.207 4839.989 4574.371 4631.343 5217.149 6180.073 8752.410 6771.184 5254.727 3627.518 1643.447 330.265 5.728 0.029 0.013 0.000 0.000 0.000 0.000 0.000 0.000 0.000 0.000 0.000 0.000 0.000 0.000 0.000 0.000 0.000 0.000 0.000 0.000 0.000 0.000 0.000
0.000 0.000 0.000 0.000 0.000 0.000 0.000 0.827 1.896 3.766 6.593 10.515 15.879 23.071 32.466 44.512 59.754 78.821 102.321 130.900 165.306 206.309 254.614 310.812 375.406 448.894 531.783 624.535 727.399 840.318 964.360 1106.850 1283.791 1497.416 1744.498 2060.387 2474.006 2851.457 2997.858 2941.023 2723.399 2639.218 3110.379 3792.820 5248.500 6650.827 5702.966 4145.485 1816.735 354.544 17.692 0.000 0.006 0.000 0.000 0.000 0.000 0.000 0.000 0.000 0.000 0.000 0.000 0.000 0.000 0.000 0.000 0.000 0.000 0.000 0.000 0.000 0.000 0.000 0.000
0.000 0.000 0.000 0.000 0.000 0.000 0.000 0.000 0.737 1.556 2.961 5.131 8.221 12.484 18.189 25.653 35.275 47.396 62.354 80.568 102.478 128.377 158.405 192.608 230.991 273.640 320.680 372.258 428.624 490.724 562.369 655.102 782.776 934.592 1096.506 1254.276 1376.765 1444.155 1388.542 1287.516 1250.477 1450.845 2093.466 2816.091 3740.160 3540.851 2500.754 1188.244 278.299 22.186 0.000 0.001 0.000 0.000 0.000 0.000 0.000 0.000 0.000 0.000 0.000 0.000 0.000 0.000 0.000 0.000 0.000 0.000 0.000 0.000 0.000 0.000 0.000 0.000 0.000
0.000 0.000 0.000 0.000 0.000 0.000 0.000 0.000 0.000 0.564 1.076 2.002 3.384 5.436 8.303 12.078 16.968 23.116 30.644 39.727 50.438 62.767 76.667 92.112 109.106 127.608 147.598 169.129 192.371 217.943 247.832 287.925 343.282 404.577 456.624 492.538 505.577 482.433 455.110 447.528 515.291 702.623 1044.138 1414.703 1367.122 1025.461 548.297 139.662 13.980 0.000 0.000 0.000 0.000 0.000 0.000 0.000 0.000 0.000 0.000 0.000 0.000 0.000 0.000 0.000 0.000 0.000 0.000 0.000 0.000 0.000 0.000 0.000 0.000 0.000 0.000
0.000 0.000 0.000 0.000 0.000 0.000 0.000 0.000 0.000 0.000 0.000 0.608 1.095 1.843 3.104 4.731 6.746 9.228 12.284 15.906 19.992 24.534 29.581 35.175 41.261 47.824 54.790 62.143 69.939 78.335 87.800 99.159 112.412 125.009 131.970 133.715 131.382 128.112 126.142 135.122 161.637 215.976 279.435 309.744 231.370 111.874 33.729 4.570 0.000 0.000 0.000 0.000 0.000 0.000 0.000 0.000 0.000 0.000 0.000 0.000 0.000 0.000 0.000 0.000 0.000 0.000 0.000 0.000 0.000 0.000 0.000 0.000 0.000 0.000 0.000
0.000 0.000 0.000 0.000 0.000 0.000 0.000 0.000 0.000 0.000 0.000 0.000 0.000 0.460 0.853 1.399 2.001 2.656 3.632 4.784 6.019 7.389 9.028 10.844 12.750 14.727 16.796 18.894 20.992 23.100 25.231 27.259 28.984 29.997 29.921 29.305 28.780 28.387 29.081 31.412 35.999 40.447 41.240 30.900 15.473 4.901 0.635 0.000 0.000 0.000 0.000 0.000 0.000 0.000 0.000 0.000 0.000 0.000 0.000 0.000 0.000 0.000 0.000 0.000 0.000 0.000 0.000 0.000 0.000 0.000 0.000 0.000 0.000 0.000 0.000
0.000 0.000 0.000 0.000 0.000 0.000 0.000 0.000 0.000 0.000 0.000 0.000 0.000 0.000 0.000 0.231 0.326 0.402 0.563 0.814 1.144 1.534 1.994 2.500 2.972 3.362 3.884 4.364 4.789 5.158 5.456 5.644 5.657 5.471 5.210 4.999 4.934 4.831 5.007 5.141 5.196 4.773 3.426 1.745 0.548 0.100 0.000 0.000 0.000 0.000 0.000 0.000 0.000 0.000 0.000 0.000 0.000 0.000 0.000 0.000 0.000 0.000 0.000 0.000 0.000 0.000 0.000 0.000 0.000 0.000 0.000 0.000 0.000 0.000 0.000
