benchmarks/avaInclinedPlaneEntresTest/release1IP_1af24dd523_C_entres_dfa_pft.asc
ncols 1001
nrows 401
xllcenter 1000.00
yllcenter -5000.00
cellsize 5.00
nodata_value nan
[rows 168 to 188 of 401, columns 0 to 46 of 1001]
0 0 0 0 0 0 0 0 0 0 0 0 0 0 0 0 0 0 0 0 0 0 0 0 0 0 0 0 0 0 0 0 0 0 0 0 0 0 0 0 0 0 0 0 0 0 0
0 0 0 0 0 0 0 0 0 0 0 0 0 0 0 0 0 0 0 0 0 0 0 0 0 0 0 0 0 0 0 0 0 0 0 0 0 0 0 0 0 0 0.002342037242669869 0.01315433924909022 0.02871169271006635 0.04284705433720142 0.05153741569504964
0 0 0 0 0 0 0 0 0 0 0 0 0 0 0 0 0 0 0 0 0 0 0 0 0 0 0 0 0.0007133252672864646 0.01013836288745073 0.02842920982578311 0.04603877557445013 0.05952344360228471 0.07337867287207073 0.08424507191738163 0.08878609815558597 0.09615698898182987 0.1050933059841052 0.1320925053174053 0.1820296814511551 0.2268437494565626 0.2624666749661952 0.2827962290848844 0.3036744056019837 0.2844286245642147 0.2918453849880921 0.296774411735465
0 0 0 0 0 0 0 0 0 0 0 0 0 0 0 0 0 0 0 0 0 0.008883402059566298 0.0365032134426125 0.07200671467647807 0.11443779310794 0.15944624654266 0.208291662322382 0.2750931175447011 0.3161545878700315 0.352356098598983 0.3350013606830767 0.3748714728175955 0.3912524515001488 0.3975886981613983 0.4271984215996505 0.4717482637371957 0.5019306685471437 0.5298726398194541 0.5507441701561369 0.5463945781338398 0.5382247529813284 0.5349543344241986 0.526515007867958 0.5407981812292667 0.5680495353069031 0.5757669953518425 0.5444414923885443
0 0 0 0 0 0 0 0 0 0 0 0 0 0 0 0 0 0 0 0 0.2917115844842839 0.478162227255663 0.5433149526210731 0.6228007497731953 0.6044894591380042 0.6117254264639704 0.6435738991791264 0.6311357939390789 0.6261953736593614 0.7325912212720377 0.7265203778302107 0.7128608215644341 0.7097566102323636 0.7464807807876179 0.7241974634495913 0.7497962943413136 0.7634033658758861 0.7736472002774074 0.7510022854198143 0.7616360985152362 0.7403453386891272 0.7720942147713914 0.7908779641617429 0.7780390574538479 0.7677218492815517 0.7164026717545436 0.7062688548678098
0 0 0 0 0 0 0 0 0 0 0 0 0 0 0 0 0 0 0 0 0.3669019092635739 0.8695088554111401 1.02597088005659 0.8847414352453721 0.9859594430928923 0.9213691198262708 1.058968335444103 0.999162390438092 0.9819323844892712 1.135828577727446 1.04960690871694 1.06855881901988 1.084250142804026 1.136150513502718 1.040298743690122 0.9978372301802902 1.000108215189138 0.9830369924004502 1.085006488333485 0.9916411724088349 1.091764640654141 1.259358692949422 1.062467751834799 1.030360829463945 0.9814074260025862 1.093439588353735 1.050852453293178
0 0 0 0 0 0 0 0 0 0 0 0 0 0 0 0 0 0 0 0 0.5415818342421995 1.135767944381671 0.9431141185564033 1.02065194788847 1.225519105830793 1.108761865849051 1.038077679099767 1.018433967518586 1.39122859462984 1.199901746063329 1.102806879747478 1.166924451211609 1.148279079742953 1.077738767522996 1.002180759777487 0.9583418666094994 1.061625406571522 1.052084701109809 1.054468567408711 1.224564895511457 1.125881779115544 1.062479497083801 1.035234851059695 1.166185297811269 1.225749608684209 1.114177251898279 1.06129473283336
0 0 0 0 0 0 0 0 0 0 0 0 0 0 0 0 0 0 0 0 0.2821807243872932 0.9661165080860703 1.099267984429797 1.064164479509661 1.028817157548614 0.9851610827790214 0.9738762167277407 1.078406695409335 1.302029062402401 1.229552149458185 1.168857269874292 1.119085797211721 1.06631689266606 1.206989888346559 1.083626176911725 1.025477521023667 1.173140909713976 1.124455946942058 1.073942842278984 1.328125304522535 1.197375868815034 1.121913099725825 1.172094814970043 1.086492007864771 1.06116613654377 1.137841798276575 1.09620488823416
0 0 0 0 0 0 0 0 0 0 0 0 0 0 0 0 0 0 0 0 0.467686532447315 1.001103042920972 0.9305998308686553 1.136462078108504 1.114580610462924 1.073637449198694 1.096281973167684 1.10453353938373 1.079420080731497 1.073243987378028 1.07723043755924 1.074028015442214 1.114885151815767 1.050874840659132 1.01084057914709 1.361405057607227 1.23480571792152 1.213505141207785 1.12129825605696 1.076055830124596 1.066554166849514 1.132522227106834 1.086265214070902 1.186111771653864 1.165505417948117 1.19518678320749 1.127508575662597
0 0 0 0 0 0 0 0 0 0 0 0 0 0 0 0 0 0 0 0 0.2975509718599954 1.09194466065056 1.119860523241406 1.033641715273708 0.9630467566924985 1.16570491343673 1.193699212613996 1.144549755418568 1.110443574320803 1.094761942815814 1.191943343619166 1.230142234265313 1.128407140024959 1.100202173550359 1.309969669324005 1.293708862693761 1.198132177276322 1.128310354734433 1.144362045666309 1.108263853019157 1.184703455788509 1.097398225018626 1.084507446003133 1.073226203647666 1.064601631859188 1.063055753048262 1.103291860445171
0 0 0 0 0 0 0 0 0 0 0 0 0 0 0 0 0 0 0 0 0.5003597140524791 1.123910802722822 1.212721954114179 1.043747542439275 1.134427621435062 1.099546414361812 1.106176450676741 1.10739117166817 1.321952856589647 1.324854541807547 1.204142083573398 1.146266363342997 1.102814099892234 1.063198967622123 1.055217780789222 1.081993896533689 1.090208339320236 1.074551805084064 1.054229755433534 1.072853451140893 1.072051388965849 1.30163833277494 1.154579476967401 1.107390685242637 1.156934285315051 1.161490572045352 1.125738728917073
0 0 0 0 0 0 0 0 0 0 0 0 0 0 0 0 0 0 0 0 0.6293847362787313 1.116833299515037 1.002778219549688 0.9370228164776898 1.075371628522268 1.066930203916776 1.169623575449236 1.174176131179146 1.143957293615916 1.126866362546549 1.11570203611082 1.199122389442029 1.124169738947434 1.098186229158026 1.180112737136168 1.143500632879392 1.110920929160339 1.241572070663319 1.139785944965748 1.111256568813815 1.119251165277107 1.093968217367384 1.080278721739248 1.06801864412579 1.05902551734156 1.052021566580536 1.062401085616193
0 0 0 0 0 0 0 0 0 0 0 0 0 0 0 0 0 0 0 0 0.5943946336753899 1.110556104050266 1.023600434014426 0.9769606404915642 0.9469756524478913 1.363769846066269 1.234385554256868 1.136449732885369 1.088585400240466 1.079623317555758 1.114337742921668 1.182046678946437 1.234431118411451 1.297483704545106 1.201680115757334 1.162919858731689 1.205697102635225 1.132802850766159 1.210811083594867 1.147813984098365 1.268199787787459 1.168212650354558 1.130547009071042 1.110163448953538 1.093465731159871 1.169816223908604 1.163694841259713
0 0 0 0 0 0 0 0 0 0 0 0 0 0 0 0 0 0 0 0 0.3468139290981219 0.887018258648288 1.191376092562032 1.319329389386494 1.15662871234042 1.073320638979407 1.018653455890541 1.056371657973982 1.152227388250218 1.107202999903307 1.062425202212399 1.060400747787036 1.155759761589023 1.212128659892021 1.15695427505873 1.119481068494313 1.09953108216774 1.102951582664063 1.119872253986676 1.11600011278748 1.098042016144027 1.112928320370377 1.102439867428017 1.128800472986426 1.112388739253249 1.08817056177397 1.077005790533516
0 0 0 0 0 0 0 0 0 0 0 0 0 0 0 0 0 0 0 0 0.5815471013793428 1.172810771097442 1.13132502550866 1.145172851428762 1.070251906794437 1.023554448830864 0.9934321762385275 1.070215510645438 1.071740810209431 1.085398604996124 1.083441126981977 1.08326994006772 1.087085351030856 1.078052998732135 1.077001137429742 1.104632489209442 1.144879056056364 1.110267203654437 1.081687804723697 1.081142980544978 1.063970565771168 1.06381174008624 1.055443893665958 1.045322904126243 1.096844256615827 1.096272116591185 1.078461732845133
0 0 0 0 0 0 0 0 0 0 0 0 0 0 0 0 0 0 0 0 0.5263446651300367 1.045470023964604 1.069390722281785 1.087882593711045 1.107860020044668 1.059594616987326 1.175290030350362 1.086764577527841 1.111833901808479 1.075931781598892 1.131432342773812 1.136200345022798 1.2635833013437 1.113988481082205 1.081615106320466 1.061151153197563 1.242477173385906 1.20566009802087 1.155565895062021 1.128428882450963 1.251403495230556 1.096497189449883 1.080524919957707 1.109317414652344 1.098383092533802 1.091374808636639 1.079439699064958
0 0 0 0 0 0 0 0 0 0 0 0 0 0 0 0 0 0 0 0 0.6904575853876125 1.118845220489483 0.9464811655509303 1.012752423923476 1.141856623306966 1.101900797023395 1.082068196019454 1.070926524909954 1.133617351245959 1.135854782029182 1.107843325950019 1.086441240814031 1.128318819133326 1.091079532370421 1.063270489356839 1.04849674796467 1.048464874954354 1.147299992040914 1.090894718644958 1.065881727425088 1.097298953708463 1.084590579931144 1.191338257190494 1.111140176034012 1.071068016351839 1.083905673555029 1.06412429418616
0 0 0 0 0 0 0 0 0 0 0 0 0 0 0 0 0 0 0 0 0.5091469352747 0.9104546236879031 0.905643310035635 0.8732708264669563 1.071489199896057 1.037700333071561 1.071703682011998 1.085896570120121 1.071985466922085 1.078981934425655 1.064632051683929 1.063549623435205 1.052947634869684 1.036409182608364 1.088376692617354 1.106701103972806 1.1183385925378 1.074469711514989 1.058115653341425 1.053100871900802 1.117088839659757 1.085161550763518 1.079936861986583 1.321251524779199 1.156881986791636 1.160547654462953 1.09626662921839
0 0 0 0 0 0 0 0 0 0 0 0 0 0 0 0 0 0 0 0 0.5740617326038913 1.073948084759879 1.044476807027494 1.315386476248275 1.13318129793788 1.163747693102275 1.148847526454055 1.093021949123307 1.116359959008586 1.093013538654779 1.042002793107606 1.026699235117803 1.173227538101775 1.084579600386772 1.155910336278847 1.103883770913254 1.080660736147969 1.122253327498264 1.085936099693436 1.281682093362863 1.201338160835128 1.143202851193295 1.117791009137689 1.134019165249479 1.080954118218087 1.161598308620908 1.170328086844866
0 0 0 0 0 0 0 0 0 0 0 0 0 0 0 0 0 0 0 0 0.4473597965781293 1.327902030656838 1.159907253604328 1.039644394303475 1.133267718592512 1.090326995365299 1.059569930772073 1.344793689537381 1.176898502387375 1.128184964037444 1.10646124711378 1.077736177252583 1.066050121129829 1.093847522615667 1.081697916395064 1.058845106522056 1.158014035688315 1.134482730698062 1.20555038408078 1.164336089703721 1.110369624223855 1.09494724895982 1.082771781863539 1.070366878402811 1.068884563623322 1.063989545214798 1.061356140697484
0 0 0 0 0 0 0 0 0 0 0 0 0 0 0 0 0 0 0 0 0.6861795775692642 1.481365285928242 1.143435132540144 1.042020555103053 1.042464815081241 1.153839556261376 1.095525404275704 1.061725918151301 1.082031108461272 1.14853828555546 1.09414454023811 1.074066691992074 1.211921814498984 1.302568423603683 1.318932962826462 1.20111456962814 1.14551747316887 1.110345290621223 1.081076486577533 1.085147784426804 1.083300192228617 1.077445338580546 1.138562644681477 1.138331030211744 1.21674038687539 1.12503794533074 1.102964903282372
