benchmarks/avaInclinedPlaneEntresTest/release1IP_0098dde5b0_C_L_entres_dfa_pfv.asc
ncols        1001
nrows        401
xllcorner    997.500000000000
yllcorner    -5002.500000000000
cellsize     5.000000000000
NODATA_value nan
[rows 190 to 208 of 401, columns 86 to 128 of 1001]
23.081327910309870077 23.116412850576224969 23.156534143202467391 23.192740355882708769 23.227620941820468659 23.271028212171465555 23.308843661205866482 23.348541097093640673 23.390667693232156665 23.418623705369505217 23.466533196336012423 23.504942038889691247 23.541757809363449638 23.584106519526343959 23.613771758857609484 23.654807126426621977 23.689241849297470566 23.732495473136602016 23.776646660103793351 23.823443058777378667 23.868161849828702259 23.913556622251299189 23.950372292387292816 23.990815852625779314 24.02723278987325628 24.072467333415335844 24.122358453542855017 24.171609897068861983 24.213602933661416472 24.255971427582025512 24.294453123896090574 24.326325860515350286 24.369388266441031732 24.415817511982652377 24.463888296753808049 24.505668560381749899 24.543013062628688203 24.580081424001352985 24.611253730114945881 24.652939717172070999 24.705466140360012872 24.750486573337546758 24.798936560212915481
23.129382916122459335 23.166297202063056204 23.211505368764505874 23.255123929435640662 23.298588812042371643 23.347571533993953352 23.391642984210498923 23.433324871826503255 23.476822324835278977 23.510822196904459958 23.551759259900382659 23.593176286029031274 23.639868066787443013 23.688180030483962923 23.726508611719495434 23.774570940656445828 23.809953904606864228 23.852444462575697059 23.887029261497115584 23.939834583550560154 23.982676258838463212 24.032077373556671063 24.07598652052051591 24.116344655578064504 24.159062769644574331 24.198939301239821731 24.238137942389595736 24.290640087314795181 24.339519630064362588 24.39003384082161574 24.435297747171272675 24.481045070091273175 24.51746656092051424 24.559665956664147757 24.605928188531972722 24.664252278688934439 24.712109811117972669 24.762565616922703526 24.80400482988643418 24.848963485631088588 24.883516247991973813 24.929924620733519447 24.984439444364181071
23.161608556882896437 23.198734364168608124 23.240014614785994951 23.285269645874294042 23.319728728928556194 23.373309481850995439 23.416200981634872846 23.464138326906265775 23.511038132318731186 23.549518885869900942 23.595161021428591397 23.632875131830928694 23.686208639917381902 23.733332241099571291 23.782290248175872449 23.832270872700011211 23.875898488659032637 23.927711195384468112 23.964252812371920953 24.009655251544916865 24.056483404992057729 24.111673296981685155 24.158762535376673952 24.200421660929571033 24.245454949655687926 24.288239678732949756 24.327040908966825583 24.374887748746775884 24.427525527265210314 24.477476695820737262 24.529419124482675585 24.574871726839027986 24.617987707959869681 24.665550936112982328 24.700697432771946183 24.762039557874206963 24.816018202741076948 24.875410944598023377 24.924054827623127295 24.973415138166124905 25.022264414969509261 25.058665127679798701 25.111359177503757678
23.238224731624427477 23.268821067058450325 23.308443299095845447 23.346302110782495731 23.383831557336115736 23.431265604885169296 23.469359116390187125 23.511985415108419772 23.557298576074696683 23.595729556462373466 23.638952484800828557 23.67289130313712775 23.724523870921004232 23.76839403235123882 23.812812508067811024 23.853844719792927975 23.891321667604451306 23.932974084450655994 23.967518288699743323 24.021988050040544493 24.067139770054900794 24.11943210963428541 24.168865498307241069 24.214888979680022629 24.260819057325413439 24.305472790007570438 24.345401990812412407 24.402528539886457537 24.453978940428235944 24.521283469953711887 24.558680600821961804 24.611595231215265045 24.657948542073011566 24.702659000086676144 24.747356679785113442 24.809606125801376919 24.862218181930021643 24.921687130310044012 24.969991683031491192 25.021446681019750002 25.066166654822815474 25.111252058333349169 25.15823179152950928
23.276274986674916789 23.307159572340591325 23.342961978191119954 23.388859926706281556 23.420998068534998993 23.460509364506208385 23.497256823286381433 23.532577639969240124 23.567857942549249373 23.604434817509925892 23.645772542593761045 23.688546837615291452 23.725192762475685981 23.763180427253857374 23.799465119523027568 23.832937086946710536 23.868771856642172935 23.912292307407053471 23.955426742306045185 23.997153708132859862 24.038638195480618975 24.080871072252289622 24.128719985794564451 24.199654571519225499 24.265056307735740404 24.330582422974853074 24.400655542927140118 24.4829535797226292 24.559317635067291263 24.632853535425951463 24.636149697766342115 24.603040904318387305 24.621965065947883033 24.675580113141048599 24.732252793117847744 24.790960382446773025 24.841589879579196065 24.898918610555373476 24.947706128404341541 25.001867705990726165 25.051990885080847704 25.101561148155685288 25.163869585026908737
23.281894589457284184 23.321308260973573567 23.355960555136377366 23.394602717103808232 23.424837339911700695 23.45146465092729926 23.482619763263048895 23.515208211966545093 23.55835864030835225 23.593179478329972198 23.625871433494666007 23.659556846175835432 23.687343842684040141 23.717816567717296294 23.756621537313964865 23.799776234675633191 23.842016802830556799 23.883137592880849809 23.925680958626163175 23.962573892458660652 24.003127700110770348 24.079589070216812274 24.159292827311123375 24.232557231238569528 24.30467164043699313 24.376200116760639247 24.441975681109479268 24.52606873811419419 24.610175451733510954 24.685644961832007738 24.694479641926772473 24.655867947231953963 24.636438143272496148 24.626166147683814955 24.674752608026327749 24.730162503384576667 24.782040440336995601 24.838664930416502585 24.88939527505401017 24.941130115970306491 24.99703792351694176 25.065522849994476218 25.124872677121803832
23.264179574811326034 23.297281491300104506 23.321745011882160981 23.349014642458186586 23.384394946589559083 23.420207592688413456 23.452597367037231635 23.488097318187321605 23.522973371072112059 23.553237480035505769 23.584269696385383952 23.614957622554204164 23.652065132805969228 23.689905227688466738 23.72520214521198767 23.759771673886895371 23.792885243153946817 23.823054707198490831 23.862309590167082973 23.928710997073554978 24.008085369690771671 24.085921787536438643 24.161211560105588347 24.239570310816819898 24.308156432396600621 24.382822735499914302 24.447698034815765311 24.530374037210453508 24.607112290758006878 24.68781138541577036 24.702156107703366672 24.667592295770337074 24.648524626436785212 24.641160498701953685 24.643554774099367677 24.670740033477365216 24.715312775482296104 24.767682143694372598 24.825554703092418407 24.881986313957497714 24.944606947077385684 25.008791785919211037 25.077732545792848384
23.195731581954220246 23.226323066662317274 23.261800737855242716 23.29958375311433727 23.329536508074657064 23.361862316673970952 23.386848154734980909 23.416854457752357632 23.44474317978480471 23.482531051587642423 23.514422901179109715 23.550389552497627221 23.574661328220177126 23.60837020170519196 23.627175423058179859 23.657781837751230114 23.709008294005013084 23.778019638201847386 23.845650266238976656 23.913467630304037215 23.978023225514821348 24.05846905702663463 24.13185901097637398 24.2105898234182213 24.283248283198183515 24.357461719932306465 24.423928526635116043 24.491048949461202255 24.570719481624443858 24.651626108519117508 24.661809478277891827 24.627982698933031713 24.6101389362506211 24.602593717622834646 24.608748671045059808 24.622991359851457815 24.668995429533140396 24.718649312936218365 24.781776867183594959 24.841382271290484596 24.908635976867739004 24.976018111136923494 25.040316940422606251
23.138644915038828032 23.165449425876488476 23.189760237091437745 23.218490864679861119 23.239544268556272755 23.259863604041857599 23.283624480480519026 23.312452953035396774 23.345083378977641075 23.367257256657758546 23.390814990194058964 23.410529143067886793 23.431396852955135301 23.47875796305154239 23.535044543124854499 23.605362177844035898 23.674450102235088167 23.739304196285431203 23.808359838696560473 23.867299123697613084 23.926628964609108152 23.990915888762295083 24.061298557597975645 24.131803506036977325 24.19994187560504173 24.268285951085484697 24.33244889159974278 24.394300374528359754 24.4591829392338731 24.527991360345353655 24.539542694735033024 24.500219036950102947 24.486832089839957405 24.483169741606914727 24.492236274022115339 24.511316663504032931 24.539949558759918347 24.595152806163113723 24.661256226495826382 24.723110404250814298 24.794629544518404174 24.862565857943856429 24.930992948359879335
23.022787577041547991 23.054095143833308157 23.069169204546703611 23.089609060332790591 23.098314974105317532 23.1169059922280411 23.139020582445223084 23.151577513295123367 23.172299529112720506 23.190834388724919535 23.250026831575603126 23.29940496043762721 23.35657006787281631 23.410805950120003871 23.464668808171257552 23.518029620452082895 23.576631932692347249 23.64007913604702793 23.702738536782909762 23.758234152287631247 23.816656723985339283 23.875067223818813744 23.926000204216549605 23.991644179000207515 24.05496662999612667 24.119362385531587734 24.1828340881236592 24.242314784823914664 24.30346010447434324 24.358678320363068792 24.350650764759436129 24.312457875596667378 24.292360879061842382 24.290431472120950218 24.297772687639543676 24.316263438954738518 24.34303880133141007 24.38097056587311684 24.442751225912040525 24.513432495495809604 24.582909608225882891 24.655694017585108924 24.725860146791323047
22.906901708144317809 22.928377847407151791 22.947990709829920064 22.968211597932597812 22.9838510717192257 22.992609877581681843 23.010724426995746938 23.022872503400538591 23.046625244040995995 23.092852876173363796 23.138245057539091221 23.185129275273624216 23.235561406109624727 23.290709976761021949 23.340331484963773079 23.392442482888906596 23.436482484960873052 23.485252833785974502 23.535045586275920471 23.593468266252962451 23.642147343870643539 23.692606119543338394 23.743835557405411407 23.791682663743102921 23.839343996346428867 23.899042371850654831 23.958001932649619192 24.015378418481908795 24.069675353765319414 24.123928421874282435 24.10294394201502044 24.044831810635034941 24.009437509374485842 24.005511759295835361 24.008416617649491087 24.025409369765224454 24.046776391604467449 24.078551712925047923 24.120379191442747668 24.180940486710515103 24.254892283518696416 24.322195257617089226 24.400363787776637281
22.830082763839346427 22.850626476601455295 22.870789632849479744 22.900130435082441949 22.921191251176256998 22.948109387620885258 22.972945626520548501 22.9938392845070112 23.01810943854521696 23.039947870703837651 23.062962609212210197 23.093507315897550569 23.114209525664062284 23.133779204830144494 23.151869759855660647 23.178727820255605963 23.223636966777977619 23.266577813937825425 23.317818041170141896 23.357854709397447124 23.397309076418117968 23.437679446300528241 23.486487945262819466 23.532415987055841811 23.574960909638662088 23.613584316876185198 23.65549021669762908 23.689974920122995883 23.743134150755953016 23.781717857245652681 23.762423071593204327 23.696924507214404798 23.644728635935532424 23.609572212122284185 23.6375194482155635 23.660282341593458 23.682442305441576025 23.707142391271290194 23.751884970066306835 23.806054245619595378 23.864502658847221994 23.934631540836484476 24.024061537762637641
22.859146801557866269 22.887970901827142001 22.920085935916130637 22.948387037838628544 22.975874740263112272 23.009403676762531177 23.034679469011244635 23.053734462747137002 23.081161982447415681 23.103524742978184037 23.130417645855629871 23.15956712261147743 23.185928046684271209 23.214599036184885961 23.246582003136499139 23.269500528380390847 23.311871537487672157 23.34155510699016034 23.37353209605743487 23.398990887655020998 23.426109269223488241 23.464064222041013608 23.498488223151483112 23.525653698038073713 23.556718846108463339 23.581455224706846963 23.62474457867548594 23.659953064426311187 23.718483738051073573 23.783499428499837336 23.793564999378450153 23.786831971405703712 23.823331004072827 23.851531121171930749 23.876644501306770962 23.903121720567749975 23.946453602819904205 23.971979124580840903 23.99753749028125327 24.011284350516472585 24.056960232320360404 24.099951140546085782 24.144941731266399643
22.844819113940602051 22.857952338515850954 22.880799956401041584 22.913404800941485462 22.948868114646426619 22.984820947563985527 23.018000412292447976 23.060121865429653809 23.093312395314072205 23.129428301654968436 23.154857668533971093 23.193530127483477088 23.229061212303534489 23.259288011452664335 23.294188934776709488 23.317655383028572658 23.361634171350246447 23.395168465305953731 23.434621660660230447 23.46995527939752435 23.49851760953914237 23.537192468683699076 23.57581508738646292 23.619861191941986078 23.656469110000575284 23.692384202476905131 23.728201960613738208 23.776879576549895035 23.822628957365274971 23.864794930700078623 23.898954543684538976 23.931556733624240962 23.977379157923806474 24.023271982800441293 24.064882018816387443 24.091420437291223067 24.118204881799318429 24.158366859621018818 24.198990579475946561 24.240803191557908747 24.277743664442422045 24.291259180646587623 24.343842092356634765
22.8462932264559484 22.867951665790613447 22.886447215219632767 22.915727585804820166 22.948151998404476615 22.984895223381467844 23.013485507094479487 23.050785110115018739 23.080341056659886334 23.112467801629520636 23.145222226229915208 23.179860374318142391 23.220955154992957148 23.262189282483330288 23.296402775048818512 23.335316613979433242 23.370148787217825515 23.413101878013556245 23.462735909297197878 23.500082166115664251 23.54084693913072357 23.577100899869058992 23.619464367104917812 23.670164665954629868 23.716120816600742671 23.767057692968087679 23.809190288668322211 23.850183287158802869 23.904185484635373626 23.962021261032251829 24.008025855545099603 24.05567424109367991 24.093614897695854182 24.134573761090685196 24.18578993897064322 24.22679297217866079 24.265779987990168109 24.290901595969256022 24.323710100985930893 24.374037581645616513 24.430922700567194283 24.471103788617437402 24.520541933582368443
22.949241729980073501 22.981487934596835032 23.00688908830810675 23.033063613328778274 23.048345421185686632 23.072903197645292295 23.094287118278785442 23.114215947684535024 23.135167794270962816 23.150582562073083182 23.166651994908068701 23.19100051622291403 23.207197928648181318 23.224209478067599832 23.261039460295236836 23.305931579020846556 23.345508777801228462 23.385364728111586174 23.44057453624742493 23.487817319881589384 23.53781533087757083 23.580791938892780024 23.62339242658760341 23.675642696411735244 23.729569638863019065 23.791362610164515701 23.838436750824648414 23.889254589533862827 23.936764765477516193 23.996036477375952245 24.055368803691944635 24.113901921675410023 24.161698266882897457 24.206222586778011419 24.24147191464314588 24.2966789252706441 24.340380798980458366 24.372988127170422956 24.399211875718474829 24.441951789845333565 24.496897662372749238 24.558276009651383021 24.600940773022664132
23.008442825462427805 23.049188668803509472 23.08514903086044967 23.117562474146087226 23.145825722775249744 23.18612205357691991 23.216380303460503853 23.250809972952453109 23.276020703171418802 23.299496176683405224 23.336689421406742184 23.360657062667492312 23.391480189162400904 23.410482300283522505 23.430390092289965054 23.448661691620571901 23.472675746386656215 23.499058667435868131 23.508881062839794396 23.525371541556403088 23.530477980201947474 23.554425845638689907 23.591732530314992289 23.647429032871968957 23.698623923396880286 23.766971494260104691 23.824081760490365411 23.884081598144746295 23.938535896902880751 23.988587261775414561 24.050536179521255775 24.114497171083183247 24.172362663852883458 24.221054993121448717 24.262053400145518367 24.303725683422690906 24.35855396205417378 24.39160485230477704 24.430078882824140862 24.476130633999090946 24.524608450153010608 24.585172403899292703 24.658137625764904755
23.088948350637313212 23.128843221956248755 23.164531489683309218 23.196260341376913061 23.239571751170380765 23.275796038303262492 23.309441168456853433 23.340110897792236244 23.371166603843729348 23.402687349174225773 23.440302057848839468 23.47519864801772016 23.511901625597861454 23.541871435050580885 23.572218160355927097 23.597424668329704645 23.623253028602988479 23.663130764195400957 23.680214581045195388 23.708247553393615448 23.722855187735707005 23.738270361629297156 23.758104850074076353 23.777589611680113535 23.797180947925117067 23.812313761785073751 23.823646785443880702 23.873167324804306588 23.92920072901390327 23.982204655958259565 23.97460900418101204 24.043391022433315385 24.103681847795019877 24.161864865732155749 24.206782509005847714 24.254503241480044551 24.297443729268479728 24.355383530823353055 24.377391577168168624 24.445640457204238061 24.494204495526414433 24.524336595135611816 24.6051524165888722
23.190092379522173616 23.22729376717110128 23.264273765514928982 23.298901288264378451 23.343874559018974679 23.38292205444731664 23.418907556247486212 23.453949621694746952 23.480910531612529724 23.511355775054529005 23.548196148841462616 23.582851676848694211 23.619210731461791397 23.64801724453808518 23.678892854091703413 23.703439527613092253 23.729173885327245586 23.764633289607310473 23.793496296059455375 23.824747640238165047 23.850095041018835929 23.875213125754221721 23.895675920598126396 23.91356415843976535 23.935256558798101878 23.96341935654197286 23.98856260695248821 24.008727101561980533 24.024572985636481803 24.031068142626530459 24.034188768293923033 24.047691821813206303 24.062070151115154459 24.066919916417017333 24.104844046869434493 24.150374924927280773 24.186441910629827845 24.245056676032824328 24.287401039747866349 24.34722488961102016 24.408167997197161014 24.450212999318811313 24.51374016129596356
