benchmarks/avaInclinedPlaneEntresTest/release1IP_1af24dd523_C_entres_dfa_pft.asc
ncols 1001
nrows 401
xllcenter 1000.00
yllcenter -5000.00
cellsize 5.00
nodata_value nan
[rows 189 to 209 of 401, columns 376 to 422 of 1001]
1.653051890398434 1.653050806543984 1.663615654372157 1.64676974525666 1.626394703765929 1.599572521434472 1.562128894644009 1.530020791214614 1.502888086204856 1.479323549152726 1.481262025423042 1.474994231400533 1.472047150800518 1.461792591382417 1.44770398024453 1.426760182472917 1.403072209178396 1.388668002068722 1.365095720667728 1.34122485551943 1.322525456342293 1.299054116893348 1.29164428405935 1.283953548798941 1.258272701173157 1.254382866467221 1.233078493860781 1.216154906682316 1.220713762968768 1.225013676846528 1.302642317913112 1.391278482244101 1.468110721149792 1.545673051285282 1.608802303123209 1.6472655640688 1.653504109722598 1.672514157593943 1.684882048991057 1.698657404596882 1.694512853086969 1.696214957793354 1.701976491961992 1.699673892711483 1.719034913233338 1.751506725204453 1.771151619009855
1.502734433016449 1.474429863345159 1.465314092384714 1.442304247315011 1.419813988785993 1.400645681141186 1.379888716411097 1.35446261944676 1.330459032390136 1.335429859306885 1.303221594636588 1.275420492027774 1.258897929798259 1.253152217067323 1.26229814501253 1.261191743388676 1.261659384982717 1.238743086973001 1.218791122564345 1.217692457725041 1.209850509941733 1.189012095930085 1.169122866145767 1.152688425469784 1.158278674579702 1.144015387340386 1.12282338754547 1.100363357895673 1.113945937579046 1.139922001176279 1.16545378302747 1.24508131675563 1.281358467895005 1.349172265666241 1.414542120150089 1.453193018968265 1.500110372316068 1.538183050834827 1.596635740387654 1.647080980699177 1.680674407264855 1.65906222066072 1.632523691454673 1.626179290044739 1.618957895387146 1.605057394985318 1.613241355399316
1.317443639351923 1.298870543358459 1.267940428141599 1.250021542415904 1.231985588849853 1.212497483763143 1.199656311588438 1.17796144594893 1.148238575527768 1.160683086663812 1.15825895282946 1.158542747639083 1.135906241955923 1.115370924874563 1.09803272382727 1.111583494609441 1.065805691467346 1.0440111989431 1.027543318671505 1.011412383304247 0.9931227772316887 0.9778480449533807 0.9769256978032832 0.9297043818374049 0.9398719716476585 0.9264802723639736 0.9901183343457245 1.024238593340367 1.000193162113399 1.054276821866787 1.126132564038563 1.1537603490355 1.202880528197554 1.235267978159145 1.275647289702987 1.303294084420638 1.318906852298514 1.351334850387973 1.365999295887321 1.369863923420439 1.361081492402964 1.361986824809398 1.37164105479187 1.361866013124048 1.365534275055226 1.394802438375528 1.435684498318088
1.160974685447823 1.140289233782876 1.112744354644274 1.088161558284348 1.068298520445313 1.045956837427102 1.071914690616308 1.076504990823698 1.108152543021066 1.051711660185958 1.019206610020535 0.9985663632821811 0.989116377831321 0.936884294789035 0.9345933875699403 0.8845357435181301 0.8864348298621921 0.9091866350334552 0.9109603240713865 0.9032570733720532 0.8941542782015517 0.8530809326183287 0.8341647866422263 0.8081869639019588 0.8323113749380208 0.834571226331475 0.8570696605442846 0.8632493692534866 0.8604966172191275 0.8522434314229657 0.8667194666346151 0.9206720958135344 0.9526063570313636 0.9823353983441203 1.004782725693001 1.04821589832105 1.12688655817756 1.124063160457513 1.154217943079153 1.157551858267568 1.163207254741255 1.160492982225785 1.145625565154979 1.144749213311875 1.133800903781951 1.11845582444743 1.087084940183509
1.102604510322374 1.151148554422273 1.164323404706802 1.124205132238408 1.142313109627066 1.142285787497626 1.1216070969631 1.097205463001083 1.065683237326291 1.058657893623458 1.072150970589984 1.088228975443339 1.100225593169554 1.069931548554488 1.036159410390478 0.9859376300855569 0.986782317336663 0.98798959670776 1.02103013760191 1.026973523546568 1.015284802308484 1.013082672689132 1.029570666832631 1.020962396481189 0.9968863528868009 1.023098667224592 1.046113735313684 1.064559516436039 1.091737097756255 1.104519642299949 1.074776712171935 1.096619811408371 1.102274003853521 1.119705056980244 1.141588793712163 1.159903917454875 1.17978918182925 1.188535595869886 1.199444887558354 1.212237591688144 1.236467468861934 1.240853478294583 1.214225094814112 1.209817351435819 1.227761654444838 1.238317621882866 1.252399838084415
1.396713133832123 1.38378254497714 1.379307719151153 1.40240954419954 1.388217159685168 1.376562552428419 1.394825540834201 1.396466932480289 1.366454029788191 1.35905393946142 1.396787822336529 1.388654530973375 1.355451534310458 1.323453562215334 1.313843032753453 1.317157712710183 1.334769588773606 1.337917050123594 1.374660695813235 1.379603759238961 1.366164352721606 1.373516860817847 1.369733076229587 1.363824999025936 1.367764513306588 1.367902652381058 1.387487566579263 1.417609940568846 1.429730228354188 1.442224427119368 1.444267260095514 1.471466183985774 1.496856046073601 1.505410578079323 1.512840133683282 1.512224241455506 1.497207387300152 1.486426595132098 1.465449310559053 1.468936724327394 1.488412384377077 1.517373439755522 1.529857575960681 1.56448728238115 1.574668067515894 1.614913875858569 1.625529906140826
1.519830583299463 1.538232402815366 1.536765597939632 1.520806439989714 1.520048740408487 1.52376411991226 1.496916784510963 1.492539646823927 1.480939725773001 1.456506818910403 1.463120868380347 1.468358807896184 1.459474554997507 1.465871873119342 1.472689144107844 1.499493902622815 1.506252994215705 1.488465890949384 1.501996271310355 1.492091034828968 1.506857490757729 1.483318015526372 1.484255487923717 1.497979135309138 1.533348632448432 1.531076466895683 1.590155217610961 1.613905212880757 1.596063870366295 1.602647953676511 1.59046255188069 1.600379575174327 1.616841116002632 1.601558366723817 1.613131478730072 1.578835174510163 1.585172182517421 1.605351861900545 1.603726562431762 1.619579834824371 1.637666701962657 1.669555691754235 1.682550148372845 1.699323787653177 1.689049485589642 1.72023138580577 1.697438834073212
1.696552247250044 1.649648329230583 1.639563964743405 1.63274111750571 1.625016392474095 1.619976361704604 1.598375745575771 1.606885247679558 1.596728184487566 1.571788892684034 1.57026317857185 1.562121672368946 1.567245618664952 1.598401047314469 1.583098736856363 1.592174391586179 1.607273038834221 1.624429346194835 1.649920547247636 1.642352408806186 1.61981104950677 1.603638552648842 1.616045095975588 1.619559935302456 1.589980585143959 1.609728202518404 1.618854405116053 1.678515873677555 1.688032958164505 1.728825970466864 1.728742184681633 1.724884043993874 1.733592535661333 1.723938785968737 1.729926992229648 1.71663661059101 1.745733821076444 1.71302038604457 1.70780350421269 1.702961968475504 1.719681910888788 1.725926797405912 1.711785762051027 1.711484030820865 1.685722768213658 1.695423269731381 1.68456651494206
1.727088415031067 1.702818834686313 1.725997635644763 1.736277540322327 1.687118809266458 1.724831866691379 1.738170127728037 1.730633443065291 1.720679807053063 1.683300014585761 1.657756329123669 1.672323292711487 1.639786961357521 1.654126282890984 1.63061185019746 1.610471810162626 1.658295628149428 1.712573235409605 1.716774292641836 1.729723915249148 1.750695586928778 1.734107152905116 1.728589654124788 1.72503524224461 1.721195674669166 1.750044489092343 1.73008697372949 1.758629872324208 1.730121629194739 1.749209309364162 1.783997297045395 1.75140816609059 1.725665778778114 1.693137509576787 1.693911530200778 1.683268689131787 1.693977786498759 1.695581354158347 1.729983263788146 1.699716459327975 1.687356209184146 1.754776086869852 1.748774388676668 1.75783098675404 1.737972419344006 1.751066800333249 1.725942553772766
1.890057137478975 1.897877527511051 1.913829269595525 1.906703225371468 1.904777139425115 1.885218337466665 1.844219988953902 1.812202163814419 1.851022663602002 1.824125448925393 1.820236403851395 1.833847732216674 1.774024276717694 1.711006626037935 1.693561414111617 1.676950214559553 1.707611980337067 1.724209392092613 1.752980934927421 1.733200345960838 1.799134742237056 1.758947548092112 1.756976605762853 1.779264491736731 1.788186553206594 1.817930684229705 1.794069434232826 1.809828413956476 1.77068115148473 1.784969854789999 1.768809658742658 1.720600613161809 1.736071854064061 1.70257527335596 1.684240779023999 1.698345954126981 1.688144726144237 1.723815563160127 1.653305174433673 1.670494660104405 1.718853975891444 1.735225994339121 1.734967522553929 1.745603610712431 1.720524696730024 1.753901646036076 1.727112703474849
2.163610389077993 2.167231605595179 2.135887759583994 2.148520199719471 2.151121770030126 2.071986351277595 2.082774381939795 2.127661712356998 2.159092494019234 2.116880861253805 2.084349987971278 2.050669642514428 2.024433059093381 1.977284397780091 1.946389063729803 1.911674797048378 1.859949385552386 1.897984021495412 1.926991842136016 1.961425901339996 2.001644647771837 2.024567492986256 2.074011989172031 2.074554597601793 2.123796559764446 2.104126172475034 2.121981098981825 2.016856383709583 2.010049831683957 1.995408575595195 2.008444971321291 2.07160283162909 2.075622908768977 2.064607208792741 2.056501938794419 2.056633866802735 1.96326322238608 1.896606778883865 1.891946390202082 1.887991057216311 1.926251332938207 1.949519647173789 1.961625854073576 1.956179721317737 1.9362196236765 1.949322835052441 1.908501263449852
2.366637219010762 2.402965124227208 2.434227630714959 2.388502265566784 2.407111534000642 2.427322998116856 2.412596947456975 2.346215417844304 2.310695745153303 2.243872909562415 2.163851602303434 2.188625346943054 2.143989616999496 2.1437228608381 2.16590653182158 2.103455717039873 2.147229076335914 2.186286235592317 2.23475099715117 2.294280439180412 2.289767050316323 2.327101219340086 2.36598211888305 2.374467933455048 2.342534296581972 2.293169444208997 2.26500600362983 2.283300107478795 2.277200618930542 2.293114041526034 2.28837568540693 2.243439255683827 2.255670497613021 2.1940113482204 2.178583036790646 2.110539159871358 2.10430691400027 2.045874812291289 2.101003565031979 2.115027339520222 2.124196654339661 2.163074876761086 2.134155743746422 2.092003796060871 2.109405150636225 2.093790468044307 2.135078058452494
2.580190891832713 2.588655345711996 2.551423630786057 2.522651334531128 2.515243933599182 2.491796204961701 2.422860011244553 2.45014471470421 2.478800162204697 2.486245211322738 2.493296449716673 2.430567971534157 2.418938691433321 2.416306313110004 2.381764876188305 2.366788435262567 2.319554588989407 2.317261027244231 2.400194938730702 2.439518947990139 2.510315889065021 2.533636972265711 2.579092370127879 2.621870729296465 2.598560116652518 2.554709200369593 2.497717984570522 2.446181524146782 2.466575954167966 2.452724174150109 2.429021444280913 2.404051300477002 2.373569386807826 2.360025143638023 2.358508245855478 2.361170612514224 2.392534515176159 2.368513001320087 2.341917520672889 2.334819765751099 2.331442991613138 2.317844141790068 2.327636989566574 2.341734047570841 2.379680037315801 2.351609979752676 2.353827800924729
2.694757994243415 2.643203030125823 2.733107604375635 2.70907295086609 2.703477866284182 2.654770102432665 2.67769091483541 2.680003076394708 2.655095168998941 2.591253188982364 2.534083735129881 2.537080368106011 2.486840861699861 2.46655357008723 2.407324607902561 2.384285211232203 2.407786618628522 2.433368837213331 2.507705329920614 2.556466651394969 2.628037727406491 2.663809392009656 2.712580064545393 2.759647023337836 2.699234015177708 2.707613145469465 2.658953394133629 2.58884145206435 2.606298212738797 2.61589265896643 2.543234417533302 2.562783036588609 2.598044142950524 2.588599801919032 2.57890101583446 2.588839168002388 2.597733788022361 2.597715302547192 2.581283532457021 2.571022100768915 2.542136148882716 2.548026807183017 2.535367586686562 2.509843011371561 2.532968225684663 2.540437581613099 2.523338140905455
2.843675935229976 2.839895262691786 2.785125633542867 2.826727778439287 2.829944676326832 2.81655655226493 2.74287941515043 2.693562235352007 2.709019014114364 2.689818015266981 2.67860874916506 2.629537497080452 2.579277310520723 2.519527216606563 2.537070527951951 2.570069459222391 2.583582742191639 2.642749161713716 2.706653390996988 2.741770482781412 2.804416468244415 2.928377789078264 2.96435516204123 2.956963396370308 2.930297915243064 2.829773437647588 2.785587963548287 2.786847829550234 2.749568045525174 2.759815871000846 2.761580770621492 2.763288197655777 2.746967186422638 2.779032346434483 2.75716310533456 2.787449042453719 2.806212505394017 2.825545397955935 2.807828475206324 2.796858569504092 2.829676024344999 2.808571500245033 2.78766248915595 2.766690350905248 2.663574872190735 2.613218429271011 2.564200053726397
2.919288805848278 2.946635784848523 2.924654042262367 2.854746853312631 2.88137807209001 2.891785052172263 2.853244437289797 2.845859528292565 2.773408758053947 2.75458566068586 2.724718254043407 2.672454183054736 2.661416399626956 2.648288131378818 2.615046786167507 2.618797526603883 2.614504800903839 2.692940447556418 2.7715556108955 2.91538415378589 3.048135962025526 3.113681483459878 3.095959353289414 3.074503295477535 3.075501517551566 3.064164172972053 3.020631426443651 2.965745344979784 2.930321388200049 2.872234236852112 2.82233544678905 2.818208220983904 2.855053138243453 2.943379761604132 3.009753521406421 3.090730252109467 3.101628728092941 3.091878600548368 3.089362028406498 3.003409105839232 2.895266629993544 2.844869673247277 2.825594570818243 2.821724658973 2.801209723301445 2.807085805607759 2.773113681373578
3.028215364541119 3.048249037904538 3.055036917088959 2.992337331066776 3.016829430712839 3.012596011118961 2.977827098170898 2.955659481041899 2.887815487044411 2.832480801053961 2.766038477155218 2.728926986145169 2.740191503652881 2.732895311368841 2.721182494798005 2.731267471298091 2.728826478399223 2.727515263777156 2.772388784834938 2.881640089129494 3.005021527615377 3.112405156901518 3.183581390107844 3.210753272394469 3.153067047471435 3.086203137412445 3.09998363286332 3.09046746060722 3.032912505448471 2.988524033541109 2.940173803064142 2.931901925980338 2.935288670469739 2.994982740121769 3.043523177693917 3.062713190890375 3.113111766868231 3.141990633823786 3.155154842849427 3.103400789269283 3.064389353838651 3.059298632471285 3.022025979223662 2.998064186835397 2.996923212427417 2.984685169732088 2.962572163385621
3.046463412239715 3.029923422640732 2.991017361695752 2.979134950209472 2.991611522450901 3.001713793864454 3.007546391730304 2.968612395340553 2.916508208646082 2.853835191876273 2.83016576463978 2.781074735316299 2.780609275710934 2.738498096637362 2.721491881304538 2.704751254969827 2.707265812894371 2.72206512956319 2.754836386731797 2.862579098520996 2.989606705830679 3.112228858667006 3.192340324549927 3.219346477672634 3.199088128253127 3.130650523013209 3.086791855017981 3.071663817082149 3.038665120223947 3.002739513775449 2.974142233077072 2.987308214285876 3.01240643896625 3.073189913280863 3.139469999628416 3.207060042793562 3.255965889415749 3.258505740114513 3.188290625633833 3.158120102674603 3.153115212819506 3.148736040771356 3.109388347403941 3.075757663949577 3.0426338364586 3.042161541773723 3.028055204736396
2.957620403597593 2.928638355984853 2.953269612289912 2.976610742781335 2.983467721980682 2.979933373635513 2.990750940886302 2.957577137385603 2.948956649689091 2.945173116424154 2.925434662099301 2.881560245924391 2.850295989041167 2.821513187849257 2.756638601487605 2.725670548116614 2.701898369994642 2.692179937626383 2.754093265444255 2.837708327536395 2.94795495948697 3.043244869738089 3.132578452852377 3.178230613232581 3.198794471782934 3.173905591198372 3.14240590646705 3.137576979556163 3.122726423811426 3.109448698503325 3.084607984872764 3.062036355827585 3.06280705198578 3.104324878536516 3.176963569784879 3.247380363673879 3.317647322761498 3.34461787121176 3.314748073415201 3.242507322507885 3.220153958653729 3.208728261910928 3.187197301983766 3.164002468194316 3.137830836598946 3.123511970812513 3.129262784142482
2.91036473166745 2.927365632747871 2.929933844833174 2.895652164141757 2.863470737678699 2.862462050955255 2.910405638869793 2.937998009183704 2.967767258370967 2.948984139554089 2.9210956545512 2.91909224543382 2.8624407685925 2.805297384986481 2.790772803790702 2.792216582209727 2.790335098684028 2.789669592039994 2.803454631507619 2.860367058020927 2.944039621981682 3.013412920154914 3.12071148628938 3.191821310635359 3.225647011167792 3.203236861919059 3.246214660332113 3.249631393852592 3.22020706979491 3.182975801545938 3.122021736105038 3.104504835323175 3.094444480818406 3.107982342539404 3.149898425340385 3.212296086698761 3.29019862352296 3.372832286117476 3.372067949473339 3.341473118230181 3.297213469571331 3.257939524920973 3.242053174797423 3.208360877672512 3.208739583460527 3.196778905646565 3.196424525801146
2.857491464479461 2.798593346000334 2.761951312841311 2.790429375762908 2.798586517779434 2.821225355214237 2.854108965735187 2.892163439071458 2.92851694181036 2.950920982559232 2.909282733693549 2.947012742180271 2.968900121224839 2.992227861865398 2.942822467285223 2.916394678551979 2.876414385004831 2.826094546255917 2.77119841963054 2.751974382405031 2.759742209338295 2.854160935742207 2.938234039647588 3.043717628540661 3.135101760771157 3.226245214471634 3.261941283680089 3.297143827790964 3.244116807765972 3.173350318997931 3.132386942070207 3.079872798416103 3.072940011435646 3.070018630164445 3.093334824684499 3.138023777646872 3.192184880283274 3.26308172085447 3.31730227744358 3.354446118316819 3.36170176374883 3.353986444240328 3.339253495896806 3.29582062647636 3.282728058650986 3.243099443429283 3.191154768503093
