benchmarks/avaInclinedPlaneEntresTest/release1IP_entres_dfa_60506ca5f0_ppr.asc
ncols 1001
nrows 401
xllcenter 1000.00
yllcenter -5000.00
cellsize 5.00
noDataValue nan
[rows 189 to 209 of 401, columns 846 to 892 of 1001]
25.69687341130299 23.60117088718374 23.03671936495075 22.51140876705587 21.78986804867006 21.85920084331857 21.65762827433623 21.61430133429253 21.11265091503177 21.7703914915117 22.38187136380181 22.344867938054 20.66771470530639 20.15849977587153 20.15434366034981 20.21531028494643 20.15183760831545 20.01639707049912 19.53429702178331 19.01149471758829 18.73142764190725 18.37908837332362 18.04391602887444 17.96751299029306 17.94318090068116 18.16936437174477 18.17000546210282 18.13908561302629 18.05649464170542 17.70232161711633 17.14464071508378 16.51727556954254 15.80297253838023 15.14556597250873 14.56690070413799 14.05441896394795 0 0 0 0 0 0 0 0 0 0 0
25.5460972171043 25.94622960363658 23.67263926173242 18.28381775574374 16.35512232485966 18.80535514501666 20.62530024859353 19.86783259799213 18.64448083818803 16.31197343357368 14.27816567712877 14.17356559602885 15.53902991579688 16.11827496858679 15.77417359462495 14.76937780061383 15.32359858505976 15.81098507660628 15.73191980095709 12.69760978798225 12.62782567516811 14.06334772551934 15.91796342628601 18.13868177619759 18.21138793460405 16.90871915619498 16.5199466706207 16.25934557373608 16.03780236468875 16.00502218263524 16.44312613311554 15.98945791048584 15.39920786679292 14.93416844525682 14.4586309787568 14.0935112359302 0 0 0 0 0 0 0 0 0 0 0
13.39617842063226 12.83028824508733 12.5242015703442 12.79123511666153 13.01018705049771 13.63306283974027 13.81610595763303 13.0867681084036 11.80046233242678 11.24473610842137 11.01649785701692 11.08344697532764 11.22559285150385 11.25582705390252 11.19379055684531 11.23530840532855 11.45498122286051 11.64556781630817 11.83636540198409 11.88180003087856 11.9930679773668 11.68293386917467 10.94358432093607 16.57531420895285 12.85300366523482 12.92792140723586 13.38139077704933 13.50991207963067 14.0323275913423 13.51747444613883 13.38814672812077 13.10036205161602 12.92791017154719 13.20838300621304 13.27944558729792 12.3599896877102 8.486072368234593 0 0 0 0 0 0 0 0 0 0
15.29380389282994 15.27082602728713 14.89092683561303 14.3091300239968 13.65154417211975 13.14210449295903 13.10955959252639 13.69333973846768 16.51545668821946 16.51201272515634 15.21930488512277 13.30017551266144 12.46513606134016 11.74795636168207 11.33044356568283 11.52119619884221 11.76509327607933 12.07101800295709 12.58745494496742 12.80234127196509 12.90202248152956 13.04870196863347 13.30392058199021 12.73380783327237 12.93118342926499 13.04536801544641 13.20278719996287 13.3111438235029 13.12896251476618 16.20839510488279 16.20839510488279 14.96968706025345 13.41444971056978 11.51433710810625 10.1070863880354 8.71458504198964 4.506890626486985 3.39864770423543 0 0 0 0 0 0 0 0 0
15.80900401073402 16.56090864671701 16.6110247667305 16.23247014098112 15.88906581109682 16.04715991626756 16.16560469208203 16.21343392700731 16.19729284487387 16.00527140259474 15.81242482694375 15.16475894560565 14.62318819363505 14.12810534547649 13.71175521043938 14.26267466966267 13.87537352027237 14.34402505437595 14.97603309724974 15.58602691120819 15.57944129379129 15.00687003964999 16.31233779209781 13.51271468044116 12.44616337311182 14.76106134551508 16.16146910204503 17.97871990626541 17.02637625571868 16.95118457789252 16.69424426104027 16.65660985745958 16.59144922639262 16.23000609475176 15.52445642223587 14.43143594172921 13.16405117964408 11.81502145064551 10.59541542727408 9.516086891137803 8.616746110969235 7.692945402011201 0 0 0 0 0
18.47045477893009 18.44406934437487 18.36113938334049 18.12936852589536 17.97465602538988 17.99270161039894 18.06295260898221 18.20625025174914 18.57245040531232 18.66070557818278 18.6970296789647 18.68795675516662 18.89471338741946 19.30559675032451 19.55789162683619 19.5491102310474 19.23434593624733 18.79939404807868 17.18001039923046 17.37751457647274 17.49326104877312 17.67504177987375 17.46540929494928 17.55011052146759 17.85075013737482 18.37696324245835 18.91017729994 19.31875476235876 19.42335820901083 19.30196411453802 18.92018921801227 19.1271850670758 19.70889950271614 19.88297919145922 19.62709957001011 18.98181058795446 18.07543156884011 17.10293686097228 19.28188179081715 18.1072322386317 16.55432286416515 15.06792804797663 13.88817727374084 13.05860481294447 0 0 0
20.18784997918529 19.96747921695767 19.91252242854036 20.14342981445105 20.4484604994129 20.64197844609092 20.50288269962688 20.71017325205676 20.90485772321566 20.91977226432343 20.86827421240273 20.96854688208932 20.98368956457161 20.94570458335718 21.09053484626639 21.06738280313654 20.84917357032048 20.79545842816342 20.35730014355591 19.85581113452453 19.94469070645559 19.8846831259721 19.78725470959774 19.74473171311974 19.77674208653297 19.89101106000502 20.16068783246602 20.36577913976275 20.57088298458439 20.76797446605833 20.92366306612167 20.98842514812764 20.8383944062079 20.84562361509394 20.92168022219509 20.79020615737533 20.43355287286895 19.939522489906 19.37110706154018 18.22781141826966 16.75287853162874 15.398738047759 14.36692409848333 14.59687111290335 13.88209561802687 0 0
20.07480598548865 19.80643448087417 19.71613938392753 19.75449988794255 19.95652654086096 20.04854992864165 20.13708953716542 20.37414397257695 20.68779602080317 20.81626184735692 20.85160364617323 20.92834076932474 20.94193856860814 20.76715924200596 20.55721205680568 20.42786982992564 20.37125054164793 20.57774021442875 20.91223637278953 20.86720276650432 20.98265441707662 21.08937365756639 21.08414048976924 21.04441884574479 21.07722464595391 21.0880779421327 21.3509952122572 21.51940354582121 21.73545913499135 21.94574368300908 22.15992977499236 22.21817342349849 22.16490734102328 22.03316055971883 21.56055740747811 21.31949806650437 20.80071011849797 20.09018938782255 19.24504589004526 18.30043948189294 17.22987633390607 16.21727979904946 15.30362278358448 14.52560340304289 13.63478582093279 0 0
18.14275295148958 17.99535935299646 18.02573790053958 18.21536500346886 18.36787563754995 18.65259230020086 18.77730523583212 19.00092548399725 19.19834018131446 19.44605986698504 19.6283716783911 20.28085913299897 19.75300746952056 19.61464453850222 19.6006407053742 19.73027639822175 19.86918350940552 20.21252718692832 22.44520010281211 20.98768490972713 21.16650148600106 21.05558373160186 20.99882307481231 21.12012769240919 21.17663510872218 21.21225411143238 21.25518886835842 21.29451438372907 21.56359557580112 21.83726598763827 22.07808838470169 22.24647675498733 22.02052598188969 21.48052357498655 21.07261859977323 20.84838539188512 20.32260568718887 19.58088595406462 18.85038864377958 17.89087653571872 16.91165803014361 15.9213931250753 15.02932001641393 14.26654347949517 13.52551441533168 0 0
18.81873802505654 19.13269869924218 19.66321023134416 20.12588916108538 20.27398132933841 20.08536906663709 20.13811559003309 20.33400422825088 20.59573262543017 20.98909386608077 21.19711504607719 21.50328794355729 21.89667615759918 22.11935875913585 22.28452306753905 22.30558979148038 22.39192418363203 22.56110179276872 22.6804345650973 22.64505275806644 22.08497123162462 21.82363139849286 21.36402729266485 20.86463629397183 20.4520107603483 20.2872064555114 20.05709976796149 19.65761838060678 19.76390486771274 19.99711043416907 21.05199847510136 21.45472519386616 21.45472519386616 21.27769779922713 20.7200830316843 19.8329547650493 18.66455107085221 17.42716899922964 16.01640000264761 14.46326432233292 12.82415023758366 15.60295335780999 15.00091843624403 14.22794007333024 0 0 0
23.67249768991222 22.94104405124918 22.55359350673634 22.5571983688667 22.47930890995522 22.45163912022405 22.37664576113021 22.32168461577701 22.23198231003938 22.518757533587 22.9303421047846 23.13374851276845 23.32061512669722 23.60227523209911 23.72058247395821 23.62499762289636 23.41249546297088 23.16536859366343 22.9645733985353 22.55178673634298 22.10102507751902 21.90319450674918 21.92348826663427 24.90542183494734 22.12816557522485 21.53642864506538 21.00287465580736 20.88268045718182 20.96311273374302 21.34008742698685 21.92923706097309 22.13865463344155 21.98689041319614 21.50630108952629 22.98928665943966 22.74747359585288 22.00640675884664 21.10900221387099 18.82241572446686 15.43710661335575 15.33147152909849 15.11716509211414 14.71151591928862 0 0 0 0
24.51523180094295 23.45021184764751 22.95186733765656 22.72213855696009 22.63228542550911 22.68383539064952 22.71576549459978 22.95977493645823 23.07221696518978 23.35166610857351 23.57956145122488 23.89796294354636 24.04847668519448 24.01291242598565 23.82924577091395 23.70329667686427 23.63603517383964 23.54595952339297 23.62878722078804 24.03469538724728 24.45974747792849 24.71346296225627 24.66445881474681 24.52878363939536 24.07298150455058 23.32845722326942 22.78884020228957 22.73949876933733 23.07130856874525 23.53603705338969 23.99837505545743 24.70083277336347 25.00527743530249 25.02908942648989 24.97381164433585 23.22840045749055 22.76953070391661 22.36290203765209 21.74057434593732 14.55761540742435 14.41983532757867 14.04507041755133 13.57854424092894 0 0 0 0
23.9093834459492 22.80064780072079 23.24633342187882 24.51534103135081 24.86406335538952 25.12606946013115 25.32340342945819 24.80406191796988 23.48233150961995 22.20945932860122 22.40856847063843 22.74915067643656 23.02384915008379 23.04066970518711 23.00628916091555 22.98170361159972 23.05116587415417 23.0411837734851 23.1402077466947 23.30981013414089 23.67177736245949 23.83530964286334 23.85754118731482 23.70115991625415 23.35721200219228 23.07782795412146 22.98490810303652 23.04621423654349 23.26350894459327 23.45911212020208 23.69539441158137 24.07245293427956 24.37385784098718 24.29864741557551 23.94550908652339 22.68734359547514 22.30304343972384 21.84716208645775 20.99411727325436 19.29040051469488 13.20860818247439 13.29451649685068 13.30943209830719 13.32291101776331 12.51807334787139 14.09334618082918 14.4970196835125
27.44746410756641 27.32305985114639 27.32679086939928 27.36580714275185 27.4177616733276 29.78089476488445 30.3215208509429 30.21427757263377 29.1873550630245 27.64376608661753 25.80497405535278 23.80492850727769 21.61865623442704 21.15806690014518 21.87253756607715 21.74835776358774 21.9361005425169 21.75016078089213 21.38851422425055 21.07450788333594 20.94158568452449 20.78711304393835 21.12406521931517 21.16106088530626 21.00249988949398 20.82424483868679 20.91319229334453 21.10806225746456 21.53134405911167 22.08051885811446 22.54330993863095 22.90107072449725 23.07224322228848 23.01724809048065 22.74696021923114 22.40772258006681 22.29012123227604 22.01567066731783 21.17530308266937 13.46926421906275 13.54937738913181 13.56628029052641 13.73433923923693 13.95799163208724 14.13590110985823 14.2519025155175 14.38876183509817
29.96404577625119 30.27380660058695 30.72496371863217 31.28242778877319 31.92802937184463 32.31776766967963 32.75391676758736 33.07984550222742 32.73606997553337 32.0176361832963 30.94804199870325 29.44324400222493 27.75766782863052 26.03002497497017 24.4554826221445 22.95438264591309 21.72805922280081 20.66801235163259 20.96545343017495 19.85168966600187 18.33256150821751 17.28504110204634 16.45908262408006 17.21111095721662 17.79253787310316 18.20587863029335 18.72281658032896 18.97487606290218 19.28581705157131 19.54691622196052 19.86012275058407 20.66547745457345 21.45561546800563 22.29123526027364 22.80958679393187 22.64969022207794 22.42903574692208 21.971160121394 20.92613323841558 12.91984240643676 12.95269973342668 12.86753347394247 12.80648863014915 12.75390961605816 12.58585857991114 12.55436928032194 12.69638183299084
29.71121936799228 30.03840132189488 30.65092090940892 31.19971453835541 31.61238746064588 32.01062662284738 32.01107283948325 32.0901537639234 32.22580179421265 32.20267432473734 31.31329465297612 29.77466829172705 27.84057569378503 25.68933279157039 23.762124419784 21.63199332045863 19.68684396840557 17.92145886571743 17.38003413552216 18.65843128247979 18.289147167089 17.48433984228193 16.39865697937813 16.00507245540365 16.46069872514247 17.27035926213277 17.88765694866384 18.11857374559855 18.30776133783008 18.59508131740796 18.16498510618653 17.49494678043106 17.63455348114156 17.55050231430628 17.33515580628774 17.29581584919129 17.04786587426817 16.43315675604224 12.7359100845905 12.20552574408627 11.73474905384043 11.60987737535318 11.48092959342036 11.7470984451919 11.89472440535256 11.78629889797105 10.75266794020615
26.52159010651729 27.00699733337907 27.5872137912901 28.19213503523257 28.8561434649643 30.25082367640902 31.18408306215305 31.37132718159744 32.22580179421265 32.20267432473734 31.31329465297612 29.77466829172705 27.84057569378503 25.68933279157039 23.762124419784 21.63199332045863 20.73644315517588 22.02186217350261 22.05696896305961 21.63655197481246 21.5825493912427 22.12894402166174 22.23176019293467 21.92150627658069 21.32205153005608 20.87442752159544 20.28588563050499 19.53281713629375 19.50753366117335 19.10394142287122 18.5054092909754 17.59453022614374 16.78303371383942 15.91863420428234 15.15027609851873 16.57926524408975 15.85945506695399 15.06487111224045 14.23168879596197 13.4604317929619 12.66308572426451 13.13986122691638 13.50721871883485 13.7393223912092 13.52955040911187 12.5498175087893 9.000541099667132
28.8803476033609 28.67347781855953 28.3154118076846 28.25300726440342 28.38771352589128 28.54768824713022 28.71381833272019 29.08490052107825 29.08087262818136 29.25796198464663 30.04875845440091 30.57445902618163 30.73275173533376 30.74077499497506 30.14803112622468 29.60254376915288 29.21379301632273 28.74722010352351 28.72938593376326 28.83910537487321 28.77400166090897 28.62522310541253 30.4300971404946 30.67976844981485 29.70397521999755 28.35197076094874 26.92424728549098 25.55464742826695 24.08109603033991 22.7178004304937 21.35774562914698 20.08679736414651 18.88005905473385 17.81331230600601 16.76238313604183 16.00304450217364 15.25413286832808 14.46566756379094 13.65331101240151 12.97355318776409 13.52225737437018 13.7724646861396 13.92384589753303 13.8909406981804 13.80026810694467 13.54403137624895 10.45151590453695
31.66778498946379 31.50647173287222 31.37621822261637 31.58690308073752 31.98513000013033 32.35604245955926 32.62450410099552 32.67479457182582 32.8171833063251 33.14394533732932 33.32681751426352 33.68659507375109 34.05668252231892 34.12477027782522 33.87116155493604 33.62538028467596 33.61550888688019 33.6170696065875 33.95477789923899 33.6803205426332 33.10738820204935 32.28896468888955 31.29552436922614 30.17759570633871 28.94340488419508 27.59710600484265 26.22236612605858 25.2589381874851 23.64915154250091 22.43752503510305 21.13976171839029 19.91152711810095 18.88005905473386 17.813312306006 16.76238313604183 15.86950466856865 15.10036622370217 14.28120385423628 13.41075346062803 12.58719474963643 11.78766922284861 11.05701061955869 11.11816626475004 13.8909406981804 13.63643012129176 10.92255635071151 8.379608484097737
32.78252537500757 32.79780637557717 32.91816426200668 33.29459053167133 33.77660218219884 34.10718578249514 34.27793638704254 34.30689964839759 34.25020216155895 34.37730672912829 34.83419757898428 35.27270512494032 35.69316805428386 35.98759906459524 36.08028574923632 36.24387416382235 36.06696779793469 35.61857772650296 34.77459469462238 34.05081662335952 32.84811694976496 31.682338683463 30.48872054892773 29.44312622466743 28.12367915490745 26.73089827108385 25.33069079132527 23.87079794183981 22.32836207114111 20.74261847737186 19.20261483196062 17.70785058368639 16.18263767574121 14.76659054310066 13.40674988993246 12.57309337935456 14.27735984719033 13.58686683798805 12.57145397998823 11.85988090607681 11.99100158857314 11.75419684771483 9.118233284054119 9.209697905767559 9.688506104490262 9.674917800897028 8.513618921589426
31.81709482095122 31.98197509664677 32.20265487847086 32.72546765257623 33.2991940790874 33.59480928021154 33.59935987403333 33.66581283777976 33.69572863897423 33.82612824101753 33.92202231678012 34.19945208748208 34.36550317389325 34.17581927670641 33.94949065890421 33.90985216153493 33.71491861041794 34.99903096317363 33.28545417599258 31.80687523920675 30.80943894680516 29.02233335754854 27.09370479266196 25.08416863843036 22.90941689611782 25.00902526124656 23.55703942893976 21.9863442107888 20.24740713938935 18.41608884124587 16.57420190707267 14.89649349003328 13.43988847045292 13.25963054240573 13.55401858482512 13.83460698007142 13.93969186347748 13.79525977651989 13.71153755140503 13.07641231178242 13.02756211209905 12.28066621028931 9.33695361752361 9.595407786209027 9.937478849321465 9.377067595436147 9.687436959649542
