benchmarks/avaInclinedPlaneEntresTest/release1IP_1af24dd523_C_entres_dfa_ppr.asc
ncols 1001
nrows 401
xllcenter 1000.00
yllcenter -5000.00
cellsize 5.00
nodata_value nan
[rows 210 to 230 of 401, columns 564 to 610 of 1001]
61.83294553023871 62.1356617146664 62.45655492561096 62.77284694331312 62.9670615048509 63.18235970369552 63.36900690223631 63.55035912150733 63.68220812094141 63.82317745812509 63.92923612019973 64.03840556153945 64.0016665973159 64.16814656175001 64.11441473017948 63.86229024185959 63.48189724500821 62.75945662988801 61.99520777864635 61.15146923130734 59.99373911882112 58.72199277282512 57.05522799160852 55.02387197776734 52.79072446275806 50.70122075252826 55.12849048764209 52.36061002553962 49.38623879293828 46.54152225075716 43.76701845469825 41.00999689435915 38.19548516232303 37.11800166125651 37.13625036477551 37.30438636925238 37.82550209988327 38.44869750929509 38.93910313372905 39.05812641927616 39.2672786783019 39.29064660664401 39.46990718435018 39.41359703737233 39.5569497368924 39.77857918338702 40.20146225885699
62.85915695467383 62.9512265215479 63.07945572447071 63.33302585145611 63.83766637138943 63.98989624918519 64.1953922078537 64.32966604475138 64.26489243524459 63.83536413231602 63.52282940745027 62.19477279120558 61.42652632665692 60.04308047013932 62.61004690230713 56.94714496284412 61.17770888324416 59.35964855292865 56.9576266438897 54.73613513943629 57.69534587741691 55.20299610663394 52.41610788696931 49.29936536062592 46.28785344137062 45.5792748953818 44.93694674215415 44.15312151707593 43.69458399429325 43.93077573861511 43.59710418630277 43.79189029946838 43.50434656848294 41.73510912598832 40.61691893845116 40.90401854327617 41.63535064275038 42.34986332576339 42.34250710470687 42.03835763951911 41.66778448298206 41.7126012148514 41.92871623075879 42.08049108448672 42.50765801700547 42.96361752974238 42.76341122106816
62.05756400393389 62.31765622749032 63.20861833607132 62.77376132514335 62.30303733815735 65.0693614750155 64.67100744212607 63.9114220237953 62.4612356913007 60.42577225633599 58.78666187442535 56.33160204407091 55.395957214683 56.27329713150022 57.19867078349736 55.51901818248331 54.53005235826839 54.06129098086503 53.49219305285069 52.74603406674145 51.83084441462484 51.84998533497592 51.97213896490875 52.14258169060695 51.96920033670525 51.47373521846962 50.53982021401847 50.05154929736877 49.9724578100202 50.29190349674782 50.60310043362662 50.05172688249037 49.258540661764 47.94845350217076 47.1015829281485 47.1131634725626 47.02962670545151 46.94649898411426 47.14771337765735 47.7915137199102 48.35908792778316 48.22838643388648 47.20225508165446 46.04900741046814 44.45606464778181 43.90748569484253 43.59012348255429
59.5615723004959 58.01408303975402 61.34160161920543 56.34795108494325 58.47727333014448 56.55253817713449 56.64629488619348 56.93208905002104 57.40209484721668 57.47961622809847 57.21794504871012 57.22668177323396 57.8495925743654 58.67565183549979 58.43079846479292 57.11025800048282 56.06149485898995 56.13991154078496 56.27676678578261 55.96648782282072 55.23250345210535 54.80903958937142 54.94583364805688 54.93074787047909 54.66251493503366 54.31280200120376 53.13791878228909 53.26434150773309 53.63534693843455 54.18977405761427 54.18382082796859 52.59736547873877 51.21870372112743 50.55169377212631 50.50762229481696 50.53714452570517 50.44029694305704 50.48867675773239 51.18264769764157 51.89882897101734 51.87719708088446 50.64891126400403 49.59242558394475 48.7711762107001 47.83723037824092 46.98986559353732 47.00255237244804
56.33458710809399 54.81471869895663 55.09140027310098 55.29310453357341 55.60975483000396 55.84050106770376 56.06860371976472 56.37695220090017 56.779091427417 57.07701699283754 56.96728049671268 56.94923611653542 57.50212147729 58.10085729322764 57.96106725424634 56.91883534954611 56.26013371465088 56.619468954463 56.92679380938254 56.8315837636285 56.27855526780521 55.85532483148805 55.48448384447912 55.19218245216382 54.79697432846932 54.26087300263345 53.83470584598262 54.45469491312227 54.98813423652197 54.89747230409032 53.70373430117716 52.11094551324892 50.93847552785213 50.4890994564479 50.80483596608749 51.12283602467876 51.09743799404475 51.20781173786654 52.35866329965462 53.10399150325944 52.93005790299964 50.63578004006273 49.97034847631674 50.14654178816522 49.61890710339639 49.17446403399936 49.23006670789533
51.47140437695219 51.72129238691031 51.8556621707894 51.8700311116748 51.99381133417661 52.16081796048349 52.44363741432326 52.6668775535993 53.04284396219114 53.32490419647277 53.39861095054264 53.44921844586071 53.34725534053512 53.43687483162945 53.63376078482901 53.321515422303 53.55303222697239 54.27092393358205 54.64812244847328 54.59472487712991 54.26009468013656 53.55598250968291 52.66204309242057 51.85098100145876 51.45662995945295 51.61621087798944 52.07025766009462 52.78197457184214 53.12975640393324 52.41730291285747 51.23089438598089 50.15316867478388 49.31252907595377 48.97318585412963 49.28105551608495 49.82947551535531 49.76504486215288 49.94537420861565 50.91570807384512 51.24953525950894 50.1888925972252 48.57813457235629 48.68554176786548 49.38496992682009 49.81520946236265 49.84509801347713 49.56126461065871
45.98038391679594 46.06785402853688 45.8563679517241 45.49451430281776 45.21064766047631 45.06623008481508 45.26298179370583 45.68037091884033 46.22502771817734 46.86706669847313 47.08165123891626 46.95014122042741 46.82423004258649 46.78453090727871 47.25461024770935 47.37683620809303 47.95520892787255 48.70635495123592 49.48837064686573 50.1127396565919 50.29299548181279 49.74136306330328 48.6702720596235 47.78715357029524 47.25656156838569 47.29545337472578 47.30696542485231 47.29514831667046 47.60372971744792 47.00990175199711 46.4531115137405 46.04093951855361 45.71504796226491 45.44855583907953 45.76258915448185 46.14384201235945 46.14907909737045 46.2926261481599 46.54120145265774 46.38675351390072 44.93874763201689 44.0849419286824 44.19154800754357 44.70080903495128 45.43291728576707 45.6832297558837 45.02386444150946
39.83421943021686 39.98981032755113 40.28057521586023 40.75392317013239 41.35227457722818 41.98771009268353 42.28181441742321 42.47883457240893 42.800781982754 42.53931198797348 41.92503588427386 41.36446604905303 41.14105247314961 41.08642863555156 40.90082923060287 40.57820533921728 41.13472080822812 42.00146626112927 43.2608887352157 44.61471727768225 45.90055564621857 46.28604657632575 44.67211849805861 42.90661309338731 41.5247709077356 40.97187923330423 41.29497724344704 40.86033164389747 40.39356500887027 40.60191803695837 40.54519478787156 39.61220389267072 39.03510973880212 39.08846243803153 39.31479592585175 40.23369535025358 40.43497601105297 40.1160294826864 39.6331048472066 38.7551540115675 38.46745705125768 37.985866290208 38.08225027388635 38.61593393236555 38.85272846545615 37.54727768812874 36.76996247993164
41.38059431571633 41.25617744569696 41.2766581835261 41.47562808700275 41.36928899346126 41.49622914305484 42.1961117530557 43.05659129422514 43.82657279772669 43.7303916107799 43.04780693954915 41.92160273368336 41.56542750796564 41.71323657926804 41.79970956552935 41.50119275352916 41.02284683069313 40.40807911967002 39.85575930403871 39.54415097227218 39.66083500540869 40.64266074664456 39.58051102943414 39.81822183634891 40.07137884546938 40.36450591359363 40.71895916175733 40.97917366223248 41.10032128131868 41.30560140131338 41.20994444236248 40.62236346530076 39.99215679189417 39.26604295365441 38.94365948466521 39.08724322608023 39.57553833744426 40.35227056327277 40.2089778095318 39.45012925940873 39.24994382747553 39.11971302663908 38.4534177413433 37.83311616453984 37.11729055816814 37.13997714646148 37.37041133757475
44.92547155295355 45.14899535028032 45.33269273220076 45.71529325404823 45.84989344762108 46.01251265938347 45.70502030587595 45.45992714200381 44.52363177510851 43.33809700436367 41.5089405932725 40.75770697233982 40.87674269339616 41.08643640550435 41.17047016991901 40.22183048958281 39.66398250571068 38.22595660043807 37.45281501147417 37.21312476744173 37.15267985204841 37.18381873438406 37.33318660738082 37.58342562510364 37.75347169881455 37.89306671053955 38.10798684140042 38.25701059468565 38.08117662970043 37.90939951021664 37.95025234275742 37.93323735998885 37.60821721936251 37.14772343622966 36.97343137079545 37.06743015023932 37.45165275623501 38.1122248244418 38.186483731702 37.53309603786354 37.15608730892574 36.85143640587 36.46531106578294 35.88262279641164 35.3593683879533 35.3914516558451 35.65605141591762
46.52298067785609 46.97311723176689 47.49830227417713 47.35800513441379 46.90308869591155 46.69075017542978 46.54813642706463 46.05782054621503 45.90754527007965 45.22919639625337 44.7370398758961 41.73349756323768 41.33982773418176 41.14340351423566 40.93340108270129 40.05325981896201 40.17560904528724 39.97378124670051 39.40317906102277 38.56387331203121 38.10830892958008 37.57542105218838 37.41653537902161 37.20807388980454 36.95212601451044 36.24142553827956 35.30177210426698 34.64781666745241 33.81401185505902 32.59943339687047 32.65413787278572 33.10234082457063 33.02990678502881 32.6725145986927 32.6777515062533 32.88790857936097 33.33211988864213 33.75742982298218 34.12020469899774 33.31079826457358 32.3744866499996 31.94996913296874 31.81565471205481 31.73047192527349 31.58752607868522 31.48434524240025 31.92058104240889
47.04113625509153 47.29892967129296 47.57965791220993 47.89155399924452 47.73484474499369 46.79600607187285 45.81029492615303 46.02265727502378 45.60151094169791 45.06686528399844 44.2126446776949 43.21008808484733 41.60161183123444 41.66720756605201 40.68009370130812 39.98208928181374 38.315060788407 36.8341804745505 36.09722687826883 37.14891385616034 38.38164414335693 38.15606422954411 35.76991131238532 33.72001822426271 37.4587220216856 36.37378167774791 34.59701896400132 32.51777822697899 31.91169797426539 31.83197849155057 32.13448413708513 32.34596280323781 32.0488652475645 32.089913083936 32.06578913142932 32.11666134513398 32.5256291710696 33.11460461168335 33.77991950655505 34.13993386919763 34.23852215840297 33.3357996053298 32.58461349525196 32.51436193085216 32.71358400814057 32.85890549949288 32.85109961392811
46.56416252425858 48.42377574627103 48.59761070218027 48.06355661934864 46.82838983887932 44.99250981022972 43.05243812011753 41.22941316023727 40.03436652721203 39.97106008665788 40.2206817118186 42.03230125376749 40.74467339490187 41.09736280130804 41.34643580735057 41.27839287195699 40.99656654148939 41.00464801714735 41.69170912512476 42.51756907006094 42.9055785180529 42.24545224748768 40.97368083915742 39.27105387921591 38.13885296245417 37.20930228742675 36.65065341205042 36.21161504912799 35.94230929084447 35.98828328867467 36.27398206965262 35.94334728836836 35.32044586815404 34.57502993883858 34.4544299271175 34.70429981030312 35.0251260627775 34.88510161254696 34.44231659699835 33.83401941682557 33.18277852470253 32.10585253519298 31.22357351414468 31.03281749758233 31.26314344679854 31.47216511053992 31.85432132167617
42.99777166441419 43.36128204872356 43.67191360591764 43.79157791263387 43.70697053045121 43.43034660814788 43.24846675722259 42.94374850496918 42.64582866178046 42.56473906796435 42.86457080880692 43.60384772304539 44.24244056612081 44.61925216418226 44.30662435266184 43.81926117929782 43.50407798888219 43.54694929453976 44.07692072512636 44.81762198576725 45.17622188653292 44.43825848475837 43.26058830350631 42.09463570024803 41.19540913002892 40.78125724320915 41.01579496028799 41.22886688478085 40.62161396731079 39.6155295514098 39.08926253915188 38.7093526662258 38.27591345094822 37.94656909598547 37.32403661597954 36.64607386423145 36.28221037085734 36.07986301681588 35.84397051023721 35.57262686116783 35.54919540472191 35.40193732486846 34.09092108985639 32.02216530425883 31.42510576482528 30.94428577612912 30.00834324973486
43.50583871962955 43.62589650129313 43.66585903987575 43.78754226302525 43.83887849202939 43.86403044271065 43.90026527324061 43.9065245107347 43.72085217738457 43.47795935448006 43.54766521385027 44.16129399054589 44.77019805623462 44.64915042608219 44.13769239330642 43.77242934913534 43.581704618324 43.82208736990872 44.51025558264758 44.88782499063722 44.93987108009669 44.53596524141793 43.35666367840822 42.41406606293398 41.63215693090873 41.15004735719127 41.19707325496066 41.42611764909311 41.26428050360418 41.03854039561806 40.856265243194 40.71800513716911 40.77202813857598 40.87140969492688 41.00364354790671 41.41663966480999 41.18387295434883 39.72882020838247 37.22486727287912 34.80505689348596 33.40926457686554 32.43979497831228 31.50978164331 30.5900525069747 29.55870503492001 28.91110718372716 28.51325590345102
41.4766545425962 41.36158804595193 41.1307102436564 40.98392345312404 41.0595976811357 41.29544598881893 41.65192598443981 41.85060867638126 41.72295017148281 41.59934127700587 41.60521296745713 42.01307282479991 42.40682101507676 42.35371361098884 42.09762518812961 41.96727890700947 42.04832400401138 42.16838182602719 42.30813563631794 42.76319159714108 42.77182037425933 42.44399921916278 41.7240946402046 41.34508628778318 40.00800302262431 39.16860328503318 38.85459264017487 39.20683909572099 40.20629019480929 40.56832588514176 40.64383960774937 40.96627152970665 41.33050379155674 41.34969834308211 41.23456559298326 41.97438505096111 41.28561094437719 39.72882020838247 37.22486727287912 34.69577691964089 32.62799538482675 31.08185139425663 29.96965389721422 28.82177432936562 27.33669469512141 25.96697660807336 25.69621665949716
37.50289379080962 37.04806407707385 36.85075605232555 37.08740832599538 37.31867817377098 37.40007238765073 38.01452520097143 38.25732704753181 37.92839224438399 37.65685326889762 37.89533493871478 38.19077225919068 38.52846578410999 38.41508525625894 38.77404128217618 39.52556469502193 40.47660826025993 40.72284995418993 40.41541937810353 39.49017258873251 41.64859409245779 41.48976392772713 40.30303300911187 38.93231361366173 37.61862472458517 36.26361706895812 34.99531137424145 33.26586556017408 31.47159959063332 30.64511738979729 30.71818178447882 30.54961594730074 29.80346762658895 29.05307745516902 28.2644642311745 27.73877023413692 27.38988330784992 27.26720030055021 27.21830023836132 27.38539657831247 27.5767966622153 27.51467102217962 27.31843566340986 27.12901185414763 26.98233509844891 26.97605807618213 27.11626691668249
37.42886735749602 37.41697602930654 36.97892655788365 36.0349106370976 34.71717438510471 33.08254095392267 35.78868643197008 36.48867447921226 36.51688461773599 36.11604450314491 35.2482196772219 33.79332157161316 31.97969293876586 29.21846980759102 36.15455060920981 36.22498789763875 34.54369857945499 31.94786252565302 29.18992733900835 26.25777174052034 26.2493107544428 26.39812142723605 27.64058528464246 27.67389962348761 27.79746282547382 28.37667561342199 29.04266322575055 29.82397858190748 30.56340229137864 31.02536869185396 30.8269573960299 30.07533083377521 29.03659957027343 28.2051489728952 27.79475686034023 27.43707302037422 27.0945037900528 26.83766383748989 26.57042349561098 26.30951585568229 26.41900769044597 26.62717012291668 26.68488693546111 26.58775547764754 26.46522961294549 26.1842029801362 26.18452585418233
25.5027257932541 25.32699413562833 25.05473473982451 24.76437903411391 24.41180934439583 24.15315034212105 23.79401911123502 23.38072720701099 23.16996153568092 23.48845849570935 24.16165156406407 24.7675036405074 25.5973977308931 26.28827185069557 26.48212408542648 26.49181034837122 26.25894995610896 25.83320256172724 25.34477169876966 25.22236427862721 25.18806526149009 25.36552469970761 25.75156256526151 26.19543928609522 26.57601830569129 26.99694884017188 27.46947970061701 27.8306413621501 28.46605023930173 29.06423075551633 29.41679890880849 27.61781787494086 25.94529155019452 25.06837894495538 24.7063867121487 24.57138798692479 24.48579783269612 24.2299755371893 24.16702043265203 24.39494103709223 24.14921541365391 24.13146021965186 24.25644646727722 24.17536713726448 23.91991342339368 23.15329885075251 22.61046546452058
23.88074690919566 23.63149203844532 22.86366380798589 22.52917947779654 22.15089012978868 21.75867922893779 21.97750678717211 22.20343263090477 22.6126738209498 22.89703298934337 23.03374113521255 23.56500123032642 24.09766933975316 24.28942209376324 24.11391512545797 24.22011590983795 24.05349169557748 23.36921455356413 22.98946454791901 23.30239741472345 23.97613602894963 24.00987289030643 23.72788164322833 23.83185144212524 23.9054120306857 23.98954099846583 24.25455737649274 24.49286975918212 24.8423913622847 25.07750386058198 24.67835416873285 22.03599999704356 22.45474760847934 22.74338593043618 22.64451170136844 22.26711004699879 21.41024259392405 20.12935824573914 19.90911171713674 19.60228875474144 19.11121129047014 19.4306669534037 19.99637232798348 20.20477353451465 20.29084330023073 20.13506008961399 20.01049804304586
24.27132568302704 23.13285580682708 21.01809984365979 20.599979875186 20.83464000348501 20.99361723682421 21.00765266177204 21.2762565090371 21.51728188616263 21.44783471303342 21.3383971043026 21.14365532107092 20.76817560173071 20.72835641573981 20.5689625035887 20.25912282760715 20.03067643941109 20.10904739725617 20.15025169652284 20.03717439030968 20.0668997165322 20.0872287362147 20.05648662372185 21.56293599470517 23.03046547934619 23.4202365486282 23.2354829224617 22.57999287309686 21.29200058924305 19.45783256097809 23.51514766342266 20.21502423900824 19.87223161635328 20.12287177811147 20.12287177811147 18.89013590578337 17.25285619719529 15.23030407075889 13.60747019233573 13.67511496464214 13.90684966927143 14.00856241002185 14.17927935233762 14.35335689885441 14.42867541045059 14.8280439748602 15.5055247380819
