benchmarks/avaInclinedPlaneEntresTest/release1IP_entres_dfa_60506ca5f0_pft.asc
ncols 1001
nrows 401
xllcenter 1000.00
yllcenter -5000.00
cellsize 5.00
noDataValue nan
[rows 189 to 209 of 401, columns 564 to 610 of 1001]
0.8910668747451144 0.898544757064084 0.8965921586426128 0.9000308682973629 0.9231882878533806 0.9237568906717959 0.9328401472459893 0.9371702258663589 0.9320009489866788 0.9073572991736785 0.9241776644063071 0.9137590810732562 0.9089903899191809 0.911224718217804 0.9120637032240657 0.8814006858057499 0.8941243608596078 0.8722887603454654 0.8788880557191847 0.870985071458086 0.8855230213084664 0.8797887295651147 0.8828766837295301 0.891264501837249 0.8798779742910658 0.8858284909290032 0.8826809338098064 0.8605656253926298 0.8362363578281476 0.8232756967332061 0.8103830507711266 0.7954709902014605 0.7979837659060991 0.7996146919455414 0.7967996355807438 0.8041238147052377 0.8038275640688247 0.7927743700456731 0.8129493899366363 0.8278989530094693 0.8351602036393729 0.8374196170837397 0.8338354183162996 0.852662377839849 0.8605594029209271 0.8574036048150609 0.8378434082689257
0.9342830496931197 0.9594609132914137 1.000616845561676 1.013565155189129 1.027579405138471 1.0367246302263 1.027849976239969 1.047869786438514 1.033682392576966 1.051331483974539 1.032256411277441 1.042647430640631 1.035964734544138 1.020182637319766 1.018451963737603 1.036046884699931 1.045845562764034 1.061424316907876 1.034735349342218 1.038323145536698 1.0224625029678 1.027841766939649 1.033806050502404 1.04687767157094 1.043920759676649 1.022431268779949 1.020388211018665 0.991196220334276 1.012229079709025 0.9909696362327495 0.9589743534931443 0.9505003200656035 0.9329706366139158 0.9171656060585685 0.8862172276053952 0.8659672976112631 0.8559974465079179 0.8253023863670396 0.8288519871292057 0.8246929021115891 0.8332585812495554 0.8589480707877827 0.8710705760163079 0.871038969106224 0.8601559308503307 0.8457928288247941 0.8624096576945953
1.049441569730253 1.055696058590026 1.075008532383255 1.077331735962535 1.098056756556142 1.121784243106161 1.120987067570353 1.119845727108002 1.092077662660978 1.102529454746774 1.121593272192406 1.121445082926218 1.138633667593722 1.103036632982771 1.102856175600895 1.063693636129798 1.071941496584894 1.066176444429097 1.086249916168058 1.0412844232556 1.051429624608893 1.000500823723735 1.021262511755976 0.9688603658543934 0.9568921671892483 0.9498458376631466 0.9520822537334509 0.9599604885523503 0.9795052241000145 0.9653323045574543 0.9772550668047235 0.9701840701501078 0.9452591272359895 0.9344628262486069 0.9435145078991731 0.9090578780448566 0.8581072382710142 0.8372494600581447 0.8209748971064753 0.7829613219711306 0.7997891818511691 0.8479471473204031 0.8689010879405732 0.8680689423971973 0.8473513802356757 0.8406338961976263 0.8580107463796194
1.020922313535265 1.028016989142462 1.025555326413278 1.012454930696018 1.003626425193316 0.9730464220311958 0.9608276703350804 0.976267762050139 0.9761510179141836 0.9965408577313394 0.9947137787028367 1.009440479148731 0.9899131567620848 0.9754047571498204 0.973178882102 0.9721763223045311 0.9789750978365718 0.9732425233514367 0.9879153241772749 0.9932588232286487 0.9767396076060496 0.9971904714536457 0.9699045891248919 0.9628951349040524 0.9297459880047195 0.9034499359334621 0.9212913556078204 0.9020443337615435 0.8826854301681211 0.8730276734012112 0.8657066683458731 0.8407790620647089 0.8119314986662941 0.7969993908187957 0.8288734826764115 0.8431242652670755 0.8507041268543338 0.8900250372148936 0.8890655450268216 0.8669319478929853 0.8452601935608609 0.8357349942570873 0.8230494607448638 0.8052927505137466 0.8014611522825176 0.8059149542270306 0.7943692809705072
1.098908633504349 1.103516160221294 1.087912755341284 1.135623536987798 1.149444869440946 1.107368239608822 1.116914996168193 1.043664742930572 1.05166064258258 1.015966258851282 0.9716930463977292 0.9541993442408285 0.9748436817195267 0.9505346167282125 0.9276555660436289 0.9114099414170272 0.8978463241435148 0.9246573892899985 0.9106318511736557 0.8911871569747822 0.917863705844542 0.9057801186308159 0.9184187452376144 0.9131049970501353 0.9075111870314823 0.9392925635152813 0.9569940801178863 0.9537284264287869 0.9376690412781841 0.9059935580670851 0.8668406721762177 0.8402676487330691 0.8153054722369765 0.7939794326257413 0.8085114069979461 0.8327276068570048 0.8540320713099963 0.840324917559383 0.8035284901187478 0.7799512128345975 0.7790660029015885 0.7950219909076766 0.8014054246264846 0.7829590057951969 0.7868727743162154 0.789239096651925 0.7777705535766392
0.9300258528573943 0.9307947774708204 0.9137965084586177 0.9246018176065406 0.9097428682349227 0.9007161997725436 0.8720064734904373 0.8795958250164406 0.8749188976905167 0.89888853479506 0.9480250068160183 0.9670077070250185 0.9650594763015083 0.94339853217081 0.9073088544820801 0.8746547106301613 0.8581622846751875 0.8530936802278856 0.8396844132506166 0.8263588998760478 0.812883595983418 0.7896412467803835 0.8079296950969432 0.8089044844076816 0.8099909370327872 0.8001264159496778 0.7928079612803506 0.7555138884873333 0.7620656176833929 0.7786314549313371 0.7624277770177577 0.748224326337069 0.7248179819878959 0.7329214831926483 0.7282723030939102 0.7142701226916144 0.7115821260691044 0.7105172892393049 0.6965961609524247 0.6919727544329429 0.7000398100549297 0.7090312509142096 0.7185730821817655 0.7128020147580945 0.7129325730602054 0.7120205208237084 0.7259919433919367
0.940367966752952 0.9237489292312345 0.891480872204884 0.8725031570871729 0.8652601966167489 0.8555481475005632 0.8230621634654877 0.8054171404788965 0.7944536341202012 0.7545640128819975 0.7323959410549463 0.7450079718637524 0.7500413553326235 0.7353479599860168 0.6989974882250098 0.665375360052025 0.6324708683598905 0.6322834622664363 0.6486252350834335 0.6619613810653349 0.6700592382210053 0.6816874947500822 0.6984822180438388 0.7158065306404787 0.7096154870035172 0.6877933160845547 0.6906221196214176 0.692604923427164 0.7108094463837243 0.7008927646777871 0.691897171366919 0.695257969887259 0.6993004530632668 0.6992529399309012 0.710314720489631 0.7167395083697956 0.7164507940140044 0.7202356761784037 0.7128526693373476 0.7037620071129724 0.6812791408671277 0.6729568765329439 0.6730081598115661 0.6736040880469483 0.6706631423374998 0.6826625727149223 0.6865373324472795
1.014917799191057 0.9890468107363654 0.9563110474447422 0.9098000010701383 0.8873645568002917 0.868242653913013 0.8352676255791648 0.79661436573174 0.7576181468386322 0.7196669324360941 0.7027139662051592 0.6549272627217182 0.6316042081829062 0.6014653040161934 0.5833448648916318 0.5842637760423942 0.6195406921596116 0.6363794593586802 0.6482833819936884 0.6571664360944629 0.6305876097617842 0.6072318617685972 0.5909431640651645 0.5718868864411853 0.5513846232408697 0.5418163570362947 0.5453406679919478 0.5435271182209416 0.5592984417620903 0.5593574765494107 0.5579019781615469 0.5724562495363897 0.56570229871908 0.5682043489612453 0.5642732421699931 0.5653965861148275 0.5760067394546315 0.5842723069586916 0.5982721260710425 0.6336078085823165 0.6243226642758576 0.6278988731382638 0.6078777073970477 0.6070740960505615 0.6060163053902922 0.5971325247398686 0.6000751251687114
0.9850097533879055 0.9549986092611931 0.9008848041625568 0.8847220399372477 0.8542961601700481 0.8293723937126826 0.8031869174083829 0.7748441950245454 0.7442596943037518 0.7132458187665561 0.6852500606353494 0.6776954651015841 0.6544856876671729 0.6308303972089849 0.609748995668232 0.5908994146839156 0.5740707864564109 0.5405710775479534 0.5142185164584591 0.4872285944830069 0.4794138771880317 0.4654700037159883 0.4730256969962288 0.4569635488053246 0.4635233730142168 0.4653936325146562 0.4534737485888846 0.4427820158076721 0.4532175157885912 0.4980038358816694 0.5214348071939762 0.5334439304716171 0.5197994060140271 0.4992802597323889 0.4849579526132298 0.4797432605266319 0.4766532139510918 0.4611040520888582 0.475076585675722 0.4989791189907586 0.4961482820724381 0.4864897462082375 0.4736593058566452 0.4709376341304976 0.4757651538830169 0.5065579982653254 0.5084675530616627
0.9783595758924106 0.9805744924277793 0.9370463393097233 0.9114166188675165 0.8946750827333474 0.8658400105976646 0.8363386877219684 0.8112655672401167 0.7874896111105657 0.7580328979849237 0.7209293548081392 0.6970237109071992 0.6611395627177231 0.6367585378540368 0.6165378441781124 0.5923798383635022 0.5722805023760452 0.5571688804624726 0.5626769945963646 0.544395387283113 0.5487099614769275 0.5375092306309343 0.5222544984285259 0.5166874451023152 0.5337191314658281 0.5430760924176242 0.5430456626586404 0.5482674084388858 0.5327260054827054 0.5088974521642667 0.5004690528852357 0.4912436830259497 0.4894032296638133 0.4806889857576725 0.46593050265363 0.4643257228329859 0.4779711385000468 0.4708298751085522 0.4638261567629177 0.445697588715732 0.4317068068958694 0.4179757435839505 0.4171980229733053 0.4243419258292508 0.4210738935273896 0.4223855696404669 0.4387702426250156
0.9780773773975262 0.9405909328800576 0.8987876434909706 0.8910283227725186 0.8680704301444973 0.8346002900042746 0.7922877217715681 0.7514873901865299 0.7271619666054919 0.7032382220021668 0.6698165065017614 0.6450687126231539 0.6169506883188107 0.5879729907233182 0.5696283686456507 0.5327900333092416 0.5163462679274169 0.5052106261095373 0.4803403581164133 0.4910094725621073 0.481194368611332 0.4690222513879663 0.4630940132012902 0.4744945790289969 0.4863822638126092 0.4938053903729556 0.4837652744620268 0.489231987842459 0.5189453967626594 0.5280776521574847 0.5355024748087681 0.5439857109342617 0.5388688422323368 0.5388458316922451 0.5355402121923238 0.5334514440881479 0.5416717898795377 0.5155209770252991 0.5069268981642251 0.5027492601421802 0.4844877633612498 0.480499699110699 0.4788913120954612 0.4693787698220296 0.4775350153147973 0.4991824250401767 0.5249410518502107
0.8613218158826519 0.8185606858520179 0.7972224248142323 0.7621784875498953 0.7233672817200212 0.6770253455013537 0.6371599309627463 0.616030689122843 0.5956012075276937 0.5885250354353256 0.5750129251356344 0.5550947567805306 0.586591885280501 0.5947607641199419 0.6083165578227052 0.6464542735718368 0.6470971047741052 0.6584759828706218 0.6638600278164177 0.6815457392308624 0.6874428819568574 0.6810016412095814 0.6851721622279277 0.6723605934676237 0.6544186416242821 0.6341673192961749 0.6051561506913411 0.6076160749762369 0.6279768570506361 0.6064182548872297 0.617241631744023 0.6109643393649424 0.6077497429654962 0.6113458562040737 0.630237639972999 0.6134651913217721 0.6108185493871111 0.6117950129833404 0.6200772284400785 0.647403215465875 0.6540876080819958 0.6365973685202901 0.6139300462507354 0.6186330318923277 0.6530113818754665 0.676440917989661 0.6875823785010032
0.7969469750931617 0.7735170026469401 0.7497335841905792 0.7151889957175994 0.7046222034311194 0.7343099929520944 0.7342179395794419 0.7261628392735957 0.708504305555315 0.6823596993819142 0.7006511349915863 0.6892691567445799 0.662525990034481 0.6606923572432739 0.679066432617173 0.7178914054734317 0.7315123816192908 0.7195952406954349 0.7018254367966675 0.6869022457422954 0.6649695127226448 0.6722815051599867 0.6783114094776485 0.6892484231684302 0.6870776229386439 0.6711152883067936 0.6439598177770164 0.6362958963922808 0.6638778019807223 0.6610545374440353 0.6431505072640089 0.6339774093722385 0.6846126943799895 0.68723854382548 0.6765470319226551 0.6679938551355589 0.6918311899431843 0.6963714827449051 0.7101562037430313 0.7268501036882028 0.7218527335987227 0.7016101654908089 0.6849609181418418 0.6677602273585234 0.6551689821948742 0.6575163417950591 0.6543274365788242
0.7827086007828236 0.7662958020560806 0.7440312969399761 0.7330840804142044 0.7296116722845306 0.7330744694746674 0.7220637822368237 0.7494276970851489 0.729900498322168 0.7423831763730733 0.7327245008972421 0.7435656282902311 0.7350204782260531 0.7496162225916688 0.7397118300586349 0.7484607780847226 0.7504064613231793 0.75621612763069 0.8044688975363685 0.8061145622956108 0.7992667937162753 0.7944104330353369 0.7770697757054913 0.7691001664001736 0.7485893053687553 0.7748390057823017 0.772656147878743 0.764766206475303 0.762101093351886 0.744861790448255 0.7308942130013498 0.7271893345781866 0.7384970612026218 0.7276905770836338 0.7001627900102013 0.6869323909743338 0.6872954089085134 0.6629802504413337 0.6648201551618916 0.6566695915185706 0.6602165628202389 0.6635161153492242 0.7046674183866376 0.6937893907393254 0.7103687355489685 0.7598627374492362 0.7803003880299119
0.8654810973086381 0.8681775745854159 0.8517984209346097 0.836212912019056 0.8338437111018413 0.8606662288826291 0.8414628664825993 0.86459952447224 0.8619027632781665 0.8541995445662161 0.8528428927011019 0.8253132130618677 0.8145050870496526 0.8116578328514227 0.8179923499101677 0.8235413955831807 0.8218300128575746 0.8492741135522465 0.852893364462206 0.8664821469215489 0.8775266827301338 0.8664270244306379 0.8781517536310735 0.8715535037157965 0.8641907378548248 0.8453100807709713 0.8304630459890429 0.8286214778588198 0.8468340303011881 0.8482111552468817 0.8625597002698772 0.8527713868138019 0.8397730514162979 0.8098467987630047 0.7707921652030469 0.7600628903271299 0.7435772964648266 0.7396511303836878 0.7429072919297718 0.7496662955071447 0.7519040951796193 0.7638179488783838 0.7872234127420175 0.8026583052654286 0.8156045828837946 0.8038724214045359 0.8209692844907756
0.855674336464563 0.8635085933617661 0.8700223072506489 0.86910558623342 0.8594255054341464 0.8698970543172395 0.8401076959146321 0.8292237523175233 0.8484392344854433 0.8266512371358041 0.829003341070232 0.8233400164201938 0.8441147634692282 0.8441769599047614 0.877718072805537 0.8738372747607934 0.8922882102121319 0.9029588203311417 0.9120321620776721 0.8985709064838344 0.8795601881904334 0.8656390099139554 0.8567703068867335 0.8339677295857619 0.8118237087732512 0.8000987650129424 0.7806065955718555 0.7709179933305292 0.7707155462611088 0.7858205137207303 0.7966254487329724 0.8065781406830603 0.7911162257003239 0.7880156631620633 0.7773357780094454 0.7740191472423503 0.7730147208761846 0.7569362864801591 0.7396895724593827 0.7312944806672962 0.7125878438283966 0.712010283691865 0.7263309536424571 0.7226563801313856 0.7433074856777785 0.7429606874710818 0.7396769584596126
0.5827113301004324 0.5623694329003612 0.5544664948313575 0.6056531915276822 0.6229591351137846 0.6203821247339885 0.6397491514439898 0.656293671556096 0.6728559126506645 0.6597562744327059 0.6677771420818838 0.6474623139164233 0.6414513534057773 0.664311465483023 0.6781936885444215 0.6789538891344928 0.6863091747659413 0.6680216792138074 0.6567129372450196 0.6388846152364808 0.6304875982987593 0.6705973413339853 0.7106841367077582 0.7357742568614872 0.7236141247487154 0.7325651807598887 0.7420765229074615 0.7523173381579173 0.7579874800939553 0.7753241506409384 0.8055489488206244 0.8051506172870394 0.8059555049238586 0.7964747895659854 0.8248177869641184 0.8624535640155697 0.8664373210497671 0.8708793335242356 0.8722897954623913 0.8849464598006752 0.8864588190124159 0.8823133894190887 0.8903163266388813 0.8903207647434074 0.8677435027525146 0.853766364869217 0.8250785572434656
0.6584186388080681 0.6714196618873911 0.6693280420647633 0.6441879896035528 0.6682026436339893 0.733690477747505 0.7622730665538935 0.7376612766485574 0.6788490578880683 0.6439556424526562 0.6483070708917615 0.6534662268260063 0.6727739402745924 0.6704403646602107 0.6805731992666429 0.6968953413628352 0.7063032282820068 0.6963253509556722 0.6409543927249098 0.6813508396453984 0.6934315709220669 0.6795902661558192 0.7257007440977657 0.7740886894902834 0.8254634435682824 0.8355755312877249 0.8406507603111766 0.8561337644159986 0.8752777024104064 0.8963576003926934 0.9080166880177335 0.9232396883921594 0.9344453308512969 0.925987819023948 0.9070001916641176 0.8850713921786086 0.8881661308736132 0.8845439421554253 0.8710482236911491 0.8483965355973083 0.8210860722269839 0.8352546110928712 0.8415199412241994 0.8666969159135511 0.871531902889621 0.8862861429995723 0.9246268363892304
0.8038416339341745 0.8229225294153469 0.8306131913890444 0.8361358820442023 0.8195347657062894 0.8019279877468859 0.8272828433511247 0.8301988115232943 0.8822930223345028 0.9223809809751511 0.9435629169508257 0.96508653624592 0.9763156764619364 0.9627235992303156 0.9733544439946132 0.9450200684411765 0.9079994500225708 0.8849224034418709 0.8799017310700268 0.8905391369445306 0.924353511687567 0.9619828508237587 0.992615598569121 1.002830288623155 0.9989018246923895 1.013565550096375 1.01154774474584 0.9950549358450531 0.9702963274132871 0.9526187030726986 0.9244418455869371 0.9262496003396146 0.9440930901864472 0.9499737021532321 0.9923678565579009 1.01603439252826 0.9998537302312648 1.001213232980483 0.9924075774573796 1.005899422512197 1.001998032115001 0.987090856200138 0.9829037070471206 0.9861134405904025 0.9811104844993711 0.9696649672577572 0.9654129744737532
1.021046113395088 1.066790368201882 1.099473484222682 1.147902505359029 1.173617496610388 1.172224290843184 1.185566529345962 1.188651294239464 1.166817889946882 1.16608872417186 1.108355526196763 1.070590001534321 1.03799669627351 1.014751683265836 1.000087010965321 0.9864736146597357 0.9900077876907188 1.026487983698671 1.008412121742987 1.000890185442757 0.9663261043899928 0.9863857038717156 1.007627761318617 0.9974014416070582 0.9704678904127599 0.9636980762195878 0.9669664586781114 0.9844882485054985 0.9797052253610271 0.9477434692779181 0.9665016725760459 0.9603838314064558 0.947468955001474 0.9446162153136718 0.961009183009926 0.9574084587402762 0.9533437285867126 0.9416735565714671 0.9465934767903521 0.9613954731566753 0.9563008037958468 0.9490713788578931 0.9455925994904046 0.9649286431364172 0.9619624932817548 0.9496398973804207 0.9364083824519162
1.205954861408986 1.232793981262588 1.238379054779737 1.251339906459049 1.257158513517543 1.261849875082696 1.253804261812823 1.235039451162851 1.220593505213832 1.184004119615125 1.17495197135294 1.148991062841612 1.148930332840932 1.153804079350809 1.122087041135482 1.127620043650511 1.074833398177841 1.072623692002268 1.031442108647108 1.011079691015243 0.9845332164765563 0.9465290027786264 0.9235712821509783 0.9135272232492146 0.9005554884060989 0.9060276170585818 0.8796229425404288 0.8825091827747654 0.8527023263305838 0.8286413300394796 0.8183419721248057 0.8093490471672447 0.7865243111893877 0.7572730992795184 0.7505435816553139 0.7548792214086278 0.7738040636083884 0.8170444066117147 0.8290436873528523 0.8311390716788523 0.8672834931599473 0.8409621465146113 0.8758069558605996 0.8459968872579283 0.8380268346129021 0.8499687080774194 0.8515546927057358
