benchmarks/avaInclinedPlaneEntresTest/release1IP_entres_dfa_60506ca5f0_pfv.asc
ncols 1001
nrows 401
xllcenter 1000.00
yllcenter -5000.00
cellsize 5.00
noDataValue nan
[rows 189 to 209 of 401, columns 282 to 328 of 1001]
24.00630294792866 23.86380874588516 23.73546429787964 23.55558703910589 23.37675611802026 23.23830830690534 22.99284643182655 22.73642392996071 22.53813886809277 22.46301038056323 22.39207083557079 22.39151629443078 22.41006484157013 22.40307701200247 22.40533530853085 22.38937381723007 22.38969627776831 22.37678861212052 22.36388626264823 22.34031239343884 22.32675440840462 22.32285759991944 22.33957084679073 22.35083689970442 22.37875752000198 22.3948779635291 22.61402406321901 22.95282006014241 23.2646691582135 23.56078272726704 23.81403266846976 24.06337259047682 24.29812198905798 24.51326083964705 24.6928631909551 24.87861487974715 25.03534477320178 25.18135547113676 25.3146125863291 25.4474473580989 25.59932055303087 25.75410909363084 25.92523778897927 26.12184603628549 26.33688763214569 26.56873168273886 26.81015092084502
23.96783438411053 23.85924385106677 23.74850458338416 23.67164389550488 23.58554600316403 23.41307877932425 23.20325969377985 22.97979587721828 22.81022880720846 22.57543164495878 22.44583447726416 22.37545081930108 22.38873333352369 22.38903708685794 22.38342189464966 22.37865455367753 22.37053357417551 22.3682612672415 22.35370899771156 22.33602389271432 22.30704581358133 22.30830872593256 22.30853677767157 22.32846739011836 22.3538150894405 22.36659747173251 22.57447042184481 22.92138104151996 23.23387539074384 23.53586272241069 23.78507499177 24.03936390534819 24.26695435391022 24.46852890094155 24.66303317346649 24.85018404956442 25.01661593782283 25.16907289964168 25.31251300558744 25.46059267489111 25.59140933001634 25.71349009335686 25.82689267469875 25.94494407954694 26.08937503206851 26.25178723702643 26.43615029560214
24.07589304723594 23.96155031417912 23.82901756724988 23.69215417589997 23.52826043566921 23.37790556716727 23.36024692005051 23.23000333959972 23.0313361972556 22.82931987886134 22.52822412716343 22.35572607420905 22.3477774808972 22.34220294261793 22.34098922927977 22.34036743601409 22.33535812602674 22.33669176804505 22.35276395650089 22.34285979132116 22.34973548639032 22.3271013641638 22.33418667973596 22.3421616387657 22.36404610537655 22.36503347716663 22.5689072356025 22.89717984609863 23.20533566134624 23.4895496074821 23.74001421072159 23.97774957228836 24.19862007123525 24.3908120459023 24.58233675596126 24.77412208542406 24.94728737918171 25.10995576894178 25.25358142659177 25.3993646927234 25.54085034254143 25.666321284757 25.77265060069521 25.87183465276389 25.96757621253678 26.07625216535276 26.20307261120067
24.11573514808055 24.01532224674612 23.89667891767673 23.74580165112998 23.73933588219784 23.63037981962033 23.4617682243322 23.23969805620834 23.09550585944389 22.87423914945528 22.6472580829126 22.46597167642773 22.36102010994184 22.3342257791843 22.33733746902065 22.32457943176267 22.33673477065963 22.33426672541383 22.3385751387641 22.33745356547553 22.3387424331906 22.33605297375765 22.34346007368222 22.36081335782609 22.36923888249786 22.38572275090279 22.55814339405916 22.8955047406692 23.21121566342207 23.47440830255234 23.72639127564062 23.94257261593325 24.1625705589244 24.35746673371998 24.53892845664804 24.72935092956197 24.90692294744053 25.06827908707428 25.20866457920869 25.3421219838581 25.47927653126401 25.61391530667509 25.73571720771445 25.8547842208659 25.96187839802667 26.06648703613408 26.16541474086719
24.18294700033935 24.10502309530465 24.00329119946822 23.88736228281645 23.76345539018868 23.61325326239386 23.43969322903268 23.26268893589946 23.08075982693362 22.91212455805901 22.7297769343601 22.52798999453784 22.43276562806498 22.41197046953424 22.37995347825559 22.37756081588154 22.36367724830449 22.37666157519724 22.37852620283371 22.38178578722212 22.37346736220927 22.38202705169376 22.39444650640375 22.40569296110311 22.41673714921077 22.41990238601663 22.62267598690061 22.95008548724442 23.24756996518802 23.52310287933453 23.76707235326701 23.99281712957237 24.19013422538233 24.39207988762696 24.58237995772151 24.75252549701194 24.91062068884157 25.06665387234121 25.21060336216688 25.34833811327176 25.47624560410368 25.59996851179462 25.7160189943998 25.83699326003597 25.95772409337758 26.07745875501363 26.18911191550053
24.21154508166252 24.13880464534003 24.04462938359168 23.92951038768961 23.79850543210731 23.67504979830948 23.531668834916 23.38387222399297 23.2232175683317 23.05573943784359 22.97476258566779 22.79940947030144 22.58878850802153 22.5373211124209 22.5047444022648 22.48153032139273 22.47950173858477 22.47247491065314 22.47477859436014 22.46298502013452 22.46925478412656 22.4697633352774 22.4796428746154 22.49529083083368 22.4981974712412 22.50945771417798 22.6978935925551 23.02568547128397 23.35322384399754 23.64525351333814 23.91779143814008 24.14561072593513 24.3552101194534 24.53852265584513 24.70306246062254 24.87968963191926 25.02931001782707 25.16848726109918 25.29126315035533 25.41657116248006 25.54048852777813 25.6550279925616 25.77286283564466 25.89235362455894 26.0147557024525 26.1346607962612 26.24370054785605
24.20446486488017 24.14750092701359 24.07722157358959 23.98073352696781 23.87980570165971 23.75693260285268 23.60841728116163 23.45050394181069 23.29222829792112 23.11668788746647 23.03509005098893 22.87785141363564 22.74310892632911 22.72480334706652 22.69064221941815 22.6655471133926 22.63586343943733 22.62400651342278 22.60426136394646 22.6126315452566 22.59186770484317 22.5959309797314 22.58375707141067 22.60808113551899 22.61239867122432 22.6210793318271 22.80502644215186 23.15302429377728 23.47265460284379 23.77701085051795 24.04379438599703 24.28774099780521 24.48967812149408 24.68197444307479 24.84176329415872 25.00356937714363 25.15646862754886 25.30232275697477 25.42777660860959 25.53489315962623 25.64267315686271 25.75708144073571 25.8791309104028 25.99573485318442 26.10858538621298 26.20690431185199 26.30547327467913
24.19779105924487 24.17640608581122 24.11581518537956 24.01110851000544 23.88729424215999 23.75162045430012 23.60867369338132 23.46220264201145 23.31720129528562 23.15980880292076 22.99313272750684 22.93499721133141 22.90670346412142 22.91744093355257 22.88316589883938 22.88273677841869 22.84255789555085 22.83435524731731 22.81593302474528 22.80841541385709 22.79298848725549 22.78159403477445 22.77699765810618 22.77858712857908 22.78358853794199 22.78620012719234 22.97059978485012 23.29788495221831 23.60134929126563 23.91224619337859 24.16777332957 24.4293769659007 24.63235821117771 24.83491054286008 25.00830391813577 25.17429200550167 25.31325910053388 25.45300571065535 25.58587716415955 25.69517874240826 25.80418256092272 25.9126272521246 26.01957685723987 26.13408999789592 26.23882922840644 26.33418512050135 26.42262197720299
24.21286711557908 24.1507943432796 24.07821712989088 23.98224651607554 23.88027714281696 23.75388576281015 23.62217403432579 23.47253880784336 23.31892965047955 23.15626493451467 23.11345496094933 23.07732455141839 23.05214509052312 23.04540623102817 23.01090603442575 23.00376099364273 22.9985046878713 23.00101296702636 22.96335375551338 22.97691501475584 22.95428253839296 22.95481865525311 22.92983855349032 22.92757163938857 22.92138301240134 22.92339981971692 23.08674369475547 23.43222277408893 23.73060212755388 24.02086307709493 24.2850593526237 24.52918201011842 24.73666217450095 24.93995286412461 25.1149821991931 25.26991824692715 25.4226513516165 25.56011397468113 25.68217685597344 25.80459107905471 25.93050467657685 26.05548482220811 26.17328674843895 26.29872509826551 26.41572067675633 26.5171986249798 26.59795130026692
24.18154838998261 24.11661541934008 24.02665950192045 23.92096091309457 23.7935223740306 23.66497458152883 23.51756382871946 23.37988552927613 23.30509136638163 23.26457460716732 23.23255553430734 23.18164906116712 23.14779026492467 23.1262909441817 23.11273922217331 23.07858779251661 23.09789235970369 23.09110005562529 23.0795509766633 23.05754842086267 23.07184915023548 23.06371400566824 23.04829471277729 23.02250284885713 23.02736627690224 23.04713402883568 23.22304798359233 23.55137513658785 23.86370208876949 24.13449942849901 24.40691540159939 24.64382001724932 24.87331267769286 25.08228768627887 25.25805511705262 25.42119532918992 25.57323493324833 25.70186936541612 25.82366882030209 25.94835698661432 26.08096406354735 26.21878663441979 26.35245487109094 26.47501131069121 26.58971143978187 26.6838449148562 26.74609310226476
24.1209453305428 24.04114924179708 23.95292845288826 23.83846536854777 23.71555990199853 23.57095944552632 23.42709750039318 23.38313745906606 23.39175966220984 23.36741728204348 23.32499216278516 23.28440752880737 23.24829743252673 23.2330169651818 23.20160804840914 23.19530144046823 23.1761048526796 23.19115993497561 23.16353892392219 23.18128093663671 23.17673979246954 23.1696270150595 23.14793027863407 23.12781629022742 23.12566678528404 23.11732373946269 23.307543566263 23.64112548532336 23.92451113342922 24.23099422609852 24.47927327488953 24.74627567722751 24.98048096819856 25.18480596084461 25.37847711084924 25.53972265114814 25.67562838479476 25.81537236521564 25.95628901163418 26.08855106058308 26.21895790117834 26.34892648916562 26.47059536303668 26.57459187986749 26.66113773819541 26.75834223251006 26.83351299061476
24.05104545870125 23.94164197891712 23.8046868437663 23.66636286801199 23.51568447683264 23.45287860141253 23.43450578274161 23.41968821581227 23.41391886216555 23.43458760338737 23.38765321843943 23.36825806547937 23.30726116261301 23.30545727487542 23.26279094936056 23.25788049472476 23.24461386207717 23.24677835446045 23.23632294906408 23.22222084829815 23.22449788144393 23.20358636081087 23.19375831912524 23.15675588784586 23.14680526567066 23.1272676233565 23.30945914457175 23.64468058354559 23.9570262641892 24.25840114273026 24.52131080586611 24.77650536279324 25.02064242933816 25.23780555063307 25.42645213142016 25.60114880277905 25.75299893551764 25.89476242137766 26.03052578143848 26.15903006974817 26.28337361681348 26.39147673684433 26.49863301822831 26.59307362498303 26.67719129059557 26.76514132298812 26.83662068059293
23.89308851358048 23.74377639314154 23.5887692201159 23.47660725998107 23.45435987544737 23.4030852633932 23.38797686849191 23.37535933903537 23.37713795140626 23.40254963097466 23.37481053123402 23.37587124836395 23.34326521484827 23.31936096352559 23.27623642933784 23.26803563144009 23.25052816433334 23.25621011794292 23.24358017073518 23.22586150429979 23.21786197942157 23.20637387226703 23.21152683976632 23.18397531588822 23.18527537800541 23.15817807609962 23.34249647484796 23.68040935500053 23.99061276929674 24.28728055441632 24.55481293071431 24.80026412271086 25.04525006303448 25.26968080953367 25.45135556947941 25.63993039795393 25.79747401802783 25.93683903004824 26.05971606541269 26.17875529451662 26.28780165152715 26.3880906033781 26.47719778704321 26.56799615277145 26.65418663263462 26.73106875269961 26.80909219785033
23.79754429985159 23.61797020682251 23.55661325893717 23.48827109237148 23.45120678631678 23.38616910891584 23.3563373704793 23.30834239519442 23.31789195899417 23.29501558602136 23.29518132424714 23.28346896268154 23.25901531715608 23.24615412223201 23.2079480727675 23.21323934720336 23.1936598620379 23.21310915182445 23.18008835015757 23.18200337180614 23.15937178114463 23.16429847647415 23.15433327352397 23.14957791510606 23.13294630568812 23.12994847363193 23.29870486743966 23.6444357811298 23.94205433600466 24.24815300791692 24.50118010927874 24.75872552692321 24.99536057469429 25.20241554457098 25.40715091738631 25.58721388421668 25.74560301440846 25.88485287956274 26.02528752443452 26.14732169615795 26.2507916505378 26.33900754058862 26.41642911447347 26.50007902143857 26.584983665678 26.67318180306251 26.75757335507807
23.82267334274701 23.58132402292653 23.383143217598 23.34225424778808 23.29066967190572 23.25998995767018 23.19616655695211 23.18007311637482 23.14431172531618 23.12840741462078 23.1146468829651 23.10747352291353 23.11027334612926 23.09231139955373 23.10005078821408 23.08866535109775 23.11833037074474 23.1116451730255 23.10655111463931 23.0792688930693 23.08739627968898 23.07524197082625 23.07332954310438 23.06568119907735 23.05626535480367 23.06468294378274 23.2402879526193 23.57315886759254 23.88455276653548 24.15358166791811 24.42730143965107 24.67316276747503 24.90859751378413 25.13521115124899 25.32885295013859 25.50285503814742 25.68144906742553 25.84014118759607 25.97694232740353 26.08296943161012 26.16575213164996 26.2495502902825 26.32848692691282 26.40683124617154 26.48193821338585 26.56243398214622 26.64776170758047
23.73081941440534 23.48079261734874 23.24892303716185 23.17090058400466 23.14476845453346 23.09906558122367 23.06583236112593 23.00987556350182 22.9890325832607 22.95706707531292 22.95440968504861 22.92737759008919 22.93724682735986 22.94189870786303 22.941891163078 22.95486353537395 22.95809989331217 22.97966338344042 22.96443730238797 22.97579338099913 22.96831854999026 22.96933005226898 22.95922330778706 22.9495206652856 22.95751205650051 22.95438236912691 23.1545479341597 23.47565501181013 23.77793386689118 24.06970294095884 24.33325315292837 24.59013991318459 24.81997572587638 25.02932670154742 25.23372227984293 25.4076965298596 25.56699540304395 25.71661924119585 25.85315097927631 25.96259805842666 26.0454519956898 26.11570780990164 26.20047036444906 26.28269742488484 26.36273070619082 26.45669744568194 26.56056695900885
23.57415706521458 23.3357205398959 23.08957597504698 22.96342001338606 22.94118822859751 22.91967810317107 22.91085290791782 22.86904595490704 22.87969180073745 22.87996364052326 22.86897466005648 22.84922008723705 22.82657420488199 22.81631677100701 22.80979940385252 22.81761597187277 22.80117077534756 22.80533642216205 22.79487275156864 22.7973156606149 22.79737303518589 22.79134608294792 22.77920081306984 22.77017124516007 22.76182448088304 22.75528139194444 22.94130918302797 23.29929732387963 23.61734277458662 23.92533500915732 24.18822922790368 24.44159407641251 24.6575474258266 24.86019396903585 25.0478951910654 25.21620245961359 25.36194618763328 25.51979661356716 25.65544341294723 25.7742157067319 25.87603160969879 25.97214961668042 26.07000242821002 26.17915922965658 26.289385716045 26.41673149356803 26.55474579585017
23.39239858991546 23.11946999007795 22.8532395912759 22.75766106370446 22.73323487780598 22.73193203223769 22.72254519952558 22.71073754600831 22.73518385884507 22.73810274982209 22.74401719433549 22.72747141095957 22.70760386558783 22.69412879886902 22.69654760951029 22.67528473625903 22.65441130028502 22.62103049301972 22.59893415211235 22.5836230614852 22.57232121227382 22.57362724868593 22.5600678359785 22.56144755852342 22.5599008596643 22.56895728502127 22.76118316152044 23.14079920315073 23.48083977440153 23.78944354013953 24.06682815151612 24.30509342414789 24.52259034752682 24.71711917166864 24.89537441616132 25.05322831737247 25.2162696577523 25.35882429624044 25.49187433760059 25.61767887643524 25.73323708912757 25.8531323507791 25.99322909427663 26.13933363195779 26.29707313449117 26.47298295982943 26.67208542215952
23.11275106999963 22.91567182551667 22.57974384408497 22.55667681248091 22.55625843472138 22.5702015142329 22.55943340727198 22.56295968015548 22.54919877601553 22.56058315879821 22.55014338246609 22.55573810270567 22.54919050746118 22.56865404916282 22.58164013986855 22.55827365797994 22.51508967340638 22.48255567609005 22.44897758614134 22.42972450890433 22.42879426752899 22.42062583850581 22.4295264551266 22.4265785887299 22.44491391734368 22.46105973405503 22.67551185807989 23.05537965758905 23.39702190353014 23.70608012948324 23.98628963625478 24.22803118028459 24.45084061227715 24.63514913448798 24.82004484845227 24.98497815294499 25.13896992112218 25.28104752982702 25.42692393984995 25.57512899825346 25.7218242140293 25.88142056783142 26.06073052395678 26.2562488500954 26.47381972121217 26.72911414388141 27.00661886382883
22.73412333880082 22.81928175053549 22.43330199422847 22.40106455121947 22.39578570256291 22.40420607362984 22.40398897479929 22.40641751938032 22.39772046561196 22.39774469465618 22.38350628166812 22.39102691203195 22.41232925952741 22.44811614854532 22.46443454546069 22.44932482085697 22.4275193563068 22.39777032494957 22.36643839713271 22.34934564984422 22.33779281306635 22.34073358903347 22.35982039556041 22.38091858841985 22.4056043089762 22.43858634020443 22.66223085414951 23.03829548377664 23.37898229828752 23.68338366021873 23.97184214662796 24.22273274431898 24.44957950408993 24.64570961831155 24.8140065394712 24.98979641801166 25.15159855590397 25.31965387277059 25.49596586938768 25.67773412837047 25.86908781225354 26.07628895397951 26.30141911809314 26.55014231092703 26.84001721461595 27.12852416648752 27.4238713901265
22.46350435810437 22.36074622090396 22.34427209058763 22.32590564320166 22.31801016929047 22.32057485630035 22.32784974734056 22.33852733136998 22.34466624878505 22.35473208274147 22.34541402454508 22.35674293929869 22.36554919762091 22.3816340222211 22.39073341861111 22.38908155578727 22.38597309000912 22.37729786876216 22.36227496940133 22.35177270341294 22.34363355872368 22.34795368846958 22.37076286348128 22.39617303332142 22.41357836340358 22.44142938125071 22.6423258313681 23.03003436593269 23.38631948305139 23.69873585813757 23.99515238564812 24.25738414313612 24.48047932920075 24.69706900256793 24.8991836381293 25.08617957884556 25.27713811696194 25.47681563927512 25.68807815534822 25.91982837287019 26.16889532110316 26.4332682981499 26.72690084312397 27.01481458816449 27.30525429049694 27.61191428518108 27.90231845804374
