benchmarks/avaInclinedPlaneEntresTest/release1IP_0098dde5b0_C_L_entres_dfa_ppr.asc
ncols        1001
nrows        401
xllcorner    997.500000000000
yllcorner    -5002.500000000000
cellsize     5.000000000000
NODATA_value nan
[rows 190 to 208 of 401, columns 645 to 687 of 1001]
45.329658117974041431 44.591749404048911742 43.671392875386274568 43.242660146627457607 43.122368698934103293 43.647919467611679067 44.126800603921680022 44.747879939426830731 45.033147346576576808 45.64001656558013309 45.915143899781959647 45.980166141498223453 49.771821828571951585 48.018560988705729642 45.762522460566259497 43.35379531363759753 41.17811276058791492 39.038175489059220524 36.712765697268530118 34.396699277684632534 32.118173641728560597 29.896027521588870002 27.738320298695086308 27.665773758346752231 27.720726813558236756 27.699270997872165623 27.642764112619548911 28.111106978230342435 28.065107447935389473 28.923724157875948748 30.121963064869273552 31.122232849960294487 31.931504902625103881 32.441099221898348048 32.618759366996975757 33.008270281529256351 33.459649335140262849 34.309153514021453191 35.216034928150968142 35.846701345231792857 36.307286885575358326 36.718304044787146267 42.573931088403604406
35.91481569089562953 35.107079980736571656 34.227042059062164014 34.226326259947661867 34.383589840998979525 34.617342352991883558 34.902491223873077786 35.514611011084198822 36.250868148357220377 36.450020102346115891 44.602170151310694735 44.958990160460658103 44.264771706558285302 43.38249370635011104 41.829102496213138807 39.968228865277552586 37.565608119585860436 35.084857715179019522 34.694364339126885 34.886222835901818939 34.878661267341264818 34.668729071628021643 34.876893026813299059 35.111834946295289228 35.120216410342266045 35.224649367196654737 35.559546674689379131 36.226163347625366384 36.523484073042531861 36.773363888274822386 36.99065623512588985 37.113767701046207037 37.351983402716257388 37.870611395272497646 38.222040423499315409 38.599646346880142289 39.197657432284039203 39.73968995131198767 40.452218384329114542 41.156177292305741844 41.678046755969035075 41.969822506270730855 42.533401976420684321
37.498068117139006006 37.415400785407726403 37.56189271581148148 37.654271330154344355 37.722883940948804593 38.019219153055537674 38.28777944703988112 38.484832093154963673 38.669284791371573817 38.781455816607838472 38.806737896246652042 38.704376434825235265 38.726995283394991532 38.86114081875019366 38.944005820394593798 39.011216192112286194 39.000422999237805755 39.005840944997096642 39.015049383378745063 39.03048203816599937 39.221305207820854832 39.511639303965914394 39.752279419286651319 39.823757921629656664 40.047735402937462368 40.198380225081493222 40.330544488637421807 40.428128894584311581 40.599962328447723792 40.552491895672709177 40.466528732149363634 40.550055097143506089 40.827832721187533593 41.281367556008000008 41.671552222877423333 42.124911169459565485 42.594117993206801032 43.14092463804376365 43.64804800080789704 43.999666050871873324 44.156209868754686454 44.076528487794128353 43.63512582474572099
38.203544406139116063 38.056269031969918615 38.086943773363486798 38.184906816413366926 38.27275007290749187 38.463872868770550895 38.622512497152406752 38.822137301183452962 39.061845865508239228 39.282869808977757486 39.613700727754711295 39.900788463557383068 40.09533394360268943 40.278376426167127988 40.371620659888925786 40.412274796642279284 40.44941013280097053 40.595147172997599228 40.753268365885318758 40.779720794525189831 40.779095054586086633 40.787788691988673406 40.799852931687539126 40.86230405136739563 41.074599848752171738 41.488108782595396917 41.874505415147289966 42.226123483503826606 42.297877814552435893 42.084314260546591413 41.75130463937709635 41.520839884590444058 41.637774009444257217 41.879984774976392714 42.421153969755231117 42.891996526944389245 43.374380213678186635 43.769959589704889424 43.997816520368232318 44.078035548228811535 44.146311520932435712 44.231038997444599659 44.272380447828524552
35.127174011354668437 35.113975906354639278 35.386843030643383656 35.493045078533533854 35.361870036240098614 35.441262369189800552 35.508252752098066196 35.727679242713954011 35.911530318204654577 35.997622480489134489 36.223506153846500411 36.623487677233285353 36.997743016144561068 37.172529297861217401 37.148326250854076136 37.326467508754525682 37.687501939532509709 38.102986726979182208 38.29379278895421379 38.298802732621858524 38.474662114552820924 38.482448401170429975 38.531898081251675592 38.518585525005640591 38.785003249703237316 39.455460417139107676 40.314483336991223439 41.081552527308900835 41.358076560063672389 41.303813800994220173 40.720242895042481734 39.971451073952245281 39.331675345873229332 39.033145755844927294 39.120546265269140918 39.564794163508111069 40.266433689139937258 41.178757041228159608 42.810276627821338025 43.186050117510909274 43.04459111028879903 42.677722799395645836 41.724847663618596982
30.575271615957884563 30.331997715375955238 30.46443330735723265 30.707983114480413178 30.545027427615270454 30.481310771542659666 30.753696967499173809 30.959278622596130504 31.30251085893831231 31.613238906007406825 31.869105138188800197 32.280117160234190976 32.715921692076641136 32.89944338321499373 33.078421684476253972 32.786255963147809211 33.071692962094935808 33.706681985570824622 34.250062841559675064 34.541927414963900844 34.586160588582849584 34.733601540206677782 34.987727080336817664 35.419672265963683344 35.688115220300666408 36.046500740969428023 36.333810009510834504 37.239652470060796929 37.931570088570310872 38.676269791982051061 37.485718506136834094 36.161374473410482722 36.245831249509272709 36.217998317973510325 35.27253250913866367 33.275817369124368383 33.834645671715485094 40.177671400835812676 40.019439858022430201 39.297360831664398972 38.34473856909212941 37.065831047430748413 35.552735794978623574
30.924184010333693351 31.45684310879739698 31.94503995149993969 32.094835934238361119 32.149097839216700834 31.910899940784165807 31.506855648324936681 31.424964521177187748 31.708631218896801585 32.1467227775560076 32.470804815404932242 32.831635183030094538 32.904658370917886145 33.051650988962023803 33.297044998290139972 33.68785254929266415 34.504365009928157804 35.307478180531560952 36.092888852105659225 36.383967261211054733 36.334976326074837516 36.531391419406887167 36.512467197575851685 36.420865466329743754 36.351805246606325284 36.350662063247895617 36.401038989519904021 36.551138024842195762 36.752434743517390814 36.200944097769642838 35.702994347801578101 35.779391862986464901 36.00665944468963886 35.633275100014536463 35.110783822926315167 34.172879655264942755 33.076326419651131516 32.023680936326300639 34.885279940174747537 34.339364471861223649 33.004427788776432351 31.833776744346923948 30.821851944671916357
30.308490499802910989 30.771835999478298618 31.298706633320847459 31.656053124304698088 31.615616552106715176 31.470782554521019136 31.492473741121841613 31.936739134182531075 32.543753580714401608 33.184110027594144299 33.522277453704667494 33.540319608845692301 33.670789486024204962 33.675144873741601259 33.683662281324814103 33.919039212891995305 34.677234025622908575 35.604068353758279386 36.55729063841649662 36.96194191361969672 36.888975980613111005 36.714622233738573698 36.087711174170109985 35.536147492132826642 35.039931244090084306 34.694218971330975876 34.590363646070869663 34.515302379662507803 34.504000589247503683 34.179058387961489984 34.120762026792448296 34.032853139017326782 34.229450673212305389 34.223354532172336917 34.503937689153893587 34.189963930313368223 33.762602577710111973 33.429213481832249499 33.142861405243621675 32.910687194102621334 32.841686580560157438 32.675455017186202156 32.170164107558193223
29.462507937513130685 29.948523407895628168 30.378565379260138002 30.791294637601517081 31.019734709396139749 31.09643275037925747 31.298344914017192764 31.74677979180114562 32.356915089305616107 33.039813143014555408 33.300920216382635886 33.475094340371320811 33.560003257031780777 33.226460713635241007 32.761001951682182209 32.788033640994363793 33.376560355879746567 34.197269536383188893 35.002309644991512982 35.512327558810348194 35.419248443757055611 34.796409136514618865 33.076316684392978118 31.82045282064978764 31.117867064451562698 30.853776057057945792 30.688333500697972056 30.183550521305505754 30.180981674710459117 30.228839333297546688 30.501702438070665835 30.464046722634506636 30.636928888247162206 30.986405007413619472 31.37363410466824476 31.333601189905124329 31.161663979000728375 31.433990095797796016 32.003928180182803942 32.172535628495239735 32.234267362738826534 32.346403928341075584 31.907988487620482232
27.915421745670343512 28.290465110557050821 28.637463280693701506 28.837436210325684272 29.098254363626239183 29.342122329161881567 29.754309782087968728 30.152499509537943112 30.830145687884993322 31.529372360165464073 32.038752772227404364 31.87327710777186951 31.401984550526552908 30.647281974380447878 29.751695617917668812 29.604948520110720978 29.96271337992184769 30.484682817971634705 30.955869199217396215 31.099731772861574086 32.528242800845440286 31.99457859298959761 29.672705738716977919 28.416352145480399116 27.519529088068072298 26.997152476263977405 27.133380867030073347 26.948754877028296306 26.655507519810758055 26.41074456250817093 26.466945583233940198 26.220853563646667084 26.457065583050351165 26.950533882346519476 26.999060079132874534 26.849115117045691647 26.701996375310674381 26.633726322083930427 26.501837516758847357 26.855591602798302375 28.044363657623961217 28.961533295505713426 26.212302929705167287
24.849451963828538936 25.156191666971437826 25.850221438515120553 26.415217426584010951 26.835272449109922377 27.027375005069071534 26.911686409244293117 26.600977941096989099 26.7041265791137441 27.289109689014203752 27.583048158563972407 27.533467819228786055 27.182486987596462313 26.673313399430536919 27.417813127647903571 28.109692600552005359 28.972782500533291739 31.736178662528310213 30.916613713583341649 29.76891972329840641 28.365879489290577453 30.84073407438215142 30.148331531471153966 32.390576897280233482 30.312750739152683366 27.968127096039761881 27.101885595075167146 27.037096860003437371 26.927544780516399214 26.814136750198745318 26.908117830183201136 27.288823676829974119 27.903072325233008399 28.394223146915201994 28.452936275558176504 28.333236074321046516 27.955576002151765636 27.83959221648265725 27.906029143591617014 28.393488425552042997 28.935154464860993073 29.166988831972084029 29.359308578039975401
26.915488991877975167 27.553200994634099885 28.085485763155134009 28.36882820191357979 28.188700982647290516 27.734880910355673933 27.935307891228720933 27.935863999243167655 27.992954064369833134 28.046489516153627619 28.169311492633603677 28.528628566782515463 29.262891472909348778 30.078189762138833885 30.706313812009714326 31.107655306955194874 31.381174588042306084 31.355126991825571281 31.449520054039830086 31.637199526740410249 31.934167335032803692 32.800794298603612731 33.328241919952773742 33.710872196647734711 33.491944063675248344 32.528563897460820442 31.026919909105018291 29.735270075884635332 29.559319958481207635 29.30106910382377805 29.079102620147924796 29.111430869782349617 29.452954981156374004 29.843121390741718102 30.0608227973335147 30.038527731772241225 29.521252505555800383 29.184798971683996172 29.188411454431058445 29.580921426377969397 30.297015116331056817 30.969711429290182281 31.02883494470884429
28.399378857354154349 28.726590463850946833 29.045482543237302053 29.340636273355819696 29.607213726442687118 29.898482021766799477 30.089896318184802482 30.304223334404571943 30.500313208365799511 30.95226071867827855 31.066709624008431945 31.252935253786898073 31.820243457816442145 32.682204127651452552 33.357289507857068145 33.266311833554766508 33.144880974287175945 32.978306732579717675 32.849765359423599875 32.987479787490180172 33.557282119237569873 34.222086986562963773 34.363285337796341423 34.190277115666077634 33.659893895558234078 32.894321357649779713 32.631410282370914899 32.035937102236005103 31.017782833356076111 29.764212164070393385 28.460167836536847119 28.522075531318186847 28.908278619816805133 29.205314989468806885 29.42340429930100143 29.343918658531510602 28.908951286641695333 28.380202150613182965 27.995987953482213584 28.099737960828004901 28.704666247975580973 29.09024952952846732 29.884540869715042533
29.709703522688883481 30.141687173005632161 30.34508853964120334 30.555422114293737224 30.764093924754050136 31.219091781584765499 31.535972879351930942 31.745833997238992907 31.793239330067706305 31.988457308646665922 32.138632281462278684 32.457277110002600296 33.158453731974084633 33.966047342978100687 34.164538968047466483 34.341102650336296165 34.502458076019877353 34.042077382090347726 33.472746160616004829 33.447784667180968654 33.70614869460285945 34.078594144651674469 34.334730351269577397 34.54645808573820176 34.443752165068147519 34.040826501496759704 33.971109867968003471 33.375320790353057987 32.32409719362131284 31.002529142736857892 29.622796056944014964 28.227186920324864872 27.366300000352953958 27.892341648157589873 28.32903474057186699 28.730421133743238471 28.479896903954401211 27.999313843433220939 28.032730963412070935 28.263961712068891075 28.89390138255669882 29.310500634564455424 28.95582671459612456
32.632246981872654601 31.647599351459575701 32.566974823639817771 33.21454620787455525 33.447229020083938167 33.068843747211538187 33.495976278956234751 33.627194008379589718 33.962662214076068778 33.762904656800117209 33.157047135137467819 32.88648673830657998 32.40336881605653474 32.563709026766368027 33.229468346664205569 33.800800943284343703 34.364913949784721581 34.048302505402283202 33.314671614777630282 32.788564785552999581 32.74523208614657932 32.941684581134509813 33.0987506066407704 33.161549140271318947 33.071413323091931602 32.643464405082113444 32.571445273823869115 33.339344263441496707 32.611791639701444012 32.241031075473749468 31.889221596224658128 32.022991000933274108 32.70676000974624742 33.293575482324762049 33.418337051766528134 33.19190790679405012 32.693530175593281228 32.193231133428355406 32.070234101154170503 32.228833192908865612 32.207674338804018532 32.155205257242784 31.820008027867444866
38.631690688159288527 39.003342879366762475 39.049238024166619709 39.392396765468120634 39.248898721434962056 38.588084056355690166 38.471660322534042109 38.442302737519177924 38.134212070516007032 37.944000490905473555 37.911812745430609084 37.532625382242905232 37.472828861790631549 36.604557156367761195 36.568908523431417734 36.873598314000545884 37.208957174582252492 36.800006955833133304 36.600760212624663836 36.602759771862075411 36.608718520207098379 36.648790996988331869 36.619762940985800981 36.838697975692006992 37.008934846876549329 37.056287047246129873 36.661241302868106118 36.239954162235967772 36.288702575547873153 36.623271745014243095 36.849347538920959266 37.125755637483969451 37.162983924710196959 37.304567942070271158 37.691131331286953809 37.488539201873834372 38.403302806774625822 39.073974302214004695 39.061831319763690828 37.51512126760638921 36.060552725759478676 35.076738861020487548 34.769559870099513432
41.141517351394988111 41.713174841949346217 42.145544196875277976 42.283405345137303755 42.702834972332105679 42.575192074607876691 42.540112168112727886 42.621554623455331523 42.383899696325748607 42.234385893921654542 42.385592404449347725 42.603091201146867206 42.288276880142404934 40.21933871928237636 40.084634384543733177 40.048453161599226746 40.081585339967418236 39.77492289372668921 39.433433059627112982 39.099037776720635406 39.006663340708868759 39.00911919112697035 39.009661286509185629 39.166108160075673084 39.545741449022855818 40.038106306037335003 40.29021447369244413 40.124310869947478864 39.861140697482952078 40.086641795323551207 40.435988866829809751 40.788658670567485842 40.804600377986957938 40.543404326015284767 40.395139683152095245 40.651821157152987496 41.095158546808939093 41.337465778162304275 41.086884090316146967 40.398249823902716571 39.570731440359622866 38.840266170066676921 38.421067245058104334
44.955091919661647637 45.754766119247001654 46.460182701466045785 46.9463596554793412 46.945112919387938177 46.753403784434951262 46.539153652906847469 46.738918059355256673 46.650790800811741121 46.446459144165721966 45.94395347557556164 45.207393129736367143 43.708343025024340989 41.883202140924581158 41.195338127829415953 40.747673816582413053 40.28376415760064333 40.360976662973499174 40.032638518615137002 39.606515764234686117 39.43179555845372164 38.881839393670254879 39.206483119905229273 39.750701713398008508 40.398295203506606299 40.946457183603641283 41.372741848982052204 41.307033879149457789 40.719485995959587399 40.902166930002543666 41.581760053870134186 42.193867237887189958 42.145899355574243828 41.653742710503600222 41.068190687451277654 40.861236210991080497 40.922248585343666605 40.998610833943459397 40.941598208710971107 40.756159710523448325 40.439082862320070433 40.033570670706168926 39.859307235182832585
51.912856485708879006 52.524300649146148601 53.174080245652845633 53.542025124292138116 53.143275657567095038 52.529819761167495074 51.854594837161741339 52.028954569281367526 52.051753688320822278 50.967194850423894081 50.502813140091504351 50.370089816053827292 49.189183006281581356 47.986395590343107642 46.806439931196585746 45.648639582836196382 45.068168752307535385 44.6826002987480706 44.30136742457548138 43.769852480153105034 43.229801798841521077 43.135461557172284586 41.980473829544294517 41.003817180657541996 40.356717013562182217 39.994022267321469144 39.909369696143691897 39.504872330203731678 39.182188823712124304 39.512250657603921411 40.299771899689858401 41.217065349809438146 41.401816195573154289 41.371170453661541444 40.211196219921326644 39.741201215576012373 39.770435339987855627 39.734937489226965113 39.729913295604582402 39.642490901183805363 39.335179936729986139 39.073265921760523156 39.032836994271626452
