benchmarks/avaInclinedPlaneEntresTest/release1IP_entres_dfa_60506ca5f0_ppr.asc
ncols 1001
nrows 401
xllcenter 1000.00
yllcenter -5000.00
cellsize 5.00
noDataValue nan
[rows 189 to 209 of 401, columns 94 to 140 of 1001]
108.2741218439638 108.5949196877547 108.8672680357029 109.1641516082241 109.4662510922757 109.8098005125043 110.0743375515619 110.4226706685885 110.7721084282312 111.1939421261888 111.5352504701431 111.9008100585349 112.2821892673898 112.6038256713809 112.8669158184154 113.2689559615176 113.6753872745889 114.0775933733537 114.4525646219505 114.8225229442405 115.1302759934 115.499681058865 115.9126580381484 116.3704688201834 116.8396104082344 117.1920482487347 117.6484356598452 117.9065816415845 118.3165942470637 118.6928346280005 119.1775293696785 119.5440064576957 119.9043888577659 120.2226434515606 120.5256756639244 120.9844545002029 121.4858020250635 122.0325279771086 122.4793636277886 122.9473366421143 123.3373266075094 124.3592917693994 125.4143567467962 126.4500609905174 127.4118440676865 128.3616320996571 129.2994445485477
109.4133368295327 109.6755935558353 110.1239570854813 110.484312610368 110.8294914236206 111.2281106601156 111.5072398947078 111.8946005567207 112.2199455929568 112.6313244638992 113.0499676122329 113.4943780908001 113.9200690742115 114.3529411090068 114.7045098440897 115.0913591504263 115.4402596516471 115.8773620693377 116.357163939265 116.8318043560367 117.2373210774216 117.6465454816076 118.0193063767796 118.3277142407091 118.7511190559295 119.2027859640228 119.6708802298843 120.0786878699203 120.4428344079717 120.8057876903313 121.1105279335818 121.5280087607509 122.0445172475877 122.4890253202109 122.9657246870364 123.4367863597406 123.8989696257874 124.3971846537192 124.7839437976848 125.4161283390806 125.9872502159868 126.5978063728016 127.1081119855659 127.9802237664116 128.95245231386 129.9506443664676 131.0744502665539
110.2208414192809 110.5399743056947 110.9246662331836 111.3156728337611 111.7555261137226 112.2125119203065 112.5750078244627 113.0313186759195 113.3672872369831 113.7718169230682 114.1030216127963 114.6072863732831 115.0171123844962 115.4907286795083 115.9121618305479 116.300473075386 116.7120692537028 117.096987640613 117.4783997643355 117.9872410315736 118.4617017688292 118.9527617219971 119.3937481680688 119.8397783243526 120.1961322193146 120.6091835910566 121.0671811825927 121.6413351567007 122.1120792908018 122.6100915988579 123.0192502990257 123.4642175390491 123.806718976919 124.2746155821127 124.8173949168618 125.3990772103206 125.9115013867259 126.4523456683609 126.9314192925508 127.408204463792 127.852700314041 128.4312391911477 129.0257287999953 129.8594481533461 130.9408647045724 131.9801140941116 133.0177024557903
110.5424945910202 110.9039936806678 111.3340432851784 111.6894284106985 112.1943319164659 112.6409554616774 113.1053158747897 113.580853459335 113.9967279668357 114.4915810929621 114.8408182733155 115.2770519825656 115.7269115743461 116.257160760072 116.7114594631997 117.1132684622162 117.5492100159945 117.9634812439191 118.3399838703115 118.8079076742131 119.3211113328264 119.8081744057412 120.3161535769127 120.7616922625263 121.184778612336 121.6530045890919 122.0027430840024 122.6096542262841 123.1427619781253 123.732104587491 124.2155386540016 124.7064270837202 125.1941821424464 125.5568569520638 126.0918014761006 126.679371890816 127.3064029004981 127.841778650087 128.3959254883375 128.9353137022713 129.4358670731645 129.9229573152638 130.5841314476125 131.5056835299229 132.4336936544618 133.3913849839425 134.4504672239576
110.9781968558832 111.3401607935846 111.7479576764428 112.0695440746776 112.5580743730734 112.9743383893252 113.3960658161534 113.7867381858988 114.1440764915156 114.5416709131335 114.8738666134668 115.3955718591041 115.8293032350864 116.3320185229776 116.8090559554171 117.2532564240784 117.6980822331582 118.1309898320872 118.5217104509265 119.0778188013624 119.5793952930307 120.257355584078 120.6036149955201 121.1229252316796 121.5789097133939 122.019231188331 122.464607424351 123.0807548886032 123.6021091512818 124.1923697985936 124.6739239518875 125.1870598865556 125.633512170507 126.0844440169986 126.5629150553279 127.2157398908133 127.8132737908722 128.4344852366444 129.0280743676302 129.6205784913855 130.170577152566 130.768838073827 131.8163609588656 132.7798643846682 133.7957214454767 134.7843246617286 135.7314203191627
111.0777206736908 111.4238881666624 111.8136744146982 112.2175743833837 112.5646085587533 112.9245106165822 113.2690179965252 113.5868535145378 113.9304691882686 114.3454294794257 114.7574339643506 115.1562930463533 115.5543382059437 115.9594223191334 116.4373789207118 117.1230466786013 117.7570118385648 118.3937569946553 119.0778417750614 119.8822725094587 120.6310993842599 121.3543869162949 121.3866577387593 121.0604746663745 121.2228459084842 121.7553333439749 122.3146520816326 122.8945334529946 123.3962617933857 123.9648317371659 124.4499711485283 124.9899617639299 125.4903061929541 125.985357959047 126.6188955798328 127.2823613672117 127.8990247157441 128.5149715146962 129.1590376918684 129.7183017124549 130.4838915173622 131.4923291761632 132.5673473030382 133.5770710912986 134.6068320335808 135.5802570832822 136.5636401950069
110.9890245577052 111.3173795143146 111.6252044560098 111.9428519937375 112.2051482794884 112.493149972231 112.8631676183522 113.2728181609283 113.674729850009 114.0659941414144 114.47157478256 114.8240369369565 115.2289408656767 115.9639755807716 116.7328480338257 117.4418108802372 118.1419662085039 118.8382744625257 119.4816553178619 120.3050348417667 121.1314693286933 121.8753347910066 121.9623388339277 121.5811923359724 121.3896780692425 121.2884336309634 121.7445114901891 122.290684072009 122.8029038627173 123.3636464479978 123.8668621060303 124.380578406666 124.9461927589986 125.6302083163989 126.225243854225 126.8244907867453 127.5541848023171 128.4969565356581 129.4220759484168 130.3013593638336 131.1693487126886 131.9894246098599 132.876743356409 133.9177329848359 135.0008470914067 136.0290169542515 137.0366273656899
110.6554266510755 110.9398904693044 111.2317405534992 111.5227876408582 111.872506594773 112.2303587409398 112.5638837900396 112.8915614034587 113.2053344257057 113.4915228467792 113.8800278982429 114.5157676938398 115.2765654838315 116.0250829053209 116.7513815625011 117.5098568364896 118.1758930855768 118.9028247055765 119.5362041569471 120.3472620746052 121.1013354487447 121.8967612887247 122.0382044610552 121.6969396840159 121.5089432780429 121.4362418916596 121.4595205985011 121.7290044444911 122.169121252704 122.6872262235875 123.26117836233 123.8223078647331 124.4462169272763 125.0872148588702 125.7791876584549 126.6581632174223 127.5904594325103 128.5068071194963 129.473387812777 130.3920717609512 131.3070224392677 132.187857298776 133.0471384818685 133.9480987086893 134.9406693919267 136.0114123736126 137.0577802697582
109.9221710553363 110.2761055571215 110.5753392039221 110.9127048756096 111.1407908816382 111.4576458423011 111.634470880499 111.9260454868648 112.4219250334422 113.0772008796953 113.7210698983791 114.3687386519712 114.988032845285 115.7607170746878 116.4678451362962 117.2290716675295 117.9337544860267 118.6556074203779 119.3038108430183 119.9601917342633 120.7432985123539 121.5396165265222 121.6397696020543 121.3062280940704 121.1306932978906 121.0563357749681 121.116516559062 121.2565890315209 121.7116449597037 122.2020736774054 122.8270402158062 123.4187797449995 124.0878964716221 124.7599153968741 125.4030356606336 126.1754538757778 127.1236690430253 128.0149403447114 128.9377545747065 129.8507542965403 130.7492171245729 131.6180826983967 132.4520252041433 133.3143546898518 134.1769561973283 135.215169447133 136.2394590604631
108.9888077945577 109.1953156650824 109.4147989577112 109.5981930569637 109.7960456120196 110.2483356551679 110.7774386915231 111.4411372894911 112.0945813412529 112.7093179745622 113.3656646735177 113.9275427657977 114.4943212156988 115.1115766540607 115.7876194251145 116.467164833359 117.1258284805391 117.7882474945901 118.4115684443876 119.014096930776 119.6478855173571 120.3232315356269 120.4363872100836 120.0506099160987 119.9196165324593 119.8836124478608 119.9720477841299 120.1587945166347 120.4397558518356 120.9848372602652 121.6361931224433 122.2473251865303 122.9554902681363 123.6300350630106 124.3112702232605 124.9791433700955 125.8549036058156 126.7590753227222 127.6794377658711 128.6195896323841 129.515146245114 130.3861229809823 131.2367414174573 132.0319318661424 132.8894997644246 133.7763621275427 134.8087002091449
107.3804523507153 107.5616578842394 108.1113944981377 108.5707148103464 109.1039093504776 109.6109453354413 110.1156936150456 110.6170042144842 111.1699363099664 111.7689481211558 112.3618211774766 112.8884708898599 113.444069886955 114.0010214414167 114.487758344698 115.1178797789756 115.7263988554839 116.3466950660125 116.9594516805106 117.535266320183 118.1287469586501 118.665951102954 118.5888872724474 118.2171511303516 118.0217790165016 118.0029331118903 118.073875644416 118.2535979492076 118.5148679035372 118.8890414129411 119.4920914191982 120.1841409093474 120.8660744454788 121.5824245627434 122.275044579546 122.9842997953208 123.6920765826137 124.6400339351347 125.565078565524 126.4879750466749 127.4011210932962 128.325958000629 129.197147841871 130.0839781458396 130.9356107980245 131.8213514318396 132.8132565331178
106.2272593548896 106.6538848989408 107.0734624463078 107.5082129822693 107.9761994660622 108.4890859110932 108.9515998967382 109.4385551263415 109.8509648443611 110.3084680171175 110.7774031534622 111.327729407717 111.787367572703 112.2647817120903 112.7505394431919 113.2053051424749 113.6592625129813 114.2303351654793 114.7942382983234 115.3445057134871 115.8662629330748 116.3890278430502 116.1862683662401 115.626375184004 115.2879155479958 115.2498656902447 115.2775204135429 115.4405731481059 115.6472475270762 115.953527597212 116.361545381927 116.9462117412194 117.6620435668504 118.3153100605865 119.0764731490555 119.8467331197812 120.5862590875985 121.3993853721482 122.3722987055933 123.298983005317 124.2008779212147 125.0926331231114 125.933313432005 126.7931153243747 127.6615263297231 128.4457369527051 129.4021929201961
105.969285174383 106.1685019334528 106.3811809250636 106.6633913743518 106.8550142356605 107.0364837846087 107.2011416390301 107.4469818530922 107.86443566162 108.263450852628 108.7405070284914 109.1139043530577 109.4825465194659 109.8603877552475 110.3191134784438 110.7508437340227 111.1516192062694 111.5157764794822 111.9114990111077 112.2390374196612 112.7428376183282 113.1092825503372 112.925216681149 112.3034141687433 111.8091108198121 111.4765625521701 111.7350802917659 111.951054897381 112.1623332947438 112.3855250791144 112.8321983520016 113.3475826634359 113.9047939964754 114.5755563041655 115.4332934941817 116.3391603465887 117.3474814010594 118.417796464001 119.6460358394932 120.8814396205758 122.0657148064406 123.259235212362 124.3476668576593 125.0332992523953 125.5630228533319 125.9281164324286 125.6478834024359
106.5484711712864 106.7554197096829 107.0044724348059 107.2746353247745 107.5188992580982 107.7855982803182 108.083056569526 108.293619475225 108.6893195939996 108.9664415073206 109.2659534956451 109.5045828052788 109.7547284518126 110.1113752920182 110.4346158452985 110.6911287935603 110.9845307354365 111.2129416318131 111.6224981438601 111.9558167985537 112.5148246211524 113.1325185830352 113.2282603087972 113.156896913706 113.5049079612295 113.7749460507421 114.0158528228413 114.2613608351127 114.6771807537087 114.9237700495725 115.1697553772398 115.3158674278256 115.7563091764485 116.1614713826742 116.5885416870376 117.0058145339421 118.0405130890316 119.2107675649704 120.4774297550652 121.7127140862884 122.9030679187554 124.194909739072 125.2710318383729 125.9310302829489 126.5211884229535 126.728216086855 126.8725983413892
106.6626840823159 106.9972282209769 107.2307670873874 107.5895318842351 107.9194808796684 108.2010776065419 108.5264152194069 108.7424148933188 109.1537733378164 109.4676521212121 109.8379721157585 110.1694903645576 110.4385345079809 110.7986459257002 111.1626669627745 111.5792470229683 111.9263780355796 112.2674608368168 112.6021989094361 113.0653510696928 113.5017118323695 113.9042844685656 114.2315105706465 114.5448259834019 114.9773852544013 115.4189536419698 115.8200245316251 116.0764520295472 116.3364278588579 116.7239412742297 117.1172181542231 117.5172290212987 117.8758126060537 118.0068325682802 118.5106764604916 119.0314936552529 119.5365601016947 120.126308851678 120.7932064686581 121.9046096560502 123.2317005315867 124.5785585615455 125.6825149747049 126.5979574112861 127.2281421221841 127.4689533831204 127.941531761001
106.543012772915 106.8405497907113 107.1418828340895 107.4627510832672 107.8444533325074 108.2281822963668 108.5472091016566 108.9109249593199 109.2332723384259 109.6360972895508 110.1015704776326 110.4527256735768 110.8370368226062 111.1791113342424 111.5751810121551 112.0549883836686 112.4914144388521 112.9760130816012 113.3776589408849 113.7694768730351 114.2794355903044 114.834042897924 115.276027545498 115.7354396218176 116.1019494056653 116.4904762389737 116.9859462638692 117.3837606112905 117.7630214724571 118.0390071996522 118.3288661628114 118.8122221740132 119.3611284648581 119.7519193292166 120.2372087625482 120.8308665682666 121.3818379033817 122.1222239271171 123.0279727738675 123.8238402382693 124.7369053596502 125.6291467245855 126.460263952258 127.3089954214577 128.0594323966272 129.1692938355524 129.9045694782868
107.0373963142538 107.1792976625937 107.3309706772092 107.5555736971776 107.704918605604 107.8752796932488 108.2181914579643 108.6369291309429 109.0066403335424 109.3767140641159 109.8939177711134 110.337816735754 110.8085238849355 111.213867060678 111.6169174514947 112.1067348839417 112.6192442661199 113.2075940348295 113.6559351714074 114.1422104912142 114.5975903549514 115.1602062549261 115.7311423850364 116.2957032738411 116.7587750620197 117.1902634226294 117.5249040866756 118.0616980140132 118.4876104273115 118.8198336317284 119.0711709466469 119.4741604189932 120.0082759976662 120.6104070400067 121.030789526153 121.9380806731168 122.5010883593101 123.0236964163587 123.8262999864032 124.8679481913228 125.7333721347358 126.7780612799527 127.6835419624486 128.4514427261896 129.4769226399968 130.2534651394417 131.2562156379532
108.3451147969273 108.5667154769156 108.9127480504812 109.1352329537341 109.4222848284026 109.5990879865548 109.7845052724785 109.9599236411314 110.183817771971 110.4310105713974 110.5213586015677 110.6751448884176 110.721888351982 110.9522332509804 111.3179890971532 111.8448927106941 112.3258454437712 112.9753536696467 113.5194386494926 114.0926366858157 114.6138072247165 115.0950591018408 115.6840783084784 116.3014713002483 116.8611395610444 117.3331620807575 117.7314363585269 118.1288646710993 118.663813156325 118.9893045117143 119.3662793636963 119.8163300832748 120.2914928339723 120.8767992569658 121.5968324569351 122.2761729143407 123.0763808366384 123.6857576650722 124.3899327089377 125.1894672136649 126.0939668267613 127.0498724797099 127.957799062302 128.7165527313387 129.8178656632046 130.6706253424836 131.6145125904325
109.232909279804 109.5307952329344 109.8822860889383 110.2085988340363 110.5522996952955 110.8333864943557 111.1181951310035 111.3553282087712 111.6029480499045 111.9795750292322 112.1399021398154 112.4038373851998 112.5412150714772 112.6853154894923 112.8804107161643 113.063521803493 113.2489020416483 113.3910691813314 113.4977742413631 113.9886862575905 114.5245192833235 115.0324764551179 114.9614890127155 115.6160680589883 116.19743309648 116.7600350802663 117.1950438515765 117.6580616755268 118.0681616542383 118.6331914217996 118.8491601766075 119.517187972365 119.9932389354898 120.2801235097716 121.0750177942758 121.6220681297799 122.4069250628267 123.4371513449352 124.0007216235436 124.8669832224639 125.879665461466 126.7171771115286 127.7024365855923 128.5747316804351 129.6786676305937 130.6639640613145 131.447444234099
110.2616443328452 110.550525500814 110.8966768779998 111.2221164543775 111.5642699187727 111.835898065628 112.1270560992478 112.3590346721853 112.6018437539435 112.9432774609742 113.2163426921199 113.5127542107891 113.7527043644737 113.9913798242239 114.1848089665321 114.354613876494 114.5691175115626 114.8378870622807 115.0776263106764 115.2693615618558 115.4193654800954 115.4799368473055 115.5074440433999 115.6477901737826 115.7844434829535 115.82820780651 116.2092352056422 116.6493003503437 116.9908592236679 117.5591827126111 117.9719423807176 118.5555707922303 119.150027751324 119.5627681763011 120.1759833947534 120.923131245565 121.6535409931374 122.5844935125093 123.2284480797188 123.9576661799686 124.9513978998662 125.5440333402484 126.6675914007778 127.5748889912247 128.6777708747772 129.9971344744929 130.815347490044
111.1097934081279 111.3881707455409 111.6678168784678 112.0140109150276 112.3353979130746 112.633840906748 112.9505003911753 113.2156131027691 113.4973136651877 113.7446681960737 113.9990629406228 114.3447156175069 114.6306813834995 114.927620697213 115.1367829774721 115.4257672628917 115.563966413648 115.7626320866677 115.9909861515226 116.2644895033179 116.5500002213102 116.6969090646307 116.9154946650652 116.9790749688964 117.0323548492545 117.0981329214716 117.2255772137514 117.3736479331363 117.3327323410813 117.4460511509981 117.3456975400301 117.2763185676953 117.2274985115754 117.593722222283 118.3823335457769 119.1620428143432 120.0154933158274 120.7212514973564 121.7550438709556 122.623336910254 123.3955537235335 124.0724664910199 125.2295280941952 126.3236024188769 127.3684716844965 128.5382155319879 129.6187553384709
