benchmarks/avaInclinedPlaneEntresTest/release1IP_1af24dd523_C_entres_dfa_pfv.asc
ncols 1001
nrows 401
xllcenter 1000.00
yllcenter -5000.00
cellsize 5.00
nodata_value nan
[rows 168 to 188 of 401, columns 423 to 469 of 1001]
11.20602454083829 11.2209152243501 13.08693702537798 12.72541176579408 12.40427610215819 10.75032410853722 10.01249681344972 9.877518222337859 9.831200766929642 9.973735246666564 10.40950051893142 10.95817435098773 11.259381559478 11.03230514662883 10.97584877354612 10.936458875166 10.85898803236925 10.83966837369863 10.91734267713332 10.99988405025911 11.03813179534322 11.16594540109526 11.24319862384417 11.27297094223029 11.40962727613653 11.50615430799227 11.37238451416607 12.47704979393886 12.93345692151078 12.00009049388335 10.68736667569794 10.20948899446969 10.25356714514751 10.32268206130439 10.49577791370204 10.81119923090055 10.92340947782633 10.91830109927737 10.84078446608274 10.5926231958666 10.44578278759232 11.0260635412384 11.23872941031149 11.35653300036698 11.18865041870238 10.99317147431867 10.80481494321716
13.60914360310308 14.00292813050989 13.31765426157385 12.99716581844522 12.88498571705803 12.66457894419001 12.30371230108604 11.91150805873144 11.8207894874606 11.8753478132741 11.97817635024305 12.08554081210922 12.14718916440747 12.03504108578671 11.88197566982674 11.81357193306732 11.86072041364067 11.86002032057402 11.80068305368309 11.73187896315377 11.68306887094191 11.77576764055396 11.93491591436868 12.08698203550088 12.31421033803625 12.48809575831359 12.69816151862955 12.89831808186598 12.99680505427875 12.74181301543407 12.37482949995695 12.09072940385686 12.05158676409721 12.12861459769915 11.69223345085805 11.35604869920519 11.32886660986757 11.37759112985003 11.56680295128898 11.8209887083127 11.96524697468543 12.10875441124503 12.17249320746318 12.21607417864006 12.13396472882043 12.01702786493905 11.87104759406965
15.02315387546553 14.68320215060831 15.62030564481059 15.29253394522861 14.92324596753265 15.26030549766612 14.97901210265119 14.63624995789524 14.24983390918726 13.81559666974101 13.18273064191063 13.1837410291611 14.28575977117128 14.32967085615727 13.83272260138647 13.15842459075768 12.82666205232061 13.29894104468916 12.88492269312422 12.89295395952542 12.90925783478919 12.94493172368627 13.0259026831392 13.16336259382941 13.28900116239815 13.46569777994534 13.63216471108731 13.76061060924952 13.8200335875765 13.80946230875285 13.68251736465899 13.58946932549602 13.46685604188465 13.32784949654507 13.22244712666248 13.02600655806034 12.90578923029044 12.77933833532235 12.76645305234231 12.82359412291303 12.94981785509733 12.99614160492477 13.10489774012319 13.26337417597257 13.33598248902671 13.32563689426563 12.89681316400408
16.00657942015085 15.97031855543271 15.79250458024681 15.5592444078619 15.44674231852821 15.47601747629374 15.62632937342191 15.76044342316553 15.93232552218803 15.93634546535428 15.9685492354884 15.92499988369303 15.48119225460106 15.66116881000407 15.81444579154888 15.75539851372442 15.54606189969784 15.23451365264951 14.80796351127162 14.31635458686618 13.77201704204099 13.73368547019006 13.79603001615862 13.86173506626974 13.9757551518421 14.07184229527324 14.16947798194065 14.2831421503946 14.36674290601094 14.37860935179195 14.30937806792737 14.2862512040558 14.25798076360769 14.18923233326595 14.12238789962765 14.05211735483585 13.96064031752604 13.85180284154217 13.70023897838069 13.63209128665964 13.68028586029932 13.80590864975384 13.96965310254321 14.1190491207311 14.14473799151576 14.02029889192178 13.59388341509345
16.11476330822273 16.06905719517396 15.92263430837908 15.77912496352401 15.69248137540408 15.6388496127589 15.67289693426249 15.7448902062542 15.8592906497799 15.90971967409391 15.95266786168434 15.54178987444301 15.47311433787824 15.45527440958262 15.40077658417312 15.3171707498306 15.20173498845041 14.97501366707323 14.67363405972874 14.36199906523839 14.03626556092633 14.09736830790335 14.12153492314811 14.13846549361525 14.17580010634872 14.24104139930419 14.28819503709384 14.34502213726629 14.40333844152182 14.42430646801538 14.43787745032092 14.50784934719441 14.54433032135884 14.58014013621934 14.63963238570568 14.70226987138055 14.61718322102129 14.32968682324163 14.04313387407816 13.90090464565965 13.89877454434275 14.00742296640449 14.20565441661929 14.3570463569605 14.39968029887605 14.18735031133556 13.88280070325633
16.02243721337429 16.01165856769417 15.95758073931427 15.89323311313344 15.87831258042343 15.8915826439379 15.9284166007979 15.90406815930162 15.88639949166865 15.91576857617095 15.8470471826226 15.62039911666301 15.46238476679964 15.2763267597991 15.01600593070512 14.76348567092591 14.58132782762502 14.4211757161699 14.32662954043237 14.07406770516248 13.89022886709857 13.96974326008311 13.98829464140685 14.00919354031984 14.06498415465941 14.090244725516 14.06490037958941 14.04876906670529 14.06952500081107 14.10527932690269 14.17535956443481 14.28498370537332 14.42056128355508 14.55543073871978 14.67270436147688 14.76585131182929 14.83254967131762 14.3106328528742 13.87398754076567 13.66142510721826 13.56290712034318 13.64164846040927 13.86957257191682 14.03241452562783 14.04002143479502 13.9580058710288 13.58824415574439
15.54437248053421 15.5438965079286 15.57333533899487 15.59909034918472 15.66047974178975 15.6961562118639 15.65238193886555 15.58474585262627 15.58875064609407 15.62849489896627 15.62183806969504 15.42852888960608 15.29457750192337 14.94804601714212 14.66203507497321 14.3630701713472 14.12120149992323 13.90815563121283 13.76856989524882 13.67129866526753 13.55797577294002 13.45673986837556 13.31131036642796 13.27743048371168 13.24411812485 13.19303942363038 13.15301061258561 13.09019981883803 13.08158995099099 13.19600485103961 13.31259891464707 13.46333937269584 13.6534420996434 13.77745746008109 13.91866909290532 14.07141123148123 14.45160567984044 13.64875640985018 13.21389187170271 13.01494914953848 12.92367036669525 12.89608155640152 13.0055823576511 13.07381273304591 13.1429830789241 13.31098869477626 12.86301877514457
16.45915198552242 15.35952436304388 15.94747779265871 15.71165514574018 15.19809541463146 15.33267731549902 15.34923547782443 15.22740004248887 15.19783608292029 15.26184639805505 15.1025752135247 14.82857015868106 14.78089169252508 14.43422049422673 14.26182116246897 14.18846339707448 14.13051374770756 14.05876019523753 14.04537549177704 14.14190291952071 14.25851769849019 14.37194998855395 14.3273604314827 14.21673845342383 14.13894335664006 14.12552767270874 14.02636431308451 13.85578086022744 13.66491772271637 13.6255656011232 13.63536756325134 13.65625079716681 13.74869015162782 13.80355125755488 13.93894990358505 13.99187291143271 13.91400879223515 13.81404254583348 13.7165918669537 13.65134072694053 13.58323777288326 13.57273966821624 13.55702483569115 13.57280303347813 13.69004216890469 13.8038214211312 13.90763974582373
19.94078971160894 19.41958481463666 18.77932693735825 18.8312018322185 18.31221617692653 17.62018651308292 16.80715905076383 15.90931326019954 15.28843070838657 15.33971969989729 15.33574992155286 15.2756529219704 15.20408231648894 15.13569664415156 15.04691857153605 14.94214835772129 14.86174662355208 14.83698490234447 14.86609546792047 14.92898228892692 14.96853720791544 15.0164485029049 15.0363003960923 15.08306772914441 15.1359430709906 15.11802575175598 14.99061487811446 14.85101255969576 14.70677022877563 14.66967573192364 14.67766096581511 14.70237874873757 14.79799608701397 14.82520711324216 14.83362505525789 14.77622898474318 14.73911457726259 14.71448838549047 14.66406024873113 14.64474920671323 14.61092724907734 14.56705176425208 14.57824721463285 14.61995124718884 14.66871929349471 14.73548582923116 14.7518701428587
21.66945870905349 21.22595681070224 20.75459009782449 20.27099575848376 19.77801877224632 19.24028100969034 18.62466904098244 18.33238624733094 19.06362115349312 18.43572321849269 17.77572250468372 17.03761087641383 16.36534574727407 15.58438871159195 15.44767896055109 15.56944344241325 15.37657826556508 15.33571957534415 15.34430754433924 15.38718183641219 15.45129257160214 15.49165667378426 15.56441576440652 15.58280473131317 15.59105808896609 15.53465623563999 15.49846695323162 15.47908344334943 15.44563644812965 15.4430026414442 15.5125638864585 15.53273727913692 15.52265253442753 15.47067386343638 15.41602162221594 15.39478692398462 15.35553572723926 15.34132650560907 15.3187961930533 15.29059688188097 15.23669105161556 15.20484968460764 15.21613237843355 15.23197598304061 15.32111818193299 15.42367257368876 15.44867114242775
21.90747919223948 21.59831952815932 21.24500637481487 20.89172172037144 21.43248883619415 21.11232648181212 20.72495140629017 20.33055799766444 19.94707766396605 19.5488848998241 19.10144968645976 18.62952981823371 18.18505754120578 17.66988646621195 17.13342555829871 16.66899757006498 16.52367947074382 15.79355840651079 15.64195550979098 15.60313096549335 15.6093609496935 15.63614794138901 15.64096600664669 15.65730476447514 15.67864565097419 15.71020080967664 15.75725673776761 15.79204691225492 15.82690299524623 15.87274907123821 15.97116157401628 16.01812082093049 15.9600400390978 15.87063214041524 15.78642938688789 15.69602449177326 15.6346839087157 15.6107731464074 15.63843032932914 15.62642689024525 15.57446181345769 15.59298022680841 15.66652690906824 15.7733290620951 15.87093394244097 15.87464980176623 15.80550668807212
22.13457196262291 21.97412439499526 21.80580881713773 21.66928832484071 21.43248883619415 21.14892069106607 20.85858978942951 20.58139288334386 20.28264116121255 19.96894353374986 19.62551729025557 19.26829386778591 19.06036929240084 19.26193117745087 18.8511415327774 18.42054285115403 17.93460966967855 17.43270484203583 16.88470618855746 17.21048312145168 16.66881448133647 16.06758808116194 15.54853225594133 15.5559525238387 15.56167983542764 15.57413485211079 15.61885705154381 15.67561079661506 15.73370702446753 15.8256414052459 15.93143413802197 15.92128481928798 15.83840345108775 15.74884339054065 15.65346187260055 15.55685064492875 15.52424257188644 15.52114692854787 15.57517330850899 15.61252047182335 15.64163965349738 15.70419322310581 15.78806291932733 15.90935835879528 16.00151614691477 16.06270908441529 15.81182643328509
22.13884996057308 22.0124274703626 22.03120887663133 21.98724605835567 21.8532282527062 21.72803451867808 21.57661426878574 21.34134965576241 21.07955812568776 20.78043329673806 20.46592774502234 20.14626405068822 19.83017793023847 19.51049051568126 19.17445921124468 18.87895526917779 18.5458259261245 18.98701838965063 18.55747090093977 18.12746286915939 17.71309009805626 17.23886537130261 16.77607043485634 16.27110279070656 15.73064016859583 15.37794345840542 15.37795844286539 15.31442650012263 15.37696464570879 15.44365963641939 15.51996187578326 15.52534064593706 15.45823817685907 15.36132523844531 15.27061708499691 15.22122799996522 15.21244449967086 15.19353973725443 15.19461850702798 15.21044247203703 15.24930349681211 15.33187281642168 15.42928433320852 15.49554257170791 15.55888530867052 15.52660758122754 15.34661956180535
21.1302625944216 21.28234716426199 21.45137274635855 21.59788908806809 21.70774279270092 21.74840216640017 21.72506451682523 21.62927091363728 21.44778913815604 21.22851915465263 21.00584217711051 20.76816504868201 20.51199027689081 20.24482245833421 19.97307677542049 19.69210187356151 19.38701054625558 19.01731488885564 18.59680997452737 18.18133994488327 17.79266706230279 17.35024586479513 17.22033843113613 16.48793967513253 16.32185237451281 15.83020933558798 15.3393934931691 14.84976309535834 14.80257781715286 14.74780148933431 14.73667446327499 14.77114279001213 14.87816951345601 14.91729122448731 14.94099558299153 14.94986952449283 14.89052842262623 14.70606601007955 14.65698911239456 14.7301362104165 14.73613911887771 14.64196247347598 14.4661354501029 14.54613906560207 14.6101350352145 14.59798096229475 14.46109719613252
20.66153357162399 20.71531577550656 20.84122705386268 20.98244260220997 21.14442359105515 21.26545597647321 21.35856849676392 21.43642165009629 21.42605903862531 21.32008263908039 21.15617027044771 20.96223776252746 20.75353379341856 20.52556817210809 20.2565528107387 19.95217273546552 19.61349465501707 19.25339825043045 18.89470697472866 18.5324485319819 18.18146512181259 17.82295092680313 17.40188523008818 17.00247548748949 16.56074977849999 16.14623965027481 15.683399348421 15.54232721577451 15.49782857340969 15.50067382686605 15.52677629012121 15.58002975009539 15.48072858602504 15.41696470050911 15.44223183805611 15.53584326875372 15.72299784441189 15.89459464158398 15.99568748561376 15.96545959380485 15.86407887122059 15.75375467123227 15.70255013359972 15.75057816976386 15.85951001551145 15.86734114190413 15.78093650860084
20.11802488904915 20.16785525654358 20.25123781261148 20.37629491454975 20.52294352401769 20.6877211350857 20.82395109318801 20.97770034809121 21.08166726816704 21.05602537961382 20.94817468755327 20.79320786277263 20.61388689684336 20.42517649307687 20.22976870156884 20.02557482572518 19.81357415245914 19.56981682551546 19.23117231576242 18.86711935309266 18.50566322436326 18.08001430495051 17.63700430430093 17.26417645824793 16.81034109398004 16.63267003615993 16.71624122380748 16.70804609488114 16.6880338756122 16.70991510404011 16.73985356843325 16.79246308579486 16.78059914110603 16.76278690413874 16.75869246770139 16.83910625771873 16.90787527867376 16.94712615621796 16.96147639093173 16.97999048923771 16.96457821015077 16.94583551546984 16.93520193061454 16.92865641997244 16.91752161578274 16.92614141002849 16.95013058190555
19.52833917574188 19.53764926866653 19.56334442544249 19.59351411462421 19.65469785674959 19.76190591051365 19.93540746842989 20.28974482451482 20.57340371422682 20.72059700376389 20.75138597861427 20.67902264784393 20.53814292834793 20.3651734901602 20.15991010950393 19.92746723481514 19.67535987793684 19.59143214077173 19.25753140832436 18.88393693177324 18.51547343831047 18.07762820517834 17.71338211607103 17.35109058429509 17.08848454817009 17.1475762021742 17.20168670617777 17.2440544512011 17.27577027585664 17.30763435721416 17.32896018952245 17.36949414314651 17.39595944890606 17.4338862511484 17.45726717780425 17.49846140373758 17.55343055646639 17.58416624320138 17.61179976917756 17.59190376179272 17.55949696888171 17.52678743806549 17.49465343743048 17.49701205028298 17.50987922250444 17.53786051295266 17.5690527074416
18.94745071260692 18.98701841820157 19.02982164776789 19.04842719182723 19.03035832784226 19.01169603352509 19.02418890915703 19.11166709553269 19.27065084821973 19.74571594669582 20.28761622633296 20.52961811767334 20.43221052070946 20.25513906663534 20.02283963565472 19.7448277580255 19.44983453569982 19.14773360631672 18.83431549697115 18.51791481996183 18.2082422950365 17.85330056209656 17.87523692342783 17.90936212354145 17.89501222927449 17.84028588306113 17.78268341751481 17.62894769033036 17.50461924392959 17.51859826205234 17.49801443504096 17.50913145729812 17.51385877579535 17.50814539680121 17.54820065112253 17.60109187529474 17.66793963072317 17.72980871555282 17.73980474070141 17.72740863815686 17.68681485415484 17.63061141489381 17.57621452866809 17.57791700004462 17.64053480896629 17.74802920235877 17.82785333485809
19.7320496321392 19.66511716038178 19.57517710369799 19.50488289633973 19.50722543486341 19.51181046830632 19.48175645445816 19.53007940637571 19.67178321314094 19.67268920145025 19.4670408881993 19.2925079408319 19.33668615703128 19.44743417069035 19.52507051573163 19.39576661473597 19.29862727464957 19.03265574515628 18.724330332895 18.68539747539713 18.72347268415012 18.70835069211612 18.7145495517511 18.77984838184216 18.78143547382722 19.12662422963561 18.62878406343647 18.41095457881071 18.24756066822347 18.16839919428587 18.19055274061148 18.18148668029726 18.16032453522225 18.11095269989839 18.12180640174225 18.2206319265911 18.27090165181271 18.26376114584156 18.2348465327316 18.22384365331794 18.22934400298958 18.26834264706631 18.31134867677955 18.28317608358539 18.22401271246038 18.25314314079233 18.34441172046512
20.36769394405037 20.34415072465787 20.30799017375953 20.29794496943743 20.42886708825309 20.55783164525746 20.48823540770717 20.19993524154501 20.28800219935636 20.3588887233887 20.22966757444319 19.97804295364067 19.93288615382853 20.04609309637266 20.13628680110511 20.02864829717497 19.62212208657128 19.42310708669912 19.40584007475251 19.45925569507031 19.45953076705777 19.50381845650839 19.4440193701129 19.50088016147259 19.51483852505607 19.44381367208706 19.24584229389389 19.09643514139182 19.0810344323176 19.22708783683281 19.34830376310585 19.38707346754843 19.34008651574215 19.32712685725942 19.37805537312574 19.42247808907517 19.47446638214108 19.48277159870159 19.53814765604169 19.61495962600832 19.6450703330654 19.67565494873883 19.69164951181753 19.68012124725714 19.73970212284791 19.86664360846628 20.05903004107942
20.62635599757961 20.71561142067983 20.70808651765883 20.68953019684749 20.77639066132128 20.83483398086848 20.7341962139928 20.57184953141224 20.58291051858125 20.6506872413695 20.58602264407533 20.35506472002532 20.21170265052728 20.18653953237976 20.33335085564098 20.26263133940861 19.86507928671246 19.73438049028704 19.75804966700197 19.91037073769891 20.00979249936007 19.94697544371336 19.67272306033862 19.67361368554616 19.69074090052648 19.73255068743215 19.73694554614403 19.71568113978498 19.76561841202733 19.93325034239432 20.12294773602817 20.25417931732968 20.24915607418966 20.24906412735852 20.31030613586266 20.37414413355754 20.45794575361043 20.50670390471997 20.52472748457351 20.50693253569401 20.53015626412916 20.55627379164602 20.56291487658728 20.65373288642557 20.82049140798508 21.06151232488303 21.28698993149295
