benchmarks/avaInclinedPlaneEntresTest/release1IP_0098dde5b0_C_L_entres_dfa_pfv.asc
ncols        1001
nrows        401
xllcorner    997.500000000000
yllcorner    -5002.500000000000
cellsize     5.000000000000
NODATA_value nan
[rows 190 to 208 of 401, columns 516 to 558 of 1001]
23.639161730018226848 23.702552259269580759 23.872548708316717381 24.099504345332245947 24.404693952009388624 24.783564224306079637 25.14458423414278343 25.424774940145752566 25.851784642230658307 25.86529143452420243 26.333924798716864757 26.454960120431064041 26.558709140076697253 26.631937713271394585 26.633586707065074251 26.536081271057970099 26.367216565300267916 26.213958768903506069 26.052187021851754167 25.823194594879165464 26.343205906291032647 26.183269304691346946 25.827712131463815837 25.579558404986176612 25.299202292774612744 24.891087204790860454 24.664053757528947131 24.177482749433622189 24.266511997798126288 23.416752152941054277 23.887533791959217666 24.057308059065398709 23.505740007346748399 22.814267571492692355 22.235897660085132799 21.62491968823680466 21.875454034288072336 21.134185871967222425 20.306696544712682595 19.4044872947838698 18.417309301548208111 17.45141677722061857 18.749532204874697072
23.883372567095772609 23.889141628038576215 24.026652439268769257 24.299599825683284138 24.676831300107430422 25.179332320393282174 25.577214203984883767 25.791766667975121408 25.965243486566173203 26.140091367153416968 26.326537962118671032 26.484402086614338145 26.604942916940135689 26.680774137468489471 26.746088605381221015 26.77368536680648603 26.759481670382641028 26.772309184027349716 26.747426287828620417 26.706831748357672041 26.703751763062459901 27.281723522121339442 26.439587190090197311 26.434275789359386266 26.847651220752151602 26.728576086296794045 26.753292993842730851 26.486668107549565576 25.82552659805008588 25.691347703548295556 25.373058173470976584 25.73080690500531631 25.364701709635305349 24.810620419841658446 24.349889561008271954 23.750048265568185712 23.214165483716715954 22.692423857622692651 23.480160345997717286 22.722390949157929896 21.854392673086689314 21.075082686426778622 20.411131360025372317
24.355109088770287684 24.298861212179769353 24.37479112023849126 24.609938056124029515 25.001443185487932652 25.481096423571113263 25.753443256858183474 25.801761052391025686 25.880041499055707277 26.039968692542103668 26.218226180556570171 26.361587467207176161 26.507335319535073381 26.663471318873462224 26.799452005446326552 26.904219959634765758 27.007610230672749907 27.140380110643505418 27.268395646569601354 27.412592220556398104 27.469348101252695216 27.491994626997183104 27.541994147875012544 27.609555868516238775 27.70224475667656705 27.784743050244518514 27.682491365562441388 27.111183903917194016 26.993540397620709115 26.94540494032871436 26.694017418920090279 26.860503520298475877 26.024369611077169395 25.815741995209123161 25.810349346932657255 25.468270678183586142 24.887279325913755912 24.601797459109775446 24.127631742899598777 23.686253165972892987 23.045196260909420971 22.766246906758059509 23.305198327411964954
25.004046881466706509 24.965387489372606211 25.000653270138503359 25.171117882584713499 25.468593283726814747 25.787847109392338041 25.955070684415328941 25.848474391036425857 25.814856045799039919 25.824067041111337772 25.902136234824869376 25.947819440103348398 26.049491107151787617 26.172337415927742654 26.297853097275705636 26.418985038901883655 26.553021782763568837 26.721283124735386139 26.92509297083738673 27.185710000356110072 27.405769838854194376 27.593942915613872913 27.745641923716092947 27.82598358586190912 27.840751830192196792 27.807437717991522419 27.763906842973870681 27.759125933263426589 27.74693833612501237 27.346028215718206411 27.180343834014045967 27.073420983590931854 27.030586164198354027 26.836450682832882819 26.26455969249018807 26.128809106348594327 25.798400208692498836 25.356466213104667418 25.049535981042616584 24.6200461768137977 24.321159873050849143 24.702918219144695655 24.115661934241920505
25.431053482167239821 25.517348271151675476 25.614429324092313323 25.68489541750111016 25.788610207380322947 25.916563181994597187 26.012312915426420545 26.003901309163360622 25.864695863445749779 25.783284708176346101 25.778025082459471662 25.739592264721920856 25.746425737179123416 25.78990759708526781 25.865717722357970842 25.928883438253869542 26.026265010752990037 26.183555986565050233 26.407758528065695458 26.676630789175817426 26.944532958448373705 27.207534562339258599 27.448989577467575174 27.680123321250558632 27.851135598307816821 27.946173445238322586 27.985658822481134678 27.985275837430144463 27.952265929961320978 28.076872866082162261 27.770872082666855363 27.626428406849807828 27.440639388135867449 27.245947205096918253 27.136127635959049087 26.801073435436723713 26.521389866885890285 26.25568303146308935 25.979775771070865886 25.569402639134874988 25.164335753450234989 25.07803841819080759 24.330234670431607924
25.654457811089425689 25.686318383242280561 25.83392381120327741 25.926757921726828471 25.952329075889448262 25.946556431234178319 25.971425721750510007 26.002614145605242868 25.889888215747674849 25.73077232934810965 25.681576297506847339 25.659553912644334162 25.652544745737429821 25.603932995532741046 25.647538933907949144 25.708678261307401414 25.785338356218680644 25.885872199506476221 26.00330476521819989 26.175433819274878999 26.392857216187330494 26.626345065513611132 26.923115361685262314 27.247329749701073354 27.539805496624879311 27.772977225461808359 27.948252232121010508 28.059041445837639372 28.119963718107126027 28.128002016246306027 28.074388941012429655 27.963787480471495428 27.81490896768288934 27.643747871490148782 27.458369779290993762 27.239997421734404526 26.999696197621215532 26.750293829065153517 26.465155642987934215 26.281142062583317198 25.744100957025079168 25.374161459149604525 25.164850501130793248
25.714029964046257959 25.6677554313685512 25.764875329117288061 25.898917547854754417 25.969837597606311164 25.873639338950184197 25.86176386044588682 25.858061079803317028 25.718268151992358383 25.586616454549197641 25.547618148829755569 25.601003313954194596 25.656465856267995918 25.606357900923065074 25.639766156702805233 25.705353792809273017 25.818755838648360879 25.893100649131223889 25.896998772344353767 25.946776773618179135 26.019981624410448262 26.096529916443572006 26.288645752995726923 26.600147879033471554 26.958920238466621555 27.305661569754008156 27.588254590615360229 27.805243900087138087 27.970509386604231139 28.071103296301245678 28.060753628936652149 28.001514700790647083 27.891052231973311848 27.75037176199641209 27.579682509422376313 27.351085078131973205 27.131522507375279929 26.886660968364726187 26.610759776620408701 26.301225428625144787 25.938693283992851235 25.596652861142658253 25.220091918580834545
25.616961595994897749 25.609386697724858095 25.694658985442369925 25.806815080669831985 25.885398700951792961 25.743671809239192072 25.666457493624029951 25.565415735910921313 25.426305536876078861 25.338193206774789701 25.325121877776545887 25.441882594060214018 25.570168940180764139 25.600249697800219195 25.646066532097947288 25.675121288771887151 25.779095972615817089 25.81350556841120536 25.783247089776175187 25.728205959420535009 25.577178065186490841 25.542853269408361427 25.642710586743348244 25.921339207997554865 26.296192664774334702 26.690275030544288626 27.064470413132323046 27.366549153307577313 27.581674578623644578 27.726814108204774101 27.783351009546905175 27.771880874650211268 27.709281268145488752 27.612446314676368786 27.45329825386481204 27.259556355678803641 27.036852867176659032 26.79749853092612355 26.595642680432092675 26.231712856592146466 25.909239724377073344 25.644182244343234345 25.198344952965737065
25.426491805543356861 25.452566432836540855 25.491331938262824508 25.519667796774303525 25.53495235847335465 25.428520745754248367 25.247041587481191982 25.119555343180525853 25.017274953230320023 24.948225800512201289 25.026469035995280166 25.205100292589435185 25.440260853695697563 25.591902448481214094 25.608908546852397592 25.549375352728723954 25.562376078660765444 25.49939149474084843 25.366237483041111034 25.301460439895958388 25.177701930362839988 25.045604897969383273 25.122526031732093088 25.376960471909995931 25.779155809676574052 26.224365168755696232 26.623053242732702017 26.955736362328501343 27.208473569957732252 27.494903141127831958 27.501967552718152632 27.553904260213649025 27.559329483886532586 27.505888041388704579 27.404024469068005487 27.209517450175383146 26.952295992799307101 26.740461926342934618 26.438382406526955037 26.138660643751400414 25.854751495363220926 25.469171859568643157 25.131750743070622178
25.176851819335233529 25.161806574718870166 25.147237901678469285 25.154216956418654405 25.071935854155153578 24.941031874117193468 24.72808401365909603 24.608648026208399529 24.553989040039404301 24.606600673568753024 24.721496356689726781 24.879389862206735984 25.114485472172130898 25.278482926331875547 25.295514210190134463 25.183151324411689131 25.070112947301296913 24.92678241423479335 24.757378634000993145 24.672088062751196702 24.566863650016369292 24.470255437766642359 24.521825100130463682 24.781522894431802229 25.203183101465253202 25.673269927622168751 26.115193909354569968 26.480338368626991752 26.744679897505481136 26.921237569429013803 27.01978735450929392 27.056028501034489864 27.03208740840615576 26.948217871494463793 26.848799983402088287 26.718605993736343152 26.936165139335084717 26.644570069323407324 26.359739977352273144 25.893555325020166435 25.595010271972139293 25.30328935928459444 24.846346443463009024
24.750360562714696755 24.718915540076817905 24.6926094663661857 24.644648492294702891 24.510193209189491625 24.352949167425826715 24.158109394543046733 24.089086602569079076 24.091307378819522 24.213506506527323836 24.414512832768075157 24.642470629668956406 24.78451453431754814 24.787099029603346878 24.742520933214773748 24.602315792185141419 24.464904432454531502 24.260235920140218013 24.075467696054154487 23.923526364948870082 23.7935126875068228 23.755249032037085044 23.814979047776891008 24.027538117856700239 24.38512448419697165 24.848790684424649555 25.309003243610547429 25.702955736281044352 26.01110056439898699 26.249139363028348271 26.454515194555341395 27.051390187478055793 26.468457475015856772 26.419594951694470808 26.559370624704602193 26.494191625404681645 25.90883055200103513 25.917534256183916597 25.965394753937136585 25.756098723055202981 25.288125662687942707 24.882515238068826591 24.382071472651595911
23.872286344956187065 23.911890353652619723 23.912427854505807545 23.885367812521302255 23.779674385084426547 23.643902161445893739 23.53630702075023251 23.485442869080497275 23.492813679224354928 23.610881603926301864 23.869681700019867776 24.127808939488623707 24.1637204286727858 24.015504261122252672 23.920004717842921593 23.881814495126253206 23.759098687703339436 23.613463865435452504 23.357168342774411229 23.136524738729900008 22.990592928638481141 22.892364395946508182 22.927523293041126351 23.106404001678747306 23.44170522873575635 23.876201944187194215 24.345827660544511417 24.784073467307308647 25.127372068752393375 25.437403616532836992 26.131159061490812689 25.677225692493273357 25.871151468232646664 25.925929809212355792 25.43528353158271571 25.464075032926853481 25.39389419668129122 25.104133221679013843 24.722192905870134183 24.39282216916869217 23.88167103035341654 23.500105929022137019 22.921287061771352001
22.907654309891857025 22.918186155095497725 22.89707246992104217 22.888776404400722697 22.88121419709201021 22.831945297361940561 22.781517854989605354 22.800632449330201723 22.867630512449263591 22.915122006012225597 23.031497916264939363 23.098989397182965178 23.067274612864338224 22.917407659584668522 22.843238366661282157 22.824649019197824629 22.84213680758661269 22.701664094242975267 22.500690986705553343 22.253236061605200291 22.017468408166319449 21.900868454904152571 21.93931971366978928 22.100896201758384763 22.378643664750551778 22.758660744639563234 23.209103803489561813 23.608729037139774221 23.993045237191743979 24.415009193404785037 24.564950492044072661 24.879443007568493584 24.582972212199926787 24.700222150213875238 24.980828917316870275 24.749839047905332734 24.45559158401512434 24.033940617378977578 23.631174136142124809 23.091993802285038839 22.635809222638147986 22.007408249445649773 22.388155374316070834
22.001770103989574778 22.030317144314487621 21.979920702491412499 21.943209953476991103 21.907468346060515074 21.853763631540012113 21.828997875853186628 21.854971109969369536 21.922618705858550214 21.927474368512942959 21.95511157274115277 21.97848025508664449 21.992234691900193866 21.897932754900196528 21.867249948752963462 21.837145157210020585 21.726029400969910199 21.572158407819252091 21.466082704257011926 21.293178469804068698 21.092924243605210677 20.94069237947961426 20.897151202785025248 21.010610972760073167 21.293040925143195352 21.650413223093675441 21.979564591168301746 22.289992550045230502 23.188830214291890286 23.519427021834516722 23.555799150990420543 23.501398046542387732 23.369263759666093705 23.130573383359532613 22.732416527152036423 23.460912947636273884 23.1672639027775773 22.664388662073196912 22.250748201581849628 21.646665261876986364 21.019148572648980178 21.455423487012797779 21.007567423491430247
20.902506449657611398 20.909832434197081596 20.902911851367793616 20.948992640133301535 21.008963168479400707 20.976597372550532583 20.825469626199051731 20.721209589222670644 20.720918142211743884 20.80562552898047457 20.844006611142848584 20.803886954067451143 20.689978049475449495 20.6194572245025185 20.55531735421893913 20.448925982546288793 20.349750739075922468 20.228057650049752425 20.094350560801615302 19.997021415327189686 19.889011705383815354 19.741093345250853019 19.577131098879181792 19.492643038917556453 19.634910421161766436 20.045209712663442758 20.369457496677199515 20.798985553293029227 21.067306552407501385 21.180421939437696466 22.50290407598609832 22.478746543351082465 22.247645369276177973 21.984877820945143867 21.521405243549772024 20.968434879128871273 20.39230488145049236 19.798655922763554571 21.077547132260804119 20.67077184793359379 20.062832697603948162 19.299924053886545749 18.410747353841816931
19.408258736993278859 19.398282781214838622 19.471115417607478548 19.660540416359538085 19.835462767992851241 19.76972099197182331 19.638699399615330066 19.582800833234870197 19.557779013046545202 19.5095620915381609 19.510298912533258431 19.509651910396154761 19.385625095657886163 19.165686340285152056 18.929017502780016713 18.885570075389203737 18.909559224029177216 18.723061997752562746 18.521419540938726556 18.422509119838149871 18.412851845577367982 18.342386538924600359 18.196997913531266278 17.980912780850292876 17.797977182253227113 18.438411238086633404 19.440919291323325524 19.841375868522103332 19.928907603549539829 19.861315857385786643 19.589646555459552246 20.728310579394577218 20.533162735979058056 20.204907564014735755 19.699809174626800257 19.094908600673573318 18.440028717896783661 17.749588663297735991 17.059350856290460996 16.671745903436860914 18.080971312320510691 17.788843271462457807 17.12426435088752541
17.633374280947514023 17.588709582261177644 17.595694931070067213 17.801048575930984441 18.201863148733423259 18.158038817604420956 18.131008408868918735 18.102336964376778639 17.965604267914127234 17.880660547761220158 17.799046067693577555 17.708424835685839582 17.653739058808135098 17.519495909490931496 17.270104398649905875 17.049855640391776035 17.099549558205364264 17.175660244777237295 17.073570619800772619 16.688111422355440538 16.505345615501074263 16.756357811965195026 16.731238934936648377 16.504829140798985776 16.060455004582404825 15.637660856344686167 15.442479110208989113 16.932630547196385606 17.1738787895954097 17.324496834256546407 18.267424200521940492 17.936712264922800131 17.447264753395440806 18.324711658338124209 17.905140242308728915 17.277253069708546462 16.554287504782607243 15.775296619772706919 15.028002460953509001 14.268543296737481896 14.001953347049623133 14.1787747818645542 14.322336375803974562
15.647090825007980541 15.442494199958249013 15.484218286600716752 15.658211280435516244 15.739763796485577885 15.821412899595712176 15.925025090049265586 15.96984860049925814 15.942824966447808777 15.882245233128427842 15.803757363748879072 15.745181691752495823 15.507930579528405701 15.222255793111720834 15.128271239597237852 15.060148013303885861 14.93215786965231473 14.987533262838852011 15.130516043437404861 15.022412885664587989 14.740923732234625376 14.431898185547936464 14.495813936582337078 14.447594919199881147 14.535340503598284556 14.371197468914477469 14.401141261535224558 14.363174604276494506 14.370108142956324215 14.403064172308353008 14.526639966070804988 15.444034397856317042 15.119733066466443105 14.790693714009208293 14.863492618559074998 14.949486289568929109 15.090726017870247588 15.247836821859008793 15.380003224545449214 15.490696536528615113 15.588645224814774437 15.674245109123555508 15.801193865606695255
14.714244412285118813 14.783987963698397294 14.874524433233849763 14.92373889010450938 14.963410345706243731 15.007122789735189983 15.03513716637930564 15.053469289959210187 15.086666536064834432 15.117537438881933909 15.168989963261571674 15.24900678425440681 15.2837755915533684 15.317736201552166975 15.34228014225392478 15.400546634170627414 15.437919052185053559 15.461129178547226459 15.474742049610281214 15.512663483077520965 15.559515375486096644 15.60195491310106064 15.635002322435600064 15.709309672155619353 15.738333116496454167 15.739468508948627701 15.728826717943457325 15.699681396785488019 15.693133916280437745 15.706313315304754497 15.758396120885141301 15.817044492342827056 15.907825414466225666 15.994267300591079817 16.064201830402492277 16.131574823929113904 16.204175959174555999 16.232870627860538804 16.290278831409995774 16.397840391692010797 16.515684418915153486 16.584780839197932778 16.659330528227616952
