benchmarks/avaInclinedPlaneEntresTest/release1IP_0098dde5b0_C_L_entres_dfa_ppr.asc
ncols        1001
nrows        401
xllcorner    997.500000000000
yllcorner    -5002.500000000000
cellsize     5.000000000000
NODATA_value nan
[rows 190 to 208 of 401, columns 559 to 601 of 1001]
63.574994633369101393 56.290219602550926936 50.642038158851235607 50.586319080556847894 50.587476028167259301 50.612701438717770941 50.538188974056453162 50.748060812988811108 51.193297678118732108 51.702314906633645819 52.258562879577219462 52.882700289033607532 53.628581710004077365 54.413572126639913051 55.349941359172227351 55.556980470887701529 55.399393446794405804 55.352255432851293904 55.614233858756698226 55.82854142256690011 55.570865246863668574 55.431842284378234353 55.043989873629506349 54.944812968437950929 55.426104164966481846 56.013037891988950889 56.871782229771305595 57.539301970266926389 58.028655709728816703 57.979651244858175119 57.749825094983592066 57.883631693710881905 58.530528912778002848 58.984138434851388411 59.221350167273826059 59.351733650868546022 60.120335400915706714 60.921289208905555768 61.540009666942403044 60.024438634661798631 59.149451492249148998 59.340009790449450122 59.974435921297981622
77.009729968405778777 68.918166571359549266 76.668737904742528144 70.583695172659901118 63.685634128937174125 55.298953975577333608 50.585201957038577802 50.408029751229975091 50.245031435312107249 50.158577213300219455 50.205700814962504808 50.284166352853176818 50.189124946651446635 49.968730044095423182 49.731509663205855531 49.790513993308017859 50.041986958650589656 50.051527981820839841 49.949828594596546338 49.609272048678164424 49.276362325807347986 49.114616851010389098 49.150502703582908737 49.304626373518857463 49.630106921667128006 49.883826051402238022 50.154992493953592714 50.311537501450800391 50.867371034830050291 51.300955771118573523 51.476919287230472833 51.65912343813091212 51.932325151877009262 52.243559679354135028 52.989091820538781974 53.607032471542900964 53.697264173790962616 52.540122907207738479 51.923254655576748462 51.894554236784266266 52.292256481269838275 53.005863939285546849 53.964168414304978683
102.85587543489948814 96.646982342820592748 88.919463511351793272 81.949999349651378111 75.376216990569972154 68.97486083400171708 62.987801423657572286 55.881684374206450627 51.503696772634739887 51.228765226008313505 51.573469544202851012 51.144052591564459931 51.024533348356655438 51.013444841912026106 50.982514613538640447 50.801772242733584051 50.73035545097372534 50.707888760678464735 50.730546565494506694 50.72666607381908932 50.842310563072473428 51.044001876538025897 51.155843769917851205 51.387341756257136183 51.439574590517160857 51.475921539350039779 51.566792067809366529 51.356590650470856474 51.029342727406337588 50.735671841515809888 50.336853696417996673 49.803211018416483569 49.339318140449918815 48.890449691613660832 48.304418480171783301 47.84708504819257513 47.411246497719488957 46.959133837213727247 46.478334039740893502 45.930433182835791683 45.737843691141193858 46.169581383337202851 46.7598456573665473
111.86279709677340577 106.0912722369207728 100.41763448917144785 95.383988235338506456 89.44534595283373335 83.352976479529871767 77.513688911238133983 72.417010180873504055 68.393614091344787198 68.095483535227700145 62.901526553457109969 57.206292376950827361 52.400520254836294498 50.247841182359621826 50.326117195478254018 50.505037792384193551 50.78865487205700191 50.995577669957228295 51.402652972150050914 51.577780032458193205 51.798843088063108553 52.106262399255690809 52.466994382398759456 52.892926505793688818 53.008527241119708151 53.207381209688740853 53.261434591696811935 52.778861513021610108 51.956162276259306054 51.2161309409945531 50.562544341026637085 50.088958992881849497 49.70688889570304525 49.245331673666221661 48.839950418483631722 48.529463814727535009 48.273436601795580714 48.020194409847931638 47.739334175001907568 47.606247778737390774 47.243224392455047678 46.727106051890174854 46.016727153608528056
115.77219005380393924 109.41054873363043498 107.94269552141932422 100.81220774417380426 98.408585563021347298 92.710445337313814207 87.167733765478729424 81.657565725661854117 76.03565573922757892 70.440106288350563091 66.149822050746081459 66.443811525394465889 57.473867340880758547 56.286060809614362199 51.463523789376530715 49.356622752270986609 49.649167170423027073 50.013457136206469045 50.486775995474687306 50.786563572913912878 51.152126267268940296 51.731885994806994233 52.406876277786679452 52.960111341542415175 53.17467309391236796 52.888178152930464648 52.347692706883123037 51.189500142681580996 49.415518425430107641 48.015198339647945147 47.343296543608474281 46.982917758001818243 46.755827798408063245 46.441897899156572294 46.091687595556429358 45.812953388742982952 45.535379640963235204 45.063483806499952777 44.715843588999462099 44.509514303630673737 44.073914945786484054 43.471868764745281055 43.146057463247480257
119.88899109783707786 117.4978366055591863 111.13690352217518864 108.27926364093727329 102.18110541943984515 97.078342931442151098 93.472391527304296233 88.149657893559790978 82.870964954312512418 77.840970188718060285 73.04448450280571592 68.365778539435311245 63.436559607939329908 58.455167100294765703 53.810435748312208659 49.462257420173507683 47.328776861733118153 47.687552148704874355 47.821635726510059783 48.008930521750947662 48.268191949073333546 49.047351772160276084 50.122783785917413013 50.783773866292747812 51.02581295021069252 50.963504058265236552 49.851310319461120457 48.583425887778339813 46.312788422538588406 44.467027470623001761 42.779993111945088913 41.34131515177495686 40.417157500658930758 39.742158206497066431 39.297326452697888044 38.853928999329475857 38.568584645357070428 38.039561877815742719 37.172347424703552576 37.088724126601846365 37.335274767109090988 37.711479472581444838 38.130563852256727841
122.77457125318636599 118.78556497046082541 113.76281412138233406 109.64524290800297024 104.55831490007147977 99.951419559902277001 95.88437356709108883 90.430877956596404488 85.331147965782733422 80.483613086292763228 75.916942346003622788 71.805214059456503151 67.900154928241818197 63.54004436882282647 58.568448537359415695 54.364764757961218322 49.987635729350934355 45.893096371795699895 42.145464030312346893 41.388769123175073616 41.621299191767299419 43.26255190001024431 44.391339800114245406 44.056768174648574643 42.099605852156763319 40.056132164289820707 39.130501174606131087 38.730398998599511629 38.002260512089897304 37.841803283443333328 37.750420699915309797 37.132459167610633699 36.053321218327084807 34.849029480643643808 33.829672112112248783 32.983302770741019572 32.427500123815519828 32.223311349161441797 32.252901395929733042 31.705183693126691935 30.89216779280022962 29.989142877623251593 31.678779999841346182
123.38172265745410527 120.49197824771827925 115.08309174320001489 111.82787788527369344 106.34671415486248236 101.40252123512125593 97.453071852740322356 92.177927618007814203 87.080603123697230217 82.036532777275454009 77.14721876467044126 72.438370941174156314 67.900154928241818197 63.54004436882282647 58.520349267648974489 54.364764757961218322 49.987635729350934355 46.107464965849032978 42.610774480470901437 39.356797424962138621 36.380248126744461956 33.619131056646580191 35.895086265269711134 39.796857011926682901 37.932851384105092052 35.325696681744531702 32.39441611445958813 30.457399080101929201 29.592708150043456783 28.754345438386110345 28.497382117142446845 28.465212733446239923 28.33798969178784688 28.064179970333626102 27.469943842300377668 27.057512322657089499 26.751133461743744846 26.324738231079091832 26.249293476480879406 26.553189701593744587 26.649557739277462076 26.616352301220398857 26.597718701419715615
123.00830373636439674 118.46580838508030808 114.66227676964562932 109.93539857379461466 106.07726860625224674 100.94322859815770244 96.115111760859264223 92.195319436747880104 87.093599633101817403 81.962568398866565644 77.027578135537197568 72.334014914797563733 67.371692047870268993 62.81423545960840471 58.428890325803905625 53.926603718669149146 49.851992466501549472 46.12583926338427176 42.788028580037419601 39.619666553078111804 36.558599025947913219 34.009890911291527971 31.250889497072275702 30.229603349252226252 30.213489961525908711 28.641222307637079325 26.367809412338303332 25.578855161980229127 25.441093750397488549 25.348164027462438241 25.343936284454894547 25.327642914894731518 25.329287900335813788 25.318410144275553364 25.363481231858393983 25.589567506362747906 25.931175957516636288 26.39531801187747817 26.585376920757447294 26.510052770674882083 26.585538612469811426 26.812354740350574644 26.747188818799401133
119.75666657792602621 115.16871521188164706 110.94171053338313016 105.91446021633325358 101.9420227030393562 96.528143880691089862 91.51206689094354374 86.595880351944856557 81.793657130669245703 77.028721671948915173 72.224677520267363207 67.427578018488603107 63.078737097069570439 58.9865858087686874 54.731967903294929556 50.81923828782191066 46.979799935664289023 42.582611857859276938 38.228395960283890531 39.289038226255129871 36.166221954124225135 33.276269354197737016 30.523918398791682449 27.862045934626245014 27.250059916710167585 27.076182968664099349 26.851148227666353563 26.718134800777310289 26.624971912495013271 26.531763206386500542 26.54225857269090838 26.575201976149347871 26.563549468737544856 26.650282905751250695 26.684572980297300404 26.726513934819063678 26.827369365762084641 27.099180660696134737 27.25698810179638798 27.397416110731114713 27.600428250915296502 27.774598956644730663 27.714322231615028613
113.62760485730997573 108.60054862207078941 103.37275854254411911 97.634850419788435261 92.952234455396094859 87.855509882156724188 82.320982014250702719 77.126364184123872292 72.227307016328524014 67.003741792010643508 61.722335603458496678 63.374589307743484312 53.671694334948334415 49.528167287794836682 49.579198842049329699 50.599617256639248808 46.985834173156419524 42.420566124519339724 37.85191537344759638 33.783925688613578586 29.79619612010581875 26.422196310561005816 26.668993866573970308 26.860581505194318197 26.808516064299716675 26.721075989008966189 26.722137846636293546 27.038477437790835012 27.350953071031984365 27.612883413565427304 28.030111706408813887 27.973051543149868081 27.583444581898213244 27.386990379697738973 27.602419910126553049 27.64553524908220794 27.570463114844233843 27.252204916699941606 26.985403957481150172 26.821456508074724923 26.806082721051566864 27.055598566826187579 27.395758395609874469
100.06398892020899893 104.2667367680312509 98.878478084909403378 92.944334423464624706 87.746936720742752414 81.604028088845382172 75.545605263550939412 68.885969428583905483 63.31255785579634221 57.895701355907476682 52.384712038159484848 47.652367603908757587 52.002535095183780811 47.604870942725838745 42.913256611178006494 38.177258190830585249 33.675103325452397485 29.740280155999585077 27.468318792816226903 27.487023577543851616 27.507871303624028769 31.622237078443539815 27.937351021316654709 27.425890461291629663 27.185327713167808383 27.303640327263885013 27.496275293160891806 27.846570663291430492 28.288925430349681989 28.785986687512892246 29.151696357036939844 28.947472956594346272 28.281650674935399081 27.833324574353603964 27.912698742467089374 28.169297950302674138 28.327879313870361955 28.20705478790143772 27.206548853064902005 26.652389285220422721 26.554697974642209601 26.763781521724496315 27.106383671017805881
95.618678132226733624 89.814687662503487786 83.626300395511307784 77.460910060162376567 71.642846877785160586 66.33704647998507653 60.39601774357821995 55.445084930683080415 50.541039242926927955 54.001948579903896075 50.016646778164158604 45.134121157021738213 40.548816468720758621 35.920020467083901394 32.510006737999795234 31.437981377727233223 31.788867958743132647 31.638556717373635507 32.09435045831649802 32.221246947840576524 32.198943580172972645 31.629417889491378446 30.655102155415359988 29.48544607234225623 28.787134220216984204 28.325113084642406847 28.417247900428701968 28.639185671299259184 28.285980414857714749 27.700542984033113214 27.518497564894634166 27.671260750674985474 27.999437858974612681 28.390723294516067909 28.662160599579735276 28.838151756487675925 28.930174157916326294 28.741624255946973676 28.763828510438326447 29.220287170224167994 29.699585324508472439 29.841837791527410673 29.942117387325389188
82.673869519766924441 76.941540775843634492 69.988044095838205294 65.112708013423969078 66.529775286641950061 61.324806573137337296 55.394509648895883913 50.593615980056853232 45.389102513891572244 40.878238479753683521 36.748647666938026646 33.356934171495694841 32.346508927525938759 32.35359386080138222 32.697593043613430552 33.072997536777556604 33.791031146532205298 34.373630439560479033 34.712856017743376924 34.596607963888764914 34.18231666741962016 33.447547826327209464 32.210016573422393549 31.284598072501356825 30.968806294747732721 30.982515549177460201 30.994792677401918013 30.857610041406790202 30.517288174922175159 30.278358595901295303 30.196062346018386791 30.147059414142365341 30.305421762430583499 30.588109226588255041 30.813834198189180569 31.006764677205083558 31.273686263324702139 31.293638701640759336 31.226210886871040628 31.483258766932561201 31.932146896144434578 32.454028630430244107 32.479995671259935364
62.010938567317538173 56.903887205196227228 51.682061731402853866 47.466356856742017101 53.778044045442051413 50.572006395469934148 46.610081058919377028 42.817253096319483063 39.244924174271346828 35.365312547665979537 32.390933369332365999 32.617936447067563677 32.357431756701807046 31.970293155094605453 32.146553339041886943 32.58757739040849799 33.199761672996473294 33.351701536973841655 33.162751859840099655 33.111092050630205108 33.021592262979801546 32.432672824374158438 32.074818668635394658 31.767583395278077063 31.576235816028912495 31.333100541333060107 30.829933329365786676 30.541607394545305709 30.550519351831962211 30.686334754977909967 30.662734570411487312 30.865119512644508148 31.473829293982355182 31.875042546823035394 31.794464452562056778 31.931179303382997148 31.636402739178048904 31.388172144634900462 31.370141932443065258 31.344601302883283722 31.509509270886521648 31.924264280250483239 32.133440216054673044
53.364998204550481375 48.064385815459871765 42.924057191962923241 38.143981864589811437 38.377362209139327831 38.796232091825466171 38.895818063919094243 38.806175063813022064 39.232479310457641475 39.669519586848643655 39.618248611610304977 39.725197004636136455 39.50288102571530402 39.343763346035366624 39.49805483842564513 39.469059524607160938 39.613759127815811212 39.421722990087765481 39.073103702257753866 39.066564403926051341 38.731737152889969877 38.423335895158594155 37.889729487608875047 37.620452764099134413 37.085174031870195677 36.618456896151350577 37.133075843775266378 37.128043293817825088 37.059153910028058476 36.657351625658577632 36.011576022686980991 35.760581986747254746 35.171004807066282183 35.075835281993541059 35.665955850636571256 35.848753325091720967 35.968706316003370205 35.761809583203408636 36.536927952131726727 37.187293677936999359 37.613338177238944127 37.809290243539443566 38.003462550968222899
41.90779477778955453 42.645088933282906396 43.723807149771047875 44.50337490529962281 45.155345056591258412 45.527620475888049612 45.80582144569540759 45.820761385583303138 45.864009789960093144 45.851908195264712731 45.763267785147128563 45.567881459960091206 45.430564452990701341 45.593419676520305472 45.669343337916480152 46.047984574478597608 46.172913714182229228 45.92039770852549907 45.697390403898637601 45.516349224194208034 45.430839052448583004 45.713478582061576105 45.562204200681208022 45.224178244848729946 45.110211669555425829 45.210034601672958843 45.048246006869952396 44.692079618975597555 44.414468644903131178 43.920045852388099661 43.155022688340018533 42.470559006743350494 41.942449470220225294 42.017972247041313949 42.130475815800821238 42.123258133613020959 42.093817236703777951 42.228724369877639333 42.448596577767126803 42.730833206204351882 42.978904322045700326 42.916474646539732873 42.607830993971724354
50.374727007514174204 50.717949452814139022 51.060268214910038864 51.341309758350035963 51.465920787124453284 51.72266613238721078 51.761797922573997255 51.865738938377973 51.848416651141604916 51.921244159660531636 51.72106443782906382 51.610841246307614938 51.471698618170428574 51.538694579763273396 51.555763154765344325 51.641192345852694245 51.734699766927398912 51.763534311949264577 51.644267728836972253 51.441090898900405648 51.11310608338894923 50.690728435208086466 50.459402880378405598 50.088038449350200665 49.818610970578141917 49.745586567948635093 49.819330489938359108 49.687403124413869193 49.399768723830007389 49.004970533424845769 48.702337434669303207 48.276525394332246321 47.861122027343249385 47.486050818343549906 47.085998771185579415 46.830228242665299376 46.431494953017264038 46.172070023748780443 45.954531784888786206 45.573556451117028132 45.197059412603699968 45.131896312680176209 44.842119345404825026
56.160865747746463228 56.294627318763218682 56.379691028142794096 56.352288926497294597 56.498112924649404931 56.488148726406251399 56.742770766377667258 56.807236741468138064 56.743140359273326112 56.57220396481709912 56.400800089804569382 56.107001381169851584 55.962435959913541694 55.843363764691197559 55.869464382027246074 56.044728775306687396 56.168576174946934998 56.111168984168457996 55.633204119127483978 55.155474727219448994 54.560923072147978985 54.171510670009759281 53.980790930224621604 53.884819963339317894 53.913361154573976819 53.946929355880307355 54.038420792473779386 53.903501923453653433 53.733708647498005462 53.446289383094111258 52.723983865471574006 51.680855058572383598 50.696857544130317308 49.886988653322895004 49.077709821996201356 48.333522357665735569 47.737993837887337634 47.015893206429339557 47.068519295562133209 46.771351653605535148 46.032793322196383201 44.893443317089705147 45.072510014996886696
