benchmarks/avaInclinedPlaneEntresTest/release1IP_entres_ref_0.15500_ppr.asc
ncols         1000
nrows         400
xllcenter     1000
yllcenter     -5000
cellsize      5
NODATA_value  -9999
[rows 186 to 216 of 400, columns 210 to 279 of 1000]
185.204 185.497 185.835 186.105 186.374 186.925 187.638 188.347 189.772 192.019 194.288 195.12 195.668 196.087 195.931 195.769 195.584 196.212 197.656 199.814 203.438 207.916 212.204 217.168 220.702 224.476 226.847 228.875 230.056 230.612 231.048 231.019 230.875 232.407 232.918 230.697 228.034 225.32 214.704 209.384 201.202 193.265 185.609 178.175 171.08 164.261 157.73 151.407 145.366 140.681 139.693 133.703 127.944 120.886 115.806 109.857 105.465 100.054 99.9387 95.2289 90.2957 85.3734 80.6264 76.2072 72.2693 68.9441 68.7747 68.5591 68.5637 68.8742
188.214 188.53 188.762 188.942 189.065 189.488 189.966 190.483 191.42 193.209 196.023 197.449 198.445 199.598 200.84 201.954 202.093 201.171 200.611 201.182 203.253 206.379 211.375 216.136 220.584 224.756 228.079 230.829 233.186 234.624 235.767 235.822 235.811 234.898 233.679 234.682 231.779 231.905 221.935 213.407 205.173 197.486 190.272 183.286 180.72 174.147 167.401 160.67 154.272 148.611 141.163 135.645 130.556 127.911 119.216 117.952 116.045 111.674 105.901 100.532 96.3304 91.2067 86.5409 82.1431 78.1424 78.0599 74.2884 70.9818 71.0847 71.076
190.383 190.749 190.938 191.085 191.17 191.486 191.81 192.178 192.597 193.912 196.153 198.912 200.578 201.865 203.88 206.838 207.745 206.867 205.228 204.226 204.498 206.49 210.067 214.392 220.052 224.337 228.925 231.698 234.654 236.261 237.511 238.265 238.289 238.114 237.793 236.589 234.825 233.227 228.69 217.954 209.168 204.586 196.731 189.322 182.408 175.937 169.81 163.967 158.316 153.358 149.64 140.419 135.516 132.02 128.045 123.197 117.558 113.321 108.614 104.911 100.388 96.182 92.8228 88.486 84.6879 86.5966 82.5121 78.2563 76.9765 76.6824
191.531 191.968 192.154 192.243 192.366 192.679 192.872 193.132 193.513 194.335 196.512 200.274 202.681 203.476 205.582 209.302 211.485 211.194 209.798 207.841 206.81 207.051 209.476 213.89 219.33 224.054 229.151 232.664 236.059 238.378 240.038 241.14 241.202 241.037 240.356 241.063 237.733 235.265 226.681 220.516 212.589 207.023 199.186 191.764 184.821 178.362 172.281 166.66 161.286 156.7 152.352 147.048 142.217 135.681 131.763 127.305 121.845 117.638 112.663 108.64 104.034 103.628 99.0395 94.3259 90.2107 87.0231 83.531 83.0656 82.6696 82.1762
191.767 192.415 192.741 192.867 193.056 193.372 193.668 194.145 194.614 195.676 197.754 201.209 203.642 204.281 206.048 209.336 211.58 212.546 212.249 210.709 208.978 208.567 210.01 213.81 219.08 224.521 230.016 234.12 237.819 240.361 241.86 243.28 243.511 243.432 242.951 241.914 240.262 236.889 227.53 219.548 212.686 206.14 203.818 195.308 188.268 181.793 175.526 169.44 163.495 158.041 152.931 148.051 143.457 139.188 132.995 128.809 124.798 119.698 115.957 111.582 108.173 103.933 99.6969 96.7377 92.5461 88.6242 87.7085 87.4005 87.0441 86.7522
191.556 192.329 192.719 192.975 193.278 193.762 194.228 194.855 195.288 195.964 197.824 199.9 202.031 203.849 206.223 209.402 212.069 213.738 213.999 212.772 211.148 210.531 211.601 215.078 220.357 226.026 231.685 235.757 239.55 242.089 243.768 244.947 245.319 244.987 244.5 243.47 241.645 238.066 228.856 220.96 212.79 207.616 200.586 193.941 187.747 181.82 175.881 170.004 164.329 158.66 152.955 148.002 143.68 138.702 133.798 129.7 124.97 120.82 117.099 112.797 108.908 105.469 101.706 98.7406 95.4374 92.484 92.273 91.8886 91.4716 91.0693
192.699 193.22 193.413 193.443 193.527 193.732 194.112 194.743 195.226 195.882 197.331 199.318 201.28 204.051 206.908 210.084 212.437 213.603 213.718 212.811 211.723 211.586 213.212 217.441 223.251 228.534 234.031 237.836 241.405 243.865 245.494 246.499 246.614 246.12 245.22 244.069 241.95 236.093 227.996 219.371 211.222 204.079 197.696 191.586 185.822 181.549 176.619 170.944 165.115 159.462 154.099 149.19 144.689 139.115 134.788 130.875 126.196 122.391 119.2 114.479 111.996 107.121 104.97 100.393 96.7471 96.0422 95.4488 94.9638 94.527 94.2253
194.519 194.697 194.671 194.526 194.293 194.153 194.155 194.796 195.554 196.573 198.806 200.65 202.79 205.869 208.603 211.112 212.258 213.024 212.837 212.13 211.865 212.457 215.312 220.64 227.144 232.693 237.514 240.658 243.442 245.227 246.028 246.297 246.269 245.781 244.435 243.181 241.472 236.136 230.173 221.1 212.915 205.675 200.011 193.046 187.155 180.959 175.437 169.889 164.229 159.162 154.485 149.981 144.142 139.701 135.734 132.007 127.067 123.638 119.342 116.132 112.005 108.955 105 102.378 100.265 98.4995 98.0478 97.7485 97.2765 96.9483
195.738 195.892 195.906 195.92 195.771 195.819 195.931 196.385 197.343 199.759 202.423 204.084 206.339 208.982 211.786 212.936 213.045 212.565 211.872 211.451 212.213 214.545 219.67 225.711 231.566 237.037 248.372 244.268 246.477 247.488 248.481 247.933 247.408 246.323 244.982 243.379 241.134 237.531 228.551 221.95 213.216 209.126 201.147 193.689 186.891 180.644 174.846 169.443 164.502 160.008 153.84 149.387 144.899 140.947 136.245 132.622 128.081 123.7 120.107 116.124 113.025 109.271 106.249 102.768 99.6624 99.3585 99.0899 98.8978 98.5671 98.3144
197.248 197.375 197.387 197.686 197.847 198.385 199.077 199.581 201.209 204.747 208.412 208.079 209.624 212.141 213.6 213.456 212.778 212.233 211.88 212.606 215.418 220.936 227.708 234.566 240.655 244.726 248.277 250.372 250.849 254.969 251.178 250.99 248.717 246.97 245.157 243.105 240.758 237.565 229.65 220.374 211.926 204.891 197.996 191.105 184.578 178.413 172.566 166.958 161.7 156.709 151.909 147.581 142.905 138.707 134.672 130.491 126.298 122.672 118.382 115.15 111.255 108.222 104.665 101.656 98.7528 98.5125 98.4047 98.3332 98.1385 98.0267
198.157 198.305 198.707 199.255 199.841 200.565 202.202 203.261 204.846 208.669 211.303 211.557 211.903 213.604 213.902 213.484 213.272 213.507 215.217 218.595 223.916 231.323 238.216 243.924 248.616 251.477 254.989 254.635 254.676 254.274 253.268 251.799 249.834 247.611 245.37 242.706 239.954 235.991 231.529 220.757 211.502 203.338 195.888 189.039 182.659 176.65 170.97 165.574 160.248 154.869 149.56 145.457 140.138 136.235 131.371 127.441 123.691 119.974 116.613 113.098 109.966 106.62 103.543 100.672 97.4586 96.0079 96.0117 95.9963 96 96.071
200.063 200.324 200.753 201.906 202.747 203.607 205.662 207.567 209.076 211.701 213.543 213.674 213.55 213.84 213.969 214.906 216.574 219.647 224.211 230.854 238.253 244.634 250.532 253.613 256.278 259.296 258.148 260.494 258.326 256.292 256.144 253.464 251.257 249.826 247.123 244.652 242.701 239.086 229.522 222.928 213.371 205.21 197.085 189.678 182.835 176.436 170.407 164.701 159.278 153.957 148.911 144.012 139.121 134.23 129.983 126.097 121.79 118.387 114.574 111.535 108.138 105.147 102.063 98.965 96.2298 93.4327 92.1725 92.293 92.4704 92.6945
201.508 202.304 203.288 205.03 206.478 207.705 209.671 212.389 213.211 214.025 214.27 214.168 214.587 215.764 217.226 220.552 224.684 231.434 238.757 254.227 252.923 257.264 262.66 262.557 262.865 263.66 262.912 262.282 260.979 259.359 257.547 255.434 253.151 250.614 248.029 245.617 242.564 239.831 229.19 220.967 217.138 208.29 199.592 191.703 184.578 177.95 171.65 165.81 160.31 155.174 148.712 144.053 139.672 135.632 130.229 126.655 123.236 119.847 115.496 112.12 108.249 104.974 101.8 98.9118 98.9849 99.0999 99.2844 99.3233 99.3878 99.4053
203.427 204.575 206.815 208.424 209.371 211.093 213.159 214.434 214.294 214.301 215.383 216.623 218.133 221.869 226.092 232.609 240.081 246.839 255.992 258.235 261.547 266.4 265.904 271.128 268.332 266.786 267.799 265.267 263.347 262.185 259.765 257.446 255.421 252.824 250.084 247.644 244.825 241.749 234.384 224.226 215.33 207.244 199.109 191.582 184.619 182.798 176.442 170.391 164.715 155.272 150.345 146.104 142.341 138.255 132.087 128.798 125.405 120.553 117.536 113.135 110.343 108.661 104.993 104.74 104.777 104.706 104.537 104.522 104.394 104.354
205.871 207.426 209.134 211.476 212.663 213.16 213.906 214.29 214.86 216.157 217.882 221.051 225.665 232.473 239.666 246.734 255.454 260.06 264.252 269.272 269.351 270.439 271.167 271.185 270.223 269.513 268.363 267.283 265.162 263.315 262.036 259.273 256.845 255.866 252.355 249.274 246.586 245.265 233.691 225.001 216.411 212.4 204.1 196.472 189.424 182.876 176.655 170.762 165.198 160.023 155.147 150.997 143.628 139.488 135.718 132.556 126.623 123.702 118.831 115.931 111.941 109.32 109.243 108.952 108.61 108.446 108.035 108.006 107.907 107.53
207.494 208.977 211.024 212.432 212.967 213.091 213.655 215.03 217.406 219.748 225.085 230.877 237.739 245.746 252.752 258.488 263.581 267.074 269.455 271.601 272.328 273.14 272.938 272.232 271.859 270.621 269.067 268.14 266.221 264.234 262.888 260.453 258.429 256.564 253.668 251.389 249.853 246.38 235.233 230.952 221.397 212.646 204.558 197.138 190.37 184.093 178.194 172.487 166.899 167.488 156.864 152.527 148.861 145.472 141.263 134.645 131.511 128.103 123.017 120.112 115.626 112.921 112.156 111.98 111.23 110.919 110.38 110.388 110.333 109.859
206.811 208.289 209.592 210.551 211.417 212.5 214.37 217.98 222.164 227.959 235.006 241.653 248.875 255.156 260.076 264.467 267.851 269.755 272.327 273.293 273.568 274.624 274.01 273.559 273.218 271.656 270.959 269.553 267.389 266.622 264.514 262.308 261.13 258.554 256.278 254.767 251.839 249.298 243.825 232.473 223.178 214.835 213.2 205.9 197.559 190.781 184.506 178.668 173.303 168.517 164.512 159.861 155.383 146.76 142.832 140.556 136.827 130.021 127.893 124.851 120.013 116.922 114.738 113.962 113.119 112.573 111.9 111.86 111.744 111.358
203.657 205.314 206.492 207.534 209.144 211.63 215.777 220.554 227.173 234.202 240.472 247.402 252.848 258.079 261.545 265.371 267.985 269.811 271.626 272.354 272.945 273.417 272.998 272.797 272.494 271.389 270.812 269.597 268.303 267.318 265.337 264.469 262.639 260.177 259.606 257.043 254.371 252.782 245.533 234.684 226.105 223.773 214.821 207.343 200.271 193.694 187.603 181.899 176.471 171.246 166.251 161.537 157.124 153.19 149.525 142.964 138.951 135.409 132.22 126.781 123.538 118.707 115.65 114.287 113.994 113.49 112.924 112.726 112.442 112.404
200.812 202.269 203.544 204.935 207.104 209.802 214.002 219.243 225.822 232.661 238.738 245.173 250.507 255.472 259.31 263.092 265.634 267.957 269.895 270.727 271.684 272.275 271.953 272.011 271.737 270.959 270.509 269.501 268.563 267.874 266.305 265.302 263.988 261.87 260.758 259.119 256.736 255.522 247.456 237.243 229.011 224.798 216.771 209.373 202.784 196.537 190.603 185.034 179.738 174.62 169.56 164.61 159.814 155.265 151.532 148.361 141.669 137.612 134.471 131.054 125.538 122.448 117.876 115.135 114.823 114.478 114.225 113.59 113.356 113.556
199.231 200.905 202.569 204.187 206.216 208.452 211.185 214.53 218.873 223.69 228.904 234.339 239.221 244.759 257.962 254.352 258.846 266.429 265.967 267.787 269.787 271.113 271.485 271.695 271.899 271.333 270.811 270.34 269.852 268.845 268.163 267.332 266.227 265.044 263.659 262.521 260.529 258.791 250.585 240.865 232.656 226.253 220.407 213.503 206.778 200.571 194.8 189.396 184.164 178.995 173.857 168.773 163.779 158.951 154.355 150.187 147.063 140.692 136.627 133.155 130.676 124.42 121.501 116.574 115.111 115.058 114.871 114.097 114.215 114.205
204.28 206.066 208.18 210.159 211.918 214.074 216.073 218.13 220.35 222.74 225.178 228.133 231.136 234.236 237.72 241.455 245.445 249.689 261.194 260.254 261.815 267.561 266.921 268.187 269.742 270.361 271.013 271.276 271.151 270.855 270.587 269.907 269.101 268.369 267.024 266.201 264.711 262.579 253.989 246.161 237.271 229.884 224.643 218.004 211.158 204.649 198.617 192.933 187.472 182.172 176.977 171.853 166.772 161.763 156.935 152.39 148.348 145.336 138.884 134.635 131.07 125.965 122.175 117.873 115.74 115.584 115.115 114.864 114.673 114.178
213.986 215.635 217.53 219.03 220.903 222.615 224.102 226.099 227.48 229.624 231.238 233.366 235.091 237.232 239.094 241.371 243.318 245.977 248.499 254.838 254.529 257.985 262.303 264.285 267.003 269.096 270.715 272.064 272.645 273.348 273.464 273.082 272.687 271.643 270.872 269.523 267.669 263.763 257.655 248.499 240.754 233.133 226.612 220.487 214.201 207.796 201.415 195.348 189.622 184.184 178.94 173.817 168.829 163.981 159.138 154.439 149.974 145.336 140.063 135.48 131.461 126.464 122.45 118.102 116.048 115.519 115.187 114.901 114.296 114.149
221.086 222.277 224.14 225.453 226.902 228.475 229.466 231.262 232.57 233.868 235.47 236.38 238.267 239.397 240.887 242.334 243.682 245.502 247.257 249.439 252.133 254.849 258.087 261.712 264.964 267.859 270.499 272.288 273.811 274.793 275.218 275.514 274.833 274.694 273.576 272.463 270.462 265.693 257.35 249.25 243.473 235.539 227.725 220.884 216.384 210.125 203.627 197.297 191.195 185.412 179.897 174.616 169.397 164.243 159.321 154.76 150.597 143.797 139.232 135.174 131.632 125.912 122.461 117.557 115.245 115.015 114.643 114.139 113.964 113.509
225.427 226.509 228.289 229.387 230.476 231.975 232.797 234.043 235.354 235.93 237.444 238.439 239.069 240.468 241.008 241.952 242.895 243.43 245.116 246.138 248.628 251.083 253.931 257.717 261.275 264.559 268.156 270.658 272.892 274.18 275.448 275.503 275.916 275.47 274.968 273.79 271.883 267.484 257.567 250.884 241.775 236.685 228.164 221.446 214.522 208.057 201.881 197.882 191.645 185.578 179.763 174.224 169.035 164.239 159.243 154.575 147.453 143.054 138.764 134.743 129.282 125.197 119.998 116.243 114.111 113.631 113.423 113.057 112.661 112.52
227.593 228.245 229.684 230.892 231.319 232.548 233.637 233.934 235.306 236.222 236.389 237.862 238.442 238.787 239.865 239.997 240.249 240.938 240.997 242.597 243.793 246.754 249.588 253.28 257.47 261.1 264.921 268.275 270.539 272.893 273.893 274.777 274.878 274.67 273.865 272.749 271.235 268.667 257.826 250.872 244.635 235.812 227.671 220.419 213.051 208.809 201.982 195.258 188.952 182.954 177.181 171.608 166.038 160.719 155.885 151.028 146.331 139.355 135.501 131.679 129.249 125.274 119.234 115.636 112.575 112.402 111.977 111.732 111.457 111.149
227.313 228.171 228.532 229.877 230.681 230.881 231.994 232.842 233.005 234.301 235.011 234.919 236.114 236.515 236.084 237.034 236.778 235.912 236.604 237.058 238.591 240.899 244.622 248.082 252.43 256.784 260.278 264.412 267.386 269.563 271.197 272.029 272.576 272.453 271.727 270.489 268.976 266.171 259.053 248.571 243.259 235.195 229.986 221.265 212.99 205.436 198.45 191.741 185.419 179.191 173.113 171.345 165.622 160.005 151.976 147.093 141.979 137.392 131.264 127.105 122.91 117.756 113.898 111.225 110.915 110.828 110.572 110.021 109.787 109.347
224.702 225.994 226.738 226.853 227.678 228.577 228.724 229.46 230.355 230.47 231.237 231.935 231.653 232.029 232.217 231.54 230.939 231.03 230.859 231.384 233.461 235.891 239.465 243.804 247.421 252.326 256.223 259.619 263.09 265.497 267.431 268.473 268.749 268.546 268.103 267.885 265.545 268.368 256.546 245.014 241.659 231.244 224.965 215.858 207.444 199.823 192.456 185.525 186.13 179.566 172.995 166.774 155.728 150.514 146.552 143.367 140.073 135.611 130.331 123.839 118.94 113.379 109.626 109.559 109.144 108.837 108.395 107.857 107.56 107.156
222.789 222.799 223.572 224.06 224.177 224.491 225.325 225.433 225.245 226.092 226.24 225.673 226.32 226.192 225.389 225.153 225.017 224.722 225.119 226.854 228.624 232.221 235.666 239.756 244.095 247.719 252.197 255.467 258.315 260.699 262.329 263.972 264.086 263.889 264.182 263.163 261.069 264.156 250.475 243.329 233.58 224.843 219.508 210.133 201.114 192.731 185.593 178.59 171.804 165.363 166.059 160.228 150.628 144.965 140.338 136.627 132.064 127.439 121.203 116.473 110.361 107.994 108.058 107.945 107.591 106.801 106.154 105.381 104.854 104.272
218.888 219.396 219.444 219.367 220.153 220.319 220.027 220.44 220.621 220.324 219.843 220.168 219.884 219.095 219.15 219.267 219.084 219.684 221.422 222.88 226.392 229.345 233.589 237.478 241.272 245.089 247.833 251.048 253.259 255.07 256.896 257.822 258.75 258.75 258.046 255.646 254.153 260.096 244.064 232.756 222.47 219.251 213.144 203.854 194.955 186.246 178.103 171.554 165.255 159.504 154.883 151.284 143.408 137.23 131.616 124.646 118.971 114.165 108.705 110.331 105.659 105.207 105.209 105.066 104.647 103.96 103.46 102.714 102.246 101.657
213.657 213.577 214.288 214.44 214.207 213.56 213.932 213.896 213.563 213.296 213.484 213.198 212.642 212.46 213.049 213.576 214.588 216.728 218.58 221.989 224.712 228.643 231.916 235.508 238.747 241.309 244.082 246.115 247.817 251.329 252.43 250.845 249.917 250.277 254.326 251.565 247.348 246.357 233.98 223.314 212.769 212.307 200.518 197.285 188.397 180.015 172.212 165.056 161.507 154.721 147.855 136.695 135.609 129.816 121.786 116.5 109.967 105.326 104.554 103.233 102.238 101.427 101.08 100.935 100.588 100.301 99.8605 99.5443 99.0939 98.6916
206.415 207.188 207.294 206.998 206.397 206.328 206.135 205.771 205.257 205.554 205.715 205.638 205.649 206.881 208.014 209.554 212.042 214.328 217.745 220.718 224.15 227.329 230.101 232.874 235.13 237.235 239.354 241.237 242.208 245.626 243.996 241.79 245.921 242.796 242.665 238.98 234.972 230.101 225.283 212.8 202.083 199.053 189.546 180.321 171.435 173.662 166.079 154.38 146.44 139.14 132.372 123.581 117.488 119.376 117.892 110.596 103.237 100.624 99.619 98.6431 97.6658 96.8666 96.4551 96.3134 96.1554 96.0374 95.5648 95.4087 95.093 94.8401
