benchmarks/avaInclinedPlaneEntresTest/release1IP_0098dde5b0_C_L_entres_dfa_pft.asc
ncols        1001
nrows        401
xllcorner    997.500000000000
yllcorner    -5002.500000000000
cellsize     5.000000000000
NODATA_value nan
[rows 190 to 208 of 401, columns 210 to 251 of 1001]
2.8619120233374952811 2.8823632490057891076 2.8715136302906021371 2.8336978119911542251 2.8098860468249102773 2.7836858412746918745 2.7584787307282736535 2.7915211658409133655 2.8073549121397638473 2.8460460224056975953 2.819475855023465094 2.8180512740477592359 2.8105638821452592069 2.7935464058238781426 2.7674162501561005989 2.7410341480001196857 2.7705050170190110848 2.774023806111567847 2.8129898614913364518 2.7865983971580976508 2.8024658486463018825 2.7954982034417965586 2.7813042226312667538 2.7660455011749967014 2.7306503597275404438 2.715490354314120669 2.7205168620034876348 2.7476647707542105614 2.7645135633791642071 2.7754896420514918454 2.7656375665804318054 2.7855135285254997157 2.7698134526468938255 2.7496991369388119608 2.7347181663261554974 2.7023343433236850508 2.7177400222451364442 2.6873348605436548908 2.7725161929585961929 2.7761533391159547435 2.8118863426714284515 2.7745739110418563556
2.8499937514563780105 2.8932269738803668702 2.925946745737823651 2.9256506775587540758 2.9191114417718515561 2.8939169367646191411 2.8730307097588738685 2.8581921327863448745 2.8281125711518528831 2.8170592417834026122 2.8187814402564628224 2.8313558105619014427 2.8646045187319444381 2.8475003401319960439 2.883819953687032811 2.8704431891706159163 2.8593426979689353651 2.8516589475742009085 2.8511968186374541112 2.8322971399133192172 2.814162556499073542 2.8050595169611285407 2.8338719273591195247 2.8621601513687826568 2.8772598991368307786 2.8808025099168026451 2.8822780579297853087 2.8777473124915604608 2.8554565099958497676 2.8188141516211717708 2.7882837821163763969 2.762708468317357724 2.7440975704995418383 2.7252077405908545771 2.7395034286538324508 2.7527460183458511978 2.7947430331676437198 2.8013334388926840468 2.8042851235336128113 2.7860857345277678654 2.805125115610531239 2.7064097097677963788
2.8762621017118754629 2.8639779438748758089 2.8704624630656470075 2.8740533273554427218 2.8593447159493603493 2.8356341494387291569 2.845070058595109419 2.8461182055783305067 2.845509875917692888 2.8413436268757803482 2.8258236400096494734 2.8138553052925971976 2.8138094598163072568 2.8273155307660662316 2.8440645859615707458 2.8535978852050511989 2.8677588777212830173 2.8559038504298830397 2.843712708966738667 2.8432639634773635429 2.8303527787686135753 2.8289760779598611684 2.8266259608578176987 2.8016033273416010019 2.8050695913144436666 2.7987065962888717507 2.7677899472268645553 2.7707157235883532742 2.7664866449732898879 2.7531466063312604042 2.7628486315246698624 2.7845381904541843809 2.7577572184818364143 2.7564196128337190572 2.7807330551204141322 2.7807346321884933715 2.7644207612765314686 2.7786106470343758801 2.7739160861788860757 2.7501929398559163964 2.7197506684696195478 2.7344116807061147334
2.8963046647468222439 2.9106594361653965741 2.9298831946498529177 2.9195296491851165932 2.8968626079442776344 2.89543917431305875 2.9044411920059292065 2.9013186905722814224 2.8868565866458051339 2.8836177817048120886 2.8817568501066745945 2.8824225429862022629 2.8670756040897198424 2.8805832587086639407 2.8622987704614386573 2.8435283302816567463 2.8161663840017308047 2.8276437113661114786 2.8030257138067935507 2.7766085410404319767 2.7864159114513218363 2.81414943340653112 2.8270591948233723123 2.8374251860400869774 2.8417894392362419431 2.8292795914526478462 2.8509080063797012095 2.8587884440762061367 2.8571734859579964727 2.8563773577483342336 2.8574105785413923542 2.8436154206843879955 2.8319580281939336075 2.8307895148133503938 2.819674571797863738 2.7771191869614408887 2.7562442425456050721 2.7545042562972943401 2.7425727229934855345 2.7656241212346182046 2.7568015319281711228 2.7949853551331611534
2.9042938666599775743 2.8818862623774035292 2.8710335857774884616 2.8579122527277269761 2.8645618808091128926 2.8712206698352109591 2.8589041009841080765 2.8342527832065376181 2.852622556090961492 2.8891394182805933966 2.8731768576239442581 2.8429532779593658098 2.8473286747124419982 2.8654749413710498551 2.8530991057522818721 2.844320941549602022 2.8668831592231160954 2.8828188293630860883 2.8607036238774816717 2.8520652926680396533 2.8704756179491868195 2.8723191024238596825 2.8904866162142717201 2.8987743754328181289 2.9020449982469176398 2.8964341840594833855 2.8956670915878004458 2.8748557199485431646 2.897409657855122056 2.8903401866797540087 2.836990936501321503 2.8132769234684791293 2.8095350107074974488 2.8376576649507079253 2.8422301952792889956 2.7809398147184065664 2.7434496999220265856 2.755984450821289844 2.7781816608936935609 2.7864377814656733356 2.8578216696037568312 2.8371703377586596773
3.036224111163686068 2.8810924288111019465 2.8588859182138941506 2.8582565044601762061 2.8545546202707416938 2.8457384794761426683 2.8500563204397861838 2.8677683557249591395 2.8961455206172357357 2.9152604694290538134 2.889967598313902819 2.8666850216151149588 2.872279071070897416 2.888850899710650566 2.8871449091241188079 2.8819061332129192188 2.8925817265852042937 2.8793856847630667772 2.8810131134049368207 2.8891775967671029512 2.9047630881660349011 2.923891139181342691 2.8913425738527713804 2.9156254781224744121 2.9397421213657208838 2.9452672782553044328 2.9572302961474954408 2.919971756246998229 2.9303696465752699929 2.9489328830322327768 2.9234870448463516901 2.9172854287793641426 2.8841849372586385591 2.8594820016383590833 2.851203781799809267 2.8353818338031664403 2.8132694596411327304 2.826837872453078937 2.8832603096138935683 2.915075421179704751 2.9253305702341405592 2.9608163486969591993
3.216826887023221726 3.0930291906127056478 2.9245430349228764833 2.9016509256570337527 2.9092140322860018387 2.9270955838038941188 2.9328669501318955781 2.9447503935339094383 2.9761650232184861942 2.9871906939446293272 2.918774727381586942 2.9070782584843337659 2.9216640542625027521 2.8875232905263557015 2.8605437718154873572 2.8449977300690205695 2.8566699422384935758 2.8249545075865651889 2.8294138760389651033 2.8440684621543721455 2.8953670601098213666 2.889003112525357686 2.8892452460037754136 2.9256875214086761616 2.9794970680613932501 2.9775519275325650348 2.9781893716818363949 2.9892833435486889648 3.0119731056878551456 3.0342463254025502373 3.0114035298794794571 2.9543235312504454448 2.9286247974625845281 2.9194988960826679936 2.9256240729573819159 2.9325597520162989262 2.9586929776318977581 2.9923657031436579068 3.0244477342113977869 3.0510533027708439668 3.0247392559076407004 3.0542159768691785615
3.3416416797558428087 3.254024943279067994 3.0961705661829310721 3.0019468218301290641 2.9178187567772138067 2.904173776239149074 2.898842509887710861 2.8915930134016600839 2.9158187190539099909 2.9053775230605247692 2.8960209174390327824 2.9114430221241036634 2.9484737360656554372 2.9240870587849956408 2.9335286392831796398 2.9629570709621857461 2.9794358013466415436 2.953498726619081971 2.9554800131908169902 2.9840524312719218791 3.014081567749862689 3.0478056941839839489 3.0543170822648630924 3.0643355919737396142 3.0935842873378005535 3.1302912649569325509 3.1316546036571182299 3.1140249396191461706 3.1068624625435843356 3.1243330500687798157 3.1092276685231130529 3.0721198785085168659 3.0530594370049817243 3.0444266178654113553 3.066780420472581703 3.0879360736363836715 3.0863199204826461397 3.0827117344699090928 3.1135050704318607551 3.1123392816409114481 3.1080999275584852981 3.0730828526511624332
3.3373046887421971007 3.3114836673917329435 3.2206435143187794878 3.0912993659660616963 3.0528038993124142486 3.0293859949694192935 2.9799469248764820506 2.9615611650293369728 2.9785931534067100479 2.9618648015706452448 2.948193110824360641 2.9800731254660073333 2.9940250698784116601 3.0090207273228042339 3.0015917011331065822 3.0562216897641589775 3.0557485759491136434 3.0041891971891057089 2.9898290477344771077 3.0043797883172103091 3.0288429983368132525 3.0369993391713676623 3.0414242515271325829 3.0390110816612425637 3.0554760740751722992 3.0529816984611333197 3.0643124336458718027 3.0703364568948599 3.0638468250859163255 3.0810491607536043546 3.0640210606339297605 3.0487017165839986887 3.0436091389296127119 3.0488539614221950025 3.058140209123317188 3.0539789549886315889 3.0635048380425122794 3.1010605133427531221 3.1908734438788970422 3.2374136206280175188 3.2761359229348294697 3.2701851548783462675
3.2419335388025003475 3.295101290278881212 3.2434629480925418754 3.1320834362298821674 3.0777085360044225126 3.0062034447005792082 2.9501328294316602197 2.914182909097723595 2.9369681938885867645 2.9480575993074218388 2.9698113171602646965 3.0091190495228503643 3.0684169938194845173 3.1058827591374771337 3.1344134474929057355 3.1717189014480182685 3.1883823104627904144 3.1754997741554236157 3.1737611962323892811 3.1835195887952418836 3.1942352571758747537 3.1835025719418750256 3.185226773742367623 3.212096948040574329 3.2212912435612288675 3.2298404614704070426 3.2500773771094548792 3.2563751815093398001 3.24246616510336505 3.2337707703978200158 3.2207413348663713748 3.2149925589811467752 3.249066972959409938 3.2511892034613341096 3.2094834213597600581 3.1791638443206191589 3.2033611879143459866 3.2358763967440187237 3.2721215510463532716 3.287020028284389106 3.3022678070917681481 3.2586525057779454073
3.184289301210251999 3.1780139664695115087 3.1681689857270396438 3.1948963347502954413 3.1806581932381421396 3.1307531054656267955 3.0828470487855335058 3.0714710241358456067 3.0732080031958379784 3.0635598216752297773 3.0742996857602107319 3.1000487880614153724 3.1424193367807045085 3.1624913638603704413 3.1848388754180820825 3.1808368299910094734 3.2184368178905646829 3.2316156161311395678 3.2115983323665857618 3.2099738710530796304 3.2235101668610601777 3.2371347879390013347 3.2544623330691964114 3.2905662168098088749 3.3054282735971849405 3.3089240653736227138 3.3271841155885240049 3.3212154467285763815 3.3133129734884438911 3.3170325312113790872 3.3294559856532228714 3.3454193915914358648 3.3512756128206668826 3.3380508122023981876 3.3060998536720140883 3.2951262304891741906 3.3296477797552328504 3.3855903143806185263 3.4170615692981720635 3.4194409421115561365 3.4423594726570869717 3.4185777163624915254
3.2368018028345511006 3.2355418363610639609 3.2312628168215198343 3.2450510381725590214 3.262641358965367111 3.2422345037226922848 3.2231200409046349975 3.2177165987404454661 3.1978053773440349161 3.1890237762029887136 3.1927200268726765309 3.2116346383095430994 3.2430988903547994795 3.2694280875868724223 3.2968764260095730911 3.3114367815038008303 3.3147724752098648437 3.2922459972974409403 3.2748106130791843071 3.2569669186986796028 3.231358022125388807 3.2362946381955945974 3.2324708271973343621 3.2342806424895313988 3.2523041649348134463 3.2787561404170708634 3.3019343325416561363 3.3049458480629398949 3.320726459410394682 3.3287818106801210227 3.3448106655737066539 3.3499875396618485901 3.3719248330865698726 3.3878733616620517743 3.4014369826707628874 3.4038282482254724748 3.4071445934725881344 3.4250493975555005299 3.4329788676616765919 3.4178581814116855142 3.4337882538623540896 3.3984229966702339532
3.2267028509726038976 3.2339396930048232015 3.2524957862970720335 3.2632584622839631017 3.2722375471819433734 3.2794216244506237956 3.2843066693840414771 3.2711004847127087558 3.2487575240483095307 3.2530858781885232389 3.2483344864153740339 3.2548785821244416994 3.2699754690499815979 3.2867837355461437809 3.2712904534323645755 3.2766765632161209965 3.2485270968568653593 3.2149042271396717219 3.2025743529713013302 3.2008522009584972068 3.2115777965814187311 3.2281861325611469482 3.2488965369014195517 3.2719013350131440632 3.2906815973813396958 3.2902101982125593338 3.3080645060565037063 3.3385582206584083487 3.3291591888410998479 3.3187886572873699365 3.3264982067473121141 3.3371379628608415224 3.3422874165534266488 3.3333275253800946913 3.3411220835391208794 3.3637720036068441409 3.362331396111675641 3.3685745117443155472 3.3843039241116357196 3.378984712619148123 3.3669477645462819737 3.3372020381657097055
3.2243228209515284455 3.2104686195166962648 3.2229840529484481415 3.2248415657655016275 3.2056602562374303389 3.2101606223976237864 3.196840012959526689 3.1640787756659842778 3.1425943797745641284 3.1160218224882592075 3.1006593062964649121 3.1177612764115889554 3.1218127841946294865 3.1479169770292774189 3.193762927326595058 3.2338215345318701566 3.2434838140729049805 3.2536662687858926013 3.2666139871709685139 3.2656823893472912701 3.2459241993725607145 3.2662019442740279906 3.2986571597361877828 3.3181120507799772845 3.3218814957866675819 3.3129373937533630468 3.3047717224483688092 3.3303260227636530821 3.3342251029563598763 3.3167943487174604833 3.3227735036920633682 3.3224474165200628129 3.3243591879190277361 3.3206680345434635981 3.2907571331059672914 3.290873112471776718 3.2978751765986391575 3.2916993198847093183 3.293505029810100293 3.2576017010031241838 3.2514537606835882677 3.2815546419367773723
3.1194763455121061746 3.1246502618595108913 3.1351675671160088577 3.1219207935524440067 3.1188496462140018473 3.1326645080828643408 3.1684606896777074425 3.1643844117531583215 3.1470204866351996209 3.1559139830350040334 3.1799812961259621424 3.2003101429790343779 3.1935429369529844124 3.1775598881218742875 3.2027282802804584172 3.2278609501915389579 3.2006412946844320366 3.2103812607719555139 3.2031323509870004429 3.199886927430146244 3.177177962071448647 3.1853784082932596888 3.1734743844675472602 3.148295277666955716 3.1502749633819253638 3.1354327656838063554 3.1342615191283780263 3.149950441992066974 3.1587519924731850551 3.1340354141182280578 3.1460781251586595886 3.1706255859829624022 3.1517281568561683613 3.1487462203663767468 3.1518795129411278921 3.161832664540835669 3.1669909402481808414 3.195887124865997464 3.2386231673242460438 3.2308246457195815005 3.2487943228105802262 3.253148915859387813
2.9444427557389465377 2.9762029352114911518 3.0168270075101348837 3.0517001272104438137 3.0774646039869169023 3.0939323311476818468 3.0829179977751000052 3.0546440112648189924 3.0813609300787323519 3.0566329313805500334 3.0271642559444513765 3.0750273612943375134 3.1095095087768700459 3.0945015026778071032 3.0714078612162012405 3.0215784323124550426 3.0094814519652826057 3.0315297287418525585 3.015665193292590196 2.992079218100004212 3.0172187300077339955 3.0360387563954920331 3.0667001621205725037 3.0587451698920018472 3.0700308819379955594 3.1077684405067098616 3.0833890309594083057 3.1106103647317620009 3.1418764360427884341 3.0971570819381954998 3.0859292203843908808 3.08002580758316169 3.0817968947365375065 3.0963076164918330591 3.0972977365637737179 3.1011054330767815479 3.1128198039288856869 3.0970205872998524121 3.0775673482086434163 3.112950427564319611 3.1279158082479181502 3.1603777524054641468
2.9973653297150972818 2.9877796681519273037 3.0167914997192393223 3.0308686639082291769 3.0324597477792387679 3.0215595516775142215 3.0048941938688313869 2.9746121863445464939 3.0093108471356528888 3.0284826095204135932 3.029021913074942951 3.0119283677095789464 2.9859354212239401782 2.9532073724783929336 2.9785852808513815226 2.9790483893996526632 2.9884076390144000968 2.9772886152961177686 2.94200496825099167 2.9018274032211861524 2.879126513858379699 2.8950063950812117142 2.9039122151750045298 2.9063066456267874216 2.8865696746720934662 2.8541064407826328697 2.8614327970930193423 2.8741759557520016877 2.8922408716192533618 2.9197805862104373453 2.9614867987207529332 2.9961374307918351434 2.9709744063028229455 3.0006649015218935794 3.0163086403134626856 2.9798466206361124975 2.9994314951230380828 3.0311173287870167847 3.0354532944894057067 2.9808696871800774986 2.9699506072417092284 2.9840325540175012264
3.07679535941894855 3.0466682329050236433 3.0125905808156971943 3.046791739598319726 3.0602177629896560873 3.0564403539473294913 3.0431377691085552684 3.0199502583992963167 2.9902670205341728149 2.9945360460212460119 3.0077171250972427607 3.0083089508325659978 3.0040014348604042738 2.9909254582245523579 2.9649024646249073633 2.9561868037692389244 2.9771504887833657449 2.982150249042911927 2.9704110214814538615 2.9409492585297254408 2.9057601685518532619 2.9020582406406290055 2.9233141033225145122 2.9270215791226878999 2.9100181079251261629 2.8825729855185993067 2.8472286291580544138 2.8342469694189014184 2.8561475726499554462 2.8698378485428350793 2.8667752025762061052 2.8484412183392486817 2.824495147475624357 2.7872959226079712103 2.805679902041756435 2.8127608821351386403 2.8163013772019729331 2.830260390112099067 2.8458813955915887028 2.8620318450583392966 2.8702210801439664856 2.8662516086271381255
3.0618811849690761306 3.0827657889892221554 3.0840884830436237074 3.0740212387917411618 3.0565119870358663512 3.0229457898327556364 3.0150315974369572558 3.0286450453182176545 3.0213718364953368045 3.0069394303595471385 2.9794140793901950914 2.9455784480758171462 2.9065518812264650172 2.9381545410341414204 2.9571643931140059181 2.9604756482271277207 2.9415527829169398899 2.9143007215505298824 2.8856708014239758064 2.9016786898849806775 2.9036051176526389561 2.8937889929931350785 2.8791717727132351001 2.8550649961908582952 2.8435123713373546828 2.8765046174381225796 2.8937780406092619145 2.8784829364016912834 2.8432957454930383179 2.8049539112060739576 2.7915484924490674423 2.7833236035128146035 2.768063119117614157 2.7504380596288031668 2.7243573178376840893 2.698169838836423029 2.7285801816024437549 2.7765745727322719283 2.8144664538875634463 2.8185825937222217519 2.8279395093294299457 2.8185553087168839781
