benchmarks/avaInclinedPlaneEntresTest/release1IP_entres_dfa_60506ca5f0_pft.asc
ncols 1001
nrows 401
xllcenter 1000.00
yllcenter -5000.00
cellsize 5.00
noDataValue nan
[rows 210 to 230 of 401, columns 141 to 187 of 1001]
1.863683153738403 1.902697506528742 1.948965905157046 1.985704131193319 2.029080872733434 2.056591337777236 2.094713946589849 2.115404132779909 2.150717236529028 2.206279216897863 2.221084710815034 2.254263127856802 2.272231975851465 2.305529813140798 2.322457320739085 2.350029631648849 2.37377497694883 2.409655258526063 2.438658027540747 2.468134201081883 2.50107201378062 2.504810998747376 2.516323786993783 2.526225502195141 2.524431783136401 2.532332386678342 2.538147201097596 2.564269703749493 2.585423468332495 2.597119573353659 2.637781371752129 2.664270041464913 2.691543835606267 2.720057016016453 2.748892484582247 2.756444607342397 2.770150472663115 2.789701251731005 2.789033217810806 2.777145640008337 2.779834057803155 2.781621638641127 2.780248006811273 2.765408115654404 2.801398384742437 2.823981735285015 2.835686797826257
1.813057191346395 1.833161377362863 1.857203176784678 1.877779841085726 1.876532188116364 1.886657958103189 1.915475213186361 1.936435197283889 1.960633686307153 2.005944053042239 2.012047165782052 2.069298482149492 2.058765967082198 2.105171301776273 2.126640019291529 2.161188541179995 2.220705664038301 2.234682546593384 2.273907040613395 2.282339301021559 2.307003503919151 2.324726573840663 2.310375252789314 2.329852349741792 2.341236610138139 2.345353141403536 2.373002807497889 2.402504350130298 2.433952034902342 2.452251169323983 2.459504161029128 2.493601701601643 2.491851889578875 2.494038745337429 2.490770073056981 2.51322586403234 2.543976922184337 2.570079727842828 2.607381159419007 2.649888178402777 2.6610148074619 2.676171359459259 2.677557804020642 2.686801817183539 2.687216924060554 2.705454127543163 2.69899091971552
1.79630520772285 1.797304898507972 1.83982927409261 1.846164513864427 1.866674598883309 1.88995472158457 1.902655950016098 1.915108844544744 1.954553663099743 1.954092799754369 1.999195364003615 2.005172571696363 2.012679350000046 2.059413990314894 2.070062065001347 2.074926595751836 2.093826299276298 2.11065944394923 2.104610025374073 2.136829615419576 2.138811657404675 2.117418925101724 2.128044799289051 2.116729724687837 2.139205849924107 2.147359476213355 2.14833177264783 2.148176515726851 2.174602228307143 2.188649691968804 2.193794923524595 2.219122883074794 2.270950619812267 2.292385475493835 2.325735180691857 2.360146024030216 2.363339270505249 2.391265372537047 2.415204211238332 2.432036402791417 2.4378793231169 2.473148408425764 2.501635319213001 2.515155895135796 2.49804250421704 2.476350644579681 2.472602260055627
1.804056682108213 1.823629006551643 1.855310523878811 1.874257866528858 1.913600562256027 1.934020525713964 1.988921086201652 1.987175214730074 2.021344380671465 2.034187933336288 2.064035938770798 2.087319126649422 2.087048115193625 2.123757401642163 2.120444615044535 2.162828175006103 2.143030597870935 2.169148867702408 2.181622572768951 2.19338614048186 2.205396369197973 2.223528840384036 2.195224169012305 2.173548893853277 2.176917242989131 2.153631901685398 2.155907556948862 2.145275668711214 2.15269440374351 2.164343757848254 2.158373300856688 2.159018447565356 2.160868721085483 2.163169899366362 2.172332285651588 2.165879708468581 2.149579038846414 2.145668355864685 2.150169034128071 2.132084848217956 2.170455496936254 2.213815523362386 2.235849482476136 2.233532959685312 2.254115434469484 2.281320056440964 2.280977402766846
1.788746999974629 1.818435507983065 1.868820867052621 1.9050864654611 1.914860715047509 1.959342978183843 1.972455321369154 2.00812208771593 2.032507486122481 2.080208090146221 2.096113452409173 2.119215503670375 2.140714947161071 2.152931177633561 2.190757269237283 2.212475751897165 2.259949858338961 2.260236714615188 2.296735194684225 2.315512116380015 2.32804839570818 2.333267461336388 2.318886934142606 2.31190863450878 2.308357816404051 2.322541996186772 2.303620932160665 2.309644615199937 2.301750792836164 2.301329782273077 2.315896987137835 2.323693518321093 2.328465293265327 2.334035162362227 2.326735487376046 2.316561831783547 2.302717103449434 2.292136728427086 2.31054527534624 2.307278141637085 2.312249089026002 2.306803043008312 2.301512161287571 2.281703138529124 2.261247483267835 2.24139288792989 2.24196759827712
1.794560202430221 1.818615160905277 1.872466699595119 1.892858753986652 1.925346094245847 1.977666440447172 1.998120885707083 2.043452605607176 2.082128084743443 2.125894494190842 2.165518505700157 2.187050708839976 2.209369297444946 2.237722236119914 2.251330018791798 2.274003616373225 2.303810829468555 2.334747079142775 2.353651536557948 2.381145307594842 2.411107088153426 2.407698230997607 2.408276366945236 2.425516258085533 2.419015879228185 2.395468991943775 2.392493622707583 2.42859188854376 2.450177762470371 2.435470452268582 2.435835171567962 2.443967639354368 2.442696418264467 2.452666184050277 2.459690063857003 2.453376235728908 2.442951582980398 2.458357221654543 2.46517501663632 2.474136612297647 2.486422775637218 2.478621034156529 2.475260408554474 2.467203938074836 2.452378470763624 2.421538535932588 2.400798038952681
1.811043693010923 1.864697354031574 1.911759758069955 1.943641147802944 2.013078400810698 2.035924533856676 2.073970555494645 2.097309548419569 2.126457668832878 2.166415873411554 2.202815278662307 2.241079832532615 2.289790654567606 2.30240777021181 2.309473095930906 2.353103947403543 2.376149710899627 2.372296301612419 2.418899610987831 2.421834278985202 2.475997680081095 2.462959052632286 2.448176030961518 2.459586221508726 2.443788764837947 2.44624928977478 2.471172729083783 2.481855707090868 2.51169318091575 2.532816998974019 2.518104386801599 2.526314048027047 2.50775064498026 2.471072352168611 2.471508569973174 2.469123778589811 2.479042219522787 2.48134240702797 2.483796887000838 2.507945355692309 2.528630484245213 2.53932148662348 2.530283213779698 2.50667026614866 2.479817957432886 2.465653729028394 2.438907279944569
1.790996227511207 1.825717809852849 1.855114495519219 1.919325665423822 1.947377412874974 2.02556941414273 2.034701870000942 2.105942450614413 2.155781818514797 2.171064428364284 2.235188939978623 2.249988356660746 2.292926513485682 2.29958575158107 2.351472265233056 2.349666967893773 2.399857399433283 2.41563240283832 2.437758230975221 2.449914596636903 2.51272731727214 2.499002598739645 2.500674534623644 2.50702956903661 2.513896328216982 2.512477636926933 2.523478563268851 2.534172479534888 2.524959004415337 2.533274388209893 2.539049926022609 2.531652455036586 2.534165976833525 2.546944661067235 2.545704405087083 2.548387309693846 2.568578106736939 2.574962055053788 2.566114186992417 2.558544811294653 2.555198586085755 2.559000784754877 2.555962624664621 2.526289139915701 2.492031069806927 2.446689784683521 2.477220336832706
1.80322658927474 1.851680372130146 1.884504011179083 1.909755582392639 1.968929836903053 2.021923486938192 2.046617036124641 2.121547698246131 2.112998860573104 2.174133105956159 2.209189183881264 2.272819812632658 2.298869098016415 2.340766863588375 2.353592462938186 2.381887900319163 2.398844013569876 2.408508109446892 2.42645103288537 2.458377152064793 2.461710685946666 2.50514880213872 2.496597922700695 2.495677187574954 2.512531462162612 2.486948906793549 2.517041908867321 2.530349712653957 2.514494064798092 2.530030888396661 2.549761990904879 2.545576858045507 2.539227441029535 2.571731752179175 2.563186345721332 2.555533554264093 2.55004504378558 2.556875163168087 2.555824532245444 2.530656547741928 2.508368989742479 2.502075279857307 2.501568687288735 2.503707883608642 2.493899180253578 2.482006032963116 2.471306593355921
1.854772767739629 1.871034272759942 1.924151556330201 1.948234479937846 1.97749475141939 2.025485266380502 2.03265830057452 2.073079750546507 2.109532330114414 2.158955544575299 2.192943510477188 2.222699926632551 2.22285992965252 2.261089153087831 2.284594713733525 2.330694131845736 2.374516860150592 2.401887359187288 2.433088853797663 2.4420583057561 2.474029443536044 2.474446788884268 2.488910499020326 2.49386272422046 2.495620014757077 2.50003043149885 2.513905932627374 2.507707845103076 2.479203837139676 2.477711325836053 2.474385608846025 2.470234198241799 2.454425886202166 2.461759075484455 2.511560815465758 2.529430484912623 2.510716957573181 2.512268307431692 2.54518930717798 2.555287681703899 2.540104279639565 2.532201250424322 2.542803193892333 2.535169718971431 2.513756295232504 2.504422157283705 2.485159806530667
1.906110466322477 1.894299576926679 1.92534225083082 1.934544555623311 1.969072020945755 2.009924495539215 2.018891704578287 2.081661232789997 2.085447750256896 2.137225235390471 2.125507942611409 2.164524649045839 2.178576319693595 2.202273146612082 2.239636947926974 2.293344855822373 2.308087485782926 2.340578404831927 2.369030945833926 2.355486033545455 2.38589620154957 2.410400280687033 2.381570421909086 2.39525645889985 2.416223405910843 2.432043486612235 2.442677143085576 2.443971305137668 2.479288404832263 2.463953815665197 2.461274263894663 2.459103904637941 2.441989935591646 2.474576717807077 2.442447075567136 2.413606683926013 2.395291055593108 2.413249266643015 2.410510038681196 2.402685290824421 2.462392830834101 2.50097031226081 2.474109208668891 2.473844577468713 2.421879309301572 2.395151637153278 2.341931243306535
1.8584226859028 1.860182751402353 1.874872996319032 1.891113856702806 1.899749356342532 1.940404260818024 1.941789820843341 1.985682001872324 2.000534449592598 1.993052470258361 2.057285637670943 2.040383467172413 2.129647705837994 2.18175350238367 2.163539324788751 2.21238813803653 2.182982221517171 2.197283549645287 2.269266893198195 2.278082494193854 2.331397993615267 2.333158669051953 2.341102928884015 2.327880438669756 2.326014010200045 2.364099181185434 2.356615393109399 2.366532259718614 2.390896389648498 2.420960547975678 2.388463345512436 2.377448673428085 2.367699757848319 2.359992952999031 2.371596652311479 2.369079013968226 2.351614014462603 2.366519386926841 2.378084335410198 2.352986442330034 2.283715948339071 2.263599661480507 2.271128141787856 2.234245826737802 2.200058775682032 2.196500112827872 2.194017131886447
1.747880804119668 1.779661603665696 1.785950581643565 1.802047684553886 1.79729466983284 1.818096403815791 1.794946751869211 1.825730077885309 1.850086120080264 1.861454533050341 1.897611848833596 1.915663908332047 1.909769906488147 1.9661020242539 1.931223201966813 2.00663431208433 2.020745615019198 2.027270999982353 2.121983212424083 2.094616008316243 2.164644081733305 2.156036912740978 2.187262197883556 2.222359389749161 2.214091406896801 2.228892587193282 2.250576185571859 2.223367397494853 2.227982952348571 2.215403939198791 2.219998669419528 2.234681312832198 2.247902077307323 2.228177604428443 2.240546320474286 2.231148940594791 2.209638447624553 2.21108705002733 2.159371590263264 2.148185481594879 2.131107776690257 2.109026716139574 2.078277254485047 2.042041267793633 1.968179227018473 1.896580946470346 1.837841793841243
1.628786376256322 1.644280913278564 1.620558845638245 1.642895991053707 1.627321482677028 1.642622574410542 1.629623101343168 1.680617997026715 1.675278657690025 1.701050347964371 1.715867473859367 1.69288078864649 1.710661985554743 1.759322570701203 1.749807086027422 1.83815536476991 1.866981848931571 1.878054703117054 1.900989787596614 1.888454633445793 1.912092036052846 1.931301897470363 2.011961898835807 2.021513536552373 2.047634177902196 2.077667226976233 2.054770662604854 2.057556268937259 2.077885251100018 2.114946053870035 2.134926457648925 2.144197822883703 2.122042202815914 2.082785921937508 2.035459971117372 2.024105869951927 2.049294763808281 2.033076704867146 1.976877331311642 1.913052140449575 1.8260784613164 1.782916243970374 1.747811589268654 1.709675485684945 1.704090224009405 1.699652242522387 1.636906912862589
1.463850827102585 1.457483076507634 1.466825620431731 1.476326753151003 1.476839246135618 1.488200425178843 1.495655988687818 1.487342138920101 1.503681707526596 1.504882398686216 1.498526725972152 1.495058550742887 1.521767425593526 1.558711032778867 1.571445006501473 1.580329633566166 1.578091214667132 1.634896888861822 1.687510560251417 1.727938037450834 1.787228193580895 1.815316861256924 1.803482747134789 1.772375328793976 1.798479104216451 1.79699505229993 1.849210304601602 1.881322172084411 1.877497524165325 1.870185837927337 1.833557689654266 1.784653187251551 1.809258806311126 1.821446206207673 1.859578793475487 1.805042010518374 1.735613051152149 1.709112581048463 1.679105508422902 1.638600227580061 1.620840198062487 1.562925629656678 1.469585366093198 1.429994667936144 1.391287773845095 1.356213432637257 1.329777608068073
1.271924990875464 1.310684331780867 1.309072854508996 1.307397287233398 1.297503912767038 1.306413269648362 1.302356400639447 1.34115282878413 1.323875016943844 1.361102233091778 1.356257988312309 1.348538239385842 1.355820153123083 1.378873589167537 1.395344025657649 1.415997121866489 1.404941398386288 1.447160407157763 1.476669093636708 1.48530108493187 1.502752070541208 1.504713177508595 1.527675441839227 1.567596284929146 1.631621792579814 1.585448374609782 1.555368173952855 1.55570188831955 1.547540893005767 1.579424605626164 1.578515673739692 1.553563111714222 1.497327307737842 1.443070575570093 1.388588523722731 1.408003937755374 1.40986370690032 1.418788068812587 1.365204883452836 1.295185753688947 1.272348742483014 1.265041403108462 1.233797526570085 1.232085343957965 1.235128319671047 1.236482443917746 1.236184076009738
1.162867142784473 1.138225417053707 1.128786628596897 1.115255570690041 1.110988552733514 1.103311972893871 1.119165062456548 1.139929212034214 1.158689633514242 1.197649668388924 1.211947073204414 1.186015989028577 1.175197299260271 1.177647432082617 1.18238336213416 1.177494574116647 1.19157894172506 1.231659696688594 1.22762357856989 1.22421034279466 1.25359270789867 1.263509633591892 1.228752094045856 1.245501561609383 1.233163851712461 1.222800009894878 1.259975335156758 1.261059631106135 1.212621996746709 1.214452970179725 1.183454135346218 1.228090707380159 1.185833657504018 1.185644479773321 1.166114639739553 1.183452066326566 1.188853010546765 1.188595382244881 1.177988152204253 1.177139385377569 1.199004804234394 1.19805875780547 1.215454314167289 1.210002266519772 1.209048170714242 1.215611600237868 1.237846993400088
0.9371416513621381 0.9274326911090079 0.9178369373823625 0.9269306043350789 0.9424737155528539 0.9438846010763353 0.9527128596169089 1.001382716235707 1.010536232568579 1.005807378832126 0.9886859032498981 0.9864632712958427 0.990190198103767 1.019767472731312 1.042898813432679 1.051307205968285 1.043586218459447 1.048424066476895 1.037641946970076 0.9926675884559628 0.9632212066820095 0.9935472154345321 0.999330712723872 0.9761872338224806 0.9924899203418159 1.02322680558515 1.025665305198979 1.022799220474883 1.029308264787841 1.015596327103982 1.050071252541974 1.071425519729187 1.126681678652775 1.149231567751831 1.122957152143243 1.08870457943704 1.076003610867256 1.07005171318198 1.05678989844458 1.075509050135708 1.092766947461701 1.126356542360035 1.122121193170424 1.141238958862189 1.144285163272808 1.128037688857626 1.138477954723699
0.8374423271710955 0.8630545546311382 0.8663238896151297 0.8482382980318411 0.8289536814407994 0.8088547854559454 0.7863385712087326 0.7960138066237935 0.8278430710776848 0.8282145744404378 0.8397527859043947 0.830005167545558 0.8428003220146987 0.8324091657033266 0.8097315259621645 0.8214475128792167 0.8265986865956733 0.8351742467176833 0.8345834529278552 0.8330239051545847 0.8410473324264985 0.8326259730413346 0.8462500548897726 0.8601395307037285 0.8866971870718056 0.8820833571472703 0.8537008230970496 0.836093911806149 0.8347526567943481 0.866351161895626 0.8903993642915807 0.9130322182297219 0.9288889143755807 0.9028265469263994 0.9313341305375272 0.9341987010779688 0.9593400826993417 0.977631840171716 0.9881757074119486 0.99735598540826 0.9790675320739872 0.9616485198796645 0.9783634751417435 1.003342454446879 1.016604051595349 1.025238441639105 1.014716865958486
0.7051097761739155 0.7084713685240406 0.7114864828733638 0.6982555793482704 0.6942444280196571 0.7030736564640424 0.6918458759673166 0.6620791038083846 0.6566084293670816 0.6812081493942325 0.6828989536578028 0.6705669146192949 0.6422398205412196 0.6623190388379233 0.6692727238626786 0.6669313035414678 0.6857546791754099 0.6768926492652916 0.6774112613557932 0.6999276320993423 0.7137173750454353 0.6909998020997519 0.7118295922509686 0.7359343637487508 0.7677037035745999 0.7485358436843706 0.7298559087179016 0.736483595568765 0.7615529836721169 0.7749718818652089 0.7760903028440085 0.7924674086730422 0.7823239482923641 0.8244998737779956 0.8324824705398653 0.8484471906188671 0.8201467401486908 0.7980729011836937 0.7727200180160231 0.809251474282106 0.8243527015050398 0.8593543835666879 0.8741668215007877 0.8807953037082976 0.8800946169113365 0.8726890508004329 0.8840628299113605
0.6898297500390691 0.6563215146571565 0.6193709502414788 0.6179714116020936 0.6153910057617823 0.6097619675372634 0.6262625078784071 0.6437770003670464 0.6586462780105032 0.6636992068517367 0.6510162967809117 0.6388376775305858 0.6282840842482352 0.6103679296602775 0.5937456646831818 0.5823278011513726 0.577738805883387 0.5747015682738149 0.5774336693095433 0.5815344682418853 0.5657395240104653 0.5720060029719485 0.5980545414735104 0.6105930078945965 0.6142392069970668 0.6169495311967094 0.6039323282012338 0.6122577054678182 0.6293569429922167 0.6407428881835273 0.6449631747137244 0.6429011478717405 0.6448537763226829 0.6555534639635491 0.6552029597026826 0.6458779390994783 0.6681397516882263 0.7268629027518734 0.7706446782088977 0.7679170263007055 0.7516295859098362 0.6874691741268572 0.641021553849373 0.6509562733882294 0.6633406126224056 0.6602530614556458 0.6641044720235925
