benchmarks/avaInclinedPlaneentresTest/release1IP_entres_ref_0.15500_pfd.asc
ncols         1000
nrows         400
xllcenter     1000
yllcenter     -5000
cellsize      5
NODATA_value  -9999
[rows 210 to 239 of 400, columns 272 to 339 of 1000]
2.66458 2.64071 2.59722 2.60535 2.58182 2.55846 2.56225 2.51304 2.51712 2.5138 2.47218 2.49193 2.51844 2.48868 2.48677 2.52337 2.46594 2.47618 2.46509 2.43746 2.45216 2.41365 2.4266 2.38279 2.36145 2.36896 2.33402 2.35217 2.35631 2.3674 2.35984 2.37394 2.35639 2.35339 2.30582 2.31105 2.28608 2.2691 2.20823 2.18058 2.16816 2.13406 2.11259 2.1269 2.11205 2.08213 2.06674 2.06899 2.05526 2.04359 2.02362 1.9842 1.96786 1.96108 1.95786 1.93249 1.92795 1.91997 1.92295 1.92535 1.90631 1.88154 1.86015 1.84702 1.84657 1.83326 1.80648 1.76214
2.65275 2.68025 2.62725 2.59807 2.60285 2.54157 2.57909 2.55248 2.56753 2.5544 2.5 2.51021 2.48906 2.45062 2.45807 2.43419 2.42042 2.41709 2.41141 2.40068 2.39748 2.43833 2.42357 2.44941 2.47574 2.42556 2.43188 2.41791 2.37408 2.3614 2.32685 2.31901 2.29779 2.26898 2.27562 2.29181 2.25463 2.27026 2.18869 2.1926 2.15766 2.16365 2.13783 2.15376 2.08677 2.10282 2.08328 2.04968 1.99148 1.96158 1.95047 1.93819 1.93101 1.88826 1.86812 1.80744 1.73931 1.72217 1.71497 1.69748 1.68348 1.66994 1.65716 1.63134 1.60133 1.54021 1.49892 1.4858
2.6265 2.61636 2.59205 2.59918 2.55125 2.54019 2.54154 2.51677 2.50836 2.45891 2.45435 2.41962 2.42371 2.44305 2.38647 2.42093 2.44399 2.42165 2.4345 2.40557 2.36984 2.3715 2.3301 2.36569 2.30944 2.29221 2.327 2.29026 2.29623 2.26601 2.24783 2.26633 2.2586 2.231 2.23466 2.27336 2.22228 2.22131 2.17865 2.1384 2.09722 2.09439 2.05989 2.01912 1.97835 1.98773 1.95681 1.89949 1.86515 1.81288 1.77878 1.73362 1.71589 1.66057 1.65918 1.66688 1.62815 1.57573 1.55071 1.52472 1.53056 1.53955 1.52388 1.49411 1.46702 1.47989 1.47309 1.47019
2.52916 2.48145 2.47892 2.47733 2.46555 2.4926 2.48776 2.45427 2.44318 2.42155 2.40025 2.37341 2.38435 2.41031 2.3683 2.37476 2.32543 2.30941 2.32269 2.27869 2.25813 2.29517 2.27781 2.2198 2.22839 2.24427 2.25185 2.22868 2.18879 2.16682 2.16368 2.15166 2.12925 2.14629 2.14902 2.08713 2.03469 2.01174 1.96994 1.96993 2.01512 1.96056 1.93985 1.88034 1.8037 1.76136 1.73431 1.7051 1.65138 1.6154 1.53418 1.4911 1.49415 1.50948 1.42457 1.4245 1.42133 1.40576 1.40884 1.42981 1.43566 1.41638 1.3947 1.38389 1.36981 1.3652 1.36693 1.40382
2.40265 2.36885 2.38143 2.3589 2.35728 2.32097 2.36832 2.40746 2.34062 2.33597 2.30708 2.30435 2.30058 2.25768 2.22362 2.24875 2.2424 2.23084 2.24432 2.23059 2.18712 2.19133 2.15774 2.19768 2.18827 2.17485 2.13809 2.09765 2.06792 2.03387 2.02794 2.02459 2.02083 2.02041 2.00386 2.00411 1.98478 1.92579 1.87535 1.80632 1.71324 1.67664 1.66463 1.65042 1.64937 1.62269 1.53117 1.52424 1.48716 1.4188 1.3915 1.35749 1.35465 1.38279 1.4327 1.48085 1.50714 1.52662 1.52465 1.50354 1.50208 1.49633 1.50296 1.51376 1.49729 1.49507 1.55893 1.61935
2.27474 2.28764 2.24748 2.24588 2.20522 2.18152 2.1606 2.165 2.20959 2.20048 2.17857 2.17436 2.14849 2.17979 2.14493 2.08837 2.09743 2.09157 2.05126 2.05116 2.02159 1.99288 1.9766 1.98507 1.98864 1.98975 1.93872 1.91741 1.91149 1.89296 1.91421 1.88573 1.85729 1.84698 1.80874 1.78966 1.7415 1.70732 1.67884 1.59777 1.63604 1.66542 1.67401 1.68062 1.66854 1.66627 1.64108 1.59749 1.55714 1.51826 1.53481 1.56488 1.59971 1.65691 1.68241 1.65437 1.64141 1.62007 1.5896 1.56834 1.55724 1.57885 1.57595 1.61724 1.63529 1.63469 1.68054 1.70763
2.20903 2.15762 2.14322 2.12858 2.12445 2.10537 2.09459 2.07376 2.04429 2.01467 2.01169 2.00932 2.02629 2.02154 1.97151 1.96776 1.97208 1.95241 1.90456 1.89979 1.93987 1.95033 1.91293 1.92951 1.92417 1.87923 1.82676 1.80752 1.77913 1.80988 1.76576 1.73054 1.72997 1.7293 1.72066 1.71145 1.6947 1.6727 1.66311 1.67571 1.70192 1.70572 1.75424 1.78176 1.78167 1.76469 1.7365 1.7306 1.70768 1.70846 1.70424 1.70286 1.75214 1.79198 1.82248 1.80966 1.82309 1.82338 1.81568 1.85358 1.87884 1.92571 1.91593 1.90033 1.88403 1.84194 1.85059 1.89314
2.10307 2.0822 2.05416 2.03278 2.0171 2.00699 1.96577 1.9008 1.92876 1.98098 1.96887 1.95682 1.92695 1.91479 1.87175 1.85252 1.83597 1.84773 1.85168 1.82671 1.81777 1.81983 1.83483 1.84598 1.82921 1.78206 1.73761 1.72776 1.7074 1.68947 1.6903 1.70946 1.71058 1.71634 1.74434 1.76695 1.7865 1.80422 1.81986 1.82528 1.80911 1.79104 1.76806 1.79375 1.81904 1.82131 1.85456 1.85623 1.83397 1.85615 1.87417 1.87748 1.90721 1.89814 1.93519 1.93516 1.97371 2.0177 2.01795 2.04261 2.03971 2.08278 2.06053 2.04959 2.07711 2.04933 2.04604 2.04721
1.89447 1.89488 1.87241 1.84469 1.83707 1.82814 1.82412 1.84318 1.8618 1.87526 1.88121 1.86772 1.83803 1.82903 1.83049 1.82129 1.80485 1.79515 1.78716 1.78205 1.79215 1.8152 1.83514 1.87096 1.89266 1.89758 1.89565 1.87387 1.86174 1.85904 1.86051 1.87621 1.88799 1.89179 1.88586 1.88152 1.87608 1.8428 1.84087 1.82948 1.82257 1.83191 1.85423 1.88754 1.91168 1.90688 1.93272 1.95986 1.96194 1.94689 1.98356 1.98268 2.02566 2.03059 2.02319 2.06982 2.08332 2.10425 2.10659 2.08336 2.14693 2.13634 2.15977 2.12603 2.14237 2.1582 2.15924 2.15194
1.89112 1.89089 1.874 1.87159 1.85693 1.8593 1.87106 1.88509 1.88401 1.88611 1.87549 1.8579 1.83824 1.82935 1.83182 1.83166 1.82453 1.8143 1.8151 1.83008 1.8541 1.88485 1.92159 1.93707 1.93644 1.92658 1.90819 1.87947 1.84393 1.80195 1.78408 1.78796 1.79002 1.78515 1.77764 1.7673 1.74994 1.72528 1.73933 1.7474 1.75132 1.76386 1.82157 1.87519 1.9145 1.94237 1.97316 1.98994 1.99124 2.0356 2.0676 2.0236 2.07175 2.04246 2.04581 2.08483 2.06693 2.12192 2.12682 2.16212 2.17053 2.17405 2.19378 2.16446 2.18488 2.1498 2.16945 2.14163
1.86865 1.87715 1.86399 1.83778 1.82231 1.82243 1.84509 1.85246 1.86627 1.87602 1.88894 1.88282 1.87378 1.86262 1.85077 1.83861 1.84079 1.83276 1.83325 1.84361 1.86931 1.89101 1.91032 1.92814 1.93558 1.93836 1.93982 1.93381 1.9181 1.89295 1.88512 1.88569 1.88365 1.88064 1.8694 1.85472 1.84125 1.82166 1.82188 1.83616 1.84428 1.86742 1.88787 1.94323 1.97849 1.9827 2.01758 2.04762 2.04508 2.07954 2.08015 2.05445 2.06287 2.06272 2.04028 2.05537 2.03387 2.08169 2.10722 2.12074 2.11491 2.13047 2.16165 2.09843 2.13243 2.11656 2.13641 2.11081
1.86227 1.85205 1.83743 1.80802 1.7934 1.78296 1.79627 1.80529 1.80861 1.81184 1.79139 1.76457 1.75901 1.76975 1.75631 1.75812 1.76029 1.75328 1.74646 1.77011 1.80409 1.8367 1.86579 1.86073 1.8549 1.86052 1.84507 1.82774 1.81302 1.80126 1.78944 1.771 1.76263 1.74656 1.75987 1.75885 1.74981 1.73926 1.72343 1.70812 1.73471 1.76017 1.77479 1.79034 1.82018 1.8661 1.88911 1.90993 1.95466 1.95937 1.96635 1.98352 1.95675 1.96399 1.9395 1.87795 1.90333 1.89798 1.88447 1.87871 1.89407 1.92133 1.91911 1.94203 1.91706 1.9732 1.94383 1.99451
1.61497 1.6294 1.65049 1.66797 1.68167 1.68989 1.71186 1.72015 1.72362 1.71171 1.73024 1.72404 1.69821 1.68352 1.67362 1.65119 1.62274 1.61662 1.61655 1.64138 1.65353 1.66516 1.68666 1.69186 1.70152 1.71843 1.73714 1.77319 1.78878 1.75815 1.72242 1.67863 1.67918 1.68152 1.66215 1.63103 1.60312 1.59063 1.5885 1.58371 1.56845 1.59384 1.61688 1.62776 1.67151 1.71426 1.7414 1.77562 1.81506 1.8536 1.86097 1.85691 1.85596 1.83749 1.80513 1.80966 1.80615 1.75657 1.76139 1.74553 1.7658 1.71854 1.77376 1.74502 1.74468 1.74448 1.69913 1.7099
1.46301 1.49417 1.49861 1.50359 1.51222 1.52621 1.53763 1.50356 1.52181 1.54857 1.56182 1.56936 1.56185 1.55032 1.54572 1.54672 1.5711 1.56612 1.56392 1.5509 1.54174 1.53821 1.52573 1.54477 1.58401 1.58458 1.56427 1.55832 1.57629 1.57213 1.56637 1.55335 1.54104 1.54194 1.53044 1.49652 1.49268 1.48389 1.49222 1.50505 1.51049 1.51875 1.5216 1.51916 1.5019 1.49647 1.51346 1.5399 1.56913 1.59541 1.62445 1.65141 1.64478 1.63755 1.61539 1.56826 1.58427 1.57998 1.55103 1.50892 1.52026 1.55381 1.53136 1.54126 1.54251 1.5136 1.53029 1.49343
1.3502 1.30114 1.30431 1.30667 1.28851 1.25824 1.28284 1.31071 1.34346 1.36204 1.38671 1.41779 1.45065 1.43616 1.45685 1.46079 1.43528 1.44786 1.44705 1.45072 1.47463 1.48911 1.48028 1.46342 1.45525 1.45797 1.45398 1.42806 1.40751 1.4242 1.43028 1.42532 1.41881 1.42065 1.4423 1.40342 1.36938 1.33311 1.30733 1.30255 1.29803 1.27737 1.28245 1.26013 1.28036 1.29825 1.31373 1.35537 1.38822 1.43066 1.44746 1.44967 1.44255 1.42613 1.41974 1.39779 1.39479 1.37589 1.38027 1.34065 1.26762 1.23914 1.20941 1.171 1.18269 1.2151 1.22823 1.23182
1.27032 1.25546 1.2461 1.24327 1.23884 1.23012 1.19873 1.18313 1.16019 1.1526 1.17434 1.19219 1.25047 1.30179 1.37978 1.38466 1.3654 1.31716 1.32896 1.29838 1.28108 1.27581 1.29922 1.30194 1.30667 1.32273 1.35103 1.34759 1.32688 1.31444 1.2816 1.28792 1.27785 1.24521 1.29034 1.26118 1.24299 1.20377 1.21741 1.2118 1.1973 1.19655 1.21142 1.22402 1.25434 1.2729 1.24257 1.25647 1.27245 1.27904 1.25515 1.20887 1.16644 1.16107 1.18019 1.2061 1.22898 1.23224 1.20727 1.20396 1.19613 1.18785 1.16076 1.15316 1.17681 1.16401 1.15325 1.14464
1.17354 1.1624 1.14554 1.15885 1.14227 1.11869 1.095 1.07385 1.07874 1.06459 1.07928 1.07365 1.05934 1.03033 1.05991 1.11672 1.14607 1.16615 1.18419 1.17748 1.16663 1.16631 1.16744 1.13263 1.12205 1.1076 1.1131 1.12723 1.12437 1.09961 1.09948 1.08011 1.10039 1.10811 1.12214 1.10869 1.1113 1.09754 1.06544 1.05522 1.04823 1.07048 1.03466 1.04208 1.04277 1.04643 1.04326 1.03739 1.03528 1.04959 1.05103 1.11163 1.13739 1.16339 1.19299 1.15802 1.12052 1.13249 1.15064 1.15225 1.17218 1.18386 1.19255 1.2013 1.22112 1.22718 1.23538 1.23144
1.09281 1.08271 1.06496 1.0713 1.08863 1.0822 1.06458 1.02945 1.03304 1.0099 1.01177 0.961001 0.960363 0.941601 0.924853 0.925388 0.924017 0.931328 0.935404 0.922874 0.953606 0.984825 0.98405 0.983991 0.972094 0.941823 0.935045 0.93934 0.949195 0.938955 0.939089 0.943424 0.947461 0.946078 0.929559 0.935149 0.928144 0.912026 0.899322 0.890681 0.877176 0.874244 0.881683 0.873059 0.882738 0.902693 0.905605 0.893561 0.903085 0.907593 0.947085 0.968378 0.986438 1.01514 1.04917 1.07632 1.09856 1.14672 1.18748 1.20594 1.235 1.25266 1.26369 1.2469 1.24925 1.24621 1.24985 1.23115
0.955247 0.95695 0.970155 0.949736 0.925493 0.91791 0.904387 0.886237 0.894082 0.910812 0.907098 0.879592 0.863944 0.850328 0.868351 0.863392 0.875695 0.845431 0.850812 0.823476 0.80335 0.797104 0.799276 0.801164 0.786195 0.783182 0.798454 0.804003 0.819057 0.819837 0.815779 0.824085 0.82347 0.82801 0.84515 0.851705 0.855587 0.864927 0.865422 0.849719 0.854977 0.860309 0.858122 0.865302 0.881043 0.889123 0.907357 0.926726 0.912976 0.906203 0.911536 0.931343 0.917085 0.893901 0.893169 0.892122 0.884064 0.878459 0.917214 0.951335 0.992266 1.0252 1.04176 1.05944 1.0597 1.07975 1.0856 1.09004
0.731255 0.757615 0.755128 0.768162 0.771318 0.75686 0.748785 0.718855 0.716533 0.722153 0.736929 0.744965 0.740728 0.694727 0.698755 0.698307 0.695131 0.694036 0.706524 0.713793 0.708656 0.712944 0.71906 0.731529 0.753641 0.781274 0.79096 0.789065 0.779805 0.784885 0.791665 0.782442 0.784583 0.780697 0.781006 0.797468 0.778801 0.759473 0.763137 0.768335 0.759276 0.77275 0.785054 0.794116 0.80969 0.827825 0.846325 0.864189 0.867408 0.886884 0.899962 0.904926 0.91105 0.935023 0.927844 0.932144 0.923081 0.893541 0.8785 0.868066 0.855606 0.850423 0.864677 0.889052 0.897524 0.899887 0.90696 0.91034
0.676419 0.679784 0.684809 0.655475 0.62287 0.601258 0.613893 0.610223 0.629811 0.647373 0.6523 0.666495 0.652057 0.645265 0.661181 0.67562 0.677292 0.677549 0.675923 0.681695 0.659496 0.633987 0.610087 0.60333 0.613783 0.617139 0.633963 0.662801 0.670417 0.69139 0.697364 0.695288 0.686876 0.6915 0.682728 0.694407 0.705962 0.724967 0.726604 0.705833 0.721896 0.696319 0.679156 0.689804 0.71525 0.745961 0.786869 0.784221 0.793022 0.794627 0.780754 0.78992 0.766197 0.785997 0.796411 0.749515 0.750991 0.72095 0.728437 0.761475 0.772039 0.77168 0.77286 0.747883 0.762827 0.753475 0.743504 0.715338
0.481399 0.485701 0.500426 0.502204 0.500655 0.520798 0.520353 0.533401 0.522815 0.495967 0.473078 0.472084 0.488388 0.472466 0.483513 0.501636 0.519515 0.522398 0.515154 0.498343 0.540653 0.563839 0.556101 0.556362 0.555115 0.537721 0.515046 0.498768 0.479806 0.482875 0.459146 0.472259 0.485327 0.501594 0.526684 0.529072 0.542447 0.529938 0.527231 0.502688 0.481097 0.512228 0.544086 0.561927 0.563452 0.568768 0.544959 0.520737 0.512164 0.555781 0.595825 0.613334 0.625488 0.62196 0.600112 0.557576 0.508555 0.490625 0.514747 0.506777 0.502836 0.492048 0.488516 0.498363 0.489588 0.493825 0.490038 0.487459
0.338273 0.352806 0.383487 0.398487 0.416307 0.433184 0.439969 0.433059 0.408914 0.397068 0.397941 0.43121 0.469601 0.458053 0.43646 0.435012 0.429516 0.413658 0.429094 0.465871 0.476972 0.475036 0.464646 0.444817 0.420367 0.394741 0.388844 0.402221 0.398714 0.394736 0.411945 0.421677 0.405146 0.386503 0.387997 0.38724 0.370222 0.364734 0.363248 0.378895 0.403019 0.414776 0.385551 0.414704 0.444264 0.462383 0.467919 0.486942 0.465464 0.442711 0.443586 0.456455 0.451564 0.428001 0.407364 0.414256 0.418289 0.410139 0.407844 0.418013 0.443847 0.449834 0.452744 0.444925 0.440166 0.434283 0.428901 0.42048
0.314639 0.323803 0.337058 0.3468 0.347943 0.352558 0.355849 0.359822 0.359514 0.358405 0.35986 0.347705 0.341229 0.338811 0.345096 0.374552 0.381272 0.381843 0.399142 0.420981 0.432408 0.437982 0.438509 0.441962 0.440299 0.446793 0.457711 0.456093 0.450481 0.439825 0.433216 0.435318 0.449855 0.472004 0.460625 0.458539 0.453309 0.44026 0.425065 0.408489 0.391669 0.376598 0.373301 0.382659 0.370221 0.359512 0.348801 0.331447 0.325292 0.337667 0.344598 0.341715 0.344887 0.345901 0.349448 0.356115 0.373797 0.383322 0.38806 0.375952 0.366422 0.358132 0.354553 0.360998 0.355153 0.357071 0.369974 0.37546
0.272314 0.280347 0.281591 0.283828 0.270095 0.259377 0.25212 0.248189 0.230161 0.235863 0.243575 0.246755 0.246386 0.239801 0.228158 0.218507 0.207924 0.203738 0.211591 0.227599 0.248531 0.258658 0.260279 0.271492 0.294639 0.315493 0.313527 0.311609 0.304087 0.290013 0.282077 0.236914 0.242939 0.26312 0.264269 0.271009 0.268338 0.267252 0.270562 0.273807 0.268554 0.271918 0.291277 0.317363 0.334873 0.342078 0.337377 0.328323 0.323644 0.332974 0.340326 0.332578 0.333714 0.31723 0.314207 0.300911 0.305211 0.307999 0.305149 0.280657 0.286381 0.297853 0.306525 0.299774 0.29909 0.298131 0.293466 0.28849
0.0785148 0.0835467 0.0849917 0.0864155 0.0885252 0.0911642 0.0906933 0.0916108 0.0920204 0.0912018 0.0931102 0.0928292 0.0938604 0.095657 0.0976192 0.0968053 0.0997757 0.103388 0.103773 0.10498 0.106305 0.107467 0.111311 0.117751 0.124185 0.131602 0.136208 0.139033 0.145406 0.144383 0.149386 0.152937 0.154289 0.158955 0.155533 0.155573 0.157318 0.158532 0.155566 0.160562 0.162552 0.162982 0.166559 0.169736 0.173412 0.172834 0.166939 0.171924 0.170489 0.172988 0.173194 0.170163 0.171071 0.173838 0.173021 0.171535 0.174582 0.16993 0.174225 0.175324 0.169945 0.174404 0.171476 0.179059 0.185091 0.185496 0.178768 0.177641
0 0 0 0 0 0 0 0 0 0 0 0 0 0 0 0 0 0 0 0 0 0 0 0 0 0 0 0 0 0 0 0 0 0 0 0 0 0 0 0 0 0 0 0 0 0 0 0 0 0 0 0 0 0 0 0 0 0 0 0 0 0 0 0 0 0 0 0
0 0 0 0 0 0 0 0 0 0 0 0 0 0 0 0 0 0 0 0 0 0 0 0 0 0 0 0 0 0 0 0 0 0 0 0 0 0 0 0 0 0 0 0 0 0 0 0 0 0 0 0 0 0 0 0 0 0 0 0 0 0 0 0 0 0 0 0
0 0 0 0 0 0 0 0 0 0 0 0 0 0 0 0 0 0 0 0 0 0 0 0 0 0 0 0 0 0 0 0 0 0 0 0 0 0 0 0 0 0 0 0 0 0 0 0 0 0 0 0 0 0 0 0 0 0 0 0 0 0 0 0 0 0 0 0
0 0 0 0 0 0 0 0 0 0 0 0 0 0 0 0 0 0 0 0 0 0 0 0 0 0 0 0 0 0 0 0 0 0 0 0 0 0 0 0 0 0 0 0 0 0 0 0 0 0 0 0 0 0 0 0 0 0 0 0 0 0 0 0 0 0 0 0
