benchmarks/avaInclinedPlaneEntresTest/release1IP_0098dde5b0_C_L_entres_dfa_pft.asc
ncols        1001
nrows        401
xllcorner    997.500000000000
yllcorner    -5002.500000000000
cellsize     5.000000000000
NODATA_value nan
[rows 209 to 227 of 401, columns 462 to 503 of 1001]
1.0316717215857793555 0.99903629406759564269 0.97461295779710965803 1.0390408085999329746 1.0628851032232506935 1.0345274968892161915 0.99607104502360577225 0.94927202432129320631 0.90824753124717561015 0.89299072074275898103 0.85415161009561202388 0.84903253714064341739 0.83128957769339650863 0.79081759251813343869 0.79066817332251349004 0.77531494864272720857 0.75403850526935789489 0.73303680075423960361 0.71834300406178597243 0.70581592450129071459 0.70550101411996313239 0.70502520210180941174 0.70466250362526050566 0.70541104237760410278 0.71955640327113878918 0.70321482490267506194 0.69081173507295379199 0.69045620879287961102 0.68935872753855031991 0.68571953934853557833 0.6864686562266875125 0.6958144897898340675 0.70097052825023431488 0.70814268607913399833 0.70508605956071102039 0.72979587019647218504 0.7491946854570649128 0.75429412901734760322 0.7550134730007963535 0.76514096471266823674 0.78718766046264021519 0.79065380373835525418
0.92465233768936683223 0.89381509575450601712 0.85137122721118652091 0.83361077165669938971 0.82310083482965357149 0.82199419592847833282 0.84671008513723666766 0.85746042971438651836 0.90478473679379556316 0.91702249090447640612 0.86521721989235311767 0.86720982829022352778 0.87172596819544823088 0.85629426369153116561 0.86618587902216526153 0.86379400138229311956 0.84908432851627202442 0.82571415767787459394 0.83268266005420754627 0.82477199871116557706 0.80392503890798838739 0.7982251390196559715 0.79777861994999521578 0.80151600474106443617 0.80353948736987146351 0.80712163111994017495 0.81212858395531761779 0.83739413358150427413 0.85544187516091763079 0.856262421630167192 0.84546640152921803679 0.8290285805114087081 0.82288410608606754604 0.82376703647118376672 0.83363575901459185946 0.84228094250102880647 0.83896274365992551392 0.84276720678410455001 0.83901855086170684661 0.8437345394035369317 0.84960455816899371762 0.85192495381529975695
0.93825437639234443576 0.92218378161293634854 0.92561302539818335333 0.94058327840194899672 0.95349340198116749878 0.96439316719733247929 0.95210072920493504789 0.93514413348404223925 0.93897371186585276703 0.91568196123742806591 0.87685887981714616402 0.87779513188989366501 0.88423651333994546242 0.88478986815727667103 0.87284815755967293249 0.86026104849468654212 0.84711031217110199787 0.835407947056321043 0.85971647088921043789 0.87818234671892037024 0.88234467336557076411 0.86911835155311512047 0.84525372577683122177 0.83501966757113998963 0.84414007260347079242 0.86084765887401171192 0.88282103267256883949 0.88667415835027096893 0.8838131894138611111 0.87355250478254931057 0.86808180729774053752 0.8700846731296749681 0.90548968579997790584 0.92572666878370701848 0.93961559332844812875 0.94740798294817651914 0.95268219276302890108 0.93469081140428722509 0.96108447973925614782 0.99919311833352553176 1.0046768825795659996 0.99611216634989596663
1.1338238036589036728 1.1366424375203643127 1.1053289094181999452 1.1149347882342908189 1.0948751132998963964 1.0998696759001214129 1.1022471936013009675 1.0925793869151392279 1.1292780975671175003 1.1280331123594651288 1.0934001649511897458 1.078315567314965806 1.0744527165631196919 1.066154154777410934 1.1003661407306757347 1.1036645847903585604 1.0851322584065303811 1.0632490236821992013 1.0554606941938917686 1.0416012459691912362 1.0206859404735666441 0.99974082054000357189 1.0000489169976853887 0.99662655117145770856 0.97626100452636399574 0.98082063147711406881 0.97044825031850179275 0.93420715165201939634 0.93588491935616990869 0.9701510509102914126 0.99902225557844925863 1.0130930513358291645 1.0187823579656212214 1.0412698431907472241 1.0681825264255619956 1.0912722218431680776 1.1108485744007350338 1.1075608595127512945 1.1219665343708871141 1.0917883438006874552 1.0897290023041332763 1.1310503911213369843
1.2122146029545137758 1.1708700005012242507 1.1615445963857793377 1.1408177094814162533 1.126258819124131394 1.1215221741606984374 1.1345733381551972307 1.1151121367549938768 1.1490073079600597872 1.1540416646748836715 1.1492155565920065818 1.1588355597101669403 1.1546065748960998576 1.1406832669643565126 1.1166787091673011645 1.1086592129693573217 1.0898202304299675625 1.0640651900113986539 1.0612251093337752295 1.0767763579216729219 1.075751904317159946 1.0519239715187485018 1.0686652545160710837 1.0802488697680971974 1.0554671106956674542 1.0396090066960113063 1.0396090186455302362 1.0642157280059723057 1.1070375659378555167 1.138174917997568425 1.1610379873481095903 1.1778471651019628563 1.2066131180414949586 1.2301344231301132304 1.2318232782246345547 1.246338678279677703 1.2695883084482217917 1.2631617959587968514 1.2753317831139239225 1.2865607208061260458 1.2836926417001603973 1.285473234270097187
1.1181885770543911196 1.0923146318983503189 1.0749307491027466632 1.0371067730238821003 1.0093738836519323687 0.9770774058379414484 0.95557216941644973485 0.98356203131054764643 0.9892232205401739753 1.0168423686034293585 1.027056768118383534 1.04440411285288004 1.0529944501099421927 1.0851443969923590949 1.0958068945442271946 1.1093650688615521727 1.1098346591058125821 1.0962387164587736876 1.0928315020260876977 1.0947222667687392939 1.0864425591846786912 1.1151304210170029929 1.1246499714259381442 1.1112379479534577609 1.113448534315961469 1.107239388670699709 1.0932623058148898121 1.0936332807706834469 1.0768723867772285185 1.0802653272139517426 1.0736990638802594855 1.069329633352817055 1.0489401127795674462 1.048129747152810598 1.0512433578249102961 1.0482000738446881627 1.0768542656989967821 1.0920667894919204866 1.092828749390025056 1.133885538884092048 1.1509671268805119482 1.1650933200710060778
0.96911924894978296319 0.96854891922354791056 0.95255161467531090924 0.91942585686762168251 0.8852544185653244968 0.88863681532450866651 0.89955723188335712237 0.90588817760473583363 0.92107714099651682993 0.9219332336850234455 0.91413745039943217208 0.90118655812967585206 0.89609481481786379398 0.89531115519712900497 0.88295794406645444763 0.85358372650317715369 0.86992923640022601361 0.87762583833404672617 0.87027304890778500734 0.87533836120129426828 0.90495980639329731687 0.9189048181556415118 0.9346641996174794853 0.93197029394977037864 0.89940219847372948614 0.89029744854854986347 0.90322187219675564851 0.90878097224558918032 0.93147551098566883088 0.96974147523819498318 0.98495999700246517072 1.0114832815849346126 1.0156655150545297328 1.0123943894491604922 1.0108466187905464917 1.0208783099850593512 1.0452251309117914779 1.030648865806691461 1.0078315512873414761 0.97705240972675699851 0.94598333089331410051 0.93438436660281976032
0.93144620710443892797 0.92761419409513934387 0.93200315530236155226 0.9438851629460192072 0.95693579758119351464 0.95916840928293434221 0.96552199545415196003 0.95446122943655919979 0.94246059586133834607 0.93953406704245334691 0.94418254529449952006 0.95448779529994964843 0.95914761988207308807 0.94756773265367133519 0.92753189732880303442 0.91632521795649835017 0.92844328080306559592 0.93683833283215178778 0.94028110844697165849 0.92871950262081681693 0.9043451740957837437 0.89407846964994930339 0.89086992849025747887 0.89156963651825449357 0.90794835928716843831 0.92179814602971155146 0.93804504258277421336 0.94565460677980739401 0.94611434683714834559 0.9439894226626809326 0.96762549841723910493 0.98075567684156439441 0.9880608741546917928 0.97870435810495592932 0.96274142898505365995 0.97214175660495516507 0.98830172258116644191 0.99996457397564553204 1.0018628057354335148 0.99698761634122079478 0.99026810964478806376 0.96247961906704737611
1.0974715211487560129 1.1104040420195429029 1.1053023283974812152 1.1238974416749263341 1.1295911153429540885 1.0773349979600559401 1.0784768889293598892 1.0466958494517051292 1.0176218030407049309 0.99904106808727599631 0.96901340621761389293 0.99317356878914409002 0.97940801283414746781 0.95681765355845993515 0.96716659470073940152 1.0083838000098326315 0.99172335415283463522 0.99662183260552039687 1.0235410908070194935 1.0256216108383264807 1.0410055674869163056 1.0508584686818953635 1.0547028264407467546 1.0549673171697893093 1.0526532932649104168 1.0436297583624460916 1.0322090400755601358 1.0436447528661836337 1.0366553936393405611 1.0230152309951410228 1.0221230478785059415 1.020465747071553908 1.0077421718442787224 1.0080115391385757739 1.0534840695973444191 1.0623286437206918009 1.0272644289453531918 1.0295338463933585427 1.0427450804384130745 1.0503228854974837603 1.0372014099270223664 1.0221472126139334868
1.1377628021255314916 1.1391832963875974105 1.1343401912455555181 1.1702379580585740015 1.1764748302889875831 1.1848457576742832398 1.204146958215439156 1.1919296966933194959 1.2141461526140986393 1.2083603453793652083 1.2380009470897164192 1.2283150841838668121 1.2600385761003300988 1.2482716100413600024 1.2356561841921052114 1.2275085990767180544 1.2289526921485558475 1.2212808381742794595 1.2305691486810221846 1.213046775266929167 1.2286027431203072613 1.2038081783638945321 1.2179039353186531525 1.2541256145614667616 1.2305910794615422255 1.2823168789568994974 1.2220670106409980971 1.2433676874778971655 1.1950171846701493905 1.1833559344382280631 1.1632049154821459958 1.1767358401868917017 1.1859693951819101354 1.1977471883703201261 1.1999547293498478151 1.1844126277478270737 1.2152325747426100389 1.2234979330218198612 1.1973292664019938858 1.1951593271851514988 1.1759354045735310734 1.1582463120386798927
1.2810609860033495 1.2658769415151427395 1.2935387840635070855 1.2702711663515096063 1.298583705052169357 1.3008983050178875018 1.3205373191391711618 1.3373285413665776389 1.3474800766355190529 1.3451941287138828862 1.3952856875711774354 1.3816425628918493906 1.4042536089443617975 1.3938330532500597947 1.3970545201467492458 1.3754091882081542764 1.3735059562648590514 1.360765176668216947 1.3541419639117682205 1.3403578106233153822 1.33482665152077562 1.3460925997250308139 1.3064424375246390664 1.3431766663470612322 1.3237596541932590277 1.3410266120978653337 1.3525017034148729689 1.3770099579049484007 1.3478190006308461424 1.3487420249320003496 1.3163100508374392383 1.2698066974499424564 1.3078270220375987076 1.2778553866575805831 1.2824379732169215451 1.2759258722362962768 1.2706728858839058116 1.2576263022966736038 1.2450782869156991062 1.2351457650971773283 1.2137996788571538964 1.1980813351104602216
1.2733245725419592986 1.2669725810535963362 1.2634387161295179691 1.2748386698544198481 1.2736314778109967261 1.2957231815011902576 1.2946065722881345827 1.3157434209173475281 1.3106338289308185896 1.3180240342703015699 1.3347970012602619061 1.3624330389004601916 1.384529091815059898 1.3584448281459959862 1.3759983835128404284 1.3694624808015691819 1.3851211009063122415 1.3596799345445702567 1.3454774806140146204 1.3326976104085910269 1.3242684910751472138 1.3054186631483710723 1.2884225496925647558 1.320005268717239888 1.3268119814226040365 1.3146737951766018782 1.335848272104417811 1.3372351553482930697 1.3209187303547691439 1.3194673565941639204 1.303370882069832426 1.3103214322838259154 1.2964603186925298672 1.2950682536008000234 1.2971107394962286818 1.2858382324953161469 1.3029630741882189948 1.3194373545735480491 1.284197809001680346 1.3027160847530980803 1.2640141456304614387 1.2471727071782585661
1.2346028960119797002 1.2506410512372132526 1.2660764579961656384 1.2640675841171242766 1.2702136057221702359 1.2565317162092295433 1.2453560092975481943 1.2661128223489022115 1.2864690387646908754 1.2892145662836309583 1.293188458328939916 1.2886410388960249929 1.2719847453751025323 1.284593691287481132 1.3027264104274773882 1.2960549422776965756 1.303403423694527552 1.2862117224860716291 1.2636722966107332145 1.2213813541125768669 1.2136246849997105457 1.2002827224417678131 1.2268985681301767254 1.2672719989761909165 1.2617429067779328822 1.2935885477958981582 1.3012761967469124169 1.3187401371162963404 1.3314280161578746497 1.3281183033607413257 1.3200993308642237078 1.3070917543138298456 1.3021170392323628828 1.279895014273552567 1.2828825773570944335 1.2913823496883536368 1.2768629046321635645 1.279543885833319905 1.2671321259012413574 1.2517347265828775438 1.2237851950794764733 1.1799668803441960563
1.1193503813889187359 1.1369905215483064875 1.1294885200049573637 1.1288774893812090205 1.1626469061944340044 1.148666367285338108 1.1873197541392981336 1.1737227616387539975 1.1826139176573235989 1.1657398029862549027 1.177050091380617225 1.1631062863667862572 1.1286774175589302516 1.1402657498762451826 1.1145703781047953118 1.1648276281399396748 1.1561952252119891416 1.181629551339331341 1.1534107410278726658 1.1216179014819007698 1.0974409245126404144 1.0891704795176666565 1.0932861331257004434 1.08189407008474614 1.1120489438222804779 1.1113045207604208553 1.1338071614811096044 1.1226195151331106459 1.1505820946993803311 1.1218679643959021952 1.1632326519043461044 1.166026183068963995 1.1707293972939263327 1.1793031739403849745 1.1396970831291284298 1.1481053330192296791 1.1698460355751272299 1.2099185283763818077 1.2142240296542117228 1.2201376797562335508 1.1630677613181317209 1.1561724421117840489
0.92606177528695210466 0.93568736216702474984 0.93441002161671815607 0.94324903379455893315 0.94050342120323326967 0.95233708734286315334 0.96656232008749320972 1.0045808517894672107 1.0510475589895333925 1.0878414326387797484 1.1122694359477294235 1.1518388685697513729 1.1696951222383140667 1.167237991843246947 1.201091520269793822 1.1988522224368602931 1.1753999977767619622 1.1775696856329276319 1.1490061887816251929 1.1533979857827252324 1.161471557606228 1.1692197516148137293 1.1813274246159153336 1.1532138351620773165 1.1643660442637788766 1.1461681722783552129 1.1373873861997458867 1.1492176230408832627 1.1505647415811048884 1.1373771359583086937 1.1273190719220660405 1.1357705151990795667 1.0990287205065063514 1.107370160352866284 1.1291640500426858296 1.1173020620581777251 1.1434876738500949767 1.1302317666807495389 1.1357647013231295663 1.1422664170355172342 1.1310133350597397772 1.1235555228378286685
0.97683599906564710924 0.99962494558653502974 1.0098314448953302769 1.0035726571837657595 1.0051460009382080507 1.0337601557686570963 1.0557243895649823795 1.072249852469829845 1.0888569144322151061 1.108334056020141567 1.1336710076668325975 1.1407181320930028789 1.1536031545983820301 1.1681782298944782816 1.1762668315058006918 1.1832035254729760254 1.1823129320567504763 1.194287153279823599 1.1904433897075172855 1.2064298130776713869 1.1844231819665445027 1.1916970568887639281 1.1742263799938950086 1.1851815164046832773 1.1630664175519351833 1.1726011852846633943 1.1659298016265706721 1.1775467337416944957 1.1601634219884247035 1.1716575537937088392 1.1558587276435170477 1.1716561869447295052 1.1902183599391633617 1.1731985658868482325 1.188036525035229829 1.1924408144186180447 1.1910977460110065973 1.201475927550323064 1.2157422735382168444 1.213599556349150177 1.2166488412512859174 1.1919752816621342895
1.0439617258225948326 1.0342260225231272308 1.0160793491677271305 0.9894000147367177922 0.97108183256955205032 0.97567937286306627431 0.98540716546043904955 0.99793243792946739745 1.0172298301338142945 1.0507119848207964186 1.0651058206346897261 1.0818689153735350228 1.0827129430711159852 1.0896166056174827474 1.0968520027087611535 1.0733051007315996817 1.066741349463878219 1.097249013620066993 1.1143371186274964035 1.1106708145153865175 1.1115265233020401592 1.0940178595321532473 1.0871172681790119974 1.0813889293872487318 1.0654345125614310685 1.02635429575468895 1.0074910038491198261 0.97713231876866379899 0.97878940759351129586 0.96394927020998510958 0.95780507907943346346 0.94973271048314744647 0.95982868812049815244 0.94652484416379623067 0.91526435679550266489 0.88991610925130071319 0.89678575303254515205 0.90684695452824137796 0.93764939591304130584 0.98459996433194518772 1.0308683061849748253 1.0550977327175081744
0.86927733871421031253 0.88385930826931780047 0.88783752019501294139 0.87717798103464994508 0.88317822643869114962 0.90683139548700852917 0.91597504885089242599 0.92425929410574259038 0.92464894705639111283 0.91564002071439642982 0.89696926206529592474 0.90250024451535160175 0.90096964083850272775 0.90441092516671262036 0.93686756506694912616 0.94112669879866295286 0.94142039143131506229 0.94078457069374343824 0.92154835654823974433 0.90548135991082912 0.88503333014666107914 0.87569574760325763485 0.8643882758068039962 0.86572712364724568879 0.86412161850568292021 0.87207214207709538023 0.89201030763594357786 0.90734866383385437416 0.91288464436185146056 0.90572746681468452312 0.88524774938541161973 0.87369281817732369344 0.85795385654027767064 0.82890339045353544911 0.79393199762372101969 0.75571561938364129052 0.72377193974317621805 0.78492135069074975284 0.80908479621788953473 0.8184962669104927091 0.81960787848431182478 0.8181982792793117687
0.837805132313195422 0.82326858937073921219 0.81988561527823922148 0.79558533541243314779 0.76929832001925257945 0.7371280692885610053 0.7142753835186914646 0.7222837082624672389 0.73452478381671348906 0.69973073430830567965 0.70960272264320400915 0.71041819876134215672 0.70969581467150288923 0.76444092506600924697 0.77526762298928497685 0.80060810229921486325 0.80196357719199340419 0.78695974897985965235 0.78597760407976746677 0.818273315696679715 0.8205961193871447179 0.79002248429598453949 0.75820826717642708648 0.74430219449308554491 0.74434682877813052038 0.71993685552291764029 0.68594317556130435243 0.68763706410691871618 0.67894607582955834868 0.65477364689780448437 0.65792284716679994006 0.68543619632898267202 0.72286060468592427952 0.70132872161570569691 0.72225330997027969993 0.71143531506991353197 0.70392404385367535191 0.6957947732051832368 0.66953121173793694876 0.62630073501210958842 0.59729190251224650865 0.58324678708503940872
