benchmarks/avaInclinedPlaneEntresTest/release1IP_entres_dfa_60506ca5f0_pfv.asc
ncols 1001
nrows 401
xllcenter 1000.00
yllcenter -5000.00
cellsize 5.00
noDataValue nan
[rows 168 to 188 of 401, columns 47 to 93 of 1001]
0 0 0 0 0 0 0 0 0 0 0 0 0 0 0 0 6.83505249475488 6.99135360261763 6.99135360261763 10.84445886793691 10.94259780252557 10.94259780252557 11.07953104700658 10.8805585834308 10.94151495381239 10.9415149538124 11.01333537269162 11.10575589420098 11.10575589420098 10.76013811506784 11.48202169824385 11.51819570922282 11.62639497701637 11.54064561578501 11.65133188290073 11.63044529275263 11.64228766320587 11.50633966472877 11.43850031127603 12.31567008974748 12.31350328673478 12.1814453122234 12.07375477296117 12.03150559068808 11.88589472062616 11.88589472062616 11.82638916520138
10.95617375007775 12.0189177670244 12.31677483170421 12.31677483170421 12.28155266022885 12.2629774192519 12.63953161282771 12.99511828907047 12.9911333262538 12.93805242232934 13.00768577951634 13.20594289800512 13.20594289800512 13.07631696449383 13.41248142856012 13.41248142856012 13.35353187664537 13.38015062475362 13.22853315875507 13.13472043467254 13.15115174289263 13.20104340137233 13.23333716861308 13.39002281078091 13.39223269629744 13.33156121555801 13.18751991799207 13.08353016352982 12.95136822341108 12.91025738510642 12.95197169234662 12.90354130247001 12.99055287367193 12.94755317642391 13.27448887429756 13.72740080890735 13.71206123336403 13.49901360849297 13.30119316020944 13.27352701783609 13.1876874625994 13.16085416654649 13.21998666307748 13.20996776678306 13.8343414042951 13.95365996850725 13.80400260148884
13.57244676967826 13.63363318584275 13.57275774824176 13.47117903238844 13.48758635657661 13.63568232389721 13.6304517224724 13.73311740620143 13.94861443357683 14.09718103587791 14.08600671268425 14.02467216612824 14.06856556121721 14.112350297324 14.08416678495585 14.06487884921552 14.00576209073931 14.0145617491101 13.96188685948225 13.89682299512851 13.77890557302306 13.84976456024012 13.83140237657102 13.94334627925748 13.98859383201525 14.01205298546957 14.17929771923288 14.4194278563704 14.52331398566056 14.58189656983781 14.54827487704746 14.46748440495562 14.34110415235376 14.28167968987438 14.37680588189241 14.44757665947041 14.44626515437494 14.41666710689562 14.45377286492259 14.55045897064418 14.59149309214249 14.60015659725268 14.58113561854947 14.54702334347571 14.56417764739128 14.5223157973148 14.48420856305231
14.69707421240948 14.85050735449379 14.95986144992779 14.991317973492 14.96155406284567 14.88246547446678 14.85513469112988 14.8712423610359 14.91289428735417 15.02328216743934 15.12123707636196 15.14677855985421 15.14791800996821 15.17795552003922 15.2304055674483 15.26821732517842 15.27138398445279 15.28960765738745 15.35506272735352 15.39478668952977 15.42603240440625 15.44571996835559 15.42533227582623 15.39226604584528 15.47314125878184 15.54234125006481 15.61428247640551 15.67604543353003 15.701308786052 15.70633047051557 15.72353854575378 15.75177549444671 15.79079457209389 15.82692281916279 15.86092614067225 15.85732435665949 15.8831529582856 15.87831480424939 15.84267484056313 15.82126946428205 15.82406429498516 15.84738820024405 15.87091598218936 15.88308079973826 15.86706280581969 15.84338391780367 15.82850580823616
16.14513577406404 16.23958564757999 16.31539655970278 16.36682496445494 16.3918710681926 16.48529481781956 16.5374424532116 16.55656462768623 16.54912036278098 16.51427745729262 16.54241033061694 16.59557059989776 16.62741609661693 16.66196900002962 16.71181298510995 16.70695642933527 16.70475227862907 16.68848194660025 16.71545577937953 16.75324736372378 16.7727817373863 16.8356986147706 16.89231952165478 16.95324035754689 16.98176193032441 16.99352416471843 16.99546128257392 17.00155054300936 17.025526461365 17.06126535760131 17.06291517283013 17.08106719436075 17.10722969966251 17.09250457592471 17.06388030524137 17.02683600511092 17.02311689367068 17.036900155331 17.05949141836534 17.08591677280156 17.09535177847194 17.10539173216282 17.10098907832356 17.13676811194989 17.1266622447335 17.12985703285907 17.12599015904273
17.48801057782335 17.53582542687694 17.55963552227066 17.60842887608069 17.65893990669716 17.67342378548393 17.67948819764066 17.74968222068721 17.77676306711015 17.80778923525439 17.82217974682038 17.82903269566308 17.84355692294856 17.85936603363322 17.88659395407734 17.91292497925518 17.9482509298724 17.98866048525163 18.01740889593085 18.04646374972157 18.06111624062932 18.0895298332916 18.12171285541005 18.16349927189201 18.20055481846379 18.213741142988 18.2307222230463 18.21564784900762 18.21150997896904 18.21997776983809 18.21403312148033 18.20700130146965 18.20693366847491 18.19270763873053 18.17168269371576 18.16015868041459 18.14873180467766 18.14684337012085 18.1348017681447 18.17229555520779 18.19780822370837 18.21238006052195 18.24258441603644 18.27386014890125 18.27315728369495 18.26132784682557 18.25208490120021
18.3747443703915 18.42166908901546 18.48680173476709 18.55280880754756 18.62055485939283 18.67970143611187 18.73568598644595 18.78169056599051 18.8103494058978 18.85070233469393 18.88458152712892 18.92331251954918 18.94216782140152 18.93811429990182 18.92671732038967 18.92937899051363 18.96704605382223 18.99290747186241 19.03860317801486 19.07988364282657 19.11687588751637 19.13495095538542 19.16188030717199 19.17876318451628 19.17994861689467 19.18347840002633 19.16993404163657 19.14585798373909 19.11522743981364 19.09085637013021 19.08723627903229 19.09026706380889 19.09661769723085 19.10039240916701 19.10600464077157 19.10620728214236 19.10399317898655 19.09946102121325 19.14546142448604 19.18163889979416 19.19424973089376 19.21746865094108 19.23872581053949 19.2647322566126 19.26370501032828 19.24614260639429 19.24528694294813
19.12733912827535 19.21862700529008 19.28225301247426 19.34158324741727 19.40528108967132 19.47364695901126 19.52345455418655 19.57081468289475 19.60861703826458 19.6347046788208 19.66652898645792 19.6961864539728 19.72925268740125 19.75495405973762 19.7681512380026 19.78795902403929 19.80759463653335 19.82027289769955 19.82723500163324 19.81832638171071 19.82130713406767 19.83451802332599 19.84995573450958 19.85954732465255 19.87582876801692 19.88801737998021 19.8920082957347 19.90432152459852 19.91859255714267 19.92640684144925 19.93155551165274 19.92956388066317 19.9271574310029 19.91087312038352 19.89815424237172 19.88194693364678 19.8788863377909 19.86539619079939 19.86847131415935 19.9005179008792 19.9346618745652 19.96463970587253 19.99350611553397 20.01481450203896 20.03712953032072 20.04256698453614 20.03904261065586
19.62722973247543 19.72608901311936 19.81243329410502 19.89094194520695 19.96328296381027 20.02118787507979 20.0764585957982 20.12752491920781 20.17497137047821 20.2192831813504 20.26222076637769 20.29296445827703 20.33052819964108 20.37034223407873 20.3969455497906 20.42130946758305 20.45376100255791 20.46878136709138 20.47477500019116 20.48332505462088 20.49535185403288 20.49353492586972 20.50198210403105 20.51800329451938 20.51796300034352 20.5180121374574 20.51582031116923 20.52297187074119 20.52424645907792 20.52997219209034 20.53859494454382 20.53947672752578 20.54470880943686 20.55394754467452 20.56059645026457 20.57326751423762 20.59695155319166 20.61027348906374 20.60904636797019 20.61022078471536 20.60953421887963 20.59880699612149 20.62224871182574 20.63992212059022 20.65409574928837 20.65848473498806 20.67584084987439
19.93984033205261 20.06242101432898 20.17819557769386 20.26967198078183 20.35090441449947 20.42545872966407 20.50016976860404 20.57267617126151 20.63359483690367 20.68363176766122 20.73170650565709 20.76700270079526 20.79122993913819 20.81939632369817 20.83962490702656 20.86426550999091 20.89263878040659 20.91331254024758 20.93358419571098 20.95284084182185 20.96743648820886 20.98232136647297 20.99473327721069 20.99671017239104 21.00327129879978 21.00239612373318 21.01308553353952 21.02893557208867 21.04430401482551 21.05541509387824 21.06663751489508 21.0712001939225 21.08510113695854 21.09897219007152 21.10407610306894 21.11656731628932 21.13342451730384 21.15014524259401 21.17082598174146 21.17938695363064 21.19471277530763 21.22377049469572 21.23501820615522 21.24868848037488 21.26110277974698 21.27110913459144 21.28715481926091
20.20514754024646 20.34207895940627 20.45922446378809 20.56499149389884 20.65478680802984 20.73391717971899 20.81447568230591 20.88569963593623 20.95597895901577 21.02111851678751 21.06976632265464 21.11077305064005 21.15307336389219 21.18287816498497 21.22327273943635 21.24657195835437 21.26238118563214 21.28308158170182 21.30258225704565 21.32325709751934 21.33968914581813 21.35876065683499 21.37007942321838 21.39083284516289 21.39707871895613 21.40172820408002 21.40968293143755 21.43478538696002 21.4591703926579 21.4818383019184 21.50933702428718 21.53615013876353 21.55242401766151 21.57188811553079 21.59397930984862 21.61829205083833 21.63643185616884 21.65081485472934 21.66430244342816 21.69169369806657 21.7026798486148 21.72522466385281 21.74144361262948 21.75754258140175 21.78226043033785 21.78752503091933 21.80278041389958
20.38960198919986 20.53092706003538 20.65749783399712 20.77735125212212 20.88053191203202 20.97800943861945 21.0670829851565 21.15037989161855 21.22244499833267 21.29001708989621 21.35029790619305 21.39532601218622 21.43116447928897 21.46889681141547 21.50710224693579 21.53477851906268 21.56566442604377 21.59073517512292 21.61735623258771 21.63487953995558 21.65087158828805 21.66408844816775 21.67696202264544 21.70412802383973 21.73181739381271 21.753100793977 21.78503842839404 21.80582432918159 21.82964413864764 21.85927035986807 21.88551036070546 21.91638557905395 21.94937786221223 21.97437318187454 21.99052616737084 22.0194967758313 22.04678907361303 22.06438047326944 22.08473688199723 22.11198486407283 22.13816796455883 22.16042603132637 22.18770546523877 22.21982488889162 22.23956654976561 22.25865419172671 22.28812720801825
20.50372401180743 20.65635493399044 20.79826106640765 20.92112878343393 21.03658479210468 21.14546260113507 21.24744960375086 21.3431444652964 21.42045926358153 21.48963001228192 21.55264829978111 21.61245130745744 21.65780907642146 21.69918957695059 21.74142906157178 21.77832197160825 21.80455224257229 21.82591050077002 21.84995199706186 21.86530528117845 21.88385779469404 21.88609753907385 21.92040610612508 21.97663679407843 22.01705803543764 22.05505909013874 22.09193642150049 22.13384135272502 22.16504787967353 22.20367190596603 22.24498900272348 22.27350335368997 22.31014657819645 22.34438343328969 22.37469442610259 22.4131281828806 22.4470603721192 22.47363068033576 22.49690622656757 22.52144537651233 22.54883857573551 22.56154494214358 22.5743756547115 22.59858585874293 22.61362118211843 22.62657875773797 22.63298650976147
20.54712736982489 20.70439255951939 20.8457503230336 20.97684804589599 21.09726987301588 21.20081659291664 21.29797653076159 21.39040772305373 21.4713216236295 21.54056677492413 21.60669713358274 21.67253629552054 21.72210375060937 21.76451006981414 21.80808951615196 21.85064312735223 21.88979898906524 21.92489992857807 21.95395706651989 21.98532934457916 22.04844571030294 22.1053651229049 22.15442712417142 22.20547431547433 22.24654180479254 22.29255513857238 22.3333510937677 22.3708407313592 22.40759392416107 22.44014781359227 22.48289673592308 22.52048447009203 22.55916281722456 22.59159597931504 22.61804806351394 22.64934315120968 22.6703707529297 22.69138306705271 22.71072401302641 22.72691698069216 22.75429543281177 22.77502355787283 22.80372156441138 22.81880211083637 22.83538242564083 22.85679120195287 22.87478348978362
20.61638054210627 20.76577579280843 20.90333052065991 21.03516341317281 21.15467221257486 21.25884884103078 21.35254950889456 21.43845377375728 21.51435958457652 21.58412631679596 21.643287481558 21.70202149201749 21.75259811488446 21.80321889480594 21.8534957735235 21.89351357865268 21.9288161607955 21.96380374456131 21.99347778239891 22.04743616007543 22.10606810710762 22.16775607761168 22.22405749801959 22.28120279913984 22.33607306229311 22.38972449520595 22.43429883308249 22.47937446275035 22.52525893648626 22.56979178321108 22.6079501207638 22.64597037586006 22.68140823955631 22.70999562660818 22.74402020170344 22.77641112763653 22.80595825339026 22.8328010740235 22.85493256381583 22.87107623650218 22.8932924382961 22.91191423936874 22.93031049620554 22.94821146747086 22.96221462256448 22.97382117673905 22.98797745304773
20.60270448719211 20.76127924694881 20.90731288890638 21.04257321222655 21.16480733209558 21.27751104777786 21.3799656580945 21.47280961344078 21.55595092091431 21.63402336344476 21.69943339699851 21.75920227377596 21.80764651395913 21.85002771980929 21.89381683729313 21.93690656574627 21.96836019950611 21.99748970533985 22.02594628269416 22.06625640276421 22.14772138140168 22.22133040616128 22.28962825912302 22.35495301981564 22.41795199958482 22.48262900418439 22.53378111537329 22.58988530900152 22.63832815903667 22.68093754083676 22.72210262365751 22.76145518691625 22.79235971081726 22.82184053090101 22.85143697407981 22.87619320036103 22.89970894157465 22.92436004173512 22.94225316729963 22.96069652582828 22.9696898692321 22.98435591541254 22.99978345269598 23.00751757191643 23.01594828186226 23.01869381564727 23.02862536693899
20.5760876078363 20.73236188613094 20.86756297104376 20.99719905438764 21.10973851439583 21.2242295419546 21.33371014984836 21.43750085203645 21.52362054214774 21.60057976414492 21.6758409889277 21.74913968450739 21.81322062324756 21.86493543407715 21.91796965159572 21.96695080794064 22.00434229398805 22.03926227418631 22.07395983330395 22.10445824737281 22.13012760626776 22.16726763853961 22.23464596467855 22.29671136175738 22.36117022659525 22.42322489351296 22.47943938463342 22.53089110303041 22.57380552027559 22.61438029728055 22.65819183119512 22.69269874710648 22.73091870598892 22.76876815364242 22.80531448467632 22.83830934863552 22.86436842204978 22.89083737261752 22.91057817548721 22.93472412605933 22.94888289050423 22.96445974983033 22.97304333316655 22.9874307652159 22.99174934693159 22.99528546084911 23.00512805043513
20.57265927865835 20.72873483622092 20.87440781443937 21.01531016002141 21.1404205331066 21.24899428026525 21.35039143504759 21.44002617854797 21.51972563748891 21.58529670430389 21.65246964176568 21.71622333194352 21.77576610941468 21.83137259997028 21.88240862998745 21.9263316634022 21.96633327824154 21.99247265572942 22.0233622227092 22.05104762028956 22.12546370915564 22.19912027637347 22.26542922062083 22.32425623812108 22.37599170589106 22.42122407185721 22.4681176452706 22.50942049648 22.54577540869356 22.58830150867066 22.62076925558408 22.65592315010748 22.68968505133122 22.71501532451227 22.73773434471793 22.76370295211315 22.7863784395502 22.80345071181191 22.82364946219419 22.83269123433725 22.85184247609146 22.89074755981793 22.93331342393822 22.96860690392281 23.00492083096676 23.04189425399337 23.07139890536398
20.52251443550502 20.66478733944996 20.79531378769363 20.92476530461939 21.03813766139534 21.14810846714537 21.2479347773345 21.3431087609963 21.42830489896492 21.51190172162521 21.59627785950797 21.66788883561905 21.74407790142012 21.81658714405389 21.88418822514219 21.94410467860006 21.99762859831465 22.04005807892849 22.07977558464989 22.11422947530357 22.13982057074119 22.16007655680382 22.21838617776977 22.28417673064531 22.34040556570429 22.39562937922823 22.45268781135839 22.49877654585356 22.54477440679361 22.58655813107892 22.6230608471569 22.66209376871889 22.69101903998155 22.71533963343155 22.7425802461633 22.76529990841728 22.78072691362596 22.79629973792322 22.81173848628559 22.82134651843273 22.83470016529131 22.86036728823713 22.89769879909887 22.93406023263749 22.9702506804825 23.00922995577141 23.0449946812485
20.53316560848936 20.69037453411214 20.81836906824238 20.93825508286372 21.04489946144231 21.14208851772056 21.23743492089956 21.33677570099708 21.42905771351458 21.50956486215372 21.59390337201297 21.67088244402 21.7400944994577 21.80337023946461 21.85824768178019 21.9134209402776 21.96052798855115 21.99637863449211 22.02960308197873 22.06389362763764 22.09238487887918 22.1224797920289 22.16008941917083 22.20732943063244 22.26844842452567 22.32023108265379 22.37278491055887 22.4207999816044 22.4635795781488 22.50635794503239 22.54334721486406 22.5790130395275 22.61193596833536 22.64040309421903 22.66637940263891 22.692766312785 22.71737945024739 22.74356193695238 22.76766243199519 22.78657090640129 22.81159366694829 22.83529487341156 22.85643619634307 22.87713620879389 22.90170507923024 22.92611313754997 22.95810513824597
20.49750157726795 20.65323247572936 20.79181742955706 20.91244683860685 21.02278956245219 21.12581204009816 21.22221690367057 21.31179334516614 21.39400976990296 21.46881439430812 21.53925127380943 21.60496846776516 21.665821939232 21.71459502980017 21.76045080481288 21.80354480416335 21.86135606133648 21.91685404021171 21.9728034642158 22.01265729203197 22.05437483514538 22.09172237697258 22.13013439803128 22.19706598352634 22.25403627410934 22.31045499474111 22.36420460495148 22.42240469353152 22.46709530298981 22.5136508618288 22.56225885501081 22.597712100891 22.63173151494692 22.66512541150699 22.69251868478728 22.72983905930017 22.75997456218936 22.79604537486787 22.82797849074622 22.85630834442905 22.89119182482368 22.92110275900665 22.95664130023946 22.99368601627744 23.0286068302148 23.05433704407135 23.08246817366964
