benchmarks/avaInclinedPlaneEntresTest/release1IP_1af24dd523_C_entres_dfa_pft.asc
ncols 1001
nrows 401
xllcenter 1000.00
yllcenter -5000.00
cellsize 5.00
nodata_value nan
[rows 168 to 188 of 401, columns 376 to 422 of 1001]
0.4200647310910599 0.4286282355515848 0.4735303946867582 0.4846940839653762 0.472080575759723 0.4526034566527903 0.4421042399749909 0.4382119983713882 0.4387816405854966 0.4296370292063543 0.4239456560714056 0.4242598462630274 0.4296663795726485 0.4223274626627657 0.4134505047010903 0.4040810703842674 0.3974949501667794 0.3961339901612062 0.4107296018803541 0.4400318989849957 0.4535498023096424 0.4538998473960729 0.4468982465644081 0.4372107951994947 0.4213398757057221 0.4157187492267642 0.4076200563741645 0.4083120831401408 0.4315669368835569 0.4479514821114919 0.4554410050833437 0.4867719007210771 0.5070903814590366 0.5404308736681689 0.5478969408546656 0.5436630141156806 0.5363758133626806 0.557581498348778 0.5751465106702743 0.5747553422034949 0.5647371129355776 0.5546463300073124 0.5463227789709193 0.5338006058836191 0.5197628165715247 0.5309941791264965 0.5444363116095392
0.5177390451481861 0.5460404838036268 0.5786338552098366 0.5657793669677267 0.5324228160815001 0.5321449029336459 0.5340898809552286 0.5323349821722473 0.5406861196538696 0.5419381728898396 0.5346872040563702 0.5377335239038696 0.5228844987097275 0.5060747003068579 0.5033510244846526 0.4996454367268509 0.5178551800690493 0.5264901453693035 0.5295489602635362 0.5341511803943062 0.5328651248099231 0.5361184455998661 0.5451549037160485 0.5437274244083804 0.5347096612816784 0.5205845278966279 0.5026054221642318 0.5016736106428092 0.5041565507440124 0.5240241588216374 0.5281998776219736 0.5273203116975264 0.5267352118884507 0.5153255762857483 0.5073629765357454 0.5048918093189436 0.5104527239625175 0.5196767899511636 0.5293634015472708 0.5492726924732522 0.5739225166290242 0.5913130908728883 0.6182876792430907 0.6321148617722626 0.6412109513215081 0.6198833958473191 0.6061920418318724
0.7264789558844931 0.7361125992021396 0.7462988394215765 0.7287500171509659 0.7366979736394139 0.7715888442465723 0.797425435860569 0.8488669550436941 0.8767558529374281 0.9038401939717607 0.9311583496497368 0.9172049636292001 0.8832851837527376 0.8583121173302841 0.8402719140239254 0.8542862768984517 0.8481933648266279 0.793961300272583 0.7357839419909661 0.7399066640270064 0.7452939062875104 0.7513719934086484 0.7814376530439902 0.8002101507511464 0.7701778138401213 0.7383742554642553 0.7410256296916633 0.7338114034470642 0.7164854017016115 0.6786821463051044 0.6410764723066849 0.6491956174341869 0.6503683982052543 0.6410463846841815 0.6480880598197558 0.6404167985623084 0.6490277384838586 0.6435511638816045 0.6355253447405611 0.6226271311823424 0.6401958921661148 0.6866625770997244 0.7447668484916349 0.7465810839060368 0.7780231900519923 0.7534747495322155 0.7245971287453802
1.021590141418046 1.061134774216663 1.081290980013614 1.076518074734039 1.067861226110325 1.068945192239282 1.052214677827329 1.045568870955074 1.056628692013401 1.074267165296842 1.069180102483879 1.049777094580745 1.083643808848988 1.090776708743508 1.080928241698043 1.061686245533425 1.051047097869896 1.046159445204227 1.045813371563826 1.071122526498716 1.071446513872351 1.057881423146681 1.043214945984591 1.013636209816405 1.01792903908684 1.003488497901517 0.9462281920426865 0.9132362429764354 0.8999972050325949 0.8934170798091561 0.8624864134750782 0.8450607182852328 0.8396933652889452 0.8380731604266061 0.8274328493064536 0.8144377988563212 0.8055363514457977 0.7691177872566297 0.7725278426609155 0.7789058795991648 0.7628325498685903 0.8002588928114214 0.8252653175439308 0.8345206638589806 0.8371441548873233 0.844508619526649 0.8490016020312325
1.137174949425719 1.162744009370916 1.158761331746149 1.152610634844033 1.159334075212959 1.144852018157062 1.151417714855036 1.165182628609116 1.172602179284451 1.17273106823981 1.183646688936867 1.173387072067613 1.159673000390042 1.175560303621185 1.17585230039687 1.165926207772194 1.162942138434647 1.156286411515618 1.163814640989107 1.159974442859925 1.179062144232915 1.19115062987497 1.184848469813323 1.213021202138685 1.197234995437155 1.181707339179464 1.2072588551617 1.168405593018987 1.16605598952688 1.136668931218277 1.135573677157994 1.123590635061202 1.106219249471779 1.111817715129906 1.127092725380647 1.13328436811723 1.133056001973372 1.145111988677156 1.140589793748467 1.132063022416765 1.114319014149669 1.096901484693007 1.090831709728521 1.08106392859125 1.086246994251239 1.115087517592335 1.103812914770094
1.180021615846096 1.169181955552032 1.177327695160954 1.194500619052168 1.185053039964694 1.218749123374218 1.226949391748128 1.20757320490369 1.227519721023112 1.206763138204875 1.199673962517059 1.220810488956977 1.203193764362758 1.22964888274993 1.233494887314465 1.218730996438007 1.223433032678256 1.221063999565879 1.218851603600892 1.193697018333585 1.173105840361317 1.173555148489265 1.13792221934863 1.136942667792618 1.123400044726837 1.126132868898027 1.129433901990543 1.123452284278309 1.123845474575404 1.109678452500569 1.118436899411071 1.118016328097666 1.095751728786382 1.099995911604861 1.079346510458768 1.074650837718448 1.089730771499582 1.098411564799637 1.108300040685567 1.131177100092514 1.116364668481403 1.096709035130871 1.075569315190084 1.073962158577255 1.076620801039687 1.063919913594414 1.06929959598003
1.086220642248395 1.064903697409969 1.073695250906114 1.089879148169082 1.083416460934909 1.081890386140292 1.077504171581422 1.070868942865576 1.067976892424134 1.088132511352233 1.105326426149668 1.083825207115233 1.071662286119672 1.059344026131449 1.052326861437304 1.083612008187026 1.098664898297739 1.10434901649115 1.090336530314646 1.077834418514594 1.083192277082392 1.078767766973881 1.085423447386223 1.077968978605721 1.091756815975915 1.079089224707649 1.068824118740283 1.085880262208406 1.084392887383385 1.068028162754295 1.088659556352319 1.079252464169405 1.053759658412048 1.053541710579588 1.040647548919172 1.028589615215061 1.039879085109582 1.067907069439179 1.077401572635888 1.075610406453148 1.097023504643047 1.084256244864595 1.061313367326624 1.063993662729157 1.058910010880136 1.072630845313329 1.068438226970393
1.352711046638696 1.298200500021722 1.272314076612053 1.231011437777487 1.222269799177668 1.213119120773967 1.214461344399237 1.217563861298165 1.216296525934761 1.204774982230838 1.200783367625048 1.204867279205181 1.184243517067082 1.197378046230522 1.197377157891089 1.162279359088734 1.122025903913102 1.072171718131456 1.033445958369475 0.9700788110792979 0.9536972921013054 0.9496151181201162 0.924299208557794 0.8977313829009936 0.8872514835266452 0.8705596550864402 0.8543497506403727 0.8565738853435915 0.8397090466465954 0.8105015955783099 0.8119123192874942 0.8100037630333663 0.8023555774335908 0.8104721735463913 0.8314458051295868 0.8714664042341893 0.8979351031285993 0.8830378991689831 0.8687474258185426 0.851969901613487 0.8671400531478951 0.8833829391095184 0.9336187762957404 0.952443909488357 0.962721552768113 0.9676194267206144 0.9547818143627226
1.648180074435408 1.613709950119071 1.561195656946314 1.55956691212766 1.548644245469272 1.531162317060788 1.543504693286925 1.522359270569677 1.536560026390574 1.533045482791962 1.497678546889599 1.445415619895266 1.429437436690735 1.408465424863046 1.420652494694686 1.395724270307376 1.358478652890436 1.364679230207022 1.350320482504225 1.345385831008021 1.358341016937744 1.340783243190069 1.297908322631095 1.250757896396453 1.245589602904938 1.241855765011747 1.219874952558767 1.173290546826365 1.123534398000245 1.094881443865323 1.06700130090198 1.019494065891636 0.9994101117569693 0.9458854507870037 0.8941092196831605 0.8708812298914519 0.858323032205022 0.8536310979200891 0.8445507060885622 0.8320552562855115 0.8472703282550957 0.8903256894393629 0.924522974131833 0.9437017310881364 0.9461584190411659 0.9638842658539378 0.974387677376373
1.783837919933234 1.75009481013198 1.722307601439942 1.733516378507379 1.717069899546177 1.702829324344644 1.721975532701481 1.70751181956207 1.747417222221688 1.75303860384949 1.739422321638903 1.761159424434127 1.790780836128667 1.807258215394075 1.83602998566007 1.791010613342429 1.800277262037475 1.785933290863319 1.710492415877453 1.672190525341464 1.660503603219703 1.611323624489202 1.605997329752603 1.578251251568397 1.601447632557628 1.574849006700913 1.532830707506992 1.512940625620775 1.486745122264962 1.469693492011042 1.424140005042538 1.402285910776782 1.330235119651432 1.274597794872863 1.224063697489387 1.179075188547454 1.136571109294635 1.147749700143261 1.092434024453127 1.036007576857543 1.015611049534271 0.9755703915947284 0.9779976164803307 1.000157776795044 1.011017624114621 1.002677478549309 0.9661714844870055
1.890796830508416 1.917771849724436 1.90574424507581 1.974940598273476 1.967862658862668 1.955264923799741 1.994942376723063 1.979985485152479 1.985888405708718 1.983936954282358 1.965810462404731 2.007741869075211 2.051936564237332 2.017903491500439 1.981889377623173 1.976467818386073 1.946428818567389 1.971801037122422 1.936854985283414 1.852162626803178 1.862894124653278 1.82594797103239 1.779193643289066 1.771962943644465 1.73289451398379 1.753934784807763 1.712542192276741 1.700767404881063 1.71052741114033 1.675884628544859 1.670647295969807 1.646611575937849 1.62086180522258 1.592594713503587 1.528486583264936 1.530626003718874 1.482592314844107 1.429906183641924 1.365501680253895 1.300299971579468 1.265371856478595 1.22485609999459 1.178514496092003 1.205338720801242 1.153026591500624 1.060696941584391 1.023177312621237
2.072069089914277 1.994609408970375 2.040647632841301 2.028919894264766 2.022400990162467 2.069204433369594 2.070656820161468 2.095101570439212 2.109992374080057 2.075164273181831 2.119063354794048 2.142286497924821 2.114220245748507 2.11171805300573 2.075473594365219 2.015912866341516 2.059173889680567 2.051215613299237 2.000363572546074 1.994860609130069 1.934670275843851 1.955278997268248 1.963691317475818 1.947606689651737 1.959535501389119 1.920467454771964 1.901637727729902 1.918581678473101 1.860442661594545 1.872544902139329 1.840117979733833 1.791069408251245 1.813419683254653 1.753399282708536 1.75879300182742 1.741046652922452 1.676257743598436 1.684310667924048 1.653894360187315 1.636350903315096 1.601781549906459 1.517985054318373 1.477235718609469 1.414745153316745 1.324179891161555 1.26855308027213 1.224854114565745
2.048284331594279 2.043187977483392 2.011965669071945 2.027821604941178 2.025245819295059 2.05600724110441 2.061839824947074 2.011025232116855 2.08438372101718 2.101851537918488 2.109908899665341 2.145369987791816 2.125017107316646 2.116775425011312 2.06996162668019 2.007336335212717 2.072514237347531 2.034986130042962 2.002703949218232 1.995578564997908 1.951419200615131 1.973203457628081 1.967183737390157 1.923016258781121 1.947975844967738 1.920122873912463 1.852245118248754 1.882881762004969 1.84907765709396 1.829888388169626 1.816814688711889 1.760924463319493 1.777775218571404 1.770059086909743 1.74757275875916 1.740812593639537 1.694356954515944 1.661359149874298 1.660332039449301 1.612172118877394 1.615431728637737 1.603508290989554 1.575773323081631 1.525130837207192 1.487754975033683 1.408260650488347 1.36598022942452
1.980199330584806 1.988726086845926 1.980550134155195 1.960444113040237 2.026748480306022 2.027743685077801 1.96186051371721 1.977535165147854 1.978067801836187 2.017041020115161 2.02119669791831 1.981232626421469 1.987009243167267 1.975273258047925 1.941648295262528 1.963976921233137 1.933582818135472 1.963645009534706 1.963844924563963 1.930755064282986 1.973715779563591 1.963720304011607 1.946161472059659 1.957069450967923 1.927435454799859 1.923209942552625 1.879003110839154 1.879379006218663 1.882294587430682 1.84109700559489 1.814449512077661 1.801946056106799 1.742581415659529 1.76232670232599 1.756306072439887 1.711429778779169 1.689660383745055 1.64790307106004 1.596600296194383 1.582675331404501 1.592534946157347 1.585219321594647 1.591373039285542 1.585523785009117 1.559217411501515 1.514481595184366 1.498913662384326
1.843363171304591 1.873112648888671 1.884720874657008 1.861742497465901 1.874795557075117 1.804175445787516 1.794913659327497 1.795249781769605 1.826054986171062 1.875382391653002 1.883277752241213 1.905681994575565 1.881493505746039 1.829897980235391 1.821125903411116 1.799880641984628 1.826602972240756 1.827822119404571 1.808277267473432 1.836243510851712 1.837580301036576 1.809048971659648 1.827648983408091 1.821559390540154 1.801816211623646 1.79873675064568 1.765447441885805 1.802410724165716 1.785803204908591 1.744017156921676 1.740957718177436 1.713357924862185 1.668988444918224 1.68382609614781 1.673288951088575 1.689767125726156 1.671698699258914 1.623362909546005 1.620626658863474 1.635551623502393 1.629583491312389 1.61050291261591 1.61500482411004 1.60342197373892 1.562565162207543 1.504576353986602 1.477151845985295
1.820210957034555 1.829907062566982 1.845329040728001 1.824523759628338 1.777685039974632 1.772568352751956 1.697359505340607 1.681803234747444 1.658347689165934 1.702191355899539 1.717150521065432 1.713490480359462 1.746817053237242 1.731694281362971 1.687098290702472 1.649595249108969 1.645938797775555 1.649776797370377 1.641128451492411 1.681297727911397 1.710669304285036 1.761384466593107 1.79160316308756 1.787845166987103 1.736334318339249 1.714910599868552 1.675667411464469 1.639883315551567 1.64549309423683 1.636543048694858 1.595941422449567 1.564986701547175 1.534321367487476 1.520335725969965 1.53402242690166 1.526713847080028 1.502029659393994 1.497277144048481 1.491272430640197 1.473831679004145 1.468202179465454 1.496846833040072 1.50759896951579 1.528648765489246 1.553050313556391 1.579599804016798 1.584629007042859
1.406098254432751 1.490220966227178 1.560296504277435 1.562832515363471 1.538592432048383 1.536751509163916 1.572918827919083 1.567472768196031 1.532682020451224 1.471247571504731 1.437677317083122 1.409819465821693 1.363713873318589 1.359537031056052 1.361002963089585 1.38003547761887 1.411331989368886 1.399371931790615 1.372774516074171 1.349241711226167 1.361849999861873 1.419384519166533 1.457128041821629 1.435980515420519 1.429767417548674 1.472560097110929 1.471768623858151 1.466625600622651 1.489780349612004 1.522269485563489 1.540483075862725 1.536471172908987 1.543989201215284 1.518263392871326 1.482249092860145 1.451796051167651 1.424668874648759 1.410611241809663 1.386357357375356 1.369585856357979 1.380917674317707 1.39577130901347 1.400834691975547 1.414941990138907 1.406408852735254 1.378278813357748 1.376461940481397
1.310972152653931 1.333483955691349 1.294048866418249 1.275754897369979 1.24197017569167 1.256607608311703 1.267430881674509 1.286856801541757 1.298678929097639 1.282988795808086 1.280179693627312 1.281228309142884 1.275138126473186 1.274706520756921 1.290515452374968 1.301234871807065 1.299151379360441 1.292249404658619 1.308943066147179 1.292441791686492 1.313436987771082 1.298448106751149 1.293169372487794 1.296206697818926 1.327073494702025 1.30369774360992 1.324069886543508 1.328397437734764 1.34456311651093 1.343276641011533 1.369579182177449 1.355055925317339 1.340781130549524 1.345419109159927 1.363772033726766 1.324383192920257 1.32378777692449 1.327954739274336 1.345321325025342 1.369715076252922 1.355955170161081 1.34935976545517 1.35568485676871 1.362448692405316 1.349781981787829 1.333185900050654 1.274563742337963
1.440019687097889 1.433430383982493 1.42532099786147 1.414769578498948 1.408845633393918 1.407005740044036 1.405635374625618 1.384970316083408 1.366790683567475 1.333650816080172 1.30340273283378 1.261801937390943 1.245949728290825 1.248893937795678 1.232053843878808 1.206611430523348 1.187001254257517 1.203178851130876 1.209102025101572 1.216765857506109 1.250393098635498 1.254377882707627 1.239285585320928 1.233938903856505 1.222294913940102 1.237820866374423 1.211094293429171 1.228726585716124 1.237107833670861 1.254472811437969 1.289921831711444 1.312177921634558 1.362340876849667 1.400426677556544 1.437939935406203 1.457918776375696 1.465025041676849 1.473327170934824 1.464140060334696 1.463861199318119 1.48512836259985 1.507776804545612 1.50391662384449 1.490018218938252 1.496988432470098 1.514485522525315 1.538426987112252
1.504786467587402 1.503329632897658 1.508965440919675 1.499110304547822 1.477923786613221 1.467594446123544 1.470390796370265 1.469503666719325 1.463252189710297 1.453282840040746 1.440325679420053 1.440459859998046 1.438296325248146 1.422472630767104 1.403385458646461 1.373512499927683 1.36618070266272 1.353358194617406 1.330642286624826 1.304948860948856 1.295452373948328 1.297687787335296 1.285766165470333 1.276298129338669 1.264780846668712 1.250728197171414 1.236944513946646 1.242083641443593 1.245966856839853 1.262314190373133 1.306422552341846 1.366148321272941 1.426509807448743 1.468928759135051 1.505748898298591 1.534180566597625 1.559204365158312 1.583222994056401 1.595674519523017 1.624489391891756 1.660956799783222 1.687477944228785 1.714284974404492 1.707477512353425 1.686635606079882 1.676889908537132 1.65759239207527
1.682118067046467 1.69127304239978 1.682730791531333 1.653307537962263 1.614697758062483 1.595867158082056 1.575698008929507 1.549404659720794 1.538765914043055 1.531642471718521 1.520548169911943 1.493828619791582 1.472808592162424 1.466208507855726 1.451542858071829 1.432177842559199 1.418604766462017 1.397790693062838 1.380300851192129 1.362079810041392 1.370033488267898 1.376003654482925 1.358161475273382 1.334778531684738 1.331862060890366 1.336662288558161 1.35611574638468 1.362811988440616 1.378278717879931 1.416424522577147 1.442930355221841 1.473529260180993 1.519222838947293 1.57933079055174 1.628725490064591 1.67711507323125 1.713566769259814 1.727050657619929 1.736913454152813 1.756570163951967 1.753910109055581 1.735462908265398 1.720017241030573 1.696751540684184 1.697809278954868 1.728363440626075 1.737787004633543
