benchmarks/avaInclinedPlaneEntresTest/release1IP_0098dde5b0_C_L_entres_dfa_pfv.asc
ncols        1001
nrows        401
xllcorner    997.500000000000
yllcorner    -5002.500000000000
cellsize     5.000000000000
NODATA_value nan
[rows 209 to 227 of 401, columns 0 to 42 of 1001]
0 0 0 0 0 0 0 0 0 0 0 0 0 0 0 0 0 0 0 0 5.9080929901968772811 8.1882144381011094936 9.7362937448147075514 10.645673916531839254 11.094184677984575416 12.055174050998772373 12.886993597698026548 13.583900491508305919 14.228115934836933931 14.787016953796600305 15.394264420110653546 15.958054550500426316 16.461435456575475911 16.929737398927038328 17.361040040929864858 17.745293235427133993 18.096258871771286891 18.410663862830055848 18.69335934053142978 18.962365975942692131 19.216611699567483384 19.463979908022142951 19.69158800618485472
0 0 0 0 0 0 0 0 0 0 0 0 0 0 0 0 0 0 0 0 5.9080929901968772811 8.1671306954423972257 9.7362937448147075514 10.645673916531839254 11.138041597785841574 11.993724249173983054 12.810987559358759214 13.514807134331062954 14.136174809207208369 14.74375534567013446 15.358280948053412374 15.935125179645169169 16.444415899093925759 16.909037737625588704 17.300244957408185797 17.673020258608808319 18.012268141415045619 18.337803586765303976 18.638177504443223853 18.91124460680637398 19.168886667109010347 19.411100214814112519 19.645895283522971653
0 0 0 0 0 0 0 0 0 0 0 0 0 0 0 0 0 0 0 0 5.4701183805001036831 8.1631770244097143774 9.5518944271140124869 10.550323750620858476 11.251612538765915161 11.89986461565123399 12.75194440011287611 13.495211938970669507 14.146276436570484947 14.773508201654356853 15.372925373507486668 15.91412963455046814 16.39017500143593864 16.836476703329491755 17.216542166289006133 17.581615087559448796 17.92553585121303783 18.251008834971738537 18.558998242036786053 18.840418816888984566 19.103536089788459407 19.350949652078273999 19.59112506242773577
0 0 0 0 0 0 0 0 0 0 0 0 0 0 0 0 0 0 0 0 5.9481947101964651736 8.1289209679030367539 9.5676555335056026053 10.33827465522518807 10.808273485041754114 11.832143193030423944 12.649102236775281227 13.376868108998317908 14.043498830595238402 14.73654788039060648 15.369721883688610475 15.877166324335970415 16.333208914028002567 16.747068589376077341 17.143688219661271432 17.519868567166586359 17.888110474600154021 18.213210511038663952 18.521668217395426126 18.810195229421363905 19.075288942950709981 19.31544745026002019 19.543516906861974292
0 0 0 0 0 0 0 0 0 0 0 0 0 0 0 0 0 0 0 0 6.0595250065006700524 8.1325155603476186883 9.3476202636544378777 9.9693497527074423914 10.761159940876465768 11.719950412236741499 12.520963083385188597 13.272965900989566634 13.980117777907903331 14.655949411594313858 15.288927261741942942 15.827770844460458122 16.285536936259791929 16.701533884476887692 17.089806180713896566 17.451648941377872148 17.791103134392400875 18.103874588760270115 18.377368704478822536 18.641897224554305978 18.899459456308843386 19.183587215441367135 19.462941246790439465
0 0 0 0 0 0 0 0 0 0 0 0 0 0 0 0 0 0 0 0 6.0595250065006700524 8.1325155603476186883 9.3228652148737971572 9.7570849737503291266 10.739519709024374805 11.673183898938214398 12.550548477456004548 13.311338580806610921 14.032408692457943644 14.680778743999281843 15.283534385195935101 15.813996623721196855 16.257480752430559789 16.652031443402943722 17.030535549108321902 17.386879397074537223 17.72400177557486245 18.02598692211031306 18.318493516918490371 18.594389032159202912 18.876614333141674251 19.168644613036821767 19.439544027223274014
0 0 0 0 0 0 0 0 0 0 0 0 0 0 0 0 0 0 0 0 4.2593690267747783551 7.5578709763996378967 9.3126371529006171102 10.362901097522165372 10.916634578647636644 11.702284469245414655 12.565825733768603456 13.354124528868290156 14.068185044522964589 14.706896821068104586 15.267008165509569295 15.758886033171256358 16.214339535544439741 16.646192159073471828 17.040839072867441928 17.379001797404306728 17.701404293682468705 18.009990781231529411 18.308650320132855427 18.588856679465905586 18.898772307047000396 19.185275383516831482 19.447569997482698767
0 0 0 0 0 0 0 0 0 0 0 0 0 0 0 0 0 0 0 0 5.6426160173926955821 7.9108088242486500619 9.3446562498084571047 10.06630395693913016 10.701690105589319657 11.733330459636988508 12.633615378039779742 13.463185876213202619 14.151577069068618897 14.720566973237925623 15.229232998948102562 15.720523831979798857 16.152569495307968594 16.582767093605866648 16.98738180541947429 17.35234572210072912 17.711101358274056849 18.064657796464405948 18.393031039419049932 18.69635156908347895 18.970277656006764744 19.227293777149842668 19.472914329664746447
0 0 0 0 0 0 0 0 0 0 0 0 0 0 0 0 0 0 0 0 5.6426160173926955821 7.9108088242486500619 9.3446562498084571047 10.172503864397272721 10.930566251347531903 11.762973956915812934 12.653964026397106934 13.418003913037745534 14.057194405924910541 14.63547297561325955 15.164220826557672339 15.676614845174549728 16.136343111642464265 16.59103685063480782 17.043189975940336467 17.436163817231093986 17.801200202093308889 18.145703553250179141 18.46383886151604159 18.756614372781488242 19.021110621856763601 19.269692466103244044 19.50270370171910983
0 0 0 0 0 0 0 0 0 0 0 0 0 0 0 0 0 0 0 0 5.86336192564134695 8.1713220141002746999 9.7618605567612757312 10.768097678629640512 11.088559947774466963 11.89830708573929563 12.721931685862401196 13.443287172990562084 14.108091292469262967 14.67277145092440982 15.206925224593236479 15.687948988108363579 16.15981208128020441 16.630120649135015753 17.068291148218779796 17.454110979487513333 17.796226522106870505 18.114771611565359422 18.436361713531614015 18.736880542517699411 19.021785489775485445 19.275797915100369551 19.510463376888246501
0 0 0 0 0 0 0 0 0 0 0 0 0 0 0 0 0 0 0 0 5.817244150309479167 8.1962916724453140915 9.80614526482733595 10.712969365680178768 11.148637453260132446 11.988584963926461668 12.780148017973482766 13.447704679452371579 14.07131174997696732 14.697465556877610027 15.259273355020793517 15.759820462950839826 16.222271458468476624 16.649782350260668551 17.072180191425342599 17.450225721551046121 17.789326852754797414 18.097979274457411947 18.409860007489029954 18.710076074649855116 18.994695837013733097 19.249372296350713896 19.486364450260875714
0 0 0 0 0 0 0 0 0 0 0 0 0 0 0 0 0 0 0 0 5.6828286248869890329 8.0806461129316495828 9.7168916558965037211 10.663770267175582518 11.101740247626707969 11.964681711540922748 12.785034490677185559 13.461719099345623718 14.126925806143644238 14.773495523595707724 15.320529116138096981 15.799394008922332588 16.237327483034210474 16.629212103294879199 17.030158570857132361 17.447896184583694179 17.835394438056702882 18.162382599538368311 18.469819539966774613 18.766612760523297965 19.038891877920082862 19.280642875195411534 19.498584241390268801
0 0 0 0 0 0 0 0 0 0 0 0 0 0 0 0 0 0 0 0 5.4172022084845270484 8.1116604590205003689 9.5723664536958157356 10.68659718459812602 11.388736186136554807 11.952611399687086191 12.797914871617345867 13.566404345427962141 14.249523902271771902 14.872079462057490318 15.386740564176660584 15.853574636074343474 16.286409475260416713 16.665098255137323235 17.043465637577234872 17.447828835551913329 17.8221421321974276 18.170732056183449998 18.483440847542816243 18.783612156598515242 19.044084717843816179 19.279290646941053211 19.493229039523225055
0 0 0 0 0 0 0 0 0 0 0 0 0 0 0 0 0 0 0 0 4.9069325188039085717 7.8374245629226706455 9.6589588510508299635 10.690007176569432445 11.523164781214074281 11.979883221114404179 12.863397152603141649 13.629245259018883729 14.300325492731092325 14.859437394143958144 15.366036676104339875 15.842574732436338181 16.276267414263823952 16.672745840159663544 17.068516377151421892 17.477296656455877155 17.839668535955443218 18.149164957925574271 18.427505288122656424 18.7004235871597011 18.947562927369993702 19.169432645193943188 19.359576793376842119
0 0 0 0 0 0 0 0 0 0 0 0 0 0 0 0 0 0 0 0 4.9938810910788431485 7.8759428452676907284 9.6924441835858559102 10.69907194455737276 11.533254899991792541 11.919722616262639292 12.759814913762648203 13.527494701811612288 14.151248569123403342 14.739740141735849122 15.287846099671714484 15.778531922183939074 16.215530752050302254 16.615589412789081081 16.996988764779068504 17.368434494494810139 17.70571027610009196 18.004070754031481272 18.270633881384505059 18.5003912249216107 18.714032742642228158 18.908798663199316792 19.084674604052725755
0 0 0 0 0 0 0 0 0 0 0 0 0 0 0 0 0 0 0 0 5.7363823305381886897 8.0811965914318193427 9.6028877472270899318 10.431192929375827205 11.084657044271594373 11.828961952736031904 12.686309041358748928 13.474979219486471038 14.136103635459546624 14.730604728599148601 15.259741048291349585 15.734747216052806351 16.170774141417989966 16.561766897542117505 16.898477040729833476 17.226424663513896007 17.509809442926840717 17.74791079653540038 17.958868909211062714 18.176280037135015277 18.385074675860305859 18.570015580417457812 18.716962678306344969
0 0 0 0 0 0 0 0 0 0 0 0 0 0 0 0 0 0 0 0 5.7363823305381886897 8.0811965914318193427 9.6028877472270899318 10.431192929375827205 10.841863108689503647 11.791885283488872105 12.620134340375807724 13.360137990677264597 14.005356450465585638 14.557447118144693832 15.045196057495594744 15.457330180927323582 15.886977685974862595 16.261141936240505856 16.578476693264217801 16.891237167957388721 17.193609895531043463 17.463766244246535564 17.677211462824203636 17.842734282181382355 17.986383537683021672 18.103073917842820606 18.217109784390316918
0 0 0 0 0 0 0 0 0 0 0 0 0 0 0 0 0 0 0 0 6.1084903071172016453 7.9845286271652611276 9.0243639362345380306 9.9148528781608273874 10.556291957106752832 11.481096029499216371 12.322402885495204572 13.083208554218217046 13.680180333682777416 14.196126788286305143 14.643678520427139134 15.003258685257694793 15.401887797163848148 15.783187886460201099 16.129156486817816329 16.449359167436039542 16.718159882508764724 16.93051870572497819 17.105107641850835876 17.232776184469834391 17.327631517147477069 17.414528901375440739 17.577897766084941367
0 0 0 0 0 0 0 0 0 0 0 0 0 0 0 0 0 0 0 0 6.1284742675002235046 7.8988636054530463326 8.6337709348815625532 9.1604783096882442806 10.119229203023827779 11.130345264867770538 11.920163291518871773 12.56130079382544551 13.163782795471870912 13.683057268592364153 14.107818045470217783 14.541804850177687314 14.907414531470218222 15.248595236027060906 15.522759689791623572 15.794639901749844668 15.989062500098507158 16.146425818527031737 16.274848830440340919 16.37234456163464813 16.46426546886003095 16.632005227230909128 16.797120692490373983
