benchmarks/avaInclinedPlaneEntresTest/release1IP_0098dde5b0_C_L_entres_dfa_pft.asc
ncols        1001
nrows        401
xllcorner    997.500000000000
yllcorner    -5002.500000000000
cellsize     5.000000000000
NODATA_value nan
[rows 190 to 208 of 401, columns 42 to 83 of 1001]
1.1626158426119446165 1.2388127551330168075 1.137889559774128756 1.0976956897010621272 1.1848262120714621037 1.3186442180518902489 1.2009743639661063508 1.1491195365948765339 1.1260122444016313903 1.1019465361168037099 1.0602415270759601995 1.0520049014661168041 1.0355115896736029057 1.1150768158156816323 1.1554912897814255679 1.1332070983793789409 1.116397000069290657 1.1438853723668409579 1.0997935646280199151 1.2653952248585591533 1.1454988457767862897 1.1235246254350395034 1.1180290200760139019 1.1039369341834182059 1.0999541900007492323 1.0941150606641745213 1.1031162507666210093 1.0802528093742516102 1.0797010232176238453 1.0722052774318102664 1.1162120439503913083 1.1509303153234848871 1.0857399002179404235 1.0930270820987608715 1.1512820238625771641 1.0964371569452562305 1.0720099705339534157 1.0618370434829775828 1.0787174767108176354 1.0861506061263084266 1.0827740608722298266 1.0865679520670374902
1.0557192638174710542 1.2640994261875613258 1.1859976942416352585 1.1450643940935896214 1.1518523877170407932 1.1457712484533855157 1.1358664678849712537 1.1442342442601076691 1.2941480124845088362 1.2449508574278984607 1.1302759150595940163 1.0800462234639238712 1.0647438802195525742 1.223524291337158898 1.3290944665455017848 1.2054207303504462789 1.2698992078309860876 1.3267922922273944764 1.234994653261223041 1.2604341648818353505 1.168533365631119425 1.1322866754507787679 1.126706599115550933 1.1110265002287500469 1.1642846058757978511 1.1754080194820601957 1.1417436021506059962 1.110691081182850537 1.0791075803410561385 1.0717258473901105642 1.0620547053045157337 1.062788559475946748 1.0650159648935371148 1.0679019391733646227 1.1278044705262477709 1.1244096874836646549 1.0663833700855762654 1.0675589762962354179 1.0754804094156187322 1.0690158890638221667 1.065180480323790535 1.0975688856680567707
1.0824908102391856968 1.1440231140481156302 1.2493902084675987396 1.2104022818204951406 1.1612162731162030127 1.1195040512027316648 1.3287434519924363752 1.1844370566826272206 1.1345096449047236131 1.1005772034306939844 1.114715374117829283 1.2634051622829773898 1.1934637385684410127 1.1499730729856050271 1.1045221056516294489 1.0870048950113921915 1.0685016161821601077 1.0997030848433861916 1.0995979862502884838 1.0967616116507146184 1.1297897379125458883 1.0757946128165483124 1.244623278812667877 1.0977072284814082259 1.2416716895613524319 1.2164019153519305405 1.1456593463027506807 1.1425254738193786341 1.2588305573152478445 1.1915321094267374846 1.135781451770499384 1.1056941203117942596 1.2496702085150748207 1.1534158102245839483 1.1045507378810277554 1.0854855449174902748 1.0772392863781505845 1.0681986593251930895 1.0860462617165826948 1.0590515233839428166 1.0813874282053359543 1.1037426019951013245
1.076066553058072861 1.0753971657248586613 1.0539474974162867937 1.0896339748081040888 1.101838714474008718 1.0966038092719856412 1.1736098405200967587 1.1170774846508586542 1.1312091140595323946 1.0716894376151524515 1.0765440017979832632 1.1051257407215053785 1.083044203592277821 1.0958076225650532631 1.0988574221389380003 1.1015986989386281625 1.1022935153409558762 1.0805057197295320215 1.0966014513380863971 1.0889150596876824295 1.0569890152245762227 1.227707785737834234 1.2493918542202442357 1.1761183705727460413 1.1286420296893815429 1.1015252694353243612 1.1683290418649816544 1.1294304998957231945 1.1833195140776409104 1.1594622082223438042 1.1588444956546619657 1.0872498518719937444 1.0963917545734322978 1.0788903188744078943 1.0762549229917748317 1.1102060040740748814 1.0963627720295350265 1.0911061580131384829 1.1084367556061054394 1.0962503759517649993 1.090980652970413578 1.1015629642381941089
1.1108074625863066931 1.0983236118484969168 1.0781885034120819444 1.1689675346869556893 1.0854825205056541915 1.1019568708302347471 1.3383173399793037994 1.1816121840262063802 1.1155590187339456953 1.0758518645875490005 1.0791887798180113123 1.0621330450152028924 1.1606069081378791452 1.1230290655519028498 1.0953483569094177863 1.0885929104156764069 1.1067105458960966313 1.1100051626844860131 1.3896203910230331413 1.1735451872838613685 1.1290187355825909155 1.1199665025342739888 1.0998330118854349191 1.0842285523056018892 1.0995436119653656526 1.0819302585898349367 1.1356905461052002604 1.1191132420042322337 1.0856433693086797732 1.1172146314877009488 1.1032215790312338566 1.1022267956484927964 1.1007596958014560506 1.479144693002141242 1.1965013547902747515 1.1182839433681333041 1.1175624262028429623 1.0940342104223146347 1.1173633644897467132 1.0986190847992045594 1.0930805131213627845 1.1064662846608523949
1.0655055952311422995 1.2393092724377883229 1.1603144629988089154 1.1229413818377100842 1.141900234451569851 1.1538402587700178348 1.099453335779633445 1.0565752638181566958 1.0419721243776018937 1.0310559123103095747 1.0437135097769660863 1.0567233791810157761 1.1254303946380312951 1.1114554692150018234 1.0951103803045545426 1.2020152221753532817 1.1452008466164216305 1.1515496125834936425 1.1110462781319734304 1.0998256254153611078 1.0878191057410062648 1.0871717426544615925 1.0881102627042695818 1.0788922841970161048 1.0877379280902328418 1.0716384557546192458 1.0716434921325377339 1.1667038459240715031 1.1129585376643320593 1.1175388308734777176 1.1034328716134989001 1.1168591722749259265 1.0834383876695612425 1.1341002946562954712 1.1082050297794030502 1.0854777336074377114 1.0816835901200958503 1.0965387981352860969 1.0833958072304468168 1.1100359317445989138 1.1095235600841280021 1.1076503153502337273
1.1126461891438212959 1.1379057091555224712 1.1155670088595104339 1.0977286018480196805 1.0864281958113948257 1.0814523009479393156 1.1081691866652538803 1.0927470982291518364 1.086651918640583192 1.0680140529469899224 1.0583019589970292795 1.2283892704076124769 1.1579174752471297349 1.1179521405201315876 1.1067050192534260145 1.0908867843250242835 1.082772973087882562 1.0832427146443510679 1.0656342943057126593 1.0847797117430229008 1.1638621238435546967 1.0849727050245367987 1.1629682679216084562 1.1300765538615382688 1.1037984697091764996 1.1323261965421156372 1.1016113892670238439 1.1978963006303697814 1.1280472270573351778 1.1571584550224367494 1.0976013907010646609 1.0874000625493307481 1.112048277749034586 1.0976197955742943435 1.1074829988664289804 1.2180608029914807844 1.1096159025785481411 1.1236993431679338507 1.1205950478470463327 1.1252132182289416029 1.1338250476205413708 1.1132914551079049481
1.1471301816336574309 1.1135696682285118886 1.1309765258754187478 1.2007192296016531152 1.1453341377430670267 1.0980006256098744366 1.0841621981166955635 1.078540469005447644 1.0773745769489002644 1.0732111175223548738 1.1307555792165864261 1.1034089873601071741 1.1642820603704779892 1.1299242134484095423 1.1085433038074457013 1.0958374836815298892 1.0957494617428042982 1.0949511486004628313 1.1443032908864860797 1.0739340742099368065 1.0816561731325713414 1.1590634516737441384 1.1338288732126711178 1.1270133768891286152 1.1220024698737003366 1.1072480348872772993 1.1126546280515121623 1.0985722157036723612 1.2985097219529866397 1.1710042698215143986 1.1643095756836772114 1.1058113271601119898 1.2432399187535545515 1.2388642738386974607 1.1719382867123819825 1.1302942670937037306 1.1053723959115597797 1.1096828628326567134 1.0923012776203151475 1.0941243966385290065 1.0953497986043292389 1.0856785757563631734
1.1126227446799159537 1.2256898232560524686 1.1524529224290485097 1.1459408069691450205 1.1287956477654306209 1.1608778016444145642 1.1518063533156066569 1.144781220388053411 1.1078386621935805145 1.1093641220402388203 1.0799574547674519742 1.1137301956590925922 1.1813331059137506251 1.1587544152399329445 1.0986606479668281633 1.1130030872978569079 1.0863412111486119294 1.078325846110097963 1.157219282052076581 1.1424530768199046005 1.1188774049566503344 1.4045200014318763859 1.1810726887243110372 1.1317866453415259542 1.0975422275897370739 1.094383141955872718 1.1305702245919797555 1.2635677585855722427 1.2145453488385642427 1.14365520828566547 1.1235774534101479194 1.0889772499583398879 1.2905310360801083291 1.1976578101995853931 1.1521433674266707836 1.1015432056048695131 1.0898686290902719342 1.0821299198943055142 1.1065682395464015997 1.0949890492645417694 1.1009154559294569431 1.1028462117162809442
1.0679951320932010717 1.0542439805107306494 1.045238167969763543 1.1172987643640435174 1.0741662504205005124 1.0973767690505120687 1.201302423709209144 1.1368158449266552168 1.1159898186654138019 1.1178964430883364667 1.3136846958741843494 1.2250639490760919514 1.2638920387148089297 1.1878722932816598856 1.160473886690313261 1.1280463443654769051 1.1135937747809658838 1.1060245543196114415 1.1164921234084546064 1.11599369547365046 1.0955303248551073736 1.0782273420738486269 1.0874043844604242004 1.1566572078569508086 1.1754426465289473658 1.1688878517006726643 1.1249637906220921746 1.1211380112201825288 1.1031404309185517398 1.1007044735654711864 1.0872535359847166347 1.0950323550433180841 1.0950042002769349025 1.0952706683472339666 1.0889636063975975944 1.1150633670113780926 1.1192024942717351266 1.0942046403521281661 1.0930175037443039532 1.0900064070740773658 1.0852833762541085338 1.0896912841500303593
1.1449729079524575415 1.1449057918042511162 1.086658869004889949 1.0732747660020520719 1.0554507168367956993 1.1809906848432973892 1.1656649531772527162 1.1129452852625503212 1.091239248463666156 1.0918353265647360306 1.0644904782841926316 1.0620963136972243479 1.1643488791509064573 1.1202634472691481715 1.0856550494180623456 1.0601634837200599737 1.0587436254474762443 1.0578330007596765672 1.0986779099869645737 1.0647034367355341367 1.0851000577926706026 1.0833810695387176004 1.0731550977791144419 1.1408397996592742896 1.0881706145516376605 1.0897871441435584838 1.068651431827554843 1.0587223368724210104 1.0637516707956864437 1.0520306608093814571 1.0456930985872430195 1.044205046627295852 1.1835044552288769282 1.1284751148799072595 1.0779118870481869674 1.0765715951228385094 1.0492862639106499412 1.1411720896216925869 1.0603334877794561297 1.0649704775894521802 1.0641947280953549804 1.0796342561213025935
1.1667894888506133988 1.2264913006465110179 1.2275860399027480607 1.1340416663354073723 1.0852870505597469464 1.0744433684413676744 1.0590339612418600002 1.1505155566096425535 1.1198736331962841906 1.1079442514653599083 1.0984632546895924943 1.1113000795755119121 1.0998094360570564998 1.0746737523460092589 1.2690795389246978253 1.1763971594363327178 1.1352671493521497847 1.1020726201833517255 1.0852893873867219821 1.3586848981265955416 1.2006227308184853619 1.1499175610286149762 1.1171578933585220028 1.0951754885070064116 1.1810504137432122906 1.109780581565806612 1.0930718299062185395 1.0930443147104904611 1.1355053430076409438 1.0815881463331873391 1.0757831474979666631 1.0819048605150991538 1.0819328850441769507 1.0876814575738171786 1.2000183095225043228 1.1066151484158235352 1.0885088940379992195 1.0900193310524164403 1.0865638830099062506 1.0855876232629091405 1.0756616993049110675 1.0767125212605153095
1.1081436972598117663 1.1131718978965525757 1.0806345365533005509 1.232790526448629409 1.1406055686481224587 1.1063531737335861038 1.0961147774435888724 1.0898666786985342636 1.0650428728471796891 1.0636801823987973581 1.0607691300766752818 1.0534630855847078035 1.0453896365595864992 1.090829547747886874 1.1790081524201443397 1.08321164497529554 1.4226544719012503837 1.2321936851666772661 1.1455281182194978484 1.1459089356594693854 1.1410716236157025794 1.1189370814514538743 1.10228200273235033 1.1169953349828307676 1.0926184830653848934 1.2120943111836561812 1.1840444723732495014 1.1514511535126663588 1.1162576275806808113 1.1063175513609329048 1.0876216329822998574 1.0745939717521868495 1.0638626592665068049 1.1681508206457396071 1.1676150011753838598 1.1083903707412194883 1.0802418297920790557 1.0708272365144124727 1.071697591519001902 1.0924890082061662344 1.0859174867369143502 1.0905030415315437597
1.1458767433674130753 1.0850338445466483073 1.0708729542218777819 1.1525630601989129698 1.177986015509180806 1.1084171051507185624 1.0728225984534780491 1.1082876702630615195 1.1610191560448728243 1.0865255871969556889 1.0689039604966681374 1.1165355558243730272 1.0752593817551323596 1.1969744979148553288 1.2436293965871203504 1.1552225062579137838 1.1205439348035739489 1.1536145329957459005 1.1507501807531397287 1.1104722128929012115 1.0834609322003503351 1.1403994225574969335 1.1381338314358300234 1.1195176529067305538 1.1034393965619819777 1.0968398337919915697 1.0886215732540804879 1.145530199544928518 1.0747650216741750917 1.0807684053369537303 1.0782237912457453 1.2569240951803382078 1.2162951024734804939 1.108768127957440397 1.0814138814690474888 1.2807228303137492276 1.179841859406583815 1.1061146198424576248 1.0690497733445862849 1.0571627640150260685 1.082796550792045176 1.0686903515070420578
1.0672281624165600444 1.0902788432167043187 1.1354180466369394598 1.3008597087097057976 1.2028929772645962082 1.22373932481733938 1.1768764299235578985 1.2376670380855174791 1.1299722394266127345 1.1570958124803603084 1.1520958986225526832 1.0919640547080038395 1.1385713077873185206 1.0701735957225193552 1.0602420826050664715 1.0709562739417488597 1.0499770419863958537 1.0729680576073903353 1.0520481679652322615 1.0403163650418694175 1.0459306932348064745 1.0580389864972092884 1.0947625404416228001 1.1977096397564381824 1.1826160015231621525 1.1777451563842427085 1.1512638655200739812 1.1360948082260928782 1.1248111455084404131 1.1227557657396325386 1.1087248040778838742 1.3655927850510731769 1.1869353470450254573 1.1276274443492835253 1.0715932261489284905 1.079448926556860977 1.2820763011796840747 1.0774868433747453178 1.0753095506557970307 1.0786401922910862083 1.0845903151807863019 1.0866787529429520198
1.041733638397745354 1.0410702566564062899 1.036050842965529295 1.041495740783580759 1.3096233389433946659 1.2251557912090780267 1.168207121120209635 1.1597018377099539421 1.1250646891958135942 1.1046617805669105561 1.0842018617858226737 1.0763892619761805669 1.1460943410253181529 1.080700760317249598 1.055743753204447577 1.0558359773571173168 1.1283059460469877511 1.0938246376196389953 1.2812113637467195115 1.184034249732561106 1.1377428219660659092 1.1192790355477835185 1.0948148066265890321 1.3124802711811793809 1.2358809912445058998 1.17465765267226252 1.1441266663542855042 1.2467326573214596586 1.1982672401475333857 1.1456276850319768723 1.1137178833337670891 1.0961318615712511981 1.0915361370247598227 1.0930762988461462104 1.0698771805859050854 1.0825531016540592688 1.0839100460010864246 1.1425754456066490317 1.0923408496027082748 1.0877787912724887764 1.0861794832108582209 1.1022820952446539255
1.2185610842426273237 1.1642583687202456844 1.1276283396653719038 1.1070258853909604735 1.2948580509962492879 1.1977050367136894415 1.1470449010095284947 1.1114470317466513816 1.0758517728042302775 1.0653940534345298641 1.0471620309879601241 1.0434860877466882734 1.039100166828847982 1.0799338963403408709 1.0700246153007384464 1.1259959762558542362 1.3766164563246492403 1.1487491976816324168 1.0845389092021198163 1.1683472641154224458 1.1526382641025127995 1.1016168990724362065 1.0760093672796362529 1.149704692468337397 1.1087261787000890489 1.0912059725579961178 1.0741574893083067899 1.0617784287101343921 1.0613933813508020787 1.2786988192063581948 1.1616388158191761626 1.0985920671606583809 1.1281966868507200541 1.1054930194318866032 1.1628594706592862984 1.106868566329402892 1.0659843802984036998 1.0723807046098587925 1.055951215940317045 1.0779397704171316263 1.0587512975336972332 1.0665524730348758808
1.1280073931383649555 1.1178010220474194902 1.1146502782642806473 1.0957025325908986702 1.1361652629352776422 1.0958415612869742972 1.1300709513668401041 1.0589690129682987063 1.1458645197391528203 1.116747949237501647 1.1006132224432725319 1.0842717831028976239 1.0649158872767312545 1.0701023754988399084 1.0609495762660308138 1.0571982214673070199 1.2148900499354065019 1.1253805208699145801 1.1259488317813950431 1.3085120730779200571 1.2293999749923638642 1.1908425755389542289 1.1628936655251445043 1.1392848123848899888 1.1529071632510778933 1.125736225353908937 1.1338252701087536689 1.0961986164170900437 1.0877195850428245105 1.1921352813249226354 1.1297360529268680729 1.0865881478190859699 1.0794111534653638707 1.0729358809027189636 1.0741394439070517386 1.0849285023283907758 1.0802317154211247274 1.0737524420913533429 1.0654111702717681265 1.0892917054785857811 1.0948083445846072959 1.0982812572706857068
1.0823261272296422764 1.064901078000443535 1.159438468105830955 1.0747656147706290408 1.0507621540413343286 1.0542795128275173067 1.047805826916678118 1.0572678386447156296 1.3063999025366745954 1.1833134320422367125 1.1509513731661960012 1.1261875859118446463 1.220567546434120354 1.1692826998204390865 1.1384526468741056338 1.2596603957616623326 1.1205279762474313898 1.0950074734053383274 1.0824633777640457755 1.2003064379664829531 1.1944089426651205432 1.1483174051757287781 1.1193073507511399622 1.0910172013466876706 1.0769831483898699709 1.0749123702706600003 1.2653014284910422127 1.2049797420814101212 1.1400702455972748783 1.1574658662588703795 1.1023363123178488987 1.1101452822583735003 1.2123566677699402216 1.1270543303278632852 1.0768693467804608677 1.2340526688548547618 1.1152878505998264913 1.0607602798706488034 1.0762061513729610507 1.0796249286569623571 1.0820571319585983172 1.086736296984098793
