benchmarks/avaInclinedPlaneEntresTest/release1IP_entres_dfa_60506ca5f0_pft.asc
ncols 1001
nrows 401
xllcenter 1000.00
yllcenter -5000.00
cellsize 5.00
noDataValue nan
[rows 210 to 230 of 401, columns 423 to 469 of 1001]
2.958145051509574 2.880600477116265 2.79066247699702 2.692551471427849 2.594236919119043 2.495819663058069 2.392881459388447 2.283172611248667 2.233713796066524 2.186690946252695 2.11794240613541 2.048896034984969 1.99165207269038 1.948737956813281 1.888698238988241 1.813380077825638 1.761021518609409 1.722756245567492 1.687214152761943 1.653674530245118 1.616124368544063 1.571894538822261 1.524029081890724 1.481644341996454 1.43945124142917 1.400191620054432 1.364470389445547 1.315697839131839 1.273115982252363 1.253111720984962 1.230005500168058 1.201190973067852 1.148578874532484 1.09752968220448 1.043726123457987 1.017335801500414 1.014127092176721 1.017644181060896 1.020305877071966 1.009855205562626 1.027394022330195 1.001889111992901 0.9648454417633743 0.9539549945177835 0.9285815130785453 0.9063755804689677 0.9243604390220646
2.5908383935977 2.501008683813815 2.412992521477538 2.332835541221301 2.256636402363707 2.177614458299983 2.106519096428745 2.028598031637167 1.955475884884131 1.899414942527563 1.842342614531441 1.786734237087454 1.74250174150205 1.698218212887329 1.659023872219426 1.624344045255561 1.598270592888114 1.590212225444409 1.570686516121459 1.544058744029058 1.512796134049079 1.479364140238563 1.435407749191036 1.385952989018183 1.341907074538632 1.30873660544694 1.27000168199508 1.230530669441114 1.216153827836921 1.199327196064677 1.126554521068969 1.085999024765952 1.07842260251498 1.047345338328674 1.004485627137961 0.9804805863386056 0.9368014990248499 0.9219771064983251 0.9319940335872706 0.9457667245849259 0.9532530839131296 0.9588255767222351 0.9540888228883807 0.9818209419898161 1.017988734555363 1.029732428083957 1.018336221147293
2.339453701263782 2.227393593368957 2.118638860925365 2.041762866075663 1.987972748302829 1.947066029599374 1.897640521351232 1.838166601031638 1.774417081066311 1.718745349400758 1.693933847025343 1.665023431655545 1.631120139602625 1.588127889621231 1.529221297487114 1.475472347812359 1.432084582896116 1.408430870429062 1.387754475094349 1.364332559681137 1.33315669024365 1.305262255734386 1.301642496210083 1.282002458638056 1.280529121346194 1.211960504674058 1.206008272575018 1.181281731289243 1.191567287744944 1.208007065915624 1.214429096744039 1.219913808123327 1.195321311879819 1.188245259582415 1.150276626076314 1.1407280868591 1.135089344091401 1.134705580286483 1.124115486180277 1.124576674245087 1.147789240734453 1.130378103996355 1.144647082116472 1.1264042972446 1.131724747564339 1.153219062289545 1.137710971410005
2.110657950756957 2.046603873847509 1.975638542947394 1.900081240559627 1.824347591363667 1.759199721001929 1.706489416266866 1.668405521192682 1.634597088969982 1.605738630528336 1.552316342939584 1.502762296830244 1.473125300990866 1.448910630978538 1.432009414331146 1.404342213972774 1.368358035325136 1.331148094074222 1.304253174298254 1.315758223442689 1.312438503206535 1.305908464668655 1.320507656604813 1.32894444103046 1.316963726302487 1.286594166289537 1.258684989654787 1.249427146793859 1.26518831050741 1.264050335251689 1.277248164767266 1.312796366709978 1.299694733453552 1.295703566377081 1.269010088581217 1.277507875683642 1.2345551172968 1.227947615051806 1.207930754642911 1.227096102664673 1.194582369629815 1.190596739406072 1.164359106910775 1.126874982074658 1.14418948345178 1.130576030600549 1.139186833254178
1.829348536946701 1.764041606442101 1.737060304034568 1.705823397029188 1.651892234605588 1.608084517213055 1.564407949284876 1.526906950339161 1.483117332177879 1.434771807785691 1.396556805477481 1.37365238689339 1.356171776713876 1.325473530528981 1.290861019175117 1.250220664297148 1.238541203612465 1.298346685370562 1.270028259057566 1.270769091081021 1.277126653419624 1.240692674059982 1.261980021900224 1.242731269920606 1.257801046686951 1.246658673757576 1.231450393986464 1.232036543773481 1.227373618730093 1.237391156950116 1.247604947273472 1.247709112352373 1.268496329423582 1.225576074539799 1.19610240485358 1.192429231716168 1.182790127763772 1.168307537419526 1.152738165166717 1.144848727817864 1.097576321114702 1.080814629436415 1.057199024522894 1.017651309093719 1.033316221747076 1.007437777256253 1.012558767358778
1.636012129627307 1.60430010205658 1.560772323969861 1.520822159918482 1.479817022977155 1.420125072284904 1.412710338383663 1.390170656712278 1.340378759299827 1.302163555349976 1.267447407857793 1.230381364270629 1.189831782911323 1.141738872567945 1.137046794297815 1.105137794967601 1.045921445433974 1.010061467685859 1.011619875096396 1.017684971337147 1.037738818912489 1.063992666454486 1.064362801743644 1.003283082723588 0.9772902229868285 0.9706234809352824 0.9968068452887033 1.020168978257041 1.026510314983166 1.000703490112886 1.018937607501673 1.016543588264573 1.004451427934723 1.033880833652073 1.038111678304378 1.033491372873662 1.070698144207699 1.094996366701288 1.129510156507168 1.150833503168439 1.136140255724092 1.11940141062882 1.097665668035428 1.085563610424836 1.052494785178103 1.055863302361574 1.036771488579921
1.43567952236977 1.361034095283489 1.309119745487925 1.289275585702959 1.283322158781421 1.255090854482849 1.189512869748502 1.171070749548249 1.170635971751252 1.131942545239582 1.098365427594863 1.063405911858481 1.032415408144761 0.988985450270869 0.9600931671524762 0.9884654040308847 0.9831553828056679 0.9741671212143129 0.9704968553199688 0.9348073291742266 0.9344316193015807 0.9043430546436984 0.9103383029502269 0.9012811729841033 0.8942357891554499 0.9005163204021606 0.8950204994459088 0.9068148973450378 0.9035085515384393 0.8970347710015039 0.886209450089677 0.8817107841076133 0.8755870675636398 0.8732097187506298 0.9019661812592656 0.9314407167294341 0.912867990699112 0.8817379058393378 0.8580868852625104 0.8583972874492857 0.8463347435559553 0.8542888394510786 0.8574030392553758 0.863524854499871 0.8457536333571504 0.8288525891354711 0.8186990573657685
1.224921619440554 1.196974802602253 1.165148853547393 1.103261775294097 1.065128375124024 1.076506856490108 1.069737467746602 1.012566372136092 1.025053255840086 1.018160701466594 0.9977207055654523 1.017245550410235 1.031530699228731 1.011987296528149 1.007685843654299 0.9916000343627025 0.9489078884494481 0.9592838951613802 0.9276378991509792 0.9095030362348496 0.8833652719953108 0.9222221501421961 0.9535725498767444 0.9638246658638254 0.9510740937575852 0.9675051397297628 0.9987836654304058 1.001706708058742 1.000923418879699 1.026419429509424 1.03178353075447 1.043640043875277 1.040419165344833 1.031631946805621 1.011438740229264 0.9758922080241499 0.9518913867420917 0.9504530722307655 0.9752499618817662 0.9890012525103662 0.9766810788860991 0.9732856104844656 0.9742656963691273 0.9622735087861228 0.9481588211077342 0.9620477128824907 0.9635988760606948
1.163061339660831 1.155656675920008 1.168021030750557 1.182730325545822 1.200946820507934 1.224310481774417 1.220922669141249 1.205438504534382 1.1621098168547 1.144439380822804 1.145398534950058 1.172361463783419 1.161956142512331 1.156905498186131 1.16190794638663 1.152242878805045 1.139360662256028 1.170024151699725 1.171424485703895 1.151362372149995 1.165056414316765 1.153077691651935 1.178710227823703 1.17913375270602 1.214723294291052 1.207485135430853 1.20479265703885 1.186805909448627 1.148001361514963 1.122579392100835 1.130262669885908 1.116434651528873 1.099589059431194 1.097134204523158 1.087000720599714 1.075537391233381 1.083602790679589 1.098979155877926 1.081363153976057 1.049368782849721 1.059075637635698 1.0589568878577 1.075365933749526 1.083768593039923 1.111533936090322 1.122909268861039 1.121272059468588
1.228691159824359 1.220445705181393 1.211719703233084 1.221818321287128 1.244959668556611 1.246513402922282 1.232955394804578 1.228571933365391 1.199945869277128 1.2225371442017 1.220643510210697 1.226640100288653 1.235782568578269 1.212177079636113 1.217382776253107 1.220607542757092 1.218886431701242 1.227264106165793 1.207693301527322 1.21876361200919 1.198240660860239 1.186248567740305 1.179709914700209 1.149937808706253 1.147775656676628 1.156670515446352 1.136112645970887 1.14006003966311 1.12253523384401 1.124245967157995 1.103685647464943 1.111863607760424 1.119253779802265 1.112151805885139 1.118109819518359 1.131038054157881 1.138715695285683 1.145259783144485 1.159121665765869 1.17179194059763 1.171832631804013 1.16738992509099 1.152278256871479 1.161130809472324 1.175686579850089 1.197211962256593 1.214366021041674
1.165354564897677 1.14888648616332 1.150878899080749 1.176213479560623 1.190988441695837 1.166209542105328 1.160657658679997 1.130372049313634 1.085154553727453 1.068837455825731 1.086897081272423 1.070754057651021 1.085835716380377 1.09727129882437 1.104576965037167 1.107787448088822 1.11837780174618 1.135897920040678 1.133091487070495 1.156938543859285 1.130949716779823 1.119518957654546 1.088927823496243 1.07457080571347 1.049309422408044 1.081090502985819 1.110936475305863 1.089259728775546 1.056320107610485 1.073419546646232 1.070727477384153 1.083768888382627 1.085193193319358 1.09224375326304 1.09455439878252 1.108807977039747 1.135026829213253 1.160522750047335 1.175451391211707 1.207331763595135 1.206213612413269 1.229632146228719 1.230213242614038 1.216678138630843 1.228937484672701 1.250274878472068 1.277393790750771
0.9699162457956462 0.9674367696282423 0.9574554391618734 0.9507744740202535 0.9421610595396085 0.9448135525096027 0.9480802333983402 0.9410929959508161 0.9519796012000273 0.9735722988937138 0.9876668056857255 0.9999099826067304 0.9919845414788642 0.982461680357564 0.963407262236792 0.9364104994608249 0.910926453351387 0.909122778833347 0.9210930332691709 0.9157571850765752 0.9256966305791691 0.9234676922864382 0.9437056859655188 0.9583574667684428 0.9428617272496498 0.9087673689782362 0.9332138746424029 0.9656223092951653 0.9616052929757449 0.9385783435015976 0.9275244594277622 0.9158498415411989 0.8920240237781965 0.8974359253431469 0.8832804119183582 0.8764470536767014 0.8845834107236473 0.9039847102588335 0.9317618990864016 0.9752073230509418 0.9839197199934195 1.00837696039968 1.006816372835394 0.9803296817796946 1.018404601278641 1.027127800621459 1.017817116265469
1.016498340532326 1.024668427715224 1.024123285569692 1.021146457825976 0.987040232576115 0.9746149561965332 0.9476075736337315 0.9505354114739772 0.9680418210944156 1.034590184883957 1.073595974310444 1.059973234008243 1.092144074376631 1.078970257713281 1.074566659211917 1.050567297847287 1.035206305793046 0.9849257833926881 1.018418162240869 1.029547806078221 1.050757284398408 1.097643899117683 1.149920792614366 1.199405626008733 1.196081242107649 1.187109323014185 1.190244758761195 1.149539664633739 1.145125335855072 1.085909713852111 1.075134186895929 1.073097444713784 1.087662369137622 1.104658627029089 1.115407523343821 1.13573361662034 1.152668985425409 1.148540400919819 1.150023557167145 1.097662959666758 1.097549024544518 1.106229681880125 1.100973232641528 1.106363716768789 1.098962129494349 1.088557270920983 1.119720399695173
1.109990468595147 1.097784464823664 1.091318372277687 1.080192496235645 1.072548159194 1.091988958533537 1.067586200777485 1.120205215592496 1.118471379690485 1.154863052980196 1.159969540333637 1.201500402289204 1.197116399279156 1.211605147315876 1.218781121934465 1.223305940663409 1.219989918461852 1.230162393778307 1.230877329264415 1.216591863330432 1.219828320736454 1.201357457908349 1.218662562007104 1.209860477387789 1.210289523245536 1.211020313389079 1.220717390691235 1.199079322610395 1.20118049155915 1.173589183632985 1.151364181014355 1.170916859577183 1.160507201093744 1.191664841838211 1.198613073256295 1.223349143563896 1.23476312900951 1.24393654201969 1.232257498912009 1.221907602989773 1.218631216492347 1.227317648361235 1.234147256513203 1.234274834407776 1.228639190118625 1.241940387372194 1.232611791531604
1.091956084422495 1.090786100838042 1.070794162689239 1.085878680844673 1.052833588726291 1.075355248833974 1.056799584773474 1.104636629279247 1.138610518370662 1.189586121347973 1.201826334918758 1.243374343477835 1.249366995012023 1.240033471579827 1.256874796048352 1.269122885067873 1.271020597387527 1.282725505923019 1.306658851477758 1.302143812408207 1.327751894241471 1.34924033280199 1.345105538001803 1.357872009664792 1.38833716706089 1.393498111615237 1.381919524561913 1.377510795988653 1.353990838369909 1.349467052210334 1.301479470659841 1.312096053910545 1.291702092487498 1.299526436719887 1.314677688181671 1.340742129857215 1.354767825858686 1.377113126185847 1.36366405636159 1.387375797125588 1.380749716318027 1.363381350427139 1.352793468586671 1.367439510129346 1.343736859781687 1.367093580951362 1.365985255330792
0.9435854990329674 0.9150743646569546 0.9327091053333345 0.9266825495311899 0.9222059248554056 0.956759759296172 1.010490369234854 1.06315456405607 1.093113910134401 1.141616689710009 1.171836493511324 1.225564985125793 1.246079471037329 1.279230363303194 1.27241816856566 1.271204718129307 1.266013412195896 1.273063162312388 1.280565714644305 1.325649115633654 1.324595788016417 1.344351858162006 1.37913496382883 1.376929244484652 1.385891348410704 1.408605676270789 1.380598722279492 1.365935543595064 1.348143828285432 1.32345414500999 1.322188584231665 1.301679755421262 1.320498153965664 1.307591476504156 1.313561143304196 1.295703883148137 1.30811358206255 1.310008136506116 1.297195590409109 1.298741223632812 1.290787051995012 1.274293252247638 1.266803421749333 1.279632560599728 1.260843830939191 1.269130933584345 1.248202243323906
0.9831213524074013 0.9672654532029692 0.9600421380551497 0.946614776953746 0.9543159056064783 0.9441740687467549 0.9745824429748476 1.017202373546414 1.058638711282207 1.101571013307728 1.156971357136364 1.191047280677204 1.194591663470161 1.221074986278101 1.208608707037096 1.190786417668515 1.171015094543277 1.141764460434517 1.150499801685767 1.142160967686334 1.176068692270105 1.188187397127795 1.183632293240554 1.197883089330261 1.212214700550199 1.19894682101167 1.171319585221809 1.14452034654154 1.11217886675237 1.065385743934028 1.077785269428367 1.07230639966177 1.110929040754159 1.148996894899259 1.213951118810779 1.235274661263031 1.228070808023472 1.238331826307503 1.217544990038424 1.228113074662683 1.180432104164056 1.19066091773853 1.15095879234079 1.132771512802462 1.106302151580914 1.081259629653447 1.078917826484119
0.853170871971818 0.8453076032886515 0.8447029218430305 0.8321974888599216 0.8446562616599889 0.8558324628103222 0.8382464331182602 0.8233363695886843 0.8188251625777575 0.8228993063518188 0.866104005430032 0.9137167004885179 0.9724678217684617 1.018985851191191 1.032508126911172 1.027386199462703 1.021218308296659 1.002056045147619 1.024420723675321 1.04815260635153 1.048688256160256 1.052535817099278 1.029013153071579 0.9903462851641706 0.9482108071491161 0.9352006811220683 0.9090943788838725 0.8702983516910775 0.8401096701035913 0.8284895125059797 0.8160988609111752 0.8021143681114422 0.7837758314011419 0.7802760815435047 0.76927376178383 0.7672585698002679 0.7527950389972231 0.8277854616848148 0.9094121009678581 0.9359474945106243 0.9488952762592004 0.9550034642789407 0.9723455592934961 1.0002514440083 1.023379072405034 1.009224034001337 1.018457452637988
0.634571775431004 0.6056061183954841 0.6125237270414591 0.6373141419111034 0.6586551213854522 0.6556311732386879 0.6528830952107291 0.622488489725325 0.6208064219796117 0.6143168219257941 0.6402821542842724 0.6100467554716682 0.6053680105930925 0.6143694291610713 0.6271632356520165 0.6876030995212268 0.7790539403566397 0.8269079323873794 0.8444835746009575 0.8963512897636927 0.905179527621089 0.8597872529226824 0.800122795434472 0.7300991515478142 0.6919707696252202 0.6687037031097226 0.695282576901895 0.7042985709564934 0.7017485648848595 0.7237703672530289 0.7246171667829956 0.6888273814211343 0.6760363241523174 0.6500941766293182 0.6564264645411433 0.6686456044447985 0.6626316400107095 0.6543519840360448 0.661501605932854 0.6721935222894273 0.6761705827749905 0.6852063961964338 0.6779838824804976 0.6816577961586422 0.6684190575645655 0.6698066842816821 0.7011009744364547
0.6898836099839981 0.6794155018769557 0.6756058727487942 0.6756507649856697 0.6756569758413196 0.6863021917896085 0.6863962654864033 0.6862155163623361 0.6754785430864582 0.679592963526127 0.6804144682390431 0.6746162608236211 0.6592785561833694 0.6529211791369971 0.6541160100430687 0.6591208748435946 0.678690795554781 0.6944611968114306 0.7010353691938696 0.7185933416553218 0.7121712357392719 0.7104583078092859 0.7164972237237253 0.7119585991065767 0.7000212313933548 0.6979247904973179 0.7084734938937445 0.723121857258976 0.7512899685079063 0.780310635719247 0.7875361161298282 0.8054759635917746 0.8136179253029252 0.8066943423341353 0.8154855989092977 0.8033073393938782 0.8120797106096092 0.8038018971943686 0.8088592900176086 0.8005386978636748 0.816925271209848 0.8006411732688932 0.8116384425907061 0.7994794882613123 0.8175655741896933 0.7908573793306448 0.7839088939895208
0.7200668072615785 0.7221450811274227 0.7124705926930055 0.7021176781758427 0.6912189845302864 0.6867909711781132 0.6760716909563447 0.6596033224755173 0.637131163767617 0.617553889753803 0.6068726737006923 0.6040186672578777 0.5927609413269387 0.5939981954954873 0.6020377805025839 0.6307542728606766 0.6668696223882948 0.6860613792632418 0.6909846079676846 0.6911420818848876 0.6981256105044844 0.7079610006486122 0.7269533078332895 0.7200327877756277 0.7417399666234764 0.7475535756142773 0.7635131423446547 0.7819871043252981 0.789169427412056 0.7940607024313782 0.782588414963777 0.8036559290158342 0.8184109171774681 0.8344026752373963 0.8253677447201299 0.8248177582852194 0.7920727098227553 0.7932094088191649 0.7738865827268921 0.7653758076819108 0.7755068558712056 0.7877344025339785 0.7930832135915394 0.7848918921707156 0.7829344179672515 0.7626979979492643 0.7794642571109448
