benchmarks/avaInclinedPlaneEntresTest/release1IP_entres_dfa_60506ca5f0_ppr.asc
ncols 1001
nrows 401
xllcenter 1000.00
yllcenter -5000.00
cellsize 5.00
noDataValue nan
[rows 210 to 230 of 401, columns 282 to 328 of 1001]
100.1512327478606 100.0935619956793 99.95467330860903 99.96218510010384 99.89975060843807 99.87891308486488 99.96072332316325 99.99671150228001 100.0706189451401 100.0719843562406 100.1009600738824 100.1461672844262 100.1032686208095 100.2203597167496 100.2896631029956 100.3472006536268 100.4056529610661 100.393234565628 100.4730608089377 100.4915089090148 100.589869891348 100.706403147161 100.7626091915466 100.9191817204119 100.8810697163156 101.0247030913803 102.9728809840038 106.4593901438314 109.6906596042887 112.8651277435999 115.8374187226054 118.4244365977177 121.0685364293958 123.4071092110545 125.7425866383322 128.0878637051538 130.4934668291931 133.1131207742017 135.6826506901329 138.5512481067602 141.6883071637012 144.8049093230926 148.1345161328707 151.4571227515517 154.5028130587804 157.1597527858382 159.6504724055129
101.3465472381648 101.2734411008035 101.1630678693723 101.0792053659689 101.0610865244464 100.9864077022362 100.9741663990849 100.9783739748685 100.9532862074746 101.0102710624482 100.9756298594414 101.0429043379549 101.0608149787435 101.0839307746188 101.1873308230551 101.2449849353813 101.3814293800322 101.5112841422024 101.5788517224378 101.7519181432828 101.8057965879265 101.9262641033471 101.994115684787 101.9178965646858 101.9254579952945 101.9753907553723 103.8599158619503 107.5233220131194 111.1178922251175 114.471771212161 117.5886815356534 120.5574608611774 123.3940978442723 126.0899191291101 128.7307590379266 131.3426070293431 134.015440448946 136.9858529169728 140.0717016834019 143.0663614648597 146.2566209066607 149.4176670383368 152.3420975643404 155.0933493532598 157.7211114052549 159.9814618518066 161.7970849766199
102.4379504727482 102.4655979784383 102.343516017663 102.3239033691446 102.2001645813078 102.1938150484081 102.1291463013926 102.1725189796012 102.2289854631005 102.2978544368769 102.4446970516536 102.5373685639962 102.5533255589343 102.707289393786 102.7616541878064 102.8629286922988 103.0048200535282 103.0069015841814 103.1547092791804 103.1232541969213 103.1877813383693 103.1859074617376 103.1338165187998 103.1460167793221 103.0497276886129 103.2446176399872 105.3332268251391 109.042429482392 112.8112123301444 116.4331271973243 119.8704919701679 123.1340609895065 126.2116723917025 129.1811035784154 132.1502702799917 135.0845856911297 138.042688757055 141.169922131385 144.2691380116819 147.1218016319986 149.77910828673 152.3017800314333 154.6918069294224 156.798777497841 158.7993295655265 160.508021365678 162.1871723970543
103.537190544834 103.5290763148314 103.5177282692875 103.497157302143 103.4615375051435 103.5123195668439 103.4138181211399 103.4635438174271 103.5327942447976 103.5357109476435 103.6031111788245 103.5163914532078 103.5514764091284 103.5693727732053 103.5526840906682 103.667925130921 103.6952729252619 103.7494872558354 103.8053276400606 103.7574449036171 103.8128679468471 103.8033531409747 103.8379552170091 103.9590966616617 104.0884075870824 104.336843110154 106.6751343719594 110.7127559679909 114.6331394442756 118.4198141819236 122.1485668445347 125.7594556162074 129.2482366129901 132.6044972525553 135.7271445074328 138.6566184706108 141.3359270067861 143.8180444936293 146.4160500038217 148.9874692303733 151.1691199009238 153.1501180507211 154.8117699399118 156.1284900442656 157.2674958478515 158.3897752372196 160.0767309358791
104.0919115348248 104.1116710140962 104.1950029210143 104.2263113849094 104.2016224512181 104.23404743936 104.1484696447464 104.2155417987226 104.1774163502835 104.1257930983621 104.1280481275096 103.9998803569327 104.0082928459307 104.0262043666039 104.0480909362859 104.1600016984445 104.1868578831038 104.2713139564584 104.3879542360888 104.4309901697961 104.5875321025612 104.8553613850521 105.1143180671551 105.400721723945 105.8634227602994 106.5660400161254 109.2557700354128 113.4689438961287 117.487293302369 121.2967027187226 124.8362753956112 128.2744805499661 131.5151939072823 134.6345891369157 137.4244201283667 140.0375835637069 142.4140233042774 144.4452774248402 146.1494987222105 147.6439202915171 149.0203814128855 152.0728980594147 154.4604532972162 155.8148049952546 156.5180265087199 156.2618386786968 155.5794175132113
104.1516616678054 104.2380382931319 104.3631303705555 104.4000192724036 104.3738737904881 104.3690676209019 104.2427064624196 104.2548618254093 104.203018236153 104.2375169578425 104.3209261505853 104.3059662760086 104.4554945124623 104.6504131280037 104.7482207771915 104.945862621476 105.1752326631543 105.3426535780318 105.5214169341266 105.810561057719 106.1841089820067 106.652892891143 107.2246686050356 107.8933969047936 108.6558376121042 109.5865928956167 112.1430954534071 116.3462453287255 120.1751983705405 123.7062633418167 126.9673363652413 130.0133779695618 132.6236877963841 134.9476692767153 137.008377873728 138.7097861754341 140.1479346967478 141.3585781900748 143.2107338412434 144.2420430695891 144.7232177620198 145.5096564725885 146.3430803978508 146.0463909535457 145.5099975680045 144.8299000380634 152.9360705430296
103.7939682892698 103.9971741609665 104.1983027179198 104.3530727166214 104.5203902697409 104.6169945664262 104.5999906456752 104.6637119640356 104.7613227861928 104.9066937859771 105.2524479316465 105.6134176208803 105.8915144109462 106.1671718696742 106.5393983304982 106.8087730311962 107.0258938245827 107.4036747218136 107.8703762651181 108.323111184434 108.7979770934446 109.2722914900623 109.8195269700191 110.529855560329 111.3218053157384 112.190427985682 114.2830777894145 117.9375864605893 121.1129561353778 123.8170487558866 126.4396572083231 128.5811150192417 130.492227060883 132.2624333765529 133.7560795433191 135.2525119043136 136.9568627178831 137.6472923229171 138.1790624837128 138.2541696855849 137.5554518792823 136.8439460489102 142.2459884793756 143.1688100018734 141.5540026609367 139.6016799991725 137.3403026586494
103.4940740952788 103.6944861270346 103.9321980606896 104.1502641497599 104.419743551851 104.7384912428402 104.9818941106843 105.2845292338588 105.6443959004911 106.1014367182813 106.5681508658847 107.1075392621174 107.5218456324805 108.1363767094958 108.646822100469 109.0789184233561 109.4545968515338 109.7714775839129 110.2363574509199 110.5880603548716 111.0187912307189 111.6278264349841 112.28715671015 112.9711390304535 113.2770117813779 113.5643781323942 114.2174965607271 117.1608627102225 119.7273228613717 121.7739143593335 123.4115984016524 124.8327154468762 126.0635091864117 126.920554628345 128.1005499986298 128.6485104933051 134.1588661476744 134.1892467991417 133.5329421412336 132.2657317511433 132.1038113088583 133.1869459930081 131.2469691802099 128.5103520587434 126.2823413759586 130.5341527243721 127.7771007476789
103.6661935978915 103.8336218523039 104.0780716727756 104.3673650453868 104.7685221912424 105.2983777122707 105.921362288908 106.549701901829 107.2214541588182 107.906038241087 108.6026022809515 109.110626457196 109.4995178979186 110.0784890972156 110.604885792476 111.0697964315275 111.4053344895732 111.5110159256734 111.6397749604445 111.7961404035467 111.9243408926456 112.1281777880718 112.2497916863325 112.8146838820725 113.5277446645996 113.2730479589371 112.6133678428202 115.9179691420529 116.4862170589394 119.2246394303333 118.3821391112098 120.6120719480131 124.5082793438211 121.3130427252582 124.8741090959182 123.8673370190504 122.8970359829997 121.4191575423559 120.1180463609904 117.2616448823332 122.7205426687915 119.8140418573912 116.8558706506174 113.648244086718 110.0154844820473 106.6933746648305 111.7540388737571
103.5250967575018 103.6929279908795 103.9715463216916 104.3369922221467 104.8979935587752 105.6160078469202 106.5463862032918 107.4772026135797 108.2690659413929 109.0029540383827 109.5864048685521 109.9765955581697 110.387056764623 111.0051384050681 111.7554075747454 112.0723583271927 111.9064103464129 112.2629227867878 112.5535751842096 111.596702079909 111.8347300448788 110.8977837058527 109.837077750009 109.3316672983719 109.6649943520521 108.3736154506677 109.661051651507 110.1061469566934 110.6667418559069 110.102980977289 110.2818810722206 114.6052303112965 113.9970648186491 113.3956615316517 112.0329485551217 109.3615187882599 111.7165415945319 111.2398055046627 108.0267173132931 105.1062954697533 101.9528103057512 108.440829710704 104.5719804584697 103.3701355458501 99.57687294933046 100.6193349236378 101.8848158703796
102.4568638967895 102.6691852820538 102.9795608787543 103.3175437327838 103.5989656449973 104.0449764322703 104.7608720764216 105.4260542661891 106.0633776083778 106.4941820663744 107.1380121833087 108.466877202096 108.2751090662728 108.0253594457432 107.73057520218 112.3915965164462 111.6133977012491 111.706923439641 110.1924381427348 107.7568902428267 107.0917563153273 107.0044496756654 104.819286584738 101.7090105561688 100.6886821530823 99.26286002165006 101.518237330014 101.770422519136 101.7340777251439 103.1616262670889 101.8836511108655 104.350244261477 102.8926533425295 100.6807204895844 98.32479682789295 99.31071499361623 100.284251370829 96.45982456379355 95.90455249231681 96.47753860361188 96.68826424698636 96.93657035459674 97.14980531842906 97.39826114868143 98.31892974633622 99.22705677193791 100.3679055101051
100.4729588152447 100.4172631895212 100.5286171623573 100.6956276710536 100.7629950722831 100.8265816788532 101.3290029535782 103.7819445208531 104.6989396391011 104.3887477045514 104.9590623322443 105.164072013987 104.3110983184335 103.1455353505719 101.4827894663916 100.6631497789749 104.9141072611306 103.2100485249694 100.9996875592593 98.89705457326836 96.23070654528212 93.97129607914246 92.13562452350779 97.97067618396203 95.00347129129926 92.51533632896833 90.27599112530642 90.9625134354678 90.59784864958711 92.50759967770378 90.6203911628793 88.21671282144904 87.41321646191182 90.37638659181754 90.52264447863388 91.76445856162709 93.00186318851351 94.13439180589637 94.80708920236495 95.35234205261318 95.67750865619263 95.62020935421697 95.73701728545173 95.79386825462258 96.25757660354641 96.99968795601133 97.82316325112954
97.08927113512267 97.03842949750992 96.67659824670012 96.30869830388013 96.20808919774028 96.72240982946843 98.30975894411134 98.03106315672737 97.65914821567773 100.618703576757 99.50260092380393 98.44776521841635 96.94409693577232 94.74813954076082 97.75715235971735 95.74275675347282 93.67052595490605 91.31419893573009 94.46026263734456 92.0789207536323 88.80205288197858 85.61000564077301 82.5779005367544 87.36885599829762 85.11418025781218 81.89876213764141 78.29832159294111 76.21133672708079 76.86242616821622 82.3749357861515 81.72533701396421 82.90694579727645 85.35265155946315 86.98938515922549 88.22078675540446 89.85425976168814 91.23637680095871 92.27225961583764 92.99309160946295 93.30041377087466 93.57389105635538 93.55013343066776 93.3337212257895 93.31826995769219 93.56287115039009 94.08748103348903 94.55667123019076
91.73989510865239 92.01672184194636 92.41558510455867 92.03888040169957 92.14772467387046 93.12169023192959 92.98312794173422 92.3154797034445 91.15745678428833 94.49457019641744 93.4469519115364 91.27885052233694 90.40409627438412 89.42903272061962 86.96801616798301 84.0279297252322 87.46763061041607 85.26499017951507 82.42738186085573 79.26048800259387 76.28301541774451 80.07579452182661 76.5114565338222 72.7981040166767 71.53248850558712 71.16999132461227 71.95713330989209 73.69477550445588 75.28685277148514 76.9110044300137 78.70378213092779 80.92015429329054 83.03716299095449 84.55877751331546 85.81253132683069 87.22763513376478 88.63364288895352 89.8348048145248 90.52269443399713 90.7068567141056 90.77747003525437 90.67569257518036 90.41539628603452 90.54730769234214 90.62255115687412 90.74384345586255 91.18226171847233
88.60069580966258 89.24978531478304 88.93325594132287 87.74368718423425 85.61073619295095 82.6178770991676 89.75444642784713 86.90328178624331 85.58827750380335 83.40793957376246 80.16923970385133 82.59136894628956 82.70741492627438 80.62605610065826 76.67054326018396 73.12919707931732 77.18206254825505 75.48916112224573 72.05293398674868 69.49691044380569 69.71428140594152 69.73450662829421 69.48207934405261 69.12881595328396 68.82691765829944 68.74186499465425 69.92214597887934 71.67775656559941 73.34034800654594 75.01889056050854 76.61217302637093 78.37841635545925 80.27128129709644 81.58962699226034 82.78622885074566 83.87477979821246 84.79211487632629 85.58108028913159 86.20113543462045 86.40274411482513 86.45278114855425 86.46146762356011 86.33401137392653 86.06893029343928 86.44659271008523 86.84603958119362 87.58192479135073
78.43501027918494 75.00919391034253 81.23869601471104 79.94676147831765 77.12510345961473 73.6536317739576 68.77004686890457 73.5749474082384 73.74434133911141 70.35456571218501 65.82625326679967 65.02075652239446 64.82219932485087 64.96347467053647 65.40378943286184 65.82862553628921 66.09418063169464 66.40449822990844 66.74093914427148 66.99057384792927 67.0106237232726 66.88120179537499 66.57034355708034 66.17922528030176 65.75175537150398 65.75178421228304 67.05798293445993 68.96641214636061 70.71660112813711 72.40743799809003 74.04438986508758 75.5758484601882 77.34711280758677 78.63259117694946 79.58054639763624 80.32680981204953 81.09176760828116 81.48661391528636 81.6494482604694 82.07484569190437 82.37829975667067 82.42086301974174 82.65303697178744 82.83335800631649 83.22033373207994 83.94954462127956 84.47603220041064
62.29240800011119 62.11675853694188 61.8983188187154 61.91246423248732 61.98278070519319 62.18757535123928 62.52600071457395 62.72924519954645 62.85239019501173 62.65228077638765 62.13599752926505 61.72631110666645 61.65808714842949 61.8237008530419 62.18882338350708 62.56905302726638 63.11060605073127 63.65719453155091 63.94779282262948 64.09600747816654 64.15949586007717 63.88884606649076 63.501246948683 63.15389085065849 62.86626580669454 62.90932076436062 64.26778214431984 66.30655708808021 68.15381924712086 69.56510484514206 70.70367548953442 72.32526895541648 73.85761514577943 75.01519049199858 76.05491439947869 76.85706549598527 77.59141378486548 78.08686519626121 78.37970656027443 78.61621957294258 79.18499982545349 79.53885532980344 80.04727136818445 80.42242228406242 80.8358370891961 81.22994881445942 81.52078930018379
59.47268859137536 59.40179735383422 58.97228684415352 58.61241615828893 58.51547164502821 58.86868682895397 59.16320666514724 59.41873295392969 59.59123181520147 59.61475270166948 59.55280293609486 59.38829287355832 59.29403431975385 59.39328979848142 59.67374458261747 60.04006793915831 60.66068444067663 61.19344801883985 61.78203773354445 61.93858500074655 61.82175948170231 61.33105430516902 60.49030098893081 60.06921833686526 59.69859766902463 59.79895005712493 61.13662508208512 63.14102538652202 65.04633503295872 66.55428455715303 67.65391748462898 68.68945366575178 69.69454068736627 70.43106864335529 71.15583840981378 72.06533617602251 72.68553466771222 73.40594076363736 73.93320014429142 74.47047745903234 74.77891099588217 75.30342322703709 75.64940588093349 76.37840188599539 77.29472991919016 77.90239933012097 78.01084922210801
55.51876974014092 55.71442858813844 55.64448967466048 55.29043131198637 55.1829995115742 55.11841617332819 55.32706368215408 56.01569018749385 56.27684909661934 56.17694341348205 56.04377219994406 56.17502795623138 56.4621646434633 56.55745218136096 56.52531561483508 56.56958323396282 56.79400335712823 56.9059050388715 57.41248429737364 57.48440544682306 57.68278304656384 57.34591925766538 56.91007840937378 56.68705407440203 56.40298441891768 56.29446729086298 57.57922495022065 59.61679075937059 60.99516465820568 61.95712730331778 62.50924357954187 63.04331906355094 63.55142324281482 64.44910643393676 65.68014452233152 67.26227341744165 68.43786224498126 69.07699328249414 69.36479485762692 69.72521708865254 70.01579703070482 70.45824884212034 70.2522734283568 70.20117479003557 76.6299060024125 75.56902406156644 76.88415527016605
50.32599650186199 50.29576977637167 50.0891858664948 50.41176619621252 50.53589132687569 50.38044655411687 50.04775031477461 50.11673904039411 49.93170566948693 51.35328301216386 52.14529289568673 52.63392013423226 53.38968420893464 53.58206597777565 53.65295551329875 53.84733866346818 53.47647319164908 53.34060551403572 53.07943361471791 56.75655553940548 56.50647266077767 55.42309295932604 54.93390054322586 54.38759818044409 53.39712805390123 52.57926101391403 53.79844350324377 55.37689418680471 61.24219043873285 61.53591021890084 62.62272501582309 62.3051111941303 60.24151329696829 60.79766075427731 61.30412638699273 61.73289214093131 62.09861943753931 65.7972651508116 64.79737690948062 67.68033566026226 66.43519049120107 65.42606191685694 66.09077098438668 66.72108507557536 66.91708870136797 67.27267374435471 67.86260857411688
48.49007485511513 47.63093510554047 46.66798947499908 46.46687355934856 46.03004727881795 44.70367641226977 44.35312913465652 45.89726782462099 46.29857139084856 46.30362449815049 45.46892030188526 45.34490843101793 45.1795683993468 48.52697639201124 46.57451714749325 48.29020416948605 47.92595433979845 45.32123988816303 45.38349173284352 47.46932192469584 46.15811037813562 46.54810526073814 46.97571431738062 47.48793725749346 47.99473164116608 48.53958877037982 49.83202842732111 51.26965316750421 52.50547885914111 53.66670308002605 54.47323697761718 55.20208192394932 56.01832819411477 56.89138888288761 57.72790851510094 58.25550740106503 58.82615040850311 59.42806982654606 60.17726030568159 61.0657470316572 61.62352263686522 62.14038824988941 62.75586196559806 63.23636266177721 63.18100563947367 63.32641691374453 63.71705442718052
