benchmarks/avaInclinedPlaneEntresTest/release1IP_1af24dd523_C_entres_dfa_ppr.asc
ncols 1001
nrows 401
xllcenter 1000.00
yllcenter -5000.00
cellsize 5.00
nodata_value nan
[rows 168 to 188 of 401, columns 47 to 93 of 1001]
0 0 0 0 0 0 0 0 0 0 0 0 0 0 0 0 9.343588521215873 9.775805039368757 9.775805039368757 23.52045762767187 23.94808933356514 23.94808933356514 24.55120164431135 23.67731101749686 23.94334989690053 23.94334989690053 24.25871120627156 24.66756279631103 24.66756279631103 23.15611445106698 26.36736445578659 26.5337664791893 27.03461203231248 26.63730024582171 27.15070692909885 27.05345154154166 27.10857240656923 26.4791704960241 26.16785787421516 30.33514595189427 30.32447263847602 29.67752197892759 29.15511086351582 28.95142535575202 28.2548986619548 28.2548986619548 27.97269613735373
24.00754864838412 28.89087685810147 30.34058845098233 30.34058845098233 30.16730714919546 30.07612303701753 31.95155187833318 33.77461986938709 33.75390902009828 33.47864009658694 33.8399778677294 34.87938556507213 34.87938556507213 34.19801307117942 35.97893161429251 35.97893161429253 35.66336271611686 35.80568614821572 34.99881790645299 34.50417617939397 34.59055843291859 34.85350937698301 35.02424252363893 35.85854217464725 35.87037931835553 35.54610488883562 34.78213631748707 34.23575230799768 33.54758777167709 33.33494914993955 33.55071414387027 33.30027562891176 33.75089279273125 33.52782665126183 35.24241097477167 37.68830659368037 37.60412465350691 36.44467368045786 35.38434789704034 35.2373038986425 34.78302012223941 34.64161647862499 34.95360947439103 34.90064967989615 38.27780041811931 38.94092530334444 38.11009756438165
36.84226226315084 37.17519076922326 36.84395057849314 36.29453290453134 36.38299714522162 37.18636648764812 37.15784283172979 37.71970273850245 38.91276892331677 39.7461026316636 39.68311702195648 39.33828587347399 39.58490739005212 39.83168618287447 39.67275080528876 39.5641634086207 39.23227434847537 39.28158820392151 38.98685693539353 38.62433787158246 37.97164775805639 38.36319567481741 38.26153834052198 38.88338109265723 39.13615147941927 39.26752577352141 40.21049676212933 41.58397994101461 42.18532982521698 42.52634151468992 42.33046037962678 41.86162100152762 41.1334536617326 40.79327495283632 41.33850947312275 41.74649426625309 41.73891538209767 41.5680580942071 41.78231000615261 42.34317125127856 42.58233413160172 42.63291453285066 42.52190318529566 42.32317763111691 42.4230541089467 42.17953122337732 41.95845953958976
43.20079808101662 44.10751373717736 44.75949092021074 44.94792291647313 44.76961999509546 44.29755571974469 44.13500533832692 44.23076987213474 44.47888320516027 45.13980141650173 45.73036214391016 45.88498014825421 45.89188400734798 46.07406675365619 46.39305074978975 46.62369205777333 46.64303376011909 46.75442046336752 47.1555902721899 47.39989144322209 47.59249514835611 47.71405306816973 47.58817516392752 47.38437080521482 47.8836200828426 48.31287430669247 48.76116345059678 49.1476800868192 49.30621951898994 49.33776336980871 49.4459328799604 49.62368624548918 49.86983864361349 50.09829718474532 50.31379560797026 50.29094715045882 50.45490957925739 50.42417620456605 50.19806922075934 50.0625134922831 50.08020216236265 50.227942553841 50.37719482273344 50.4544511381916 50.35273641675339 50.20256279336994 50.10831922426012
52.13308183259481 52.74482840101967 53.23843298007586 53.57459188342471 53.73868742325298 54.35298904608769 54.69740057865852 54.82396645415118 54.77467695636234 54.5442719872883 54.73026790929841 55.08259270723719 55.29419321000637 55.52424219158846 55.85693864985666 55.82447862634034 55.80974973807119 55.7010859363988 55.88129238247696 56.13425944602277 56.26524144199914 56.68814956947637 57.07009176433414 57.4824717241509 57.67604765164168 57.75597270737256 57.769140841492 57.81054417329869 57.97371025732685 58.21735512049548 58.22861483903795 58.35257129965189 58.53146159940127 58.43074253559932 58.23520221431775 57.9826288689858 57.957301755114 58.05119338054057 58.20524949065307 58.38571039341677 58.45021048593749 58.51888526214606 58.48876549138777 58.73376426454862 58.66451192903591 58.68640039323806 58.65990778552554
61.16610279401342 61.50103468038198 61.66815993499977 62.01135349680018 62.36763172566976 62.46998166026253 62.51286058610462 63.01024378707736 63.20266102883512 63.4234714894489 63.52601818559477 63.57488137260427 63.67850473250009 63.79139102465753 63.98604865560574 64.17457626248373 64.4279422883321 64.71838121073105 64.92540466463358 65.13497077400224 65.24078397150384 65.44621791790834 65.67929536278584 65.98254116000385 66.2520391399803 66.34807328475294 66.47184655477443 66.36196531181079 66.33181914281724 66.39351798667821 66.35020051007582 66.29897927834217 66.29848672164675 66.19492224566073 66.04201038421509 65.95827265956407 65.87529322362147 65.86158485993673 65.77420703398106 66.04646514916493 66.23204482937358 66.33815749377881 66.55837723524222 66.78679294831907 66.78165542292999 66.69521894584828 66.62772064812303
67.52624613544742 67.87157840503808 68.35236767611684 68.84134292988288 69.34501265433124 69.78624914845614 70.20518587654217 70.55038010332413 70.7658489543924 71.06979570224722 71.32548389095524 71.61835134250519 71.76114435482745 71.73043464722853 71.64412570518765 71.6642777933003 71.94976720156102 72.14610684694362 72.49368219398205 72.80839196475904 73.0909887397401 73.22926961300047 73.43553138127712 73.56499145755126 73.57408578934374 73.60116870485439 73.49727423213812 73.31277558669991 73.07838401515954 72.89215938898698 72.86451775432086 72.88765931350844 72.93616149483719 72.9649980368326 73.00788266663596 73.0094313416363 72.99251107655165 72.9578822601698 73.30973863129786 73.58705417642041 73.68384454638407 73.8622202699809 74.02571416262366 74.22598178379408 74.21806614498971 74.08280104513375 74.0762139032835
73.17102042561017 73.87112479369227 74.36105624741309 74.81936850335332 75.31298683383099 75.84458517684185 76.23305554587799 76.60335747044259 76.899572430665 77.10432556490233 77.35447247503998 77.58795216593445 77.84868232066768 78.05164198047009 78.15596067371028 78.31266446741408 78.46816105704789 78.56864354785961 78.62384956200106 78.55321211440533 78.57684330061078 78.68162104353063 78.80414853239955 78.8803239880244 79.00971384310812 79.10664706128141 79.1383988075181 79.23640307092136 79.35006589149373 79.41233792219262 79.45338102281964 79.43750329468752 79.41832065599445 79.2885736832017 79.18730845064235 79.05836277446819 79.03402440616038 78.92679316348368 78.95123047231637 79.20612254464463 79.47814881065096 79.71736771706215 79.94805735838028 80.11855991020705 80.2973119629705 80.34089826592422 80.3126457503362
77.04562939427407 77.82371755070142 78.50650260667126 79.12991429351744 79.70653333863092 80.16959278584871 80.61283794976126 81.02345187466874 81.40589395992565 81.76388247353091 82.11151807708843 82.36088130098196 82.66607537528165 82.99016854670018 83.20707755222595 83.40597607416117 83.67126782995342 83.79420213075942 83.84328226169249 83.91332105865419 84.0118895241244 83.99699475157107 84.06625403880501 84.19769183878488 84.19736113669731 84.19776441457368 84.17977660804004 84.23847488144925 84.24893854259662 84.29595164160288 84.36677645920989 84.37402084811586 84.41701201291104 84.49295193384661 84.54762527812638 84.6518672424759 84.84688265690311 84.95667465879902 84.94655843942731 84.9562401589407 84.95058014383204 84.86216993269359 85.05542838648127 85.20127702880869 85.31833424415653 85.35459830914739 85.49807896986755
79.51944649355167 80.5001473912382 81.43191535433377 82.17192044169958 82.8318620976199 83.43987286344301 84.05139210831858 84.64700096952011 85.14904717870134 85.56252462004376 85.96073092734399 86.25368023497086 86.45504847642663 86.6894526566462 86.85799325311595 87.06351505428276 87.30047104171229 87.47332828121725 87.64298945578697 87.80430786854636 87.92667857741735 88.05156198519317 88.15576507624743 88.17236761268254 88.22748105020253 88.22012858764489 88.30995272797061 88.44322625901218 88.57254629368157 88.66610095510474 88.7606432367985 88.79909552247319 88.91629799115486 89.03332549548286 89.07640563282538 89.1818830446759 89.3243263657169 89.46572875656513 89.64077454983729 89.71328634632594 89.84316992555931 90.08968680230556 90.18519964315028 90.3013524272054 90.40689828219534 90.49201676314203 90.62859205983841
81.6495974246273 82.76003527814495 83.71597313193377 84.58377502882732 85.32404361703372 85.97906432309037 86.64847958586218 87.24248985651028 87.83061082614358 88.37748473936713 88.78701057825675 89.13294775912901 89.49050254764451 89.74286547052297 90.0854611545044 90.28336399631092 90.41777073663009 90.59391232267994 90.76000216364271 90.9362586493864 91.07646656803335 91.23933135919539 91.33605891093646 91.51354596194356 91.56699554104416 91.60679402426685 91.67490464493831 91.89000491700827 92.0991987882274 92.293875365956 92.53031584487698 92.76115255987557 92.90139620741664 93.06927137379729 93.25998848683587 93.47011023906956 93.62703669332959 93.7515567747554 93.86840007206735 94.10591509814948 94.20126252229542 94.39707733897667 94.53807407223054 94.67813183630317 94.89337389101318 94.93924939458839 95.07224675534614
83.14717385559825 84.30379318889965 85.34644335231994 86.33966501081257 87.19932258587782 88.01537600136155 88.76439710069505 89.46771391195769 90.07843434145218 90.65296553761586 91.16704413663994 91.55199503354883 91.8589621876701 92.18270605984442 92.51108941203402 92.74933717302048 93.01557642734961 93.23196908046116 93.46201809732366 93.6136025416813 93.75204810651125 93.86654565801042 93.9781365062462 94.21383465504535 94.45437744760399 94.63947883058417 94.91757986532035 95.09879493502469 95.30667264399803 95.56554013316129 95.79511274970955 96.06559136995287 96.35503770763438 96.57461534725694 96.71664822356398 96.97164765216863 97.21218169127708 97.3673771338392 97.54712062941081 97.78797492579791 98.01969616540501 98.21689637797846 98.45885476243824 98.74412361860212 98.91966406429106 99.08953728537502 99.35212288816128
84.08053967047432 85.33699983179926 86.51353267729056 87.53872591460667 88.50757994308337 89.4261177232018 90.29082293278779 91.10596313330365 91.76721501255211 92.36083961295499 92.90332974681327 93.41961030344554 93.81213879814636 94.17096565928988 94.53794752787299 94.8590615798081 95.08769969981373 95.27407383752575 95.4840804547824 95.6183150078279 95.78064639568105 95.80025309797415 96.1008407714894 96.59451295576834 96.95016890716516 97.28512629390276 97.6107309703241 97.98138660551967 98.25786950164265 98.60060922155623 98.96790714625757 99.2217903293684 99.54852806812227 99.85429420277545 100.1253901322941 100.4696629884485 100.7741038699142 101.0128151912268 101.2221579533959 101.4431003694473 101.690024222917 101.804662035274 101.9204872400069 102.1392165629963 102.2751725936722 102.3924132560249 102.4504156702102
84.43688863036051 85.73437425173624 86.90906130605143 88.00563078812152 89.01895921897182 89.89492484129667 90.72076086097356 91.50990851169531 92.20353045306727 92.79920339699292 93.36987220447415 93.93976589613074 94.36995827044741 94.73877971580792 95.11855366889964 95.49012101578043 95.83265995633576 96.14024737563258 96.39524617572074 96.67094127792346 97.2267916480357 97.72943344338844 98.1637282400449 98.6166179150386 98.98172445447717 99.3916029212583 99.75571421549944 100.0909030055688 100.4200530940215 100.7120467791756 101.0961291276377 101.4344441535323 101.7831654028101 102.0760417785228 102.3152196406871 102.598549036251 102.7891420150591 102.9797730991463 103.1553970391717 103.3025510894563 103.5515921287368 103.7403396123332 104.0019434374406 104.1395459547026 104.2909381050541 104.4865808099354 104.6511439408973
85.00702933138754 86.24348885543769 87.38984537119008 88.49561996377557 89.50403128429605 90.38773080915755 91.18627410595701 91.9214600419037 92.57353366689006 93.17490177187911 93.68637860187148 94.19554736799574 94.63510494953273 95.07607083496276 95.51505550468114 95.86518736372801 96.17459564279166 96.48173498591984 96.74261299297437 97.21788824651917 97.73564943121552 98.28188190329796 98.78174633505657 99.29039963527958 99.78003196881922 100.2599525942449 100.6595528264091 101.0644552473107 101.4774580311514 101.8791002275014 102.2238817325898 102.5679948528664 102.8892559458817 103.1487802721109 103.4580909870972 103.7529807710242 104.0223463710755 104.2673609771863 104.4695884993147 104.6172256431799 104.8205677330701 104.9911628224387 105.1598278904798 105.3240819111534 105.452660074544 105.5592918921578 105.6894214763675
84.8942864373138 86.20614319395764 87.42314644692657 88.55797747838248 89.58981388094435 90.54649527766003 91.4205863082576 92.2163105390125 92.93180402097111 93.60619337801329 94.17308195015342 94.69257671821774 95.11468929555699 95.48474227128517 95.86784314098631 96.2455739348548 96.52176997104782 96.77791066730596 97.02846192962512 97.3839343265067 98.10431247764022 98.75750500395888 99.36550558598077 99.94878490363402 100.512914371139 101.0937213879602 101.5542582711122 102.0605836547694 102.498780367247 102.884985546268 103.2587895280051 103.6167684451991 103.8983322374559 104.1672810435737 104.4376343560668 104.6640430680475 104.8793339217659 105.1052566646196 105.2693960784934 105.4387169902359 105.5213305377403 105.6561233692715 105.7980077741816 105.8691729644089 105.9467750626721 105.9720529957035 106.0635172581651
84.67507624907063 85.96616587549912 87.09103687009669 88.17647362591772 89.12421202923564 90.09358392991703 91.02543775154888 91.91328855621282 92.65324824847383 93.31700922943821 93.96841651545731 94.60501540324319 95.16331879169415 95.61508030727191 96.07947872965397 96.50938555969682 96.83821595819894 97.14581631807467 97.45194054446294 97.72141488196876 97.94850957393801 98.27755091173 98.87589623492075 99.42866750990534 100.0043867805551 100.5602029250128 101.0650390094819 101.5282107793231 101.915339133445 102.2820392460059 102.6787314118473 102.9917152853855 103.3389330436557 103.6833606468642 104.0164737489977 104.317674780795 104.5558686678463 104.7980871239259 104.978918467023 105.2003141476909 105.3302451844174 105.4732823203172 105.5521439975115 105.6843946371209 105.7241076064273 105.7566306851884 105.8471833233848
84.64686195915353 85.93608958207246 87.14818032070738 88.32865222438204 89.38347606332128 90.3039515845505 91.16784288595211 91.93494450736566 92.61971830256131 93.18500676256885 93.76588831751907 94.31887116057089 94.83679793038792 95.32176591974718 95.76796148995115 96.15280404270327 96.50395953815648 96.73377070260099 97.00569671853076 97.2497402304555 97.90722886903242 98.56018820897918 99.1498676756954 99.67448331705816 100.1370009644217 100.5422577760865 100.9632621043441 101.3348022174706 101.6623977558497 102.0462730093222 102.3398403428753 102.6581707567151 102.964361545721 103.1943842385656 103.4009126261939 103.6372344184101 103.8438084780804 103.9994728732077 104.1837949546247 104.2663578005176 104.4413409104198 104.7972647694618 105.1873729201167 105.511380621386 105.8452764878102 106.1857781624434 106.4578894900871
84.23471975110334 85.40668715693954 86.48901510572937 87.56916061068168 88.52064725196534 89.44849834763058 90.29494646037388 91.10565831674599 91.83445016860361 92.55238313617464 93.27984347701712 93.89948131855148 94.56098475660718 95.19269492282028 95.78353885469019 96.30874602907134 96.77913278987759 97.15283202450726 97.50329797369942 97.80782905727611 98.03433098092231 98.21379860068019 98.73133686890216 99.3169065125269 99.81874416803075 100.3128430583509 100.8246379908653 101.238989212051 101.6533706106445 102.0305216417223 102.3605764188335 102.7140987964419 102.9764690145609 103.1973309324291 103.4449912506348 103.6517759840364 103.7923037426398 103.9342563482472 104.0750825533364 104.1627713828752 104.2847063277495 104.5192785106199 104.8609220588494 105.1942237508471 105.5264832648404 105.8849326315135 106.2143559717546
84.32217798112961 85.61831967236748 86.68089813231089 87.68210518301467 88.57755866844407 89.39758137822699 90.20572840388904 91.05159946293334 91.84090289782951 92.53227611184127 93.25933256796819 93.9254291805085 94.52634176907206 95.07739075983604 95.55659834361153 96.03960346116136 96.45295790718987 96.76813460639053 97.06068238990748 97.36308040234314 97.61469392730629 97.88082242974649 98.21391261313066 98.63309608812565 99.17675904715094 99.63854311661127 100.1083009308254 100.5384543630226 100.9224814927657 101.3072295899859 101.6405007299855 101.9623659678318 102.2599296472211 102.5175704537457 102.7529510448758 102.9923285853346 103.2158658173049 103.4539219159976 103.6732905234556 103.8455627344896 104.0737611251887 104.2901383911284 104.4833351194975 104.6726722231389 104.8976191072051 105.1213327191453 105.4149183077524
84.02951418201813 85.3112023393016 86.45993440480368 87.46608655550912 88.39153619742795 89.25998687071042 90.0764980612865 90.83850711741202 91.54073080693897 92.18199829944797 92.78786908725746 93.35493249862461 93.88156806049969 94.30472746164281 94.70344384573536 95.07891320543241 95.58377776810906 96.06969820399071 96.56081841541321 96.91141621129188 97.27908987382041 97.60883951624727 97.94856969498503 98.54194765540362 99.04842609787362 99.55128041447223 100.0315295224255 100.5528464481003 100.9540742707255 101.3728950256643 101.8111049281026 102.1313184389511 102.4390542729289 102.741581983868 102.9900808518847 103.3291167323392 103.6032884143037 103.9319369466095 104.2233203947956 104.4821662271234 104.8013326321732 105.0753903377874 105.4014759575701 105.7419193230273 106.0633465081193 106.3004913083235 106.5600673976892
