benchmarks/avaInclinedPlaneEntresTest/release1IP_1af24dd523_C_entres_dfa_pfv.asc
ncols 1001
nrows 401
xllcenter 1000.00
yllcenter -5000.00
cellsize 5.00
nodata_value nan
[rows 189 to 209 of 401, columns 799 to 845 of 1001]
13.84345507443584 13.91871326238017 13.94921969401277 14.01440612825419 14.11059113808283 14.21897081022622 14.32737725897584 14.38988346939646 14.53944945244891 14.60927973702214 14.60667072886349 14.55200422503884 14.47920284750822 15.07595075382549 14.95665658522426 14.73643726002605 14.43088264604199 14.05502415813844 13.64562270165442 13.2098925844622 12.72588169201132 12.20811034184056 11.65448860879215 11.10486442617765 10.64720069413103 10.40682073483578 10.25634457239783 10.20209809925041 10.18750656077011 10.19867598776467 10.28883821336031 10.39016237511875 10.49128515067609 10.52191613529265 10.56903134139413 10.66071436214376 10.77074867513145 10.83658908181603 10.92592533514179 10.99513008264863 10.7117526551422 9.692334313651513 9.769061344994558 9.818226133871095 9.87099164161639 9.954836622548779 10.05482889458934
14.18963152591152 14.25396945317487 14.26872977563522 14.31788811922665 14.37719851873004 14.45795700887337 14.50581610117931 14.56419052669375 14.63615474712625 14.72764963879329 14.80931264117743 14.87436255592878 14.89363921663243 14.92429062660776 14.89846532656977 14.79958782348678 14.78262530437743 14.479925084068 14.19320629238684 13.87882287648857 13.43460845727978 13.03679613401054 12.55358598882497 12.07272078000771 11.66732808567204 12.04475100741676 11.60346281097185 11.15807707699933 10.73864385002414 10.32151389495108 10.29044691886823 10.32115494423437 10.41426505098561 10.47554019262349 10.5067255749863 10.54203769809829 10.65062454697038 10.71499885731937 10.81064030509106 10.91019858673413 10.43958248949892 9.596026817911735 8.796292072464146 8.708207744149323 8.603186224293653 9.314079087618364 9.269716699724091
14.36485439964116 14.49334376875046 14.47104842416226 14.42040643746231 14.34594722792213 14.32547399658884 14.31265245178941 14.35449741094805 14.45201756842739 14.56748349071717 14.67928945118851 14.78880903517625 14.87874684566696 14.91378982431929 14.90965451663981 14.85773087147409 14.78840716382607 14.72856065106638 14.54398369101165 14.26941479374999 13.96820532066622 13.66480116300417 13.30307311686396 12.9722340345302 12.59292872207794 12.20753727294626 11.8275690013899 11.45679811423851 11.08489708764888 10.69859986888855 10.33208735708761 9.998464359538458 10.03623321405968 10.1073926874901 10.15336070758373 10.20071788141597 10.31033890900873 10.3545803864819 10.30200905663325 10.20530797022939 8.78007694948227 8.286936720029415 8.115948485809625 7.888943576810819 8.365324439568974 8.365324439568974 8.227562466023063
14.20149078152553 14.24802164949074 14.23854370946097 14.17127691456473 14.06466622875829 14.01160927095476 13.96162463675747 13.94479710345593 13.96728428691569 14.0220536290977 14.12906313451073 14.29042823177541 14.44387628680703 14.55664086239611 14.64385085090356 14.71093033232175 14.71238138358961 14.72856065106638 14.54398369101165 14.26941479374999 13.96820532066622 13.66480116300417 13.30422410273587 12.9722340345302 12.59292872207794 12.20753727294626 11.8275690013899 11.45679811423851 11.08489708764888 10.69859986888855 10.33208735708761 9.998464359538458 9.686007715428373 9.394732049157138 9.302781775665785 9.350039538263157 9.386008756407296 9.54349463906644 9.653464064548377 9.552066853920135 8.145768145951845 8.120897938379072 8.073414041823566 8.069373208978247 8.412108144187325 7.920079413079225 7.832014594725361
13.62754657873558 13.66396133945312 13.72905816423773 13.67973849966775 13.63446386652098 13.62644974441348 13.56891830672047 13.45680035562251 13.34181701894637 13.29921256218225 13.34181908196316 13.42211722700381 13.564826558687 13.76330316629194 14.09759570192696 14.21172744148885 14.14000842447527 13.96673921208258 13.73379985824977 13.30194570695638 12.89685113333878 13.46921846405322 13.0924305833311 12.70764217539294 12.30536621567651 11.89360562615011 11.48586285779652 11.06511056840266 10.72483024945673 10.33861111554387 9.983234776958057 9.663726260362116 9.340945086573809 9.058303257937444 9.261341934299621 9.256183438911874 8.98259988625844 8.963361521183309 9.368097331314925 9.479030551383783 9.123433568868997 9.107669783833291 8.928176104283343 8.65559395846663 8.434921604256427 8.455136547913325 8.422201353736412
12.71050125749738 12.60641209853748 12.49991543081607 12.39041821385615 12.32776650958807 12.21100167600314 12.21629421212006 12.19339235968175 12.14659198214129 12.0974290728355 12.11919554434306 12.07986732112635 12.11831309781248 12.41859699155103 12.51068938729995 12.48962970151724 12.29977319520741 12.03993059587483 11.68402105329649 11.48780947704767 12.57624695251318 12.15597952419523 11.80377112089797 11.45591338051451 11.07017154436915 10.72794821493492 10.42929694195523 10.16066642637145 9.914272340494639 9.670338878305946 9.453581422063436 9.52852316593817 9.528368920559945 9.522533460841659 9.536121591980868 9.582715566736884 9.588782155014931 9.55821766496592 9.925007026372903 10.04605098614043 10.09085787917809 9.984229157355745 9.790354877534323 9.466722167877576 9.278026143886935 9.449562268157536 9.579313322917233
11.38881887308322 11.19994686397782 11.23716863519506 11.31447446341637 11.42348888782751 11.50333445613826 11.51549105541586 11.49437740408942 11.45429508999349 11.41453714132772 11.27934627775589 11.32660613063643 11.28095131708364 11.18068432769778 11.0635614548828 10.97284409243256 11.01297446752355 11.10809945465519 11.21695066160785 11.31504567372675 11.34611180889609 11.37398010953221 11.60699469361123 11.7573473430838 11.23094840907213 10.86012846157524 10.65956921282278 10.52997918348019 10.4561588033775 10.49904196843871 10.54720506040689 10.67808328544116 10.79234395580362 10.90741190361785 10.95032540748992 10.92044212516066 10.81199047327664 10.67772540602198 10.54088299447419 10.3658584424777 10.24817931781809 10.19744615146057 10.2065344203358 10.25908066508152 10.24096614174679 10.21694482622057 10.21560598389429
11.14927803299672 11.15940180952369 11.16112297331906 11.20252511843055 11.26468860876106 11.35439734652401 11.38163437825474 11.3852896973762 11.31991773949908 11.28069962414943 11.20219140912562 11.14814378975907 11.12605353638413 11.14067321920203 11.1788348061506 11.20682553849912 11.25816643059404 11.34021031625073 11.42732395901117 11.52017490463215 11.57994028504927 11.63243461449553 11.66458105542076 11.58699236175633 11.38061507501859 11.18033502489526 11.07468324615388 11.01720840914517 10.89651811878043 10.89316419774394 10.96796932494004 11.0782709648642 11.16847571981209 11.28036033002008 11.36985754429803 11.39603849223046 11.32874735136958 11.20379490381147 10.85304401496132 10.57185834677984 10.4586444173413 10.46994948638402 10.51476413593978 10.53723578827872 10.5025157677373 10.49051019692523 10.49449692932534
10.63082389143402 10.68315462481706 10.65978552606216 10.58338500468835 10.45619919625548 10.37351452045002 10.49780854991536 10.52866283748825 10.44484516290722 10.32106279471494 10.24721799572332 10.26055665415077 10.33531851696163 10.48501163504288 10.6350564139015 10.71405512886903 10.76552782562123 10.87277525924837 11.01286580886445 11.09549190720066 11.12917272677088 11.19238704036157 11.28626747624093 11.3055620009009 11.22805380705385 11.14284598702708 11.02307922214869 10.91680665463813 10.81763705603868 10.82302885643144 10.91367886865724 11.0476508677926 11.17151030658163 11.25860024630082 11.2908026566958 11.30246736396862 11.22765260860687 11.14299169805233 10.68312399167651 10.39989804441284 10.4745454272457 10.54800158383963 10.59303699096007 10.59786674915366 10.67176860294759 10.73386876742082 10.81428289030923
10.09571957420104 10.16984608845811 10.25589836608359 10.36187468968046 10.44871128270247 10.53210025599284 10.54213645101415 10.51450811822745 10.41705728380431 10.30793932721399 10.25686881666215 10.18162502184884 10.10803855739452 10.08598506700413 10.11055356814875 10.12185736495843 10.12877651988983 10.1844075335607 10.30794106613278 10.3929406023773 10.59891863681929 10.70137326202702 10.6882706865549 10.28713421488705 10.31283973667853 10.27921877812213 10.32568880069673 10.30836747142351 10.23583109492782 10.25302919421999 10.31907066979451 10.44737278355568 10.56140855472426 10.73043951591207 10.84267544355519 10.80978696826228 10.76865167772927 11.21784784686901 10.45377741126016 10.47946691503622 10.6323493685881 10.75916593148758 10.79974248091079 10.86511355130338 10.90771135639018 11.00138026585622 11.12237215459402
10.71827100176329 10.72543506892767 10.76926750600494 10.76581669937989 10.69571267225981 10.61133149186332 10.50817774148726 10.42944361978272 10.39389405199605 10.35816813851884 10.36751379667466 10.38953334420565 10.41730375714069 10.48728832484002 10.56661845184499 10.61236297203147 10.6397145043478 10.70760547128082 10.7396934754615 10.77328183237443 10.79325514868868 10.82007525030703 10.81820400945002 10.72918259939545 10.61110380298051 10.5432938610494 10.52534787991731 10.54110702581265 10.54826466559955 10.53337061239267 10.59416678928218 10.61795735868542 10.7269790685854 10.87963283461297 10.9446110319581 11.0770983355553 11.16281978308555 11.14475441273474 11.06953123916711 10.95147271035343 10.87732952749763 10.88170204487336 10.95219615674872 11.04100388211033 11.12209155841516 11.17644348550661 11.22354943402503
10.981569277082 10.9565964667588 10.97585606257226 11.02575824722817 11.05802557787235 11.08800358175873 11.08635320418015 11.03241599992201 10.9348566285727 10.83209599318801 10.79846116900116 10.77629012194369 10.77897949586281 10.81777812600669 10.84005166453974 10.8868354957184 10.93982937471284 10.89194619791449 10.86319708946789 10.83895627607426 10.83574577376621 10.85569630404313 10.83096132627444 10.80225583560907 10.75960622190677 10.75098686571067 10.83324875475504 10.93902565550194 11.05447410181043 11.14653404830782 11.22368693589322 11.28149016776056 11.35256297097176 11.42145805191568 11.51328542703819 11.62717366773785 11.70935996018091 11.69455851584856 11.54493841078299 11.31159763973365 11.23727710786329 11.25250576023078 11.31200331659921 11.39418766318407 11.47734585655109 11.49717346075061 11.481659366767
11.08538062632644 11.01431441590569 11.01343316822207 11.0912553525508 11.14600270964519 11.13906507227233 11.11364862432733 10.96989292206831 10.81689260571258 10.86210458016789 10.87162508305771 11.00036891730298 11.16578146488364 11.22680912109778 11.26403868449759 11.22774900788654 11.15970936824212 11.17947078226953 11.1707824668789 11.18819112042624 11.18093503723405 11.17588936149875 11.27086125562239 11.3079077973301 11.42688358860213 11.53268251801819 11.55675866380139 11.36438457843883 11.42358403092856 11.50983412713194 11.56700964434932 11.59346887349785 11.60340758566757 11.66270339604618 11.72863450218833 11.79291838737372 11.76931414905722 11.61862409285112 11.40370870673212 11.16845697697506 11.12319739878932 11.18270170640609 11.28258230502187 11.36851264640503 11.40999222247411 11.44862702365427 11.45774970394317
11.88513950431137 11.92229037028165 11.96992144559806 11.99282806475681 11.97958403668351 12.01377911385226 12.02098654480785 12.0326198205211 12.06644256057947 12.0958597255514 12.09556562144734 12.10153673581852 12.11624263746011 12.13493257645626 12.12794752819556 12.1224360257291 12.11124448142018 12.11415814450429 12.15019759362911 12.26056517548625 12.38814130961587 12.44326916676119 12.46498932146249 12.54605998870024 12.63336573667681 12.65098667591578 12.54959126307587 12.22314424714648 12.19371665874505 12.16517221564935 12.10192649201611 11.98467025077538 11.87642352018637 11.84622864145573 11.84341382299078 11.80066915433789 11.61127202214471 11.47647012793507 11.48234105701744 11.56433241222588 11.63820840431501 11.72273735170377 11.62997619633489 11.49179964362963 11.39814578938276 11.34023648106658 11.35125196251581
12.14769169238156 12.17567496514827 12.22481321444596 12.28129882261312 12.3314146886904 12.39936532030875 12.44617731258122 12.47445462886968 12.49884893502254 12.52596088159298 12.56067631750981 12.5959359616424 12.63396763984751 12.66397230181685 12.67325697766889 12.68210351083698 12.69741165258184 12.70738658011092 12.73979376990042 12.7690313885639 12.82390861767805 12.87314317946987 12.95170060910988 12.98880241590062 12.9926153813153 12.92300558856916 12.66755731148233 12.5992347842351 12.65474152040455 12.63015945073984 12.43812838584277 12.18145481254845 12.09028840432546 12.10387923772409 12.11819982085356 12.06289561631315 11.95661048030222 11.91303689733816 11.96199440050231 12.07764979498856 12.1981083415045 12.28726887279815 12.23770132405237 12.15665624821151 11.96088662957173 11.86209675852501 11.86434678075034
12.01498578318971 12.00989514853709 12.04646871184103 12.11001877993053 12.16376465277425 12.23021545882626 12.28390822853163 12.3171685509138 12.35568648381954 12.35808900971715 12.37458672046759 12.38546728775107 12.43303267196742 12.46804211633688 12.49695211960633 12.55118413278358 12.56371198494874 12.55897531060207 12.53383276384197 12.49459971034126 12.48317019499946 12.49238779873004 12.49374262825291 12.45169343065067 12.43587824149847 12.34833451467525 12.26692092840457 12.24955064213748 12.26688313072681 12.25416711822336 12.11415424547753 11.92011791051904 11.89804218974011 11.90067243428168 11.90774116764495 11.90052443024139 11.82406272553042 11.76050614767388 11.77199720794099 11.83343674926231 11.9989490828016 12.14643048372851 12.17501811205508 12.04603529579424 11.85461105538457 11.72340270044212 11.65772278117614
11.36019416548724 11.41262124461548 11.42321456050426 11.44028859308474 11.50245737787138 11.57424024328236 11.67818071580798 11.76924089568849 11.8678241370888 11.91915404316919 11.94811531897845 11.88990882315342 11.75098129226812 11.70200792038045 11.61586218221079 11.54038945467257 11.50363569155184 11.4739267523639 11.38245023080467 11.31438425754543 11.26243354478601 11.20259399816491 11.1586934735951 11.25986746628141 11.39443664976789 11.48500162983124 11.49465592432897 11.48522704028985 11.44792428206331 11.39086863970662 11.391742877381 11.40404867103403 11.43875657644822 11.47160376543459 11.47697890486479 11.48333121892836 11.39528732782023 11.42008558817845 11.50326526778368 11.61929808866866 11.72394001477178 11.81933967137486 11.94268667681193 11.97499910414369 11.84185074910737 11.52870731634038 11.33550573468046
12.12501478582091 11.98893327355229 11.86782230816222 11.88874903905528 11.97977318302757 12.07945996610505 12.10490707904558 12.1527769277754 11.98117585691664 11.77670698011386 11.53696180911899 11.37600253220788 11.40203030610175 11.53152441138139 11.54125433211009 11.52015267051198 11.52944952032512 11.52591393838039 11.54746216305935 11.72295022598477 11.88959882082283 11.98832217781155 12.11015862067851 12.18010567734236 12.18684282463704 12.20918955432164 12.21197628174277 12.27092235263398 12.22782392780741 12.13591078362755 12.11128386783191 12.08847385399242 12.03185658509813 12.03361916145524 12.0857544620877 12.14940135732249 12.16002111538956 12.18118184472391 12.22771728994736 12.26045329959845 12.28457787964116 12.36034009680328 12.44791416904525 12.54026947567671 12.50752971493556 12.46796654993811 12.46948309751295
13.20507650877573 13.09764223140821 12.8809082698719 12.76968218723113 12.74384944725187 12.73531150544291 12.74579498749117 12.77114997239792 12.73479337654048 12.66879301626125 12.5925836841292 12.52914991008155 12.48775729523186 12.46720082436923 12.44659596852041 12.45114584544429 12.47565501410766 12.51044304124602 12.57942031690822 12.66667780689464 12.76647823752547 12.87863130459574 13.00536745468885 13.09508857350206 13.121256050424 13.14714826475373 13.09552903235547 13.00867446651684 12.97067707754068 12.96639781309058 12.95123811871454 12.84867044985467 12.74919568239723 12.66610648890987 12.6579629305179 12.72618720827536 12.80239643810029 12.82266839405282 12.79756580132001 12.76832683508426 12.72391255678903 12.76903284388496 12.85475342240547 12.98050455779998 13.07508381215628 13.1084462791849 13.09542265471098
13.54993443601357 13.41632298949754 13.10121463065075 12.949711275483 12.87374673106233 12.85857250400799 12.95367500915103 13.02939426824974 13.06913408806404 13.07095638108385 13.03080855059052 12.96016791873658 12.9053136784253 12.87084974372893 12.8554370628083 12.86927195370513 12.87831419542196 12.8872614627054 12.92043044352669 12.95907435487197 13.00572702448629 13.0821599729126 13.17928476323188 13.25337319931119 13.32534794882164 13.36834054338801 13.32897945198546 13.26664929106899 13.16949172393259 13.1645218547201 13.15250726715191 13.06197593878275 12.96977830042905 12.90395052667313 12.94555446617057 12.99491578358186 13.03533825772984 13.00797078628891 12.91989327519974 12.84339512952063 12.81959896907591 12.8617918405668 12.93637011981149 13.0358774145374 13.1326219501906 13.22370408733955 13.27579630170306
13.18906001956907 13.12042440799707 12.88851351933947 12.60754344255284 12.43960309353696 12.37073943591098 12.4051612334392 12.4190814782717 12.46960992632692 12.5383583589217 12.53097257017142 12.45222677640295 12.40613635362334 12.42967903501564 12.41265722911126 12.39615870852895 12.42074481132853 12.45631388770105 12.46996049571193 12.51624393446114 12.596295778609 12.67210326281461 12.74925364991759 12.8250981881463 12.94594668312581 13.06711101168584 13.08499760292153 13.01056544768628 12.94158893406879 12.95433719978946 12.96504509943127 12.93599102674226 12.93090470329098 12.95184029016608 13.00103405737591 13.04157006424867 13.05644434036958 12.87385800287049 12.70796096726543 12.63044351343673 12.62303165767921 12.66459536898911 12.72751339509447 12.80396060614275 12.89669345421869 13.00371186240149 13.04654382723034
