benchmarks/avaInclinedPlaneEntresTest/release1IP_entres_dfa_60506ca5f0_pfv.asc
ncols 1001
nrows 401
xllcenter 1000.00
yllcenter -5000.00
cellsize 5.00
noDataValue nan
[rows 168 to 188 of 401, columns 658 to 704 of 1001]
8.395767585574724 8.47264157660269 8.93017689673383 9.308104432573758 9.179869444462119 9.110994920398225 9.096678129838583 9.092383375503815 9.037162801036617 8.981299302471671 8.921008301245054 8.848179972899603 8.964852392949149 9.199699810037872 9.279263446865881 9.283324586891815 9.19638167527739 9.048715289500228 9.041010634883026 8.676524533832657 8.472822775818118 8.510662773654127 8.558580128379999 8.326933677749984 8.776691409116475 9.04727439053687 8.929928078449173 8.310079354918834 8.334287928412904 8.299026937175828 8.28006040548939 7.988188726601412 7.812767809888157 7.839137216394889 7.802492294926553 7.812211881997024 7.766410503047263 7.54384216003667 7.427658866655674 7.376167983336519 7.396118849246117 7.425181809919128 7.415964589140073 7.417122565924087 7.398525968179897 7.360751535275861 7.199057361698663
9.552724940120457 9.64696821309875 9.779167268002714 9.805254946529969 9.782577656575192 9.798411463733087 9.79956816401678 9.792681213239277 9.775935693111258 9.713829709806971 9.71372250673689 9.761770979075388 9.800057098369034 9.788933341146187 9.779625488097475 9.791167450020422 9.747641749201577 9.73614870822629 9.698592964064209 9.593530190438067 9.443388919530927 9.369452018884582 9.305487902542172 9.742270980711753 10.14718820094291 10.29597694895187 10.25375970262862 10.06674505095283 7.936743333091374 7.876561829216363 7.793408821471218 7.74082471832295 7.721608286747336 7.681632836548324 7.619640860584576 7.591713605988811 7.569388797193286 7.528501335526805 7.450242941337914 7.357199812993031 7.383169491040702 7.425181809919128 7.415964589140073 7.372975979274406 7.317293951486221 7.258013636272001 7.199057361698663
10.02279026915218 10.06640003554863 10.14866091716965 10.20062293538311 10.17293458906735 10.1990509538793 10.22047040674005 10.19077786674445 10.17151102324582 10.15053728180233 10.15758845303709 10.17756905305843 10.21459329352588 10.24953355872722 10.30024159723812 10.3437696673128 10.3925495892799 10.42263459081233 10.3983039569238 10.35933645353173 10.28579166661962 10.28180430324879 10.34459416877568 10.4360968339921 10.48972873925039 10.52007205456173 10.62011940064973 10.72201284060881 10.69811528285345 7.83547080241464 7.78472235347259 7.652885380878035 7.675110784031801 7.63831010064739 7.479237589689708 7.431479206075381 7.452420512818121 7.479701768798017 7.418022063187728 7.35669546544302 7.345389548666451 7.326416989557802 7.276385753423245 7.203496566026808 7.1710136918574 7.311954672902712 7.316318133665903
10.31299990504424 10.26801229538783 10.29710584455678 10.32912251679645 10.29459329340549 10.25123307802609 10.26666334918757 10.24588646332128 10.22874208842256 10.27461254398524 10.32854818675266 10.36098830090818 10.40910388711782 10.4228330161391 10.45141618636035 10.49272705443213 10.54216678035313 10.59203914877745 10.57696170355339 10.5380626495832 10.50857571175058 10.56134050332935 10.63225827181147 10.71050536571951 10.80122783689944 10.87818770603219 10.92496374927435 10.93421086129093 10.40700667945989 8.622343707634247 8.750755339723765 8.87701716505762 8.998126152697532 9.109733678154591 8.414371852374037 8.524633360351491 8.622266084001694 8.659625926321107 8.630018304303686 8.53708018712152 8.335228666638187 9.491175879084835 9.469629700686481 9.34204139479894 9.212504912114508 8.962189276450752 8.578459492806129
10.28091470550216 10.15248687748949 10.10957636429099 10.14840919769671 10.19011892520471 10.18514839506742 10.16533645224072 10.12446237220485 10.0869916592149 10.09253590212895 10.12080674420148 10.18743802120536 10.22625052756844 10.24917571500511 10.24037729201074 10.22497062689402 10.23799603825096 10.27657918854499 10.2926273351989 10.27733016785617 10.28020266074824 10.3311301118119 10.40895235865793 10.51514278376256 10.58618792947866 10.64914336155722 10.68405581893167 10.70725624804965 9.6741993457949 8.622343707634245 8.750755339723765 8.87701716505762 8.998126152697532 9.109733678154589 9.015980358384411 9.026280027213792 9.127475744448343 9.187292123777434 9.250779774782806 9.228758259601008 9.308484677855072 9.380775325954039 9.452409521036831 9.472232348801535 9.488768396152045 9.48085532386178 9.497667947881286
9.955012599851326 9.817497651498925 9.777175614204683 9.771954970712383 9.780337778909443 9.816011748643881 9.814842389662836 9.812699596866388 9.884648703932818 9.989309714106707 10.04251907497648 10.03906778231084 10.09213745326728 10.0387013235199 9.931653785399263 9.87378815667587 9.865981533154667 9.868949475968337 9.884165982910092 9.878850624344444 10.2674189498325 10.27378784841565 10.19318515763722 10.04651994684866 10.15573759713229 10.18623810385718 10.2253156254977 10.05496172002416 8.676654210500226 8.432153892950691 8.259111732390233 9.1437418622436 9.0644144707276 8.992212936813495 8.953202704620681 8.905330127893777 8.990757492433286 9.073279020236026 9.125228868626882 9.205977381206502 9.26115300069667 9.305274154935942 9.375640902195487 9.439070004004463 9.483907230232166 9.55694224881916 9.651054230723304
10.80465800431014 10.47898926884059 10.18127347604966 10.04552842471655 10.00472771981598 10.00840002841025 10.0234127274345 10.03752131637001 10.08132832599487 10.14667566570329 10.21040353416785 10.21793228709819 10.16611788677038 10.12125725162083 10.07545824562784 10.06657748628125 10.07033180785249 10.08156874664738 10.15466988825865 10.22123828785158 10.23297161930076 10.22232759759466 10.19947364593798 10.12008932594178 10.06848465306397 9.965123550954457 10.06568145790273 9.302056817036934 8.967657000214032 8.996472448769048 9.076773883506418 9.12149712377162 8.985773911079407 8.888586420319013 8.826188509052406 8.732628952247971 8.66848542823829 8.71835098389078 8.748624231596402 8.772113860827471 8.773124446391613 8.918655985045834 9.041702218879619 9.097868258787422 9.234018801108462 9.447799026774014 9.562129791870916
11.54198429627346 11.35294752192093 11.01538064587141 10.34852805292431 10.20338994675494 10.22692482506865 10.38696699688093 10.43910918485478 10.44089901908758 10.43115995064541 10.42604522102384 10.4294241112156 10.41116621424867 10.35553278781385 11.14903805035331 10.94130059491435 10.70527085711589 10.3610652598407 9.998248618773507 10.07470769251276 10.20063110345295 10.22701442926956 10.2091641507246 10.13625200742982 10.0297820188074 9.737718987611427 9.565050045878568 9.496918999820222 9.456562199278538 9.45349894286217 9.466978919345175 9.392006342190353 9.235702609091435 9.164524648347539 9.125441606983324 9.047585110649567 8.946966054606666 8.793378576165505 8.668450504057724 8.573184264237213 8.775231669774021 8.945784573735002 9.188899572993618 9.339780457366206 9.350912082622438 9.427759800534714 9.512428966615563
11.39323455346688 11.11123991834128 11.0010425681186 10.82749242782505 10.74850213647631 10.7342311656191 10.76741610242525 10.76177905599367 10.68004889606293 10.63369616710531 10.6250501373975 10.69502883649722 10.80997281005261 10.89018068883302 10.96161072879254 10.86612377151243 10.6278406417925 10.24739682433795 10.05255392151124 10.00667581966578 10.03718653055427 10.21408142613014 10.30499120784778 10.37417669824686 10.4556421728827 10.47544254686338 10.4021189465619 10.22369976480246 9.981270989157913 9.813652488546035 10.17708582386393 10.44654250171969 10.53855217171303 10.58519517563805 10.67235185607803 10.61327407386668 10.50292129215827 10.31643748821141 10.08187132705212 9.998513058106468 9.994277795484521 10.00433618138451 9.967847369058775 9.906980280456516 9.86438025306183 9.864752394862721 9.914653234747339
11.27597674699453 11.2700113515353 11.2650912912983 11.2010297182694 11.14035743146392 11.11276398451252 11.13373775620893 11.11472852716511 11.09531697902437 10.9691349147402 10.91012483835635 10.91795042603238 10.9002612850754 10.86018544301433 10.80698250820662 10.68090710549642 10.59523875726207 10.48507356986267 10.41957686166782 10.39049130908569 10.39291333705548 10.44350844183171 10.43293740423926 10.43501578150478 10.47859913847596 10.48809155396955 10.39686277675565 10.35412508235298 10.30150968435499 10.25624144943221 10.28056959867651 10.40067983716485 10.44655819306239 10.43718800198325 10.3811668819855 10.30894153163477 10.30412772081117 10.22420461617921 10.11157680927849 10.13841172184496 10.13892791245485 10.12300930647444 10.10882548366367 10.08486697225443 10.04088081877468 9.996674025660221 9.958741072094073
10.69299707512202 10.68245815809603 10.88134018350333 10.88927967776681 10.86140866201812 10.76151943989247 10.72907757482751 10.67453765911458 10.57683372694265 10.50689198155626 10.45736108511973 10.52009489480547 10.58034419994536 10.60992305901354 10.59206051898837 10.51165828585658 10.41712982393742 10.33989099200082 10.2828993005267 10.26472296015304 10.30357044770273 10.35714811231718 10.39400374432318 10.40188207187123 10.45276135223041 10.4881667205673 10.50277519514632 10.45366991905384 10.35229174726791 10.27677356306782 10.29090515461655 10.37631431412269 10.44601760319308 10.44823357187537 10.38209177632671 10.26317520760318 10.17738395683965 10.18054697653 10.19746455102197 10.19441046657365 10.09039915040894 9.957695641018198 9.840601544058268 9.806840875711465 9.865818407662781 9.881073662764818 9.912035023521257
10.31126745784993 10.29945430466973 10.67818196341239 10.92456614390219 10.66031333443492 10.35840048635914 10.2545209345549 10.08235003401988 9.935576827407237 9.812540469106143 9.793801913038426 9.844024918065802 9.82778205371736 10.08473302825129 10.22259130425621 10.0774040326857 9.904647431122571 10.02645597414765 10.11938804397486 10.10880721561274 10.1615542553012 10.17518349386594 10.14033172260649 10.18217513904709 10.28479611587812 10.34195284575372 11.12872197089893 11.43667139138503 11.38687336613138 10.29254868549909 9.986827441369273 10.11707159009318 10.2452641014437 11.49923749091964 11.26528730574829 10.76896267558542 10.4623801118963 9.962239456862562 9.866836789776618 9.918033673460917 9.926476785263674 9.936623693620332 9.778495382523811 9.582854794448883 9.451693344125349 9.35301791852541 9.281001257103558
10.91130719190791 10.94569106672393 11.01028826442148 11.02645341696303 11.04531235884774 11.00635403917105 11.01781219655308 10.98429208972284 10.96509792531716 10.99194662805722 11.03492914087127 11.02236564088577 10.94879774913523 10.88813206200772 10.86254051243268 10.84893598397803 10.80608079609273 10.82160481122051 10.94444604429169 11.01077455998093 11.05216698115455 11.05977549375185 11.12052730329611 11.10495282315068 11.16742941694001 11.31569941405709 11.44541720998014 11.51077128504017 11.51237547335871 11.36403469708208 11.32928764149507 11.3547202371126 11.36204229601922 11.28242051967012 11.16800016135556 10.96746393133027 10.73221300602732 10.63998185555237 10.52567669793528 10.44552832094443 10.3386600349453 10.44396880667003 10.45358421456184 10.35655732646744 10.19069304921132 10.04163622272442 9.991047162582426
11.46779655070129 11.48491636950389 11.52160793101916 11.52620258372672 11.54076648434744 11.55398516004274 11.55177943655669 11.52593380260357 11.5103695898743 11.4860183306556 11.49023508054307 11.55954373006049 11.6683128299419 11.67957779740472 11.67278227742001 11.65438545040887 11.52052892702409 11.44358036563539 11.43737097645177 11.44849078574958 11.48656253054104 11.55921728171727 11.61269183754384 11.6212068996916 11.66006206917237 11.68953919439342 11.72841708603017 11.74806184167286 11.72924845102188 11.68373888956392 11.63972201950534 11.63761000217802 11.63473702661684 11.64728124199982 11.60225946308507 11.58575087179481 11.53838387409802 11.47028329407014 11.4393617520939 11.49898279202399 11.57208572932363 11.53405785282071 11.42983297262961 11.29843051095259 11.25205571066627 11.16791981274383 11.04408371799728
11.60289054175981 11.67812464813014 11.74823126560074 11.75625712739548 11.75414624532171 11.74748755713919 11.74468848494065 11.75070632198579 11.76504961340087 11.79159677693982 11.84999142091493 11.94377480763408 12.06052022303014 12.11735388817356 12.14828469964046 12.0904258105188 11.9608951826861 11.82941951916855 11.78097281827213 11.77751203581879 11.79351093817777 11.77631124135478 11.76764646047073 11.7846154848107 11.81053622289046 11.81687780043353 11.81050679433173 11.80190138459291 11.82544736903892 11.84041233575395 11.83442035535461 11.84443412329999 11.87814867281305 11.90868775451674 11.90867644084418 11.90087920835106 11.87886539532529 11.86004677613038 11.87198166090305 11.89171296484205 11.9457654175528 11.96168612886072 11.92228961099959 11.83903441082438 11.73732042804292 11.57938118681778 11.42342415803421
11.2907679973502 11.39371942203968 11.44825684271145 11.48369372248243 11.52533223146781 11.56919889831622 11.61053809292427 11.6375728899629 11.65304534367777 11.69863880982124 11.73458703068854 11.81292568132585 11.88667622214962 11.90867230219427 11.87961168190296 11.80266599184459 11.74849771214883 11.69276039881449 11.6766259637087 11.69813402026808 11.72779682554381 11.77562264878881 11.84097217114964 11.87941907531967 11.90346492831071 11.90231727471189 11.89262154317906 11.89798511197761 11.89820855330185 11.89017118041686 11.89353803262079 11.89984131694043 11.90059581933529 11.8900834657865 11.8853461284484 11.88693735982382 11.89264361866838 11.90819034727062 11.94663882885994 11.99095782233679 12.04374486727111 12.07521014899855 12.0696155295388 12.05678096480958 12.00478526681604 11.9830611676514 11.98520307666724
10.78724898713036 10.88225337545751 10.95972175963657 10.99732388168672 11.045977832638 11.03961470003052 11.05982319107294 11.12417092123538 11.17967016399073 11.20532104147041 11.19314289675719 11.16173244349516 11.22782948935012 11.25082697010218 11.25752485455651 11.25466839914773 11.22368140551421 11.19912569702417 11.27688378662611 11.37495174626076 11.39186062472652 11.37473608747779 11.37553013450245 11.482792277792 11.4106830558216 11.4570808474751 11.50293456953632 11.5401099350627 11.56117127033856 11.54188939172847 11.50731510268496 11.50118297341961 11.5119777768251 11.5910951280599 11.81176130645592 12.01779725522646 12.12071975312997 12.05237919016819 11.85029709447784 11.8894278786436 11.98946709285175 12.03803332958531 12.09069619318325 12.1546322652867 12.1714779157743 12.17465633402442 12.18749144398071
11.6336266329934 11.64696079926493 11.66528790531935 11.65291799668231 11.71316164271687 11.89960565066859 11.9711143467108 12.01107335273482 11.99345004888367 12.00000179980909 11.9654791737001 11.89065764582124 11.8360865664003 11.80454349828196 11.81699152253334 11.87053120943721 11.98691313292112 12.1088447480711 12.18228951728915 12.20503993771434 12.21320571173366 12.28821906525082 12.35340571464764 12.32821350139536 12.27040129400103 12.14082092069436 12.06277608314688 12.04740072440398 12.05250740057079 12.06498434869269 12.11062969420539 12.1880776083223 12.30097041073357 12.35416070145522 12.44590974238409 12.56448115111884 12.64717555008334 12.59234441916517 12.51385121798155 12.39855525956292 12.28784703490662 12.176612909681 12.12626687799061 12.14278082476031 12.1727876351082 12.17893703101976 12.19085902996901
12.3630286871904 12.40003940693652 12.45623716597824 12.54617006318037 12.62981892903668 12.66171942553586 12.67008159409735 12.57164557521841 12.50983640415022 12.51903110695689 12.55037983719727 12.52940262721652 12.52167301341054 12.47260911237936 12.40943129796621 12.39685047562667 12.44284259163686 12.53391159686815 12.57462566628166 12.56419764677345 12.53667168149377 12.59037039567474 12.65678263067498 12.65637678350132 12.78216260617893 12.93418368053523 12.85614763048163 12.64754506208119 12.5711230010783 12.49276074396118 12.51168633412275 12.53627262345564 12.64883517035621 12.64176531366705 12.64827124787966 13.49354427538024 13.65286923679145 13.67956585386325 12.74357083290135 12.55230912874775 12.46924861065932 12.36701126338457 12.30871740182846 12.35220503763332 12.39394207210301 12.37263560008885 12.32706798056692
12.82566935068991 12.62175924466991 12.70124382752869 12.76172673116103 12.80113918441449 12.78282202420879 12.77225241291514 12.73605246980917 12.778641340359 13.30157600078761 14.16452264025145 14.15751340607674 14.06166327805134 13.86957178929773 13.52089552561741 13.19856716807607 13.2156733752366 13.24455544538364 13.33437452805492 13.41216096082401 13.41218741880205 13.40216645209207 13.34575000736744 13.42248474395825 13.56617303529333 13.70761652411346 13.67084412492055 13.62125334559972 13.52994874887256 13.44889163303203 13.45024600258371 13.49565672137655 13.60218704040988 13.65879270450764 13.66123744902269 13.65316275248496 13.63320195941603 13.62768302796247 13.44185092807658 13.16081763996258 12.93935870447774 12.88519421739956 12.90998289691221 12.97090719739072 13.08320501786296 13.15598197618047 13.25101356864062
14.13856507953964 14.12530838496752 14.02823742467075 13.9792543901303 13.97183420391 13.96109987785598 14.07039400100879 14.15212248763719 14.27918728144114 15.20429028646103 15.33520444749403 15.33635697253834 15.22804640237702 15.01474680012029 15.38155781366972 15.18612039995874 14.77783646158221 14.29234232922813 13.78719063174687 13.67615880393145 13.69436402045209 13.6431495020287 13.5999901414457 13.66542004916944 13.83022881288907 13.97604850450987 13.99416887242087 13.95008628006419 13.91413122918856 13.91522304892705 13.96818329114444 14.06603060967198 14.15468186434535 14.1359122419523 14.09428233089159 13.9740025591768 13.89933227044529 13.81510094669163 13.71926602929099 13.64117491252913 13.5840021343341 13.63124580587497 13.73255212393345 13.82353143252028 13.87266569037759 13.90790940070397 13.94601642157598
