benchmarks/avaInclinedPlaneEntresTest/release1IP_1af24dd523_C_entres_dfa_ppr.asc
ncols 1001
nrows 401
xllcenter 1000.00
yllcenter -5000.00
cellsize 5.00
nodata_value nan
[rows 189 to 209 of 401, columns 141 to 187 of 1001]
130.2420820839858 131.3412125524559 132.4173131034631 133.443854016463 134.5185245165075 135.522468603254 136.6040334091264 137.6269079692962 138.6802891319671 139.7276201706075 140.785091689514 141.8027105300962 142.8631076935727 143.9033140747319 145.0153769699957 146.1035662989881 147.1434485122381 148.2611283065268 149.2751242779923 150.1760958884399 151.1605985996712 152.7673508474254 154.9870238286793 157.1050412041237 159.127983259337 161.0077708179313 162.8137870993357 164.5743699666803 166.3965093361201 168.019510684292 169.5170018414593 170.938786649546 172.2742594071711 173.5080472198972 174.5897698824092 175.7988297171031 177.0467412906753 178.1704234885122 179.1546751855438 179.9591636199028 180.640352078563 181.6605270776123 182.522527984627 183.2211777495927 183.7885400115219 184.6340266874865 185.5360075157099
132.1582598684731 133.2429228241772 134.3008570774197 135.3619508063062 136.415641535023 137.4235202959095 138.4834711968984 139.5450748463324 140.6338778665137 141.6935403240948 142.7531237118867 143.857391631346 144.9320270243386 146.0359030240568 146.9945511702441 148.0183630712966 149.1054143470926 150.1610143517875 151.2228965060813 152.295701622404 153.3622179983845 155.0739013158019 157.3910779949675 159.5730633680665 161.694944453667 163.7306205683562 165.6473589559965 167.425811772364 169.0615510955869 170.6782280808062 172.3586621623019 173.9420369240634 175.3472920280944 176.6347629348078 177.8082495450889 178.8414537749128 180.0585793188581 181.2954909158129 182.3866013970214 183.2876292287806 184.0039276894694 184.6698748353988 185.5661843520321 186.2930332766917 186.8670523860375 187.3250755563179 187.8392316934964
134.0356082060355 135.0540161688335 136.1017035186489 137.1050002746093 138.1657113343699 139.1568506368635 140.2629408123652 141.3556903731646 142.4506141351462 143.5684561042727 144.645279497057 145.7024485093525 146.7364937685614 147.695963842252 148.6720655536822 149.6206948385661 150.6105935787182 151.6621976919215 152.7788747872375 154.0018282451655 155.1283237852271 156.909330318646 159.3001172727097 161.5037845146397 163.6425194031063 165.6852502170103 167.6016147852269 169.3795481907524 171.0604069316673 172.62114933264 174.0627403031383 175.4006486434949 176.882380825468 178.3142818139067 179.6212078195476 180.7864499195015 181.8026449409219 182.6652855441704 183.6592605599048 184.7032135873203 185.5565577503156 186.2415855519191 186.7593864701348 187.1276938349262 187.8987279948086 188.6462419029976 189.3019948158035
135.5297416110808 136.6085348407802 137.6586718527995 138.7321256804121 139.8682795809295 140.9122004733959 141.9911955832715 143.0943984907882 144.1503511327984 145.2278149849603 146.2388216806854 147.2681800483246 148.2394812588957 149.1699589887312 150.1354744250893 151.1559800610064 152.1832625004243 153.2016125030356 154.278140599518 155.3699188401018 156.4812725115945 158.1956878370748 160.441659723385 162.5634015654081 164.5694792366687 166.5152889511852 168.3565166200316 170.2227150899791 172.0726951796916 173.7926753400404 175.348434086616 176.7958693364621 178.1073694948074 179.2842957266477 180.3335475575241 181.3366220970219 182.5458525058657 183.6081327893222 184.5243234145595 185.2850538744881 185.8967668564812 186.4425272789267 187.3498704900827 188.1317199494337 188.8206783302776 189.4154372411785 190.2216859047101
136.6857407580549 137.6504451616935 138.6293555212596 139.6647981046683 140.7902138582083 141.9290645456736 142.9933804118373 144.1056972334486 145.1257828659128 146.2197793658179 147.2201899882102 148.2697912520552 149.2137173582277 150.2135550999189 151.2221682309331 152.2057606860118 153.2615129253373 154.2615472645909 155.2711655193858 156.2782861937553 157.329013547659 159.0606379145878 161.3365636152795 163.590323677177 165.7155223301711 167.6622264474164 169.6172114640325 171.4009204905477 173.0897746139183 174.5997399836415 175.9895485891965 177.2642749975869 178.3942908439872 179.570967181641 180.8837925322412 182.0473489524151 183.0794288770099 183.9698996222265 184.7339578979333 185.4334077419621 186.5221682166387 187.4300351028155 188.1891987556536 188.8084261620948 189.5328981429245 190.6630491123732 191.6672120719278
137.5296475361796 138.5026670665307 139.5206840920668 140.5285874143456 141.6375140320243 142.6996906017409 143.7322479249155 144.7745984999805 145.7742635073722 146.8143962345846 147.8332057494159 148.8472825282785 149.8137150604995 150.7911556348922 151.7765632766772 152.7965093900408 153.8555295441587 154.8973795801621 155.9847703853929 157.1356898593484 158.2721383609616 160.0368307252203 162.2450170536578 164.455141155084 166.5400927841495 168.4740983234651 170.3279406560359 172.0403476923576 173.6459830820301 175.0553801959246 176.3317265514064 177.7141816700176 179.1150889971637 180.373064557227 181.5184300297116 182.5221672950289 183.4326006824711 184.2312049805585 185.4042433556305 186.5517015102903 187.5416630220573 188.3411895351815 188.9610977342215 189.9780101073507 190.9571944495107 191.8258661611882 192.557668640214
138.0365842471948 138.9822668730577 139.9929421216682 141.0156265417704 142.0941420122022 143.1319559794328 144.1510768328642 145.1477620224962 146.1747743641332 147.2073124303076 148.2261710869817 149.2444499369645 150.1599414461629 151.1207408692532 152.1342197834387 153.159066834876 154.2179886022677 155.2457999243991 156.3067172663948 157.3738277708936 158.4369512175406 160.1356263617448 162.2901815024795 164.4383910484179 166.4684345752704 168.3462854850543 170.1261032866931 171.7761202102667 173.2922853178415 174.972819111005 176.5109647169181 177.9830299674895 179.3277050121073 180.5221564392178 181.6109844474227 182.5636430007062 183.5399701553257 184.9609068285529 186.2522501482561 187.3238249697686 188.2168529425942 188.943178414053 190.1901934081696 191.2151747447489 192.107187748224 192.8525226040707 193.8527004392443
138.1002912325239 139.0907223004203 140.1276188665428 141.1453733426168 142.1848324895692 143.201715050862 144.1637987578272 145.1264196355436 146.1154975024735 147.0831584197038 148.0577069504893 149.0984922024662 150.0993866416536 151.0949640053062 152.0919136370682 153.113756169529 154.1500375414967 155.1724626945327 156.2312810177586 157.1894779551921 158.2211903634444 159.8140969894699 161.9524519602053 164.0135846513088 166.0056518015509 167.8480375129761 169.5719221912631 171.1822888492243 172.8387785949904 174.5754284768946 176.1955551011678 177.6703319298177 179.0126195885948 180.2163116909216 181.2763118402959 182.2016261261004 183.6860103719335 185.0856770984502 186.3239041828858 187.3327164324546 188.1620521571401 189.4209455767487 190.5993809518652 191.615581264096 192.497891895026 193.2247077987828 194.6942157716709
137.306072034545 138.3470987814178 139.3629275244977 140.3998248387949 141.445047423534 142.4793144918268 143.4638167277134 144.4487640243314 145.4307470161001 146.4091589868558 147.443303678592 148.4477133640818 149.4453599315691 150.4564649558015 151.4385997612488 152.443758945971 153.4242247601775 154.4400899819572 155.4236471922827 156.3628345660153 157.3568637759064 158.9119881228504 161.0228934224122 163.0356693234661 165.0026684706978 166.8243587723312 168.5030512830839 170.1100939335493 171.9258902919757 173.6596802264719 175.2809544205693 176.7892703996609 178.1399601017494 179.3439830878145 180.443014256687 181.6763235667915 183.1202869886058 184.4851073927979 185.7044461190941 186.7150137705719 187.6971623684282 189.0221763235754 190.227248567364 191.2770645328726 192.1649037507137 193.2440528422346 194.6602747972767
135.8431054710832 136.890756031858 137.9236948046362 138.9869986686236 140.0246173441643 141.0619433583826 142.0821742567471 143.0799298927132 144.0348911491514 144.9959587092416 146.0150589810261 147.0045156070187 147.9950089884182 149.008025082399 149.9962238564279 150.9706746902208 151.9455165268589 152.9697013717827 153.9345849234319 154.9189940621086 155.9354222863253 157.5176508580701 159.6703031921938 161.7190455799426 163.6525867124694 165.4890981445576 167.1647805498453 168.7833320505857 170.5758252431464 172.2370379438418 173.8460254864385 175.3669973274956 176.7249877118024 177.9696560923355 179.1094983804042 180.4465230418914 181.9266689303432 183.2791314262217 184.4945092467221 185.5060318934213 186.5174440582691 187.8020674055064 189.0039991953511 190.0811339170989 190.951591467553 191.9388774963342 193.2849736688286
133.8810621038328 134.8713387839665 135.885583572658 136.9167699705469 137.9173475160035 138.9035671738091 139.9337416404733 140.9150965614465 141.9011967964209 142.826191099404 143.7869744995682 144.7233335324025 145.6843009355784 146.6733889695886 147.6156415915859 148.5866951604223 149.5252626482418 150.5437660847747 151.5090086407226 152.5314157403245 153.5952633541813 155.1909240564495 157.3907448595351 159.4370813876513 161.3982056726021 163.249793073706 164.9708814957789 166.560865190793 168.2464634602223 169.8851576813167 171.4817520156111 173.0009973748431 174.4063630027273 175.6999587757694 176.8816097080137 177.9775322408164 179.4845796072932 180.8495046442348 182.0386727189853 183.0469801265645 183.8982291640834 185.2198337998779 186.4280337030035 187.4697260328877 188.3295881134563 189.1675227679215 190.4937609462864
130.3699001953664 131.4091013407444 132.4154149720031 133.4526990830379 134.4534130798364 135.4810791132265 136.499784784799 137.506640158367 138.5070507369053 139.4358708413586 140.4361448524647 141.3564080881451 142.2871177645441 143.2222020186242 144.0962005785488 145.0290658536784 145.9395200039068 146.8960347438028 147.8905742230174 148.8803624408026 149.8702648937635 151.494932190705 153.6708212437425 155.7775827015023 157.7816589828392 159.6763957399672 161.4395656989522 163.0806004638457 164.6149951374519 166.30732314103 167.9213179540421 169.4514973857677 170.9006160802492 172.2193311797966 173.4292422826797 174.4872957971972 175.8229946357528 177.1792645989256 178.388704549944 179.4586748970654 180.3737405195412 181.3266299722615 182.5509226770383 183.6119430573364 184.525077798855 185.2808497012924 186.3238057995812
125.7780706307477 126.48476929681 127.4068633177789 128.3210663587444 129.1141857778066 129.9281456598189 130.8167122738907 131.6488546388823 132.6837076745516 133.6346949435562 134.7009027506252 135.6352614798169 136.5622076030467 137.3003792333484 138.1113387982365 138.9222008311274 139.797918558702 140.7255784558374 141.7128816307057 142.7326997331089 143.8002345125493 145.4612516058501 147.65248991921 149.8269170910036 151.9624299203285 153.8911108804108 155.7052016897442 157.4801580559249 159.0732421448932 160.502730665618 161.8546200703016 163.3509707328708 164.7094406935814 165.9943022976583 167.1856041854159 168.3314861555469 169.4146634665155 170.789363816092 172.0441138897378 173.1761632296348 174.1278233581269 174.9344233580797 175.9013535484305 177.0559230703151 178.1158879714028 179.0134362782781 179.7819423961334
126.590104077298 126.5757075360382 127.3534143684061 128.367780528061 129.2633759391352 130.1309967635064 130.7767502122447 131.5299379839918 132.6071864761082 133.5833064830472 134.2304230204137 135.1226774597368 135.9453807617906 136.6263432506227 137.7099045008495 138.6762574403319 139.300948782863 140.1626929424295 141.4706521378881 142.5280873975537 143.2408623601445 144.6752251462133 146.3039867880019 148.0180769690091 149.6351356752888 151.1836061698032 152.7016994364054 154.1281069974039 155.5123462659923 156.7337062515361 157.8350736553105 158.833566054247 159.7571819007106 160.5743672686615 161.3116789275345 161.982928347259 162.7835351398192 163.5495942266198 164.2304134613103 164.8746163357229 165.5302042143345 166.1508855902821 166.634063090428 167.0172485269234 167.866854990293 168.9331638942602 169.8125742289729
128.741469498345 129.6644409150379 130.5446075305338 131.5895207691771 132.4345731394652 133.0085515914339 133.8537565586747 134.6295524343523 135.4724616670437 136.4552686650024 137.3730320781636 138.2246611120997 138.9755617489265 139.8592977533418 140.8644520544737 141.6909837971041 142.6790721151455 143.3270291364416 143.9875587890836 144.9982781073184 145.6414596376231 146.9319454224212 148.9020751874617 150.7134305901146 152.3844201349675 153.9597965977656 155.4914785195896 156.9591781042737 158.343640600781 159.6132636089861 160.818025889956 161.9196035318305 162.9021011601203 163.8751685247134 164.7655022347554 165.6411526462708 166.4687810782386 167.1920317243104 167.7772041191562 168.5514728952096 169.2392851609798 169.8300089405644 170.356670726601 170.8491778641531 171.2808381549663 171.6973363230749 172.103513128704
130.7887181757708 131.7033308766035 132.6470357510461 133.8298473899501 134.7051086078585 135.5566998302181 136.5458271861823 137.3422296058201 138.2014511196814 139.0699918860733 140.0154727812743 140.9827807431383 141.5228506492972 142.6576395333809 143.5149428872664 144.1777218824453 145.0069078418576 145.8798020361932 146.64133261991 147.4443547261314 148.2949788440647 149.7186660969198 151.7058952798896 153.6299374428276 155.4375740954016 157.1057345846973 158.7191774136101 160.2140314392959 161.660571500667 163.0657353339717 164.3601191990556 165.5343449200564 166.6322059400698 167.6940943394067 168.6409672010543 169.5406022053621 170.3500810780946 171.0885574948246 171.823965174691 172.6941819100758 173.4716792664881 174.1752400615439 174.7885983865249 175.3520028504385 176.9267920197456 178.1546250722027 179.061779536656
132.0350919848741 133.0553844521317 134.1243441436107 135.1814050274027 136.2648665269787 137.2713983134347 137.9674318126096 139.0761010780133 139.793440230614 140.9107613798748 141.6118965527231 142.4880133942034 143.3372305196486 144.11535970935 144.8810039438121 145.6687859014397 146.5341969715344 147.3795146427173 148.3157733537455 149.2105521868946 150.1310489254401 151.6945946434274 153.7015149777891 155.7198366873135 157.5752221702653 159.3487241293364 161.0401094186016 162.6142543260147 164.0687627029717 165.4386633263437 166.7153782301937 167.8899559806492 168.9418474512102 170.0292888381578 171.1794498645285 172.2143009140319 173.1616327942948 174.0257322154507 174.7953527613667 175.506724136235 176.1587719380638 176.739893297443 179.1474456030147 181.3870330512876 183.1759840666191 184.8478013060404 186.0875670221708
132.478357579686 133.3969974743733 134.2180924690677 135.1978290265534 136.5393187451635 137.458867346489 138.3191505756841 139.4506703612912 140.3024795777907 141.2803531024994 142.18883023778 143.1798791513596 144.1326863371281 145.0474355933794 145.9456361222351 146.8169545223334 147.7191233455838 148.572212782432 149.4848758460897 150.3559153410826 151.2935181422623 152.7785284530204 154.8083609099814 156.7561544355631 158.5765555191339 160.3288535485902 161.9721406605146 163.502477269236 164.8869587809201 166.190526165234 167.5423901772409 168.8695432388185 170.1248108461058 171.2845203310649 172.3292663373462 173.2616975839711 174.1377468851927 174.9276533958227 175.624594080096 176.2538151074 177.0847596427486 179.674590626479 182.8957006456466 185.5334197182981 187.8982751206325 189.7746547546057 191.4484603552869
132.3839409334921 133.2955673711051 134.2736109799724 135.183352638611 136.0983849670925 137.0615832028079 137.9996511105256 139.0779307577597 140.071808520127 141.1771339356076 142.1564194722643 143.3065066395416 144.2714820102588 145.2164674747872 146.1955701277803 147.1072176547214 148.0473655245342 148.9254773609412 149.8209726964828 150.6611218369466 151.5023357250619 152.9508921391613 154.8769255287114 156.7064693204784 158.4579082633392 160.1091870335266 161.6786728716765 163.1307792895356 164.4939397536411 165.8479229931036 167.2788611322343 168.5466074390192 169.7515146786981 170.876943381109 171.8598546963435 172.7164524123157 173.5711868450429 174.336456790823 175.0047062177598 175.7484536556905 176.7736202871254 180.1519498277238 183.7196270822743 186.7197879063991 189.4848019990576 191.5916986910497 193.44872828023
131.8972336873833 132.8775345042125 134.0856943667652 134.9347530784964 135.8162820826247 136.8692672387561 137.7302184517269 138.7231082604107 139.7510042795736 140.9193575347272 141.6921852165161 142.5351993687909 143.5312448005945 144.440905813606 145.3772066748806 146.2822822660398 147.2243213947048 148.1103680189239 149.0596764002551 149.8803667607324 150.7666988221212 152.1682518682662 154.0553782819075 155.9097351295772 157.6795365430676 159.2992209399729 160.8755996429112 162.3665986425413 163.7455611779582 165.03895514588 166.3714841488207 167.5825109369856 168.7891502053381 169.8640439088307 170.8448724275977 171.6624737414443 172.4924943109024 173.2726352126609 173.9946558497515 174.6414060096489 175.3139256417384 177.0150381461698 180.3233311914563 183.450939566538 186.236844063683 188.6620429418184 190.5074456024952
130.5121837404267 131.5100619660797 132.6372854811395 133.3524908274816 134.3109219021039 135.4616547274119 136.2857409056955 137.2963141899736 138.1475478632638 139.1571262984596 140.0741226788232 141.0071596423997 141.921412514747 142.8300757492686 143.74020115869 144.6281695836839 145.5363898772549 146.3977506335041 147.2867319083005 148.1068628809719 148.981357980248 150.3694475516672 152.2609130668178 154.0780540638256 155.8069403650312 157.4543910553458 159.0784002219842 160.5583479756561 161.948450597588 163.2343037761928 164.4321756189717 165.5040069988713 166.4808260376901 167.5046140680072 168.5054116906514 169.4180058797235 170.2816949190918 171.078767899897 171.8026229642844 172.5181791763516 173.2215360533899 173.84291076209 174.3656057053492 176.676041448136 179.1248855592717 181.4267271360295 183.6415698137396
