benchmarks/avaInclinedPlaneEntresTest/release1IP_1af24dd523_C_entres_dfa_pft.asc
ncols 1001
nrows 401
xllcenter 1000.00
yllcenter -5000.00
cellsize 5.00
nodata_value nan
[rows 210 to 230 of 401, columns 329 to 375 of 1001]
2.064352030720779 2.087921061235038 2.146437719546478 2.141399659178024 2.165717337282697 2.185153991744567 2.118985838889364 2.165028994002154 2.128363387829268 2.116954163911747 2.127958005391186 2.142064480390579 2.132270451529592 2.198376419122499 2.234905611356534 2.24043381168219 2.296540551600598 2.352866790612235 2.339512899888699 2.398108262816073 2.425819899054885 2.416359125240757 2.423311120957705 2.472915711599628 2.521977896024921 2.534885806521574 2.562411268298559 2.594561363830624 2.608003567785643 2.600756933162709 2.579405156945348 2.559944988134885 2.561044710213077 2.445099162217396 2.417596232462012 2.439335279554149 2.399175763393317 2.402767380837143 2.405537283623155 2.432651131639815 2.442829571914858 2.539642520954276 2.643805118084204 2.720184091444231 2.757252597172865 2.770354656030335 2.81389045257723
1.99678472525306 2.081882157971815 2.103351417740292 2.087918731566122 2.146185987756212 2.13233783453968 2.133076380915789 2.118515350109422 2.138370211981615 2.109945736893695 2.175517191406357 2.169260508758807 2.16467192672016 2.216613847380374 2.230777947428765 2.242463362683793 2.313790094851529 2.369463617045825 2.374474520342686 2.434496162628327 2.456090430554436 2.481702481707166 2.447880858311718 2.500269914160405 2.480349980222075 2.492171451415884 2.488543114734716 2.530083384943353 2.543880948768507 2.54089192035867 2.539523949821345 2.511325943557567 2.500956099330751 2.47795398272419 2.428294103219833 2.407953059865976 2.363051250842069 2.383362694024592 2.419517678585644 2.503312003997648 2.534783095263317 2.594303403512748 2.666342028937045 2.752576558049912 2.824850807837087 2.86502840717423 2.865641709815645
2.042389845336041 2.105496603896372 2.102311003596734 2.115194464922674 2.133727773804981 2.13577512121023 2.129304591533485 2.097753460452321 2.127853695255175 2.061463307207255 2.127917017472259 2.099262839855889 2.098350708135385 2.147074229335611 2.171819861226522 2.18226708657612 2.244181942568604 2.314237792257292 2.360898358308765 2.369347297099711 2.445967035398513 2.481767788233736 2.458908501748962 2.487858714663914 2.51478230708251 2.551388014264288 2.55574798115777 2.560969662977488 2.58661937736021 2.606295394857613 2.601196660875846 2.536379234663059 2.558918444974673 2.504899556890654 2.466800818663735 2.416148439669269 2.381206628327961 2.370531130975108 2.399896578800852 2.448344358163359 2.491002191521572 2.530356225054241 2.595059719847646 2.626174437702184 2.668311621921996 2.718243651328433 2.710389662341043
2.130409841617927 2.138475061010117 2.185425738216327 2.18593614662445 2.199877886988369 2.219156422867112 2.204094494065564 2.197811931859855 2.210019742696981 2.193563800249381 2.180493204710503 2.197041171375132 2.149206926234231 2.189466994294105 2.183920294570937 2.222880697279862 2.230339587415805 2.321020008364516 2.359483888542111 2.351724787291539 2.41190155945622 2.444852654433438 2.463994636500586 2.443742383503026 2.472477083444522 2.49364215134282 2.501806485239191 2.470318775093697 2.493776604044344 2.516318365642928 2.522495164606544 2.513353394874004 2.477374981941714 2.475006864193554 2.479624980590748 2.461283417056222 2.458694866760417 2.412790100021416 2.425141812964594 2.475708952769824 2.551994986780173 2.627331388104662 2.676576928151464 2.705162718442053 2.679440336674337 2.708268815678891 2.729948907727884
2.200900001671755 2.213102851594653 2.235847551683627 2.220201462498935 2.265676145810062 2.269028878477275 2.25631649865776 2.274534849748982 2.251382089448478 2.231639399301495 2.270604896540708 2.260349088081491 2.25303196355563 2.297450578233009 2.303251874612194 2.324165670935139 2.396134216826085 2.42632854893887 2.42309541472063 2.504895337775593 2.5357796101836 2.519991553276507 2.564720184616516 2.608388905584242 2.586335401291288 2.567865290515128 2.583041000817873 2.59366172621808 2.587051659924601 2.543812592894746 2.584144408693494 2.597740449384482 2.553914919936655 2.486148628851831 2.460295108385279 2.451414084619846 2.429312632506432 2.398691708345133 2.398520974364899 2.405225449495049 2.470667665083071 2.542845849951945 2.576773843856706 2.611575234146482 2.590880894327492 2.550741902079399 2.57631671788742
2.210803329363807 2.246791315567246 2.241560658827455 2.26198969010475 2.296645036437758 2.293261357702523 2.318848417152197 2.288845455049074 2.284031454676992 2.310274547645217 2.29662947340733 2.289889312312427 2.344277152978281 2.337037294596009 2.358424061070104 2.419223740376715 2.410412640888223 2.420099932632688 2.451506549899879 2.455840815130559 2.463783139112611 2.524532017984038 2.551862601224844 2.521807763442775 2.573685555125718 2.59725416699753 2.59042598175178 2.578803604437838 2.6287575915554 2.661482749062974 2.660204923187676 2.602228501711802 2.638248043844867 2.614510788461787 2.565701281960122 2.535020165472141 2.476111699906411 2.469382917320055 2.507802943806459 2.514623404459092 2.593831998209723 2.610546981571398 2.637009042208171 2.738099620658308 2.780685356805474 2.756164463638991 2.709936054333328
2.145363991863629 2.192423672164176 2.135086895406444 2.179995054677814 2.172670373609723 2.203652793294467 2.213588033183045 2.186481826342347 2.244269442347349 2.27558303915215 2.253724749763486 2.33465578251618 2.304597003713425 2.343597474350321 2.344618739717087 2.336087836897467 2.345322927883132 2.383203956616506 2.341956968445981 2.366310981343489 2.394736889949559 2.392180059569411 2.380743573066567 2.435692675962581 2.441871889802092 2.407116426544833 2.478494997338245 2.493297827572285 2.519212897314544 2.502901457183004 2.583421494133225 2.569468239057654 2.536989626191672 2.492816621387401 2.462454450263599 2.484274023350112 2.467133592122761 2.402411264656898 2.400430755732199 2.43230254205559 2.495951307306375 2.586999539198822 2.629294559362574 2.652163832221658 2.690660109878719 2.668922456373879 2.659176512483824
2.180809482653615 2.230490610271864 2.179522348034595 2.212589317898987 2.225143115206937 2.227377224585517 2.293708677288268 2.249127632529889 2.328314953208307 2.326914463935014 2.342442865524409 2.401003715986881 2.358732950427133 2.409412947408721 2.400211676669625 2.394727832757984 2.428757495882382 2.449241749228195 2.388254839638765 2.445917862893584 2.462365656649645 2.420636990620469 2.463116200273275 2.500881879170523 2.483742228873818 2.515281680070489 2.567924036312783 2.559989304551449 2.566297741658144 2.615701851947239 2.632655478623198 2.566812787112096 2.571748041801686 2.54815198452979 2.506237883899659 2.461710075899436 2.444719202534161 2.42085899953291 2.453238392585348 2.423895894667241 2.450449376090754 2.515264327128474 2.580238542703515 2.627552312690223 2.642744021477088 2.606446524348203 2.599857032993613
2.253111450268347 2.245415217393784 2.265722484365596 2.266204684392394 2.282552641399266 2.275367634045156 2.347001810029536 2.347690190481341 2.402096218522877 2.421530828709631 2.415247403723605 2.468491242223987 2.410712174729646 2.456189616572104 2.432901607355287 2.416590260263701 2.441378949182555 2.422761311542244 2.415826840772714 2.438790092097304 2.419754655107745 2.436986580870907 2.45181511191832 2.443078165056757 2.457531356910251 2.503584903477338 2.478443569552379 2.555246170534327 2.56731314694376 2.568578440100813 2.540168923591744 2.56695300158349 2.522467330404931 2.427615406123179 2.431387660846517 2.39971732643965 2.371879069763766 2.308534616015457 2.322604756402986 2.399948310745715 2.440874013878316 2.532668583841007 2.556149555738006 2.61290936544806 2.64910251514064 2.60805144308261 2.581820469586128
2.228123014553439 2.188566024555429 2.23125097879606 2.217620213950077 2.271079288817252 2.264604461802986 2.330341029274664 2.362515143509384 2.419074891855539 2.429030618992474 2.454726500652169 2.455206925470303 2.448234362464054 2.447003567495794 2.404482033478474 2.432086637519952 2.42005545036703 2.385525336990522 2.399311707557142 2.376678777983398 2.391369437599976 2.414508532392587 2.363072666529315 2.440376099849556 2.443489818177193 2.430559399116712 2.504644399956934 2.526461615178641 2.49880151044105 2.523337272773497 2.495181610253636 2.451643012529709 2.431312792309408 2.425926555294613 2.376988364194004 2.30076032725851 2.31042627426397 2.285445189933328 2.268510878228837 2.245306452747552 2.33062952200894 2.389094142554581 2.429530211506093 2.444268167378944 2.508354580830219 2.554995852351604 2.535125109675556
2.202759802625196 2.193937021228445 2.167748249959763 2.189095880954745 2.177550855758609 2.195846307104683 2.210032486431901 2.252901345972197 2.266277244082779 2.314777486526096 2.330726865554393 2.353644742787753 2.355074097240565 2.315408792263977 2.319194901407716 2.255002333998927 2.287203429539906 2.231735663533072 2.270791261428933 2.286046736780732 2.2942773815683 2.33559883592531 2.379810358309447 2.35803382391722 2.419051442365233 2.43244421128632 2.426663271638624 2.47636718178535 2.431020049727229 2.405720334844853 2.381862296532322 2.376178060653046 2.311286290757523 2.309055463759345 2.30555444134502 2.260111246322836 2.231789914054575 2.228078104899915 2.244865586191262 2.247662942852661 2.250558728651431 2.323513978416315 2.356509344857736 2.402457677104788 2.359724260298341 2.41142291841458 2.380519775298465
2.112785130231694 2.134649144836428 2.112118526967867 2.144907340126016 2.114150882848877 2.142172014633067 2.145994977033816 2.195557759521371 2.201799477400654 2.242129660751646 2.283013603135932 2.309634857537877 2.298845134496401 2.324502840669611 2.294865421148821 2.323570035941422 2.27175411596499 2.273583358405995 2.265151635994949 2.256337553309818 2.258729345538768 2.264264180864219 2.272399431175322 2.283895607440789 2.276802636046755 2.307694521843697 2.345166681380926 2.321299478116699 2.359908348412102 2.305001193386815 2.261693822884642 2.232293098762843 2.224821378763489 2.187971430414569 2.1943092689873 2.202975729297409 2.149201409589341 2.111024269630222 2.138375364555542 2.180699817484366 2.125800693484467 2.185907245915265 2.197682437012578 2.241646446377875 2.195928505316622 2.180102557864387 2.170048210369657
2.065983585703896 2.048564518403048 2.045679304498377 2.038679533546549 1.969252385459992 1.976693032086385 1.994048723811872 2.009333481820142 2.000867618361729 2.084244752541428 2.132295038375596 2.164912724029012 2.154238575446967 2.181801633655525 2.11417929636216 2.115666251214519 2.138143914660407 2.092896310333249 2.176776658578682 2.160144802352321 2.192586616981534 2.209238350550895 2.207636250708954 2.255672646752588 2.220604672236721 2.220159292772229 2.219997157757409 2.199502942042003 2.206509569704379 2.167050539802822 2.130953478765955 2.097477304370649 2.016769759406604 2.002632453334868 1.976798795727466 2.032463551126546 2.052976570047798 2.018741612622286 2.003489766393603 2.025676626987872 2.008675237011351 1.954901552237828 1.924937158104258 1.927624012694938 1.899528890119109 1.835058812506508 1.819528399432689
1.939476163523578 1.889236384293884 1.89439981251803 1.901269668493507 1.8746709133022 1.873767168633292 1.902626747387176 1.903396036253017 1.879972459253957 1.925822966662959 1.954374522716265 1.964053734483144 1.948758291134405 1.940218736176859 1.934192764104971 1.950344621222312 1.956002568198119 1.929151955601593 1.933726946474293 1.947145468846625 1.971011169632649 1.967940294219388 2.008463169729422 2.008611138558781 2.017464170481143 2.016699355817053 1.990781133465976 1.981706854966943 1.993462292735689 1.958785277784887 1.879411270840988 1.826738560063117 1.795622998445665 1.813196147223284 1.745714492615516 1.770121654946559 1.727580760380052 1.675091438066641 1.639395040751822 1.670186247285795 1.648451537499761 1.620608274211033 1.568552578575322 1.573225736265996 1.527233848501827 1.496067304134036 1.404926167761951
1.750394391109678 1.752886317446677 1.772494460061199 1.782763887238078 1.772364745610316 1.764435028272526 1.763023130444762 1.802324858862074 1.778226488660473 1.812259035291308 1.790215466027776 1.813686958369185 1.772874285974544 1.792343333405277 1.76918060080011 1.748545943738486 1.740437095414515 1.752920890348985 1.772352816429769 1.778998524617617 1.736919234412987 1.743313700051517 1.725487812005235 1.719772400074867 1.682506581624597 1.663943086294927 1.629949726269684 1.575736275337271 1.57437925574798 1.567888845250428 1.522967490521622 1.527124697926481 1.450183917191932 1.39733170227477 1.374466951443281 1.345662510268443 1.339850431412534 1.30022324837991 1.267571433677038 1.246289958204328 1.260789074023311 1.235270590365678 1.222883526422042 1.265342523144259 1.26662558500793 1.281820765749251 1.265018623539272
1.579290198207254 1.567014121116551 1.573377751742136 1.561423909494796 1.527940133060987 1.551772861526403 1.533466459116165 1.543584549974912 1.540773985913189 1.58239687760921 1.593699185748892 1.625799441051889 1.634944764398842 1.606835752284318 1.608646144905394 1.6286541496366 1.612328887668052 1.574777040709723 1.496125043292685 1.464359592165845 1.442174593020337 1.415120558797849 1.399286417104 1.379106079144139 1.359701739533159 1.30449197231679 1.309175413359053 1.301959978095661 1.288992611305667 1.305855040671277 1.314639668972485 1.320176183743776 1.328785484449203 1.29925863614241 1.294619359484461 1.244897043267774 1.241369824418283 1.219603949751442 1.224678657899692 1.194799881152624 1.217679881141695 1.205337713312968 1.225956318464535 1.221549000825623 1.227343009913052 1.212235825728874 1.188732696809313
1.467654567775638 1.471255957044518 1.487833129176221 1.503260360981797 1.520022487886478 1.530094766306873 1.527249810641249 1.517593084448274 1.496607443422441 1.497950377479482 1.49698731271657 1.481472708405521 1.478563242506133 1.48690723766357 1.48645213513597 1.465951170373301 1.451442213514536 1.476297725515021 1.452570201547398 1.433689996491372 1.433371281097222 1.429149673732333 1.445006137054911 1.472047018101851 1.508495166913365 1.467478746372806 1.474851752230416 1.467323923687491 1.419345919867952 1.382966531906947 1.377718838833086 1.374642501013814 1.348943516907084 1.360665153873155 1.379275136888101 1.380220926112851 1.400014583268917 1.375256936085287 1.361481634612967 1.340520414758095 1.328679445655814 1.316442750325434 1.313915360372207 1.339877104505328 1.326820285980378 1.332785966596485 1.330697810541844
1.568599440255918 1.583297771617221 1.581507543589377 1.577704075406088 1.579137908592085 1.582586538054495 1.586652718370528 1.555036509757269 1.523464043925741 1.502616349520326 1.517107441742216 1.541081630016812 1.529987685492434 1.542642220704583 1.524413856573228 1.505860347525829 1.484281212867582 1.494750195548577 1.488379367670229 1.453875999241152 1.427831143307314 1.431919366705247 1.422099121771435 1.42170624298454 1.435475668484687 1.416792039263559 1.408940423788434 1.389015633580327 1.385362208206259 1.358256996200121 1.358550973827987 1.354870788668394 1.352619782925667 1.347516158829427 1.349867745179075 1.363011368338616 1.368175540825687 1.382203530752695 1.405238951521139 1.392007484073467 1.379236526955904 1.403057400277687 1.398761179826247 1.390399755529484 1.391244910901163 1.382193126485931 1.362200662865161
1.474501071350067 1.489884836210441 1.48880262802257 1.476792971287209 1.47889535087266 1.485103859094994 1.466412581629435 1.440748093485961 1.43279413019179 1.425396067879212 1.427494522527349 1.412937122055411 1.434469201106366 1.46351327098341 1.483577366026421 1.484877249914145 1.507145633642332 1.495280529163914 1.448300203724302 1.418656799709248 1.395605392350469 1.405029168880198 1.396914801818472 1.412181048361036 1.42803655234189 1.45143079787932 1.44204503271202 1.403143288326179 1.381144993174716 1.365551008681366 1.338089133467156 1.334947986523143 1.342567057873634 1.359946255586544 1.353454928108583 1.339976536036235 1.335083255994697 1.344460332648874 1.342471832434816 1.363819604549134 1.33603122859401 1.33505327076178 1.317551772785692 1.331426624359987 1.328186940315619 1.327908231845685 1.312180915165117
1.339852081764298 1.35076699183758 1.353428845252479 1.333106750359083 1.360339254618249 1.365169779199616 1.356077255381241 1.332228769027107 1.314063124198289 1.298230314063298 1.299000041294473 1.298228138181639 1.301885111868283 1.340994895435714 1.368155223687676 1.385250593305437 1.401136426503304 1.424908637062327 1.403145509920855 1.365827055920467 1.32153934159774 1.281740243873491 1.232072159906638 1.199072709921839 1.201900967435103 1.19103277945028 1.160702882439102 1.165948925027234 1.161438400774455 1.161585698758182 1.191865779533851 1.225834228750143 1.206059738793479 1.243773073119036 1.233171897211301 1.211394574262598 1.198754185243436 1.172470886245622 1.129418633156069 1.130982322433279 1.124531825325402 1.120375959107403 1.111298411564469 1.126196459633138 1.124830114643352 1.114781403157648 1.117802288736496
1.133910354490153 1.162109313752891 1.128154536839896 1.130042278814562 1.138903336378916 1.139948103337098 1.120460308833248 1.091019156863645 1.088261076236908 1.086804750878245 1.095434766503634 1.089658696337726 1.075562417014151 1.051121819331307 1.064421840615131 1.077207460405319 1.061115457058154 1.054210311890581 1.020684068502467 0.9710767351950279 0.9685319849644785 0.9587000848558382 0.9453546163682991 0.9354815229341081 0.9462263395963775 0.9238774214593721 0.8913233802779164 0.8889434411433734 0.8451586061637453 0.8413920889402002 0.81446175077379 0.7845877319692656 0.7393077461253632 0.7423858051443979 0.7204446495106974 0.6959057577091968 0.6900168655317537 0.7279295686424607 0.7399625318606677 0.7159091913014649 0.7372310936702263 0.734283200105119 0.7357455145210939 0.7474760397409868 0.7760728570773083 0.769478512958467 0.773908325917901
