benchmarks/avaInclinedPlaneEntresTest/release1IP_entres_dfa_60506ca5f0_pfv.asc
ncols 1001
nrows 401
xllcenter 1000.00
yllcenter -5000.00
cellsize 5.00
noDataValue nan
[rows 210 to 230 of 401, columns 611 to 657 of 1001]
14.25408308646098 14.33589522597354 14.33242730132674 14.4095652498084 14.57131825641027 14.72590441483471 14.87361001639543 15.04957773267784 15.11122235555057 15.03637237854914 14.58347692103997 14.3613286281231 14.2699576188414 14.19765315825827 14.1513785487963 14.10630713295579 14.12075660191713 14.15345127465386 14.11824657229208 14.01939430054225 13.95118054156522 13.87790867403095 13.81156765314507 13.76179928722579 13.69348015979912 13.55766469120119 13.39810494648304 13.23176986954722 13.14663634095464 13.20264885375187 13.33930559612811 13.45846631158845 13.60321408993116 13.7319675765188 13.84300370378683 13.94183624600215 14.04396028121413 14.1654598366599 14.27566933305272 14.36285139872459 14.42828772177768 14.44927531161981 14.47944165854314 14.51241193167221 14.52866436967371 14.53219475282359 14.51299504607552
14.59542697834194 14.60280097476395 14.62874142893781 14.69513454871425 14.77805857473303 14.91574581392282 15.05480138379146 15.18862328503462 15.26891202800181 15.22408667633351 15.04477950962721 14.87383319973493 14.80152642955034 14.76580083503444 14.75119084733728 14.71902482568345 14.68628766388708 14.64521603712517 14.57392328763032 14.53826035244609 14.51208431004293 14.49614034464311 14.47230675251341 14.42443042620489 14.34589991365564 14.25939136012693 14.18884868166077 14.11310306607235 14.03929319372947 13.95674823680772 13.87324028198127 13.80600501865466 13.72967628370899 13.84293159801499 13.96924640382263 14.06269355494537 14.13804222227946 14.19362027210293 14.23384959535062 14.25822894542592 14.2803299375919 14.28114283462391 14.24422135319789 14.50502840308076 14.42195818366426 14.30923870777155 14.23085878337493
14.70763769806901 14.65427835438222 14.66816349905483 14.7547976195553 14.86640327784912 15.02544727738248 15.09589819785202 15.1388517902662 15.2365484630585 15.30405425477646 15.2522762794118 15.11616122593182 15.04588259217024 14.99014150489672 14.95467117208032 14.94241705425505 14.9519234170732 14.97872674564283 14.9839836548102 14.974945611833 14.95758929633566 14.93657189426425 14.89058279008711 14.84317602333131 14.79964350452547 14.77346655009545 14.73439338494535 14.68869256762171 14.65769932947003 14.63691370647819 14.58348012349706 14.52570437246727 14.47680301352972 14.42854252956978 14.40165717064595 14.37998578902148 14.37073214007894 14.34109485701956 14.25806954413447 14.18891478963972 14.15163731142214 14.12994036613581 14.05749035012732 13.96330641907633 13.79734168756431 13.59426100930827 13.30687230733572
15.42924583881919 15.44512434734601 15.38501273674235 15.22421165902747 15.23365931299723 15.17986438229533 15.13292029694787 15.04837867967591 15.08183554242038 15.15917037064497 15.20109183909556 15.15168299837791 15.13940493166321 15.1171291303971 15.10522810722064 15.08043619036658 15.10663952006064 15.11892242881321 15.10578846219926 15.11032747058017 15.10495734327217 15.07789546531902 15.05602251771267 15.0220894069326 14.98214042160368 14.95408336803367 14.90656385540889 14.86353777130301 14.82460128943701 14.78607704364177 14.73729899354375 14.70345503058248 14.66537424859265 14.63280811131986 14.62087939223271 14.63497234121229 14.65634289728573 14.5561784697847 14.43613846412227 14.36659515942395 14.20919449674304 13.80882607268124 13.71705356189498 13.35633830579236 13.00461312342216 12.91654596932839 12.88906540617686
15.65570098495306 15.51636511029887 15.36943122016583 15.31471433005712 15.35154309692345 15.38217074887582 15.45631004815568 15.40179493658249 15.11201766905215 14.89944008769181 14.97048502704234 15.00059673762473 15.02563286510997 15.03667321749568 15.05332599564811 15.07511838434936 15.09363340339732 15.09672153543379 15.12803780359483 15.13284681876902 15.13694392911737 15.1067918693343 15.07703310869988 15.04865672301755 15.00833828275426 14.96808424964958 14.90406338102238 14.8446514377403 14.76713963114881 14.69523770239135 14.66330600790662 14.63599839846995 14.68657231119932 14.5912365370093 14.40963001784856 14.20458480666486 14.778154195554 14.60245743157634 14.27487344907953 13.96361511372848 13.8471002456822 13.72015426683149 13.57149713374492 13.43659513409099 13.33545134291721 13.31722163056931 13.34024248379686
15.62690116742442 15.24779331164549 15.09351075323195 15.09402215762858 15.16435561483144 15.25851128862812 15.38301767097194 15.41307692800346 14.91780576773633 14.59298120326921 14.61731638182886 14.69703871651624 14.73976144125908 14.75389574523753 14.79379377633317 14.82292828299678 14.84519395658312 14.87027276971359 14.91012969807849 14.9738137580666 15.04555447632468 15.12584563285418 15.22453797070731 15.29878074710085 15.2700767065628 15.2112778990441 15.11426732442381 14.92641256291284 14.77454441347486 14.7214017053771 14.56690267897308 14.33411937715782 14.10769443970633 14.24728151995691 14.19348407168328 14.07832900608921 13.97605804338289 14.04677672229674 14.14121556224065 14.19871274656725 14.07297089619242 13.86171212884632 13.5624144620631 13.34297081671025 13.26276270172552 13.26531472933351 13.31919661517534
14.68721332487804 14.51889540900855 14.46232044718976 14.39396292862289 14.35901584566713 14.36548601592836 14.36750166374244 14.27607202570966 14.16298602795842 14.21328089311911 14.28259056396079 14.33839463468402 14.37605573565994 14.43181593473617 14.50768224250576 14.62435026893636 14.7382549282277 14.7898962743926 14.75282646415857 14.63431824025706 14.41650551087933 14.10648110018534 13.75214489133708 15.30539709077211 15.13048971155897 14.91493460022294 15.31695175937268 15.04094494191655 14.67130282046515 14.21650639803169 13.67153419305756 13.41441385139973 13.47686127465643 13.582391052706 13.65979534926779 13.67632997434106 13.70764503100968 13.81150233270557 13.93604841773716 14.02393975485521 14.03269393654198 13.62047669350884 13.1841150147248 13.02479049999453 13.0099685263606 13.10695286107932 13.24308673382686
13.64462037189913 13.628639749964 13.62476118958491 13.7153816989951 13.82267322865337 13.77838686333469 13.67922353900211 13.61155462403074 13.697624712492 13.75742686539098 13.78009502098236 14.34663806576048 14.46684561089114 14.60285138402596 14.54564538458162 14.40338003853547 14.63784977120135 14.45447483353706 14.16541879271043 13.77860113404273 13.47044181546608 13.4610228238074 13.42556022769994 13.38792465662087 13.35637206271916 13.32386530085463 13.30554288823973 13.31764211742996 13.3230819556493 13.34824644811079 13.3800579965636 13.40750602967083 13.44804721674667 13.47040219445181 13.50183158456164 13.5401676083442 13.56513490959753 13.58721964223973 13.67234007044603 13.81679613132873 14.03423803109443 14.06924095268289 14.14934388261822 14.16678496904144 14.20501372063633 14.18865831655301 14.13652275456535
13.72216207145845 13.74624504329865 13.77718509436238 13.88085817359879 13.97547004962751 13.9658671460241 13.89904895861584 13.82203534443529 13.78703432240514 13.77493391004396 13.8187998794857 13.84427247587036 13.80754581806858 13.7337765425645 13.72381062339795 13.75901272052265 13.78996772521382 13.8172320265554 13.76070295743103 13.73240430776022 13.72752856711489 13.71014476076075 13.70721851871859 13.74371186580035 13.77435329862015 13.79843505510229 13.80755896507736 13.84861747772029 13.8892310235487 13.9196419654511 13.93829012130416 13.94686729983929 13.94386093443536 13.95940959269514 13.97963162798046 13.97333382028433 13.98959443409252 14.01843654469957 14.04366058894711 14.13722249630262 14.24732455412771 14.37499928383629 14.50695667216123 14.62769173357801 14.74334646761636 14.65240272331992 14.53916190191581
13.43442589205794 13.46026157979135 13.43187942196046 13.44792671915983 13.50518887725067 13.54639485959289 13.57667866204178 13.60965439996318 13.60617853325665 13.60753643520512 13.63834285231871 13.68839895656899 13.66124227510902 13.5990021312625 13.59828537538893 13.61777783970647 13.63271857341997 13.59675477904215 13.57202684174798 13.56812516786075 13.60245545663962 13.61633829889137 13.64803988471119 13.67853752017667 13.72351195009533 13.74079517432931 13.76554939568723 13.78632284937886 13.80287473346478 13.8190918678247 13.85848443976035 13.89703560220172 13.91831479566582 13.93229709381484 13.94505534559928 13.95236073659637 13.9603246509182 13.96430255283271 13.97568193158417 14.02680391728075 14.10444919540744 14.19812365153888 14.32776605036779 14.46938258276257 14.56681854133415 14.50660438198683 14.41445599865482
12.7209503942513 12.76642286891061 12.75520250922687 12.80986703831919 12.88892874362565 12.98204507457607 13.06353705834744 13.13345229389801 13.13962274802756 13.1365618304773 13.08250341480706 13.07806097937773 13.04169037050466 13.0206013025504 13.01314480995091 13.00613209717249 13.01825919465309 13.01115048482392 12.97933415956707 12.99222538990913 13.04258097138469 13.09362625047626 13.18476113783668 13.25649195251459 13.29461670587647 13.28665140758775 13.25103167101742 13.24920080607564 13.29122959847367 13.31300830260006 13.31879892051329 13.34313111858471 13.40054440112066 13.44009500890441 13.47383730983005 13.48047646273853 13.47469890615197 13.46757423108325 13.46364232051826 13.47549046901194 13.51026376452587 13.56599477249373 13.69021714107957 13.7564105806083 13.87478912233957 13.87307813334209 13.88160109879261
12.69182683057733 12.54715274821065 12.33063043483676 12.06480781010841 11.84883594219075 11.93300681685687 12.02937658158764 12.08496847405289 11.95711082255053 11.85070976687569 11.90058494092717 11.94021433386058 11.97646613264226 11.99167382396852 12.01005721473114 12.04804315336583 12.06701976895375 12.09830886362485 12.14259504761512 12.17377577345599 12.19528886648649 12.2293140442377 12.25621121101973 12.31196734158777 12.35390402382108 12.41689473453043 12.4673334854618 12.47281285233964 12.44848469500432 12.37400670532982 12.28487446554188 12.3581390554369 12.37013011928448 12.33912811112509 12.39008369990461 12.41279209826114 12.41015948531533 12.43318265423013 12.42326418111104 12.5296667824267 12.5574487667536 12.60834669108097 12.68835060639046 12.81518180984697 12.88302923478957 12.86589106728203 12.94945111852907
12.47783419815976 12.24712467844185 11.96825684487921 11.73805048641489 11.62648216829826 11.57754240306264 11.57508399950377 11.62590872868917 11.66990005646139 11.73447536145608 11.78094432997116 11.83767256625987 11.9064560415809 11.97686191506317 12.0498478797591 12.11431181723222 12.15838702707919 12.23068624582939 12.27326216903688 12.29216261339597 12.31458929528495 12.3474761142492 12.40049107438479 12.4910805467514 12.60452915614399 12.726930246375 12.83348973349048 12.86924760789651 12.82988258503377 12.70101440629809 12.63114596840474 12.56098148768298 12.50928956951037 12.46060146354616 12.44760531317493 12.49070399317713 12.55086142052659 12.61624761830918 12.62709909848922 12.59478553517678 12.5656407553607 12.58723190929701 12.60751894611444 12.60663122839444 12.63943812566085 12.68719935395912 12.7366359633758
12.04855449342675 11.85919502381676 11.65145557899564 11.4824920396661 11.35212998140731 11.28637527499945 11.28937122634253 11.33088448240371 11.3287205114816 11.28750836411092 11.27022109896701 11.30937784526011 11.34684084125612 11.4437161106787 11.59620871971111 11.69338169919323 11.79066678519472 11.8950214942571 12.01914653315271 12.10311188123001 12.15066794079735 12.20552576442375 12.2441865604872 12.33425982620466 12.42497036385505 12.54784570933915 12.64821935417157 12.62693141115638 12.52618032698734 12.25987688763771 12.1037592024305 12.03537431897606 12.06583368797654 12.0632570413378 12.02388774026908 12.0341597182741 12.06077916608716 12.08918585477732 12.06312826129973 12.04558605559368 11.99720980870965 11.96830678771236 11.943773767834 11.97253885793513 12.00153271704972 12.01363914127893 12.0969715650412
12.35295276837843 11.79639235043526 11.71698727602787 11.79210136244675 11.67997103634202 11.36510505314953 11.24542074689747 11.30458402494951 11.32108731551273 11.29399289325791 11.12050262940707 10.88209982839516 10.74414372365197 10.67611631725641 10.60305784107497 10.60836190620893 10.58896823307344 10.51688192045629 10.46646342505161 10.4063248637883 10.61220943367366 10.98021418453505 11.20825718339297 11.29391638071422 11.40705008204672 11.48076277904846 11.56540579722089 11.58827314750768 11.57980003700924 11.3822605319225 11.18174613874576 11.08406278344411 11.06750597524282 11.06469500141382 11.13618482225188 11.28988334121889 11.38149370767653 11.4190741381349 11.4063502903269 11.37753770082666 11.3611980145328 11.31216380251074 11.32608184721432 11.33198094859848 11.32229290051579 11.40736082905165 11.51563884844642
12.03783042124697 12.14764513154035 12.17226458353035 12.11251737422577 11.9516183384316 11.649133286105 11.49613845445575 11.45616551338083 11.44906601922175 11.42141670856769 11.309645025747 11.16618496317923 11.07666542684325 11.00672909957538 11.01668832853168 11.0381389299285 11.02784972360928 10.97468045075901 10.93135545977806 10.94881603146586 11.01438052454179 11.06829380196573 11.10819003573648 11.15857316652458 11.22808199248603 11.30567602176465 11.36426613786039 11.42978274657053 11.37186732170932 11.37332392746445 11.35857617578423 11.33894983301195 11.36176357444175 11.40569400734169 11.46222641467395 11.52961400575067 11.6001883757316 11.64411692432543 11.71754191977644 11.80390086734373 11.85354555722075 11.86408152227365 11.77041426217314 11.61766329452807 11.55693893555986 11.60877447489634 11.66992202905691
11.96825266886754 11.99257447216821 11.9439756145893 11.79949896663421 11.56823833658873 11.38618142370793 11.28005570106616 11.25563145395755 11.29993093774735 11.28534671374274 11.22245404870489 11.15235206325802 11.13193986708742 11.1458996477329 11.13886550212245 11.15859119607346 11.13286706588582 11.13561241980859 11.17015779666559 11.18384702727013 11.17181790934511 11.2076096971054 11.26258463884197 11.33228728781031 11.30846921995732 11.38552047839665 11.504879159538 11.58474409458563 11.58162008549813 11.55540098589483 11.49983335853009 11.4013718705833 11.30482119755827 11.28457796423292 11.31046990749606 11.37292315259267 11.41372675060421 11.45888005595087 11.50951177749176 11.56728973449997 11.58365148421417 11.54410274458212 11.48047505280505 11.42550795349916 11.41926900265354 11.46792049373314 11.53517460742353
11.47411672158973 11.37380883504712 11.36139571181562 11.22618907336951 10.99245160582849 10.86643538024177 10.86065764082239 10.82535659138673 10.84418786198005 10.82613976139437 10.83497458841509 10.80495793393576 10.80525472551789 10.76885859408581 10.7830022552922 10.82726704177752 10.87707533208305 10.86128951962089 10.87614202378686 10.89242954036224 10.89237502103179 10.90795143551581 10.91059197320258 10.93002214262941 10.93712268365904 10.9697353096408 11.0420088589996 11.16913060036815 11.23979565224935 11.21234005244872 11.16903373127382 10.90304338937086 10.73355506901556 10.64458019766032 10.65287096143392 10.71305261091658 10.81751446879897 10.85639442679427 10.90229671525474 10.88661008586312 10.84859244042898 10.89722817446589 10.96020990685225 10.98382957301155 11.01326003839122 11.04386453353328 11.11423495757228
10.79909565726389 10.79489880372998 10.81757754210109 10.84699413776717 10.71358891629842 10.60734305449896 10.59764046440569 10.68048441208074 10.73257051256563 10.74297903052198 10.74321348341048 10.70943482020531 10.61534885380601 10.51811873796906 10.37051760890805 10.24724300762935 10.20331002741976 10.22983435718705 10.31794545867509 10.38209821045948 10.42180352706538 10.46131776724324 10.39499709806837 10.3687029679209 10.24335994846762 9.828353450506377 9.873606754001701 10.02157574871917 10.58622251310017 10.87762114429886 10.80631076617452 10.17748632063003 9.962472914120614 9.807992245625707 9.764516436495098 9.637714978598989 9.580893202751591 9.651390335672671 9.643731754556541 9.647296147306758 9.754750188318388 9.831713909821467 10.00976036440463 10.11629080342051 10.28436355546975 10.40755996779418 10.51821740780334
10.75097576662177 10.77426097264602 10.8207105796588 10.84211348181575 10.85631984086352 10.62622128397721 10.57072762925772 10.64122815085667 10.73376814235171 10.79488586452179 10.82608201411097 10.78943784751345 10.7624196615998 10.61583925941419 10.2763851928552 9.978085482356793 9.818243653478977 9.814872174481962 9.924718233839823 10.03768228576996 10.06441497561788 10.05789717199989 10.0574295904188 9.948064511778705 9.814769836510212 9.65722716817227 9.632826472609665 9.721985367171925 9.837192256292539 9.902291481750721 9.885103105334931 9.87626701464826 9.840429967947033 9.052234538495894 8.843424516271064 8.848863055724692 8.779472829039653 8.708352957599404 8.656065468602613 8.574937909524305 8.782806262313349 9.416684612168098 9.740594869951867 9.865865711046034 9.761066554548197 9.669958119209541 9.655704524564541
9.844501998559565 9.91562469055736 9.939792583989149 10.02570917123844 10.13106157986983 9.90471678141958 9.810053871649385 9.822147893377821 9.928548712323552 10.05563382851722 10.15317022613524 10.05203495880515 10.16217878487333 9.82280806322367 9.355956154567334 9.102625735210664 8.90688501496523 8.835063599182039 8.854049443404634 8.870044506325044 8.968963807608198 9.009697712243193 8.907526658961952 8.837087431596771 8.831150942957773 8.740133736149252 8.655389532062534 8.70911833390921 8.880784305707106 9.739041345527831 9.980568273269174 9.997777679871996 9.931134821830675 8.929172364135136 8.184351963965517 8.127786182424705 8.339474777060209 8.543633066061954 8.389463795133322 8.201696986722951 8.207265353582573 8.119942903274627 8.135629151477284 8.180206954773306 8.139066429656294 8.09808103308306 8.127466151674014
