benchmarks/avaInclinedPlaneEntresTest/release1IP_entres_ref_0.15500_ppr.asc
ncols         1000
nrows         400
xllcenter     1000
yllcenter     -5000
cellsize      5
NODATA_value  -9999
[rows 186 to 216 of 400, columns 840 to 909 of 1000]
25.0452 25.3301 25.5629 25.7725 25.8811 26.1061 26.3141 26.256 26.2864 26.3109 26.2131 26.0852 25.8626 25.5796 25.3425 25.0032 24.5956 24.6088 24.7659 25.7898 26.2894 25.6222 25.0649 24.9487 25.1654 25.0448 24.9051 24.6694 24.646 24.3368 23.6818 22.9712 22.9061 22.1045 21.4614 20.6832 19.9247 19.1595 18.5049 0 0 0 0 0 0 0 0 0 0 0 0 0 0 0 0 0 0 0 0 0 0 0 0 0 0 0 0 0 0 0
24.0614 24.0748 24.2274 24.406 24.5596 24.7695 24.8626 24.9325 24.9693 24.936 24.7755 24.4343 24.0205 23.778 23.6181 23.7219 23.8551 23.8099 23.635 23.9883 24.4768 24.782 24.6279 24.8044 24.4461 24.2979 24.5499 24.797 23.7967 23.7395 23.265 22.4823 21.6129 20.8487 20.0955 19.4269 18.8557 18.5159 18.3392 18.3293 0 0 0 0 0 0 0 0 0 0 0 0 0 0 0 0 0 0 0 0 0 0 0 0 0 0 0 0 0 0
22.7902 22.9915 23.0796 23.0135 23.1718 23.4534 24.0016 24.1951 24.2188 24.2601 24.1029 23.7603 23.6935 23.9175 24.4121 25.2383 25.6367 25.5146 25.0631 25.1803 25.4066 25.6682 25.7232 25.5367 25.3719 25.3478 25.4585 25.6463 24.3582 19.784 20.128 19.857 19.3978 19.1161 18.5568 17.7921 17.5038 18.0024 17.6649 14.9049 9.95072 9.95072 0 0 0 0 0 0 0 0 0 0 0 0 0 0 0 0 0 0 0 0 0 0 0 0 0 0 0 0
23.4053 23.7862 24.1583 24.3954 24.74 25.448 26.241 26.6831 26.9876 26.3615 25.6687 25.3408 25.2615 25.5941 26.0982 26.5706 26.8402 26.7717 26.246 26.4779 26.8965 27.234 27.1315 26.7985 26.4972 26.2197 26.066 26.0159 21.3128 16.4159 16.6318 17.2039 17.3163 16.8794 17.0711 16.9835 16.6765 16.8677 16.8581 17.0292 14.371 13.381 13.3125 10.6098 9.88314 0 0 0 0 0 0 0 0 0 0 0 0 0 0 0 0 0 0 0 0 0 0 0 0 0
23.8498 24.219 24.7149 24.9971 25.5143 26.2035 26.8704 27.2709 27.3118 26.9 26.3457 26.1604 26.2155 26.3887 26.7216 26.8601 27.0936 26.8645 26.8543 27.1006 27.4493 27.7121 27.7748 27.6436 27.3603 27.107 26.8003 26.5295 20.6653 15.7107 16.087 16.2898 16.4977 16.754 16.9669 17.0935 17.2275 17.4504 17.6156 17.8604 17.9747 13.5288 12.3338 12.5999 12.9111 13.24 13.9343 13.9343 0 0 0 0 0 0 0 0 0 0 0 0 0 0 0 0 0 0 0 0 0 0
24.0405 24.4547 24.9057 25.0515 25.2772 25.662 26.0993 26.4677 26.5266 26.542 26.3017 25.996 25.8902 25.6196 25.5781 25.4937 25.6321 25.74 25.9146 26.3128 26.7128 26.8208 26.8385 26.9614 26.8686 26.6605 26.4603 26.3948 23.8304 15.4633 18.1043 17.508 16.6471 16.9657 17.2722 17.6371 17.9348 18.0647 18.1213 18.1494 17.969 16.9075 15.0798 15.0335 15.0065 14.9284 15.2431 13.5577 12.1826 8.61998 7.82876 6.24582 5.6351 0 0 0 0 0 0 0 0 0 0 0 0 0 0 0 0 0
23.2064 23.4654 23.7591 23.7679 23.9803 24.1522 24.3593 24.8868 25.2506 25.1373 24.9593 24.1352 24.2498 23.755 23.2502 22.7945 22.6073 22.4865 22.4465 22.4466 22.8025 23.4297 23.6349 23.8236 23.7309 23.5507 23.3178 23.1969 20.3106 20.027 19.852 19.3044 18.1459 16.2588 16.6341 16.9291 17.274 17.4574 17.5244 17.7207 17.8157 17.848 17.8631 17.9596 18.0762 16.8622 14.3348 11.9801 11.2746 10.8013 10.1765 9.23565 8.04841 6.7759 0 0 0 0 0 0 0 0 0 0 0 0 0 0 0 0
20.9484 21.0365 21.166 21.3483 21.7765 22.0319 22.1594 22.519 22.9046 23.172 23.2339 21.3751 20.3083 20.2693 20.5801 20.992 21.1131 20.7914 20.3373 20.1856 20.3387 20.5983 20.7632 21.0306 22.0499 22.8536 22.5109 21.674 21.4384 20.9406 20.5307 20.2723 19.8369 16.481 16.4088 16.4335 16.6293 16.985 17.1558 16.9779 16.587 16.5966 16.8455 17.0152 17.2559 16.3588 13.2851 12.9227 12.6374 12.1372 11.6982 11.3611 10.9532 10.9075 10.6009 10.1088 10.0276 10.0484 10.0566 9.83787 9.88775 0 0 0 0 0 0 0 0 0
19.0418 18.745 20.1613 20.4008 20.1164 20.2203 20.5248 20.4947 20.26 20.2959 20.2494 20.5982 21.0762 21.5086 21.8946 22.1274 22.1136 21.6832 21.3795 21.1642 21.0958 21.2502 21.5265 21.9413 22.2469 22.4787 22.3955 22.1682 21.8291 21.2382 20.814 20.5177 17.6794 16.735 17.2849 17.704 18.0752 18.171 18.1042 17.9591 14.8056 14.832 14.751 14.7928 15.6299 15.8679 14.8711 14.936 14.9523 14.8316 14.6005 14.3395 14.0354 13.7863 13.3428 12.8874 12.3334 11.7212 12.4482 11.9496 11.4066 10.7661 10.2674 9.77975 0 0 0 0 0 0
20.1798 20.4566 20.4115 20.4082 20.8288 21.218 21.4118 21.5822 21.4021 21.0418 20.5275 19.9351 20.1821 20.7577 21.1868 21.5646 21.843 21.9421 20.9578 20.3287 21.0372 20.9428 20.8629 20.5694 20.8817 21.2734 21.5867 21.828 21.9299 21.1753 20.7896 20.3435 16.931 16.4595 16.8557 17.1372 17.4613 17.8112 17.8656 17.7837 16.4442 16.7412 16.8674 16.8849 16.8192 16.498 16.0941 15.8025 15.6507 15.6319 15.9364 16.5739 17.0522 17.0729 15.6112 13.8297 13.2485 12.8788 12.4482 11.9496 11.4066 10.7661 10.2674 9.77975 0 0 0 0 0 0
24.0314 23.8566 29.2808 28.0381 26.0558 23.483 23.5276 23.6822 24.1615 24.5283 24.6442 24.7401 24.7115 24.502 24.0657 23.6509 23.2419 22.9516 23.3249 23.2207 22.8681 22.1648 21.2145 21.4055 22.0795 22.8987 23.3035 23.1293 23.4894 24.5235 24.8661 24.6051 23.8625 20.781 16.3242 16.3501 16.1365 16.397 16.5576 16.7078 16.9526 17.0508 17.0816 17.0284 17.0249 16.9012 16.8833 16.7387 16.6708 16.7014 16.857 17.0369 16.9568 16.6404 16.0673 16.0078 15.8258 15.3552 14.9805 10.4204 9.86727 9.37031 8.89933 0 0 0 0 0 0 0
32.2353 34.832 35.8144 36.0931 34.7963 33.0536 31.429 29.0205 26.5239 25.0427 25.3457 26.155 26.8843 26.9278 27.1524 26.7901 26.33 25.9502 25.3283 24.726 24.1591 24.4853 24.6123 24.9761 25.4881 26.0961 26.6976 27.3465 27.9022 28.3662 28.6624 28.6538 29.007 27.4314 21.0505 17.5716 16.8152 16.521 16.7304 16.9967 17.2085 17.2815 17.0335 17.0724 17.2471 17.3533 17.2344 17.1409 17.1904 17.2565 17.3487 17.3756 17.3478 17.2744 17.4595 17.4705 17.2262 16.9818 11.8836 11.4512 11.0078 10.529 9.92136 0 0 0 0 0 0 0
37.4972 38.1448 38.5751 38.5475 37.143 35.9524 34.4251 32.8475 32.4382 32.4375 32.7359 33.0803 32.7273 31.9497 31.3069 30.8024 30.3561 29.9358 29.369 28.8608 28.6343 28.7812 29.1554 29.4458 29.6045 29.9253 30.4006 30.8829 31.5559 32.0735 32.7579 33.3677 33.5739 32.8771 27.9943 15.3873 15.2433 15.3017 15.5231 15.7551 15.9394 15.9394 15.7605 16.013 16.1789 16.3922 16.5428 16.732 16.8165 16.9141 16.966 16.9981 17.0131 17.0545 17.0471 17.0056 17.0384 17.1558 14.2277 12.2874 11.9482 11.6091 11.2741 10.9671 0 0 0 0 0 0
40.0296 41.212 42.0416 42.1534 40.3195 39.0682 37.7062 36.5089 36.2255 36.5296 36.9194 36.9273 36.5269 35.7335 34.8931 34.0422 33.4093 33.1548 33.0462 33.2147 33.3723 33.4092 33.2406 33.2827 33.4351 33.6437 33.8737 34.214 34.4198 34.6969 35.0437 35.2966 35.4584 35.1706 30.1137 19.8678 16.4394 16.2259 16.535 16.9356 17.0444 16.7767 16.3041 16.7685 16.4117 16.9969 17.1314 17.3099 16.9143 16.3321 15.7694 15.2748 15.0522 15.0657 14.9698 15.0055 15.2417 14.9956 13.4036 12.2874 11.9482 11.6091 11.2741 10.9671 0 0 0 0 0 0
39.6945 40.6041 41.7299 42.1296 41.3715 40.28 38.2092 36.7106 36.4823 36.8903 37.0485 36.7182 36.1008 35.2505 34.6446 34.2691 33.9541 33.8052 33.866 33.9048 33.8823 33.8828 33.9524 33.9058 34.0527 34.2392 34.3793 34.4981 34.6019 34.8416 35.0027 35.2426 35.459 34.6983 29.2543 20.1744 20.1187 20.2839 19.5182 18.635 18.1426 17.5886 17.4615 17.4844 17.3962 17.2834 17.1962 16.9296 16.6993 16.4425 16.0373 15.8402 15.4422 14.9608 14.4998 13.9461 13.4179 13.2734 12.391 11.9238 11.4856 11.0808 10.7358 10.2422 0 0 0 0 0 0
37.1824 37.9595 38.5192 37.9748 37.0097 36.362 34.6743 33.2992 32.8914 33.2881 34.0332 33.9851 33.3034 32.5115 31.9725 31.8582 31.8344 32.0033 31.9749 32.1141 32.3146 32.3062 32.1113 32.2178 32.5297 32.8233 32.9109 32.8273 32.8718 32.9845 32.9051 32.4029 32.0726 30.7223 24.5818 22.056 22.019 22.1405 21.9129 22.5691 21.8931 19.3351 18.0663 17.4125 17.4354 17.3929 17.3517 17.1888 17.3264 17.2319 16.8245 16.2715 15.8169 14.8674 14.0319 13.1206 12.3313 11.6197 10.9478 10.3105 9.83918 9.54346 9.26043 0 0 0 0 0 0 0
32.6701 33.2913 34.0178 33.5286 31.4287 29.1993 28.2788 27.6281 27.1763 27.2582 27.5452 27.1055 26.2397 26.0232 25.8842 25.7432 25.4151 24.9315 24.8219 25.0537 25.5915 26.2723 26.8086 27.1226 27.7236 28.311 28.9744 29.1862 29.1679 29.1319 28.8088 28.5629 26.9665 23.3018 23.4104 23.021 22.9204 22.7878 22.31 22.6034 22.46 21.1897 19.2146 17.7333 16.8418 16.9108 16.9419 17.1392 17.0465 16.3869 15.4615 15.0954 14.5449 13.5368 11.0128 10.5503 9.8464 5.57543 4.72104 0 0 0 0 0 0 0 0 0 0 0
27.7892 27.5891 25.5446 22.8307 21.8269 23.3259 21.844 20.3778 19.9713 19.3585 20.5022 21.7135 21.7767 20.5194 19.0683 18.7861 18.9462 19.4139 19.5911 19.8773 20.1793 20.6499 20.9093 21.7591 22.8238 23.4122 23.9829 24.1974 24.1408 24.4629 24.4245 24.4234 22.0442 18.5992 17.8674 17.2009 20.0338 20.3462 18.6851 17.3823 17.7221 17.7188 17.5867 17.3395 16.9585 16.8672 16.712 17.1127 16.9681 16.3947 15.9184 15.3769 14.9794 14.6646 13.4558 12.0501 10.8779 0 0 0 0 0 0 0 0 0 0 0 0 0
21.0323 21.0603 20.6648 20.2634 19.1443 19.5584 20.2842 20.1295 19.624 18.7111 18.3209 18.1687 17.9473 17.6017 17.5952 17.755 18.2185 19.0762 19.0831 18.5632 18.5206 18.3672 20.2265 20.8442 20.7668 20.3641 20.6305 21.4058 22.1676 22.7665 23.3204 23.5299 23.2388 18.4471 18.4279 18.4843 18.621 18.7058 18.8423 19.0797 19.3532 19.3886 19.5169 19.5473 19.5189 19.4639 19.5623 19.4537 19.3073 19.1031 18.3926 17.6218 16.8533 16.2624 15.7788 0 0 0 0 0 0 0 0 0 0 0 0 0 0 0
20.8212 20.7941 20.8419 21.0702 21.6172 22.035 22.1607 21.854 20.883 23.4221 19.0928 18.9498 18.5841 18.8378 19.0244 19.5623 19.9834 20.2133 20.281 20.5729 20.692 20.7561 20.7331 20.8098 21.1045 21.5278 21.9828 22.4505 22.4572 22.5054 23.0936 23.5502 23.4922 18.2651 18.5859 18.9841 19.1328 19.1016 19.1895 19.5461 19.7945 19.8572 19.7818 19.7173 19.8539 20.1445 20.3688 20.4043 20.1677 19.6356 18.8966 17.8496 16.9955 16.0214 0 0 0 0 0 0 0 0 0 0 0 0 0 0 0 0
23.928 23.9598 24.0045 24.0434 24.2257 24.4543 24.7096 24.9089 24.4204 18.5057 18.7532 19.1295 19.3292 19.6188 19.921 20.3264 20.6665 20.8276 20.8919 20.915 20.7502 20.5139 20.3849 20.6288 21.0636 21.5719 21.9109 22.2019 21.992 21.8477 22.4064 22.9529 22.7343 18.0885 17.6157 17.7916 17.9193 19.6113 19.9086 20.0181 20.3398 20.4773 20.3694 20.0225 19.4192 18.4094 17.0565 15.5829 13.9701 12.2516 10.2936 7.89186 0 0 0 0 0 0 0 0 0 0 0 0 0 0 0 0 0 0
24.3117 24.3349 24.5625 24.7424 24.936 25.2098 25.4716 25.5501 25.2388 22.2161 18.9753 19.549 20.0193 20.3563 20.73 20.9209 21.0075 21.0038 21.013 21.0182 20.7318 20.1663 19.8504 19.7064 19.855 20.129 20.6785 20.9505 21.0539 21.1119 21.3619 21.4563 21.4708 16.9822 17.2191 17.22 17.2391 17.5571 17.4738 17.2625 16.8224 16.2463 15.4244 14.2315 12.715 11.5513 9.81552 8.58502 6.42134 5.89355 0 0 0 0 0 0 0 0 0 0 0 0 0 0 0 0 0 0 0 0
22.9358 22.7785 22.9281 23.1296 23.07 22.9432 22.7509 22.4905 21.8767 21.6075 21.1527 21.0887 21.2931 21.7566 21.9554 21.908 21.8242 21.8228 21.806 22.0197 21.8695 20.4777 19.5328 19.1727 19.2764 19.4979 19.5464 19.6213 19.9824 20.5336 21.2593 21.958 21.512 20.4981 17.1058 16.9386 16.8487 16.6225 16.6268 17.0051 16.7352 15.8181 14.7112 13.7794 12.8847 0 0 0 0 0 0 0 0 0 0 0 0 0 0 0 0 0 0 0 0 0 0 0 0 0
23.4321 23.3258 23.5679 23.7422 23.8036 23.8483 23.9132 23.9786 23.8256 23.3645 23.2503 23.6861 23.9511 24.2104 24.4115 24.2651 24.0837 24.0889 24.2322 24.5497 23.8855 22.439 21.7399 21.5352 21.6742 22.3614 22.7681 22.6108 22.7339 22.7575 22.9141 23.2501 23.0439 21.8114 18.4172 18.1922 18.0765 17.9051 17.4746 16.8222 16.7352 15.8181 14.7112 13.7794 12.8847 0 0 0 0 0 0 0 0 0 0 0 0 0 0 0 0 0 0 0 0 0 0 0 0 0
25.6939 25.5585 25.3126 25.0858 24.9747 24.9801 25.2016 25.2096 24.9146 24.8187 25.1111 25.4839 25.8751 26.1958 26.15 25.9049 25.584 25.5342 25.7059 26.0416 26.0257 25.6584 25.5865 25.7313 25.8904 26.0282 26.3447 26.1978 25.8871 25.4075 25.38 25.4822 25.698 24.112 17.307 15.4456 14.2108 12.9653 11.895 10.7781 9.80969 9.04835 0 0 0 0 0 0 0 0 0 0 0 0 0 0 0 0 0 0 0 0 0 0 0 0 0 0 0 0
28.4971 28.1232 27.733 27.4423 27.0759 26.7392 26.5557 26.3782 25.9924 25.5717 25.5751 25.7986 26.1741 26.6107 26.7339 26.644 26.2898 26.1479 26.4099 26.6756 26.7815 26.6693 26.6891 26.876 27.2698 27.584 27.7819 27.715 27.4229 27.132 27.212 27.3258 27.7828 26.7199 24.1711 12.3854 11.9224 11.559 11.3024 11.0625 10.7054 0 0 0 0 0 0 0 0 0 0 0 0 0 0 0 0 0 0 0 0 0 0 0 0 0 0 0 0 0
28.7948 28.8368 28.6805 28.3876 28.1583 27.7974 26.2808 25.3248 24.5748 24.1728 24.0683 24.3371 24.8079 25.1713 25.2759 25.1932 25.3474 25.5512 26.0088 26.5087 26.7028 26.8801 26.8212 26.9634 27.0438 27.3004 27.3986 27.4963 27.4262 27.4679 27.5789 27.7356 28.0035 28.2989 28.1025 9.8471 9.18296 8.6172 7.84803 6.91932 0 0 0 0 0 0 0 0 0 0 0 0 0 0 0 0 0 0 0 0 0 0 0 0 0 0 0 0 0 0
26.9786 27.4353 27.6735 27.6071 27.8202 27.6773 26.684 23.635 22.6712 22.3484 22.4776 22.8274 23.3374 23.5147 23.4576 23.4889 23.5499 23.755 23.9338 24.4278 24.7274 24.7859 24.8614 25.1324 25.366 25.7475 25.8876 25.8589 26.0098 26.067 25.8979 26.9479 27.8015 28.3157 0 0 0 0 0 0 0 0 0 0 0 0 0 0 0 0 0 0 0 0 0 0 0 0 0 0 0 0 0 0 0 0 0 0 0 0
22.8937 23.3549 22.9003 22.1485 21.7437 21.4506 21.3556 21.1098 21.0087 21.1518 21.4516 21.8007 22.2447 22.2539 22.1082 21.9635 21.7872 21.6272 21.4458 21.1612 21.2626 21.4781 21.8235 22.8029 24.1431 24.9929 25.5213 25.4358 25.1271 25.0737 25.183 24.8277 24.1625 23.2254 0 0 0 0 0 0 0 0 0 0 0 0 0 0 0 0 0 0 0 0 0 0 0 0 0 0 0 0 0 0 0 0 0 0 0 0
20.5701 20.5992 20.166 19.5839 18.8649 18.4252 18.622 19.084 19.5565 19.9594 20.3375 20.8599 21.7101 22.181 21.9759 21.2447 20.4221 19.7721 19.5582 19.8526 20.1149 20.6362 20.8927 21.4577 21.3461 20.6685 19.5501 17.8898 15.7736 13.3635 10.9931 0 0 0 0 0 0 0 0 0 0 0 0 0 0 0 0 0 0 0 0 0 0 0 0 0 0 0 0 0 0 0 0 0 0 0 0 0 0 0
18.01 18.2598 18.3404 18.0475 18.4854 17.0666 16.705 16.1955 15.9729 16.8822 17.5585 18.194 18.3375 18.1707 22.8863 22.5739 21.5295 20.364 19.2568 18.0833 16.739 15.1912 13.4582 11.6578 10.5926 8.88656 8.16633 0 0 0 0 0 0 0 0 0 0 0 0 0 0 0 0 0 0 0 0 0 0 0 0 0 0 0 0 0 0 0 0 0 0 0 0 0 0 0 0 0 0 0
