benchmarks/avaInclinedPlaneEntresTest/release1IP_entres_ref_0.15500_ppr.asc
ncols         1000
nrows         400
xllcenter     1000
yllcenter     -5000
cellsize      5
NODATA_value  -9999
[rows 186 to 216 of 400, columns 630 to 699 of 1000]
39.4262 39.4597 39.4171 39.3695 39.3529 39.325 39.5782 40.2022 40.5969 41.1325 41.921 42.0206 41.1733 40.0065 38.8973 38.432 38.3877 38.3522 39.1433 39.9992 40.5098 40.65 40.6219 40.4897 38.4257 37.0976 36.6293 36.5017 36.5169 36.5517 36.2753 35.8061 35.6244 35.477 35.1907 34.8459 34.547 34.4832 34.4013 34.384 34.0127 33.8119 33.8634 34.1378 34.6257 35.3158 35.8881 36.2447 35.9901 35.6263 35.0862 34.3812 33.6237 32.9115 32.6495 32.5176 32.4253 32.2378 31.9843 31.6203 31.4483 31.28 31.3243 31.3655 31.3272 31.2559 30.9059 30.3652 30.0475 30.7495
35.5266 35.4381 35.475 35.6098 35.9845 36.0385 36.3376 36.3401 36.3804 36.9858 37.7394 38.1124 37.887 37.3881 36.6039 36.1572 35.8425 35.783 36.3434 37.2072 37.4166 37.1583 36.3271 35.4744 34.2341 33.8794 33.4562 33.6675 34.2968 35.1592 35.8763 34.5142 33.446 32.5495 31.157 30.4825 30.6131 30.9232 30.9827 31.2785 30.7531 30.0265 30.0557 30.5883 31.3621 32.0212 32.1543 32.0779 31.8174 31.43 31.16 30.5802 29.6821 28.7387 27.9796 27.7047 27.7365 28.2249 28.3229 28.1697 28.0043 27.8321 27.5993 28.2164 28.6534 28.9054 28.7359 29.0103 29.5822 30.2407
33.8101 33.4265 32.899 32.5958 32.216 31.98 31.9187 31.9156 32.1095 32.783 33.4467 33.8165 34.4751 35.0541 35.3726 35.134 34.6148 33.9419 33.8019 33.9577 34.4689 34.5787 35.3631 35.9501 36.271 36.3062 35.9776 35.5464 35.221 35.0343 35.3078 35.9115 36.3419 36.4058 36.1169 34.9135 33.734 32.9901 32.6759 32.7157 33.0057 33.2565 33.187 33.0789 33.1543 33.041 32.9582 33.0834 33.3238 33.6683 33.6968 33.3284 33.0216 32.3101 31.7651 31.2313 30.9047 30.81 30.939 31.0027 30.9711 31.0058 31.0706 31.4248 31.7502 31.9625 32.4014 32.938 33.4801 33.8062
37.2623 36.1742 35.4259 35.1723 34.9794 34.9779 34.9168 35.1247 35.4543 35.7888 36.1658 36.3761 36.6461 37.0544 37.3666 37.4203 37.2592 37.2693 37.272 37.2943 37.3994 37.6412 37.9061 38.2014 38.4554 38.5461 38.4942 38.2447 38.2565 38.5737 39.0661 39.5003 39.8219 39.9862 39.9881 39.4599 38.1129 37.0569 36.1109 35.6467 35.326 35.2586 35.3265 35.2558 35.0087 34.7956 34.5096 34.5445 34.7027 34.7448 34.6809 34.492 34.2073 33.9156 33.5719 33.227 33.1628 33.3189 33.6088 33.6079 33.3697 33.0799 33.0462 33.1394 33.3302 33.4923 33.7751 34.1394 34.4978 34.5487
37.1469 36.0899 34.9498 34.4146 34.1334 34.0276 33.9912 34.1587 34.4284 34.8153 35.2038 35.5984 35.8782 36.1023 36.3414 36.4601 36.5965 36.7923 37.0281 37.1882 37.4201 37.7311 37.9649 38.1677 38.499 38.6027 38.5538 38.2413 38.1097 38.4336 38.9262 39.3933 39.9531 40.4927 40.7778 40.6298 40.4434 38.9396 37.1895 35.5947 34.4441 33.7136 33.2642 33.233 33.3184 33.4706 33.2524 32.9737 32.6179 32.1872 31.754 31.2642 30.9547 30.6805 30.654 30.7692 30.9737 31.1694 31.4396 31.624 31.5626 31.3542 31.499 31.675 31.8434 31.9317 32.1268 32.5277 32.8916 33.1813
36.8435 36.7052 36.2209 35.6847 35.5151 35.6849 36.246 36.4565 36.2359 35.7151 35.4245 35.4772 35.8811 35.6496 35.409 34.9502 34.307 33.9061 34.0504 34.2791 34.6377 35.2616 35.7703 35.9812 35.9456 35.6747 35.1915 34.5496 34.0731 34.4228 34.6235 34.6139 34.5852 35.5856 36.3785 39.7824 37.5463 39.2064 37.7204 32.768 32.4234 32.574 32.9576 33.8972 33.334 31.7365 29.5646 27.7578 27.6599 27.5046 27.0779 26.765 27.2751 27.8007 28.5492 29.8137 31.1624 30.1308 28.6305 27.9608 28.0894 27.9182 27.7892 27.8857 28.2511 28.3244 28.0041 27.9085 28.2022 28.3482
40.684 40.3628 39.4509 38.7596 38.1634 38.1342 38.6096 38.9304 38.3373 37.6704 37.1651 36.9959 36.9046 36.5965 36.3563 36.3832 36.4018 36.4419 36.3604 36.2831 36.1799 36.0964 36.2462 36.4825 36.7479 36.8315 36.8901 37.0554 37.5046 38.2576 39.142 39.9369 39.8665 38.8966 37.6526 36.612 35.8808 35.917 36.6082 36.927 36.9894 37.1197 37.3425 37.1969 36.7027 35.6845 34.6654 33.1715 32.2922 31.9895 31.7536 32.1681 32.312 32.4413 32.622 32.9328 33.201 32.6881 32.2248 32.2581 32.1904 32.2041 32.2858 32.772 33.0227 32.9471 32.7957 32.3282 32.0148 32.1189
40.2498 38.4767 38.0875 37.7538 37.265 37.1436 37.6542 37.9177 37.7505 37.3391 36.8665 36.7925 36.8406 36.7986 36.6122 36.8989 37.344 37.6876 37.8259 37.7309 37.68 37.5592 37.4147 37.4367 37.598 37.9193 37.9264 37.8949 38.2988 39.135 40.073 40.7295 40.3562 39.3555 38.5657 38.0734 37.9255 38.1568 38.7356 39.0689 38.9295 38.7076 38.9658 38.4662 37.8298 36.9664 36.1328 35.3011 34.9464 34.6171 34.4836 34.4041 34.4098 34.459 34.5662 34.8303 35.1969 35.4192 35.1594 34.8862 34.4101 34.3684 34.5979 35.1281 35.5189 35.983 35.9334 35.3528 34.725 34.7614
38.3601 36.6046 35.9093 35.7174 35.1071 34.8709 35.0595 35.067 34.7077 34.3163 34.2219 34.3197 34.2974 34.3248 34.6811 35.1125 35.7861 35.9155 35.9196 36.1145 36.2033 35.9604 35.9823 35.9611 36.0738 36.2744 36.2022 36.2497 36.6013 37.1238 37.5826 37.9076 37.6822 37.0291 36.6681 36.6507 36.7239 36.8823 37.0525 37.1604 37.2511 37.2442 37.2593 37.4088 37.2802 37.1063 36.3807 35.4447 34.735 34.4258 34.3974 34.6234 34.8674 34.7529 34.5683 34.5032 34.8142 35.3411 35.3469 35.2095 34.8112 34.7179 35.0983 35.7609 36.2026 36.4734 36.6124 35.9807 34.8942 34.898
32.2947 31.9068 31.666 31.0998 38.9338 34.4119 30.7701 31.408 31.3308 30.7309 30.2705 29.9635 29.973 29.9775 30.3432 31.0048 31.5556 31.5706 31.4499 30.9114 30.4726 30.8091 31.2987 31.6238 31.7391 31.6732 31.4828 31.548 31.7056 31.9864 32.7127 33.3455 33.3141 32.8002 32.6073 32.7199 32.8121 32.8944 33.1501 33.463 33.7244 33.9249 34.2331 34.5554 34.8185 34.6435 34.1757 33.7093 33.6288 33.2277 33.3423 33.7149 33.8525 33.8178 33.6882 33.707 33.7773 34.1287 34.1558 33.8291 33.6933 33.9391 34.115 34.346 34.5715 34.7152 34.9817 35.1454 35.3989 35.532
39.0612 41.033 42.2613 41.281 39.9706 37.1804 34.3378 32.7686 32.3639 32.194 33.2093 33.4334 31.3017 30.1897 30.4957 34.2115 36.6848 35.2111 32.639 30.9828 31.067 31.2703 31.8038 32.613 33.1983 33.2048 32.8689 32.6762 32.6 32.6951 32.5038 32.4685 32.4693 32.534 32.4932 32.4055 32.4382 32.6213 32.6709 32.3632 32.173 32.1895 32.4617 32.7187 33.0134 33.5294 34.0441 34.1543 33.7461 32.8185 31.8109 30.7762 30.4369 30.4022 30.7713 31.4122 31.5541 32.1861 32.0537 31.3453 31.4616 31.666 31.8276 32.0279 32.3575 32.7185 32.842 32.6964 32.6628 32.7508
44.4949 45.2176 45.1443 44.2891 43.512 42.2582 42.1516 42.5709 42.9385 42.9124 43.4944 40.9367 37.7474 37.3966 38.0542 39.0784 39.619 38.2402 35.9096 34.2467 33.9324 34.0369 34.8411 35.6302 35.99 35.5542 33.4869 32.0895 31.8343 32.0969 32.3602 32.3055 32.7888 31.0594 30.9987 30.9177 30.87 30.8404 30.3902 29.9209 30.7815 30.5857 30.7188 30.7514 30.9881 31.3981 31.7401 31.6528 31.5586 31.8407 32.3368 32.6837 33.007 33.6868 34.2745 34.5029 34.1516 33.7125 33.3812 32.8939 34.1634 32.833 31.27 29.4103 27.294 27.7425 28.365 28.5819 28.3373 27.449
46.3364 47.0977 46.777 45.7701 45.1094 44.8822 45.267 45.2725 45.1261 45.1661 45.0682 44.3509 42.8701 42.4839 43.1941 43.6421 43.9568 41.316 39.4466 38.6801 38.6431 38.522 38.5849 39.1743 39.5363 39.5355 38.5932 37.7414 37.5888 37.984 38.5985 38.829 38.8825 37.2514 36.4028 35.9821 35.7729 35.6042 35.4734 35.5259 35.4368 35.0236 34.958 35.4984 35.6125 35.6547 35.4753 34.8712 34.5084 34.2818 34.4873 35.0244 35.7092 36.3472 37.0444 37.5094 37.5489 37.4818 36.9061 36.4459 35.6868 35.8894 35.3693 34.7438 34.3177 34.0037 33.8371 33.7248 33.8636 33.8192
46.2089 46.5353 46.0764 45.2286 44.8574 44.8261 44.6169 44.384 44.0441 44.3613 44.7625 45.0925 44.2408 44.3091 45.2219 45.6884 45.2614 43.0535 41.4408 40.7757 40.3982 40.0036 39.9239 40.3271 40.431 40.2774 39.9544 39.6136 39.4563 39.718 39.9916 40.0031 39.8747 39.6497 39.8158 39.8148 39.3002 38.5873 38.0882 38.1568 38.2908 38.4375 38.43 38.446 38.5318 38.7817 38.9647 38.8182 38.584 38.4642 38.4187 38.333 38.0394 38.1364 38.3988 38.8147 39.0256 38.8914 38.7601 39.3327 39.558 39.3499 38.7638 37.6898 36.758 35.9309 35.7734 35.8568 36.0098 35.9299
42.7677 43.0494 42.5904 41.945 41.7627 41.825 41.8354 41.7804 41.4633 41.4283 42.1198 42.8024 43.2608 43.7294 44.3494 44.4786 43.3992 42.3405 40.9093 39.8694 39.6142 39.7704 39.4818 39.0309 38.6775 38.239 38.0554 38.1483 38.8381 39.2721 39.7127 40.2917 40.4268 39.8323 39.5994 39.9455 39.8136 39.5468 39.3392 39.2194 39.2681 39.3651 39.45 39.4099 39.5364 39.7889 40.0807 40.2409 40.1664 39.744 39.3572 38.8319 38.6505 38.9277 38.9289 39.087 39.2538 39.3905 40.1563 40.7612 41.1523 39.983 39.2689 38.3042 38.0786 38.6555 39.1563 38.8344 37.8124 36.8828
36.8835 37.9202 38.678 38.4718 38.1988 37.932 37.6242 37.1527 37.5225 37.868 38.8401 39.6407 40.4208 40.8936 40.5941 41.0184 39.6784 39.3365 39.2995 39.9399 40.7702 41.2848 41.0505 40.6134 39.5123 38.898 39.045 39.5105 40.4068 41.2171 41.4404 41.6993 41.5902 40.9812 40.0296 39.3284 39.5068 39.6105 39.662 39.0213 38.1227 37.605 37.6633 38.1483 38.8446 39.1665 39.18 39.1208 39.273 39.2926 39.4655 39.5442 39.6709 40.1229 41.0387 41.3942 41.3209 41.1181 41.083 41.3819 41.4008 41.5865 41.6386 41.5613 40.8103 40.5852 40.6775 40.6736 39.7506 39.3583
35.8671 36.0206 36.5316 37.093 37.6874 38.3591 38.6093 38.6827 38.5998 38.42 38.6258 39.1092 39.0865 39.2388 40.201 41.2432 41.1472 40.3797 40.0297 40.4022 40.7502 40.9961 41.0084 40.7896 39.8357 39.4854 39.761 40.6158 41.6567 42.6521 43.5633 43.7639 42.9054 40.9692 39.6973 39.5168 39.6556 39.6508 39.9616 40.3996 40.2255 39.5482 39.2341 39.4226 39.7808 40.0795 40.2371 40.2287 40.3772 40.6744 40.7731 40.9251 41.1982 41.8692 42.9069 43.4439 43.1584 42.3604 42.1665 42.4273 42.3799 42.3877 42.674 43.2782 42.7372 41.8935 41.3804 41.0321 40.5689 40.5568
36.1279 36.174 36.5313 37.2371 37.6735 38.1124 38.194 38.3806 38.7644 39.0467 39.4756 40.1666 39.9943 40.1254 40.9794 41.7565 41.4281 40.1448 39.6855 40.0793 40.4705 40.4762 40.64 39.9492 39.5599 39.1313 39.3357 40.156 41.2053 42.1004 43.1049 43.9693 42.7853 40.4287 39.3164 39.1159 39.2112 39.5411 39.9487 40.7704 41.0073 40.7263 40.3992 40.3512 40.6075 40.7953 40.8828 40.8944 40.8964 40.8668 40.7845 41.0052 41.3638 42.2553 43.4084 43.9605 43.4124 42.445 41.9662 41.8852 42.055 42.2595 42.9431 43.8017 43.4207 42.551 41.3277 40.8518 40.8332 41.4218
35.9236 35.9141 35.9307 36.2207 36.5224 37.0064 37.308 37.685 38.2654 38.7147 38.9895 39.4183 39.674 39.9636 40.8315 41.4075 41.3516 38.8044 37.856 37.8468 38.1056 38.1684 37.7089 37.3728 37.609 37.7305 37.9974 38.4366 39.1851 40.031 40.919 41.2596 40.9653 40.1256 39.0022 38.3936 38.3764 38.6775 39.3074 40.1298 40.4847 40.2993 40.166 40.3874 40.748 40.6586 40.3227 40.1524 39.9129 39.6222 39.4756 39.5389 40.102 40.9762 41.9822 42.4462 42.5128 40.9081 40.2547 40.0701 40.2227 40.6713 41.2714 41.9067 42.507 43.1869 41.7389 40.8157 40.9544 41.4788
34.0613 33.777 33.824 34.0912 34.3147 34.7859 35.2688 35.7402 36.2636 36.8018 36.5897 36.5758 36.4914 36.9027 37.645 38.4247 37.6486 35.8012 34.9225 34.6984 34.4658 34.1828 34.0465 34.0469 34.2591 34.6021 34.9678 35.6105 36.1864 36.6225 37.1954 38.1469 38.4947 37.8038 36.9082 36.2711 36.0795 36.2778 36.7418 37.426 37.9256 38.0547 38.0251 37.923 37.8546 37.6339 37.6091 37.2963 36.9907 37.29 37.4853 37.5893 37.7639 38.5002 40.8265 41.9766 42.098 39.8969 39.0286 38.6694 38.6637 39.4249 40.1646 41.4078 42.0594 42.1498 41.3586 39.7933 39.3547 39.5863
30.7557 31.0514 31.5145 31.6039 31.7947 31.8957 31.4995 31.1685 31.706 31.4012 31.3339 31.5909 31.5386 31.5328 31.8287 32.0816 31.7224 31.2966 30.9116 30.9282 30.7743 30.3523 30.1491 30.4082 31.0561 31.203 31.6494 32.0278 32.126 32.3521 32.8625 33.8384 34.6157 34.5039 33.9417 33.4961 33.7082 33.5528 33.1454 33.5422 35.4442 36.931 37.1992 37.7296 37.7971 37.7451 37.1675 36.161 34.709 34.8133 35.0445 35.3148 35.4725 35.6502 35.8243 35.7818 35.7532 35.4436 35.1342 34.9211 35.1014 35.7752 36.3333 36.7726 36.8548 36.4314 35.757 35.7891 36.0554 36.059
30.3772 30.255 30.1913 30.6216 30.9379 30.9567 30.7978 30.6036 30.8811 31.0417 31.0012 31.3661 31.5359 31.7099 31.7178 31.7479 31.6148 31.5435 31.3023 31.1662 31.2513 31.7022 32.1539 32.0771 31.3031 30.8766 30.8595 30.9223 30.986 30.8147 31.2557 31.6953 32.1298 33.0106 33.6079 34.112 32.9325 33.0302 31.8497 31.1111 31.9121 32.7924 32.0583 30.6827 30.4218 30.2545 30.2268 30.3074 30.2617 30.3537 30.536 30.6578 30.7401 30.9608 31.4216 31.7736 31.9768 31.8062 31.5958 31.7444 31.8682 32.152 32.0737 31.5627 30.7137 30.3782 29.9826 29.5442 29.2053 29.162
32.7226 32.7985 33.0164 33.1505 33.1999 32.9992 32.7784 32.8827 33.269 33.5362 33.6726 33.9284 34.025 34.1397 34.0494 34.0678 33.9796 33.8267 33.8148 33.9583 34.3781 34.5958 34.615 34.2892 33.8012 33.5612 33.683 33.7559 33.7248 33.8951 34.1489 34.6397 35.2789 35.929 36.5043 36.3499 35.2667 33.1841 31.66 30.9598 30.5067 30.3549 30.781 31.1095 31.1988 30.9017 30.5264 30.1668 29.9777 30.0138 29.9206 29.938 30.252 30.8235 31.3291 31.783 32.1492 32.3496 32.4155 32.2605 31.9272 31.6356 31.1551 30.8614 30.9463 30.8034 30.6954 30.5013 30.0368 29.8082
32.4564 32.7159 32.9023 32.8534 32.7492 32.4499 32.0124 31.925 32.0752 32.2342 32.351 32.3296 32.5261 32.5932 32.7191 32.8015 32.7053 32.8545 33.0755 33.4627 33.6872 33.6481 33.4766 33.289 32.9578 32.7885 32.894 33.0105 33.1982 33.5396 33.9982 34.7734 35.6136 36.4451 37.1729 36.8523 35.7575 33.4562 31.8377 31.1729 30.6766 30.5583 30.8069 30.9684 30.7711 30.1022 29.3185 28.8291 28.8433 29.0272 29.1477 29.284 29.7249 30.2735 30.927 31.4315 31.6813 31.9342 32.0317 31.8329 31.6553 30.7647 29.9814 29.5005 29.0224 28.6179 28.2839 27.9804 27.5234 27.2275
30.7264 30.8864 31.0067 30.905 30.8223 31.0373 31.57 32.2431 33.3903 33.886 33.9346 33.7597 33.0917 30.9335 29.5771 28.4801 28.0415 28.0073 28.3081 29.1004 29.6757 29.2785 28.7373 28.2224 28.5666 28.5303 28.7771 29.0813 29.4567 30.0115 30.5028 30.9822 31.8076 32.7068 33.4407 33.5116 32.8502 30.6496 28.6621 27.5321 27.1142 27.2175 27.3473 28.6408 28.5781 27.1111 25.9918 25.3271 25.2951 25.6094 26.076 26.5787 26.95 27.0936 27.4326 27.8755 27.8911 27.1854 26.1403 25.8148 26.2149 26.4496 26.5505 26.3582 26.0298 25.3295 24.9753 24.6117 24.4592 24.3446
31.0839 31.0618 31.2271 31.3877 31.6156 31.8126 32.4393 32.9907 33.2354 33.3071 33.3499 33.4541 33.3363 31.7576 32.8206 29.305 28.4923 27.7979 27.222 27.0313 27.0654 27.2036 27.4633 28.0139 28.7121 29.1928 29.2644 29.1564 28.7519 28.4731 28.5324 28.4028 28.1811 27.9482 30.8568 31.8732 31.3256 28.301 26.9664 26.9408 26.5465 26.1192 25.8251 25.3842 25.2232 25.2625 25.3414 25.3857 25.4958 26.7378 27.8181 28.4248 28.958 28.3858 28.2814 28.8813 29.2029 29.1368 29.0774 29.4141 29.8006 30.0215 30.0281 29.2539 28.2057 27.1176 26.7291 26.4622 26.0748 25.7019
33.0385 33.0141 33.4338 34.0786 34.911 35.5299 35.8784 35.574 34.1702 34.0462 34.1042 33.9002 33.8485 33.8346 34.1555 33.4908 32.2712 31.133 30.3913 30.4335 30.7118 30.9612 30.9018 30.3588 29.5852 29.3686 29.3041 29.6414 30.3488 30.8028 31.0111 31.3275 30.936 30.0134 29.354 28.7355 28.6105 28.9275 29.0637 28.9064 28.8802 29.0783 29.3962 29.9793 30.3394 30.6272 31.0293 31.5725 32.0448 32.5006 33.1552 33.5562 33.921 32.6453 32.3901 32.8897 33.197 32.5878 32.2085 32.6436 33.0374 33.1884 32.5188 31.8742 31.3565 30.5229 29.7531 29.2414 28.9531 28.6569
35.5225 35.6131 35.6869 36.1854 36.9408 37.8179 37.9946 37.5225 37.1777 37.2487 37.1016 36.6809 36.161 35.8782 36.135 36.0145 35.6132 35.4649 35.0341 34.6968 34.9615 35.2198 35.6003 35.6103 35.3609 34.1128 33.6318 33.7981 34.2744 35.1527 35.6897 35.7724 34.8115 33.6844 33.5569 33.8403 34.1302 33.9716 33.779 33.7556 33.5962 33.4497 33.6395 33.7963 34.013 34.3167 34.4418 34.7187 35.0979 35.4626 35.7594 36.0906 35.5855 35.0354 34.7428 35.0776 35.1833 35.5688 34.9012 35.2503 35.6748 35.6519 35.1866 33.8201 32.6371 32.1025 31.6597 31.3834 31.1472 31.1492
36.888 36.6635 36.4737 36.6851 37.1867 37.9384 38.3831 38.7343 38.9601 38.7976 38.4148 37.9894 37.1671 36.6984 36.8281 37.1021 37.2591 36.9032 36.0894 35.582 35.682 36.161 36.6454 36.7858 36.3253 35.4138 34.9798 35.3081 35.8384 36.4219 36.518 36.2135 35.7992 35.1193 34.8545 34.6618 34.6717 34.6969 34.6256 34.4658 34.4249 34.3483 34.431 34.7552 35.0625 35.5267 35.8162 36.0976 36.1498 36.1548 36.3869 36.8036 36.817 36.7171 36.8544 37.4356 37.8434 38.0682 38.0951 38.4219 38.7913 38.6708 38.058 36.7534 35.779 34.99 34.6226 34.4529 34.0942 33.7281
36.4373 36.0474 35.6316 35.4622 35.5428 35.8854 36.2721 36.6279 36.6854 36.579 36.5615 36.3249 35.7033 35.2007 35.5939 36.4345 37.1237 37.3598 36.5375 35.283 34.754 34.6755 34.6666 34.9824 34.8804 34.5495 34.3314 34.3884 34.5787 34.8666 34.7057 34.9467 35.3664 34.8792 34.5943 34.2736 34.0319 33.747 33.6444 33.7511 33.8498 33.8942 33.85 34.0661 34.3845 34.8499 35.2809 35.4415 35.3323 35.1182 35.2175 35.614 35.9871 36.4347 37.0649 37.7866 38.5168 38.4672 38.1775 38.0749 38.259 38.0207 37.5067 36.7289 35.9978 35.2455 34.7378 34.439 34.4768 34.566
32.5496 31.9921 31.4435 31.1363 31.1183 31.2629 31.3518 31.7222 31.8934 32.1034 32.2013 32.4787 32.6053 32.363 32.7773 33.3501 33.6454 33.4765 32.9947 31.8922 30.9944 30.316 29.8482 29.9917 30.1231 30.4559 30.8627 30.8948 31.0048 30.8219 31.0202 32.0684 33.0504 33.3981 33.4767 32.871 32.1846 31.8073 32.1773 32.4165 32.506 31.8148 31.646 31.7939 32.246 32.802 33.2878 33.6778 33.4922 33.2583 33.0128 33.124 33.0924 33.4406 34.4082 35.4364 36.2814 36.0207 35.2193 34.9749 35.1728 34.5483 34.1272 34.1774 34.1587 34.2707 34.232 34.2584 34.1615 34.1898
