benchmarks/avaInclinedPlaneEntresTest/release1IP_0098dde5b0_C_L_entres_dfa_ppr.asc
ncols        1001
nrows        401
xllcorner    997.500000000000
yllcorner    -5002.500000000000
cellsize     5.000000000000
NODATA_value nan
[rows 209 to 227 of 401, columns 387 to 429 of 1001]
146.23765577966560159 145.4755791574474415 145.41546289543487092 146.22429128706735924 147.75677055181054698 149.69943637429130945 151.5361898511833374 152.15739552110511568 151.48249926915082142 150.48294174545341662 148.91338806978185971 147.41839229436300229 146.74101804041561081 146.69852119346109021 147.29470987600595322 148.3947570285816937 149.89630731048322332 151.65100748807262221 152.78789495957991562 153.46391683640896986 154.20120237264578122 155.07876655449663872 156.03852192047114045 156.88095748492199277 158.05198092974819701 159.88847280597889267 161.33346113954678458 162.62710158820300421 163.98113324371345811 165.31789883528509222 166.15844918692619103 167.00383442193438555 167.42310773284356173 167.52914598194124096 167.6574513348889468 168.44451197394906217 169.49140012699476188 171.01036830708690673 172.83819766440143439 174.65903803601401023 176.32200673967378179 178.69684036795212023 181.15416509258466249
146.8064320473273483 145.40910538176575528 144.41735787301269056 144.42207902306128631 145.5972841496280239 147.64021855443451159 149.89762686177064666 151.6197438213638975 152.3914318218661208 152.00246375770382201 150.46616193701396469 149.03440751797361941 147.5182956987288776 146.46758796158491123 146.26888096084542212 146.82072423479769441 148.25277114527517597 150.05060569994731168 151.67910565178857496 152.94397898974798977 153.9622775412778708 155.23804446068322704 156.58487723854605633 157.30807486460170708 157.66537487242572979 158.55247679456940091 159.51674822868139358 161.04471067140744367 162.22913752774883278 163.73905696846006208 165.05507275365573605 166.12533475029178476 166.97063678757552907 168.2059527839822124 169.60456351231201211 171.76957319731360485 174.30366260835248227 177.0097857981260745 179.74476171450436368 183.66831966073630156 186.90577518740062146 189.71238381764925407 193.13698739647261959
146.50077365718283318 144.63368192398411338 143.47743724145985311 143.11237983557771258 143.86671578570633301 145.85034902950818037 148.64276917138568024 150.84272197551433692 152.34043880097860324 152.73888582336255126 152.34113829759377268 150.58504232278912127 148.67622362684852533 146.99297996659743148 145.72328862306065389 145.15569172175517565 145.6268441158607061 146.85573235384666191 148.47544775144461937 150.11776044032924915 151.64360058930242303 153.40922341270928086 155.18089897258096244 156.04438721159505121 156.49050590390345405 156.98954298288180098 157.9747257530980562 159.59326032720997546 161.18407049566434353 163.19770219015092039 165.41430493402515367 167.54720807811824557 169.72979357705199277 172.28814212763495561 175.59758544662852842 178.95309442611173267 182.05308303619548838 185.84697789979318827 189.71962086728942154 193.04767835797963471 196.86706079401898251 199.54773068305351558 201.93490858802192633
144.04843451795713349 143.01720462023584446 142.10637459000440685 142.04007570287615181 142.84187849992486008 144.96855972104373222 147.74521680253258182 150.09735666640600016 151.78207015999251439 152.50949086138254529 152.28349977065323628 151.48733727109859615 149.64964019573832843 147.68775595849106708 146.06803446492682497 144.80410973565216182 144.34323319568488841 144.61753012535876906 145.48078533810968338 146.92122427194382794 148.64712945382882481 150.84057241761382784 152.87854174643175043 154.12379943203501398 155.08024268618484598 156.39596133867368621 158.07840762532057965 160.13676081503390947 162.58846550834599043 165.78204873502662053 169.4315415866425667 172.93763614228839742 176.27242702352651804 180.47248773539638478 184.12406033203811262 187.37907682152493294 191.2254405128044823 194.27994083112244539 197.16132748185350465 199.57071846915422952 201.13258659632842296 201.96904829828059746 202.77671109666187022
141.9151918642565704 141.87037878467538121 142.08950460329765519 142.49180881406809362 143.61635061904672739 145.23651296350578832 147.25951144181971131 149.11450840594903866 150.81683470156235671 151.9070805737572698 151.84004858507316271 151.02110080055180674 149.72002597229359822 147.80203462318331731 145.83196588281086292 144.38379070050956443 143.52674799359280655 143.18262564919254487 143.46532829760366212 144.37089506291221142 145.79460641222897266 147.90911621681422616 150.41093376086925559 153.03546910437344764 155.56523683897935939 158.34907324085608593 161.37265968234561342 164.58093511061241543 167.87621863628160668 172.02992792560706903 176.03230755345219904 179.78099081675097182 183.96622643349499526 187.32770095292235624 190.73835508188258814 193.66910260602884364 195.91274080341000285 198.20812039102165159 199.55885173737073046 200.10540768432585423 200.04233919078183135 199.61210114588590159 199.00282829867455803
140.44058980797927916 141.12126641381274794 142.00925495072181093 143.09084647757788389 144.34625827051840474 145.6811344221332547 147.18515692950268203 148.85558891630171274 149.96969232927605731 150.67520085118809448 150.48112696641595676 149.46657766824844771 148.04542037491302153 146.38114825784296613 144.5194806428334573 143.07576089170916589 142.21303939748969469 142.11171241721635283 142.79648821891797184 144.16412304185564608 146.26765343923406704 148.85674453316082122 151.90478203221061904 155.23063754023496585 158.81040088872472893 163.0875123102794646 167.15934731439747907 170.88639122642786106 174.98982265129197344 178.7234972875762935 181.85978075852074198 184.96400229080219901 187.7080632997574412 189.83598676544534101 191.92703340403360812 193.48733461363937636 194.30200286321408498 194.67354834404571307 200.07434877855135369 200.17057624633588375 197.94039161025762041 196.20343685046043447 194.19653046540156538
140.461704219942078 141.11452265115175919 142.29511443802820736 143.4813304509034424 144.38391099827296671 145.64114093257012428 147.03092030424764403 147.94064358800355308 148.62719507072324632 148.74511379862687477 148.36457948650675576 147.42124049260439733 146.10464267446968734 144.73589576065276674 143.15239560081064951 142.15152920287798111 142.11693889002845026 143.01130985353927372 144.67436196368004175 146.87551252576520255 149.5562104332969966 152.6844479581623375 156.57496096284802434 160.3912446901994997 164.07503242556234113 168.08913834475191607 171.98996624339756067 175.3847737177307522 178.74702472374582385 181.46026564174928808 183.7591019675644759 185.94364638330233674 187.54619284540461877 188.38559693965194697 189.10070051992846629 189.52166428212586879 189.48604799755361228 188.76932832057923406 187.81910227881650144 186.55147274822388681 184.87436874578523316 183.03587507002271195 181.25810846385294894
140.47764015579721786 141.11256952518741059 142.11221567696890133 143.14996365907072118 143.64434382360315112 145.00091739389921486 145.9087948261814347 146.11644662953585794 146.26273589576197764 146.03378642589834158 145.36065628700205821 144.63366346022354492 143.84683849638983588 143.20013120317796051 142.78083735302197965 142.80126087208782337 143.63222959902901721 145.13200933794027492 147.24396451958673993 150.42896883155856358 153.8660769871156333 157.17119004339284061 160.48592244180599664 164.21398496243284626 167.46842442467212209 170.39115062973183967 173.27474977747758089 175.61839829810620017 178.01081049165537706 180.35343275086904669 182.94166807285407117 184.55169972822599789 185.60046263038847769 187.12689949642012266 186.56355571839074514 185.32252323705472463 183.76864164707185978 181.89869800321488924 181.11457753390641301 179.26576439737752366 176.70829805631535692 173.82898703009132646 177.66888188529694048
139.14832339609000655 140.24163295556815001 140.66164863867268764 141.68413807091198464 143.00762618508289847 144.08759134579764805 144.40027248732531007 144.10834338804428967 143.96981745964791344 144.19575882407261247 144.18497141970274811 143.53077228115176922 142.9209833473341007 142.69519330343308638 143.58384265764598808 145.08833083881529546 147.02146040595062004 149.13968998659535714 151.59183253526478552 153.9778642416357286 156.64000889010100082 159.30828616237968731 161.60351062181896964 163.54016315073070587 165.8140564470074878 168.7741688030409648 172.03830514485662206 173.61117838794578461 174.52150130450675647 177.72949072929628755 178.32542339030726453 177.73532406618730306 176.47149366517709268 175.03512127984444646 177.21925251802994694 177.52617600207284454 174.38636368210381988 170.74915791878842697 167.09448508984689852 166.21758570427792279 164.28099320069904365 162.19716661942590008 158.97081431869295898
138.7574014121154562 139.80048837630789649 140.39348961372010649 141.79179779626750246 143.63786500564876292 144.44588153963763943 143.54705139828638494 143.08520328556355139 143.04508518718682808 143.51451070167277635 144.1114330689786982 144.43389779699768383 144.73491859549713467 145.26266022403757461 146.28922053148443183 147.42971997891001479 148.89073752185038302 150.89250985853826137 152.75270815742177888 154.43184942776031221 155.99787408899979368 157.99848109884911196 159.63296811123089469 161.37637459492799508 162.97602818145034576 164.56009383591629103 165.29230703301345784 165.23111122838608367 164.82626152137498821 163.1515845667813096 161.71164370378269837 160.9784352699041392 170.12252123995779129 163.50210764993175871 166.98247640851721485 164.46734143701462472 160.8520034480316383 156.35309565470168991 157.82907149810978353 153.37023615104689611 149.03827360153010773 144.35221249870431848 137.26506868494300306
139.31626214306982092 139.93218123669188913 140.84365800451607242 142.39014533569593368 144.69778062939874985 145.78556296375566603 145.26604923840554306 144.77441961664666792 144.84710487413309465 145.31625102066706745 146.04870768294404115 146.79834417989656004 147.24060531684082775 147.53584540396187208 148.17505865762322514 149.12316437232533417 149.94451437785033932 150.56876740142462268 150.80359542704593423 150.94093199261439509 151.43486895367101397 152.77018141388361983 153.1366383877473254 152.76320167083753176 151.56991488120792155 152.2891436735626769 161.22869968510670446 158.95371151680950561 155.95390988605427651 152.91297437191062158 152.22409169348284763 152.08771185365534961 148.61622161445257007 144.75022091624722975 148.32885809835167379 143.9018519155554543 138.97719567314027245 133.79610773342201924 125.8484971350998336 120.81557339339042301 129.55214799249773705 128.20473649619455614 119.89542682439054033
142.72271000536929364 143.36497873575109452 143.99722468962016819 144.96790825610963793 146.46990537576695601 147.85794127050669999 147.57168155326615988 146.78365797109640312 146.55839982077256423 146.62971980444694964 146.99558516517203088 147.40560712595814152 147.8023928730235923 148.27108878798500768 149.15174241194350202 149.98765525008312238 149.34563771027080747 148.35915651936517179 148.26627736685523473 148.9137214290695681 148.18219715088955013 146.27024307975932516 144.00799060936367368 145.83543958580091271 143.84343391628746645 141.46203292326006817 137.65952790411537876 133.42511899237914008 141.10666111697713632 138.08450561790186839 132.40728424904494887 127.27637673743701896 120.40611945142141792 114.06928683482391307 125.20065021227419777 124.63486792465143083 120.00106676136124406 112.05046383367913165 103.16824955063472657 107.82137420732425426 101.57527562549361733 92.633497507516636915 94.737335183705255304
145.89334884773620615 146.74020580999197705 146.38592179467116239 145.96500964312249948 147.14553574944827119 149.76015890297847477 149.88493936259229145 148.00382877750803345 147.50743840729873568 146.63846501216511342 145.31410779617345952 144.5308341267874539 143.09846707204243899 146.75482426382160384 145.51205424937208477 140.81932491192651469 139.87098044248199358 136.16302682286837467 138.39612621298135764 140.39421619752525316 136.43143248734247663 131.39908157885008677 134.17039576761075637 129.28263712850213096 124.27391881519933747 119.49097804410298806 113.04040979005021939 120.56471413401091297 116.51391831805364063 110.28155496782291323 102.31419604137280999 95.722435344864010176 104.41782943390320781 95.524391471058422098 87.760208998907103251 79.950569969250096847 71.95580462300526392 84.476445612130731888 79.799786660105880287 72.032319215834036186 63.552776469487959332 55.484975497826198421 52.396036180942992644
146.78369646686834926 140.49577129731423497 142.58091964947709585 143.29801722296312505 141.48237590571167743 143.73043749723757401 141.67763684660354784 139.82773119978631371 136.97492853575346317 133.20537873480694202 129.06885854047268936 125.57857422660775626 121.20382001204399103 135.9284803474837986 131.07236527162953621 126.89643152608860532 122.76511152387826087 115.57240923624817697 120.77112943516732457 115.5852528047682739 110.84736855884000306 104.06607894376141132 110.26613075194457281 105.40234137697601113 99.904778492973463244 92.561265588714789487 84.228481117514817811 94.805231422583389644 87.398701376743062497 79.009794270339838818 72.479663576621135235 76.086759166505316898 67.993607565691618788 59.582933128351839969 52.709047831065923617 53.036956817148620758 53.355255662032114117 53.854335541388600461 54.695642068158562665 55.345493820450613498 55.43100371428764106 55.180345858468704989 54.907393572541586479
133.13849779837346432 130.40416541297386743 131.3834545876920572 133.05188490922284927 129.16442062392587786 126.28926769287882337 121.08891142390770312 116.66834491710775978 111.15195516308870083 117.90008333424427178 119.63581425545214643 112.87708299950158164 108.50250415255224823 101.91644337539763399 108.86379553004168486 104.06349737717989967 98.59628576754516871 90.957166354390466267 84.390304371032996755 76.783479679499194503 69.880439080039920441 81.956181868473109375 81.956181868473109375 74.952391578566817998 68.059651603130944864 58.466164599823827075 52.395223475011455605 54.61510525763685564 52.906239853625422143 53.147331849180361019 53.205359670933255245 53.301827659202359655 52.947705955189960036 52.702860119404142836 52.563908088476281932 52.685404896332222791 52.911925176545565819 53.236340502004331654 53.54458657142826894 53.86731786390186727 54.200309158596297721 54.269377459907659045 53.857648285628741291
113.63454735351490399 109.65436421303523673 116.00086377737999044 111.14665430277841551 105.27297168876030753 100.19078483203077212 106.81927053221458834 101.04339634875323384 94.267649248741676615 96.971127982990978467 88.721877196392156861 91.15207464040962293 87.050642357507257429 79.644143414661272118 71.22014049361268917 62.124044600039503905 53.378000005119282889 56.414353264583198211 56.420006208438728379 56.420006208438728379 51.494287205807630414 51.264239771376729493 51.130149552512484945 50.991395453112772884 51.2422662962743658 51.504180295870696682 51.717080442717261235 51.879881029232343792 51.521881030177041794 51.242782610203377658 51.366513369389402044 51.060800683217884455 50.697948870049920345 50.0601926653537177 49.786874860835588663 49.971752828906232935 50.458319100540848012 50.289882759084932218 50.151595285269671365 50.243159790362689421 50.610705258211531543 50.61806780447080456 50.459474974423144999
92.225504560623932093 86.164456681903487834 90.254184945465851797 83.465138498161536518 76.1432192968866417 68.662593254080817928 74.33187882450394568 69.926869162256650725 62.395482862835542903 53.072646242495238766 49.775572381893702811 49.535511002899724531 49.848961388811481754 49.618330855338825813 49.190374758667125832 48.339946046090730647 48.062827110990383517 47.89480156718362025 48.047610177999075631 47.809368068843518529 47.98383270833115688 47.844997744569717213 47.291786798345761156 46.70473694137413645 48.113020327739036475 49.055735726458053136 48.625821599003501206 48.566218347189412441 46.957511369453648342 45.565554977098805978 44.963402189200337489 44.724986951808233471 44.587646256651510157 44.130571642464836657 43.739963910011852022 44.027102091353121693 44.705476698223471033 44.483505252185423728 43.718013303063024466 43.562208298370862281 44.014054941571465918 44.463840021994570861 43.758253007252044142
59.703012585876003016 58.857346259937209254 58.808752032968122592 59.068281977243671577 59.433283385301393764 58.668652787347028266 57.613695980326056656 56.860708699610746919 55.769831204802990499 54.817795107888457551 53.783191239506642489 53.110766352209935803 52.819034763826579137 52.463489158015761404 52.268407698999510558 51.863303040570343683 51.564670417443828399 51.134870793319812776 50.82131492136512918 50.217037984049483157 49.699957554771259538 49.568968481328973041 50.044434899513518644 50.787002742011999601 51.245850087904599945 51.375531623619380639 50.862039339623095202 49.482622998823437399 47.267586371381831611 45.468608174711853565 44.17558576978093754 43.309987795069169181 42.684886107703050584 42.309460403711433685 42.209823511520411898 42.221684099484278363 42.077221671932370839 42.036087221231063893 41.733126652935801815 40.921866635830809855 40.161160157773643675 39.797277803509921057 39.523302977541050041
61.62137080606779449 60.674257780187858202 60.070416846376865294 59.83975492908310656 59.833664782423440442 59.68299182825819571 58.983666539482172197 58.107838008308732469 57.296558587940182861 56.385812050841330745 55.442768292545693498 54.833020026112329504 54.212376561591966606 53.690231688950056821 53.427746546179939457 53.287583735890613923 53.294599857707950719 53.333700568485703286 53.081110319041968637 52.113532464051694149 51.112703195394388445 50.508048389903422049 50.61722690409244052 50.821261537415914233 51.191338888917826466 51.541985698120392101 51.737908934956841733 50.883164987288871828 49.535846764938938236 48.193286858476241719 46.93892189415426941 45.835785216052720159 45.172397281100856503 44.710864805323261351 44.33094529003647466 44.358902895890089724 44.639029235301578069 44.491442381759092939 44.238852409431231649 43.666090765253400718 41.269945449529686243 39.430030386399700149 38.427606362787628314
