benchmarks/avaInclinedPlaneEntresTest/release1IP_entres_dfa_60506ca5f0_ppr.asc
ncols 1001
nrows 401
xllcenter 1000.00
yllcenter -5000.00
cellsize 5.00
noDataValue nan
[rows 210 to 230 of 401, columns 376 to 422 of 1001]
136.6342908227191 140.1631598890924 142.3886226748535 142.7184506656575 144.1200457458553 145.2101551981463 146.1961665181988 146.5038753376205 146.5898069819847 146.4123348169244 146.0322435966139 145.6238870831696 145.1577385528875 145.0387887557881 145.7340214897683 147.2343173505552 149.3851501483121 151.8841231577034 154.02153464612 154.9169898529365 154.3959707547913 152.3501087683627 150.4699382533627 148.2229240050885 146.3964316099133 145.4739388888241 145.7715483437838 147.3333592616201 149.4945224307252 151.8614654055675 154.1740832390554 156.3466689953391 157.9790267933497 158.7591404847506 158.4709677234275 157.2563186386196 155.9626033751879 155.3061812994506 155.3689749197333 156.1344385501789 157.433520432489 159.2343187786282 161.2785389124286 163.5675698453749 166.424605366974 169.9004057431667 173.3084250649115
138.0519985276581 140.9513782087915 142.6813810338149 143.8316956512462 145.1059160111578 145.9091859052257 147.5709274793947 148.1519781133568 148.2881980662711 148.041430488806 147.2247903543249 145.6094211683085 144.2041927324659 143.130457138235 142.9140388129599 143.7504973386152 145.8166439606409 149.0648611469746 152.0769394390522 153.4583411158254 153.7215496051058 153.1651368625069 151.2371086475644 149.0353764503736 146.9600028442919 145.3442341480689 144.6818708087643 145.2452742791067 146.7447747270294 148.7748496237241 151.1862305348552 153.3362355412718 154.9462630437939 156.1767246454446 156.7482477621819 156.4262559633785 155.732824596652 155.3909953088727 155.7663534744737 157.1686179764226 159.4260396455612 162.1101607055756 165.0283344466372 168.1020176870612 172.4181355641919 176.8505093999777 180.9818378115254
139.1408404093016 140.9687507618559 142.3055768433101 144.0397902032992 145.2342607816212 146.0924722774187 147.2321498592191 148.0023467808572 147.7374884247505 147.2383377973402 146.1102569834777 144.8486296603633 143.1176812323013 141.7821295829478 141.3389278446486 141.7935366498838 143.5495351262592 146.5764917644126 149.5235243906552 151.5032860848963 152.4598903628305 152.111783134075 151.2321718327963 149.1298438905237 147.1465905585041 145.3236582978672 144.1413643110679 144.0387090672164 144.888928380671 146.442929231908 148.611616619082 150.5431671416971 152.5565794314904 154.1253009297035 154.9646365039562 155.5685345618987 156.1326943858577 156.9774527527465 158.3883071472843 160.4499533769956 163.9110456224802 168.0179449784285 172.0103576107143 176.9592254655886 181.5178808551495 185.6056115023672 190.1882915666925
139.8886208015582 141.41391004889 142.6831239566104 144.1681425648337 144.9409303617901 145.2470445874036 145.5086785589336 145.5139129622424 144.9313068366026 143.9897367519311 143.4280547477655 142.7178567837117 141.949728858743 141.3123346223402 141.1197589615221 141.8661130694703 143.4220623803492 145.6586851325142 147.9182835445421 149.8657165209138 150.9087391761862 150.7792771030857 150.0415448174639 148.5108626700898 146.3231972145825 144.5357576690059 143.4609410316723 143.1854481081128 143.6287108415501 144.6173132931184 146.139605974057 148.0498938372129 150.2417357602281 152.3387464222014 154.1561935487175 156.1069986822552 158.2708409952684 160.8225863418556 163.7064131165813 166.8122811043553 170.9181934693955 175.3014237536637 179.2507547226074 183.9763441727445 187.7325441226589 191.5443456666196 194.5871088795007
139.0748039092543 140.5145384595947 142.3221587629628 143.772663829026 144.2683778286435 143.5048489490347 143.3032609298245 142.8561743741257 141.8935308473289 140.9614969001131 140.9310250356008 140.9393702477062 140.9510117472794 141.2995726887684 141.9438525965916 142.9559651517366 144.2847367850403 145.9282092326707 147.5778629203789 148.776874195714 149.4252263572403 148.980594636178 147.8723996795489 146.4386557498879 144.504977702151 142.8955510778205 142.2668725015871 142.454454365259 143.3903118925235 144.9118402328941 146.7658319306302 148.9196477648869 151.3477665471429 153.8759397482019 156.430553400965 159.258424407601 162.441136394458 166.3627567176796 170.0487150812695 173.3969635890043 177.5333735476683 181.0631930122265 183.9635640385302 187.1231691072753 189.6287764406539 191.6123805521108 193.49203768701
137.7723120083083 139.3386007923282 140.8708156673058 142.1940349699086 142.2572512547746 141.372422641103 140.3856537985218 139.8063049855259 139.1700272205709 139.1578424798113 139.9492895570466 140.1009684651603 140.758522088454 141.9011445986073 143.0512814603028 143.8002178046417 144.890275207718 145.8472917966008 146.8149106518945 147.2642806117439 147.5005733804404 146.9187548729035 145.526526383754 144.2502490640277 142.8339348029603 141.9037030990134 142.1135790733165 143.3047104123928 145.1594289578093 147.4226279295639 149.9938093518662 152.6746782596867 155.7757450459424 159.0081263741091 162.1247809048845 165.1624635043609 168.0383326074076 171.7076437436363 175.0516510825246 177.9488001725478 180.9740665906101 183.2769640828796 185.3925682530215 187.0605158385494 187.9883903429653 188.688937194276 189.6709408882264
136.2086966008355 137.7755758134807 138.2617402170308 138.9194555869295 138.4638135860046 137.6183958422451 136.9251867890619 136.5009032147986 136.494159612807 137.7374460733647 139.3196478492895 139.8518292463178 140.6316406295342 142.5023603467028 143.7434759182406 143.6083958590991 144.350819229924 144.6934101771454 145.0157492845637 145.0767935486917 144.7906173477207 144.1160843325787 143.0942032159907 142.4834499827845 142.1279585884284 142.3949510935246 143.5154844767629 145.3301846856545 147.618483536175 150.8808209651224 154.0897461457977 157.3164291031368 160.3753766385117 163.9243459172902 166.9921386110977 169.6130125484608 172.5191012930849 174.8323172600258 177.1205001377303 179.0676255383872 180.704262921216 182.3821761368764 183.3469240281574 186.7436818667834 187.2625119166042 186.8331690288542 185.6807143357436
133.4130665717826 134.7801318344723 135.31151735864 135.0029997484129 134.7099900021009 134.0843331923281 133.8676671614646 133.698575387816 134.6197371376782 136.6142271384985 138.2835940855144 138.5943028064999 139.8154656297972 141.9787344433311 143.2295468101519 142.5609397950574 143.1856002265559 142.9747305487499 143.0025224603826 143.0700898920362 143.2736417096626 142.9973669048569 142.3994194048225 141.9896523512708 142.6557307199546 144.4096445597785 146.6014800228585 149.0935335200473 151.6180813066055 154.2681690279561 157.230254080862 160.100170453037 162.4103513474967 164.6632243808484 166.7117465000778 169.4584609188331 172.6694442622364 174.8178679504188 176.1482060314685 176.5960385797797 176.7258454451413 180.498469994808 180.2110893256285 179.0426226747209 177.2804754820714 176.490808008465 176.4661705112441
129.6668587302061 130.7452215592166 131.555939692857 131.4748927252164 131.7346727238029 131.8013859610561 131.6901666219155 132.0432455888577 133.7901397307584 136.5307838771953 138.3289615839213 138.3740588376244 139.8896969823315 141.8941305515535 142.7943382554974 142.737824046532 142.6269767452925 141.9144340942941 141.8108139634653 142.0155239990963 142.6274880690295 143.2399669673114 143.6483595375188 144.3001621978402 145.3329955503721 146.7963596983583 148.7363695190571 151.1007201373196 153.201033865985 155.0270622560964 156.618566927549 158.5057339174203 160.1963052366601 161.9498565496733 163.3656946795303 164.2401845797461 165.8114957964454 166.2011916467217 165.7760755584733 164.8889196310757 164.5355856391012 162.2547756694458 159.4880882238411 159.604928324092 169.5910681341828 166.2082232451057 162.2339307329436
126.456996233669 127.6675758439594 128.8814699434905 129.6794666723808 130.3375346045821 130.8601296659869 131.3856550601173 132.537253857094 135.0343582902608 137.8336938394986 139.4837801124723 139.3386108433908 141.3104230347637 143.5109386246321 144.181085792216 144.9952755426274 145.4455098382643 144.8849331979018 144.5649232311718 144.5603531520015 145.0711076016402 145.4266447421751 145.8480350692732 146.4602001856355 147.3550766658612 148.9267406646433 150.2544160853867 151.24015975907 152.1132039309512 153.1860462592977 153.8806472553958 154.1953966204761 154.9642730756636 155.139837083174 154.258954776343 153.6489261239182 161.2128070514097 159.8214161612576 157.0504609193647 153.6397310776994 150.2924381715404 148.8154691084964 150.3879524111568 146.5891365831176 142.9232877269579 147.4644759084134 142.9641256124728
125.1200179941637 126.692871168577 128.6422908110073 130.3417757763375 131.5845438127506 132.5144919094509 133.753248662251 135.4028136340258 137.7681057594044 140.2339024266705 141.6369865133375 141.5074914055241 142.8147865708362 144.4306383343563 145.3663888006036 146.3586519750775 147.3102084584524 147.7855004490846 147.8264167195957 148.0208877622011 148.6457217704691 148.9681889982108 147.9259624030726 147.0432122280189 146.7760087141192 147.6771957535932 149.7517650711725 149.6866278537436 148.9817472468431 148.392775766199 149.5338009387246 152.2174435417906 150.1079195329877 147.8614589729673 146.0481346222265 144.1635323794069 141.5271982388986 137.2089589386414 144.2599230929181 140.5280962183105 135.2785572786268 129.4388988514844 123.3797857325372 116.2976424786594 112.1298257924244 123.8813954084377 122.4064082729166
125.9956117661346 128.0162173595609 130.3120317224885 132.4766321917466 134.5104585903892 135.9724431994182 137.3817972920375 138.8893421431534 140.5055267018536 142.2233772448817 143.9381063689109 144.3978499046331 144.7521520465226 145.5538396491417 146.2577105572248 146.8441229176702 147.3694163058917 148.5683316564432 146.8770839255136 149.3888043893076 147.1673160967952 149.5762940456 147.4965248752173 145.6399095288824 143.379107568522 141.0588315700818 137.8840707037703 135.4564077279615 133.4569125747874 141.5182230801221 138.2097420222394 134.8484070028409 131.0052156796238 135.7558200267447 132.0669381738282 125.6703786239362 119.8976062786296 113.7675651564301 111.8883987961274 119.9652200826785 112.8702611603072 106.831028211149 109.5906997352968 103.387689061736 95.05388459506122 86.61788403596991 95.28858711796845
127.8692053121611 129.5032103445205 131.3555321438716 133.0123749567031 135.0707257729978 136.8457537363624 137.9630197145878 138.9700315537918 139.8781019495581 141.4772680120517 142.2603501598444 146.1246604422628 146.0231964482912 141.9632495159784 142.5222015289116 142.0008660371011 141.3928711983987 138.0311180371864 135.490440404338 135.814526831813 138.5383250129098 136.5909757611096 132.7750801706904 128.2365825866594 125.2614399140094 125.7119358909097 124.2032919678699 125.0870235776862 116.9149316087729 115.9999845369006 118.1708549792694 113.2453309150568 114.6976965947378 109.7219687563861 102.7809063008373 94.9514181878895 87.64585606396729 97.09666655512838 91.30044884750151 83.61305459479713 75.01939013829778 79.62100214988286 75.73170804207541 67.37769871608087 58.58187842370001 55.00186126455202 55.01417441322849
126.519396387203 127.9748284010308 130.4430051639222 131.7909652092808 133.0080116378947 135.088820055293 132.8763509830373 132.8040923032847 133.3318722325462 138.5675403286521 136.1052377076244 133.6556298721829 131.4908815901103 128.1188836246906 124.590841984093 120.9724727653706 131.055264067533 127.6652092291959 121.7926545486822 117.4319327516198 111.3653819867076 120.4999837167537 115.0283683770962 109.7898261471684 102.4689402914969 96.38239379936077 102.9092891829532 95.47870319441316 87.604856450824 93.00437738477223 85.63712792847116 77.18926246732097 68.17578530746918 75.33991364518613 67.0302437137952 58.0342674419965 60.46367077272142 57.01077706851204 57.22530323689159 57.30496227935392 57.50220493497734 57.56328257987622 57.72896162779985 58.07431014005603 58.43382315991983 58.62986528521366 58.52432967641196
124.0089484859281 123.7716090596535 122.61888530354 121.4306883166757 118.7918972338592 115.83071632366 128.0306100814839 125.5944413591143 122.2872645370537 121.9697680891341 118.4946135657771 114.9176802522338 110.8314790899392 117.00730849821 112.0263625038394 107.3794504164532 100.9043869029873 106.918165915038 103.955313724568 97.97529108092643 91.22446084729152 83.7141389478149 91.50213423554509 85.62505480150114 77.30784156536495 79.01174882947103 70.6773140571609 62.17826852881033 56.45109937298183 56.65848063346398 56.65429847173201 56.70807701602862 56.7315558686699 56.79767435222418 56.94140580640745 56.96730673534504 57.2701922380184 57.53137743274011 57.69833687872282 57.90698410096575 58.2235370731678 58.44731918210316 58.57755149311897 58.69466499208121 58.89702221533726 59.07240971078255 59.17827599348475
103.1287119754922 112.5306004713311 108.6575612539118 104.6023804625156 100.520624109707 108.6325405594972 104.2888390684225 98.79268444530106 103.7212314199787 100.0549822057797 94.88295852649051 88.68994622957194 81.51093979245373 73.19379771458661 86.40712312424945 84.53642139152498 77.84567016213167 71.11497246304202 70.45284571234238 62.62713847234386 54.77218603468415 52.08078065332979 52.42018395827197 52.74621450971274 52.77964597245035 52.82902921583784 52.81052224032752 53.22930960805557 53.54161104724945 53.80306269514917 53.90005988259901 54.00332256705978 53.81156520090143 53.72011111047529 53.78670731342942 53.86794113450501 54.08794480314799 54.35241333744978 54.63380966153898 55.08672000188668 55.39655873355748 55.60189928108803 55.72758536172252 56.00643176414741 56.21184212411669 56.28957843213568 56.42026960219897
85.03643146316114 78.41018647796164 72.07563837834175 86.4979497174253 81.99413086796697 75.29447671011954 67.72455182961644 60.88663935855644 60.60698111248885 64.18124775719052 60.28096156738262 60.25887144535844 60.54046576191443 60.82902800516978 60.92372065212688 60.04002185557469 58.4047995050484 56.51023152813885 55.07375927078279 54.31508342942594 53.90892054138213 53.95945734053752 54.02338678332243 54.05880063988375 53.61287436685334 52.4138430345409 51.12864200550964 50.36180667629527 50.05235616724114 49.91507537633763 49.83225379294842 49.38732073175223 48.95998977181731 48.44999502008857 48.20670243586149 47.88798877185447 47.59857374199606 47.7363688827967 48.18175816969421 48.37895792664339 48.85027119954548 49.04822568063747 49.07603403266602 49.22433810622064 48.99636729341303 49.02294620009057 49.08384488520452
63.94087858801778 63.63847341041389 62.81234637749736 62.13867663567032 61.72860465355306 61.57996987147491 62.13393004444665 62.82688016181607 62.76513753342984 62.19550807045243 61.63244480400827 61.59331423553139 62.12958296982899 63.01070949104027 64.0071658987892 64.43469146989922 61.06479858919297 58.81871213536841 57.28136998449038 56.15911211610317 55.86523197624607 55.4538495815179 54.5201980161327 53.85315913686615 53.08154305265365 52.12632925016941 51.37642526012082 51.15000467745987 51.12808756728416 51.15891632464307 50.91168295111727 50.68645891805821 50.34020136814142 50.10063488491863 49.69933484534572 49.10598109879903 48.63424201354693 48.30844277721272 48.40711431806161 48.80935232963954 49.01396376827773 48.79767852210308 47.78570003872377 46.07792658413552 45.14444287746988 44.90551685600819 45.18127374108492
63.08660138719595 63.3043983409867 62.76845412314581 62.38895885336069 62.16691422750991 61.79714337576628 61.90982700429212 62.19432380796035 62.26973238039779 61.53743246356543 61.05509433232095 61.06193645618599 61.58101586127218 62.40206109154646 62.96226646984292 62.08993406762661 59.70857388329312 57.5554933914845 55.98373906419117 55.11434423971512 54.85994495188459 54.04814066222946 52.83989443595694 51.73812990014943 50.80181412159676 50.1276615207467 49.90044479244984 50.01468103686126 50.3998940045068 50.12416351287339 49.21248232353643 48.38304351506577 48.100094069458 47.8509902305285 47.59535693813012 47.43410411633347 47.15314689292675 46.90473924650223 46.92205323361481 47.04220045188477 47.16203280047453 47.05838131101373 46.33190383689082 44.70274827056126 42.99230861811103 42.30658319929287 42.65944628961618
60.67570273341872 61.04014515344526 61.04424408596081 61.14028405627964 61.10493773641407 61.21796979287354 60.89753910266101 60.78805951511141 60.70909146877323 59.91886249665384 59.35766483993956 58.92950955903406 59.33324855119043 60.12085368324877 60.8422684389126 61.26554832745959 58.89781302949957 57.70038261683727 55.90677017891748 55.2816901415632 55.14843356680401 55.40551282937884 53.89133326777846 51.33166953932139 49.2076487496103 47.91298432181627 47.30624464282517 47.74490120783886 49.12112587420545 49.41148051561277 48.85682049081075 47.56525189854823 47.29746225168262 48.03437161020305 48.81213502025567 49.09633083373105 48.62943113073226 47.46303517642257 46.09196169091001 47.22432503954832 47.35730654377678 46.94693820970846 45.87302293683649 44.42967022228913 42.46586366833086 40.2923417956206 38.41304013757497
58.01432389490935 60.47645823215836 60.55208100882 61.48167759312867 60.61426393289017 59.86627288837661 58.08275849046455 63.9149398981786 63.01399966477545 63.14232930809216 61.36162337350741 60.41839469768974 60.16317972204468 59.91920057123271 58.71598386190983 57.18304819713116 54.78336197730581 57.82012711230067 55.48649232273802 52.67907098698923 49.75373552035852 53.5553235875646 51.34927728805764 47.88188353457573 44.18673312876881 40.35616554725341 45.38791568368565 43.27259416949921 39.98820890632309 36.81107308384618 33.10276272330417 28.86125136347631 37.52769920704425 35.99281151004815 31.23656409946501 26.90928114632764 43.13938840791565 43.13938840791565 41.08175253329499 38.10910400124373 34.82172164053712 31.21801663343347 36.37445931227809 36.67646845326028 34.13287186637599 31.21267767370239 28.76164330810738
