benchmarks/avaInclinedPlaneEntresTest/release1IP_1af24dd523_C_entres_dfa_pfv.asc
ncols 1001
nrows 401
xllcenter 1000.00
yllcenter -5000.00
cellsize 5.00
nodata_value nan
[rows 210 to 230 of 401, columns 376 to 422 of 1001]
26.13754874018652 26.47292578238362 26.68226214943243 26.71314757474756 26.8439980022161 26.94532939120135 27.03665720073764 27.06509517227876 27.07303150571472 27.05663826299621 27.02149548024223 26.98368832139755 26.94046571198469 26.92942524086741 26.9938901879432 27.13248213458766 27.32994238514552 27.5575872641687 27.75081392071437 27.83136628511484 27.78452543810942 27.59982869327219 27.42899362548463 27.22342043283717 27.05516878659258 26.96979225814816 26.99736545865981 27.14160636897666 27.33994535719093 27.55553169531735 27.76455323211791 27.95949471937772 28.10507309988078 28.17438024861563 28.14879817289954 28.04071313546357 27.92513235133057 27.86630414095174 27.87193704418902 27.94051167678718 28.05650730549423 28.21651278825139 28.39705432964253 28.59786441783178 28.84654271954676 29.14621808661874 29.43708758282702
26.27279948302802 26.54725769443591 26.70967811910667 26.81713031436 26.93565629580419 27.01010791441535 27.16347984717621 27.21690450024233 27.22941406522382 27.20674828876333 27.13160429783317 26.98234804172317 26.8518335252074 26.75167818468518 26.73144579090837 26.80955961410776 27.0015410638281 27.30062830353149 27.57507383898169 27.70003078705068 27.72377586210698 27.67355568679365 27.49882803465618 27.29792816831439 27.10719487972575 26.95776642742684 26.89627026279004 26.94858755837989 27.08733788371306 27.27405815266813 27.4942021645988 27.68900824700853 27.83399567459736 27.94429500289112 27.99537888271044 27.9666100874855 27.90455380316027 27.87391211379331 27.90755753142294 28.03289299897332 28.23349426208662 28.470173929104 28.72527932435091 28.99155201919243 29.36138072131928 29.73638422942851 30.0817085467685
26.37620522532208 26.54889364658574 26.67448001847322 26.83652270789035 26.94756582581709 27.02706719956065 27.13228241996035 27.20315669047869 27.17880501684764 27.13285257770795 27.02871223216024 26.91176598272948 26.75048422297148 26.62537601450088 26.58372884338767 26.62644706383827 26.79081326937447 27.0718019131452 27.34259720579809 27.52301637584593 27.60977094835538 27.57823264230372 27.49837920990864 27.30657831854523 27.12439774074457 26.95585820360789 26.84598334118626 26.83642199201759 26.91550931890844 27.05946500119255 27.25909175094332 27.43566721805684 27.61852452884881 27.76016038565229 27.83564589697678 27.88983099247389 27.94035561532592 28.01583951533879 28.1414558210199 28.32401396125648 28.62787501933089 28.98430135273201 29.32663956318648 29.74552281207537 30.12622452793904 30.46355293718794 30.83733869629536
26.44698667196857 26.59077942194269 26.70984125398318 26.84847691870358 26.92033899909563 26.94875178841725 26.97301230514879 26.9734974527104 26.91944528037116 26.83185949165117 26.77947485949541 26.71309199488143 26.64110816571633 26.58122783297516 26.56310965986372 26.63326050899254 26.77891543537489 26.9869121178401 27.19543008889832 27.37386678208514 27.4689587695503 27.45717366235296 27.38992011837637 27.24984978602152 27.04840080460703 26.88268566112279 26.78254478511148 26.75681671178348 26.79820057791448 26.89026899221554 27.03142670815656 27.20752596607269 27.40818634660276 27.59879946875195 27.76294234666437 27.93805636425324 28.13101855555717 28.35688508466424 28.6099993984161 28.88012128636742 29.23338788699188 29.60586291209196 29.93749778501918 30.32955193991872 30.63760304958939 30.94707948018124 31.19191472823388
26.36994538422456 26.50608783502734 26.67603407241184 26.8116265669474 26.85780871860221 26.7866430288887 26.76782218747238 26.72603359803311 26.63583402582341 26.54821057078551 26.54534093183636 26.54612685959983 26.54722318319606 26.58002752902124 26.64055673176354 26.73536657227222 26.85933141232713 27.01186861648198 27.16411814489655 27.27424372860213 27.33360810021355 27.29291067610284 27.19121178590323 27.0590701751394 26.87982307436611 26.72971670985284 26.67085230176732 26.6884295495215 26.7759511401125 26.91763736214099 27.0892812685954 27.28732744003788 27.50888643204141 27.73769454616074 27.96699424323683 28.21864847989496 28.49922248015901 28.84118207679892 29.15893645872382 29.44460592267533 29.79373873387345 30.08846897173255 30.32849848234429 30.58783819658996 30.79194508643513 30.95257505878963 31.10402206217848
26.24617229356539 26.394942772744 26.53966989900741 26.66402398102622 26.66995043647928 26.58687859106762 26.49392890833211 26.43920431740567 26.37897147567149 26.37781667252113 26.45272099043146 26.46705201446835 26.52908989094645 26.63654863133832 26.74427802911208 26.81419566233753 26.9156344162682 27.0043785148185 27.09381023852908 27.13524282257697 27.15700401154296 27.10339045854332 26.9746664836111 26.85612118883068 26.72395318832475 26.63678876096883 26.65647942560556 26.76795756237415 26.94062257605143 27.14982761718908 27.38556274303727 27.62921264335121 27.90839882954866 28.19646488250231 28.47145771683707 28.73695038650094 28.9860598051909 29.30082283342239 29.58476390663995 29.82857691657071 30.08106269665876 30.27184864559652 30.44606446281107 30.58271700161549 30.65847275586774 30.71554469602574 30.79536823035435
26.09680982459809 26.24648317550811 26.29274997204196 26.35521348690236 26.31195674848774 26.23150737597084 26.16535751615399 26.12478738817653 26.12414205423305 26.24285103360494 26.39314758131918 26.44350858406376 26.51713037176803 26.69291669595592 26.80890485633824 26.79630532912011 26.86548149840161 26.89734282175649 26.92728628004848 26.93295319359118 26.90637632090327 26.84362906999906 26.74828996523824 26.69114553374301 26.65782798611781 26.68285508464937 26.78763562513087 26.95646348147623 27.16785633217518 27.46641776476943 27.75695823984977 28.04607183750615 28.31743073079722 28.62903647679614 28.89568640923402 29.12155666775008 29.36997627637291 29.56622374114476 29.75907425810066 29.92220125100995 30.05863128325641 30.1978621875468 30.27762573511146 30.5568062687125 30.59922482011354 30.56412676906935 30.46971564835357
25.8276079587146 25.95959666833856 26.01072061288341 25.98105076292667 25.95284088520359 25.89250211865171 25.87157389508539 25.85522919915585 25.94414549933846 26.13562962115228 26.29482782645945 26.32435211043374 26.44007050202651 26.64382990908335 26.7609367187039 26.69840255477062 26.75683092445828 26.7371212498165 26.73971974962819 26.74603614462428 26.76505573575652 26.7392377324849 26.68327373123529 26.64485432042697 26.70727716568895 26.87095500363986 27.07410940591296 27.30325379158879 27.53344160357116 27.77302369461389 28.03838922647654 28.29312376302478 28.49652183579601 28.693485704894 28.87141722325891 29.10828583968715 29.38277082303483 29.56500193981724 29.67728138015148 29.71498263333145 29.72590162209528 30.04151044803853 30.01758562334405 29.92011218900497 29.77251043236477 29.70612798788358 29.70405447941934
25.46240942352501 25.56806812796617 25.64721619327072 25.63931480411728 25.66463254397528 25.67113027902096 25.66029682422603 25.69467314332489 25.8640812450986 26.12764664849943 26.29914082084989 26.30342742278737 26.44708840145477 26.6358903130138 26.72024871311946 26.7149606069551 26.70458544370672 26.6377959008978 26.62806920919116 26.64728166228984 26.70463331225239 26.76191014919562 26.80003353888091 26.86076713327589 26.95672416585955 27.09209845129513 27.27053075410553 27.48642575342726 27.67679839394368 27.84125197053401 27.98379592999537 28.15188572008597 28.30161702441983 28.45609394750965 28.58021122007558 28.65660347757271 28.79335824380763 28.82717395467927 28.79028269704148 28.71314329971079 28.68236266769949 28.48286991033886 28.23898796125542 28.24932992840573 29.11967274325152 28.82778375541218 28.48104024955547
25.14527751222824 25.26534937850619 25.38517972589213 25.46364729102897 25.52817410274874 25.57930116965174 25.63061207422444 25.74269351264904 25.98406803126458 26.25201838334335 26.40868986834518 26.39494372450103 26.58104804532129 26.7872113730984 26.84968210216654 26.92538537709611 26.96715686100768 26.91513823050558 26.8853978237313 26.88497286127406 26.93242540144547 26.96540790927587 27.00444732542643 27.061060602568 27.14360667543943 27.28797726725885 27.40934294059101 27.49910541817573 27.57836143892426 27.67544455475185 27.73811883092323 27.76647228408697 27.83561325677666 27.85137672374157 27.77219425721871 27.7172262428543 28.39126688411885 28.26848210998303 28.02235365884187 27.71639686851544 27.41281070676777 27.27778117114341 27.42152005264069 27.07296959829275 26.73231075992121 27.15368077281655 26.73612963770369
25.01199891981633 25.16871780279301 25.36161379036755 25.52858944161982 25.65000427019563 25.74048289263197 25.86051514011567 26.01949400301318 26.24577163660767 26.47960558878178 26.61174426018147 26.59957625663762 26.72216182992601 26.87290813595684 26.95982091951428 27.05167757947484 27.1394738760728 27.18322096839526 27.1869837159583 27.20486057263975 27.26221944071266 27.2917743099535 27.19613597601227 27.1148678986119 27.09022044204363 27.17325852362666 27.36345784721902 27.35750608643939 27.29301625411748 27.23901391101841 27.34353679887176 27.58780922235083 27.39597776403289 27.19020586255818 27.0229656605196 26.84804763628576 26.60142836725587 26.19245682855335 26.85702171569106 26.50736654312756 26.00755248692938 25.44001757510716 24.83745012301352 24.11406669039481 23.67803051237678 24.88788815938355 24.73928134253397
25.09936371367107 25.29982384916605 25.52567645747182 25.73680557020006 25.93361318734733 26.07416759926846 26.20894859505639 26.35235683416239 26.50523785045134 26.66677494980508 26.82704851163881 26.86985763867157 26.90280208885429 26.97719774642137 27.04234739784378 27.09650557895825 27.14492736255781 27.25512168858394 27.09954648347195 27.33027665277681 27.12630790328062 27.34742163769117 27.15663131506426 26.98517273734094 26.77490500212269 26.55737483037437 26.25681537312189 26.02464291121758 25.83185171323821 26.60058486848387 26.28780534867275 25.96617097212248 25.5934772619479 26.05338941734236 25.69697824352636 25.06694822070268 24.4844446817305 23.85032129271439 23.6525261646446 24.4913474595272 23.75607934327357 23.11179657709235 23.40840658061031 22.73628037454503 21.80067482751416 20.8108005648136 21.8275728273252
25.28529269290299 25.44633670545474 25.62767372825635 25.78879358917296 25.98756681308462 26.1577668900927 26.26433129865196 26.36001057970397 26.44599231908775 26.59673551507263 26.67024092121225 27.0300444359621 27.02065843456834 26.64237691305147 26.6947749127714 26.6459064431846 26.58880132665711 26.27081251464243 26.02791197943341 26.05902212586646 26.31903541258138 26.1334054188893 25.76577964738186 25.32158985778188 25.02613033539064 25.07109250653383 24.92020184216213 25.00870084351634 24.17797878313191 24.08318755261123 24.30749421244948 23.79551753088245 23.94761956792818 23.42242181697675 22.66946253197704 21.78892128853773 20.93392653799651 22.03368631740244 21.36591313714915 20.44664453911205 19.36741982348564 19.9525690262423 19.45915055217151 18.35452242858236 17.11459587947429 16.58340422745624 16.5852603897654
25.15148071074275 25.29573367208038 25.53850085305347 25.67011542718673 25.78837059964278 25.98930742200779 25.77560387087807 25.76859448070119 25.81974750372927 26.32181037894215 26.08689687413654 25.8510763672672 25.64087377475956 25.30996677422579 24.9590506615389 24.59394974028228 25.59836557928345 25.26511520136634 24.67718121531497 24.23137766922383 23.59718012646685 24.54587375854203 23.98211504156559 23.42966347851202 22.63503261400784 21.95249345711099 22.68361624385604 21.8493367393782 20.9290296539659 21.56436613738574 20.69264699406336 19.64551634110284 18.46290677300804 19.40874978477327 18.30713572760062 17.03441625725476 17.38730438697486 16.88353900286376 16.91527425463003 16.92704360906924 16.9561497050356 16.96515288012986 16.98954969120454 17.0402917478071 17.09295493837589 17.12160390718634 17.10618740025414
24.90069762951072 24.8768576251671 24.76074365849413 24.64048379358667 24.37128404841664 24.06560993640872 25.30124602483393 25.05937363128847 24.72723847662403 24.69511774472225 24.34076966339216 23.97057365272307 23.54054789997102 24.18752865589033 23.66710401607365 23.17104339629503 22.46156571800633 23.12122033051466 22.79860891851079 22.13315285711184 21.35702002211615 20.45900033534193 21.38949908640514 20.69118831777549 19.66060039323471 19.87608472828982 18.79857894269583 17.63211112210703 16.80046109935373 16.8312924062651 16.83067123545644 16.83865751018976 16.84214285149405 16.85195461240486 16.87326391992382 16.87710117018345 16.92190764286611 16.96045073736708 16.98504299238151 17.01572590031106 17.06217092973366 17.09492894854812 17.11396398089012 17.13106305120763 17.16056846089884 17.18610047151724 17.20149354256115
22.70778632737979 23.7203078049711 23.30853505213137 22.86945347651561 22.41881175622315 23.30585125678806 22.83515262371434 22.22528789998068 22.7729259668918 22.36682612753319 21.78106500196027 21.05824615517344 20.18798402380465 19.13031595534121 20.7854664517322 20.55923410419412 19.72887099676285 18.85669277236402 18.76870343290047 17.69564049000567 16.54874406611949 16.1370354485354 16.1895312800033 16.23979926411364 16.244944958126 16.25254290859506 16.24969621992905 16.31399872946319 16.36178661859206 16.40168659688233 16.41646425081009 16.43218245422489 16.40298242175973 16.38903775639388 16.39919326039547 16.411572573548 16.4450519583692 16.48520780057373 16.52782658525189 16.59619260098994 16.64280014029985 16.67361700406574 16.69245129729747 16.73416162052651 16.76482080340088 16.77640911222214 16.79587307400115
20.61994561890668 19.80027606881221 18.98362957675278 20.79638787359541 20.24773207897368 19.40289626704532 18.40170533252538 17.44801412843417 17.40789779468478 17.91385605624664 17.36101402972736 17.35783274582693 17.39834271280921 17.43975745949833 17.45332642757124 17.32628378885597 17.08870967200664 16.80925811675404 16.59423987505947 16.47954543130404 16.41781358941446 16.4255072089647 16.43523453272648 16.44062053432997 16.37267150687068 16.18855199431166 15.98884643843938 15.86849185188377 15.81966437531257 15.79795483700143 15.78484301792998 15.71421661870519 15.64608414840929 15.56438162900358 15.52525402882175 15.47384711273147 15.42701751434345 15.44933212556191 15.52123719059229 15.55296780218609 15.62854340161708 15.66017706310325 15.66461607914298 15.68826656222913 15.65189569938622 15.65614098447913 15.66586189440042
17.88027942523135 17.83794737327166 17.72178691640143 17.62649661775975 17.56823904573212 17.54707523818773 17.62582339127292 17.7238370799665 17.71512595980593 17.63455529723697 17.55454995235635 17.54897636425743 17.62520680279468 17.74974781378079 17.88954526227464 17.94919099583962 17.4735226556185 17.14915628275656 16.92355903672894 16.75695559949677 16.71305358504729 16.65140379356649 16.51063265249628 16.40932040142741 16.29133867121754 16.14409014400277 16.02754274719055 15.99218632370324 15.98875973602316 15.9935793900913 15.95488686768061 15.91955699096565 15.86508767997313 15.82729208699178 15.76377729470511 15.66939392514402 15.59394788653559 15.54162843952293 15.55749247986793 15.62199610461338 15.65470597867501 15.62012781243544 15.45731219799846 15.17859128361393 15.02405454761089 14.98424456257843 15.0301819606532
17.76043373176784 17.79106492242432 17.71559398468918 17.66195894948802 17.63050116009967 17.57798955614113 17.59400848978912 17.63438739941511 17.64507472049536 17.54101373032557 17.47213415452558 17.47311312980296 17.54722426752054 17.66381345323914 17.74292345494004 17.6195820135385 17.27839316224647 16.96400505722553 16.73077093519461 16.6003530589457 16.56199641586324 16.4389994810588 16.25421400745613 16.08386303665162 15.93766203470557 15.8315605032276 15.795639401885 15.81370940601507 15.87449117865519 15.8310081142746 15.68637663878863 15.55362395024955 15.5080775989918 15.46786836043206 15.42649620278621 15.40034158695083 15.35466492459013 15.31416653827506 15.31699274221615 15.33659032097626 15.35611163214478 15.339227711367 15.22036528374777 14.95037597293158 14.66156688348147 14.54417122811224 14.60469898331534
17.41776429964557 17.46999500224412 17.47058156529924 17.48431926020471 17.4792645286591 17.49542365272177 17.44957579158769 17.43388359623872 17.42255599162176 17.30879293419142 17.2275455142744 17.16530069238544 17.22400193386003 17.33794302500821 17.44165536918374 17.50222105558199 17.16068370867019 16.98534408449526 16.71926587465886 16.62553611897861 16.60548609141874 16.64414505959245 16.41513531115157 16.0205601816305 15.68560628339285 15.47788493369739 15.37957161960172 15.45071213372043 15.6718100150827 15.7180597592705 15.62959062319922 15.42161665365295 15.37814396986073 15.4974791038749 15.62244140951937 15.66785418000834 15.59317657866005 15.40503735744612 15.18090275535048 15.36624956162278 15.38786966815908 15.32105384509737 15.14480486722732 14.90464192299843 14.57152422532835 14.19372075230261 13.85875897866645
17.03148904617405 17.38914289170423 17.40001161190602 17.53306555952097 17.40894365735012 17.30119546709695 17.04153140147877 17.87665232999183 17.75021119809562 17.76827639597451 17.51593893171604 17.38079322643822 17.34404504554694 17.30884175398034 17.13417402715693 16.90902840253196 16.55043233119329 17.00295962871997 16.65630398032518 16.22945950156499 15.77240243103474 16.36388152274415 16.02330763167619 15.47286071423017 14.86383754780467 14.20495788961583 15.06451389679312 14.70928180408429 14.14005108765181 13.56670061677519 12.86521721547463 12.01275395436547 13.698120189235 13.41506833103098 12.49731256166072 11.5994146305016 14.6866246151748 14.6866246151748 14.33208859200404 13.80382267798105 13.19502212604193 12.49360173148925 13.48600372898394 13.54187364864392 13.06385692519794 12.49253321785881 11.99200685115192
