benchmarks/avaInclinedPlaneEntresTest/release1IP_entres_dfa_60506ca5f0_pft.asc
ncols 1001
nrows 401
xllcenter 1000.00
yllcenter -5000.00
cellsize 5.00
noDataValue nan
[rows 168 to 188 of 401, columns 376 to 422 of 1001]
0.4200647432161632 0.4286282557062665 0.4735304538096456 0.4846939255276013 0.472080620704654 0.4526034894447512 0.4421043468620917 0.4382118825639692 0.4387814849726768 0.4296369027194479 0.4239455016257155 0.4242598320986501 0.429666211254934 0.4223272547381089 0.4134501793199225 0.4040808211327426 0.3974948890412936 0.3961339909365698 0.4107296605246605 0.4400318951659333 0.4535497849620345 0.453899821294902 0.4468982165031203 0.4372107655673834 0.4213397859345424 0.4157186606385279 0.4076199083258765 0.4083121048328912 0.4315672666456635 0.447951509388189 0.4554412166314128 0.4867721229309062 0.5070906468524681 0.5404310090095036 0.5478969040623244 0.5436628638339499 0.5363760878421987 0.5575817710614523 0.5751464641510292 0.5747553091137919 0.5647370353289479 0.5546462282426727 0.5463226134721962 0.5338007357164778 0.5197629123839843 0.530994053090432 0.5444361551133436
0.5177390447588529 0.546040480309958 0.5786338545572562 0.5657793668671696 0.5324228197799055 0.5321448678572308 0.5340898592814957 0.5323349271617914 0.5406861047588667 0.5419381214289666 0.5346871279898474 0.5377333547459644 0.5228845592551398 0.5060745204522016 0.5033510931333509 0.4996455326992198 0.5178552529035779 0.5264902111216999 0.5295491052725305 0.5341513822092266 0.5328654440973496 0.5361187684316097 0.5451552284212126 0.5437277485918994 0.5347099848778371 0.5205848738495337 0.5026057614683345 0.5016736424104223 0.5041564823456736 0.524024260922287 0.5281999326681164 0.5273203845195118 0.5267353138812848 0.5153256680153756 0.5073627870893858 0.5048919029204689 0.510452756290002 0.5196767352885092 0.5293632669796086 0.5492724125629636 0.5739222237983181 0.5913127103654929 0.618287513282911 0.6321147148384899 0.6412108202390957 0.6198834768400028 0.6061920929650655
0.7264789550993375 0.7361125979647528 0.7462988392797496 0.728750017372453 0.7366979738454558 0.7715888445615036 0.7974254402629947 0.8488669586469575 0.8767558556516372 0.903840198198391 0.931158354044813 0.9172049656529994 0.8832851867112944 0.8583121187970102 0.840271915429185 0.8542862803652339 0.848193366780238 0.7939613012774773 0.7357839432703557 0.7399066654792121 0.7452939074490761 0.7513719955211488 0.7814376535513 0.8002101515351423 0.7701778147620811 0.7383742572685089 0.7410256303842228 0.7338114038771842 0.71648540219593 0.6786821467944496 0.6410765866518231 0.6491957571313047 0.6503683826705382 0.6410463128793034 0.6480879970737667 0.6404168514995413 0.6490277512586289 0.643551145770726 0.6355252599122461 0.6226270145513162 0.6401957249117021 0.6866624793158005 0.7447666336819849 0.7465810479645035 0.7780230871274894 0.7534741817082844 0.7245966709667675
1.021590143480515 1.061134773657878 1.081290979788453 1.076518074228865 1.067861227129845 1.068945192843312 1.052214678540135 1.045568872846888 1.056628692661486 1.074267166765364 1.069180101974428 1.049777095753535 1.083643809436275 1.090776708658157 1.080928241882609 1.061686246316327 1.051047098811001 1.046159444487784 1.045813373140251 1.071122528080104 1.071446513053912 1.057881421723266 1.043214944045163 1.013636207766827 1.017929040238509 1.00348849787966 0.9462281925187831 0.9132362436649585 0.8999972060146689 0.8934170807883063 0.862486411618052 0.8450607189549052 0.8396933665280526 0.8380731610594701 0.8274328512193072 0.8144377996499219 0.8055363503728979 0.7691177948325745 0.7725278474225045 0.7789058816852903 0.7628321186506305 0.8002581612089388 0.82526468465825 0.8345201807729722 0.8371437379166581 0.8445083451624732 0.8490015678750591
1.137174951430931 1.162744010376713 1.158761332435694 1.152610634528084 1.159334075414664 1.14485201865334 1.151417715480911 1.165182629875386 1.172602180584043 1.172731069364368 1.183646690228011 1.173387072437561 1.159673000044177 1.175560305046511 1.175852300151639 1.165926208985441 1.162942140280118 1.156286411031755 1.163814640742119 1.159974443285865 1.179062145368392 1.191150631125782 1.184848470085222 1.213021202080297 1.197234995923846 1.181707342610381 1.207258854496074 1.16840559457379 1.166055990174417 1.136668933124224 1.135573678109077 1.123590635385407 1.106219249940511 1.1118177175918 1.127092725558339 1.133284369060684 1.133056002801703 1.14511199111686 1.140589793727857 1.132063021311537 1.114319014791983 1.096901483615378 1.090831710255362 1.081063923144759 1.086246996272084 1.115087514195214 1.103812913517212
1.180021615362734 1.169181955309688 1.177327694162326 1.194500618658936 1.185053039438292 1.218749123665508 1.226949391708107 1.207573205378272 1.227519721023374 1.206763138045218 1.199673963345404 1.220810490066788 1.203193764917641 1.229648885266306 1.23349488898712 1.218730998462157 1.223433034226787 1.221064001237623 1.218851605437174 1.193697019008952 1.173105842925716 1.173555147795244 1.137922221076749 1.136942670005725 1.123400047446931 1.126132869948352 1.129433904919532 1.123452285074269 1.123845476072282 1.109678452697189 1.118436901984446 1.118016329160904 1.095751729725165 1.09999591129504 1.079346509718882 1.074650839950801 1.089730772471604 1.098411567830349 1.108300040851698 1.131177100620619 1.116364665677297 1.096709034084662 1.075569314214837 1.073962155568404 1.076620800750235 1.063919914563081 1.069299601790859
1.086220642156471 1.064903697773647 1.073695249808445 1.089879147472424 1.083416460237647 1.081890385364876 1.077504170843064 1.070868942112167 1.06797689170422 1.088132511400574 1.105326425327465 1.083825206223533 1.071662286856635 1.059344027022818 1.052326862500552 1.083612010123562 1.098664899258886 1.104349018485325 1.09033653013367 1.077834419118156 1.083192278789608 1.078767769667544 1.085423450205316 1.077968979619699 1.091756815829098 1.079089226053494 1.068824120111776 1.085880262025534 1.084392887908118 1.068028163195517 1.088659557896244 1.079252465250844 1.053759657490167 1.053541710719522 1.040647548341955 1.028589615271717 1.039879084456543 1.067907067219849 1.077401570103326 1.075610409410186 1.097023503927371 1.084256243153462 1.061313365382397 1.063993664795462 1.058910013448213 1.072630855553539 1.068438234658794
1.352711046844402 1.298200500077024 1.272314076504152 1.231011437714715 1.222269799205664 1.213119120580873 1.214461344780129 1.217563861547048 1.216296526483449 1.204774982662923 1.200783367963604 1.204867278880654 1.184243517092009 1.197378046387721 1.19737715828826 1.162279359269115 1.122025903779673 1.072171718010966 1.033445958264418 0.9700788109100197 0.9536972916551014 0.9496151177014897 0.9242992080281676 0.8977313802285096 0.8872514833211278 0.8705596549276433 0.8543497504458407 0.8565738899015448 0.8397090512707609 0.8105016005252398 0.8119123212373492 0.8100037647776624 0.8023555792551859 0.8104721744355152 0.8314458010076148 0.8714664003616246 0.8979351022332906 0.8830378959262365 0.8687474265052694 0.8519699010778566 0.8671400528722246 0.8833829412424348 0.9336187783255224 0.9524439102265907 0.9627215606139236 0.9676194341648433 0.9547818196963823
1.648180074242666 1.613709950689433 1.561195657161019 1.559566912473223 1.548644245652978 1.531162316840845 1.543504693031822 1.522359270345266 1.536560025956568 1.533045482409157 1.497678546571569 1.445415619977705 1.429437436511797 1.408465424656721 1.42065249467604 1.395724270287432 1.358478652787152 1.364679230175155 1.350320482437609 1.345385830895144 1.3583410167016 1.340783243241914 1.297908322746963 1.250757896521757 1.245589603046817 1.241855764960593 1.219874952345151 1.173290546820718 1.123534397983579 1.094881443642543 1.067001300622992 1.019494065752684 0.9994101117133267 0.9458854508332443 0.8941092199504649 0.8708812300287095 0.8583229866014862 0.8536310967877627 0.844550723006057 0.8320552968263641 0.8472703464485214 0.8903256822670316 0.9245229048395579 0.943701719722829 0.9461583952055058 0.9638842542082733 0.9743876227805585
1.783837920040048 1.750094810142113 1.722307601381689 1.73351637856602 1.717069899650788 1.702829324360795 1.721975532911556 1.707511819186771 1.747417222197375 1.75303860387512 1.739422321716652 1.761159424235441 1.790780836198183 1.807258215376139 1.836029985564086 1.791010613371753 1.800277261734908 1.785933290513723 1.710492415983433 1.672190524974693 1.660503603296742 1.611323624414973 1.605997329758216 1.578251251412857 1.601447632444536 1.574849006898825 1.532830707353138 1.512940625703434 1.486745122102969 1.469693491986611 1.424140005427544 1.402285910916446 1.330235119698237 1.274597794845703 1.224063697337458 1.179075188725309 1.136571109332184 1.147749700248697 1.09243402460406 1.036007576789505 1.015611049378915 0.9755704160486063 0.977997566021066 1.000157901133411 1.011017601702097 1.002677463323604 0.9661714937717106
1.890796830645279 1.917771849705906 1.905744245124635 1.974940598368112 1.967862658784332 1.95526492347626 1.99494237648983 1.979985485080891 1.985888405608032 1.983936954226111 1.965810462536526 2.007741868822723 2.051936564051777 2.017903491615065 1.981889377344286 1.976467818358397 1.946428818826136 1.971801037202582 1.936854985285346 1.852162626888033 1.862894124596221 1.825947971242811 1.779193643251351 1.771962943793786 1.732894514253166 1.753934784700462 1.712542192411959 1.700767404800466 1.710527411111368 1.675884628675278 1.670647295922812 1.646611575824806 1.62086180527723 1.592594713541167 1.528486583547719 1.530626003596105 1.482592314945519 1.429906183495859 1.365501680305132 1.300299971629808 1.265371856316833 1.224856100156045 1.17851449619642 1.205338720828222 1.153026591500378 1.060696941420679 1.023177312464014
2.072069089810282 1.994609408738221 2.040647632689374 2.028919894129865 2.02240098990614 2.069204433309677 2.070656820285335 2.09510157038072 2.109992374153071 2.075164273240576 2.119063354789945 2.142286497906398 2.114220245919054 2.111718052871737 2.075473594393728 2.015912866257827 2.05917388951884 2.051215613316754 2.000363572218887 1.994860608901418 1.934670275881913 1.955278997150554 1.963691317559687 1.947606689443536 1.959535501381853 1.920467454849361 1.901637727638307 1.918581678636103 1.860442661774734 1.872544902149999 1.840117979748229 1.791069407943244 1.813419683286656 1.753399282927058 1.758793001842359 1.741046652918858 1.676257743843262 1.684310668022291 1.653894360347713 1.636350903240746 1.601781550097922 1.517985054035947 1.4772357185628 1.414745153294503 1.324179891376755 1.268553080353 1.224854114618885
2.048284331606008 2.04318797758837 2.011965669062119 2.027821605009429 2.025245819332196 2.056007241076648 2.061839825078321 2.011025232274535 2.084383720966446 2.101851537954827 2.109908899633149 2.145369987783734 2.125017107478506 2.116775425006403 2.06996162676642 2.007336335009004 2.072514237321089 2.034986130082167 2.002703949138269 1.995578564857067 1.951419200791767 1.973203457514199 1.967183737394486 1.923016258523596 1.947975844905921 1.92012287391767 1.852245118191144 1.882881761989197 1.849077657233357 1.829888388068076 1.816814688601469 1.760924463580467 1.777775218403235 1.770059086896743 1.747572758740451 1.740812593494722 1.69435695443682 1.66135914956211 1.660332039503947 1.612172118910384 1.615431728493465 1.603508290856113 1.575773323268046 1.525130837080247 1.487754975063328 1.408260650696471 1.365980229315479
1.98019933065748 1.988726086794231 1.980550134142965 1.960444113065894 2.02674848020367 2.027743685069997 1.961860513694847 1.977535165151973 1.978067801799016 2.017041020000448 2.021196697957521 1.981232626336088 1.98700924313286 1.975273258044788 1.941648295081296 1.963976921144376 1.933582818131964 1.963645009431819 1.963844924488503 1.930755064203187 1.973715779383945 1.96372030396398 1.94616147184144 1.957069450791605 1.927435454836629 1.923209942399005 1.879003110770401 1.879379005981413 1.882294587518471 1.84109700581374 1.81444951203087 1.801946056074975 1.742581415343299 1.762326702345703 1.756306072424334 1.711429778868111 1.689660383536547 1.647903071195038 1.596600296300011 1.582675331298977 1.592534946125373 1.585219321564465 1.591373039219477 1.585523785138893 1.559217411664289 1.514481595451799 1.498913662356495
1.843363171246185 1.8731126487477 1.884720874590756 1.861742497221993 1.874795557024204 1.80417544569276 1.794913659289107 1.795249781734105 1.826054986112835 1.875382391618968 1.88327775227303 1.905681994607584 1.881493505787962 1.829897980190948 1.821125903293122 1.799880642018404 1.826602972247807 1.827822119483662 1.808277267522729 1.836243510747374 1.837580301152776 1.809048971566499 1.827648983320856 1.82155939048756 1.801816211468287 1.798736750610608 1.765447441652068 1.802410724211983 1.78580320492832 1.744017156861533 1.740957718112915 1.713357924840135 1.668988444697745 1.683826095968301 1.673288951173965 1.689767125689254 1.671698699256214 1.623362909716891 1.620626658820873 1.635551623424929 1.629583491221968 1.610502912533439 1.615004823976105 1.603421973735703 1.56256516242813 1.504576354194996 1.477151845896511
1.820210956917999 1.829907062674144 1.845329040840107 1.824523759755972 1.777685039961483 1.772568352848303 1.697359505351237 1.681803234853571 1.658347689227385 1.702191355875124 1.717150521122935 1.713490480264387 1.746817053176735 1.731694281305128 1.687098290709563 1.649595249118395 1.645938797760616 1.649776797438359 1.641128451582813 1.681297727794935 1.71066930417895 1.76138446644369 1.791603162988448 1.787845166924714 1.736334318341593 1.714910599895049 1.675667411512428 1.639883315436352 1.645493094145938 1.63654304868659 1.595941422647402 1.564986701547426 1.534321367477717 1.520335725814606 1.534022426952937 1.526713847082523 1.502029659418648 1.497277143965586 1.491272430593872 1.47383167904555 1.468202179237817 1.496846832911824 1.507598969425631 1.528648765117887 1.553050313233185 1.579599803844129 1.584629006832202
1.406098254273299 1.490220966212257 1.560296504134493 1.562832515267274 1.538592431996305 1.536751509279579 1.572918827806112 1.567472768167784 1.532682020470784 1.471247571533504 1.43767731700862 1.409819465748531 1.363713873221702 1.359537030974144 1.361002962938712 1.380035477519633 1.411331989358191 1.399371931820906 1.372774516109455 1.349241711268096 1.361849999924357 1.419384519137659 1.457128041854936 1.4359805154553 1.42976741768021 1.472560097166032 1.471768623956317 1.466625600782137 1.489780349700917 1.522269485684267 1.540483075960365 1.536471172988652 1.543989201300799 1.518263392978948 1.482249093153208 1.451796051484746 1.424668874750312 1.410611241933 1.38635735753844 1.369585856473897 1.380917618764943 1.395771254883192 1.400834601329939 1.414941889839789 1.406408755312678 1.37827881341815 1.376461940489552
1.310972151932392 1.333483955385827 1.294048866863059 1.275754897695411 1.241970175037923 1.256607609427239 1.267430892909362 1.28685680150569 1.298678928994796 1.28298880438516 1.280179697601705 1.281228317906564 1.275138137885865 1.274706523813785 1.290515477133599 1.30123487289641 1.299151392637901 1.292249421436556 1.308943069718828 1.292441815406588 1.313437000005028 1.298448112282176 1.293169381439185 1.296206707527911 1.327073498492511 1.303697761984633 1.324069895392947 1.328397437652691 1.34456312310029 1.343276642443975 1.369579186640434 1.355055936391346 1.340781139654893 1.345419143679045 1.363772048916919 1.324383212944027 1.323787807775565 1.327954739625424 1.34532132497252 1.369715074973362 1.355955168991934 1.349359805447875 1.355684902208535 1.362448767425899 1.349782025041172 1.333185938126456 1.274563742806348
1.440019687286502 1.433430384543348 1.425320998523314 1.414769579019129 1.408845634036458 1.407005739899577 1.405635374032248 1.384970316927832 1.366790684589307 1.333650816281183 1.303402732378335 1.261801937630134 1.245949728610823 1.24889393811427 1.232053843412876 1.206611429793105 1.187001253383819 1.203178867074372 1.209102027406973 1.216765856316511 1.250393089437098 1.254377880241635 1.239285576646192 1.233938894831744 1.222294905381427 1.237820858368398 1.211094288695063 1.228726586432588 1.237107834965022 1.254472813175705 1.289921832514427 1.312177922229287 1.362340877743838 1.400426678021032 1.437939935433526 1.457918776046376 1.465025041400285 1.473327169656638 1.464140058790504 1.463861197868313 1.485128361441587 1.50777680332207 1.503916622979655 1.490018219573009 1.496988433337996 1.514485523477417 1.538426987958708
1.50478646796562 1.503329633390174 1.508965441638537 1.499110304735454 1.477923785485013 1.467594444100068 1.470390794007557 1.46950366474195 1.463252187835693 1.453282839400431 1.440325679977406 1.440459860478223 1.438296326723486 1.422472632397415 1.403385459402811 1.373512500403432 1.366180703358948 1.353358195499106 1.330642287266569 1.304948861438667 1.295452374502982 1.297687787622436 1.285766165783849 1.276298130018869 1.264780847090498 1.250728197367656 1.236944514697252 1.242083641659332 1.245966856957342 1.262314190898689 1.306422552694857 1.366148321330001 1.426509807329494 1.468928759094283 1.505748898246973 1.534180566302187 1.559204364599032 1.58322299340122 1.595674519395841 1.624489393166908 1.660956800953842 1.687477945226158 1.714284974892921 1.707477511881712 1.686635605245653 1.67688990773408 1.657592391380607
1.682118067306898 1.691273042880471 1.682730792302404 1.653307538570184 1.614697758248687 1.595867157831717 1.575698008821189 1.549404660072935 1.538765915082747 1.531642472956936 1.5205481707456 1.493828620157789 1.472808592193317 1.466208507726264 1.451542857924172 1.432177842266243 1.418604766023258 1.397790692596232 1.380300850368821 1.362079808844201 1.37003348694721 1.376003653901896 1.358161474494872 1.334778531195127 1.33186206041026 1.336662288296742 1.356115746377005 1.362811988429034 1.378278718257301 1.416424523200769 1.442930355713415 1.473529260557121 1.519222839982618 1.579330791399101 1.628725491067643 1.677115073926842 1.713566769688678 1.727050657633111 1.736913454040224 1.756570163840556 1.753910108782011 1.735462907408665 1.720017240147949 1.696751539636269 1.697809279657545 1.72836344120496 1.737787004956233
