benchmarks/avaInclinedPlaneEntresTest/release1IP_1af24dd523_C_entres_dfa_pfv.asc
ncols 1001
nrows 401
xllcenter 1000.00
yllcenter -5000.00
cellsize 5.00
nodata_value nan
[rows 210 to 230 of 401, columns 470 to 516 of 1001]
19.6959785756268 19.82932968901088 19.11308900935225 18.33332049237241 17.59244553014065 16.75043023115724 15.96845840764635 15.63137931054069 15.47502414164969 15.31424254059634 15.32005182392908 15.276957319316 15.16609957007167 15.00484332211634 14.84361097548434 14.69810251863024 14.57038347827238 14.47673593694078 14.36525455992289 14.24303847739237 14.23279604767127 14.21386626402867 14.20310768296463 14.20539210824596 14.24329956251657 14.30859703593548 14.48534487236596 14.59767500095437 14.70918278844658 14.81836616262821 14.89935717492651 14.9597297816669 15.058648677759 15.14150258720805 15.22957311256555 15.25358454956374 15.20177743989882 15.16707286290321 15.18582656731446 15.18612664348355 15.1679484526206 15.27348098092791 15.36393927942412 15.42845979665781 15.49611329067623 15.47111392711886 15.24493956397802
18.27253397052151 18.0934749545369 16.62000153233674 16.27705902073245 15.61397681916671 15.47804619987418 15.37655557026488 15.26580338582399 15.13290987846988 15.17200506319941 15.21962776946077 15.26758050182162 15.32070756624542 15.36865276103824 15.36589397421653 15.31450496783372 15.24484218679316 15.23902746740489 15.25463432073025 15.24709499249652 15.24969746567113 15.25065331314715 15.2795010552881 15.28509664612912 15.33971982616125 15.41911929324907 15.50724412983889 15.56372932591371 15.61415523962868 15.65761758947506 15.70463260281832 15.74473852437277 15.85726962351152 15.98878835832284 16.09072803781482 16.08521995276238 16.07874047142813 16.06337779733468 16.08933314035991 16.07891060924918 16.08574119505001 16.04563782041194 16.10302864189073 16.21103779673388 16.23891720488735 16.23278358008411 16.10108303734209
16.15395137476662 15.8442327109279 15.79868894308017 15.72737581373541 15.67851193525254 15.71146059328439 15.75444476638272 15.77953712929771 15.80085362939178 15.86154886787665 15.92889375242476 15.99828625997665 16.09414388401528 16.13614361597261 16.14705137578335 16.1041189434715 16.03453732807708 15.96357944758594 15.92214513198797 15.90056768127868 15.884464908854 15.93269088892643 16.01720820944681 16.09226062204035 16.14746710654531 16.19027305181453 16.22858991234888 16.29639907171385 16.30332325729737 16.31808611552866 16.30701714803547 16.32964199576 16.43083905329184 16.5706441402484 16.65109939684967 16.62193955090339 16.58011363630174 16.5825618489804 16.63877557318335 16.65347221079781 16.61429938201066 16.57242452097751 16.59647033943484 16.65330177897519 16.66333453682354 16.67720973706289 16.64380662649419
16.00671863565492 15.98922946330229 15.94169861453931 15.9402460899253 15.95682942147578 16.01883577701739 16.0313809401351 16.04346848209655 16.02570682744168 16.02928972139088 16.04687921159844 16.06506104608434 16.10558234541129 16.12799604157929 16.1193987042904 16.11033213517995 16.10230089889176 16.07503773082321 16.06067663789194 16.05490025213557 16.06591076744281 16.12162999885894 16.23381982157065 16.31302477911514 16.35035558190951 16.35348260792672 16.3842586988391 16.4594048852892 16.5152151245881 16.58065480977103 16.60196603536881 16.65034581426016 16.76548278193238 16.87252656424563 16.91135862873953 16.86144256355115 16.77038335212382 16.76147732595892 16.74637879869582 16.73592658816739 16.71962305133335 16.66315585898562 16.6595965230862 16.65253460625366 16.67081941596208 16.72637932616924 16.72998491231457
15.95811949667936 15.90645830175654 15.8708900409087 15.84688579617347 15.83238580522014 15.83012370879716 15.80460158898062 15.76954595420912 15.73270277326042 15.69715485105615 15.69417117042264 15.67987562354892 15.66160944178837 15.69148957956039 15.69173848380354 15.72109664140004 15.72639304357986 15.72521537560522 15.74769221569848 15.78876078545099 15.85270796250343 15.93691602199731 16.02574036305306 16.10989898898892 16.1356962060279 16.14526671820262 16.20850550953835 16.2833475846862 16.30805826094409 16.34848879290263 16.40103328954774 16.47849147616591 16.6071933759352 16.67294567874924 16.60970063592382 16.49223104641782 16.41749331543572 16.37018915071067 16.36611730003217 16.35992779080041 16.35043322946306 16.33051533574749 16.32627701824735 16.31501962786965 16.33183961585474 16.38276376953202 16.41627617372924
15.74934565431646 15.68427827609769 15.63221702031743 15.58832838739419 15.55602603093724 15.51148155070599 15.48889513015538 15.45383025493547 15.41118196999502 15.37433550474538 15.34103777792649 15.29450368176122 15.21678033350477 15.18180401877641 15.13223348664894 15.1081638391512 15.07264386876272 15.03446943308732 15.02681708845816 15.07244587044913 15.16490914572332 15.27460017058472 15.3832089774279 15.40332997003799 15.39588079531429 15.4801179069926 15.60328129025981 15.67973407736313 15.63012471973553 15.62200010141568 15.74737214575941 15.94293478940964 16.10945389029726 16.13198967209646 15.95622296590454 15.77667396145602 15.66982981601473 15.64435418748222 15.65582488325638 15.62899578757222 15.5546111325145 15.49220468062173 15.4537160559431 15.48049577776245 15.51485430833323 15.57462463331897 15.66653668671948
15.17522144009417 15.15500504814374 15.13061147922298 15.13337383338528 15.11801202236471 15.11852491580008 15.09286759915191 15.05481368847079 15.01295133429424 14.99698314054618 14.97372685318736 14.91382149251158 14.82928893487092 14.71007445435195 14.60765548441446 14.54454598418819 14.49924481414001 14.52294768977999 14.55087312388219 14.56724035778289 14.55206032072942 14.49271100706353 14.44532060079088 14.4064734845374 14.42757235209134 14.45467359431906 14.52890222502625 14.61049670192871 14.61352848456849 14.56040940669877 14.60900927362125 14.83591784388397 15.01296956380851 14.98366300961439 14.72401887955672 14.57253140042381 14.49173588658584 14.45267381957346 14.50591815925091 14.45431437158334 14.36875567318472 14.55846440291845 14.71688105308266 14.55254272107535 14.40226462679562 14.34246082065616 14.33992549063402
15.64100697201104 15.65972493278295 15.61406516330549 15.49475965442659 15.47160732801187 15.49112278563956 15.52379683828223 15.66127461812205 15.68233789365473 15.69479801526444 15.60950081797846 15.60223960997746 15.62068524130157 15.6596973408324 15.66485893378547 15.61810562924101 15.43176523227189 15.18461051160995 14.98482637606578 14.89909608895243 14.83962146811068 14.85697367989355 14.86995501021078 14.93478490139166 14.97500969711002 15.05015260023971 15.09663152669436 15.12390189606346 15.16320303395115 15.27622657556637 15.33802651620616 15.42650448673451 15.47754717316631 15.5335700945871 15.54958669021697 15.54100370469668 15.47220258959304 15.38902776569595 15.36941743029689 15.39889268759716 15.49568930601964 15.59370568329337 15.6296288349099 15.52294539972648 15.45950235038646 15.49833732450533 15.50119642918216
16.41549196948545 16.43294180803503 16.45978921740481 16.38083961740513 16.30025430526744 16.245759154441 16.26547883551734 16.34577148103133 16.35662939628933 16.35846998508384 16.41491755296926 16.48994051558388 16.49928333037884 16.56438426421806 16.61345709397032 16.60349803223147 16.47873227583283 16.26731116991153 16.03158202584891 15.89446745892997 15.84197728237388 15.89343779941214 15.89823461859449 15.95235092974545 15.99930345338051 16.06388022924008 16.14548213205831 16.15087472255437 16.17657652574614 16.22426630797883 16.27898818983329 16.34539426192637 16.41845932900027 16.4609760663179 16.53040526089492 16.48514807846593 16.41753778768341 16.33429479064451 16.32677795842331 16.33766191825478 16.38986135928139 16.45222331795516 16.43368597743116 16.4072240689489 16.37359944171095 16.42936872826736 16.54063227227559
16.68857033526732 16.76548855569451 16.79876715635457 16.7507047707055 16.71850441482917 16.66273961697129 16.69174448724178 16.68777161592611 16.7086187476804 16.69859086086901 16.74779877539109 16.80423359429022 16.8347846274987 16.86554433107163 16.97834285832763 17.04981859833312 16.98623948510417 16.84592942649131 16.67370834679838 16.5629858761387 16.50421243395 16.46909598551071 16.44849371223939 16.46081600530964 16.53199233327949 16.63896078483313 16.75457518470841 16.77230418166227 16.76300678818208 16.78937187634793 16.86679330606185 16.95614529903112 17.01440837387598 17.04896608647375 17.04546300088215 17.01912951529015 16.99544007787024 16.97317830362262 16.99310398084591 16.97563037984346 16.97836094091896 16.96032108526767 16.95101486004968 16.93037674076894 16.98837630278171 17.12636316878188 17.28581888985585
16.60880185744156 16.71081052552242 16.73846768618049 16.70852886485057 16.70935719394677 16.72068846195337 16.76440872692038 16.77703451091254 16.76093325433949 16.73702248698482 16.8125092241291 16.84233136185088 16.91000959318297 16.92038459676845 17.02636420181358 17.09796230302613 17.07741396878065 16.95884578215481 16.84382901584919 16.76378523662132 16.73688590715853 16.69308512065029 16.67713845100655 16.67105565024253 16.72699939813383 16.83707444041405 16.98202794167879 17.04822895100801 17.05119633057312 17.05164928340345 17.08840605152761 17.12157201410963 17.14570854511285 17.19199538048392 17.23702276906645 17.23891115915675 17.26858189375668 17.29155242404578 17.28726073970643 17.25209089739936 17.22083303603874 17.17381630578315 17.14532226997553 17.13605137906041 17.16204846880542 17.27195244946857 17.43291502556347
16.25229526929423 16.31395605855212 16.33763704671504 16.34646543890739 16.35076556985061 16.40441655977781 16.48516474202994 16.54626406007364 16.5412664219796 16.53994273676977 16.61178498503967 16.66434966021886 16.71606892856157 16.70704118266903 16.7819808903261 16.82747192648083 16.82871953785043 16.74729234285321 16.67286120877689 16.643131217257 16.60355523328818 16.55564463138175 16.5145970239524 16.51651689727973 16.55631714072231 16.62047778543966 16.74512045088523 16.86895627437176 16.90681915703908 16.92098176751259 16.95690730393738 16.95912313350815 16.99926417041446 17.02603988984839 17.07204969272457 17.1045160973537 17.15692298330831 17.19013492034579 17.19528420463055 17.17213625603232 17.15360428484302 17.10442453990594 17.09187213952794 17.07053590532869 17.07403420267587 17.13540677488631 17.25129951303688
16.63351082888085 16.81331246600843 16.95076582574288 16.93059581027347 16.78481314434774 16.65493990074491 16.63111506949293 16.6381772868105 16.6094818946324 16.56265963275295 16.43936704759266 16.27159341148742 16.24150253550392 16.2201738657906 16.29650676446574 16.35590422103806 16.39100906949159 16.49982181197447 16.56701736939899 16.35949776333467 16.16103365396931 16.09112948900005 16.09798180903345 16.1011299704415 16.13685064406372 16.23307168417112 16.2822748356658 16.33397626068641 16.40307452992728 16.44342501531995 16.56462533450586 16.70258643387534 16.7891023067137 16.70348138069233 16.57618930584922 16.59566205890977 16.63128448570354 16.70122694231858 16.80173791796359 16.84456270243787 16.84163486837954 16.77788725097281 16.73461592434571 16.71345851660771 16.71926192223865 16.74136174072457 16.82951106658167
17.00515130783576 17.11268411393358 17.22579068147968 17.30662224272097 17.30797019200621 17.26585250186148 17.2776336158147 17.31354235874397 17.33482155849785 17.23272266219497 17.10414077346885 16.96728269756291 16.87052898025132 16.8023906242656 16.81823227818573 16.86960606244518 16.9419128157303 16.99482891024589 17.02067554420752 16.97313767574779 16.93668838114975 16.84504979675934 16.74980928568936 16.69056332608129 16.73736467906649 16.83555534876184 16.87943559967484 16.89549907096563 16.90538459390057 16.95247823299438 17.02204866749759 17.06024662934774 17.03302164756154 16.9595089786011 16.8443280508903 16.70209238600517 16.61986673060322 16.61712643815532 16.64759355414085 16.62031645208778 16.58964432372193 16.60368031082152 16.74556405500407 16.94986319582843 17.0847588748665 17.0442820464443 16.88770289536318
17.18247508327289 17.20055011034768 17.25272591798516 17.33700419395616 17.4483607952554 17.55032200100029 17.6594570369194 17.72117870454236 17.74252064227218 17.66483855713243 17.48671177054507 17.32689422176401 17.20741753369975 17.13858802809289 17.06017533978536 17.05149159990454 17.06531555934283 17.07725428625678 17.12658186010239 17.17443053057673 17.20957157953826 17.13458579895599 17.06847726419459 17.02081464741991 17.04814372418469 17.08106550677447 17.08961128613364 17.09221419952177 17.10804696807541 17.16565504411384 17.16304328795172 17.13906283643274 17.07406112698981 16.97992137136556 16.89846034115582 16.8093541509271 16.76199378655886 16.78051715952237 16.81448190262153 16.84520099595976 16.86352455158353 16.90526917132985 17.00841445906637 17.20162563386577 17.40454085928349 17.43951069360228 17.27748223722217
16.98714480445363 16.94551576841379 16.97757299873546 17.07737491328806 17.25211808947701 17.47065799831351 17.66145578855749 17.724150140286 17.67759573054393 17.55481060326528 17.28049691724376 17.10901180295285 17.02544554292159 16.93805323248205 16.86402768624501 16.8359781929025 16.82675293224035 16.82747163036682 16.86894487088149 16.91562920616414 16.90202230732954 16.85631568148146 16.84125626642966 16.84804834998574 16.91000241172613 16.91612341151982 16.89615817645419 16.88805712047609 16.92895127539076 16.92676530041834 16.89447070834717 16.81140785456411 16.6905499337962 16.6148609344955 16.53834921641654 16.50685559390856 16.45166280493494 16.49390536729561 16.55753839063331 16.6128801487646 16.67227703384856 16.70933253053407 16.78246687412363 16.93514749225338 17.08702938774316 17.09273776498947 16.99274684524758
16.60710177133775 16.53600901059725 16.54280892821507 16.63503363074958 16.76553488171679 16.90371114282577 17.05656541900277 17.24886115934635 17.27698857381786 17.05016719453692 16.65081095958169 16.49826601018729 16.45071117121174 16.36348544555374 16.28376328754176 16.22516509260884 16.22794250292262 16.27471552297014 16.26493901295714 16.23206470826329 16.16426317040271 16.13343129858139 16.12532681546369 16.20545956197904 16.28657129309375 16.32327018678252 16.25940357886148 16.21533561298963 16.22979076561481 16.23937114583512 16.13443381539853 15.95357733932134 15.84032312762124 15.78327715134124 15.76029156037499 15.77816742049781 15.82930949704765 15.87274901003482 15.9080297632213 15.97901804105237 16.04578247970287 16.12649680831565 16.20258269096036 16.34542260851167 16.43691916052834 16.51629687576361 16.57198409057622
15.92312383722671 15.96552920660935 15.99293735135924 16.01337222007086 15.98065940579272 15.84596037494713 15.75320646230469 15.85601206309472 15.98939735309883 16.06637114654761 15.83490759917298 15.71781691083107 15.60355969918301 15.50998546290712 15.4414414331458 15.35456457446399 15.31749431769922 15.27526907815843 15.20976654031472 15.10516394076933 15.0672749008592 15.09722302307043 15.05769798314544 15.10129719186062 15.26553491426343 15.4253381056496 15.42313554353582 15.17105632615568 14.93219937430026 14.96764960598032 15.17995634713572 15.12635139121515 14.9469904590272 14.83409711341573 14.85344575996168 14.90099873221072 14.95108059602892 14.99481387686479 15.06744261191021 15.16988989621887 15.2433595478494 15.32990943992059 15.4442756644581 15.61006447625622 15.75082255945147 15.82739580529821 15.92517716364965
14.41324566834189 14.53704989152145 14.81716287429508 15.17821085904168 15.44089995850236 15.22707429703713 14.79108817751808 14.53094913812233 14.45265934203671 14.49222474220345 14.57983662099883 14.3985665174771 14.19231890823958 14.04844309068579 13.95145877428443 13.92780803292766 13.87743678749011 13.66463861312685 13.51742411864838 13.58778901731746 13.51772474701493 13.44037227323764 13.41287903675399 13.54198323787722 13.61856480866584 15.04195714502108 14.19403990247934 13.91792304588366 13.46257263933585 13.15918012838149 12.94813129210716 12.89234032379668 12.88137624911447 12.82957982519534 12.91064324178801 13.00371110290693 12.89789639296454 13.1952586723172 13.69871734166768 13.96704642263893 14.07509671964223 14.12686300277593 14.63004690198515 15.1303029955068 15.37638016790959 15.46568058588666 15.43811872275453
13.30971733783769 13.36689125473976 13.30877347033835 13.21177979302008 13.08113046323555 13.03810818427829 13.04303163479536 13.02678856802607 13.01274646825629 13.04078503691239 13.44870133339264 13.35048492651778 13.13764223823172 13.17314092619818 13.21126388050578 13.20644786207634 13.15883804240257 13.11936702320401 13.10845627759186 13.11771841933523 13.15206144539732 13.14340654802117 13.11376639030373 13.0618126808267 13.06986580177883 13.1009930602409 13.09734392773422 13.00381221337426 12.91441184967845 12.83231866734528 12.81826665922953 12.80132353174587 12.8585424283096 12.95703357307814 12.99852605509673 13.0193741457562 12.91873092579944 12.7854315987622 12.70728578431884 12.66902697863545 13.21673319430992 13.28139290698917 13.28139290698917 13.00750675813541 12.72038876053032 12.61312094458512 12.89325020436882
13.49772872999556 13.51348731576888 13.48229134744953 13.22109110802193 12.98348936730986 12.92444082497424 12.95842193422185 12.9625657029366 12.96881445916621 12.98799408135755 13.00901914037957 13.01477532014018 13.03231504994446 13.01353468494031 12.96165785062783 13.00137145526223 12.89462260349938 12.86558936610156 12.83600487586813 12.82077399289527 12.8358208728561 12.82077058077729 12.76619832617848 12.75685768274526 12.84633756935987 12.9384556820508 12.81836403792276 12.64235351799242 12.43993622411639 12.34867971474652 12.32850921089302 12.2706018022539 12.28482354216105 12.40437705571498 12.48484240186299 12.49806914801323 12.45553169656697 12.41815856009813 12.39087681421767 12.3866491942725 12.42837446317259 12.47195053063974 12.47482670928213 12.48573808387729 12.39304911928718 12.23503152776034 12.17162692424722
