benchmarks/avaInclinedPlaneEntresTest/release1IP_1af24dd523_C_entres_dfa_ppr.asc
ncols 1001
nrows 401
xllcenter 1000.00
yllcenter -5000.00
cellsize 5.00
nodata_value nan
[rows 210 to 230 of 401, columns 423 to 469 of 1001]
176.1127179073636 178.9611283673392 182.5188835913905 186.2000106750799 189.2107129422759 192.0944597723158 194.6460993622782 196.7450887484065 199.2307962186896 201.2245667672513 202.7228881106294 203.597472124941 204.4564137417696 205.2084482181985 205.4835314794298 205.1479643910251 204.4013743214271 203.1523473810472 201.5664893018182 199.8019992927136 197.6010247941542 195.3893993951346 193.1338349241861 190.8268355633491 188.0527605512512 185.9380483711786 184.025586272529 183.0108166735845 178.7430353611731 174.2931073010357 164.2373402516152 159.588508363339 155.1928475930154 151.4727942929553 148.900458003991 144.6993302377989 143.3477039497996 138.1165569891644 128.4247434287894 125.2376825495906 116.9039484632055 113.3787294876565 106.3366721292388 101.9469213339846 95.65209010190716 89.51691211075533 83.50377535128523
185.3794295228313 189.3428497978032 192.716300571724 196.6198153306163 199.6233778062806 202.3296544569093 204.3794858652681 205.1907075716126 205.201242129706 204.7752874100055 204.0250201455808 202.9444016749229 202.057634632861 201.1758671659937 201.3462788822912 199.0205134471643 196.921795037184 195.0300457795887 193.1146558286367 191.129547886025 188.8245728804094 186.272371074952 183.6338814290637 180.9640899593891 178.291425681081 184.9235024101571 180.7648455063483 168.8871738590344 165.4524366578462 161.7793161833316 157.0439261734928 152.5585838181463 148.2362236857959 143.3938526789669 136.8140062313691 132.2648769908045 126.9554384556094 120.7903591085844 115.6655923948808 118.5917981463912 113.5068885229196 106.5958079516543 100.8874867238971 93.64062664691305 86.44998182348671 79.57895992109609 72.88130432014731
193.6871835958394 196.8486210545765 199.3756123501617 201.1864316320724 202.3654559438879 203.3085684314456 204.2587372893298 204.7612833052297 204.0060486730899 202.4587993218088 200.6134943169358 198.7758779952343 197.0905403159183 195.3908556720137 197.4190778505931 194.9773951463568 192.2213116385866 189.4631841836659 186.7144009523296 183.76788119316 181.4405103465533 178.9080006095831 176.1413486814977 173.1821484880042 170.5881730783113 169.2899919458062 165.3523670742835 161.2952318946039 156.9280660632015 148.6310549807547 145.3780275251128 150.4068881275145 136.8227273090397 136.7856884796711 131.1505526440509 123.8935100628307 117.9749660605249 112.4834673055829 104.5304195639907 97.69418061462672 90.57530391316793 95.08777414097632 88.31469104498971 80.85755262898523 73.43416128352908 66.2065809198083 59.42606709621558
197.0190301533383 199.2896392658911 200.7337887421938 201.2831259665012 201.1233857717163 200.5726423612572 199.6798237378535 203.8819609391826 202.1496166004724 199.6682983108776 196.920021022732 193.8029821607385 190.8552788298504 187.9694343855559 185.07611712391 182.1687620164499 179.3580392784438 177.5392420436889 175.0016090019719 172.041166695051 168.937153352152 165.8315521684426 162.4068822119779 159.5771503165952 156.7510031292953 151.8658929393696 149.0437433751698 151.7249784255167 145.7366555468729 139.9720719736985 133.4173429679151 127.1717781289351 121.2138580856612 114.2970513712133 108.414581515159 114.2684342984565 107.5219172166511 99.33992222481122 92.96433394392319 85.12178168920022 77.49307074616796 69.98715554237631 61.39754724515991 55.51560824655191 59.17307829488524 54.96498164133908 51.69650081585034
194.5440841591374 194.9484585314366 201.539241580141 202.1065891083644 199.3767111473886 197.385429658311 195.3872766061371 193.3082822092435 191.2741267375391 188.768442918853 193.5468042299174 190.9898523155306 187.5258887703892 183.6991088128886 179.794087900447 175.9813046478665 172.6596274994898 172.9631147598819 169.3534954223541 165.4068316458092 161.1366201076498 149.7379059389037 157.3716816803191 153.0205170424453 143.7978207427468 140.336931185805 134.5018012590194 129.3446288682138 121.8955266857776 116.6573937036006 122.7349346139311 116.3906238512484 108.9460221908422 101.6582186376039 93.1954487915762 85.10037427799924 77.18150983691704 79.74202675274388 73.60171488454694 69.75769514209729 62.01540348947837 55.17195664987349 55.76676323986498 55.33374889836878 53.73619067420025 51.88006541970064 51.11659773426535
190.1114083966816 189.648686553866 188.6503469662803 187.2839558691832 185.7179254740497 184.045298022153 182.4665997039698 190.3305026916477 187.8966525295978 184.4078786248148 180.519850095711 176.6489926654133 172.7140844257042 168.6239510638125 164.2929062345883 169.9536735816598 164.8760174676099 159.3350512388024 153.6468167907342 148.268540365711 141.5773829039441 135.0396004305589 129.8200490942547 135.1996194902515 128.3562653725863 122.0738841360538 114.1237734666373 107.9000842319073 100.5485508182346 106.3251655420302 98.20488374685308 90.25467954514917 82.33629838036811 74.53991209728383 78.89158581027536 71.87656706812116 64.50322566893969 55.5890586367047 51.05633274893639 50.8222961423206 51.16285408417113 52.1568173839113 52.83048049077865 52.59340550057307 49.65252772658755 49.79045229585306 49.83070060273108
184.084093735237 182.6795570613417 181.172524662505 178.9732003599499 176.2573281279277 173.5225979457744 178.4158026806941 175.2682267658737 172.1283121602962 168.6723883746663 164.5066417166733 167.0272018535847 162.6946906826142 157.7769713057406 152.7358666816905 147.674727104256 140.7317294134577 136.1252697781754 131.9667248031357 137.4522318821425 129.5316425682808 122.5167916281051 114.8685827999724 107.8305758568669 99.73190616574109 108.3270171850968 101.4081573237853 93.00109638111526 85.0983370103062 77.55454472008205 69.52149650845286 61.37849396031193 53.61203108774856 58.44463076599956 55.55931267607007 49.82718315910037 49.35914615200974 49.1594570506097 49.30343602942801 49.25870324494115 48.87595241817706 48.28395846240026 47.63066164381019 47.02116541367749 46.56458445168217 46.32457459557993 46.14261901304542
175.6847593962262 172.4671625863655 168.5747490547346 166.5822946253264 164.2539973396708 162.1082040702301 159.6117891822674 162.3781248727681 153.2309682412894 149.914279606242 145.4618389621409 139.7555786060865 142.0682052089433 139.2259019961665 132.8661719539294 126.8088613219445 129.2826842530553 122.900426607112 114.4862934089291 107.1690968321325 98.08712232462861 102.1777865247171 98.92382078707828 90.54691161895458 81.72022570381698 73.17178798046351 64.86141254167271 54.55036269706549 62.1561987153531 59.17868881512406 54.95749739756423 51.68340767558141 51.2350196200847 50.60069924293582 49.86207561089768 49.029890091114 48.51388956069786 48.23013253275867 48.18143095329737 48.22866919250116 48.19667604093397 48.10538133766477 47.89600751591787 48.33886645155914 48.49256705691364 48.55836313454062 48.69733577607735
162.0371800545257 158.2805665652959 153.67770669542 155.4603368065338 150.9810730444345 145.846692440471 140.403985468974 134.0133692002402 138.6508783054888 133.1416844074995 124.9336808619607 117.9762342124414 123.0902909278745 116.621030324372 109.9464611378333 100.4373741159366 103.6124452489255 97.3309752835017 87.90273902521815 78.00319959761225 68.70566543067808 73.20987026964512 68.69397895158929 60.67429232790876 54.65308705473692 54.1141617658828 53.1605956524803 52.15564087686506 52.53569812852565 52.52969769790568 52.49918175585044 52.32328664557767 52.25665376745538 52.06836618827676 51.91828158695285 51.70229053882961 51.34288129604783 51.03094947777349 50.97004572307028 51.12754825182399 51.45683884556549 52.21881909571513 52.8151474174425 53.01767140004259 53.19980768536139 53.52958663847343 53.76148045984775
137.7643348468796 132.4476069923288 125.0877429770361 120.8254464500151 113.0649300234313 125.2776896733703 122.9065121490618 114.6665702122066 108.0780689800937 109.009229941716 103.0137969265681 93.95850383860513 86.99138253052448 89.5692976668267 80.71132887664055 71.16703121226089 62.17761929865794 67.44909471037563 60.25038645891716 52.90216148978705 53.05949285731029 53.16134431173234 53.15656803744709 52.86749469509196 52.74703689109629 52.58127520334109 52.85880990035552 52.95951477485269 53.2104501269054 53.04138996915361 52.90670414880108 52.71051742932344 52.71088592819576 52.83564911285197 53.03479942644021 53.00248825300068 52.81474556931907 52.72206927847827 52.82476131152765 53.02705841569794 53.58999568061763 54.61752673392088 55.59195469435361 55.94319360604248 55.73514266522918 55.49478524361275 55.50889972566141
116.9208890560483 108.2974418340304 99.20561212080723 104.400066818245 98.07298223244493 89.33492481064154 80.5509458501818 83.68649577757833 78.21568525308386 70.26519703448525 62.30903426184449 52.87845775152904 50.82444360265213 51.53821214726502 50.23155678378076 50.11866732545616 50.29426059855917 50.43653017834374 50.61521856396605 50.7688307389128 51.14163465820499 51.55602144700855 51.91540286102811 52.12501948410527 51.80945822638617 51.50797985785537 51.20311559323891 50.85613800319615 50.84771917931061 50.84077020283581 50.75410208953613 50.91319586773518 51.09991607472448 51.52632634833702 51.81337634681955 52.01176499541822 52.14554579866866 52.24839013648047 52.5529012544884 53.02473268364653 53.71068505845771 54.76246193329235 55.94564900942682 56.51377216223724 55.92947583494575 55.33101310441495 54.91312485833576
89.06762291140917 80.36072631844867 71.17670723924445 61.85912257660064 53.39391064997414 46.81080257255442 54.85709642722645 54.06675996861903 48.33566714931681 48.01291789247609 47.13292094157409 46.96232177398197 47.59125599319545 48.05555385897142 48.91653527240955 49.6708956873428 49.77292338248292 48.93561357719953 48.4371266120652 47.76835813939752 46.54952778412163 46.97269459046356 47.46884401641652 48.25631401941547 48.24592424599094 47.63833302953774 47.00994998355669 47.28982194850295 48.61736824512965 50.31536153099423 51.77316355572912 51.793762673042 51.43286083696944 50.44658901273726 49.40717321476616 48.69320542212438 48.19533483140521 48.5063848319236 49.00396121021026 49.83960383580469 50.66603648040954 51.70067141671714 52.9862636761077 53.55347265708521 53.59572682046675 52.96761068671221 52.65952782946068
54.74389121548883 54.2114142805133 53.68584011268012 53.47882758523115 53.83261381479211 54.35684836821012 54.89091663927405 55.18347073334498 54.90901015923428 54.52419613455513 54.29750362469418 54.07665906005117 54.41976946212691 55.2088775901081 55.88773671499384 56.2051284417229 56.02680145463594 55.45387367338299 54.54242727475285 53.8269206603124 53.47675371648843 53.25796167586252 53.21695299009189 53.29488781446189 53.35036997709066 53.48864537188665 53.61916564869323 54.11639270514527 55.40595404091221 56.68021176015819 57.21634656165979 57.10728873529072 56.19072093404721 54.95713124190543 53.99555428709372 53.61116005399822 53.44495830602091 53.81124632918388 54.46752979622054 54.78200685722473 54.87215927444506 54.57239795732703 54.561292855589 54.40721448916001 54.39128438502753 54.34064821420863 54.60724708282483
58.35183054898561 58.15405670628782 57.91229393572523 57.82718136285676 57.87261371910973 58.22237240125072 58.28968145049128 58.29986975855144 58.2741445464083 58.31831946177442 58.32826671403436 58.42794640536804 58.86280400057863 59.54131552716696 59.95647883083868 59.92047300700151 59.56368071793725 58.91276914014231 58.4020627007264 58.08212921555128 57.63427265800863 57.2101285341604 57.06434083997824 56.95479700180283 57.07892434794289 57.26118048930316 57.64062747519783 58.0277626129506 58.7759166907894 59.76789941763349 60.14819381720223 59.93507953552611 59.13209611309343 58.28751900207116 57.27202854030941 56.8368154628188 56.51375193768477 57.09178609308506 57.8563976749023 58.14081019210283 58.10544260053735 58.31203275730176 58.66712206503007 58.79261053228675 58.42215631524491 58.09360458142794 57.66537786003963
59.05854721317363 59.00894729184393 58.88441881575121 58.936520196352 58.95423375046767 58.95873156055345 59.02885470850107 59.10363383311404 59.21662971613141 59.2840285449246 59.38268743507799 59.58804953667619 60.06532238034594 60.501023365126 60.77879252481925 60.74207760400526 60.78571500775787 60.62560764953905 60.30413691452681 59.81389111883743 59.26325034453274 58.96010313730802 58.48523995762867 58.38715295537767 58.49962123515931 58.82235825413878 59.36839808684034 60.37611696030778 61.23655564725892 62.13901349981961 62.18889613417514 62.0058226468832 61.23797066918485 60.34738404987004 59.57818127594149 58.77896686561351 58.56344268571721 58.86312520000512 59.35008241661624 59.60275462764034 59.97621435275736 60.40851564793453 60.56638131823487 60.39783956489507 59.99899609914804 59.673692295226 59.12935399900977
56.39959856341179 56.53652735470795 56.45134059866268 56.56912315238992 56.72537096314448 56.90999900477765 56.97468672891761 57.14774988839084 57.17985323571922 57.13916899711005 57.25929959177099 57.60150660463862 57.93448792673022 58.41333279950092 59.14440905631967 59.66879171636263 60.03812587159246 60.15578731282212 59.6194236768261 58.86541632507171 58.21625655219877 57.97980942019397 57.74563533217049 57.75495886542518 57.9408284465077 58.35668796490271 59.19868909704136 60.38033131410568 61.30668762501221 61.9271317433972 62.01314314372904 61.6007585160575 60.68339953533528 59.87353821309181 59.33486242830932 58.80197596206607 58.38159002754255 58.41267413263172 58.36238281466722 58.48605210430167 58.85795767578681 59.19780060206808 59.45949293761186 59.07244855211716 58.88846522503979 58.47206370796666 58.10362706917786
49.19597784188058 49.21888039149384 49.3275600631851 49.65952987850405 49.97241788021215 50.42642774216339 50.91716219496232 51.28581455490885 51.66894687469837 52.00804469087294 52.10041874965992 52.26782414398949 52.73462593503658 53.50908884592501 54.56710863019755 55.73046663118566 56.53962309312239 56.69471739284558 56.16081391944218 55.49191029507343 55.12864090670829 55.03986446611478 55.067934971288 55.23555790336582 55.70759536009717 56.42656087207098 57.41818763759601 58.64339443537488 59.7091612225607 60.24284345602981 59.90142452941541 58.76037161149912 56.94785888477664 55.42960092827579 54.73252010943194 54.19008517317847 54.20628519124587 54.27700772575883 54.44535638911858 54.68075963366264 54.78364711327885 54.70273193785965 54.75213111297027 54.64748241938878 54.87394822003535 55.32949215804749 55.38846764720316
45.48978133753544 45.23745345350392 44.46060477521463 43.6780886144203 43.08927251380243 42.62589085015312 43.39498203506282 44.05779498604219 44.77422732588813 44.9132244553412 44.95990726711208 44.96285143143268 45.40743000847212 45.98041680806239 46.96015536551845 48.09088487455273 49.13687259622458 49.82626180089785 49.64084128673817 49.65221788980973 49.8486229266532 50.11633311033084 50.69613999630873 51.21890527109976 52.08827355086425 52.90983279729728 53.67872477268715 54.69924657211586 55.7815880021796 57.01269118803054 57.16435940853582 54.80150462899937 51.07169525264682 49.12863273619327 48.03236098807718 47.93497732827286 47.22405282662447 46.53604844119219 46.70391819278451 46.87690911559488 47.55128632416297 47.59329309136164 47.58555166197205 47.96660704197117 48.36171957986298 49.14405769879473 49.8331942677952
43.46688473393055 43.93891842259585 43.92980653774026 43.90251513692098 42.95748995888039 42.02962271283062 41.36387606231244 40.35119111618134 38.82599707822449 42.68942081708397 41.3709866453088 39.66384444584601 38.02082480554554 37.95480203017647 39.2382734586546 40.35657371776684 41.97370517660043 42.81260589407137 42.86199683237982 42.82348995201838 43.08011162045791 44.31430767733966 44.97897391439456 46.4040431385362 47.76117724950148 48.40246848472101 46.8325528062535 45.80737086092278 44.90323610459009 43.00941807076828 40.74329365399615 39.603506441901 39.09061988045641 38.89003383183502 38.36730508191064 38.27698680504033 38.76717122152489 37.30115939639807 36.09123093223088 36.04769626738702 35.58985429844171 36.43779929783373 37.89908882678837 39.0966087498044 39.98114892842118 40.74300124941755 40.95550710805262
36.36652095221202 33.80161950362439 30.71718048852179 28.99700650900668 38.82469286062928 39.58811828979594 38.78129099383975 35.80691320808545 32.63153211282106 33.11291195680855 31.18855202403988 29.83232084024604 30.03234524343346 30.22278169627407 30.35501264399244 30.52409288923457 31.03291899984432 37.18206200179921 34.54821788698814 37.81798148098562 39.47148546215677 39.9570166234189 40.36852664065378 40.22859720880415 40.15964678519261 46.16787378053285 34.64788835143497 32.02551126342995 32.12163830356381 32.48298943262737 32.89982513409814 32.92221659237461 33.0163511770708 36.96859609025741 36.6894774930699 34.26699735246981 34.58420349964697 34.24893633999694 34.08874216179193 33.93518100880732 33.85268619035634 33.8580995444584 34.0771167541636 34.21057431158523 34.32833392046 34.51856883129911 34.97528510444305
28.76388992150753 28.70839168374726 28.86683609770198 28.975645274791 29.00471963485097 29.06839202894433 29.11671752234542 29.143368584922 29.17493850718761 29.19398559893586 29.29053929942904 29.35973611082072 29.46347240371256 29.74656029722441 29.95390158744214 30.20747117601393 30.61177739794729 30.8215564341635 31.04921173176188 31.48662790855082 32.07453631405815 32.59901264494562 32.87667989456249 38.16008527550398 32.33416504319933 32.07970174813177 31.96193113794095 31.90518530219719 32.20508862383227 32.61437000728119 33.01978360602438 33.1578163161807 33.3690153312545 33.82498921009988 34.62890706510997 35.40321814712163 35.41801137196286 34.90937832450732 34.54799521563976 34.37029963670552 34.24274542657091 34.2539240014118 34.28204731887931 34.39650354614753 34.68831499328784 35.1293928532105 35.7906005269954
