benchmarks/avaInclinedPlaneEntresTest/release1IP_0098dde5b0_C_L_entres_dfa_pft.asc
ncols        1001
nrows        401
xllcorner    997.500000000000
yllcorner    -5002.500000000000
cellsize     5.000000000000
NODATA_value nan
[rows 190 to 208 of 401, columns 336 to 377 of 1001]
2.0743718145881673287 2.008397799618345303 1.9680424512215712873 1.928927147181959123 1.8598542755687745842 1.8064514706822392132 1.7569356388817001235 1.6975217460096674316 1.6324985280082948691 1.5554193188452247743 1.5008952769384220627 1.4575071401956438688 1.4726707348253653684 1.537166834946980698 1.5713402315413163013 1.5740744897742298125 1.5661903619549666367 1.585911009969819041 1.6008532877898489222 1.5968781283014656935 1.6237812317825341957 1.6536401979214723212 1.6618539212620493384 1.6160435868517653013 1.5564552312940189704 1.5245345841566988465 1.5086212234867328874 1.5139079535436208435 1.5269393237825974463 1.5391646188311089993 1.5446661276850353062 1.5345651249153808848 1.5266746410725755556 1.5195636167390917937 1.4977478134667843168 1.4733637225949187677 1.4868971302321267736 1.4940345432965991268 1.4539518727852045465 1.4315263555679413887 1.4456879313465369474 1.4750379838490637052
2.2148918581776508852 2.1491695826058330177 2.0657565455006503541 2.0122834634052493286 1.9594093839027546533 1.88917950570807891 1.8236629711216392202 1.7634847329823788442 1.7351215410769895708 1.7149864728958703619 1.6986078963690576238 1.677192486563518381 1.6268976089318381018 1.5528201389795261989 1.4955001965779088913 1.452789188621750327 1.4195654419622272258 1.3882634654833740928 1.3637625291815493878 1.3444943085026470619 1.3298319693916120787 1.3100605113467167495 1.3207161283916035721 1.3094284753578606662 1.2597979307104916202 1.2440094241299268774 1.24682769283940309 1.2846431251370868942 1.2942029196889195397 1.3156809425140563174 1.3422850762406448588 1.3629575161196894051 1.4153606118479180598 1.4761080446606793526 1.5113157966423229617 1.4863575225630134558 1.4688893612611333417 1.4549632032613117882 1.4108995243605617631 1.379940971818446771 1.3637335267932879646 1.3605392001196352503
2.3842841572447692755 2.3229565274126193763 2.2660047636285565176 2.2072776199425598875 2.1615214519692074191 2.0953924748572707593 2.0410283954280994401 1.9897609253134045382 1.9223005401534987158 1.8650934875614031405 1.7984925805347937722 1.7361569668910052933 1.6760771846557420695 1.6338544920281545814 1.5940286146285207458 1.5395284825429240705 1.5059960502744365041 1.4757822088248540027 1.4355676275724313928 1.4096849755269564852 1.3638274697845806926 1.3320284614820887548 1.3080325219562312089 1.2742204731324340283 1.2469624694373018237 1.2507975357709548714 1.2191798493325036734 1.1898046646706903484 1.1564446399405068355 1.1092166983891842413 1.0801617462966133232 1.0328044565458558424 1.0186202226176099828 1.0428575887743161132 1.0981844510195384323 1.0960012968145260714 1.0742726914961131524 1.1219857716855414775 1.148320173634650887 1.192187947429603545 1.219233365947461234 1.2459174645164761142
2.5267138308483314546 2.5026692855874843602 2.441961395027134607 2.3547989529135122666 2.2848869645086913316 2.2250500852530081808 2.1700926550942329918 2.095755391622236008 2.0287022577671622869 1.9564973029709824548 1.8859251620195378596 1.8264890687346735376 1.7644754277795287045 1.6945946297858907048 1.6412791943727611521 1.6161532108025438159 1.5965684558656429992 1.5605958304567675299 1.5114109684066738826 1.4685108207418093862 1.4326017772031258701 1.4042123146030840442 1.3651290101711055502 1.3286955846093613243 1.3112650881074940923 1.2945002919809265318 1.2684456407837489955 1.2246842876444452575 1.1584822177546558741 1.1679573494969435199 1.1624669023716784899 1.1294440578985447399 1.120420167715928228 1.1156686859884052954 1.1425000265897773399 1.1919442919354135135 1.1794016443456936116 1.1746045693684667999 1.1660510947479716393 1.153796922765645494 1.0928077047301858471 1.0783080052064590859
2.6103947233587185828 2.6162677219321608391 2.6220701608025014373 2.5765258597551961017 2.5273768747496383469 2.4522536170944420064 2.3236112313575976174 2.2310213473390518857 2.1491165062226733617 2.0953203794467216703 2.0407897595582928929 1.9721403971855300252 1.9031968628033999469 1.8314995645517866407 1.7716928096641790802 1.701983362056736615 1.6753967235028763838 1.6337001066959915274 1.6031590197676350851 1.572158864378436105 1.5173289336429887086 1.4733061923421413297 1.4366230099479448956 1.3995094219943096103 1.3984587087576469955 1.4333655535559979288 1.4400860777599806539 1.4518296120624682999 1.4486937563397013218 1.4725997696955523963 1.4592823929220781753 1.4436470075861829176 1.431807518479300434 1.439001366017858885 1.4479071153121325644 1.4289508502748249352 1.4079810755673216605 1.4149989720360256484 1.4007179525478896664 1.3875963341446209132 1.3906559495124981574 1.4125055535567643261
2.7022157728625946227 2.7101703398514209731 2.7356453509604499175 2.7303379880492850695 2.6846334663855975222 2.6180467710335122433 2.5487120985252889049 2.4279036321884412963 2.3141212933825974218 2.2143180853202002467 2.1042049863461214088 2.0072332266050154637 1.936351227702237443 1.8710899795726663175 1.8127562423784469026 1.7570432681992149693 1.6889073686843831812 1.6323133124354800572 1.6138228958822546932 1.5780617431927861372 1.5766094264648988776 1.603155348344636133 1.6141022671393088217 1.6085266940559890259 1.625172009022886499 1.6413006444893345481 1.6357139893967547195 1.6161411503826219604 1.6255872110174172107 1.6196516935043407948 1.6451909459226479182 1.6542596958942499263 1.657749127031988845 1.6358169851461632494 1.619457678346131857 1.629493515437071105 1.6243209750943357061 1.6095792729317996983 1.6367842102699983187 1.636081749700997845 1.618702378920732432 1.6212869920798349543
2.8222329754304285032 2.830759798720053233 2.8323379299790105712 2.8289408824304467238 2.8145439804696024133 2.739791360714830315 2.6307928096430592824 2.5477163514512493059 2.4580130104373236755 2.3546069886288942818 2.2479725626005699901 2.1443050066340179072 2.0437637579554408518 1.9470491097465387753 1.8887100806933676544 1.8313827006523770713 1.7767968777904192823 1.7252548116278105805 1.6711466129197729558 1.6322976074151074322 1.6374697806170508407 1.6337498713178553178 1.6118500268703119804 1.5854181820965274063 1.5987643292900224345 1.5951103497910010809 1.6159056772868363172 1.6316631006499935364 1.6243155922434411309 1.65424077092820343 1.6922526992102606691 1.6816874931284526706 1.6467045446501125117 1.6447544128074531589 1.6507771298022100304 1.6436234152688002919 1.6550530455346748049 1.6773387874354710458 1.6549272620512247567 1.6893842355848527337 1.6988531327658114023 1.6752072939617703717
2.91013123682475916 2.8979350010737094934 2.9551088573757571254 2.9589192034188016578 2.9471207308840958738 2.9013673855620849551 2.8188472846617442791 2.7230404005659298861 2.6156438195437283767 2.5032479290285571949 2.3888840115921765594 2.2771315884243716887 2.1742259521334625916 2.0735114885639327476 1.9871266633750133135 1.9184881091139778242 1.8449593270788005039 1.763814304333239491 1.7785547013299516372 1.8134065512006021237 1.8082076924789300953 1.8472897963854233438 1.834681972403575001 1.8619516466810543953 1.8796986142096050454 1.882526322963777865 1.8679186271816383691 1.8232114785496409404 1.6939524970926385095 1.6766707473413411389 1.6940283765081618483 1.6703321225410103779 1.6753977601344427484 1.6787134317978946729 1.6650752136700965877 1.6990285870111374589 1.7075373322754689998 1.7258159984977698986 1.7727612674242934077 1.7913396393215335056 1.8021540142097942638 1.8188959611830246565
3.0002384581771042171 2.9486462582220624995 2.9209794577013257211 2.9417206818306929073 2.949190460518451129 2.8979534588174380438 2.8494273814737902661 2.754215919837419424 2.6228140474381178571 2.4935909146315728968 2.3723708024026799457 2.2716949151853311761 2.1792020669608107575 2.0849235558255165834 1.995855288443750597 1.99220651296705209 2.068963580554759929 2.0410923281459063539 2.022177277257818595 2.022415648070510219 1.9812016573718107537 1.9436311021718224445 1.9771141955595405992 1.9439679132526126448 1.9599075396030074536 1.9357619095179718904 1.9577505542103088576 1.905178624220114747 1.8900973701270993299 1.8933532896513134425 1.8182801989968211398 1.849577434144289656 1.8191843203795434736 1.8227821472220535615 1.8137168680800150877 1.8292020986749026878 1.8907282192007326405 1.9241011460513779419 1.9037351790833858534 1.9452866093902581035 1.8968660327693587231 1.9032898971591272197
3.1212817048714547319 3.0651002202425834398 3.0461587790518609431 3.059793310951184786 3.0822236968705754023 3.0416383076084110293 2.9616061364570698267 2.8544229196093726664 2.7319169422915736689 2.6017331169107031918 2.4823682003542355545 2.3776843840439947364 2.2705050916175735232 2.1557675997536693835 2.1003593130209003981 2.1037270164420127649 2.1139227044219373042 2.0914527961779612042 2.1153509306641824494 2.1412376259384693356 2.1520831495942029932 2.1562500412806264727 2.1615734530736676611 2.1095076532916019474 2.1777001405167246695 2.1530208697385444516 2.2064696111423183211 2.1639638205960758377 2.1202161413899194287 2.0679541900813522837 2.0291595982245094199 1.9931741518959407156 1.9890002080119495442 1.9934099267086515805 2.0394255425826917083 2.080105758137914318 2.0902234574473630424 2.1153289257741310081 2.1790666907976534716 2.1660421349659477741 2.1830363688382723453 2.1402263044195728448
3.1206783152520296554 3.1077643766150555571 3.1018542730372526961 3.1217052489788801317 3.1193644287232076273 3.0584076118328331617 2.9753541891431156685 2.8667579310285855598 2.7288492341769305938 2.5950710132489693827 2.4652602905324374483 2.3423785111426242977 2.2177029073680150084 2.1729258926283163689 2.2005720209776504781 2.2177811480507347852 2.2570621273092381642 2.3586715461274994077 2.3824822232868245742 2.4603875359071341045 2.4309320500030686674 2.4369094461238196558 2.3976724766752761653 2.3983194048830940304 2.4020764802203444788 2.3643659425184462286 2.3894691033978534556 2.3740129965767087228 2.3182345420771350852 2.3107396774138977413 2.2486069825891186191 2.2391011335733046472 2.2629719910556214124 2.2428698622646834338 2.2761888605546127806 2.2944264808623056062 2.3157056831462083935 2.3409807537719480308 2.3667419845159365366 2.3296233301471391819 2.3097303094148182723 2.3207821477686789713
3.1273299425486289493 3.1230556646459532999 3.1241698739450871614 3.1060382336185528018 3.0651506514335200571 2.9781257450785427743 2.8574080892005326859 2.7335730432755980246 2.6010134356380656406 2.4723007027291465931 2.3467936869659125065 2.3031683023002251787 2.2934311455655316259 2.2881122420066688505 2.2672518081401529244 2.3269112864294942966 2.3440822032230981264 2.3877552579428855672 2.4188608287565003252 2.4284003812583137005 2.4743641889453735772 2.4671538076258539007 2.4929523563609330417 2.5064987876351807472 2.4681959528113313063 2.5242084752219913213 2.4741211043001913872 2.4967612497179523245 2.5056049329975680351 2.4421403586377814499 2.4209296411215057709 2.3929728213959560179 2.3669399205038437195 2.3741004879085436663 2.4582815287458581466 2.5060456804767512473 2.5273502580122504391 2.5853998467195844491 2.5709735735932102152 2.5048767217933409768 2.5188611759671020174 2.5225980730031536403
3.1777319428238790522 3.1459785709608727444 3.1237791597035617919 3.0411336332493110746 2.9294759645342920429 2.8147048876659281902 2.6925758185401780231 2.5707981745962640296 2.4500676947337325373 2.3381934209683703507 2.3290367980418933413 2.346141446172549383 2.2967133139309523493 2.3377167036180090953 2.2929697702698996764 2.3527799832418208048 2.3635753531597738508 2.3995881525501698839 2.4650678623775115206 2.4511147296026809528 2.5020835855370959777 2.5189148637149005872 2.489654409601785634 2.5310652241547519914 2.496767695121391295 2.5332097279526322176 2.5340868733656707334 2.5160671802611505044 2.5222668992716883452 2.5470467159327179196 2.4683077320373540964 2.4843722693144014713 2.4779431009467249858 2.4687880857027804105 2.4859187284642230154 2.5814201791986643997 2.5825861684235573712 2.565539543254506949 2.5920099716019548985 2.580968761611587059 2.5524011421690433465 2.5274278182073448562
3.1125902290780609327 3.0426571844723904192 2.9702303690852005502 2.8635361603556863663 2.7349941767369250201 2.6164970979549915242 2.5041182351164792408 2.3984998449504169038 2.4328798315808226604 2.3961121500345163859 2.4455758846351036695 2.4148759689874244039 2.3940373832669057386 2.3957560861932978291 2.3449121539982891171 2.3846693507818099711 2.3980513337675097851 2.4022665599949220017 2.4620651430359137279 2.4557468830475581711 2.5030697985918251014 2.5461771637893022557 2.50984113270923892 2.5936783622596779608 2.5750663204787054283 2.5822420885753647468 2.6061731232714464568 2.6026085202889435166 2.5635229188593293692 2.6181947038668180738 2.60164627449576491 2.5517253769307450817 2.5973465114441616208 2.631230888778437027 2.6356177230415620549 2.6949330828277524574 2.7782920941785014257 2.8149102418416092064 2.7531093390019800715 2.7686791560094823339 2.7833710091726655556 2.7565930751651861463
2.827047865788616221 2.7613211257447005664 2.6787944905547504959 2.5638240372628997576 2.447031409900116472 2.3567487618875646582 2.2791583046814527513 2.3530133683032135039 2.3785548824846896032 2.4372401443841016366 2.4657284751093810904 2.4598321757919356934 2.469160926192238481 2.4396780340845212187 2.4323571226283080549 2.4418638400975281044 2.4015802682094520293 2.4701106437024349383 2.4562220463125847836 2.4881126845114773793 2.5202673143357481322 2.5364779757542823546 2.5273362385073236958 2.5974848529469003466 2.5750175990200707687 2.5863950621446503142 2.6236014489052759124 2.6050557871888022632 2.5787017145419310893 2.6373279017779083233 2.6469955792624610957 2.6101884626325029259 2.6230599004552153097 2.6815951569591458536 2.6969266504254520989 2.6946389912588317728 2.7916143353146805062 2.8473806841424509351 2.8351443986315567614 2.788689410403518032 2.8169605317655959098 2.8226739770346789271
2.6543290517347672974 2.535565358669769509 2.4213016750896199092 2.3145599854546592411 2.2208167795360855834 2.2058341738902504936 2.2343941998999530263 2.2516704712612796158 2.3276220626937904612 2.3388288888055850379 2.4090015008383578454 2.432683886591608946 2.395424356991561865 2.4579132933995979649 2.4576746798319120124 2.4378284751740997294 2.4799770561741403263 2.4519173217832777034 2.4749340562368242757 2.5279080518145971013 2.5204195146402463834 2.5330224943430099671 2.5618320417806725864 2.5729701649245999562 2.5398673171589982722 2.5831027218344613239 2.5946242297301491675 2.543716586608438579 2.5934364155975941912 2.6275117940166508035 2.6163411235464089089 2.6003150061468356391 2.6590346141106846467 2.7117817208359866754 2.7252860598006050097 2.741023330432276417 2.8641192818894416483 2.9356650651555615816 2.9649683282654804017 2.9272839922863216344 2.9622220489446120517 2.9599957603408695306
2.2715840622441687557 2.209095263001054299 2.2055626993353287801 2.1856351132155742434 2.2177763565663370926 2.2126181176729455835 2.2431100544011530751 2.302509683679320851 2.2939943825022806045 2.4080378973679703591 2.4154692139462401457 2.4640501042167302082 2.4809606433856639107 2.4660921981268244529 2.5164072483844033279 2.5270714224124657399 2.5090364202237815938 2.5540156012294210619 2.5505010192305204164 2.5194689308503832592 2.5660800356915007825 2.5435669738656150329 2.5110201259138724694 2.5228261733159942359 2.5036431971784987027 2.450629019029011868 2.4414669378437308112 2.4536401519284791739 2.483347426661577817 2.4877908290730585961 2.4771663623224133843 2.5530191624123190763 2.6183564056057457847 2.5999531764099073072 2.6385237717683240888 2.758939470143091377 2.817117286762204742 2.8735856700482012016 2.9017178210589853471 2.9729272506243056284 2.9903491933353487653 2.9574137918662510849
2.1147618644792518516 2.0821186582482140714 2.0869470717866640541 2.1011650665950893924 2.1224448847185835021 2.0927590347669808857 2.1221698900383501041 2.1223824137686975178 2.1400243650362651415 2.1789573223924523226 2.2158123291966038693 2.2378578472630725749 2.321245515932218062 2.3539885678933858415 2.3613612965355610385 2.4489860131926546316 2.4768730707752273368 2.4862506063449281157 2.5284281894815441305 2.5280265505223531441 2.4948082077307400795 2.5374324318794414523 2.5461205883562421093 2.4948789344139812307 2.4775290007401404857 2.4547742541203660949 2.449114408097641693 2.3923574415622050893 2.3819664890211349473 2.4250278767991089168 2.4732969974648137956 2.4637948793974651096 2.4870482063859822297 2.5879429255170611768 2.6470403842972016761 2.7539198409398375489 2.7801705363047770625 2.8520863040280914902 2.9697780251767773585 2.9935185226514282597 2.9687398314660842225 2.9061195076305601503
2.1084897064243337539 2.1503375981627361746 2.1240573028925786581 2.1438197476658982232 2.1795034721750199402 2.2020223306312520783 2.1832886510165083749 2.2382970332978993078 2.2589322612598441431 2.2850195807425524031 2.3417166185234421505 2.3501889071918964369 2.4002926381361979757 2.4307311203710311176 2.4318588564741130398 2.49005697554270089 2.538145595827004275 2.5238952916027530549 2.5606084839813938459 2.552829640806161926 2.507258687739048586 2.504908706481194347 2.5042574688243472991 2.4922756939408827748 2.4442516255315807072 2.3674505054989718467 2.3803596591341285027 2.3718885130959970198 2.3713400253429721687 2.3220848310802768566 2.3642002567759061726 2.4186182424880824371 2.4762204602743227433 2.5305170565357322232 2.5610546066140260635 2.6594073795418533557 2.7796420370106864617 2.8543725808874569339 2.9089977714587251789 2.9387686252070408521 2.9593094892443101429 2.9542414816089284102
