benchmarks/avaInclinedPlaneentresTest/release1IP_entres_ref_0.15500_pfd.asc
ncols         1000
nrows         400
xllcenter     1000
yllcenter     -5000
cellsize      5
NODATA_value  -9999
[rows 180 to 209 of 400, columns 272 to 339 of 1000]
1.262 1.24986 1.24735 1.25858 1.24212 1.25131 1.27702 1.27622 1.29642 1.30263 1.31444 1.34614 1.36218 1.39602 1.4067 1.42911 1.45088 1.44401 1.42985 1.43506 1.42036 1.39591 1.40955 1.39089 1.40116 1.42667 1.40852 1.43095 1.45044 1.45488 1.46803 1.48544 1.48319 1.46721 1.45141 1.43352 1.42481 1.42688 1.41282 1.41405 1.39769 1.38644 1.38864 1.38253 1.3735 1.36362 1.37582 1.40151 1.40129 1.40706 1.43376 1.44732 1.47367 1.49449 1.53462 1.54562 1.5707 1.57834 1.59001 1.58924 1.61018 1.64141 1.68887 1.73445 1.79878 1.8165 1.88087 1.92463
1.26474 1.2697 1.27534 1.26881 1.26244 1.28618 1.33401 1.34587 1.32949 1.34184 1.35555 1.35211 1.32268 1.29816 1.30299 1.31877 1.313 1.31303 1.32681 1.33171 1.30687 1.3146 1.31354 1.32203 1.32088 1.3662 1.37149 1.37124 1.39872 1.3745 1.39787 1.3894 1.3978 1.39814 1.35979 1.37126 1.34276 1.35111 1.32892 1.34072 1.34531 1.36411 1.36653 1.38784 1.42516 1.44876 1.4789 1.50952 1.55749 1.59425 1.60511 1.64466 1.65987 1.69633 1.71188 1.74994 1.77284 1.79416 1.79082 1.85173 1.86889 1.9114 1.94312 1.99154 2.01937 2.04556 2.09597 2.13638
1.27506 1.26024 1.25458 1.26155 1.26346 1.26131 1.24521 1.23567 1.22216 1.22221 1.24047 1.24921 1.25968 1.25691 1.28801 1.29192 1.2878 1.28113 1.26774 1.27303 1.31402 1.33416 1.31434 1.30911 1.31981 1.29767 1.28499 1.27575 1.32125 1.3448 1.38372 1.43042 1.42582 1.43436 1.45584 1.48241 1.50851 1.51481 1.50945 1.50368 1.49627 1.50681 1.53197 1.54497 1.56227 1.59032 1.60607 1.64774 1.67278 1.73171 1.75268 1.78835 1.80872 1.85174 1.87278 1.92552 1.9522 1.98797 1.99692 2.00566 2.05223 2.04174 2.07693 2.10694 2.15107 2.20191 2.22088 2.31002
1.21275 1.23091 1.23014 1.23979 1.27271 1.2947 1.28611 1.25267 1.2739 1.25986 1.26751 1.30152 1.34876 1.38978 1.39646 1.39955 1.41221 1.43956 1.42987 1.42914 1.42944 1.43775 1.44276 1.45338 1.47651 1.47542 1.46256 1.47762 1.49919 1.49897 1.51766 1.5233 1.53714 1.55647 1.59136 1.60386 1.60686 1.61182 1.60066 1.59829 1.62273 1.65212 1.66342 1.66518 1.68837 1.68703 1.72833 1.7391 1.76947 1.79397 1.84935 1.87501 1.91683 1.94053 1.98068 1.99059 2.02435 2.02355 2.05533 2.03377 2.07507 2.06635 2.09004 2.10398 2.16083 2.18566 2.21178 2.27896
1.33737 1.33375 1.32817 1.34312 1.38614 1.38449 1.38326 1.38623 1.40204 1.39855 1.38593 1.40178 1.41642 1.44164 1.46954 1.50457 1.50633 1.50636 1.49516 1.45037 1.43638 1.43732 1.44002 1.44889 1.45575 1.47198 1.49201 1.50522 1.52014 1.55041 1.56561 1.58593 1.58596 1.58754 1.60332 1.60522 1.60716 1.61451 1.60978 1.61872 1.63624 1.65021 1.66485 1.71717 1.73542 1.76063 1.78547 1.83077 1.85963 1.87681 1.90661 1.90235 1.93682 1.93947 1.98782 1.97301 2.0268 2.01486 2.06649 2.04951 2.07208 2.07924 2.12532 2.14867 2.18429 2.24796 2.24473 2.36226
1.4868 1.47451 1.46564 1.43849 1.44889 1.43359 1.46846 1.48891 1.51835 1.55662 1.56813 1.60167 1.62803 1.6195 1.61103 1.62741 1.6445 1.64138 1.62073 1.59819 1.59341 1.58444 1.56731 1.58482 1.61778 1.64525 1.64978 1.63311 1.62379 1.65747 1.67511 1.68851 1.69982 1.69507 1.68682 1.66973 1.65822 1.64701 1.65281 1.65369 1.65752 1.69316 1.71393 1.75304 1.78699 1.7959 1.83659 1.87009 1.92 1.95043 1.95912 1.99017 1.99045 2.02455 2.00405 2.04032 2.05702 2.09294 2.089 2.1252 2.11423 2.18668 2.16644 2.21822 2.24554 2.29036 2.3258 2.38414
1.58671 1.59768 1.60286 1.62126 1.62959 1.63578 1.66819 1.68481 1.68538 1.66223 1.63124 1.62517 1.60574 1.58445 1.59875 1.6084 1.61942 1.62105 1.60799 1.60109 1.60503 1.60457 1.60621 1.62518 1.65166 1.66337 1.67671 1.68772 1.72619 1.72361 1.72631 1.74507 1.77976 1.78992 1.80117 1.8045 1.81784 1.81874 1.82491 1.82688 1.82922 1.83812 1.86639 1.87674 1.87689 1.88863 1.90584 1.88987 1.93108 1.96986 1.98579 2.0037 1.98673 2.03345 1.99904 2.06157 2.06021 2.11012 2.09546 2.14876 2.13979 2.1847 2.18336 2.22984 2.23235 2.24776 2.30058 2.29607
1.62809 1.6266 1.63372 1.64228 1.65805 1.67042 1.68695 1.67743 1.67021 1.67428 1.67432 1.68273 1.67466 1.67129 1.6817 1.70727 1.703 1.6866 1.68073 1.68718 1.69654 1.68741 1.67615 1.69097 1.714 1.74554 1.75612 1.76647 1.77711 1.78085 1.80351 1.8255 1.81139 1.81321 1.81517 1.81313 1.78349 1.75651 1.75584 1.7761 1.79374 1.80581 1.80712 1.80843 1.8482 1.87251 1.87045 1.91558 1.96826 2.02951 2.04582 2.05442 2.0705 2.07512 2.12813 2.10315 2.15606 2.16731 2.21522 2.22362 2.25375 2.25325 2.28397 2.28378 2.29117 2.2803 2.32442 2.35082
1.78326 1.79275 1.80239 1.80121 1.80568 1.79492 1.78659 1.7915 1.78184 1.7712 1.7563 1.73778 1.71358 1.72903 1.7469 1.76848 1.80019 1.79655 1.7904 1.76773 1.74169 1.72238 1.72675 1.72022 1.73912 1.78154 1.82107 1.84662 1.85584 1.86567 1.86468 1.85252 1.84737 1.83419 1.8257 1.8311 1.82621 1.80482 1.80344 1.81219 1.81923 1.82272 1.8606 1.88866 1.9026 1.94092 1.99492 2.00942 2.03693 2.08065 2.07668 2.05608 2.09016 2.06761 2.10721 2.0871 2.14126 2.14275 2.18373 2.18378 2.19063 2.21474 2.21902 2.19263 2.21879 2.19993 2.24703 2.27312
1.86747 1.88451 1.90502 1.91365 1.92632 1.89173 1.8624 1.85653 1.87447 1.86331 1.84311 1.84821 1.86463 1.87764 1.87874 1.88552 1.87529 1.86373 1.84848 1.8377 1.82242 1.82556 1.8213 1.83199 1.84118 1.85356 1.85866 1.86016 1.86747 1.87259 1.8576 1.84552 1.84956 1.84798 1.82377 1.81879 1.81348 1.7951 1.78386 1.77832 1.78252 1.78282 1.80899 1.8415 1.86138 1.86471 1.91923 1.94385 1.95837 1.99503 2.00173 1.97814 2.0253 2.03588 2.07475 2.06547 2.14693 2.16636 2.19453 2.25032 2.24899 2.27197 2.2619 2.26929 2.22924 2.26737 2.25947 2.29071
1.88492 1.83895 1.86098 1.87014 1.87328 1.88727 1.88618 1.90624 1.92487 1.90146 1.85965 1.82507 1.82851 1.83228 1.83622 1.8214 1.80087 1.78139 1.76519 1.7616 1.75062 1.75736 1.76089 1.76525 1.78009 1.77883 1.77708 1.76621 1.76719 1.77828 1.78407 1.79124 1.79039 1.78798 1.79651 1.80493 1.7979 1.76452 1.76726 1.77151 1.7801 1.77826 1.78219 1.82098 1.8699 1.88899 1.87319 1.88637 1.89781 1.91782 1.93959 1.90181 1.90293 1.90369 1.87719 1.93067 1.96209 1.94097 2.00682 2.05654 2.07833 2.07687 2.16317 2.12714 2.12266 2.10771 2.15792 2.11615
1.98368 1.92764 1.92434 1.9143 1.88334 1.8881 1.93167 1.98355 1.95991 1.89814 1.87412 1.89096 1.87604 1.87497 1.88009 1.88329 1.87587 1.88 1.87523 1.88521 1.85761 1.83967 1.82176 1.82417 1.83732 1.84432 1.84782 1.84999 1.85702 1.86229 1.84133 1.8288 1.79507 1.78825 1.78017 1.77236 1.80003 1.78326 1.76235 1.74726 1.73274 1.74629 1.76511 1.78211 1.78806 1.80105 1.821 1.81165 1.84075 1.86068 1.80842 1.81067 1.81364 1.81345 1.8685 1.84765 1.86864 1.85483 1.93465 1.97156 1.96727 2.01601 2.03826 2.065 2.05117 2.05005 2.06841 2.03676
2.05166 2.03812 2.02418 2.03162 2.04379 2.02899 2.03019 2.03161 2.00783 2.03194 2.03375 2.0205 2.00812 1.99055 2.01589 1.99541 1.9725 1.95916 1.91812 1.92962 1.9483 1.94574 1.93517 1.95181 1.94265 1.96572 1.97506 1.99004 1.97852 1.96415 1.91465 1.90017 1.86712 1.86788 1.84832 1.84396 1.853 1.79147 1.75301 1.69054 1.69919 1.70973 1.71854 1.72389 1.73463 1.7567 1.75709 1.76136 1.77025 1.73944 1.69654 1.6912 1.67555 1.68249 1.70421 1.72035 1.75017 1.75219 1.75623 1.80754 1.84447 1.89842 1.89296 1.93511 1.95214 1.87906 1.85203 1.88878
2.08626 2.10888 2.13222 2.10425 2.09029 2.10736 2.14182 2.07841 2.06679 2.07054 2.03082 1.99843 2.00223 2.01937 2.03759 2.0017 2.0064 2.03536 2.04805 2.07052 2.05169 2.02009 2.04067 2.0339 2.03483 2.0244 2.02677 2.05325 2.06812 2.07434 2.08546 2.07564 2.03786 2.03229 2.00351 1.9732 1.91857 1.87092 1.84757 1.78358 1.73175 1.64802 1.61835 1.57376 1.5307 1.51971 1.5202 1.49559 1.49152 1.47569 1.47633 1.4894 1.51356 1.51526 1.51534 1.51467 1.53365 1.53608 1.55596 1.56137 1.55793 1.5784 1.62303 1.64076 1.7179 1.74792 1.74494 1.70277
2.06457 2.07758 2.08592 2.06317 2.04755 2.07048 2.07104 2.10807 2.12305 2.1404 2.13233 2.14462 2.14743 2.18088 2.15013 2.14028 2.14604 2.12422 2.09304 2.07528 2.05253 2.06436 2.09172 2.08727 2.08267 2.085 2.09341 2.12694 2.17801 2.17753 2.17843 2.13479 2.10544 2.09377 2.08834 2.04616 2.04621 2.00274 1.96313 1.93172 1.87737 1.83445 1.77314 1.69073 1.59582 1.56403 1.50148 1.45174 1.41431 1.39383 1.33498 1.33426 1.29877 1.26349 1.24847 1.242 1.22873 1.22605 1.24729 1.2607 1.35128 1.40988 1.45628 1.44933 1.42445 1.44271 1.42301 1.43257
2.0284 2.05543 2.05691 2.04096 2.03809 2.05042 2.01804 2.01198 2.0258 2.02953 2.03792 2.07881 2.1145 2.11329 2.0861 2.11593 2.13457 2.13947 2.11499 2.15933 2.16843 2.14168 2.15466 2.19029 2.18808 2.2071 2.21174 2.25763 2.24532 2.2707 2.26775 2.25631 2.20999 2.17861 2.11436 2.08971 2.08607 2.07449 2.03559 1.99374 1.95123 1.8774 1.83644 1.76158 1.68056 1.6178 1.56926 1.49477 1.48113 1.44732 1.3987 1.35992 1.33738 1.26447 1.19811 1.19215 1.15922 1.20339 1.22976 1.2428 1.25161 1.2817 1.30228 1.28763 1.29678 1.32915 1.33893 1.34138
1.95127 1.93826 1.95939 1.98427 1.99404 1.98206 2.02106 2.05632 2.07408 2.04476 2.01735 2.05496 2.08349 2.05649 2.05483 2.09378 2.10653 2.103 2.15859 2.18416 2.20385 2.17313 2.16633 2.17886 2.21621 2.2014 2.24461 2.25309 2.29377 2.28603 2.32437 2.28433 2.28501 2.22196 2.19485 2.16289 2.1496 2.11544 2.10929 2.0758 2.03339 1.9616 1.87923 1.82505 1.75069 1.69758 1.64385 1.58268 1.51594 1.46284 1.42879 1.38786 1.33995 1.35659 1.35465 1.37719 1.40664 1.41334 1.40778 1.38858 1.39593 1.39506 1.40358 1.41568 1.43532 1.43777 1.44157 1.45888
2.01255 2.03431 2.07043 2.04941 2.05535 2.08007 2.10296 2.10475 2.08065 2.05907 2.05117 2.06656 2.08251 2.12132 2.11026 2.13395 2.13828 2.14821 2.14725 2.16955 2.17497 2.1602 2.18338 2.20264 2.24005 2.22589 2.24752 2.2608 2.30283 2.31937 2.33566 2.33599 2.33386 2.32283 2.2851 2.24477 2.23064 2.19989 2.18605 2.12259 2.10113 2.02074 1.96438 1.88408 1.84417 1.76829 1.71399 1.67591 1.62245 1.60278 1.53682 1.50354 1.49907 1.46863 1.51969 1.51883 1.53113 1.53908 1.54657 1.5566 1.5901 1.60545 1.59611 1.64283 1.63263 1.70041 1.66868 1.70266
2.13884 2.12383 2.09704 2.08038 2.08573 2.11548 2.09609 2.11086 2.1314 2.14342 2.17752 2.16857 2.16565 2.15811 2.1741 2.17211 2.17907 2.20273 2.21335 2.24864 2.21565 2.20515 2.20403 2.2214 2.27294 2.27228 2.3243 2.33413 2.39417 2.423 2.45599 2.45116 2.41183 2.42565 2.38154 2.35643 2.34394 2.30695 2.27623 2.24764 2.20036 2.10215 2.05958 1.96029 1.88883 1.83678 1.76198 1.70909 1.67878 1.60687 1.65847 1.65249 1.69885 1.72744 1.72243 1.74888 1.69564 1.74649 1.73669 1.74883 1.81173 1.82011 1.85607 1.89483 1.88026 1.8695 1.88602 1.90175
2.23059 2.2051 2.20487 2.19127 2.22153 2.21865 2.23803 2.23287 2.21401 2.227 2.22912 2.22937 2.22974 2.2247 2.25042 2.24352 2.2271 2.22231 2.20877 2.22419 2.23121 2.24526 2.26824 2.26236 2.27285 2.27949 2.32977 2.34292 2.36268 2.39112 2.39504 2.42013 2.39296 2.39305 2.36589 2.32507 2.31226 2.30349 2.29438 2.27917 2.26298 2.22437 2.1636 2.10024 2.06105 1.95512 1.88471 1.84459 1.78704 1.76991 1.81153 1.7981 1.85307 1.84634 1.83938 1.89958 1.88273 1.91244 1.94107 1.95847 2.00256 1.98992 2.02983 2.01602 2.04288 2.05669 2.06025 2.04544
2.27556 2.2719 2.25989 2.26454 2.27165 2.28851 2.25859 2.29331 2.28447 2.26775 2.27017 2.26509 2.28935 2.31209 2.28196 2.29555 2.28983 2.3161 2.33577 2.32063 2.33244 2.32252 2.32371 2.34567 2.33274 2.32878 2.33075 2.32628 2.36094 2.36213 2.39846 2.41071 2.4345 2.42893 2.38533 2.38028 2.34214 2.31558 2.28217 2.27954 2.27237 2.22252 2.20508 2.10073 2.07363 1.98673 1.91735 1.90131 1.90329 1.90566 1.93151 1.91304 1.94046 1.98008 1.95404 2.00918 2.01354 2.02761 2.05766 2.08473 2.09472 2.07115 2.10543 2.1194 2.13281 2.14561 2.19223 2.19212
2.43318 2.38178 2.38732 2.38188 2.35151 2.36856 2.34339 2.33965 2.3636 2.33692 2.34745 2.31546 2.31614 2.31358 2.32489 2.30226 2.321 2.31865 2.3054 2.31177 2.32768 2.31735 2.31948 2.29974 2.33528 2.33642 2.32871 2.35341 2.35231 2.35011 2.3735 2.36508 2.40992 2.39588 2.40459 2.3937 2.38269 2.36309 2.33831 2.31794 2.34323 2.31871 2.31768 2.26051 2.19574 2.13629 2.04915 1.94922 1.95312 1.95714 1.99311 1.97913 2.01615 2.02088 2.02385 2.08457 2.10419 2.11291 2.14221 2.15364 2.13503 2.15973 2.20174 2.19015 2.22054 2.2394 2.24152 2.24031
2.4766 2.41871 2.43843 2.43233 2.42247 2.4214 2.39825 2.38431 2.37805 2.36552 2.37464 2.35687 2.34699 2.34146 2.34268 2.34611 2.31726 2.3276 2.30944 2.33058 2.3217 2.32736 2.3454 2.31204 2.32531 2.31539 2.29846 2.3176 2.31272 2.33525 2.34799 2.32692 2.37573 2.36272 2.35818 2.34391 2.3063 2.27514 2.21454 2.23082 2.2341 2.23906 2.21926 2.19682 2.14844 2.08053 2.0242 2.08042 2.06175 2.07876 2.10542 2.08339 2.11225 2.10322 2.10419 2.11019 2.12786 2.14445 2.18023 2.20355 2.19645 2.23992 2.28062 2.26584 2.28553 2.30371 2.31067 2.33034
2.53264 2.51684 2.52675 2.48854 2.51282 2.4866 2.49363 2.4635 2.451 2.44347 2.41123 2.4217 2.39719 2.3643 2.37014 2.34373 2.33182 2.35226 2.3257 2.3213 2.31118 2.28393 2.31041 2.29803 2.26987 2.29935 2.30467 2.27506 2.26582 2.22632 2.22537 2.24359 2.23865 2.27954 2.28512 2.33376 2.3219 2.26489 2.20591 2.1912 2.14294 2.16278 2.17205 2.14289 2.10647 2.07017 2.09189 2.0911 2.09043 2.09259 2.11787 2.11664 2.12235 2.14067 2.13403 2.16147 2.16926 2.17317 2.18159 2.20238 2.2131 2.2245 2.23089 2.23871 2.25386 2.28472 2.29718 2.31637
2.48609 2.52924 2.47986 2.51174 2.47024 2.47162 2.48115 2.45435 2.46483 2.44913 2.43877 2.46105 2.42335 2.43238 2.43934 2.38936 2.42152 2.39767 2.3751 2.39143 2.33304 2.36484 2.32595 2.31942 2.31151 2.27342 2.28585 2.2676 2.25247 2.25665 2.22417 2.25307 2.24528 2.21353 2.23978 2.21987 2.2022 2.17005 2.14589 2.11022 2.09052 2.0805 2.08343 2.05313 2.04253 2.04081 2.0574 2.05347 2.084 2.09397 2.1189 2.12039 2.13041 2.16453 2.1449 2.15129 2.19297 2.18377 2.1895 2.22186 2.23571 2.24685 2.26729 2.27115 2.30032 2.33303 2.34839 2.354
2.58681 2.62054 2.57494 2.60715 2.58367 2.58537 2.57714 2.53458 2.54711 2.53501 2.50903 2.52893 2.46229 2.4838 2.46939 2.43108 2.44846 2.40738 2.41193 2.40103 2.36884 2.37129 2.33419 2.35201 2.3196 2.29184 2.31554 2.27219 2.29583 2.27052 2.25126 2.2659 2.22566 2.24292 2.23432 2.22714 2.2044 2.17414 2.14161 2.10478 2.10355 2.09443 2.08055 2.08812 2.06073 2.0686 2.10031 2.08935 2.11634 2.12455 2.12371 2.12774 2.15246 2.15608 2.17842 2.18459 2.20613 2.2212 2.23174 2.23641 2.2619 2.28914 2.30432 2.30527 2.32092 2.35822 2.35152 2.36623
2.65014 2.59427 2.62932 2.59567 2.57425 2.57335 2.51909 2.54378 2.52034 2.49423 2.50314 2.47368 2.46963 2.46809 2.43598 2.44861 2.42677 2.42224 2.42621 2.38746 2.39384 2.39481 2.35223 2.37431 2.36339 2.35646 2.36541 2.3471 2.36168 2.33902 2.33616 2.34834 2.30359 2.28733 2.28219 2.23416 2.24202 2.18713 2.14932 2.11727 2.11569 2.07714 2.08417 2.06932 2.05228 2.07463 2.08126 2.08337 2.09251 2.11028 2.10658 2.13464 2.15789 2.14538 2.15028 2.16845 2.17258 2.18226 2.1979 2.20651 2.21945 2.24033 2.23035 2.23145 2.26084 2.27875 2.26755 2.28825
2.6427 2.64295 2.59517 2.59941 2.56645 2.53664 2.53834 2.51304 2.51674 2.50584 2.47523 2.48314 2.46981 2.43498 2.44891 2.42465 2.42695 2.41005 2.39696 2.37439 2.3928 2.35389 2.3739 2.34563 2.32911 2.33941 2.29204 2.3053 2.27079 2.25222 2.26332 2.2254 2.23893 2.18778 2.20363 2.16816 2.18 2.13529 2.10895 2.0778 2.09621 2.07026 2.06463 2.04911 2.05953 2.06752 2.07352 2.08458 2.09386 2.0952 2.09037 2.08997 2.095 2.10392 2.10197 2.1103 2.12128 2.1188 2.13699 2.14543 2.16864 2.17899 2.19348 2.19702 2.20995 2.23382 2.2298 2.23423
2.63494 2.62271 2.58209 2.61581 2.56845 2.58719 2.57221 2.55582 2.56602 2.57167 2.51955 2.55859 2.52457 2.50478 2.49375 2.47151 2.46081 2.46007 2.42161 2.44049 2.42158 2.40542 2.41401 2.389 2.3848 2.39176 2.3535 2.38898 2.33486 2.36668 2.32751 2.31636 2.30619 2.2954 2.26784 2.27124 2.25294 2.19198 2.17137 2.11588 2.09536 2.09628 2.06334 2.06206 2.05252 2.06668 2.07033 2.07018 2.08475 2.12028 2.13121 2.12686 2.13284 2.13121 2.1427 2.14131 2.15064 2.12929 2.13686 2.14361 2.14824 2.14199 2.16141 2.16292 2.16671 2.18375 2.20001 2.20436
2.63419 2.66247 2.62898 2.60805 2.5983 2.57211 2.55803 2.54907 2.54704 2.48721 2.5369 2.45503 2.48923 2.44346 2.42277 2.42262 2.40031 2.37906 2.3754 2.3613 2.35915 2.35948 2.33662 2.35283 2.3482 2.33338 2.35114 2.35367 2.33862 2.34718 2.31198 2.32713 2.32329 2.29051 2.31574 2.30518 2.26627 2.2652 2.21894 2.18253 2.14969 2.15329 2.12967 2.12674 2.12662 2.11306 2.11745 2.07913 2.05344 2.066 2.04106 2.01637 2.01904 2.01864 2.03112 2.03546 2.06045 2.06425 2.07663 2.06632 2.06772 2.06298 2.08837 2.07224 2.04919 2.02736 1.9993 1.97624
