benchmarks/avaInclinedPlaneEntresTest/release1IP_entres_ref_0.15500_ppr.asc
ncols         1000
nrows         400
xllcenter     1000
yllcenter     -5000
cellsize      5
NODATA_value  -9999
[rows 155 to 185 of 400, columns 630 to 699 of 1000]
0 0 0 0 0 0 0 0 0 0 0 0 0 0 0 0 0 0 0 0 0 0 0 0 0 0 0 0 0 0 0 0 0 0 0 0 0 0 0 0 0 0 0 0 0 0 0 0 0 0 0 0 0 0 0 0 0 0 0 0 0 0 0 0 0 0 0 0 0 0
0 0 0 0 0 0 0 0 0 0 0 0 0 0 0 0 0 0 0 0 0 0 0 0 0 0 0 0 0 0 0 0 0 0 0 0 0 0 0 0 0 0 0 0 0 0 0 0 0 0 0 0 0 0 0 0 0 0 0 0 0 0 0 0 0 0 0 0 0 0
0 0 0 0 0 0 0 0 0 0 0 0 0 0 0 0 0 0 0 0 0 0 0 0 0 0 0 0 0 0 0 0 0 0 0 0 0 0 0 0 0 0 0 0 0 0 0 0 0 0 0 0 0 0 0 0 0 0 0 0 0 0 0 0 0 0 0 0 0 0
0 0 0 0 0 0 0 0 0 0 0 0 0 0 0 0 0 0 0 0 0 0 0 0 0 0 0 0 0 0 0 0 0 0 0 0 0 0 0 0 0 0 0 0 0 0 0 0 0 0 0 0 0 0 0 0 0 0 0 0 0 0 0 0 0 0 0 0 0 0
0 0 0 0 0 0 0 0 0 0 0 0 0 0 0 0 0 0 0 0 0 0 0 0 0 0 0 0 0 0 0 0 0 0 0 0 0 0 0 0 0 0 0 0 0 0 0 0 0 0 0 0 0 0 0 0 0 0 0 0 0 0 0 0 0 0 0 0 0 0
0 0 0 0 0 0 0 0 0 0 0 0 0 0 0 0 0 0 0 0 0 0 0 0 0 0 0 0 0 0 0 0 0 0 0 0 0 0 0 0 0 0 0 0 0 0 0 0 0 0 0 0 0 0 0 0 0 0 0 0 0 0 0 0 0 0 0 0 0 0
0 0 0 0 0 0 0 0 0 0 0 0 0 0 0 0 0 0 0 0 0 0 0 0 0 0 0 0 0 0 0 0 0 0 0 0 0 0 0 0 0 0 0 0 0 0 0 0 0 0 0 0 0 0 0 0 0 0 0 0 0 0 0 0 0 0 0 0 0 0
0 0 0 0 0 0 0 0 0 0 0 0 0 0 0 0 0 0 0 0 0 0 0 0 0 0 0 0 0 0 0 0 0 0 0 0 0 0 0 0 0 0 0 0 0 0 0 0 0 0 0 0 0 0 0 0 0 0 0 0 0 0 0 0 0 0 0 0 0 0
8.11858 8.00734 7.87769 7.73146 7.58361 7.45489 0 0 0 0 0 0 0 0 0 0 10.0755 10.3559 10.3559 10.1918 9.97388 9.68111 9.33785 8.9526 8.6035 8.30733 0 0 0 0 0 0 0 0 0 0 0 0 0 0 0 0 0 0 0 0 0 0 0 0 0 0 0 0 0 0 0 0 0 0 0 0 0 0 0 0 0 0 0 0
13.7759 13.7173 13.2748 13.1945 12.9129 12.5499 12.1101 11.5479 11.1265 10.9528 10.7961 10.9109 10.5587 9.91308 9.83759 9.90813 10.1675 10.2738 10.2641 10.0887 9.86138 9.81996 9.8185 9.8172 9.81604 9.81502 9.81411 9.82283 9.84515 9.84872 9.84872 9.84616 9.84206 9.83793 9.83421 9.83098 9.82817 0 0 0 0 0 0 0 0 0 0 0 0 0 0 0 0 0 0 0 0 0 0 0 0 0 0 0 0 0 0 0 0 0
13.7205 13.5415 13.2304 12.9215 12.6327 12.2702 11.6234 11.2737 16.0533 16.4883 16.4883 15.9366 15.6586 15.5754 15.3216 15.0605 15.0324 15.0702 14.6723 13.915 13.0017 12.0785 11.2271 10.5982 12.1939 12.4364 12.4364 12.3801 12.0607 11.5171 10.2609 10.3327 10.3614 10.3908 10.3908 10.3777 10.3316 10.3012 10.2502 10.1688 10.0942 10.0345 9.92746 9.80876 9.68774 9.55231 9.40807 9.37408 9.37235 9.43137 9.3588 7.4794 0 0 0 0 0 0 0 0 0 0 0 0 0 0 0 0 0 0
13.1659 13.4616 13.7512 13.5628 13.277 13.3049 14.2997 15.1536 16.0533 16.3261 15.9626 15.6332 15.5078 15.5371 15.5426 15.6866 15.4683 15.0702 14.6723 13.915 13.0017 12.0785 11.3616 11.605 12.0497 12.2733 12.1548 11.8813 11.4125 11.0615 10.3803 10.2916 10.4863 10.6993 11.2186 10.1988 12.5885 13.4771 13.4771 13.4159 19.378 19.9082 19.74 19.9158 20.0065 19.927 19.7617 19.6173 18.8091 17.5814 16.1042 14.6672 13.4764 12.9581 13.2462 13.4239 13.6095 13.627 13.627 11.4466 11.7 11.7614 11.7614 11.9766 12.6143 12.88 13.4297 13.4564 12.5518 12.382
14.0917 13.8804 13.75 13.4023 13.9971 14.681 14.681 14.6386 14.1742 13.3638 12.3857 13.1052 13.1052 13.013 16.1726 16.705 16.7766 16.5394 15.9008 15.0718 13.7591 13.7458 13.6736 13.5968 13.9041 13.8087 13.8694 13.5646 13.465 14.0938 15.4112 16.2161 16.6588 17.1091 17.3573 17.515 17.4738 17.4957 17.9465 18.4227 18.9399 19.3453 19.8227 19.9596 19.6867 19.6229 19.7617 19.6173 18.8091 17.5814 16.1027 14.6634 14.3835 13.7672 13.3614 15.8056 15.8056 15.1934 14.2536 13.2562 12.8984 13.3206 13.9266 14.0498 14.4084 14.6791 14.8532 14.9199 14.8916 14.645
16.0735 15.8616 15.7978 15.8528 15.9425 17.6179 17.8548 17.536 17.0649 17.857 17.857 17.7015 17.1198 16.5669 15.9556 15.2426 14.3643 13.7083 14.2134 14.71 15.1323 15.4061 15.495 15.4772 15.4476 15.4941 14.3563 14.4087 14.6103 14.9626 15.2784 15.8326 16.4695 16.9108 17.2601 17.4709 17.7207 18.0102 18.3858 18.8003 19.127 19.5406 19.8018 20.0274 20.4227 20.8641 20.0582 17.233 15.2731 14.8937 15.0252 16.3087 15.373 15.6389 15.884 15.8938 16.2483 16.8103 17.4807 17.9437 18.2626 18.6106 19.0491 18.6005 17.7898 17.4764 17.4122 17.464 17.7613 17.7875
18.7066 18.7486 18.9862 19.2945 19.4816 19.5481 19.2643 18.7701 18.4395 17.321 17.176 16.7613 16.8077 17.0373 17.0373 16.6449 15.859 14.9022 14.6236 14.71 15.1323 15.4061 15.4733 15.4401 15.2506 15.096 15.1118 15.3222 15.5437 15.6945 15.8035 15.9355 16.1868 16.4432 16.6379 16.8485 17.1904 17.3094 17.4372 17.5729 17.7816 18.395 19.0125 19.6708 20.4237 20.9696 21.0551 20.5038 19.341 18.4207 17.4361 16.3662 16.4622 16.613 16.7571 16.7743 16.8554 17.0807 17.4472 17.7581 18.0181 18.3185 18.3983 18.3431 17.9024 17.7591 17.7923 17.9262 18.0514 18.112
18.8261 18.799 18.5896 18.9066 19.912 20.4379 20.5906 20.3553 19.3718 17.6262 16.5565 16.3395 16.8441 17.1724 16.9851 17.1687 17.2762 17.0287 16.0406 16.1284 16.0042 16.0466 15.9874 16.9068 16.9963 16.9963 16.8562 16.4193 15.8141 15.7877 18.0085 19.2211 20.5277 19.0075 17.5585 17.3556 15.9863 15.1526 15.3369 15.5703 15.4236 15.1029 15.2377 15.2655 15.2655 15.1306 15.222 19.5664 18.2473 17.0766 15.8223 15.8388 16.0582 16.0942 16.3478 16.4416 16.6133 16.7646 16.8502 17.015 17.3125 17.5657 17.6879 17.5246 17.3819 17.3443 17.5039 17.6821 17.7497 17.6995
15.994 15.9251 16.0221 15.9888 15.7134 15.88 16.3723 16.9778 17.388 17.8209 17.9188 17.6043 17.6311 17.7245 17.8425 17.8224 17.7027 17.6261 17.3485 16.8232 16.9122 18.0989 17.8291 17.0468 17.6888 18.2981 18.9586 19.3365 19.5901 19.9783 20.4933 21.0564 21.1774 21.3211 21.1789 20.911 20.8107 18.7979 15.6746 15.5775 15.6756 16.8345 17.753 18.6296 19.6421 20.0208 20.2015 18.3116 18.8186 19.1088 19.2076 19.1764 18.8996 18.5085 18.0619 17.6364 17.6183 17.5426 16.2538 16.4929 16.444 16.6032 16.2339 16.5743 18.2543 18.2543 17.6916 16.9141 16.0935 15.9216
20.4093 20.1097 19.3504 18.5157 18.0732 17.9698 18.2437 18.9193 19.5537 20.0542 20.3495 20.5477 20.5274 20.401 20.1468 20.3154 20.6739 21.1564 21.7518 22.0387 21.9331 21.9956 22.0463 22.0622 22.0559 22.2119 22.259 22.322 22.2445 22.2339 22.3939 22.674 22.9465 23.1069 23.2693 23.1552 23.138 19.2255 16.3788 16.1986 16.9352 17.5594 18.287 19.3456 19.9387 20.362 20.6235 20.7451 20.9458 21.4504 21.5863 21.4423 21.1109 20.6156 20.0499 18.4679 17.4955 17.5321 17.7413 17.801 17.7379 17.6257 18.0871 17.9696 18.5658 18.4193 18.0875 17.6043 17.0914 16.5041
22.6934 22.266 21.5394 21.0356 20.7574 20.78 21.0763 21.4066 21.9178 22.4344 22.8085 23.0183 23.148 23.2929 23.1558 23.1803 23.281 23.7155 24.2578 24.1596 24.0671 24.2053 24.2266 24.3724 24.4388 24.5994 24.412 23.9192 23.4536 22.9153 22.6581 22.8611 23.2636 23.8063 24.1933 24.1426 23.8747 20.4117 17.7335 17.7267 17.6906 18.0311 19.2822 19.6632 20.1958 20.6576 21.0077 21.3486 21.6592 21.8617 21.9652 21.9894 22.1754 22.3189 21.9891 19.9319 19.1215 18.8989 18.9962 19.2646 19.5423 19.6204 19.6366 19.8786 20.0576 20.1009 19.9495 19.933 19.8892 19.487
23.9009 23.4751 23.0076 21.4179 21.1459 21.2359 21.5635 22.013 22.5847 22.9101 23.1942 23.532 23.8774 23.9572 23.6688 23.4865 23.4282 23.5575 23.8253 23.5778 23.5297 23.804 23.9983 24.191 24.4304 24.7101 24.6115 24.5971 23.4195 22.2154 21.4812 21.4286 21.8316 22.2146 22.4216 22.6278 22.8772 18.3724 18.3071 18.2975 18.2293 18.1766 18.1236 18.8336 19.3115 19.6407 19.9451 20.1701 20.4708 20.7004 20.9758 21.3018 21.5483 21.6883 21.8339 20.6584 19.9849 19.8207 19.8365 19.8817 19.9906 19.9468 19.9454 19.989 19.9946 20.0162 20.1096 20.1797 19.9123 19.5767
23.8932 24.3756 23.8278 21.1338 20.4494 20.7053 21.148 21.6051 21.7963 21.9563 22.2608 22.7643 23.1461 23.3734 23.283 22.5787 21.9235 21.5986 21.7139 21.7404 21.7518 21.9048 22.1568 22.7312 22.9396 22.8051 22.6394 22.3768 21.4177 20.083 19.0522 18.3935 18.2518 18.2096 18.3139 18.5504 17.3718 17.3949 17.5382 17.4613 17.3797 17.354 17.4466 17.6133 18.1482 18.428 18.4556 18.5729 18.5749 18.6866 19.0173 19.4183 19.5669 19.5733 19.4695 19.4719 19.4199 19.4447 19.5783 19.9865 19.1196 18.9064 18.8752 18.671 18.6172 18.3258 18.1436 18.108 18.0989 18.1334
20.7835 21.7264 20.9908 20.2295 20.2336 20.7136 21.4239 21.7786 22.1134 21.4789 20.5402 20.3943 20.7548 20.6165 20.337 19.7507 19.1659 18.859 19.1672 19.3463 25.4034 25.4034 23.7571 21.4162 21.3156 21.9062 21.7221 20.9507 19.7392 18.1991 17.4175 17.0133 16.8471 17.0805 17.2082 17.1359 17.061 16.7194 16.9045 17.0236 16.3007 16.3419 16.7632 17.3987 18.5869 18.5255 19.3916 19.3916 18.1039 16.7501 16.6068 17.1244 17.4522 17.5832 17.6244 17.68 17.8466 18.0493 17.76 17.6339 17.5675 17.4411 17.44 17.5271 17.4157 17.2119 17.2082 17.3738 19.1264 19.224
25.382 25.3879 25.5519 25.9137 25.9463 25.9821 26.0718 26.0183 26.0604 25.4744 24.7139 24.4106 24.8155 24.9888 25.3048 25.6575 26.7165 27.3108 31.2939 30.5547 29.6388 28.6483 31.4004 30.1233 27.9675 24.304 19.8033 17.8558 17.8461 19.5668 21.0565 21.7298 22.0692 22.1523 22.4882 22.951 22.6475 21.6908 20.6241 20.4706 20.2002 21.9732 23.9876 22.7891 22.0047 22.1204 24.7265 22.8791 22.5633 22.6477 22.0954 20.987 18.9897 19.1972 19.6025 19.3376 19.238 19.0677 19.9069 20.055 20.4251 20.2868 20.5611 20.8026 20.7427 20.5358 20.276 20.0398 20.2486 20.9024
30.6833 31.1496 31.6086 31.1644 30.2751 29.7914 29.607 29.4728 29.1981 29.2957 29.7621 29.9629 30.2564 30.7832 31.2666 31.6953 31.9381 32.0564 31.7478 31.5941 31.5111 31.3361 31.6064 31.637 31.2244 30.0259 28.7084 27.3838 26.2895 26.1731 26.6135 27.4383 27.2607 26.608 25.7904 25.3562 25.3367 25.5228 25.7419 26.3377 26.8608 27.2681 27.2453 26.5344 26.5394 27.7516 28.8854 28.8169 28.3608 27.4622 26.6583 25.9495 25.71 27.0923 27.6387 27.1717 27.0506 27.0101 26.7292 26.8049 26.8109 26.8794 27.3279 27.7066 28.3499 28.1952 28.8735 29.4544 29.9023 29.8625
32.2843 32.5181 32.6052 32.3692 31.9891 31.8966 32.054 32.1698 32.45 32.5673 32.8335 33.1367 33.5816 34.076 34.6045 34.8681 34.661 34.4725 34.1162 33.9085 34.0567 34.4039 34.7022 35.0089 34.8444 34.174 33.1254 32.4107 31.9306 32.0029 32.1448 32.3541 32.078 31.5466 31.419 31.2724 30.9965 30.975 31.0322 31.3803 31.7709 31.9348 32.0627 32.1707 32.3959 32.8773 33.0236 32.6163 32.1892 32.2549 32.2654 32.1749 32.5829 32.875 32.972 33.273 33.5362 33.5079 33.7451 33.9711 33.9309 33.8117 33.5865 33.622 33.6141 33.5804 33.5226 33.5855 33.6888 33.9372
31.6993 31.6882 31.7782 31.6917 31.792 32.2387 32.596 32.9746 33.4205 33.7255 33.8519 33.833 33.8075 34.0529 34.4355 34.6214 34.6984 34.6602 34.7199 34.8561 35.105 35.6011 36.124 36.7089 36.8535 36.3824 35.3883 34.6601 34.4201 34.4819 34.7385 34.837 34.7477 34.4107 34.1288 33.8738 33.8474 33.7872 33.8683 33.9283 34.1362 34.1243 34.2497 34.4294 34.5243 34.8488 35.0679 35.2416 35.3315 35.2694 35.2393 35.1928 35.392 35.6691 35.8526 35.8429 35.8236 35.8996 36.1943 36.6458 36.6336 36.4329 36.122 36.0004 36.1351 36.2148 36.2874 36.605 36.8941 37.0233
29.5773 29.8165 30.0005 30.0757 30.1489 30.5361 31.0279 31.4157 31.7762 31.8769 32.0996 32.2454 32.3451 32.4642 32.7245 32.724 32.9277 32.9271 32.7801 32.7982 33.0649 33.5324 33.8931 34.2624 34.5558 34.4049 33.8987 33.5873 33.6848 34.006 34.4395 34.5626 34.3576 34.4249 34.2216 34.0387 34.115 34.0305 33.9568 33.9435 33.7357 33.638 33.7104 33.8711 34.0639 34.3459 34.5917 34.6919 35.1319 35.6513 35.934 36.0704 36.0665 36.1445 36.1369 35.8804 35.6101 35.4669 35.4467 35.7556 35.8883 35.9236 35.788 35.8246 36.0746 36.5626 37.13 37.7156 38.0194 38.1844
37.4414 37.043 34.4695 30.8264 28.5583 28.947 29.2397 29.2083 29.1108 29.0563 28.9497 28.9685 29.0117 29.5357 28.6871 28.6468 29.0671 29.1298 28.8716 28.7312 28.8425 29.0187 28.7229 29.3365 29.4832 29.3609 29.1911 29.4347 30.0055 30.4779 30.7372 30.5697 30.3282 29.8406 29.7 30.0221 30.0474 29.9552 30.2793 30.0706 29.854 30.076 30.2998 30.4395 30.5301 31.1543 31.6563 32.1828 32.7641 33.5349 34.0735 34.4532 34.7212 35.0009 34.9532 34.1164 33.3169 32.8962 32.6445 32.6026 32.6074 32.6529 32.758 33.0632 33.3668 33.6866 34.1074 34.8304 35.1596 34.9368
39.9743 40.0422 38.6633 36.5849 34.8707 33.7061 33.2005 33.0784 33.6329 33.8791 33.75 33.349 33.0834 33.0051 32.183 31.4646 31.0232 31.0783 31.3766 31.1644 31.1813 31.1067 31.0556 30.9453 31.2306 31.9219 32.2697 31.4917 29.9465 28.8369 28.1543 27.7254 27.7712 28.3106 29.2082 29.7292 29.7082 29.04 28.2035 27.7485 27.8195 28.5398 29.4102 30.0253 30.0632 29.5702 28.3107 27.3463 27.3091 27.5038 28.3804 29.2656 29.7142 30.3533 30.1329 29.1217 28.4492 28.3242 28.2573 28.0237 27.8215 27.3821 27.3311 27.7352 28.4709 29.1981 29.4989 29.3044 29.2621 29.0783
41.4912 41.524 40.6889 39.1793 38.1355 37.6335 37.6729 38.1091 38.4934 39.1502 41.6584 40.4649 38.5589 37.2393 36.1642 35.5967 35.5453 36.0694 36.6726 36.5021 36.4316 36.6447 37.2405 37.2543 36.8999 36.5011 36.2105 35.5155 34.6997 34.0638 33.9618 33.7819 33.898 33.9524 34.4484 34.5409 34.4026 33.7959 33.4762 33.4187 33.5981 33.9933 34.222 34.3938 34.8485 34.8907 34.2845 33.7843 33.7172 33.2471 32.5089 31.8609 31.1258 31.1812 31.0248 30.9555 30.9044 30.9268 30.854 30.9664 31.1679 31.2271 31.2026 30.9551 30.7593 30.4331 30.213 30.1515 30.1736 30.097
41.4797 41.3275 41.0117 40.5228 40.169 40.0041 40.232 40.9558 41.6678 42.3728 42.7843 42.7308 41.3403 39.811 38.7447 38.3045 38.4231 38.8686 39.52 40.108 40.6152 40.8558 41.1412 41.1223 39.8425 38.5736 37.7472 37.1238 36.5397 36.0875 35.741 35.4914 35.5177 35.7094 35.8729 35.6923 35.5193 35.2734 35.331 35.3693 35.4124 35.3992 35.4059 35.646 36.078 36.6147 36.8093 36.7959 36.5428 35.9566 35.3475 34.9872 34.5126 34.2949 33.9151 33.6378 33.5383 33.3524 33.1912 33.1201 33.0604 33.0428 32.9951 33.0284 32.8347 32.7752 32.503 32.3151 32.1958 32.0533
