benchmarks/avaInclinedPlaneentresTest/release1IP_entres_ref_0.15500_pfd.asc
ncols         1000
nrows         400
xllcenter     1000
yllcenter     -5000
cellsize      5
NODATA_value  -9999
[rows 180 to 209 of 400, columns 544 to 611 of 1000]
0.949306 0.9555 0.956362 0.949713 0.944386 0.957271 0.982746 0.991077 0.999107 1.02419 1.04307 1.05118 1.08186 1.09101 1.07598 1.06183 1.05543 1.05984 1.05304 1.05221 1.0561 1.04575 1.03213 1.06305 1.08055 1.07392 1.0694 1.08063 1.07582 1.0814 1.06147 1.02773 1.03099 1.04748 1.08506 1.10788 1.13187 1.14174 1.15264 1.16788 1.17836 1.17377 1.15813 1.14197 1.12624 1.10189 1.08027 1.07108 1.07158 1.06438 1.06579 1.06133 1.05788 1.02283 1.02081 1.00817 1.01704 1.01095 0.967807 0.940046 0.899198 0.848167 0.813587 0.784735 0.74882 0.752355 0.748023 0.731633
0.923404 0.90847 0.898856 0.909106 0.913217 0.928779 0.929575 0.916702 0.894388 0.874855 0.870157 0.881714 0.891693 0.904991 0.930453 0.947116 0.953399 0.956777 0.975979 1.0095 1.03964 1.05414 1.05318 1.04479 1.05002 1.03612 1.03197 1.01361 1.00852 0.986483 0.989387 1.00381 0.984906 0.954276 0.943064 0.973137 0.979657 0.989958 1.00095 1.00108 0.991269 1.01179 1.03783 1.06768 1.07543 1.04847 1.01765 1.02854 1.01862 1.00728 1.03274 1.0287 1.00362 0.981714 0.998843 0.978703 0.956649 0.961742 0.967221 0.957066 0.922203 0.875533 0.859241 0.850397 0.81939 0.775607 0.738001 0.709558
0.926906 0.921828 0.890581 0.870808 0.855033 0.838941 0.859867 0.885034 0.913751 0.935534 0.959205 0.946806 0.913118 0.888489 0.858896 0.831935 0.805818 0.806026 0.81457 0.819484 0.778516 0.775783 0.744898 0.756015 0.775755 0.801489 0.810437 0.819686 0.838949 0.852025 0.860901 0.844712 0.819993 0.799669 0.785777 0.793567 0.791948 0.768875 0.785287 0.814912 0.813493 0.8719 0.888844 0.875243 0.845748 0.807138 0.803931 0.814437 0.830457 0.824243 0.7986 0.812285 0.803672 0.787605 0.782417 0.781013 0.74702 0.749592 0.775144 0.807997 0.78169 0.727205 0.680899 0.657962 0.639803 0.6635 0.664652 0.660582
0.886739 0.907372 0.914018 0.927037 0.931266 0.940969 0.945202 0.947228 0.939933 0.918838 0.903691 0.878445 0.879258 0.898836 0.903996 0.892356 0.874951 0.858787 0.836432 0.818582 0.802894 0.79342 0.796229 0.795219 0.789955 0.783513 0.773134 0.80723 0.857329 0.888062 0.91806 0.915451 0.941381 0.964395 0.988709 1.01034 1.01058 1.01824 1.00139 0.978128 0.953294 0.937566 0.934419 0.93907 0.946345 0.926324 0.904265 0.875085 0.831351 0.78088 0.752995 0.751756 0.748716 0.753405 0.771248 0.785796 0.775914 0.764005 0.731935 0.707822 0.679976 0.65847 0.639159 0.608756 0.581993 0.601651 0.687171 0.721301
0.918372 0.921742 0.913311 0.912696 0.930276 0.924488 0.920402 0.919123 0.912043 0.89519 0.866576 0.862101 0.877945 0.900139 0.906636 0.93377 0.947933 0.945679 0.946929 0.954956 0.959298 0.957042 0.968158 0.976561 0.977798 0.99458 1.00594 1.00694 0.995823 1.01146 1.02828 1.03808 1.04279 1.03443 1.022 1.01774 1.00597 1.01172 1.01537 1.00601 0.985398 0.993168 0.997708 1.0051 1.01662 1.02289 1.01032 0.991859 0.979041 0.982988 0.982618 0.968212 0.945577 0.941939 0.970567 0.981246 0.97164 0.967868 0.950481 0.926989 0.904441 0.887425 0.876505 0.865036 0.850084 0.81778 0.782668 0.763965
0.889965 0.901323 0.895775 0.8889 0.897872 0.898937 0.888455 0.877978 0.87313 0.866714 0.85688 0.846505 0.840187 0.848937 0.846686 0.842283 0.84592 0.866785 0.873792 0.868219 0.852565 0.850167 0.873994 0.903477 0.918822 0.951108 0.971352 0.992387 1.00589 1.00183 0.994903 0.977992 0.962674 0.952392 0.937208 0.907826 0.877698 0.868452 0.866742 0.873815 0.874839 0.885211 0.897629 0.919382 0.951932 0.960604 0.961908 0.975342 1.00308 1.01783 1.02322 1.0092 1.00097 0.978221 0.952255 0.934314 0.922878 0.898186 0.888274 0.885454 0.884211 0.890379 0.894274 0.879791 0.851561 0.823636 0.80107 0.795658
0.791095 0.808519 0.802927 0.778089 0.765974 0.779613 0.780574 0.781983 0.772092 0.766585 0.762238 0.798034 0.82375 0.833151 0.81633 0.782097 0.792046 0.794569 0.787989 0.771767 0.75029 0.732708 0.758099 0.794635 0.835755 0.858159 0.868789 0.906061 0.929116 0.918055 0.911976 0.925947 0.943967 0.962818 0.954853 0.94814 0.93321 0.90981 0.892037 0.878351 0.867619 0.851574 0.83272 0.841602 0.847513 0.842938 0.864955 0.89795 0.918102 0.917879 0.898566 0.907865 0.92284 0.944195 1.00752 1.0237 0.992612 0.981042 0.948037 0.920233 0.918511 0.907248 0.878218 0.86518 0.870934 0.85331 0.848595 0.837337
0.713825 0.670603 0.628118 0.640592 0.668197 0.715224 0.754315 0.775014 0.793134 0.834704 0.894856 0.881687 0.900639 0.89959 0.877917 0.853184 0.816845 0.783498 0.763762 0.741689 0.686884 0.696213 0.736355 0.80051 0.762403 0.749524 0.740846 0.73215 0.746165 0.738715 0.73402 0.761346 0.77731 0.746252 0.730522 0.686009 0.685774 0.684911 0.685275 0.687483 0.701413 0.690756 0.701928 0.710945 0.692698 0.689088 0.684295 0.68534 0.663126 0.631234 0.630546 0.584018 0.60898 0.677252 0.713863 0.718349 0.730245 0.717982 0.734847 0.750216 0.774767 0.766892 0.791341 0.82782 0.780072 0.768428 0.743691 0.69961
0.925536 0.866851 0.818963 0.792637 0.764116 0.742866 0.713414 0.683744 0.656221 0.637394 0.607821 0.579667 0.575185 0.571972 0.560201 0.529873 0.56227 0.597738 0.635466 0.677656 0.703534 0.707095 0.709198 0.714203 0.68318 0.66816 0.629672 0.612613 0.605636 0.595535 0.589264 0.598514 0.605982 0.600581 0.618531 0.628316 0.655615 0.658865 0.632029 0.645369 0.642215 0.621422 0.581915 0.599258 0.613425 0.591348 0.558129 0.552405 0.588034 0.597042 0.593754 0.605316 0.604568 0.589931 0.57178 0.573427 0.646045 0.714858 0.737244 0.771264 0.773304 0.758262 0.771974 0.728088 0.708363 0.67508 0.677748 0.681265
1.06944 1.03544 0.984708 0.96465 0.92605 0.862571 0.825856 0.790544 0.761542 0.748275 0.807413 0.789484 0.790976 0.790283 0.768973 0.7439 0.722824 0.722727 0.713124 0.73332 0.746482 0.73043 0.760229 0.77035 0.754558 0.759861 0.750678 0.769538 0.800863 0.802947 0.839129 0.819479 0.815993 0.793122 0.802135 0.79886 0.792138 0.780975 0.751305 0.739886 0.761421 0.749633 0.747109 0.740544 0.744584 0.767837 0.755859 0.762108 0.760882 0.766661 0.778287 0.76636 0.764584 0.743634 0.738491 0.757686 0.743059 0.733361 0.701024 0.704697 0.731219 0.744496 0.773282 0.783599 0.779734 0.781819 0.797564 0.813342
1.08263 1.03322 1.02273 1.00726 0.951816 0.943758 0.933567 0.905222 0.882157 0.866472 0.846727 0.828487 0.820602 0.781674 0.76772 0.777012 0.764593 0.770589 0.751884 0.748973 0.768876 0.769984 0.76025 0.767496 0.778756 0.777091 0.763391 0.766037 0.753257 0.777605 0.782487 0.811041 0.801798 0.822345 0.839198 0.84935 0.879227 0.902918 0.904438 0.929063 0.933554 0.955345 0.955256 0.943495 0.930715 0.909839 0.918722 0.907243 0.902151 0.909787 0.907657 0.896204 0.912487 0.90287 0.870209 0.862088 0.868671 0.865527 0.870417 0.878726 0.882047 0.904012 0.91375 0.889366 0.869405 0.851288 0.853908 0.834936
1.22612 1.18394 1.14269 1.11782 1.05106 1.03559 0.986712 0.963744 0.975596 0.973088 0.98774 0.986568 0.982199 0.976623 0.950106 0.916086 0.895131 0.897349 0.875635 0.879382 0.890685 0.886757 0.892468 0.903562 0.901275 0.894046 0.871149 0.848226 0.824445 0.801367 0.801405 0.790071 0.794194 0.802007 0.814958 0.840808 0.835837 0.847537 0.864769 0.857885 0.844308 0.84005 0.806655 0.794137 0.796597 0.814678 0.818289 0.833293 0.826247 0.810864 0.784797 0.760891 0.784853 0.781213 0.792641 0.771408 0.749216 0.741287 0.705384 0.68613 0.65787 0.62764 0.595791 0.648423 0.657783 0.675658 0.67132 0.672454
1.20823 1.18091 1.13192 1.12792 1.06168 1.08095 1.02863 0.992524 0.992607 0.951758 0.906521 0.870417 0.857028 0.844827 0.842615 0.85421 0.860907 0.884048 0.926134 0.905015 0.885358 0.891596 0.857159 0.858369 0.860667 0.862336 0.897666 0.907862 0.884075 0.879047 0.882271 0.880532 0.877731 0.88354 0.887303 0.88031 0.893953 0.893443 0.879831 0.882255 0.863936 0.858469 0.844812 0.834297 0.829824 0.816784 0.835426 0.820318 0.810779 0.809412 0.795885 0.793777 0.805601 0.817399 0.788567 0.803009 0.825542 0.839068 0.836085 0.843591 0.861704 0.860892 0.855934 0.854464 0.834889 0.837171 0.838012 0.864196
1.25147 1.16611 1.14796 1.07746 1.08565 1.0142 1.0162 1.00628 0.958655 0.934511 0.922567 0.89 0.863342 0.836465 0.809394 0.778203 0.738203 0.77125 0.785741 0.808275 0.826689 0.856087 0.838503 0.82128 0.838515 0.852553 0.860871 0.896634 0.892924 0.872266 0.881697 0.874959 0.829585 0.812558 0.797541 0.783956 0.787051 0.805838 0.810011 0.841975 0.835172 0.854003 0.841684 0.853422 0.873227 0.878664 0.88262 0.926218 0.921527 0.919733 0.9211 0.905692 0.894351 0.882176 0.894592 0.877792 0.867789 0.847578 0.839882 0.828476 0.810744 0.785028 0.808768 0.812376 0.809913 0.820815 0.827367 0.824941
1.23238 1.14809 1.10034 1.08425 1.04566 1.01881 0.993279 0.936526 0.901402 0.903578 0.892446 0.874456 0.857078 0.839607 0.794791 0.773675 0.750221 0.722659 0.703774 0.678931 0.65392 0.620771 0.613442 0.680905 0.718692 0.718314 0.733609 0.698943 0.704607 0.706939 0.739209 0.754905 0.766902 0.734567 0.756102 0.763698 0.782876 0.764287 0.773703 0.758932 0.739288 0.732448 0.711381 0.6657 0.653986 0.670841 0.662303 0.671167 0.650112 0.671932 0.670489 0.643587 0.630332 0.620279 0.634654 0.660591 0.687624 0.716139 0.728065 0.752912 0.736789 0.73174 0.72514 0.720548 0.770229 0.773891 0.787166 0.766613
1.21679 1.1811 1.12376 1.0322 1.0063 0.945451 0.890699 0.86375 0.825197 0.792587 0.771585 0.757324 0.732401 0.729591 0.754772 0.729657 0.743476 0.736252 0.749264 0.705369 0.720029 0.671317 0.650153 0.62801 0.617129 0.666147 0.69893 0.719045 0.743087 0.757196 0.734323 0.689831 0.663263 0.646506 0.61987 0.633081 0.642081 0.625222 0.612627 0.591597 0.588603 0.599038 0.605902 0.641636 0.65733 0.68275 0.671649 0.697871 0.66903 0.677005 0.648711 0.607516 0.61256 0.629502 0.639035 0.653237 0.643668 0.647353 0.65997 0.647095 0.645797 0.650208 0.638085 0.616945 0.589962 0.569845 0.569532 0.566346
1.04963 1.00254 0.95003 0.893988 0.884927 0.878152 0.874063 0.847754 0.826461 0.816605 0.827821 0.827294 0.816825 0.824922 0.793569 0.787852 0.81085 0.833806 0.826223 0.849059 0.846252 0.834687 0.851322 0.854634 0.849343 0.857002 0.833114 0.832145 0.813225 0.764682 0.772695 0.770635 0.772435 0.78748 0.790264 0.801704 0.797383 0.800458 0.792559 0.79282 0.758534 0.732467 0.728402 0.729297 0.732617 0.737099 0.764555 0.785158 0.807918 0.828139 0.847437 0.853863 0.845089 0.833635 0.818828 0.812533 0.798199 0.787869 0.794011 0.801284 0.819896 0.808678 0.784572 0.756169 0.764084 0.770684 0.770509 0.793821
0.952188 0.964258 0.941486 0.932569 0.916796 0.891543 0.903294 0.871827 0.871113 0.871114 0.878535 0.89152 0.883338 0.889436 0.882236 0.870071 0.868613 0.866199 0.882018 0.875238 0.879741 0.867726 0.878675 0.865316 0.876686 0.879017 0.862408 0.877502 0.87105 0.872873 0.876881 0.864183 0.865356 0.860407 0.84693 0.825982 0.804672 0.785172 0.771679 0.760991 0.744541 0.729038 0.734008 0.736119 0.782524 0.834036 0.851104 0.874516 0.897948 0.914101 0.923289 0.927506 0.927054 0.938692 0.945282 0.945768 0.948859 0.96322 0.981139 1.02339 1.04136 1.03682 1.0085 0.977099 0.958954 0.946722 0.940294 0.926723
0.907692 0.886676 0.811653 0.784462 0.764358 0.733996 0.727282 0.773111 0.779348 0.826745 0.792556 0.808075 0.82715 0.810696 0.848116 0.838441 0.81545 0.831575 0.805023 0.776825 0.780821 0.817229 0.818688 0.819142 0.836477 0.826999 0.813405 0.793925 0.778667 0.768852 0.772649 0.767973 0.766495 0.79872 0.817735 0.803911 0.817793 0.801769 0.796429 0.785002 0.801394 0.791048 0.809363 0.818072 0.823917 0.835039 0.836733 0.864059 0.843781 0.860734 0.879748 0.897383 0.916789 0.912867 0.913706 0.904982 0.896459 0.897215 0.907645 0.908685 0.898231 0.888678 0.880562 0.880548 0.886263 0.898958 0.911715 0.932302
0.671246 0.703151 0.716793 0.726571 0.727209 0.703883 0.707911 0.720104 0.721807 0.743857 0.758684 0.767785 0.796759 0.78253 0.751992 0.73917 0.74888 0.747829 0.76291 0.758179 0.740074 0.742789 0.733684 0.728435 0.742881 0.750449 0.769643 0.740887 0.753677 0.72171 0.702008 0.715836 0.752079 0.749419 0.761799 0.754487 0.758714 0.760541 0.756336 0.768413 0.755464 0.773235 0.764446 0.76498 0.775465 0.785503 0.788441 0.764361 0.765759 0.786694 0.81413 0.816955 0.81828 0.84889 0.848521 0.870361 0.902412 0.91992 0.917632 0.903724 0.887569 0.87215 0.865304 0.871 0.872124 0.884561 0.898506 0.911332
0.603032 0.637886 0.689879 0.744762 0.763033 0.780421 0.808939 0.830752 0.849879 0.863072 0.875338 0.864089 0.859233 0.870932 0.877645 0.882022 0.880297 0.890898 0.892353 0.899913 0.911353 0.911493 0.909666 0.921577 0.913147 0.904024 0.882782 0.848622 0.833293 0.820327 0.792116 0.751055 0.738754 0.736925 0.736547 0.739215 0.729605 0.721374 0.716188 0.740122 0.743082 0.750358 0.747321 0.761065 0.750379 0.763015 0.747914 0.738422 0.757021 0.751116 0.77486 0.81059 0.827659 0.861509 0.886284 0.865417 0.851924 0.844688 0.857864 0.846272 0.855224 0.868715 0.894812 0.885108 0.873288 0.85139 0.838043 0.834994
0.746205 0.729066 0.7092 0.724451 0.75782 0.780636 0.816548 0.861906 0.877051 0.894801 0.913364 0.918788 0.942709 0.961468 0.963543 0.954825 0.974128 0.981626 0.97933 0.991335 0.991627 0.978888 0.989494 0.993487 1.01357 1.01749 0.996407 0.963092 0.985757 0.985799 0.992097 0.982136 0.97983 0.97509 0.974318 0.953797 0.940062 0.908574 0.881528 0.845845 0.801656 0.751814 0.731215 0.737655 0.733264 0.723886 0.703292 0.706875 0.71897 0.744728 0.74679 0.750449 0.734148 0.739386 0.748477 0.78316 0.804988 0.807461 0.816301 0.804332 0.794525 0.792179 0.790683 0.790793 0.765289 0.762849 0.760413 0.743223
0.683661 0.749514 0.812103 0.824021 0.852489 0.8598 0.898225 0.908902 0.917098 0.921432 0.923257 0.921895 0.920901 0.933685 0.931445 0.929215 0.951036 0.971708 0.982056 1.00587 1.03171 1.03917 1.0585 1.06455 1.08945 1.0863 1.08733 1.10194 1.09621 1.07434 1.0491 1.01636 0.969213 0.972124 0.920754 0.916348 0.913812 0.898795 0.857095 0.835386 0.822303 0.79795 0.801518 0.846023 0.871111 0.903157 0.905983 0.870713 0.863733 0.83905 0.845441 0.85185 0.876186 0.883877 0.918909 0.889452 0.911094 0.894855 0.858296 0.870347 0.873452 0.884658 0.863235 0.864278 0.86367 0.842423 0.842583 0.839336
0.661409 0.656467 0.687148 0.720495 0.734364 0.733497 0.739059 0.765692 0.77862 0.767061 0.76531 0.781726 0.786082 0.817081 0.859453 0.899299 0.955098 0.990706 1.00721 1.05945 1.07761 1.09154 1.08866 1.10934 1.1151 1.13859 1.13158 1.12637 1.09979 1.09351 1.11593 1.0905 1.10244 1.06813 1.07527 1.06481 1.03585 1.02307 1.02543 1.02253 1.03447 1.01854 1.01139 1.00428 1.00976 1.06251 1.07243 1.1024 1.07813 1.11195 1.09107 1.06767 1.07266 1.02635 1.02514 0.975589 0.966986 0.906453 0.889559 0.850628 0.822983 0.821312 0.831382 0.814809 0.813169 0.794342 0.78166 0.761481
0.895341 0.856668 0.851352 0.824411 0.844465 0.841222 0.814016 0.836252 0.803245 0.83027 0.811868 0.844493 0.893313 0.983012 1.02969 1.10346 1.13818 1.15518 1.18371 1.18635 1.19838 1.18996 1.18238 1.19985 1.21929 1.20407 1.20618 1.224 1.18259 1.19795 1.20373 1.18784 1.16918 1.14616 1.12319 1.11563 1.09068 1.09581 1.09948 1.13548 1.15479 1.16622 1.1745 1.17603 1.15936 1.09469 1.07501 1.04763 0.999814 0.956733 0.949028 0.911218 0.881965 0.877872 0.825754 0.838423 0.805511 0.812204 0.82524 0.810172 0.81818 0.820553 0.80671 0.820213 0.810132 0.836447 0.814901 0.829665
1.09546 1.0866 1.08901 1.07046 1.04977 1.05673 1.03052 1.02108 1.04262 1.07627 1.08865 1.13327 1.15103 1.15645 1.15941 1.17696 1.1692 1.18543 1.20264 1.18634 1.17476 1.15968 1.16438 1.17981 1.19823 1.20051 1.1955 1.22991 1.2198 1.22364 1.21527 1.21993 1.22666 1.24933 1.25276 1.25758 1.26923 1.27421 1.24221 1.21995 1.18603 1.15071 1.12075 1.09549 1.04379 0.995556 0.946134 0.917029 0.89531 0.866521 0.839222 0.82058 0.779817 0.762556 0.743469 0.719128 0.725293 0.732202 0.726976 0.741816 0.760345 0.741593 0.76263 0.759669 0.762977 0.807827 0.813217 0.850204
1.26134 1.22355 1.23678 1.24799 1.25507 1.22424 1.2319 1.23937 1.22906 1.25857 1.2641 1.26244 1.27872 1.31926 1.3291 1.32276 1.34142 1.32978 1.33323 1.32745 1.32147 1.30957 1.30755 1.32989 1.31263 1.32663 1.34027 1.32327 1.32567 1.34699 1.34313 1.32098 1.29355 1.2665 1.23146 1.19092 1.14977 1.12618 1.09071 1.05392 1.01608 0.974262 0.943348 0.92547 0.889827 0.883821 0.883392 0.883459 0.838769 0.840992 0.82157 0.790173 0.757557 0.717518 0.699636 0.70516 0.713721 0.700721 0.676026 0.681932 0.688497 0.690792 0.700324 0.678452 0.656288 0.650464 0.63962 0.649731
1.33943 1.33583 1.33655 1.35259 1.34584 1.33297 1.34297 1.32583 1.32706 1.32956 1.33725 1.34471 1.37083 1.37073 1.3722 1.38595 1.37248 1.37927 1.40535 1.42083 1.42286 1.43967 1.4432 1.45349 1.44047 1.41915 1.39286 1.35814 1.33611 1.35615 1.3809 1.38402 1.36035 1.30709 1.23971 1.18714 1.1355 1.08924 1.04408 1.0081 0.983277 0.964743 0.941263 0.9162 0.893546 0.875808 0.846818 0.828012 0.798817 0.776859 0.764074 0.755165 0.739568 0.721414 0.701754 0.680097 0.64864 0.637554 0.629563 0.627581 0.616012 0.601655 0.615063 0.608799 0.615815 0.626565 0.618911 0.625405
1.34076 1.35705 1.38942 1.42258 1.42646 1.42728 1.39189 1.37051 1.37876 1.39962 1.40559 1.42214 1.41666 1.41947 1.41151 1.40968 1.41109 1.41819 1.43012 1.45498 1.46613 1.46341 1.45953 1.45326 1.42205 1.38691 1.35419 1.30654 1.2652 1.24658 1.2329 1.20923 1.1819 1.14663 1.11229 1.08327 1.05263 1.02207 0.992704 0.966897 0.941269 0.930218 0.896293 0.86088 0.83834 0.824159 0.805049 0.77374 0.755607 0.728868 0.686754 0.663565 0.661498 0.655202 0.652544 0.649458 0.646901 0.61572 0.597206 0.572437 0.592755 0.609386 0.618662 0.619735 0.613337 0.623459 0.632125 0.637775
1.33246 1.35938 1.36901 1.34545 1.36377 1.3359 1.33151 1.33981 1.33469 1.35021 1.35842 1.36853 1.40536 1.41841 1.44612 1.46608 1.49325 1.49346 1.51243 1.51468 1.50783 1.4645 1.41016 1.37015 1.32579 1.28359 1.26021 1.23918 1.21386 1.17437 1.13974 1.10646 1.08124 1.0632 1.02325 0.979136 0.942725 0.901434 0.848731 0.820418 0.797202 0.762969 0.729178 0.737169 0.68864 0.66346 0.635175 0.656829 0.669728 0.670524 0.680554 0.690246 0.696568 0.697552 0.695056 0.688091 0.673965 0.663465 0.663718 0.664735 0.660139 0.671584 0.677178 0.671458 0.666139 0.683139 0.690798 0.686825
