benchmarks/avaInclinedPlaneEntresTest/release1IP_0098dde5b0_C_L_entres_dfa_pfv.asc
ncols        1001
nrows        401
xllcorner    997.500000000000
yllcorner    -5002.500000000000
cellsize     5.000000000000
NODATA_value nan
[rows 190 to 208 of 401, columns 215 to 257 of 1001]
35.966352886848937942 35.877977833622196613 35.964011516614775132 35.756187972426033639 35.602870310925453623 35.706898459161884318 35.376433381287661462 35.191222899563818771 35.266887598235015844 34.903258777094535503 34.602153110386041135 34.369522441388177469 34.392135553851645113 33.935140932801850511 33.569683426902727774 33.250877198201543195 33.251712233363370785 32.885874199572675991 32.513401857909016712 32.120601456080976277 31.733341180869864218 31.778314697607275008 31.283716621771699096 30.768712022644205462 30.250100741726274833 29.736090388668824147 29.210027405760744301 28.677132399454485778 28.149482331976606986 27.416890495930339 27.266293193463596367 27.240598052083566216 27.047390108132884023 26.658178706851732187 26.298626035467446371 26.015082374027226564 25.734979969337814509 25.46122107978809268 25.193629958104637012 25.089944217702594642 24.991041503850155436 24.806781029670371908 24.52916954640103242
36.403546064269995952 36.342922307196730003 36.27840559163850287 36.144953909522385516 36.026743814739681682 35.914705852744617687 35.734777045578830723 35.575518525076113008 35.431444323523528794 35.205821691938979257 35.016870000947349695 35.018726273097449564 34.658245385108543246 34.38891662378963332 34.660845655918507191 34.103877050112721747 33.702889893005860245 33.346076307410712047 33.338723980595716512 32.921223483757003692 32.469100782556814977 31.945427537691603703 31.491648910171509357 31.037345264580743276 30.567249830502440489 30.086216272207781941 29.602067426112423476 29.133338281359879574 28.68187693376134817 28.168865124842383807 27.603727589603657577 27.590639969321745895 27.344539894408793401 26.998937664229725186 26.616582929664971857 26.270792034261305048 26.014737459244045681 25.720603734091522341 25.388079394212855533 25.251481432183602749 25.101984496906641908 24.898843289580398164 24.659584404806690117
36.605766228770157511 36.571016768962714139 36.553010340752585705 36.450070071040514108 36.505833017033708643 36.30497408128789516 36.133534612699321542 36.174452764791347192 35.903644101732268723 35.708131608673781443 35.704153651992214691 35.401826428382690892 35.104099558090993582 34.871352275953228173 34.715206160926967982 34.352180951303090239 34.034246272518032583 33.722205564093627572 33.651697667504471667 33.153055079712288489 32.738694940653218168 32.352627933706791907 31.968732653409503541 31.579046201043770026 31.528973921545915715 31.04900118570034806 30.542650212137914423 30.032942375396661561 29.521818197124279237 29.021790518766735545 28.630274783272664507 28.127441953225496007 27.679924155192558999 27.354023726041827302 26.938351874536156316 26.523853458894162571 26.234882119043533066 25.948966118577967421 25.614463725368842972 25.433174931216758097 25.244749028765831156 25.059307383635786692 24.785889102056607669
36.709504300978515801 36.701083401469517753 36.716842025702476349 36.627141888115922086 36.591374249508902494 36.515731359929908706 36.352144427261293913 36.295988277426843638 36.145569714420489049 35.938146184932328708 35.835223540304397716 35.624932729301839629 35.382167153644395796 35.196810329057633737 34.975266281799328283 34.70751178328638531 34.423415303822217481 34.448834780710612335 33.970171272879596813 33.605431647337958623 33.225513002112521121 32.874501167477930608 32.816975989813585102 32.360736199881401376 31.851493104200052642 31.349249393259690066 30.847853873969363292 30.350791489080378938 29.862884373424154916 29.378819551956052436 28.901841601101558865 28.427699769412871689 28.04186791488483621 27.578751299511925055 27.085093046743782708 26.678495424911979228 26.359897979665653622 26.057451308641333299 25.785862096340967042 25.588561386800886766 25.392942848043539072 25.194628688982334097 24.90919242293282565
36.74591863124884128 36.760617573478917564 36.824028525271700119 36.778464812963903796 36.751455698419796647 36.697102839211787284 36.558418311792422628 36.518771065800734732 36.374899153935395191 36.185664169010095748 36.11084242974379066 35.918546833472170476 35.683829821760809864 35.540074558834739094 35.344479707132627766 35.034185803918482804 34.78873522647008798 34.658026729811282962 34.279531768581747997 33.900201079282354044 33.569573520556339474 33.492407343718369361 33.023412217964477122 32.568943425101956279 32.115528418187707871 31.692543359119859758 31.2691150816052712 30.838552267829861364 30.980240720562175483 30.487423306870276463 29.964492105811427081 29.434982090503432062 28.395195353302117525 27.729431704362916378 27.329276482706017504 26.940757211124058301 26.604979814157466933 26.264029966170649999 26.007478337486826803 25.783459300655138691 25.520283771096263337 25.262008277865994899 25.055089270450579875
36.643020649550933854 36.708182852816790387 36.838496133499710083 36.839130381247642276 36.824310792292976657 36.821151047705676262 36.714589308147061786 36.666348853634978866 36.555459265699411731 36.378371426394309651 36.297684838823343512 36.123942384807271822 35.891954027650108117 35.752588163595405035 35.557051079327820275 35.271492360564380419 35.047725675457158445 34.864986489200624931 34.556750573557572181 34.205215078121973704 33.926743430543190527 33.758174277761099802 33.360241519558094581 32.923938537886137112 32.502971852254212592 32.114916417364412382 31.731691411005126469 31.62223829786448448 31.110900732006857794 30.595152056285105147 30.076207711878161888 29.565540796811571767 29.100388289655349183 28.359865720068302863 27.481441674580562307 27.186104933027099406 26.797881158544321067 26.508411648856274212 26.222163483775361215 25.945895032146825798 25.643606248192448049 25.415960463745417286 25.223933950193721643
36.296236319105261714 36.489125612156300349 36.682590012307834115 36.750727029035424209 36.768299909530611558 36.832631200045398145 36.775337350666383429 36.721716359268782526 36.666037664459977918 36.518159535962816165 36.416081039770872962 36.281947564069582768 36.067351233191764948 35.917114794316304938 35.747545789987761111 35.482825468269453495 35.255084369180430315 35.086306271331096696 34.795189842475863884 34.449687927394364806 34.183468875607083248 33.964007266408934527 33.598464731167673847 33.168886764273679546 32.771878146890173866 32.412837871024393621 32.207717145916390677 31.757787997204584229 31.293372951827791439 30.799833097421007722 30.297800430776025138 29.795108331121369361 29.298368223449660519 28.575712174525030207 27.773340209237570519 27.399951629633260808 26.995359322609676411 26.731957330768196357 26.394674252363120814 26.076497822547356265 25.851824490612344221 25.694125210672925874 25.476556042794587853
35.610736154208723292 35.909185373236120142 36.155203347120959734 36.374312855161214486 36.494272538367738434 36.578909731674670525 36.630382830130272964 36.568812743635220386 36.694753939878481219 36.488696178307080231 36.340570342419908911 36.349045730261920539 36.080051592629104107 35.873970005281471174 35.818024842274930108 35.486586670559837842 35.228891153816242365 35.148165389249953705 34.801314444474506615 34.448128913146987884 34.163133009665102691 34.008401578225836204 33.627633402327163026 33.214031831509736037 32.817202418661452157 32.429995749825764051 32.207717145916390677 31.807103347789926318 31.368782276586042457 30.890460783645682596 30.417625153816970851 29.932250417613506244 29.43597914140870131 28.693539630189530243 27.876517423905845305 27.487321533017183839 27.14129845261896179 26.846158156207621914 26.453969202510258185 26.135511545440710535 25.999125488077805102 25.907452008404142418 25.740683020467162834
34.763142590742297955 35.161336660686160371 35.484619952313273927 35.773080152346864224 36.034925008465876317 36.168497442090611571 36.332272770197235445 36.349755638926893653 36.318941837713268228 36.321311261758395972 36.222066598033613616 36.097213937600301392 35.993584709313587666 35.796076080849609014 35.597475680923729158 35.426600436881628298 35.180939230980222021 34.917440846175630043 34.752302255338832992 34.431117262464574935 34.121780117498360596 33.807324444210273384 33.57464287834761052 33.233134365143378375 32.87683316157566793 32.488924728777412554 32.0783730831999776 31.669923469144475092 31.254342091140454585 30.914573688406580487 30.476314601354175693 30.005062867015610095 29.522847639596598412 28.604912918250281706 27.78917126549081118 27.513715470927600393 27.242357613610199252 26.878025218157024057 26.551921484464333645 26.298686929288404457 26.11772595274405262 25.990389295540683889 25.818827460365941562
33.77096393088452686 34.127562727597471337 34.480655240058204924 35.23877135790616677 35.163644019416743447 35.495715290602980474 35.685112254682316291 36.082811594845395575 35.954622750652248442 35.964693280850788426 36.060242072281845083 35.880070588537613219 35.76145720535515693 35.700563602784860961 35.484970747268306468 35.274856252775002474 35.136628477407512605 34.906645793244152287 34.592821213816954184 34.320884548979918804 34.117575095672620478 33.75932453296825031 33.36819368917396389 33.008733658544898049 32.682529421337576991 32.436677758876591326 32.005032967486592099 31.541351641466910394 31.077975314886423064 30.634579069296634657 30.202317655649267181 29.764768991184944014 29.292885299275578603 28.551697956813974599 27.869112912466693643 27.563993264822524765 27.290197332228235183 26.940635425586066276 26.631566492222965792 26.438873770786752715 26.236042775785026748 26.044142448166610393 25.942411751996939273
32.845834556729570863 33.067793238541767664 33.354967921427245869 33.632030334568575825 34.462128320894265698 34.364072265580539067 34.742799717188894704 35.038470935432918907 35.686116403807979225 35.491248158133011259 35.472437645605069179 35.661808688605745488 35.440499368973007677 35.304788458689017716 35.289603708697782736 35.035887400592287122 34.798636954786388742 34.961327929874293829 34.426904025192172298 34.09082135511609124 33.792063617850779167 33.759682828564571366 33.252437432164462905 32.832925906456807752 32.443216779663799798 32.072651461602546874 31.69595492625993316 31.518423725729725504 31.055770721419122538 30.586165144483342004 30.10744250232590602 29.62614034831478449 29.146036273425792729 28.435407783593600328 27.999260055387150459 27.633225882479624858 27.29462800892281038 26.980908467350669611 26.766967105319093179 26.653049098814918239 26.446569387542528062 26.108353934384787465 26.039753820529295325
31.930705598853112548 32.026934409070960896 32.246291051600273647 32.432761786153278649 32.675246582190105471 32.925301338823288688 33.275816845977544745 33.611990139915221221 34.005116526526336429 35.048643242211099391 34.993952346347114712 34.775711301067502745 35.245148250096555387 34.996139271816275595 34.781093043623442895 34.574679737111488009 34.536692099493187413 34.222558656611532513 33.901446294922124025 33.655874572492805896 33.548596096563130686 33.199592159113876733 32.779318280356932291 32.356968323003968635 31.973438195168196074 32.045013962437941757 31.614123023325454653 31.079591856941402028 30.634697762397891552 30.169764747303357666 29.682520938766352003 29.174170822086637145 28.659714181486219076 28.323395215627414245 28.051550844580599886 27.619520221897989387 27.273572929532335252 26.937610877602317316 26.675556301201403642 26.534413016903364735 26.317482714971500712 26.03961153745718704 25.923026012074817714
30.973466237110990562 31.064889425435328718 31.186343608468916955 31.286598303421943257 31.424601630706014532 31.604698164186295628 31.790760045012415702 32.061484885699485403 32.433630380836589779 33.006727898801749177 33.361728850613971531 34.107709175308066563 34.135672668963401577 34.140300291553231204 33.94868628746411332 34.023152243101293379 33.812272334153306019 33.54344893634826974 33.300785424924235656 33.504280625805890281 32.971708142938936703 32.568822773293327089 32.626096087952277003 32.162662161733365451 31.698111892484117647 31.251601047949080225 30.798873582277941807 30.332981973394723241 29.863576850466770907 29.379800945208089047 29.559814251999313228 29.074601549286267499 28.608130131616281489 28.24352129252240573 27.91796656810854671 27.507836019127097416 27.161409114038065127 26.781603565943811418 26.471322393824344488 26.276675752879270931 26.067688901199947082 25.869998447400078589 25.692736430468837483
30.024883135652675747 30.029161274966735817 30.043921648037148486 30.08205579394375917 30.167090100789604179 30.301053707288318151 30.402751534616005102 30.525502090267135458 30.704310585236697762 30.906248908762385952 31.814384190959639653 32.308667047623259805 32.773870583285997782 33.4216996668033417 33.371049505728542783 33.198716288966473087 32.967453842511716289 32.705041799538136615 33.258431774265261538 32.65195808464783056 32.214828828731604915 31.81037127230319328 31.394411687798040589 31.466558571882760731 31.012179430744879483 30.528209278492568046 30.049261191816899697 29.701480146211657996 29.668436586329608673 29.626779399459355346 29.574661229144577845 29.510809355259663533 29.209949652944469989 28.68791422482489395 28.217402606719726776 27.7846845974883081 27.401294528438228326 27.059311406023837776 26.756324302966607576 26.478309305300168575 26.21745508269297531 25.966885720428514617 25.756166621963647145
30.544983059231668676 30.552165908382338699 30.552199608585308255 30.570321666382501036 30.595361988157058875 30.602795831171569318 30.601605115588593975 30.594019144482562211 30.578210082357834665 30.556713602243409156 30.553848464618262426 30.564967171110573929 30.56327786412012415 31.063665940899092277 32.019356732631962359 32.039124650977498732 31.934297537935968592 31.734371799262774516 32.206118596217599759 31.895557136549520294 31.516261195590999478 31.11438979902537838 30.696118325044768227 30.343522075143894767 30.335290638420378428 30.323405254252087104 30.309452820273268259 30.285722700357773363 30.253165997232343898 30.205341950422923247 30.156621580957185813 30.140695382276426528 29.866414053809933193 29.322535851753947611 28.838346162417646923 28.381354473407832018 27.969438095180706227 27.602036783884624782 27.26910585776444762 26.968267970638414965 26.685202712634861655 26.445798701725514945 26.232559265920187386
30.78210700706338443 30.814738450275374504 30.847713198553204705 30.874610962667460967 30.890338736333113445 30.892874358057721196 30.882630506653839575 30.895413687281845228 30.914348937125808447 30.924405729891255135 30.927881954481197369 30.919694757118890038 30.903857480883797137 30.911467045040382118 30.931491884653848246 30.937101869086468753 30.931456625645775915 30.913735048000152261 30.890589891387413957 30.877166504786959678 30.868474797466252113 30.854941481053142383 30.835186397610975462 30.806261817539613901 30.77183941935600231 30.732413970371396772 30.719097514938098925 30.71102518699100159 30.687426373752515474 30.657848543826048626 30.625605470738925362 30.579003289802798804 30.24860844029034368 29.731670475193645586 29.266084755033052289 28.817401163318013602 28.402613518310552365 28.025001096495248731 27.687816736177577326 27.378005877845474458 27.105763612052253819 26.873894490020532544 26.669222897795354044
30.852328289179606458 30.886876358119003783 30.913940280348164436 30.935216927337446435 30.947728098901905014 30.950897068649286581 30.975429195079712485 31.001823685689405607 31.023026465878352553 31.033589660314017777 31.035591293039512806 31.024685435820131829 31.032104586228374643 31.055407581438991826 31.070253652322961102 31.07066807269636044 31.061449553872243712 31.039534585188516047 31.030822926215044788 31.036876521804114049 31.031375786465719813 31.01547901778074845 30.991306781586374086 30.955882578856304121 30.9157362501545947 30.916059944809756388 30.918064351226746567 30.911949073933751464 30.893227074925398767 30.864283544172398166 30.823552452510920574 30.781302106287490972 30.503420420050520789 29.955032777899035068 29.450724895710479245 28.993886971281288112 28.581418028504824491 28.216952262835182097 27.900419459785933185 27.629008509817278849 27.406150320253637176 27.226138996235789591 27.082300409356363957
30.71377737708078115 30.750913936792350967 30.792367984914051249 30.823114305099288401 30.845027254431649055 30.857249011775550684 30.86127305522505182 30.87772467450368552 30.907374962750008507 30.923612128499183171 30.929484895476576867 30.924013525316318862 30.909550570032333638 30.911190310852138197 30.929883857340222164 30.939724253172848023 30.945699448479423666 30.938544689829519996 30.919190002250950045 30.897236896124034899 30.907609501764081728 30.907905924437159229 30.898384115830605623 30.880047298511978937 30.854854618098951136 30.824933143188314233 30.840269355305547805 30.850370743382125482 30.850557803254364586 30.833383892824496542 30.799803073306911472 30.74499762780229517 30.456032942559748022 29.913937119052725677 29.42709621226008565 29.002984009182359415 28.639274417653741267 28.330148132098695868 28.111261795568978528 27.946549007860244984 27.825786549758493749 27.741327635490971915 27.68071988858078214
30.452151628517494686 30.474162570808474015 30.490896267854491697 30.49702303554025562 30.536648976104014963 30.563165301229641813 30.57858840088990604 30.578138245093526848 30.566040633259593307 30.541983225618714926 30.520720545268726909 30.541629951723223257 30.551642129671936488 30.56067428721046042 30.562086045235556497 30.554924096121528265 30.542098611109555151 30.561055331493857778 30.565901292000539513 30.565055345976041679 30.551860378393726592 30.529618886988352244 30.501837513813047309 30.51434384181108328 30.516243644427110127 30.517453972499076542 30.517363049122078422 30.507911350621519375 30.507872908600582207 30.519703963123312462 30.509801546947272755 30.472630315081826069 30.170066186534310049 29.61687677649331718 29.180976827116261063 28.845822183026182728 28.58419629845904808 28.380259664991534407 28.297680816009513904 28.242556762393459024 28.19695790201328478 28.188819733442223026 28.204854965176107129
