benchmarks/avaInclinedPlaneentresTest/release1IP_entres_ref_0.15500_pfd.asc
ncols         1000
nrows         400
xllcenter     1000
yllcenter     -5000
cellsize      5
NODATA_value  -9999
[rows 180 to 209 of 400, columns 612 to 679 of 1000]
0.732838 0.738177 0.73303 0.732685 0.723481 0.707382 0.684701 0.677693 0.65476 0.640997 0.624968 0.627576 0.616281 0.621238 0.621876 0.616222 0.602006 0.596287 0.586304 0.619038 0.671329 0.707857 0.724129 0.738455 0.753326 0.760824 0.760013 0.752024 0.763075 0.764775 0.757049 0.76957 0.750231 0.773225 0.78731 0.790698 0.805225 0.809336 0.813737 0.835998 0.813315 0.808853 0.802576 0.7926 0.804389 0.816856 0.813343 0.817732 0.831354 0.814838 0.8218 0.805689 0.814925 0.789713 0.795326 0.790443 0.791713 0.788901 0.802477 0.783276 0.780293 0.795269 0.798008 0.820554 0.815485 0.834446 0.842024 0.847421
0.710645 0.747818 0.741607 0.747252 0.739611 0.747599 0.737137 0.728958 0.722586 0.709071 0.683348 0.6525 0.620622 0.597212 0.608983 0.603999 0.601902 0.614202 0.61671 0.609627 0.595943 0.583176 0.570358 0.560728 0.57822 0.598238 0.631757 0.641183 0.641749 0.66222 0.690225 0.725354 0.729092 0.719417 0.7418 0.760424 0.769061 0.75868 0.719532 0.697872 0.727344 0.72286 0.759163 0.776148 0.811542 0.803708 0.827416 0.841112 0.849466 0.851278 0.860069 0.850858 0.852446 0.839948 0.849909 0.830641 0.79577 0.777427 0.743398 0.737517 0.715981 0.700689 0.701346 0.709232 0.723544 0.744124 0.762183 0.761521
0.661285 0.632527 0.620042 0.602815 0.606382 0.61279 0.635734 0.63725 0.63419 0.637142 0.627473 0.650957 0.655394 0.63655 0.620811 0.62298 0.624726 0.619467 0.611439 0.605249 0.598093 0.583425 0.608608 0.638812 0.632028 0.650736 0.648867 0.634592 0.62861 0.631202 0.633783 0.627452 0.611234 0.577893 0.542474 0.526742 0.529075 0.552581 0.587387 0.602467 0.609078 0.58609 0.556806 0.56093 0.549759 0.528174 0.53332 0.547413 0.566664 0.590009 0.591184 0.598147 0.598062 0.58276 0.55955 0.549253 0.542973 0.566739 0.588206 0.619117 0.636047 0.651984 0.656933 0.654616 0.641495 0.633671 0.684864 0.712114
0.771967 0.793257 0.797723 0.802837 0.781265 0.763604 0.742936 0.774788 0.759961 0.79317 0.812095 0.831603 0.850866 0.844098 0.854541 0.845397 0.797003 0.767718 0.762327 0.757437 0.732681 0.715642 0.683625 0.651373 0.624503 0.601992 0.566136 0.561116 0.599733 0.601795 0.610452 0.612226 0.611041 0.614251 0.627671 0.636858 0.608888 0.604596 0.612579 0.602058 0.580462 0.576533 0.560122 0.545021 0.541703 0.519754 0.532515 0.552961 0.57889 0.571864 0.561446 0.556811 0.563904 0.583234 0.565083 0.572886 0.574818 0.562421 0.575501 0.586659 0.600442 0.620013 0.646203 0.639069 0.633164 0.63179 0.618085 0.614495
0.767825 0.733651 0.732722 0.72723 0.766447 0.75286 0.760559 0.754245 0.71797 0.721427 0.692818 0.671175 0.674219 0.678743 0.676108 0.683421 0.696641 0.694648 0.68572 0.673705 0.663215 0.658254 0.66449 0.690201 0.715188 0.746487 0.736609 0.737382 0.724582 0.689243 0.664415 0.667586 0.697091 0.717441 0.715273 0.710896 0.75322 0.79868 0.838025 0.846896 0.872588 0.855349 0.847428 0.828793 0.823877 0.823439 0.85799 0.848227 0.856779 0.842063 0.825359 0.810172 0.798545 0.791605 0.78338 0.76168 0.786478 0.783175 0.770501 0.740645 0.735031 0.717077 0.694087 0.673564 0.680301 0.684215 0.674311 0.662143
0.805821 0.828672 0.832505 0.856825 0.864143 0.871788 0.875899 0.901722 0.898294 0.912224 0.949602 0.950168 0.936795 0.930736 0.90972 0.894416 0.894422 0.890281 0.891713 0.908291 0.915188 0.905517 0.918009 0.930892 0.939305 0.946699 0.936511 0.911174 0.891557 0.879791 0.876496 0.891173 0.898204 0.913105 0.931319 0.923773 0.905621 0.879245 0.854909 0.823756 0.781432 0.748296 0.743843 0.732257 0.72869 0.744519 0.732401 0.755429 0.782803 0.80165 0.823237 0.831417 0.865552 0.853526 0.887626 0.878686 0.912621 0.897995 0.925053 0.897928 0.906141 0.892152 0.886744 0.886864 0.880895 0.869416 0.86434 0.846961
0.838713 0.810427 0.798896 0.815468 0.833585 0.827403 0.822459 0.825659 0.815332 0.790146 0.792505 0.775868 0.799361 0.797419 0.791875 0.781314 0.792091 0.792409 0.7969 0.812009 0.799606 0.788879 0.803072 0.840279 0.871236 0.879514 0.895521 0.91108 0.895198 0.873902 0.875384 0.887875 0.902807 0.912284 0.91164 0.922319 0.933766 0.930568 0.908673 0.881776 0.849535 0.834448 0.827474 0.812557 0.796877 0.833885 0.812888 0.804624 0.793501 0.773807 0.78168 0.763974 0.768139 0.759202 0.752584 0.74553 0.736451 0.727477 0.73408 0.740923 0.770515 0.812523 0.810623 0.810361 0.788463 0.78204 0.767823 0.755231
0.702821 0.724749 0.744306 0.782248 0.797147 0.815611 0.81882 0.820926 0.807352 0.790333 0.763335 0.732383 0.704148 0.673414 0.675168 0.664522 0.641425 0.622994 0.590461 0.5921 0.620413 0.657919 0.702771 0.72881 0.757062 0.747699 0.745411 0.761675 0.740752 0.73897 0.71054 0.723917 0.704539 0.718506 0.750207 0.752062 0.74983 0.755733 0.724777 0.74667 0.747909 0.73491 0.746548 0.747769 0.751141 0.787607 0.768345 0.758657 0.7472 0.731304 0.719168 0.698691 0.682434 0.680396 0.698338 0.697343 0.68882 0.700691 0.706216 0.676031 0.67931 0.686174 0.656163 0.621156 0.62135 0.642518 0.646233 0.627019
0.73914 0.784168 0.787418 0.788867 0.778194 0.759595 0.73523 0.736716 0.751005 0.744505 0.742504 0.717761 0.693129 0.663593 0.633776 0.638839 0.671256 0.679674 0.672514 0.64762 0.618353 0.623694 0.644201 0.67828 0.698032 0.701371 0.708884 0.692582 0.702379 0.700909 0.731448 0.736339 0.757653 0.763816 0.789792 0.777549 0.81455 0.812879 0.808085 0.792404 0.740878 0.711208 0.691931 0.68899 0.664562 0.660369 0.631579 0.652968 0.664835 0.702721 0.684063 0.695809 0.679903 0.683883 0.688995 0.6982 0.722344 0.733258 0.7341 0.736977 0.745083 0.751584 0.741918 0.725659 0.736629 0.74546 0.743489 0.719524
0.792675 0.799592 0.77764 0.780074 0.770559 0.776833 0.805214 0.813831 0.81395 0.800772 0.809831 0.818212 0.856927 0.857399 0.856409 0.842164 0.846921 0.827397 0.825 0.831832 0.837516 0.849631 0.838668 0.830723 0.82724 0.840758 0.850962 0.844356 0.839462 0.813472 0.803044 0.776515 0.779017 0.780602 0.770395 0.773015 0.767205 0.744791 0.756351 0.76444 0.784136 0.795961 0.785603 0.806782 0.832596 0.850294 0.875846 0.888509 0.878657 0.881847 0.873641 0.863313 0.843709 0.845466 0.84723 0.87261 0.865656 0.905244 0.899363 0.904875 0.876234 0.877831 0.868197 0.87052 0.856202 0.870662 0.85145 0.858208
0.849893 0.838151 0.852667 0.859366 0.869084 0.889282 0.880076 0.874143 0.836052 0.816515 0.791388 0.779129 0.783734 0.766027 0.745945 0.73338 0.725733 0.708795 0.695575 0.686475 0.687675 0.675617 0.678896 0.696703 0.718568 0.712697 0.726843 0.723854 0.722432 0.715943 0.72076 0.725093 0.766648 0.779093 0.78033 0.80017 0.817847 0.795506 0.794289 0.794158 0.809295 0.796653 0.79153 0.783702 0.792196 0.801517 0.788725 0.820117 0.829015 0.81061 0.804499 0.797531 0.755062 0.711775 0.676643 0.670972 0.64412 0.652962 0.658652 0.692137 0.695192 0.693391 0.655275 0.645121 0.655773 0.678397 0.690705 0.684749
0.684376 0.682679 0.670055 0.665268 0.668712 0.681284 0.672595 0.660818 0.652284 0.643898 0.635844 0.650157 0.65265 0.68613 0.73346 0.751844 0.757123 0.77034 0.760522 0.792483 0.816564 0.847283 0.834021 0.834474 0.77296 0.753818 0.73775 0.721305 0.718448 0.686354 0.676361 0.649948 0.656189 0.667556 0.675382 0.689341 0.698891 0.710426 0.727906 0.703532 0.70718 0.696984 0.701372 0.688678 0.673815 0.698381 0.722045 0.732274 0.737606 0.702385 0.681537 0.637776 0.626811 0.669387 0.673439 0.661394 0.658279 0.645064 0.595332 0.561294 0.557591 0.567607 0.572223 0.557642 0.557213 0.542728 0.526541 0.535502
0.855314 0.88922 0.893012 0.886712 0.88768 0.898296 0.92879 0.946425 0.943765 0.937271 0.929265 0.936334 0.934633 0.919989 0.940814 0.926842 0.909055 0.899074 0.882811 0.865585 0.831967 0.817661 0.830777 0.851508 0.865699 0.84228 0.830064 0.826603 0.819978 0.78923 0.813587 0.813545 0.809236 0.821305 0.819225 0.834267 0.838306 0.833037 0.840165 0.837952 0.850145 0.834112 0.826745 0.841972 0.853655 0.871078 0.845923 0.847109 0.841423 0.821587 0.802689 0.792162 0.797764 0.80763 0.773628 0.786031 0.734725 0.72472 0.735979 0.747726 0.749355 0.752159 0.724028 0.722371 0.701531 0.685357 0.685561 0.688741
0.828305 0.820846 0.807971 0.802549 0.79462 0.781345 0.788399 0.794622 0.788952 0.807497 0.851282 0.865759 0.840076 0.82431 0.814489 0.809498 0.7939 0.785667 0.7912 0.805143 0.836086 0.860266 0.861435 0.883462 0.853677 0.84214 0.858671 0.865491 0.858517 0.86013 0.876357 0.882287 0.894969 0.901305 0.879081 0.872881 0.854557 0.847668 0.830553 0.809578 0.817149 0.82301 0.830518 0.831459 0.852198 0.877295 0.897597 0.881197 0.867201 0.855 0.840859 0.848697 0.834916 0.857461 0.877139 0.893431 0.872333 0.849881 0.859275 0.840406 0.798359 0.809472 0.80141 0.759181 0.777302 0.764573 0.776862 0.773924
0.727934 0.718577 0.71027 0.679851 0.682292 0.713172 0.746058 0.758213 0.765337 0.788365 0.821423 0.802116 0.806025 0.779101 0.791389 0.793265 0.768347 0.732453 0.737804 0.736612 0.722983 0.71171 0.714242 0.697088 0.711821 0.687827 0.713654 0.762652 0.771039 0.82265 0.795435 0.781163 0.777054 0.774983 0.797551 0.781682 0.781915 0.773572 0.754442 0.761915 0.769268 0.758173 0.764256 0.800625 0.809784 0.849771 0.847196 0.840857 0.824897 0.812039 0.828539 0.840759 0.832904 0.835082 0.812379 0.795462 0.784631 0.773732 0.73711 0.734295 0.726617 0.712156 0.717582 0.709343 0.729604 0.719383 0.727299 0.729686
0.562108 0.565534 0.585693 0.567532 0.558048 0.57101 0.589553 0.59983 0.600724 0.616737 0.612724 0.611921 0.651524 0.657784 0.676988 0.683269 0.673092 0.652173 0.640374 0.625323 0.60502 0.585057 0.613798 0.62243 0.630721 0.623237 0.627659 0.664769 0.685955 0.687191 0.671597 0.642006 0.644529 0.659564 0.665258 0.664321 0.695431 0.709033 0.697501 0.685916 0.702818 0.705469 0.687205 0.66832 0.683283 0.677329 0.67772 0.666174 0.67005 0.69171 0.675672 0.671027 0.663021 0.688676 0.715102 0.726176 0.718047 0.76362 0.76047 0.775407 0.780211 0.762594 0.744045 0.750416 0.748445 0.741098 0.737853 0.761267
0.820576 0.82066 0.798499 0.790294 0.785206 0.766832 0.764926 0.757163 0.72577 0.729977 0.75456 0.79449 0.753178 0.741997 0.733418 0.71569 0.724422 0.736542 0.734252 0.731735 0.733297 0.738149 0.739313 0.730725 0.73347 0.730139 0.744765 0.745656 0.729893 0.708815 0.696243 0.690553 0.683738 0.709093 0.71462 0.715142 0.728986 0.73969 0.7425 0.773577 0.773669 0.792486 0.790403 0.775381 0.781828 0.783559 0.776045 0.775005 0.756322 0.757056 0.758239 0.740413 0.750836 0.742654 0.738467 0.733033 0.74742 0.747554 0.753593 0.751693 0.741891 0.733571 0.712627 0.705525 0.675753 0.65563 0.635485 0.628226
0.925437 0.924369 0.929368 0.940761 0.952525 0.944942 0.920326 0.903112 0.911733 0.907713 0.913983 0.925471 0.920266 0.934023 0.940031 0.92995 0.923724 0.939996 0.928067 0.899763 0.869078 0.850928 0.84707 0.862664 0.878201 0.867541 0.858725 0.824849 0.794203 0.765098 0.754344 0.744574 0.745817 0.735719 0.73733 0.759351 0.774983 0.767293 0.774765 0.79596 0.808272 0.783327 0.780182 0.777358 0.739396 0.736601 0.723858 0.701834 0.705011 0.71804 0.712178 0.708867 0.705872 0.719081 0.718551 0.697487 0.663404 0.651835 0.666251 0.655918 0.637484 0.625389 0.649215 0.69348 0.734108 0.753842 0.741056 0.727708
0.945923 0.93227 0.951063 0.95968 0.954501 0.975096 0.978995 0.990669 1.0024 0.996152 0.980656 0.984212 0.99335 0.999209 0.999701 1.02865 1.04217 1.04672 1.02382 0.998426 0.989075 0.985678 0.980051 0.988702 0.979104 0.968196 0.976094 0.975294 0.967541 0.971444 0.971973 0.953524 0.928787 0.893569 0.872141 0.858749 0.877596 0.894252 0.893027 0.886453 0.885915 0.872419 0.856218 0.845936 0.855585 0.872497 0.854902 0.848322 0.848578 0.812938 0.799631 0.800934 0.788742 0.78796 0.752023 0.744359 0.730946 0.738408 0.785546 0.797341 0.8113 0.811414 0.816621 0.810191 0.809237 0.789216 0.781659 0.810654
0.928997 0.933231 0.926027 0.92568 0.923466 0.910655 0.910952 0.905137 0.912221 0.923079 0.917744 0.921237 0.919575 0.933694 0.943656 0.943625 0.940611 0.935069 0.917906 0.934928 0.942465 0.951969 0.953142 0.980329 1.00086 1.01211 1.01011 0.999126 0.996811 0.996078 0.999153 1.00093 0.980112 0.955769 0.954216 0.959366 0.959435 0.969377 0.961269 0.96335 0.972458 0.954244 0.92591 0.924507 0.921811 0.91706 0.900251 0.893764 0.879757 0.864796 0.850839 0.864427 0.854339 0.860059 0.864508 0.857381 0.866117 0.859457 0.875438 0.872272 0.873095 0.873406 0.860716 0.86994 0.879631 0.893784 0.890584 0.881917
0.848664 0.846667 0.828414 0.819541 0.813885 0.799858 0.786129 0.801316 0.794725 0.768926 0.764603 0.792957 0.816374 0.843054 0.876034 0.927804 0.960693 0.968394 0.959166 0.928167 0.917033 0.931318 0.950381 0.954166 0.961286 0.957019 0.958206 0.937398 0.930172 0.928832 0.922175 0.911039 0.886052 0.8539 0.82565 0.810002 0.810206 0.818284 0.826127 0.842903 0.83483 0.825552 0.808385 0.79618 0.79835 0.804169 0.817901 0.836933 0.878356 0.877351 0.924155 0.920059 0.930637 0.926704 0.937642 0.927744 0.904095 0.885751 0.888703 0.887677 0.880924 0.898569 0.938241 0.937934 0.920514 0.92236 0.933506 0.94057
0.744939 0.727219 0.718997 0.750489 0.738247 0.744701 0.714688 0.711681 0.698699 0.700077 0.723052 0.709265 0.709776 0.708601 0.706717 0.708963 0.738523 0.754808 0.761752 0.754127 0.747863 0.746702 0.775023 0.796157 0.808935 0.819443 0.816561 0.827802 0.792641 0.807332 0.798466 0.822273 0.833015 0.82509 0.810662 0.817914 0.836739 0.823175 0.819507 0.821619 0.829806 0.843342 0.846691 0.859951 0.888874 0.876488 0.832223 0.824058 0.815384 0.804461 0.788958 0.788948 0.792418 0.819615 0.830368 0.863498 0.864551 0.879261 0.864601 0.850843 0.833872 0.838285 0.83522 0.829663 0.793761 0.787569 0.774904 0.78389
0.81299 0.777541 0.770269 0.772914 0.788908 0.774144 0.792019 0.803103 0.8143 0.831243 0.817586 0.828875 0.804292 0.805784 0.797459 0.80439 0.818785 0.821872 0.859792 0.866609 0.870576 0.868043 0.88996 0.861561 0.874342 0.8628 0.841442 0.827445 0.829758 0.83894 0.811695 0.817882 0.819395 0.833873 0.844646 0.867876 0.874298 0.873219 0.867585 0.870436 0.87483 0.8802 0.878427 0.870768 0.880572 0.874783 0.846987 0.82864 0.80254 0.784721 0.778128 0.775215 0.770565 0.8177 0.833628 0.821397 0.828349 0.823224 0.804293 0.806682 0.827739 0.843312 0.861948 0.871039 0.862787 0.865102 0.873205 0.89681
0.764562 0.791121 0.793376 0.796612 0.818491 0.800817 0.807793 0.82301 0.810287 0.834997 0.810878 0.809837 0.799418 0.785433 0.763858 0.747769 0.765739 0.800121 0.76571 0.790419 0.756193 0.778323 0.800025 0.80314 0.823891 0.828838 0.843724 0.857914 0.870215 0.867144 0.868126 0.868651 0.86389 0.845898 0.824723 0.8413 0.865392 0.882468 0.859608 0.858884 0.858868 0.855481 0.826638 0.84017 0.849741 0.862036 0.878676 0.891319 0.872498 0.850821 0.835948 0.82739 0.851349 0.884479 0.885166 0.893115 0.916808 0.918372 0.910414 0.917167 0.91107 0.900163 0.903788 0.908121 0.922593 0.944638 0.966554 0.955284
0.798112 0.82332 0.807608 0.819379 0.849374 0.818446 0.826399 0.813829 0.796414 0.81813 0.80927 0.840041 0.831593 0.839111 0.830863 0.812594 0.815737 0.809794 0.806764 0.832598 0.821612 0.839715 0.830794 0.831302 0.835054 0.855999 0.885738 0.884972 0.881073 0.881045 0.865496 0.857113 0.849242 0.832354 0.822311 0.827396 0.832003 0.867533 0.873041 0.866721 0.874994 0.878268 0.906813 0.909156 0.915564 0.936117 0.909091 0.899782 0.90485 0.894678 0.88751 0.876145 0.910649 0.905647 0.89335 0.875327 0.867386 0.857692 0.859592 0.858915 0.852101 0.849428 0.853562 0.860151 0.859194 0.856553 0.854753 0.858889
0.856355 0.862689 0.859718 0.840002 0.82307 0.79255 0.765663 0.73895 0.738487 0.736085 0.732674 0.721211 0.724492 0.712511 0.705494 0.706362 0.710732 0.707835 0.727583 0.756866 0.765418 0.757826 0.774695 0.78241 0.798213 0.781889 0.786833 0.774326 0.762825 0.764746 0.779023 0.784631 0.763561 0.727697 0.729856 0.719612 0.712528 0.740256 0.756203 0.768056 0.770486 0.762695 0.773314 0.754537 0.783881 0.757297 0.767294 0.760685 0.747028 0.758386 0.747286 0.759435 0.755924 0.760021 0.752295 0.767343 0.747903 0.715462 0.726471 0.734134 0.731665 0.737032 0.729094 0.733534 0.694038 0.690027 0.680232 0.710281
0.655008 0.649394 0.657368 0.668352 0.668025 0.703836 0.766686 0.744792 0.709099 0.678739 0.683594 0.706591 0.730845 0.741456 0.738781 0.723064 0.709666 0.708686 0.718309 0.724251 0.717495 0.726184 0.728884 0.714715 0.748729 0.754384 0.752283 0.75303 0.753216 0.752911 0.750871 0.748355 0.734113 0.730118 0.736123 0.731146 0.724504 0.722921 0.732315 0.741105 0.742345 0.765987 0.780734 0.779516 0.774425 0.757656 0.755251 0.752422 0.772174 0.781792 0.779607 0.753476 0.731235 0.705089 0.69054 0.688938 0.676876 0.66874 0.660383 0.648448 0.661085 0.666904 0.679655 0.678375 0.672502 0.662061 0.673638 0.672725
0.643447 0.65706 0.686521 0.721517 0.76331 0.776041 0.797549 0.788119 0.748719 0.751429 0.712782 0.711631 0.700974 0.6515 0.645204 0.64381 0.648353 0.64618 0.640486 0.628196 0.631096 0.654014 0.66789 0.665351 0.661977 0.671751 0.667385 0.679076 0.674267 0.684118 0.701163 0.729409 0.738058 0.741 0.764767 0.782044 0.785928 0.789519 0.78858 0.777638 0.758813 0.734787 0.709883 0.711985 0.724943 0.738911 0.750417 0.755253 0.76172 0.76212 0.767434 0.785275 0.790131 0.786262 0.75055 0.72904 0.727469 0.722055 0.704203 0.68595 0.662782 0.662163 0.656294 0.6562 0.652777 0.641769 0.632362 0.627844
0.650751 0.654322 0.655697 0.65246 0.687744 0.683883 0.678241 0.682427 0.685816 0.687757 0.66977 0.658532 0.640783 0.638436 0.646232 0.653099 0.684886 0.715433 0.736102 0.769099 0.774654 0.776771 0.810212 0.818178 0.855399 0.874288 0.91365 0.912829 0.91005 0.901408 0.87588 0.87792 0.862455 0.858522 0.834473 0.807879 0.808317 0.802955 0.803842 0.774362 0.771999 0.746729 0.759832 0.757248 0.782148 0.784781 0.775612 0.78914 0.77077 0.756157 0.727034 0.708746 0.686871 0.674328 0.67912 0.682325 0.683277 0.706188 0.723351 0.724006 0.72565 0.712305 0.705075 0.718219 0.735541 0.753013 0.774255 0.784986
0.680947 0.665461 0.668321 0.672338 0.668587 0.645798 0.643283 0.654291 0.651033 0.650115 0.64034 0.614545 0.565994 0.593351 0.615689 0.644964 0.674434 0.698162 0.69735 0.676738 0.676804 0.687908 0.708755 0.701681 0.7103 0.710185 0.714975 0.719968 0.730316 0.72919 0.721129 0.723481 0.751465 0.771481 0.755368 0.767598 0.789204 0.804983 0.812618 0.827063 0.802724 0.801855 0.801411 0.796098 0.808643 0.818538 0.811642 0.831586 0.796987 0.814433 0.797754 0.770751 0.744963 0.734728 0.732388 0.740038 0.747612 0.755301 0.741797 0.731241 0.716053 0.697621 0.693474 0.691191 0.69018 0.690454 0.680761 0.664632
