benchmarks/avaInclinedPlaneEntresTest/release1IP_0098dde5b0_C_L_entres_dfa_ppr.asc
ncols        1001
nrows        401
xllcorner    997.500000000000
yllcorner    -5002.500000000000
cellsize     5.000000000000
NODATA_value nan
[rows 209 to 227 of 401, columns 602 to 644 of 1001]
52.790197533129877172 53.510170405151825435 53.880926117775452155 54.197868908759431861 54.423032981804148278 54.397513618463456453 54.466515420905473377 54.681342847629785808 54.666300773679793679 54.455898948108831803 54.21698299348663852 54.33383316561914711 54.887046324760959237 55.76728526387219631 57.245561419240011958 58.164778993816590003 59.195720033749488209 59.436958503265231002 59.605319507452342975 59.541113948769087472 59.075629301120564207 58.204687658703917919 57.357384125906662575 56.930632724004382794 56.930399333988724209 56.998934347544654599 56.816749988728027176 56.825075733951820212 56.306810467852720592 55.745252934522817156 55.116988832979657786 54.68126586705596992 54.606691879147085444 54.504572926963504642 54.50821239524576356 54.566372838425849068 54.947621843926626184 55.676221170209728939 56.68771476810682941 58.051054422318600245 59.340321463315270023 60.022590090356835901 59.738533276551009976
58.926128594309986397 59.821091722315507866 60.35915979822141253 60.584926970024866932 60.853274611389096549 61.375916504666435003 61.711596976437036233 61.734572582864402079 61.535089683485473699 61.202946479909876132 60.845200506369096161 60.863396426815732809 61.470349856206752293 62.728819102662015439 64.714022757041092859 66.525828316080122704 66.944779093494346967 66.699338739920904118 65.641945845140782012 65.426926905481849417 64.873219491919130064 64.36599807977991361 64.286707038545216619 64.438923577982933466 64.770469898911983364 64.708086423900084583 63.973920905818822291 63.176815458629945965 62.456702590844592748 62.122027110962839913 61.628598211892175129 61.163865060895211911 60.951486981299652257 60.768096219854022877 60.791924912032769157 60.957233658778491758 61.469579405428198982 62.294762259919259861 63.353466353641941566 65.062967747816344399 66.721686936081695762 67.381757357146781828 66.480729348956117519
62.20636340157906119 62.838447052581230423 63.455679327040996895 63.976777422820184427 64.589562027036251379 65.123878225719451507 65.590931998259264901 65.815348775084800081 65.763522910226399176 65.770108916263637866 65.651881811745198547 65.671332550183407761 66.172932212413783759 67.264690054593899049 69.083449243224706038 71.028471782362984754 71.452925554401474528 70.576075191553854893 70.008611581930551893 70.266917308011628052 70.194035368807391251 69.752531641332254253 69.60047356641481997 69.688364300253311967 69.299787290693871 68.541875092160680083 67.455545281660732826 66.567254984665481743 66.119178130323376763 65.542586534557969458 64.910700068397190421 64.655441566085656291 64.824581078278910695 65.178906657977279338 65.457221163163850974 65.832047425302661736 66.311397852783812823 66.926662580038922101 67.938146921436455727 69.487695305522990452 71.186992860232678026 72.104757572517982567 71.623616112881592244
63.722079496260924714 64.011361948279912326 64.460345718626115286 65.077676210263888379 65.842423358809639922 66.450828220544892133 67.019911809573201822 67.366848758075363435 67.447686576015101423 67.368389501821951626 67.266659487716296439 67.326758482145251605 67.674551641972882976 68.34227293612208598 69.685694843845681135 71.236917310965267802 71.93123914139084718 71.938837073771964015 71.902400406147961576 72.014632790969685061 72.390095960081652038 72.776504092625984299 72.917582715056070697 72.659615740735134182 71.867432320638116039 70.771871468281830175 69.357820712195817237 68.377220966095251242 67.8840737286293745 67.558399986470035969 67.150125066367678528 67.122673628577487648 67.623931193970193476 68.43926793739774439 68.939041497090485677 69.478887608964726041 70.064894511283824841 70.800006426574157103 71.606466217979516387 72.828137776623421473 74.384294215892879265 75.504901436773351975 76.084907130512391404
63.524578307478520856 63.700101568748621617 63.972188568569421818 64.349788391749498828 64.987472066477820931 65.623367841960700275 66.303253965388492475 66.755311611269831928 67.105762244308721165 67.197240502042745902 67.071911641621909439 67.248649126096381679 67.377007330815999353 67.622571785215995988 68.120402671282391793 68.995841791479278982 69.950565000423750917 70.812732924754868691 71.573938811410812377 71.67836623116717476 71.866512556395235833 72.380468029475281355 72.925442420667096144 72.731171434785096608 71.816407305890606949 70.22885543823916521 68.546266519799971206 67.773748097352708442 67.771971120636322894 67.731737506717564656 67.842860538965723549 68.097294525381741437 68.921633532222415397 69.933478884260793507 71.010557788928068135 71.898365320218999841 72.62229481624832772 73.34892471699542682 74.050718504609463366 74.734972490362594044 75.527464245920384656 76.300228114590382233 76.746355969457184187
61.061203497246424376 60.951369250524173538 60.943528060515362199 61.12205288905227718 61.352566826341579542 61.974437930217412429 63.012604362747175912 64.021904652138189817 64.872194552868833739 65.189858958940661182 65.182399028046489775 65.033458957912827714 64.918194888862259972 64.572976380300360688 64.539146232217774468 64.983733114550858545 66.122724733470974456 67.720607063838798467 69.229231535484089477 69.97596289991275853 69.857781547211786233 69.824375012520050632 69.991840915225182584 69.409999285933679403 68.197165303142085691 66.568092481236320168 65.285535860478091763 65.250334904350594911 66.174701586525259245 67.23607014143773597 67.951643002690801154 68.643572149756352019 69.574775447184478594 70.349844530709049195 71.154478949971704083 71.743154695646609298 72.225000723211408626 72.509413630487273394 72.67609008192239628 72.44700896125019085 72.044179111397667725 71.56377621488280738 70.983804935398097768
55.755846079620162925 56.060616490184877136 56.129741398444636502 56.151327608007782999 56.261798657821380232 56.782224462227894435 57.829802102444261891 59.214433563460531218 60.62053945545952871 61.369930154356254093 61.503899660261907911 61.35508310436950552 60.977196883582593046 60.535232528819619802 60.239308599002271194 60.417009960689441073 60.871786809272009577 61.686788657642900091 63.475248857177511752 64.685749790625408195 64.758219810215152279 64.438142028026135222 64.373420097255873884 63.66563535340492308 62.514568777461164473 61.104949509039087729 60.711950882891812853 61.322622309256466622 62.581570853055815462 63.97638335479050653 65.11475060838924378 66.362848785322114509 67.349677079207339148 67.92686518836839582 68.152643684305772354 68.61071745649785214 68.766370805436608293 68.186924784958662826 72.895579198525283005 71.707755029283148929 70.358919272037553583 69.164294849321606762 67.136721316153341377
49.267831300760356328 49.176870853846949672 49.25814286169348577 49.284603484475702828 49.245381858135829134 49.337516056504711059 50.317423105416764884 51.551202894345173888 52.791755050989152664 53.629167700208711267 54.093689209005084706 54.274318047347080096 54.466180048072921238 54.71317000295612587 54.801627372240304226 54.743713836989762456 53.867354398156741979 54.413236886232589029 56.180241977060724423 56.949393333401701511 57.067778395433862215 56.666731994189490251 56.13126761986775648 55.743771882801432582 54.781443700967123789 54.167488351249851064 54.534653750366686609 55.306707167759213917 56.424982585877181407 57.729433756300160496 58.676516505390004852 59.445275085322315078 65.897849476068188324 66.757629128085341108 66.44223645469905648 65.763962898707077898 64.501133913524057562 62.510883515542815303 60.349607978333793312 57.41349059520423026 62.621870003149602724 59.733606601077788412 56.496995611312478047
45.95709686347459666 47.05696835408071621 48.502618115545686805 49.560102980883250723 49.741160141585375243 49.22901032249141906 46.322053586443068696 43.921818322316752869 44.610935323522447504 44.556768702587156383 44.629294588326771986 44.424515284146735894 45.844772480975521489 46.835230023385811648 47.59979518479575944 47.699199136409994537 45.670335417975266523 45.778961972225438615 46.342139071825883434 47.431101775047736169 47.837593108716738755 46.957721909908656244 45.239267666599651818 45.377844392386364802 45.954514723704356527 46.725847535314649406 47.51124412269265207 47.858572692089431655 48.205374047548481542 49.27949439315695912 52.55630798688746097 54.052076482825611947 56.561054239533056887 56.574989893837141608 55.723669839427039108 53.956848278067994329 51.644630950994354635 49.774216016879606173 47.064481595879328779 47.499491526345586578 43.013568390960095655 43.318941028239073887 43.570186331928731249
46.325081499482067215 47.301657905640190904 48.717733652826069601 49.707882142234119272 49.376725045259256319 49.069358767485404371 45.0358050907019134 42.957714665970733847 41.893229936569980509 41.464881659171346939 41.003033404068325751 40.559359119382648373 40.277869186088224751 40.268689916396517958 40.509356283637451668 41.125393217537848045 41.674884480544328369 41.662286750594773821 41.185979415876424525 40.744070866188572211 40.49471906500778573 40.384704636450969417 40.428113461893772751 40.291480211680031687 40.104145367068404937 39.913607726410653243 39.934691327609591838 40.218884115402289581 41.287516690068670755 41.940129594591837758 41.161358556700669453 47.625642263403747734 47.106543622182684317 45.498443746158358181 42.850942944508759069 41.459078020884696514 41.489962372900848209 41.545296141564143966 41.601160962115343978 41.679731483316999174 41.995700547927803825 42.342269745026385408 42.574212797105083439
43.968818807343950539 45.006643012091295475 45.915135494872302502 46.387361511284098015 43.611763826518711085 41.663363797041569114 40.67433385850316796 40.275950383414382827 39.828263943279360149 39.052225772316575103 38.197156740854609325 37.521390722255290484 36.990526795850648512 36.698263054212880263 36.849885191132649709 37.39105545268292019 37.887846189174368305 37.951499328293323288 37.579145420094484109 36.897445147898942253 36.472357700659635782 36.320364283704542174 36.177642961722199288 36.311483948088493889 36.508590932185008171 36.739755196281244309 37.037889807758240579 36.918734398033642208 37.054659676326885176 37.445757987149910662 37.877316792221989772 38.079318724960479869 37.939370887770557772 37.830780586998422166 37.760617435979156653 37.855219250873197723 37.928102631266895628 38.020988580573281013 38.005846374984251668 38.307568844336771008 38.925338395558874538 39.355270553646988674 39.662619769750151022
39.335554240399005721 40.058348855029343838 40.61099164457902333 41.091414233494418795 38.473593726994856468 36.383202884098238883 35.351786972198780745 34.473029530241419138 33.539540850489082402 32.693675023957666781 31.935811770313364377 31.257597681485702168 31.098285184128577896 31.108730121335213425 30.877353086568920304 30.623112770471280442 30.231230288529136629 29.866048013845517772 29.5816678789584806 29.786421099336212848 29.816123942281173242 30.465968890399395264 30.691851721857236868 30.973876558358675481 31.179355357142377159 31.593793973855913038 31.612591079562466945 31.30953013645306271 30.783657948273674521 30.57269935943010708 30.932808511290385667 31.343112889104169483 31.502050385158547385 31.544565611088021484 31.573219067108801994 31.419577557073996132 31.764339599075622544 31.953520006372635009 32.631677751656617659 33.419547883425821055 34.071194317205538482 34.318677812820368445 34.418178575854440737
31.292356985331494457 31.73680094766855575 32.843339522016208321 34.187094000003348526 30.618300395920432067 27.912089498762068018 26.4560837790770087 27.200709332072094071 26.20798052279086221 24.436498073686973243 23.822235052280579026 23.820801270671317695 24.460318965579734396 24.687469461349351718 24.331210683755049473 23.837947284437746021 24.847375495067275608 25.50907502496323076 25.145864393927858771 24.828028751511695305 24.880667023193542065 24.546559616177209051 24.735281302600405695 24.82128661033735284 24.51704102385295414 24.853274126987578541 25.532774507984822066 24.87747151322277972 24.437210498192168728 24.850705043818397399 25.447337547618147369 25.629656476239414786 25.45091089234671955 25.67283279273651786 25.849969233198574869 25.923584922313551715 26.378081072750269698 26.893039736957081942 26.883292935487656194 27.212173635774654201 28.184897596327164848 29.73894059673250112 30.163001052139581049
30.906926528631530005 30.636535918788926125 30.439935607983752419 30.551562198066672948 30.682840531452377775 30.598978285656574627 30.442191213629634206 30.166793799318995184 29.609877249039971758 28.885394099830246972 28.207164814676101372 27.552363731079321241 26.987964858954409664 26.734016305345981834 26.892651111994833713 26.971339884890490168 26.717310162377959415 26.337492147148228838 26.103008539997951232 25.947328167195429671 25.609277679306938325 25.218981403939878305 24.1829769056830024 22.793475021195238384 22.595827069607775428 23.166006860172828397 22.814053488935570613 21.452282147631208886 21.49792432020515065 21.445460650554355908 21.47337471355365679 21.380227502238941639 21.392196747469423457 21.407316640575380973 21.379039819044109549 22.093582620496558633 22.377219998054158623 22.128318518372026347 21.846747367784736582 21.663638686704072001 21.627151563653196575 21.801351714821706196 22.11280658401809518
34.114011298908607728 33.596620515266323537 33.148534627557964427 32.670565826516657637 32.245562394966327702 32.313641502222154145 32.92540517587864457 33.719277378522789945 34.237350508589315723 33.024060004378895883 31.044215960092035544 30.305399676090775785 29.753374295582794673 29.236158531634778512 28.755705973718757917 28.547200648762871111 28.361947028194521181 27.960267930973468964 27.476884353647839987 26.926745028335243859 26.638043638153586556 26.378473909173067113 26.557257435863800055 25.401644121870916138 21.973387929147065734 21.759303895678627327 21.75850409314756817 21.728342236097386575 21.672895691302805687 21.604618037714395484 21.415677189236678402 21.174027927338752164 21.057132798618820146 20.99301868551747674 21.140042831203842866 21.249574498046801097 21.434909704104050832 21.594663884436773316 21.841726511090417517 22.089500706542899877 22.250111623661808835 22.354288663714903862 22.673692574589168203
36.71924855569628221 36.180561418344296953 35.396239419373628721 34.398688752585727002 31.999651906375703447 29.381923616645963193 27.802289731226256464 33.910842238722722186 35.475874041540642168 33.906016587008920737 30.983240023295408605 30.342565540491953868 29.678219081122477974 29.142580752790152587 28.727021339480437234 28.660176372814259338 28.974411016029414156 28.923323762255449765 28.098710607683287321 26.948557977984631151 25.536727043447552177 24.255530325708804185 23.235969736910178085 22.137239774454496199 21.089636442939585947 22.391483525884286365 20.842390956613989772 20.537946137174156291 20.066330714807296687 19.613853453766200374 19.435336019938020513 19.262246260833105538 19.340461065796091589 19.344989516270775454 19.430990540290146384 19.46953628026093952 19.473289535286980367 19.479266286255754181 19.390387326225976494 19.268733881732988067 19.480368080565728661 19.679566794293535281 19.761167745620831226
34.620793770054156369 32.753360712265646271 30.570088085949535639 34.398688752585727002 31.999651906375703447 29.051394705317591161 26.555074265116349608 25.069662027323023068 23.968035011953606528 22.498810739914180346 20.535742274928932005 18.35650423013526833 17.300513831680831345 17.196993479076496669 16.928921489458264915 16.807376491572671995 16.985467795627226195 17.056482736634603015 16.709487262435931854 16.767355843873829713 17.271341407059530582 18.03645998326857125 17.270735536936225429 17.276716109751465211 17.331225139136765989 17.392982726354457412 17.79360324196299814 17.433856657657532452 17.440573961495069 17.372333818427648566 17.266348138036168081 17.384542941563889684 17.443615075222954403 17.872250049168723507 18.636437372540438417 19.221776107442888559 19.595642258503129796 19.987028584961006317 20.375897877883378584 20.546925538096640906 20.606790732127894472 20.680232950242515955 20.807198703435407339
25.269187622700705731 21.966648016706422197 21.214456575516678072 20.662074482439798828 19.72269682524983736 18.880095663610138246 18.41284963899104099 18.230668714666162344 18.404237797557190248 18.642822272389494742 18.689876933741281562 18.951111782485870805 18.89244016463264586 18.68527087050968305 18.710843981686881676 18.83649309415289963 18.875020101108798798 18.813719369324832797 18.791481917889132802 18.946104753459998449 18.979309671090199174 18.788600606866641129 18.665390244092286309 18.867368373080068977 19.192240162726360353 19.640279230146678202 20.120174448808590739 20.379565898500739962 20.545233828786415131 20.411826743386132677 20.155976921313346395 20.112384541072355404 20.367040497817676226 20.76988795426629153 21.042199286463574737 21.345627264174229509 21.440716004942334649 21.339644748265076402 21.339016675322163508 21.304382463367034006 21.337297793804260948 21.507928694334605524 21.394105601101845338
24.079574618420156895 23.41121506129980645 20.733380375769108639 19.468377636449343271 19.288232781528996895 19.444559466512075119 19.287069215333882966 18.920558566962974112 19.111181753282878049 19.527576565733959058 20.039651949197651248 20.319949866774198455 20.417506979983091497 20.332786951939102238 20.05118003518996872 20.014511511426480439 20.05209124897254469 20.142260447455608841 20.204290309666376402 20.448137404886086443 20.794204475431126156 20.814064870649456651 20.699863771124974221 20.273153318720318339 20.309286975056529911 20.589367300078372125 20.90491854612019651 21.18476645832987515 21.212428708112415876 21.314370182723557434 21.34249586110250263 21.531300041809704027 21.782796149646671324 22.14395945038110014 22.25381908559398525 22.249149057397023199 21.921579394347407543 21.606989494114980488 21.505607840556542953 21.317649283714445119 21.306732331950353654 21.644083600322613137 21.889960454537398249
