avaframe/data/Davos_Jakobshorn/Inputs/DEM_Jakobshorn_10m.asc
ncols        450
nrows        305
xllcorner    2782450.000000000000
yllcorner    1182750.000000000000
cellsize     10.000000000000
NODATA_value  -9999
[rows 220 to 239 of 305, columns 225 to 269 of 450]
2325.24658203125 2317.332763671875 2309.79150390625 2302.697265625 2295.7939453125 2290.459716796875 2285.396484375 2281.177734375 2274.68408203125 2267.562744140625 2261.653076171875 2251.577392578125 2241.467041015625 2235.51025390625 2229.616455078125 2224.34765625 2218.11181640625 2213.302734375 2209.552001953125 2206.384033203125 2202.5244140625 2197.885009765625 2192.14404296875 2187.3271484375 2182.68310546875 2178.063720703125 2172.417236328125 2164.906494140625 2158.1630859375 2151.852783203125 2147.99951171875 2143.24365234375 2138.886962890625 2133.46875 2128.2646484375 2124.564697265625 2118.343994140625 2112.822509765625 2110.155517578125 2105.240478515625 2101.5185546875 2094.9013671875 2086.8310546875 2079.49560546875 2073.735595703125
2328.988525390625 2320.506591796875 2314.028076171875 2306.107421875 2299.92724609375 2293.813720703125 2288.023681640625 2283.114013671875 2275.041015625 2269.053955078125 2263.630859375 2255.723876953125 2245.4462890625 2237.105712890625 2231.071533203125 2225.989990234375 2218.855712890625 2213.923828125 2209.714111328125 2207.14404296875 2204.111328125 2199.775634765625 2194.87841796875 2189.2568359375 2184.3779296875 2180.323486328125 2173.759033203125 2168.723876953125 2161.43701171875 2156.201171875 2149.76123046875 2145.98779296875 2140.86669921875 2135.496826171875 2130.983154296875 2125.1806640625 2121.246337890625 2115.648681640625 2111.692138671875 2107.558349609375 2103.02001953125 2095.906494140625 2089.693603515625 2084.22705078125 2078.752685546875
2330.579833984375 2322.659423828125 2316.456787109375 2309.697998046875 2302.96728515625 2296.22265625 2290.677978515625 2284.188232421875 2276.61279296875 2270.51220703125 2262.908203125 2257.6064453125 2248.0888671875 2239.771728515625 2233.066650390625 2226.332275390625 2219.640869140625 2215.1767578125 2211.44580078125 2207.601806640625 2204.783935546875 2201.126708984375 2195.939697265625 2190.31982421875 2186.46435546875 2182.163818359375 2177.47509765625 2170.9482421875 2165.099853515625 2158.89306640625 2153.456298828125 2147.232421875 2143.062255859375 2137.536865234375 2132.802978515625 2127.736572265625 2122.403564453125 2118.784912109375 2113.8134765625 2109.4560546875 2104.140380859375 2098.3544921875 2091.65380859375 2085.091796875 2079.306884765625
2330.83447265625 2325.07080078125 2319.4130859375 2312.6396484375 2305.32421875 2298.081787109375 2291.7099609375 2285.97119140625 2278.1474609375 2270.794677734375 2263.68798828125 2258.42529296875 2250.31298828125 2242.169921875 2234.474609375 2227.13134765625 2221.3291015625 2216.208740234375 2212.5625 2207.90087890625 2204.614990234375 2201.407470703125 2197.1328125 2192.149169921875 2187.559814453125 2183.578369140625 2179.263916015625 2173.908447265625 2167.03564453125 2160.7099609375 2155.430419921875 2149.92822265625 2144.1064453125 2139.000732421875 2134.804443359375 2129.905517578125 2124.77197265625 2119.39013671875 2114.88037109375 2108.375 2101.919189453125 2096.97509765625 2091.021240234375 2085.361083984375 2080.221923828125
2331.1650390625 2325.931396484375 2321.50390625 2314.552001953125 2309.0224609375 2300.465087890625 2293.225341796875 2286.78076171875 2279.97265625 2273.33642578125 2264.615478515625 2258.335205078125 2251.059814453125 2244.01171875 2236.647216796875 2229.406494140625 2223.447509765625 2217.09033203125 2213.342529296875 2208.433349609375 2204.7138671875 2201.544921875 2197.919921875 2193.5126953125 2189.01318359375 2185.215576171875 2180.154296875 2174.44189453125 2168.22265625 2161.693115234375 2156.060546875 2150.7861328125 2145.16748046875 2140.453369140625 2135.83984375 2130.92529296875 2126.25830078125 2120.03955078125 2114.296142578125 2107.212646484375 2101.819580078125 2096.429931640625 2090.91357421875 2086.196044921875 2080.761962890625
2331.777587890625 2328.019775390625 2322.760986328125 2317.165771484375 2310.46533203125 2303.07763671875 2295.9345703125 2289.160888671875 2281.686279296875 2274.308837890625 2266.57275390625 2259.0869140625 2252.955078125 2245.00341796875 2238.04052734375 2232.271240234375 2226.072021484375 2219.038330078125 2214.407470703125 2210.143310546875 2205.618896484375 2202.092529296875 2198.50244140625 2194.537353515625 2189.884765625 2186.919677734375 2182.294677734375 2175.830078125 2169.8310546875 2163.049560546875 2157.8916015625 2151.89404296875 2146.513671875 2141.12939453125 2135.720458984375 2131.015625 2125.84423828125 2120.25732421875 2114.578369140625 2108.01904296875 2101.98583984375 2096.302490234375 2093.068359375 2089.720703125 2083.94189453125
2332.7080078125 2328.440185546875 2323.082275390625 2317.701416015625 2310.91162109375 2303.164794921875 2297.042236328125 2290.671630859375 2283.323486328125 2275.937744140625 2268.4267578125 2259.7109375 2253.48486328125 2246.568603515625 2239.43017578125 2234.140625 2227.63134765625 2220.9931640625 2215.779296875 2211.48291015625 2207.760986328125 2204.031982421875 2200.892578125 2197.257568359375 2191.589111328125 2186.74951171875 2181.6796875 2175.751708984375 2169.3486328125 2163.33984375 2158.192626953125 2151.628662109375 2146.23291015625 2140.28564453125 2133.8046875 2128.492919921875 2123.49169921875 2117.678466796875 2111.55615234375 2107.1298828125 2101.897216796875 2098.664306640625 2095.056640625 2091.13037109375 2084.449462890625
2333.3447265625 2328.29248046875 2322.44677734375 2316.53271484375 2309.529052734375 2302.556640625 2295.814697265625 2290.115234375 2284.1787109375 2277.312255859375 2268.880615234375 2261.32861328125 2253.695068359375 2247.296142578125 2240.738525390625 2234.360595703125 2228.953369140625 2222.539306640625 2216.416748046875 2211.92333984375 2208.465576171875 2205.111572265625 2202.098876953125 2198.815185546875 2192.57275390625 2186.292236328125 2180.096435546875 2173.817138671875 2167.901611328125 2162.726806640625 2156.870361328125 2150.421630859375 2143.753662109375 2136.8232421875 2130.836181640625 2125.564697265625 2120.982421875 2116.666015625 2111.794189453125 2107.864501953125 2103.4580078125 2100.035888671875 2095.538818359375 2091.663330078125 2089.079833984375
2334.16943359375 2329.223388671875 2323.102294921875 2316.06591796875 2310.618896484375 2303.752685546875 2296.39599609375 2289.94677734375 2284.095947265625 2277.537109375 2270.750732421875 2262.6806640625 2255.373291015625 2248.328125 2241.789794921875 2235.5458984375 2229.1748046875 2223.104736328125 2216.838623046875 2212.27099609375 2209.2607421875 2205.63525390625 2202.88134765625 2199.714111328125 2193.157958984375 2185.64794921875 2178.257568359375 2172.80712890625 2166.40087890625 2160.6083984375 2154.52099609375 2148.18359375 2142.1142578125 2135.34619140625 2130.705322265625 2127.67041015625 2124.486572265625 2121.15234375 2116.287841796875 2109.728759765625 2105.315185546875 2102.41796875 2099.557861328125 2095.710693359375 2091.181884765625
2335.044189453125 2329.73779296875 2322.943603515625 2316.63818359375 2312.071044921875 2304.90234375 2297.123291015625 2290.28662109375 2282.85009765625 2276.896484375 2270.53125 2264.1103515625 2256.756591796875 2249.3857421875 2243.226806640625 2237.268310546875 2230.1767578125 2224.042724609375 2217.682861328125 2213.21923828125 2209.365966796875 2205.697265625 2203.26416015625 2199.41015625 2193.2333984375 2185.89404296875 2178.700927734375 2171.99560546875 2165.378173828125 2158.955322265625 2152.510498046875 2146.23779296875 2141.023681640625 2137.3720703125 2134.40576171875 2132.277099609375 2129.222900390625 2124.964111328125 2118.017578125 2114.212158203125 2110.168212890625 2105.534423828125 2101.0419921875 2095.934814453125 2091.456298828125
2334.8349609375 2329.738037109375 2323.614501953125 2317.13525390625 2311.9677734375 2305.6650390625 2299.010986328125 2291.796875 2284.586181640625 2278.48681640625 2269.739990234375 2261.861572265625 2256.2197265625 2250.7109375 2244.2021484375 2238.765380859375 2231.77197265625 2224.359130859375 2218.220458984375 2213.518310546875 2209.10400390625 2205.580810546875 2203.142578125 2199.188232421875 2191.95654296875 2184.988037109375 2178.508544921875 2171.528564453125 2164.683837890625 2158.130615234375 2151.778076171875 2146.96728515625 2143.92041015625 2141.65771484375 2139.344482421875 2134.98046875 2129.837646484375 2124.60009765625 2121.393798828125 2117.2578125 2110.792236328125 2105.93310546875 2100.983642578125 2096.082763671875 2091.54296875
2335.221435546875 2330.08544921875 2324.759521484375 2318.56298828125 2313.1103515625 2306.23095703125 2298.841796875 2292.0927734375 2285.59619140625 2279.302734375 2271.217041015625 2263.109619140625 2255.78271484375 2250.501220703125 2244.56103515625 2239.8427734375 2233.539306640625 2226.3603515625 2219.43017578125 2214.6318359375 2209.748046875 2205.928955078125 2203.107666015625 2199.103759765625 2191.77685546875 2184.853271484375 2178.260009765625 2171.174072265625 2164.718017578125 2158.44775390625 2154.444091796875 2151.316162109375 2149.43212890625 2145.6533203125 2140.21923828125 2133.7529296875 2128.67333984375 2125.920166015625 2122.77099609375 2117.753662109375 2111.8232421875 2106.5400390625 2101.682861328125 2097.200927734375 2093.052490234375
2336.974365234375 2331.515625 2326.378662109375 2320.931640625 2315.48974609375 2307.724365234375 2299.03369140625 2292.547607421875 2285.376220703125 2278.972412109375 2271.611328125 2263.120361328125 2257.181396484375 2251.56396484375 2243.86279296875 2239.1748046875 2234.194580078125 2228.15771484375 2221.270263671875 2216.027587890625 2210.603515625 2206.226318359375 2202.635498046875 2198.75830078125 2190.704345703125 2184.367919921875 2177.70263671875 2171.078369140625 2165.579833984375 2162.05029296875 2159.48046875 2156.345703125 2152.041259765625 2145.5234375 2139.6142578125 2134.50537109375 2130.395751953125 2126.635986328125 2121.6416015625 2116.98095703125 2111.623291015625 2107.51806640625 2102.612548828125 2098.879150390625 2096.147705078125
2338.970947265625 2333.656494140625 2328.475830078125 2323.33349609375 2317.76171875 2309.961181640625 2300.9453125 2290.47509765625 2283.59375 2276.666748046875 2269.641357421875 2262.640380859375 2257.14892578125 2251.90625 2244.82421875 2239.834716796875 2234.008544921875 2227.5986328125 2222.78076171875 2216.952392578125 2211.38623046875 2206.823974609375 2202.283447265625 2196.628173828125 2190.578857421875 2184.63818359375 2178.501220703125 2171.8486328125 2169.295654296875 2167.406005859375 2163.9873046875 2158.49560546875 2152.91748046875 2146.2041015625 2140.1904296875 2136.665283203125 2130.80859375 2125.58642578125 2120.719970703125 2116.479736328125 2112.59375 2108.0009765625 2105.070556640625 2102.631591796875 2098.81591796875
2341.28564453125 2336.59228515625 2332.304931640625 2326.45849609375 2318.552734375 2310.51904296875 2301.2998046875 2289.5810546875 2281.98291015625 2274.877685546875 2268.1455078125 2262.17041015625 2256.666748046875 2250.5810546875 2244.654296875 2240.434326171875 2235.55126953125 2229.27734375 2223.667236328125 2216.94921875 2211.218505859375 2205.56396484375 2201.21630859375 2195.61376953125 2190.296875 2184.93896484375 2178.66650390625 2175.315185546875 2173.3017578125 2170.888427734375 2164.172119140625 2158.413818359375 2152.603759765625 2146.212646484375 2140.89111328125 2135.447021484375 2130.028076171875 2125.153564453125 2121.1474609375 2117.510498046875 2114.510986328125 2111.48046875 2108.36962890625 2104.8935546875 2101.629150390625
2342.56787109375 2338.866455078125 2334.4951171875 2328.623291015625 2320.011474609375 2309.431396484375 2297.563720703125 2288.597900390625 2281.26123046875 2274.166015625 2267.29052734375 2260.961669921875 2255.852783203125 2250.130859375 2244.977783203125 2240.4453125 2235.081787109375 2228.650146484375 2223.463623046875 2217.3369140625 2210.978271484375 2205.023681640625 2199.341796875 2194.773681640625 2189.91943359375 2184.46533203125 2180.7001953125 2178.891357421875 2175.134765625 2169.555419921875 2162.234619140625 2156.85595703125 2151.56396484375 2144.76806640625 2139.864501953125 2134.6328125 2130.31787109375 2126.611328125 2123.63037109375 2120.157470703125 2116.78564453125 2113.6171875 2110.492431640625 2107.26123046875 2104.072265625
2342.607421875 2340.035888671875 2335.57373046875 2327.781005859375 2317.8359375 2305.470703125 2297.36767578125 2289.732177734375 2281.203857421875 2274.2666015625 2266.590576171875 2260.208984375 2256.02294921875 2250.46923828125 2244.92724609375 2240.2431640625 2234.454345703125 2227.744873046875 2222.63330078125 2216.889404296875 2209.8359375 2203.487060546875 2198.66552734375 2193.0771484375 2188.522216796875 2185.245361328125 2183.087646484375 2179.0087890625 2174.35986328125 2169.0537109375 2160.880859375 2155.33154296875 2150.445556640625 2146.23486328125 2142.771240234375 2138.455810546875 2134.177978515625 2130.39794921875 2127.28125 2124.169921875 2120.322265625 2117.5810546875 2114.14453125 2110.412109375 2107.195556640625
2341.931884765625 2338.412841796875 2334.07763671875 2324.544921875 2314.550537109375 2304.68896484375 2298.1845703125 2289.5166015625 2282.193115234375 2273.98681640625 2265.704345703125 2259.986328125 2254.667724609375 2249.462890625 2244.427001953125 2238.79296875 2233.963623046875 2228.043212890625 2221.521484375 2215.667236328125 2209.342041015625 2203.184814453125 2198.04345703125 2192.97705078125 2189.112548828125 2187.6103515625 2184.761962890625 2178.976806640625 2172.864990234375 2168.197265625 2161.13427734375 2156.75439453125 2154.93603515625 2153.234130859375 2150.004150390625 2144.968017578125 2140.224609375 2135.416259765625 2130.563720703125 2128.18896484375 2124.543701171875 2120.929443359375 2118.2109375 2114.341064453125 2110.18701171875
2342.6005859375 2338.618896484375 2332.50048828125 2325.168212890625 2314.675537109375 2304.867919921875 2297.0595703125 2290.304443359375 2280.864990234375 2274.1708984375 2265.383544921875 2259.7939453125 2254.376220703125 2249.020751953125 2243.056640625 2238.170654296875 2232.41162109375 2227.76513671875 2221.185791015625 2215.384521484375 2210.3046875 2205.006103515625 2197.828369140625 2193.898681640625 2190.84423828125 2188.341552734375 2183.290283203125 2178.11376953125 2171.4599609375 2166.289306640625 2162.75244140625 2162.852294921875 2161.220458984375 2159.615478515625 2155.873291015625 2151.155517578125 2146.224365234375 2140.361083984375 2135.41455078125 2131.061767578125 2127.99853515625 2124.129150390625 2121.045166015625 2117.877685546875 2114.518310546875
2341.43994140625 2337.212158203125 2330.449462890625 2322.353759765625 2314.043212890625 2304.509765625 2297.426513671875 2289.67578125 2281.75732421875 2273.793701171875 2267.62451171875 2262.119384765625 2256.943359375 2250.812744140625 2244.828369140625 2238.9208984375 2233.581298828125 2228.289794921875 2222.3818359375 2216.779541015625 2211.413330078125 2204.466796875 2198.4404296875 2195.00634765625 2191.170166015625 2184.72802734375 2180.38232421875 2175.615234375 2170.448486328125 2167.23828125 2167.24072265625 2165.273193359375 2163.535888671875 2162.76806640625 2159.41552734375 2156.07763671875 2150.719970703125 2145.52001953125 2139.601806640625 2133.72314453125 2130.027099609375 2127.621337890625 2123.81005859375 2120.72265625 2117.72314453125
