avaframe/data/Davos_Jakobshorn/Inputs/DEM_Jakobshorn_10m.asc
ncols        450
nrows        305
xllcorner    2782450.000000000000
yllcorner    1182750.000000000000
cellsize     10.000000000000
NODATA_value  -9999
[rows 80 to 99 of 305, columns 135 to 179 of 450]
1959.7158203125 1961.217041015625 1963.34912109375 1962.9066162109375 1961.8773193359375 1962.329833984375 1962.9954833984375 1960.8070068359375 1959.5992431640625 1957.69775390625 1958.0216064453125 1957.52490234375 1954.9517822265625 1951.873046875 1947.16748046875 1941.4190673828125 1936.17724609375 1929.0960693359375 1923.1690673828125 1915.7218017578125 1908.563720703125 1899.564697265625 1892.1798095703125 1885.6649169921875 1886.1300048828125 1887.4334716796875 1886.375 1884.683837890625 1882.3231201171875 1882.1422119140625 1880.337890625 1876.5238037109375 1874.45556640625 1870.3160400390625 1865.5908203125 1860.0340576171875 1854.0716552734375 1847.3450927734375 1840.48779296875 1832.6119384765625 1828.4854736328125 1823.664794921875 1820.9849853515625 1818.651123046875 1817.0362548828125
1966.0260009765625 1968.057861328125 1970.1368408203125 1969.22412109375 1967.8543701171875 1967.892578125 1967.779052734375 1965.365966796875 1964.7779541015625 1963.61669921875 1964.1695556640625 1963.224365234375 1960.288330078125 1955.44970703125 1951.2490234375 1947.349853515625 1942.435791015625 1936.0770263671875 1931.4097900390625 1926.9295654296875 1914.9293212890625 1905.4095458984375 1898.428955078125 1893.55712890625 1894.8173828125 1896.09619140625 1893.659912109375 1892.3638916015625 1890.3892822265625 1889.01025390625 1886.14599609375 1883.7625732421875 1880.1087646484375 1875.38671875 1869.4500732421875 1864.4168701171875 1855.4224853515625 1848.2869873046875 1843.6346435546875 1836.7730712890625 1831.64453125 1828.418701171875 1825.4140625 1823.636962890625 1822.2467041015625
1973.30908203125 1976.389404296875 1977.0281982421875 1976.4119873046875 1975.2225341796875 1975.015625 1973.38525390625 1971.714111328125 1970.9793701171875 1970.662109375 1971.3070068359375 1969.1868896484375 1965.0921630859375 1961.6505126953125 1957.201904296875 1953.124267578125 1948.0245361328125 1943.12353515625 1937.533203125 1931.294677734375 1922.811279296875 1914.2506103515625 1906.1884765625 1901.6839599609375 1905.0040283203125 1904.421142578125 1901.5264892578125 1899.73193359375 1898.2938232421875 1895.1754150390625 1892.9058837890625 1889.0015869140625 1884.50341796875 1880.1077880859375 1874.766845703125 1866.37939453125 1856.337646484375 1850.730712890625 1844.9481201171875 1839.9925537109375 1835.2528076171875 1832.05224609375 1830.18408203125 1829.170166015625 1827.3143310546875
1980.99658203125 1983.6197509765625 1983.67041015625 1982.9327392578125 1982.423583984375 1981.7105712890625 1979.7803955078125 1978.7032470703125 1978.291259765625 1977.494873046875 1976.9290771484375 1974.6678466796875 1970.1414794921875 1965.2633056640625 1961.386962890625 1957.9124755859375 1952.51123046875 1945.465087890625 1939.865966796875 1934.81640625 1930.96044921875 1926.4097900390625 1915.1888427734375 1909.9058837890625 1913.7838134765625 1910.071044921875 1908.04443359375 1906.2484130859375 1902.959228515625 1900.3558349609375 1898.0203857421875 1893.0411376953125 1886.2281494140625 1880.3399658203125 1873.9932861328125 1865.03662109375 1858.924072265625 1852.7540283203125 1847.12158203125 1842.8531494140625 1839.5579833984375 1838.0262451171875 1836.3248291015625 1834.82861328125 1832.37353515625
1987.102783203125 1988.8798828125 1989.45361328125 1988.96142578125 1987.814208984375 1985.614501953125 1983.52001953125 1983.7027587890625 1983.216064453125 1982.470947265625 1981.006591796875 1978.178466796875 1973.9713134765625 1969.593994140625 1964.418212890625 1960.2086181640625 1956.7294921875 1950.2479248046875 1944.4013671875 1941.9698486328125 1936.0667724609375 1929.6561279296875 1923.7540283203125 1918.44482421875 1922.078857421875 1917.7783203125 1914.9178466796875 1912.3214111328125 1907.97607421875 1905.451171875 1898.4771728515625 1890.765869140625 1885.1810302734375 1879.53076171875 1873.5836181640625 1866.1644287109375 1860.5770263671875 1856.196044921875 1851.3148193359375 1847.1236572265625 1844.1573486328125 1843.06005859375 1842.09716796875 1840.158935546875 1837.3369140625
1992.307861328125 1992.6834716796875 1993.5411376953125 1994.2100830078125 1992.619140625 1989.8192138671875 1987.7625732421875 1987.196044921875 1986.6361083984375 1985.18212890625 1984.360107421875 1982.482421875 1978.294921875 1973.2982177734375 1968.33544921875 1963.6827392578125 1959.4046630859375 1954.18798828125 1949.6527099609375 1945.6181640625 1939.352294921875 1933.792724609375 1929.493408203125 1929.1529541015625 1928.784912109375 1924.3045654296875 1920.5604248046875 1916.3026123046875 1912.64306640625 1906.6151123046875 1900.3116455078125 1892.0396728515625 1886.087158203125 1880.078857421875 1873.932373046875 1869.125 1863.961669921875 1858.973388671875 1854.3111572265625 1852.86865234375 1850.07275390625 1848.7469482421875 1847.35595703125 1844.9754638671875 1842.227294921875
1997.47705078125 1997.0260009765625 1997.30908203125 1997.24169921875 1996.93994140625 1994.67138671875 1992.1103515625 1991.0302734375 1990.034423828125 1989.71875 1988.5567626953125 1986.9952392578125 1982.184814453125 1976.6307373046875 1973.22265625 1969.04248046875 1963.306884765625 1958.5806884765625 1954.420654296875 1949.41796875 1944.6290283203125 1939.4010009765625 1936.0244140625 1937.32470703125 1934.97998046875 1930.223388671875 1925.210693359375 1921.5804443359375 1913.1954345703125 1905.9935302734375 1898.9578857421875 1893.476318359375 1887.8553466796875 1882.283203125 1877.758056640625 1872.3411865234375 1866.4268798828125 1862.802001953125 1860.7344970703125 1857.537109375 1855.779541015625 1854.371337890625 1852.514404296875 1850.174072265625 1846.9478759765625
2003.329345703125 2001.564697265625 2000.6712646484375 2000.1865234375 2000.968017578125 1998.5211181640625 1996.3115234375 1995.91796875 1995.36962890625 1994.7252197265625 1993.766357421875 1991.6689453125 1987.3870849609375 1982.2989501953125 1978.7088623046875 1972.6697998046875 1968.65234375 1964.8006591796875 1958.6502685546875 1952.7008056640625 1947.02783203125 1943.2706298828125 1942.6148681640625 1943.0347900390625 1940.98974609375 1934.9267578125 1929.7872314453125 1923.40478515625 1914.6275634765625 1908.6795654296875 1901.6812744140625 1895.699951171875 1890.24853515625 1884.91357421875 1879.16357421875 1874.11083984375 1871.2918701171875 1869.3271484375 1865.363037109375 1862.849853515625 1862.3631591796875 1859.6298828125 1857.5360107421875 1854.9674072265625 1852.9420166015625
2008.943359375 2006.407958984375 2004.530517578125 2003.653564453125 2004.125732421875 2003.1080322265625 2001.2044677734375 2000.8638916015625 2000.9404296875 2000.2353515625 1999.2840576171875 1997.280029296875 1992.12841796875 1985.9779052734375 1982.56689453125 1977.626220703125 1975.4102783203125 1970.1416015625 1963.293212890625 1956.336181640625 1951.1806640625 1949.8465576171875 1948.6903076171875 1948.0615234375 1943.9791259765625 1938.595703125 1930.7437744140625 1922.814697265625 1916.4404296875 1909.9669189453125 1904.046142578125 1898.1748046875 1892.2738037109375 1887.14453125 1883.8765869140625 1881.494873046875 1877.199951171875 1872.682861328125 1871.036376953125 1868.61962890625 1867.6224365234375 1865.0380859375 1862.3001708984375 1860.1497802734375 1858.5032958984375
2014.0721435546875 2011.4542236328125 2008.858642578125 2008.2423095703125 2007.6190185546875 2007.0322265625 2005.61767578125 2005.5546875 2005.222900390625 2004.5093994140625 2003.7623291015625 2002.171630859375 1997.147705078125 1991.199462890625 1987.2679443359375 1981.77294921875 1981.242431640625 1974.7088623046875 1967.407470703125 1960.0421142578125 1957.4111328125 1956.4149169921875 1955.22900390625 1952.6612548828125 1945.5894775390625 1941.926025390625 1931.4046630859375 1924.5048828125 1918.9266357421875 1913.0595703125 1906.853759765625 1902.0682373046875 1897.5960693359375 1893.84228515625 1891.62548828125 1886.15869140625 1881.3258056640625 1877.515625 1876.80908203125 1874.81787109375 1872.983642578125 1869.9534912109375 1867.0389404296875 1865.027587890625 1863.9617919921875
2017.922119140625 2015.4942626953125 2012.55810546875 2012.374267578125 2012.209228515625 2010.6898193359375 2009.0838623046875 2009.1031494140625 2009.1204833984375 2008.8572998046875 2008.9853515625 2007.7274169921875 2002.6019287109375 1997.5875244140625 1993.5303955078125 1991.01904296875 1985.37841796875 1977.4329833984375 1971.028564453125 1965.7554931640625 1964.0438232421875 1963.538818359375 1960.9786376953125 1954.555419921875 1949.3173828125 1941.10009765625 1934.0294189453125 1928.322509765625 1923.26123046875 1918.1153564453125 1913.96826171875 1910.0924072265625 1905.9896240234375 1902.507568359375 1895.9405517578125 1891.06494140625 1886.2982177734375 1882.942626953125 1883.183349609375 1881.5623779296875 1878.513916015625 1876.343505859375 1873.1807861328125 1870.614990234375 1869.458984375
2021.2022705078125 2018.760009765625 2016.1346435546875 2015.7569580078125 2015.562255859375 2014.376220703125 2013.1317138671875 2012.7877197265625 2012.8009033203125 2013.2313232421875 2013.4019775390625 2012.6859130859375 2008.36767578125 2002.9005126953125 1999.322265625 1994.927978515625 1988.7620849609375 1982.5289306640625 1977.9478759765625 1973.3525390625 1971.248779296875 1969.852294921875 1964.4493408203125 1957.3272705078125 1951.279052734375 1943.9674072265625 1939.9425048828125 1938.1422119140625 1933.2978515625 1926.865478515625 1922.4525146484375 1917.2667236328125 1914.21435546875 1909.9803466796875 1903.9193115234375 1896.6700439453125 1891.795654296875 1889.490478515625 1889.1395263671875 1887.063232421875 1885.033203125 1882.8961181640625 1880.0263671875 1876.974365234375 1876.170654296875
2024.066650390625 2021.9110107421875 2020.1112060546875 2019.312744140625 2018.9742431640625 2018.3990478515625 2017.25732421875 2016.590087890625 2016.8170166015625 2017.2188720703125 2017.8421630859375 2017.6727294921875 2014.4376220703125 2009.8157958984375 2005.307373046875 2000.510009765625 1994.469970703125 1987.8551025390625 1982.6871337890625 1979.8228759765625 1978.263427734375 1974.9517822265625 1968.2430419921875 1961.8026123046875 1954.6976318359375 1951.4990234375 1949.9189453125 1947.2196044921875 1941.1658935546875 1934.1785888671875 1929.30859375 1925.0828857421875 1920.7548828125 1916.23046875 1910.3768310546875 1903.594970703125 1898.7593994140625 1896.152587890625 1895.5048828125 1893.6533203125 1892.4647216796875 1890.1060791015625 1886.5152587890625 1883.5137939453125 1881.5926513671875
2027.073974609375 2024.9117431640625 2023.7261962890625 2023.8612060546875 2023.802001953125 2023.05615234375 2021.7166748046875 2021.2657470703125 2021.3773193359375 2021.631103515625 2022.7449951171875 2022.8822021484375 2020.250732421875 2015.6241455078125 2011.04443359375 2005.7982177734375 2000.0469970703125 1994.8048095703125 1989.5068359375 1986.29345703125 1984.0091552734375 1979.13427734375 1971.931396484375 1967.3734130859375 1960.4169921875 1960.1890869140625 1960.39697265625 1956.2122802734375 1949.2967529296875 1942.883056640625 1936.09619140625 1932.296142578125 1927.2293701171875 1921.786376953125 1915.79736328125 1910.0802001953125 1905.5009765625 1903.6639404296875 1902.74755859375 1900.9139404296875 1899.2122802734375 1895.9813232421875 1892.9752197265625 1888.676513671875 1888.384521484375
2031.6783447265625 2029.4342041015625 2028.8045654296875 2029.1376953125 2029.2855224609375 2027.97802734375 2026.1849365234375 2026.0516357421875 2026.2950439453125 2026.9608154296875 2028.350341796875 2028.660400390625 2025.688232421875 2021.211181640625 2017.622802734375 2012.88720703125 2006.7069091796875 2001.6224365234375 1996.8966064453125 1993.5399169921875 1988.8514404296875 1983.208984375 1979.398681640625 1972.0604248046875 1967.9425048828125 1969.9681396484375 1968.6549072265625 1964.9886474609375 1963.1712646484375 1953.381103515625 1946.0185546875 1940.6319580078125 1934.5419921875 1928.602783203125 1922.0980224609375 1916.41064453125 1912.181640625 1910.612060546875 1910.275390625 1907.04345703125 1905.8380126953125 1901.8690185546875 1896.4984130859375 1894.1199951171875 1894.498291015625
2039.3953857421875 2036.683837890625 2035.230712890625 2035.2684326171875 2035.3385009765625 2033.291259765625 2031.6917724609375 2030.7174072265625 2031.3050537109375 2032.426025390625 2033.7645263671875 2033.5718994140625 2031.37548828125 2027.71240234375 2024.342529296875 2019.7225341796875 2014.9908447265625 2008.913818359375 2003.674072265625 1999.6669921875 1995.516357421875 1989.91796875 1985.143310546875 1976.9951171875 1976.149658203125 1977.536865234375 1977.119140625 1977.216064453125 1973.2669677734375 1966.0267333984375 1958.6025390625 1953.846435546875 1944.796142578125 1937.845703125 1928.7510986328125 1924.3997802734375 1920.177001953125 1918.166259765625 1915.5791015625 1912.988037109375 1910.9952392578125 1907.091796875 1901.0010986328125 1899.954833984375 1900.6795654296875
2047.1717529296875 2044.7725830078125 2042.740966796875 2042.1109619140625 2041.9755859375 2039.5208740234375 2037.3123779296875 2036.4483642578125 2036.610107421875 2037.353271484375 2038.1219482421875 2037.71435546875 2036.490966796875 2034.2315673828125 2031.032470703125 2026.17041015625 2022.1927490234375 2015.5704345703125 2010.053955078125 2005.328857421875 2000.214111328125 1997.1982421875 1991.569580078125 1985.072021484375 1983.9461669921875 1984.132080078125 1985.00439453125 1985.602783203125 1982.6185302734375 1977.5738525390625 1967.4241943359375 1960.668212890625 1953.1993408203125 1945.540283203125 1940.1258544921875 1932.321533203125 1927.006103515625 1924.606689453125 1921.0240478515625 1919.39404296875 1915.4969482421875 1911.1650390625 1906.5880126953125 1905.2987060546875 1905.84228515625
2057.072509765625 2053.358642578125 2050.605224609375 2050.12451171875 2048.71630859375 2046.4501953125 2043.1597900390625 2041.88525390625 2041.6236572265625 2041.8651123046875 2041.865966796875 2042.0584716796875 2041.367431640625 2039.626220703125 2037.078857421875 2033.060791015625 2028.5279541015625 2022.760009765625 2016.5372314453125 2011.076171875 2008.8751220703125 2003.3077392578125 1997.1541748046875 1993.5792236328125 1991.7325439453125 1991.27197265625 1992.851806640625 1992.7359619140625 1989.1051025390625 1983.9674072265625 1978.763671875 1969.3876953125 1959.8023681640625 1951.837890625 1945.280029296875 1937.4786376953125 1933.3922119140625 1930.0648193359375 1927.8975830078125 1925.637451171875 1922.8958740234375 1916.324462890625 1912.4349365234375 1911.0843505859375 1910.876953125
2067.5634765625 2062.066162109375 2059.344482421875 2057.088134765625 2055.46728515625 2053.285888671875 2050.111083984375 2047.9595947265625 2046.9886474609375 2046.6734619140625 2046.109619140625 2046.9068603515625 2046.3809814453125 2045.1932373046875 2042.537841796875 2038.64697265625 2034.1068115234375 2028.0665283203125 2022.44677734375 2017.406982421875 2014.4049072265625 2007.9095458984375 2004.9620361328125 2000.812744140625 1998.125 1998.670654296875 2000.6656494140625 1998.7137451171875 1994.8470458984375 1989.5458984375 1982.56298828125 1974.220458984375 1965.7481689453125 1957.8577880859375 1950.6817626953125 1943.80615234375 1940.339599609375 1936.786865234375 1934.93310546875 1932.1849365234375 1929.66748046875 1922.35546875 1917.901123046875 1917.0355224609375 1917.9713134765625
2077.414794921875 2072.1376953125 2068.197509765625 2064.802978515625 2062.486083984375 2060.177001953125 2057.33740234375 2054.748046875 2052.51904296875 2052.004150390625 2050.807861328125 2051.96435546875 2052.069091796875 2050.644287109375 2047.3154296875 2043.651611328125 2039.4569091796875 2034.0498046875 2028.4515380859375 2024.669677734375 2018.738037109375 2014.09765625 2011.216796875 2007.122314453125 2004.781005859375 2005.6536865234375 2007.401611328125 2004.738037109375 2000.651123046875 1995.7066650390625 1987.7349853515625 1980.68408203125 1972.5218505859375 1963.2733154296875 1955.03369140625 1951.8946533203125 1947.963134765625 1944.8037109375 1942.3096923828125 1939.63623046875 1934.76123046875 1928.5162353515625 1924.4415283203125 1922.7117919921875 1924.47021484375
