avaframe/data/Davos_Jakobshorn/Inputs/DEM_Jakobshorn_10m.asc
ncols        450
nrows        305
xllcorner    2782450.000000000000
yllcorner    1182750.000000000000
cellsize     10.000000000000
NODATA_value  -9999
[rows 40 to 59 of 305, columns 45 to 89 of 450]
1639.5699462890625 1642.8294677734375 1645.32421875 1647.3502197265625 1649.3336181640625 1650.5902099609375 1654.1160888671875 1651.1939697265625 1649.755126953125 1651.148193359375 1652.8187255859375 1655.3128662109375 1657.0550537109375 1660.99560546875 1665.8526611328125 1669.7469482421875 1674.35009765625 1676.232421875 1679.9576416015625 1683.1202392578125 1684.671142578125 1687.7301025390625 1691.4697265625 1691.7308349609375 1690.4569091796875 1685.773681640625 1683.3043212890625 1682.3665771484375 1684.7392578125 1686.529052734375 1687.975830078125 1691.095458984375 1690.598388671875 1692.388671875 1694.898193359375 1696.7401123046875 1699.4085693359375 1700.5816650390625 1702.7218017578125 1704.6998291015625 1708.389404296875 1710.8668212890625 1715.5567626953125 1718.536376953125 1720.631103515625
1645.5731201171875 1650.66845703125 1651.75732421875 1653.629638671875 1655.8204345703125 1657.10693359375 1658.17724609375 1658.0904541015625 1655.6380615234375 1656.386962890625 1658.0335693359375 1659.3905029296875 1661.540283203125 1664.2833251953125 1669.3271484375 1673.840576171875 1679.0677490234375 1682.013671875 1684.8436279296875 1688.316650390625 1690.4150390625 1693.168212890625 1696.4891357421875 1697.2188720703125 1695.2513427734375 1690.1075439453125 1687.3468017578125 1688.0411376953125 1689.80224609375 1693.0889892578125 1695.9063720703125 1697.2672119140625 1698.1500244140625 1697.978271484375 1701.0838623046875 1703.601806640625 1705.3319091796875 1707.0849609375 1709.3602294921875 1710.465087890625 1713.8031005859375 1716.45947265625 1721.118896484375 1724.930419921875 1729.3021240234375
1650.3653564453125 1654.9910888671875 1658.84912109375 1660.4356689453125 1662.0843505859375 1664.0457763671875 1666.0645751953125 1664.1978759765625 1661.8018798828125 1661.0577392578125 1662.8984375 1663.733642578125 1666.6859130859375 1669.2081298828125 1672.62744140625 1677.558837890625 1681.4232177734375 1685.229736328125 1689.8626708984375 1693.307373046875 1695.97412109375 1698.781494140625 1700.9520263671875 1702.284912109375 1698.8978271484375 1695.3187255859375 1692.79833984375 1694.9810791015625 1697.6270751953125 1700.5972900390625 1702.506103515625 1704.4803466796875 1703.9505615234375 1704.1038818359375 1707.1173095703125 1709.7520751953125 1712.8319091796875 1712.7318115234375 1715.3692626953125 1717.656494140625 1719.6463623046875 1723.0548095703125 1726.3575439453125 1730.958740234375 1735.493408203125
1656.81787109375 1660.43896484375 1663.2655029296875 1666.2469482421875 1668.2010498046875 1669.1927490234375 1670.1943359375 1670.5513916015625 1667.548095703125 1666.5943603515625 1667.885009765625 1669.7945556640625 1670.5745849609375 1672.987060546875 1676.8218994140625 1681.1546630859375 1686.0130615234375 1688.90380859375 1693.0469970703125 1698.379150390625 1701.1614990234375 1704.66259765625 1707.3433837890625 1706.4132080078125 1702.65478515625 1700.3707275390625 1698.7598876953125 1700.4151611328125 1704.4429931640625 1706.1937255859375 1708.6541748046875 1709.7545166015625 1711.012939453125 1710.984130859375 1713.443603515625 1715.29052734375 1718.3109130859375 1720.6064453125 1723.1944580078125 1726.071044921875 1727.058837890625 1730.474365234375 1732.529052734375 1737.7218017578125 1741.7935791015625
1663.188720703125 1666.18603515625 1669.7821044921875 1672.120849609375 1673.774169921875 1674.9451904296875 1676.1617431640625 1676.6441650390625 1673.4652099609375 1671.9571533203125 1672.883544921875 1674.23193359375 1674.87841796875 1677.73681640625 1681.085693359375 1685.4075927734375 1690.0887451171875 1694.5465087890625 1698.2938232421875 1703.2994384765625 1707.043212890625 1709.25341796875 1712.6453857421875 1710.5157470703125 1708.81103515625 1706.6981201171875 1706.6422119140625 1706.894287109375 1710.9766845703125 1713.298095703125 1715.192626953125 1716.8204345703125 1717.210693359375 1717.6058349609375 1720.49755859375 1722.6649169921875 1725.8138427734375 1728.36181640625 1731.600341796875 1733.5252685546875 1734.479736328125 1738.1685791015625 1740.55078125 1744.23974609375 1748.022216796875
1668.9798583984375 1671.2288818359375 1675.5826416015625 1677.553955078125 1679.5185546875 1680.4827880859375 1681.465087890625 1681.7994384765625 1679.542236328125 1677.849609375 1677.8367919921875 1678.96435546875 1679.9388427734375 1681.7724609375 1685.7042236328125 1689.90478515625 1693.9302978515625 1699.575439453125 1704.3046875 1708.5584716796875 1713.6597900390625 1716.30419921875 1718.98828125 1717.2447509765625 1714.8287353515625 1713.15966796875 1713.4732666015625 1714.119140625 1718.465087890625 1720.3236083984375 1721.5787353515625 1722.44580078125 1724.166015625 1725.4527587890625 1727.1673583984375 1730.701416015625 1733.1578369140625 1735.86572265625 1737.5894775390625 1740.134765625 1740.5098876953125 1744.57275390625 1747.56884765625 1750.6116943359375 1755.0657958984375
1674.5009765625 1677.2816162109375 1680.02197265625 1683.8814697265625 1685.852294921875 1686.053955078125 1687.589111328125 1687.8087158203125 1686.065185546875 1684.0262451171875 1684.01513671875 1684.4102783203125 1685.931396484375 1686.71044921875 1690.647216796875 1695.420166015625 1699.340087890625 1703.873779296875 1709.1910400390625 1713.7353515625 1719.0086669921875 1722.4205322265625 1725.00634765625 1724.60693359375 1720.8106689453125 1720.357666015625 1722.30615234375 1721.5189208984375 1726.2596435546875 1728.8118896484375 1730.0001220703125 1730.0177001953125 1731.01220703125 1733.209228515625 1735.841064453125 1737.1737060546875 1740.64013671875 1743.3004150390625 1744.943359375 1746.9801025390625 1747.5274658203125 1751.2154541015625 1756.00439453125 1758.21142578125 1761.4638671875
1678.67333984375 1683.48974609375 1684.820556640625 1689.00927734375 1690.708251953125 1692.2506103515625 1693.1483154296875 1693.8778076171875 1692.6026611328125 1691.0169677734375 1689.943603515625 1690.4442138671875 1690.95556640625 1692.732177734375 1695.2850341796875 1700.424072265625 1704.4761962890625 1708.473876953125 1712.886962890625 1717.97607421875 1723.8079833984375 1727.26171875 1730.90185546875 1730.23876953125 1725.9593505859375 1726.701904296875 1730.5953369140625 1730.9495849609375 1734.8424072265625 1735.643798828125 1737.1478271484375 1737.8521728515625 1738.078857421875 1739.8734130859375 1743.25830078125 1744.6534423828125 1748.0030517578125 1749.6600341796875 1751.99609375 1753.7032470703125 1755.7027587890625 1756.1707763671875 1763.830810546875 1767.0113525390625 1768.9210205078125
1680.291748046875 1686.96826171875 1690.16259765625 1693.7900390625 1696.4080810546875 1697.0963134765625 1698.4501953125 1699.2171630859375 1699.219970703125 1698.601318359375 1695.99755859375 1695.7218017578125 1696.8763427734375 1698.8739013671875 1701.2982177734375 1704.61328125 1710.2938232421875 1713.928955078125 1717.5294189453125 1722.1102294921875 1727.97509765625 1733.4669189453125 1736.75390625 1735.947021484375 1733.1190185546875 1735.2840576171875 1737.1400146484375 1739.4625244140625 1740.447021484375 1743.629638671875 1744.24267578125 1745.0350341796875 1745.7449951171875 1748.866455078125 1751.5506591796875 1753.22998046875 1755.4561767578125 1758.0076904296875 1759.5140380859375 1760.5076904296875 1763.109375 1763.1781005859375 1767.6346435546875 1772.5262451171875 1776.0338134765625
1683.716796875 1689.159912109375 1695.1298828125 1698.4315185546875 1702.012939453125 1703.0809326171875 1704.0089111328125 1704.9638671875 1704.9027099609375 1704.8443603515625 1702.39013671875 1701.05859375 1702.1307373046875 1704.0513916015625 1706.6279296875 1710.4293212890625 1715.119140625 1719.32568359375 1723.3154296875 1727.7139892578125 1730.9808349609375 1737.572265625 1742.271240234375 1742.251708984375 1739.8160400390625 1741.6622314453125 1744.10888671875 1746.2042236328125 1746.850341796875 1748.414306640625 1750.9501953125 1751.63330078125 1752.6414794921875 1756.0709228515625 1758.3760986328125 1759.66552734375 1762.8321533203125 1765.8275146484375 1767.8341064453125 1769.2530517578125 1770.1455078125 1770.734619140625 1772.823974609375 1779.6328125 1783.978515625
1686.5596923828125 1691.17041015625 1697.761962890625 1703.6407470703125 1706.8818359375 1709.9573974609375 1710.3858642578125 1710.4407958984375 1710.761474609375 1710.6636962890625 1709.660888671875 1707.54052734375 1708.09130859375 1709.8177490234375 1712.8739013671875 1715.883544921875 1719.927001953125 1724.8104248046875 1729.4415283203125 1732.2264404296875 1736.5819091796875 1741.17578125 1746.8349609375 1748.1427001953125 1746.695068359375 1748.3099365234375 1750.642578125 1752.6832275390625 1754.46826171875 1754.4107666015625 1757.111083984375 1758.0184326171875 1758.57958984375 1762.5050048828125 1765.2236328125 1767.720458984375 1768.643798828125 1772.745361328125 1776.019775390625 1776.81689453125 1778.575439453125 1779.7305908203125 1778.884521484375 1784.0379638671875 1791.7608642578125
1692.6436767578125 1695.3934326171875 1700.74072265625 1707.1070556640625 1712.333984375 1715.234375 1715.837158203125 1716.07958984375 1716.947509765625 1717.61376953125 1715.729736328125 1714.112060546875 1714.372802734375 1715.77734375 1719.25 1723.2354736328125 1726.143798828125 1731.128662109375 1735.14599609375 1738.5352783203125 1742.853759765625 1746.568115234375 1751.182373046875 1754.9381103515625 1754.0509033203125 1754.9461669921875 1758.315185546875 1760.1904296875 1760.919677734375 1761.86376953125 1763.719970703125 1765.002685546875 1765.340576171875 1768.8046875 1772.605224609375 1775.403564453125 1776.980224609375 1780.19287109375 1783.690185546875 1784.86865234375 1787.1221923828125 1789.38525390625 1787.7532958984375 1789.31689453125 1796.95361328125
1700.57080078125 1701.1729736328125 1705.4039306640625 1710.8092041015625 1717.13232421875 1720.9061279296875 1722.1832275390625 1722.967041015625 1722.756103515625 1723.5506591796875 1721.76171875 1719.94140625 1721.205322265625 1723.697998046875 1726.65869140625 1730.5128173828125 1733.1126708984375 1735.648681640625 1740.5528564453125 1744.6917724609375 1748.71826171875 1752.3897705078125 1756.2406005859375 1761.37890625 1760.5257568359375 1761.61376953125 1764.5731201171875 1767.469482421875 1769.25439453125 1769.11474609375 1769.1373291015625 1771.76025390625 1772.5701904296875 1774.47412109375 1779.7838134765625 1783.078857421875 1785.6793212890625 1788.0531005859375 1790.8382568359375 1792.4039306640625 1795.0928955078125 1797.5716552734375 1798.2054443359375 1796.739990234375 1803.6539306640625
1708.7476806640625 1709.732666015625 1710.217529296875 1714.9637451171875 1719.5255126953125 1725.812744140625 1728.2314453125 1729.4171142578125 1730.2337646484375 1729.434814453125 1728.0252685546875 1726.777587890625 1728.1439208984375 1731.6929931640625 1734.6405029296875 1736.595458984375 1740.2855224609375 1743.0322265625 1746.965576171875 1751.5982666015625 1755.4334716796875 1759.3963623046875 1762.984375 1767.2083740234375 1768.730224609375 1769.0523681640625 1771.7432861328125 1773.8773193359375 1775.9014892578125 1776.7672119140625 1775.72119140625 1777.9093017578125 1781.0411376953125 1782.645751953125 1784.3214111328125 1789.507568359375 1793.088623046875 1794.828369140625 1798.10595703125 1799.135498046875 1803.8780517578125 1805.1925048828125 1806.3560791015625 1803.8533935546875 1807.655517578125
1713.866943359375 1716.2396240234375 1717.4464111328125 1719.4732666015625 1723.896484375 1728.3697509765625 1733.8914794921875 1736.0164794921875 1736.8914794921875 1737.00927734375 1734.8519287109375 1733.3338623046875 1735.8157958984375 1737.303955078125 1740.361572265625 1743.40625 1747.11376953125 1751.0179443359375 1753.9647216796875 1758.3475341796875 1762.0369873046875 1765.884521484375 1770.1390380859375 1773.9100341796875 1775.7576904296875 1777.0657958984375 1779.805419921875 1781.7005615234375 1783.506103515625 1783.1494140625 1782.8583984375 1784.3157958984375 1789.1656494140625 1790.85791015625 1793.0238037109375 1795.20849609375 1800.541748046875 1802.821044921875 1804.8970947265625 1806.2159423828125 1808.7784423828125 1811.2193603515625 1813.5311279296875 1811.8922119140625 1814.3201904296875
1719.622802734375 1722.1376953125 1724.2276611328125 1724.970703125 1728.4105224609375 1732.775390625 1737.572509765625 1741.6065673828125 1742.487548828125 1742.4766845703125 1740.86376953125 1739.81787109375 1742.144775390625 1744.8863525390625 1748.35546875 1750.338623046875 1754.2867431640625 1758.5440673828125 1762.6463623046875 1765.9451904296875 1770.337158203125 1775.4337158203125 1778.61474609375 1780.2347412109375 1782.6533203125 1785.3033447265625 1788.1141357421875 1789.551025390625 1790.9134521484375 1789.2237548828125 1788.805419921875 1790.55859375 1793.935546875 1798.3936767578125 1800.262451171875 1803.146728515625 1806.600341796875 1809.0126953125 1809.9652099609375 1813.0528564453125 1815.0111083984375 1817.9564208984375 1821.3424072265625 1819.83837890625 1822.168701171875
1726.8614501953125 1728.2728271484375 1730.539306640625 1731.8568115234375 1733.9990234375 1737.4566650390625 1742.8291015625 1747.593505859375 1749.5166015625 1749.4825439453125 1747.3455810546875 1746.2894287109375 1748.822021484375 1751.778076171875 1755.4974365234375 1757.930908203125 1761.7724609375 1767.4901123046875 1771.6787109375 1775.8330078125 1781.8057861328125 1786.9508056640625 1789.801513671875 1789.752685546875 1790.095703125 1792.9013671875 1795.798095703125 1797.8499755859375 1798.4520263671875 1797.2298583984375 1796.3160400390625 1798.0989990234375 1799.360595703125 1804.973388671875 1807.822998046875 1811.021484375 1812.5418701171875 1814.793212890625 1816.6029052734375 1819.3497314453125 1822.0673828125 1825.253173828125 1827.99365234375 1828.10205078125 1830.4930419921875
1734.4984130859375 1736.08203125 1739.2470703125 1739.3323974609375 1740.176025390625 1743.58203125 1747.999755859375 1752.5880126953125 1756.444580078125 1756.5316162109375 1753.9854736328125 1752.7069091796875 1754.91796875 1758.4249267578125 1761.5972900390625 1766.0780029296875 1772.797119140625 1776.5615234375 1780.2154541015625 1784.0986328125 1790.7481689453125 1800.0975341796875 1800.0565185546875 1803.729736328125 1804.475830078125 1801.173828125 1804.1092529296875 1807.5369873046875 1806.4779052734375 1804.378173828125 1806.84375 1805.2392578125 1808.7137451171875 1810.5001220703125 1813.4183349609375 1816.855224609375 1818.9014892578125 1821.0001220703125 1822.5272216796875 1824.9852294921875 1828.238037109375 1831.25048828125 1834.969970703125 1837.61279296875 1837.9515380859375
1742.7540283203125 1746.794921875 1747.1175537109375 1746.1717529296875 1747.1954345703125 1748.913330078125 1753.9371337890625 1758.119140625 1762.249267578125 1763.1756591796875 1761.90625 1760.1995849609375 1761.658203125 1765.084716796875 1769.0113525390625 1774.7744140625 1779.85791015625 1784.83984375 1790.1954345703125 1793.8701171875 1799.0469970703125 1805.2430419921875 1811.5145263671875 1814.212158203125 1817.6544189453125 1815.705322265625 1817.964111328125 1819.51611328125 1813.4913330078125 1811.361328125 1814.4986572265625 1813.7239990234375 1815.3482666015625 1815.780517578125 1819.2740478515625 1822.8792724609375 1825.1778564453125 1827.2208251953125 1828.883056640625 1832.4508056640625 1834.4071044921875 1838.060791015625 1842.577392578125 1845.411376953125 1845.073974609375
1755.605224609375 1756.0809326171875 1755.6956787109375 1756.189208984375 1755.293212890625 1755.1409912109375 1758.5185546875 1763.18603515625 1768.218994140625 1769.713623046875 1768.871337890625 1767.63623046875 1769.3299560546875 1772.3988037109375 1775.8978271484375 1782.084716796875 1786.921142578125 1792.4793701171875 1796.2088623046875 1801.0177001953125 1806.348876953125 1814.0556640625 1822.0806884765625 1824.0098876953125 1826.071533203125 1828.31298828125 1828.410888671875 1825.6507568359375 1819.796630859375 1818.6807861328125 1821.641845703125 1821.294189453125 1820.6602783203125 1822.7188720703125 1824.0645751953125 1828.1031494140625 1831.3790283203125 1832.9307861328125 1835.19287109375 1839.17919921875 1841.3226318359375 1845.468017578125 1849.1011962890625 1852.4959716796875 1852.9439697265625
