avaframe/data/Davos_Jakobshorn/Inputs/DEM_Jakobshorn_10m.asc
ncols        450
nrows        305
xllcorner    2782450.000000000000
yllcorner    1182750.000000000000
cellsize     10.000000000000
NODATA_value  -9999
[rows 280 to 299 of 305, columns 225 to 269 of 450]
2319.76611328125 2317.50830078125 2315.31298828125 2313.376953125 2311.758056640625 2310.541748046875 2308.98828125 2306.8681640625 2303.75146484375 2300.872802734375 2298.63525390625 2297.134033203125 2295.853759765625 2295.57421875 2295.620849609375 2294.045654296875 2292.55517578125 2291.6484375 2291.359130859375 2292.757080078125 2294.231201171875 2293.065673828125 2291.63623046875 2295.015869140625 2297.75244140625 2292.637451171875 2290.990966796875 2290.4423828125 2290.119384765625 2288.722412109375 2287.72119140625 2287.572265625 2287.29638671875 2285.415771484375 2283.5537109375 2282.34326171875 2281.593017578125 2280.012939453125 2275.182861328125 2270.2490234375 2266.22021484375 2263.657470703125 2262.7119140625 2260.974609375 2259.95703125
2321.5263671875 2318.154052734375 2316.354736328125 2315.639892578125 2314.421875 2312.86376953125 2311.337646484375 2308.9951171875 2305.861572265625 2303.699951171875 2301.451416015625 2300.386474609375 2299.37548828125 2298.241455078125 2297.815185546875 2296.043212890625 2294.334228515625 2293.948486328125 2293.430908203125 2295.338623046875 2295.96533203125 2293.884033203125 2291.892333984375 2295.2978515625 2298.32177734375 2293.535888671875 2292.59326171875 2291.576171875 2291.243408203125 2289.7646484375 2288.0869140625 2288.81982421875 2288.269287109375 2285.941162109375 2285.712158203125 2282.46533203125 2283.00830078125 2281.7529296875 2277.40625 2273.56982421875 2269.324951171875 2266.785888671875 2265.93603515625 2262.323974609375 2260.805419921875
2323.275146484375 2321.00830078125 2319.332763671875 2318.4580078125 2318.2978515625 2317.213134765625 2314.759765625 2312.6748046875 2310.376953125 2308.00341796875 2305.7529296875 2304.76806640625 2303.845458984375 2302.294189453125 2300.83203125 2299.02001953125 2297.63330078125 2297.12744140625 2296.0478515625 2298.1875 2297.550048828125 2295.358154296875 2293.91455078125 2296.62109375 2299.35205078125 2294.77783203125 2294.228515625 2293.38818359375 2292.543701171875 2290.635986328125 2288.304443359375 2289.25146484375 2288.584716796875 2287.64453125 2286.630859375 2286.06201171875 2284.9990234375 2282.52978515625 2279.015625 2275.11865234375 2271.093994140625 2269.123046875 2266.394775390625 2263.43359375 2262.806396484375
2326.692138671875 2325.059814453125 2324.19482421875 2323.522216796875 2323.2216796875 2321.884521484375 2319.333251953125 2317.153564453125 2314.899658203125 2312.471923828125 2311.001708984375 2309.420654296875 2307.060546875 2304.67138671875 2303.56396484375 2302.544921875 2301.556396484375 2299.4169921875 2298.730712890625 2301.052734375 2299.797607421875 2297.447509765625 2296.3583984375 2299.552490234375 2298.39013671875 2295.617431640625 2295.52783203125 2294.779052734375 2292.9736328125 2290.3701171875 2289.382568359375 2290.02587890625 2289.4521484375 2288.73291015625 2288.27880859375 2288.05615234375 2285.993408203125 2283.201416015625 2279.87451171875 2274.401123046875 2271.541748046875 2270.42529296875 2266.595947265625 2265.50341796875 2265.98779296875
2330.994140625 2330.267333984375 2329.690673828125 2328.676513671875 2327.283935546875 2325.497314453125 2322.84033203125 2320.845947265625 2318.318115234375 2316.25146484375 2313.542236328125 2312.050048828125 2309.25537109375 2307.85009765625 2306.319091796875 2305.935791015625 2304.4912109375 2301.2744140625 2300.904052734375 2303.24609375 2301.196533203125 2298.761962890625 2298.607421875 2301.1220703125 2298.170166015625 2296.874755859375 2296.7353515625 2294.533447265625 2292.31640625 2290.24853515625 2290.13134765625 2291.186767578125 2290.953369140625 2290.48681640625 2290.7158203125 2288.919677734375 2286.967041015625 2283.772216796875 2278.921875 2274.609619140625 2271.98486328125 2270.13330078125 2268.1474609375 2268.69970703125 2269.18017578125
2334.062744140625 2333.662841796875 2333.189697265625 2331.635498046875 2329.529541015625 2327.399658203125 2324.869873046875 2322.205322265625 2319.573486328125 2317.0380859375 2315.34130859375 2313.127197265625 2311.68994140625 2310.710205078125 2308.312255859375 2306.685791015625 2304.98095703125 2301.703857421875 2302.012451171875 2304.716552734375 2302.74658203125 2300.698974609375 2301.077392578125 2301.0966796875 2298.5556640625 2297.6259765625 2297.351318359375 2295.090087890625 2292.390625 2291.1181640625 2290.54296875 2291.281494140625 2292.213134765625 2293.00341796875 2292.19775390625 2290.21826171875 2287.48193359375 2282.93408203125 2277.68994140625 2274.348876953125 2271.829345703125 2270.487060546875 2270.35986328125 2270.997314453125 2271.292724609375
2337.65185546875 2335.750732421875 2334.35791015625 2332.380615234375 2330.80126953125 2328.423828125 2325.97705078125 2323.757568359375 2321.66455078125 2319.316162109375 2317.350830078125 2315.7421875 2313.404541015625 2311.554931640625 2309.0458984375 2306.718017578125 2304.333740234375 2303.855712890625 2305.071044921875 2305.220703125 2303.78466796875 2302.8818359375 2301.906494140625 2300.5810546875 2299.326416015625 2299.00634765625 2298.187744140625 2295.814208984375 2293.94091796875 2291.783447265625 2291.34228515625 2292.63720703125 2293.599853515625 2294.67529296875 2292.943359375 2290.722900390625 2286.919189453125 2280.998046875 2277.35400390625 2274.668212890625 2272.125732421875 2271.642333984375 2271.770263671875 2272.315185546875 2273.223876953125
2340.82421875 2339.147216796875 2336.94287109375 2334.060302734375 2331.5947265625 2329.764404296875 2328.973388671875 2326.234619140625 2325.239990234375 2321.681396484375 2317.90087890625 2315.96875 2314.211669921875 2312.725341796875 2310.1708984375 2307.35791015625 2305.798095703125 2307.31591796875 2308.321044921875 2307.150146484375 2305.5380859375 2304.168701171875 2302.809326171875 2302.3642578125 2301.4541015625 2301.59716796875 2300.421630859375 2298.334716796875 2295.425048828125 2293.863525390625 2294.281982421875 2294.8115234375 2296.244873046875 2295.867431640625 2293.45458984375 2289.86865234375 2284.856689453125 2280.17822265625 2277.511474609375 2275.22998046875 2273.917724609375 2273.6513671875 2273.4970703125 2274.135009765625 2275.79833984375
2341.62158203125 2338.982177734375 2336.411865234375 2333.52099609375 2331.77294921875 2331.770751953125 2331.315185546875 2328.361083984375 2326.13916015625 2321.342041015625 2318.459716796875 2317.22119140625 2315.14404296875 2313.092041015625 2309.97119140625 2309.223388671875 2309.742919921875 2310.799560546875 2310.5419921875 2308.04296875 2306.748046875 2305.609619140625 2305.66064453125 2304.79248046875 2304.344482421875 2304.14111328125 2303.18408203125 2301.071533203125 2297.8310546875 2295.0048828125 2296.15087890625 2297.985107421875 2299.541015625 2297.12060546875 2293.022216796875 2287.449951171875 2283.64697265625 2281.717529296875 2279.937744140625 2279.775146484375 2278.95849609375 2277.926513671875 2276.921630859375 2277.169677734375 2279.651611328125
2341.424072265625 2339.091796875 2336.826904296875 2334.915771484375 2335.029296875 2334.07275390625 2333.97802734375 2329.460205078125 2326.487060546875 2323.29150390625 2320.45751953125 2318.973388671875 2316.0615234375 2314.319091796875 2313.336181640625 2313.220703125 2313.67041015625 2312.2431640625 2310.09521484375 2309.00048828125 2307.930419921875 2307.84716796875 2309.0205078125 2308.975830078125 2309.970947265625 2310.054931640625 2306.229736328125 2303.320068359375 2299.67919921875 2297.8720703125 2298.642578125 2301.319091796875 2301.828857421875 2297.902587890625 2293.632568359375 2288.61865234375 2287.533935546875 2287.18212890625 2287.269287109375 2286.749755859375 2285.449462890625 2284.549072265625 2283.93701171875 2283.087158203125 2284.2119140625
2342.463623046875 2341.323486328125 2340.58740234375 2338.76611328125 2337.417236328125 2337.72705078125 2337.281982421875 2333.570068359375 2328.666259765625 2325.352294921875 2322.8623046875 2321.918701171875 2319.839599609375 2318.555908203125 2318.716552734375 2317.39404296875 2314.391357421875 2312.91748046875 2312.018798828125 2310.73046875 2309.489990234375 2310.4697265625 2311.87744140625 2313.668701171875 2314.7861328125 2313.9794921875 2312.18212890625 2305.37841796875 2302.77197265625 2300.717041015625 2301.07666015625 2304.239990234375 2302.81884765625 2300.433837890625 2297.619873046875 2295.5126953125 2294.769775390625 2293.94677734375 2293.979248046875 2293.7333984375 2292.690673828125 2290.95849609375 2290.4404296875 2290.462890625 2289.55712890625
2344.370849609375 2345.505126953125 2344.603271484375 2341.369873046875 2339.4697265625 2340.873291015625 2340.613037109375 2336.001953125 2331.46044921875 2327.49462890625 2327.068603515625 2325.598876953125 2324.904541015625 2324.77197265625 2321.792724609375 2317.112060546875 2315.42578125 2314.611083984375 2313.804931640625 2311.86474609375 2311.5673828125 2313.290771484375 2315.277587890625 2317.2861328125 2314.785888671875 2315.354248046875 2315.640869140625 2308.323486328125 2305.45263671875 2304.83349609375 2305.67919921875 2306.68603515625 2305.5927734375 2305.142822265625 2305.093017578125 2303.767333984375 2301.9462890625 2300.93798828125 2300.98388671875 2301.689453125 2299.43505859375 2298.286376953125 2297.181884765625 2296.322509765625 2294.195068359375
2347.15478515625 2347.43505859375 2346.2626953125 2343.558349609375 2343.85498046875 2344.986083984375 2343.077880859375 2338.86181640625 2334.517822265625 2333.232421875 2331.973876953125 2331.520751953125 2332.100341796875 2330.754150390625 2325.397216796875 2320.619873046875 2317.923583984375 2316.586181640625 2315.435791015625 2313.697021484375 2315.085693359375 2318.166015625 2320.885986328125 2319.695068359375 2317.0029296875 2318.015625 2317.03662109375 2311.5693359375 2310.09814453125 2311.289794921875 2312.488525390625 2314.2607421875 2314.168212890625 2314.198486328125 2315.3740234375 2315.849853515625 2312.142333984375 2310.169189453125 2309.5732421875 2308.039794921875 2306.919677734375 2304.850341796875 2303.87548828125 2301.9765625 2298.6630859375
2348.8935546875 2348.863037109375 2347.259521484375 2346.1474609375 2346.316162109375 2347.220947265625 2345.949462890625 2342.21337890625 2340.319580078125 2339.40869140625 2337.741943359375 2337.686767578125 2337.522705078125 2335.384765625 2328.91162109375 2324.90380859375 2321.077392578125 2318.973876953125 2317.79296875 2317.72607421875 2321.392822265625 2324.816650390625 2323.322509765625 2320.2333984375 2319.19384765625 2320.0654296875 2317.870849609375 2315.414306640625 2313.80517578125 2315.889404296875 2318.847412109375 2321.7060546875 2322.952392578125 2322.60791015625 2323.545166015625 2323.820556640625 2324.03515625 2319.267822265625 2314.80615234375 2312.82373046875 2310.94677734375 2308.9541015625 2307.390625 2304.963134765625 2302.31396484375
2350.806396484375 2349.9833984375 2348.537353515625 2348.1201171875 2348.625 2349.77587890625 2349.087646484375 2346.892578125 2345.375 2344.512939453125 2342.69384765625 2342.21142578125 2342.130126953125 2339.44873046875 2331.975341796875 2328.31103515625 2324.331787109375 2321.99755859375 2321.487060546875 2323.8017578125 2326.791748046875 2324.40478515625 2321.8359375 2322.57080078125 2323.603759765625 2321.865234375 2319.632568359375 2317.303466796875 2316.423583984375 2319.67236328125 2323.44287109375 2326.451416015625 2327.915771484375 2329.135498046875 2330.4306640625 2330.98779296875 2331.660400390625 2329.044921875 2326.228759765625 2319.01513671875 2316.356201171875 2313.541748046875 2310.919189453125 2308.57666015625 2305.8603515625
2352.62109375 2351.701416015625 2350.944091796875 2349.6767578125 2348.68798828125 2351.20751953125 2351.576171875 2349.404541015625 2347.81494140625 2346.732666015625 2344.532958984375 2344.889892578125 2344.81982421875 2341.7958984375 2334.34326171875 2330.962646484375 2327.462158203125 2325.701904296875 2327.836181640625 2330.33154296875 2329.059326171875 2324.731201171875 2322.0322265625 2321.3046875 2323.98193359375 2325.6513671875 2321.244873046875 2318.073486328125 2319.0615234375 2322.9970703125 2327.56640625 2330.880615234375 2332.6630859375 2334.43359375 2336.448974609375 2337.054443359375 2337.63232421875 2337.20947265625 2333.46240234375 2326.52880859375 2321.862060546875 2318.951171875 2316.195556640625 2312.579833984375 2309.663330078125
2355.123291015625 2353.998779296875 2353.56396484375 2351.464111328125 2350.48583984375 2351.657470703125 2352.32666015625 2350.364013671875 2349.60888671875 2348.699951171875 2346.663330078125 2347.687744140625 2346.587158203125 2343.770751953125 2336.432373046875 2333.50048828125 2330.459228515625 2331.349365234375 2333.8896484375 2332.904541015625 2329.322998046875 2326.263916015625 2323.071533203125 2321.98486328125 2324.058349609375 2327.244140625 2323.700439453125 2321.348876953125 2323.9091796875 2327.895751953125 2332.3330078125 2336.42822265625 2338.553466796875 2339.796630859375 2341.164794921875 2343.048583984375 2343.278564453125 2343.55029296875 2340.673583984375 2334.764892578125 2328.328125 2324.532470703125 2321.47509765625 2317.50634765625 2314.125732421875
2357.312744140625 2356.80810546875 2355.611572265625 2354.09765625 2352.768310546875 2354.083740234375 2353.6064453125 2351.664306640625 2350.8740234375 2349.889892578125 2349.206787109375 2348.953857421875 2348.248779296875 2345.08984375 2339.18310546875 2335.937744140625 2334.29443359375 2337.372314453125 2337.104248046875 2334.049072265625 2331.367919921875 2328.86572265625 2326.2392578125 2325.743408203125 2325.4111328125 2327.158935546875 2325.322998046875 2325.529541015625 2329.6513671875 2334.309326171875 2338.35400390625 2341.718017578125 2344.465576171875 2345.984130859375 2346.701904296875 2346.71875 2347.1826171875 2347.885009765625 2347.36181640625 2342.60302734375 2336.534423828125 2330.42529296875 2326.844482421875 2322.796142578125 2319.024658203125
2359.936767578125 2358.962890625 2357.971435546875 2357.765380859375 2356.747802734375 2356.17822265625 2354.659423828125 2352.786376953125 2352.038818359375 2351.074951171875 2348.848876953125 2347.84716796875 2349.2841796875 2347.531494140625 2341.499267578125 2339.338623046875 2339.74609375 2342.293212890625 2340.27099609375 2337.086181640625 2336.97119140625 2335.506103515625 2332.18798828125 2330.63330078125 2329.80810546875 2329.323974609375 2327.9912109375 2331.373046875 2335.299560546875 2340.950927734375 2346.078125 2350.398681640625 2351.236083984375 2351.8828125 2352.349609375 2352.59619140625 2352.267333984375 2352.9423828125 2352.576171875 2348.87109375 2343.73828125 2337.568359375 2332.354736328125 2328.20068359375 2324.894287109375
2361.305419921875 2360.594482421875 2358.98193359375 2358.90625 2359.196533203125 2356.693115234375 2355.430419921875 2352.522216796875 2354.380615234375 2351.604736328125 2348.379638671875 2348.96435546875 2350.947021484375 2349.16650390625 2345.119873046875 2345.042724609375 2346.5673828125 2345.872802734375 2343.283203125 2341.34130859375 2341.430419921875 2338.8935546875 2335.66943359375 2334.07470703125 2334.971923828125 2333.307861328125 2333.466064453125 2337.629638671875 2341.95849609375 2347.860595703125 2352.915771484375 2356.972412109375 2358.463134765625 2357.47802734375 2357.41796875 2357.5029296875 2357.227783203125 2356.95166015625 2357.173583984375 2355.36279296875 2350.76416015625 2346.815185546875 2339.09912109375 2332.949462890625 2329.06298828125
