avaframe/data/CoulombOnly/Inputs/DEM_CoulombOnly.asc
ncols  1001
nrows  301
xllcenter  1000.00
yllcenter -5000.00
cellsize  5.00
nodata_value -9999.00
[rows 243 to 269 of 301, columns 472 to 530 of 1001]
8.979689 8.601938 8.236908 7.884338 7.543962 7.215512 6.898719 6.593310 6.299013 6.015555 5.742661 5.480057 5.227470 4.984629 4.751263 4.527103 4.311882 4.105336 3.907204 3.717226 3.535148 3.360719 3.193690 3.033817 2.880860 2.734584 2.594757 2.461154 2.333551 2.211732 2.095484 1.984601 1.878879 1.778121 1.682136 1.590734 1.503735 1.420962 1.342241 1.267406 1.196295 1.128752 1.064622 1.003761 0.946024 0.891275 0.839379 0.790210 0.743642 0.699557 0.657838 0.618376 0.581064 0.545799 0.512482 0.481018 0.451317 0.423292 0.396857
8.979689 8.601938 8.236908 7.884338 7.543962 7.215512 6.898719 6.593310 6.299013 6.015555 5.742661 5.480057 5.227470 4.984629 4.751263 4.527103 4.311882 4.105336 3.907204 3.717226 3.535148 3.360719 3.193690 3.033817 2.880860 2.734584 2.594757 2.461154 2.333551 2.211732 2.095484 1.984601 1.878879 1.778121 1.682136 1.590734 1.503735 1.420962 1.342241 1.267406 1.196295 1.128752 1.064622 1.003761 0.946024 0.891275 0.839379 0.790210 0.743642 0.699557 0.657838 0.618376 0.581064 0.545799 0.512482 0.481018 0.451317 0.423292 0.396857
8.979689 8.601938 8.236908 7.884338 7.543962 7.215512 6.898719 6.593310 6.299013 6.015555 5.742661 5.480057 5.227470 4.984629 4.751263 4.527103 4.311882 4.105336 3.907204 3.717226 3.535148 3.360719 3.193690 3.033817 2.880860 2.734584 2.594757 2.461154 2.333551 2.211732 2.095484 1.984601 1.878879 1.778121 1.682136 1.590734 1.503735 1.420962 1.342241 1.267406 1.196295 1.128752 1.064622 1.003761 0.946024 0.891275 0.839379 0.790210 0.743642 0.699557 0.657838 0.618376 0.581064 0.545799 0.512482 0.481018 0.451317 0.423292 0.396857
8.979689 8.601938 8.236908 7.884338 7.543962 7.215512 6.898719 6.593310 6.299013 6.015555 5.742661 5.480057 5.227470 4.984629 4.751263 4.527103 4.311882 4.105336 3.907204 3.717226 3.535148 3.360719 3.193690 3.033817 2.880860 2.734584 2.594757 2.461154 2.333551 2.211732 2.095484 1.984601 1.878879 1.778121 1.682136 1.590734 1.503735 1.420962 1.342241 1.267406 1.196295 1.128752 1.064622 1.003761 0.946024 0.891275 0.839379 0.790210 0.743642 0.699557 0.657838 0.618376 0.581064 0.545799 0.512482 0.481018 0.451317 0.423292 0.396857
8.979689 8.601938 8.236908 7.884338 7.543962 7.215512 6.898719 6.593310 6.299013 6.015555 5.742661 5.480057 5.227470 4.984629 4.751263 4.527103 4.311882 4.105336 3.907204 3.717226 3.535148 3.360719 3.193690 3.033817 2.880860 2.734584 2.594757 2.461154 2.333551 2.211732 2.095484 1.984601 1.878879 1.778121 1.682136 1.590734 1.503735 1.420962 1.342241 1.267406 1.196295 1.128752 1.064622 1.003761 0.946024 0.891275 0.839379 0.790210 0.743642 0.699557 0.657838 0.618376 0.581064 0.545799 0.512482 0.481018 0.451317 0.423292 0.396857
8.979689 8.601938 8.236908 7.884338 7.543962 7.215512 6.898719 6.593310 6.299013 6.015555 5.742661 5.480057 5.227470 4.984629 4.751263 4.527103 4.311882 4.105336 3.907204 3.717226 3.535148 3.360719 3.193690 3.033817 2.880860 2.734584 2.594757 2.461154 2.333551 2.211732 2.095484 1.984601 1.878879 1.778121 1.682136 1.590734 1.503735 1.420962 1.342241 1.267406 1.196295 1.128752 1.064622 1.003761 0.946024 0.891275 0.839379 0.790210 0.743642 0.699557 0.657838 0.618376 0.581064 0.545799 0.512482 0.481018 0.451317 0.423292 0.396857
8.979689 8.601938 8.236908 7.884338 7.543962 7.215512 6.898719 6.593310 6.299013 6.015555 5.742661 5.480057 5.227470 4.984629 4.751263 4.527103 4.311882 4.105336 3.907204 3.717226 3.535148 3.360719 3.193690 3.033817 2.880860 2.734584 2.594757 2.461154 2.333551 2.211732 2.095484 1.984601 1.878879 1.778121 1.682136 1.590734 1.503735 1.420962 1.342241 1.267406 1.196295 1.128752 1.064622 1.003761 0.946024 0.891275 0.839379 0.790210 0.743642 0.699557 0.657838 0.618376 0.581064 0.545799 0.512482 0.481018 0.451317 0.423292 0.396857
8.979689 8.601938 8.236908 7.884338 7.543962 7.215512 6.898719 6.593310 6.299013 6.015555 5.742661 5.480057 5.227470 4.984629 4.751263 4.527103 4.311882 4.105336 3.907204 3.717226 3.535148 3.360719 3.193690 3.033817 2.880860 2.734584 2.594757 2.461154 2.333551 2.211732 2.095484 1.984601 1.878879 1.778121 1.682136 1.590734 1.503735 1.420962 1.342241 1.267406 1.196295 1.128752 1.064622 1.003761 0.946024 0.891275 0.839379 0.790210 0.743642 0.699557 0.657838 0.618376 0.581064 0.545799 0.512482 0.481018 0.451317 0.423292 0.396857
8.979689 8.601938 8.236908 7.884338 7.543962 7.215512 6.898719 6.593310 6.299013 6.015555 5.742661 5.480057 5.227470 4.984629 4.751263 4.527103 4.311882 4.105336 3.907204 3.717226 3.535148 3.360719 3.193690 3.033817 2.880860 2.734584 2.594757 2.461154 2.333551 2.211732 2.095484 1.984601 1.878879 1.778121 1.682136 1.590734 1.503735 1.420962 1.342241 1.267406 1.196295 1.128752 1.064622 1.003761 0.946024 0.891275 0.839379 0.790210 0.743642 0.699557 0.657838 0.618376 0.581064 0.545799 0.512482 0.481018 0.451317 0.423292 0.396857
8.979689 8.601938 8.236908 7.884338 7.543962 7.215512 6.898719 6.593310 6.299013 6.015555 5.742661 5.480057 5.227470 4.984629 4.751263 4.527103 4.311882 4.105336 3.907204 3.717226 3.535148 3.360719 3.193690 3.033817 2.880860 2.734584 2.594757 2.461154 2.333551 2.211732 2.095484 1.984601 1.878879 1.778121 1.682136 1.590734 1.503735 1.420962 1.342241 1.267406 1.196295 1.128752 1.064622 1.003761 0.946024 0.891275 0.839379 0.790210 0.743642 0.699557 0.657838 0.618376 0.581064 0.545799 0.512482 0.481018 0.451317 0.423292 0.396857
8.979689 8.601938 8.236908 7.884338 7.543962 7.215512 6.898719 6.593310 6.299013 6.015555 5.742661 5.480057 5.227470 4.984629 4.751263 4.527103 4.311882 4.105336 3.907204 3.717226 3.535148 3.360719 3.193690 3.033817 2.880860 2.734584 2.594757 2.461154 2.333551 2.211732 2.095484 1.984601 1.878879 1.778121 1.682136 1.590734 1.503735 1.420962 1.342241 1.267406 1.196295 1.128752 1.064622 1.003761 0.946024 0.891275 0.839379 0.790210 0.743642 0.699557 0.657838 0.618376 0.581064 0.545799 0.512482 0.481018 0.451317 0.423292 0.396857
8.979689 8.601938 8.236908 7.884338 7.543962 7.215512 6.898719 6.593310 6.299013 6.015555 5.742661 5.480057 5.227470 4.984629 4.751263 4.527103 4.311882 4.105336 3.907204 3.717226 3.535148 3.360719 3.193690 3.033817 2.880860 2.734584 2.594757 2.461154 2.333551 2.211732 2.095484 1.984601 1.878879 1.778121 1.682136 1.590734 1.503735 1.420962 1.342241 1.267406 1.196295 1.128752 1.064622 1.003761 0.946024 0.891275 0.839379 0.790210 0.743642 0.699557 0.657838 0.618376 0.581064 0.545799 0.512482 0.481018 0.451317 0.423292 0.396857
8.979689 8.601938 8.236908 7.884338 7.543962 7.215512 6.898719 6.593310 6.299013 6.015555 5.742661 5.480057 5.227470 4.984629 4.751263 4.527103 4.311882 4.105336 3.907204 3.717226 3.535148 3.360719 3.193690 3.033817 2.880860 2.734584 2.594757 2.461154 2.333551 2.211732 2.095484 1.984601 1.878879 1.778121 1.682136 1.590734 1.503735 1.420962 1.342241 1.267406 1.196295 1.128752 1.064622 1.003761 0.946024 0.891275 0.839379 0.790210 0.743642 0.699557 0.657838 0.618376 0.581064 0.545799 0.512482 0.481018 0.451317 0.423292 0.396857
8.979689 8.601938 8.236908 7.884338 7.543962 7.215512 6.898719 6.593310 6.299013 6.015555 5.742661 5.480057 5.227470 4.984629 4.751263 4.527103 4.311882 4.105336 3.907204 3.717226 3.535148 3.360719 3.193690 3.033817 2.880860 2.734584 2.594757 2.461154 2.333551 2.211732 2.095484 1.984601 1.878879 1.778121 1.682136 1.590734 1.503735 1.420962 1.342241 1.267406 1.196295 1.128752 1.064622 1.003761 0.946024 0.891275 0.839379 0.790210 0.743642 0.699557 0.657838 0.618376 0.581064 0.545799 0.512482 0.481018 0.451317 0.423292 0.396857
8.979689 8.601938 8.236908 7.884338 7.543962 7.215512 6.898719 6.593310 6.299013 6.015555 5.742661 5.480057 5.227470 4.984629 4.751263 4.527103 4.311882 4.105336 3.907204 3.717226 3.535148 3.360719 3.193690 3.033817 2.880860 2.734584 2.594757 2.461154 2.333551 2.211732 2.095484 1.984601 1.878879 1.778121 1.682136 1.590734 1.503735 1.420962 1.342241 1.267406 1.196295 1.128752 1.064622 1.003761 0.946024 0.891275 0.839379 0.790210 0.743642 0.699557 0.657838 0.618376 0.581064 0.545799 0.512482 0.481018 0.451317 0.423292 0.396857
8.979689 8.601938 8.236908 7.884338 7.543962 7.215512 6.898719 6.593310 6.299013 6.015555 5.742661 5.480057 5.227470 4.984629 4.751263 4.527103 4.311882 4.105336 3.907204 3.717226 3.535148 3.360719 3.193690 3.033817 2.880860 2.734584 2.594757 2.461154 2.333551 2.211732 2.095484 1.984601 1.878879 1.778121 1.682136 1.590734 1.503735 1.420962 1.342241 1.267406 1.196295 1.128752 1.064622 1.003761 0.946024 0.891275 0.839379 0.790210 0.743642 0.699557 0.657838 0.618376 0.581064 0.545799 0.512482 0.481018 0.451317 0.423292 0.396857
8.979689 8.601938 8.236908 7.884338 7.543962 7.215512 6.898719 6.593310 6.299013 6.015555 5.742661 5.480057 5.227470 4.984629 4.751263 4.527103 4.311882 4.105336 3.907204 3.717226 3.535148 3.360719 3.193690 3.033817 2.880860 2.734584 2.594757 2.461154 2.333551 2.211732 2.095484 1.984601 1.878879 1.778121 1.682136 1.590734 1.503735 1.420962 1.342241 1.267406 1.196295 1.128752 1.064622 1.003761 0.946024 0.891275 0.839379 0.790210 0.743642 0.699557 0.657838 0.618376 0.581064 0.545799 0.512482 0.481018 0.451317 0.423292 0.396857
8.979689 8.601938 8.236908 7.884338 7.543962 7.215512 6.898719 6.593310 6.299013 6.015555 5.742661 5.480057 5.227470 4.984629 4.751263 4.527103 4.311882 4.105336 3.907204 3.717226 3.535148 3.360719 3.193690 3.033817 2.880860 2.734584 2.594757 2.461154 2.333551 2.211732 2.095484 1.984601 1.878879 1.778121 1.682136 1.590734 1.503735 1.420962 1.342241 1.267406 1.196295 1.128752 1.064622 1.003761 0.946024 0.891275 0.839379 0.790210 0.743642 0.699557 0.657838 0.618376 0.581064 0.545799 0.512482 0.481018 0.451317 0.423292 0.396857
8.979689 8.601938 8.236908 7.884338 7.543962 7.215512 6.898719 6.593310 6.299013 6.015555 5.742661 5.480057 5.227470 4.984629 4.751263 4.527103 4.311882 4.105336 3.907204 3.717226 3.535148 3.360719 3.193690 3.033817 2.880860 2.734584 2.594757 2.461154 2.333551 2.211732 2.095484 1.984601 1.878879 1.778121 1.682136 1.590734 1.503735 1.420962 1.342241 1.267406 1.196295 1.128752 1.064622 1.003761 0.946024 0.891275 0.839379 0.790210 0.743642 0.699557 0.657838 0.618376 0.581064 0.545799 0.512482 0.481018 0.451317 0.423292 0.396857
8.979689 8.601938 8.236908 7.884338 7.543962 7.215512 6.898719 6.593310 6.299013 6.015555 5.742661 5.480057 5.227470 4.984629 4.751263 4.527103 4.311882 4.105336 3.907204 3.717226 3.535148 3.360719 3.193690 3.033817 2.880860 2.734584 2.594757 2.461154 2.333551 2.211732 2.095484 1.984601 1.878879 1.778121 1.682136 1.590734 1.503735 1.420962 1.342241 1.267406 1.196295 1.128752 1.064622 1.003761 0.946024 0.891275 0.839379 0.790210 0.743642 0.699557 0.657838 0.618376 0.581064 0.545799 0.512482 0.481018 0.451317 0.423292 0.396857
8.979689 8.601938 8.236908 7.884338 7.543962 7.215512 6.898719 6.593310 6.299013 6.015555 5.742661 5.480057 5.227470 4.984629 4.751263 4.527103 4.311882 4.105336 3.907204 3.717226 3.535148 3.360719 3.193690 3.033817 2.880860 2.734584 2.594757 2.461154 2.333551 2.211732 2.095484 1.984601 1.878879 1.778121 1.682136 1.590734 1.503735 1.420962 1.342241 1.267406 1.196295 1.128752 1.064622 1.003761 0.946024 0.891275 0.839379 0.790210 0.743642 0.699557 0.657838 0.618376 0.581064 0.545799 0.512482 0.481018 0.451317 0.423292 0.396857
8.979689 8.601938 8.236908 7.884338 7.543962 7.215512 6.898719 6.593310 6.299013 6.015555 5.742661 5.480057 5.227470 4.984629 4.751263 4.527103 4.311882 4.105336 3.907204 3.717226 3.535148 3.360719 3.193690 3.033817 2.880860 2.734584 2.594757 2.461154 2.333551 2.211732 2.095484 1.984601 1.878879 1.778121 1.682136 1.590734 1.503735 1.420962 1.342241 1.267406 1.196295 1.128752 1.064622 1.003761 0.946024 0.891275 0.839379 0.790210 0.743642 0.699557 0.657838 0.618376 0.581064 0.545799 0.512482 0.481018 0.451317 0.423292 0.396857
8.979689 8.601938 8.236908 7.884338 7.543962 7.215512 6.898719 6.593310 6.299013 6.015555 5.742661 5.480057 5.227470 4.984629 4.751263 4.527103 4.311882 4.105336 3.907204 3.717226 3.535148 3.360719 3.193690 3.033817 2.880860 2.734584 2.594757 2.461154 2.333551 2.211732 2.095484 1.984601 1.878879 1.778121 1.682136 1.590734 1.503735 1.420962 1.342241 1.267406 1.196295 1.128752 1.064622 1.003761 0.946024 0.891275 0.839379 0.790210 0.743642 0.699557 0.657838 0.618376 0.581064 0.545799 0.512482 0.481018 0.451317 0.423292 0.396857
8.979689 8.601938 8.236908 7.884338 7.543962 7.215512 6.898719 6.593310 6.299013 6.015555 5.742661 5.480057 5.227470 4.984629 4.751263 4.527103 4.311882 4.105336 3.907204 3.717226 3.535148 3.360719 3.193690 3.033817 2.880860 2.734584 2.594757 2.461154 2.333551 2.211732 2.095484 1.984601 1.878879 1.778121 1.682136 1.590734 1.503735 1.420962 1.342241 1.267406 1.196295 1.128752 1.064622 1.003761 0.946024 0.891275 0.839379 0.790210 0.743642 0.699557 0.657838 0.618376 0.581064 0.545799 0.512482 0.481018 0.451317 0.423292 0.396857
8.979689 8.601938 8.236908 7.884338 7.543962 7.215512 6.898719 6.593310 6.299013 6.015555 5.742661 5.480057 5.227470 4.984629 4.751263 4.527103 4.311882 4.105336 3.907204 3.717226 3.535148 3.360719 3.193690 3.033817 2.880860 2.734584 2.594757 2.461154 2.333551 2.211732 2.095484 1.984601 1.878879 1.778121 1.682136 1.590734 1.503735 1.420962 1.342241 1.267406 1.196295 1.128752 1.064622 1.003761 0.946024 0.891275 0.839379 0.790210 0.743642 0.699557 0.657838 0.618376 0.581064 0.545799 0.512482 0.481018 0.451317 0.423292 0.396857
8.979689 8.601938 8.236908 7.884338 7.543962 7.215512 6.898719 6.593310 6.299013 6.015555 5.742661 5.480057 5.227470 4.984629 4.751263 4.527103 4.311882 4.105336 3.907204 3.717226 3.535148 3.360719 3.193690 3.033817 2.880860 2.734584 2.594757 2.461154 2.333551 2.211732 2.095484 1.984601 1.878879 1.778121 1.682136 1.590734 1.503735 1.420962 1.342241 1.267406 1.196295 1.128752 1.064622 1.003761 0.946024 0.891275 0.839379 0.790210 0.743642 0.699557 0.657838 0.618376 0.581064 0.545799 0.512482 0.481018 0.451317 0.423292 0.396857
8.979689 8.601938 8.236908 7.884338 7.543962 7.215512 6.898719 6.593310 6.299013 6.015555 5.742661 5.480057 5.227470 4.984629 4.751263 4.527103 4.311882 4.105336 3.907204 3.717226 3.535148 3.360719 3.193690 3.033817 2.880860 2.734584 2.594757 2.461154 2.333551 2.211732 2.095484 1.984601 1.878879 1.778121 1.682136 1.590734 1.503735 1.420962 1.342241 1.267406 1.196295 1.128752 1.064622 1.003761 0.946024 0.891275 0.839379 0.790210 0.743642 0.699557 0.657838 0.618376 0.581064 0.545799 0.512482 0.481018 0.451317 0.423292 0.396857
