avaframe/data/CoulombOnly/Inputs/DEM_CoulombOnly.asc
ncols  1001
nrows  301
xllcenter  1000.00
yllcenter -5000.00
cellsize  5.00
nodata_value -9999.00
[rows 0 to 26 of 301, columns 531 to 589 of 1001]
0.371935 0.348447 0.326319 0.305483 0.285869 0.267415 0.250058 0.233739 0.218404 0.203998 0.190471 0.177774 0.165861 0.154688 0.144214 0.134398 0.125203 0.116593 0.108535 0.100995 0.093944 0.087352 0.081192 0.075438 0.070065 0.065051 0.060372 0.056009 0.051941 0.048151 0.044620 0.041333 0.038273 0.035427 0.032779 0.030318 0.028031 0.025907 0.023935 0.022104 0.020406 0.018831 0.017371 0.016018 0.014765 0.013605 0.012531 0.011537 0.010619 0.009769 0.008984 0.008260 0.007590 0.006972 0.006403 0.005877 0.005392 0.004946 0.004535
0.371935 0.348447 0.326319 0.305483 0.285869 0.267415 0.250058 0.233739 0.218404 0.203998 0.190471 0.177774 0.165861 0.154688 0.144214 0.134398 0.125203 0.116593 0.108535 0.100995 0.093944 0.087352 0.081192 0.075438 0.070065 0.065051 0.060372 0.056009 0.051941 0.048151 0.044620 0.041333 0.038273 0.035427 0.032779 0.030318 0.028031 0.025907 0.023935 0.022104 0.020406 0.018831 0.017371 0.016018 0.014765 0.013605 0.012531 0.011537 0.010619 0.009769 0.008984 0.008260 0.007590 0.006972 0.006403 0.005877 0.005392 0.004946 0.004535
0.371935 0.348447 0.326319 0.305483 0.285869 0.267415 0.250058 0.233739 0.218404 0.203998 0.190471 0.177774 0.165861 0.154688 0.144214 0.134398 0.125203 0.116593 0.108535 0.100995 0.093944 0.087352 0.081192 0.075438 0.070065 0.065051 0.060372 0.056009 0.051941 0.048151 0.044620 0.041333 0.038273 0.035427 0.032779 0.030318 0.028031 0.025907 0.023935 0.022104 0.020406 0.018831 0.017371 0.016018 0.014765 0.013605 0.012531 0.011537 0.010619 0.009769 0.008984 0.008260 0.007590 0.006972 0.006403 0.005877 0.005392 0.004946 0.004535
0.371935 0.348447 0.326319 0.305483 0.285869 0.267415 0.250058 0.233739 0.218404 0.203998 0.190471 0.177774 0.165861 0.154688 0.144214 0.134398 0.125203 0.116593 0.108535 0.100995 0.093944 0.087352 0.081192 0.075438 0.070065 0.065051 0.060372 0.056009 0.051941 0.048151 0.044620 0.041333 0.038273 0.035427 0.032779 0.030318 0.028031 0.025907 0.023935 0.022104 0.020406 0.018831 0.017371 0.016018 0.014765 0.013605 0.012531 0.011537 0.010619 0.009769 0.008984 0.008260 0.007590 0.006972 0.006403 0.005877 0.005392 0.004946 0.004535
0.371935 0.348447 0.326319 0.305483 0.285869 0.267415 0.250058 0.233739 0.218404 0.203998 0.190471 0.177774 0.165861 0.154688 0.144214 0.134398 0.125203 0.116593 0.108535 0.100995 0.093944 0.087352 0.081192 0.075438 0.070065 0.065051 0.060372 0.056009 0.051941 0.048151 0.044620 0.041333 0.038273 0.035427 0.032779 0.030318 0.028031 0.025907 0.023935 0.022104 0.020406 0.018831 0.017371 0.016018 0.014765 0.013605 0.012531 0.011537 0.010619 0.009769 0.008984 0.008260 0.007590 0.006972 0.006403 0.005877 0.005392 0.004946 0.004535
0.371935 0.348447 0.326319 0.305483 0.285869 0.267415 0.250058 0.233739 0.218404 0.203998 0.190471 0.177774 0.165861 0.154688 0.144214 0.134398 0.125203 0.116593 0.108535 0.100995 0.093944 0.087352 0.081192 0.075438 0.070065 0.065051 0.060372 0.056009 0.051941 0.048151 0.044620 0.041333 0.038273 0.035427 0.032779 0.030318 0.028031 0.025907 0.023935 0.022104 0.020406 0.018831 0.017371 0.016018 0.014765 0.013605 0.012531 0.011537 0.010619 0.009769 0.008984 0.008260 0.007590 0.006972 0.006403 0.005877 0.005392 0.004946 0.004535
0.371935 0.348447 0.326319 0.305483 0.285869 0.267415 0.250058 0.233739 0.218404 0.203998 0.190471 0.177774 0.165861 0.154688 0.144214 0.134398 0.125203 0.116593 0.108535 0.100995 0.093944 0.087352 0.081192 0.075438 0.070065 0.065051 0.060372 0.056009 0.051941 0.048151 0.044620 0.041333 0.038273 0.035427 0.032779 0.030318 0.028031 0.025907 0.023935 0.022104 0.020406 0.018831 0.017371 0.016018 0.014765 0.013605 0.012531 0.011537 0.010619 0.009769 0.008984 0.008260 0.007590 0.006972 0.006403 0.005877 0.005392 0.004946 0.004535
0.371935 0.348447 0.326319 0.305483 0.285869 0.267415 0.250058 0.233739 0.218404 0.203998 0.190471 0.177774 0.165861 0.154688 0.144214 0.134398 0.125203 0.116593 0.108535 0.100995 0.093944 0.087352 0.081192 0.075438 0.070065 0.065051 0.060372 0.056009 0.051941 0.048151 0.044620 0.041333 0.038273 0.035427 0.032779 0.030318 0.028031 0.025907 0.023935 0.022104 0.020406 0.018831 0.017371 0.016018 0.014765 0.013605 0.012531 0.011537 0.010619 0.009769 0.008984 0.008260 0.007590 0.006972 0.006403 0.005877 0.005392 0.004946 0.004535
0.371935 0.348447 0.326319 0.305483 0.285869 0.267415 0.250058 0.233739 0.218404 0.203998 0.190471 0.177774 0.165861 0.154688 0.144214 0.134398 0.125203 0.116593 0.108535 0.100995 0.093944 0.087352 0.081192 0.075438 0.070065 0.065051 0.060372 0.056009 0.051941 0.048151 0.044620 0.041333 0.038273 0.035427 0.032779 0.030318 0.028031 0.025907 0.023935 0.022104 0.020406 0.018831 0.017371 0.016018 0.014765 0.013605 0.012531 0.011537 0.010619 0.009769 0.008984 0.008260 0.007590 0.006972 0.006403 0.005877 0.005392 0.004946 0.004535
0.371935 0.348447 0.326319 0.305483 0.285869 0.267415 0.250058 0.233739 0.218404 0.203998 0.190471 0.177774 0.165861 0.154688 0.144214 0.134398 0.125203 0.116593 0.108535 0.100995 0.093944 0.087352 0.081192 0.075438 0.070065 0.065051 0.060372 0.056009 0.051941 0.048151 0.044620 0.041333 0.038273 0.035427 0.032779 0.030318 0.028031 0.025907 0.023935 0.022104 0.020406 0.018831 0.017371 0.016018 0.014765 0.013605 0.012531 0.011537 0.010619 0.009769 0.008984 0.008260 0.007590 0.006972 0.006403 0.005877 0.005392 0.004946 0.004535
0.371935 0.348447 0.326319 0.305483 0.285869 0.267415 0.250058 0.233739 0.218404 0.203998 0.190471 0.177774 0.165861 0.154688 0.144214 0.134398 0.125203 0.116593 0.108535 0.100995 0.093944 0.087352 0.081192 0.075438 0.070065 0.065051 0.060372 0.056009 0.051941 0.048151 0.044620 0.041333 0.038273 0.035427 0.032779 0.030318 0.028031 0.025907 0.023935 0.022104 0.020406 0.018831 0.017371 0.016018 0.014765 0.013605 0.012531 0.011537 0.010619 0.009769 0.008984 0.008260 0.007590 0.006972 0.006403 0.005877 0.005392 0.004946 0.004535
0.371935 0.348447 0.326319 0.305483 0.285869 0.267415 0.250058 0.233739 0.218404 0.203998 0.190471 0.177774 0.165861 0.154688 0.144214 0.134398 0.125203 0.116593 0.108535 0.100995 0.093944 0.087352 0.081192 0.075438 0.070065 0.065051 0.060372 0.056009 0.051941 0.048151 0.044620 0.041333 0.038273 0.035427 0.032779 0.030318 0.028031 0.025907 0.023935 0.022104 0.020406 0.018831 0.017371 0.016018 0.014765 0.013605 0.012531 0.011537 0.010619 0.009769 0.008984 0.008260 0.007590 0.006972 0.006403 0.005877 0.005392 0.004946 0.004535
0.371935 0.348447 0.326319 0.305483 0.285869 0.267415 0.250058 0.233739 0.218404 0.203998 0.190471 0.177774 0.165861 0.154688 0.144214 0.134398 0.125203 0.116593 0.108535 0.100995 0.093944 0.087352 0.081192 0.075438 0.070065 0.065051 0.060372 0.056009 0.051941 0.048151 0.044620 0.041333 0.038273 0.035427 0.032779 0.030318 0.028031 0.025907 0.023935 0.022104 0.020406 0.018831 0.017371 0.016018 0.014765 0.013605 0.012531 0.011537 0.010619 0.009769 0.008984 0.008260 0.007590 0.006972 0.006403 0.005877 0.005392 0.004946 0.004535
0.371935 0.348447 0.326319 0.305483 0.285869 0.267415 0.250058 0.233739 0.218404 0.203998 0.190471 0.177774 0.165861 0.154688 0.144214 0.134398 0.125203 0.116593 0.108535 0.100995 0.093944 0.087352 0.081192 0.075438 0.070065 0.065051 0.060372 0.056009 0.051941 0.048151 0.044620 0.041333 0.038273 0.035427 0.032779 0.030318 0.028031 0.025907 0.023935 0.022104 0.020406 0.018831 0.017371 0.016018 0.014765 0.013605 0.012531 0.011537 0.010619 0.009769 0.008984 0.008260 0.007590 0.006972 0.006403 0.005877 0.005392 0.004946 0.004535
0.371935 0.348447 0.326319 0.305483 0.285869 0.267415 0.250058 0.233739 0.218404 0.203998 0.190471 0.177774 0.165861 0.154688 0.144214 0.134398 0.125203 0.116593 0.108535 0.100995 0.093944 0.087352 0.081192 0.075438 0.070065 0.065051 0.060372 0.056009 0.051941 0.048151 0.044620 0.041333 0.038273 0.035427 0.032779 0.030318 0.028031 0.025907 0.023935 0.022104 0.020406 0.018831 0.017371 0.016018 0.014765 0.013605 0.012531 0.011537 0.010619 0.009769 0.008984 0.008260 0.007590 0.006972 0.006403 0.005877 0.005392 0.004946 0.004535
0.371935 0.348447 0.326319 0.305483 0.285869 0.267415 0.250058 0.233739 0.218404 0.203998 0.190471 0.177774 0.165861 0.154688 0.144214 0.134398 0.125203 0.116593 0.108535 0.100995 0.093944 0.087352 0.081192 0.075438 0.070065 0.065051 0.060372 0.056009 0.051941 0.048151 0.044620 0.041333 0.038273 0.035427 0.032779 0.030318 0.028031 0.025907 0.023935 0.022104 0.020406 0.018831 0.017371 0.016018 0.014765 0.013605 0.012531 0.011537 0.010619 0.009769 0.008984 0.008260 0.007590 0.006972 0.006403 0.005877 0.005392 0.004946 0.004535
0.371935 0.348447 0.326319 0.305483 0.285869 0.267415 0.250058 0.233739 0.218404 0.203998 0.190471 0.177774 0.165861 0.154688 0.144214 0.134398 0.125203 0.116593 0.108535 0.100995 0.093944 0.087352 0.081192 0.075438 0.070065 0.065051 0.060372 0.056009 0.051941 0.048151 0.044620 0.041333 0.038273 0.035427 0.032779 0.030318 0.028031 0.025907 0.023935 0.022104 0.020406 0.018831 0.017371 0.016018 0.014765 0.013605 0.012531 0.011537 0.010619 0.009769 0.008984 0.008260 0.007590 0.006972 0.006403 0.005877 0.005392 0.004946 0.004535
0.371935 0.348447 0.326319 0.305483 0.285869 0.267415 0.250058 0.233739 0.218404 0.203998 0.190471 0.177774 0.165861 0.154688 0.144214 0.134398 0.125203 0.116593 0.108535 0.100995 0.093944 0.087352 0.081192 0.075438 0.070065 0.065051 0.060372 0.056009 0.051941 0.048151 0.044620 0.041333 0.038273 0.035427 0.032779 0.030318 0.028031 0.025907 0.023935 0.022104 0.020406 0.018831 0.017371 0.016018 0.014765 0.013605 0.012531 0.011537 0.010619 0.009769 0.008984 0.008260 0.007590 0.006972 0.006403 0.005877 0.005392 0.004946 0.004535
0.371935 0.348447 0.326319 0.305483 0.285869 0.267415 0.250058 0.233739 0.218404 0.203998 0.190471 0.177774 0.165861 0.154688 0.144214 0.134398 0.125203 0.116593 0.108535 0.100995 0.093944 0.087352 0.081192 0.075438 0.070065 0.065051 0.060372 0.056009 0.051941 0.048151 0.044620 0.041333 0.038273 0.035427 0.032779 0.030318 0.028031 0.025907 0.023935 0.022104 0.020406 0.018831 0.017371 0.016018 0.014765 0.013605 0.012531 0.011537 0.010619 0.009769 0.008984 0.008260 0.007590 0.006972 0.006403 0.005877 0.005392 0.004946 0.004535
0.371935 0.348447 0.326319 0.305483 0.285869 0.267415 0.250058 0.233739 0.218404 0.203998 0.190471 0.177774 0.165861 0.154688 0.144214 0.134398 0.125203 0.116593 0.108535 0.100995 0.093944 0.087352 0.081192 0.075438 0.070065 0.065051 0.060372 0.056009 0.051941 0.048151 0.044620 0.041333 0.038273 0.035427 0.032779 0.030318 0.028031 0.025907 0.023935 0.022104 0.020406 0.018831 0.017371 0.016018 0.014765 0.013605 0.012531 0.011537 0.010619 0.009769 0.008984 0.008260 0.007590 0.006972 0.006403 0.005877 0.005392 0.004946 0.004535
0.371935 0.348447 0.326319 0.305483 0.285869 0.267415 0.250058 0.233739 0.218404 0.203998 0.190471 0.177774 0.165861 0.154688 0.144214 0.134398 0.125203 0.116593 0.108535 0.100995 0.093944 0.087352 0.081192 0.075438 0.070065 0.065051 0.060372 0.056009 0.051941 0.048151 0.044620 0.041333 0.038273 0.035427 0.032779 0.030318 0.028031 0.025907 0.023935 0.022104 0.020406 0.018831 0.017371 0.016018 0.014765 0.013605 0.012531 0.011537 0.010619 0.009769 0.008984 0.008260 0.007590 0.006972 0.006403 0.005877 0.005392 0.004946 0.004535
0.371935 0.348447 0.326319 0.305483 0.285869 0.267415 0.250058 0.233739 0.218404 0.203998 0.190471 0.177774 0.165861 0.154688 0.144214 0.134398 0.125203 0.116593 0.108535 0.100995 0.093944 0.087352 0.081192 0.075438 0.070065 0.065051 0.060372 0.056009 0.051941 0.048151 0.044620 0.041333 0.038273 0.035427 0.032779 0.030318 0.028031 0.025907 0.023935 0.022104 0.020406 0.018831 0.017371 0.016018 0.014765 0.013605 0.012531 0.011537 0.010619 0.009769 0.008984 0.008260 0.007590 0.006972 0.006403 0.005877 0.005392 0.004946 0.004535
0.371935 0.348447 0.326319 0.305483 0.285869 0.267415 0.250058 0.233739 0.218404 0.203998 0.190471 0.177774 0.165861 0.154688 0.144214 0.134398 0.125203 0.116593 0.108535 0.100995 0.093944 0.087352 0.081192 0.075438 0.070065 0.065051 0.060372 0.056009 0.051941 0.048151 0.044620 0.041333 0.038273 0.035427 0.032779 0.030318 0.028031 0.025907 0.023935 0.022104 0.020406 0.018831 0.017371 0.016018 0.014765 0.013605 0.012531 0.011537 0.010619 0.009769 0.008984 0.008260 0.007590 0.006972 0.006403 0.005877 0.005392 0.004946 0.004535
0.371935 0.348447 0.326319 0.305483 0.285869 0.267415 0.250058 0.233739 0.218404 0.203998 0.190471 0.177774 0.165861 0.154688 0.144214 0.134398 0.125203 0.116593 0.108535 0.100995 0.093944 0.087352 0.081192 0.075438 0.070065 0.065051 0.060372 0.056009 0.051941 0.048151 0.044620 0.041333 0.038273 0.035427 0.032779 0.030318 0.028031 0.025907 0.023935 0.022104 0.020406 0.018831 0.017371 0.016018 0.014765 0.013605 0.012531 0.011537 0.010619 0.009769 0.008984 0.008260 0.007590 0.006972 0.006403 0.005877 0.005392 0.004946 0.004535
0.371935 0.348447 0.326319 0.305483 0.285869 0.267415 0.250058 0.233739 0.218404 0.203998 0.190471 0.177774 0.165861 0.154688 0.144214 0.134398 0.125203 0.116593 0.108535 0.100995 0.093944 0.087352 0.081192 0.075438 0.070065 0.065051 0.060372 0.056009 0.051941 0.048151 0.044620 0.041333 0.038273 0.035427 0.032779 0.030318 0.028031 0.025907 0.023935 0.022104 0.020406 0.018831 0.017371 0.016018 0.014765 0.013605 0.012531 0.011537 0.010619 0.009769 0.008984 0.008260 0.007590 0.006972 0.006403 0.005877 0.005392 0.004946 0.004535
0.371935 0.348447 0.326319 0.305483 0.285869 0.267415 0.250058 0.233739 0.218404 0.203998 0.190471 0.177774 0.165861 0.154688 0.144214 0.134398 0.125203 0.116593 0.108535 0.100995 0.093944 0.087352 0.081192 0.075438 0.070065 0.065051 0.060372 0.056009 0.051941 0.048151 0.044620 0.041333 0.038273 0.035427 0.032779 0.030318 0.028031 0.025907 0.023935 0.022104 0.020406 0.018831 0.017371 0.016018 0.014765 0.013605 0.012531 0.011537 0.010619 0.009769 0.008984 0.008260 0.007590 0.006972 0.006403 0.005877 0.005392 0.004946 0.004535
0.371935 0.348447 0.326319 0.305483 0.285869 0.267415 0.250058 0.233739 0.218404 0.203998 0.190471 0.177774 0.165861 0.154688 0.144214 0.134398 0.125203 0.116593 0.108535 0.100995 0.093944 0.087352 0.081192 0.075438 0.070065 0.065051 0.060372 0.056009 0.051941 0.048151 0.044620 0.041333 0.038273 0.035427 0.032779 0.030318 0.028031 0.025907 0.023935 0.022104 0.020406 0.018831 0.017371 0.016018 0.014765 0.013605 0.012531 0.011537 0.010619 0.009769 0.008984 0.008260 0.007590 0.006972 0.006403 0.005877 0.005392 0.004946 0.004535
