avaframe/data/CoulombOnly/Inputs/DEM_CoulombOnly.asc
ncols  1001
nrows  301
xllcenter  1000.00
yllcenter -5000.00
cellsize  5.00
nodata_value -9999.00
[rows 270 to 296 of 301, columns 118 to 176 of 1001]
1204.257987 1201.107824 1197.941775 1194.760272 1191.563752 1188.352665 1185.127464 1181.888609 1178.636566 1175.371802 1172.094789 1168.805998 1165.505902 1162.194971 1158.873676 1155.542484 1152.201858 1148.852256 1145.494133 1142.127935 1138.754104 1135.373074 1131.985269 1128.591106 1125.190992 1121.785326 1118.374496 1114.958878 1111.538840 1108.114735 1104.686910 1101.255695 1097.821411 1094.384368 1090.944862 1087.503176 1084.059585 1080.614349 1077.167715 1073.719921 1070.271191 1066.821739 1063.371766 1059.921462 1056.471006 1053.020566 1049.570300 1046.120355 1042.670868 1039.221965 1035.773764 1032.326374 1028.879894 1025.434414 1021.990017 1018.546776 1015.104760 1011.664027 1008.224629
1204.257987 1201.107824 1197.941775 1194.760272 1191.563752 1188.352665 1185.127464 1181.888609 1178.636566 1175.371802 1172.094789 1168.805998 1165.505902 1162.194971 1158.873676 1155.542484 1152.201858 1148.852256 1145.494133 1142.127935 1138.754104 1135.373074 1131.985269 1128.591106 1125.190992 1121.785326 1118.374496 1114.958878 1111.538840 1108.114735 1104.686910 1101.255695 1097.821411 1094.384368 1090.944862 1087.503176 1084.059585 1080.614349 1077.167715 1073.719921 1070.271191 1066.821739 1063.371766 1059.921462 1056.471006 1053.020566 1049.570300 1046.120355 1042.670868 1039.221965 1035.773764 1032.326374 1028.879894 1025.434414 1021.990017 1018.546776 1015.104760 1011.664027 1008.224629
1204.257987 1201.107824 1197.941775 1194.760272 1191.563752 1188.352665 1185.127464 1181.888609 1178.636566 1175.371802 1172.094789 1168.805998 1165.505902 1162.194971 1158.873676 1155.542484 1152.201858 1148.852256 1145.494133 1142.127935 1138.754104 1135.373074 1131.985269 1128.591106 1125.190992 1121.785326 1118.374496 1114.958878 1111.538840 1108.114735 1104.686910 1101.255695 1097.821411 1094.384368 1090.944862 1087.503176 1084.059585 1080.614349 1077.167715 1073.719921 1070.271191 1066.821739 1063.371766 1059.921462 1056.471006 1053.020566 1049.570300 1046.120355 1042.670868 1039.221965 1035.773764 1032.326374 1028.879894 1025.434414 1021.990017 1018.546776 1015.104760 1011.664027 1008.224629
1204.257987 1201.107824 1197.941775 1194.760272 1191.563752 1188.352665 1185.127464 1181.888609 1178.636566 1175.371802 1172.094789 1168.805998 1165.505902 1162.194971 1158.873676 1155.542484 1152.201858 1148.852256 1145.494133 1142.127935 1138.754104 1135.373074 1131.985269 1128.591106 1125.190992 1121.785326 1118.374496 1114.958878 1111.538840 1108.114735 1104.686910 1101.255695 1097.821411 1094.384368 1090.944862 1087.503176 1084.059585 1080.614349 1077.167715 1073.719921 1070.271191 1066.821739 1063.371766 1059.921462 1056.471006 1053.020566 1049.570300 1046.120355 1042.670868 1039.221965 1035.773764 1032.326374 1028.879894 1025.434414 1021.990017 1018.546776 1015.104760 1011.664027 1008.224629
1204.257987 1201.107824 1197.941775 1194.760272 1191.563752 1188.352665 1185.127464 1181.888609 1178.636566 1175.371802 1172.094789 1168.805998 1165.505902 1162.194971 1158.873676 1155.542484 1152.201858 1148.852256 1145.494133 1142.127935 1138.754104 1135.373074 1131.985269 1128.591106 1125.190992 1121.785326 1118.374496 1114.958878 1111.538840 1108.114735 1104.686910 1101.255695 1097.821411 1094.384368 1090.944862 1087.503176 1084.059585 1080.614349 1077.167715 1073.719921 1070.271191 1066.821739 1063.371766 1059.921462 1056.471006 1053.020566 1049.570300 1046.120355 1042.670868 1039.221965 1035.773764 1032.326374 1028.879894 1025.434414 1021.990017 1018.546776 1015.104760 1011.664027 1008.224629
1204.257987 1201.107824 1197.941775 1194.760272 1191.563752 1188.352665 1185.127464 1181.888609 1178.636566 1175.371802 1172.094789 1168.805998 1165.505902 1162.194971 1158.873676 1155.542484 1152.201858 1148.852256 1145.494133 1142.127935 1138.754104 1135.373074 1131.985269 1128.591106 1125.190992 1121.785326 1118.374496 1114.958878 1111.538840 1108.114735 1104.686910 1101.255695 1097.821411 1094.384368 1090.944862 1087.503176 1084.059585 1080.614349 1077.167715 1073.719921 1070.271191 1066.821739 1063.371766 1059.921462 1056.471006 1053.020566 1049.570300 1046.120355 1042.670868 1039.221965 1035.773764 1032.326374 1028.879894 1025.434414 1021.990017 1018.546776 1015.104760 1011.664027 1008.224629
1204.257987 1201.107824 1197.941775 1194.760272 1191.563752 1188.352665 1185.127464 1181.888609 1178.636566 1175.371802 1172.094789 1168.805998 1165.505902 1162.194971 1158.873676 1155.542484 1152.201858 1148.852256 1145.494133 1142.127935 1138.754104 1135.373074 1131.985269 1128.591106 1125.190992 1121.785326 1118.374496 1114.958878 1111.538840 1108.114735 1104.686910 1101.255695 1097.821411 1094.384368 1090.944862 1087.503176 1084.059585 1080.614349 1077.167715 1073.719921 1070.271191 1066.821739 1063.371766 1059.921462 1056.471006 1053.020566 1049.570300 1046.120355 1042.670868 1039.221965 1035.773764 1032.326374 1028.879894 1025.434414 1021.990017 1018.546776 1015.104760 1011.664027 1008.224629
1204.257987 1201.107824 1197.941775 1194.760272 1191.563752 1188.352665 1185.127464 1181.888609 1178.636566 1175.371802 1172.094789 1168.805998 1165.505902 1162.194971 1158.873676 1155.542484 1152.201858 1148.852256 1145.494133 1142.127935 1138.754104 1135.373074 1131.985269 1128.591106 1125.190992 1121.785326 1118.374496 1114.958878 1111.538840 1108.114735 1104.686910 1101.255695 1097.821411 1094.384368 1090.944862 1087.503176 1084.059585 1080.614349 1077.167715 1073.719921 1070.271191 1066.821739 1063.371766 1059.921462 1056.471006 1053.020566 1049.570300 1046.120355 1042.670868 1039.221965 1035.773764 1032.326374 1028.879894 1025.434414 1021.990017 1018.546776 1015.104760 1011.664027 1008.224629
1204.257987 1201.107824 1197.941775 1194.760272 1191.563752 1188.352665 1185.127464 1181.888609 1178.636566 1175.371802 1172.094789 1168.805998 1165.505902 1162.194971 1158.873676 1155.542484 1152.201858 1148.852256 1145.494133 1142.127935 1138.754104 1135.373074 1131.985269 1128.591106 1125.190992 1121.785326 1118.374496 1114.958878 1111.538840 1108.114735 1104.686910 1101.255695 1097.821411 1094.384368 1090.944862 1087.503176 1084.059585 1080.614349 1077.167715 1073.719921 1070.271191 1066.821739 1063.371766 1059.921462 1056.471006 1053.020566 1049.570300 1046.120355 1042.670868 1039.221965 1035.773764 1032.326374 1028.879894 1025.434414 1021.990017 1018.546776 1015.104760 1011.664027 1008.224629
1204.257987 1201.107824 1197.941775 1194.760272 1191.563752 1188.352665 1185.127464 1181.888609 1178.636566 1175.371802 1172.094789 1168.805998 1165.505902 1162.194971 1158.873676 1155.542484 1152.201858 1148.852256 1145.494133 1142.127935 1138.754104 1135.373074 1131.985269 1128.591106 1125.190992 1121.785326 1118.374496 1114.958878 1111.538840 1108.114735 1104.686910 1101.255695 1097.821411 1094.384368 1090.944862 1087.503176 1084.059585 1080.614349 1077.167715 1073.719921 1070.271191 1066.821739 1063.371766 1059.921462 1056.471006 1053.020566 1049.570300 1046.120355 1042.670868 1039.221965 1035.773764 1032.326374 1028.879894 1025.434414 1021.990017 1018.546776 1015.104760 1011.664027 1008.224629
1204.257987 1201.107824 1197.941775 1194.760272 1191.563752 1188.352665 1185.127464 1181.888609 1178.636566 1175.371802 1172.094789 1168.805998 1165.505902 1162.194971 1158.873676 1155.542484 1152.201858 1148.852256 1145.494133 1142.127935 1138.754104 1135.373074 1131.985269 1128.591106 1125.190992 1121.785326 1118.374496 1114.958878 1111.538840 1108.114735 1104.686910 1101.255695 1097.821411 1094.384368 1090.944862 1087.503176 1084.059585 1080.614349 1077.167715 1073.719921 1070.271191 1066.821739 1063.371766 1059.921462 1056.471006 1053.020566 1049.570300 1046.120355 1042.670868 1039.221965 1035.773764 1032.326374 1028.879894 1025.434414 1021.990017 1018.546776 1015.104760 1011.664027 1008.224629
1204.257987 1201.107824 1197.941775 1194.760272 1191.563752 1188.352665 1185.127464 1181.888609 1178.636566 1175.371802 1172.094789 1168.805998 1165.505902 1162.194971 1158.873676 1155.542484 1152.201858 1148.852256 1145.494133 1142.127935 1138.754104 1135.373074 1131.985269 1128.591106 1125.190992 1121.785326 1118.374496 1114.958878 1111.538840 1108.114735 1104.686910 1101.255695 1097.821411 1094.384368 1090.944862 1087.503176 1084.059585 1080.614349 1077.167715 1073.719921 1070.271191 1066.821739 1063.371766 1059.921462 1056.471006 1053.020566 1049.570300 1046.120355 1042.670868 1039.221965 1035.773764 1032.326374 1028.879894 1025.434414 1021.990017 1018.546776 1015.104760 1011.664027 1008.224629
1204.257987 1201.107824 1197.941775 1194.760272 1191.563752 1188.352665 1185.127464 1181.888609 1178.636566 1175.371802 1172.094789 1168.805998 1165.505902 1162.194971 1158.873676 1155.542484 1152.201858 1148.852256 1145.494133 1142.127935 1138.754104 1135.373074 1131.985269 1128.591106 1125.190992 1121.785326 1118.374496 1114.958878 1111.538840 1108.114735 1104.686910 1101.255695 1097.821411 1094.384368 1090.944862 1087.503176 1084.059585 1080.614349 1077.167715 1073.719921 1070.271191 1066.821739 1063.371766 1059.921462 1056.471006 1053.020566 1049.570300 1046.120355 1042.670868 1039.221965 1035.773764 1032.326374 1028.879894 1025.434414 1021.990017 1018.546776 1015.104760 1011.664027 1008.224629
1204.257987 1201.107824 1197.941775 1194.760272 1191.563752 1188.352665 1185.127464 1181.888609 1178.636566 1175.371802 1172.094789 1168.805998 1165.505902 1162.194971 1158.873676 1155.542484 1152.201858 1148.852256 1145.494133 1142.127935 1138.754104 1135.373074 1131.985269 1128.591106 1125.190992 1121.785326 1118.374496 1114.958878 1111.538840 1108.114735 1104.686910 1101.255695 1097.821411 1094.384368 1090.944862 1087.503176 1084.059585 1080.614349 1077.167715 1073.719921 1070.271191 1066.821739 1063.371766 1059.921462 1056.471006 1053.020566 1049.570300 1046.120355 1042.670868 1039.221965 1035.773764 1032.326374 1028.879894 1025.434414 1021.990017 1018.546776 1015.104760 1011.664027 1008.224629
1204.257987 1201.107824 1197.941775 1194.760272 1191.563752 1188.352665 1185.127464 1181.888609 1178.636566 1175.371802 1172.094789 1168.805998 1165.505902 1162.194971 1158.873676 1155.542484 1152.201858 1148.852256 1145.494133 1142.127935 1138.754104 1135.373074 1131.985269 1128.591106 1125.190992 1121.785326 1118.374496 1114.958878 1111.538840 1108.114735 1104.686910 1101.255695 1097.821411 1094.384368 1090.944862 1087.503176 1084.059585 1080.614349 1077.167715 1073.719921 1070.271191 1066.821739 1063.371766 1059.921462 1056.471006 1053.020566 1049.570300 1046.120355 1042.670868 1039.221965 1035.773764 1032.326374 1028.879894 1025.434414 1021.990017 1018.546776 1015.104760 1011.664027 1008.224629
1204.257987 1201.107824 1197.941775 1194.760272 1191.563752 1188.352665 1185.127464 1181.888609 1178.636566 1175.371802 1172.094789 1168.805998 1165.505902 1162.194971 1158.873676 1155.542484 1152.201858 1148.852256 1145.494133 1142.127935 1138.754104 1135.373074 1131.985269 1128.591106 1125.190992 1121.785326 1118.374496 1114.958878 1111.538840 1108.114735 1104.686910 1101.255695 1097.821411 1094.384368 1090.944862 1087.503176 1084.059585 1080.614349 1077.167715 1073.719921 1070.271191 1066.821739 1063.371766 1059.921462 1056.471006 1053.020566 1049.570300 1046.120355 1042.670868 1039.221965 1035.773764 1032.326374 1028.879894 1025.434414 1021.990017 1018.546776 1015.104760 1011.664027 1008.224629
1204.257987 1201.107824 1197.941775 1194.760272 1191.563752 1188.352665 1185.127464 1181.888609 1178.636566 1175.371802 1172.094789 1168.805998 1165.505902 1162.194971 1158.873676 1155.542484 1152.201858 1148.852256 1145.494133 1142.127935 1138.754104 1135.373074 1131.985269 1128.591106 1125.190992 1121.785326 1118.374496 1114.958878 1111.538840 1108.114735 1104.686910 1101.255695 1097.821411 1094.384368 1090.944862 1087.503176 1084.059585 1080.614349 1077.167715 1073.719921 1070.271191 1066.821739 1063.371766 1059.921462 1056.471006 1053.020566 1049.570300 1046.120355 1042.670868 1039.221965 1035.773764 1032.326374 1028.879894 1025.434414 1021.990017 1018.546776 1015.104760 1011.664027 1008.224629
1204.257987 1201.107824 1197.941775 1194.760272 1191.563752 1188.352665 1185.127464 1181.888609 1178.636566 1175.371802 1172.094789 1168.805998 1165.505902 1162.194971 1158.873676 1155.542484 1152.201858 1148.852256 1145.494133 1142.127935 1138.754104 1135.373074 1131.985269 1128.591106 1125.190992 1121.785326 1118.374496 1114.958878 1111.538840 1108.114735 1104.686910 1101.255695 1097.821411 1094.384368 1090.944862 1087.503176 1084.059585 1080.614349 1077.167715 1073.719921 1070.271191 1066.821739 1063.371766 1059.921462 1056.471006 1053.020566 1049.570300 1046.120355 1042.670868 1039.221965 1035.773764 1032.326374 1028.879894 1025.434414 1021.990017 1018.546776 1015.104760 1011.664027 1008.224629
1204.257987 1201.107824 1197.941775 1194.760272 1191.563752 1188.352665 1185.127464 1181.888609 1178.636566 1175.371802 1172.094789 1168.805998 1165.505902 1162.194971 1158.873676 1155.542484 1152.201858 1148.852256 1145.494133 1142.127935 1138.754104 1135.373074 1131.985269 1128.591106 1125.190992 1121.785326 1118.374496 1114.958878 1111.538840 1108.114735 1104.686910 1101.255695 1097.821411 1094.384368 1090.944862 1087.503176 1084.059585 1080.614349 1077.167715 1073.719921 1070.271191 1066.821739 1063.371766 1059.921462 1056.471006 1053.020566 1049.570300 1046.120355 1042.670868 1039.221965 1035.773764 1032.326374 1028.879894 1025.434414 1021.990017 1018.546776 1015.104760 1011.664027 1008.224629
1204.257987 1201.107824 1197.941775 1194.760272 1191.563752 1188.352665 1185.127464 1181.888609 1178.636566 1175.371802 1172.094789 1168.805998 1165.505902 1162.194971 1158.873676 1155.542484 1152.201858 1148.852256 1145.494133 1142.127935 1138.754104 1135.373074 1131.985269 1128.591106 1125.190992 1121.785326 1118.374496 1114.958878 1111.538840 1108.114735 1104.686910 1101.255695 1097.821411 1094.384368 1090.944862 1087.503176 1084.059585 1080.614349 1077.167715 1073.719921 1070.271191 1066.821739 1063.371766 1059.921462 1056.471006 1053.020566 1049.570300 1046.120355 1042.670868 1039.221965 1035.773764 1032.326374 1028.879894 1025.434414 1021.990017 1018.546776 1015.104760 1011.664027 1008.224629
1204.257987 1201.107824 1197.941775 1194.760272 1191.563752 1188.352665 1185.127464 1181.888609 1178.636566 1175.371802 1172.094789 1168.805998 1165.505902 1162.194971 1158.873676 1155.542484 1152.201858 1148.852256 1145.494133 1142.127935 1138.754104 1135.373074 1131.985269 1128.591106 1125.190992 1121.785326 1118.374496 1114.958878 1111.538840 1108.114735 1104.686910 1101.255695 1097.821411 1094.384368 1090.944862 1087.503176 1084.059585 1080.614349 1077.167715 1073.719921 1070.271191 1066.821739 1063.371766 1059.921462 1056.471006 1053.020566 1049.570300 1046.120355 1042.670868 1039.221965 1035.773764 1032.326374 1028.879894 1025.434414 1021.990017 1018.546776 1015.104760 1011.664027 1008.224629
1204.257987 1201.107824 1197.941775 1194.760272 1191.563752 1188.352665 1185.127464 1181.888609 1178.636566 1175.371802 1172.094789 1168.805998 1165.505902 1162.194971 1158.873676 1155.542484 1152.201858 1148.852256 1145.494133 1142.127935 1138.754104 1135.373074 1131.985269 1128.591106 1125.190992 1121.785326 1118.374496 1114.958878 1111.538840 1108.114735 1104.686910 1101.255695 1097.821411 1094.384368 1090.944862 1087.503176 1084.059585 1080.614349 1077.167715 1073.719921 1070.271191 1066.821739 1063.371766 1059.921462 1056.471006 1053.020566 1049.570300 1046.120355 1042.670868 1039.221965 1035.773764 1032.326374 1028.879894 1025.434414 1021.990017 1018.546776 1015.104760 1011.664027 1008.224629
1204.257987 1201.107824 1197.941775 1194.760272 1191.563752 1188.352665 1185.127464 1181.888609 1178.636566 1175.371802 1172.094789 1168.805998 1165.505902 1162.194971 1158.873676 1155.542484 1152.201858 1148.852256 1145.494133 1142.127935 1138.754104 1135.373074 1131.985269 1128.591106 1125.190992 1121.785326 1118.374496 1114.958878 1111.538840 1108.114735 1104.686910 1101.255695 1097.821411 1094.384368 1090.944862 1087.503176 1084.059585 1080.614349 1077.167715 1073.719921 1070.271191 1066.821739 1063.371766 1059.921462 1056.471006 1053.020566 1049.570300 1046.120355 1042.670868 1039.221965 1035.773764 1032.326374 1028.879894 1025.434414 1021.990017 1018.546776 1015.104760 1011.664027 1008.224629
1204.257987 1201.107824 1197.941775 1194.760272 1191.563752 1188.352665 1185.127464 1181.888609 1178.636566 1175.371802 1172.094789 1168.805998 1165.505902 1162.194971 1158.873676 1155.542484 1152.201858 1148.852256 1145.494133 1142.127935 1138.754104 1135.373074 1131.985269 1128.591106 1125.190992 1121.785326 1118.374496 1114.958878 1111.538840 1108.114735 1104.686910 1101.255695 1097.821411 1094.384368 1090.944862 1087.503176 1084.059585 1080.614349 1077.167715 1073.719921 1070.271191 1066.821739 1063.371766 1059.921462 1056.471006 1053.020566 1049.570300 1046.120355 1042.670868 1039.221965 1035.773764 1032.326374 1028.879894 1025.434414 1021.990017 1018.546776 1015.104760 1011.664027 1008.224629
1204.257987 1201.107824 1197.941775 1194.760272 1191.563752 1188.352665 1185.127464 1181.888609 1178.636566 1175.371802 1172.094789 1168.805998 1165.505902 1162.194971 1158.873676 1155.542484 1152.201858 1148.852256 1145.494133 1142.127935 1138.754104 1135.373074 1131.985269 1128.591106 1125.190992 1121.785326 1118.374496 1114.958878 1111.538840 1108.114735 1104.686910 1101.255695 1097.821411 1094.384368 1090.944862 1087.503176 1084.059585 1080.614349 1077.167715 1073.719921 1070.271191 1066.821739 1063.371766 1059.921462 1056.471006 1053.020566 1049.570300 1046.120355 1042.670868 1039.221965 1035.773764 1032.326374 1028.879894 1025.434414 1021.990017 1018.546776 1015.104760 1011.664027 1008.224629
1204.257987 1201.107824 1197.941775 1194.760272 1191.563752 1188.352665 1185.127464 1181.888609 1178.636566 1175.371802 1172.094789 1168.805998 1165.505902 1162.194971 1158.873676 1155.542484 1152.201858 1148.852256 1145.494133 1142.127935 1138.754104 1135.373074 1131.985269 1128.591106 1125.190992 1121.785326 1118.374496 1114.958878 1111.538840 1108.114735 1104.686910 1101.255695 1097.821411 1094.384368 1090.944862 1087.503176 1084.059585 1080.614349 1077.167715 1073.719921 1070.271191 1066.821739 1063.371766 1059.921462 1056.471006 1053.020566 1049.570300 1046.120355 1042.670868 1039.221965 1035.773764 1032.326374 1028.879894 1025.434414 1021.990017 1018.546776 1015.104760 1011.664027 1008.224629
1204.257987 1201.107824 1197.941775 1194.760272 1191.563752 1188.352665 1185.127464 1181.888609 1178.636566 1175.371802 1172.094789 1168.805998 1165.505902 1162.194971 1158.873676 1155.542484 1152.201858 1148.852256 1145.494133 1142.127935 1138.754104 1135.373074 1131.985269 1128.591106 1125.190992 1121.785326 1118.374496 1114.958878 1111.538840 1108.114735 1104.686910 1101.255695 1097.821411 1094.384368 1090.944862 1087.503176 1084.059585 1080.614349 1077.167715 1073.719921 1070.271191 1066.821739 1063.371766 1059.921462 1056.471006 1053.020566 1049.570300 1046.120355 1042.670868 1039.221965 1035.773764 1032.326374 1028.879894 1025.434414 1021.990017 1018.546776 1015.104760 1011.664027 1008.224629
