avaframe/data/CoulombOnly/Inputs/DEM_CoulombOnly.asc
ncols  1001
nrows  301
xllcenter  1000.00
yllcenter -5000.00
cellsize  5.00
nodata_value -9999.00
[rows 243 to 269 of 301, columns 59 to 117 of 1001]
1358.352852 1356.098007 1353.842446 1351.585396 1349.326079 1347.063717 1344.797530 1342.526742 1340.250577 1337.968264 1335.679039 1333.382145 1331.076834 1328.762368 1326.438021 1324.103081 1321.756852 1319.398652 1317.027818 1314.643707 1312.245695 1309.833180 1307.405583 1304.962348 1302.502945 1300.026869 1297.533644 1295.022817 1292.493969 1289.946706 1287.380665 1284.795513 1282.190948 1279.566699 1276.922524 1274.258216 1271.573596 1268.868518 1266.142867 1263.396560 1260.629543 1257.841794 1255.033321 1252.204160 1249.354378 1246.484071 1243.593359 1240.682392 1237.751346 1234.800421 1231.829842 1228.839857 1225.830737 1222.802773 1219.756277 1216.691579 1213.609029 1210.508991 1207.391845
1358.352852 1356.098007 1353.842446 1351.585396 1349.326079 1347.063717 1344.797530 1342.526742 1340.250577 1337.968264 1335.679039 1333.382145 1331.076834 1328.762368 1326.438021 1324.103081 1321.756852 1319.398652 1317.027818 1314.643707 1312.245695 1309.833180 1307.405583 1304.962348 1302.502945 1300.026869 1297.533644 1295.022817 1292.493969 1289.946706 1287.380665 1284.795513 1282.190948 1279.566699 1276.922524 1274.258216 1271.573596 1268.868518 1266.142867 1263.396560 1260.629543 1257.841794 1255.033321 1252.204160 1249.354378 1246.484071 1243.593359 1240.682392 1237.751346 1234.800421 1231.829842 1228.839857 1225.830737 1222.802773 1219.756277 1216.691579 1213.609029 1210.508991 1207.391845
1358.352852 1356.098007 1353.842446 1351.585396 1349.326079 1347.063717 1344.797530 1342.526742 1340.250577 1337.968264 1335.679039 1333.382145 1331.076834 1328.762368 1326.438021 1324.103081 1321.756852 1319.398652 1317.027818 1314.643707 1312.245695 1309.833180 1307.405583 1304.962348 1302.502945 1300.026869 1297.533644 1295.022817 1292.493969 1289.946706 1287.380665 1284.795513 1282.190948 1279.566699 1276.922524 1274.258216 1271.573596 1268.868518 1266.142867 1263.396560 1260.629543 1257.841794 1255.033321 1252.204160 1249.354378 1246.484071 1243.593359 1240.682392 1237.751346 1234.800421 1231.829842 1228.839857 1225.830737 1222.802773 1219.756277 1216.691579 1213.609029 1210.508991 1207.391845
1358.352852 1356.098007 1353.842446 1351.585396 1349.326079 1347.063717 1344.797530 1342.526742 1340.250577 1337.968264 1335.679039 1333.382145 1331.076834 1328.762368 1326.438021 1324.103081 1321.756852 1319.398652 1317.027818 1314.643707 1312.245695 1309.833180 1307.405583 1304.962348 1302.502945 1300.026869 1297.533644 1295.022817 1292.493969 1289.946706 1287.380665 1284.795513 1282.190948 1279.566699 1276.922524 1274.258216 1271.573596 1268.868518 1266.142867 1263.396560 1260.629543 1257.841794 1255.033321 1252.204160 1249.354378 1246.484071 1243.593359 1240.682392 1237.751346 1234.800421 1231.829842 1228.839857 1225.830737 1222.802773 1219.756277 1216.691579 1213.609029 1210.508991 1207.391845
1358.352852 1356.098007 1353.842446 1351.585396 1349.326079 1347.063717 1344.797530 1342.526742 1340.250577 1337.968264 1335.679039 1333.382145 1331.076834 1328.762368 1326.438021 1324.103081 1321.756852 1319.398652 1317.027818 1314.643707 1312.245695 1309.833180 1307.405583 1304.962348 1302.502945 1300.026869 1297.533644 1295.022817 1292.493969 1289.946706 1287.380665 1284.795513 1282.190948 1279.566699 1276.922524 1274.258216 1271.573596 1268.868518 1266.142867 1263.396560 1260.629543 1257.841794 1255.033321 1252.204160 1249.354378 1246.484071 1243.593359 1240.682392 1237.751346 1234.800421 1231.829842 1228.839857 1225.830737 1222.802773 1219.756277 1216.691579 1213.609029 1210.508991 1207.391845
1358.352852 1356.098007 1353.842446 1351.585396 1349.326079 1347.063717 1344.797530 1342.526742 1340.250577 1337.968264 1335.679039 1333.382145 1331.076834 1328.762368 1326.438021 1324.103081 1321.756852 1319.398652 1317.027818 1314.643707 1312.245695 1309.833180 1307.405583 1304.962348 1302.502945 1300.026869 1297.533644 1295.022817 1292.493969 1289.946706 1287.380665 1284.795513 1282.190948 1279.566699 1276.922524 1274.258216 1271.573596 1268.868518 1266.142867 1263.396560 1260.629543 1257.841794 1255.033321 1252.204160 1249.354378 1246.484071 1243.593359 1240.682392 1237.751346 1234.800421 1231.829842 1228.839857 1225.830737 1222.802773 1219.756277 1216.691579 1213.609029 1210.508991 1207.391845
1358.352852 1356.098007 1353.842446 1351.585396 1349.326079 1347.063717 1344.797530 1342.526742 1340.250577 1337.968264 1335.679039 1333.382145 1331.076834 1328.762368 1326.438021 1324.103081 1321.756852 1319.398652 1317.027818 1314.643707 1312.245695 1309.833180 1307.405583 1304.962348 1302.502945 1300.026869 1297.533644 1295.022817 1292.493969 1289.946706 1287.380665 1284.795513 1282.190948 1279.566699 1276.922524 1274.258216 1271.573596 1268.868518 1266.142867 1263.396560 1260.629543 1257.841794 1255.033321 1252.204160 1249.354378 1246.484071 1243.593359 1240.682392 1237.751346 1234.800421 1231.829842 1228.839857 1225.830737 1222.802773 1219.756277 1216.691579 1213.609029 1210.508991 1207.391845
1358.352852 1356.098007 1353.842446 1351.585396 1349.326079 1347.063717 1344.797530 1342.526742 1340.250577 1337.968264 1335.679039 1333.382145 1331.076834 1328.762368 1326.438021 1324.103081 1321.756852 1319.398652 1317.027818 1314.643707 1312.245695 1309.833180 1307.405583 1304.962348 1302.502945 1300.026869 1297.533644 1295.022817 1292.493969 1289.946706 1287.380665 1284.795513 1282.190948 1279.566699 1276.922524 1274.258216 1271.573596 1268.868518 1266.142867 1263.396560 1260.629543 1257.841794 1255.033321 1252.204160 1249.354378 1246.484071 1243.593359 1240.682392 1237.751346 1234.800421 1231.829842 1228.839857 1225.830737 1222.802773 1219.756277 1216.691579 1213.609029 1210.508991 1207.391845
1358.352852 1356.098007 1353.842446 1351.585396 1349.326079 1347.063717 1344.797530 1342.526742 1340.250577 1337.968264 1335.679039 1333.382145 1331.076834 1328.762368 1326.438021 1324.103081 1321.756852 1319.398652 1317.027818 1314.643707 1312.245695 1309.833180 1307.405583 1304.962348 1302.502945 1300.026869 1297.533644 1295.022817 1292.493969 1289.946706 1287.380665 1284.795513 1282.190948 1279.566699 1276.922524 1274.258216 1271.573596 1268.868518 1266.142867 1263.396560 1260.629543 1257.841794 1255.033321 1252.204160 1249.354378 1246.484071 1243.593359 1240.682392 1237.751346 1234.800421 1231.829842 1228.839857 1225.830737 1222.802773 1219.756277 1216.691579 1213.609029 1210.508991 1207.391845
1358.352852 1356.098007 1353.842446 1351.585396 1349.326079 1347.063717 1344.797530 1342.526742 1340.250577 1337.968264 1335.679039 1333.382145 1331.076834 1328.762368 1326.438021 1324.103081 1321.756852 1319.398652 1317.027818 1314.643707 1312.245695 1309.833180 1307.405583 1304.962348 1302.502945 1300.026869 1297.533644 1295.022817 1292.493969 1289.946706 1287.380665 1284.795513 1282.190948 1279.566699 1276.922524 1274.258216 1271.573596 1268.868518 1266.142867 1263.396560 1260.629543 1257.841794 1255.033321 1252.204160 1249.354378 1246.484071 1243.593359 1240.682392 1237.751346 1234.800421 1231.829842 1228.839857 1225.830737 1222.802773 1219.756277 1216.691579 1213.609029 1210.508991 1207.391845
1358.352852 1356.098007 1353.842446 1351.585396 1349.326079 1347.063717 1344.797530 1342.526742 1340.250577 1337.968264 1335.679039 1333.382145 1331.076834 1328.762368 1326.438021 1324.103081 1321.756852 1319.398652 1317.027818 1314.643707 1312.245695 1309.833180 1307.405583 1304.962348 1302.502945 1300.026869 1297.533644 1295.022817 1292.493969 1289.946706 1287.380665 1284.795513 1282.190948 1279.566699 1276.922524 1274.258216 1271.573596 1268.868518 1266.142867 1263.396560 1260.629543 1257.841794 1255.033321 1252.204160 1249.354378 1246.484071 1243.593359 1240.682392 1237.751346 1234.800421 1231.829842 1228.839857 1225.830737 1222.802773 1219.756277 1216.691579 1213.609029 1210.508991 1207.391845
1358.352852 1356.098007 1353.842446 1351.585396 1349.326079 1347.063717 1344.797530 1342.526742 1340.250577 1337.968264 1335.679039 1333.382145 1331.076834 1328.762368 1326.438021 1324.103081 1321.756852 1319.398652 1317.027818 1314.643707 1312.245695 1309.833180 1307.405583 1304.962348 1302.502945 1300.026869 1297.533644 1295.022817 1292.493969 1289.946706 1287.380665 1284.795513 1282.190948 1279.566699 1276.922524 1274.258216 1271.573596 1268.868518 1266.142867 1263.396560 1260.629543 1257.841794 1255.033321 1252.204160 1249.354378 1246.484071 1243.593359 1240.682392 1237.751346 1234.800421 1231.829842 1228.839857 1225.830737 1222.802773 1219.756277 1216.691579 1213.609029 1210.508991 1207.391845
1358.352852 1356.098007 1353.842446 1351.585396 1349.326079 1347.063717 1344.797530 1342.526742 1340.250577 1337.968264 1335.679039 1333.382145 1331.076834 1328.762368 1326.438021 1324.103081 1321.756852 1319.398652 1317.027818 1314.643707 1312.245695 1309.833180 1307.405583 1304.962348 1302.502945 1300.026869 1297.533644 1295.022817 1292.493969 1289.946706 1287.380665 1284.795513 1282.190948 1279.566699 1276.922524 1274.258216 1271.573596 1268.868518 1266.142867 1263.396560 1260.629543 1257.841794 1255.033321 1252.204160 1249.354378 1246.484071 1243.593359 1240.682392 1237.751346 1234.800421 1231.829842 1228.839857 1225.830737 1222.802773 1219.756277 1216.691579 1213.609029 1210.508991 1207.391845
1358.352852 1356.098007 1353.842446 1351.585396 1349.326079 1347.063717 1344.797530 1342.526742 1340.250577 1337.968264 1335.679039 1333.382145 1331.076834 1328.762368 1326.438021 1324.103081 1321.756852 1319.398652 1317.027818 1314.643707 1312.245695 1309.833180 1307.405583 1304.962348 1302.502945 1300.026869 1297.533644 1295.022817 1292.493969 1289.946706 1287.380665 1284.795513 1282.190948 1279.566699 1276.922524 1274.258216 1271.573596 1268.868518 1266.142867 1263.396560 1260.629543 1257.841794 1255.033321 1252.204160 1249.354378 1246.484071 1243.593359 1240.682392 1237.751346 1234.800421 1231.829842 1228.839857 1225.830737 1222.802773 1219.756277 1216.691579 1213.609029 1210.508991 1207.391845
1358.352852 1356.098007 1353.842446 1351.585396 1349.326079 1347.063717 1344.797530 1342.526742 1340.250577 1337.968264 1335.679039 1333.382145 1331.076834 1328.762368 1326.438021 1324.103081 1321.756852 1319.398652 1317.027818 1314.643707 1312.245695 1309.833180 1307.405583 1304.962348 1302.502945 1300.026869 1297.533644 1295.022817 1292.493969 1289.946706 1287.380665 1284.795513 1282.190948 1279.566699 1276.922524 1274.258216 1271.573596 1268.868518 1266.142867 1263.396560 1260.629543 1257.841794 1255.033321 1252.204160 1249.354378 1246.484071 1243.593359 1240.682392 1237.751346 1234.800421 1231.829842 1228.839857 1225.830737 1222.802773 1219.756277 1216.691579 1213.609029 1210.508991 1207.391845
1358.352852 1356.098007 1353.842446 1351.585396 1349.326079 1347.063717 1344.797530 1342.526742 1340.250577 1337.968264 1335.679039 1333.382145 1331.076834 1328.762368 1326.438021 1324.103081 1321.756852 1319.398652 1317.027818 1314.643707 1312.245695 1309.833180 1307.405583 1304.962348 1302.502945 1300.026869 1297.533644 1295.022817 1292.493969 1289.946706 1287.380665 1284.795513 1282.190948 1279.566699 1276.922524 1274.258216 1271.573596 1268.868518 1266.142867 1263.396560 1260.629543 1257.841794 1255.033321 1252.204160 1249.354378 1246.484071 1243.593359 1240.682392 1237.751346 1234.800421 1231.829842 1228.839857 1225.830737 1222.802773 1219.756277 1216.691579 1213.609029 1210.508991 1207.391845
1358.352852 1356.098007 1353.842446 1351.585396 1349.326079 1347.063717 1344.797530 1342.526742 1340.250577 1337.968264 1335.679039 1333.382145 1331.076834 1328.762368 1326.438021 1324.103081 1321.756852 1319.398652 1317.027818 1314.643707 1312.245695 1309.833180 1307.405583 1304.962348 1302.502945 1300.026869 1297.533644 1295.022817 1292.493969 1289.946706 1287.380665 1284.795513 1282.190948 1279.566699 1276.922524 1274.258216 1271.573596 1268.868518 1266.142867 1263.396560 1260.629543 1257.841794 1255.033321 1252.204160 1249.354378 1246.484071 1243.593359 1240.682392 1237.751346 1234.800421 1231.829842 1228.839857 1225.830737 1222.802773 1219.756277 1216.691579 1213.609029 1210.508991 1207.391845
1358.352852 1356.098007 1353.842446 1351.585396 1349.326079 1347.063717 1344.797530 1342.526742 1340.250577 1337.968264 1335.679039 1333.382145 1331.076834 1328.762368 1326.438021 1324.103081 1321.756852 1319.398652 1317.027818 1314.643707 1312.245695 1309.833180 1307.405583 1304.962348 1302.502945 1300.026869 1297.533644 1295.022817 1292.493969 1289.946706 1287.380665 1284.795513 1282.190948 1279.566699 1276.922524 1274.258216 1271.573596 1268.868518 1266.142867 1263.396560 1260.629543 1257.841794 1255.033321 1252.204160 1249.354378 1246.484071 1243.593359 1240.682392 1237.751346 1234.800421 1231.829842 1228.839857 1225.830737 1222.802773 1219.756277 1216.691579 1213.609029 1210.508991 1207.391845
1358.352852 1356.098007 1353.842446 1351.585396 1349.326079 1347.063717 1344.797530 1342.526742 1340.250577 1337.968264 1335.679039 1333.382145 1331.076834 1328.762368 1326.438021 1324.103081 1321.756852 1319.398652 1317.027818 1314.643707 1312.245695 1309.833180 1307.405583 1304.962348 1302.502945 1300.026869 1297.533644 1295.022817 1292.493969 1289.946706 1287.380665 1284.795513 1282.190948 1279.566699 1276.922524 1274.258216 1271.573596 1268.868518 1266.142867 1263.396560 1260.629543 1257.841794 1255.033321 1252.204160 1249.354378 1246.484071 1243.593359 1240.682392 1237.751346 1234.800421 1231.829842 1228.839857 1225.830737 1222.802773 1219.756277 1216.691579 1213.609029 1210.508991 1207.391845
1358.352852 1356.098007 1353.842446 1351.585396 1349.326079 1347.063717 1344.797530 1342.526742 1340.250577 1337.968264 1335.679039 1333.382145 1331.076834 1328.762368 1326.438021 1324.103081 1321.756852 1319.398652 1317.027818 1314.643707 1312.245695 1309.833180 1307.405583 1304.962348 1302.502945 1300.026869 1297.533644 1295.022817 1292.493969 1289.946706 1287.380665 1284.795513 1282.190948 1279.566699 1276.922524 1274.258216 1271.573596 1268.868518 1266.142867 1263.396560 1260.629543 1257.841794 1255.033321 1252.204160 1249.354378 1246.484071 1243.593359 1240.682392 1237.751346 1234.800421 1231.829842 1228.839857 1225.830737 1222.802773 1219.756277 1216.691579 1213.609029 1210.508991 1207.391845
1358.352852 1356.098007 1353.842446 1351.585396 1349.326079 1347.063717 1344.797530 1342.526742 1340.250577 1337.968264 1335.679039 1333.382145 1331.076834 1328.762368 1326.438021 1324.103081 1321.756852 1319.398652 1317.027818 1314.643707 1312.245695 1309.833180 1307.405583 1304.962348 1302.502945 1300.026869 1297.533644 1295.022817 1292.493969 1289.946706 1287.380665 1284.795513 1282.190948 1279.566699 1276.922524 1274.258216 1271.573596 1268.868518 1266.142867 1263.396560 1260.629543 1257.841794 1255.033321 1252.204160 1249.354378 1246.484071 1243.593359 1240.682392 1237.751346 1234.800421 1231.829842 1228.839857 1225.830737 1222.802773 1219.756277 1216.691579 1213.609029 1210.508991 1207.391845
1358.352852 1356.098007 1353.842446 1351.585396 1349.326079 1347.063717 1344.797530 1342.526742 1340.250577 1337.968264 1335.679039 1333.382145 1331.076834 1328.762368 1326.438021 1324.103081 1321.756852 1319.398652 1317.027818 1314.643707 1312.245695 1309.833180 1307.405583 1304.962348 1302.502945 1300.026869 1297.533644 1295.022817 1292.493969 1289.946706 1287.380665 1284.795513 1282.190948 1279.566699 1276.922524 1274.258216 1271.573596 1268.868518 1266.142867 1263.396560 1260.629543 1257.841794 1255.033321 1252.204160 1249.354378 1246.484071 1243.593359 1240.682392 1237.751346 1234.800421 1231.829842 1228.839857 1225.830737 1222.802773 1219.756277 1216.691579 1213.609029 1210.508991 1207.391845
1358.352852 1356.098007 1353.842446 1351.585396 1349.326079 1347.063717 1344.797530 1342.526742 1340.250577 1337.968264 1335.679039 1333.382145 1331.076834 1328.762368 1326.438021 1324.103081 1321.756852 1319.398652 1317.027818 1314.643707 1312.245695 1309.833180 1307.405583 1304.962348 1302.502945 1300.026869 1297.533644 1295.022817 1292.493969 1289.946706 1287.380665 1284.795513 1282.190948 1279.566699 1276.922524 1274.258216 1271.573596 1268.868518 1266.142867 1263.396560 1260.629543 1257.841794 1255.033321 1252.204160 1249.354378 1246.484071 1243.593359 1240.682392 1237.751346 1234.800421 1231.829842 1228.839857 1225.830737 1222.802773 1219.756277 1216.691579 1213.609029 1210.508991 1207.391845
1358.352852 1356.098007 1353.842446 1351.585396 1349.326079 1347.063717 1344.797530 1342.526742 1340.250577 1337.968264 1335.679039 1333.382145 1331.076834 1328.762368 1326.438021 1324.103081 1321.756852 1319.398652 1317.027818 1314.643707 1312.245695 1309.833180 1307.405583 1304.962348 1302.502945 1300.026869 1297.533644 1295.022817 1292.493969 1289.946706 1287.380665 1284.795513 1282.190948 1279.566699 1276.922524 1274.258216 1271.573596 1268.868518 1266.142867 1263.396560 1260.629543 1257.841794 1255.033321 1252.204160 1249.354378 1246.484071 1243.593359 1240.682392 1237.751346 1234.800421 1231.829842 1228.839857 1225.830737 1222.802773 1219.756277 1216.691579 1213.609029 1210.508991 1207.391845
1358.352852 1356.098007 1353.842446 1351.585396 1349.326079 1347.063717 1344.797530 1342.526742 1340.250577 1337.968264 1335.679039 1333.382145 1331.076834 1328.762368 1326.438021 1324.103081 1321.756852 1319.398652 1317.027818 1314.643707 1312.245695 1309.833180 1307.405583 1304.962348 1302.502945 1300.026869 1297.533644 1295.022817 1292.493969 1289.946706 1287.380665 1284.795513 1282.190948 1279.566699 1276.922524 1274.258216 1271.573596 1268.868518 1266.142867 1263.396560 1260.629543 1257.841794 1255.033321 1252.204160 1249.354378 1246.484071 1243.593359 1240.682392 1237.751346 1234.800421 1231.829842 1228.839857 1225.830737 1222.802773 1219.756277 1216.691579 1213.609029 1210.508991 1207.391845
1358.352852 1356.098007 1353.842446 1351.585396 1349.326079 1347.063717 1344.797530 1342.526742 1340.250577 1337.968264 1335.679039 1333.382145 1331.076834 1328.762368 1326.438021 1324.103081 1321.756852 1319.398652 1317.027818 1314.643707 1312.245695 1309.833180 1307.405583 1304.962348 1302.502945 1300.026869 1297.533644 1295.022817 1292.493969 1289.946706 1287.380665 1284.795513 1282.190948 1279.566699 1276.922524 1274.258216 1271.573596 1268.868518 1266.142867 1263.396560 1260.629543 1257.841794 1255.033321 1252.204160 1249.354378 1246.484071 1243.593359 1240.682392 1237.751346 1234.800421 1231.829842 1228.839857 1225.830737 1222.802773 1219.756277 1216.691579 1213.609029 1210.508991 1207.391845
1358.352852 1356.098007 1353.842446 1351.585396 1349.326079 1347.063717 1344.797530 1342.526742 1340.250577 1337.968264 1335.679039 1333.382145 1331.076834 1328.762368 1326.438021 1324.103081 1321.756852 1319.398652 1317.027818 1314.643707 1312.245695 1309.833180 1307.405583 1304.962348 1302.502945 1300.026869 1297.533644 1295.022817 1292.493969 1289.946706 1287.380665 1284.795513 1282.190948 1279.566699 1276.922524 1274.258216 1271.573596 1268.868518 1266.142867 1263.396560 1260.629543 1257.841794 1255.033321 1252.204160 1249.354378 1246.484071 1243.593359 1240.682392 1237.751346 1234.800421 1231.829842 1228.839857 1225.830737 1222.802773 1219.756277 1216.691579 1213.609029 1210.508991 1207.391845
