avaframe/data/avaArzlerAlm/Inputs/dem10m.asc
ncols        252
nrows        376
xllcorner    79875.000000000000
yllcorner    238925.000000000000
cellsize     10.000000000000
NODATA_value  -99999
[rows 320 to 339 of 376, columns 45 to 89 of 252]
929.44573974609375 928.9952392578125 928.69549560546875 928.52801513671875 928.7080078125 928.447998046875 928.1102294921875 928.073486328125 928.00775146484375 927.94146728515625 927.79400634765625 928.5562744140625 928.363037109375 928.55926513671875 928.68048095703125 928.644287109375 928.26800537109375 928.16473388671875 927.61700439453125 926.833984375 926.20672607421875 925.51251220703125 925.04522705078125 924.73046875 924.062255859375 923.43798828125 923.322998046875 922.75799560546875 922.09552001953125 921.313720703125 921.2774658203125 920.7862548828125 920.41796875 920.04046630859375 919.3394775390625 917.957763671875 916.48150634765625 915.84228515625 914.146728515625 913.0565185546875 913.40447998046875 913.55926513671875 912.9217529296875 912.2392578125 911.3917236328125
928.2237548828125 927.8580322265625 927.43548583984375 927.20928955078125 927.051513671875 926.93621826171875 926.49798583984375 926.6287841796875 926.7027587890625 926.72802734375 927.0789794921875 926.8800048828125 926.81451416015625 926.907470703125 927.0799560546875 927.19677734375 926.853515625 926.676025390625 926.2972412109375 925.624267578125 924.58148193359375 924.09600830078125 923.6099853515625 922.72125244140625 922.5362548828125 922.3427734375 921.44598388671875 920.8900146484375 920.3079833984375 919.61224365234375 919.71148681640625 918.9947509765625 918.53955078125 918.12646484375 917.63250732421875 916.56597900390625 914.82000732421875 913.53375244140625 912.08599853515625 910.30072021484375 911.25225830078125 911.90325927734375 911.60601806640625 911.1337890625 910.53924560546875
926.9959716796875 926.50701904296875 926.2327880859375 925.84722900390625 926.05126953125 925.75177001953125 925.2335205078125 925.49249267578125 925.38201904296875 925.5894775390625 924.8585205078125 925.0491943359375 925.2752685546875 925.17974853515625 925.3494873046875 925.51226806640625 925.3919677734375 925.167724609375 924.863525390625 924.165283203125 923.4207763671875 922.98779296875 921.947998046875 921.1080322265625 920.67425537109375 920.6044921875 920.0692138671875 919.2235107421875 918.625732421875 918.01025390625 917.707275390625 917.31298828125 916.605224609375 915.8480224609375 915.0877685546875 914.030029296875 912.6092529296875 911.22100830078125 909.91876220703125 908.22650146484375 908.95623779296875 909.906982421875 910.12225341796875 910.20074462890625 909.761474609375
925.8079833984375 925.36676025390625 924.9964599609375 924.594482421875 924.626220703125 924.5615234375 924.0372314453125 924.15325927734375 924.3162841796875 924.4122314453125 924.0400390625 923.93096923828125 923.95703125 923.8289794921875 923.6187744140625 923.76824951171875 923.84552001953125 923.56427001953125 923.375244140625 922.978515625 922.5107421875 921.5982666015625 920.875732421875 919.89776611328125 919.15850830078125 918.6944580078125 918.289794921875 917.42401123046875 916.8592529296875 916.2197265625 916.0164794921875 915.8995361328125 915.44073486328125 915 914.59246826171875 914.0794677734375 913.324462890625 911.688720703125 909.3267822265625 905.9530029296875 904.79052734375 906.1097412109375 907.77301025390625 908.8167724609375 908.65576171875
924.33526611328125 924.03900146484375 923.8125 923.334716796875 923.3499755859375 923.177001953125 922.863037109375 922.60150146484375 922.63775634765625 922.87451171875 922.8294677734375 922.14599609375 922.41949462890625 922.4639892578125 922.48297119140625 922.5882568359375 922.70574951171875 922.5679931640625 922.41900634765625 922.2747802734375 921.552978515625 920.69677734375 919.876220703125 919.083984375 918.16827392578125 917.3087158203125 916.2655029296875 915.697998046875 914.8682861328125 914.47528076171875 913.80926513671875 913.852783203125 913.54052734375 913.51251220703125 913.56597900390625 913.146728515625 912.490478515625 911.5784912109375 908.19097900390625 904.071533203125 901.87176513671875 902.30999755859375 903.26025390625 905.0982666015625 906.24725341796875
923.134033203125 923.06048583984375 922.73699951171875 922.26824951171875 921.960205078125 921.90673828125 921.5250244140625 921.1185302734375 921.06201171875 921.2977294921875 921.36224365234375 921.04376220703125 920.88751220703125 920.95501708984375 921.072021484375 920.96026611328125 921.04052734375 921.07000732421875 921.16796875 921.0712890625 920.6517333984375 920.187744140625 919.33203125 918.36773681640625 917.125244140625 915.8709716796875 915.146240234375 914.57525634765625 913.5057373046875 912.57421875 911.79949951171875 911.47021484375 911.52325439453125 911.99676513671875 912.374755859375 911.7969970703125 911.36328125 911.0487060546875 906.9215087890625 902.5517578125 900.55450439453125 899.91522216796875 900.28302001953125 901.290283203125 902.54473876953125
921.9752197265625 921.82977294921875 921.51776123046875 921.00799560546875 921.0582275390625 921.03753662109375 920.322509765625 919.7447509765625 919.927001953125 919.89300537109375 919.9232177734375 919.9730224609375 919.4649658203125 920.0994873046875 919.884521484375 919.779541015625 919.7237548828125 919.82476806640625 919.73779296875 919.625732421875 919.52972412109375 919.468994140625 919.13201904296875 918.084716796875 916.979248046875 915.832275390625 914.80426025390625 914.00323486328125 912.4234619140625 910.7130126953125 909.53973388671875 909.4852294921875 908.8905029296875 909.86248779296875 910.4940185546875 910.44873046875 910.35498046875 907.9857177734375 905.5367431640625 901.44476318359375 899.44775390625 897.343017578125 897.145263671875 898.2452392578125 899.19622802734375
921.053466796875 920.833984375 920.604248046875 920.00225830078125 920.2847900390625 920.30877685546875 919.4835205078125 918.353515625 918.4525146484375 918.656005859375 918.656982421875 918.3187255859375 918.07598876953125 918.17926025390625 918.00775146484375 918.70074462890625 918.99951171875 919.00299072265625 918.6187744140625 918.60247802734375 918.6085205078125 918.5927734375 918.4940185546875 917.9647216796875 917.15350341796875 916.1092529296875 915.1524658203125 914.301513671875 913.17376708984375 911.72198486328125 908.83575439453125 905.74273681640625 905.8447265625 905.9329833984375 905.9744873046875 905.27825927734375 905.99127197265625 905.5989990234375 904.59423828125 900.66845703125 897.718505859375 896.188720703125 895.41900634765625 894.27099609375 895.4267578125
920.41400146484375 920.010009765625 919.69647216796875 918.7230224609375 918.8785400390625 918.71551513671875 918.1102294921875 917.07373046875 916.8330078125 916.8182373046875 916.6925048828125 916.6302490234375 916.74676513671875 916.999267578125 916.80523681640625 917.0872802734375 917.207763671875 917.50927734375 917.7144775390625 918.10150146484375 918.31048583984375 918.187255859375 918.05352783203125 917.63525390625 916.99853515625 916.0872802734375 915.29974365234375 914.6605224609375 913.85675048828125 912.8917236328125 911.4219970703125 906.6602783203125 901.7457275390625 900.7457275390625 899.751220703125 900.36199951171875 901.425048828125 902.396484375 902.61199951171875 900.42474365234375 896.7327880859375 894.614013671875 893.32098388671875 892.729736328125 892.114990234375
919.4317626953125 918.87701416015625 917.802490234375 917.93072509765625 917.33001708984375 917.03326416015625 916.59051513671875 915.81927490234375 915.6727294921875 915.53802490234375 915.36822509765625 915.40972900390625 915.45452880859375 915.708984375 915.68023681640625 915.3907470703125 915.75347900390625 916.09149169921875 916.4537353515625 916.89227294921875 917.6282958984375 917.999755859375 917.7567138671875 917.35223388671875 916.4930419921875 915.47198486328125 914.9847412109375 914.62451171875 914.35748291015625 913.3502197265625 910.6395263671875 905.333984375 898.79974365234375 896.58447265625 894.749267578125 895.42950439453125 897.09600830078125 897.9237060546875 898.14501953125 897.04296875 894.5732421875 892.99951171875 891.08099365234375 889.532470703125 888.59228515625
918.11151123046875 917.61328125 916.80474853515625 916.78173828125 916.0792236328125 915.73028564453125 915.16448974609375 914.6669921875 914.29022216796875 914.1505126953125 914.15826416015625 914.05029296875 914.136962890625 914.3037109375 914.4237060546875 914.2607421875 914.6102294921875 914.9482421875 915.3590087890625 915.727294921875 916.281982421875 916.67950439453125 916.88702392578125 916.531494140625 916.10076904296875 915.59326171875 914.384521484375 914.082763671875 913.09051513671875 910.96099853515625 907.157470703125 902.8272705078125 897.20001220703125 894.1552734375 892.19500732421875 890.8642578125 891.615234375 893.322265625 894.415771484375 893.3499755859375 891.9617919921875 891.84649658203125 888.61224365234375 886.7347412109375 886.29998779296875
917.031982421875 916.5885009765625 915.5009765625 915.4019775390625 914.7672119140625 914.22900390625 913.77099609375 913.51727294921875 912.97052001953125 912.6199951171875 912.562744140625 912.771484375 912.812255859375 913.02099609375 912.98126220703125 913.29522705078125 913.15301513671875 913.822509765625 914.7252197265625 914.9229736328125 915.1617431640625 915.55548095703125 915.00823974609375 915.02978515625 916.2139892578125 915.50177001953125 913.2965087890625 910.6259765625 908.5257568359375 906.5985107421875 902.7977294921875 898.62725830078125 895.02777099609375 892.6309814453125 890.9365234375 889.2027587890625 887.9962158203125 888.16326904296875 889.0372314453125 889.5489501953125 890.18450927734375 888.3125 886.26953125 885.36279296875 884.6597900390625
915.9425048828125 914.8857421875 914.365966796875 913.947265625 913.447021484375 912.87353515625 912.56396484375 912.19622802734375 911.7449951171875 911.48974609375 911.3800048828125 911.59100341796875 911.80902099609375 911.74224853515625 911.93475341796875 911.5087890625 912.1190185546875 912.7965087890625 913.51324462890625 913.9384765625 914.3277587890625 910.0887451171875 907.4962158203125 908.1505126953125 909.80999755859375 912.6202392578125 909.8077392578125 906.32977294921875 903.14501953125 901.2025146484375 898.5250244140625 894.9835205078125 892.65399169921875 891.2640380859375 890.45123291015625 887.91973876953125 886.60650634765625 886.5059814453125 887.05950927734375 886.77276611328125 886.42974853515625 886.135009765625 885.1650390625 884.43450927734375 883.4947509765625
914.2962646484375 913.644287109375 913.33074951171875 912.4102783203125 912.03900146484375 911.48828125 911.41851806640625 911.04052734375 910.563720703125 910.1982421875 909.9990234375 910.2135009765625 910.5770263671875 910.5040283203125 907.572021484375 907.687744140625 908.77978515625 911.5477294921875 912.51123046875 912.8785400390625 910.54449462890625 906.36175537109375 905.9365234375 905.791259765625 905.989501953125 907.33154296875 904.572021484375 902.0712890625 898.591796875 896.38525390625 894.30499267578125 891.99725341796875 890.31427001953125 889.50927734375 888.9730224609375 887.59027099609375 885.6820068359375 884.74273681640625 883.1192626953125 882.3282470703125 882.93023681640625 883.936279296875 884.34503173828125 883.770263671875 882.916259765625
912.6669921875 912.61273193359375 912.3480224609375 911.31903076171875 910.33074951171875 909.90826416015625 910.1929931640625 909.69622802734375 909.21148681640625 908.94024658203125 908.6865234375 909.9000244140625 909.26849365234375 909.51226806640625 903.86724853515625 903.23199462890625 904.7857666015625 908.771728515625 909.96575927734375 909.822021484375 907.0989990234375 905.2822265625 904.8582763671875 904.64752197265625 904.1612548828125 902.8785400390625 900.5302734375 898.511474609375 895.56396484375 893.2705078125 891.3372802734375 889.63250732421875 888.4217529296875 887.71551513671875 887.15423583984375 886.68402099609375 884.73822021484375 881.7607421875 879.9959716796875 878.6597900390625 878.084228515625 879.8687744140625 881.7135009765625 882.2724609375 881.60150146484375
911.5792236328125 911.229248046875 910.884765625 910.3919677734375 909.29425048828125 908.603759765625 908.5147705078125 908.2745361328125 907.926025390625 907.82952880859375 907.47723388671875 907.74176025390625 907.51751708984375 904.13525390625 901.81396484375 902.27850341796875 903.22625732421875 905.7762451171875 907.2249755859375 906.48828125 904.60595703125 904.1510009765625 903.59423828125 903.4749755859375 903.2015380859375 901.74176025390625 896.52301025390625 894.75799560546875 892.85498046875 890.635498046875 889.0269775390625 887.4482421875 886.365234375 885.7490234375 885.3167724609375 884.09149169921875 883.60223388671875 881.28851318359375 879.218505859375 877.019775390625 875.375 874.60223388671875 875.8194580078125 878.01123046875 878.72174072265625
910.63226318359375 909.740234375 909.331787109375 908.792236328125 908.093505859375 906.9219970703125 906.55975341796875 906.228515625 906.0584716796875 906.02801513671875 905.46575927734375 904.3387451171875 903.56597900390625 901.45947265625 901.6094970703125 902.3502197265625 902.3919677734375 902.0849609375 902.2509765625 901.5064697265625 899.4107666015625 900.8575439453125 902.0474853515625 900.8790283203125 900.69775390625 898.189453125 893.8475341796875 891.82476806640625 889.99151611328125 887.980712890625 886.9622802734375 885.17498779296875 884.25347900390625 883.199462890625 882.7637939453125 882.91473388671875 882.4642333984375 882.040771484375 880.1337890625 876.66973876953125 873.72900390625 872.352294921875 871.510986328125 872.24322509765625 874.072021484375
908.0675048828125 907.85498046875 907.49298095703125 907.09423828125 906.5042724609375 905.510986328125 904.3380126953125 903.88848876953125 903.96697998046875 903.698486328125 902.1934814453125 899.2357177734375 900.0062255859375 900.688720703125 900.875 901.1295166015625 900.717529296875 896.9835205078125 895.333984375 895.48651123046875 894.76226806640625 894.020263671875 896.37725830078125 894.050537109375 892.833740234375 891.2822265625 888.88824462890625 887.79248046875 887.031494140625 886.15496826171875 884.93426513671875 883.14801025390625 881.7225341796875 881.7755126953125 881.448486328125 880.78076171875 880.7049560546875 881.7462158203125 880.61376953125 877.16375732421875 873.281005859375 871.2154541015625 869.59100341796875 868.468994140625 869.125244140625
906.66424560546875 906.23150634765625 905.7227783203125 905.29425048828125 904.8084716796875 904.18896484375 903.0250244140625 901.405517578125 900.437255859375 899.2552490234375 898.60498046875 898.0257568359375 899.25775146484375 896.98223876953125 895.10150146484375 896.61773681640625 894.4544677734375 891.3489990234375 889.6834716796875 891.20098876953125 891.02301025390625 890.093505859375 889.5455322265625 888.135498046875 886.84375 886.64697265625 886.3797607421875 886.5147705078125 886.365478515625 885.0784912109375 883.32177734375 880.48150634765625 879.74700927734375 880.0872802734375 880.6512451171875 880.770751953125 879.70947265625 881.0045166015625 880.156494140625 877.60101318359375 873.12371826171875 870.3477783203125 868.5775146484375 867.541259765625 867.76873779296875
905.33551025390625 905.26373291015625 904.6011962890625 903.87274169921875 903.1207275390625 901.718505859375 897.50775146484375 896.71728515625 896.05499267578125 896.11175537109375 896.7239990234375 895.5140380859375 893.884521484375 892.38824462890625 890.84722900390625 891.6595458984375 890.1314697265625 889.14849853515625 888.5267333984375 888.17425537109375 888.22149658203125 887.3485107421875 886.47650146484375 885.0662841796875 884.8800048828125 884.769775390625 884.96624755859375 885.6309814453125 885.42901611328125 882.771728515625 879.86474609375 878.30224609375 878.62274169921875 878.938720703125 880.07049560546875 880.874267578125 880.89453125 880.3072509765625 879.3687744140625 878.1097412109375 874.49127197265625 870.3489990234375 868.3594970703125 866.832763671875 866.3184814453125
