avaframe/data/avaArzlerAlm/Inputs/dem10m.asc
ncols        252
nrows        376
xllcorner    79875.000000000000
yllcorner    238925.000000000000
cellsize     10.000000000000
NODATA_value  -99999
[rows 120 to 139 of 376, columns 0 to 44 of 252]
1843.6505126953125 1842.02001953125 1839.4625244140625 1838.1085205078125 1836.7879638671875 1835.31005859375 1834.09521484375 1831.981201171875 1831.050537109375 1830.0462646484375 1828.384521484375 1827.2135009765625 1825.053466796875 1823.05517578125 1820.8585205078125 1817.5155029296875 1814.740966796875 1811.4434814453125 1807.971435546875 1804.2677001953125 1800.882080078125 1797.42626953125 1793.81396484375 1790.0882568359375 1786.2154541015625 1783.06494140625 1778.59521484375 1774.925537109375 1773.5355224609375 1773.696044921875 1774.4970703125 1774.02978515625 1773.772216796875 1771.646240234375 1767.021484375 1760.207275390625 1754.3955078125 1749.83984375 1747.1295166015625 1744.6322021484375 1745.0966796875 1747.167236328125 1750.855224609375 1753.67529296875 1755.3089599609375
1838.10693359375 1836.508544921875 1833.772216796875 1831.594482421875 1830.5380859375 1829.3310546875 1827.84619140625 1826.636474609375 1826.059326171875 1824.012939453125 1822.7840576171875 1821.595458984375 1820.840087890625 1818.9342041015625 1815.907470703125 1812.248291015625 1809.2420654296875 1807.0372314453125 1803.050537109375 1799.679443359375 1796.031494140625 1793.071533203125 1789.8984375 1786.08251953125 1782.2459716796875 1778.5450439453125 1774.9127197265625 1770.5703125 1767.413330078125 1766.8572998046875 1767.0362548828125 1767.9305419921875 1767.8212890625 1766.864013671875 1763.478271484375 1758.08642578125 1751.3095703125 1745.0994873046875 1741.7542724609375 1738.9090576171875 1739.1185302734375 1741.15380859375 1744.9857177734375 1747.5570068359375 1749.4969482421875
1832.29150390625 1829.3914794921875 1827.56396484375 1825.946533203125 1824.2540283203125 1823.459228515625 1822.6297607421875 1820.867919921875 1820.8377685546875 1818.3720703125 1816.447509765625 1815.5357666015625 1815.2197265625 1813.90673828125 1810.419189453125 1806.98779296875 1804.0242919921875 1802.1519775390625 1799.2989501953125 1796.513916015625 1792.9735107421875 1789.3079833984375 1786.2109375 1782.2557373046875 1778.398193359375 1773.8095703125 1770.019775390625 1766.033203125 1762.68701171875 1760.392578125 1760.8797607421875 1761.47705078125 1762.2222900390625 1761.424560546875 1759.502197265625 1755.8890380859375 1749.375244140625 1742.1593017578125 1736.574951171875 1733.283935546875 1733.200927734375 1735.779296875 1738.8685302734375 1741.445068359375 1742.7872314453125
1827.3709716796875 1824.75732421875 1822.2335205078125 1819.9737548828125 1818.042236328125 1816.9107666015625 1816.094482421875 1815.3284912109375 1815.179931640625 1812.61328125 1810.8780517578125 1810.02880859375 1809.0877685546875 1808.0867919921875 1806.03857421875 1802.7774658203125 1799.9234619140625 1797.36279296875 1795.428466796875 1793.66357421875 1790.9010009765625 1786.927734375 1782.674072265625 1779.40576171875 1775.0692138671875 1770.062744140625 1765.4232177734375 1761.8795166015625 1758.48583984375 1755.093017578125 1753.623779296875 1755.259765625 1755.9522705078125 1756.166015625 1755.09130859375 1752.5472412109375 1747.320556640625 1740.4677734375 1732.820556640625 1728.3817138671875 1726.646728515625 1729.9619140625 1733.573486328125 1735.14599609375 1736.664794921875
1821.5355224609375 1818.934814453125 1816.284423828125 1814.3489990234375 1812.0452880859375 1810.93994140625 1810.1085205078125 1809.199951171875 1809.221923828125 1806.875244140625 1805.201416015625 1804.197265625 1803.669189453125 1802.409912109375 1800.70556640625 1798.7052001953125 1796.0899658203125 1793.5655517578125 1791.3089599609375 1789.3277587890625 1786.9822998046875 1784.5364990234375 1780.0584716796875 1775.697265625 1772.243408203125 1766.85693359375 1761.40576171875 1757.362060546875 1753.1719970703125 1750.874755859375 1747.371826171875 1748.3089599609375 1749.855224609375 1750.5574951171875 1749.6925048828125 1747.7254638671875 1743.3294677734375 1736.998046875 1728.3349609375 1723.032958984375 1720.583740234375 1722.6787109375 1726.6712646484375 1728.697509765625 1731.2392578125
1814.96044921875 1812.95703125 1810.9334716796875 1808.2021484375 1807.092041015625 1805.88427734375 1803.885498046875 1804.458251953125 1804.1815185546875 1800.928955078125 1799.2509765625 1798.23046875 1797.6405029296875 1796.7421875 1795.4267578125 1793.3690185546875 1791.7030029296875 1789.5087890625 1787.019287109375 1784.0150146484375 1781.2349853515625 1778.82421875 1776.7034912109375 1772.5350341796875 1768.2012939453125 1763.434814453125 1757.992431640625 1752.98095703125 1748.5770263671875 1744.80322265625 1742.4248046875 1741.0989990234375 1742.8525390625 1744.581787109375 1744.312744140625 1742.8294677734375 1738.7657470703125 1732.19970703125 1724.3974609375 1718.2347412109375 1715.1221923828125 1715.659423828125 1719.218994140625 1721.6820068359375 1725.001708984375
1808.451416015625 1806.9422607421875 1804.761474609375 1802.7020263671875 1800.4742431640625 1799.1326904296875 1798.324951171875 1799.0560302734375 1798.41552734375 1795.82373046875 1793.38427734375 1792.1820068359375 1791.9447021484375 1790.814697265625 1789.4189453125 1788.1405029296875 1786.51123046875 1784.8814697265625 1781.91796875 1778.56103515625 1775.7294921875 1773.6842041015625 1771.8017578125 1768.575439453125 1764.6514892578125 1759.9644775390625 1754.0977783203125 1749.3167724609375 1744.249267578125 1739.507080078125 1736.4844970703125 1734.7762451171875 1736.1162109375 1738.0126953125 1739.04345703125 1738.562744140625 1735.4654541015625 1728.9659423828125 1721.373291015625 1714.2125244140625 1710.3397216796875 1709.25830078125 1712.4949951171875 1715.6259765625 1719.407470703125
1803.0625 1800.4317626953125 1798.51171875 1796.353759765625 1794.38427734375 1793.07177734375 1792.3883056640625 1792.0496826171875 1792.09619140625 1789.783935546875 1787.9019775390625 1786.438720703125 1786.395751953125 1785.176025390625 1783.8714599609375 1782.905517578125 1780.893310546875 1779.195556640625 1777.0906982421875 1774.343017578125 1771.2447509765625 1768.700927734375 1766.6669921875 1763.925048828125 1760.208251953125 1756.3037109375 1751.0679931640625 1745.5657958984375 1740.6640625 1735.792236328125 1729.605712890625 1728.3294677734375 1729.289306640625 1731.27197265625 1733.5897216796875 1734.2242431640625 1732.00927734375 1726.3402099609375 1718.915283203125 1712.093505859375 1705.6715087890625 1703.1087646484375 1706.4747314453125 1710.893310546875 1713.978515625
1797.007080078125 1794.6949462890625 1792.2117919921875 1790.3614501953125 1788.4329833984375 1786.6529541015625 1786.09521484375 1785.554931640625 1785.1259765625 1783.426025390625 1782.373046875 1780.7122802734375 1780.42431640625 1779.665283203125 1778.8590087890625 1777.4425048828125 1776.07373046875 1774.288818359375 1772.3797607421875 1770.164794921875 1766.736083984375 1763.979248046875 1761.7249755859375 1759.415771484375 1756.0667724609375 1751.82177734375 1747.789794921875 1742.657958984375 1737.0067138671875 1732.2294921875 1726.676513671875 1722.5758056640625 1722.542724609375 1723.9547119140625 1726.888427734375 1728.6875 1728.2247314453125 1724.3160400390625 1717.30517578125 1710.1455078125 1702.1915283203125 1697.23046875 1699.895751953125 1703.93603515625 1707.08154296875
1791.135498046875 1789.0372314453125 1786.44970703125 1784.166015625 1782.2325439453125 1780.7994384765625 1779.207275390625 1779.218017578125 1778.8564453125 1778.8604736328125 1777.6802978515625 1775.7177734375 1774.43701171875 1773.893798828125 1773.270751953125 1772.29052734375 1771.1710205078125 1769.5367431640625 1767.585205078125 1765.134521484375 1762.0367431640625 1759.3125 1756.92724609375 1754.98828125 1752.00927734375 1747.75146484375 1743.16748046875 1739.15625 1734.0009765625 1728.362060546875 1722.945068359375 1717.5877685546875 1716.9320068359375 1717.218505859375 1720.456787109375 1722.810791015625 1723.3704833984375 1722.07373046875 1716.221435546875 1708.4410400390625 1699.78955078125 1692.791748046875 1692.0872802734375 1696.15771484375 1700.0360107421875
1785.48095703125 1783.13818359375 1781.1944580078125 1778.521240234375 1776.396240234375 1774.7264404296875 1773.54541015625 1773.075439453125 1773.268798828125 1772.67822265625 1772.0369873046875 1770.38525390625 1768.86474609375 1767.9818115234375 1767.633056640625 1766.94775390625 1766.194091796875 1764.6405029296875 1762.170166015625 1759.387451171875 1757.283447265625 1754.6572265625 1752.117431640625 1750.2864990234375 1747.4942626953125 1743.802978515625 1738.757080078125 1734.593994140625 1731.3797607421875 1725.449951171875 1719.0777587890625 1713.955810546875 1710.8994140625 1711.28173828125 1714.7431640625 1716.9403076171875 1717.7535400390625 1717.080322265625 1715.2213134765625 1708.199462890625 1698.3697509765625 1689.2529296875 1684.93701171875 1688.5877685546875 1693.852783203125
1780.0155029296875 1777.8277587890625 1775.6240234375 1772.384033203125 1769.843994140625 1769.042724609375 1767.71728515625 1767.344482421875 1767.7235107421875 1766.346435546875 1766.6524658203125 1764.5660400390625 1763.4017333984375 1763.112060546875 1762.839111328125 1761.822509765625 1760.28271484375 1758.708251953125 1756.6875 1754.3087158203125 1752.1102294921875 1749.637939453125 1747.65625 1745.57275390625 1742.6719970703125 1739.4404296875 1735.332763671875 1729.991943359375 1726.406982421875 1722.3892822265625 1715.42822265625 1709.940673828125 1705.5462646484375 1705.543701171875 1709.01806640625 1710.94873046875 1711.02197265625 1710.46826171875 1709.9189453125 1706.9365234375 1699.0150146484375 1689.447021484375 1679.8494873046875 1679.4718017578125 1683.5584716796875
1775.7430419921875 1772.6087646484375 1770.3282470703125 1767.9212646484375 1764.4844970703125 1762.7642822265625 1761.836669921875 1761.97705078125 1761.7554931640625 1760.509521484375 1761.133544921875 1759.250732421875 1758.218017578125 1758.227294921875 1757.1094970703125 1756.032470703125 1754.435791015625 1752.710693359375 1750.960205078125 1748.9857177734375 1746.8814697265625 1744.686767578125 1742.470703125 1740.3955078125 1738.3895263671875 1735.3621826171875 1731.430419921875 1726.1025390625 1721.8980712890625 1718.58447265625 1712.2242431640625 1705.7637939453125 1701.7882080078125 1699.7255859375 1703.1829833984375 1705.49853515625 1704.4873046875 1703.5775146484375 1702.251708984375 1699.24169921875 1693.332763671875 1686.2545166015625 1677.3912353515625 1672.0867919921875 1673.7867431640625
1770.239990234375 1768.252197265625 1765.175537109375 1762.51220703125 1759.6417236328125 1756.91796875 1755.768798828125 1755.407470703125 1755.7979736328125 1755.7001953125 1755.2449951171875 1753.57177734375 1753.0069580078125 1751.842041015625 1751.42529296875 1750.3284912109375 1749.0447998046875 1747.135009765625 1745.5994873046875 1743.8909912109375 1741.6214599609375 1739.520263671875 1737.77197265625 1736.24072265625 1734.5052490234375 1732.0987548828125 1728.6739501953125 1723.3089599609375 1718.278076171875 1713.6435546875 1709.08447265625 1702.39501953125 1697.383544921875 1694.5634765625 1694.251708984375 1696.211669921875 1696.04150390625 1695.53955078125 1694.863037109375 1691.6337890625 1686.4630126953125 1680.0567626953125 1672.8995361328125 1667.0565185546875 1666.434814453125
1765.070068359375 1762.666259765625 1759.437744140625 1756.8201904296875 1754.21875 1751.2685546875 1750.4642333984375 1750.299560546875 1750.603759765625 1749.7755126953125 1749.22998046875 1747.729736328125 1747.2227783203125 1746.26318359375 1745.60693359375 1745.1912841796875 1743.9727783203125 1741.625244140625 1740.478759765625 1737.772216796875 1735.646728515625 1733.895263671875 1732.7132568359375 1731.6732177734375 1730.541015625 1728.4267578125 1725.458251953125 1721.156982421875 1715.79248046875 1709.3037109375 1705.0694580078125 1699.5570068359375 1693.2774658203125 1690.0760498046875 1687.2762451171875 1687.7545166015625 1688.1865234375 1688.69775390625 1689.0894775390625 1685.833740234375 1680.6910400390625 1674.696533203125 1668.8890380859375 1663.2059326171875 1659.9775390625
1760.5889892578125 1757.73681640625 1755.4945068359375 1751.86474609375 1749.55126953125 1746.3480224609375 1744.44921875 1744.0665283203125 1744.5274658203125 1744.011962890625 1743.14794921875 1742.1912841796875 1741.2967529296875 1740.55224609375 1740.43896484375 1739.45947265625 1737.93603515625 1736.83447265625 1734.586181640625 1732.708740234375 1730.659912109375 1728.842529296875 1727.864990234375 1727.11572265625 1726.0902099609375 1724.7197265625 1721.8084716796875 1717.4210205078125 1711.92529296875 1705.71044921875 1700.52001953125 1696.792724609375 1691.2984619140625 1685.304931640625 1682.216064453125 1681.0469970703125 1681.3704833984375 1682.15625 1683.26904296875 1681.909423828125 1676.4210205078125 1670.3358154296875 1664.4652099609375 1658.8544921875 1654.884521484375
1755.54443359375 1753.1982421875 1750.309814453125 1746.97607421875 1744.3690185546875 1741.585205078125 1738.41455078125 1738.4022216796875 1738.51953125 1738.018798828125 1737.3907470703125 1736.913818359375 1735.9912109375 1735.2764892578125 1734.7105712890625 1733.88671875 1732.927490234375 1731.394287109375 1729.49853515625 1727.34326171875 1725.78955078125 1724.1202392578125 1723.0584716796875 1721.946533203125 1720.7135009765625 1719.6640625 1717.5794677734375 1713.208740234375 1707.94873046875 1702.67578125 1697.06396484375 1692.4832763671875 1688.701904296875 1682.07568359375 1677.913818359375 1675.07421875 1675.3480224609375 1675.5350341796875 1676.8702392578125 1677.45654296875 1673.2991943359375 1666.8194580078125 1660.1619873046875 1654.12255859375 1650.051025390625
1750.7445068359375 1748.3759765625 1745.573974609375 1742.4635009765625 1739.1510009765625 1736.19677734375 1732.8367919921875 1732.178466796875 1732.551025390625 1732.184326171875 1731.7469482421875 1731.425537109375 1730.5142822265625 1729.8177490234375 1729.15869140625 1728.302001953125 1727.344970703125 1725.330078125 1723.8272705078125 1722.217529296875 1720.705078125 1719.7113037109375 1718.10546875 1716.648681640625 1715.079833984375 1713.5703125 1711.531005859375 1708.125244140625 1703.8387451171875 1698.819580078125 1694.1312255859375 1688.48779296875 1684.7294921875 1679.6705322265625 1673.9852294921875 1669.9620361328125 1668.968994140625 1669.6044921875 1670.94677734375 1672.8177490234375 1671.731689453125 1665.326904296875 1658.28369140625 1651.322265625 1645.0272216796875
1745.806396484375 1743.1595458984375 1739.5362548828125 1736.663818359375 1733.5159912109375 1730.3177490234375 1727.0338134765625 1726.67724609375 1726.65283203125 1726.687255859375 1726.471435546875 1725.35498046875 1724.583740234375 1724.01318359375 1723.5362548828125 1722.5849609375 1721.059326171875 1719.47119140625 1718.3275146484375 1716.5675048828125 1714.9962158203125 1714.01904296875 1712.4296875 1710.6796875 1709.1357421875 1707.530029296875 1705.144287109375 1702.60009765625 1699.66845703125 1695.8623046875 1690.916259765625 1685.5009765625 1680.5450439453125 1677.0142822265625 1671.78369140625 1666.0877685546875 1663.122802734375 1662.5989990234375 1665.1484375 1668.5250244140625 1670.5927734375 1666.531982421875 1660.8699951171875 1651.887451171875 1641.7850341796875
1739.639404296875 1737.42431640625 1734.0400390625 1730.6259765625 1727.3203125 1725.0260009765625 1721.938720703125 1720.7470703125 1720.949951171875 1720.820556640625 1720.6304931640625 1719.92822265625 1719.1195068359375 1718.384765625 1717.68603515625 1716.25048828125 1714.9957275390625 1713.771484375 1712.486328125 1710.955810546875 1709.7197265625 1707.9425048828125 1706.002197265625 1704.3187255859375 1703.04248046875 1701.6434326171875 1699.51220703125 1696.840087890625 1694.832275390625 1692.1749267578125 1688.081298828125 1683.562744140625 1677.813232421875 1672.898681640625 1668.592041015625 1662.751953125 1658.13427734375 1656.9017333984375 1659.3800048828125 1663.354736328125 1665.76123046875 1662.425048828125 1656.302734375 1648.489501953125 1639.750244140625
