avaframe/data/avaArzlerAlm/Inputs/dem10m.asc
ncols        252
nrows        376
xllcorner    79875.000000000000
yllcorner    238925.000000000000
cellsize     10.000000000000
NODATA_value  -99999
[rows 80 to 99 of 376, columns 180 to 224 of 252]
1591.084716796875 1584.840576171875 1578.5572509765625 1573.341552734375 1561.415771484375 1549.5667724609375 1541.815185546875 1537.999267578125 1537.7242431640625 1538.187744140625 1538.383056640625 1539.8499755859375 1545.427490234375 1552.20947265625 1562.2490234375 1573.6322021484375 1585.7060546875 1597.1119384765625 1604.5667724609375 1609.782958984375 1611.95703125 1604.084716796875 1601.0804443359375 1602.958984375 1608.5087890625 1617.15478515625 1624.091796875 1624.316162109375 1616.19677734375 1606.19775390625 1598.70068359375 1595.206298828125 1595.5244140625 1593.7237548828125 1594.6455078125 1589.7132568359375 1588.728515625 1599.8807373046875 1608.46533203125 1615.126220703125 1620.16748046875 1621.17919921875 1621.072265625 1620.9794921875 1620.571533203125
1585.9415283203125 1588.582275390625 1585.3057861328125 1575.8302001953125 1564.5347900390625 1553.6392822265625 1540.4847412109375 1532.572998046875 1532.061767578125 1532.313232421875 1532.7847900390625 1534.793212890625 1541.073974609375 1550.9097900390625 1561.1939697265625 1571.21142578125 1583.17431640625 1594.955810546875 1599.3482666015625 1600.709716796875 1603.740234375 1599.154541015625 1592.47607421875 1593.6419677734375 1603.25 1614.6572265625 1615.853515625 1612.6717529296875 1610.8079833984375 1603.03369140625 1594.7449951171875 1588.0491943359375 1586.981201171875 1583.790283203125 1582.791015625 1581.116943359375 1588.10595703125 1598.41455078125 1605.648681640625 1612.021728515625 1615.3057861328125 1615.5732421875 1615.450439453125 1614.9365234375 1614.4000244140625
1579.5257568359375 1583.6395263671875 1582.761962890625 1572.935302734375 1562.6722412109375 1548.8251953125 1541.5362548828125 1527.541748046875 1526.3294677734375 1526.5908203125 1527.256103515625 1528.730712890625 1536.7247314453125 1547.681884765625 1558.6724853515625 1571.614501953125 1582.510009765625 1590.28173828125 1593.384765625 1591.36376953125 1589.518798828125 1584.4957275390625 1583.5364990234375 1583.447509765625 1588.914306640625 1597.667724609375 1599.62451171875 1599.99072265625 1602.69921875 1599.88671875 1590.2919921875 1581.98974609375 1576.9267578125 1574.0987548828125 1573.6209716796875 1576.5567626953125 1587.4520263671875 1595.875732421875 1602.0255126953125 1607.375732421875 1609.4759521484375 1609.84228515625 1609.88427734375 1609.467529296875 1608.987548828125
1573.4532470703125 1577.091796875 1572.5562744140625 1568.56298828125 1547.37451171875 1532.52978515625 1527.4742431640625 1522.758544921875 1520.8890380859375 1521.022705078125 1521.530517578125 1523.23193359375 1530.217041015625 1539.2772216796875 1551.6337890625 1564.2862548828125 1576.0994873046875 1588.8785400390625 1588.9453125 1584.073486328125 1579.784423828125 1575.9224853515625 1573.90869140625 1574.0859375 1577.190673828125 1582.562255859375 1584.23095703125 1587.675048828125 1592.8909912109375 1592.5765380859375 1585.231201171875 1574.6180419921875 1566.2435302734375 1563.3277587890625 1568.872802734375 1578.730712890625 1586.511962890625 1592.33251953125 1597.654296875 1602.2357177734375 1603.80419921875 1604.19580078125 1604.179443359375 1604.0169677734375 1603.939697265625
1566.85546875 1565.52001953125 1549.12548828125 1536.731201171875 1523.17919921875 1517.3935546875 1515.6962890625 1515.283447265625 1515.125 1515.5047607421875 1516.06396484375 1519.394287109375 1527.6204833984375 1536.249755859375 1544.7347412109375 1554.1097412109375 1566.325439453125 1580.865478515625 1583.405029296875 1579.25732421875 1573.3509521484375 1568.6295166015625 1565.4752197265625 1564.98046875 1567.054443359375 1571.73828125 1574.174560546875 1579.2449951171875 1583.3477783203125 1583.981201171875 1579.2244873046875 1568.7147216796875 1557.353759765625 1554.30224609375 1571.125244140625 1577.0992431640625 1582.1114501953125 1587.363525390625 1592.4532470703125 1596.6920166015625 1597.759033203125 1598.3525390625 1598.685791015625 1598.2957763671875 1598.0811767578125
1551.666748046875 1538.341064453125 1525.865966796875 1517.7550048828125 1506.845703125 1505.68603515625 1506.679931640625 1508.923583984375 1509.64697265625 1510.0257568359375 1510.747802734375 1514.625732421875 1527.92724609375 1539.1839599609375 1546.72705078125 1554.5264892578125 1563.9677734375 1573.03271484375 1575.271728515625 1572.946044921875 1567.738037109375 1563.63427734375 1557.8201904296875 1555.68017578125 1556.657958984375 1559.5552978515625 1565.539794921875 1570.605712890625 1572.727294921875 1574.3912353515625 1571.1102294921875 1555.896484375 1549.7147216796875 1552.6834716796875 1565.523193359375 1571.864501953125 1576.78271484375 1581.97900390625 1587.23193359375 1590.92919921875 1592.33447265625 1593.0770263671875 1593.177490234375 1592.751953125 1592.1500244140625
1541.9005126953125 1531.5167236328125 1516.168701171875 1505.065673828125 1499.3125 1498.79150390625 1501.228759765625 1503.4677734375 1504.207275390625 1504.6171875 1505.24755859375 1506.420654296875 1521.6612548828125 1540.6741943359375 1546.2022705078125 1548.948974609375 1557.7984619140625 1564.0174560546875 1565.8812255859375 1564.449462890625 1559.856689453125 1555.991943359375 1550.080810546875 1547.4224853515625 1547.97265625 1549.9346923828125 1554.17529296875 1558.93017578125 1561.1171875 1561.7030029296875 1553.70947265625 1540.7001953125 1538.03271484375 1554.416748046875 1560.57373046875 1566.3785400390625 1571.3800048828125 1576.635009765625 1582.220947265625 1585.4957275390625 1586.4224853515625 1587.184326171875 1587.540771484375 1586.6824951171875 1586.071044921875
1523.040771484375 1511.4718017578125 1502.9739990234375 1496.4864501953125 1492.90478515625 1493.5947265625 1496.053466796875 1498.0804443359375 1498.836181640625 1499.1080322265625 1499.85498046875 1500.769287109375 1505.302001953125 1523.9344482421875 1538.6849365234375 1539.9825439453125 1548.0537109375 1553.52392578125 1554.2974853515625 1555.9757080078125 1551.67333984375 1544.417236328125 1540.6175537109375 1539.0472412109375 1539.68603515625 1542.1474609375 1544.898193359375 1549.6087646484375 1552.0980224609375 1553.071533203125 1545.60205078125 1531.6920166015625 1536.6297607421875 1547.40576171875 1555.38525390625 1560.834716796875 1566.0574951171875 1572.02880859375 1577.4405517578125 1580.135986328125 1581.1214599609375 1581.60498046875 1581.9716796875 1581.282958984375 1580.7607421875
1503.320556640625 1494.95849609375 1488.7943115234375 1486.35546875 1486.5750732421875 1488.5152587890625 1491.051513671875 1492.751953125 1493.2578125 1493.6097412109375 1494.2645263671875 1496.4525146484375 1503.0587158203125 1510.6927490234375 1526.7364501953125 1529.9287109375 1533.364990234375 1536.8807373046875 1541.10546875 1545.5419921875 1544.450927734375 1537.843017578125 1533.6552734375 1531.248046875 1531.56298828125 1534.6705322265625 1536.7872314453125 1541.45849609375 1542.2662353515625 1539.5400390625 1536.9453125 1524.1412353515625 1529.2357177734375 1540.010986328125 1549.21923828125 1555.302978515625 1561.561279296875 1568.4420166015625 1573.0882568359375 1574.6107177734375 1575.687255859375 1576.375244140625 1576.58447265625 1575.69580078125 1575.040283203125
1496.24951171875 1486.840576171875 1481.9609375 1479.8955078125 1480.8714599609375 1483.394775390625 1485.834716796875 1487.115234375 1487.58203125 1488.0367431640625 1489.1207275390625 1492.3387451171875 1500.414306640625 1514.720703125 1520.8377685546875 1522.0572509765625 1524.319580078125 1527.3447265625 1531.904541015625 1537.4659423828125 1537.4007568359375 1530.28173828125 1525.9345703125 1523.6082763671875 1524.21826171875 1527.261962890625 1528.8489990234375 1530.27734375 1532.158447265625 1530.3472900390625 1523.74169921875 1515.718505859375 1522.267333984375 1529.345947265625 1542.195556640625 1550.8284912109375 1559.0145263671875 1565.112060546875 1567.955810546875 1569.417724609375 1570.2982177734375 1571.0947265625 1570.9417724609375 1570.47998046875 1569.635986328125
1484.06982421875 1478.353271484375 1475.575439453125 1473.5069580078125 1475.7237548828125 1478.221923828125 1480.2244873046875 1481.63720703125 1482.0364990234375 1482.434814453125 1484.216552734375 1488.362548828125 1498.5341796875 1516.26953125 1518.4410400390625 1514.1400146484375 1515.0577392578125 1518.25830078125 1523.48828125 1530.0994873046875 1532.395263671875 1524.3497314453125 1518.830810546875 1516.2354736328125 1517.18798828125 1520.6732177734375 1520.437744140625 1519.32470703125 1521.94482421875 1521.614013671875 1514.751708984375 1508.603271484375 1514.8671875 1525.7454833984375 1539.56103515625 1548.63720703125 1555.76904296875 1560.456298828125 1562.530029296875 1564.180908203125 1565.28271484375 1565.59716796875 1565.4124755859375 1565.11376953125 1564.479248046875
1477.32421875 1471.3817138671875 1468.6622314453125 1468.1734619140625 1470.7099609375 1472.9227294921875 1474.695556640625 1476.2109375 1476.6075439453125 1477.07470703125 1480.049072265625 1486.1741943359375 1493.9547119140625 1510.14892578125 1512.0126953125 1506.950439453125 1506.71728515625 1511.0875244140625 1515.69482421875 1520.215087890625 1525.7257080078125 1519.916015625 1512.781982421875 1508.71923828125 1510.072265625 1514.219482421875 1513.3857421875 1508.4248046875 1510.571533203125 1508.7135009765625 1504.0498046875 1502.0712890625 1511.592041015625 1526.3787841796875 1538.1185302734375 1544.458740234375 1551.7335205078125 1555.571533203125 1557.595947265625 1558.845947265625 1559.6600341796875 1560.1767578125 1559.9637451171875 1559.509033203125 1559.09521484375
1473.56005859375 1466.958251953125 1462.323486328125 1463.03759765625 1465.814697265625 1467.563232421875 1469.5185546875 1470.772216796875 1471.14697265625 1471.7294921875 1475.956298828125 1483.0849609375 1491.3597412109375 1500.8089599609375 1503.40625 1499.6727294921875 1499.0245361328125 1503.9970703125 1507.4310302734375 1509.7862548828125 1512.8804931640625 1513.9027099609375 1506.5849609375 1500.5281982421875 1503.0242919921875 1504.3349609375 1504.7647705078125 1499.32568359375 1496.12451171875 1493.2459716796875 1492.5272216796875 1498.978759765625 1510.126708984375 1522.4002685546875 1531.86474609375 1540.189208984375 1547.468994140625 1550.5794677734375 1552.5699462890625 1553.7237548828125 1554.2152099609375 1554.643310546875 1554.7552490234375 1554.4527587890625 1554.156494140625
1470.55517578125 1462.9659423828125 1457.3919677734375 1458.281005859375 1460.741455078125 1462.4697265625 1464.2197265625 1465.39453125 1465.768310546875 1466.561767578125 1472.34326171875 1480.2373046875 1487.392822265625 1492.61767578125 1495.7542724609375 1491.428466796875 1491.2587890625 1498.521728515625 1499.052001953125 1499.540283203125 1501.794189453125 1504.249267578125 1498.4639892578125 1491.98046875 1495.5484619140625 1494.48828125 1493.36669921875 1489.5992431640625 1483.6417236328125 1481.9632568359375 1488.991455078125 1501.5908203125 1514.0667724609375 1523.134033203125 1529.4747314453125 1536.721435546875 1542.99853515625 1545.583740234375 1547.10498046875 1548.48974609375 1548.957763671875 1549.490234375 1549.22705078125 1548.873291015625 1549.127685546875
1469.5052490234375 1459.314697265625 1453.1669921875 1453.55908203125 1455.677734375 1457.384765625 1459.083251953125 1460.01220703125 1460.4820556640625 1461.4617919921875 1469.345458984375 1477.041015625 1481.266845703125 1484.2957763671875 1487.9188232421875 1482.589599609375 1485.355712890625 1493.3057861328125 1492.2119140625 1488.71484375 1486.9007568359375 1489.3924560546875 1484.257568359375 1483.1094970703125 1488.675048828125 1484.8089599609375 1482.6402587890625 1482.0054931640625 1474.511962890625 1478.7127685546875 1490.061279296875 1502.12255859375 1509.82421875 1516.2027587890625 1525.2225341796875 1533.3284912109375 1538.414794921875 1540.55078125 1541.98828125 1543.18408203125 1543.9617919921875 1544.42578125 1544.2550048828125 1543.8153076171875 1543.56103515625
1464.3154296875 1454.8060302734375 1448.7139892578125 1448.587646484375 1450.6400146484375 1452.3297119140625 1453.8604736328125 1454.748779296875 1455.115478515625 1457.060302734375 1465.5897216796875 1473.874755859375 1473.8270263671875 1475.6279296875 1475.5694580078125 1472.721435546875 1476.675048828125 1483.529541015625 1485.346435546875 1479.804443359375 1475.9610595703125 1476.2027587890625 1473.36669921875 1473.1142578125 1478.9632568359375 1476.581298828125 1474.08349609375 1471.85302734375 1467.4169921875 1476.082275390625 1485.8277587890625 1495.814208984375 1503.699462890625 1512.1107177734375 1522.1650390625 1530.321533203125 1533.5675048828125 1535.5560302734375 1537.3690185546875 1538.39501953125 1538.7755126953125 1539.217041015625 1538.9210205078125 1538.601806640625 1537.8232421875
1458.9927978515625 1450.0675048828125 1444.0054931640625 1443.6962890625 1445.71923828125 1447.1400146484375 1448.7607421875 1449.5147705078125 1449.8984375 1452.24951171875 1459.883056640625 1466.993408203125 1465.8587646484375 1465.1884765625 1465.19921875 1464.11181640625 1468.302978515625 1473.0498046875 1476.072021484375 1473.36181640625 1467.8804931640625 1466.24755859375 1464.31494140625 1467.26025390625 1469.4332275390625 1468.3084716796875 1464.971435546875 1461.460693359375 1464.3695068359375 1474.604736328125 1483.397216796875 1492.833984375 1503.9990234375 1512.071533203125 1520.5582275390625 1525.896728515625 1528.31298828125 1530.6796875 1532.14794921875 1533.2991943359375 1533.688232421875 1534.135986328125 1533.782470703125 1533.4122314453125 1532.60400390625
1450.284423828125 1444.126953125 1438.6380615234375 1438.89794921875 1440.6591796875 1442.062255859375 1443.5875244140625 1444.303955078125 1444.606201171875 1447.2777099609375 1454.406005859375 1459.701171875 1458.9747314453125 1456.4725341796875 1456.123046875 1456.4422607421875 1459.325927734375 1461.53125 1462.43896484375 1462.3907470703125 1460.4744873046875 1456.8349609375 1456.50341796875 1460.6204833984375 1458.9842529296875 1458.3397216796875 1455.9434814453125 1455.142578125 1463.7137451171875 1472.271728515625 1481.8709716796875 1494.68505859375 1504.9635009765625 1512.9002685546875 1517.9227294921875 1521.1832275390625 1524.001220703125 1525.9405517578125 1527.240966796875 1528.0877685546875 1528.480712890625 1528.56005859375 1528.4017333984375 1528.2113037109375 1527.145263671875
1442.305419921875 1438.5064697265625 1433.28125 1433.92724609375 1435.4730224609375 1437.021240234375 1438.3699951171875 1438.884765625 1439.25634765625 1441.5247802734375 1446.968994140625 1453.789794921875 1452.9219970703125 1449.387939453125 1448.30419921875 1449.2412109375 1451.5069580078125 1451.6920166015625 1452.03857421875 1453.0877685546875 1452.6815185546875 1448.5574951171875 1450.5145263671875 1452.050537109375 1449.01123046875 1448.23095703125 1446.80322265625 1453.020263671875 1461.6722412109375 1471.3382568359375 1483.02099609375 1494.3072509765625 1502.02880859375 1508.758544921875 1513.374267578125 1516.539794921875 1519.2216796875 1521.07421875 1522.239501953125 1523.071044921875 1523.37353515625 1523.4102783203125 1523.079345703125 1522.7425537109375 1520.8492431640625
1435.2969970703125 1432.0579833984375 1428.414794921875 1428.809814453125 1430.64697265625 1431.92822265625 1432.8702392578125 1433.6104736328125 1433.762939453125 1435.15478515625 1439.48974609375 1445.7862548828125 1445.2275390625 1442.1417236328125 1440.876708984375 1442.3377685546875 1444.3485107421875 1443.8857421875 1443.866943359375 1443.7867431640625 1443.279296875 1440.1605224609375 1441.582275390625 1442.1412353515625 1439.948974609375 1439.927734375 1441.5369873046875 1451.0689697265625 1460.3695068359375 1471.873046875 1482.4150390625 1490.354736328125 1496.7852783203125 1504.1612548828125 1508.5487060546875 1511.7225341796875 1514.261962890625 1516.148193359375 1517.2657470703125 1517.751953125 1518.41455078125 1518.0567626953125 1517.47802734375 1516.2099609375 1513.6304931640625
