avaframe/data/avaArzlerAlm/Inputs/dem10m.asc
ncols        252
nrows        376
xllcorner    79875.000000000000
yllcorner    238925.000000000000
cellsize     10.000000000000
NODATA_value  -99999
[rows 200 to 219 of 376, columns 90 to 134 of 252]
1230.3232421875 1234.345703125 1236.789794921875 1236.7435302734375 1236.7452392578125 1237.74853515625 1238.4639892578125 1235.585205078125 1231.345458984375 1226.774658203125 1221.1904296875 1215.1510009765625 1209.59619140625 1205.321533203125 1201.5057373046875 1196.09619140625 1188.77880859375 1183.3477783203125 1178.971923828125 1177.3179931640625 1176.8175048828125 1175.468505859375 1171.0684814453125 1167.5269775390625 1169.623291015625 1173.01220703125 1177.79248046875 1179.4014892578125 1179.5562744140625 1181.2750244140625 1184.103271484375 1183.6612548828125 1180.0457763671875 1174.9342041015625 1170.196533203125 1165.4534912109375 1160.5677490234375 1157.897216796875 1156.059814453125 1154.1607666015625 1151.4625244140625 1148.529296875 1145.9267578125 1144.886962890625 1143.197021484375
1223.41943359375 1227.6702880859375 1230.041015625 1229.8367919921875 1230.33349609375 1231.855712890625 1233.0255126953125 1231.2042236328125 1227.8797607421875 1224.044921875 1218.9775390625 1213.0579833984375 1207.4052734375 1202.1395263671875 1198.1837158203125 1195.0167236328125 1189.1630859375 1183.9429931640625 1178.2884521484375 1174.32470703125 1171.121826171875 1169.273193359375 1167.644287109375 1163.990234375 1164.583984375 1168.074951171875 1173.4129638671875 1175.303466796875 1175.342041015625 1177.4140625 1179.5367431640625 1180.143798828125 1176.9422607421875 1173.2767333984375 1168.56005859375 1163.89697265625 1158.86474609375 1154.58251953125 1151.687744140625 1149.97607421875 1147.89599609375 1144.76953125 1141.937255859375 1140.342529296875 1139.16552734375
1216.5859375 1220.60595703125 1222.792236328125 1222.5625 1223.874267578125 1225.740234375 1227.763671875 1226.8912353515625 1223.874755859375 1220.66748046875 1216.830810546875 1211.740966796875 1205.7977294921875 1199.917724609375 1194.8795166015625 1191.677490234375 1188.2900390625 1185.0809326171875 1179.4210205078125 1174.570556640625 1170.6182861328125 1166.250244140625 1162.124755859375 1160.14794921875 1159.8489990234375 1164.17578125 1169.5565185546875 1171.590087890625 1171.176025390625 1173.26220703125 1176.4830322265625 1176.719482421875 1174.3709716796875 1170.35546875 1166.8070068359375 1162.8687744140625 1157.5283203125 1152.9129638671875 1148.5487060546875 1145.4625244140625 1143.552978515625 1141.3275146484375 1138.447509765625 1136.6617431640625 1135.33056640625
1209.43994140625 1213.0162353515625 1214.9432373046875 1215.3690185546875 1217.49072265625 1220.121337890625 1222.3065185546875 1222.1607666015625 1219.7860107421875 1216.64453125 1213.687255859375 1210.0703125 1204.611572265625 1198.4580078125 1192.798828125 1188.168701171875 1186.2139892578125 1184.199462890625 1179.728271484375 1175.2027587890625 1170.9849853515625 1166.37353515625 1160.955810546875 1155.8604736328125 1155.13330078125 1160.093505859375 1164.8065185546875 1167.654052734375 1167.531494140625 1169.2626953125 1172.426025390625 1173.5205078125 1171.107666015625 1167.5517578125 1164.0260009765625 1160.496337890625 1156.5560302734375 1152.39697265625 1147.5780029296875 1142.511962890625 1139.581298828125 1137.81005859375 1135.3289794921875 1133.374755859375 1132.04345703125
1202.279052734375 1205.78173828125 1207.656494140625 1208.420166015625 1211.2470703125 1214.2587890625 1216.15380859375 1216.866943359375 1214.562255859375 1210.996826171875 1208.3179931640625 1206.5439453125 1202.5032958984375 1196.65380859375 1190.673828125 1186.0654296875 1182.1162109375 1180.1632080078125 1177.7952880859375 1173.3134765625 1168.7744140625 1164.78369140625 1158.6600341796875 1152.5205078125 1150.3695068359375 1154.8902587890625 1160.21728515625 1163.70703125 1164.0029296875 1165.34228515625 1168.5672607421875 1170.4609375 1168.1925048828125 1164.7047119140625 1161.2672119140625 1157.9302978515625 1153.530029296875 1150.189208984375 1147.147705078125 1142.270263671875 1137.5465087890625 1134.310546875 1132.2177734375 1130.36572265625 1128.5179443359375
1195.840087890625 1198.63525390625 1200.740234375 1201.518310546875 1205.0062255859375 1207.969482421875 1210.0076904296875 1211.23193359375 1209.3187255859375 1205.104736328125 1201.5479736328125 1200.95458984375 1198.91943359375 1194.7120361328125 1189.0775146484375 1184.105712890625 1178.8470458984375 1175.571044921875 1173.6591796875 1170.4619140625 1165.1240234375 1160.008056640625 1154.666259765625 1148.8399658203125 1146.044677734375 1149.5546875 1155.667236328125 1159.544189453125 1160.085205078125 1161.6494140625 1164.6102294921875 1166.8167724609375 1165.043701171875 1161.729736328125 1158.280517578125 1154.99658203125 1151.1748046875 1146.689453125 1144.448974609375 1141.3826904296875 1137.4287109375 1133.0157470703125 1129.239501953125 1127.32080078125 1125.3065185546875
1189.522216796875 1191.7373046875 1193.6282958984375 1195.188720703125 1198.4482421875 1201.1607666015625 1203.5250244140625 1205.415283203125 1204.092041015625 1199.4429931640625 1194.3900146484375 1194.198974609375 1193.21142578125 1191.02099609375 1187.6912841796875 1183.604736328125 1177.18603515625 1172.335205078125 1169.4892578125 1167.26953125 1163.033447265625 1156.788330078125 1150.2357177734375 1145.552978515625 1142.267822265625 1145.0859375 1151.3212890625 1155.1632080078125 1156.4130859375 1157.4407958984375 1160.322509765625 1162.9005126953125 1162.107421875 1159.04150390625 1155.5909423828125 1151.793212890625 1148.673828125 1144.36474609375 1140.0772705078125 1137.86328125 1135.6302490234375 1132.417724609375 1128.1090087890625 1124.5784912109375 1122.5810546875
1185.2027587890625 1185.461669921875 1186.605712890625 1188.230224609375 1191.68603515625 1194.4110107421875 1197.0052490234375 1199.704345703125 1199.1614990234375 1194.5255126953125 1189.1302490234375 1187.6529541015625 1187.1617431640625 1186.1636962890625 1184.8809814453125 1181.6094970703125 1176.538818359375 1171.208740234375 1166.3721923828125 1163.2777099609375 1160.7337646484375 1155.798828125 1148.3662109375 1142.41357421875 1138.665771484375 1140.887939453125 1146.158447265625 1149.840576171875 1152.074951171875 1153.0257568359375 1155.29931640625 1158.4093017578125 1159.1629638671875 1156.18505859375 1153.002197265625 1148.9725341796875 1145.552978515625 1142.24169921875 1137.439697265625 1133.1748046875 1131.4212646484375 1129.4405517578125 1126.7232666015625 1123.0662841796875 1120.08447265625
1181.028564453125 1179.8427734375 1180.448974609375 1182.451171875 1186.2022705078125 1187.967041015625 1190.2843017578125 1193.5562744140625 1194.425537109375 1189.3604736328125 1185.0040283203125 1181.88525390625 1182.01904296875 1180.5999755859375 1179.541259765625 1178.8876953125 1176.468017578125 1171.2347412109375 1165.871826171875 1160.6929931640625 1157.236328125 1153.9462890625 1148.376953125 1140.54150390625 1135.4327392578125 1135.561767578125 1140.2652587890625 1144.1719970703125 1146.6044921875 1147.9757080078125 1150.428466796875 1153.0882568359375 1154.2259521484375 1153.393798828125 1150.10546875 1146.66943359375 1142.980224609375 1139.7979736328125 1136.083740234375 1129.987060546875 1126.5482177734375 1124.9522705078125 1123.156005859375 1121.331298828125 1118.893310546875
1177.6142578125 1175.5574951171875 1174.9334716796875 1175.552734375 1178.524169921875 1180.800537109375 1184.4873046875 1187.228271484375 1188.7080078125 1186.4097900390625 1180.0789794921875 1175.9730224609375 1174.512451171875 1174.3404541015625 1174.12744140625 1174.0655517578125 1174.178955078125 1171.4656982421875 1166.18505859375 1160.532958984375 1155.1629638671875 1150.9617919921875 1146.9853515625 1139.281005859375 1133.3072509765625 1130.7464599609375 1134.555419921875 1138.37548828125 1140.5562744140625 1142.63427734375 1145.907958984375 1147.1409912109375 1148.362060546875 1149.898193359375 1147.7457275390625 1144.4832763671875 1140.794921875 1137.0372314453125 1133.770751953125 1128.992919921875 1123.865478515625 1120.417724609375 1118.343994140625 1117.4517822265625 1116.521240234375
1174.101318359375 1172.0975341796875 1170.28271484375 1169.7459716796875 1171.346435546875 1173.871826171875 1177.242919921875 1181.128662109375 1184.4415283203125 1183.435546875 1177.301025390625 1171.345703125 1168.3682861328125 1167.8275146484375 1168.0565185546875 1168.3310546875 1169.2945556640625 1169.8287353515625 1166.4315185546875 1160.9007568359375 1155.69873046875 1150.3372802734375 1144.513916015625 1137.792724609375 1131.833251953125 1126.584716796875 1128.491943359375 1132.24853515625 1134.4962158203125 1137.5977783203125 1139.8924560546875 1140.8270263671875 1142.334228515625 1145.158935546875 1145.081298828125 1141.927978515625 1138.17822265625 1134.0582275390625 1130.574951171875 1127.0074462890625 1122.144775390625 1116.810791015625 1113.9324951171875 1112.71044921875 1112.4854736328125
1170.6395263671875 1168.8067626953125 1166.8585205078125 1165.1259765625 1165.322021484375 1167.573486328125 1171.3284912109375 1174.95849609375 1178.42333984375 1179.6182861328125 1175.6072998046875 1168.615966796875 1163.4320068359375 1161.378662109375 1161.560791015625 1161.7352294921875 1163.8060302734375 1165.5347900390625 1164.5784912109375 1160.17919921875 1155.677490234375 1150.647705078125 1144.720458984375 1138.14306640625 1130.9560546875 1125.540283203125 1122.5906982421875 1125.00146484375 1127.9844970703125 1131.427734375 1133.044189453125 1134.60693359375 1136.802734375 1139.9482421875 1140.83447265625 1138.55322265625 1134.533447265625 1130.25341796875 1127.1082763671875 1123.490234375 1120.21533203125 1115.251708984375 1110.907470703125 1108.7869873046875 1107.867919921875
1167.5692138671875 1165.6097412109375 1163.56201171875 1161.57421875 1160.3690185546875 1162.148193359375 1165.5810546875 1169.37255859375 1173.0692138671875 1174.510498046875 1172.3497314453125 1166.4969482421875 1159.8150634765625 1155.3397216796875 1154.936279296875 1154.908447265625 1158.058349609375 1160.3067626953125 1160.018798828125 1156.8790283203125 1153.99658203125 1150.469482421875 1145.41552734375 1138.554443359375 1130.915283203125 1124.917236328125 1119.4940185546875 1118.3997802734375 1121.20654296875 1124.16796875 1126.03173828125 1127.8642578125 1131.1400146484375 1134.9415283203125 1136.235107421875 1134.2237548828125 1130.28076171875 1126.092529296875 1122.7294921875 1119.801025390625 1116.6304931640625 1113.1705322265625 1109.0479736328125 1105.559814453125 1104.3392333984375
1164.644775390625 1162.3740234375 1160.32177734375 1158.6075439453125 1156.69775390625 1156.8712158203125 1160.00244140625 1163.544677734375 1167.757568359375 1169.6407470703125 1168.710693359375 1164.30419921875 1157.0257568359375 1150.646484375 1148.61767578125 1149.7607421875 1152.103515625 1154.2435302734375 1154.603759765625 1152.1795654296875 1150.1015625 1148.2977294921875 1144.8917236328125 1138.991943359375 1131.5712890625 1124.601806640625 1119.074462890625 1114.00146484375 1115.10400390625 1116.997802734375 1119.071533203125 1122.1732177734375 1126.049560546875 1130.2845458984375 1131.3387451171875 1129.4312744140625 1125.92529296875 1121.9091796875 1118.41796875 1115.81396484375 1112.758056640625 1109.6722412109375 1107.2359619140625 1103.751708984375 1099.9620361328125
1162.998779296875 1159.73828125 1157.8974609375 1158.84130859375 1153.5755615234375 1152.3492431640625 1154.3564453125 1157.603759765625 1162.082763671875 1164.388427734375 1163.865478515625 1161.4534912109375 1155.6240234375 1148.3857421875 1143.697509765625 1143.98046875 1145.449462890625 1147.479736328125 1148.986572265625 1148.1522216796875 1146.2027587890625 1144.4415283203125 1143.4451904296875 1139.572509765625 1133.6614990234375 1126.075927734375 1118.695556640625 1112.957275390625 1109.458740234375 1110.4534912109375 1113.00927734375 1116.592041015625 1121.33154296875 1125.437255859375 1126.239501953125 1124.3502197265625 1121.3525390625 1117.2884521484375 1113.5775146484375 1110.8671875 1109.634765625 1106.9000244140625 1104.2457275390625 1102.0174560546875 1097.538818359375
1161.82373046875 1157.37841796875 1155.0179443359375 1153.0059814453125 1150.79931640625 1148.695556640625 1148.9029541015625 1151.2412109375 1154.9105224609375 1158.3162841796875 1158.644775390625 1156.92919921875 1153.35595703125 1146.810546875 1140.341064453125 1137.356201171875 1138.7735595703125 1140.684814453125 1142.6737060546875 1143.6094970703125 1142.6090087890625 1141.0787353515625 1139.717041015625 1138.2135009765625 1133.8375244140625 1128.082275390625 1121.052734375 1113.4730224609375 1107.8065185546875 1105.482177734375 1107.78125 1111.507080078125 1116.8487548828125 1120.103271484375 1120.895751953125 1118.9315185546875 1116.166015625 1112.85693359375 1109.98193359375 1108.4017333984375 1105.914306640625 1103.79443359375 1102.112548828125 1099.6212158203125 1094.970703125
1160.4117431640625 1156.165283203125 1152.7862548828125 1150.11572265625 1147.949951171875 1145.6796875 1144.10400390625 1145.2767333984375 1147.8699951171875 1151.0350341796875 1152.9322509765625 1151.9580078125 1149.596435546875 1144.903076171875 1138.187255859375 1132.552001953125 1132.341796875 1134.095947265625 1136.2977294921875 1137.4525146484375 1137.98974609375 1136.986328125 1135.439208984375 1133.344482421875 1129.58447265625 1124.60205078125 1119.5587158203125 1113.040771484375 1106.299560546875 1101.84326171875 1103.59619140625 1107.134521484375 1112.009765625 1114.1822509765625 1115.9005126953125 1114.55419921875 1111.31689453125 1108.2847900390625 1106.4207763671875 1104.583740234375 1103.054443359375 1101.5760498046875 1099.5262451171875 1096.23095703125 1091.8466796875
1160.351318359375 1156.0787353515625 1151.815185546875 1147.770751953125 1145.44970703125 1142.7955322265625 1140.449951171875 1139.5582275390625 1141.12744140625 1143.491455078125 1145.228271484375 1146.144775390625 1144.54248046875 1141.4664306640625 1135.291259765625 1129.1767578125 1126.49658203125 1128.31494140625 1129.560546875 1130.89306640625 1133.0584716796875 1132.9337158203125 1130.352783203125 1128.156982421875 1123.78271484375 1118.999755859375 1113.979736328125 1108.9580078125 1103.102294921875 1098.873779296875 1099.490478515625 1103.4267578125 1108.52197265625 1111.6312255859375 1111.44482421875 1110.1455078125 1107.0264892578125 1104.7998046875 1103.2490234375 1102.33203125 1101.237060546875 1099.4642333984375 1098.0469970703125 1094.2841796875 1089.8397216796875
1162.48193359375 1157.10400390625 1151.856201171875 1147.033203125 1142.794189453125 1140.5252685546875 1137.5792236328125 1135.4002685546875 1135.05078125 1136.6025390625 1138.03857421875 1139.2034912109375 1139.52294921875 1136.687744140625 1131.491943359375 1125.6669921875 1121.6920166015625 1122.1412353515625 1123.447509765625 1124.945556640625 1128.501220703125 1129.1500244140625 1124.6385498046875 1122.67626953125 1118.45654296875 1113.228271484375 1108.187255859375 1103.427490234375 1099.1407470703125 1095.4969482421875 1096.260009765625 1100.054931640625 1104.779296875 1108.6724853515625 1107.8203125 1106.2127685546875 1104.0799560546875 1102.3492431640625 1101.8072509765625 1100.9375 1100.27880859375 1099.1962890625 1098.2919921875 1095.43603515625 1089.65478515625
1165.833984375 1160.09130859375 1154.4639892578125 1147.4697265625 1141.146728515625 1137.759521484375 1134.8662109375 1132.3232421875 1130.351318359375 1130.3165283203125 1131.1092529296875 1132.626708984375 1133.874267578125 1132.716796875 1128.4644775390625 1122.4217529296875 1117.39599609375 1116.4954833984375 1117.497802734375 1119.979736328125 1124.19482421875 1125.9932861328125 1120.3585205078125 1116.5269775390625 1113.8397216796875 1108.2034912109375 1102.680419921875 1097.84375 1094.6829833984375 1092.02294921875 1093.70849609375 1096.4854736328125 1101.080078125 1105.200439453125 1105.2774658203125 1103.9420166015625 1102.5570068359375 1102.0712890625 1102.477294921875 1102.794189453125 1102.1839599609375 1100.1982421875 1098.083740234375 1095.167724609375 1089.291259765625
