avaframe/data/avaSimilaritySol/Inputs/DEM_IP_Topo.asc
nCols  801
nRows  201
xllcenter  -202.50
yllcenter -502.50
cellsize  5
nodata_value -9999.00
[rows 120 to 143 of 201, columns 270 to 323 of 801]
54.719823 51.218786 47.717748 44.216710 40.715673 37.214635 33.713597 30.212560 26.711522 23.210484 19.709447 16.208409 12.707371 9.206333 5.705296 2.204258 -1.296780 -4.797817 -8.298855 -11.799893 -15.300930 -18.801968 -22.303006 -25.804043 -29.305081 -32.806119 -36.307157 -39.808194 -43.309232 -46.810270 -50.311307 -53.812345 -57.313383 -60.814420 -64.315458 -67.816496 -71.317533 -74.818571 -78.319609 -81.820647 -85.321684 -88.822722 -92.323760 -95.824797 -99.325835 -102.826873 -106.327910 -109.828948 -113.329986 -116.831023 -120.332061 -123.833099 -127.334137 -130.835174
54.719823 51.218786 47.717748 44.216710 40.715673 37.214635 33.713597 30.212560 26.711522 23.210484 19.709447 16.208409 12.707371 9.206333 5.705296 2.204258 -1.296780 -4.797817 -8.298855 -11.799893 -15.300930 -18.801968 -22.303006 -25.804043 -29.305081 -32.806119 -36.307157 -39.808194 -43.309232 -46.810270 -50.311307 -53.812345 -57.313383 -60.814420 -64.315458 -67.816496 -71.317533 -74.818571 -78.319609 -81.820647 -85.321684 -88.822722 -92.323760 -95.824797 -99.325835 -102.826873 -106.327910 -109.828948 -113.329986 -116.831023 -120.332061 -123.833099 -127.334137 -130.835174
54.719823 51.218786 47.717748 44.216710 40.715673 37.214635 33.713597 30.212560 26.711522 23.210484 19.709447 16.208409 12.707371 9.206333 5.705296 2.204258 -1.296780 -4.797817 -8.298855 -11.799893 -15.300930 -18.801968 -22.303006 -25.804043 -29.305081 -32.806119 -36.307157 -39.808194 -43.309232 -46.810270 -50.311307 -53.812345 -57.313383 -60.814420 -64.315458 -67.816496 -71.317533 -74.818571 -78.319609 -81.820647 -85.321684 -88.822722 -92.323760 -95.824797 -99.325835 -102.826873 -106.327910 -109.828948 -113.329986 -116.831023 -120.332061 -123.833099 -127.334137 -130.835174
54.719823 51.218786 47.717748 44.216710 40.715673 37.214635 33.713597 30.212560 26.711522 23.210484 19.709447 16.208409 12.707371 9.206333 5.705296 2.204258 -1.296780 -4.797817 -8.298855 -11.799893 -15.300930 -18.801968 -22.303006 -25.804043 -29.305081 -32.806119 -36.307157 -39.808194 -43.309232 -46.810270 -50.311307 -53.812345 -57.313383 -60.814420 -64.315458 -67.816496 -71.317533 -74.818571 -78.319609 -81.820647 -85.321684 -88.822722 -92.323760 -95.824797 -99.325835 -102.826873 -106.327910 -109.828948 -113.329986 -116.831023 -120.332061 -123.833099 -127.334137 -130.835174
54.719823 51.218786 47.717748 44.216710 40.715673 37.214635 33.713597 30.212560 26.711522 23.210484 19.709447 16.208409 12.707371 9.206333 5.705296 2.204258 -1.296780 -4.797817 -8.298855 -11.799893 -15.300930 -18.801968 -22.303006 -25.804043 -29.305081 -32.806119 -36.307157 -39.808194 -43.309232 -46.810270 -50.311307 -53.812345 -57.313383 -60.814420 -64.315458 -67.816496 -71.317533 -74.818571 -78.319609 -81.820647 -85.321684 -88.822722 -92.323760 -95.824797 -99.325835 -102.826873 -106.327910 -109.828948 -113.329986 -116.831023 -120.332061 -123.833099 -127.334137 -130.835174
54.719823 51.218786 47.717748 44.216710 40.715673 37.214635 33.713597 30.212560 26.711522 23.210484 19.709447 16.208409 12.707371 9.206333 5.705296 2.204258 -1.296780 -4.797817 -8.298855 -11.799893 -15.300930 -18.801968 -22.303006 -25.804043 -29.305081 -32.806119 -36.307157 -39.808194 -43.309232 -46.810270 -50.311307 -53.812345 -57.313383 -60.814420 -64.315458 -67.816496 -71.317533 -74.818571 -78.319609 -81.820647 -85.321684 -88.822722 -92.323760 -95.824797 -99.325835 -102.826873 -106.327910 -109.828948 -113.329986 -116.831023 -120.332061 -123.833099 -127.334137 -130.835174
54.719823 51.218786 47.717748 44.216710 40.715673 37.214635 33.713597 30.212560 26.711522 23.210484 19.709447 16.208409 12.707371 9.206333 5.705296 2.204258 -1.296780 -4.797817 -8.298855 -11.799893 -15.300930 -18.801968 -22.303006 -25.804043 -29.305081 -32.806119 -36.307157 -39.808194 -43.309232 -46.810270 -50.311307 -53.812345 -57.313383 -60.814420 -64.315458 -67.816496 -71.317533 -74.818571 -78.319609 -81.820647 -85.321684 -88.822722 -92.323760 -95.824797 -99.325835 -102.826873 -106.327910 -109.828948 -113.329986 -116.831023 -120.332061 -123.833099 -127.334137 -130.835174
54.719823 51.218786 47.717748 44.216710 40.715673 37.214635 33.713597 30.212560 26.711522 23.210484 19.709447 16.208409 12.707371 9.206333 5.705296 2.204258 -1.296780 -4.797817 -8.298855 -11.799893 -15.300930 -18.801968 -22.303006 -25.804043 -29.305081 -32.806119 -36.307157 -39.808194 -43.309232 -46.810270 -50.311307 -53.812345 -57.313383 -60.814420 -64.315458 -67.816496 -71.317533 -74.818571 -78.319609 -81.820647 -85.321684 -88.822722 -92.323760 -95.824797 -99.325835 -102.826873 -106.327910 -109.828948 -113.329986 -116.831023 -120.332061 -123.833099 -127.334137 -130.835174
54.719823 51.218786 47.717748 44.216710 40.715673 37.214635 33.713597 30.212560 26.711522 23.210484 19.709447 16.208409 12.707371 9.206333 5.705296 2.204258 -1.296780 -4.797817 -8.298855 -11.799893 -15.300930 -18.801968 -22.303006 -25.804043 -29.305081 -32.806119 -36.307157 -39.808194 -43.309232 -46.810270 -50.311307 -53.812345 -57.313383 -60.814420 -64.315458 -67.816496 -71.317533 -74.818571 -78.319609 -81.820647 -85.321684 -88.822722 -92.323760 -95.824797 -99.325835 -102.826873 -106.327910 -109.828948 -113.329986 -116.831023 -120.332061 -123.833099 -127.334137 -130.835174
54.719823 51.218786 47.717748 44.216710 40.715673 37.214635 33.713597 30.212560 26.711522 23.210484 19.709447 16.208409 12.707371 9.206333 5.705296 2.204258 -1.296780 -4.797817 -8.298855 -11.799893 -15.300930 -18.801968 -22.303006 -25.804043 -29.305081 -32.806119 -36.307157 -39.808194 -43.309232 -46.810270 -50.311307 -53.812345 -57.313383 -60.814420 -64.315458 -67.816496 -71.317533 -74.818571 -78.319609 -81.820647 -85.321684 -88.822722 -92.323760 -95.824797 -99.325835 -102.826873 -106.327910 -109.828948 -113.329986 -116.831023 -120.332061 -123.833099 -127.334137 -130.835174
54.719823 51.218786 47.717748 44.216710 40.715673 37.214635 33.713597 30.212560 26.711522 23.210484 19.709447 16.208409 12.707371 9.206333 5.705296 2.204258 -1.296780 -4.797817 -8.298855 -11.799893 -15.300930 -18.801968 -22.303006 -25.804043 -29.305081 -32.806119 -36.307157 -39.808194 -43.309232 -46.810270 -50.311307 -53.812345 -57.313383 -60.814420 -64.315458 -67.816496 -71.317533 -74.818571 -78.319609 -81.820647 -85.321684 -88.822722 -92.323760 -95.824797 -99.325835 -102.826873 -106.327910 -109.828948 -113.329986 -116.831023 -120.332061 -123.833099 -127.334137 -130.835174
54.719823 51.218786 47.717748 44.216710 40.715673 37.214635 33.713597 30.212560 26.711522 23.210484 19.709447 16.208409 12.707371 9.206333 5.705296 2.204258 -1.296780 -4.797817 -8.298855 -11.799893 -15.300930 -18.801968 -22.303006 -25.804043 -29.305081 -32.806119 -36.307157 -39.808194 -43.309232 -46.810270 -50.311307 -53.812345 -57.313383 -60.814420 -64.315458 -67.816496 -71.317533 -74.818571 -78.319609 -81.820647 -85.321684 -88.822722 -92.323760 -95.824797 -99.325835 -102.826873 -106.327910 -109.828948 -113.329986 -116.831023 -120.332061 -123.833099 -127.334137 -130.835174
54.719823 51.218786 47.717748 44.216710 40.715673 37.214635 33.713597 30.212560 26.711522 23.210484 19.709447 16.208409 12.707371 9.206333 5.705296 2.204258 -1.296780 -4.797817 -8.298855 -11.799893 -15.300930 -18.801968 -22.303006 -25.804043 -29.305081 -32.806119 -36.307157 -39.808194 -43.309232 -46.810270 -50.311307 -53.812345 -57.313383 -60.814420 -64.315458 -67.816496 -71.317533 -74.818571 -78.319609 -81.820647 -85.321684 -88.822722 -92.323760 -95.824797 -99.325835 -102.826873 -106.327910 -109.828948 -113.329986 -116.831023 -120.332061 -123.833099 -127.334137 -130.835174
54.719823 51.218786 47.717748 44.216710 40.715673 37.214635 33.713597 30.212560 26.711522 23.210484 19.709447 16.208409 12.707371 9.206333 5.705296 2.204258 -1.296780 -4.797817 -8.298855 -11.799893 -15.300930 -18.801968 -22.303006 -25.804043 -29.305081 -32.806119 -36.307157 -39.808194 -43.309232 -46.810270 -50.311307 -53.812345 -57.313383 -60.814420 -64.315458 -67.816496 -71.317533 -74.818571 -78.319609 -81.820647 -85.321684 -88.822722 -92.323760 -95.824797 -99.325835 -102.826873 -106.327910 -109.828948 -113.329986 -116.831023 -120.332061 -123.833099 -127.334137 -130.835174
54.719823 51.218786 47.717748 44.216710 40.715673 37.214635 33.713597 30.212560 26.711522 23.210484 19.709447 16.208409 12.707371 9.206333 5.705296 2.204258 -1.296780 -4.797817 -8.298855 -11.799893 -15.300930 -18.801968 -22.303006 -25.804043 -29.305081 -32.806119 -36.307157 -39.808194 -43.309232 -46.810270 -50.311307 -53.812345 -57.313383 -60.814420 -64.315458 -67.816496 -71.317533 -74.818571 -78.319609 -81.820647 -85.321684 -88.822722 -92.323760 -95.824797 -99.325835 -102.826873 -106.327910 -109.828948 -113.329986 -116.831023 -120.332061 -123.833099 -127.334137 -130.835174
54.719823 51.218786 47.717748 44.216710 40.715673 37.214635 33.713597 30.212560 26.711522 23.210484 19.709447 16.208409 12.707371 9.206333 5.705296 2.204258 -1.296780 -4.797817 -8.298855 -11.799893 -15.300930 -18.801968 -22.303006 -25.804043 -29.305081 -32.806119 -36.307157 -39.808194 -43.309232 -46.810270 -50.311307 -53.812345 -57.313383 -60.814420 -64.315458 -67.816496 -71.317533 -74.818571 -78.319609 -81.820647 -85.321684 -88.822722 -92.323760 -95.824797 -99.325835 -102.826873 -106.327910 -109.828948 -113.329986 -116.831023 -120.332061 -123.833099 -127.334137 -130.835174
54.719823 51.218786 47.717748 44.216710 40.715673 37.214635 33.713597 30.212560 26.711522 23.210484 19.709447 16.208409 12.707371 9.206333 5.705296 2.204258 -1.296780 -4.797817 -8.298855 -11.799893 -15.300930 -18.801968 -22.303006 -25.804043 -29.305081 -32.806119 -36.307157 -39.808194 -43.309232 -46.810270 -50.311307 -53.812345 -57.313383 -60.814420 -64.315458 -67.816496 -71.317533 -74.818571 -78.319609 -81.820647 -85.321684 -88.822722 -92.323760 -95.824797 -99.325835 -102.826873 -106.327910 -109.828948 -113.329986 -116.831023 -120.332061 -123.833099 -127.334137 -130.835174
54.719823 51.218786 47.717748 44.216710 40.715673 37.214635 33.713597 30.212560 26.711522 23.210484 19.709447 16.208409 12.707371 9.206333 5.705296 2.204258 -1.296780 -4.797817 -8.298855 -11.799893 -15.300930 -18.801968 -22.303006 -25.804043 -29.305081 -32.806119 -36.307157 -39.808194 -43.309232 -46.810270 -50.311307 -53.812345 -57.313383 -60.814420 -64.315458 -67.816496 -71.317533 -74.818571 -78.319609 -81.820647 -85.321684 -88.822722 -92.323760 -95.824797 -99.325835 -102.826873 -106.327910 -109.828948 -113.329986 -116.831023 -120.332061 -123.833099 -127.334137 -130.835174
54.719823 51.218786 47.717748 44.216710 40.715673 37.214635 33.713597 30.212560 26.711522 23.210484 19.709447 16.208409 12.707371 9.206333 5.705296 2.204258 -1.296780 -4.797817 -8.298855 -11.799893 -15.300930 -18.801968 -22.303006 -25.804043 -29.305081 -32.806119 -36.307157 -39.808194 -43.309232 -46.810270 -50.311307 -53.812345 -57.313383 -60.814420 -64.315458 -67.816496 -71.317533 -74.818571 -78.319609 -81.820647 -85.321684 -88.822722 -92.323760 -95.824797 -99.325835 -102.826873 -106.327910 -109.828948 -113.329986 -116.831023 -120.332061 -123.833099 -127.334137 -130.835174
54.719823 51.218786 47.717748 44.216710 40.715673 37.214635 33.713597 30.212560 26.711522 23.210484 19.709447 16.208409 12.707371 9.206333 5.705296 2.204258 -1.296780 -4.797817 -8.298855 -11.799893 -15.300930 -18.801968 -22.303006 -25.804043 -29.305081 -32.806119 -36.307157 -39.808194 -43.309232 -46.810270 -50.311307 -53.812345 -57.313383 -60.814420 -64.315458 -67.816496 -71.317533 -74.818571 -78.319609 -81.820647 -85.321684 -88.822722 -92.323760 -95.824797 -99.325835 -102.826873 -106.327910 -109.828948 -113.329986 -116.831023 -120.332061 -123.833099 -127.334137 -130.835174
54.719823 51.218786 47.717748 44.216710 40.715673 37.214635 33.713597 30.212560 26.711522 23.210484 19.709447 16.208409 12.707371 9.206333 5.705296 2.204258 -1.296780 -4.797817 -8.298855 -11.799893 -15.300930 -18.801968 -22.303006 -25.804043 -29.305081 -32.806119 -36.307157 -39.808194 -43.309232 -46.810270 -50.311307 -53.812345 -57.313383 -60.814420 -64.315458 -67.816496 -71.317533 -74.818571 -78.319609 -81.820647 -85.321684 -88.822722 -92.323760 -95.824797 -99.325835 -102.826873 -106.327910 -109.828948 -113.329986 -116.831023 -120.332061 -123.833099 -127.334137 -130.835174
54.719823 51.218786 47.717748 44.216710 40.715673 37.214635 33.713597 30.212560 26.711522 23.210484 19.709447 16.208409 12.707371 9.206333 5.705296 2.204258 -1.296780 -4.797817 -8.298855 -11.799893 -15.300930 -18.801968 -22.303006 -25.804043 -29.305081 -32.806119 -36.307157 -39.808194 -43.309232 -46.810270 -50.311307 -53.812345 -57.313383 -60.814420 -64.315458 -67.816496 -71.317533 -74.818571 -78.319609 -81.820647 -85.321684 -88.822722 -92.323760 -95.824797 -99.325835 -102.826873 -106.327910 -109.828948 -113.329986 -116.831023 -120.332061 -123.833099 -127.334137 -130.835174
54.719823 51.218786 47.717748 44.216710 40.715673 37.214635 33.713597 30.212560 26.711522 23.210484 19.709447 16.208409 12.707371 9.206333 5.705296 2.204258 -1.296780 -4.797817 -8.298855 -11.799893 -15.300930 -18.801968 -22.303006 -25.804043 -29.305081 -32.806119 -36.307157 -39.808194 -43.309232 -46.810270 -50.311307 -53.812345 -57.313383 -60.814420 -64.315458 -67.816496 -71.317533 -74.818571 -78.319609 -81.820647 -85.321684 -88.822722 -92.323760 -95.824797 -99.325835 -102.826873 -106.327910 -109.828948 -113.329986 -116.831023 -120.332061 -123.833099 -127.334137 -130.835174
54.719823 51.218786 47.717748 44.216710 40.715673 37.214635 33.713597 30.212560 26.711522 23.210484 19.709447 16.208409 12.707371 9.206333 5.705296 2.204258 -1.296780 -4.797817 -8.298855 -11.799893 -15.300930 -18.801968 -22.303006 -25.804043 -29.305081 -32.806119 -36.307157 -39.808194 -43.309232 -46.810270 -50.311307 -53.812345 -57.313383 -60.814420 -64.315458 -67.816496 -71.317533 -74.818571 -78.319609 -81.820647 -85.321684 -88.822722 -92.323760 -95.824797 -99.325835 -102.826873 -106.327910 -109.828948 -113.329986 -116.831023 -120.332061 -123.833099 -127.334137 -130.835174
