avaframe/data/avaSimilaritySol/Inputs/DEM_IP_Topo.asc
nCols  401
nRows  101
xllcenter  -200.01
yllcenter -250.01
cellsize  5.00
nodata_value -9999.00
[rows 25 to 49 of 101, columns 336 to 391 of 401]
323.651336 320.150298 316.649260 313.148223 309.647185 306.146147 302.645110 299.144072 295.643034 292.141997 288.640959 285.139921 281.638884 278.137846 274.636808 271.135770 267.634733 264.133695 260.632657 257.131620 253.630582 250.129544 246.628507 243.127469 239.626431 236.125394 232.624356 229.123318 225.622280 222.121243 218.620205 215.119167 211.618130 208.117092 204.616054 201.115017 197.613979 194.112941 190.611904 187.110866 183.609828 180.108790 176.607753 173.106715 169.605677 166.104640 162.603602 159.102564 155.601527 152.100489 148.599451 145.098414 141.597376 138.096338 134.595300 131.094263
323.651336 320.150298 316.649260 313.148223 309.647185 306.146147 302.645110 299.144072 295.643034 292.141997 288.640959 285.139921 281.638884 278.137846 274.636808 271.135770 267.634733 264.133695 260.632657 257.131620 253.630582 250.129544 246.628507 243.127469 239.626431 236.125394 232.624356 229.123318 225.622280 222.121243 218.620205 215.119167 211.618130 208.117092 204.616054 201.115017 197.613979 194.112941 190.611904 187.110866 183.609828 180.108790 176.607753 173.106715 169.605677 166.104640 162.603602 159.102564 155.601527 152.100489 148.599451 145.098414 141.597376 138.096338 134.595300 131.094263
323.651336 320.150298 316.649260 313.148223 309.647185 306.146147 302.645110 299.144072 295.643034 292.141997 288.640959 285.139921 281.638884 278.137846 274.636808 271.135770 267.634733 264.133695 260.632657 257.131620 253.630582 250.129544 246.628507 243.127469 239.626431 236.125394 232.624356 229.123318 225.622280 222.121243 218.620205 215.119167 211.618130 208.117092 204.616054 201.115017 197.613979 194.112941 190.611904 187.110866 183.609828 180.108790 176.607753 173.106715 169.605677 166.104640 162.603602 159.102564 155.601527 152.100489 148.599451 145.098414 141.597376 138.096338 134.595300 131.094263
323.651336 320.150298 316.649260 313.148223 309.647185 306.146147 302.645110 299.144072 295.643034 292.141997 288.640959 285.139921 281.638884 278.137846 274.636808 271.135770 267.634733 264.133695 260.632657 257.131620 253.630582 250.129544 246.628507 243.127469 239.626431 236.125394 232.624356 229.123318 225.622280 222.121243 218.620205 215.119167 211.618130 208.117092 204.616054 201.115017 197.613979 194.112941 190.611904 187.110866 183.609828 180.108790 176.607753 173.106715 169.605677 166.104640 162.603602 159.102564 155.601527 152.100489 148.599451 145.098414 141.597376 138.096338 134.595300 131.094263
323.651336 320.150298 316.649260 313.148223 309.647185 306.146147 302.645110 299.144072 295.643034 292.141997 288.640959 285.139921 281.638884 278.137846 274.636808 271.135770 267.634733 264.133695 260.632657 257.131620 253.630582 250.129544 246.628507 243.127469 239.626431 236.125394 232.624356 229.123318 225.622280 222.121243 218.620205 215.119167 211.618130 208.117092 204.616054 201.115017 197.613979 194.112941 190.611904 187.110866 183.609828 180.108790 176.607753 173.106715 169.605677 166.104640 162.603602 159.102564 155.601527 152.100489 148.599451 145.098414 141.597376 138.096338 134.595300 131.094263
323.651336 320.150298 316.649260 313.148223 309.647185 306.146147 302.645110 299.144072 295.643034 292.141997 288.640959 285.139921 281.638884 278.137846 274.636808 271.135770 267.634733 264.133695 260.632657 257.131620 253.630582 250.129544 246.628507 243.127469 239.626431 236.125394 232.624356 229.123318 225.622280 222.121243 218.620205 215.119167 211.618130 208.117092 204.616054 201.115017 197.613979 194.112941 190.611904 187.110866 183.609828 180.108790 176.607753 173.106715 169.605677 166.104640 162.603602 159.102564 155.601527 152.100489 148.599451 145.098414 141.597376 138.096338 134.595300 131.094263
323.651336 320.150298 316.649260 313.148223 309.647185 306.146147 302.645110 299.144072 295.643034 292.141997 288.640959 285.139921 281.638884 278.137846 274.636808 271.135770 267.634733 264.133695 260.632657 257.131620 253.630582 250.129544 246.628507 243.127469 239.626431 236.125394 232.624356 229.123318 225.622280 222.121243 218.620205 215.119167 211.618130 208.117092 204.616054 201.115017 197.613979 194.112941 190.611904 187.110866 183.609828 180.108790 176.607753 173.106715 169.605677 166.104640 162.603602 159.102564 155.601527 152.100489 148.599451 145.098414 141.597376 138.096338 134.595300 131.094263
323.651336 320.150298 316.649260 313.148223 309.647185 306.146147 302.645110 299.144072 295.643034 292.141997 288.640959 285.139921 281.638884 278.137846 274.636808 271.135770 267.634733 264.133695 260.632657 257.131620 253.630582 250.129544 246.628507 243.127469 239.626431 236.125394 232.624356 229.123318 225.622280 222.121243 218.620205 215.119167 211.618130 208.117092 204.616054 201.115017 197.613979 194.112941 190.611904 187.110866 183.609828 180.108790 176.607753 173.106715 169.605677 166.104640 162.603602 159.102564 155.601527 152.100489 148.599451 145.098414 141.597376 138.096338 134.595300 131.094263
323.651336 320.150298 316.649260 313.148223 309.647185 306.146147 302.645110 299.144072 295.643034 292.141997 288.640959 285.139921 281.638884 278.137846 274.636808 271.135770 267.634733 264.133695 260.632657 257.131620 253.630582 250.129544 246.628507 243.127469 239.626431 236.125394 232.624356 229.123318 225.622280 222.121243 218.620205 215.119167 211.618130 208.117092 204.616054 201.115017 197.613979 194.112941 190.611904 187.110866 183.609828 180.108790 176.607753 173.106715 169.605677 166.104640 162.603602 159.102564 155.601527 152.100489 148.599451 145.098414 141.597376 138.096338 134.595300 131.094263
323.651336 320.150298 316.649260 313.148223 309.647185 306.146147 302.645110 299.144072 295.643034 292.141997 288.640959 285.139921 281.638884 278.137846 274.636808 271.135770 267.634733 264.133695 260.632657 257.131620 253.630582 250.129544 246.628507 243.127469 239.626431 236.125394 232.624356 229.123318 225.622280 222.121243 218.620205 215.119167 211.618130 208.117092 204.616054 201.115017 197.613979 194.112941 190.611904 187.110866 183.609828 180.108790 176.607753 173.106715 169.605677 166.104640 162.603602 159.102564 155.601527 152.100489 148.599451 145.098414 141.597376 138.096338 134.595300 131.094263
323.651336 320.150298 316.649260 313.148223 309.647185 306.146147 302.645110 299.144072 295.643034 292.141997 288.640959 285.139921 281.638884 278.137846 274.636808 271.135770 267.634733 264.133695 260.632657 257.131620 253.630582 250.129544 246.628507 243.127469 239.626431 236.125394 232.624356 229.123318 225.622280 222.121243 218.620205 215.119167 211.618130 208.117092 204.616054 201.115017 197.613979 194.112941 190.611904 187.110866 183.609828 180.108790 176.607753 173.106715 169.605677 166.104640 162.603602 159.102564 155.601527 152.100489 148.599451 145.098414 141.597376 138.096338 134.595300 131.094263
323.651336 320.150298 316.649260 313.148223 309.647185 306.146147 302.645110 299.144072 295.643034 292.141997 288.640959 285.139921 281.638884 278.137846 274.636808 271.135770 267.634733 264.133695 260.632657 257.131620 253.630582 250.129544 246.628507 243.127469 239.626431 236.125394 232.624356 229.123318 225.622280 222.121243 218.620205 215.119167 211.618130 208.117092 204.616054 201.115017 197.613979 194.112941 190.611904 187.110866 183.609828 180.108790 176.607753 173.106715 169.605677 166.104640 162.603602 159.102564 155.601527 152.100489 148.599451 145.098414 141.597376 138.096338 134.595300 131.094263
323.651336 320.150298 316.649260 313.148223 309.647185 306.146147 302.645110 299.144072 295.643034 292.141997 288.640959 285.139921 281.638884 278.137846 274.636808 271.135770 267.634733 264.133695 260.632657 257.131620 253.630582 250.129544 246.628507 243.127469 239.626431 236.125394 232.624356 229.123318 225.622280 222.121243 218.620205 215.119167 211.618130 208.117092 204.616054 201.115017 197.613979 194.112941 190.611904 187.110866 183.609828 180.108790 176.607753 173.106715 169.605677 166.104640 162.603602 159.102564 155.601527 152.100489 148.599451 145.098414 141.597376 138.096338 134.595300 131.094263
323.651336 320.150298 316.649260 313.148223 309.647185 306.146147 302.645110 299.144072 295.643034 292.141997 288.640959 285.139921 281.638884 278.137846 274.636808 271.135770 267.634733 264.133695 260.632657 257.131620 253.630582 250.129544 246.628507 243.127469 239.626431 236.125394 232.624356 229.123318 225.622280 222.121243 218.620205 215.119167 211.618130 208.117092 204.616054 201.115017 197.613979 194.112941 190.611904 187.110866 183.609828 180.108790 176.607753 173.106715 169.605677 166.104640 162.603602 159.102564 155.601527 152.100489 148.599451 145.098414 141.597376 138.096338 134.595300 131.094263
323.651336 320.150298 316.649260 313.148223 309.647185 306.146147 302.645110 299.144072 295.643034 292.141997 288.640959 285.139921 281.638884 278.137846 274.636808 271.135770 267.634733 264.133695 260.632657 257.131620 253.630582 250.129544 246.628507 243.127469 239.626431 236.125394 232.624356 229.123318 225.622280 222.121243 218.620205 215.119167 211.618130 208.117092 204.616054 201.115017 197.613979 194.112941 190.611904 187.110866 183.609828 180.108790 176.607753 173.106715 169.605677 166.104640 162.603602 159.102564 155.601527 152.100489 148.599451 145.098414 141.597376 138.096338 134.595300 131.094263
323.651336 320.150298 316.649260 313.148223 309.647185 306.146147 302.645110 299.144072 295.643034 292.141997 288.640959 285.139921 281.638884 278.137846 274.636808 271.135770 267.634733 264.133695 260.632657 257.131620 253.630582 250.129544 246.628507 243.127469 239.626431 236.125394 232.624356 229.123318 225.622280 222.121243 218.620205 215.119167 211.618130 208.117092 204.616054 201.115017 197.613979 194.112941 190.611904 187.110866 183.609828 180.108790 176.607753 173.106715 169.605677 166.104640 162.603602 159.102564 155.601527 152.100489 148.599451 145.098414 141.597376 138.096338 134.595300 131.094263
323.651336 320.150298 316.649260 313.148223 309.647185 306.146147 302.645110 299.144072 295.643034 292.141997 288.640959 285.139921 281.638884 278.137846 274.636808 271.135770 267.634733 264.133695 260.632657 257.131620 253.630582 250.129544 246.628507 243.127469 239.626431 236.125394 232.624356 229.123318 225.622280 222.121243 218.620205 215.119167 211.618130 208.117092 204.616054 201.115017 197.613979 194.112941 190.611904 187.110866 183.609828 180.108790 176.607753 173.106715 169.605677 166.104640 162.603602 159.102564 155.601527 152.100489 148.599451 145.098414 141.597376 138.096338 134.595300 131.094263
323.651336 320.150298 316.649260 313.148223 309.647185 306.146147 302.645110 299.144072 295.643034 292.141997 288.640959 285.139921 281.638884 278.137846 274.636808 271.135770 267.634733 264.133695 260.632657 257.131620 253.630582 250.129544 246.628507 243.127469 239.626431 236.125394 232.624356 229.123318 225.622280 222.121243 218.620205 215.119167 211.618130 208.117092 204.616054 201.115017 197.613979 194.112941 190.611904 187.110866 183.609828 180.108790 176.607753 173.106715 169.605677 166.104640 162.603602 159.102564 155.601527 152.100489 148.599451 145.098414 141.597376 138.096338 134.595300 131.094263
323.651336 320.150298 316.649260 313.148223 309.647185 306.146147 302.645110 299.144072 295.643034 292.141997 288.640959 285.139921 281.638884 278.137846 274.636808 271.135770 267.634733 264.133695 260.632657 257.131620 253.630582 250.129544 246.628507 243.127469 239.626431 236.125394 232.624356 229.123318 225.622280 222.121243 218.620205 215.119167 211.618130 208.117092 204.616054 201.115017 197.613979 194.112941 190.611904 187.110866 183.609828 180.108790 176.607753 173.106715 169.605677 166.104640 162.603602 159.102564 155.601527 152.100489 148.599451 145.098414 141.597376 138.096338 134.595300 131.094263
323.651336 320.150298 316.649260 313.148223 309.647185 306.146147 302.645110 299.144072 295.643034 292.141997 288.640959 285.139921 281.638884 278.137846 274.636808 271.135770 267.634733 264.133695 260.632657 257.131620 253.630582 250.129544 246.628507 243.127469 239.626431 236.125394 232.624356 229.123318 225.622280 222.121243 218.620205 215.119167 211.618130 208.117092 204.616054 201.115017 197.613979 194.112941 190.611904 187.110866 183.609828 180.108790 176.607753 173.106715 169.605677 166.104640 162.603602 159.102564 155.601527 152.100489 148.599451 145.098414 141.597376 138.096338 134.595300 131.094263
323.651336 320.150298 316.649260 313.148223 309.647185 306.146147 302.645110 299.144072 295.643034 292.141997 288.640959 285.139921 281.638884 278.137846 274.636808 271.135770 267.634733 264.133695 260.632657 257.131620 253.630582 250.129544 246.628507 243.127469 239.626431 236.125394 232.624356 229.123318 225.622280 222.121243 218.620205 215.119167 211.618130 208.117092 204.616054 201.115017 197.613979 194.112941 190.611904 187.110866 183.609828 180.108790 176.607753 173.106715 169.605677 166.104640 162.603602 159.102564 155.601527 152.100489 148.599451 145.098414 141.597376 138.096338 134.595300 131.094263
323.651336 320.150298 316.649260 313.148223 309.647185 306.146147 302.645110 299.144072 295.643034 292.141997 288.640959 285.139921 281.638884 278.137846 274.636808 271.135770 267.634733 264.133695 260.632657 257.131620 253.630582 250.129544 246.628507 243.127469 239.626431 236.125394 232.624356 229.123318 225.622280 222.121243 218.620205 215.119167 211.618130 208.117092 204.616054 201.115017 197.613979 194.112941 190.611904 187.110866 183.609828 180.108790 176.607753 173.106715 169.605677 166.104640 162.603602 159.102564 155.601527 152.100489 148.599451 145.098414 141.597376 138.096338 134.595300 131.094263
323.651336 320.150298 316.649260 313.148223 309.647185 306.146147 302.645110 299.144072 295.643034 292.141997 288.640959 285.139921 281.638884 278.137846 274.636808 271.135770 267.634733 264.133695 260.632657 257.131620 253.630582 250.129544 246.628507 243.127469 239.626431 236.125394 232.624356 229.123318 225.622280 222.121243 218.620205 215.119167 211.618130 208.117092 204.616054 201.115017 197.613979 194.112941 190.611904 187.110866 183.609828 180.108790 176.607753 173.106715 169.605677 166.104640 162.603602 159.102564 155.601527 152.100489 148.599451 145.098414 141.597376 138.096338 134.595300 131.094263
323.651336 320.150298 316.649260 313.148223 309.647185 306.146147 302.645110 299.144072 295.643034 292.141997 288.640959 285.139921 281.638884 278.137846 274.636808 271.135770 267.634733 264.133695 260.632657 257.131620 253.630582 250.129544 246.628507 243.127469 239.626431 236.125394 232.624356 229.123318 225.622280 222.121243 218.620205 215.119167 211.618130 208.117092 204.616054 201.115017 197.613979 194.112941 190.611904 187.110866 183.609828 180.108790 176.607753 173.106715 169.605677 166.104640 162.603602 159.102564 155.601527 152.100489 148.599451 145.098414 141.597376 138.096338 134.595300 131.094263
323.651336 320.150298 316.649260 313.148223 309.647185 306.146147 302.645110 299.144072 295.643034 292.141997 288.640959 285.139921 281.638884 278.137846 274.636808 271.135770 267.634733 264.133695 260.632657 257.131620 253.630582 250.129544 246.628507 243.127469 239.626431 236.125394 232.624356 229.123318 225.622280 222.121243 218.620205 215.119167 211.618130 208.117092 204.616054 201.115017 197.613979 194.112941 190.611904 187.110866 183.609828 180.108790 176.607753 173.106715 169.605677 166.104640 162.603602 159.102564 155.601527 152.100489 148.599451 145.098414 141.597376 138.096338 134.595300 131.094263
