avaframe/data/avaSimilaritySol/Inputs/DEM_IP_Topo.asc
nCols  801
nRows  201
xllcenter  -202.50
yllcenter -502.50
cellsize  5
nodata_value -9999.00
[rows 72 to 95 of 201, columns 54 to 107 of 801]
810.943965 807.442927 803.941889 800.440852 796.939814 793.438776 789.937739 786.436701 782.935663 779.434625 775.933588 772.432550 768.931512 765.430475 761.929437 758.428399 754.927362 751.426324 747.925286 744.424249 740.923211 737.422173 733.921135 730.420098 726.919060 723.418022 719.916985 716.415947 712.914909 709.413872 705.912834 702.411796 698.910759 695.409721 691.908683 688.407645 684.906608 681.405570 677.904532 674.403495 670.902457 667.401419 663.900382 660.399344 656.898306 653.397269 649.896231 646.395193 642.894156 639.393118 635.892080 632.391042 628.890005 625.388967
810.943965 807.442927 803.941889 800.440852 796.939814 793.438776 789.937739 786.436701 782.935663 779.434625 775.933588 772.432550 768.931512 765.430475 761.929437 758.428399 754.927362 751.426324 747.925286 744.424249 740.923211 737.422173 733.921135 730.420098 726.919060 723.418022 719.916985 716.415947 712.914909 709.413872 705.912834 702.411796 698.910759 695.409721 691.908683 688.407645 684.906608 681.405570 677.904532 674.403495 670.902457 667.401419 663.900382 660.399344 656.898306 653.397269 649.896231 646.395193 642.894156 639.393118 635.892080 632.391042 628.890005 625.388967
810.943965 807.442927 803.941889 800.440852 796.939814 793.438776 789.937739 786.436701 782.935663 779.434625 775.933588 772.432550 768.931512 765.430475 761.929437 758.428399 754.927362 751.426324 747.925286 744.424249 740.923211 737.422173 733.921135 730.420098 726.919060 723.418022 719.916985 716.415947 712.914909 709.413872 705.912834 702.411796 698.910759 695.409721 691.908683 688.407645 684.906608 681.405570 677.904532 674.403495 670.902457 667.401419 663.900382 660.399344 656.898306 653.397269 649.896231 646.395193 642.894156 639.393118 635.892080 632.391042 628.890005 625.388967
810.943965 807.442927 803.941889 800.440852 796.939814 793.438776 789.937739 786.436701 782.935663 779.434625 775.933588 772.432550 768.931512 765.430475 761.929437 758.428399 754.927362 751.426324 747.925286 744.424249 740.923211 737.422173 733.921135 730.420098 726.919060 723.418022 719.916985 716.415947 712.914909 709.413872 705.912834 702.411796 698.910759 695.409721 691.908683 688.407645 684.906608 681.405570 677.904532 674.403495 670.902457 667.401419 663.900382 660.399344 656.898306 653.397269 649.896231 646.395193 642.894156 639.393118 635.892080 632.391042 628.890005 625.388967
810.943965 807.442927 803.941889 800.440852 796.939814 793.438776 789.937739 786.436701 782.935663 779.434625 775.933588 772.432550 768.931512 765.430475 761.929437 758.428399 754.927362 751.426324 747.925286 744.424249 740.923211 737.422173 733.921135 730.420098 726.919060 723.418022 719.916985 716.415947 712.914909 709.413872 705.912834 702.411796 698.910759 695.409721 691.908683 688.407645 684.906608 681.405570 677.904532 674.403495 670.902457 667.401419 663.900382 660.399344 656.898306 653.397269 649.896231 646.395193 642.894156 639.393118 635.892080 632.391042 628.890005 625.388967
810.943965 807.442927 803.941889 800.440852 796.939814 793.438776 789.937739 786.436701 782.935663 779.434625 775.933588 772.432550 768.931512 765.430475 761.929437 758.428399 754.927362 751.426324 747.925286 744.424249 740.923211 737.422173 733.921135 730.420098 726.919060 723.418022 719.916985 716.415947 712.914909 709.413872 705.912834 702.411796 698.910759 695.409721 691.908683 688.407645 684.906608 681.405570 677.904532 674.403495 670.902457 667.401419 663.900382 660.399344 656.898306 653.397269 649.896231 646.395193 642.894156 639.393118 635.892080 632.391042 628.890005 625.388967
810.943965 807.442927 803.941889 800.440852 796.939814 793.438776 789.937739 786.436701 782.935663 779.434625 775.933588 772.432550 768.931512 765.430475 761.929437 758.428399 754.927362 751.426324 747.925286 744.424249 740.923211 737.422173 733.921135 730.420098 726.919060 723.418022 719.916985 716.415947 712.914909 709.413872 705.912834 702.411796 698.910759 695.409721 691.908683 688.407645 684.906608 681.405570 677.904532 674.403495 670.902457 667.401419 663.900382 660.399344 656.898306 653.397269 649.896231 646.395193 642.894156 639.393118 635.892080 632.391042 628.890005 625.388967
810.943965 807.442927 803.941889 800.440852 796.939814 793.438776 789.937739 786.436701 782.935663 779.434625 775.933588 772.432550 768.931512 765.430475 761.929437 758.428399 754.927362 751.426324 747.925286 744.424249 740.923211 737.422173 733.921135 730.420098 726.919060 723.418022 719.916985 716.415947 712.914909 709.413872 705.912834 702.411796 698.910759 695.409721 691.908683 688.407645 684.906608 681.405570 677.904532 674.403495 670.902457 667.401419 663.900382 660.399344 656.898306 653.397269 649.896231 646.395193 642.894156 639.393118 635.892080 632.391042 628.890005 625.388967
810.943965 807.442927 803.941889 800.440852 796.939814 793.438776 789.937739 786.436701 782.935663 779.434625 775.933588 772.432550 768.931512 765.430475 761.929437 758.428399 754.927362 751.426324 747.925286 744.424249 740.923211 737.422173 733.921135 730.420098 726.919060 723.418022 719.916985 716.415947 712.914909 709.413872 705.912834 702.411796 698.910759 695.409721 691.908683 688.407645 684.906608 681.405570 677.904532 674.403495 670.902457 667.401419 663.900382 660.399344 656.898306 653.397269 649.896231 646.395193 642.894156 639.393118 635.892080 632.391042 628.890005 625.388967
810.943965 807.442927 803.941889 800.440852 796.939814 793.438776 789.937739 786.436701 782.935663 779.434625 775.933588 772.432550 768.931512 765.430475 761.929437 758.428399 754.927362 751.426324 747.925286 744.424249 740.923211 737.422173 733.921135 730.420098 726.919060 723.418022 719.916985 716.415947 712.914909 709.413872 705.912834 702.411796 698.910759 695.409721 691.908683 688.407645 684.906608 681.405570 677.904532 674.403495 670.902457 667.401419 663.900382 660.399344 656.898306 653.397269 649.896231 646.395193 642.894156 639.393118 635.892080 632.391042 628.890005 625.388967
810.943965 807.442927 803.941889 800.440852 796.939814 793.438776 789.937739 786.436701 782.935663 779.434625 775.933588 772.432550 768.931512 765.430475 761.929437 758.428399 754.927362 751.426324 747.925286 744.424249 740.923211 737.422173 733.921135 730.420098 726.919060 723.418022 719.916985 716.415947 712.914909 709.413872 705.912834 702.411796 698.910759 695.409721 691.908683 688.407645 684.906608 681.405570 677.904532 674.403495 670.902457 667.401419 663.900382 660.399344 656.898306 653.397269 649.896231 646.395193 642.894156 639.393118 635.892080 632.391042 628.890005 625.388967
810.943965 807.442927 803.941889 800.440852 796.939814 793.438776 789.937739 786.436701 782.935663 779.434625 775.933588 772.432550 768.931512 765.430475 761.929437 758.428399 754.927362 751.426324 747.925286 744.424249 740.923211 737.422173 733.921135 730.420098 726.919060 723.418022 719.916985 716.415947 712.914909 709.413872 705.912834 702.411796 698.910759 695.409721 691.908683 688.407645 684.906608 681.405570 677.904532 674.403495 670.902457 667.401419 663.900382 660.399344 656.898306 653.397269 649.896231 646.395193 642.894156 639.393118 635.892080 632.391042 628.890005 625.388967
810.943965 807.442927 803.941889 800.440852 796.939814 793.438776 789.937739 786.436701 782.935663 779.434625 775.933588 772.432550 768.931512 765.430475 761.929437 758.428399 754.927362 751.426324 747.925286 744.424249 740.923211 737.422173 733.921135 730.420098 726.919060 723.418022 719.916985 716.415947 712.914909 709.413872 705.912834 702.411796 698.910759 695.409721 691.908683 688.407645 684.906608 681.405570 677.904532 674.403495 670.902457 667.401419 663.900382 660.399344 656.898306 653.397269 649.896231 646.395193 642.894156 639.393118 635.892080 632.391042 628.890005 625.388967
810.943965 807.442927 803.941889 800.440852 796.939814 793.438776 789.937739 786.436701 782.935663 779.434625 775.933588 772.432550 768.931512 765.430475 761.929437 758.428399 754.927362 751.426324 747.925286 744.424249 740.923211 737.422173 733.921135 730.420098 726.919060 723.418022 719.916985 716.415947 712.914909 709.413872 705.912834 702.411796 698.910759 695.409721 691.908683 688.407645 684.906608 681.405570 677.904532 674.403495 670.902457 667.401419 663.900382 660.399344 656.898306 653.397269 649.896231 646.395193 642.894156 639.393118 635.892080 632.391042 628.890005 625.388967
810.943965 807.442927 803.941889 800.440852 796.939814 793.438776 789.937739 786.436701 782.935663 779.434625 775.933588 772.432550 768.931512 765.430475 761.929437 758.428399 754.927362 751.426324 747.925286 744.424249 740.923211 737.422173 733.921135 730.420098 726.919060 723.418022 719.916985 716.415947 712.914909 709.413872 705.912834 702.411796 698.910759 695.409721 691.908683 688.407645 684.906608 681.405570 677.904532 674.403495 670.902457 667.401419 663.900382 660.399344 656.898306 653.397269 649.896231 646.395193 642.894156 639.393118 635.892080 632.391042 628.890005 625.388967
810.943965 807.442927 803.941889 800.440852 796.939814 793.438776 789.937739 786.436701 782.935663 779.434625 775.933588 772.432550 768.931512 765.430475 761.929437 758.428399 754.927362 751.426324 747.925286 744.424249 740.923211 737.422173 733.921135 730.420098 726.919060 723.418022 719.916985 716.415947 712.914909 709.413872 705.912834 702.411796 698.910759 695.409721 691.908683 688.407645 684.906608 681.405570 677.904532 674.403495 670.902457 667.401419 663.900382 660.399344 656.898306 653.397269 649.896231 646.395193 642.894156 639.393118 635.892080 632.391042 628.890005 625.388967
810.943965 807.442927 803.941889 800.440852 796.939814 793.438776 789.937739 786.436701 782.935663 779.434625 775.933588 772.432550 768.931512 765.430475 761.929437 758.428399 754.927362 751.426324 747.925286 744.424249 740.923211 737.422173 733.921135 730.420098 726.919060 723.418022 719.916985 716.415947 712.914909 709.413872 705.912834 702.411796 698.910759 695.409721 691.908683 688.407645 684.906608 681.405570 677.904532 674.403495 670.902457 667.401419 663.900382 660.399344 656.898306 653.397269 649.896231 646.395193 642.894156 639.393118 635.892080 632.391042 628.890005 625.388967
810.943965 807.442927 803.941889 800.440852 796.939814 793.438776 789.937739 786.436701 782.935663 779.434625 775.933588 772.432550 768.931512 765.430475 761.929437 758.428399 754.927362 751.426324 747.925286 744.424249 740.923211 737.422173 733.921135 730.420098 726.919060 723.418022 719.916985 716.415947 712.914909 709.413872 705.912834 702.411796 698.910759 695.409721 691.908683 688.407645 684.906608 681.405570 677.904532 674.403495 670.902457 667.401419 663.900382 660.399344 656.898306 653.397269 649.896231 646.395193 642.894156 639.393118 635.892080 632.391042 628.890005 625.388967
810.943965 807.442927 803.941889 800.440852 796.939814 793.438776 789.937739 786.436701 782.935663 779.434625 775.933588 772.432550 768.931512 765.430475 761.929437 758.428399 754.927362 751.426324 747.925286 744.424249 740.923211 737.422173 733.921135 730.420098 726.919060 723.418022 719.916985 716.415947 712.914909 709.413872 705.912834 702.411796 698.910759 695.409721 691.908683 688.407645 684.906608 681.405570 677.904532 674.403495 670.902457 667.401419 663.900382 660.399344 656.898306 653.397269 649.896231 646.395193 642.894156 639.393118 635.892080 632.391042 628.890005 625.388967
810.943965 807.442927 803.941889 800.440852 796.939814 793.438776 789.937739 786.436701 782.935663 779.434625 775.933588 772.432550 768.931512 765.430475 761.929437 758.428399 754.927362 751.426324 747.925286 744.424249 740.923211 737.422173 733.921135 730.420098 726.919060 723.418022 719.916985 716.415947 712.914909 709.413872 705.912834 702.411796 698.910759 695.409721 691.908683 688.407645 684.906608 681.405570 677.904532 674.403495 670.902457 667.401419 663.900382 660.399344 656.898306 653.397269 649.896231 646.395193 642.894156 639.393118 635.892080 632.391042 628.890005 625.388967
810.943965 807.442927 803.941889 800.440852 796.939814 793.438776 789.937739 786.436701 782.935663 779.434625 775.933588 772.432550 768.931512 765.430475 761.929437 758.428399 754.927362 751.426324 747.925286 744.424249 740.923211 737.422173 733.921135 730.420098 726.919060 723.418022 719.916985 716.415947 712.914909 709.413872 705.912834 702.411796 698.910759 695.409721 691.908683 688.407645 684.906608 681.405570 677.904532 674.403495 670.902457 667.401419 663.900382 660.399344 656.898306 653.397269 649.896231 646.395193 642.894156 639.393118 635.892080 632.391042 628.890005 625.388967
810.943965 807.442927 803.941889 800.440852 796.939814 793.438776 789.937739 786.436701 782.935663 779.434625 775.933588 772.432550 768.931512 765.430475 761.929437 758.428399 754.927362 751.426324 747.925286 744.424249 740.923211 737.422173 733.921135 730.420098 726.919060 723.418022 719.916985 716.415947 712.914909 709.413872 705.912834 702.411796 698.910759 695.409721 691.908683 688.407645 684.906608 681.405570 677.904532 674.403495 670.902457 667.401419 663.900382 660.399344 656.898306 653.397269 649.896231 646.395193 642.894156 639.393118 635.892080 632.391042 628.890005 625.388967
810.943965 807.442927 803.941889 800.440852 796.939814 793.438776 789.937739 786.436701 782.935663 779.434625 775.933588 772.432550 768.931512 765.430475 761.929437 758.428399 754.927362 751.426324 747.925286 744.424249 740.923211 737.422173 733.921135 730.420098 726.919060 723.418022 719.916985 716.415947 712.914909 709.413872 705.912834 702.411796 698.910759 695.409721 691.908683 688.407645 684.906608 681.405570 677.904532 674.403495 670.902457 667.401419 663.900382 660.399344 656.898306 653.397269 649.896231 646.395193 642.894156 639.393118 635.892080 632.391042 628.890005 625.388967
810.943965 807.442927 803.941889 800.440852 796.939814 793.438776 789.937739 786.436701 782.935663 779.434625 775.933588 772.432550 768.931512 765.430475 761.929437 758.428399 754.927362 751.426324 747.925286 744.424249 740.923211 737.422173 733.921135 730.420098 726.919060 723.418022 719.916985 716.415947 712.914909 709.413872 705.912834 702.411796 698.910759 695.409721 691.908683 688.407645 684.906608 681.405570 677.904532 674.403495 670.902457 667.401419 663.900382 660.399344 656.898306 653.397269 649.896231 646.395193 642.894156 639.393118 635.892080 632.391042 628.890005 625.388967
