avaframe/data/avaSimilaritySol/Inputs/DEM_IP_Topo.asc
nCols  801
nRows  201
xllcenter  -202.50
yllcenter -502.50
cellsize  5
nodata_value -9999.00
[rows 24 to 47 of 201, columns 378 to 431 of 801]
-323.392247 -326.893285 -330.394323 -333.895360 -337.396398 -340.897436 -344.398473 -347.899511 -351.400549 -354.901586 -358.402624 -361.903662 -365.404700 -368.905737 -372.406775 -375.907813 -379.408850 -382.909888 -386.410926 -389.911963 -393.413001 -396.914039 -400.415076 -403.916114 -407.417152 -410.918189 -414.419227 -417.920265 -421.421303 -424.922340 -428.423378 -431.924416 -435.425453 -438.926491 -442.427529 -445.928566 -449.429604 -452.930642 -456.431679 -459.932717 -463.433755 -466.934793 -470.435830 -473.936868 -477.437906 -480.938943 -484.439981 -487.941019 -491.442056 -494.943094 -498.444132 -501.945169 -505.446207 -508.947245
-323.392247 -326.893285 -330.394323 -333.895360 -337.396398 -340.897436 -344.398473 -347.899511 -351.400549 -354.901586 -358.402624 -361.903662 -365.404700 -368.905737 -372.406775 -375.907813 -379.408850 -382.909888 -386.410926 -389.911963 -393.413001 -396.914039 -400.415076 -403.916114 -407.417152 -410.918189 -414.419227 -417.920265 -421.421303 -424.922340 -428.423378 -431.924416 -435.425453 -438.926491 -442.427529 -445.928566 -449.429604 -452.930642 -456.431679 -459.932717 -463.433755 -466.934793 -470.435830 -473.936868 -477.437906 -480.938943 -484.439981 -487.941019 -491.442056 -494.943094 -498.444132 -501.945169 -505.446207 -508.947245
-323.392247 -326.893285 -330.394323 -333.895360 -337.396398 -340.897436 -344.398473 -347.899511 -351.400549 -354.901586 -358.402624 -361.903662 -365.404700 -368.905737 -372.406775 -375.907813 -379.408850 -382.909888 -386.410926 -389.911963 -393.413001 -396.914039 -400.415076 -403.916114 -407.417152 -410.918189 -414.419227 -417.920265 -421.421303 -424.922340 -428.423378 -431.924416 -435.425453 -438.926491 -442.427529 -445.928566 -449.429604 -452.930642 -456.431679 -459.932717 -463.433755 -466.934793 -470.435830 -473.936868 -477.437906 -480.938943 -484.439981 -487.941019 -491.442056 -494.943094 -498.444132 -501.945169 -505.446207 -508.947245
-323.392247 -326.893285 -330.394323 -333.895360 -337.396398 -340.897436 -344.398473 -347.899511 -351.400549 -354.901586 -358.402624 -361.903662 -365.404700 -368.905737 -372.406775 -375.907813 -379.408850 -382.909888 -386.410926 -389.911963 -393.413001 -396.914039 -400.415076 -403.916114 -407.417152 -410.918189 -414.419227 -417.920265 -421.421303 -424.922340 -428.423378 -431.924416 -435.425453 -438.926491 -442.427529 -445.928566 -449.429604 -452.930642 -456.431679 -459.932717 -463.433755 -466.934793 -470.435830 -473.936868 -477.437906 -480.938943 -484.439981 -487.941019 -491.442056 -494.943094 -498.444132 -501.945169 -505.446207 -508.947245
-323.392247 -326.893285 -330.394323 -333.895360 -337.396398 -340.897436 -344.398473 -347.899511 -351.400549 -354.901586 -358.402624 -361.903662 -365.404700 -368.905737 -372.406775 -375.907813 -379.408850 -382.909888 -386.410926 -389.911963 -393.413001 -396.914039 -400.415076 -403.916114 -407.417152 -410.918189 -414.419227 -417.920265 -421.421303 -424.922340 -428.423378 -431.924416 -435.425453 -438.926491 -442.427529 -445.928566 -449.429604 -452.930642 -456.431679 -459.932717 -463.433755 -466.934793 -470.435830 -473.936868 -477.437906 -480.938943 -484.439981 -487.941019 -491.442056 -494.943094 -498.444132 -501.945169 -505.446207 -508.947245
-323.392247 -326.893285 -330.394323 -333.895360 -337.396398 -340.897436 -344.398473 -347.899511 -351.400549 -354.901586 -358.402624 -361.903662 -365.404700 -368.905737 -372.406775 -375.907813 -379.408850 -382.909888 -386.410926 -389.911963 -393.413001 -396.914039 -400.415076 -403.916114 -407.417152 -410.918189 -414.419227 -417.920265 -421.421303 -424.922340 -428.423378 -431.924416 -435.425453 -438.926491 -442.427529 -445.928566 -449.429604 -452.930642 -456.431679 -459.932717 -463.433755 -466.934793 -470.435830 -473.936868 -477.437906 -480.938943 -484.439981 -487.941019 -491.442056 -494.943094 -498.444132 -501.945169 -505.446207 -508.947245
-323.392247 -326.893285 -330.394323 -333.895360 -337.396398 -340.897436 -344.398473 -347.899511 -351.400549 -354.901586 -358.402624 -361.903662 -365.404700 -368.905737 -372.406775 -375.907813 -379.408850 -382.909888 -386.410926 -389.911963 -393.413001 -396.914039 -400.415076 -403.916114 -407.417152 -410.918189 -414.419227 -417.920265 -421.421303 -424.922340 -428.423378 -431.924416 -435.425453 -438.926491 -442.427529 -445.928566 -449.429604 -452.930642 -456.431679 -459.932717 -463.433755 -466.934793 -470.435830 -473.936868 -477.437906 -480.938943 -484.439981 -487.941019 -491.442056 -494.943094 -498.444132 -501.945169 -505.446207 -508.947245
-323.392247 -326.893285 -330.394323 -333.895360 -337.396398 -340.897436 -344.398473 -347.899511 -351.400549 -354.901586 -358.402624 -361.903662 -365.404700 -368.905737 -372.406775 -375.907813 -379.408850 -382.909888 -386.410926 -389.911963 -393.413001 -396.914039 -400.415076 -403.916114 -407.417152 -410.918189 -414.419227 -417.920265 -421.421303 -424.922340 -428.423378 -431.924416 -435.425453 -438.926491 -442.427529 -445.928566 -449.429604 -452.930642 -456.431679 -459.932717 -463.433755 -466.934793 -470.435830 -473.936868 -477.437906 -480.938943 -484.439981 -487.941019 -491.442056 -494.943094 -498.444132 -501.945169 -505.446207 -508.947245
-323.392247 -326.893285 -330.394323 -333.895360 -337.396398 -340.897436 -344.398473 -347.899511 -351.400549 -354.901586 -358.402624 -361.903662 -365.404700 -368.905737 -372.406775 -375.907813 -379.408850 -382.909888 -386.410926 -389.911963 -393.413001 -396.914039 -400.415076 -403.916114 -407.417152 -410.918189 -414.419227 -417.920265 -421.421303 -424.922340 -428.423378 -431.924416 -435.425453 -438.926491 -442.427529 -445.928566 -449.429604 -452.930642 -456.431679 -459.932717 -463.433755 -466.934793 -470.435830 -473.936868 -477.437906 -480.938943 -484.439981 -487.941019 -491.442056 -494.943094 -498.444132 -501.945169 -505.446207 -508.947245
-323.392247 -326.893285 -330.394323 -333.895360 -337.396398 -340.897436 -344.398473 -347.899511 -351.400549 -354.901586 -358.402624 -361.903662 -365.404700 -368.905737 -372.406775 -375.907813 -379.408850 -382.909888 -386.410926 -389.911963 -393.413001 -396.914039 -400.415076 -403.916114 -407.417152 -410.918189 -414.419227 -417.920265 -421.421303 -424.922340 -428.423378 -431.924416 -435.425453 -438.926491 -442.427529 -445.928566 -449.429604 -452.930642 -456.431679 -459.932717 -463.433755 -466.934793 -470.435830 -473.936868 -477.437906 -480.938943 -484.439981 -487.941019 -491.442056 -494.943094 -498.444132 -501.945169 -505.446207 -508.947245
-323.392247 -326.893285 -330.394323 -333.895360 -337.396398 -340.897436 -344.398473 -347.899511 -351.400549 -354.901586 -358.402624 -361.903662 -365.404700 -368.905737 -372.406775 -375.907813 -379.408850 -382.909888 -386.410926 -389.911963 -393.413001 -396.914039 -400.415076 -403.916114 -407.417152 -410.918189 -414.419227 -417.920265 -421.421303 -424.922340 -428.423378 -431.924416 -435.425453 -438.926491 -442.427529 -445.928566 -449.429604 -452.930642 -456.431679 -459.932717 -463.433755 -466.934793 -470.435830 -473.936868 -477.437906 -480.938943 -484.439981 -487.941019 -491.442056 -494.943094 -498.444132 -501.945169 -505.446207 -508.947245
-323.392247 -326.893285 -330.394323 -333.895360 -337.396398 -340.897436 -344.398473 -347.899511 -351.400549 -354.901586 -358.402624 -361.903662 -365.404700 -368.905737 -372.406775 -375.907813 -379.408850 -382.909888 -386.410926 -389.911963 -393.413001 -396.914039 -400.415076 -403.916114 -407.417152 -410.918189 -414.419227 -417.920265 -421.421303 -424.922340 -428.423378 -431.924416 -435.425453 -438.926491 -442.427529 -445.928566 -449.429604 -452.930642 -456.431679 -459.932717 -463.433755 -466.934793 -470.435830 -473.936868 -477.437906 -480.938943 -484.439981 -487.941019 -491.442056 -494.943094 -498.444132 -501.945169 -505.446207 -508.947245
-323.392247 -326.893285 -330.394323 -333.895360 -337.396398 -340.897436 -344.398473 -347.899511 -351.400549 -354.901586 -358.402624 -361.903662 -365.404700 -368.905737 -372.406775 -375.907813 -379.408850 -382.909888 -386.410926 -389.911963 -393.413001 -396.914039 -400.415076 -403.916114 -407.417152 -410.918189 -414.419227 -417.920265 -421.421303 -424.922340 -428.423378 -431.924416 -435.425453 -438.926491 -442.427529 -445.928566 -449.429604 -452.930642 -456.431679 -459.932717 -463.433755 -466.934793 -470.435830 -473.936868 -477.437906 -480.938943 -484.439981 -487.941019 -491.442056 -494.943094 -498.444132 -501.945169 -505.446207 -508.947245
-323.392247 -326.893285 -330.394323 -333.895360 -337.396398 -340.897436 -344.398473 -347.899511 -351.400549 -354.901586 -358.402624 -361.903662 -365.404700 -368.905737 -372.406775 -375.907813 -379.408850 -382.909888 -386.410926 -389.911963 -393.413001 -396.914039 -400.415076 -403.916114 -407.417152 -410.918189 -414.419227 -417.920265 -421.421303 -424.922340 -428.423378 -431.924416 -435.425453 -438.926491 -442.427529 -445.928566 -449.429604 -452.930642 -456.431679 -459.932717 -463.433755 -466.934793 -470.435830 -473.936868 -477.437906 -480.938943 -484.439981 -487.941019 -491.442056 -494.943094 -498.444132 -501.945169 -505.446207 -508.947245
-323.392247 -326.893285 -330.394323 -333.895360 -337.396398 -340.897436 -344.398473 -347.899511 -351.400549 -354.901586 -358.402624 -361.903662 -365.404700 -368.905737 -372.406775 -375.907813 -379.408850 -382.909888 -386.410926 -389.911963 -393.413001 -396.914039 -400.415076 -403.916114 -407.417152 -410.918189 -414.419227 -417.920265 -421.421303 -424.922340 -428.423378 -431.924416 -435.425453 -438.926491 -442.427529 -445.928566 -449.429604 -452.930642 -456.431679 -459.932717 -463.433755 -466.934793 -470.435830 -473.936868 -477.437906 -480.938943 -484.439981 -487.941019 -491.442056 -494.943094 -498.444132 -501.945169 -505.446207 -508.947245
-323.392247 -326.893285 -330.394323 -333.895360 -337.396398 -340.897436 -344.398473 -347.899511 -351.400549 -354.901586 -358.402624 -361.903662 -365.404700 -368.905737 -372.406775 -375.907813 -379.408850 -382.909888 -386.410926 -389.911963 -393.413001 -396.914039 -400.415076 -403.916114 -407.417152 -410.918189 -414.419227 -417.920265 -421.421303 -424.922340 -428.423378 -431.924416 -435.425453 -438.926491 -442.427529 -445.928566 -449.429604 -452.930642 -456.431679 -459.932717 -463.433755 -466.934793 -470.435830 -473.936868 -477.437906 -480.938943 -484.439981 -487.941019 -491.442056 -494.943094 -498.444132 -501.945169 -505.446207 -508.947245
-323.392247 -326.893285 -330.394323 -333.895360 -337.396398 -340.897436 -344.398473 -347.899511 -351.400549 -354.901586 -358.402624 -361.903662 -365.404700 -368.905737 -372.406775 -375.907813 -379.408850 -382.909888 -386.410926 -389.911963 -393.413001 -396.914039 -400.415076 -403.916114 -407.417152 -410.918189 -414.419227 -417.920265 -421.421303 -424.922340 -428.423378 -431.924416 -435.425453 -438.926491 -442.427529 -445.928566 -449.429604 -452.930642 -456.431679 -459.932717 -463.433755 -466.934793 -470.435830 -473.936868 -477.437906 -480.938943 -484.439981 -487.941019 -491.442056 -494.943094 -498.444132 -501.945169 -505.446207 -508.947245
-323.392247 -326.893285 -330.394323 -333.895360 -337.396398 -340.897436 -344.398473 -347.899511 -351.400549 -354.901586 -358.402624 -361.903662 -365.404700 -368.905737 -372.406775 -375.907813 -379.408850 -382.909888 -386.410926 -389.911963 -393.413001 -396.914039 -400.415076 -403.916114 -407.417152 -410.918189 -414.419227 -417.920265 -421.421303 -424.922340 -428.423378 -431.924416 -435.425453 -438.926491 -442.427529 -445.928566 -449.429604 -452.930642 -456.431679 -459.932717 -463.433755 -466.934793 -470.435830 -473.936868 -477.437906 -480.938943 -484.439981 -487.941019 -491.442056 -494.943094 -498.444132 -501.945169 -505.446207 -508.947245
-323.392247 -326.893285 -330.394323 -333.895360 -337.396398 -340.897436 -344.398473 -347.899511 -351.400549 -354.901586 -358.402624 -361.903662 -365.404700 -368.905737 -372.406775 -375.907813 -379.408850 -382.909888 -386.410926 -389.911963 -393.413001 -396.914039 -400.415076 -403.916114 -407.417152 -410.918189 -414.419227 -417.920265 -421.421303 -424.922340 -428.423378 -431.924416 -435.425453 -438.926491 -442.427529 -445.928566 -449.429604 -452.930642 -456.431679 -459.932717 -463.433755 -466.934793 -470.435830 -473.936868 -477.437906 -480.938943 -484.439981 -487.941019 -491.442056 -494.943094 -498.444132 -501.945169 -505.446207 -508.947245
-323.392247 -326.893285 -330.394323 -333.895360 -337.396398 -340.897436 -344.398473 -347.899511 -351.400549 -354.901586 -358.402624 -361.903662 -365.404700 -368.905737 -372.406775 -375.907813 -379.408850 -382.909888 -386.410926 -389.911963 -393.413001 -396.914039 -400.415076 -403.916114 -407.417152 -410.918189 -414.419227 -417.920265 -421.421303 -424.922340 -428.423378 -431.924416 -435.425453 -438.926491 -442.427529 -445.928566 -449.429604 -452.930642 -456.431679 -459.932717 -463.433755 -466.934793 -470.435830 -473.936868 -477.437906 -480.938943 -484.439981 -487.941019 -491.442056 -494.943094 -498.444132 -501.945169 -505.446207 -508.947245
-323.392247 -326.893285 -330.394323 -333.895360 -337.396398 -340.897436 -344.398473 -347.899511 -351.400549 -354.901586 -358.402624 -361.903662 -365.404700 -368.905737 -372.406775 -375.907813 -379.408850 -382.909888 -386.410926 -389.911963 -393.413001 -396.914039 -400.415076 -403.916114 -407.417152 -410.918189 -414.419227 -417.920265 -421.421303 -424.922340 -428.423378 -431.924416 -435.425453 -438.926491 -442.427529 -445.928566 -449.429604 -452.930642 -456.431679 -459.932717 -463.433755 -466.934793 -470.435830 -473.936868 -477.437906 -480.938943 -484.439981 -487.941019 -491.442056 -494.943094 -498.444132 -501.945169 -505.446207 -508.947245
-323.392247 -326.893285 -330.394323 -333.895360 -337.396398 -340.897436 -344.398473 -347.899511 -351.400549 -354.901586 -358.402624 -361.903662 -365.404700 -368.905737 -372.406775 -375.907813 -379.408850 -382.909888 -386.410926 -389.911963 -393.413001 -396.914039 -400.415076 -403.916114 -407.417152 -410.918189 -414.419227 -417.920265 -421.421303 -424.922340 -428.423378 -431.924416 -435.425453 -438.926491 -442.427529 -445.928566 -449.429604 -452.930642 -456.431679 -459.932717 -463.433755 -466.934793 -470.435830 -473.936868 -477.437906 -480.938943 -484.439981 -487.941019 -491.442056 -494.943094 -498.444132 -501.945169 -505.446207 -508.947245
-323.392247 -326.893285 -330.394323 -333.895360 -337.396398 -340.897436 -344.398473 -347.899511 -351.400549 -354.901586 -358.402624 -361.903662 -365.404700 -368.905737 -372.406775 -375.907813 -379.408850 -382.909888 -386.410926 -389.911963 -393.413001 -396.914039 -400.415076 -403.916114 -407.417152 -410.918189 -414.419227 -417.920265 -421.421303 -424.922340 -428.423378 -431.924416 -435.425453 -438.926491 -442.427529 -445.928566 -449.429604 -452.930642 -456.431679 -459.932717 -463.433755 -466.934793 -470.435830 -473.936868 -477.437906 -480.938943 -484.439981 -487.941019 -491.442056 -494.943094 -498.444132 -501.945169 -505.446207 -508.947245
-323.392247 -326.893285 -330.394323 -333.895360 -337.396398 -340.897436 -344.398473 -347.899511 -351.400549 -354.901586 -358.402624 -361.903662 -365.404700 -368.905737 -372.406775 -375.907813 -379.408850 -382.909888 -386.410926 -389.911963 -393.413001 -396.914039 -400.415076 -403.916114 -407.417152 -410.918189 -414.419227 -417.920265 -421.421303 -424.922340 -428.423378 -431.924416 -435.425453 -438.926491 -442.427529 -445.928566 -449.429604 -452.930642 -456.431679 -459.932717 -463.433755 -466.934793 -470.435830 -473.936868 -477.437906 -480.938943 -484.439981 -487.941019 -491.442056 -494.943094 -498.444132 -501.945169 -505.446207 -508.947245
