avaframe/data/avaSimilaritySol/Inputs/DEM_IP_Topo.asc
nCols  401
nRows  101
xllcenter  -200.01
yllcenter -250.01
cellsize  5.00
nodata_value -9999.00
[rows 50 to 74 of 101, columns 168 to 223 of 401]
911.825668 908.324630 904.823593 901.322555 897.821517 894.320479 890.819442 887.318404 883.817366 880.316329 876.815291 873.314253 869.813216 866.312178 862.811140 859.310103 855.809065 852.308027 848.806989 845.305952 841.804914 838.303876 834.802839 831.301801 827.800763 824.299726 820.798688 817.297650 813.796613 810.295575 806.794537 803.293499 799.792462 796.291424 792.790386 789.289349 785.788311 782.287273 778.786236 775.285198 771.784160 768.283123 764.782085 761.281047 757.780009 754.278972 750.777934 747.276896 743.775859 740.274821 736.773783 733.272746 729.771708 726.270670 722.769633 719.268595
911.825668 908.324630 904.823593 901.322555 897.821517 894.320479 890.819442 887.318404 883.817366 880.316329 876.815291 873.314253 869.813216 866.312178 862.811140 859.310103 855.809065 852.308027 848.806989 845.305952 841.804914 838.303876 834.802839 831.301801 827.800763 824.299726 820.798688 817.297650 813.796613 810.295575 806.794537 803.293499 799.792462 796.291424 792.790386 789.289349 785.788311 782.287273 778.786236 775.285198 771.784160 768.283123 764.782085 761.281047 757.780009 754.278972 750.777934 747.276896 743.775859 740.274821 736.773783 733.272746 729.771708 726.270670 722.769633 719.268595
911.825668 908.324630 904.823593 901.322555 897.821517 894.320479 890.819442 887.318404 883.817366 880.316329 876.815291 873.314253 869.813216 866.312178 862.811140 859.310103 855.809065 852.308027 848.806989 845.305952 841.804914 838.303876 834.802839 831.301801 827.800763 824.299726 820.798688 817.297650 813.796613 810.295575 806.794537 803.293499 799.792462 796.291424 792.790386 789.289349 785.788311 782.287273 778.786236 775.285198 771.784160 768.283123 764.782085 761.281047 757.780009 754.278972 750.777934 747.276896 743.775859 740.274821 736.773783 733.272746 729.771708 726.270670 722.769633 719.268595
911.825668 908.324630 904.823593 901.322555 897.821517 894.320479 890.819442 887.318404 883.817366 880.316329 876.815291 873.314253 869.813216 866.312178 862.811140 859.310103 855.809065 852.308027 848.806989 845.305952 841.804914 838.303876 834.802839 831.301801 827.800763 824.299726 820.798688 817.297650 813.796613 810.295575 806.794537 803.293499 799.792462 796.291424 792.790386 789.289349 785.788311 782.287273 778.786236 775.285198 771.784160 768.283123 764.782085 761.281047 757.780009 754.278972 750.777934 747.276896 743.775859 740.274821 736.773783 733.272746 729.771708 726.270670 722.769633 719.268595
911.825668 908.324630 904.823593 901.322555 897.821517 894.320479 890.819442 887.318404 883.817366 880.316329 876.815291 873.314253 869.813216 866.312178 862.811140 859.310103 855.809065 852.308027 848.806989 845.305952 841.804914 838.303876 834.802839 831.301801 827.800763 824.299726 820.798688 817.297650 813.796613 810.295575 806.794537 803.293499 799.792462 796.291424 792.790386 789.289349 785.788311 782.287273 778.786236 775.285198 771.784160 768.283123 764.782085 761.281047 757.780009 754.278972 750.777934 747.276896 743.775859 740.274821 736.773783 733.272746 729.771708 726.270670 722.769633 719.268595
911.825668 908.324630 904.823593 901.322555 897.821517 894.320479 890.819442 887.318404 883.817366 880.316329 876.815291 873.314253 869.813216 866.312178 862.811140 859.310103 855.809065 852.308027 848.806989 845.305952 841.804914 838.303876 834.802839 831.301801 827.800763 824.299726 820.798688 817.297650 813.796613 810.295575 806.794537 803.293499 799.792462 796.291424 792.790386 789.289349 785.788311 782.287273 778.786236 775.285198 771.784160 768.283123 764.782085 761.281047 757.780009 754.278972 750.777934 747.276896 743.775859 740.274821 736.773783 733.272746 729.771708 726.270670 722.769633 719.268595
911.825668 908.324630 904.823593 901.322555 897.821517 894.320479 890.819442 887.318404 883.817366 880.316329 876.815291 873.314253 869.813216 866.312178 862.811140 859.310103 855.809065 852.308027 848.806989 845.305952 841.804914 838.303876 834.802839 831.301801 827.800763 824.299726 820.798688 817.297650 813.796613 810.295575 806.794537 803.293499 799.792462 796.291424 792.790386 789.289349 785.788311 782.287273 778.786236 775.285198 771.784160 768.283123 764.782085 761.281047 757.780009 754.278972 750.777934 747.276896 743.775859 740.274821 736.773783 733.272746 729.771708 726.270670 722.769633 719.268595
911.825668 908.324630 904.823593 901.322555 897.821517 894.320479 890.819442 887.318404 883.817366 880.316329 876.815291 873.314253 869.813216 866.312178 862.811140 859.310103 855.809065 852.308027 848.806989 845.305952 841.804914 838.303876 834.802839 831.301801 827.800763 824.299726 820.798688 817.297650 813.796613 810.295575 806.794537 803.293499 799.792462 796.291424 792.790386 789.289349 785.788311 782.287273 778.786236 775.285198 771.784160 768.283123 764.782085 761.281047 757.780009 754.278972 750.777934 747.276896 743.775859 740.274821 736.773783 733.272746 729.771708 726.270670 722.769633 719.268595
911.825668 908.324630 904.823593 901.322555 897.821517 894.320479 890.819442 887.318404 883.817366 880.316329 876.815291 873.314253 869.813216 866.312178 862.811140 859.310103 855.809065 852.308027 848.806989 845.305952 841.804914 838.303876 834.802839 831.301801 827.800763 824.299726 820.798688 817.297650 813.796613 810.295575 806.794537 803.293499 799.792462 796.291424 792.790386 789.289349 785.788311 782.287273 778.786236 775.285198 771.784160 768.283123 764.782085 761.281047 757.780009 754.278972 750.777934 747.276896 743.775859 740.274821 736.773783 733.272746 729.771708 726.270670 722.769633 719.268595
911.825668 908.324630 904.823593 901.322555 897.821517 894.320479 890.819442 887.318404 883.817366 880.316329 876.815291 873.314253 869.813216 866.312178 862.811140 859.310103 855.809065 852.308027 848.806989 845.305952 841.804914 838.303876 834.802839 831.301801 827.800763 824.299726 820.798688 817.297650 813.796613 810.295575 806.794537 803.293499 799.792462 796.291424 792.790386 789.289349 785.788311 782.287273 778.786236 775.285198 771.784160 768.283123 764.782085 761.281047 757.780009 754.278972 750.777934 747.276896 743.775859 740.274821 736.773783 733.272746 729.771708 726.270670 722.769633 719.268595
911.825668 908.324630 904.823593 901.322555 897.821517 894.320479 890.819442 887.318404 883.817366 880.316329 876.815291 873.314253 869.813216 866.312178 862.811140 859.310103 855.809065 852.308027 848.806989 845.305952 841.804914 838.303876 834.802839 831.301801 827.800763 824.299726 820.798688 817.297650 813.796613 810.295575 806.794537 803.293499 799.792462 796.291424 792.790386 789.289349 785.788311 782.287273 778.786236 775.285198 771.784160 768.283123 764.782085 761.281047 757.780009 754.278972 750.777934 747.276896 743.775859 740.274821 736.773783 733.272746 729.771708 726.270670 722.769633 719.268595
911.825668 908.324630 904.823593 901.322555 897.821517 894.320479 890.819442 887.318404 883.817366 880.316329 876.815291 873.314253 869.813216 866.312178 862.811140 859.310103 855.809065 852.308027 848.806989 845.305952 841.804914 838.303876 834.802839 831.301801 827.800763 824.299726 820.798688 817.297650 813.796613 810.295575 806.794537 803.293499 799.792462 796.291424 792.790386 789.289349 785.788311 782.287273 778.786236 775.285198 771.784160 768.283123 764.782085 761.281047 757.780009 754.278972 750.777934 747.276896 743.775859 740.274821 736.773783 733.272746 729.771708 726.270670 722.769633 719.268595
911.825668 908.324630 904.823593 901.322555 897.821517 894.320479 890.819442 887.318404 883.817366 880.316329 876.815291 873.314253 869.813216 866.312178 862.811140 859.310103 855.809065 852.308027 848.806989 845.305952 841.804914 838.303876 834.802839 831.301801 827.800763 824.299726 820.798688 817.297650 813.796613 810.295575 806.794537 803.293499 799.792462 796.291424 792.790386 789.289349 785.788311 782.287273 778.786236 775.285198 771.784160 768.283123 764.782085 761.281047 757.780009 754.278972 750.777934 747.276896 743.775859 740.274821 736.773783 733.272746 729.771708 726.270670 722.769633 719.268595
911.825668 908.324630 904.823593 901.322555 897.821517 894.320479 890.819442 887.318404 883.817366 880.316329 876.815291 873.314253 869.813216 866.312178 862.811140 859.310103 855.809065 852.308027 848.806989 845.305952 841.804914 838.303876 834.802839 831.301801 827.800763 824.299726 820.798688 817.297650 813.796613 810.295575 806.794537 803.293499 799.792462 796.291424 792.790386 789.289349 785.788311 782.287273 778.786236 775.285198 771.784160 768.283123 764.782085 761.281047 757.780009 754.278972 750.777934 747.276896 743.775859 740.274821 736.773783 733.272746 729.771708 726.270670 722.769633 719.268595
911.825668 908.324630 904.823593 901.322555 897.821517 894.320479 890.819442 887.318404 883.817366 880.316329 876.815291 873.314253 869.813216 866.312178 862.811140 859.310103 855.809065 852.308027 848.806989 845.305952 841.804914 838.303876 834.802839 831.301801 827.800763 824.299726 820.798688 817.297650 813.796613 810.295575 806.794537 803.293499 799.792462 796.291424 792.790386 789.289349 785.788311 782.287273 778.786236 775.285198 771.784160 768.283123 764.782085 761.281047 757.780009 754.278972 750.777934 747.276896 743.775859 740.274821 736.773783 733.272746 729.771708 726.270670 722.769633 719.268595
911.825668 908.324630 904.823593 901.322555 897.821517 894.320479 890.819442 887.318404 883.817366 880.316329 876.815291 873.314253 869.813216 866.312178 862.811140 859.310103 855.809065 852.308027 848.806989 845.305952 841.804914 838.303876 834.802839 831.301801 827.800763 824.299726 820.798688 817.297650 813.796613 810.295575 806.794537 803.293499 799.792462 796.291424 792.790386 789.289349 785.788311 782.287273 778.786236 775.285198 771.784160 768.283123 764.782085 761.281047 757.780009 754.278972 750.777934 747.276896 743.775859 740.274821 736.773783 733.272746 729.771708 726.270670 722.769633 719.268595
911.825668 908.324630 904.823593 901.322555 897.821517 894.320479 890.819442 887.318404 883.817366 880.316329 876.815291 873.314253 869.813216 866.312178 862.811140 859.310103 855.809065 852.308027 848.806989 845.305952 841.804914 838.303876 834.802839 831.301801 827.800763 824.299726 820.798688 817.297650 813.796613 810.295575 806.794537 803.293499 799.792462 796.291424 792.790386 789.289349 785.788311 782.287273 778.786236 775.285198 771.784160 768.283123 764.782085 761.281047 757.780009 754.278972 750.777934 747.276896 743.775859 740.274821 736.773783 733.272746 729.771708 726.270670 722.769633 719.268595
911.825668 908.324630 904.823593 901.322555 897.821517 894.320479 890.819442 887.318404 883.817366 880.316329 876.815291 873.314253 869.813216 866.312178 862.811140 859.310103 855.809065 852.308027 848.806989 845.305952 841.804914 838.303876 834.802839 831.301801 827.800763 824.299726 820.798688 817.297650 813.796613 810.295575 806.794537 803.293499 799.792462 796.291424 792.790386 789.289349 785.788311 782.287273 778.786236 775.285198 771.784160 768.283123 764.782085 761.281047 757.780009 754.278972 750.777934 747.276896 743.775859 740.274821 736.773783 733.272746 729.771708 726.270670 722.769633 719.268595
911.825668 908.324630 904.823593 901.322555 897.821517 894.320479 890.819442 887.318404 883.817366 880.316329 876.815291 873.314253 869.813216 866.312178 862.811140 859.310103 855.809065 852.308027 848.806989 845.305952 841.804914 838.303876 834.802839 831.301801 827.800763 824.299726 820.798688 817.297650 813.796613 810.295575 806.794537 803.293499 799.792462 796.291424 792.790386 789.289349 785.788311 782.287273 778.786236 775.285198 771.784160 768.283123 764.782085 761.281047 757.780009 754.278972 750.777934 747.276896 743.775859 740.274821 736.773783 733.272746 729.771708 726.270670 722.769633 719.268595
911.825668 908.324630 904.823593 901.322555 897.821517 894.320479 890.819442 887.318404 883.817366 880.316329 876.815291 873.314253 869.813216 866.312178 862.811140 859.310103 855.809065 852.308027 848.806989 845.305952 841.804914 838.303876 834.802839 831.301801 827.800763 824.299726 820.798688 817.297650 813.796613 810.295575 806.794537 803.293499 799.792462 796.291424 792.790386 789.289349 785.788311 782.287273 778.786236 775.285198 771.784160 768.283123 764.782085 761.281047 757.780009 754.278972 750.777934 747.276896 743.775859 740.274821 736.773783 733.272746 729.771708 726.270670 722.769633 719.268595
911.825668 908.324630 904.823593 901.322555 897.821517 894.320479 890.819442 887.318404 883.817366 880.316329 876.815291 873.314253 869.813216 866.312178 862.811140 859.310103 855.809065 852.308027 848.806989 845.305952 841.804914 838.303876 834.802839 831.301801 827.800763 824.299726 820.798688 817.297650 813.796613 810.295575 806.794537 803.293499 799.792462 796.291424 792.790386 789.289349 785.788311 782.287273 778.786236 775.285198 771.784160 768.283123 764.782085 761.281047 757.780009 754.278972 750.777934 747.276896 743.775859 740.274821 736.773783 733.272746 729.771708 726.270670 722.769633 719.268595
911.825668 908.324630 904.823593 901.322555 897.821517 894.320479 890.819442 887.318404 883.817366 880.316329 876.815291 873.314253 869.813216 866.312178 862.811140 859.310103 855.809065 852.308027 848.806989 845.305952 841.804914 838.303876 834.802839 831.301801 827.800763 824.299726 820.798688 817.297650 813.796613 810.295575 806.794537 803.293499 799.792462 796.291424 792.790386 789.289349 785.788311 782.287273 778.786236 775.285198 771.784160 768.283123 764.782085 761.281047 757.780009 754.278972 750.777934 747.276896 743.775859 740.274821 736.773783 733.272746 729.771708 726.270670 722.769633 719.268595
911.825668 908.324630 904.823593 901.322555 897.821517 894.320479 890.819442 887.318404 883.817366 880.316329 876.815291 873.314253 869.813216 866.312178 862.811140 859.310103 855.809065 852.308027 848.806989 845.305952 841.804914 838.303876 834.802839 831.301801 827.800763 824.299726 820.798688 817.297650 813.796613 810.295575 806.794537 803.293499 799.792462 796.291424 792.790386 789.289349 785.788311 782.287273 778.786236 775.285198 771.784160 768.283123 764.782085 761.281047 757.780009 754.278972 750.777934 747.276896 743.775859 740.274821 736.773783 733.272746 729.771708 726.270670 722.769633 719.268595
911.825668 908.324630 904.823593 901.322555 897.821517 894.320479 890.819442 887.318404 883.817366 880.316329 876.815291 873.314253 869.813216 866.312178 862.811140 859.310103 855.809065 852.308027 848.806989 845.305952 841.804914 838.303876 834.802839 831.301801 827.800763 824.299726 820.798688 817.297650 813.796613 810.295575 806.794537 803.293499 799.792462 796.291424 792.790386 789.289349 785.788311 782.287273 778.786236 775.285198 771.784160 768.283123 764.782085 761.281047 757.780009 754.278972 750.777934 747.276896 743.775859 740.274821 736.773783 733.272746 729.771708 726.270670 722.769633 719.268595
911.825668 908.324630 904.823593 901.322555 897.821517 894.320479 890.819442 887.318404 883.817366 880.316329 876.815291 873.314253 869.813216 866.312178 862.811140 859.310103 855.809065 852.308027 848.806989 845.305952 841.804914 838.303876 834.802839 831.301801 827.800763 824.299726 820.798688 817.297650 813.796613 810.295575 806.794537 803.293499 799.792462 796.291424 792.790386 789.289349 785.788311 782.287273 778.786236 775.285198 771.784160 768.283123 764.782085 761.281047 757.780009 754.278972 750.777934 747.276896 743.775859 740.274821 736.773783 733.272746 729.771708 726.270670 722.769633 719.268595
