avaframe/data/avaSimilaritySol/Inputs/DEM_IP_Topo.asc
nCols  401
nRows  101
xllcenter  -200.01
yllcenter -250.01
cellsize  5.00
nodata_value -9999.00
[rows 0 to 24 of 101, columns 56 to 111 of 401]
1303.941889 1300.440852 1296.939814 1293.438776 1289.937739 1286.436701 1282.935663 1279.434625 1275.933588 1272.432550 1268.931512 1265.430475 1261.929437 1258.428399 1254.927362 1251.426324 1247.925286 1244.424249 1240.923211 1237.422173 1233.921135 1230.420098 1226.919060 1223.418022 1219.916985 1216.415947 1212.914909 1209.413872 1205.912834 1202.411796 1198.910759 1195.409721 1191.908683 1188.407645 1184.906608 1181.405570 1177.904532 1174.403495 1170.902457 1167.401419 1163.900382 1160.399344 1156.898306 1153.397269 1149.896231 1146.395193 1142.894156 1139.393118 1135.892080 1132.391042 1128.890005 1125.388967 1121.887929 1118.386892 1114.885854 1111.384816
1303.941889 1300.440852 1296.939814 1293.438776 1289.937739 1286.436701 1282.935663 1279.434625 1275.933588 1272.432550 1268.931512 1265.430475 1261.929437 1258.428399 1254.927362 1251.426324 1247.925286 1244.424249 1240.923211 1237.422173 1233.921135 1230.420098 1226.919060 1223.418022 1219.916985 1216.415947 1212.914909 1209.413872 1205.912834 1202.411796 1198.910759 1195.409721 1191.908683 1188.407645 1184.906608 1181.405570 1177.904532 1174.403495 1170.902457 1167.401419 1163.900382 1160.399344 1156.898306 1153.397269 1149.896231 1146.395193 1142.894156 1139.393118 1135.892080 1132.391042 1128.890005 1125.388967 1121.887929 1118.386892 1114.885854 1111.384816
1303.941889 1300.440852 1296.939814 1293.438776 1289.937739 1286.436701 1282.935663 1279.434625 1275.933588 1272.432550 1268.931512 1265.430475 1261.929437 1258.428399 1254.927362 1251.426324 1247.925286 1244.424249 1240.923211 1237.422173 1233.921135 1230.420098 1226.919060 1223.418022 1219.916985 1216.415947 1212.914909 1209.413872 1205.912834 1202.411796 1198.910759 1195.409721 1191.908683 1188.407645 1184.906608 1181.405570 1177.904532 1174.403495 1170.902457 1167.401419 1163.900382 1160.399344 1156.898306 1153.397269 1149.896231 1146.395193 1142.894156 1139.393118 1135.892080 1132.391042 1128.890005 1125.388967 1121.887929 1118.386892 1114.885854 1111.384816
1303.941889 1300.440852 1296.939814 1293.438776 1289.937739 1286.436701 1282.935663 1279.434625 1275.933588 1272.432550 1268.931512 1265.430475 1261.929437 1258.428399 1254.927362 1251.426324 1247.925286 1244.424249 1240.923211 1237.422173 1233.921135 1230.420098 1226.919060 1223.418022 1219.916985 1216.415947 1212.914909 1209.413872 1205.912834 1202.411796 1198.910759 1195.409721 1191.908683 1188.407645 1184.906608 1181.405570 1177.904532 1174.403495 1170.902457 1167.401419 1163.900382 1160.399344 1156.898306 1153.397269 1149.896231 1146.395193 1142.894156 1139.393118 1135.892080 1132.391042 1128.890005 1125.388967 1121.887929 1118.386892 1114.885854 1111.384816
1303.941889 1300.440852 1296.939814 1293.438776 1289.937739 1286.436701 1282.935663 1279.434625 1275.933588 1272.432550 1268.931512 1265.430475 1261.929437 1258.428399 1254.927362 1251.426324 1247.925286 1244.424249 1240.923211 1237.422173 1233.921135 1230.420098 1226.919060 1223.418022 1219.916985 1216.415947 1212.914909 1209.413872 1205.912834 1202.411796 1198.910759 1195.409721 1191.908683 1188.407645 1184.906608 1181.405570 1177.904532 1174.403495 1170.902457 1167.401419 1163.900382 1160.399344 1156.898306 1153.397269 1149.896231 1146.395193 1142.894156 1139.393118 1135.892080 1132.391042 1128.890005 1125.388967 1121.887929 1118.386892 1114.885854 1111.384816
1303.941889 1300.440852 1296.939814 1293.438776 1289.937739 1286.436701 1282.935663 1279.434625 1275.933588 1272.432550 1268.931512 1265.430475 1261.929437 1258.428399 1254.927362 1251.426324 1247.925286 1244.424249 1240.923211 1237.422173 1233.921135 1230.420098 1226.919060 1223.418022 1219.916985 1216.415947 1212.914909 1209.413872 1205.912834 1202.411796 1198.910759 1195.409721 1191.908683 1188.407645 1184.906608 1181.405570 1177.904532 1174.403495 1170.902457 1167.401419 1163.900382 1160.399344 1156.898306 1153.397269 1149.896231 1146.395193 1142.894156 1139.393118 1135.892080 1132.391042 1128.890005 1125.388967 1121.887929 1118.386892 1114.885854 1111.384816
1303.941889 1300.440852 1296.939814 1293.438776 1289.937739 1286.436701 1282.935663 1279.434625 1275.933588 1272.432550 1268.931512 1265.430475 1261.929437 1258.428399 1254.927362 1251.426324 1247.925286 1244.424249 1240.923211 1237.422173 1233.921135 1230.420098 1226.919060 1223.418022 1219.916985 1216.415947 1212.914909 1209.413872 1205.912834 1202.411796 1198.910759 1195.409721 1191.908683 1188.407645 1184.906608 1181.405570 1177.904532 1174.403495 1170.902457 1167.401419 1163.900382 1160.399344 1156.898306 1153.397269 1149.896231 1146.395193 1142.894156 1139.393118 1135.892080 1132.391042 1128.890005 1125.388967 1121.887929 1118.386892 1114.885854 1111.384816
1303.941889 1300.440852 1296.939814 1293.438776 1289.937739 1286.436701 1282.935663 1279.434625 1275.933588 1272.432550 1268.931512 1265.430475 1261.929437 1258.428399 1254.927362 1251.426324 1247.925286 1244.424249 1240.923211 1237.422173 1233.921135 1230.420098 1226.919060 1223.418022 1219.916985 1216.415947 1212.914909 1209.413872 1205.912834 1202.411796 1198.910759 1195.409721 1191.908683 1188.407645 1184.906608 1181.405570 1177.904532 1174.403495 1170.902457 1167.401419 1163.900382 1160.399344 1156.898306 1153.397269 1149.896231 1146.395193 1142.894156 1139.393118 1135.892080 1132.391042 1128.890005 1125.388967 1121.887929 1118.386892 1114.885854 1111.384816
1303.941889 1300.440852 1296.939814 1293.438776 1289.937739 1286.436701 1282.935663 1279.434625 1275.933588 1272.432550 1268.931512 1265.430475 1261.929437 1258.428399 1254.927362 1251.426324 1247.925286 1244.424249 1240.923211 1237.422173 1233.921135 1230.420098 1226.919060 1223.418022 1219.916985 1216.415947 1212.914909 1209.413872 1205.912834 1202.411796 1198.910759 1195.409721 1191.908683 1188.407645 1184.906608 1181.405570 1177.904532 1174.403495 1170.902457 1167.401419 1163.900382 1160.399344 1156.898306 1153.397269 1149.896231 1146.395193 1142.894156 1139.393118 1135.892080 1132.391042 1128.890005 1125.388967 1121.887929 1118.386892 1114.885854 1111.384816
1303.941889 1300.440852 1296.939814 1293.438776 1289.937739 1286.436701 1282.935663 1279.434625 1275.933588 1272.432550 1268.931512 1265.430475 1261.929437 1258.428399 1254.927362 1251.426324 1247.925286 1244.424249 1240.923211 1237.422173 1233.921135 1230.420098 1226.919060 1223.418022 1219.916985 1216.415947 1212.914909 1209.413872 1205.912834 1202.411796 1198.910759 1195.409721 1191.908683 1188.407645 1184.906608 1181.405570 1177.904532 1174.403495 1170.902457 1167.401419 1163.900382 1160.399344 1156.898306 1153.397269 1149.896231 1146.395193 1142.894156 1139.393118 1135.892080 1132.391042 1128.890005 1125.388967 1121.887929 1118.386892 1114.885854 1111.384816
1303.941889 1300.440852 1296.939814 1293.438776 1289.937739 1286.436701 1282.935663 1279.434625 1275.933588 1272.432550 1268.931512 1265.430475 1261.929437 1258.428399 1254.927362 1251.426324 1247.925286 1244.424249 1240.923211 1237.422173 1233.921135 1230.420098 1226.919060 1223.418022 1219.916985 1216.415947 1212.914909 1209.413872 1205.912834 1202.411796 1198.910759 1195.409721 1191.908683 1188.407645 1184.906608 1181.405570 1177.904532 1174.403495 1170.902457 1167.401419 1163.900382 1160.399344 1156.898306 1153.397269 1149.896231 1146.395193 1142.894156 1139.393118 1135.892080 1132.391042 1128.890005 1125.388967 1121.887929 1118.386892 1114.885854 1111.384816
1303.941889 1300.440852 1296.939814 1293.438776 1289.937739 1286.436701 1282.935663 1279.434625 1275.933588 1272.432550 1268.931512 1265.430475 1261.929437 1258.428399 1254.927362 1251.426324 1247.925286 1244.424249 1240.923211 1237.422173 1233.921135 1230.420098 1226.919060 1223.418022 1219.916985 1216.415947 1212.914909 1209.413872 1205.912834 1202.411796 1198.910759 1195.409721 1191.908683 1188.407645 1184.906608 1181.405570 1177.904532 1174.403495 1170.902457 1167.401419 1163.900382 1160.399344 1156.898306 1153.397269 1149.896231 1146.395193 1142.894156 1139.393118 1135.892080 1132.391042 1128.890005 1125.388967 1121.887929 1118.386892 1114.885854 1111.384816
1303.941889 1300.440852 1296.939814 1293.438776 1289.937739 1286.436701 1282.935663 1279.434625 1275.933588 1272.432550 1268.931512 1265.430475 1261.929437 1258.428399 1254.927362 1251.426324 1247.925286 1244.424249 1240.923211 1237.422173 1233.921135 1230.420098 1226.919060 1223.418022 1219.916985 1216.415947 1212.914909 1209.413872 1205.912834 1202.411796 1198.910759 1195.409721 1191.908683 1188.407645 1184.906608 1181.405570 1177.904532 1174.403495 1170.902457 1167.401419 1163.900382 1160.399344 1156.898306 1153.397269 1149.896231 1146.395193 1142.894156 1139.393118 1135.892080 1132.391042 1128.890005 1125.388967 1121.887929 1118.386892 1114.885854 1111.384816
1303.941889 1300.440852 1296.939814 1293.438776 1289.937739 1286.436701 1282.935663 1279.434625 1275.933588 1272.432550 1268.931512 1265.430475 1261.929437 1258.428399 1254.927362 1251.426324 1247.925286 1244.424249 1240.923211 1237.422173 1233.921135 1230.420098 1226.919060 1223.418022 1219.916985 1216.415947 1212.914909 1209.413872 1205.912834 1202.411796 1198.910759 1195.409721 1191.908683 1188.407645 1184.906608 1181.405570 1177.904532 1174.403495 1170.902457 1167.401419 1163.900382 1160.399344 1156.898306 1153.397269 1149.896231 1146.395193 1142.894156 1139.393118 1135.892080 1132.391042 1128.890005 1125.388967 1121.887929 1118.386892 1114.885854 1111.384816
1303.941889 1300.440852 1296.939814 1293.438776 1289.937739 1286.436701 1282.935663 1279.434625 1275.933588 1272.432550 1268.931512 1265.430475 1261.929437 1258.428399 1254.927362 1251.426324 1247.925286 1244.424249 1240.923211 1237.422173 1233.921135 1230.420098 1226.919060 1223.418022 1219.916985 1216.415947 1212.914909 1209.413872 1205.912834 1202.411796 1198.910759 1195.409721 1191.908683 1188.407645 1184.906608 1181.405570 1177.904532 1174.403495 1170.902457 1167.401419 1163.900382 1160.399344 1156.898306 1153.397269 1149.896231 1146.395193 1142.894156 1139.393118 1135.892080 1132.391042 1128.890005 1125.388967 1121.887929 1118.386892 1114.885854 1111.384816
1303.941889 1300.440852 1296.939814 1293.438776 1289.937739 1286.436701 1282.935663 1279.434625 1275.933588 1272.432550 1268.931512 1265.430475 1261.929437 1258.428399 1254.927362 1251.426324 1247.925286 1244.424249 1240.923211 1237.422173 1233.921135 1230.420098 1226.919060 1223.418022 1219.916985 1216.415947 1212.914909 1209.413872 1205.912834 1202.411796 1198.910759 1195.409721 1191.908683 1188.407645 1184.906608 1181.405570 1177.904532 1174.403495 1170.902457 1167.401419 1163.900382 1160.399344 1156.898306 1153.397269 1149.896231 1146.395193 1142.894156 1139.393118 1135.892080 1132.391042 1128.890005 1125.388967 1121.887929 1118.386892 1114.885854 1111.384816
1303.941889 1300.440852 1296.939814 1293.438776 1289.937739 1286.436701 1282.935663 1279.434625 1275.933588 1272.432550 1268.931512 1265.430475 1261.929437 1258.428399 1254.927362 1251.426324 1247.925286 1244.424249 1240.923211 1237.422173 1233.921135 1230.420098 1226.919060 1223.418022 1219.916985 1216.415947 1212.914909 1209.413872 1205.912834 1202.411796 1198.910759 1195.409721 1191.908683 1188.407645 1184.906608 1181.405570 1177.904532 1174.403495 1170.902457 1167.401419 1163.900382 1160.399344 1156.898306 1153.397269 1149.896231 1146.395193 1142.894156 1139.393118 1135.892080 1132.391042 1128.890005 1125.388967 1121.887929 1118.386892 1114.885854 1111.384816
1303.941889 1300.440852 1296.939814 1293.438776 1289.937739 1286.436701 1282.935663 1279.434625 1275.933588 1272.432550 1268.931512 1265.430475 1261.929437 1258.428399 1254.927362 1251.426324 1247.925286 1244.424249 1240.923211 1237.422173 1233.921135 1230.420098 1226.919060 1223.418022 1219.916985 1216.415947 1212.914909 1209.413872 1205.912834 1202.411796 1198.910759 1195.409721 1191.908683 1188.407645 1184.906608 1181.405570 1177.904532 1174.403495 1170.902457 1167.401419 1163.900382 1160.399344 1156.898306 1153.397269 1149.896231 1146.395193 1142.894156 1139.393118 1135.892080 1132.391042 1128.890005 1125.388967 1121.887929 1118.386892 1114.885854 1111.384816
1303.941889 1300.440852 1296.939814 1293.438776 1289.937739 1286.436701 1282.935663 1279.434625 1275.933588 1272.432550 1268.931512 1265.430475 1261.929437 1258.428399 1254.927362 1251.426324 1247.925286 1244.424249 1240.923211 1237.422173 1233.921135 1230.420098 1226.919060 1223.418022 1219.916985 1216.415947 1212.914909 1209.413872 1205.912834 1202.411796 1198.910759 1195.409721 1191.908683 1188.407645 1184.906608 1181.405570 1177.904532 1174.403495 1170.902457 1167.401419 1163.900382 1160.399344 1156.898306 1153.397269 1149.896231 1146.395193 1142.894156 1139.393118 1135.892080 1132.391042 1128.890005 1125.388967 1121.887929 1118.386892 1114.885854 1111.384816
1303.941889 1300.440852 1296.939814 1293.438776 1289.937739 1286.436701 1282.935663 1279.434625 1275.933588 1272.432550 1268.931512 1265.430475 1261.929437 1258.428399 1254.927362 1251.426324 1247.925286 1244.424249 1240.923211 1237.422173 1233.921135 1230.420098 1226.919060 1223.418022 1219.916985 1216.415947 1212.914909 1209.413872 1205.912834 1202.411796 1198.910759 1195.409721 1191.908683 1188.407645 1184.906608 1181.405570 1177.904532 1174.403495 1170.902457 1167.401419 1163.900382 1160.399344 1156.898306 1153.397269 1149.896231 1146.395193 1142.894156 1139.393118 1135.892080 1132.391042 1128.890005 1125.388967 1121.887929 1118.386892 1114.885854 1111.384816
1303.941889 1300.440852 1296.939814 1293.438776 1289.937739 1286.436701 1282.935663 1279.434625 1275.933588 1272.432550 1268.931512 1265.430475 1261.929437 1258.428399 1254.927362 1251.426324 1247.925286 1244.424249 1240.923211 1237.422173 1233.921135 1230.420098 1226.919060 1223.418022 1219.916985 1216.415947 1212.914909 1209.413872 1205.912834 1202.411796 1198.910759 1195.409721 1191.908683 1188.407645 1184.906608 1181.405570 1177.904532 1174.403495 1170.902457 1167.401419 1163.900382 1160.399344 1156.898306 1153.397269 1149.896231 1146.395193 1142.894156 1139.393118 1135.892080 1132.391042 1128.890005 1125.388967 1121.887929 1118.386892 1114.885854 1111.384816
1303.941889 1300.440852 1296.939814 1293.438776 1289.937739 1286.436701 1282.935663 1279.434625 1275.933588 1272.432550 1268.931512 1265.430475 1261.929437 1258.428399 1254.927362 1251.426324 1247.925286 1244.424249 1240.923211 1237.422173 1233.921135 1230.420098 1226.919060 1223.418022 1219.916985 1216.415947 1212.914909 1209.413872 1205.912834 1202.411796 1198.910759 1195.409721 1191.908683 1188.407645 1184.906608 1181.405570 1177.904532 1174.403495 1170.902457 1167.401419 1163.900382 1160.399344 1156.898306 1153.397269 1149.896231 1146.395193 1142.894156 1139.393118 1135.892080 1132.391042 1128.890005 1125.388967 1121.887929 1118.386892 1114.885854 1111.384816
1303.941889 1300.440852 1296.939814 1293.438776 1289.937739 1286.436701 1282.935663 1279.434625 1275.933588 1272.432550 1268.931512 1265.430475 1261.929437 1258.428399 1254.927362 1251.426324 1247.925286 1244.424249 1240.923211 1237.422173 1233.921135 1230.420098 1226.919060 1223.418022 1219.916985 1216.415947 1212.914909 1209.413872 1205.912834 1202.411796 1198.910759 1195.409721 1191.908683 1188.407645 1184.906608 1181.405570 1177.904532 1174.403495 1170.902457 1167.401419 1163.900382 1160.399344 1156.898306 1153.397269 1149.896231 1146.395193 1142.894156 1139.393118 1135.892080 1132.391042 1128.890005 1125.388967 1121.887929 1118.386892 1114.885854 1111.384816
1303.941889 1300.440852 1296.939814 1293.438776 1289.937739 1286.436701 1282.935663 1279.434625 1275.933588 1272.432550 1268.931512 1265.430475 1261.929437 1258.428399 1254.927362 1251.426324 1247.925286 1244.424249 1240.923211 1237.422173 1233.921135 1230.420098 1226.919060 1223.418022 1219.916985 1216.415947 1212.914909 1209.413872 1205.912834 1202.411796 1198.910759 1195.409721 1191.908683 1188.407645 1184.906608 1181.405570 1177.904532 1174.403495 1170.902457 1167.401419 1163.900382 1160.399344 1156.898306 1153.397269 1149.896231 1146.395193 1142.894156 1139.393118 1135.892080 1132.391042 1128.890005 1125.388967 1121.887929 1118.386892 1114.885854 1111.384816
1303.941889 1300.440852 1296.939814 1293.438776 1289.937739 1286.436701 1282.935663 1279.434625 1275.933588 1272.432550 1268.931512 1265.430475 1261.929437 1258.428399 1254.927362 1251.426324 1247.925286 1244.424249 1240.923211 1237.422173 1233.921135 1230.420098 1226.919060 1223.418022 1219.916985 1216.415947 1212.914909 1209.413872 1205.912834 1202.411796 1198.910759 1195.409721 1191.908683 1188.407645 1184.906608 1181.405570 1177.904532 1174.403495 1170.902457 1167.401419 1163.900382 1160.399344 1156.898306 1153.397269 1149.896231 1146.395193 1142.894156 1139.393118 1135.892080 1132.391042 1128.890005 1125.388967 1121.887929 1118.386892 1114.885854 1111.384816
