avaframe/data/avaSimilaritySol/Inputs/DEM_IP_Topo.asc
nCols  801
nRows  201
xllcenter  -202.50
yllcenter -502.50
cellsize  5
nodata_value -9999.00
[rows 120 to 143 of 201, columns 108 to 161 of 801]
621.887929 618.386892 614.885854 611.384816 607.883779 604.382741 600.881703 597.380666 593.879628 590.378590 586.877552 583.376515 579.875477 576.374439 572.873402 569.372364 565.871326 562.370289 558.869251 555.368213 551.867176 548.366138 544.865100 541.364062 537.863025 534.361987 530.860949 527.359912 523.858874 520.357836 516.856799 513.355761 509.854723 506.353686 502.852648 499.351610 495.850572 492.349535 488.848497 485.347459 481.846422 478.345384 474.844346 471.343309 467.842271 464.341233 460.840196 457.339158 453.838120 450.337083 446.836045 443.335007 439.833969 436.332932
621.887929 618.386892 614.885854 611.384816 607.883779 604.382741 600.881703 597.380666 593.879628 590.378590 586.877552 583.376515 579.875477 576.374439 572.873402 569.372364 565.871326 562.370289 558.869251 555.368213 551.867176 548.366138 544.865100 541.364062 537.863025 534.361987 530.860949 527.359912 523.858874 520.357836 516.856799 513.355761 509.854723 506.353686 502.852648 499.351610 495.850572 492.349535 488.848497 485.347459 481.846422 478.345384 474.844346 471.343309 467.842271 464.341233 460.840196 457.339158 453.838120 450.337083 446.836045 443.335007 439.833969 436.332932
621.887929 618.386892 614.885854 611.384816 607.883779 604.382741 600.881703 597.380666 593.879628 590.378590 586.877552 583.376515 579.875477 576.374439 572.873402 569.372364 565.871326 562.370289 558.869251 555.368213 551.867176 548.366138 544.865100 541.364062 537.863025 534.361987 530.860949 527.359912 523.858874 520.357836 516.856799 513.355761 509.854723 506.353686 502.852648 499.351610 495.850572 492.349535 488.848497 485.347459 481.846422 478.345384 474.844346 471.343309 467.842271 464.341233 460.840196 457.339158 453.838120 450.337083 446.836045 443.335007 439.833969 436.332932
621.887929 618.386892 614.885854 611.384816 607.883779 604.382741 600.881703 597.380666 593.879628 590.378590 586.877552 583.376515 579.875477 576.374439 572.873402 569.372364 565.871326 562.370289 558.869251 555.368213 551.867176 548.366138 544.865100 541.364062 537.863025 534.361987 530.860949 527.359912 523.858874 520.357836 516.856799 513.355761 509.854723 506.353686 502.852648 499.351610 495.850572 492.349535 488.848497 485.347459 481.846422 478.345384 474.844346 471.343309 467.842271 464.341233 460.840196 457.339158 453.838120 450.337083 446.836045 443.335007 439.833969 436.332932
621.887929 618.386892 614.885854 611.384816 607.883779 604.382741 600.881703 597.380666 593.879628 590.378590 586.877552 583.376515 579.875477 576.374439 572.873402 569.372364 565.871326 562.370289 558.869251 555.368213 551.867176 548.366138 544.865100 541.364062 537.863025 534.361987 530.860949 527.359912 523.858874 520.357836 516.856799 513.355761 509.854723 506.353686 502.852648 499.351610 495.850572 492.349535 488.848497 485.347459 481.846422 478.345384 474.844346 471.343309 467.842271 464.341233 460.840196 457.339158 453.838120 450.337083 446.836045 443.335007 439.833969 436.332932
621.887929 618.386892 614.885854 611.384816 607.883779 604.382741 600.881703 597.380666 593.879628 590.378590 586.877552 583.376515 579.875477 576.374439 572.873402 569.372364 565.871326 562.370289 558.869251 555.368213 551.867176 548.366138 544.865100 541.364062 537.863025 534.361987 530.860949 527.359912 523.858874 520.357836 516.856799 513.355761 509.854723 506.353686 502.852648 499.351610 495.850572 492.349535 488.848497 485.347459 481.846422 478.345384 474.844346 471.343309 467.842271 464.341233 460.840196 457.339158 453.838120 450.337083 446.836045 443.335007 439.833969 436.332932
621.887929 618.386892 614.885854 611.384816 607.883779 604.382741 600.881703 597.380666 593.879628 590.378590 586.877552 583.376515 579.875477 576.374439 572.873402 569.372364 565.871326 562.370289 558.869251 555.368213 551.867176 548.366138 544.865100 541.364062 537.863025 534.361987 530.860949 527.359912 523.858874 520.357836 516.856799 513.355761 509.854723 506.353686 502.852648 499.351610 495.850572 492.349535 488.848497 485.347459 481.846422 478.345384 474.844346 471.343309 467.842271 464.341233 460.840196 457.339158 453.838120 450.337083 446.836045 443.335007 439.833969 436.332932
621.887929 618.386892 614.885854 611.384816 607.883779 604.382741 600.881703 597.380666 593.879628 590.378590 586.877552 583.376515 579.875477 576.374439 572.873402 569.372364 565.871326 562.370289 558.869251 555.368213 551.867176 548.366138 544.865100 541.364062 537.863025 534.361987 530.860949 527.359912 523.858874 520.357836 516.856799 513.355761 509.854723 506.353686 502.852648 499.351610 495.850572 492.349535 488.848497 485.347459 481.846422 478.345384 474.844346 471.343309 467.842271 464.341233 460.840196 457.339158 453.838120 450.337083 446.836045 443.335007 439.833969 436.332932
621.887929 618.386892 614.885854 611.384816 607.883779 604.382741 600.881703 597.380666 593.879628 590.378590 586.877552 583.376515 579.875477 576.374439 572.873402 569.372364 565.871326 562.370289 558.869251 555.368213 551.867176 548.366138 544.865100 541.364062 537.863025 534.361987 530.860949 527.359912 523.858874 520.357836 516.856799 513.355761 509.854723 506.353686 502.852648 499.351610 495.850572 492.349535 488.848497 485.347459 481.846422 478.345384 474.844346 471.343309 467.842271 464.341233 460.840196 457.339158 453.838120 450.337083 446.836045 443.335007 439.833969 436.332932
621.887929 618.386892 614.885854 611.384816 607.883779 604.382741 600.881703 597.380666 593.879628 590.378590 586.877552 583.376515 579.875477 576.374439 572.873402 569.372364 565.871326 562.370289 558.869251 555.368213 551.867176 548.366138 544.865100 541.364062 537.863025 534.361987 530.860949 527.359912 523.858874 520.357836 516.856799 513.355761 509.854723 506.353686 502.852648 499.351610 495.850572 492.349535 488.848497 485.347459 481.846422 478.345384 474.844346 471.343309 467.842271 464.341233 460.840196 457.339158 453.838120 450.337083 446.836045 443.335007 439.833969 436.332932
621.887929 618.386892 614.885854 611.384816 607.883779 604.382741 600.881703 597.380666 593.879628 590.378590 586.877552 583.376515 579.875477 576.374439 572.873402 569.372364 565.871326 562.370289 558.869251 555.368213 551.867176 548.366138 544.865100 541.364062 537.863025 534.361987 530.860949 527.359912 523.858874 520.357836 516.856799 513.355761 509.854723 506.353686 502.852648 499.351610 495.850572 492.349535 488.848497 485.347459 481.846422 478.345384 474.844346 471.343309 467.842271 464.341233 460.840196 457.339158 453.838120 450.337083 446.836045 443.335007 439.833969 436.332932
621.887929 618.386892 614.885854 611.384816 607.883779 604.382741 600.881703 597.380666 593.879628 590.378590 586.877552 583.376515 579.875477 576.374439 572.873402 569.372364 565.871326 562.370289 558.869251 555.368213 551.867176 548.366138 544.865100 541.364062 537.863025 534.361987 530.860949 527.359912 523.858874 520.357836 516.856799 513.355761 509.854723 506.353686 502.852648 499.351610 495.850572 492.349535 488.848497 485.347459 481.846422 478.345384 474.844346 471.343309 467.842271 464.341233 460.840196 457.339158 453.838120 450.337083 446.836045 443.335007 439.833969 436.332932
621.887929 618.386892 614.885854 611.384816 607.883779 604.382741 600.881703 597.380666 593.879628 590.378590 586.877552 583.376515 579.875477 576.374439 572.873402 569.372364 565.871326 562.370289 558.869251 555.368213 551.867176 548.366138 544.865100 541.364062 537.863025 534.361987 530.860949 527.359912 523.858874 520.357836 516.856799 513.355761 509.854723 506.353686 502.852648 499.351610 495.850572 492.349535 488.848497 485.347459 481.846422 478.345384 474.844346 471.343309 467.842271 464.341233 460.840196 457.339158 453.838120 450.337083 446.836045 443.335007 439.833969 436.332932
621.887929 618.386892 614.885854 611.384816 607.883779 604.382741 600.881703 597.380666 593.879628 590.378590 586.877552 583.376515 579.875477 576.374439 572.873402 569.372364 565.871326 562.370289 558.869251 555.368213 551.867176 548.366138 544.865100 541.364062 537.863025 534.361987 530.860949 527.359912 523.858874 520.357836 516.856799 513.355761 509.854723 506.353686 502.852648 499.351610 495.850572 492.349535 488.848497 485.347459 481.846422 478.345384 474.844346 471.343309 467.842271 464.341233 460.840196 457.339158 453.838120 450.337083 446.836045 443.335007 439.833969 436.332932
621.887929 618.386892 614.885854 611.384816 607.883779 604.382741 600.881703 597.380666 593.879628 590.378590 586.877552 583.376515 579.875477 576.374439 572.873402 569.372364 565.871326 562.370289 558.869251 555.368213 551.867176 548.366138 544.865100 541.364062 537.863025 534.361987 530.860949 527.359912 523.858874 520.357836 516.856799 513.355761 509.854723 506.353686 502.852648 499.351610 495.850572 492.349535 488.848497 485.347459 481.846422 478.345384 474.844346 471.343309 467.842271 464.341233 460.840196 457.339158 453.838120 450.337083 446.836045 443.335007 439.833969 436.332932
621.887929 618.386892 614.885854 611.384816 607.883779 604.382741 600.881703 597.380666 593.879628 590.378590 586.877552 583.376515 579.875477 576.374439 572.873402 569.372364 565.871326 562.370289 558.869251 555.368213 551.867176 548.366138 544.865100 541.364062 537.863025 534.361987 530.860949 527.359912 523.858874 520.357836 516.856799 513.355761 509.854723 506.353686 502.852648 499.351610 495.850572 492.349535 488.848497 485.347459 481.846422 478.345384 474.844346 471.343309 467.842271 464.341233 460.840196 457.339158 453.838120 450.337083 446.836045 443.335007 439.833969 436.332932
621.887929 618.386892 614.885854 611.384816 607.883779 604.382741 600.881703 597.380666 593.879628 590.378590 586.877552 583.376515 579.875477 576.374439 572.873402 569.372364 565.871326 562.370289 558.869251 555.368213 551.867176 548.366138 544.865100 541.364062 537.863025 534.361987 530.860949 527.359912 523.858874 520.357836 516.856799 513.355761 509.854723 506.353686 502.852648 499.351610 495.850572 492.349535 488.848497 485.347459 481.846422 478.345384 474.844346 471.343309 467.842271 464.341233 460.840196 457.339158 453.838120 450.337083 446.836045 443.335007 439.833969 436.332932
621.887929 618.386892 614.885854 611.384816 607.883779 604.382741 600.881703 597.380666 593.879628 590.378590 586.877552 583.376515 579.875477 576.374439 572.873402 569.372364 565.871326 562.370289 558.869251 555.368213 551.867176 548.366138 544.865100 541.364062 537.863025 534.361987 530.860949 527.359912 523.858874 520.357836 516.856799 513.355761 509.854723 506.353686 502.852648 499.351610 495.850572 492.349535 488.848497 485.347459 481.846422 478.345384 474.844346 471.343309 467.842271 464.341233 460.840196 457.339158 453.838120 450.337083 446.836045 443.335007 439.833969 436.332932
621.887929 618.386892 614.885854 611.384816 607.883779 604.382741 600.881703 597.380666 593.879628 590.378590 586.877552 583.376515 579.875477 576.374439 572.873402 569.372364 565.871326 562.370289 558.869251 555.368213 551.867176 548.366138 544.865100 541.364062 537.863025 534.361987 530.860949 527.359912 523.858874 520.357836 516.856799 513.355761 509.854723 506.353686 502.852648 499.351610 495.850572 492.349535 488.848497 485.347459 481.846422 478.345384 474.844346 471.343309 467.842271 464.341233 460.840196 457.339158 453.838120 450.337083 446.836045 443.335007 439.833969 436.332932
621.887929 618.386892 614.885854 611.384816 607.883779 604.382741 600.881703 597.380666 593.879628 590.378590 586.877552 583.376515 579.875477 576.374439 572.873402 569.372364 565.871326 562.370289 558.869251 555.368213 551.867176 548.366138 544.865100 541.364062 537.863025 534.361987 530.860949 527.359912 523.858874 520.357836 516.856799 513.355761 509.854723 506.353686 502.852648 499.351610 495.850572 492.349535 488.848497 485.347459 481.846422 478.345384 474.844346 471.343309 467.842271 464.341233 460.840196 457.339158 453.838120 450.337083 446.836045 443.335007 439.833969 436.332932
621.887929 618.386892 614.885854 611.384816 607.883779 604.382741 600.881703 597.380666 593.879628 590.378590 586.877552 583.376515 579.875477 576.374439 572.873402 569.372364 565.871326 562.370289 558.869251 555.368213 551.867176 548.366138 544.865100 541.364062 537.863025 534.361987 530.860949 527.359912 523.858874 520.357836 516.856799 513.355761 509.854723 506.353686 502.852648 499.351610 495.850572 492.349535 488.848497 485.347459 481.846422 478.345384 474.844346 471.343309 467.842271 464.341233 460.840196 457.339158 453.838120 450.337083 446.836045 443.335007 439.833969 436.332932
621.887929 618.386892 614.885854 611.384816 607.883779 604.382741 600.881703 597.380666 593.879628 590.378590 586.877552 583.376515 579.875477 576.374439 572.873402 569.372364 565.871326 562.370289 558.869251 555.368213 551.867176 548.366138 544.865100 541.364062 537.863025 534.361987 530.860949 527.359912 523.858874 520.357836 516.856799 513.355761 509.854723 506.353686 502.852648 499.351610 495.850572 492.349535 488.848497 485.347459 481.846422 478.345384 474.844346 471.343309 467.842271 464.341233 460.840196 457.339158 453.838120 450.337083 446.836045 443.335007 439.833969 436.332932
621.887929 618.386892 614.885854 611.384816 607.883779 604.382741 600.881703 597.380666 593.879628 590.378590 586.877552 583.376515 579.875477 576.374439 572.873402 569.372364 565.871326 562.370289 558.869251 555.368213 551.867176 548.366138 544.865100 541.364062 537.863025 534.361987 530.860949 527.359912 523.858874 520.357836 516.856799 513.355761 509.854723 506.353686 502.852648 499.351610 495.850572 492.349535 488.848497 485.347459 481.846422 478.345384 474.844346 471.343309 467.842271 464.341233 460.840196 457.339158 453.838120 450.337083 446.836045 443.335007 439.833969 436.332932
621.887929 618.386892 614.885854 611.384816 607.883779 604.382741 600.881703 597.380666 593.879628 590.378590 586.877552 583.376515 579.875477 576.374439 572.873402 569.372364 565.871326 562.370289 558.869251 555.368213 551.867176 548.366138 544.865100 541.364062 537.863025 534.361987 530.860949 527.359912 523.858874 520.357836 516.856799 513.355761 509.854723 506.353686 502.852648 499.351610 495.850572 492.349535 488.848497 485.347459 481.846422 478.345384 474.844346 471.343309 467.842271 464.341233 460.840196 457.339158 453.838120 450.337083 446.836045 443.335007 439.833969 436.332932
