avaframe/data/Helix/Inputs/myDEM_HX_Topo.asc
ncols  601
nrows  601
xllcorner  1000.00
yllcorner -5000.00
cellsize  5
nodata_value -9999.00
[rows 297 to 323 of 601, columns 240 to 299 of 601]
55.283784 54.458276 53.637965 52.822888 52.013083 51.208588 50.409437 49.615669 48.827319 48.044422 47.267014 46.495130 45.728804 44.968072 44.212966 43.463520 42.719768 41.981742 41.249474 40.522997 39.802342 39.087540 38.378622 37.675617 36.978557 36.287470 35.602386 34.923332 34.250337 33.583428 32.922634 32.267979 31.619490 30.977194 30.341115 29.711278 29.087707 28.470426 27.859459 27.254826 26.656552 26.064658 25.479164 24.900091 24.327460 23.761290 23.201600 22.648408 22.101732 21.561590 21.027998 20.500973 19.980530 19.466685 18.959451 18.458844 17.964876 17.477560 16.996909 16.522934
55.449232 54.619971 53.795935 52.977160 52.163685 51.355547 50.552783 49.755430 48.963524 48.177102 47.396199 46.620851 45.851092 45.086957 44.328482 43.575698 42.828641 42.087343 41.351837 40.622155 39.898329 39.180391 38.468371 37.762301 37.062211 36.368129 35.680087 34.998111 34.322232 33.652476 32.988872 32.331445 31.680223 31.035232 30.396497 29.764043 29.137895 28.518076 27.904610 27.297520 26.696829 26.102558 25.514728 24.933361 24.358477 23.790095 23.228236 22.672916 22.124156 21.581971 21.046379 20.517397 19.995040 19.479324 18.970263 18.467872 17.972163 17.483151 17.000847 16.525263
55.615983 54.782940 53.955148 53.132645 52.315470 51.503660 50.697254 49.896287 49.100797 48.310821 47.526395 46.747554 45.974334 45.206770 44.444897 43.688749 42.938360 42.193763 41.454992 40.722079 39.995057 39.273957 38.558812 37.849651 37.146506 36.449406 35.758381 35.073461 34.394674 33.722048 33.055611 32.395391 31.741414 31.093706 30.452294 29.817202 29.188456 28.566079 27.950096 27.340529 26.737401 26.140735 25.550552 24.966873 24.389718 23.819109 23.255063 22.697600 22.146739 21.602496 21.064890 20.533936 20.009651 19.492051 18.981149 18.476961 17.979501 17.488780 17.004812 16.527609
55.784052 54.947196 54.115618 53.289357 52.468452 51.652941 50.842862 50.038252 49.239150 48.445591 47.657612 46.875250 46.098541 45.327520 44.562222 43.802681 43.048933 42.301011 41.558949 40.822779 40.092535 39.368248 38.649951 37.937674 37.231449 36.531306 35.837276 35.149387 34.467669 33.792150 33.122858 32.459822 31.803067 31.152621 30.508511 29.870760 29.239395 28.614440 27.995919 27.383856 26.778273 26.179193 25.586638 25.000629 24.421187 23.848332 23.282084 22.722462 22.169483 21.623168 21.083532 20.550592 20.024365 19.504867 18.992111 18.486114 17.986888 17.494447 17.008804 16.529970
55.953454 55.112754 54.277360 53.447310 52.622645 51.803402 50.989621 50.181339 49.378593 48.581423 47.789863 47.003952 46.223725 45.449218 44.680467 43.917507 43.160372 42.409098 41.663717 40.924264 40.190771 39.463271 38.741796 38.026378 37.317049 36.613838 35.916777 35.225895 34.541222 33.862787 33.190618 32.524742 31.865188 31.211982 30.565151 29.924721 29.290717 28.663163 28.042085 27.427505 26.819448 26.217935 25.622990 25.034633 24.452885 23.877768 23.309300 22.747502 22.192391 21.643987 21.102306 20.567366 20.039182 19.517772 19.003149 18.495330 17.994326 17.500153 17.012823 16.532348
56.124205 55.279629 54.440387 53.606518 52.778062 51.955057 51.137544 50.325559 49.519141 48.718329 47.923159 47.133669 46.349895 45.571875 44.799642 44.033234 43.272686 42.518031 41.769305 41.026541 40.289773 39.559034 38.834356 38.115771 37.403312 36.697009 35.996893 35.302994 34.615342 33.933966 33.258895 32.590158 31.927782 31.271794 30.622221 29.979089 29.342424 28.712252 28.088596 27.471480 26.860929 26.256965 25.659610 25.068887 24.484816 23.907419 23.336714 22.772723 22.215464 21.664955 21.121214 20.584258 20.054104 19.530768 19.014265 18.504609 18.001816 17.505898 17.016869 16.534741
56.296318 55.447836 54.604715 53.766996 52.934718 52.107920 51.286643 50.470926 49.660806 48.856322 48.057512 47.264414 46.477065 45.695501 44.919759 44.149875 43.385884 42.627822 41.875723 41.129621 40.389551 39.655546 38.927638 38.205861 37.490246 36.780825 36.077629 35.380688 34.690033 34.005693 33.327698 32.656075 31.990854 31.332061 30.679724 30.033870 29.394523 28.761710 28.135456 27.515784 26.902719 26.296284 25.696501 25.103393 24.516981 23.937286 23.364328 22.798128 22.238704 21.686074 21.140258 20.601271 20.069132 19.543855 19.025458 18.513954 18.009357 17.511683 17.020943 16.537150
56.469811 55.617390 54.770359 53.928757 53.092626 52.262005 51.436934 50.617452 49.803600 48.995414 48.192935 47.396199 46.605245 45.820108 45.040828 44.267439 43.499977 42.738479 41.982979 41.233513 40.490113 39.752815 39.021652 38.296655 37.577859 36.865294 36.158993 35.458985 34.765302 34.077974 33.397030 32.722500 32.054410 31.392790 30.737667 30.089067 29.447017 28.811543 28.182669 27.560421 26.944822 26.335897 25.733667 25.138155 24.549384 23.967373 23.392144 22.823717 22.262112 21.707346 21.159438 20.618405 20.084266 19.557035 19.036729 18.523363 18.016951 17.517507 17.025045 16.539576
56.644698 55.788307 54.937333 54.091817 53.251801 52.417324 51.588428 50.765153 49.947536 49.135619 48.329439 47.529035 46.734446 45.945708 45.162859 44.385936 43.614976 42.850013 42.091085 41.338225 40.591469 39.850851 39.116404 38.388162 37.666158 36.950424 36.240991 35.537892 34.841157 34.150816 33.466899 32.789436 32.118455 31.453985 30.796052 30.144685 29.499910 28.861753 28.230240 27.605394 26.987242 26.375806 25.771109 25.173175 24.582026 23.997682 23.420165 22.849494 22.285690 21.728771 21.178756 20.635663 20.099508 19.570309 19.048080 18.532839 18.024598 17.523372 17.029175 16.542019
56.820996 55.960602 55.105652 54.256191 53.412257 52.573894 51.741141 50.914039 50.092629 49.276948 48.467037 47.662936 46.864681 46.072311 45.285865 44.505379 43.730890 42.962435 42.200049 41.443768 40.693627 39.949661 39.211904 38.480390 37.755151 37.036222 36.323632 35.617416 34.917603 34.224225 33.537311 32.856891 32.182995 31.515651 30.854887 30.200730 29.553208 28.912346 28.278171 27.650708 27.029981 26.416015 25.808833 25.208457 24.614911 24.028215 23.448391 22.875460 22.309440 21.750352 21.198214 20.653044 20.114859 19.583677 19.059512 18.542381 18.032298 17.529278 17.033333 16.544478
56.998722 56.134291 55.275334 54.421893 53.574011 52.731728 51.895087 51.064127 50.238890 49.419415 48.605743 47.797912 46.995961 46.199930 45.409856 44.625777 43.847730 43.075753 42.309881 41.550150 40.796597 40.049255 39.308161 38.573347 37.844847 37.122695 36.406923 35.697563 34.994648 34.298206 33.608271 32.924871 32.248035 31.577794 30.914175 30.257206 29.606914 28.963326 28.326468 27.696366 27.073044 26.456527 25.846839 25.244003 24.648041 24.058975 23.476826 22.901616 22.333365 21.772091 21.217814 20.670551 20.130321 19.597140 19.071025 18.551990 18.040052 17.535224 17.037521 16.546954
57.177892 56.309391 55.446393 54.588940 53.737076 52.890841 52.050279 51.215429 50.386334 49.563033 48.745568 47.933977 47.128300 46.328576 45.534844 44.747142 43.965508 43.189979 42.420591 41.657382 40.900388 40.149643 39.405182 38.667041 37.935253 37.209852 36.490871 35.778342 35.072297 34.372768 33.679786 32.993381 32.313582 31.640420 30.973922 30.314117 29.661033 29.014697 28.375135 27.742372 27.116434 26.497347 25.885132 25.279816 24.681419 24.089964 23.505473 22.927967 22.357465 21.793989 21.237556 20.688185 20.145894 19.610700 19.082619 18.561668 18.047861 17.541213 17.041737 16.549447
57.358522 56.485918 55.618845 54.757347 53.901468 53.051249 52.206732 51.367960 50.534975 49.707816 48.886525 48.071143 47.261708 46.458261 45.660841 44.869485 44.084233 43.305123 42.532191 41.765474 41.005009 40.250832 39.502978 38.761482 38.026378 37.297701 36.575484 35.859759 35.150559 34.447917 33.751862 33.062427 32.379640 31.703533 31.034133 30.371470 29.715571 29.066463 28.424174 27.788730 27.160155 26.538476 25.923716 25.315898 24.715047 24.121185 23.534333 22.954512 22.381744 21.816047 21.257442 20.705947 20.161580 19.624357 19.094297 18.571415 18.055725 17.547243 17.045983 16.551958
57.540631 56.663889 55.792707 54.927131 54.067202 53.212965 52.364462 51.521735 50.684826 49.853777 49.028629 48.209423 47.396199 46.588997 45.787857 44.992818 44.203918 43.421196 42.644689 41.874436 41.110471 40.352833 39.601557 38.856677 38.118230 37.386249 36.660769 35.941822 35.229441 34.523659 33.824506 33.132016 32.446217 31.767140 31.094814 30.429268 29.770531 29.118630 28.473592 27.835444 27.204211 26.579919 25.962592 25.352254 24.748929 24.152640 23.563408 22.981255 22.406202 21.838268 21.277474 20.723839 20.177379 19.638114 19.106059 18.581231 18.063645 17.553316 17.050259 16.554486
57.724234 56.843320 55.967996 55.098306 54.234295 53.376006 52.523482 51.676767 50.835902 50.000930 49.171893 48.348831 47.531786 46.720797 45.915906 45.117152 44.324573 43.538209 42.758098 41.984277 41.216784 40.455655 39.700928 38.952637 38.210818 37.475505 36.746734 36.024538 35.308949 34.600001 33.897725 33.202153 32.513317 31.831246 31.155970 30.487518 29.825919 29.171201 28.523392 27.882518 27.248605 26.621679 26.001765 25.388886 24.783068 24.184332 23.592702 23.008198 22.430842 21.860654 21.297654 20.741861 20.193294 19.651969 19.117905 18.591117 18.071621 17.559432 17.054564 16.557031
57.909351 57.024229 56.144727 55.270890 54.402762 53.540387 52.683809 51.833072 50.988218 50.149289 49.316329 48.489379 47.668480 46.853674 46.045000 45.242499 44.446210 43.656173 42.872426 42.095008 41.323956 40.559308 39.801100 39.049369 38.304149 37.565478 36.833388 36.107914 35.389091 34.676950 33.971525 33.272847 32.580947 31.895856 31.217606 30.546224 29.881740 29.224182 28.573578 27.929956 27.293341 26.663760 26.041237 25.425798 24.817466 24.216264 23.622216 23.035343 22.455666 21.883206 21.317983 20.760017 20.209325 19.665926 19.129837 18.601074 18.079654 17.565591 17.058900 16.559595
58.095998 57.206634 56.322919 55.444899 54.572620 53.706124 52.845458 51.990664 51.141787 50.298869 49.461953 48.631082 47.806296 46.987639 46.175150 45.368870 44.568840 43.775099 42.987686 42.206640 41.431999 40.663801 39.902084 39.146882 38.398234 37.656174 36.920738 36.191960 35.469874 34.754514 34.045912 33.344101 32.649113 31.960978 31.279728 30.605391 29.937998 29.277577 28.624156 27.977762 27.338423 26.706165 26.081013 25.462992 24.852126 24.248439 23.651953 23.062692 22.480676 21.905926 21.338463 20.778306 20.225474 19.679984 19.141855 18.611103 18.087745 17.571794 17.063267 16.562176
58.284194 57.390551 56.502588 55.620351 54.743884 53.873234 53.008444 52.149560 51.296625 50.449684 49.608778 48.773952 47.945247 47.122706 46.306370 45.496279 44.692476 43.894999 43.103889 42.319184 41.540923 40.769145 40.003888 39.245187 38.493080 37.747604 37.008793 36.276682 35.551306 34.832700 34.120895 33.415925 32.717822 32.026617 31.342341 30.665025 29.994699 29.331390 28.675129 28.025941 27.383856 26.748899 26.121095 25.500471 24.887051 24.280858 23.681916 23.090247 22.505874 21.928816 21.359095 20.796730 20.241741 19.694146 19.153961 18.621205 18.095893 17.578042 17.067664 16.564776
58.473957 57.576000 56.683753 55.797262 54.916573 54.041732 53.172784 52.309775 51.452748 50.601748 49.756819 48.918004 48.085347 47.258888 46.438672 45.624738 44.817129 44.015884 43.221044 42.432649 41.650738 40.875350 40.106522 39.344292 38.588698 37.839775 37.097560 36.362089 35.633395 34.911514 34.196479 33.488323 32.787079 32.092778 31.405452 30.725132 30.051847 29.385627 28.726502 28.074497 27.429643 26.791964 26.161488 25.538240 24.922244 24.313526 23.712107 23.118012 22.531262 21.951878 21.379881 20.815292 20.258129 19.708411 19.166156 18.631380 18.104101 17.584334 17.072093 16.567394
58.665306 57.762998 56.866430 55.975649 55.090702 54.211635 53.338493 52.471323 51.610170 50.755077 49.906090 49.063253 48.226608 47.396199 46.572069 45.754259 44.942811 44.137766 43.339165 42.547048 41.761455 40.982425 40.209996 39.444207 38.685095 37.932697 37.187049 36.448188 35.716148 34.990965 34.272672 33.561303 32.856891 32.159468 31.469067 30.785717 30.109449 29.440293 28.778279 28.123435 27.475788 26.835366 26.202195 25.576301 24.957709 24.346444 23.742529 23.145988 22.556842 21.975114 21.400824 20.833992 20.274639 19.722782 19.178440 18.641630 18.112368 17.590671 17.076554 16.570030
58.858261 57.951565 57.050639 56.155532 55.266290 54.382960 53.505589 52.634222 51.768906 50.909686 50.056606 49.209711 48.369045 47.534652 46.706574 45.884854 45.069535 44.260657 43.458262 42.662392 41.873085 41.090382 40.314321 39.544942 38.782282 38.026378 37.277268 36.534988 35.799574 35.071060 34.349482 33.634872 32.927266 32.226694 31.533190 30.846785 30.167509 29.495393 28.830466 28.172758 27.522295 26.879107 26.243219 25.614657 24.993448 24.379616 23.773184 23.174177 22.582617 21.998525 21.421924 20.852832 20.291271 19.737259 19.190814 18.651954 18.120695 17.597055 17.081046 16.572686
59.052839 58.141717 57.236397 56.336927 55.443353 54.555724 53.674087 52.798488 51.928974 51.065590 50.208382 49.357395 48.512673 47.674260 46.842201 46.016537 45.197313 44.384569 43.578348 42.778691 41.985638 41.199230 40.419507 39.646506 38.880267 38.120828 37.368226 36.622498 35.883679 35.151807 34.426914 33.709037 32.998208 32.294461 31.597829 30.908342 30.226033 29.550932 28.883068 28.222471 27.569170 26.923192 26.284564 25.653313 25.029465 24.413044 23.804076 23.202583 22.608588 22.022115 21.443183 20.871814 20.308028 19.751844 19.203280 18.662354 18.129083 17.603484 17.085571 16.575360
59.249061 58.333476 57.423724 56.519852 55.621910 54.729945 53.844005 52.964137 52.090389 51.222805 50.361433 49.506318 48.657505 47.815039 46.978963 46.149322 45.326158 44.509515 43.699434 42.895958 42.099127 41.308982 40.525563 39.748910 38.979061 38.216056 37.459931 36.710725 35.968473 35.233213 34.504978 33.783805 33.069726 32.362777 31.662989 30.970395 30.285026 29.606914 28.936088 28.272579 27.616415 26.967624 26.326234 25.692271 25.065762 24.446732 23.835206 23.231207 22.634759 22.045884 21.464604 20.890939 20.324910 19.766537 19.215838 18.672831 18.137533 17.609960 17.090129 16.578053
59.446947 58.526861 57.612638 56.704327 55.801979 54.905640 54.015360 53.131187 52.253167 51.381347 50.515775 49.656496 48.803556 47.957001 47.116874 46.283220 45.456083 44.635506 43.821532 43.014203 42.213561 41.419646 40.632501 39.852163 39.078674 38.312071 37.552393 36.799679 36.053964 35.315286 34.583680 33.859182 33.141826 32.431646 31.728676 31.032948 30.344494 29.663346 28.989533 28.323087 27.664036 27.012408 26.368232 25.731536 25.102344 24.480683 23.866578 23.260052 22.661130 22.069835 21.486187 20.910209 20.341920 19.781341 19.228490 18.683385 18.146045 17.616484 17.094720 16.580766
59.646517 58.721890 57.803158 56.890370 55.983577 55.082827 54.188170 53.299653 52.417324 51.541232 50.671423 49.807945 48.950842 48.100161 47.255948 46.418247 45.587101 44.762557 43.944655 43.133440 42.328953 41.531236 40.740330 39.956276 39.179114 38.408883 37.645621 36.889368 36.140160 35.398035 34.663029 33.935177 33.214515 32.501078 31.794898 31.096008 30.404443 29.720232 29.043407 28.373999 27.712036 27.057548 26.410564 25.771109 25.139213 24.514899 23.898193 23.289121 22.687706 22.093970 21.507936 20.929625 20.359058 19.796256 19.241236 18.694018 18.154619 17.623055 17.099344 16.583499
59.847791 58.918585 57.995304 57.078001 56.166724 55.261525 54.362451 53.469553 52.582879 51.702477 50.828394 49.960679 49.099377 48.244535 47.396199 46.554415 45.719226 44.890679 44.068815 43.253679 42.445314 41.643761 40.849063 40.061260 39.280392 38.506501 37.739624 36.979801 36.227070 35.481467 34.743031 34.011797 33.287801 32.571077 31.861659 31.159582 30.464877 29.777578 29.097715 28.425319 27.760421 27.103049 26.453231 25.810997 25.176372 24.549384 23.930057 23.318416 22.714487 22.118291 21.529851 20.949189 20.376327 19.811283 19.254078 18.704730 18.163257 17.629675 17.104002 16.586251
60.050791 59.116965 58.189097 57.267238 56.351440 55.441751 54.538224 53.640906 52.749848 51.865097 50.986703 50.114714 49.249176 48.390136 47.537642 46.691738 45.852471 45.019885 44.194025 43.374935 42.562657 41.757234 40.958710 40.167124 39.382519 38.604935 37.834411 37.070987 36.314702 35.565592 34.823696 34.089049 33.361689 32.641650 31.928967 31.223674 30.525804 29.835390 29.152463 28.477054 27.809194 27.148913 26.496239 25.851201 25.213826 24.584140 23.962170 23.347940 22.741476 22.142800 21.551935 20.968903 20.393726 19.826424 19.267017 18.715522 18.171959 17.636344 17.108694 16.589023
