avaframe/data/Helix/Inputs/myDEM_HX_Topo.asc
ncols  601
nrows  601
xllcorner  1000.00
yllcorner -5000.00
cellsize  5
nodata_value -9999.00
[rows 54 to 80 of 601, columns 360 to 419 of 601]
4.289639 4.158960 4.030353 3.903817 3.779351 3.656951 3.536617 3.418347 3.302139 3.187990 3.075899 2.965865 2.857884 2.751954 2.648074 2.546241 2.446454 2.348708 2.253003 2.159336 2.067704 1.978104 1.890535 1.804993 1.721476 1.639981 1.560506 1.483047 1.407602 1.334167 1.262741 1.193319 1.125899 1.060477 0.997051 0.935618 0.876174 0.818715 0.763239 0.709743 0.658222 0.608673 0.561094 0.515479 0.471827 0.430133 0.390393 0.352604 0.316762 0.282864 0.250905 0.220882 0.192791 0.166627 0.142387 0.120068 0.099664 0.081172 0.064587 0.049906
4.275298 4.144607 4.015997 3.889465 3.765009 3.642628 3.522320 3.404083 3.287915 3.173814 3.061779 2.951807 2.843895 2.738043 2.634247 2.532505 2.432816 2.335176 2.239584 2.146036 2.054531 1.965066 1.877638 1.792244 1.708882 1.627550 1.548243 1.470960 1.395698 1.322454 1.251224 1.182006 1.114796 1.049592 0.986390 0.925187 0.865980 0.808766 0.753541 0.700302 0.649045 0.599768 0.552465 0.507135 0.463773 0.422376 0.382939 0.345460 0.309935 0.276359 0.244729 0.215041 0.187291 0.161475 0.137590 0.115630 0.095593 0.077473 0.061267 0.046971
4.260928 4.130228 4.001615 3.875087 3.750643 3.628282 3.508001 3.389798 3.273671 3.159620 3.047640 2.937731 2.829891 2.724116 2.620406 2.518757 2.419167 2.321635 2.226156 2.132730 2.041354 1.952024 1.864738 1.779495 1.696290 1.615121 1.535985 1.458880 1.383803 1.310750 1.239719 1.170706 1.103709 1.038724 0.975748 0.914778 0.855811 0.798843 0.743871 0.690892 0.639901 0.590897 0.543874 0.498830 0.455760 0.414662 0.375532 0.338365 0.303158 0.269907 0.238608 0.209258 0.181852 0.156387 0.132858 0.111261 0.091593 0.073848 0.058024 0.044115
4.246531 4.115821 3.987206 3.860684 3.736253 3.613912 3.493658 3.375491 3.259407 3.145405 3.033483 2.923639 2.815871 2.710176 2.606552 2.504997 2.405508 2.308084 2.212721 2.119418 2.028171 1.938979 1.851838 1.766745 1.683699 1.602695 1.523732 1.446807 1.371916 1.299057 1.228226 1.159421 1.092638 1.027874 0.965126 0.904391 0.845666 0.788946 0.734229 0.681512 0.630790 0.582060 0.535319 0.490564 0.447789 0.406993 0.368170 0.331318 0.296432 0.263509 0.232544 0.203534 0.176475 0.151362 0.128193 0.106961 0.087664 0.070298 0.054857 0.041338
4.232106 4.101388 3.972771 3.846255 3.721838 3.599518 3.479294 3.361162 3.245122 3.131172 3.019308 2.909530 2.801835 2.696220 2.592684 2.491225 2.391839 2.294524 2.199279 2.106100 2.014984 1.925931 1.838935 1.753996 1.671109 1.590273 1.511485 1.434741 1.360038 1.287374 1.216746 1.148150 1.081583 1.017043 0.954525 0.894027 0.835545 0.779076 0.724616 0.672163 0.621712 0.573260 0.526803 0.482338 0.439861 0.399368 0.360856 0.324321 0.289758 0.257165 0.226537 0.197870 0.171160 0.146403 0.123595 0.102731 0.083809 0.066823 0.051769 0.038643
4.217653 4.086927 3.958310 3.831801 3.707399 3.585101 3.464906 3.346812 3.230817 3.116919 3.005115 2.895404 2.787783 2.682250 2.578804 2.477441 2.378159 2.280956 2.185829 2.092775 2.001793 1.912880 1.826032 1.741247 1.658522 1.577855 1.499243 1.422682 1.348169 1.275703 1.205279 1.136894 1.070545 1.006230 0.943944 0.883685 0.825449 0.769233 0.715032 0.662845 0.612667 0.564495 0.518324 0.474152 0.431975 0.391789 0.353590 0.317374 0.283137 0.250877 0.220587 0.192265 0.165907 0.141508 0.119065 0.098572 0.080027 0.063424 0.048760 0.036030
4.203173 4.072439 3.943822 3.817322 3.692935 3.570661 3.450497 3.332441 3.216492 3.102647 2.990904 2.881261 2.773716 2.668266 2.564910 2.463645 2.364469 2.267378 2.172371 2.079445 1.988598 1.899826 1.813127 1.728499 1.645938 1.565441 1.487007 1.410631 1.336310 1.264043 1.193825 1.125653 1.059525 0.995437 0.933385 0.873367 0.815379 0.759417 0.705479 0.653560 0.603657 0.555766 0.509885 0.466008 0.424133 0.384256 0.346372 0.310478 0.276570 0.244644 0.214696 0.186722 0.160718 0.136680 0.114604 0.094485 0.076319 0.060103 0.045831 0.033499
4.188664 4.057924 3.929309 3.802817 3.678447 3.556197 3.436065 3.318048 3.202146 3.088355 2.976674 2.867101 2.759633 2.654268 2.551004 2.449838 2.350769 2.253792 2.158907 2.066110 1.975398 1.886770 1.800222 1.715752 1.633356 1.553032 1.474777 1.398587 1.324461 1.252394 1.182385 1.114428 1.048522 0.984663 0.922848 0.863072 0.805334 0.749630 0.695955 0.644307 0.594682 0.547075 0.501485 0.457906 0.416335 0.376769 0.339203 0.303633 0.270056 0.238468 0.208864 0.181241 0.155594 0.131920 0.110213 0.090470 0.072687 0.056859 0.042983 0.031052
4.174127 4.043381 3.914769 3.788287 3.663935 3.541710 3.421610 3.303635 3.187780 3.074045 2.962428 2.852925 2.745535 2.640256 2.537085 2.436020 2.337059 2.240198 2.145435 2.052769 1.962195 1.873712 1.787316 1.703005 1.620777 1.540627 1.462553 1.386552 1.312622 1.240758 1.170958 1.103219 1.037537 0.973909 0.912332 0.852802 0.795316 0.739871 0.686462 0.635087 0.585742 0.538422 0.493125 0.449846 0.408582 0.369330 0.332084 0.296841 0.263598 0.232349 0.203092 0.175822 0.150535 0.127227 0.105893 0.086529 0.069131 0.053695 0.040216 0.028690
4.159562 4.028812 3.900202 3.773732 3.649398 3.527199 3.407134 3.289199 3.173394 3.059716 2.948163 2.838732 2.731422 2.626230 2.523154 2.422191 2.323339 2.226595 2.131958 2.039423 1.948988 1.860652 1.774410 1.690261 1.608201 1.528227 1.450336 1.374526 1.300793 1.229135 1.159547 1.092027 1.026571 0.963176 0.901840 0.842557 0.785326 0.730141 0.677001 0.625901 0.576837 0.529807 0.484805 0.441829 0.400875 0.361938 0.325015 0.290102 0.257194 0.226289 0.197381 0.170467 0.145542 0.122602 0.101644 0.082662 0.065652 0.050610 0.037532 0.026413
4.144970 4.014216 3.885610 3.759151 3.634837 3.512665 3.392635 3.274743 3.158988 3.045368 2.933880 2.824523 2.717294 2.612190 2.509210 2.408351 2.309610 2.212985 2.118473 2.026072 1.935779 1.847590 1.761505 1.677518 1.595628 1.515832 1.438127 1.362509 1.288976 1.217524 1.148150 1.080851 1.015623 0.952464 0.891370 0.832337 0.775362 0.720441 0.667572 0.616749 0.567970 0.521231 0.476527 0.433856 0.393213 0.354595 0.317997 0.283416 0.250847 0.220287 0.191731 0.165176 0.140616 0.118048 0.097467 0.078870 0.062251 0.047606 0.034932 0.024223
4.130349 3.999592 3.870991 3.744545 3.620251 3.498108 3.378113 3.260266 3.144562 3.031001 2.919581 2.810298 2.703151 2.598137 2.495254 2.394500 2.295872 2.199367 2.104982 2.012716 1.922565 1.834527 1.748599 1.664777 1.583060 1.503443 1.425925 1.350501 1.277169 1.205926 1.136768 1.069692 1.004695 0.941774 0.880924 0.822143 0.765426 0.710772 0.658175 0.607632 0.559139 0.512694 0.468291 0.425927 0.385599 0.347302 0.311032 0.276785 0.244557 0.214345 0.186144 0.159949 0.135757 0.113563 0.093364 0.075153 0.058928 0.044684 0.032416 0.022120
4.115700 3.984941 3.856346 3.729914 3.605641 3.483527 3.363570 3.245767 3.130116 3.016616 2.905263 2.796056 2.688993 2.584070 2.481286 2.380638 2.282124 2.185741 2.091486 1.999356 1.909350 1.821463 1.735694 1.652039 1.570496 1.491060 1.413731 1.338503 1.265375 1.194342 1.125402 1.058552 0.993787 0.931105 0.870502 0.811974 0.755519 0.701132 0.648811 0.598550 0.550347 0.504197 0.460097 0.418043 0.378031 0.340058 0.304118 0.270209 0.238325 0.208463 0.180619 0.154789 0.130967 0.109150 0.089334 0.071514 0.055686 0.041845 0.029986 0.020106
4.101023 3.970263 3.841675 3.715257 3.591007 3.468924 3.349005 3.231248 3.115651 3.002212 2.890929 2.781799 2.674820 2.569990 2.467306 2.366766 2.268368 2.172107 2.077983 1.985992 1.896131 1.808398 1.722790 1.639303 1.557936 1.478684 1.401545 1.326515 1.253592 1.182772 1.114052 1.047429 0.982899 0.920458 0.860104 0.801833 0.745641 0.691525 0.639480 0.589504 0.541592 0.495741 0.451946 0.410205 0.370512 0.332865 0.297258 0.263688 0.232151 0.202643 0.175159 0.149694 0.126246 0.104809 0.085380 0.067953 0.052524 0.039089 0.027643 0.018181
4.086319 3.955558 3.826978 3.700575 3.576349 3.454297 3.334417 3.216707 3.101165 2.987789 2.876577 2.767525 2.660633 2.555897 2.453315 2.352884 2.254602 2.158467 2.064475 1.972623 1.882910 1.795332 1.709887 1.626570 1.545380 1.466313 1.389367 1.314537 1.241822 1.171216 1.102719 1.036325 0.972031 0.909835 0.849732 0.791719 0.735792 0.681948 0.630184 0.580494 0.532876 0.487326 0.443839 0.402413 0.363042 0.325723 0.290452 0.257224 0.226036 0.196884 0.169762 0.144668 0.121596 0.100541 0.081501 0.064470 0.049443 0.036417 0.025387 0.016347
4.071586 3.940826 3.812254 3.685868 3.561666 3.439647 3.319807 3.202146 3.086660 2.973348 2.862208 2.753236 2.646431 2.541790 2.439311 2.338992 2.240828 2.144819 2.050961 1.959251 1.869687 1.782266 1.696985 1.613840 1.532830 1.453950 1.377198 1.302570 1.230064 1.159676 1.091402 1.025239 0.961185 0.899234 0.839385 0.781632 0.725973 0.672404 0.620922 0.571521 0.524200 0.478953 0.435777 0.394667 0.355621 0.318633 0.283700 0.250818 0.219982 0.191188 0.164432 0.139709 0.117016 0.096347 0.077699 0.061067 0.046445 0.033831 0.023219 0.014604
4.056825 3.926067 3.797504 3.671136 3.546960 3.424974 3.305176 3.187564 3.072136 2.958889 2.847822 2.738931 2.632215 2.527671 2.425297 2.325089 2.227046 2.131164 2.037442 1.945876 1.856463 1.769200 1.684085 1.601114 1.520285 1.441594 1.365038 1.290615 1.218319 1.148150 1.080102 1.014173 0.950359 0.888657 0.829063 0.771574 0.716185 0.662893 0.611695 0.562586 0.515563 0.470622 0.427759 0.386970 0.348250 0.311596 0.277004 0.244469 0.213988 0.185555 0.159167 0.134820 0.112508 0.092228 0.073975 0.057744 0.043531 0.031332 0.021141 0.012954
4.042036 3.911280 3.782728 3.656379 3.532229 3.410278 3.290523 3.172961 3.057592 2.944412 2.833419 2.724610 2.617985 2.513539 2.411271 2.311177 2.213255 2.117503 2.023918 1.932497 1.843236 1.756134 1.671187 1.588392 1.507746 1.429245 1.352888 1.278670 1.206588 1.136640 1.068820 1.003127 0.939556 0.878105 0.818768 0.761544 0.706428 0.653416 0.602504 0.553690 0.506968 0.462335 0.419787 0.379320 0.340930 0.304613 0.270364 0.238180 0.208055 0.179987 0.153970 0.130000 0.108073 0.088184 0.070329 0.054503 0.040701 0.028919 0.019153 0.011397
4.027219 3.896466 3.767926 3.641596 3.517474 3.395559 3.275847 3.158338 3.043028 2.929916 2.818999 2.710274 2.603740 2.499394 2.397233 2.297255 2.199457 2.103836 2.010389 1.919114 1.830008 1.743068 1.658291 1.575673 1.495212 1.416905 1.340748 1.266738 1.194871 1.125146 1.057557 0.992101 0.928776 0.867577 0.808501 0.751544 0.696702 0.643972 0.593350 0.544832 0.498413 0.454091 0.411861 0.371719 0.333661 0.297683 0.263781 0.231949 0.202185 0.174484 0.148840 0.125251 0.103711 0.084217 0.066762 0.051344 0.037957 0.026596 0.017257 0.009935
4.012374 3.881626 3.753098 3.626788 3.502695 3.380817 3.261150 3.143694 3.028445 2.915402 2.804562 2.695923 2.589482 2.485237 2.383185 2.283324 2.185650 2.090162 1.996856 1.905729 1.816780 1.730003 1.645397 1.562959 1.482685 1.404572 1.328617 1.254817 1.183169 1.113668 1.046311 0.981096 0.918018 0.857074 0.798260 0.741573 0.687008 0.634563 0.584232 0.536013 0.489901 0.445892 0.403983 0.364168 0.326445 0.290809 0.257255 0.225779 0.196378 0.169046 0.143780 0.120574 0.099425 0.080327 0.063276 0.048268 0.035298 0.024361 0.015453 0.008568
3.997501 3.866758 3.738243 3.611956 3.487893 3.366052 3.246432 3.129029 3.013843 2.900871 2.790109 2.681557 2.575210 2.471068 2.369126 2.269383 2.171836 2.076482 1.983318 1.892342 1.803550 1.716939 1.632507 1.550250 1.470165 1.392248 1.316498 1.242910 1.171480 1.102207 1.035085 0.970112 0.907284 0.846597 0.788048 0.731632 0.677347 0.625188 0.575152 0.527234 0.481431 0.437738 0.396152 0.356668 0.319282 0.283990 0.250788 0.219671 0.190635 0.163676 0.138789 0.115969 0.095213 0.076515 0.059872 0.045277 0.032728 0.022218 0.013743 0.007298
3.982599 3.851863 3.723363 3.597098 3.473066 3.351264 3.231691 3.114345 2.999222 2.886321 2.775640 2.667175 2.560925 2.456886 2.355057 2.255434 2.158015 2.062797 1.969777 1.878952 1.790320 1.703876 1.619619 1.537545 1.457651 1.379933 1.304389 1.231015 1.159807 1.090763 1.023878 0.959149 0.896573 0.836146 0.777864 0.721723 0.667719 0.615850 0.566110 0.518496 0.473004 0.429630 0.388369 0.349218 0.312172 0.277227 0.244379 0.213624 0.184956 0.158373 0.133868 0.111438 0.091078 0.072783 0.056549 0.042372 0.030245 0.020165 0.012127 0.006126
3.967670 3.836941 3.708456 3.582215 3.458215 3.336454 3.216929 3.099639 2.984582 2.871754 2.761154 2.652778 2.546625 2.442693 2.340977 2.241476 2.144186 2.049106 1.956231 1.865560 1.777089 1.690815 1.606735 1.524846 1.445145 1.367628 1.292292 1.219134 1.148150 1.079337 1.012691 0.948209 0.885887 0.825722 0.767709 0.711845 0.658125 0.606548 0.557107 0.509799 0.464621 0.421568 0.380635 0.341820 0.305117 0.270522 0.238031 0.207640 0.179344 0.153138 0.129019 0.106981 0.087020 0.069131 0.053310 0.039552 0.027852 0.018205 0.010607 0.005053
3.952713 3.821992 3.693524 3.567307 3.443340 3.321621 3.202146 3.084914 2.969923 2.857169 2.746652 2.638367 2.532313 2.428487 2.326887 2.227509 2.130350 2.035409 1.942682 1.852166 1.763858 1.677756 1.593855 1.512153 1.432646 1.355332 1.280206 1.207266 1.136508 1.067929 1.001524 0.937291 0.875226 0.815324 0.757583 0.701998 0.648566 0.597282 0.548143 0.501145 0.456283 0.413553 0.372952 0.334474 0.298117 0.263875 0.231744 0.201719 0.173797 0.147973 0.124241 0.102599 0.083040 0.065560 0.050155 0.036820 0.025550 0.016339 0.009184 0.004079
3.937727 3.807015 3.678565 3.552375 3.428442 3.306765 3.187341 3.070168 2.955245 2.842567 2.732133 2.623941 2.517987 2.414270 2.312786 2.213533 2.116508 2.021708 1.929130 1.838771 1.750628 1.664698 1.580978 1.499465 1.420155 1.343046 1.268133 1.195413 1.124883 1.056539 0.990378 0.926396 0.864590 0.804955 0.747488 0.692184 0.639041 0.588054 0.539219 0.492532 0.447989 0.405586 0.365318 0.327182 0.291173 0.257286 0.225518 0.195863 0.168318 0.142878 0.119537 0.098293 0.079139 0.062072 0.047086 0.034176 0.023338 0.014568 0.007859 0.003207
3.922714 3.792012 3.663580 3.537417 3.413520 3.291887 3.172515 3.055403 2.940548 2.827947 2.717599 2.609500 2.503649 2.400042 2.298676 2.199549 2.102659 2.008001 1.915574 1.825374 1.737398 1.651643 1.568106 1.486784 1.407673 1.330770 1.256072 1.183574 1.113274 1.045169 0.979254 0.915525 0.853980 0.794614 0.737423 0.682404 0.629552 0.578864 0.530336 0.483963 0.439742 0.397667 0.357736 0.319943 0.284285 0.250757 0.219354 0.190072 0.162907 0.137853 0.114907 0.094064 0.075318 0.058666 0.044102 0.031622 0.021220 0.012892 0.006632 0.002437
3.907673 3.776982 3.648570 3.522435 3.398574 3.276986 3.157668 3.040617 2.925832 2.813310 2.703049 2.595046 2.489297 2.385802 2.284556 2.185558 2.088803 1.994290 1.902016 1.811976 1.724169 1.638591 1.555239 1.474110 1.395199 1.318505 1.244023 1.171751 1.101683 1.033818 0.968151 0.904678 0.843396 0.784301 0.727389 0.672657 0.620099 0.569713 0.521494 0.475438 0.431541 0.389798 0.350206 0.312760 0.277455 0.244288 0.213253 0.184347 0.157565 0.132901 0.110352 0.089913 0.071579 0.055345 0.041206 0.029158 0.019195 0.011313 0.005506 0.001770
