avaframe/data/Helix/Inputs/myDEM_HX_Topo.asc
ncols  601
nrows  601
xllcorner  1000.00
yllcorner -5000.00
cellsize  5
nodata_value -9999.00
[rows 567 to 593 of 601, columns 240 to 299 of 601]
511.304101 505.629892 499.842952 493.940826 487.921050 481.781160 475.518700 469.131231 462.616340 455.971658 449.194867 442.283718 435.236050 428.049807 420.723060 413.254033 405.641127 397.882952 389.978357 381.926469 373.726729 365.378939 356.883304 348.240488 339.451667 330.518589 321.443634 312.229889 302.881213 293.402315 283.798833 274.077415 264.245801 254.312905 244.288902 234.185304 224.015038 213.792515 203.533689 193.256106 182.978934 172.722979 162.510675 152.366045 142.314638 132.383429 122.600681 112.995773 103.598983 94.441234 85.553801 76.967978 68.714722 60.824262 53.325698 46.246591 39.612559 33.446882 27.770144 22.599909
521.422120 515.780704 510.024280 504.150194 498.155770 492.038322 485.795152 479.423569 472.920892 466.284462 459.511661 452.599919 445.546737 438.349701 431.006510 423.514990 415.873132 408.079111 400.131329 392.028443 383.769412 375.353538 366.780515 358.050486 349.164097 340.122563 330.927736 321.582178 312.089239 302.453140 292.679063 282.773239 272.743043 262.597093 252.345342 241.999178 231.571513 221.076875 210.531477 199.953293 189.362100 178.779515 168.228995 157.735821 147.327035 137.031351 126.879017 116.901635 107.131932 97.603484 88.350392 79.406917 70.807067 62.584159 54.770359 47.396199 40.490113 34.077974 28.182669 22.823717
531.782939 526.180326 520.460572 514.620824 508.658196 502.569772 496.352615 490.003771 483.520287 476.899211 470.137611 463.232589 456.181293 448.980939 441.628831 434.122385 426.459151 418.636850 410.653400 402.506960 394.195965 385.719175 377.075727 368.265187 359.287615 350.143629 340.834481 331.362134 321.729346 311.939763 301.998018 291.909827 281.682100 271.323049 260.842305 250.251022 239.561997 228.789771 217.950731 207.063197 196.147492 185.226000 174.323184 163.465587 152.681790 142.002325 131.459542 121.087431 110.921376 100.997859 91.354105 82.027672 73.055992 64.475862 56.322919 48.631082 41.431999 34.754514 28.624156 23.062692
542.390313 536.832792 531.156163 525.357374 519.433326 513.380874 507.196838 500.878002 494.421132 487.822979 481.080292 474.189831 467.148384 459.952781 452.599919 445.086778 437.410453 429.568179 421.557367 413.375639 405.020870 396.491237 387.785268 378.901900 369.840544 360.601157 351.184315 341.591300 331.824192 321.885968 311.780606 301.513201 291.090082 280.518940 269.808955 258.970928 248.017414 236.962852 225.823686 214.618481 203.368021 192.095387 180.826008 169.587682 158.410552 147.327035 136.371704 125.581100 114.993484 104.648519 94.586879 84.849798 75.478546 66.513855 57.995304 49.960679 42.445314 35.481467 29.097715 23.318416
553.247824 547.741967 542.115219 536.364331 530.485992 524.476829 518.333416 512.052276 505.629892 499.062711 492.347158 485.479645 478.456590 471.274426 463.929627 456.418722 448.738328 440.885174 432.856131 424.648255 416.258824 407.685386 398.925813 389.978357 380.841721 371.515127 361.998399 352.292056 342.397402 332.316640 322.052987 311.610795 300.995685 290.214691 279.276404 268.191127 256.971029 245.630300 234.185304 222.654722 211.059682 199.423870 187.773611 176.137922 164.548513 153.039744 141.648512 130.414077 119.377806 108.582835 98.073651 87.895581 78.094209 68.714722 59.801191 51.395827 43.538209 36.264537 29.606914 23.592702
564.358863 558.911522 553.341711 547.645988 541.820832 535.862645 529.767757 523.532427 517.152855 510.625183 503.945508 497.109890 490.114366 482.954966 475.627725 468.128712 460.454043 452.599919 444.562648 436.338686 427.924679 419.317505 410.514330 401.512668 392.310447 382.906086 373.298578 363.487584 353.473537 343.257757 332.842577 322.231474 311.429223 300.442048 289.277795 277.946102 266.458580 254.829003 243.073483 231.210656 219.261846 207.251213 195.205878 183.156009 171.134862 159.178766 147.327035 135.621807 124.107790 112.831908 101.842850 91.190508 80.925322 71.097527 61.756328 52.949021 44.720088 37.110300 30.155860 23.887628
575.726606 570.344910 564.839391 559.206418 553.442266 547.543113 541.505048 535.324071 528.996098 522.516967 515.882445 509.088236 502.129994 495.003335 487.703851 480.227132 472.568783 464.724454 456.689867 448.460852 440.033386 431.403636 422.568019 413.523253 404.266430 394.795093 385.107320 375.201826 365.078066 354.736361 344.178030 333.405536 322.422650 311.234624 299.848375 288.272688 276.518423 264.598730 252.529273 240.328440 228.017564 215.621109 203.166846 190.685989 178.213278 165.787007 153.448974 141.244342 129.221393 117.431169 105.926986 94.763828 83.997599 73.684271 63.878929 54.634734 46.001852 38.026378 30.749308 24.205594
587.353995 582.045345 576.611767 571.049447 565.354459 559.522768 553.550224 547.432572 541.165447 534.744386 528.164828 521.422120 514.511531 507.428260 500.167448 492.724197 485.093589 477.270708 469.250668 461.028645 452.599919 443.959910 435.104237 426.028772 416.729710 407.203644 397.447659 387.459423 377.237308 366.780515 356.089212 345.164696 334.009568 322.627920 311.025545 299.210160 287.191648 274.982303 262.597093 250.053923 237.373897 224.581564 211.705151 198.776756 185.832494 172.912579 160.061324 147.327035 134.761796 122.421104 110.363366 98.649229 87.340758 76.500456 66.190158 56.469811 47.396199 39.021652 31.392790 24.549384
599.243709 594.015774 588.662073 583.178621 577.561298 571.805860 565.907930 559.863000 553.666435 547.313474 540.799229 534.118697 527.266762 520.238204 513.027711 505.629892 498.039296 490.250428 482.257780 474.055852 465.639198 457.002459 448.140414 439.048039 429.720573 420.153592 410.343100 400.285630 389.978357 379.419237 368.607144 357.542051 346.225204 334.659337 322.848901 310.800306 298.522200 286.025748 273.324943 260.436915 247.382250 234.185304 220.874503 207.482605 194.046929 180.609501 167.217128 153.921346 140.778243 127.848112 115.194933 102.885657 90.989288 79.575775 68.714722 58.473957 48.918004 40.106522 32.092778 24.922244
611.398148 606.258853 600.993248 595.597181 590.066354 584.396321 578.582484 572.620098 566.504262 560.229925 553.791883 547.184786 540.403137 533.441302 526.293517 518.953897 511.416452 503.675104 495.723705 487.556068 479.165997 470.547323 461.693952 452.599919 443.259449 433.667036 423.817525 413.706217 403.328985 392.682408 381.763925 370.572007 359.106363 347.368152 335.360240 323.087468 310.556961 297.778445 284.764607 271.531458 258.098718 244.490203 230.734203 216.863840 202.917380 188.938481 174.976352 161.085784 147.327035 133.765520 120.471298 107.518314 94.983388 82.944966 71.481619 60.670355 50.584790 41.293247 32.856891 25.327987
623.819403 618.776923 613.607902 608.308034 602.872853 597.297724 591.577843 585.708236 579.683749 573.499052 567.148636 560.626813 553.927715 547.045301 539.973360 532.705517 525.235245 517.555877 509.660625 501.542599 493.194838 484.610343 475.782115 466.703207 457.366786 447.766198 437.895057 427.747344 417.317518 406.600659 395.592615 384.290191 372.691352 360.795457 348.603530 336.118555 323.345809 310.293232 296.971826 283.396079 269.584428 255.559721 241.349694 226.987434 212.511803 197.967808 183.406875 168.886994 154.472693 140.234804 126.249971 112.599872 99.370126 86.648875 74.525063 63.086432 52.417324 42.596365 33.694156 25.771109
636.509237 631.571981 626.508290 621.313718 615.983641 610.513254 604.897560 599.131369 593.209290 587.125731 580.874889 574.450753 567.847098 561.057488 554.075274 546.893601 539.505412 531.903455 524.080301 516.028356 507.739885 499.207040 490.421899 481.376501 472.062912 462.473279 452.599919 442.435405 431.972684 421.205210 410.127097 398.733306 387.019855 374.984066 362.624845 349.943007 336.941634 323.626487 310.006449 296.094026 281.905870 267.463348 252.793121 237.927728 222.906154 207.774342 192.585626 177.401019 162.289330 147.327035 132.597851 118.191964 104.204868 90.735780 77.885659 65.754843 54.440387 44.033234 34.615342 26.256965
649.469057 644.645659 639.696287 634.616373 629.401154 624.045668 618.544744 612.892995 607.084811 601.114354 594.975547 588.662073 582.167369 575.484620 568.606757 561.526458 554.236150 546.728009 538.993970 531.025741 522.814812 514.352484 505.629892 496.638047 487.367878 477.810294 467.956253 457.796850 447.323426 436.527693 425.401889 413.938958 402.132768 389.978357 377.472234 364.612711 351.400297 337.838140 323.932530 309.693450 295.135196 280.277035 265.143912 249.767174 234.185304 218.444612 202.599862 186.714762 170.862267 155.124619 139.593039 124.367009 109.553063 95.263058 81.611891 68.714722 56.683753 45.624738 35.633395 26.791964
662.699896 657.999193 653.173357 648.217714 643.127381 637.897261 632.522026 626.996114 621.313718 615.468774 609.454957 603.265665 596.894019 590.332848 583.574686 576.611767 569.436019 562.039067 554.412229 546.546523 538.432677 530.061144 521.422120 512.505572 503.301278 493.798875 483.987921 473.857973 463.398683 452.599919 441.451910 429.945423 418.071971 405.824070 393.195537 380.181841 366.780515 352.991631 338.818350 324.267538 309.350468 294.083583 278.489340 262.597093 246.444016 230.076020 213.548613 196.927654 180.289916 163.723361 147.327035 131.210466 115.492473 100.299297 85.762025 72.013306 59.183470 47.396199 36.764010 27.383856
676.202385 671.633402 666.940525 662.118996 657.163834 652.069825 646.831511 641.443179 635.898847 630.192255 624.316853 618.265785 612.031880 605.607644 598.985239 592.156486 585.112843 577.845409 570.344910 562.601703 554.605773 546.346740 537.813871 528.996098 519.882044 510.460060 500.718276 490.644666 480.227132 469.453610 458.312207 446.791361 434.880046 422.568019 409.846119 396.706622 383.143668 369.153762 354.736361 339.894551 324.635829 308.972979 292.925049 276.518423 259.787953 242.778137 225.544279 208.153569 190.685989 173.234933 155.907401 138.823621 122.115963 105.926986 90.406562 75.708040 61.983543 49.378593 38.026378 28.042085
689.976736 685.548663 680.998355 676.320990 671.511513 666.564620 661.474746 656.236055 650.842422 645.287418 639.564298 633.665986 627.585055 621.313718 614.843805 608.166757 601.273601 594.154945 586.800962 579.201379 571.345473 563.222064 554.819516 546.125747 537.128237 527.814057 518.169903 508.182143 497.836890 487.120085 476.017618 464.515473 452.599919 440.257736 427.476512 414.244987 400.553490 386.394446 371.763000 356.657743 341.081560 325.042621 308.555500 291.642431 274.334690 256.674067 238.714380 220.522970 202.182051 183.789800 165.461000 147.327035 129.535034 112.245953 95.631433 79.869355 65.138166 51.610170 39.444207 28.778279
704.022715 699.744886 695.346918 690.823949 686.170876 681.382332 676.452677 671.375980 666.146003 660.756185 655.199624 649.469057 643.556843 637.454942 631.154896 624.647808 617.924321 610.974599 603.788308 596.354595 588.662073 580.698809 572.452309 563.909513 555.056796 545.879976 536.364331 526.494629 516.255179 505.629892 494.602382 483.156086 471.274426 458.941024 446.139963 432.856131 419.075631 404.786305 389.978357 374.645122 358.783973 342.397402 325.494283 308.091321 290.214691 271.901840 253.203427 234.185304 214.930449 195.540678 176.137922 156.864813 137.884276 119.377806 101.542172 84.584355 68.714722 54.138646 41.047093 29.606914
718.339628 714.221494 709.985770 705.627584 701.141809 696.523047 691.765613 686.863516 681.810443 676.599736 671.224376 665.676959 659.949672 654.034271 647.922059 641.603856 635.069972 628.310187 621.313718 614.069191 606.564621 598.787380 590.724178 582.361040 573.683293 564.675553 555.321725 545.605014 535.507943 525.012399 514.099695 502.750667 490.945798 478.665404 465.889862 452.599919 438.777080 424.404111 409.465657 393.949019 377.845102 361.149571 343.864233 325.998671 307.572144 288.615756 269.174854 249.311605 229.107640 208.666581 188.116206 167.609906 147.327035 127.471685 108.269442 89.961768 72.797868 57.024229 42.872426 30.546224
732.926298 728.977401 724.913932 720.731035 716.423595 711.986211 707.413189 702.698515 697.835839 692.818450 687.639257 682.290759 676.765026 671.053664 665.147791 659.038006 652.714354 646.166294 639.382665 632.351651 625.060741 617.496696 609.645509 601.492375 593.021653 584.216839 575.060544 565.534476 555.619436 545.295330 534.541198 523.335269 511.655052 499.477469 486.779044 473.536158 459.725401 445.324019 430.310513 414.665390 398.372117 381.418321 363.797255 345.509595 326.565589 306.987581 286.812924 266.097229 244.917860 223.377504 201.607515 179.770647 158.062600 136.711760 115.976388 96.138667 77.495167 60.343825 44.968072 31.619490
747.781049 744.010992 740.129863 736.132854 732.014890 727.770606 723.394335 718.880079 714.221494 709.411863 704.444070 699.310574 694.003379 688.514005 682.833450 676.952159 670.859986 664.546148 657.999193 651.206945 644.156464 636.833997 629.224926 621.313718 613.083875 604.517888 595.597181 586.302080 576.611767 566.504262 555.956414 544.943906 533.441302 521.422120 508.858961 495.723705 481.987784 467.622575 452.599919 436.892827 420.476394 403.328985 385.433749 366.780515 347.368152 327.207432 306.324450 284.764607 262.597093 239.919724 216.863840 193.598796 170.335346 147.327035 124.868512 103.289700 82.944966 64.197021 47.396199 32.856891
762.901695 759.320110 755.631446 751.830976 747.913698 743.874321 739.707242 735.406525 730.965877 726.378623 721.637676 716.735513 711.664134 706.415038 700.979176 695.346918 689.508006 683.451509 677.165775 670.638374 663.856048 656.804644 649.469057 641.833160 633.879739 625.590418 616.945590 607.924348 598.504414 588.662073 578.372129 567.607853 556.340976 544.541693 532.178718 519.219397 505.629892 491.375472 476.420934 460.731206 444.272170 427.011774 408.921513 389.978357 370.167231 349.484148 327.940101 305.565774 282.417112 258.581639 234.185304 209.399335 184.446305 159.604214 135.207027 111.639917 89.327590 68.714722 50.238890 34.298206
778.285519 774.902035 771.415968 767.822703 764.117349 760.294725 756.349338 752.275356 748.066585 743.716447 739.217942 734.563622 729.745557 724.755291 719.583811 714.221494 708.658066 702.882544 696.883185 690.647424 684.161807 677.411920 670.382317 663.056435 655.416508 647.443477 639.116894 630.414818 621.313718 611.788363 601.811727 591.354890 580.386956 568.874985 556.783967 544.076822 530.714479 516.656034 501.859034 486.279921 469.874704 452.599919 434.413978 415.279016 395.163367 374.044841 351.914963 328.784339 304.689307 279.699897 253.928982 227.542192 200.767724 173.904571 147.327035 121.482779 96.881495 74.071892 53.606518 35.996893
793.929270 790.753478 787.480107 784.104688 780.622480 777.028451 773.317260 769.483228 765.520314 761.422088 757.181700 752.791844 748.244726 743.532022 738.644831 733.573635 728.308241 722.837725 717.150376 711.233618 705.073947 698.656843 691.966685 684.986656 677.698639 670.083106 662.118996 653.783587 645.052359 635.898847 626.294494 616.208495 605.607644 594.456184 582.715681 570.344910 557.299796 543.533416 528.996098 513.635665 497.397872 480.227132 462.067607 442.864832 422.568019 401.133259 378.527899 354.736361 329.767724 303.665314 276.518423 248.475935 219.761124 190.685989 161.662362 133.205757 105.926986 80.506752 57.650612 38.026378
809.829150 806.870568 803.819923 800.672925 797.425022 794.071375 790.606838 787.025935 783.322830 779.491303 775.524713 771.415968 767.157487 762.741154 758.158279 753.399542 748.454941 743.313731 737.964359 732.394387 726.590414 720.537984 714.221494 707.624080 700.727500 693.512005 685.956196 678.036865 669.728829 661.004741 651.834893 642.187001 632.025982 621.313718 610.008817 598.066383 585.437795 572.070529 557.908038 542.889740 526.951153 510.024280 492.038322 472.920892 452.599919 431.006510 408.079111 383.769412 358.050486 330.927736 302.453140 272.743043 241.999178 210.531477 178.779515 147.327035 116.901635 88.350392 62.584159 40.490113
825.980813 823.248848 820.430845 817.522733 814.520187 811.418602 808.213076 804.898384 801.468952 797.918827 794.241647 790.430604 786.478407 782.377240 778.118713 773.693811 769.092839 764.305357 759.320110 754.124949 748.706748 743.051306 737.143243 730.965877 724.501099 717.729220 710.628814 703.176535 695.346918 687.112153 678.441846 669.302743 659.658440 649.469057 638.690897 627.276077 615.172148 602.321715 588.662073 574.124887 558.635969 542.115219 524.476829 505.629892 485.479645 463.929627 440.885174 416.258824 389.978357 361.998399 332.316640 300.995685 268.191127 234.185304 199.423870 164.548513 130.414077 98.073651 68.714722 43.538209
842.379357 839.883267 837.307673 834.648759 831.902464 829.064463 826.130144 823.094586 819.952531 816.698357 813.326046 809.829150 806.200750 802.433417 798.519160 794.449381 790.214810 785.805444 781.210473 776.418205 771.415968 766.190018 760.725420 755.005930 749.013847 742.729856 736.132854 729.199746 721.905220 714.221494 706.118031 697.561218 688.514005 678.935507 668.780554 657.999193 646.536149 634.330233 621.313718 607.411691 592.541418 576.611767 559.522768 541.165447 521.422120 500.167448 477.270708 452.599919 426.028772 397.447659 366.780515 334.009568 299.210160 262.597093 224.581564 185.832494 147.327035 110.363366 76.500456 47.396199
859.019330 856.768186 854.444573 852.044968 849.565613 847.002506 844.351373 841.607648 838.766447 835.822540 832.770324 829.603782 826.316452 822.901384 819.351089 815.657494 811.811881 807.804820 803.626104 799.264662 794.708471 789.944453 784.958365 779.734659 774.256347 768.504827 762.459697 756.098544 749.396695 742.326943 734.859230 726.960285 718.593214 709.717023 700.286088 690.249538 679.550560 668.125616 655.903558 642.804648 628.739493 613.607902 597.297724 579.683749 560.626813 539.973360 517.555877 493.194838 466.703207 437.895057 406.600659 372.691352 336.118555 296.971826 255.559721 212.511803 168.886994 126.249971 86.648875 52.417324
