avaframe/data/Helix/Inputs/myDEM_HX_Topo.asc
ncols  601
nrows  601
xllcorner  1000.00
yllcorner -5000.00
cellsize  5
nodata_value -9999.00
[rows 405 to 431 of 601, columns 120 to 179 of 601]
291.598765 289.937568 288.272688 286.604159 284.932018 283.256300 281.577043 279.894285 278.208064 276.518423 274.825401 273.129041 271.429386 269.726482 268.020373 266.311107 264.598730 262.883293 261.164845 259.443437 257.719121 255.991952 254.261984 252.529273 250.793875 249.055850 247.315257 245.572157 243.826611 242.078684 240.328440 238.575945 236.821266 235.064472 233.305633 231.544820 229.782106 228.017564 226.251270 224.483301 222.713734 220.942650 219.170130 217.396254 215.621109 213.844777 212.067347 210.288906 208.509544 206.729351 204.948421 203.166846 201.384723 199.602148 197.819220 196.036038 194.252703 192.469319 190.685989 188.902820
293.133126 291.466857 289.796835 288.123096 286.445675 284.764607 283.079929 281.391679 279.699897 278.004621 276.305894 274.603758 272.898254 271.189429 269.477326 267.761993 266.043477 264.321827 262.597093 260.869325 259.138576 257.404899 255.668349 253.928982 252.186854 250.442024 248.694552 246.944497 245.191924 243.436893 241.679471 239.919724 238.157718 236.393522 234.627206 232.858842 231.088502 229.316260 227.542192 225.766375 223.988887 222.209808 220.429218 218.647201 216.863840 215.079222 213.293432 211.506559 209.718694 207.929927 206.140351 204.350062 202.559154 200.767724 198.975873 197.183699 195.391306 193.598796 191.806274 190.013847
294.680046 293.008716 291.333565 289.654625 287.971933 286.285524 284.595433 282.901699 281.204361 279.503458 277.799031 276.091121 274.379772 272.665027 270.946932 269.225533 267.500877 265.773012 264.041989 262.307857 260.570670 258.830480 257.087341 255.341310 253.592444 251.840799 250.086437 248.329416 246.569801 244.807653 243.043038 241.276021 239.506670 237.735053 235.961241 234.185304 232.407316 230.627351 228.845484 227.061793 225.276355 223.489251 221.700563 219.910372 218.118764 216.325824 214.531638 212.736297 210.939891 209.142510 207.344248 205.545201 203.745464 201.945135 200.144314 198.343101 196.541599 194.739912 192.938146 191.136407
296.239642 294.563265 292.882995 291.198867 289.510915 287.819173 286.123679 284.424469 282.721583 281.015058 279.304936 277.591258 275.874067 274.153406 272.429320 270.701856 268.971059 267.236979 265.499665 263.759168 262.015538 260.268830 258.519097 256.766396 255.010782 253.252314 251.491051 249.727053 247.960384 246.191105 244.419282 242.644980 240.868266 239.089210 237.307882 235.524352 233.738694 231.950982 230.161292 228.369700 226.576286 224.781130 222.984312 221.185917 219.386029 217.584733 215.782118 213.978272 212.173285 210.367251 208.560263 206.752416 204.943806 203.134533 201.324695 199.514395 197.703735 195.892821 194.081758 192.270653
297.812034 296.130622 294.445248 292.755943 291.062741 289.365679 287.664791 285.960114 284.251687 282.539548 280.823738 279.104298 277.381269 275.654696 273.924622 272.191094 270.454159 268.713863 266.970257 265.223391 263.473317 261.720086 259.963754 258.204376 256.442008 254.676708 252.908535 251.137550 249.363814 247.587392 245.808346 244.026744 242.242652 240.456139 238.667275 236.876132 235.082783 233.287301 231.489764 229.690247 227.888830 226.085593 224.280617 222.473987 220.665787 218.856102 217.045022 215.232635 213.419032 211.604305 209.788550 207.971861 206.154335 204.336073 202.517173 200.697737 198.877871 197.057678 195.237265 193.416742
299.397341 297.710910 296.020444 294.325975 292.627537 290.925165 289.218894 287.508760 285.794802 284.077057 282.355566 280.630369 278.901509 277.169027 275.432970 273.693381 271.950308 270.203798 268.453901 266.700665 264.944143 263.184387 261.421452 259.655391 257.886262 256.114122 254.339031 252.561048 250.780236 248.996657 247.210376 245.421459 243.629973 241.835986 240.039569 238.240794 236.439732 234.636459 232.831050 231.023584 229.214137 227.402792 225.589631 223.774735 221.958191 220.140085 218.320505 216.499541 214.677284 212.853827 211.029264 209.203692 207.377208 205.549911 203.721903 201.893285 200.064163 198.234641 196.404827 194.574831
300.995685 299.304250 297.608707 295.909088 294.205427 292.497758 290.786115 289.070535 287.351055 285.627713 283.900550 282.169604 280.434918 278.696534 276.954497 275.208852 273.459644 271.706921 269.950732 268.191127 266.428156 264.661873 262.892330 261.119582 259.343687 257.564701 255.782683 253.997694 252.209794 250.419048 248.625519 246.829273 245.030378 243.228901 241.424913 239.618486 237.809692 235.998606 234.185304 232.369863 230.552363 228.732883 226.911506 225.088316 223.263398 221.436838 219.608725 217.779148 215.948201 214.115975 212.282565 210.448069 208.612583 206.776208 204.939046 203.101198 201.262771 199.423870 197.584603 195.745080
302.607187 300.910764 299.210160 297.505407 295.796537 294.083583 292.366581 290.645567 288.920576 287.191648 285.458821 283.722134 281.981630 280.237351 278.489340 276.737642 274.982303 273.223370 271.460891 269.694916 267.925496 266.152683 264.376530 262.597093 260.814426 259.028588 257.239636 255.447632 253.652636 251.854712 250.053923 248.250336 246.444016 244.635034 242.823459 241.009362 239.192816 237.373897 235.552679 233.729241 231.903661 230.076020 228.246401 226.414887 224.581564 222.746518 220.909839 219.071616 217.231941 215.390909 213.548613 211.705151 209.860622 208.015125 206.168763 204.321639 202.473858 200.625528 198.776756 196.927654
304.231970 302.530578 300.824929 299.115057 297.400993 295.682770 293.960422 292.233986 290.503497 288.768992 287.030512 285.288094 283.541780 281.791612 280.037633 278.279888 276.518423 274.753283 272.984517 271.212174 269.436305 267.656962 265.874198 264.088067 262.298625 260.505929 258.710038 256.911011 255.108911 253.303798 251.495739 249.684797 247.871041 246.054538 244.235359 242.413575 240.589259 238.762486 236.933331 235.101873 233.268189 231.432362 229.594474 227.754608 225.912850 224.069287 222.224009 220.377104 218.528667 216.678791 214.827570 212.975103 211.121488 209.266826 207.411220 205.554772 203.697590 201.839780 199.981453 198.122718
305.870160 304.163815 302.453140 300.738166 299.018924 297.295446 295.567768 293.835923 292.099948 290.359880 288.615756 286.867617 285.115503 283.359455 281.599516 279.835731 278.068143 276.296801 274.521751 272.743043 270.960727 269.174854 267.385477 265.592651 263.796431 261.996873 260.194037 258.387981 256.578768 254.766458 252.951118 251.132811 249.311605 247.487568 245.660769 243.831282 241.999178 240.164531 238.327419 236.487918 234.646108 232.802070 230.955885 229.107640 227.257418 225.405307 223.551397 221.695778 219.838543 217.979786 216.119602 214.258089 212.395347 210.531477 208.666581 206.800764 204.934133 203.066794 201.198859 199.330439
307.521880 305.810603 304.094920 302.374861 300.650458 298.921743 297.188749 295.451511 293.710064 291.964444 290.214691 288.460841 286.702937 284.941018 283.175127 281.405308 279.631606 277.854067 276.072738 274.287667 272.498906 270.706504 268.910515 267.110992 265.307991 263.501569 261.691783 259.878693 258.062360 256.242845 254.420214 252.594531 250.765863 248.934279 247.099847 245.262640 243.422730 241.580192 239.735102 237.887538 236.037578 234.185304 232.330799 230.474146 228.615431 226.754743 224.892170 223.027803 221.161735 219.294060 217.424876 215.554278 213.682368 211.809247 209.935018 208.059785 206.183656 204.306740 202.429147 200.550989
309.187256 307.471068 305.750396 304.025273 302.295727 300.561791 298.823498 297.080882 295.333978 293.582821 291.827450 290.067903 288.304219 286.536440 284.764607 282.988763 281.208953 279.425223 277.637620 275.846192 274.050988 272.252060 270.449460 268.643241 266.833458 265.020168 263.203429 261.383299 259.559840 257.733114 255.903184 254.070115 252.233974 250.394830 248.552751 246.707809 244.860077 243.009630 241.156543 239.300894 237.442763 235.582230 233.719378 231.854292 229.987057 228.117761 226.246494 224.373346 222.498412 220.621785 218.743561 216.863840 214.982722 213.100307 211.216700 209.332007 207.446334 205.559791 203.672488 201.784540
310.866417 309.145338 307.419699 305.689530 303.954861 302.215723 300.472149 298.724171 296.971826 295.215147 293.454173 291.688941 289.919491 288.145862 286.368097 284.586238 282.800329 281.010416 279.216545 277.418764 275.617122 273.811671 272.002461 270.189547 268.372982 266.552823 264.729128 262.901955 261.071366 259.237421 257.400184 255.559721 253.716097 251.869381 250.019642 248.166951 246.311382 244.453008 242.591906 240.728153 238.861829 236.993014 235.121792 233.248246 231.372463 229.494531 227.614540 225.732580 223.848745 221.963129 220.075831 218.186948 216.296580 214.404831 212.511803 210.617603 208.722339 206.826121 204.929059 203.031268
312.559490 310.833543 309.102959 307.367766 305.627993 303.883672 302.134835 300.381515 298.623745 296.861560 295.094998 293.324096 291.548892 289.769427 287.985741 286.197877 284.405878 282.609790 280.809659 279.005532 277.197458 275.385487 273.569671 271.750063 269.926717 268.099689 266.269036 264.434817 262.597093 260.755924 258.911374 257.063508 255.212392 253.358094 251.500683 249.640230 247.776808 245.910492 244.041357 242.169481 240.294944 238.417825 236.538209 234.656179 232.771821 230.885225 228.996479 227.105675 225.212907 223.318269 221.421859 219.523776 217.624120 215.722994 213.820503 211.916752 210.011851 208.105909 206.199038 204.291353
314.266604 312.535813 310.800306 309.060111 307.315257 305.565774 303.811694 302.053049 300.289873 298.522200 296.750066 294.973509 293.192566 291.407277 289.617683 287.823826 286.025748 284.223495 282.417112 280.606646 278.792145 276.973660 275.151242 273.324943 271.494818 269.660921 267.823310 265.982044 264.137181 262.288784 260.436915 258.581639 256.723023 254.861133 252.996039 251.127811 249.256524 247.382250 245.505065 243.625048 241.742277 239.856833 237.968800 236.078262 234.185304 232.290016 230.392487 228.492808 226.591074 224.687380 222.781823 220.874503 218.965519 217.054976 215.142979 213.229633 211.315048 209.399335 207.482605 205.564975
315.987890 314.252280 312.511874 310.766701 309.016787 307.262164 305.502862 303.738912 301.970349 300.197206 298.419518 296.637322 294.850656 293.059559 291.264070 289.464232 287.660087 285.851679 284.039053 282.222257 280.401338 278.576345 276.747330 274.914344 273.077442 271.236678 269.392109 267.543794 265.691791 263.836162 261.976970 260.114279 258.248154 256.378663 254.505876 252.629863 250.750696 248.868450 246.983200 245.095024 243.204001 241.310212 239.413740 237.514670 235.613087 233.709080 231.802739 229.894156 227.983425 226.070641 224.155902 222.239308 220.320959 218.400958 216.479413 214.556428 212.632114 210.706582 208.779945 206.852318
317.723479 315.983076 314.237797 312.487668 310.732720 308.972979 307.208477 305.439244 303.665314 301.886720 300.103497 298.315680 296.523307 294.726417 292.925049 291.119244 289.309044 287.494493 285.675636 283.852519 282.025189 280.193696 278.358090 276.518423 274.674748 272.827119 270.975594 269.120230 267.261086 265.398223 263.531704 261.661592 259.787953 257.910854 256.030364 254.146555 252.259497 250.369265 248.475935 246.579584 244.680291 242.778137 240.873205 238.965580 237.055347 235.142596 233.227416 231.309900 229.390140 227.468234 225.544279 223.618374 221.690621 219.761124 217.829989 215.897322 213.963235 212.027837 210.091243 208.153569
319.473503 317.728334 315.978208 314.223151 312.463191 310.698357 308.928678 307.154185 305.374910 303.590885 301.802146 300.008728 298.210666 296.408000 294.600768 292.789011 290.972771 289.152090 287.327013 285.497585 283.663855 281.825870 279.983680 278.137338 276.286895 274.432406 272.573927 270.711516 268.845231 266.975132 265.101283 263.223746 261.342588 259.457874 257.569674 255.678058 253.783098 251.884868 249.983444 248.078902 246.171322 244.260785 242.347373 240.431171 238.512266 236.590745 234.666699 232.740221 230.811403 228.880343 226.947137 225.011887 223.074694 221.135661 219.194895 217.252504 215.308598 213.363288 211.416689 209.468918
321.238095 319.488188 317.733243 315.973284 314.208340 312.438438 310.663607 308.883876 307.099279 305.309846 303.515612 301.716612 299.912881 298.104457 296.291378 294.473685 292.651419 290.824622 288.993338 287.157613 285.317493 283.473026 281.624261 279.771250 277.914046 276.052701 274.187272 272.317816 270.444391 268.567057 266.685877 264.800913 262.912230 261.019896 259.123978 257.224548 255.321676 253.415436 251.505904 249.593157 247.677274 245.758336 243.836425 241.911625 239.984024 238.053710 236.120772 234.185304 232.247399 230.307153 228.364665 226.420034 224.473364 222.524757 220.574321 218.622163 216.668394 214.713127 212.756476 210.798558
323.017391 321.262775 319.503039 317.738207 315.968306 314.193362 312.413404 310.628462 308.838565 307.043748 305.244041 303.439480 301.630100 299.815937 297.997031 296.173419 294.345144 292.512246 290.674770 288.832760 286.986261 285.135323 283.279993 281.420323 279.556364 277.688170 275.815796 273.939298 272.058736 270.174167 268.285655 266.393262 264.497052 262.597093 260.693452 258.786199 256.875406 254.961146 253.043495 251.122530 249.198328 247.270972 245.340543 243.407126 241.470808 239.531677 237.589822 235.645337 233.698316 231.748855 229.797052 227.843007 225.886823 223.928605 221.968458 220.006493 218.042818 216.077548 214.110797 212.142683
324.811524 323.052231 321.287735 319.518059 317.743228 315.963270 314.178213 312.388084 310.592915 308.792736 306.987581 305.177481 303.362474 301.542593 299.717878 297.888367 296.054100 294.215118 292.371465 290.523184 288.670321 286.812924 284.951040 283.084720 281.214015 279.338979 277.459666 275.576132 273.688434 271.796634 269.900790 268.000967 266.097229 264.189641 262.278272 260.363190 258.444469 256.522179 254.596398 252.667201 250.734667 248.798877 246.859914 244.917860 242.972804 241.024833 239.074038 237.120511 235.164346 233.205639 231.244490 229.280998 227.315266 225.347399 223.377504 221.405689 219.432067 217.456749 215.479852 213.501493
326.620631 324.856694 323.087468 321.312979 319.533249 317.748307 315.958178 314.162890 312.362475 310.556961 308.746380 306.930767 305.110154 303.284578 301.454076 299.618685 297.778445 295.933397 294.083583 292.229048 290.369835 288.505991 286.637566 284.764607 282.887166 281.005296 279.119051 277.228486 275.333660 273.434630 271.531458 269.624205 267.712937 265.797718 263.878617 261.955702 260.029044 258.098718 256.164796 254.227357 252.286477 250.342239 248.394724 246.444016 244.490203 242.533371 240.573611 238.611017 236.645681 234.677701 232.707175 230.734203 228.758889 226.781337 224.801655 222.819952 220.836339 218.850930 216.863840 214.875189
328.444851 326.676302 324.902380 323.123108 321.338511 319.548614 317.753443 315.953026 314.147391 312.336569 310.520591 308.699488 306.873295 305.042046 303.205779 301.364529 299.518337 297.667242 295.811286 293.950512 292.084965 290.214691 288.339736 286.460151 284.575986 282.687292 280.794123 278.896535 276.994585 275.088331 273.177833 271.263153 269.344355 267.421505 265.494668 263.563916 261.629317 259.690946 257.748875 255.803183 253.853946 251.901246 249.945165 247.985786 246.023195 244.057482 242.088737 240.117050 238.142518 236.165237 234.185304 232.202822 230.217892 228.230620 226.241114 224.249482 222.255838 220.260294 218.262967 216.263975
330.284320 328.511194 326.732610 324.948590 323.159158 321.364338 319.564156 317.758639 315.947815 314.131713 312.310363 310.483798 308.652050 306.815154 304.973144 303.126059 301.273935 299.416814 297.554735 295.687742 293.815878 291.939188 290.057720 288.171522 286.280644 284.385138 282.485056 280.580453 278.671386 276.757914 274.840094 272.917990 270.991665 269.061182 267.126610 265.188017 263.245473 261.299051 259.348824 257.394869 255.437265 253.476090 251.511428 249.543362 247.571977 245.597364 243.619610 241.638810 239.655056 237.668446 235.679079 233.687055 231.692477 229.695451 227.696084 225.694486 223.690769 221.685047 219.677438 217.668060
332.139179 330.361512 328.578301 326.789568 324.995334 323.195625 321.390464 319.579878 317.763895 315.942543 314.115852 312.283852 310.446576 308.604057 306.756331 304.903434 303.045402 301.182276 299.314095 297.440902 295.562740 293.679652 291.791687 289.898891 288.001315 286.099008 284.192024 282.280416 280.364242 278.443557 276.518423 274.588899 272.655048 270.716935 268.774627 266.828192 264.877699 262.923221 260.964832 259.002608 257.036625 255.066965 253.093709 251.116941 249.136746 247.153213 245.166432 243.176495 241.183496 239.187532 237.188702 235.187107 233.182849 231.176035 229.166771 227.155169 225.141340 223.125400 221.107464 219.087653
334.009568 332.227398 330.439597 328.646185 326.847186 325.042621 323.232515 321.416894 319.595784 317.769213 315.937210 314.099805 312.257029 310.408916 308.555500 306.696815 304.832900 302.963793 301.089532 299.210160 297.325719 295.436253 293.541808 291.642431 289.738170 287.829077 285.915204 283.996603 282.073330 280.145443 278.213000 276.276062 274.334690 272.388950 270.438907 268.484630 266.526186 264.563650 262.597093 260.626591 258.652223 256.674067 254.692205 252.706721 250.717701 248.725232 246.729404 244.730309 242.728042 240.722700 238.714380 236.703185 234.689217 232.672582 230.653388 228.631744 226.607765 224.581564 222.553259 220.522970
335.895628 334.108994 332.316640 330.518589 328.714860 326.905476 325.090460 323.269838 321.443634 319.611877 317.774593 315.931814 314.083568 312.229889 310.370811 308.506367 306.636594 304.761530 302.881213 300.995685 299.104987 297.209162 295.308256 293.402315 291.491388 289.575524 287.654774 285.729193 283.798833 281.863753 279.924011 277.979665 276.030779 274.077415 272.119640 270.157521 268.191127 266.220529 264.245801 262.267017 260.284255 258.297595 256.307117 254.312905 252.315044 250.313623 248.308730 246.300458 244.288902 242.274157 240.256323 238.235500 236.211792 234.185304 232.156145 230.124425 228.090256 226.053755 224.015038 221.974226
