benchmarks/avaHockeyChannelEntTestPy/release1HS_72810b82a3_ent_ref_pfv.asc
ncols 1001
nrows 401
xllcenter 1000.00
yllcenter -5000.00
cellsize 5.00
nodata_value -9999.00
[rows 207 to 229 of 401, columns 53 to 105 of 1001]
21.78632653339634 21.91150921646278 22.03735654476974 22.1524809880632 22.25654454864562 22.36122705526351 22.45441747709432 22.54354928327546 22.63038022287719 22.7139273604069 22.79475637451982 22.87854806872521 22.95542709971635 23.02707945716874 23.10727976114369 23.16632216787843 23.22916215839599 23.29134565397549 23.3441555172118 23.40591171225101 23.4551470158026 23.52107382194159 23.58939728185813 23.66361251679849 23.73333748721593 23.80402619301107 23.87428346212677 23.94232727812069 24.00929381432054 24.08189764649557 24.15062476735225 24.22477977404223 24.30195906897384 24.38144417632225 24.46543772300858 24.54511842962742 24.63319526201328 24.71189316178811 24.79724580995708 24.88239875401869 24.96363869231856 25.05665619947165 25.13958655490181 25.23429245886002 25.33356363955614 25.43118633011919 25.54234762855585 25.64700957313122 25.75815249175221 25.87297718438226 25.98789181037491 26.11016549974344 26.22946164608583
21.71021847443016 21.83679396441858 21.9557761231342 22.06638423002673 22.17485805392751 22.28800631053788 22.38918893271514 22.48458337025797 22.5756253907959 22.66391355952485 22.7436231739387 22.82427936732489 22.89772613333744 22.96196888625568 23.03209890431411 23.08710285877906 23.15216890546714 23.2207543543863 23.28993397035892 23.35263072775049 23.41842455624555 23.47764374727885 23.54227310620898 23.6086825892717 23.68129766935941 23.7598420792945 23.83961783310766 23.91749290636051 23.99092518394701 24.07193188072177 24.14192592375597 24.22014365681655 24.29293657151582 24.36727749642386 24.44484010672145 24.52339516982972 24.6094879980747 24.69110416990424 24.7814401155559 24.87053857047783 24.95965254818032 25.05198526882377 25.13968549130978 25.23772200982478 25.33830694203126 25.43986428256346 25.55205037498341 25.65767834623685 25.77047573980407 25.88370393323904 25.99538526118761 26.11589862533977 26.23893463639325
21.6505519477396 21.76244842384953 21.87245760727701 21.98002981212424 22.0779314747369 22.1822666771953 22.28020693082074 22.38041094862778 22.47677013011496 22.56925245769266 22.6557056397878 22.74505588279217 22.82667969835478 22.90743737573219 22.98123232770047 23.04976725775391 23.11742019452772 23.19216752309613 23.2651908880939 23.34207805023039 23.41190836120487 23.47903643181041 23.54506443659167 23.61279698309827 23.68760217104791 23.75797393999871 23.83480365300212 23.91287775916857 23.99034780739644 24.07351547102607 24.14586048458268 24.22413336699941 24.29965168663113 24.37639684257529 24.45349843944218 24.5369261262282 24.62188616669576 24.70969698206573 24.80312682519314 24.89235884309231 24.98475518956819 25.07718281826497 25.17931306689835 25.27667374774154 25.38355375012218 25.48702350986146 25.58956247970721 25.6963668211882 25.80424363412847 25.91812761505347 26.03308571826274 26.14673475483893 26.26589414905178
21.60004600866367 21.72616703285368 21.83879725903265 21.94012580809916 22.02951715445541 22.13039600446913 22.21842997863134 22.3090515703415 22.39441488725664 22.48605060916263 22.5809834926441 22.67825275516562 22.76254861554867 22.85118435639255 22.92937741861789 23.00427959395262 23.08087612493039 23.16411608597653 23.24490350727056 23.32731374232958 23.40652545694912 23.48831203783174 23.5666356944173 23.6431238817291 23.72603208870695 23.79964261634183 23.88077031697451 23.94777451529922 24.02320319145293 24.09038688631642 24.16399004922366 24.23653904573556 24.31958000541544 24.39996810364078 24.48855910470588 24.57887611832545 24.6663534243877 24.75926528939585 24.84719857054274 24.93946677233052 25.03806073581117 25.14157514313112 25.24354323162633 25.33712237073034 25.43843857019516 25.53498469739541 25.63709309699533 25.74475383748776 25.85083596734933 25.95428611289947 26.06083944730847 26.1637120244854 26.2723944449666
21.52707221360209 21.65498545284384 21.77566087448823 21.88849265310897 21.99479251877877 22.09842982201157 22.18707410754979 22.2726431400184 22.36058783595956 22.45171560777689 22.54450364000233 22.63433370374712 22.72034655300811 22.80955696550025 22.90218709510319 22.98387278554664 23.07237400178583 23.15899122155554 23.2407735210034 23.32928192761748 23.40692742963934 23.49486289579714 23.57995155988618 23.6606339925342 23.7434274300658 23.81624905068158 23.89349724211282 23.96163242797437 24.04364669965403 24.12042246188755 24.21370652065325 24.30009933784095 24.39332650163155 24.47466289208553 24.56633508674486 24.64667952767718 24.73827643128618 24.82586429877079 24.91757131082752 25.01459552941349 25.1096239935062 25.20212163767532 25.2982241999695 25.39634183203671 25.48784396718046 25.58506186988619 25.67617569770059 25.77290164677673 25.86983840290418 25.96540064460891 26.07026648305579 26.16411618983858 26.26087867464219
21.51596867050448 21.65040167082221 21.77680926525711 21.8913872281148 22.01447992761652 22.1310114016072 22.23426990784299 22.32980887855295 22.42143755112177 22.50518039888069 22.57834646829573 22.66055624563629 22.74755755686588 22.83871477716479 22.93810831704914 23.02404340678991 23.11206020058171 23.20166807537781 23.2838817585099 23.37283542660624 23.45411984711681 23.53978319679639 23.62726053868144 23.70347500458883 23.79306449724816 23.8720995109399 23.96095407889232 24.04051125915546 24.12398424160037 24.20560410824541 24.29298247855228 24.38015287310823 24.47015537405818 24.56207916072097 24.65850281748715 24.74495215683192 24.83264884223907 24.91250875171615 24.99620055407545 25.07897704732144 25.15945512669482 25.23727062240756 25.31798192973741 25.40470770870799 25.49307251236628 25.59114920871475 25.67920261125746 25.76325636833504 25.8444119785338 25.92958377315154 26.02408734242132 26.11125242854838 26.19693592085802
21.58160471021739 21.72159444779786 21.84865890253981 21.96136225613687 22.07303694340233 22.17697081185963 22.27689084121839 22.3739012842879 22.47290747311232 22.56828257138279 22.66101028141168 22.7538963076112 22.83324923207546 22.90874723337331 22.98097148964461 23.06635938927068 23.15612468466919 23.24647699521003 23.33511251034878 23.41733104680861 23.49891429363945 23.57856539750829 23.65986217633126 23.74082795443299 23.82212251975249 23.90941319037529 23.99508612880804 24.08254117380746 24.16908894956193 24.25435612819106 24.343478249409 24.4233879782938 24.5063902065755 24.58319606067159 24.6724799939332 24.74617223327105 24.82947924099917 24.9005928199836 24.97877485582655 25.05484381441078 25.13412033339518 25.22035026877794 25.29331166006599 25.36953070769933 25.43867536572639 25.51673453850261 25.59155992722667 25.67189625093493 25.75121462646485 25.82127833771572 25.89104504798653 25.96738760087841 26.03933480625374
21.58404453885472 21.7271602878731 21.86197860008053 21.98386090406959 22.11093046167927 22.22318916549413 22.33314717713279 22.43878290645143 22.52955733459359 22.62318285649042 22.69833690014477 22.77542816110748 22.85404182657292 22.94107715177398 23.0291890619484 23.11699152132886 23.20415738986546 23.28825007729064 23.3722569071633 23.45628488576212 23.53288240818827 23.61581290067017 23.69411210667026 23.77715119438487 23.85580265720107 23.9300704258249 24.00778807179013 24.07986642203289 24.16133498553659 24.23119769000203 24.3116005825348 24.38258986345597 24.45847627186157 24.52721932715991 24.60477393547284 24.67039983888739 24.7487447382772 24.82356119448437 24.89416843564658 24.96936960786051 25.03446503806102 25.10083952648077 25.16971902493802 25.23995934479201 25.30456426940797 25.36431367132428 25.43141978659003 25.50223413408516 25.57607394995045 25.64083209848234 25.69539982570162 25.75386833731065 25.81391822217206
21.61682401197016 21.7539270052643 21.88653827760555 22.00531839826975 22.12215683730912 22.22376530313738 22.32579493625696 22.42266870054355 22.51280801817693 22.61071314353016 22.69645365834903 22.78285675778557 22.87662644752306 22.96195544726443 23.05031355007051 23.13642943578733 23.21665835880081 23.29379117385357 23.37194820508322 23.44806089357833 23.52379250903894 23.59654912809887 23.67208415964398 23.74294026511927 23.82004446341333 23.88961998573595 23.9594175629606 24.02288881126963 24.09128359257651 24.15592739707975 24.22843005083156 24.29396378844885 24.36382944982866 24.42617075183674 24.4905452785859 24.54956721908087 24.61343102712066 24.67494534871708 24.74029951990104 24.80083609519379 24.86450439859234 24.91610962237662 24.97818570220846 25.03195791050762 25.09697758301806 25.15221354966343 25.20135346720631 25.24996800505054 25.28975138816207 25.3435409239044 25.39280607244579 25.4411638389766 25.48275193833749
21.615024131185 21.73265481005419 21.85028149432939 21.96446433828133 22.08136347356851 22.19774576979413 22.30688835936718 22.41463577368027 22.51068424988297 22.60604541794267 22.69907404756916 22.78340693105913 22.87225170892892 22.95766876664421 23.03026821055188 23.10989765834875 23.18861869532848 23.26708855990833 23.34684433194304 23.41384269010427 23.4805045643082 23.54640344415812 23.61111082759106 23.67290603019811 23.73086466539984 23.79592083770793 23.85924157088237 23.92410084422773 23.9798765954932 24.04018086763913 24.08939548611152 24.13973470301132 24.19157958475683 24.24015230522837 24.30210540173422 24.36269577061177 24.41676860324563 24.46210666731968 24.5096027566123 24.56160698515462 24.6103276139226 24.64570826376389 24.6834392520871 24.72886269720479 24.77845371023456 24.8193229910913 24.8528379658577 24.88027163421137 24.91988346155019 24.94783272151787 24.96543197800202 24.99551481380745 25.02651976184531
21.58190418400694 21.71253315041831 21.83824620641807 21.9537096930252 22.06511384225472 22.16417232865656 22.25950884568041 22.35736213085197 22.44426059781847 22.53223510446407 22.62176970511402 22.70369238386219 22.78392388455959 22.8649137104326 22.93081850716938 22.99836221311567 23.06668593221429 23.13226787491698 23.20156115147408 23.2684730976271 23.3285210393141 23.39013629444379 23.44950456758597 23.50232372943349 23.55602544231062 23.60718360362011 23.65639819970686 23.70557614069041 23.7529657385654 23.79900784545444 23.83958227061258 23.89287776256736 23.93668630171727 23.98000224305484 24.01954788951281 24.05432560264736 24.09205517485437 24.13367577557577 24.17718289354685 24.20973232630378 24.24085104481373 24.27224915714803 24.30353704009044 24.31959923385129 24.34778859358751 24.37736153069385 24.40976033584621 24.42244410390747 24.41814172053946 24.42609553855995 24.44004934914453 24.43301920734644 24.41106431618804
21.45165860117905 21.5732486378211 21.69838990888131 21.81997272206481 21.93118951919298 22.03175244656857 22.1338497931773 22.22552768252078 22.31242557797692 22.39932323722689 22.48757608242579 22.56773767124283 22.64251979866504 22.71162996091844 22.77999669852252 22.8460217949933 22.90501265150316 22.96166050572947 23.01635210794894 23.07392044728723 23.12589125560353 23.17794748761668 23.22411300015392 23.26508524610766 23.31092353229228 23.3501496126487 23.3892725841039 23.42480684791679 23.4657143064944 23.5088492233823 23.5420980495121 23.579765431627 23.6065720749555 23.63496993833027 23.66633529942477 23.69054689322741 23.71935628823153 23.74248000085561 23.76543205179712 23.80388232116571 23.81293759361495 23.82446241444329 23.82264189790877 23.83544639243856 23.84373231770269 23.83778980403057 23.83675242165366 23.81851421297988 23.78281000369467 23.7467337718456 23.71501571597287 23.68904772644471 23.62140434842686
21.37026273993778 21.49981571581461 21.6190021457038 21.73457499259301 21.8413564371077 21.93668490559062 22.02999738712799 22.1164670291257 22.19989120384418 22.27520107693975 22.34749244451793 22.41170255067388 22.47234637211375 22.5325599725004 22.58986522912708 22.63692332211736 22.68486970405895 22.72754139301498 22.77144214768342 22.80382529317096 22.84731692432431 22.89024973538572 22.93565634764134 22.97734127567325 23.00119156191022 23.03770981178442 23.06291290441136 23.07722149951567 23.09088470338455 23.10354565034385 23.13029007119389 23.14464382597793 23.17146644771157 23.18076197858277 23.19199872473836 23.18983299055586 23.20534185304536 23.21176646630918 23.2069140082611 23.21250028918596 23.21021806727887 23.1999129195422 23.16652186963445 23.14335504469719 23.11498275790264 23.07130585183157 23.02363324722573 22.98298766968697 22.94563349282569 22.86410726650271 22.78310890345238 22.690323174896 22.57943449146075
21.21855928151682 21.3430725842255 21.46020380598996 21.56994443474637 21.67088822512012 21.76679623175228 21.86105183202629 21.940905572871 22.00946535413969 22.06683296195323 22.12484306562695 22.17657250033546 22.22742551147467 22.2739032148749 22.32102102912672 22.35219665703668 22.38475338558591 22.41661712182834 22.44348863967937 22.47022756542512 22.49403471491017 22.51000791060395 22.53122444986681 22.55438376127668 22.56140846001255 22.57482590308158 22.59291052223707 22.59717797811917 22.60543229820337 22.59717820982269 22.58743233883191 22.58751746588395 22.57600130049064 22.55929807451646 22.55061786243226 22.53930811649941 22.5303298843839 22.51218375423387 22.47947750364448 22.46997700793123 22.42456985055584 22.38421191500127 22.34456556915227 22.29326284362849 22.21622349439976 22.14648165727905 22.07747061440015 21.97285749731732 21.86799633013516 21.76153030097278 21.6430317683182 21.48184636032061 21.31245240690493
20.99145028513373 21.10406450697542 21.2140077515286 21.30568346434989 21.38529404355482 21.46481941420483 21.54706416869355 21.6186379273351 21.67802097583267 21.73147919683075 21.78808244400873 21.82356810637899 21.86005506887639 21.90045239791502 21.92840691755404 21.95526233476756 21.98599725789612 21.9949411653283 22.00366617681812 22.01532795549147 22.03048936810917 22.02632051838547 22.03566521817152 22.03018236021553 22.03251852260561 22.0245171919586 22.03107354757847 22.01730593960898 22.01904447954292 21.9943701084676 21.9473692904824 21.9044831544404 21.88315059714127 21.8719593636896 21.84964496124661 21.80666985486016 21.75716768315895 21.7120973696575 21.67121249562554 21.6173726904878 21.51870834064557 21.42275888369338 21.3321273667391 21.2360254225203 21.11981825819885 21.01813529883647 20.93236812741724 20.79714134310699 20.64161403141696 20.49238127724889 20.3471763419807 20.28973084940092 20.32415187654693
20.72445234269276 20.82625569561414 20.91875041518239 20.99448234094526 21.06676819212083 21.12406942205762 21.17347021037668 21.21830949569748 21.26455629447476 21.30637528565573 21.34278650515318 21.35990058899422 21.37656018642386 21.38049615658279 21.37889451761708 21.37452340624047 21.3714196410399 21.3698223971323 21.37064735949605 21.35748330036568 21.34160194728006 21.33893203308993 21.33063799974376 21.29826209481742 21.28357049514516 21.26390756842259 21.24527514980447 21.22138066408607 21.18083925397654 21.14877426012289 21.10368922888509 21.05011220182267 20.99835120546788 20.92725785859614 20.86875928833766 20.79069909012879 20.72070210182572 20.63133195752305 20.53199105427246 20.44290454195506 20.36016443490159 20.25153989292766 20.1431768304263 20.02162804389133 19.91613395207599 19.80035124871998 19.63513579374286 19.39846560180778 19.34773052127152 19.68459608192097 19.8298465845392 19.12688437771667 19.31004313075002
20.39707148759245 20.46416172939168 20.51463488453687 20.5731150849426 20.60993303070329 20.65023419217846 20.67981324295812 20.70467548458427 20.72492379174302 20.74756180122864 20.75125680884389 20.75071007125095 20.73809472965161 20.72110048820922 20.69820584102413 20.68406967339092 20.65578488211029 20.61531946122001 20.58556225412835 20.55330171321195 20.52438660939404 20.48821681347698 20.44094123647238 20.4067112449039 20.38535359085108 20.3468752933728 20.30388014188198 20.25222542317637 20.18636735860798 20.09055903696528 19.99163127882401 19.89615441253869 19.82386113553143 19.73155284171948 19.67344351559062 19.59956061940782 19.53260125462308 19.4449307379185 19.3278802603722 19.2139152823349 19.11365558448325 18.95764236495682 18.77985546087209 18.58001803017189 18.43998321915103 18.32734140360821 18.22192239917542 18.31573320950974 18.4148811293139 18.42046647656605 18.37357984874492 17.79809739809377 17.78876440785489
19.80026096792444 19.85058504672665 19.89692508781664 19.92765734476892 19.94777115779631 19.94530482889478 19.93901209476237 19.92773570029706 19.91807085788757 19.91794623124328 19.90900333439705 19.88867087178039 19.84718874439823 19.80004202661756 19.75894343240357 19.72988853046795 19.70573284513707 19.6784296279334 19.62933470514125 19.58564224355552 19.52306415257299 19.47911287256479 19.40182458681979 19.32090689351374 19.24582810420693 19.17157024895654 19.09225092332481 18.99793558063265 18.88621679539415 18.87336760474103 18.83085967434375 18.78366679941908 18.69564057134637 18.58364266770882 18.47430782237897 18.35460834706713 18.22520688289989 18.08618585556462 17.93052521989568 17.75707659366675 17.59613880824091 17.44613269274854 17.20707286703618 17.09729317609784 17.32407879499851 17.4498752566246 17.65453775655871 16.9896109868016 17.00140091955565 16.99036291531631 16.96761208365296 16.44793799259705 16.17738560320989
18.84834301958836 18.8876181334318 18.91019095730146 18.93131682290048 18.93223437007017 18.91307854973929 18.89710180461028 18.87560369123401 18.83637329465025 18.7984521099841 18.76079750855747 18.7422284161159 18.73607382898003 18.70326814210694 18.66262878907551 18.60797999794645 18.53650957676653 18.47955111538337 18.42909206458969 18.37557359966643 18.30919257905358 18.21509140453633 18.11044424961463 18.0018566163809 17.9079596802875 17.85621656809152 17.8391420375649 17.78450773121035 17.73937995784357 17.65785999897641 17.59866673755081 17.49076894281491 17.36053972281332 17.17865999595375 16.98673355765238 16.79602727445017 16.63401384395795 16.44452382644058 16.28402952733358 16.10459991902108 15.9314698775595 16.02741890859776 16.03748850452012 16.23561650026554 16.38316449667327 15.79213681245857 15.74860396895872 15.68514250674329 15.48918835217273 15.34424042259647 14.14717161638242 13.97968170656733 13.83274166123168
17.82121914814817 17.79646183096718 17.78312484201559 17.77191652383052 17.72126399610149 17.66945255097571 17.63563151343894 17.56986339157345 17.50295852549878 17.43211584821104 17.35015051509982 17.31439665257017 17.25769451385889 17.21435309582684 17.18361734989056 17.15208804797797 17.09033235927732 17.04957236234071 17.01455747954353 16.96300094256047 16.85190597480532 16.71744346396446 16.61182657149381 16.57472485954139 16.53584179998546 16.50639712273515 16.45406640962453 16.37297025624873 16.24246194148204 16.10442962743365 15.95121856607805 15.76446640325866 15.57184682863867 15.46034497275327 15.32910127678579 15.1797777223373 15.01471511113636 14.8654800954436 14.73699020917806 14.94094239575179 15.14503483230762 14.76071593412569 14.84519965016114 14.9351590357689 14.93277669777139 14.83534078885787 13.86654313051636 13.77431911990669 12.59718840336227 12.59718840336227 12.38759910745989 11.70658307605704 0
16.46392639045961 16.46999505459196 16.47176224641667 16.42505536411826 16.36136708398827 16.28109257573565 16.18193282822353 16.13582255706761 16.10692771757351 16.07138954061443 15.97504649537867 15.86869667896228 15.73903989172501 15.59341821571399 15.50157388599703 15.45261285511923 15.36439215306648 15.3065397946749 15.24442473943709 15.19253570586586 15.20377644760551 15.16121514941888 15.10635659824664 15.00388404665416 14.89568905267958 14.76496563698051 14.69197994185055 14.65756377190697 14.57673857079067 14.43307485105715 14.25014286974754 14.08701829554128 14.04119956894315 13.95080366495575 13.85614315194085 13.79765285832529 13.85389028328056 13.77779940446635 13.62686143197615 13.47463168196543 13.25178085846825 13.19938284722875 13.1160734772068 13.15982744584171 12.30131156497692 11.31625213352685 0 0 0 0 0 0 0
14.67030921590716 14.620049150448 14.5830271945811 14.51307760894822 14.48077129580866 14.48245154687368 14.44448329725003 14.36500945985882 14.29657955828382 14.23665032216198 14.23170479550135 14.13948928549555 14.1206271044477 14.10491356893902 14.0284712750882 13.9071233779632 13.77078003273373 13.73918111391672 13.78339343902839 13.73452633493951 13.87441283499421 13.9099575664257 13.97733875453437 13.86913957896228 13.83143531089634 13.76413989151394 13.79682143327645 13.74030073327184 13.68372522937178 13.46249228604157 13.44459585220157 13.37689922652517 13.26578631983813 13.26943985483704 13.21987046034697 13.20373113134084 12.48173198933711 11.78332489442554 11.04639868843645 0 0 0 0 0 0 0 0 0 0 0 0 0 0
13.38072867612016 13.41777698454491 13.43748206446346 13.45154069988585 13.45218301408673 13.47119437022637 13.37674512782526 13.29831118208658 13.22992424437733 13.33174448642112 13.37933821337772 13.38481181639258 13.38001693003393 13.33508345695632 13.45639411074916 13.18262637851601 13.13289345426981 13.0816713843538 13.00671844310904 12.88370493284207 12.82806654610589 12.79997146500364 12.57988368327212 11.98434493383795 11.98379717708599 11.9653810687538 11.21997275821221 10.9763393073847 10.08636665482805 7.761772909771209 0 0 0 0 0 0 0 0 0 0 0 0 0 0 0 0 0 0 0 0 0 0 0
