benchmarks/avaHockeyChannelEntTestPy/release1HS_72810b82a3_ent_ref_pfv.asc
ncols 1001
nrows 401
xllcenter 1000.00
yllcenter -5000.00
cellsize 5.00
nodata_value -9999.00
[rows 184 to 206 of 401, columns 424 to 476 of 1001]
0 0 0 0 0 0 0 0 0 0 0 0 0 0 0 0 0 0 0 0 0 0 0 0 0 0 0 0 0 0 0 0 0 0 0 0 0 0 0 0 0 0 0 0 0 0 0 0 0 0 0 0 0
0 0 0 0 0 0 0 0 0 0 0 0 0 0 0 0 0 0 0 0 0 0 0 0 0 0 0 0 0 0 0 0 0 0 0 0 0 0 0 0 0 0 0 0 0 0 0 0 0 0 0 0 0
0 0 0 0 0 0 0 0 0 0 0 0 0 0 0 0 0 0 0 0 0 0 0 0 0 0 0 0 0 0 0 0 0 0 0 0 0 0 0 0 0 0 0 0 0 0 0 0 0 0 0 0 0
0 0 0 0 0 0 0 0 0 0 0 0 0 0 0 0 0 0 0 0 0 0 0 0 0 0 0 0 0 0 0 0 0 0 0 0 0 0 0 0 0 0 0 0 0 0 0 0 0 0 0 0 0
0 0 0 0 0 0 0 0 0 0 0 0 0 0 0 0 0 0 0 0 0 0 0 0 0 0 0 0 0 0 0 0 0 0 0 0 0 0 0 0 0 0 0 0 0 0 0 0 0 0 0 0 0
0 0 0 0 0 0 0 0 0 0 0 0 0 0 0 0 0 0 0 0 0 0 0 0 0 0 0 0 0 0 0 0 0 0 0 0 0 0 0 0 0 0 0 0 0 0 0 0 0 0 0 0 0
0 0 0 0 0 0 0 0 0 0 0 0 0 0 0 0 0 0 0 0 0 0 0 0 0 0 0 0 0 0 0 0 0 0 0 0 0 0 0 0 0 0 0 0 0 0 0 0 0 0 0 0 0
0 0 0 0 0 0 0 0 0 0 0 0 0 0 0 0 0 0 0 0 0 0 0 0 0 0 0 0 0 0 0 0 0 0 0 0 0 0 0 0 0 0 0 0 0 0 0 0 0 0 0 0 0
0 0 0 0 0 0 0 0 0 0 0 24.92670626608986 24.92670626608986 23.79178694906858 21.93022813426631 0 0 0 0 0 0 29.03027242661408 29.03027242661407 28.45083378146912 27.46027937122471 28.84716779513025 27.76146827201478 26.54632939892403 25.44604826836008 29.72450358881163 29.15134813475437 29.62587731084335 30.85009186271637 30.11002132958924 29.27733990741522 28.46015681220415 31.59377711196081 30.92504248264203 30.22877865974625 29.50359393852727 31.0232205013986 30.14164815586271 29.12237313924627 29.03664051080612 32.33460826248437 32.52493805924597 32.52460799709018 31.84659497646124 31.37793197661516 32.63400681645548 31.91592527512192 31.49887864515919 32.93408776980102
34.65153247285192 34.31128105612999 34.11081393599149 33.83971442807277 33.45364833504793 35.03914176273933 34.50370467660449 33.94362381960089 35.71226384368897 35.40646622739609 34.97691785296454 35.98498168532416 35.62305324089995 35.25385271298703 35.4970391675997 35.03240560143348 35.15442456333729 34.77580011249256 34.62759383304012 35.92784456508098 35.68427336373664 35.27995659940138 36.43041623821109 36.13036729656913 35.82209036613163 35.67063296284841 35.46233813530804 35.97776297699589 35.79499771821989 35.52644896472343 35.48186189636904 36.01196838752578 35.15564526006014 34.73930233451741 36.99163231563224 36.71689672320286 37.04465080321366 36.64165620938919 36.19668664202889 36.37240171961881 36.26192832465761 36.73671236434896 37.48155172995312 36.77979366379341 36.4515026969271 36.92601926282968 37.0605270227128 36.71913181209787 37.30421083422694 36.51038154538089 37.05008975836665 37.23549505934994 36.91438421455614
37.32633324046471 37.20212433400236 37.35582724906654 37.15376143301218 37.14585958690409 37.22435258963212 37.32645458629663 37.21812863633284 37.38312167596042 37.14326620049995 37.51191993496359 37.08677047070035 37.17767549195831 37.22981508260198 37.57242155615756 37.85576737815516 37.82933000143726 37.47413040111073 37.46164810772502 37.37568932221834 37.37748935757535 37.3296238216363 37.48571496825519 37.35930005794597 37.29902224146962 37.27980723345634 37.35467890873204 38.09222111947669 37.88091691011093 37.86697764038683 37.76940279838423 37.7393762564768 37.82406227848467 38.13290995860046 37.9182568992562 37.60039912017034 37.68834996337878 37.94722781642209 38.08249332011621 38.49788257188651 38.13819476686071 38.03802545937108 37.98692945528958 38.08376982493402 38.09634535626747 37.89209518006663 37.92948953276675 38.02286535813398 37.92861109721009 38.03497062208211 37.96102771308425 38.34144539823384 38.338526082431
37.0864299927816 37.15483577652146 37.14578531882022 37.13567393294278 37.18057051678871 37.31543144480245 37.47411433443476 37.55525850900219 37.66856962003616 37.59093402357034 37.47106547559118 37.32056751618948 37.23571466378274 37.41493909656904 37.58977208587005 37.55376380917683 37.63919860697742 37.63102281136874 37.75498557719435 37.67039055844317 37.78064269498262 37.88570384007203 38.00209222355747 37.92508734093521 37.97433621691754 37.80227804604183 37.8059656379497 37.60923670071967 37.61046623968164 37.59396426055854 37.64156621011245 37.69190637673616 37.88660990948321 37.73743374663565 37.60067842630638 37.59132271336683 37.7577353036778 38.00105249892146 38.21182078343979 38.35207299413047 38.17730782401796 38.02341791790914 38.15609163196333 38.22933209405882 38.04249208785393 38.09391589176725 38.185824052193 38.21960319312343 38.31861731541165 38.42858453140263 38.46890862077299 38.61101401541168 38.69495112158587
37.13975564846777 37.14361516098673 37.18925618351699 37.1963663686394 37.31525844194617 37.4966518281306 37.52248424398223 37.69872012687154 37.61170039150623 37.54232218812205 37.46697206143755 37.31798100061059 37.39580059601323 37.4888808273078 37.55544914398381 37.67767637687751 37.64453266308835 37.78368213907311 37.6915100275741 37.69920300369746 37.66753901246002 37.85472256811961 37.97797185276312 37.97840600287217 37.85426386383122 37.8111642339821 37.70079297435927 37.64350904863014 37.59771106246126 37.65761310238561 37.64158776488343 37.80891636027579 37.87963732533655 37.82325817619211 37.77438087473012 37.83281023140871 37.93934931582994 38.04694002406309 38.25238359596965 38.2382384302886 38.33062896851955 38.3625121683862 38.43829102480973 38.42335612632153 38.51668866785742 38.56858999462909 38.60386150200672 38.70256782765353 38.7411264614626 38.79514058358871 38.8909812801783 38.93441661294296 39.02165686674139
37.20745691745038 37.21580776497431 37.30465638821527 37.31106632394376 37.39679899454973 37.42282862324738 37.50099512601975 37.53659629188698 37.56535006081045 37.50331833697688 37.52058422251584 37.4719095243178 37.49544039234801 37.50569798186702 37.57044041900134 37.58238301791041 37.61746789114166 37.63168508858575 37.63629391403006 37.58571681767422 37.63433591543508 37.71371713944733 37.76847305800573 37.84002280999731 37.90963398781047 37.97788672142755 38.04381451456008 38.07203861361436 38.14367266435053 38.16316644855708 38.2357728532423 38.28917286624972 38.32037625478173 38.40275235493031 38.44447354828272 38.50387815897028 38.575819929394 38.62116494528636 38.70249761032582 38.77957727325995 38.80736072554534 38.89295437547875 38.91656586509071 38.96343545396211 39.0045347912389 39.01349475967077 39.08600932367634 39.12128802416707 39.14979390479384 39.21266766473749 39.24311563604454 39.29599911651692 39.35844603909148
37.82290950030345 37.84053682776663 37.90382325226818 37.94147797328927 37.99819567556299 38.03096687459745 38.06170848207914 38.07214995073549 38.08042775851609 38.09366208018169 38.09378796455947 38.12307296095544 38.1128030235319 38.14566408052465 38.15033448144489 38.1700450388491 38.20380394135154 38.21995460195078 38.29345215865566 38.33384011260897 38.40592585681438 38.46902534057276 38.51622423481196 38.60028461451324 38.64677633699022 38.71198060900549 38.76675471364923 38.79737891128453 38.85749888926571 38.87908951299228 38.92871201189465 38.97042795075535 38.99171678491796 39.05214151345566 39.0860978575807 39.12880976968444 39.18515227703376 39.21374396099036 39.27609169567098 39.32523043912216 39.35225698011138 39.41329456941014 39.43117241011561 39.47495664045265 39.50483685869363 39.51878901717427 39.56507079368698 39.57665597000001 39.61304234168073 39.6498760854344 39.6524143094746 39.71007171417219 39.73828594646565
38.7613632305525 38.79833370019065 38.80287633351721 38.85403354490271 38.87009711049102 38.90597531685997 38.92389866144047 38.94337502202894 38.96115386994494 38.96678404441445 38.9914333702491 38.98516222035319 39.02007482332982 39.02170029082765 39.04471713045878 39.05471091811329 39.06336851393714 39.084982190824 39.08388790963838 39.11460024401165 39.10414982887458 39.13400183765737 39.12874182801322 39.14584798905399 39.17767511750027 39.21967547396096 39.27873026010145 39.30057686090279 39.36108917830037 39.39339564291771 39.42731518693716 39.47296125824568 39.48733572669596 39.5406611062348 39.57242955816565 39.59806504705457 39.64763616014156 39.66917394518727 39.71240924461832 39.75170263890464 39.76501432216159 39.8182614792094 39.8374821720496 39.86516226793693 39.89521379449586 39.89453901831033 39.93728151908669 39.94625182453554 39.96638889004955 39.99418465281511 39.99114215727808 40.03216879265294 40.05112440069685
39.08718916155361 39.12789000076751 39.14024985313319 39.17031689223763 39.19341413749504 39.21050447926012 39.24157196293511 39.24302469140912 39.27906365389072 39.27637934065392 39.30729053089852 39.31109038753327 39.32939852445676 39.3396587681551 39.34548025964215 39.36391058490894 39.35854097259752 39.3888995829413 39.38382971524615 39.41286515519182 39.4148151598317 39.42980450120865 39.43803506292303 39.4388274706069 39.45515252922144 39.44362154038177 39.46943311825129 39.48818132295148 39.53917392500122 39.575451676542 39.60079694258337 39.64950682525184 39.66641235123532 39.71190825341561 39.74462051828716 39.76323977715118 39.81175542325179 39.83152513621611 39.86533984283658 39.89933830899167 39.90484238184337 39.95242673941993 39.96795967361835 39.98975743747211 40.01851373396023 40.0151057239097 40.05553607896049 40.06791050236414 40.08031719718048 40.10938775784606 40.10976879397391 40.14101884484305 40.16205526041572
38.75553830124876 38.789633676661 38.79662890480711 38.84312114009447 38.85645780916021 38.8938596701257 38.91413915884972 38.93328729828679 38.95505248806255 38.96164518318689 38.98823815675413 38.98214125354176 39.01582797379712 39.01204601686779 39.04111839451992 39.05090875876991 39.07292415678202 39.09860708117225 39.1065487446838 39.13761360288184 39.12611276326317 39.15599091449684 39.15037397546949 39.16595738906197 39.19629802523244 39.23453922203983 39.28473765423586 39.30193467888088 39.362627941734 39.39454731240657 39.42954030288762 39.47672763582575 39.49511743502374 39.54578307034088 39.58022320495579 39.60247468825229 39.65222403140975 39.67014055665236 39.70783623537594 39.73738945986376 39.74815281406583 39.79252053226168 39.80510487593155 39.83663672318492 39.86574648697804 39.86777673611083 39.91435026649247 39.9308013816816 39.94932151689985 39.98145873940256 39.98261489373481 40.0197917680518 40.04362165549811
37.813651714334 37.8370765574515 37.86966223521635 37.87659911931296 37.9353490362223 37.95961408370769 37.9935400587723 38.01685486083473 38.0313701129223 38.06112870944479 38.06493300707222 38.10097372145948 38.09580817327109 38.13970972889645 38.16101921802597 38.20037307678843 38.24484485629566 38.27142279010216 38.35075721585982 38.39791003315237 38.45758078446707 38.51618073507178 38.54948675161366 38.61986395121711 38.65333575089199 38.70887873290238 38.76037876495432 38.79060165332736 38.85728908489631 38.89074072550962 38.94344418026147 38.99889193250873 39.02026701966814 39.08969299135062 39.12657324095857 39.16328594320854 39.21321695798134 39.22449637113881 39.27832481491912 39.30703358385017 39.33103950996985 39.38034779130972 39.3946506329401 39.44445183560305 39.4804138433137 39.49690465455408 39.55527106858318 39.57848088317185 39.61005342310068 39.65050794026431 39.65181042299169 39.70729728144852 39.73557289057592
37.65643807914611 37.67731251971723 37.62263463404626 37.52711268268192 37.49149641594127 37.45666946592169 37.40946223848402 37.3670665166738 37.34834810249885 37.34142730655272 37.3835830902626 37.34890750999833 37.40581922559052 37.45440195634831 37.54652186701514 37.68466499477623 37.71415503481043 37.77713872582627 37.72089297279062 37.6186685588855 37.65418431249569 37.73625484935896 37.77235598450807 37.85456754042796 37.88562878002371 37.9565110394235 38.01277216521635 38.04721463904055 38.13211772882272 38.18746918329001 38.24474131347142 38.32817560099504 38.36845246480528 38.44892075256609 38.49906594311498 38.53845812385998 38.59647910947904 38.60427491328459 38.67475671309191 38.7117980430657 38.74540479226024 38.81639503997042 38.84715552020072 38.90094354505077 38.95840888726598 38.97877574154901 39.06099740856958 39.11501223464966 39.1411365198043 39.21153062780199 39.23729632582508 39.29168659553094 39.35443826889453
37.86417353765508 37.83815253861322 37.63211007050943 37.39713572013672 37.39968780220553 37.34777342044725 37.36445193011135 37.26817227088246 37.28811871437152 37.30076434858233 37.2856737678809 37.21120256470021 37.26814811007456 37.426050156519 37.59400585674823 37.8101964577162 37.99154348625959 37.96984987696819 37.78483979434784 37.64446498669029 37.50220064606687 37.45296317953587 37.52976563200437 37.72042548146459 37.81849374183839 37.80199748550456 37.75779715274753 37.88002902080939 37.94215288601107 38.00875285116832 38.06152408436587 37.89275050510153 37.74822708323589 37.79790151912384 37.85066600526422 37.95175017016059 38.17447400122146 38.26452736341266 38.19295971919371 38.13564711560904 38.23273316040918 38.27385134769723 38.37779818048067 38.41212336515932 38.50198940717531 38.57659820945143 38.60749961910773 38.72329877944207 38.76491027801067 38.81807067187156 38.95325214267399 39.13624156734711 39.01246085171378
37.69550293875632 37.75884998237476 37.60184128039771 37.30898843204442 37.12466170906205 37.23940876265145 37.26531176958867 37.2896727906135 37.34560296520403 37.32778489298629 37.33908671673645 37.24426899501567 37.18184342079851 37.30764503052564 37.51262134447367 37.70331050825008 37.9076577087942 38.07968858734262 38.07432961637267 37.74375861751392 37.45679409573905 37.44902050782824 37.5410001309323 37.6597062016581 37.8285468572353 37.68197866705048 37.74556901016199 37.71368635554265 37.91618058209182 38.10295941974377 38.16725475797296 38.08101013078482 37.93449947909131 37.82534982158815 37.94201983419864 38.04923385267739 38.1826778237608 38.40409135852807 38.20428242853141 38.16013356294261 38.28780390848034 38.43832586330644 38.27094934936829 37.98441155056507 38.06229500417278 38.14621431112743 38.23795263679382 38.30358769372529 38.36878331184204 38.56236952334511 38.8904574398691 39.072868599954 39.23550812127224
37.19381901332113 37.29503433221192 37.23122594008301 36.98381157894087 36.66576756826952 36.48259606682174 36.25749188206445 36.23107838869628 37.55960107645003 37.42457868390188 37.39647538657157 37.08505068597429 36.91468073099047 36.94791302166686 36.98054063584109 37.07669562594252 37.14657409818532 37.18122056028868 37.91669516866353 38.22310326336073 37.81990333402419 37.26354577497301 37.4227993153137 37.71330875656554 37.80087273036454 38.07416221122497 37.69825345290685 37.45543516954357 37.613016123659 37.57024771327888 37.62660758133976 37.73906685687798 37.63958875503192 37.66236646522886 37.65556441283451 38.29490867853188 38.29212021796253 38.53921515822925 38.4605866349205 38.41387457813658 38.21480974371744 38.37027157368373 38.73025023693399 38.38611682429391 38.08311827242905 38.17406925061257 38.34744037752142 38.35539254824834 38.02135028554829 38.25556329154783 38.54321879965221 38.72331793088341 38.93676551675161
