benchmarks/avaHockeyChannelEntTestPy/release1HS_ent_ref_72810b82a3_ppr.asc
ncols 1001
nrows 401
xllcenter 1000.00
yllcenter -5000.00
cellsize 5.00
nodata_value -9999.00
[rows 184 to 206 of 401, columns 424 to 476 of 1001]
0 0 0 0 0 0 0 0 0 0 0 0 0 0 0 0 0 0 0 0 0 0 0 0 0 0 0 0 0 0 0 0 0 0 0 0 0 0 0 0 0 0 0 0 0 0 0 0 0 0 0 0 0
0 0 0 0 0 0 0 0 0 0 0 0 0 0 0 0 0 0 0 0 0 0 0 0 0 0 0 0 0 0 0 0 0 0 0 0 0 0 0 0 0 0 0 0 0 0 0 0 0 0 0 0 0
0 0 0 0 0 0 0 0 0 0 0 0 0 0 0 0 0 0 0 0 0 0 0 0 0 0 0 0 0 0 0 0 0 0 0 0 0 0 0 0 0 0 0 0 0 0 0 0 0 0 0 0 0
0 0 0 0 0 0 0 0 0 0 0 0 0 0 0 0 0 0 0 0 0 0 0 0 0 0 0 0 0 0 0 0 0 0 0 0 0 0 0 0 0 0 0 0 0 0 0 0 0 0 0 0 0
0 0 0 0 0 0 0 0 0 0 0 0 0 0 0 0 0 0 0 0 0 0 0 0 0 0 0 0 0 0 0 0 0 0 0 0 0 0 0 0 0 0 0 0 0 0 0 0 0 0 0 0 0
0 0 0 0 0 0 0 0 0 0 0 0 0 0 0 0 0 0 0 0 0 0 0 0 0 0 0 0 0 0 0 0 0 0 0 0 0 0 0 0 0 0 0 0 0 0 0 0 0 0 0 0 0
0 0 0 0 0 0 0 0 0 0 0 0 0 0 0 0 0 0 0 0 0 0 0 0 0 0 0 0 0 0 0 0 0 0 0 0 0 0 0 0 0 0 0 0 0 0 0 0 0 0 0 0 0
0 0 0 0 0 0 0 0 0 0 0 0 0 0 0 0 0 0 0 0 0 0 0 0 0 0 0 0 0 0 0 0 0 0 0 0 0 0 0 0 0 0 0 0 0 0 0 0 0 0 0 0 0
0 0 0 0 0 0 0 0 0 0 0 124.2681370551847 124.2681370551847 113.209825245974 96.18698120419315 0 0 0 0 0 0 168.5513434326859 168.5513434326859 161.8899885721569 150.8133886291419 166.43181796008 154.1398241236167 140.9415209112356 129.5002744951422 176.7092227202551 169.9602196147294 175.5385212874286 190.3456335876078 181.3226768936638 171.4325264108656 161.9961051550501 199.6333504400517 191.2716505106429 182.7558118519861 174.0924110579007 192.4880420556797 181.7037907103644 169.6225234522985 168.6252984307574 209.1053782976645 211.5743191515574 211.5700250728765 202.8411223189533 196.9149230258177 212.9956801792925 203.7252572334333 198.4358711804932 216.9308274457914
240.1457405434222 235.452801542549 232.7095254751663 229.0252545147032 223.829317385011 245.5482910938686 238.1011272820676 230.4339196013154 255.073157768251 250.7235701423481 244.6769564986059 258.9837813786231 253.8003844407985 248.5668262217966 252.0079579332214 245.4538884446696 247.1667132758745 241.8712546928075 239.8140509331997 258.1620030185238 254.6734730995769 248.935067531129 265.4350454578629 261.0806881969985 256.64443163986 254.4788111940495 251.5154852045846 258.8798857657792 256.2563723294734 252.4257152086197 251.792504726601 259.3723734288312 247.1838787302378 241.3638253378014 273.6761722749855 269.626100996469 274.4612306264077 268.5221939534139 262.0400247722465 264.5903213706659 262.9854891645211 269.9172070681819 280.9733440170303 270.5506443902435 265.7424097728168 272.7061797197738 274.6965326402451 269.6589282068435 278.320829192891 266.6015921178578 274.541830220605 277.2964184629748 272.5343523879744
278.651030635644 276.7996109925141 279.0915658924204 276.0803977242367 275.962976889999 277.1304851434502 278.6528423965729 277.0378198381238 279.4995572479323 275.9244448082404 281.4288274414238 275.0857087892823 276.4359109970715 277.2118262169476 282.3373723187227 286.6118247577992 286.2116416715282 280.8620898638904 280.6750157894035 279.3884304621971 279.4153421351317 278.7001629329752 281.0357653362542 279.1434601639283 278.2434120339291 277.9568054727328 279.0744072748941 290.2034619630212 286.9927731901456 286.7815991235112 285.3055575493189 284.852104045585 286.1319374493374 290.8237643821461 287.5588412555981 282.7580027992214 284.0823445924227 287.9984197902877 290.0552594953393 296.4173925037526 290.9043800150003 289.3782761695526 288.6013618882295 290.074704815711 290.2663059008004 287.1621754270458 287.7292352432526 289.1476580085571 287.7159079526818 289.3317980445299 288.2079250067101 294.0132870451494 293.9685164346485
275.0806579218982 276.0963643160558 275.961873390376 275.8116556907692 276.4789647907795 278.4882847823503 280.8618490300577 282.0794883355962 283.7842274439022 282.6156641528837 280.8161495752083 278.5649519460914 277.299689304529 279.9755335199941 282.5981930935309 282.0570352470879 283.3418543550981 283.218775565951 285.0877871868308 283.8116649651288 285.4753924891887 287.0653110915297 288.8318026735534 287.6624499635128 288.4100422230991 285.8024450940512 285.8582075635667 282.8909370421518 282.9094341532464 282.6612297648306 283.3775013500559 284.1359612625289 287.0790420866704 284.8227811563431 282.7622036237004 282.6215086680977 285.1293150525194 288.815998205157 292.0286495171442 294.1763005894223 291.5013665379645 289.1560620319948 291.1774657253563 292.2963664715671 289.4462408508858 290.2292855938075 291.6314317090082 292.1476136479621 293.6632865929931 295.3512218174316 295.9713860946765 298.1620806596635 299.4598484603839
275.8722899255787 275.9296294454966 276.6081550966513 276.7139342060098 278.485702517847 281.1997796640101 281.587364767979 284.2386998408378 282.9280012680859 281.8851910553522 280.7547990905084 278.5263411923867 279.6891804433567 281.0832371368173 282.0823520812709 283.9214594321428 283.4221678844651 285.5213271973025 284.1299856317439 284.2459814227983 283.7686990510394 286.5960041418608 288.4652692098535 288.4718645037993 286.5890585345117 285.9368281458334 284.2699581790994 283.4067546988597 282.7175754272643 283.6191649137929 283.3778258922844 285.902831267666 286.973384779806 286.1197718125766 285.3807700938353 286.2643060011567 287.8788453017131 289.5139290389308 292.6489701546416 292.43257565032 293.847423424462 294.3364679739158 295.5004433815936 295.270859202026 296.7070611873313 297.5072268347606 298.0516245732234 299.5777512908244 300.1749759006075 301.0125865800824 302.5016849870358 303.1777593980418 304.5379409251411
276.8789700527852 277.0032695199044 278.3274776485621 278.4231340459461 279.7041150077512 280.0936204329886 281.2649270883513 281.7992122360207 282.2311050382464 281.2997772569253 281.5588480797809 280.8288006797318 281.1816100432245 281.3354762214047 282.3075986555459 282.4871026609841 283.0147781082147 283.2287445212974 283.2981239166513 282.5372217396798 283.2686479591614 284.4648920948486 285.291511426661 286.3734652522233 287.4280698179509 288.4639759651166 289.4663645636504 289.8960248393086 290.9879528650244 291.2854546760545 292.3948651369481 293.2121517563108 293.690247261608 294.9542776868212 295.5955092809219 296.5097266561658 297.6187766450063 298.3188763462032 299.5766642554552 300.771122698548 301.2022492965197 302.5323800106144 302.8998197463887 303.6298604750142 304.2707468561931 304.4105546725717 305.5432249701028 306.0950353339676 306.5412725575666 307.5266610770298 308.0044249647927 308.8351093130598 309.8174549224152
286.1144966136291 286.3812454827125 287.3399634278372 287.9111501595189 288.7725749196748 289.2708882833456 289.738730514955 289.8977203742576 290.0237956543126 290.2254181358146 290.2273362977633 290.6737383972664 290.5171508621085 291.0183376288458 291.0896042092245 291.3904676535538 291.9061271178455 292.1529859550358 293.27769564545 293.8966595558136 295.0030281838247 295.9731821307258 296.6999058612632 297.9963944642855 298.7146642482695 299.7234885344033 300.5722542056489 301.0473220771572 301.9810439858572 302.3167202718533 303.0889237810061 303.7388509330028 304.0707955670507 305.0139513573934 305.544609146475 306.2127507984305 307.0952317948648 307.5435430876215 308.5222757773511 309.294749818012 309.7200258857451 310.6815577630189 310.9634715272526 311.6544403531234 312.1264270463997 312.3469370767868 313.0789653818925 313.2623395535475 313.8386247127581 314.4225347180605 314.4627921140453 315.3779591089398 315.8262739926139
300.4886558981655 301.0621395822699 301.132642350846 301.9271845416851 302.1768898758004 302.7349830712235 303.0139774012175 303.3172916212775 303.5943021755051 303.6820517528066 304.0663752533151 303.9685746694507 304.5132478436516 304.5386187174356 304.8979871595082 305.0540889794794 305.1893519311312 305.5271665714058 305.5100588266355 305.9903904497672 305.8269067678143 306.2940199659541 306.2116874086622 306.4794829564245 306.97804552248 307.636588856563 308.5637301691618 308.9070683199456 309.8590682604229 310.3679240558896 310.9026365700171 311.6229340989929 311.8499365585598 312.6927761436219 313.1954362271965 313.601351094153 314.3870106173929 314.728672298705 315.4150896024094 316.0395725383796 316.2512728083433 317.0987894453382 317.4049971616739 317.8462325297885 318.3256167417065 318.314848696697 318.9972910269566 319.1406069658419 319.4624481821352 319.9069612086944 319.8582902087249 320.5149076486912 320.818513152019
305.5616713102148 306.1983551824325 306.3918317131386 306.8627450876634 307.2247423506392 307.4927323036156 307.9801940244431 308.0029973861091 308.5689683052797 308.5267948221892 309.0126177760929 309.0723654913622 309.3603176591083 309.5217503989765 309.613363372378 309.9034913073411 309.8189494983275 310.2970820710066 310.2172086079011 310.6747879482667 310.7055308167398 310.9418966007068 311.0717219248692 311.0842224512596 311.3418122208258 311.1598560441738 311.5672301352223 311.8632928388589 312.6692549342993 313.2432750804622 313.6446236975441 314.4166782971385 314.6848537636467 315.4071314255397 315.9269720285305 316.2230475150436 316.9951739761636 317.3100789354032 317.8490641569708 318.3914394990741 318.4792891039526 319.2392804737434 319.4875600943966 319.8361399815712 320.2962882950328 320.2417372191342 320.8891941145811 321.0874904050925 321.2863653253202 321.7525972618504 321.7587105412086 322.2602787804089 322.5981365481372
300.398349803912 300.9271361539106 301.035682875463 301.7576119808109 301.9648626950095 302.5464640078861 302.8620452948643 303.1601719701878 303.4992228695417 303.60195907611 304.0165429135557 303.9214673422165 304.446966496186 304.3879468844419 304.8417850989843 304.9946949771544 305.3386804323279 305.7402151375786 305.864430944066 306.3505597056964 306.1705399927171 306.6383248992319 306.5503564838238 306.7944436403636 307.2699557765681 307.8698135931563 308.6581225124274 308.9284139006039 309.8832956958757 310.3860715898879 310.9377296994079 311.6824049666337 311.9728602412632 312.7737917292919 313.3188137908242 313.6712002867326 314.4597741274218 314.7440103569108 315.342451699087 315.8120242169783 315.9831304260658 316.6889380620935 316.889274836782 317.3915250830011 317.8555485928004 317.8879243760761 318.6310714392495 318.8937797966611 319.1896579321275 319.7034085861098 319.7218987481409 320.3167466316452 320.6983270577355
285.9744511945909 286.3288724828892 286.8222635618743 286.9273521690278 287.8181413000025 288.1864602768039 288.701817239507 289.0562507019547 289.2770225332159 289.7299037273845 289.7878249665792 290.3368397046691 290.2581200749336 290.9274916408957 291.2526775517095 291.8537006411644 292.5336316164249 292.9403604757501 294.1561158059648 294.8798989828127 295.7971039587621 296.6992356833429 297.2125857625674 298.2987783221038 298.816072934237 299.6754585517084 300.4733924005444 300.9421553254246 301.9777830054404 302.4979428357626 303.3183689242281 304.1827143926989 304.5162476572403 305.6008196316093 306.177746716019 306.7525931739031 307.535276838743 307.7122231138963 308.5573600532583 309.008577832385 309.3861337869619 310.1623584329025 310.3876996982816 311.1729561222419 311.7406154478632 312.0010954581872 312.9238938618187 313.2912298039199 313.791266436178 314.4325559841927 314.4532139641746 315.3338914794658 315.7831505884545
283.6014657617131 283.9159757416882 283.0925273613875 281.6568372597412 281.1224607013074 280.600417495862 279.8935729945125 279.2595320123049 278.979821197086 278.8764386581122 279.5064569333135 278.9881784380819 279.8390623875115 280.5664451815416 281.9482608620493 284.0267951537026 284.4714979979435 285.4224420620645 284.573153332945 283.0328448286562 283.5675192478794 284.8049860111535 285.3501753240806 286.5936567345645 287.0641736115521 288.1393460571755 288.9941695369293 289.5181083578443 290.8116804969592 291.6565605249448 292.5320476268695 293.8098089801423 294.4276289088045 295.6639014074215 296.4356156984631 297.0425509129018 297.9376399296905 298.0580083160908 299.1473613633696 299.7206615454211 300.2412785032205 301.3425047798081 301.8202984021323 302.6566817390455 303.551524605481 303.868991661994 305.152303710456 305.9968364233586 306.4057136123915 307.5088268350107 307.9130845921213 308.7673271042851 309.7543622920462
286.7391275379318 286.3451575070723 283.2351416717874 279.7091520140652 279.7473295404882 278.9712358930133 279.2204536075204 277.7833328824344 278.0807594514127 278.2694041976941 278.0442936649684 276.9347192622303 277.7829727108909 280.1418460636551 282.6618552714441 285.9221912342189 288.6714752936708 288.3418999359002 285.5388236569065 283.4211488268302 281.2830106595716 280.544890185534 281.6966616786353 284.5660997005446 286.0476937802939 285.7982027788186 285.1302491656059 286.9793197234723 287.9213931250877 288.9330586602393 289.7359231249526 287.1721081683745 284.9857295855087 285.7362718498769 286.5345834084129 288.0670681956569 291.4580930539867 292.8348108690713 291.7404344223906 290.865516185252 292.3483769830103 292.977539397125 294.571078636341 295.0982442840437 296.480637662048 297.6307858826902 298.1078053678808 299.898773672388 300.5436537724434 301.368522137283 303.4711704981472 306.3290808035495 304.3944203413
284.1901883611573 285.1461503982964 282.7796935352442 278.3921235644848 275.6481014024595 277.3547129983683 277.7406922569288 278.1039393662041 278.9388121669313 278.6727050034111 278.8414793679929 277.427114594617 276.4978960337555 278.3720755447409 281.4393520267723 284.3079246563042 287.398102593421 290.0125365817983 289.9309151472386 284.9182629154312 280.6022847861184 280.485827399148 281.8653381661319 283.6506942390411 286.1997914660093 283.9863032528095 284.9455959801802 284.4644277048488 287.5273499867593 290.3671033085281 291.3478671520018 290.0326665161872 287.8052501458358 286.1514178251038 287.9193738197446 289.5488393551462 291.583377158623 294.9748466148341 291.9134391757987 291.2391587083238 293.1911856268486 295.5009790347465 292.9331128203827 288.5631041685402 289.7476601969352 291.0267332540926 292.4282043707375 293.4329660421807 294.4327065662176 297.4112686510032 302.4935359764539 305.3378121258543 307.885019506884
276.6760345591377 278.1839171681731 277.232837000302 273.5604637813202 268.875702274073 266.1959631549755 262.9211435155939 262.538208241571 282.1447266044132 280.1198179335126 279.6992742676907 275.0601968762565 272.5387306941918 273.0296553313318 273.5120771438189 274.936271707757 275.9735934463945 276.4886324705667 287.5351545026705 292.2011246163075 286.0690176389868 277.7143687447018 280.0931817188488 284.4587314736086 285.7811958354435 289.9283656173343 284.2316626799208 280.5819247479763 282.9477963837264 282.3047026474274 283.152319616027 284.8474334455811 283.347728329585 283.6907695522391 283.5883062498257 293.3000061394192 293.257294157379 297.0542210024575 295.8433448604451 295.1251520209616 292.0743367497043 294.4555481276483 300.0064566831051 294.698792969668 290.0647794703638 291.4519126301128 294.105236701512 294.2272275060449 289.1246155072726 292.6976245507244 297.1159430875727 299.8990703152554 303.2143417812995
