benchmarks/avaHockeyChannelEntTestPy/release1HS_72810b82a3_ent_ref_pfv.asc
ncols 1001
nrows 401
xllcenter 1000.00
yllcenter -5000.00
cellsize 5.00
nodata_value -9999.00
[rows 184 to 206 of 401, columns 159 to 211 of 1001]
0 0 0 0 0 0 0 0 0 0 0 0 0 0 0 0 0 0 0 0 0 0 0 0 0 0 0 0 0 0 0 0 0 0 0 0 0 0 0 0 0 0 0 0 0 0 0 0 0 0 0 0 0
0 0 0 0 0 0 0 0 0 0 0 0 0 0 0 0 0 0 0 0 0 0 0 0 0 0 0 0 0 0 0 0 0 0 0 0 0 0 0 0 0 0 0 0 0 0 0 0 0 0 0 0 0
0 0 0 0 0 0 0 0 0 0 0 0 0 0 0 0 0 0 0 0 0 0 0 0 0 0 0 0 0 0 0 0 0 0 0 0 0 0 0 0 0 0 0 0 0 0 0 0 0 0 0 0 0
0 0 0 0 0 0 0 0 0 0 0 0 0 0 0 0 0 0 0 0 0 0 0 0 0 0 0 0 0 0 0 0 0 0 0 0 0 0 0 0 0 0 0 0 0 0 0 0 0 0 0 0 0
19.43666908611792 18.46282701352943 0 0 0 0 0 0 0 0 0 0 0 0 0 0 0 0 0 0 0 0 0 0 0 0 0 0 0 0 0 0 0 0 0 0 0 0 0 0 0 0 0 0 0 0 0 0 0 0 0 0 0
23.74032632791775 23.53120424681613 22.23146377879721 22.17283488055347 22.15207891486442 18.20973211230868 0 0 0 0 0 0 0 0 0 0 0 0 0 0 0 0 0 0 0 0 0 0 0 0 0 0 0 0 0 0 0 0 0 0 0 0 0 0 0 0 0 0 0 0 0 0 0
24.54469600199613 24.48403616786975 24.36247807442169 24.2493967552535 24.29129885138037 24.23230807186012 24.07124443556129 24.03354470888195 23.9272589123951 23.89132398533517 22.73057362090931 18.85742669560365 0 0 0 0 0 0 0 0 0 0 0 0 0 0 0 0 0 0 0 0 0 0 0 0 0 0 0 0 0 0 0 0 0 0 0 0 0 0 0 0 0
27.13165407131366 26.89856576587083 26.59638118293638 26.32896611580473 26.10652733989252 25.8394216231796 25.63180744993994 25.47445533949772 25.54493101851797 26.39954181401579 25.36175524855527 25.56143174974224 25.66952467395179 25.81266515144553 25.68361156846823 25.66866973673306 25.53547806800421 25.24379334591507 23.96339927408365 0 0 0 0 0 0 0 0 0 0 0 0 0 0 0 0 0 0 0 0 0 0 0 0 0 0 0 0 0 0 0 0 0 0
29.51343267167211 29.24539750950221 28.99687741581293 28.75352156465961 28.55647263388229 28.37371817368466 28.19332850221897 28.05841165281269 27.89720532150865 27.72888751460496 27.51822830337133 27.38204048534645 27.20348380716517 27.10429700201707 27.25793151164968 27.46139022123514 27.71834950687443 27.93318357757908 28.14491657645901 28.12330453431188 28.07536416787135 28.30678284753622 28.41295928298741 28.47155852994481 29.48147760210172 29.92048097812648 30.20234275613407 30.29158360878819 30.67361520799453 30.67656697404985 31.30065061988922 31.38788883932064 32.25569705277257 32.27477812960912 32.24544003010119 32.0654500170044 31.76701546033246 31.42014202320331 35.11226437749064 35.11226437749064 34.9049800950729 35.15395596684855 35.00456966093832 34.87870743791161 35.05597547764733 35.06034007128618 34.96940395782689 36.27913018720016 36.09627262475894 35.97554029228926 36.03236425874936 37.13892613224283 37.01223760521151
31.69467958959069 31.52505798333599 31.33187764109624 31.1495044613896 30.96866957155025 30.76537137263589 30.56933134747386 30.35654104449663 30.16991796539398 30.0201954756676 29.90873381188802 29.82944512585233 29.73024326549686 29.69429790725398 29.68315360639757 29.63798624182295 29.57758220497971 29.54747365148771 29.50971485237146 29.68790130292914 29.93699229589961 30.12443762600656 30.32175445343594 30.60848311721979 30.87795815373511 31.28788081360376 31.87415402045322 32.30674727127865 32.88842354987997 33.49735224043244 33.98201394917396 34.40356819653199 34.95613363241356 35.26903501049095 35.5915989680493 35.87140725678969 36.1199615814584 36.35794011754655 36.67132317251077 36.94832101851323 36.92694131726893 36.96455172873682 37.06044363851911 37.28254345013148 37.51812489709996 37.73006326833497 37.88234526290151 37.98354876880597 38.19453828429786 38.2264007705716 38.22599025885174 38.31173409835746 38.45011525666309
33.40374166193081 33.34028191797231 33.25022009276814 33.17240577064613 33.07624954885429 32.93660890721296 32.84437783144494 32.72859114001581 32.60928106530252 32.50688930488207 32.40922649051232 32.33705202665393 32.29553499817206 32.2319997803857 32.18332514753508 32.16000416732458 32.16831250493565 32.22707514562272 32.29037028505267 32.41522805741725 32.5747555475996 32.77478596638067 33.07173662045801 33.37058397070378 33.73268945863473 34.07288634103389 34.50131013958696 34.86218596336548 35.24199577160567 35.6314707302165 35.95596581669255 36.35712662406718 36.66396266996068 36.96122710489504 37.29992570448444 37.60462152810534 37.91509328549254 38.17755663088946 38.46999124389237 38.68055080585154 38.83688831011558 39.00525690094985 39.12223312423203 39.20111174920421 39.31653107092755 39.41743506312475 39.59962583554209 39.73737725858287 39.83534986868163 39.8639096864813 39.98165113690521 40.10521761939855 40.22825439924571
34.70118782292941 34.74034815636902 34.75885425194381 34.76127579268996 34.76777945755017 34.75936181852991 34.75145263005903 34.74158443771086 34.70701354783702 34.69787977187217 34.69179454686126 34.67367502820439 34.69943009411043 34.70575498410594 34.76524964485183 34.81557915338486 34.90052851798871 34.99096200108377 35.09018631018661 35.21881929506126 35.40209411523055 35.58945456472606 35.80779475052895 36.06052174096194 36.31913615989025 36.61152967379316 36.92271202935256 37.21336535085373 37.5262078564228 37.84647494339471 38.1094494309254 38.37979772166033 38.68016198185069 38.96185457777951 39.24167057932195 39.50481703065855 39.74188214043419 39.9843619915082 40.20049062399656 40.37038051986267 40.57256145381644 40.75292552906238 40.90722075992286 41.02340399270901 41.13996655908762 41.29321296908388 41.41981898048616 41.52297990836151 41.59246834418499 41.69113432872921 41.78005145971558 41.85639786646372 41.93889942613595
35.62352387858994 35.75920419250222 35.86442515914882 35.97811001478255 36.07383001277682 36.16483578094504 36.2607249952937 36.325896907209 36.42511687767256 36.49426448298053 36.587017860077 36.67494993791232 36.7592234961138 36.86913397955542 36.9764762245945 37.12563450802461 37.25754721144352 37.41499481346005 37.58097827155802 37.7419830632725 37.93606052036162 38.12374620585846 38.3360471169532 38.55363831005536 38.77142419510712 39.01979992414964 39.25201458245182 39.48239733841586 39.73637453442354 39.95727145952284 40.19294683386231 40.4362459019645 40.66100471007535 40.87344583954309 41.10563996719286 41.32321711060512 41.51965578114955 41.71232675236543 41.90285285095358 42.07200486753938 42.22595353032139 42.39342788795476 42.54329320287314 42.67096278215697 42.77885214509745 42.9139987882631 43.02896111016157 43.1237684956393 43.20203608232897 43.28723075876402 43.38063892069901 43.46165521584889 43.5293849555191
36.21119963971834 36.4263904006076 36.61419989406575 36.80995351181171 36.99579959861079 37.17995445305536 37.36016286219292 37.53480336400789 37.71660528616349 37.88637995755742 38.06138337270195 38.23448643803975 38.41465967525251 38.59127444016499 38.76551863956701 38.95804189794187 39.13345412924565 39.33930257454988 39.5231773865639 39.73056209496502 39.92597173192017 40.118676512879 40.3329082795572 40.5281060217299 40.74176883086666 40.95691046653032 41.14881272874548 41.3737235682331 41.57482455605727 41.77426861359654 41.9826130548439 42.17397858335815 42.36322098970933 42.56398210400224 42.75123638113689 42.92224929228856 43.10829180829597 43.27876904361666 43.42305240056948 43.57494556144279 43.72390029903333 43.85738490502337 43.98066747095848 44.11809361589052 44.23828262178558 44.33909100968183 44.42916619132756 44.530414820288 44.63069303464145 44.71776495641319 44.78491536730512 44.84783514465352 44.92628358270319
36.5947290800375 36.8419199923318 37.11153876905264 37.3513986597702 37.61979880801245 37.86033244996376 38.11353152751875 38.35675610656392 38.59260472236234 38.83854309959349 39.0557571409876 39.30498756120706 39.52867457486506 39.75491687022642 39.98551812774625 40.18707510782819 40.42201707115836 40.63485951536957 40.8466582203288 41.06930110009966 41.26962330513719 41.49020906194043 41.69940970119301 41.89816476540326 42.11513991720802 42.31197864952774 42.51361825272656 42.71558821617118 42.89638254427286 43.0980649088583 43.28452251609703 43.4569577131796 43.64727714144774 43.817972158336 43.97517992430878 44.15186149107279 44.31048946046167 44.44888606467099 44.6099267117221 44.75044909308811 44.87392101024267 45.0060336043814 45.13469770726044 45.24711549451147 45.34294966825887 45.45306955730688 45.55346692030661 45.64267631375799 45.71977032730135 45.80240507760205 45.88679618000545 45.9576896846269 46.01568096137093
36.85621739728511 37.15170474986714 37.42840257275348 37.70663493659175 37.99572799509079 38.2648744666007 38.54890056854116 38.82990395098914 39.08668384495481 39.3702669363073 39.63693693282374 39.8858140604891 40.15920095250521 40.4087818519139 40.65399354228193 40.90911128611555 41.13753509123658 41.38220397879009 41.61627007267701 41.83094286224448 42.06931573398006 42.28248678197825 42.49888498107967 42.71546755528176 42.90763125188896 43.12513559044834 43.32121223429726 43.51080745376411 43.70979229234182 43.88533483159124 44.07111455144931 44.24927861468371 44.40867099392145 44.58453176299471 44.74693798704111 44.89085959247588 45.05043259509478 45.19856892411558 45.33101524848449 45.46731969888097 45.60227666012531 45.72214985157936 45.82766398718591 45.95063492076127 46.0597085359421 46.15631267770239 46.24021239865912 46.34135464869458 46.43158657607 46.50872990660039 46.57442660078727 46.65049361214464 46.7244065441729
37.06194290759625 37.34312255722104 37.60438916830942 37.88602239142285 38.17239889071151 38.44143135595679 38.72321052878772 39.01170754163756 39.27933997410549 39.55633905592158 39.83821390682133 40.09701079828331 40.36753114400457 40.63651224783244 40.87815470081826 41.14489629697156 41.39260211098958 41.62509157961357 41.87576280382246 42.10116846889215 42.33177555429927 42.55979268514055 42.76218599466362 42.9904625582499 43.19638311102617 43.39694208600167 43.60243058086561 43.78544536582863 43.98033006423326 44.16554962866613 44.33164564982691 44.51735205541402 44.6850030340524 44.83910281805969 45.00806806562542 45.16023798680714 45.29667021338884 45.45095926661067 45.58995176745058 45.7137249534225 45.84457336303228 45.97178056608303 46.08500291963935 46.18498083299702 46.30151945570415 46.40564570041464 46.49668851674015 46.5762054397768 46.67275698777921 46.75793175518213 46.83149386105043 46.893382274651 46.966654919775
37.15619178363468 37.40960117098576 37.64456916289657 37.91868971924031 38.17313475254057 38.41361047002937 38.6905488900931 38.94813779807208 39.18707328543289 39.46402846959354 39.7226243592611 39.95883582776084 40.23173707763578 40.48288917344253 40.71671062955787 40.97677492570946 41.21138603136234 41.44535269221057 41.68429885560447 41.89684095684981 42.13421420369185 42.35236731888374 42.55913343644749 42.77866146249013 42.9734620066796 43.18060594835725 43.37791786423568 43.5561214913434 43.75574208304482 43.93467541528202 44.10700492277645 44.28956418042124 44.45164748981186 44.61105821425669 44.77652513276033 44.92406158382801 45.06602267147569 45.21800333888169 45.353390152355 45.47398194399498 45.61286684708562 45.73703332250852 45.84665519387836 45.95513489815824 46.07006745127894 46.17160459273093 46.25958144871699 46.34645785023668 46.44113825521097 46.52413494267629 46.59455931667854 46.65601799215536 46.73534346043242
37.0789717652158 37.28332154116733 37.52532081522535 37.73640515995081 37.9560351855573 38.18397210809916 38.3887956566772 38.61538853418567 38.84071064617273 39.04823724620779 39.27698168562368 39.50669027809462 39.71852651210676 39.94892191752277 40.17957670207878 40.38967449799275 40.61785533923693 40.83632905863676 41.03605967199433 41.26292574671383 41.46897713926229 41.67059027092694 41.88193754836558 42.07196446127855 42.27491051218428 42.46974095951951 42.64940529512937 42.84882720709923 43.02898766624667 43.20520624236194 43.39235822453612 43.56117661738925 43.72629859389793 43.89693307618445 44.04791181788972 44.19678000216901 44.35538895893041 44.49979662138714 44.62724766937572 44.77351377221873 44.90688067602063 45.02360224944152 45.14476405527911 45.26847557535103 45.37663688481553 45.4708618929324 45.56709910960426 45.66743691121399 45.75498245671115 45.82667749555812 45.89745904376437 45.98139700718109 46.05136368794868
36.74286232460209 36.93353866466335 37.09719780467984 37.28516548612022 37.43838748479481 37.61845689767694 37.7819126453986 37.93968585652159 38.11324584729329 38.27035088768573 38.44403727317102 38.62374113837169 38.79303871974648 38.97894299385428 39.17273812008325 39.35554719973045 39.54048407454121 39.73840301873962 39.91688872315689 40.11430419742975 40.30957090448192 40.48720744412919 40.69319770648905 40.89178828949298 41.06422169919281 41.26319162416883 41.44441674957181 41.62101368386043 41.81812816410444 42.00021575751339 42.17417322717653 42.36481475088711 42.53545171190315 42.69412650417401 42.87038559476609 43.03514837307907 43.1787340508136 43.33377298824473 43.48337544371037 43.61778261562652 43.74051800051787 43.8853455884839 44.01544994352529 44.1257984948577 44.23239605413131 44.34724524172689 44.44911258622616 44.53546090433915 44.61962884879539 44.71747312760768 44.80062028681194 44.86764241735307 44.91881112084468
36.08625309804414 36.22331264719428 36.3306686279093 36.45455399830512 36.54920154321989 36.65685398927355 36.75368889394932 36.84821118062136 36.9472117995123 37.03521260329958 37.14853226645678 37.25764595247545 37.37238361524015 37.513230403139 37.64958023322404 37.78418128198546 37.95226457463219 38.11854916185038 38.27137346277173 38.45236977619882 38.62062076578198 38.78535496676419 38.97875449728673 39.17500469969691 39.36530204359531 39.57589757989569 39.76176916200834 39.95178734207791 40.1744419992371 40.38793512229211 40.57695758035078 40.77889272099711 40.95875738625593 41.12710545903703 41.3111718381036 41.50378759347415 41.68025608303608 41.83158643555434 41.99514340328611 42.16363334599117 42.30756049056794 42.43168534305511 42.55435737814946 42.67835503561795 42.78372534769076 42.87303430616412 42.98752250207663 43.09912537608552 43.19788951428036 43.28366970113902 43.34535560438428 43.43981555908959 43.52095538150689
35.05614205478442 35.10713328786944 35.14123595855929 35.1798592202551 35.19584078647127 35.23221323778535 35.24081913112314 35.27295646551327 35.29030058312893 35.34019121161514 35.36664674694465 35.40829158072974 35.47096868141659 35.52476131263554 35.61190130506004 35.70987581220946 35.80912928962488 35.94029490426407 36.09004270763106 36.25302303667846 36.44410565519141 36.64214440523969 36.83214885493546 37.04578090703253 37.27420876460793 37.50197697410444 37.73689396906852 38.01858646673517 38.28291522150671 38.53729348742446 38.73581827959651 38.96568832732007 39.17548080059156 39.38486243680602 39.58539125571795 39.79233300170871 40.00373022806242 40.20509849472775 40.3926130947873 40.56047569878841 40.69853518235365 40.85599759438401 40.96890001299579 41.03563828349682 41.15737053381878 41.27568730249875 41.39223791896928 41.4997067603824 41.57508198978456 41.67410782129996 41.75397084883053 41.80126736242533 41.83813657284897
33.61675410488252 33.56581735398282 33.51006062453912 33.46943427080357 33.39557483222297 33.3374938151607 33.26521662938558 33.22290075211139 33.16524440574791 33.11170482726908 33.07096647296182 33.0491490602323 33.05847104546002 33.08070666093916 33.14498476484256 33.20570248449857 33.29426667709097 33.416450562023 33.64038830215612 33.87616651932915 34.07263293593486 34.32294617499826 34.60858912767193 34.84766536392965 35.0555088308412 35.34366990025419 35.62334342736734 35.90598540211972 36.28433932278707 36.645589488269 36.97744278874049 37.20849282109226 37.43238956305175 37.66611664888012 37.88717119941388 38.13579212805038 38.40487116607683 38.57837856526614 38.698862438586 38.8152535450364 38.97895806109754 39.12768355555898 39.21349017475601 39.24444021929488 39.35961973184432 39.4713276764266 39.60224156227612 39.7395060986176 39.87670080700524 39.97810106741782 40.07269317045473 40.08131870230972 40.0485429188596
