benchmarks/avaHockeyChannelEntTestPy/release1HS_72810b82a3_ent_ref_pfv.asc
ncols 1001
nrows 401
xllcenter 1000.00
yllcenter -5000.00
cellsize 5.00
nodata_value -9999.00
[rows 184 to 206 of 401, columns 212 to 264 of 1001]
0 0 0 0 0 0 0 0 0 0 0 0 0 0 0 0 0 0 0 0 0 0 0 0 0 0 0 0 0 0 0 0 0 0 0 0 0 0 0 0 0 0 0 0 0 0 0 0 0 0 0 0 0
0 0 0 0 0 0 0 0 0 0 0 0 0 0 0 0 0 0 0 0 0 0 0 0 0 0 0 0 0 0 0 0 0 0 0 0 0 0 0 0 0 0 0 0 0 0 0 0 0 0 0 0 0
0 0 0 0 0 0 0 0 0 0 0 0 0 0 0 0 0 0 0 0 0 0 0 0 0 0 0 0 0 0 0 0 0 0 0 0 0 0 0 0 0 0 0 0 0 0 0 0 0 0 0 0 0
0 0 0 0 0 0 0 0 0 0 0 0 0 0 0 0 0 0 0 0 0 0 0 0 0 0 0 0 0 0 0 0 0 0 0 0 0 0 0 0 0 0 0 0 0 0 0 0 0 0 0 0 0
0 0 0 0 0 0 0 0 0 0 0 0 0 0 0 0 0 0 0 0 0 0 0 0 0 0 0 0 0 0 0 0 0 0 0 0 0 0 0 0 0 0 0 0 0 0 0 0 0 0 0 0 0
0 0 0 0 0 0 0 0 0 0 0 0 0 0 0 0 0 0 0 0 0 0 0 0 0 0 0 0 0 0 0 0 0 0 0 0 0 0 0 0 0 0 0 0 0 0 0 0 0 0 0 0 0
0 0 0 0 0 0 0 0 0 0 0 0 0 0 0 0 0 0 0 0 0 0 0 0 0 0 0 0 0 0 0 0 0 0 0 0 0 0 0 0 0 0 0 0 0 0 0 0 0 0 0 0 0
0 0 0 0 0 0 0 0 0 0 0 0 0 0 0 0 0 0 0 0 0 0 0 0 0 0 0 0 0 0 0 0 0 0 0 0 0 0 0 0 0 0 0 0 0 0 0 0 0 0 0 0 0
37.30984856349249 37.40405984881414 37.1286957517629 36.98260146088646 36.99080763306752 37.4840796595627 37.86667452808212 37.84916492403521 37.74991402009683 37.59096070061866 37.98481551560229 38.11663351040977 38.60206378848235 38.94929765655992 39.15074694904656 39.21486287282574 39.27607080103383 39.32528794493658 39.37749324759287 39.56031497207324 39.5512576130492 39.64570251487467 39.47324257430379 39.35618250437751 39.12949969054284 40.2503985592077 40.2462790947834 40.51814577527391 40.23582688994291 40.42701127619665 39.84153194174682 40.14062317312071 40.59976914823537 40.38212732187969 40.29871685432147 40.86637251254828 40.59127356666204 40.95045033811004 40.71053489744742 40.54575948689892 40.1590132308803 39.84989693105762 41.25553841071434 41.05794908723695 41.01335592688444 41.17713739376576 40.59562684947595 40.84814082109377 41.06081438921166 41.06166345325703 40.88351017036715 40.53066325928048 41.54160898441437
38.56410370938813 38.56150075018984 38.56069021907756 38.66877523505115 38.65877328187126 38.69134204267223 38.68192473516766 38.84554200044064 38.92708270929555 38.93810922816911 38.97821792169129 39.2309447816374 39.43762531760785 39.60350670202489 39.73452461517986 39.94664213941231 40.08528461303469 40.18750655035944 40.22363237067865 40.36091481939846 40.45705056582755 40.6351766291407 40.70978460887602 40.76506669919295 40.75468407115088 40.78661326280392 40.90739281454002 41.08435717097086 41.24696570653104 41.29563501060213 41.27256634044355 41.2417562455036 41.37009950082538 41.44620751709776 41.58803107379941 41.6378222073693 41.64873203617982 41.6834150538003 41.80093174298697 41.95277154836755 41.98125956633738 41.95744902870004 41.87951478587089 41.95907613132028 42.01017829049436 42.09518063883933 42.24136450059864 42.3279708586779 42.33218077804808 42.35131882297041 42.43105806743174 42.48178432392213 42.57636360513442
40.29876933023392 40.30835289589696 40.34989697344464 40.37908558612562 40.36842350242211 40.39657853814681 40.4363482531806 40.43352244197554 40.47097227364449 40.49782477197239 40.55782283612479 40.72222057795861 40.87028002422448 40.99528367405566 41.07801847322495 41.20072374986565 41.28368351710667 41.34137382525793 41.37922895615225 41.4669784745077 41.55740974874716 41.62786241685516 41.65322192984345 41.67503287841718 41.74901953077804 41.85857779298518 41.96118877725883 42.05888388372961 42.12814130982325 42.12773500819463 42.19938575138266 42.27454890876365 42.36034253536245 42.41465308078635 42.48771289828897 42.49640209936544 42.58361925398607 42.66243870196318 42.73627823728238 42.77895105167024 42.76411830911172 42.7987537348687 42.87283543178962 42.93562886886266 43.00346405259255 43.07487446017722 43.13819986968435 43.11374427406768 43.21494465853336 43.29339937144768 43.36959861206645 43.43583812765493 43.55789359985392
41.98720603251331 42.06622621233658 42.10820843817436 42.12119160516973 42.13480224768793 42.18493843347566 42.21197230464223 42.22586068392435 42.23568843941374 42.24960747820932 42.29570469493846 42.34009628825348 42.40481130758232 42.45103383605549 42.48891083271889 42.56307007362262 42.60037435819358 42.62500257632697 42.65400068541531 42.71307160862729 42.77411130542869 42.81983738328496 42.84477957232259 42.87890232403889 42.91585986919057 42.99132578703154 43.05626144973821 43.12126000324815 43.17850718742327 43.20420713612793 43.26519907502973 43.3330364344386 43.39471548070374 43.45557963343067 43.51305359531509 43.53246625006643 43.59820507743284 43.65980172580663 43.70276891004013 43.72318392342764 43.75090108639662 43.79632107648507 43.87566554925743 43.95908875421057 44.03421605559157 44.09385236327848 44.13184202644233 44.13373094746633 44.20989188973858 44.26884929393956 44.31068555500825 44.37687687580841 44.46876535329123
43.58146699651054 43.63606027640966 43.69435582720727 43.73702237565687 43.76431353003864 43.77613176511762 43.81625467219177 43.85140560223853 43.87835461016177 43.89311414272051 43.89557320775429 43.93346471669189 43.96289168437266 43.98850665253455 44.00134607303302 44.01046484074252 44.05132296696357 44.08755577322938 44.11587581789063 44.13895035484042 44.15897086954011 44.20018583842831 44.24259925707136 44.27968234950023 44.30480210767002 44.32140898769863 44.35682193707856 44.40924285392988 44.46072322258014 44.50419015719392 44.54250692481008 44.58409580726514 44.63350804659882 44.70442313434562 44.76717180149926 44.81338796566462 44.83442119384249 44.87042636688181 44.93100183689956 44.98154011142584 45.02521931970212 45.0675295082573 45.10636917321386 45.16097732060162 45.23132386037859 45.2908391852619 45.33954514710621 45.37337108110091 45.39366718822991 45.45297451214729 45.51178232790675 45.57514624629264 45.64399750784803
44.98976197743371 45.04133542175716 45.08454266883545 45.12821082881475 45.17780125086771 45.21822672902713 45.24482248858381 45.26310041131666 45.29006638371766 45.32498544320782 45.34984876497243 45.36869142016676 45.37779385156634 45.3960270672881 45.42999561703711 45.45667663418649 45.47561998424396 45.48764954228409 45.50163053963722 45.53973083958013 45.57488717272735 45.60474340067991 45.63065038818354 45.65159621560738 45.67967627996489 45.72109162688015 45.75555749943791 45.78282375070405 45.805000452498 45.82850263338666 45.88176099987496 45.93063856895385 45.97800618193669 46.0221769059462 46.05875996752003 46.10359081145059 46.16140094228554 46.21247544688774 46.25472621788099 46.28953571780967 46.32256137714985 46.38382395838428 46.44261392598728 46.4985090032335 46.5466368524169 46.58542237615706 46.62600296485319 46.6886911729814 46.74243992227333 46.78819200166395 46.82915087356268 46.86824625536376 46.9232190595705
46.06674135660941 46.13437084437032 46.19275547878831 46.24235592494431 46.28229974914348 46.3131852334618 46.36044704616967 46.40049709980449 46.43260399657113 46.45691554152997 46.47439447526894 46.50839602790417 46.54321624156096 46.57229189637317 46.5953955932782 46.61075912816567 46.62738645636439 46.66320903150834 46.69259655869723 46.72001312486823 46.74039169741967 46.75549135209655 46.7926648587512 46.82867789248236 46.8605636234607 46.88802798187993 46.90674548962818 46.93839203515253 46.98201506574306 47.02067563514504 47.05360072919508 47.0854840530262 47.11388884804467 47.16883910849539 47.22394749521241 47.27221812009925 47.31278026207654 47.34532052308764 47.39134912559287 47.45065123676815 47.50366955990157 47.54999353595598 47.58911001716743 47.62429634530674 47.6887077740174 47.7503738331386 47.80543866946282 47.85194002216939 47.89338248517906 47.93529403060307 47.99870357092175 48.05643869932214 48.10879073732399
46.78774534913342 46.84043735719924 46.88513100504267 46.948348136048 47.00278878195979 47.04833466693266 47.08461424412979 47.11423180222631 47.1626006877765 47.2030112717422 47.2359752583825 47.26178263637869 47.28100327537876 47.31809269222999 47.35377163162109 47.38339834726579 47.40608705479669 47.42315082695121 47.4486672879008 47.48356825080087 47.5145608873259 47.54097929076204 47.56148492347448 47.57998637673153 47.62280191689694 47.66025894404979 47.69395673937631 47.72380584268718 47.74914959996233 47.78453111821323 47.83218644747425 47.87579190779169 47.91488452120994 47.94860034907191 47.97777525689683 48.03580120834955 48.08862166340831 48.13622167675665 48.17924530164743 48.21631830705435 48.26577466016699 48.32661059342212 48.38289049975538 48.43333016961421 48.47736600102046 48.51511260094433 48.57781555218931 48.63892579485231 48.69341128490686 48.74035656997196 48.77987326660789 48.82134835323465 48.88298064463753
47.03726560017157 47.09776745279061 47.14799318422811 47.19208382207756 47.25329514805122 47.30576623527769 47.34927485880694 47.3837559556041 47.41700674633427 47.46516341873723 47.50544514646916 47.53713387041511 47.56134048772138 47.58283010016036 47.62341451806113 47.65751564931276 47.6853296812906 47.70632981037024 47.72071335648413 47.75709181284845 47.79103978227305 47.82006462213277 47.84365145463557 47.86212748851157 47.8927702638891 47.9339989933039 47.97037946283587 48.00257889572917 48.03060686369837 48.05423692794465 48.1031161795616 48.14917424630931 48.19125801362352 48.22939490554661 48.26316195284517 48.30256577112209 48.35913821637969 48.41168225079972 48.45972520295103 48.50216230440695 48.53987364800655 48.59718745488602 48.65742067100884 48.71141690137978 48.75972009634106 48.80120544417063 48.8434622905412 48.90569480643363 48.96184716746025 49.0119511805683 49.05530689132411 49.09255545180245 49.14107157052552
46.80427638631463 46.86199598730574 46.90905803938243 46.96206829679463 47.02016893776629 47.06901994757456 47.10899877011723 47.13951116903638 47.18382192299779 47.22860451774726 47.2652271855138 47.29361930769995 47.31322384455537 47.34697943085586 47.38387441166564 47.41324044067331 47.43571849900579 47.45073257559736 47.47870941337744 47.51344088909446 47.54214908630806 47.56578029955027 47.58368445395986 47.60505312631959 47.64510355742691 47.68059214995998 47.71100551793204 47.73816774132456 47.76121017663232 47.7988857408661 47.84488007184013 47.88726972671745 47.92614315846158 47.96141053014343 47.99205591235047 48.0477808492227 48.10331258585192 48.15480072074149 48.20208075778148 48.24280101257759 48.28653826525475 48.34983722122982 48.40714743356256 48.45648536199405 48.49907889582633 48.53458397780089 48.59128234374084 48.64908517051902 48.7002145464131 48.74565150968061 48.78456883237651 48.82342146946926 48.88529527569027
46.10667138774865 46.15279715071097 46.21962329722935 46.27529787413943 46.31946999083331 46.35274049004921 46.39474333479188 46.44278941512209 46.48111433641242 46.51092001063086 46.53181203033246 46.56338065769398 46.60016256188651 46.62800217655189 46.64946604947421 46.66347893965206 46.68634059436908 46.7215219354847 46.7500504854737 46.77188047138359 46.78672445969075 46.80401738998885 46.84203640891481 46.87117922363654 46.89335044746188 46.91116268208579 46.92649670275394 46.96303559311839 47.00306838560527 47.03892758387818 47.07378615792494 47.10505773017972 47.13316974307648 47.18299485057437 47.23746440054166 47.28963251668468 47.33654270833492 47.37799339965618 47.41980251523563 47.4833392795415 47.54185114850029 47.59109023432575 47.63083671447521 47.66333911264474 47.71788342017089 47.77352938476938 47.82425777921384 47.86903871866634 47.90766468408371 47.94617284859315 48.0113644189921 48.07234408781586 48.12667922600154
44.99994614001886 45.0640388447201 45.10983065951943 45.1432493693579 45.19371643854289 45.24416748175101 45.2840563776187 45.30925363669642 45.32777280465594 45.37214460419826 45.40437187331153 45.42953202775119 45.44527994468532 45.45526936734308 45.49182185752858 45.52111846996306 45.54388183325527 45.5615666111602 45.57271972334074 45.61069951621877 45.64501150564863 45.66930787343561 45.68205165820668 45.68626536281392 45.71717329990491 45.74609714748753 45.77141181728692 45.79248868017607 45.81076524452818 45.8358842422447 45.88271633804433 45.92670745978798 45.97296519641097 46.01650854839595 46.058642165942 46.10068348508396 46.16967976625323 46.23112743851433 46.28251846401103 46.32291369747251 46.35184556955475 46.41048696786114 46.46301846380653 46.50801062736116 46.54383302573461 46.57428135510065 46.6198286272943 46.68253592965868 46.74230687375943 46.79353384339069 46.84180958556689 46.88287075246431 46.93271778885514
43.5796280774636 43.61233644410594 43.67806705772045 43.73713770338446 43.78661363746914 43.8125637466816 43.85283063498009 43.89188054395964 43.91569456815498 43.92472676138326 43.93258917408096 43.96815756323661 43.99509536401226 44.01685373523796 44.03000737069978 44.04391217397909 44.09608923633534 44.15287401469949 44.19949638724065 44.23078903888581 44.23553688910865 44.2833563661493 44.31046047883893 44.31933577931312 44.32044881259356 44.33690723020393 44.36759369854822 44.39939275660463 44.42790181903138 44.455554161295 44.47841498018345 44.5207447772846 44.58742672424852 44.65337139868017 44.72537176691424 44.77638338886229 44.81217351504251 44.85918982086128 44.92240183648761 44.97657694133866 45.01856300138127 45.0529429475659 45.07174360303795 45.13460090899087 45.18933287877245 45.23259605468923 45.27828933329075 45.32604420659236 45.36814525192118 45.43091093534662 45.50300216513541 45.5657963821627 45.61639606693216
41.90883513285576 41.98065880627405 42.05243613565323 42.13604164823463 42.19447144935838 42.24340833665546 42.28789210552232 42.29360356524801 42.28864539104412 42.32737409849924 42.35252631847181 42.37619426122583 42.38479537482728 42.39982515936485 42.45840527596872 42.52012668480831 42.59513791158548 42.69421529072844 42.76996002909787 42.80042539089644 42.87612499786754 42.90652482757744 42.91055420053582 42.92831398009481 42.95670369129166 42.97180163479668 42.98821757914919 43.00863019808694 43.02902618707084 43.09155970315914 43.1504292526803 43.21206100701831 43.28124795077534 43.3741885340174 43.45522299530412 43.50168401852839 43.578583725794 43.61125502393823 43.62449922322833 43.64947000062552 43.69126974662285 43.75761037576063 43.82702084558699 43.87357610402529 43.9066972248852 43.92967757403181 43.95453954344032 44.0298527720436 44.10904315545951 44.1917838220781 44.27092629032693 44.32743639779039 44.33244851411991
40.12701996398139 40.19327803354061 40.31199673458974 40.4502212009288 40.56047784691077 40.59859219494361 40.6335416787194 40.59572534509476 40.58571929775917 40.63758245778656 40.66365310690927 40.70726061026451 40.77293673631731 40.88108641533918 40.99672682803601 41.1098650436808 41.22804039436901 41.36340872360653 41.47725552976579 41.56494442208826 41.65726352059079 41.71672465818096 41.68095985982162 41.73616964151337 41.76127050107851 41.75523294496868 41.74482225919842 41.75721826981928 41.8162442425789 41.89685732023968 41.97894285175402 42.07029328583683 42.16798157063939 42.2717865877481 42.33401161311876 42.40833257346781 42.46157724029024 42.47384312393446 42.47797905398815 42.50315620412027 42.60469687558745 42.69043940800942 42.78883860204628 42.86982329636886 42.90001015714179 42.88376763641507 42.89978217953446 42.98473271760017 43.05872051488865 43.14901479246036 43.25376076970198 43.33203298966084 43.31698758115891
