benchmarks/avaHockeyChannelEntTestPy/release1HS_ent_ref_72810b82a3_ppr.asc
ncols 1001
nrows 401
xllcenter 1000.00
yllcenter -5000.00
cellsize 5.00
nodata_value -9999.00
[rows 161 to 183 of 401, columns 53 to 105 of 1001]
0 0 0 0 0 0 0 0 0 0 0 0 0 0 0 0 0 0 0 0 0 0 0 0 0 0 0 0 0 0 0 0 0 0 0 0 0 0 0 0 0 0 0 0 0 0 0 0 0 0 0 0 0
0 0 0 0 0 0 0 0 0 0 0 0 0 0 0 0 0 0 0 0 0 0 0 0 0 0 0 0 0 0 0 0 0 0 0 0 0 0 0 0 0 0 0 0 0 0 0 0 0 0 0 0 0
0 0 0 0 0 0 0 0 0 0 0 0 0 0 0 0 0 0 0 0 0 0 0 0 0 0 0 0 0 0 0 0 0 0 0 0 0 0 0 0 0 0 0 0 0 0 0 0 0 0 0 0 0
0 0 0 0 0 0 0 0 0 0 0 0 0 0 0 0 0 0 0 0 0 0 0 0 0 0 0 0 0 0 0 0 0 0 0 0 0 0 0 0 0 0 0 0 0 0 0 0 0 0 0 0 0
0 0 0 0 0 0 0 0 0 0 0 0 0 0 0 0 0 0 0 0 0 0 0 0 0 0 0 0 0 0 0 0 0 0 0 0 0 0 0 0 0 0 0 0 0 0 0 0 0 0 0 0 0
0 0 0 0 0 0 0 0 0 0 0 0 0 0 0 0 0 0 0 0 0 0 0 0 0 0 0 0 0 0 0 0 0 0 0 0 0 0 0 0 0 0 0 0 0 0 0 0 0 0 0 0 0
0 0 0 0 0 0 0 0 0 0 0 0 0 0 0 0 0 0 0 0 0 0 0 0 0 0 0 0 0 0 0 0 0 0 0 0 0 0 0 0 0 0 0 0 0 0 0 0 0 0 0 0 0
0 0 0 0 0 0 0 0 0 0 0 0 0 0 0 0 0 0 0 0 0 0 0 0 0 0 0 0 0 0 0 0 0 0 0 0 0 0 0 0 0 0 0 0 0 0 0 0 0 0 0 0 0
0 0 0 0 0 0 0 0 0 0 0 0 0 0 0 0 0 0 0 0 0 0 0 0 0 0 0 0 0 0 0 0 0 0 0 0 0 0 0 0 0 0 0 0 0 0 0 0 0 0 0 0 0
29.93264750769271 29.93264750769272 29.02160742722862 28.15532053669878 27.4057529543072 26.70118320945359 26.97020569488022 26.09162069031186 25.01152564489563 23.67874530851419 22.12132032039944 19.32573566537988 18.22593544830324 16.77344202253582 14.9352452903914 0 0 0 0 0 0 0 0 0 0 0 0 0 0 0 0 0 0 0 0 0 0 0 0 0 0 0 0 0 0 0 0 0 0 0 0 0 0
36.8423831445256 37.03589323894575 37.17316151791844 36.90661775664947 36.73218102694779 36.37011544329758 36.08236502662521 35.75190136843627 35.53779124159332 34.98913648766955 33.9378801304128 33.79041103856056 33.8533052469649 34.03419598437537 34.02335179209494 34.53277757185047 34.56772007384319 34.28320535403817 33.83614331965864 33.34506746506605 32.81651323719688 32.44887115816351 31.71762810666793 31.38380397876071 29.97641829839088 28.63274113571427 27.54987450374223 26.8773449191058 17.39691026003159 15.30818705208042 0 0 0 0 0 0 0 0 0 0 0 0 0 0 0 0 0 0 0 0 0 0 0
43.0554066981585 42.94496214626139 42.918071631694 42.67162075386639 42.38438751970131 42.55362720917259 42.64726502329542 42.51825939184629 42.1592415733048 41.61724683301935 41.03474757983145 40.57301082651772 40.46221643173963 40.2992258139053 39.86736660630007 39.35260738954592 38.5196794376464 37.80589035616553 37.19433936182601 36.8658645110778 36.67954307837782 37.26017936815812 37.65947185327487 37.31959625645932 37.09142679826485 36.98687409734843 37.34818251301983 37.53509536843017 37.57607217944441 34.26515259558658 33.98858257531794 34.19435628624532 33.22265103952454 32.41451980020005 32.78760456786027 31.91530433280377 31.94318787115204 28.67225793602058 28.20915754336996 24.57122842579832 0 0 0 0 0 0 0 0 0 0 0 0 0
53.72259100154277 54.03398766921562 54.04676410125823 54.06817032568107 53.89286288469207 53.74168063554854 53.61303338819653 53.27550338139109 52.97534536751778 52.53849970207919 52.168451041267 51.43223766663075 50.98892415865257 50.4374377354737 49.94354268478313 49.43057578788154 48.81032556484136 48.17556686788672 47.71522381491847 47.22865439763007 46.56464428077086 45.75323061700751 45.09690917350484 44.91179172043047 44.47256474716291 44.0100685042709 43.107039446416 42.24469058176801 41.80399607821124 41.33676578254478 40.09707422563693 39.09415238458823 37.99331415061315 37.22946605956212 37.96879576832475 37.84579082054196 38.4288253417625 38.41840042340244 37.81024790626636 34.52879721820329 34.63136496202257 34.71477814171251 34.02179145375479 33.10904902297762 32.71709465954935 25.97486644168177 0 0 0 0 0 0 0
62.55960684169262 62.77654706186467 63.04179434573402 63.13349123301313 63.21374604945009 63.2903350976795 63.25440623239314 62.94626994691453 62.63829929310513 62.36175483934992 62.20621596090397 61.90411261248354 61.59176192485182 61.14471428284342 60.62251165293252 60.18312591639584 59.77123177018704 59.53216294674534 59.02172760787003 58.64461743632052 58.31720214855092 58.13175240925705 57.7998776858384 57.4102354277488 56.78681254629062 55.93848811448828 54.93249581848185 53.78430838809013 53.07303177331125 52.30550836232372 51.14896297016912 49.61457528144177 48.5852905585025 48.2654576550922 47.31318303364419 45.5549232155016 43.58234426056221 42.60140602765062 41.79017417554898 42.64555971905432 43.54660811912737 44.30740277168057 43.91918830784687 42.6463651954378 40.47241394619338 40.04808041462746 39.04752482802634 35.30724319968381 34.84010906243804 34.26949312426439 31.68983579029513 0 0
70.33827014948918 70.65801912258078 71.06384345793364 71.41948479077563 71.73603579965476 71.86954549192889 71.79691948840178 71.80594175083111 71.65783851215492 71.56145219910258 71.35709078991542 71.45119561489864 71.50367400187075 71.36551926806423 71.20621209669177 70.94421168049696 70.54801547693707 70.1917856577334 69.90180102387068 69.64022919924828 69.37623307564547 68.93539457233177 68.37380969629939 67.74151895633389 67.01867524781635 66.22181936544418 65.41294823900191 64.63160254153593 63.82248346574401 62.75165783029487 61.70478413749823 60.86238881747557 60.38491828438602 59.6336470035432 58.44387751417594 57.35142967399726 56.2111016830085 55.07096244143702 53.93457997494526 52.56228570511744 51.16910159372761 51.09084641463429 52.5830691018967 48.49815455533666 49.20271954683975 49.47688859967838 49.36057326732515 48.57502236116434 42.9678952158234 43.60575099923319 40.70526612235954 36.41575634125484 36.84357064927343
75.6498935062955 76.27626433475149 76.7185343966635 77.18957057347755 77.60908792666747 77.94113949734806 78.22228188549269 78.38385495146215 78.67064802026944 78.89521560158583 79.20083802886934 79.36377080727213 79.4797836383399 79.50182524675022 79.44411005820579 79.21559157036815 78.94099615669168 78.70104521289402 78.57059085754784 78.49748765038575 78.27468399833521 77.96652978969223 77.46181751047392 77.08163326157998 76.77597830438748 76.40668479959476 76.0372116855835 75.35092002777785 74.37531349457221 73.68311268548828 72.96357526495635 72.11908952408913 71.2573235313108 70.29731343040224 69.38192474536062 68.5876311779667 67.5388566693441 66.3854508672804 65.39129598426662 64.54851001451723 63.35872176194488 62.41229437645514 60.79980112206706 59.03285952836127 59.71683404294951 60.35495042455182 55.37324394167381 55.02667503292372 54.93518761095121 55.23284102633883 55.74275709353573 48.51049760391188 48.00395554553759
79.44021338136304 80.31319037238342 81.23159354739461 82.02977307292974 82.74771595469373 83.41546161437577 84.05799311225989 84.59940115002752 84.96960600596368 85.21659887425263 85.4359031507163 85.59176549154036 85.75740037789184 85.86623489030936 85.95248324566717 86.14706733446545 86.19723440073517 86.31286350089943 86.34616287046282 86.32503299233939 86.20486118886195 86.09336241928771 85.98564173117715 85.78469356501272 85.52279087221865 85.23146375839345 84.86318061208108 84.46244599061551 84.00581430832543 83.36137250775604 82.75883881253058 82.04606935531194 81.26478431410435 80.61581240824023 80.02354894095558 79.27505669922714 78.26573806888899 77.3769141223987 76.42856209012561 75.69348808338972 74.68407702851623 73.24214870283839 72.06140738825776 70.85469912114759 69.94858898084151 68.8468253895836 67.2768953096254 66.40727209653517 66.84247737218341 61.97106492982542 61.64861068430037 61.56325062148932 61.18826828094819
82.82955808559198 83.75240647457956 84.54005833494091 85.33606812749694 86.15697542218371 86.88251735908202 87.62127614116594 88.35101604468404 88.95711048268929 89.48606660156815 89.98735730163116 90.37697066338494 90.76619064507592 91.05423795537155 91.4024157088751 91.7077827571857 91.94215549149509 92.1201908124622 92.21018406097534 92.28480064565682 92.33008327620196 92.43642116093932 92.48273482893374 92.53242555880189 92.43713224993115 92.39285930717867 92.23351195105693 92.00919179721183 91.77886192913532 91.34677759583695 91.00346001426749 90.77797191691346 90.47829757522609 89.90796616710517 89.36803168495148 88.70867665513858 88.13771975217699 87.54131027643135 86.89024826195734 85.97401521578574 85.108510673881 84.32036510439755 83.15761973316367 81.80486312394969 80.74778208602228 79.9778016202166 78.78448932209457 77.30993519979945 75.9419499277529 74.61965727495385 73.13847769220337 71.82040307474735 72.05232181245434
84.65050293363782 85.6864037733606 86.55332907234911 87.50977322815731 88.55198095653411 89.53569286186074 90.43658154372629 91.22717658299888 92.05180535707846 92.88462062350278 93.5908324229128 94.21434378108573 94.76447376695785 95.24667634592585 95.63683258039195 96.07424124130699 96.53035902661058 96.97672208419999 97.28274355889444 97.55877009180446 97.80658114434063 97.93865424721135 97.99625536303748 98.12971464116633 98.30624801508438 98.52006945938825 98.48524019342391 98.45557716909614 98.3569293599223 98.2593604202054 98.14408413984356 97.99380276026774 97.78406888084498 97.56410537554498 97.35769901630918 97.03340604630401 96.66363258707547 96.18857778634768 95.87173409164855 95.15878320032914 94.57278183084446 93.71212920902255 92.88486232227133 92.16509510579763 91.6139828342609 90.98054663763578 89.78857847079755 88.74981697886957 87.32390937934602 86.15396510440802 84.92780774230083 83.32634262216423 81.74659636825963
86.50634798665989 87.37675895747567 88.40899425899272 89.51228538110776 90.47844472956031 91.31922667896484 92.21782570506804 93.18599708015766 94.046725128079 94.93576373684033 95.89448212629458 96.71593173053891 97.46167284083702 98.14825546909226 98.76135016013551 99.26650815145753 99.74697308657764 100.2926424398871 100.7892274249401 101.2655264814195 101.7259831024711 102.1340663570365 102.4442583486411 102.719733814561 103.0126939856945 103.1004789917626 103.2249529500306 103.4456922452322 103.63139176641 103.7499658671547 103.8993948220901 103.9002935481766 103.9752019209875 103.9490894544559 103.8396666630971 103.6997461340641 103.5535755548738 103.2391740441315 103.1744516957174 102.889406102123 102.6169236489078 102.0058701563628 101.7053823714379 101.1233255595501 100.5394302598773 99.93305434770333 99.36160842030688 98.47814462158074 97.58426413733739 96.83825380848128 95.97723393734267 94.61410663826737 93.215208040096
87.53168992658742 88.54285456220673 89.86589182576299 91.20968671613373 92.41292526602351 93.46459332783461 94.44782495038487 95.42831615403861 96.40885990998873 97.32255163444269 98.19759477813392 98.93942281378901 99.68228858886934 100.4170811328239 101.1275300821615 101.7983693051269 102.4149939938434 102.9785923293454 103.5145006451773 103.9640182866843 104.4236481497938 104.8619421419872 105.2897069488576 105.7156615149833 106.0767650329997 106.4111402276119 106.7410734731431 107.0453241229206 107.4089273385194 107.729053364028 108.0151799725811 108.271532158043 108.3896768354302 108.5779304469383 108.7138327155858 108.8602077776142 109.0260987915396 109.0653517111202 109.1528916002524 109.1277081979483 109.0296715372342 108.9162056973159 108.7563465581663 108.486197007943 108.4045178551158 108.213516542829 107.8178832921477 107.3129111417986 106.7700507222543 106.3198718733233 105.6756347818569 105.0174932094862 104.1622112350336
88.96837224000933 89.75706021658119 90.79991506710947 91.92163275529397 93.04214158817632 94.20072371284112 95.35101949273859 96.39346057400896 97.3898904507214 98.26623429777109 99.16314865586861 100.0447773592909 100.85736199759 101.741912701529 102.4876872548144 103.2028088541243 103.8192825669012 104.3966121427041 104.9806346055787 105.4862325372233 105.9900019014129 106.5376598625083 107.0254959388279 107.56462844408 108.0301728824221 108.5656900151822 109.0717723532126 109.4841775147051 109.9132625799189 110.2806631655383 110.7286312685222 111.0976367539187 111.4465018081644 111.8406034005501 112.1780358027485 112.4981301960453 112.8091909367712 113.1579782037907 113.3849709099087 113.6843145160785 113.8661838003437 113.9579646448258 114.0807235948876 114.2893112450155 114.3504035278227 114.2969027503812 114.2948968145919 114.283088626688 114.0983783704607 113.9531620379064 113.7226480723813 113.3217924949139 113.0759042232098
90.37537036239672 91.1733219383935 91.93323187468494 92.89211330120153 93.77300543775399 94.75247041407117 95.7420623667651 96.67274203294792 97.6663112212087 98.6630730440543 99.58692089622498 100.435388292512 101.1961229552809 102.0928503053912 102.9521849321608 103.7491104435177 104.5076775091892 105.2099604210112 105.8809296457952 106.5485343596221 107.1968180668858 107.8440763875331 108.4232678444234 108.9526632654162 109.4136384142996 109.916924187642 110.4169715387327 110.95166764686 111.5084414773304 112.0558834365908 112.5411083033564 113.0467893167545 113.5122383554148 114.0221494301082 114.4413023236861 114.9677333241682 115.4054184531654 115.8565293679013 116.2591950922771 116.7830875295578 117.1743422743984 117.5963738411292 117.93671224955 118.2283655724397 118.5372676136073 118.8576581056655 119.1650553515862 119.3311053263113 119.6079884335667 119.751380968407 119.7578294341789 119.7796366119184 119.8080212915904
