benchmarks/avaHockeyChannelEntTestPy/release1HS_ent_ref_72810b82a3_ppr.asc
ncols 1001
nrows 401
xllcenter 1000.00
yllcenter -5000.00
cellsize 5.00
nodata_value -9999.00
[rows 184 to 206 of 401, columns 477 to 529 of 1001]
0 0 0 0 0 0 0 0 0 0 0 0 0 0 0 0 0 0 0 0 0 0 0 0 0 0 0 0 0 0 0 0 0 0 0 0 0 0 0 0 0 0 0 0 0 0 0 0 0 0 0 0 0
0 0 0 0 0 0 0 0 0 0 0 0 0 0 0 0 0 0 0 0 0 0 0 0 0 0 0 0 0 0 0 0 0 0 0 0 0 0 0 0 0 0 0 0 0 0 0 0 0 0 0 0 0
0 0 0 0 0 0 0 0 0 0 0 0 0 0 0 0 0 0 0 0 0 0 0 0 0 0 0 0 0 0 0 0 0 0 0 0 0 0 0 0 0 0 0 0 0 0 0 0 0 0 0 0 0
0 0 0 0 0 0 0 0 0 0 0 0 0 0 0 0 0 0 0 0 0 0 0 0 0 0 0 0 0 0 0 0 0 0 0 0 0 0 0 0 0 0 0 0 0 0 0 0 0 0 0 0 0
0 0 0 0 0 0 0 0 0 0 0 0 0 0 0 0 0 0 0 0 0 0 0 0 0 0 0 0 0 0 0 0 0 0 0 0 0 0 0 0 0 0 0 0 0 0 0 0 0 0 0 0 0
0 0 0 0 0 0 0 0 0 0 0 0 0 0 0 0 0 0 0 0 0 0 0 0 0 0 0 0 0 0 0 0 0 0 0 0 0 0 0 0 0 0 0 0 0 0 0 0 0 0 0 0 0
0 0 0 0 0 0 0 0 0 0 0 0 0 0 0 0 0 0 0 0 0 0 0 0 0 0 0 0 0 0 0 0 0 0 0 0 0 0 0 0 0 0 0 0 0 0 0 0 0 0 0 0 0
0 0 0 0 0 0 0 0 0 0 0 0 0 0 0 0 0 0 0 0 0 0 0 0 0 0 0 0 0 157.8892287402007 157.8892287402007 147.632532165692 132.7866577212735 116.8603848694948 100.4966806714178 80.15237834530201 157.0487425960024 157.0487425960024 183.8947480742677 178.911813065945 168.5334903456082 157.2518276415847 192.9505808194762 188.9472109786815 178.6522222402332 181.8438289744908 199.973579374388 212.9749759564662 205.262383727232 197.5541104995882 188.6108423970399 182.3875006835093 216.597106379199
208.816207073241 222.0328050018335 215.878207092108 208.114006913928 224.3258813177287 216.9961703249975 229.9558993269747 225.422998342245 218.9431837071582 211.2557701632319 231.5423507400097 224.1222137936385 214.8461599170657 235.4040656573706 231.5396562164821 239.1703419082054 233.4949330713544 228.8139346472248 223.1809840859865 218.9298438011082 240.8010902727812 240.5629778005889 237.0202279568066 231.6865781030814 230.5326619490352 241.2057566798523 232.2772003066536 251.9971883113147 246.7502589402178 241.5878760805175 250.562538062187 248.0672212962035 242.6509028361459 260.0794773389019 260.0794773389019 252.8392861738442 249.0190949838164 251.5142354111595 255.4352214419119 264.6247375541799 255.4959496874235 248.8076945690535 263.3462185182312 253.0228883244667 261.7974716697678 259.8540028721155 264.0636734963143 260.1948988485577 258.4199038576685 248.9573418437869 252.5731532685474 251.2301443800338 249.1560321502757
266.9802568604543 267.2138711296866 264.8748338179984 268.9518510119259 255.9983553982439 275.8911455377092 286.7281401654295 281.4816643365466 284.3117085928745 280.5558144775507 273.3853066579427 284.4464197505902 278.604357538603 290.9457846651691 286.0274533583776 281.9412733116185 275.9920497671359 293.8834037586765 291.5131325025976 288.6916848705036 293.0707255835725 293.7662979785383 287.5956256128792 299.8079126025127 281.4752049573147 301.7836871697508 313.4295050094641 311.0064738914193 305.2709976911115 305.180097473982 299.6515864996744 308.725209842231 313.4669618536217 304.8028977933021 309.1421756125149 315.2288615825318 322.2638359682725 311.374458789585 312.2120383325741 308.7529403800182 313.1464925210452 317.1016282382384 306.9550854835546 308.7059848349118 316.5330753127361 304.239316165166 308.4885462022531 310.4890754090783 298.9471029095617 295.79861724259 287.6685896130147 289.9403220994116 292.9676291301334
296.7793300747704 296.1462717648222 298.3241509912161 298.2508705516466 299.2122875814384 305.4435730664835 309.6173897643484 309.465979232914 308.6269126560999 308.0131897680375 312.3498688723442 307.8813118426531 312.8235870393343 314.6247323544833 311.3975483115493 314.4466245819485 309.6422509765206 312.3681519785533 324.1823133520175 331.0115731004029 328.4507147567966 329.5585659562265 327.3647910942283 328.7918750260074 335.7267405669882 329.325021347223 336.1799297123183 341.4049404581789 334.9433278624358 340.692696980479 333.9137374606361 340.3539298105972 346.3122775943825 339.1441298018408 342.3540357698333 350.684790334842 341.8841202305512 350.236734271633 356.855840454397 358.2541698738746 348.0627928067568 349.2877465874449 359.2820599844192 343.3265118390536 348.4155749215965 355.5279555954497 341.9206753126246 344.1833195063458 331.2099712181571 331.5139079207985 320.3730846974858 321.9844324450558 334.1212200533418
300.2263818851781 302.0412995979647 302.6931477983925 303.6594326478727 305.7540903137169 307.0504038523667 308.5100536953346 310.2995945222063 310.9316151618799 311.6563926161738 312.1175426165483 312.3449682232526 313.8021201124562 314.4469615854989 315.7112684266659 317.7648695246634 319.0830119056449 320.7261561574831 323.55015414782 325.2198989464569 326.1769287672289 328.455764117747 330.5432694097028 331.7740188256471 334.4963944931735 337.3489286922655 339.6015553967204 341.1589855400322 344.1743191318134 347.4297867964979 351.8283337164145 356.7159131649787 357.5971524847282 361.7371583928575 366.7607654895733 373.8256493711209 369.3486562270435 374.1755826394141 368.4487203665046 369.9137521378127 371.8739678138873 366.3037114079482 367.7665407560448 382.2737151604236 381.8504426177194 367.4237575346261 371.7483510383016 359.864570486613 361.6389506285498 360.8903967180908 352.7402197611063 352.3253050949024 355.8107180089015
305.599536665477 305.6598169067963 307.0944736836167 307.7697247812952 308.5733803426407 310.0120142211006 310.1364784378137 311.2780298360955 312.1089593929801 312.1068722219869 313.4545659276949 313.7014859748085 314.1698467348469 315.3443035697825 315.6383226401241 316.8490770621423 318.2596011509557 318.6011888712931 320.1562593213268 321.8156573470806 322.4596980873249 324.1498962684756 326.1861230843015 327.3228954596311 328.7242726722214 331.32210349602 333.6422095870922 335.9343199386747 340.3697400211391 345.3272746250973 350.472528701238 355.8284017988765 360.8813150772419 365.5794431057498 371.2167208868794 375.4061001131932 377.8156080631807 381.075287288339 386.1521398276909 389.04014958623 385.9651576162709 388.3092776066502 385.4452255289227 384.774906663905 384.9876759424815 381.155417708758 379.5392492193293 382.4797660235021 374.3977353154421 373.3246402407235 377.2604809958385 365.5601294811433 365.1343313571754
309.8822561690706 310.9658857622319 311.3659762277271 311.8088529358413 312.7892079876684 313.1671722748333 313.9815216370728 314.7486842802334 314.7154891430548 315.7759112497392 315.9248369900762 316.1820816373517 316.6326758986506 316.4265285371881 317.2512404111058 317.6686943921837 317.587256647722 318.4566180188705 318.8288073118985 319.1226376669699 320.1656685706739 320.7323502828889 321.1327783649692 322.3854842268462 323.1307646198412 323.971163245867 326.2233193035617 328.8685353677494 332.2306957648524 336.3175283284276 341.4274711221648 348.3427550735677 356.4459219345215 364.5240563016715 371.9970230839868 378.4716745942323 383.3784475233362 388.8478626890187 393.083552458444 395.266010842312 396.9283289245641 398.8881650284516 398.9732618512805 398.1666223499283 398.2822609862549 396.7707262980564 394.0934812075714 392.8581557511675 392.0116498277403 386.1501955878732 383.6679708088968 388.6257484061852 375.4957206459529
316.0924696281512 316.84074794684 317.0101776118506 317.6175123589653 318.2069232979521 318.2443079134278 319.1776304743724 319.4926769793338 319.7740031777811 320.2474883150512 319.9461691587896 320.520469730392 320.4349134013624 320.4624265433284 320.6707201409783 320.2632464602541 320.6585645939402 320.5933948092433 320.4588694818679 320.813515703919 320.718419071361 320.8521037999911 321.1814734979894 321.1005347647014 321.5923580898386 322.2136191304847 322.8260179551548 323.7145996774469 325.7913289216779 328.9194216989815 333.795927772476 340.7714422229948 349.4881859444041 359.0345450647715 368.398369183123 376.8216244187045 384.0860936682804 391.569803740757 397.4602062319732 401.2968148029285 403.2428983534368 406.1663897188264 407.312539073124 406.4056186054595 407.0265446099721 406.398762393686 403.688178768982 402.2864446530223 400.1519192512602 395.9073630730146 393.163694878322 390.243996865945 385.2469931331581
320.9814094857792 321.6213379056783 321.7794147408637 322.2474559278867 322.7289086379268 322.7036237923404 323.4349664871987 323.6431976190154 323.8037175849022 324.167364901634 323.8763442045414 324.2847528641705 324.1418145974519 324.0457568153586 324.0660254782051 323.509200984586 323.7208385339293 323.3825200440592 323.1672585726744 323.1147325334485 322.56459735726 322.6848252843223 322.4764074857032 322.1681501420573 322.331183325583 322.1294186252807 322.2497026403626 322.7282721341354 323.4019858911994 324.9422188416754 328.4082272842351 334.5810953701796 343.3210344036451 353.6037281188896 364.1345546005468 373.8136096007236 383.0936669078683 391.7789889736609 398.4496550956325 403.0865296471925 406.1692311767574 409.4723160715759 411.1340049674445 410.7202214794507 411.2862782880879 410.7504623095353 408.635386238354 406.9927386786852 405.017597505615 401.7716528013962 398.5452368190094 395.5482954027266 391.2537589539891
322.6481568419856 323.3263203735695 323.5526103848117 323.9003891824624 324.4148855312238 324.4477093502202 325.0086651709408 325.2544557507039 325.2912062146976 325.6744994299639 325.4154310873697 325.7131010789329 325.5774850946735 325.3991079397612 325.3968660532195 324.8008837337997 324.9453168186348 324.5521362507246 324.2611126450984 324.0838973291028 323.400824387443 323.4645042840492 323.0842234297779 322.7555440903539 322.69783812533 322.24250913081 322.377052523755 322.5051156442194 322.7066208566582 323.7282160524262 326.5635218887285 332.4099806899832 341.1419838426717 351.7562053356968 362.7775638621335 372.9043704111768 382.9340414852294 392.1457873455173 399.3370145936579 404.6029838606456 407.4482257288049 411.1204114607902 413.1588720844761 413.0926171062873 413.2359788415698 412.8720535771247 410.9959484671673 408.9451883975411 406.8922859183593 403.8560780178618 400.5771185326748 397.6376969491134 393.6626579083455
320.8119181693472 321.5578388975055 321.8468220831796 322.2106648979707 322.7474124417594 322.7147424579454 323.3581601217991 323.5783347695788 323.6580721772457 324.0438591345826 323.7513803608095 324.1250007391704 324.0088473449954 323.8976262862653 323.9660221263497 323.4470302739435 323.6533771519536 323.3578344811115 323.0964437682868 323.0061529331527 322.3696372412501 322.496566223073 322.2126959397277 321.9246575859245 322.0557544883711 321.9125481805734 322.0265023640231 322.5643625471909 323.2915172971838 324.8400233358684 328.2231310604471 334.2880787096551 342.9903668382788 353.4260670907778 364.1409743540364 373.9619746819577 383.2259374214888 392.0402949487262 398.8937691960867 403.7126970141554 406.2909982260627 409.6921709008143 411.3616243086249 410.8343651471433 411.3722490258168 410.8006552053354 408.5879006911176 407.0117433743141 404.9807888678449 401.6060092870578 398.6777762984334 395.8744961691376 391.5957833571821
316.1396799552095 317.012998158978 317.3109584091654 317.855449307145 318.3392548833604 318.2984332607484 319.0601387606439 319.220197686207 319.4741338617434 319.8659009868262 319.6286252004696 320.1972989936604 320.2854368825278 320.2822456973718 320.6528150387154 320.3720077582694 320.7192386641609 320.7515048344058 320.495699981096 320.7718804920842 320.4259641865517 320.5860581594048 320.7352412266253 320.6027817432774 321.2031596674423 321.9097448976258 322.559850696964 323.4775611148602 325.5149979277659 328.5936420010076 333.3482771719789 340.2777755165123 349.0301761679624 358.5740976120128 367.8541266037979 376.0868193292396 383.626022813365 391.1453977705909 396.9561674305867 400.9048072677315 403.3073003778379 406.1070776702824 407.2749748381908 406.4258976124437 406.7044159768136 405.8284487853084 403.3693493273549 401.8890185104058 399.862674633168 396.0956745344658 393.5323281091601 390.5689782050695 385.4773120363121
310.2942482020218 311.4478468199714 312.3431101635239 312.5309996027954 313.4431092883092 313.4240434807494 314.1384190209509 314.5881157305425 314.5214696360762 315.351032532076 315.5626169068902 315.9139613424123 316.7095295034038 316.841469734577 317.3939771760051 317.8947397005377 317.7361800431461 318.7023677546433 318.9244637455452 318.9939845428066 319.651843646518 319.7032385104828 320.266661226877 321.4423303839413 322.6204325971634 323.5194896102058 326.0852957752645 328.9499516870349 332.3417048693276 336.3977979344581 341.319690977894 348.0548133456397 356.0390936926455 363.9980191910003 371.5047537741501 377.990680954267 382.8854583965751 388.6643922251924 392.988241902265 395.5409625297116 397.1866131893552 399.1525726821728 399.152749031037 398.1948836418971 398.2012873251905 396.8330937696414 394.1915208021748 392.7665390872142 390.9364902028892 386.3216897408974 383.996290106435 383.7635836759561 376.1788967521521
305.8761564267504 306.5813390480276 308.2312136307473 309.0455517958102 309.2011800412577 310.3010990091541 310.2745978582201 311.4506998522888 312.2084153472073 312.1690560464024 313.6981345965782 314.5019203035887 314.9391257647579 316.6289002077152 317.0323727132001 317.6765411424578 318.8593709820419 318.8868815137464 320.1476296224798 321.1172614755485 320.8639534353429 322.7433230646318 324.2286791800262 325.1816086599762 327.4565546668601 330.5974277838657 333.8453056087178 337.093981288519 340.575911516112 345.6826809295648 350.7152231713512 355.8533572009123 360.5418692715537 365.3075546968444 371.0510719133579 375.7065335139646 378.9546965430361 382.382815957 387.0378671700147 385.3619114577979 387.0317578721194 391.5128101272719 396.4272836954211 386.9610948580152 390.6582699307638 391.9323737736541 382.048980411974 383.1788987868197 375.7201082176076 374.0623617418694 373.4392329784983 365.6831555386599 364.0929557706203
307.6868237015129 304.56037340887 305.7952134465818 305.4281954926384 306.6693712146213 306.8856014337275 307.7854616254111 309.1180461652136 309.1479665688443 311.2010175637238 312.3891885919914 313.1699366635239 315.1571137789027 316.1982667785131 317.0185147465968 319.1824028309212 321.2803805949105 322.4774710515373 323.8350809188515 325.1295006218168 325.1355753247494 327.1034344049763 328.062606550506 329.2462848881052 332.4397665459181 335.7693972266457 339.091413077562 342.1931702929724 345.5690315314136 348.8489017592788 351.9759121586659 356.1634156524735 358.6908717889679 361.2790782346553 365.3517711803408 363.8035345828918 366.872556272987 371.379806966439 367.9297659027168 370.9499659559336 382.0929115063093 385.3662407000922 375.0584700673458 378.5109770954248 367.8422048729062 368.7097323161314 368.7649133287298 360.5432970464838 361.4206360954108 370.0063397527412 351.8738963796867 355.3865202918012 342.1429293598399
303.1113600481904 301.5875111133464 307.8273306577569 311.2142888237069 309.0510766581335 305.3664334929465 306.1681614188715 305.2839198628435 304.4342352776918 306.3630149573668 310.249006572825 306.6881558479373 311.0263647130971 315.7864153739274 313.4114806051651 317.6859045347862 314.3632689666501 318.91451053859 324.9745708536731 327.611598662353 324.0438437934313 327.8198860921828 333.0855865781311 328.6816962725844 332.1806076445695 326.9198782964705 331.9379738360755 328.4891283704144 333.8240668162833 343.3542594011254 351.9436710343221 343.6893204525551 350.6171667665296 353.1913854712582 346.4138225251184 348.0509796761052 341.4168321692287 345.8313279823888 359.5424555817021 358.9905104859156 353.3830066280015 351.8168850773606 358.0512633723883 344.770250224581 348.0303404896868 336.0665947804588 339.0298136875713 354.3011368685858 333.0551551713699 341.3081556459081 323.5358012581156 329.4281769911559 332.6982614807272
