benchmarks/avaHockeyChannelEntTestPy/release1HS_ent_ref_72810b82a3_pfd.asc
ncols 1001
nrows 401
xllcenter 1000.00
yllcenter -5000.00
cellsize 5.00
nodata_value -9999.00
[rows 207 to 229 of 401, columns 0 to 52 of 1001]
0 0 0 0 0 0 0 0 0 0 0 0 0 0 0 0 0 0 0 0 0.02129751420655843 0.8295175690448375 1.086684500549127 1.339682873295717 1.420740300541105 1.207543634512472 1.137457600375523 1.167589353937045 1.153591836579439 1.271636547406623 1.166964533749452 1.125182282918105 1.131585973913761 1.137397504091161 1.093456110872763 1.085451660196764 1.176664044018588 1.139737341165873 1.096615848722574 1.10194339628142 1.169499584632857 1.093668177166378 1.208235295616054 1.151792661914098 1.129694895044492 1.122789314764767 1.105360443752557 1.095734330824202 1.084643992336008 1.087497040363491 1.273711718355323 1.389282221146555 1.211236944108869
0 0 0 0 0 0 0 0 0 0 0 0 0 0 0 0 0 0 0 0 0.1446212518050178 0.5238608424322116 0.8979299562465729 1.073101485317158 1.029119136056262 0.9798497060869414 1.128210821902904 1.133474693121254 1.116596181369825 1.097942888820642 1.085849402156104 1.071140422037773 1.056516110132298 1.09048240841225 1.075580127665225 1.10056594406268 1.071485266224715 1.17624448304947 1.088736957811623 1.073231191531616 1.065477206476205 1.074842272240647 1.132848034620055 1.129188908212331 1.111608244670709 1.088796798074954 1.080802409744766 1.299580093703472 1.225505180598968 1.161993102005892 1.127301422301751 1.107710363184656 1.095301340949693
0 0 0 0 0 0 0 0 0 0 0 0 0 0 0 0 0 0 0 0 0.1347312037941079 0.6733678257047057 1.105932568336665 1.318644230180403 1.141646443255909 1.069971670099239 1.095284896283226 1.206086153948929 1.156371030938369 1.122170939913691 1.180688410120079 1.18126501047813 1.15000025522991 1.155101226044693 1.133251624015334 1.118775876927849 1.103100332281066 1.127630765613616 1.291846960913522 1.180001182706659 1.156933506485825 1.100813709396893 1.091773903111511 1.215240784514118 1.130428005967742 1.111909428868199 1.100103974350128 1.090485226526711 1.075553420158086 1.072607432779968 1.093913668145537 1.08787428307814 1.059847364156379
0 0 0 0 0 0 0 0 0 0 0 0 0 0 0 0 0 0 0 0 0.099098972938774 1.018173129874471 0.9432420796114481 0.9937827101373349 0.9991418088270776 1.34585822783575 1.20326998911421 1.120276989831018 1.078099817280789 1.066464950256311 1.105295248421062 1.098619292695351 1.146356489843808 1.112386622166434 1.097778664810501 1.143660951150595 1.169005948541876 1.089144321171637 1.257478939365548 1.26887449723243 1.199955862985713 1.160263037090058 1.170689569602261 1.128784185660896 1.111757232239957 1.098602711628289 1.115672134898085 1.084829716459564 1.110147980695785 1.172811282564064 1.22960739271685 1.131888102157698 1.101162358145706
0 0 0 0 0 0 0 0 0 0 0 0 0 0 0 0 0 0 0 0 0.05828834539535566 0.7955633011640277 0.9991154054005367 1.077261389735135 1.010409565858777 1.155445089523461 1.121888030070407 1.063153354277155 1.04834097275171 1.135679644576601 1.155517951959715 1.120836269785732 1.142021972104602 1.068377407717396 1.062158049253082 1.252539119914208 1.12877409269559 1.078408576775808 1.052523847082333 1.1163974937482 1.069988651946855 1.064358138494767 1.038925722958145 1.060222616743978 1.069075127363011 1.328973995474469 1.207209758053161 1.165343147360951 1.119084186256357 1.172288476170711 1.121030274046978 1.100837826610458 1.089048263799537
0 0 0 0 0 0 0 0 0 0 0 0 0 0 0 0 0 0 0 0 0.03377362279979518 0.7494341664650264 1.096735071752503 1.093157022521741 0.9868406309151806 1.157021851882334 1.103201792750204 1.071905262624474 1.121483351501662 1.078787786315317 1.086511022287582 1.085021337682597 1.088955573456594 1.093334806291921 1.135721945275425 1.110549173995469 1.086270841635126 1.091024877715944 1.154495860287286 1.254633611814351 1.143196359560656 1.087087001400339 1.066418872154208 1.085080037384016 1.18271225570634 1.109342239707667 1.091126201018302 1.170332431503368 1.171518643024369 1.13517795586078 1.120396648173279 1.125848063428058 1.099499680894352
0 0 0 0 0 0 0 0 0 0 0 0 0 0 0 0 0 0 0 0 0.001614147167873367 0.7656804153754755 1.23652130369743 1.048511720529932 0.971893296370692 1.065155373067815 1.108833278113026 1.153977724772377 1.329898373019558 1.226071702886398 1.171015063831913 1.14899680839803 1.13025765096225 1.122804552945107 1.137695977131184 1.097355745723474 1.100534537683803 1.10117814631825 1.098874610348525 1.077970837859774 1.085813086322429 1.178230217191348 1.205386082737431 1.219876533850967 1.164216432594464 1.149948396851353 1.120327337759525 1.299032373356671 1.211451700196869 1.183568169483993 1.302399198132367 1.150225814983163 1.14688113847411
0 0 0 0 0 0 0 0 0 0 0 0 0 0 0 0 0 0 0 0 0.08852750425244602 0.7889260588343263 1.08911873010289 1.000298636997567 1.134161437363198 1.131198311779815 1.106453465485689 1.090475088965964 1.066578863768297 1.04662285729302 1.04717156533607 1.161419307798402 1.099610715277612 1.122917079535569 1.102473618400978 1.174295668196811 1.096729172674906 1.083533953790995 1.072379134924896 1.142010663038723 1.073804536948063 1.069518742744946 1.271637394108379 1.245151927426266 1.170187326852375 1.128683005243877 1.108727699745408 1.098222537412347 1.078235352350296 1.083011118707667 1.436224704031549 1.309944497526397 1.210967887143204
0 0 0 0 0 0 0 0 0 0 0 0 0 0 0 0 0 0 0 0 0.04363269508461629 0.777979065544927 0.9266227370700995 1.02715300874312 1.108719247429662 1.113182065187658 1.067503483212112 1.19952268375238 1.123791334391597 1.100775472821909 1.133832034493214 1.093916475263039 1.083002830402797 1.239854965728853 1.12442846813233 1.085296667659961 1.122975592782873 1.224274038897668 1.132129517872048 1.080368055986712 1.064524361060809 1.061795417782471 1.134057280446341 1.083021135635918 1.071231793971612 1.063850799590165 1.220010159906496 1.189763324167653 1.138321875191101 1.120265638959097 1.144743997638777 1.126828007254272 1.128821941882115
0 0 0 0 0 0 0 0 0 0 0 0 0 0 0 0 0 0 0 0 0.07642389162676357 0.7056715844212481 1.206631131178912 1.211807589801994 1.07660169498567 1.038155904463239 1.306357682117425 1.179700772316458 1.148962586950173 1.174360953453178 1.113677527326863 1.088810405224067 1.067335596267478 1.258159947890398 1.149609829982033 1.112021583852606 1.087549063361556 1.098951595818484 1.173960707389598 1.112917742635806 1.110526618627297 1.251454532602922 1.130058675704659 1.177693934011517 1.127259938170197 1.126648535779891 1.310230036450563 1.278509099022562 1.174642620093874 1.135386259855711 1.129873730702384 1.094492393595811 1.164210327277731
0 0 0 0 0 0 0 0 0 0 0 0 0 0 0 0 0 0 0 0 0.06031565344318453 0.7582301471095353 1.015469276866619 1.021413694868514 1.142507579207395 1.053991877682755 1.192671352174216 1.100609442857466 1.125075754869516 1.0786799521716 1.133668376082272 1.106507766782958 1.092051039258264 1.197084031581805 1.213154449588792 1.138856727439018 1.105012616376483 1.097307437022748 1.101695998718508 1.156781100191832 1.135580176756968 1.110250999286018 1.08327120877836 1.097159720765317 1.266048332020071 1.170396657283057 1.13150913869992 1.110474517066235 1.104942521808307 1.093753447151766 1.096023710760485 1.091310566158183 1.07986167689748
0 0 0 0 0 0 0 0 0 0 0 0 0 0 0 0 0 0 0 0 0.07877603057082513 0.6577808355187073 1.268242689930307 1.063205817941533 1.172161298705044 1.208606630463344 1.09854721282958 1.072512552822221 1.079473844682146 1.090565049317116 1.079802769903142 1.085743844165886 1.08068562930404 1.095070652450619 1.097372364601936 1.11373245686527 1.091823739148331 1.111351644515464 1.069380933976602 1.105051204165611 1.075396170620841 1.081238965104605 1.080886799464456 1.255083686246283 1.122605309071592 1.077878469927358 1.079386989886386 1.087519638352677 1.135177592870979 1.145147319081516 1.131634836916556 1.123600449786053 1.279864707398311
0 0 0 0 0 0 0 0 0 0 0 0 0 0 0 0 0 0 0 0 0.06188022126345397 0.67539520529258 1.079318534007194 1.332788565662243 1.146490274932166 1.048030822887514 1.035734448798313 1.161217058764195 1.103978325457625 1.085903025817331 1.228464096702456 1.143572920823866 1.125240476480685 1.096129626210427 1.084987070036654 1.080924366774901 1.071821979734939 1.067804217770619 1.077582115244554 1.091490925634124 1.08803301806618 1.078858700005539 1.316506492745484 1.157537906871416 1.103974635598284 1.076811523463102 1.162799472198661 1.170567895528588 1.160638507228132 1.137853391962396 1.146818283419523 1.121765804098525 1.116638831081079
0 0 0 0 0 0 0 0 0 0 0 0 0 0 0 0 0 0 0 0 0.04876115045309099 0.6698424259380598 1.015520693207925 1.082800887871579 1.063707681700051 1.238762713279195 1.106285700732409 1.073790857198677 1.051185878939713 1.192464290438736 1.128198324477753 1.307836059245238 1.180162028602954 1.183810309159701 1.114890775436292 1.101420062723841 1.092318152498207 1.334476217165566 1.251508978217202 1.148081328647551 1.287040668025484 1.10940847246631 1.09261274090143 1.083075919554019 1.250869380261192 1.093787959623535 1.110823106015441 1.24932720902208 1.172373396911913 1.137525757760599 1.176783762935186 1.108777808093486 1.101244308884232
0 0 0 0 0 0 0 0 0 0 0 0 0 0 0 0 0 0 0 0 0.04145045291247859 1.201215108893281 1.109652414726406 0.9791080482813261 1.051996567987673 1.064015982676889 1.062248845534341 1.239599587513295 1.24014988463662 1.286530818255258 1.180001399713202 1.126972481069926 1.191039606603166 1.146390367618611 1.126160090425926 1.1148671459891 1.107881897315411 1.098804041764864 1.091244948037742 1.220884018469063 1.222493881278898 1.165446757576284 1.143123767330424 1.141241025903282 1.131793116342203 1.194102511394469 1.145517727491729 1.126813724069146 1.119251886585517 1.101327301167481 1.225955912154733 1.161539006637936 1.238352170544909
0 0 0 0 0 0 0 0 0 0 0 0 0 0 0 0 0 0 0 0 0.05272902659219141 0.9094660212482724 0.9289808864662688 0.9630934258315352 1.496037949036288 1.331464557105028 1.246248157934939 1.143207683343288 1.08462320405313 1.071841569926978 1.059647493490627 1.061599751167699 1.052733867553948 1.053814837384075 1.093507819476567 1.084159955052558 1.255399422500268 1.144014286781018 1.108754185864534 1.101932348404871 1.109957024394334 1.093526541352027 1.078062119687165 1.062141129583763 1.054906435452684 1.046136238301561 1.377601783440114 1.212921798260446 1.149830668576221 1.120011784822013 1.077676128046142 1.074430064829104 1.144172452833477
0 0 0 0 0 0 0 0 0 0 0 0 0 0 0 0 0 0 0 0 0.06362259619123027 0.970606165178988 0.9917418370755503 0.8978071768273687 1.047029522119392 1.194491284916645 1.135116334645808 1.080842125973694 1.18959632642185 1.122911712495581 1.265857484776019 1.198225441864079 1.159365954680072 1.129062598737052 1.199340689885304 1.113753426636023 1.071488514278652 1.062822038213348 1.11475531146544 1.080984151617045 1.0547684537854 1.116829580723433 1.155262173492945 1.201650716521173 1.140130823631828 1.134240739279275 1.11691307158458 1.109268239322029 1.097924573959384 1.204012832705041 1.162881155248265 1.271242505238328 1.206722213138734
0 0 0 0 0 0 0 0 0 0 0 0 0 0 0 0 0 0 0 0 0.06298062740646861 0.8367443459721252 0.9829142142119764 0.8910289367835779 1.084546939981052 1.266982450296588 1.286002829324146 1.171780512241975 1.120073225369677 1.107101565346645 1.147508786856315 1.077235169282572 1.048132537393287 1.03319559122922 1.023635297803581 1.148351417408449 1.285137994095663 1.144748841842129 1.087226705667289 1.061552564532901 1.106808136724952 1.230681560972943 1.169028922100239 1.181461243708821 1.209234317431342 1.260515305942207 1.079465080662642 1.098469257772642 1.045265972786148 1.06691530646583 1.039724103855893 1.123383349417195 1.093206399603748
0 0 0 0 0 0 0 0 0 0 0 0 0 0 0 0 0 0 0 0 0.1149782181374811 0.813147098126944 0.9952068169201298 1.135195729502484 1.109116583292493 1.04395093991343 1.000858330748757 0.9628820187244913 1.095126847818718 1.21610043811027 1.133083393892081 1.161916913131108 1.106922120555122 1.081093643890509 1.135389680622435 1.135007802574801 1.20249296446123 1.112206269217235 1.059923488525063 1.025282108479127 1.200561901169839 1.162140547420188 1.058503900523528 1.017211238835939 0.9885614519985075 0.9447202077423977 0.9292665387144767 1.014147871782233 1.008503112571797 1.1416119461001 1.102293391290051 1.174061229868801 1.150806950918553
0 0 0 0 0 0 0 0 0 0 0 0 0 0 0 0 0 0 0 0 0.08267907382710234 0.8123529981512859 0.9168896377183785 1.134132002902297 0.9735775948849568 0.9286904745768653 0.8919199235845363 1.361828548372913 1.234039572349042 1.095225039362923 1.031780006334601 1.230412334518736 1.090741683528431 1.053279233704334 1.103430920644282 0.9774562973851342 0.9945240609822618 0.9807896665773779 1.029355108949684 1.050152728161346 0.9764769757976699 0.9543942840895462 0.9555593840573338 1.089529888539541 1.03271182117704 1.076150418895899 1.109046536534643 1.053212240293095 1.145912249117098 1.016599645657425 0.9850029895454122 0.9477061582617222 0.9655992681536586
0 0 0 0 0 0 0 0 0 0 0 0 0 0 0 0 0 0 0 0 0.05652352964971409 0.7062619561855435 0.8135010366723501 0.8454871815812631 0.852405678764932 0.9544967041599014 0.8651070437446317 0.7981086589554403 0.8285391211001663 0.920159896933752 0.8694869621401806 0.8578396387260483 0.8451571447735913 0.8129508245936923 0.7983014721371962 0.794531614222651 0.7808148872459189 0.8780338284992288 1.005479170224428 0.9162074006773859 0.853326184460987 0.8198043312693898 0.7990135473468295 1.006082383894172 0.9298802022800415 0.9112518327132091 0.9530914357769634 0.8838025638896104 0.8450512502457168 0.796048039192942 0.8683235311768517 0.9096311103897085 0.850946998930781
0 0 0 0 0 0 0 0 0 0 0 0 0 0 0 0 0 0 0 0 0.005290742772074294 0.07659334320721782 0.1458883647724577 0.2103131815582626 0.2540679410081856 0.3382333689529008 0.4123522309809163 0.4456720140246005 0.4560559116164759 0.4632844649262432 0.4809073354868277 0.5040875854724823 0.5112446084554115 0.5153179278917129 0.5153906978657621 0.5277632895686422 0.5369675288122135 0.5402427356193968 0.5630001855436652 0.5659879166785625 0.572834140169128 0.5921779721265082 0.5918228212390922 0.593916679417948 0.5928311705175043 0.577079213849674 0.5852156649032947 0.5854695187068671 0.5799112071193565 0.5851455017984759 0.5943103635059233 0.6029134739781136 0.6131391108762054
0 0 0 0 0 0 0 0 0 0 0 0 0 0 0 0 0 0 0 0 0 0 0 0 0 0.0006109260190678805 0.005684979490391829 0.0132141960033046 0.02938135243642601 0.05811369279214558 0.08085641417797255 0.0976823475587876 0.1122619702429396 0.1298524512889999 0.1406007087108884 0.1543444289376599 0.1604805105488481 0.1660131084198226 0.1880529675235593 0.212834861960968 0.2379377878627835 0.2607753729955926 0.2891738772272522 0.3121439758689479 0.3427568524499523 0.3526509128182335 0.3508386320307535 0.3417074618236755 0.3312226707208255 0.3237346403064792 0.3525088324100438 0.3687798236754614 0.3676748739944418
