benchmarks/avaHockeyChannelEntTestPy/release1HS_ent_ref_72810b82a3_pfd.asc
ncols 1001
nrows 401
xllcenter 1000.00
yllcenter -5000.00
cellsize 5.00
nodata_value -9999.00
[rows 184 to 206 of 401, columns 0 to 52 of 1001]
0 0 0 0 0 0 0 0 0 0 0 0 0 0 0 0 0 0 0 0 0.1209455658480278 0.8457017114285535 1.007127474514842 0.9567859728275693 1.084627176206094 1.041731090006624 1.054914887327281 1.079321682814864 1.09327874926894 1.097947964973095 1.070849360761055 1.113172433509133 1.10771168405691 1.089184572759466 1.23315874500631 1.148364093611352 1.107974224461839 1.288298026868358 1.185931362796978 1.133887370384293 1.112178433219354 1.205224177681481 1.110234339796638 1.110044440353099 1.104478628409575 1.092440058040596 1.088983023748909 1.084887149866421 1.07235699353592 1.140373785780067 1.131016245533341 1.304816077955687 1.163234743582214
0 0 0 0 0 0 0 0 0 0 0 0 0 0 0 0 0 0 0 0 0.129782091136769 0.6123409567538461 1.155360772542764 1.128668688858316 1.359181208146675 1.207765567049228 1.117867409839608 1.132048142742051 1.100545962105553 1.074315130703231 1.080180265563635 1.057723655374774 1.042165417274407 1.076397174198012 1.139802264783023 1.17069563104839 1.109290037981431 1.096579956725624 1.077476101067383 1.061210057279322 1.07337286131312 1.066142711672005 1.213919492639681 1.269908646440968 1.308793324562596 1.15723991165244 1.132590917888349 1.161913862674321 1.157477268143952 1.116278122314622 1.131572961083963 1.143872607498979 1.238053884793483
0 0 0 0 0 0 0 0 0 0 0 0 0 0 0 0 0 0 0 0 0.1035886811805848 0.6785263409049674 1.165004403414036 1.156858194684027 1.066255039879352 1.078902363339735 1.060157453868616 1.309248177818429 1.219581915752543 1.181297380909847 1.150221440113973 1.321162320330905 1.150070143632523 1.120165672748526 1.087555702334108 1.105530407670983 1.0974073659794 1.088027829917996 1.158378441588945 1.174710641851497 1.272601147083447 1.174444903222657 1.128708711837434 1.105509303207039 1.09167890409643 1.296607499387161 1.180451232665014 1.135521499847867 1.238222681934142 1.182148717200648 1.150577891884451 1.181644836982797 1.116077879942698
0 0 0 0 0 0 0 0 0 0 0 0 0 0 0 0 0 0 0 0 0.0572210650812548 0.62636291893927 1.177737200564673 1.008754366365429 1.309312069348599 1.18478331484524 1.118580624934059 1.074594659551882 1.067458405348336 1.043228299533058 1.022261170656315 1.244415002715145 1.178734776827931 1.105898050183548 1.109019344422184 1.094382795718501 1.106698289457836 1.244120909531947 1.139301219330784 1.099307815915157 1.08361976228702 1.098476617730208 1.078354591493717 1.0752528176384 1.069126150788182 1.085523835947385 1.308505060876743 1.18250685634088 1.217199157630045 1.273790228293182 1.192164709432198 1.150345950317402 1.116769990786291
0 0 0 0 0 0 0 0 0 0 0 0 0 0 0 0 0 0 0 0 0.07788561492003566 0.5513454698040543 1.084019360519786 1.178162616018061 1.095077580551495 1.035553759560141 1.043094564482075 1.099445339335036 1.071667881110854 1.055648311883635 1.056802852981432 1.036884132743457 1.043671639208395 1.045810475400684 1.06524320536756 1.057622723198762 1.220276594963093 1.098764324433242 1.077212317196847 1.056596096618734 1.044800054426673 1.043719001465388 1.042717274319889 1.046144521775746 1.051243613361313 1.152506301863153 1.251202885832352 1.128822343322723 1.096191327650177 1.200983661616572 1.156490591412001 1.155553754818976 1.12757886077482
0 0 0 0 0 0 0 0 0 0 0 0 0 0 0 0 0 0 0 0 0.1302130450834098 0.9271687253288841 1.239675833004873 1.302404755788913 1.17533818533573 1.071391333520998 1.035093701833381 1.212964693351616 1.255090933660288 1.197407575207844 1.167603488576109 1.16111956848291 1.128581274804721 1.093830492665777 1.09903398046388 1.080008833942666 1.243288106994016 1.148611139265796 1.111745941117132 1.203366305903446 1.163662987343194 1.350515405023972 1.144080306283256 1.157023451494426 1.076839510782736 1.0830826080733 1.06177470825392 1.063928743507697 1.057378708856494 1.059424206299032 1.060154089632517 1.069056050477154 1.066536593913403
0 0 0 0 0 0 0 0 0 0 0 0 0 0 0 0 0 0 0 0 0.08315261268775168 0.7083876610388856 0.9810683160771605 1.112863888535476 1.16030664986872 1.128055972665461 1.055761399965265 1.253438803828139 1.272549002345953 1.194178162949996 1.150226064684158 1.12144959629888 1.115557943377642 1.102351245560468 1.077341379510762 1.06256565062535 1.067175790749041 1.057225825020831 1.189764956219489 1.082643156559005 1.068972009654246 1.065573255773063 1.059432657015958 1.056576535020803 1.076560154702698 1.061136828848802 1.060769519452356 1.06396793964892 1.189035569949303 1.175326685696732 1.198322395197996 1.17437266219704 1.152029217033577
0 0 0 0 0 0 0 0 0 0 0 0 0 0 0 0 0 0 0 0 0.06437756322174458 0.9541616298470413 0.9035852529773761 0.8886635045776071 1.042606812291396 0.9793776744847312 1.042585336542198 1.054592012967876 1.285567659056465 1.171358640332643 1.1398794515327 1.110155199978896 1.176240505901217 1.10515384254192 1.088097924317174 1.097347840993709 1.118278667961537 1.109323169264831 1.103583363409029 1.085511304578668 1.204853223239088 1.276776575856794 1.147875302843385 1.083658684596934 1.132559675879261 1.081234862186903 1.096116067602767 1.091908017682208 1.095885715866799 1.097365530485166 1.203548331486373 1.125131202682608 1.098580346576634
0 0 0 0 0 0 0 0 0 0 0 0 0 0 0 0 0 0 0 0 0.07227119102914138 0.7636663774795176 1.192712419851204 0.978045290197143 0.9208914274660314 0.9380854630760256 1.147142774267598 1.174610530821808 1.163574044135841 1.117505326371047 1.091921383323438 1.101948007909782 1.081248573895461 1.088304503871756 1.147912330085826 1.117983396138837 1.083019716701329 1.061432570088444 1.074623033883368 1.241115078169785 1.066207520386043 1.06420029869421 1.143829838021077 1.070790951859361 1.060902426814357 1.072945139664341 1.082377563798029 1.089757193109653 1.089676704689127 1.143815895189285 1.12202198856672 1.245885426422692 1.171857248319426
0 0 0 0 0 0 0 0 0 0 0 0 0 0 0 0 0 0 0 0 0.1241794375661556 0.6859021129276027 1.056311990513032 1.071949684525872 1.095098177359191 1.030049037421154 0.9951654864856855 0.9917096905690661 1.061492697047612 1.071849802725183 1.084976632445236 1.072202829693411 1.113847861944377 1.068283998637154 1.126015447221876 1.131368829307291 1.065796486591126 1.056095150922394 1.145043287582429 1.075016991206734 1.060215671678495 1.110070115494796 1.083674469305516 1.165063599478516 1.114118394576123 1.119596969318929 1.122861522895747 1.239060590245406 1.143902259649943 1.104063099249534 1.090013141389481 1.112424036025071 1.1121951299856
0 0 0 0 0 0 0 0 0 0 0 0 0 0 0 0 0 0 0 0 0.08941333975643589 1.084252011982416 1.086893481744202 0.9492245463209252 1.010879573835338 0.9923343744174571 1.129103528644946 1.144200945857717 1.098259601522901 1.156235762045144 1.146792925572808 1.105705268718827 1.089935818415883 1.159966534728961 1.113505657998503 1.105125858372931 1.124564225918568 1.104111149008461 1.088610972263238 1.074791054123028 1.076448102273988 1.064097531416831 1.092012622699732 1.07009391158489 1.069992308435305 1.066672028171886 1.0762153225589 1.160766480435458 1.095662671157921 1.131036116426134 1.089107067148477 1.180319281115907 1.155173393503077
0 0 0 0 0 0 0 0 0 0 0 0 0 0 0 0 0 0 0 0 0.0726735049146678 0.8675665036402225 1.131763101181464 0.9765877251950239 0.9841960264460694 1.097004281941551 1.405292122615213 1.241420642347907 1.155968283595635 1.102124555257467 1.073178583058383 1.384757897066571 1.219846192581827 1.168847989001585 1.12565849077726 1.101316490878674 1.143459681367263 1.232620858619618 1.186569954853806 1.157435674533085 1.1637603295741 1.220805599429704 1.132797641021844 1.104258349364727 1.37179681791191 1.183587103169554 1.142150805844594 1.13372664388978 1.097186883438021 1.213715919552251 1.159863721946931 1.144772965757547 1.124277844300993
0 0 0 0 0 0 0 0 0 0 0 0 0 0 0 0 0 0 0 0 0.12351224372865 0.6595252498024896 0.9232174633213641 1.071625236192124 1.000999295525927 1.043697994619577 1.04563056732086 1.139165988997489 1.107799003647818 1.094873162560198 1.069271969520271 1.073346540083125 1.067594714290053 1.236120218188622 1.283467135042977 1.218971954652654 1.134035107351879 1.177211459737253 1.145954245377489 1.121253603236503 1.100653290324835 1.146805494691891 1.261870791054226 1.186409727079263 1.139481273089882 1.158966270078275 1.172512879246796 1.226438595256752 1.179584716997093 1.164152506719786 1.144134771776455 1.129675371610203 1.127363311125843
0 0 0 0 0 0 0 0 0 0 0 0 0 0 0 0 0 0 0 0 0.0546049317591213 1.002227125418429 1.112650402036308 1.041261687268134 1.035246790612813 1.026949287448623 1.137435809484455 1.176089330328631 1.137023369212797 1.184129121286851 1.130528329645056 1.108109091385836 1.096502418055855 1.074556248253747 1.068632642272989 1.11822802418423 1.204723976059172 1.186677677166958 1.160938178314493 1.14061214868725 1.212477617484811 1.106933653244161 1.100520985213707 1.097587930737659 1.091998807990845 1.137159471614029 1.253259289363433 1.202155420514356 1.140680541293073 1.107891056353899 1.137434012997963 1.103399113330866 1.219247258134078
0 0 0 0 0 0 0 0 0 0 0 0 0 0 0 0 0 0 0 0 0.1699453905518503 0.9119133294455664 0.8943432732731348 0.9334992687897934 0.9804736281004867 1.033622636920255 1.028665357299281 1.17498079596846 1.105306448800571 1.083787040325644 1.183015266398945 1.145402855350966 1.10596579976557 1.099651948768411 1.0842410840687 1.074131988911929 1.120640963399343 1.179934561152405 1.175673216685694 1.145815339993754 1.124647311172261 1.318949470662932 1.250016824948031 1.177076756730782 1.134669382950602 1.108217099654885 1.128600496470614 1.114163853641203 1.153027914643714 1.187533806169203 1.121368444502051 1.085264822579412 1.083692909578976
0 0 0 0 0 0 0 0 0 0 0 0 0 0 0 0 0 0 0 0 0.1033850023562072 0.6731319303141957 0.9858069286160157 0.9995582823325641 0.9712743491342931 1.254526650685994 1.158773808918361 1.141697424602374 1.113459424103544 1.098947501939572 1.076612605470732 1.100390242664983 1.209432869091402 1.140824295257195 1.127166747796724 1.08892327921732 1.674946749384492 1.349243891334404 1.259669073978132 1.167294873589192 1.115939100387235 1.181927346907472 1.287513234953582 1.223546686537591 1.175914135452329 1.121004941399279 1.095113273049144 1.089605917780352 1.08231842128887 1.121568688866867 1.130145087353679 1.127201860163631 1.117898597275735
0 0 0 0 0 0 0 0 0 0 0 0 0 0 0 0 0 0 0 0 0.01364467538185583 0.8666293143072329 1.16270081647672 1.017424715980631 1.120992171052573 1.109571101251314 1.089996032224142 1.076283078075202 1.057347043559977 1.383150142554323 1.22592533700379 1.186429501566022 1.152346479581915 1.129790690774335 1.128119999272412 1.113770701516831 1.114232644854378 1.113062084995764 1.112286910264062 1.093201177193587 1.10702542857443 1.253350514308275 1.195301869025364 1.171020719870754 1.136203526503691 1.109326627036424 1.104682916042741 1.085929950009558 1.088996309257606 1.083247364060127 1.079527185702079 1.092320692191701 1.213247983748588
0 0 0 0 0 0 0 0 0 0 0 0 0 0 0 0 0 0 0 0 0.09633702287027586 0.7489304089877185 0.9836901863874928 0.9923834388730699 1.093616352591668 1.124594197698784 1.114403101424288 1.095410879988475 1.083263102891468 1.118612075099773 1.132668638669087 1.113317480584386 1.100454164972503 1.087898938635701 1.266326623216374 1.243495131741063 1.121094041429397 1.081323280969828 1.069708488423828 1.074753539887473 1.066433885249001 1.071656984564049 1.125215437214397 1.110448285907301 1.083152466800604 1.076842369747864 1.135220501397016 1.08342336102327 1.086635000829488 1.275938826291283 1.147065504799802 1.097337399894749 1.101475989922127
0 0 0 0 0 0 0 0 0 0 0 0 0 0 0 0 0 0 0 0 0.07899032063763377 0.7802258419312805 1.012279216068799 0.9614659065598919 1.212785394038235 1.136167301913056 1.070677690987726 1.242556129461867 1.235064205505265 1.172396893301555 1.277364240056531 1.206491195271177 1.171072003266751 1.137277543831857 1.11892567442536 1.103107847396804 1.091326334366448 1.363725816626304 1.212857283959549 1.220653655131449 1.146486484127303 1.175832373245773 1.11150122076629 1.174647814246686 1.17178092244939 1.160844737535448 1.153940928378996 1.102515761472752 1.093219760403841 1.066974077543515 1.068600060315933 1.072728207278481 1.081648663963515
0 0 0 0 0 0 0 0 0 0 0 0 0 0 0 0 0 0 0 0 0.08512364715192099 1.125161039836224 1.077559068913684 0.9623699777098487 1.106366923747419 1.065539673664104 1.148065359458451 1.183075338227776 1.127389491800662 1.103609850900044 1.333512843776071 1.256517260793478 1.219100066324965 1.194026739806588 1.172309355373796 1.153062478827072 1.292760803114819 1.185124268710773 1.148037697643508 1.216691139803256 1.123633862598298 1.096020855494546 1.091754037271901 1.085322852678242 1.0945266940777 1.091845814301329 1.103623209204474 1.094263471570488 1.097646516141607 1.104248244400459 1.276901896742113 1.182526062503715 1.157979596846232
0 0 0 0 0 0 0 0 0 0 0 0 0 0 0 0 0 0 0 0 0.03530419608334133 0.809004465689355 1.251702234024031 1.086513659772345 1.078753471221282 1.058921775599024 1.228551028668714 1.193142294010971 1.140093729298056 1.536585580285442 1.324079940007457 1.236797563694105 1.195445909086862 1.167535341614237 1.162315937894172 1.129336316228265 1.118339345030223 1.108607448003861 1.109240452781518 1.09595581638681 1.091880945107509 1.093182927717138 1.086194253349124 1.078647964648224 1.077520696684892 1.174467318887614 1.25094468418423 1.196191978843761 1.17881528755009 1.128489888473536 1.125075041995202 1.084792403196452 1.08767716237534
0 0 0 0 0 0 0 0 0 0 0 0 0 0 0 0 0 0 0 0 0.09407925066773593 0.5829567449452062 1.131708773731458 1.131351599618853 1.073731878590777 1.157572183011988 1.082449198093898 1.083999931080875 1.089138809179651 1.183128743537954 1.138266150833307 1.108838552698048 1.132144657950381 1.087164416425064 1.168129765440945 1.096641643227412 1.160185474211458 1.110423319094318 1.091515539382752 1.083091032895752 1.077614575117829 1.093974929192557 1.109400640201878 1.102878048537843 1.498085303462136 1.326721645881693 1.21636926323883 1.163828138582351 1.124934432346107 1.341858174593415 1.189306788194464 1.154183179497971 1.132478232571855
0 0 0 0 0 0 0 0 0 0 0 0 0 0 0 0 0 0 0 0 0.05914610228684944 1.104469177088295 1.155513924248096 1.077134456188363 1.059943312540514 1.193522638455682 1.134215041763076 1.085221551204206 1.21728855949304 1.148979577261982 1.138481508023735 1.131954721816075 1.127279721236226 1.104945098489597 1.102613018059139 1.098332580076561 1.176446850542695 1.126958401204199 1.100052550563881 1.083278210281057 1.107386040161409 1.121026287574042 1.133426018294325 1.109521354367067 1.08395032232628 1.082909330343671 1.206957289887771 1.151565215197182 1.107671115054308 1.083384149662031 1.075845308404248 1.076063174199448 1.343517190223349
