data/avaGar/Inputs/avaGar.asc
ncols        520
nrows        387
xllcenter    247323.244194263
yllcenter    350705.852927772
cellsize     4.997678230579
NODATA_value  -9999
[rows 294 to 314 of 387, columns 384 to 431 of 520]
1242.8011474609375 1242.7034912109375 1242.61962890625 1242.5244140625 1242.44580078125 1242.4473876953125 1242.50048828125 1242.51220703125 1242.510498046875 1242.501708984375 1242.46240234375 1242.4713134765625 1242.5120849609375 1242.6683349609375 1242.8841552734375 1243.1995849609375 1243.3958740234375 1243.6165771484375 1243.721435546875 1243.885498046875 1243.959228515625 1244.1004638671875 1244.3592529296875 1244.8006591796875 1245.2689208984375 1245.65869140625 1246.0894775390625 1246.7796630859375 1247.3931884765625 1248.0594482421875 1249.1927490234375 1250.3150634765625 1251.19189453125 1252.054931640625 1253.0518798828125 1253.9271240234375 1254.764892578125 1255.5516357421875 1256.184326171875 1256.7867431640625 1257.494140625 1258.475341796875 1259.1436767578125 1260.0411376953125 1261.0673828125 1262.41845703125 1262.490234375 1263.0511474609375
1242.74169921875 1242.7060546875 1242.6328125 1242.5789794921875 1242.51513671875 1242.573486328125 1242.6495361328125 1242.669189453125 1242.657958984375 1242.607666015625 1242.560302734375 1242.538818359375 1242.5736083984375 1242.739013671875 1242.9564208984375 1243.2574462890625 1243.49462890625 1243.755126953125 1243.900390625 1244.057373046875 1244.3193359375 1244.61083984375 1244.951904296875 1245.4461669921875 1245.9403076171875 1246.4384765625 1246.8946533203125 1247.5325927734375 1248.156494140625 1248.85107421875 1249.813232421875 1251.0455322265625 1252.0831298828125 1252.9927978515625 1253.967041015625 1254.89794921875 1255.671875 1256.482421875 1257.1431884765625 1257.744384765625 1258.489501953125 1259.309814453125 1260.4932861328125 1261.358642578125 1262.080810546875 1262.964599609375 1263.5406494140625 1263.7630615234375
1242.7037353515625 1242.6685791015625 1242.6572265625 1242.626708984375 1242.664794921875 1242.7567138671875 1242.822998046875 1242.793701171875 1242.7579345703125 1242.6837158203125 1242.6329345703125 1242.629150390625 1242.7437744140625 1242.8533935546875 1243.0899658203125 1243.392333984375 1243.68896484375 1243.98046875 1244.25732421875 1244.55224609375 1244.9169921875 1245.316162109375 1245.7415771484375 1246.2601318359375 1246.7896728515625 1247.2913818359375 1247.812255859375 1248.367919921875 1249.0111083984375 1249.718994140625 1250.6090087890625 1251.8890380859375 1253.2862548828125 1254.0130615234375 1254.9326171875 1255.803466796875 1256.5537109375 1257.3262939453125 1258.029052734375 1258.7303466796875 1259.4962158203125 1260.5875244140625 1262.2220458984375 1262.9427490234375 1263.4268798828125 1264.263427734375 1264.7252197265625 1264.99951171875
1242.7066650390625 1242.679443359375 1242.6883544921875 1242.7119140625 1242.82958984375 1242.905517578125 1242.9102783203125 1242.881103515625 1242.8153076171875 1242.79296875 1242.75927734375 1242.84130859375 1242.9029541015625 1243.0460205078125 1243.3094482421875 1243.6295166015625 1244.0128173828125 1244.3876953125 1244.77587890625 1245.2108154296875 1245.651611328125 1246.0836181640625 1246.6038818359375 1247.131103515625 1247.66650390625 1248.1705322265625 1248.6583251953125 1249.2454833984375 1249.9110107421875 1250.630615234375 1251.4407958984375 1252.7071533203125 1254.2464599609375 1255.14794921875 1255.90478515625 1256.6964111328125 1257.469970703125 1258.172119140625 1258.9427490234375 1259.6806640625 1260.551025390625 1261.642822265625 1263.07080078125 1264.04638671875 1264.68603515625 1265.4595947265625 1265.2830810546875 1265.6441650390625
1242.7232666015625 1242.743408203125 1242.761474609375 1242.84033203125 1242.968505859375 1243.024658203125 1242.9710693359375 1242.9210205078125 1242.888427734375 1242.911376953125 1242.957763671875 1243.0206298828125 1243.1533203125 1243.4007568359375 1243.7047119140625 1244.0467529296875 1244.4307861328125 1244.9083251953125 1245.4263916015625 1245.9534912109375 1246.465576171875 1246.947509765625 1247.46142578125 1247.99951171875 1248.5145263671875 1249.03466796875 1249.572998046875 1250.2008056640625 1250.911376953125 1251.6455078125 1252.4080810546875 1253.363525390625 1254.666015625 1256.0389404296875 1256.774658203125 1257.5506591796875 1258.387939453125 1259.0621337890625 1259.8172607421875 1260.5933837890625 1261.5244140625 1262.92431640625 1264.51611328125 1265.3314208984375 1265.99853515625 1266.3955078125 1266.89990234375 1266.7357177734375
1242.819580078125 1242.8533935546875 1242.8983154296875 1243.0155029296875 1243.114990234375 1243.122314453125 1243.0545654296875 1243.0125732421875 1243.01953125 1243.02978515625 1243.1094970703125 1243.2955322265625 1243.5234375 1243.7672119140625 1244.1123046875 1244.5025634765625 1245.008544921875 1245.540283203125 1246.1072998046875 1246.6834716796875 1247.30224609375 1247.848876953125 1248.3670654296875 1248.9134521484375 1249.43115234375 1249.9752197265625 1250.5775146484375 1251.2420654296875 1251.9111328125 1252.63671875 1253.390869140625 1254.2471923828125 1255.4117431640625 1256.4462890625 1257.5462646484375 1258.2918701171875 1259.1910400390625 1259.93994140625 1260.656982421875 1261.51025390625 1262.548095703125 1264.0611572265625 1265.7752685546875 1266.6357421875 1267.35888671875 1267.5836181640625 1268.1807861328125 1268.4892578125
1243.0728759765625 1243.1156005859375 1243.208740234375 1243.320556640625 1243.333984375 1243.289306640625 1243.2613525390625 1243.2427978515625 1243.2178955078125 1243.26806640625 1243.4456787109375 1243.68310546875 1243.9825439453125 1244.317626953125 1244.7064208984375 1245.155029296875 1245.710693359375 1246.2840576171875 1246.844970703125 1247.452880859375 1248.073974609375 1248.702392578125 1249.305419921875 1249.8826904296875 1250.4373779296875 1251.0137939453125 1251.61181640625 1252.252685546875 1252.8861083984375 1253.5894775390625 1254.333740234375 1255.22265625 1256.21630859375 1257.2496337890625 1258.2642822265625 1259.1383056640625 1260.0037841796875 1260.8460693359375 1261.63232421875 1262.4669189453125 1263.65576171875 1265.064208984375 1266.3389892578125 1268.0863037109375 1268.2130126953125 1268.9051513671875 1269.2269287109375 1269.9525146484375
1243.6273193359375 1243.691650390625 1243.7476806640625 1243.737548828125 1243.6683349609375 1243.58544921875 1243.5465087890625 1243.4849853515625 1243.50146484375 1243.6573486328125 1243.90673828125 1244.2286376953125 1244.547119140625 1244.930419921875 1245.39501953125 1245.92578125 1246.470458984375 1247.0543212890625 1247.67529296875 1248.2947998046875 1248.9012451171875 1249.52587890625 1250.2115478515625 1250.8494873046875 1251.453857421875 1252.0391845703125 1252.627197265625 1253.2423095703125 1253.887451171875 1254.583984375 1255.3072509765625 1256.135986328125 1257.0828857421875 1258.15625 1259.225830078125 1260.2740478515625 1260.9647216796875 1261.751953125 1262.6546630859375 1263.52685546875 1264.7353515625 1266.441650390625 1268.1220703125 1269.02197265625 1269.5093994140625 1270.39599609375 1270.5086669921875 1271.2701416015625
1244.2667236328125 1244.2882080078125 1244.246337890625 1244.188232421875 1244.098388671875 1243.9334716796875 1243.8568115234375 1243.864501953125 1243.94970703125 1244.15185546875 1244.441162109375 1244.7822265625 1245.1727294921875 1245.5986328125 1246.101806640625 1246.6859130859375 1247.2794189453125 1247.8828125 1248.50634765625 1249.1453857421875 1249.8038330078125 1250.4366455078125 1251.1104736328125 1251.771240234375 1252.4324951171875 1253.075927734375 1253.676513671875 1254.3023681640625 1254.9669189453125 1255.6314697265625 1256.3056640625 1257.0831298828125 1258.031982421875 1259.007080078125 1260.0628662109375 1261.208740234375 1262.24072265625 1262.6639404296875 1263.6851806640625 1264.5887451171875 1265.683837890625 1267.52734375 1269.1622314453125 1269.854736328125 1271.0362548828125 1271.7086181640625 1272.646728515625 1272.6187744140625
1244.6475830078125 1244.6168212890625 1244.58642578125 1244.574462890625 1244.4893798828125 1244.34326171875 1244.31396484375 1244.357421875 1244.4669189453125 1244.6932373046875 1244.989990234375 1245.361328125 1245.7904052734375 1246.2794189453125 1246.841064453125 1247.4521484375 1248.0601806640625 1248.6917724609375 1249.33935546875 1250.005126953125 1250.683349609375 1251.3612060546875 1252.04345703125 1252.7265625 1253.3973388671875 1254.08740234375 1254.74169921875 1255.384521484375 1256.0484619140625 1256.699951171875 1257.375732421875 1258.1453857421875 1259.0264892578125 1259.99951171875 1261.0125732421875 1262.0277099609375 1262.9776611328125 1263.881103515625 1264.8328857421875 1265.8016357421875 1266.5401611328125 1267.929931640625 1269.7762451171875 1270.583984375 1271.5850830078125 1271.99853515625 1273.731689453125 1274.705078125
1244.8204345703125 1244.8345947265625 1244.8365478515625 1244.8519287109375 1244.9019775390625 1244.9163818359375 1244.888671875 1244.90478515625 1245.0030517578125 1245.2587890625 1245.5899658203125 1245.97265625 1246.41845703125 1246.94287109375 1247.5115966796875 1248.089111328125 1248.7445068359375 1249.4505615234375 1250.1500244140625 1250.81494140625 1251.5045166015625 1252.2640380859375 1252.9735107421875 1253.6728515625 1254.3787841796875 1255.0919189453125 1255.7889404296875 1256.4395751953125 1257.093994140625 1257.779296875 1258.4945068359375 1259.2545166015625 1260.0657958984375 1261.0150146484375 1261.9781494140625 1262.9735107421875 1264.2166748046875 1265.444580078125 1266.30078125 1267.131103515625 1267.681396484375 1268.9373779296875 1270.311279296875 1270.871826171875 1272.2598876953125 1273.564697265625 1274.51513671875 1275.7930908203125
1244.9686279296875 1245.0091552734375 1245.017822265625 1245.102294921875 1245.2705078125 1245.432861328125 1245.4794921875 1245.456787109375 1245.599365234375 1245.8631591796875 1246.17578125 1246.56298828125 1247.0235595703125 1247.5653076171875 1248.1695556640625 1248.8052978515625 1249.4627685546875 1250.1654052734375 1250.9156494140625 1251.65185546875 1252.35595703125 1253.1019287109375 1253.87060546875 1254.598876953125 1255.34765625 1256.0914306640625 1256.7943115234375 1257.4703369140625 1258.173828125 1258.8936767578125 1259.6097412109375 1260.3740234375 1261.137451171875 1261.9664306640625 1262.93701171875 1263.951416015625 1265.1251220703125 1266.5908203125 1267.8330078125 1268.3807373046875 1268.9442138671875 1270.0633544921875 1271.2591552734375 1271.9998779296875 1273.48583984375 1275.078857421875 1276.04248046875 1277.0379638671875
1245.1324462890625 1245.1693115234375 1245.1947021484375 1245.3206787109375 1245.58544921875 1245.8443603515625 1245.979248046875 1246.055908203125 1246.1961669921875 1246.448486328125 1246.7972412109375 1247.2005615234375 1247.6490478515625 1248.2071533203125 1248.845703125 1249.5101318359375 1250.1820068359375 1250.8848876953125 1251.645751953125 1252.4256591796875 1253.181884765625 1253.9468994140625 1254.72607421875 1255.4619140625 1256.228515625 1256.982421875 1257.716064453125 1258.4615478515625 1259.214599609375 1259.9332275390625 1260.6634521484375 1261.43701171875 1262.2188720703125 1263.0963134765625 1264.0457763671875 1264.9969482421875 1266.180908203125 1267.643310546875 1269.04931640625 1269.7447509765625 1270.759033203125 1271.5750732421875 1271.68017578125 1272.7626953125 1274.61474609375 1276.1094970703125 1277.5574951171875 1278.95263671875
1245.294921875 1245.327392578125 1245.35400390625 1245.497802734375 1245.8311767578125 1246.2109375 1246.4866943359375 1246.6669921875 1246.8450927734375 1247.09326171875 1247.437744140625 1247.8431396484375 1248.290771484375 1248.822509765625 1249.4820556640625 1250.1966552734375 1250.880126953125 1251.581787109375 1252.373291015625 1253.1466064453125 1253.9232177734375 1254.7528076171875 1255.5460205078125 1256.3060302734375 1257.1011962890625 1257.880615234375 1258.6546630859375 1259.4315185546875 1260.19580078125 1260.9337158203125 1261.6773681640625 1262.4696044921875 1263.238525390625 1264.0440673828125 1264.9805908203125 1266.029296875 1267.4600830078125 1268.747314453125 1270.0328369140625 1271.443603515625 1272.0740966796875 1272.19775390625 1273.0648193359375 1274.5931396484375 1275.556884765625 1276.6551513671875 1278.2100830078125 1279.7540283203125
1245.448486328125 1245.5009765625 1245.5556640625 1245.7806396484375 1246.2210693359375 1246.7413330078125 1247.08544921875 1247.3076171875 1247.5390625 1247.785400390625 1248.1063232421875 1248.508056640625 1248.971923828125 1249.49560546875 1250.1552734375 1250.8883056640625 1251.5640869140625 1252.290771484375 1253.0849609375 1253.8724365234375 1254.6693115234375 1255.498779296875 1256.3433837890625 1257.1715087890625 1257.993408203125 1258.8165283203125 1259.6124267578125 1260.3853759765625 1261.1484375 1261.92333984375 1262.6649169921875 1263.4434814453125 1264.2158203125 1265.0067138671875 1265.96240234375 1267.1259765625 1268.8245849609375 1270.20654296875 1271.4005126953125 1272.4481201171875 1272.882568359375 1273.8905029296875 1274.9593505859375 1275.8201904296875 1276.6722412109375 1277.5970458984375 1278.71533203125 1280.3905029296875
1245.5799560546875 1245.6763916015625 1245.96044921875 1246.4090576171875 1246.90673828125 1247.3739013671875 1247.6806640625 1247.95654296875 1248.253173828125 1248.539306640625 1248.84814453125 1249.203125 1249.6390380859375 1250.194580078125 1250.8541259765625 1251.576904296875 1252.3050537109375 1253.0615234375 1253.8809814453125 1254.6761474609375 1255.46484375 1256.2919921875 1257.1612548828125 1258.0338134765625 1258.8983154296875 1259.7579345703125 1260.5816650390625 1261.3116455078125 1262.0496826171875 1262.840087890625 1263.6297607421875 1264.403076171875 1265.18212890625 1266.002197265625 1266.9461669921875 1268.6533203125 1270.1796875 1271.5836181640625 1272.5667724609375 1272.9696044921875 1274.475341796875 1275.6033935546875 1276.66357421875 1277.5504150390625 1277.9534912109375 1278.570068359375 1279.5399169921875 1281.0020751953125
1245.74365234375 1245.9285888671875 1246.4901123046875 1247.1058349609375 1247.56640625 1247.9053955078125 1248.240234375 1248.6141357421875 1248.978515625 1249.316650390625 1249.6300048828125 1249.9786376953125 1250.421142578125 1250.9898681640625 1251.638427734375 1252.3802490234375 1253.1141357421875 1253.8472900390625 1254.6519775390625 1255.4713134765625 1256.2862548828125 1257.1717529296875 1258.056640625 1258.9481201171875 1259.831298828125 1260.6195068359375 1261.447509765625 1262.2265625 1262.9713134765625 1263.742431640625 1264.5572509765625 1265.3707275390625 1266.128662109375 1267.02783203125 1268.082275390625 1269.5892333984375 1271.30810546875 1272.6077880859375 1272.9322509765625 1274.7491455078125 1276.3343505859375 1276.823486328125 1277.8770751953125 1279.197509765625 1279.4481201171875 1279.657958984375 1280.6484375 1281.61474609375
1246.033203125 1246.3447265625 1246.92138671875 1247.5477294921875 1248.0177001953125 1248.4229736328125 1248.841796875 1249.28125 1249.70751953125 1250.032958984375 1250.3837890625 1250.8055419921875 1251.2437744140625 1251.76708984375 1252.3558349609375 1253.0828857421875 1253.84912109375 1254.619384765625 1255.41357421875 1256.260498046875 1257.13525390625 1258.058837890625 1258.985595703125 1259.9248046875 1260.73974609375 1261.5250244140625 1262.377685546875 1263.1793212890625 1263.9202880859375 1264.703125 1265.48388671875 1266.222900390625 1267.23828125 1268.2987060546875 1269.550537109375 1270.8184814453125 1272.2027587890625 1272.9573974609375 1274.1810302734375 1275.791259765625 1277.5181884765625 1278.4990234375 1279.4381103515625 1280.5361328125 1280.66943359375 1281.1033935546875 1282.363037109375 1282.9664306640625
1246.30078125 1246.8189697265625 1247.3563232421875 1247.972900390625 1248.445556640625 1248.970703125 1249.521728515625 1249.972900390625 1250.3988037109375 1250.774169921875 1251.1546630859375 1251.547607421875 1252.01025390625 1252.593994140625 1253.2008056640625 1253.8831787109375 1254.58642578125 1255.35498046875 1256.2276611328125 1257.06982421875 1258.001708984375 1258.967529296875 1259.9224853515625 1260.8427734375 1261.6767578125 1262.5509033203125 1263.3961181640625 1264.1510009765625 1264.8720703125 1265.62158203125 1266.3292236328125 1267.45458984375 1268.9219970703125 1269.68310546875 1270.8463134765625 1272.0283203125 1272.919921875 1273.9615478515625 1274.888671875 1276.6798095703125 1278.2508544921875 1279.648193359375 1280.3948974609375 1281.776123046875 1282.365234375 1282.655029296875 1282.85205078125 1283.870849609375
1246.3463134765625 1246.975341796875 1247.6385498046875 1248.293212890625 1248.930908203125 1249.5804443359375 1250.22021484375 1250.658447265625 1251.0546875 1251.50927734375 1251.902099609375 1252.33056640625 1252.8284912109375 1253.364501953125 1253.9898681640625 1254.627197265625 1255.333740234375 1256.1600341796875 1257.0406494140625 1257.9080810546875 1258.8646240234375 1259.8389892578125 1260.8372802734375 1261.771240234375 1262.6385498046875 1263.5128173828125 1264.3287353515625 1265.072509765625 1265.765869140625 1266.41796875 1267.75634765625 1269.1925048828125 1270.4478759765625 1270.9976806640625 1273.0679931640625 1273.30419921875 1273.2940673828125 1275.2091064453125 1276.1031494140625 1277.313232421875 1279.140625 1280.7886962890625 1282.017333984375 1283.4627685546875 1284.1390380859375 1284.29345703125 1284.4520263671875 1285.2396240234375
1246.3175048828125 1246.8612060546875 1247.5394287109375 1248.2703857421875 1249.195556640625 1250.07080078125 1250.79052734375 1251.29345703125 1251.7366943359375 1252.1712646484375 1252.6474609375 1253.1240234375 1253.6697998046875 1254.2325439453125 1254.860107421875 1255.5233154296875 1256.2373046875 1257.0462646484375 1257.8931884765625 1258.821533203125 1259.7275390625 1260.6602783203125 1261.5289306640625 1262.4080810546875 1263.37109375 1264.2806396484375 1265.1693115234375 1265.8709716796875 1266.696533203125 1268.15185546875 1269.7236328125 1270.4451904296875 1271.761474609375 1272.8675537109375 1273.4884033203125 1273.410888671875 1274.60986328125 1276.8026123046875 1277.6217041015625 1278.54248046875 1280.079345703125 1282.0662841796875 1284.090087890625 1285.41015625 1285.7320556640625 1285.8375244140625 1286.0120849609375 1286.520751953125
