data/avaGar/Inputs/avaGar.asc
ncols        520
nrows        387
xllcenter    247323.244194263
yllcenter    350705.852927772
cellsize     4.997678230579
NODATA_value  -9999
[rows 63 to 83 of 387, columns 240 to 287 of 520]
2029.7283935546875 2021.3753662109375 2017.5107421875 2016.651611328125 2015.1119384765625 2012.6044921875 2008.755859375 2005.5015869140625 2001.1058349609375 1993.08544921875 1987.5406494140625 1986.2032470703125 1987.0296630859375 1982.7171630859375 1974.534912109375 1968.63623046875 1965.001953125 1965.046875 1961.433837890625 1954.9271240234375 1946.1693115234375 1932.641357421875 1928.7340087890625 1920.86865234375 1905.3994140625 1887.0013427734375 1878.8577880859375 1869.9534912109375 1860.7015380859375 1857.90673828125 1857.572998046875 1852.9825439453125 1836.34814453125 1825.7950439453125 1817.1451416015625 1812.4989013671875 1811.36865234375 1806.421142578125 1798.0068359375 1789.76806640625 1784.159423828125 1783.8148193359375 1783.28076171875 1781.0909423828125 1778.208251953125 1775.2293701171875 1772.8511962890625 1771.0799560546875
2033.0362548828125 2022.5179443359375 2013.914306640625 2008.4503173828125 2005.2557373046875 2006.2408447265625 2006.2109375 2006.5958251953125 2006.03125 1997.752197265625 1982.9947509765625 1980.1636962890625 1983.5078125 1982.8231201171875 1977.6595458984375 1972.203857421875 1970.374755859375 1971.048095703125 1966.907470703125 1955.698486328125 1945.6102294921875 1939.5224609375 1935.5777587890625 1927.042724609375 1910.103759765625 1888.095947265625 1879.1953125 1869.3231201171875 1859.488037109375 1853.458251953125 1853.267578125 1851.8966064453125 1841.06396484375 1828.2164306640625 1815.7835693359375 1809.346923828125 1805.317626953125 1800.7645263671875 1792.928955078125 1787.3018798828125 1781.3790283203125 1780.4918212890625 1779.65283203125 1778.0811767578125 1776.083740234375 1773.37939453125 1770.697509765625 1768.1416015625
2033.7442626953125 2025.9593505859375 2015.8778076171875 2010.1416015625 2003.2093505859375 1997.0386962890625 1996.263671875 2001.80224609375 2003.35888671875 1991.53076171875 1977.4678955078125 1974.261474609375 1976.2330322265625 1979.267822265625 1980.667236328125 1977.8594970703125 1974.61962890625 1970.0413818359375 1963.4942626953125 1954.4495849609375 1950.24951171875 1948.0460205078125 1943.2957763671875 1930.465087890625 1911.3302001953125 1892.0223388671875 1884.0469970703125 1875.65478515625 1862.4503173828125 1850.1728515625 1846.9234619140625 1848.2315673828125 1842.97705078125 1828.642578125 1815.659912109375 1807.4654541015625 1800.1578369140625 1795.715087890625 1789.850830078125 1785.3963623046875 1781.1669921875 1778.0347900390625 1776.219970703125 1774.919189453125 1773.1876220703125 1770.95703125 1769.0662841796875 1766.21435546875
2032.564453125 2025.4697265625 2019.6400146484375 2014.26416015625 2008.6070556640625 2003.41748046875 1996.8076171875 1984.30029296875 1974.9617919921875 1971.5941162109375 1970.967529296875 1967.7386474609375 1968.945068359375 1976.342529296875 1978.6771240234375 1976.2728271484375 1972.2371826171875 1966.3994140625 1957.9251708984375 1954.0579833984375 1954.7877197265625 1950.6639404296875 1943.81005859375 1930.6412353515625 1910.19970703125 1894.4390869140625 1889.2767333984375 1879.3642578125 1863.2357177734375 1851.1995849609375 1842.6949462890625 1839.5008544921875 1834.7838134765625 1825.8753662109375 1814.474853515625 1806.3724365234375 1798.206298828125 1792.3175048828125 1789.142333984375 1785.3375244140625 1780.8389892578125 1777.0391845703125 1774.16162109375 1771.8807373046875 1770.1513671875 1768.5438232421875 1766.8465576171875 1764.2213134765625
2030.65087890625 2024.9844970703125 2020.0450439453125 2014.74755859375 2012.6141357421875 2011.86279296875 2003.5909423828125 1991.3721923828125 1978.2969970703125 1967.36865234375 1963.1495361328125 1959.68896484375 1962.922607421875 1971.357666015625 1972.7021484375 1966.1312255859375 1963.007568359375 1963.22119140625 1956.8636474609375 1950.5732421875 1949.8463134765625 1950.1571044921875 1939.422607421875 1928.8692626953125 1915.4842529296875 1897.6942138671875 1893.27734375 1884.71923828125 1870.6025390625 1855.1700439453125 1843.2398681640625 1834.6978759765625 1831.6075439453125 1823.3310546875 1813.8338623046875 1804.770751953125 1795.0650634765625 1790.6005859375 1787.405029296875 1784.0482177734375 1780.2882080078125 1776.3707275390625 1772.686279296875 1769.2901611328125 1767.1068115234375 1765.701416015625 1763.5706787109375 1761.0924072265625
2033.8780517578125 2027.2640380859375 2021.3529052734375 2018.4893798828125 2016.3929443359375 2015.60791015625 2010.7686767578125 1997.0472412109375 1980.9600830078125 1971.349365234375 1968.06103515625 1960.8265380859375 1952.7144775390625 1953.1612548828125 1956.4970703125 1949.951416015625 1945.8873291015625 1948.07666015625 1946.703369140625 1944.3162841796875 1942.003662109375 1942.5472412109375 1936.8214111328125 1926.9423828125 1914.0869140625 1903.214111328125 1896.9910888671875 1887.3927001953125 1876.3919677734375 1863.0941162109375 1844.71435546875 1829.701904296875 1826.9815673828125 1821.1849365234375 1812.7237548828125 1805.36279296875 1795.589111328125 1788.338623046875 1784.77880859375 1782.0494384765625 1778.89501953125 1774.677978515625 1771.332275390625 1767.8721923828125 1764.6365966796875 1762.4024658203125 1760.055908203125 1757.99169921875
2037.4405517578125 2030.0926513671875 2024.1268310546875 2021.7237548828125 2019.104248046875 2017.0194091796875 2014.682861328125 2001.0772705078125 1985.1925048828125 1979.3446044921875 1973.755126953125 1967.226806640625 1957.222412109375 1945.2188720703125 1940.330810546875 1937.4002685546875 1933.5174560546875 1932.4268798828125 1931.6309814453125 1930.33544921875 1929.2493896484375 1928.4410400390625 1927.0009765625 1916.14111328125 1907.4906005859375 1905.9427490234375 1899.305908203125 1889.1826171875 1877.8480224609375 1865.9935302734375 1845.563232421875 1828.7255859375 1821.9649658203125 1814.2691650390625 1808.5556640625 1800.5059814453125 1791.78515625 1786.967041015625 1783.200439453125 1780.17919921875 1776.9232177734375 1773.76416015625 1770.4873046875 1766.635498046875 1763.1082763671875 1760.12548828125 1757.3804931640625 1755.105712890625
2037.833740234375 2031.6134033203125 2027.0557861328125 2023.9342041015625 2020.9453125 2018.3741455078125 2016.8707275390625 2006.066162109375 1992.4095458984375 1986.33837890625 1977.56005859375 1968.751708984375 1965.9246826171875 1952.453125 1938.7698974609375 1934.3228759765625 1930.7020263671875 1927.515869140625 1922.1341552734375 1915.8887939453125 1912.1600341796875 1911.93505859375 1907.6810302734375 1902.3455810546875 1906.0517578125 1904.0037841796875 1896.591796875 1891.0277099609375 1881.1907958984375 1865.6427001953125 1846.485595703125 1833.615966796875 1824.6473388671875 1813.3426513671875 1805.8031005859375 1801.5457763671875 1796.323974609375 1789.25146484375 1782.374267578125 1778.120849609375 1774.710205078125 1771.5206298828125 1768.5506591796875 1764.96826171875 1761.4332275390625 1758.1566162109375 1754.805419921875 1752.1602783203125
2035.0489501953125 2030.711669921875 2027.334716796875 2024.05908203125 2020.9384765625 2019.2578125 2011.261962890625 2000.0419921875 1995.227294921875 1986.8016357421875 1978.485107421875 1974.2152099609375 1971.0421142578125 1965.84765625 1949.4539794921875 1939.2218017578125 1936.531494140625 1933.1141357421875 1929.0428466796875 1923.56005859375 1916.4051513671875 1907.227783203125 1895.5538330078125 1892.3140869140625 1897.6982421875 1893.2510986328125 1891.71044921875 1891.5948486328125 1883.2333984375 1867.8369140625 1850.9632568359375 1840.52001953125 1830.8145751953125 1819.6353759765625 1811.591796875 1804.728759765625 1797.2547607421875 1789.00390625 1781.623779296875 1776.8262939453125 1772.6016845703125 1768.9842529296875 1765.9266357421875 1762.47802734375 1759.159912109375 1756.2249755859375 1752.5400390625 1749.1204833984375
2032.001953125 2028.8194580078125 2024.37890625 2019.713623046875 2017.0003662109375 2012.3963623046875 2004.652587890625 1999.189697265625 1995.267822265625 1990.0001220703125 1983.6553955078125 1978.3763427734375 1974.642578125 1968.2066650390625 1955.7646484375 1946.5946044921875 1942.4862060546875 1939.5513916015625 1937.589111328125 1936.0504150390625 1934.0013427734375 1912.1741943359375 1897.705810546875 1889.996826171875 1883.7733154296875 1881.914794921875 1885.54443359375 1887.5438232421875 1880.920654296875 1867.1649169921875 1854.489501953125 1844.5093994140625 1834.0732421875 1823.933837890625 1814.601806640625 1806.68701171875 1796.3282470703125 1786.095458984375 1779.9189453125 1775.09521484375 1771.0069580078125 1767.0096435546875 1763.6263427734375 1760.293212890625 1757.140869140625 1754.6201171875 1751.0723876953125 1747.2025146484375
2030.4482421875 2026.6953125 2020.6270751953125 2014.1451416015625 2010.3587646484375 2005.90087890625 2002.076171875 1997.510009765625 1991.7947998046875 1987.529052734375 1982.9764404296875 1978.331787109375 1974.03955078125 1966.7694091796875 1958.7083740234375 1952.0467529296875 1947.378173828125 1943.3394775390625 1940.843505859375 1940.4862060546875 1935.1982421875 1912.0797119140625 1903.09814453125 1896.13720703125 1880.5526123046875 1874.9193115234375 1876.96630859375 1879.813720703125 1876.01220703125 1863.704833984375 1856.265380859375 1850.8890380859375 1839.7474365234375 1826.7515869140625 1818.044921875 1804.319091796875 1792.634765625 1785.62109375 1780.0189208984375 1776.1712646484375 1772.119384765625 1766.39599609375 1761.678955078125 1758.008056640625 1755.1268310546875 1752.4339599609375 1749.298828125 1746.01416015625
2028.8199462890625 2026.0263671875 2016.2955322265625 2008.05810546875 2004.7901611328125 2001.2607421875 1995.7889404296875 1992.62939453125 1987.6251220703125 1983.9827880859375 1980.48876953125 1976.1844482421875 1969.9730224609375 1963.386962890625 1958.343994140625 1953.85009765625 1949.2647705078125 1945.328369140625 1941.9630126953125 1938.337890625 1925.5738525390625 1912.2177734375 1904.340087890625 1897.3839111328125 1879.9560546875 1870.3460693359375 1868.661865234375 1870.322998046875 1868.6556396484375 1857.0213623046875 1855.056396484375 1848.806884765625 1840.233154296875 1832.0325927734375 1823.491455078125 1814.228515625 1797.3563232421875 1786.2354736328125 1781.227294921875 1777.8861083984375 1776.6572265625 1768.595458984375 1759.5245361328125 1755.295654296875 1753.146728515625 1750.2645263671875 1747.1373291015625 1743.919677734375
2027.193359375 2020.193603515625 2006.2205810546875 2001.769287109375 2000.3636474609375 1997.861572265625 1987.858642578125 1984.8330078125 1983.16162109375 1979.72021484375 1976.514404296875 1973.48046875 1968.3958740234375 1959.733154296875 1955.3631591796875 1952.221435546875 1947.8638916015625 1945.299560546875 1939.5286865234375 1930.179931640625 1919.30419921875 1911.7138671875 1904.374267578125 1894.6710205078125 1881.4683837890625 1869.61865234375 1863.9864501953125 1863.7581787109375 1862.6024169921875 1849.636474609375 1848.0272216796875 1845.258544921875 1841.068359375 1835.7557373046875 1828.846923828125 1819.121826171875 1803.93310546875 1788.83544921875 1783.5379638671875 1780.9136962890625 1780.8037109375 1774.11376953125 1757.6090087890625 1752.0103759765625 1750.4095458984375 1747.7188720703125 1744.662353515625 1741.478759765625
2020.8310546875 2003.4581298828125 1998.5814208984375 1996.1337890625 1993.2232666015625 1983.2210693359375 1979.21728515625 1977.591796875 1978.2208251953125 1973.5750732421875 1973.2542724609375 1968.6513671875 1961.3282470703125 1955.471923828125 1952.327392578125 1947.951171875 1945.6890869140625 1941.8828125 1931.7203369140625 1924.8187255859375 1919.0609130859375 1911.5501708984375 1903.26220703125 1895.15576171875 1886.0433349609375 1874.0179443359375 1866.461181640625 1858.720458984375 1850.8974609375 1842.74853515625 1842.7686767578125 1841.3948974609375 1838.146484375 1834.3751220703125 1826.84130859375 1815.9052734375 1804.4927978515625 1793.2557373046875 1787.3245849609375 1785.3782958984375 1784.264404296875 1780.252197265625 1759.20751953125 1749.417236328125 1746.711669921875 1744.4893798828125 1741.721923828125 1739.043212890625
2003.4771728515625 1992.4342041015625 1989.42529296875 1985.023681640625 1981.23828125 1978.3560791015625 1972.552734375 1966.24462890625 1965.615966796875 1964.6392822265625 1956.6168212890625 1954.2908935546875 1952.5574951171875 1950.6829833984375 1949.6695556640625 1947.372802734375 1938.947998046875 1931.595703125 1924.74853515625 1921.9000244140625 1917.767333984375 1910.998291015625 1903.94189453125 1899.429443359375 1890.9598388671875 1876.860107421875 1867.952880859375 1859.797607421875 1854.0614013671875 1838.7178955078125 1835.2149658203125 1838.1082763671875 1832.97705078125 1829.8984375 1825.595703125 1817.6168212890625 1805.1558837890625 1795.92138671875 1792.0927734375 1789.9395751953125 1785.619384765625 1783.120361328125 1763.844970703125 1748.5390625 1743.69873046875 1741.1080322265625 1738.589111328125 1736.21826171875
1990.8604736328125 1986.06298828125 1982.7440185546875 1979.7923583984375 1975.19970703125 1971.0694580078125 1965.9417724609375 1963.4283447265625 1956.8397216796875 1952.9686279296875 1948.4603271484375 1946.743896484375 1946.5699462890625 1944.8377685546875 1940.484375 1938.7384033203125 1931.098876953125 1922.1907958984375 1920.9718017578125 1918.3782958984375 1914.90966796875 1910.095458984375 1906.119873046875 1900.117919921875 1890.732421875 1874.3216552734375 1866.376220703125 1853.199951171875 1847.7706298828125 1836.8125 1829.6810302734375 1831.2813720703125 1826.16796875 1824.92578125 1818.004150390625 1812.2449951171875 1804.509765625 1798.802978515625 1795.015625 1790.6085205078125 1785.8994140625 1784.30517578125 1763.208251953125 1747.0223388671875 1741.87890625 1738.3651123046875 1735.5576171875 1733.0189208984375
1983.470947265625 1977.781005859375 1975.075927734375 1972.150390625 1968.04296875 1966.4822998046875 1963.5640869140625 1960.6195068359375 1956.72802734375 1953.190673828125 1945.5989990234375 1940.1053466796875 1935.8541259765625 1934.244873046875 1931.6236572265625 1927.1920166015625 1919.39697265625 1915.4898681640625 1917.153076171875 1914.7989501953125 1912.430908203125 1907.3287353515625 1904.91015625 1900.035400390625 1886.636474609375 1870.064697265625 1862.3372802734375 1848.239501953125 1839.9462890625 1831.2979736328125 1822.336669921875 1827.7391357421875 1821.989013671875 1815.8685302734375 1809.905517578125 1805.250244140625 1802.95166015625 1799.4613037109375 1793.580078125 1788.7449951171875 1785.5406494140625 1784.2445068359375 1756.2989501953125 1745.2860107421875 1740.3428955078125 1736.511474609375 1733.0924072265625 1729.841064453125
1974.5455322265625 1973.9072265625 1971.033935546875 1968.768310546875 1965.0252685546875 1961.85205078125 1960.44482421875 1958.5032958984375 1955.9569091796875 1953.171630859375 1949.53369140625 1935.900146484375 1931.8035888671875 1923.7115478515625 1920.01171875 1914.541015625 1908.459228515625 1909.811767578125 1913.7926025390625 1910.6383056640625 1907.265625 1903.8221435546875 1899.826416015625 1890.297607421875 1875.547119140625 1864.654541015625 1854.5748291015625 1839.7802734375 1833.1981201171875 1828.3468017578125 1818.4654541015625 1820.30322265625 1815.47314453125 1809.1885986328125 1804.569091796875 1802.1552734375 1798.6864013671875 1794.1468505859375 1790.4268798828125 1786.748291015625 1783.4573974609375 1774.096435546875 1754.94482421875 1744.5057373046875 1740.0811767578125 1736.0982666015625 1731.7332763671875 1727.2947998046875
1971.5347900390625 1969.3585205078125 1967.6578369140625 1965.2674560546875 1962.529296875 1959.203369140625 1957.1973876953125 1954.2369384765625 1951.0814208984375 1944.96875 1938.4034423828125 1929.7548828125 1924.018310546875 1909.711181640625 1907.9300537109375 1907.9315185546875 1903.0159912109375 1906.8687744140625 1908.3411865234375 1906.004150390625 1895.12255859375 1894.9481201171875 1885.1954345703125 1875.7398681640625 1864.2547607421875 1853.8673095703125 1842.7259521484375 1833.500732421875 1829.440673828125 1822.821533203125 1817.158447265625 1812.5802001953125 1812.9384765625 1805.1514892578125 1801.9967041015625 1797.380615234375 1793.871337890625 1790.2073974609375 1786.837890625 1783.8302001953125 1780.55908203125 1770.8031005859375 1756.7802734375 1745.073974609375 1739.91796875 1734.5885009765625 1730.6376953125 1725.046630859375
1968.527099609375 1966.2608642578125 1964.21826171875 1962.53955078125 1959.7115478515625 1954.9752197265625 1951.6728515625 1946.5927734375 1938.2066650390625 1931.93017578125 1927.1929931640625 1921.403076171875 1912.5804443359375 1901.834228515625 1900.6707763671875 1902.9534912109375 1893.532958984375 1888.6851806640625 1897.8345947265625 1891.555419921875 1880.2884521484375 1878.9033203125 1869.778076171875 1863.287109375 1850.6748046875 1841.5594482421875 1835.671142578125 1831.681640625 1827.1881103515625 1822.139404296875 1816.9373779296875 1806.776123046875 1806.2459716796875 1802.6064453125 1798.45556640625 1794.4979248046875 1790.828857421875 1786.9049072265625 1781.692626953125 1777.1485595703125 1774.6495361328125 1768.7093505859375 1755.034423828125 1746.35205078125 1739.173828125 1732.1895751953125 1727.9935302734375 1722.34814453125
1965.1282958984375 1962.22265625 1960.101806640625 1957.9178466796875 1952.8509521484375 1946.0836181640625 1939.5595703125 1933.431884765625 1929.4864501953125 1919.88037109375 1913.5526123046875 1902.37060546875 1896.2921142578125 1896.87744140625 1894.6510009765625 1891.240966796875 1876.9847412109375 1868.4901123046875 1883.750244140625 1874.654296875 1866.329345703125 1858.773193359375 1855.9658203125 1847.116943359375 1840.1986083984375 1838.0028076171875 1835.0076904296875 1831.0625 1825.4771728515625 1820.546875 1815.876220703125 1805.0491943359375 1800.80224609375 1799.2578125 1794.9407958984375 1791.871826171875 1788.1044921875 1784.506103515625 1778.224365234375 1770.819091796875 1767.17626953125 1760.6025390625 1752.6370849609375 1747.16259765625 1738.349853515625 1729.485107421875 1724.7479248046875 1720.2421875
