data/avaGar/Inputs/avaGar.asc
ncols        520
nrows        387
xllcenter    247323.244194263
yllcenter    350705.852927772
cellsize     4.997678230579
NODATA_value  -9999
[rows 0 to 20 of 387, columns 144 to 191 of 520]
-9999 -9999 -9999 -9999 -9999 -9999 -9999 -9999 -9999 -9999 -9999 -9999 -9999 -9999 -9999 -9999 -9999 -9999 2249.346923828125 2245.720458984375 2242.076416015625 2238.510009765625 2235.044189453125 2231.480712890625 2228.119873046875 2224.416748046875 -9999 -9999 -9999 -9999 -9999 -9999 -9999 -9999 -9999 -9999 -9999 -9999 -9999 -9999 -9999 -9999 -9999 -9999 -9999 -9999 -9999 -9999
-9999 -9999 -9999 -9999 -9999 -9999 -9999 -9999 2281.22900390625 2278.271484375 2274.756103515625 2271.735107421875 2268.7822265625 2265.609130859375 2262.52294921875 2259.056884765625 2255.62646484375 2252.33251953125 2248.932861328125 2245.29248046875 2241.74169921875 2238.131591796875 2234.602783203125 2231.171875 2227.513916015625 2224.12255859375 2220.640869140625 2217.161376953125 -9999 -9999 -9999 -9999 -9999 -9999 -9999 -9999 -9999 -9999 -9999 -9999 -9999 -9999 -9999 -9999 -9999 -9999 -9999 -9999
2392.1572265625 2389.47314453125 2386.310546875 2341.664306640625 2323.90673828125 2312.43115234375 2301.156005859375 2283.235107421875 2279.749755859375 2276.28662109375 2273.3505859375 2270.177978515625 2266.821044921875 2263.84228515625 2260.92431640625 2257.78857421875 2254.562744140625 2251.408203125 2248.07763671875 2244.539794921875 2241.109130859375 2237.7001953125 2234.015869140625 2230.420654296875 2226.95751953125 2223.5009765625 2219.962158203125 2216.5185546875 2213.03369140625 2209.66845703125 -9999 -9999 -9999 -9999 -9999 -9999 -9999 -9999 -9999 -9999 -9999 -9999 -9999 -9999 -9999 -9999 -9999 -9999
2388.817138671875 2386.43701171875 2382.385498046875 2334.147216796875 2323.55615234375 2310.7685546875 2298.270263671875 2279.894287109375 2277.83984375 2274.715087890625 2271.814208984375 2268.4306640625 2265.341796875 2262.20703125 2259.10498046875 2256.10595703125 2253.01171875 2249.804443359375 2246.6572265625 2243.323974609375 2240.00244140625 2236.549560546875 2233.012939453125 2229.681640625 2226.205810546875 2222.8369140625 2219.2490234375 2215.792724609375 2212.375244140625 2208.9580078125 2205.607421875 2202.052978515625 -9999 -9999 -9999 -9999 -9999 -9999 -9999 -9999 -9999 -9999 -9999 -9999 -9999 -9999 -9999 -9999
2380.37890625 2376.68896484375 2369.346923828125 2333.7421875 2311.69091796875 2293.586669921875 2282.59765625 2277.8837890625 2275.58251953125 2272.935302734375 2270.005615234375 2266.83251953125 2263.919677734375 2260.647705078125 2257.554931640625 2254.4091796875 2251.344482421875 2248.2216796875 2245.07861328125 2241.9521484375 2238.776123046875 2235.441650390625 2232.055419921875 2228.777099609375 2225.18017578125 2221.71435546875 2218.309326171875 2214.89404296875 2211.584716796875 2208.20361328125 2204.838623046875 2201.517333984375 2197.990234375 2194.761962890625 -9999 -9999 -9999 -9999 -9999 -9999 -9999 -9999 -9999 -9999 -9999 -9999 -9999 -9999
2365.674072265625 2353.2373046875 2321.951171875 2310.65576171875 2286.98193359375 2282.8291015625 2278.59375 2276.030517578125 2273.451416015625 2270.869140625 2268.084228515625 2265.175048828125 2262.144287109375 2258.95751953125 2255.757080078125 2252.635498046875 2249.66015625 2246.554931640625 2243.424560546875 2240.248291015625 2237.193115234375 2234.04541015625 2230.819580078125 2227.50634765625 2223.967041015625 2220.63623046875 2217.1904296875 2213.779052734375 2210.388427734375 2207.132568359375 2203.765380859375 2200.447998046875 2197.19091796875 2193.892333984375 2190.653076171875 2187.4013671875 -9999 -9999 -9999 -9999 -9999 -9999 -9999 -9999 -9999 -9999 -9999 -9999
2340.133544921875 2317.900634765625 2305.68408203125 2292.2138671875 2283.471435546875 2280.7509765625 2277.7666015625 2274.600830078125 2271.639892578125 2268.87451171875 2266.10107421875 2263.307373046875 2260.312744140625 2257.16357421875 2253.979736328125 2250.93505859375 2247.7822265625 2244.843505859375 2241.788818359375 2238.689697265625 2235.559326171875 2232.4296875 2229.2734375 2226.020263671875 2222.799072265625 2219.561767578125 2216.002197265625 2212.7783203125 2209.37744140625 2206.06396484375 2202.73193359375 2199.38525390625 2196.181396484375 2192.940185546875 2189.637451171875 2186.43115234375 2183.16943359375 2180.009033203125 -9999 -9999 -9999 -9999 -9999 -9999 -9999 -9999 -9999 -9999
2321.845947265625 2302.295654296875 2291.11767578125 2287.216552734375 2283.695068359375 2280.15576171875 2276.865234375 2273.5 2270.275634765625 2267.27099609375 2264.266357421875 2261.3154296875 2258.427734375 2255.423583984375 2252.38134765625 2249.285888671875 2246.031005859375 2243.10205078125 2240.0966796875 2237.06298828125 2233.96142578125 2230.95361328125 2227.812255859375 2224.396484375 2221.328857421875 2218.200927734375 2214.92626953125 2211.652587890625 2208.3515625 2205.107666015625 2201.815185546875 2198.57373046875 2195.295166015625 2191.99755859375 2188.74365234375 2185.439453125 2182.125732421875 2178.903076171875 2175.696533203125 2172.5732421875 -9999 -9999 -9999 -9999 -9999 -9999 -9999 -9999
2298.395263671875 2293.31494140625 2289.909912109375 2286.480712890625 2282.946044921875 2279.46435546875 2276.041259765625 2272.6787109375 2269.38427734375 2266.1201171875 2262.822509765625 2259.53564453125 2256.51123046875 2253.58642578125 2250.557373046875 2247.560302734375 2244.557373046875 2241.433837890625 2238.367431640625 2235.373046875 2232.3037109375 2229.29150390625 2226.25927734375 2223.111572265625 2220.08349609375 2216.8544921875 2213.494873046875 2210.495849609375 2207.2177734375 2203.981201171875 2200.7314453125 2197.52294921875 2194.364501953125 2191.100341796875 2187.8671875 2184.53662109375 2181.271240234375 2177.982421875 2174.728759765625 2171.547119140625 2168.506591796875 2165.47802734375 -9999 -9999 -9999 -9999 -9999 -9999
2295.329833984375 2292.625 2289.31787109375 2285.872802734375 2282.368896484375 2278.86279296875 2275.384521484375 2271.999267578125 2268.63818359375 2265.260009765625 2261.826416015625 2258.3271484375 2254.9755859375 2251.776123046875 2248.81689453125 2245.810302734375 2242.8388671875 2239.776611328125 2236.666259765625 2233.520263671875 2230.697509765625 2227.675048828125 2224.60400390625 2221.5400390625 2218.689697265625 2215.632568359375 2212.531494140625 2209.295166015625 2206.08447265625 2202.887939453125 2199.70263671875 2196.59912109375 2193.339111328125 2189.968017578125 2186.74853515625 2183.586181640625 2180.33203125 2177.102783203125 2173.903076171875 2170.785888671875 2167.633544921875 2164.501953125 2161.468017578125 2158.39013671875 -9999 -9999 -9999 -9999
2294.93359375 2292.19873046875 2288.818359375 2285.310791015625 2281.79150390625 2278.268310546875 2274.890625 2271.378662109375 2267.8359375 2264.254638671875 2260.763916015625 2257.358642578125 2253.978515625 2250.5390625 2247.4755859375 2244.356689453125 2241.20263671875 2238.10595703125 2234.982421875 2231.8251953125 2228.88427734375 2226.0712890625 2223.116455078125 2220.078369140625 2217.065185546875 2214.106201171875 2211.11376953125 2208.1201171875 2204.937255859375 2201.648681640625 2198.53076171875 2195.389892578125 2192.179931640625 2189.007080078125 2185.69775390625 2182.52490234375 2179.42919921875 2176.243408203125 2173.08203125 2169.97607421875 2166.804443359375 2163.6435546875 2160.540771484375 2157.4677734375 2154.416748046875 2151.412841796875 -9999 -9999
2294.588623046875 2291.43212890625 2287.998046875 2284.525146484375 2280.998046875 2277.55029296875 2274.243896484375 2270.877685546875 2267.457275390625 2263.991943359375 2260.53173828125 2257.1181640625 2253.7236328125 2250.26171875 2246.9794921875 2243.638916015625 2240.296142578125 2237.103759765625 2233.741455078125 2230.499267578125 2227.303466796875 2224.329345703125 2221.526611328125 2218.640625 2215.596923828125 2212.557373046875 2209.758544921875 2206.7724609375 2203.47998046875 2200.37060546875 2197.277099609375 2194.22119140625 2191.241455078125 2188.03369140625 2184.861572265625 2181.718505859375 2178.426513671875 2175.265869140625 2172.12548828125 2169.001708984375 2165.915771484375 2162.787841796875 2159.664306640625 2156.616455078125 2153.544677734375 2150.542236328125 2147.552734375 2144.60498046875
2294.671630859375 2291.6044921875 2288.381591796875 2285.178466796875 2281.87841796875 2278.404296875 2274.84423828125 2271.387451171875 2267.842041015625 2264.3681640625 2261.0078125 2257.7490234375 2254.36669921875 2250.88134765625 2247.41064453125 2243.841796875 2240.349853515625 2237.043212890625 2233.45751953125 2230.049072265625 2226.7314453125 2223.50732421875 2220.3740234375 2217.24609375 2214.200927734375 2211.156005859375 2208.25 2205.187255859375 2202.123046875 2199.01416015625 2195.896240234375 2192.934326171875 2189.96435546875 2186.9345703125 2183.859375 2180.814208984375 2177.567626953125 2174.3603515625 2171.275146484375 2168.15625 2165.061279296875 2161.93505859375 2158.831787109375 2155.7998046875 2152.74169921875 2149.692138671875 2146.66259765625 2143.72265625
2296.155517578125 2292.784423828125 2289.41650390625 2286.098876953125 2282.5107421875 2278.811279296875 2275.28076171875 2271.907470703125 2268.60888671875 2265.39306640625 2262.09423828125 2258.732666015625 2255.26025390625 2251.67431640625 2248.1064453125 2244.5341796875 2241.00341796875 2237.451904296875 2233.932861328125 2230.46630859375 2227.0576171875 2223.7197265625 2220.4111328125 2217.520751953125 2213.869140625 2209.734375 2206.892822265625 2203.966796875 2201.02197265625 2197.87451171875 2194.71728515625 2191.672607421875 2188.747802734375 2185.76806640625 2182.757080078125 2179.74365234375 2176.684814453125 2173.59130859375 2170.49609375 2167.42724609375 2164.36474609375 2161.369140625 2158.3447265625 2155.1865234375 2152.0673828125 2149.04345703125 2146.08056640625 2143.106689453125
2296.88916015625 2293.384521484375 2289.6708984375 2286.1142578125 2282.62255859375 2279.110107421875 2275.740966796875 2272.394287109375 2269.086669921875 2265.70361328125 2262.281005859375 2258.825927734375 2255.290771484375 2251.801025390625 2248.31689453125 2244.789306640625 2241.248046875 2237.631103515625 2234.09033203125 2230.578857421875 2227.08251953125 2223.61181640625 2219.9931640625 2216.473388671875 2212.79638671875 2209.146484375 2205.986572265625 2202.8671875 2199.807861328125 2196.816162109375 2193.752685546875 2190.776123046875 2187.877685546875 2184.83056640625 2181.802001953125 2178.776611328125 2175.834716796875 2172.867919921875 2169.684814453125 2166.624755859375 2163.64794921875 2160.73388671875 2157.83154296875 2154.66650390625 2151.514892578125 2148.5712890625 2145.70068359375 2142.826416015625
2297.031005859375 2293.532470703125 2289.978759765625 2286.62158203125 2283.237548828125 2279.728271484375 2276.14453125 2272.674560546875 2269.203369140625 2265.62646484375 2262.097412109375 2258.54150390625 2254.98388671875 2251.507568359375 2248.054443359375 2244.51171875 2240.902099609375 2237.351318359375 2233.772705078125 2230.239013671875 2226.797119140625 2223.46435546875 2220.23779296875 2216.83984375 2213.290771484375 2209.711669921875 2206.24365234375 2202.907958984375 2199.60888671875 2196.43603515625 2193.382568359375 2190.355712890625 2187.345703125 2184.407470703125 2181.455810546875 2178.3720703125 2175.215087890625 2172.057373046875 2168.920654296875 2165.946533203125 2162.9931640625 2160.00048828125 2157.045654296875 2154.073486328125 2151.128173828125 2148.2138671875 2145.3310546875 2142.50146484375
2297.83056640625 2294.20751953125 2290.708251953125 2287.12548828125 2283.449462890625 2279.835693359375 2276.288330078125 2272.720703125 2269.1650390625 2265.62890625 2262.124755859375 2258.565673828125 2254.99462890625 2251.444091796875 2247.906982421875 2244.36767578125 2240.6845703125 2237.158935546875 2233.78076171875 2230.339599609375 2226.998046875 2223.666015625 2220.4521484375 2217.27197265625 2214.001708984375 2210.72900390625 2207.339599609375 2203.79052734375 2200.056640625 2196.50146484375 2193.187255859375 2189.926025390625 2186.7939453125 2183.7685546875 2180.780029296875 2177.772216796875 2174.64501953125 2171.54345703125 2168.544677734375 2165.60302734375 2162.65576171875 2159.742919921875 2156.729736328125 2153.69140625 2150.838134765625 2147.991455078125 2145.085693359375 2142.29052734375
2297.337158203125 2293.775146484375 2290.28076171875 2286.7587890625 2283.16845703125 2279.599853515625 2276.051025390625 2272.47265625 2268.882080078125 2265.40234375 2261.998046875 2258.52197265625 2254.9736328125 2251.40576171875 2247.860107421875 2244.38525390625 2240.820556640625 2237.253173828125 2233.806396484375 2230.3466796875 2226.884521484375 2223.502685546875 2220.146728515625 2216.84521484375 2213.529541015625 2210.203857421875 2206.978271484375 2203.613525390625 2199.876953125 2196.493408203125 2193.440185546875 2190.232421875 2187.08642578125 2183.9404296875 2180.85791015625 2177.926025390625 2174.980712890625 2171.82958984375 2168.690673828125 2165.656005859375 2162.647216796875 2159.72412109375 2156.7978515625 2153.7978515625 2150.961181640625 2148.1474609375 2145.20849609375 2142.310791015625
2296.80615234375 2293.049072265625 2289.439453125 2286.027587890625 2282.5908203125 2279.107421875 2275.651611328125 2272.167236328125 2268.618408203125 2265.185546875 2261.68505859375 2258.1572265625 2254.688720703125 2251.202880859375 2247.70556640625 2244.254638671875 2240.85693359375 2237.413330078125 2234.00634765625 2230.5263671875 2227.12451171875 2223.75048828125 2220.308837890625 2216.96337890625 2213.520263671875 2209.890869140625 2206.50048828125 2203.46923828125 2200.172119140625 2196.65771484375 2193.50341796875 2190.37060546875 2187.325439453125 2184.287353515625 2181.254150390625 2178.2353515625 2175.1376953125 2171.977783203125 2168.905029296875 2165.9140625 2162.9560546875 2159.989501953125 2157.12841796875 2154.230224609375 2151.362060546875 2148.464111328125 2145.61376953125 2142.669189453125
2296.342529296875 2292.7119140625 2289.154541015625 2285.633056640625 2282.136962890625 2278.64453125 2275.06982421875 2271.56103515625 2268.05908203125 2264.599609375 2261.156005859375 2257.789794921875 2254.396484375 2250.993896484375 2247.59228515625 2244.131591796875 2240.690185546875 2237.271484375 2233.905517578125 2230.357421875 2226.95556640625 2223.56298828125 2220.0546875 2216.494873046875 2213.062255859375 2209.7763671875 2206.486572265625 2203.214599609375 2199.994384765625 2196.801513671875 2193.666015625 2190.568359375 2187.472412109375 2184.400146484375 2181.347900390625 2178.25390625 2175.179443359375 2172.220458984375 2169.21630859375 2166.253173828125 2163.31494140625 2160.364501953125 2157.386962890625 2154.478515625 2151.60595703125 2148.747802734375 2145.917236328125 2143.00048828125
2296.023193359375 2292.263916015625 2288.628662109375 2285.055419921875 2281.446533203125 2277.82568359375 2274.343994140625 2270.922607421875 2267.46826171875 2263.989501953125 2260.521728515625 2257.13916015625 2253.76953125 2250.43896484375 2247.06201171875 2243.671142578125 2240.25537109375 2236.905517578125 2233.525634765625 2230.05078125 2226.6298828125 2223.226806640625 2219.796142578125 2216.526611328125 2213.25341796875 2209.9990234375 2206.734375 2203.48583984375 2200.280517578125 2197.14208984375 2193.95166015625 2190.813232421875 2187.687255859375 2184.585205078125 2181.554931640625 2178.49365234375 2175.488037109375 2172.60400390625 2169.584716796875 2166.59716796875 2163.608154296875 2160.65576171875 2157.649658203125 2154.7275390625 2151.830322265625 2148.9794921875 2146.205810546875 2143.382568359375
