data/avaGar/Inputs/avaGar.asc
ncols        520
nrows        387
xllcenter    247323.244194263
yllcenter    350705.852927772
cellsize     4.997678230579
NODATA_value  -9999
[rows 294 to 314 of 387, columns 192 to 239 of 520]
1548.590576171875 1544.9114990234375 1541.0362548828125 1537.4931640625 1533.9146728515625 1530.451904296875 1526.744140625 1523.42529296875 1520.26513671875 1517.26025390625 1513.6951904296875 1510.4000244140625 1507.4615478515625 1504.8271484375 1502.5499267578125 1500.209716796875 1498.0504150390625 1496.004638671875 1494.0023193359375 1492.271484375 1490.7781982421875 1489.0462646484375 1486.8909912109375 1484.3931884765625 1481.75927734375 1478.736083984375 1475.4244384765625 1472.1070556640625 1468.8487548828125 1466.0323486328125 1462.36572265625 1459.3775634765625 1456.2281494140625 1452.9361572265625 1449.6304931640625 1446.212158203125 1442.13525390625 1438.251708984375 1434.58642578125 1430.4908447265625 1426.544189453125 1422.65380859375 1419.04736328125 1415.253173828125 1411.1656494140625 1407.46044921875 1403.4580078125 1399.6014404296875
1548.48974609375 1544.577880859375 1540.49951171875 1536.9735107421875 1532.893798828125 1529.1495361328125 1525.974365234375 1522.6220703125 1519.485107421875 1516.0638427734375 1513.052734375 1509.708251953125 1507.117919921875 1504.595703125 1502.197509765625 1499.8291015625 1497.7359619140625 1495.572265625 1493.3060302734375 1491.6864013671875 1490.063232421875 1488.00244140625 1485.527099609375 1482.9827880859375 1480.393798828125 1477.5550537109375 1474.67919921875 1471.4593505859375 1468.3048095703125 1465.2962646484375 1461.89013671875 1458.9603271484375 1455.7586669921875 1452.1917724609375 1448.90625 1445.5579833984375 1441.4805908203125 1437.8612060546875 1433.744873046875 1429.8831787109375 1426.0213623046875 1422.22216796875 1418.3892822265625 1414.4373779296875 1410.7257080078125 1407.0509033203125 1403.7662353515625 1400.258544921875
1547.338134765625 1543.72265625 1539.642333984375 1535.611083984375 1531.8035888671875 1528.3206787109375 1524.993408203125 1521.5579833984375 1518.5400390625 1515.543701171875 1512.623779296875 1509.4947509765625 1506.853759765625 1504.2445068359375 1501.4683837890625 1499.1556396484375 1497.2227783203125 1495.0716552734375 1492.6424560546875 1490.8038330078125 1488.9769287109375 1486.967041015625 1484.38427734375 1481.8316650390625 1479.400634765625 1476.5523681640625 1473.5811767578125 1470.4462890625 1467.7581787109375 1464.968017578125 1461.335205078125 1458.1212158203125 1454.6285400390625 1451.234619140625 1447.804443359375 1444.4102783203125 1440.8763427734375 1437.23876953125 1432.997802734375 1429.6414794921875 1425.7769775390625 1421.566162109375 1417.9219970703125 1413.6043701171875 1409.7940673828125 1406.0108642578125 1402.702880859375 1399.365478515625
1546.397705078125 1542.5576171875 1538.734619140625 1534.4910888671875 1530.7655029296875 1527.3343505859375 1523.8997802734375 1520.380615234375 1517.37255859375 1514.9439697265625 1512.10986328125 1509.3720703125 1506.3499755859375 1503.56298828125 1500.6707763671875 1498.2579345703125 1496.17236328125 1493.899169921875 1491.66064453125 1489.567138671875 1487.6962890625 1485.75341796875 1483.410888671875 1481.0250244140625 1478.2879638671875 1475.5052490234375 1472.86181640625 1470.04296875 1467.0123291015625 1464.0302734375 1460.6917724609375 1457.392578125 1453.8179931640625 1450.0888671875 1446.5537109375 1443.20263671875 1440.045166015625 1436.5604248046875 1432.70751953125 1428.90185546875 1424.999267578125 1420.9444580078125 1417.2088623046875 1412.9898681640625 1409.072021484375 1405.4349365234375 1401.9505615234375 1398.3236083984375
1545.4990234375 1541.7830810546875 1537.6502685546875 1533.4146728515625 1529.602294921875 1525.991943359375 1522.6048583984375 1519.32763671875 1516.4127197265625 1513.82470703125 1511.4796142578125 1508.857421875 1505.7286376953125 1502.9700927734375 1500.1690673828125 1497.639404296875 1495.3955078125 1493.046630859375 1490.6190185546875 1488.3709716796875 1486.5360107421875 1484.53369140625 1482.1910400390625 1479.7247314453125 1476.9423828125 1474.2608642578125 1471.9180908203125 1469.339599609375 1466.164306640625 1462.9827880859375 1459.892822265625 1456.65478515625 1452.7562255859375 1448.7469482421875 1445.4527587890625 1442.1063232421875 1438.89013671875 1435.5645751953125 1431.8779296875 1427.84912109375 1423.8948974609375 1420.2545166015625 1416.025390625 1411.7713623046875 1408.1358642578125 1404.7880859375 1400.467529296875 1396.666259765625
1544.121826171875 1540.287109375 1536.262939453125 1532.28173828125 1528.571533203125 1524.994140625 1521.5015869140625 1518.1707763671875 1515.4287109375 1512.84619140625 1510.55029296875 1508.089111328125 1505.2216796875 1502.6072998046875 1500.0958251953125 1497.4532470703125 1494.90966796875 1492.2498779296875 1489.545166015625 1487.4140625 1485.3221435546875 1483.1346435546875 1481.0213623046875 1478.405517578125 1475.5374755859375 1473.194091796875 1470.90966796875 1468.36474609375 1465.4295654296875 1462.0985107421875 1458.9453125 1455.5211181640625 1451.5169677734375 1447.498046875 1444.0889892578125 1440.909912109375 1437.5303955078125 1434.046630859375 1430.68212890625 1426.9560546875 1422.897705078125 1419.033447265625 1414.88427734375 1410.93408203125 1407.1954345703125 1403.16796875 1399.1944580078125 1395.76513671875
1543.0806884765625 1539.0574951171875 1534.7803955078125 1530.7943115234375 1527.1229248046875 1523.5689697265625 1520.1663818359375 1517.0076904296875 1514.4625244140625 1511.8572998046875 1509.6531982421875 1507.514404296875 1505.071533203125 1502.803955078125 1500.12158203125 1497.2349853515625 1494.339599609375 1491.3291015625 1488.5699462890625 1486.10546875 1483.64111328125 1481.4781494140625 1479.7198486328125 1477.2286376953125 1474.523193359375 1472.40869140625 1469.7923583984375 1467.1685791015625 1464.3856201171875 1461.2447509765625 1457.8023681640625 1454.262451171875 1450.3597412109375 1446.158203125 1442.506103515625 1439.49853515625 1436.1883544921875 1432.625732421875 1429.0263671875 1425.3565673828125 1421.4676513671875 1417.7510986328125 1414.061767578125 1409.8223876953125 1405.820068359375 1401.871826171875 1397.9063720703125 1394.1785888671875
1541.6011962890625 1537.5509033203125 1533.5421142578125 1529.5457763671875 1525.8837890625 1522.030029296875 1518.36962890625 1515.4752197265625 1513.1461181640625 1510.992919921875 1508.9832763671875 1506.933349609375 1504.93212890625 1502.79150390625 1499.870849609375 1496.807861328125 1493.6907958984375 1490.3870849609375 1487.4951171875 1484.76123046875 1482.2352294921875 1480.04833984375 1477.834716796875 1475.6728515625 1473.67724609375 1471.5238037109375 1468.677490234375 1465.873291015625 1463.078369140625 1459.9691162109375 1456.458984375 1452.7548828125 1448.8992919921875 1444.908447265625 1441.1536865234375 1437.791015625 1434.3087158203125 1430.9122314453125 1427.2783203125 1423.4173583984375 1419.8603515625 1416.1761474609375 1412.4169921875 1408.609130859375 1404.6929931640625 1400.627685546875 1396.569580078125 1392.794189453125
1540.6380615234375 1536.2774658203125 1531.9864501953125 1528.1046142578125 1524.304443359375 1520.5369873046875 1517.265380859375 1514.6317138671875 1512.4105224609375 1510.4703369140625 1508.3685302734375 1506.2982177734375 1504.3468017578125 1501.994384765625 1499.2177734375 1496.2528076171875 1493.101318359375 1489.9552001953125 1486.7861328125 1483.57861328125 1480.9620361328125 1478.6934814453125 1476.45654296875 1474.76025390625 1472.9893798828125 1470.5999755859375 1467.6226806640625 1464.5587158203125 1461.6748046875 1458.504150390625 1454.9891357421875 1451.0435791015625 1446.9873046875 1443.2869873046875 1439.5616455078125 1436.0675048828125 1432.6192626953125 1429.2213134765625 1425.5748291015625 1421.947509765625 1418.3623046875 1414.4619140625 1410.84814453125 1407.0352783203125 1403.253662109375 1399.3775634765625 1395.215087890625 1391.2899169921875
1539.3055419921875 1535.128662109375 1530.7816162109375 1526.8150634765625 1523.3819580078125 1519.8975830078125 1516.604736328125 1513.8814697265625 1511.5518798828125 1509.4560546875 1507.5089111328125 1505.3985595703125 1503.001708984375 1500.7802734375 1498.4151611328125 1495.6829833984375 1492.81494140625 1489.447509765625 1485.8870849609375 1482.6593017578125 1480 1477.7025146484375 1475.5848388671875 1473.8133544921875 1471.8218994140625 1469.40771484375 1466.621826171875 1463.6424560546875 1460.52734375 1456.9600830078125 1453.1636962890625 1449.024658203125 1444.9136962890625 1441.54296875 1437.92236328125 1434.1719970703125 1430.8656005859375 1427.359130859375 1423.5103759765625 1420.2208251953125 1416.6693115234375 1412.795654296875 1409.2935791015625 1405.6630859375 1402.1683349609375 1398.3411865234375 1393.9180908203125 1389.7291259765625
1538.34765625 1533.8765869140625 1529.602783203125 1525.9755859375 1522.5911865234375 1519.024658203125 1515.974853515625 1513.068359375 1510.5986328125 1508.3031005859375 1506.197509765625 1504.2108154296875 1501.8067626953125 1499.4940185546875 1497.274169921875 1494.7415771484375 1491.8470458984375 1488.499755859375 1485.0772705078125 1481.7388916015625 1478.822021484375 1476.5885009765625 1474.4967041015625 1472.7523193359375 1470.76708984375 1468.4725341796875 1465.706298828125 1462.4915771484375 1458.8065185546875 1454.9556884765625 1450.75732421875 1446.898193359375 1442.9576416015625 1439.1810302734375 1435.616455078125 1432.135986328125 1428.9075927734375 1425.24267578125 1421.6256103515625 1418.12158203125 1414.5771484375 1411.1851806640625 1407.9527587890625 1404.505859375 1400.926025390625 1396.7635498046875 1392.307861328125 1387.6163330078125
1536.9412841796875 1532.7503662109375 1528.82861328125 1525.0955810546875 1521.5460205078125 1518.034423828125 1515.07421875 1512.126953125 1509.5517578125 1507.3448486328125 1505.06298828125 1502.835205078125 1500.6607666015625 1498.3048095703125 1496.0538330078125 1493.583251953125 1490.760986328125 1487.6221923828125 1484.4073486328125 1480.827392578125 1477.72607421875 1475.5465087890625 1473.4307861328125 1471.7373046875 1469.6483154296875 1467.3240966796875 1464.4049072265625 1460.853271484375 1457.1270751953125 1453.1282958984375 1449.0089111328125 1445.0218505859375 1440.9368896484375 1437.0289306640625 1433.4395751953125 1430.1085205078125 1426.8280029296875 1423.3948974609375 1419.864013671875 1416.265380859375 1412.84326171875 1409.640625 1406.7239990234375 1403.206787109375 1399.3236083984375 1395.0233154296875 1390.4781494140625 1386.082275390625
1535.625244140625 1531.7760009765625 1527.8966064453125 1524.003662109375 1520.5826416015625 1517.348388671875 1514.2020263671875 1511.257080078125 1508.488037109375 1506.0648193359375 1503.7965087890625 1501.3955078125 1499.39404296875 1497.1492919921875 1494.9183349609375 1492.5968017578125 1489.7030029296875 1486.563232421875 1483.267333984375 1479.7012939453125 1476.6429443359375 1474.141357421875 1471.931640625 1470.39892578125 1468.6417236328125 1466.0711669921875 1462.848876953125 1459.2491455078125 1455.4295654296875 1451.28173828125 1447.404296875 1443.291015625 1439.102294921875 1435.2950439453125 1431.5853271484375 1427.923095703125 1424.7197265625 1421.43212890625 1418.0098876953125 1414.7672119140625 1411.474853515625 1408.656982421875 1405.521728515625 1401.9593505859375 1398.0018310546875 1393.653076171875 1389.2332763671875 1385.1810302734375
1534.1640625 1530.653564453125 1526.830810546875 1523.0142822265625 1519.3353271484375 1516.218505859375 1513.1025390625 1510.2314453125 1507.424072265625 1504.846435546875 1502.4122314453125 1500.2501220703125 1498.075439453125 1496.00634765625 1493.8887939453125 1491.591796875 1488.5775146484375 1485.463623046875 1481.9124755859375 1478.5826416015625 1475.550537109375 1472.8897705078125 1470.5543212890625 1469.04638671875 1467.385986328125 1464.6031494140625 1461.300537109375 1457.7144775390625 1453.6124267578125 1449.30419921875 1445.2880859375 1441.212646484375 1437.4571533203125 1433.6141357421875 1429.5753173828125 1425.8994140625 1422.8084716796875 1419.55126953125 1416.38525390625 1413.468017578125 1410.1695556640625 1407.345458984375 1404.1146240234375 1400.6966552734375 1396.666259765625 1392.2938232421875 1387.72314453125 1383.4954833984375
1532.7486572265625 1529.17822265625 1525.5277099609375 1521.7010498046875 1518.144775390625 1515.060302734375 1512.1160888671875 1509.0162353515625 1506.0963134765625 1503.562744140625 1501.216552734375 1498.8502197265625 1496.6905517578125 1494.71630859375 1492.632568359375 1490.1923828125 1487.2899169921875 1483.965576171875 1480.482177734375 1477.16357421875 1474.09326171875 1471.6317138671875 1469.5762939453125 1467.92919921875 1466.2216796875 1463.4664306640625 1459.5946044921875 1455.855712890625 1451.51611328125 1447.344970703125 1443.314208984375 1439.1419677734375 1435.297607421875 1431.513671875 1427.62939453125 1424.044189453125 1420.7425537109375 1417.822021484375 1414.73046875 1411.71484375 1408.553955078125 1405.8165283203125 1402.924072265625 1399.3388671875 1395.4647216796875 1391.0499267578125 1386.3216552734375 1381.9488525390625
1530.7880859375 1527.5164794921875 1524.0439453125 1520.5284423828125 1516.9366455078125 1513.74365234375 1510.5511474609375 1507.6004638671875 1504.826904296875 1502.357666015625 1500.012451171875 1497.592041015625 1495.5650634765625 1493.1705322265625 1490.984130859375 1488.582763671875 1485.5560302734375 1482.3026123046875 1478.8885498046875 1475.329345703125 1472.4678955078125 1470.1925048828125 1468.3807373046875 1466.801025390625 1465.1090087890625 1461.980224609375 1457.6600341796875 1453.76220703125 1449.522705078125 1445.5789794921875 1441.305419921875 1437.1942138671875 1433.3011474609375 1429.4468994140625 1425.86572265625 1422.3585205078125 1418.937744140625 1415.963623046875 1413.0257568359375 1409.7591552734375 1406.754150390625 1404.20703125 1401.2908935546875 1397.6561279296875 1393.8408203125 1389.2880859375 1384.8758544921875 1380.4085693359375
1528.9620361328125 1525.8912353515625 1522.4202880859375 1518.8289794921875 1515.4918212890625 1512.0771484375 1508.744384765625 1506.0072021484375 1503.635498046875 1501.2850341796875 1498.8538818359375 1496.5733642578125 1494.263427734375 1491.697021484375 1489.4224853515625 1486.685791015625 1483.4678955078125 1479.8121337890625 1476.6436767578125 1473.065185546875 1470.8271484375 1468.634033203125 1467.0596923828125 1465.465087890625 1463.0372314453125 1459.4053955078125 1455.2586669921875 1451.830078125 1447.567138671875 1443.54541015625 1439.361328125 1435.162841796875 1431.24560546875 1427.540771484375 1424.0068359375 1420.6273193359375 1417.2901611328125 1414.2774658203125 1411.134765625 1407.8914794921875 1405.01708984375 1402.0068359375 1399.093017578125 1395.9696044921875 1391.814697265625 1387.528564453125 1383.3046875 1379.0264892578125
1526.7822265625 1523.6209716796875 1520.3966064453125 1516.660888671875 1513.542724609375 1510.1500244140625 1507.1533203125 1504.409423828125 1502.4239501953125 1500.0362548828125 1497.5838623046875 1495.296875 1492.6358642578125 1489.7738037109375 1487.342529296875 1484.0323486328125 1480.93798828125 1477.3951416015625 1473.9853515625 1470.8052978515625 1468.135986328125 1466.693603515625 1465.54443359375 1463.549560546875 1460.63037109375 1457.1051025390625 1452.9232177734375 1449.2952880859375 1445.3505859375 1441.447998046875 1437.468505859375 1433.3577880859375 1429.22900390625 1425.5531005859375 1422.0045166015625 1418.560791015625 1415.3646240234375 1412.254638671875 1408.8572998046875 1405.968017578125 1403.0499267578125 1399.7335205078125 1396.6064453125 1393.281494140625 1389.6971435546875 1386.1876220703125 1382.0538330078125 1377.7642822265625
1524.135498046875 1521.185302734375 1518.06787109375 1514.6910400390625 1511.5697021484375 1508.455322265625 1505.4559326171875 1502.924072265625 1501.2213134765625 1498.6644287109375 1496.1522216796875 1493.6343994140625 1490.4456787109375 1487.3759765625 1484.5750732421875 1481.177978515625 1478.2469482421875 1474.9190673828125 1471.255126953125 1468.379638671875 1466.0115966796875 1465.0059814453125 1463.69580078125 1461.1793212890625 1457.736083984375 1454.31201171875 1450.3792724609375 1446.5811767578125 1442.8636474609375 1438.8277587890625 1435.106689453125 1431.2249755859375 1427.0941162109375 1423.3189697265625 1419.7254638671875 1416.15380859375 1413.013671875 1409.8612060546875 1406.6744384765625 1403.829345703125 1400.87548828125 1397.5616455078125 1394.5997314453125 1391.251220703125 1387.8818359375 1384.7841796875 1381.17919921875 1376.92333984375
1521.0306396484375 1518.7139892578125 1515.6756591796875 1512.742431640625 1509.6788330078125 1506.3798828125 1503.7451171875 1501.4775390625 1499.60400390625 1496.9404296875 1494.2889404296875 1491.23046875 1487.9276123046875 1484.9427490234375 1481.9053955078125 1478.48095703125 1475.4241943359375 1471.9478759765625 1468.456787109375 1466.088134765625 1464.2740478515625 1463.3494873046875 1461.421875 1458.3878173828125 1454.6153564453125 1451.1954345703125 1447.7044677734375 1444.171630859375 1440.110595703125 1436.35546875 1432.6478271484375 1428.7125244140625 1424.5040283203125 1420.8433837890625 1417.3922119140625 1413.6881103515625 1410.5914306640625 1407.5712890625 1404.40625 1401.3358154296875 1398.372314453125 1395.1302490234375 1392.1788330078125 1389.246826171875 1386.2900390625 1383.2293701171875 1379.543701171875 1375.8165283203125
1516.2623291015625 1515.0064697265625 1512.8193359375 1510.0850830078125 1507.2001953125 1504.5364990234375 1502.2537841796875 1500.05078125 1497.8154296875 1495.0216064453125 1491.98974609375 1488.771484375 1485.595458984375 1482.3372802734375 1478.8922119140625 1475.448974609375 1472.1783447265625 1469.0263671875 1466.015380859375 1463.7979736328125 1462.7244873046875 1461.5155029296875 1458.8306884765625 1455.0626220703125 1451.2742919921875 1447.7904052734375 1444.52783203125 1441.4833984375 1437.4813232421875 1433.6370849609375 1430.0166015625 1426.1070556640625 1421.8094482421875 1418.20654296875 1414.9849853515625 1411.5599365234375 1408.405517578125 1405.285888671875 1401.9610595703125 1398.5352783203125 1395.787109375 1392.4063720703125 1389.5911865234375 1386.882568359375 1384.4334716796875 1381.7164306640625 1378.3201904296875 1374.9857177734375
