avaframe/data/avaHockeyDrop/Inputs/DEM_HS_Topo.asc
nCols  501
nRows  201
xllcenter  1500.00
yllcenter -4500.00
cellsize  5.00
nodata_value -9999.00
[rows 144 to 167 of 201, columns 336 to 391 of 501]
97.937097 94.564554 91.192012 87.819469 84.446927 81.074384 77.701842 74.329299 70.956756 67.584214 64.211671 60.839129 57.466586 54.094043 50.721501 47.348958 43.976416 40.603873 37.231331 33.858788 30.486245 27.113703 23.741160 20.368618 16.996075 13.623532 10.250990 6.878447 3.505905 0.133362 -3.239180 -6.611723 -9.984266 -13.356808 -16.729351 -20.101893 -23.474436 -26.846979 -30.219521 -33.592064 -36.964606 -40.337149 -43.709691 -47.082234 -50.454777 -53.827319 -57.199862 -60.572404 -63.944947 -67.317490 -70.690032 -74.062575 -77.435117 -80.807660 -84.180202 -87.552745
97.937097 94.564554 91.192012 87.819469 84.446927 81.074384 77.701842 74.329299 70.956756 67.584214 64.211671 60.839129 57.466586 54.094043 50.721501 47.348958 43.976416 40.603873 37.231331 33.858788 30.486245 27.113703 23.741160 20.368618 16.996075 13.623532 10.250990 6.878447 3.505905 0.133362 -3.239180 -6.611723 -9.984266 -13.356808 -16.729351 -20.101893 -23.474436 -26.846979 -30.219521 -33.592064 -36.964606 -40.337149 -43.709691 -47.082234 -50.454777 -53.827319 -57.199862 -60.572404 -63.944947 -67.317490 -70.690032 -74.062575 -77.435117 -80.807660 -84.180202 -87.552745
97.937097 94.564554 91.192012 87.819469 84.446927 81.074384 77.701842 74.329299 70.956756 67.584214 64.211671 60.839129 57.466586 54.094043 50.721501 47.348958 43.976416 40.603873 37.231331 33.858788 30.486245 27.113703 23.741160 20.368618 16.996075 13.623532 10.250990 6.878447 3.505905 0.133362 -3.239180 -6.611723 -9.984266 -13.356808 -16.729351 -20.101893 -23.474436 -26.846979 -30.219521 -33.592064 -36.964606 -40.337149 -43.709691 -47.082234 -50.454777 -53.827319 -57.199862 -60.572404 -63.944947 -67.317490 -70.690032 -74.062575 -77.435117 -80.807660 -84.180202 -87.552745
97.937097 94.564554 91.192012 87.819469 84.446927 81.074384 77.701842 74.329299 70.956756 67.584214 64.211671 60.839129 57.466586 54.094043 50.721501 47.348958 43.976416 40.603873 37.231331 33.858788 30.486245 27.113703 23.741160 20.368618 16.996075 13.623532 10.250990 6.878447 3.505905 0.133362 -3.239180 -6.611723 -9.984266 -13.356808 -16.729351 -20.101893 -23.474436 -26.846979 -30.219521 -33.592064 -36.964606 -40.337149 -43.709691 -47.082234 -50.454777 -53.827319 -57.199862 -60.572404 -63.944947 -67.317490 -70.690032 -74.062575 -77.435117 -80.807660 -84.180202 -87.552745
97.937097 94.564554 91.192012 87.819469 84.446927 81.074384 77.701842 74.329299 70.956756 67.584214 64.211671 60.839129 57.466586 54.094043 50.721501 47.348958 43.976416 40.603873 37.231331 33.858788 30.486245 27.113703 23.741160 20.368618 16.996075 13.623532 10.250990 6.878447 3.505905 0.133362 -3.239180 -6.611723 -9.984266 -13.356808 -16.729351 -20.101893 -23.474436 -26.846979 -30.219521 -33.592064 -36.964606 -40.337149 -43.709691 -47.082234 -50.454777 -53.827319 -57.199862 -60.572404 -63.944947 -67.317490 -70.690032 -74.062575 -77.435117 -80.807660 -84.180202 -87.552745
97.937097 94.564554 91.192012 87.819469 84.446927 81.074384 77.701842 74.329299 70.956756 67.584214 64.211671 60.839129 57.466586 54.094043 50.721501 47.348958 43.976416 40.603873 37.231331 33.858788 30.486245 27.113703 23.741160 20.368618 16.996075 13.623532 10.250990 6.878447 3.505905 0.133362 -3.239180 -6.611723 -9.984266 -13.356808 -16.729351 -20.101893 -23.474436 -26.846979 -30.219521 -33.592064 -36.964606 -40.337149 -43.709691 -47.082234 -50.454777 -53.827319 -57.199862 -60.572404 -63.944947 -67.317490 -70.690032 -74.062575 -77.435117 -80.807660 -84.180202 -87.552745
97.937097 94.564554 91.192012 87.819469 84.446927 81.074384 77.701842 74.329299 70.956756 67.584214 64.211671 60.839129 57.466586 54.094043 50.721501 47.348958 43.976416 40.603873 37.231331 33.858788 30.486245 27.113703 23.741160 20.368618 16.996075 13.623532 10.250990 6.878447 3.505905 0.133362 -3.239180 -6.611723 -9.984266 -13.356808 -16.729351 -20.101893 -23.474436 -26.846979 -30.219521 -33.592064 -36.964606 -40.337149 -43.709691 -47.082234 -50.454777 -53.827319 -57.199862 -60.572404 -63.944947 -67.317490 -70.690032 -74.062575 -77.435117 -80.807660 -84.180202 -87.552745
97.937097 94.564554 91.192012 87.819469 84.446927 81.074384 77.701842 74.329299 70.956756 67.584214 64.211671 60.839129 57.466586 54.094043 50.721501 47.348958 43.976416 40.603873 37.231331 33.858788 30.486245 27.113703 23.741160 20.368618 16.996075 13.623532 10.250990 6.878447 3.505905 0.133362 -3.239180 -6.611723 -9.984266 -13.356808 -16.729351 -20.101893 -23.474436 -26.846979 -30.219521 -33.592064 -36.964606 -40.337149 -43.709691 -47.082234 -50.454777 -53.827319 -57.199862 -60.572404 -63.944947 -67.317490 -70.690032 -74.062575 -77.435117 -80.807660 -84.180202 -87.552745
97.937097 94.564554 91.192012 87.819469 84.446927 81.074384 77.701842 74.329299 70.956756 67.584214 64.211671 60.839129 57.466586 54.094043 50.721501 47.348958 43.976416 40.603873 37.231331 33.858788 30.486245 27.113703 23.741160 20.368618 16.996075 13.623532 10.250990 6.878447 3.505905 0.133362 -3.239180 -6.611723 -9.984266 -13.356808 -16.729351 -20.101893 -23.474436 -26.846979 -30.219521 -33.592064 -36.964606 -40.337149 -43.709691 -47.082234 -50.454777 -53.827319 -57.199862 -60.572404 -63.944947 -67.317490 -70.690032 -74.062575 -77.435117 -80.807660 -84.180202 -87.552745
97.937097 94.564554 91.192012 87.819469 84.446927 81.074384 77.701842 74.329299 70.956756 67.584214 64.211671 60.839129 57.466586 54.094043 50.721501 47.348958 43.976416 40.603873 37.231331 33.858788 30.486245 27.113703 23.741160 20.368618 16.996075 13.623532 10.250990 6.878447 3.505905 0.133362 -3.239180 -6.611723 -9.984266 -13.356808 -16.729351 -20.101893 -23.474436 -26.846979 -30.219521 -33.592064 -36.964606 -40.337149 -43.709691 -47.082234 -50.454777 -53.827319 -57.199862 -60.572404 -63.944947 -67.317490 -70.690032 -74.062575 -77.435117 -80.807660 -84.180202 -87.552745
97.937097 94.564554 91.192012 87.819469 84.446927 81.074384 77.701842 74.329299 70.956756 67.584214 64.211671 60.839129 57.466586 54.094043 50.721501 47.348958 43.976416 40.603873 37.231331 33.858788 30.486245 27.113703 23.741160 20.368618 16.996075 13.623532 10.250990 6.878447 3.505905 0.133362 -3.239180 -6.611723 -9.984266 -13.356808 -16.729351 -20.101893 -23.474436 -26.846979 -30.219521 -33.592064 -36.964606 -40.337149 -43.709691 -47.082234 -50.454777 -53.827319 -57.199862 -60.572404 -63.944947 -67.317490 -70.690032 -74.062575 -77.435117 -80.807660 -84.180202 -87.552745
97.937097 94.564554 91.192012 87.819469 84.446927 81.074384 77.701842 74.329299 70.956756 67.584214 64.211671 60.839129 57.466586 54.094043 50.721501 47.348958 43.976416 40.603873 37.231331 33.858788 30.486245 27.113703 23.741160 20.368618 16.996075 13.623532 10.250990 6.878447 3.505905 0.133362 -3.239180 -6.611723 -9.984266 -13.356808 -16.729351 -20.101893 -23.474436 -26.846979 -30.219521 -33.592064 -36.964606 -40.337149 -43.709691 -47.082234 -50.454777 -53.827319 -57.199862 -60.572404 -63.944947 -67.317490 -70.690032 -74.062575 -77.435117 -80.807660 -84.180202 -87.552745
97.937097 94.564554 91.192012 87.819469 84.446927 81.074384 77.701842 74.329299 70.956756 67.584214 64.211671 60.839129 57.466586 54.094043 50.721501 47.348958 43.976416 40.603873 37.231331 33.858788 30.486245 27.113703 23.741160 20.368618 16.996075 13.623532 10.250990 6.878447 3.505905 0.133362 -3.239180 -6.611723 -9.984266 -13.356808 -16.729351 -20.101893 -23.474436 -26.846979 -30.219521 -33.592064 -36.964606 -40.337149 -43.709691 -47.082234 -50.454777 -53.827319 -57.199862 -60.572404 -63.944947 -67.317490 -70.690032 -74.062575 -77.435117 -80.807660 -84.180202 -87.552745
97.937097 94.564554 91.192012 87.819469 84.446927 81.074384 77.701842 74.329299 70.956756 67.584214 64.211671 60.839129 57.466586 54.094043 50.721501 47.348958 43.976416 40.603873 37.231331 33.858788 30.486245 27.113703 23.741160 20.368618 16.996075 13.623532 10.250990 6.878447 3.505905 0.133362 -3.239180 -6.611723 -9.984266 -13.356808 -16.729351 -20.101893 -23.474436 -26.846979 -30.219521 -33.592064 -36.964606 -40.337149 -43.709691 -47.082234 -50.454777 -53.827319 -57.199862 -60.572404 -63.944947 -67.317490 -70.690032 -74.062575 -77.435117 -80.807660 -84.180202 -87.552745
97.937097 94.564554 91.192012 87.819469 84.446927 81.074384 77.701842 74.329299 70.956756 67.584214 64.211671 60.839129 57.466586 54.094043 50.721501 47.348958 43.976416 40.603873 37.231331 33.858788 30.486245 27.113703 23.741160 20.368618 16.996075 13.623532 10.250990 6.878447 3.505905 0.133362 -3.239180 -6.611723 -9.984266 -13.356808 -16.729351 -20.101893 -23.474436 -26.846979 -30.219521 -33.592064 -36.964606 -40.337149 -43.709691 -47.082234 -50.454777 -53.827319 -57.199862 -60.572404 -63.944947 -67.317490 -70.690032 -74.062575 -77.435117 -80.807660 -84.180202 -87.552745
97.937097 94.564554 91.192012 87.819469 84.446927 81.074384 77.701842 74.329299 70.956756 67.584214 64.211671 60.839129 57.466586 54.094043 50.721501 47.348958 43.976416 40.603873 37.231331 33.858788 30.486245 27.113703 23.741160 20.368618 16.996075 13.623532 10.250990 6.878447 3.505905 0.133362 -3.239180 -6.611723 -9.984266 -13.356808 -16.729351 -20.101893 -23.474436 -26.846979 -30.219521 -33.592064 -36.964606 -40.337149 -43.709691 -47.082234 -50.454777 -53.827319 -57.199862 -60.572404 -63.944947 -67.317490 -70.690032 -74.062575 -77.435117 -80.807660 -84.180202 -87.552745
97.937097 94.564554 91.192012 87.819469 84.446927 81.074384 77.701842 74.329299 70.956756 67.584214 64.211671 60.839129 57.466586 54.094043 50.721501 47.348958 43.976416 40.603873 37.231331 33.858788 30.486245 27.113703 23.741160 20.368618 16.996075 13.623532 10.250990 6.878447 3.505905 0.133362 -3.239180 -6.611723 -9.984266 -13.356808 -16.729351 -20.101893 -23.474436 -26.846979 -30.219521 -33.592064 -36.964606 -40.337149 -43.709691 -47.082234 -50.454777 -53.827319 -57.199862 -60.572404 -63.944947 -67.317490 -70.690032 -74.062575 -77.435117 -80.807660 -84.180202 -87.552745
97.937097 94.564554 91.192012 87.819469 84.446927 81.074384 77.701842 74.329299 70.956756 67.584214 64.211671 60.839129 57.466586 54.094043 50.721501 47.348958 43.976416 40.603873 37.231331 33.858788 30.486245 27.113703 23.741160 20.368618 16.996075 13.623532 10.250990 6.878447 3.505905 0.133362 -3.239180 -6.611723 -9.984266 -13.356808 -16.729351 -20.101893 -23.474436 -26.846979 -30.219521 -33.592064 -36.964606 -40.337149 -43.709691 -47.082234 -50.454777 -53.827319 -57.199862 -60.572404 -63.944947 -67.317490 -70.690032 -74.062575 -77.435117 -80.807660 -84.180202 -87.552745
97.937097 94.564554 91.192012 87.819469 84.446927 81.074384 77.701842 74.329299 70.956756 67.584214 64.211671 60.839129 57.466586 54.094043 50.721501 47.348958 43.976416 40.603873 37.231331 33.858788 30.486245 27.113703 23.741160 20.368618 16.996075 13.623532 10.250990 6.878447 3.505905 0.133362 -3.239180 -6.611723 -9.984266 -13.356808 -16.729351 -20.101893 -23.474436 -26.846979 -30.219521 -33.592064 -36.964606 -40.337149 -43.709691 -47.082234 -50.454777 -53.827319 -57.199862 -60.572404 -63.944947 -67.317490 -70.690032 -74.062575 -77.435117 -80.807660 -84.180202 -87.552745
97.937097 94.564554 91.192012 87.819469 84.446927 81.074384 77.701842 74.329299 70.956756 67.584214 64.211671 60.839129 57.466586 54.094043 50.721501 47.348958 43.976416 40.603873 37.231331 33.858788 30.486245 27.113703 23.741160 20.368618 16.996075 13.623532 10.250990 6.878447 3.505905 0.133362 -3.239180 -6.611723 -9.984266 -13.356808 -16.729351 -20.101893 -23.474436 -26.846979 -30.219521 -33.592064 -36.964606 -40.337149 -43.709691 -47.082234 -50.454777 -53.827319 -57.199862 -60.572404 -63.944947 -67.317490 -70.690032 -74.062575 -77.435117 -80.807660 -84.180202 -87.552745
97.937097 94.564554 91.192012 87.819469 84.446927 81.074384 77.701842 74.329299 70.956756 67.584214 64.211671 60.839129 57.466586 54.094043 50.721501 47.348958 43.976416 40.603873 37.231331 33.858788 30.486245 27.113703 23.741160 20.368618 16.996075 13.623532 10.250990 6.878447 3.505905 0.133362 -3.239180 -6.611723 -9.984266 -13.356808 -16.729351 -20.101893 -23.474436 -26.846979 -30.219521 -33.592064 -36.964606 -40.337149 -43.709691 -47.082234 -50.454777 -53.827319 -57.199862 -60.572404 -63.944947 -67.317490 -70.690032 -74.062575 -77.435117 -80.807660 -84.180202 -87.552745
97.937097 94.564554 91.192012 87.819469 84.446927 81.074384 77.701842 74.329299 70.956756 67.584214 64.211671 60.839129 57.466586 54.094043 50.721501 47.348958 43.976416 40.603873 37.231331 33.858788 30.486245 27.113703 23.741160 20.368618 16.996075 13.623532 10.250990 6.878447 3.505905 0.133362 -3.239180 -6.611723 -9.984266 -13.356808 -16.729351 -20.101893 -23.474436 -26.846979 -30.219521 -33.592064 -36.964606 -40.337149 -43.709691 -47.082234 -50.454777 -53.827319 -57.199862 -60.572404 -63.944947 -67.317490 -70.690032 -74.062575 -77.435117 -80.807660 -84.180202 -87.552745
97.937097 94.564554 91.192012 87.819469 84.446927 81.074384 77.701842 74.329299 70.956756 67.584214 64.211671 60.839129 57.466586 54.094043 50.721501 47.348958 43.976416 40.603873 37.231331 33.858788 30.486245 27.113703 23.741160 20.368618 16.996075 13.623532 10.250990 6.878447 3.505905 0.133362 -3.239180 -6.611723 -9.984266 -13.356808 -16.729351 -20.101893 -23.474436 -26.846979 -30.219521 -33.592064 -36.964606 -40.337149 -43.709691 -47.082234 -50.454777 -53.827319 -57.199862 -60.572404 -63.944947 -67.317490 -70.690032 -74.062575 -77.435117 -80.807660 -84.180202 -87.552745
97.937097 94.564554 91.192012 87.819469 84.446927 81.074384 77.701842 74.329299 70.956756 67.584214 64.211671 60.839129 57.466586 54.094043 50.721501 47.348958 43.976416 40.603873 37.231331 33.858788 30.486245 27.113703 23.741160 20.368618 16.996075 13.623532 10.250990 6.878447 3.505905 0.133362 -3.239180 -6.611723 -9.984266 -13.356808 -16.729351 -20.101893 -23.474436 -26.846979 -30.219521 -33.592064 -36.964606 -40.337149 -43.709691 -47.082234 -50.454777 -53.827319 -57.199862 -60.572404 -63.944947 -67.317490 -70.690032 -74.062575 -77.435117 -80.807660 -84.180202 -87.552745
