avaframe/data/avaHockeyDrop/Inputs/DEM_HS_Topo.asc
nCols  501
nRows  201
xllcenter  1500.00
yllcenter -4500.00
cellsize  5.00
nodata_value -9999.00
[rows 72 to 95 of 201, columns 392 to 447 of 501]
-90.925288 -94.297830 -97.670373 -101.042915 -104.415458 -107.788001 -111.160543 -114.533086 -117.905628 -121.278171 -124.650714 -128.023256 -131.395799 -134.768341 -138.140884 -141.513426 -144.885969 -148.258512 -151.631054 -155.003597 -158.376139 -161.748682 -165.121225 -168.493767 -171.866310 -175.238852 -178.611395 -181.983937 -185.356480 -188.729023 -192.101565 -195.474108 -198.846650 -202.219193 -205.591736 -208.964278 -212.336821 -215.709363 -219.081906 -222.454448 -225.826991 -229.199534 -232.572076 -235.929698 -239.116695 -242.100840 -244.892452 -247.500559 -249.933091 -252.197039 -254.298577 -256.243171 -258.035662 -259.680338 -261.180989 -262.540966
-90.925288 -94.297830 -97.670373 -101.042915 -104.415458 -107.788001 -111.160543 -114.533086 -117.905628 -121.278171 -124.650714 -128.023256 -131.395799 -134.768341 -138.140884 -141.513426 -144.885969 -148.258512 -151.631054 -155.003597 -158.376139 -161.748682 -165.121225 -168.493767 -171.866310 -175.238852 -178.611395 -181.983937 -185.356480 -188.729023 -192.101565 -195.474108 -198.846650 -202.219193 -205.591736 -208.964278 -212.336821 -215.709363 -219.081906 -222.454448 -225.826991 -229.199534 -232.572076 -235.929698 -239.116695 -242.100840 -244.892452 -247.500559 -249.933091 -252.197039 -254.298577 -256.243171 -258.035662 -259.680338 -261.180989 -262.540966
-90.925288 -94.297830 -97.670373 -101.042915 -104.415458 -107.788001 -111.160543 -114.533086 -117.905628 -121.278171 -124.650714 -128.023256 -131.395799 -134.768341 -138.140884 -141.513426 -144.885969 -148.258512 -151.631054 -155.003597 -158.376139 -161.748682 -165.121225 -168.493767 -171.866310 -175.238852 -178.611395 -181.983937 -185.356480 -188.729023 -192.101565 -195.474108 -198.846650 -202.219193 -205.591736 -208.964278 -212.336821 -215.709363 -219.081906 -222.454448 -225.826991 -229.199534 -232.572076 -235.929698 -239.116695 -242.100840 -244.892452 -247.500559 -249.933091 -252.197039 -254.298577 -256.243171 -258.035662 -259.680338 -261.180989 -262.540966
-90.925288 -94.297830 -97.670373 -101.042915 -104.415458 -107.788001 -111.160543 -114.533086 -117.905628 -121.278171 -124.650714 -128.023256 -131.395799 -134.768341 -138.140884 -141.513426 -144.885969 -148.258512 -151.631054 -155.003597 -158.376139 -161.748682 -165.121225 -168.493767 -171.866310 -175.238852 -178.611395 -181.983937 -185.356480 -188.729023 -192.101565 -195.474108 -198.846650 -202.219193 -205.591736 -208.964278 -212.336821 -215.709363 -219.081906 -222.454448 -225.826991 -229.199534 -232.572076 -235.929698 -239.116695 -242.100840 -244.892452 -247.500559 -249.933091 -252.197039 -254.298577 -256.243171 -258.035662 -259.680338 -261.180989 -262.540966
-90.925288 -94.297830 -97.670373 -101.042915 -104.415458 -107.788001 -111.160543 -114.533086 -117.905628 -121.278171 -124.650714 -128.023256 -131.395799 -134.768341 -138.140884 -141.513426 -144.885969 -148.258512 -151.631054 -155.003597 -158.376139 -161.748682 -165.121225 -168.493767 -171.866310 -175.238852 -178.611395 -181.983937 -185.356480 -188.729023 -192.101565 -195.474108 -198.846650 -202.219193 -205.591736 -208.964278 -212.336821 -215.709363 -219.081906 -222.454448 -225.826991 -229.199534 -232.572076 -235.929698 -239.116695 -242.100840 -244.892452 -247.500559 -249.933091 -252.197039 -254.298577 -256.243171 -258.035662 -259.680338 -261.180989 -262.540966
-90.925288 -94.297830 -97.670373 -101.042915 -104.415458 -107.788001 -111.160543 -114.533086 -117.905628 -121.278171 -124.650714 -128.023256 -131.395799 -134.768341 -138.140884 -141.513426 -144.885969 -148.258512 -151.631054 -155.003597 -158.376139 -161.748682 -165.121225 -168.493767 -171.866310 -175.238852 -178.611395 -181.983937 -185.356480 -188.729023 -192.101565 -195.474108 -198.846650 -202.219193 -205.591736 -208.964278 -212.336821 -215.709363 -219.081906 -222.454448 -225.826991 -229.199534 -232.572076 -235.929698 -239.116695 -242.100840 -244.892452 -247.500559 -249.933091 -252.197039 -254.298577 -256.243171 -258.035662 -259.680338 -261.180989 -262.540966
-90.925288 -94.297830 -97.670373 -101.042915 -104.415458 -107.788001 -111.160543 -114.533086 -117.905628 -121.278171 -124.650714 -128.023256 -131.395799 -134.768341 -138.140884 -141.513426 -144.885969 -148.258512 -151.631054 -155.003597 -158.376139 -161.748682 -165.121225 -168.493767 -171.866310 -175.238852 -178.611395 -181.983937 -185.356480 -188.729023 -192.101565 -195.474108 -198.846650 -202.219193 -205.591736 -208.964278 -212.336821 -215.709363 -219.081906 -222.454448 -225.826991 -229.199534 -232.572076 -235.929698 -239.116695 -242.100840 -244.892452 -247.500559 -249.933091 -252.197039 -254.298577 -256.243171 -258.035662 -259.680338 -261.180989 -262.540966
-90.925288 -94.297830 -97.670373 -101.042915 -104.415458 -107.788001 -111.160543 -114.533086 -117.905628 -121.278171 -124.650714 -128.023256 -131.395799 -134.768341 -138.140884 -141.513426 -144.885969 -148.258512 -151.631054 -155.003597 -158.376139 -161.748682 -165.121225 -168.493767 -171.866310 -175.238852 -178.611395 -181.983937 -185.356480 -188.729023 -192.101565 -195.474108 -198.846650 -202.219193 -205.591736 -208.964278 -212.336821 -215.709363 -219.081906 -222.454448 -225.826991 -229.199534 -232.572076 -235.929698 -239.116695 -242.100840 -244.892452 -247.500559 -249.933091 -252.197039 -254.298577 -256.243171 -258.035662 -259.680338 -261.180989 -262.540966
-90.925288 -94.297830 -97.670373 -101.042915 -104.415458 -107.788001 -111.160543 -114.533086 -117.905628 -121.278171 -124.650714 -128.023256 -131.395799 -134.768341 -138.140884 -141.513426 -144.885969 -148.258512 -151.631054 -155.003597 -158.376139 -161.748682 -165.121225 -168.493767 -171.866310 -175.238852 -178.611395 -181.983937 -185.356480 -188.729023 -192.101565 -195.474108 -198.846650 -202.219193 -205.591736 -208.964278 -212.336821 -215.709363 -219.081906 -222.454448 -225.826991 -229.199534 -232.572076 -235.929698 -239.116695 -242.100840 -244.892452 -247.500559 -249.933091 -252.197039 -254.298577 -256.243171 -258.035662 -259.680338 -261.180989 -262.540966
-90.925288 -94.297830 -97.670373 -101.042915 -104.415458 -107.788001 -111.160543 -114.533086 -117.905628 -121.278171 -124.650714 -128.023256 -131.395799 -134.768341 -138.140884 -141.513426 -144.885969 -148.258512 -151.631054 -155.003597 -158.376139 -161.748682 -165.121225 -168.493767 -171.866310 -175.238852 -178.611395 -181.983937 -185.356480 -188.729023 -192.101565 -195.474108 -198.846650 -202.219193 -205.591736 -208.964278 -212.336821 -215.709363 -219.081906 -222.454448 -225.826991 -229.199534 -232.572076 -235.929698 -239.116695 -242.100840 -244.892452 -247.500559 -249.933091 -252.197039 -254.298577 -256.243171 -258.035662 -259.680338 -261.180989 -262.540966
-90.925288 -94.297830 -97.670373 -101.042915 -104.415458 -107.788001 -111.160543 -114.533086 -117.905628 -121.278171 -124.650714 -128.023256 -131.395799 -134.768341 -138.140884 -141.513426 -144.885969 -148.258512 -151.631054 -155.003597 -158.376139 -161.748682 -165.121225 -168.493767 -171.866310 -175.238852 -178.611395 -181.983937 -185.356480 -188.729023 -192.101565 -195.474108 -198.846650 -202.219193 -205.591736 -208.964278 -212.336821 -215.709363 -219.081906 -222.454448 -225.826991 -229.199534 -232.572076 -235.929698 -239.116695 -242.100840 -244.892452 -247.500559 -249.933091 -252.197039 -254.298577 -256.243171 -258.035662 -259.680338 -261.180989 -262.540966
-90.925288 -94.297830 -97.670373 -101.042915 -104.415458 -107.788001 -111.160543 -114.533086 -117.905628 -121.278171 -124.650714 -128.023256 -131.395799 -134.768341 -138.140884 -141.513426 -144.885969 -148.258512 -151.631054 -155.003597 -158.376139 -161.748682 -165.121225 -168.493767 -171.866310 -175.238852 -178.611395 -181.983937 -185.356480 -188.729023 -192.101565 -195.474108 -198.846650 -202.219193 -205.591736 -208.964278 -212.336821 -215.709363 -219.081906 -222.454448 -225.826991 -229.199534 -232.572076 -235.929698 -239.116695 -242.100840 -244.892452 -247.500559 -249.933091 -252.197039 -254.298577 -256.243171 -258.035662 -259.680338 -261.180989 -262.540966
-90.925288 -94.297830 -97.670373 -101.042915 -104.415458 -107.788001 -111.160543 -114.533086 -117.905628 -121.278171 -124.650714 -128.023256 -131.395799 -134.768341 -138.140884 -141.513426 -144.885969 -148.258512 -151.631054 -155.003597 -158.376139 -161.748682 -165.121225 -168.493767 -171.866310 -175.238852 -178.611395 -181.983937 -185.356480 -188.729023 -192.101565 -195.474108 -198.846650 -202.219193 -205.591736 -208.964278 -212.336821 -215.709363 -219.081906 -222.454448 -225.826991 -229.199534 -232.572076 -235.929698 -239.116695 -242.100840 -244.892452 -247.500559 -249.933091 -252.197039 -254.298577 -256.243171 -258.035662 -259.680338 -261.180989 -262.540966
-90.925288 -94.297830 -97.670373 -101.042915 -104.415458 -107.788001 -111.160543 -114.533086 -117.905628 -121.278171 -124.650714 -128.023256 -131.395799 -134.768341 -138.140884 -141.513426 -144.885969 -148.258512 -151.631054 -155.003597 -158.376139 -161.748682 -165.121225 -168.493767 -171.866310 -175.238852 -178.611395 -181.983937 -185.356480 -188.729023 -192.101565 -195.474108 -198.846650 -202.219193 -205.591736 -208.964278 -212.336821 -215.709363 -219.081906 -222.454448 -225.826991 -229.199534 -232.572076 -235.929698 -239.116695 -242.100840 -244.892452 -247.500559 -249.933091 -252.197039 -254.298577 -256.243171 -258.035662 -259.680338 -261.180989 -262.540966
-90.925288 -94.297830 -97.670373 -101.042915 -104.415458 -107.788001 -111.160543 -114.533086 -117.905628 -121.278171 -124.650714 -128.023256 -131.395799 -134.768341 -138.140884 -141.513426 -144.885969 -148.258512 -151.631054 -155.003597 -158.376139 -161.748682 -165.121225 -168.493767 -171.866310 -175.238852 -178.611395 -181.983937 -185.356480 -188.729023 -192.101565 -195.474108 -198.846650 -202.219193 -205.591736 -208.964278 -212.336821 -215.709363 -219.081906 -222.454448 -225.826991 -229.199534 -232.572076 -235.929698 -239.116695 -242.100840 -244.892452 -247.500559 -249.933091 -252.197039 -254.298577 -256.243171 -258.035662 -259.680338 -261.180989 -262.540966
-90.925288 -94.297830 -97.670373 -101.042915 -104.415458 -107.788001 -111.160543 -114.533086 -117.905628 -121.278171 -124.650714 -128.023256 -131.395799 -134.768341 -138.140884 -141.513426 -144.885969 -148.258512 -151.631054 -155.003597 -158.376139 -161.748682 -165.121225 -168.493767 -171.866310 -175.238852 -178.611395 -181.983937 -185.356480 -188.729023 -192.101565 -195.474108 -198.846650 -202.219193 -205.591736 -208.964278 -212.336821 -215.709363 -219.081906 -222.454448 -225.826991 -229.199534 -232.572076 -235.929698 -239.116695 -242.100840 -244.892452 -247.500559 -249.933091 -252.197039 -254.298577 -256.243171 -258.035662 -259.680338 -261.180989 -262.540966
-90.925288 -94.297830 -97.670373 -101.042915 -104.415458 -107.788001 -111.160543 -114.533086 -117.905628 -121.278171 -124.650714 -128.023256 -131.395799 -134.768341 -138.140884 -141.513426 -144.885969 -148.258512 -151.631054 -155.003597 -158.376139 -161.748682 -165.121225 -168.493767 -171.866310 -175.238852 -178.611395 -181.983937 -185.356480 -188.729023 -192.101565 -195.474108 -198.846650 -202.219193 -205.591736 -208.964278 -212.336821 -215.709363 -219.081906 -222.454448 -225.826991 -229.199534 -232.572076 -235.929698 -239.116695 -242.100840 -244.892452 -247.500559 -249.933091 -252.197039 -254.298577 -256.243171 -258.035662 -259.680338 -261.180989 -262.540966
-90.925288 -94.297830 -97.670373 -101.042915 -104.415458 -107.788001 -111.160543 -114.533086 -117.905628 -121.278171 -124.650714 -128.023256 -131.395799 -134.768341 -138.140884 -141.513426 -144.885969 -148.258512 -151.631054 -155.003597 -158.376139 -161.748682 -165.121225 -168.493767 -171.866310 -175.238852 -178.611395 -181.983937 -185.356480 -188.729023 -192.101565 -195.474108 -198.846650 -202.219193 -205.591736 -208.964278 -212.336821 -215.709363 -219.081906 -222.454448 -225.826991 -229.199534 -232.572076 -235.929698 -239.116695 -242.100840 -244.892452 -247.500559 -249.933091 -252.197039 -254.298577 -256.243171 -258.035662 -259.680338 -261.180989 -262.540966
-90.925288 -94.297830 -97.670373 -101.042915 -104.415458 -107.788001 -111.160543 -114.533086 -117.905628 -121.278171 -124.650714 -128.023256 -131.395799 -134.768341 -138.140884 -141.513426 -144.885969 -148.258512 -151.631054 -155.003597 -158.376139 -161.748682 -165.121225 -168.493767 -171.866310 -175.238852 -178.611395 -181.983937 -185.356480 -188.729023 -192.101565 -195.474108 -198.846650 -202.219193 -205.591736 -208.964278 -212.336821 -215.709363 -219.081906 -222.454448 -225.826991 -229.199534 -232.572076 -235.929698 -239.116695 -242.100840 -244.892452 -247.500559 -249.933091 -252.197039 -254.298577 -256.243171 -258.035662 -259.680338 -261.180989 -262.540966
-90.925288 -94.297830 -97.670373 -101.042915 -104.415458 -107.788001 -111.160543 -114.533086 -117.905628 -121.278171 -124.650714 -128.023256 -131.395799 -134.768341 -138.140884 -141.513426 -144.885969 -148.258512 -151.631054 -155.003597 -158.376139 -161.748682 -165.121225 -168.493767 -171.866310 -175.238852 -178.611395 -181.983937 -185.356480 -188.729023 -192.101565 -195.474108 -198.846650 -202.219193 -205.591736 -208.964278 -212.336821 -215.709363 -219.081906 -222.454448 -225.826991 -229.199534 -232.572076 -235.929698 -239.116695 -242.100840 -244.892452 -247.500559 -249.933091 -252.197039 -254.298577 -256.243171 -258.035662 -259.680338 -261.180989 -262.540966
-90.925288 -94.297830 -97.670373 -101.042915 -104.415458 -107.788001 -111.160543 -114.533086 -117.905628 -121.278171 -124.650714 -128.023256 -131.395799 -134.768341 -138.140884 -141.513426 -144.885969 -148.258512 -151.631054 -155.003597 -158.376139 -161.748682 -165.121225 -168.493767 -171.866310 -175.238852 -178.611395 -181.983937 -185.356480 -188.729023 -192.101565 -195.474108 -198.846650 -202.219193 -205.591736 -208.964278 -212.336821 -215.709363 -219.081906 -222.454448 -225.826991 -229.199534 -232.572076 -235.929698 -239.116695 -242.100840 -244.892452 -247.500559 -249.933091 -252.197039 -254.298577 -256.243171 -258.035662 -259.680338 -261.180989 -262.540966
-90.925288 -94.297830 -97.670373 -101.042915 -104.415458 -107.788001 -111.160543 -114.533086 -117.905628 -121.278171 -124.650714 -128.023256 -131.395799 -134.768341 -138.140884 -141.513426 -144.885969 -148.258512 -151.631054 -155.003597 -158.376139 -161.748682 -165.121225 -168.493767 -171.866310 -175.238852 -178.611395 -181.983937 -185.356480 -188.729023 -192.101565 -195.474108 -198.846650 -202.219193 -205.591736 -208.964278 -212.336821 -215.709363 -219.081906 -222.454448 -225.826991 -229.199534 -232.572076 -235.929698 -239.116695 -242.100840 -244.892452 -247.500559 -249.933091 -252.197039 -254.298577 -256.243171 -258.035662 -259.680338 -261.180989 -262.540966
-90.925288 -94.297830 -97.670373 -101.042915 -104.415458 -107.788001 -111.160543 -114.533086 -117.905628 -121.278171 -124.650714 -128.023256 -131.395799 -134.768341 -138.140884 -141.513426 -144.885969 -148.258512 -151.631054 -155.003597 -158.376139 -161.748682 -165.121225 -168.493767 -171.866310 -175.238852 -178.611395 -181.983937 -185.356480 -188.729023 -192.101565 -195.474108 -198.846650 -202.219193 -205.591736 -208.964278 -212.336821 -215.709363 -219.081906 -222.454448 -225.826991 -229.199534 -232.572076 -235.929698 -239.116695 -242.100840 -244.892452 -247.500559 -249.933091 -252.197039 -254.298577 -256.243171 -258.035662 -259.680338 -261.180989 -262.540966
-90.925288 -94.297830 -97.670373 -101.042915 -104.415458 -107.788001 -111.160543 -114.533086 -117.905628 -121.278171 -124.650714 -128.023256 -131.395799 -134.768341 -138.140884 -141.513426 -144.885969 -148.258512 -151.631054 -155.003597 -158.376139 -161.748682 -165.121225 -168.493767 -171.866310 -175.238852 -178.611395 -181.983937 -185.356480 -188.729023 -192.101565 -195.474108 -198.846650 -202.219193 -205.591736 -208.964278 -212.336821 -215.709363 -219.081906 -222.454448 -225.826991 -229.199534 -232.572076 -235.929698 -239.116695 -242.100840 -244.892452 -247.500559 -249.933091 -252.197039 -254.298577 -256.243171 -258.035662 -259.680338 -261.180989 -262.540966
