avaframe/data/avaHockeyDrop/Inputs/DEM_HS_Topo.asc
nCols  501
nRows  201
xllcenter  1500.00
yllcenter -4500.00
cellsize  5.00
nodata_value -9999.00
[rows 120 to 143 of 201, columns 280 to 335 of 501]
555.688076 552.315534 548.942991 545.570449 542.197906 538.825363 535.452821 532.080278 528.707736 525.335193 521.962651 518.590108 515.217565 511.845023 508.472480 505.099938 501.727395 498.354852 494.982310 491.609767 488.237225 431.086963 373.936702 316.786440 259.636179 202.485917 199.113375 195.740832 192.368289 188.995747 185.623204 182.250662 178.878119 175.505576 172.133034 168.760491 165.387949 162.015406 158.642864 155.270321 151.897778 148.525236 145.152693 141.780151 138.407608 135.035065 131.662523 128.289980 124.917438 121.544895 118.172353 114.799810 111.427267 108.054725 104.682182 101.309640
555.688076 552.315534 548.942991 545.570449 542.197906 538.825363 535.452821 532.080278 528.707736 525.335193 521.962651 518.590108 515.217565 511.845023 508.472480 505.099938 501.727395 498.354852 494.982310 491.609767 488.237225 431.086963 373.936702 316.786440 259.636179 202.485917 199.113375 195.740832 192.368289 188.995747 185.623204 182.250662 178.878119 175.505576 172.133034 168.760491 165.387949 162.015406 158.642864 155.270321 151.897778 148.525236 145.152693 141.780151 138.407608 135.035065 131.662523 128.289980 124.917438 121.544895 118.172353 114.799810 111.427267 108.054725 104.682182 101.309640
555.688076 552.315534 548.942991 545.570449 542.197906 538.825363 535.452821 532.080278 528.707736 525.335193 521.962651 518.590108 515.217565 511.845023 508.472480 505.099938 501.727395 498.354852 494.982310 491.609767 488.237225 431.086963 373.936702 316.786440 259.636179 202.485917 199.113375 195.740832 192.368289 188.995747 185.623204 182.250662 178.878119 175.505576 172.133034 168.760491 165.387949 162.015406 158.642864 155.270321 151.897778 148.525236 145.152693 141.780151 138.407608 135.035065 131.662523 128.289980 124.917438 121.544895 118.172353 114.799810 111.427267 108.054725 104.682182 101.309640
555.688076 552.315534 548.942991 545.570449 542.197906 538.825363 535.452821 532.080278 528.707736 525.335193 521.962651 518.590108 515.217565 511.845023 508.472480 505.099938 501.727395 498.354852 494.982310 491.609767 488.237225 431.086963 373.936702 316.786440 259.636179 202.485917 199.113375 195.740832 192.368289 188.995747 185.623204 182.250662 178.878119 175.505576 172.133034 168.760491 165.387949 162.015406 158.642864 155.270321 151.897778 148.525236 145.152693 141.780151 138.407608 135.035065 131.662523 128.289980 124.917438 121.544895 118.172353 114.799810 111.427267 108.054725 104.682182 101.309640
555.688076 552.315534 548.942991 545.570449 542.197906 538.825363 535.452821 532.080278 528.707736 525.335193 521.962651 518.590108 515.217565 511.845023 508.472480 505.099938 501.727395 498.354852 494.982310 491.609767 488.237225 431.086963 373.936702 316.786440 259.636179 202.485917 199.113375 195.740832 192.368289 188.995747 185.623204 182.250662 178.878119 175.505576 172.133034 168.760491 165.387949 162.015406 158.642864 155.270321 151.897778 148.525236 145.152693 141.780151 138.407608 135.035065 131.662523 128.289980 124.917438 121.544895 118.172353 114.799810 111.427267 108.054725 104.682182 101.309640
555.688076 552.315534 548.942991 545.570449 542.197906 538.825363 535.452821 532.080278 528.707736 525.335193 521.962651 518.590108 515.217565 511.845023 508.472480 505.099938 501.727395 498.354852 494.982310 491.609767 488.237225 431.086963 373.936702 316.786440 259.636179 202.485917 199.113375 195.740832 192.368289 188.995747 185.623204 182.250662 178.878119 175.505576 172.133034 168.760491 165.387949 162.015406 158.642864 155.270321 151.897778 148.525236 145.152693 141.780151 138.407608 135.035065 131.662523 128.289980 124.917438 121.544895 118.172353 114.799810 111.427267 108.054725 104.682182 101.309640
555.688076 552.315534 548.942991 545.570449 542.197906 538.825363 535.452821 532.080278 528.707736 525.335193 521.962651 518.590108 515.217565 511.845023 508.472480 505.099938 501.727395 498.354852 494.982310 491.609767 488.237225 431.086963 373.936702 316.786440 259.636179 202.485917 199.113375 195.740832 192.368289 188.995747 185.623204 182.250662 178.878119 175.505576 172.133034 168.760491 165.387949 162.015406 158.642864 155.270321 151.897778 148.525236 145.152693 141.780151 138.407608 135.035065 131.662523 128.289980 124.917438 121.544895 118.172353 114.799810 111.427267 108.054725 104.682182 101.309640
555.688076 552.315534 548.942991 545.570449 542.197906 538.825363 535.452821 532.080278 528.707736 525.335193 521.962651 518.590108 515.217565 511.845023 508.472480 505.099938 501.727395 498.354852 494.982310 491.609767 488.237225 431.086963 373.936702 316.786440 259.636179 202.485917 199.113375 195.740832 192.368289 188.995747 185.623204 182.250662 178.878119 175.505576 172.133034 168.760491 165.387949 162.015406 158.642864 155.270321 151.897778 148.525236 145.152693 141.780151 138.407608 135.035065 131.662523 128.289980 124.917438 121.544895 118.172353 114.799810 111.427267 108.054725 104.682182 101.309640
555.688076 552.315534 548.942991 545.570449 542.197906 538.825363 535.452821 532.080278 528.707736 525.335193 521.962651 518.590108 515.217565 511.845023 508.472480 505.099938 501.727395 498.354852 494.982310 491.609767 488.237225 431.086963 373.936702 316.786440 259.636179 202.485917 199.113375 195.740832 192.368289 188.995747 185.623204 182.250662 178.878119 175.505576 172.133034 168.760491 165.387949 162.015406 158.642864 155.270321 151.897778 148.525236 145.152693 141.780151 138.407608 135.035065 131.662523 128.289980 124.917438 121.544895 118.172353 114.799810 111.427267 108.054725 104.682182 101.309640
555.688076 552.315534 548.942991 545.570449 542.197906 538.825363 535.452821 532.080278 528.707736 525.335193 521.962651 518.590108 515.217565 511.845023 508.472480 505.099938 501.727395 498.354852 494.982310 491.609767 488.237225 431.086963 373.936702 316.786440 259.636179 202.485917 199.113375 195.740832 192.368289 188.995747 185.623204 182.250662 178.878119 175.505576 172.133034 168.760491 165.387949 162.015406 158.642864 155.270321 151.897778 148.525236 145.152693 141.780151 138.407608 135.035065 131.662523 128.289980 124.917438 121.544895 118.172353 114.799810 111.427267 108.054725 104.682182 101.309640
555.688076 552.315534 548.942991 545.570449 542.197906 538.825363 535.452821 532.080278 528.707736 525.335193 521.962651 518.590108 515.217565 511.845023 508.472480 505.099938 501.727395 498.354852 494.982310 491.609767 488.237225 431.086963 373.936702 316.786440 259.636179 202.485917 199.113375 195.740832 192.368289 188.995747 185.623204 182.250662 178.878119 175.505576 172.133034 168.760491 165.387949 162.015406 158.642864 155.270321 151.897778 148.525236 145.152693 141.780151 138.407608 135.035065 131.662523 128.289980 124.917438 121.544895 118.172353 114.799810 111.427267 108.054725 104.682182 101.309640
555.688076 552.315534 548.942991 545.570449 542.197906 538.825363 535.452821 532.080278 528.707736 525.335193 521.962651 518.590108 515.217565 511.845023 508.472480 505.099938 501.727395 498.354852 494.982310 491.609767 488.237225 431.086963 373.936702 316.786440 259.636179 202.485917 199.113375 195.740832 192.368289 188.995747 185.623204 182.250662 178.878119 175.505576 172.133034 168.760491 165.387949 162.015406 158.642864 155.270321 151.897778 148.525236 145.152693 141.780151 138.407608 135.035065 131.662523 128.289980 124.917438 121.544895 118.172353 114.799810 111.427267 108.054725 104.682182 101.309640
555.688076 552.315534 548.942991 545.570449 542.197906 538.825363 535.452821 532.080278 528.707736 525.335193 521.962651 518.590108 515.217565 511.845023 508.472480 505.099938 501.727395 498.354852 494.982310 491.609767 488.237225 431.086963 373.936702 316.786440 259.636179 202.485917 199.113375 195.740832 192.368289 188.995747 185.623204 182.250662 178.878119 175.505576 172.133034 168.760491 165.387949 162.015406 158.642864 155.270321 151.897778 148.525236 145.152693 141.780151 138.407608 135.035065 131.662523 128.289980 124.917438 121.544895 118.172353 114.799810 111.427267 108.054725 104.682182 101.309640
555.688076 552.315534 548.942991 545.570449 542.197906 538.825363 535.452821 532.080278 528.707736 525.335193 521.962651 518.590108 515.217565 511.845023 508.472480 505.099938 501.727395 498.354852 494.982310 491.609767 488.237225 431.086963 373.936702 316.786440 259.636179 202.485917 199.113375 195.740832 192.368289 188.995747 185.623204 182.250662 178.878119 175.505576 172.133034 168.760491 165.387949 162.015406 158.642864 155.270321 151.897778 148.525236 145.152693 141.780151 138.407608 135.035065 131.662523 128.289980 124.917438 121.544895 118.172353 114.799810 111.427267 108.054725 104.682182 101.309640
555.688076 552.315534 548.942991 545.570449 542.197906 538.825363 535.452821 532.080278 528.707736 525.335193 521.962651 518.590108 515.217565 511.845023 508.472480 505.099938 501.727395 498.354852 494.982310 491.609767 488.237225 431.086963 373.936702 316.786440 259.636179 202.485917 199.113375 195.740832 192.368289 188.995747 185.623204 182.250662 178.878119 175.505576 172.133034 168.760491 165.387949 162.015406 158.642864 155.270321 151.897778 148.525236 145.152693 141.780151 138.407608 135.035065 131.662523 128.289980 124.917438 121.544895 118.172353 114.799810 111.427267 108.054725 104.682182 101.309640
555.688076 552.315534 548.942991 545.570449 542.197906 538.825363 535.452821 532.080278 528.707736 525.335193 521.962651 518.590108 515.217565 511.845023 508.472480 505.099938 501.727395 498.354852 494.982310 491.609767 488.237225 431.086963 373.936702 316.786440 259.636179 202.485917 199.113375 195.740832 192.368289 188.995747 185.623204 182.250662 178.878119 175.505576 172.133034 168.760491 165.387949 162.015406 158.642864 155.270321 151.897778 148.525236 145.152693 141.780151 138.407608 135.035065 131.662523 128.289980 124.917438 121.544895 118.172353 114.799810 111.427267 108.054725 104.682182 101.309640
555.688076 552.315534 548.942991 545.570449 542.197906 538.825363 535.452821 532.080278 528.707736 525.335193 521.962651 518.590108 515.217565 511.845023 508.472480 505.099938 501.727395 498.354852 494.982310 491.609767 488.237225 431.086963 373.936702 316.786440 259.636179 202.485917 199.113375 195.740832 192.368289 188.995747 185.623204 182.250662 178.878119 175.505576 172.133034 168.760491 165.387949 162.015406 158.642864 155.270321 151.897778 148.525236 145.152693 141.780151 138.407608 135.035065 131.662523 128.289980 124.917438 121.544895 118.172353 114.799810 111.427267 108.054725 104.682182 101.309640
555.688076 552.315534 548.942991 545.570449 542.197906 538.825363 535.452821 532.080278 528.707736 525.335193 521.962651 518.590108 515.217565 511.845023 508.472480 505.099938 501.727395 498.354852 494.982310 491.609767 488.237225 431.086963 373.936702 316.786440 259.636179 202.485917 199.113375 195.740832 192.368289 188.995747 185.623204 182.250662 178.878119 175.505576 172.133034 168.760491 165.387949 162.015406 158.642864 155.270321 151.897778 148.525236 145.152693 141.780151 138.407608 135.035065 131.662523 128.289980 124.917438 121.544895 118.172353 114.799810 111.427267 108.054725 104.682182 101.309640
555.688076 552.315534 548.942991 545.570449 542.197906 538.825363 535.452821 532.080278 528.707736 525.335193 521.962651 518.590108 515.217565 511.845023 508.472480 505.099938 501.727395 498.354852 494.982310 491.609767 488.237225 431.086963 373.936702 316.786440 259.636179 202.485917 199.113375 195.740832 192.368289 188.995747 185.623204 182.250662 178.878119 175.505576 172.133034 168.760491 165.387949 162.015406 158.642864 155.270321 151.897778 148.525236 145.152693 141.780151 138.407608 135.035065 131.662523 128.289980 124.917438 121.544895 118.172353 114.799810 111.427267 108.054725 104.682182 101.309640
555.688076 552.315534 548.942991 545.570449 542.197906 538.825363 535.452821 532.080278 528.707736 525.335193 521.962651 518.590108 515.217565 511.845023 508.472480 505.099938 501.727395 498.354852 494.982310 491.609767 488.237225 431.086963 373.936702 316.786440 259.636179 202.485917 199.113375 195.740832 192.368289 188.995747 185.623204 182.250662 178.878119 175.505576 172.133034 168.760491 165.387949 162.015406 158.642864 155.270321 151.897778 148.525236 145.152693 141.780151 138.407608 135.035065 131.662523 128.289980 124.917438 121.544895 118.172353 114.799810 111.427267 108.054725 104.682182 101.309640
555.688076 552.315534 548.942991 545.570449 542.197906 538.825363 535.452821 532.080278 528.707736 525.335193 521.962651 518.590108 515.217565 511.845023 508.472480 505.099938 501.727395 498.354852 494.982310 491.609767 488.237225 431.086963 373.936702 316.786440 259.636179 202.485917 199.113375 195.740832 192.368289 188.995747 185.623204 182.250662 178.878119 175.505576 172.133034 168.760491 165.387949 162.015406 158.642864 155.270321 151.897778 148.525236 145.152693 141.780151 138.407608 135.035065 131.662523 128.289980 124.917438 121.544895 118.172353 114.799810 111.427267 108.054725 104.682182 101.309640
555.688076 552.315534 548.942991 545.570449 542.197906 538.825363 535.452821 532.080278 528.707736 525.335193 521.962651 518.590108 515.217565 511.845023 508.472480 505.099938 501.727395 498.354852 494.982310 491.609767 488.237225 431.086963 373.936702 316.786440 259.636179 202.485917 199.113375 195.740832 192.368289 188.995747 185.623204 182.250662 178.878119 175.505576 172.133034 168.760491 165.387949 162.015406 158.642864 155.270321 151.897778 148.525236 145.152693 141.780151 138.407608 135.035065 131.662523 128.289980 124.917438 121.544895 118.172353 114.799810 111.427267 108.054725 104.682182 101.309640
555.688076 552.315534 548.942991 545.570449 542.197906 538.825363 535.452821 532.080278 528.707736 525.335193 521.962651 518.590108 515.217565 511.845023 508.472480 505.099938 501.727395 498.354852 494.982310 491.609767 488.237225 431.086963 373.936702 316.786440 259.636179 202.485917 199.113375 195.740832 192.368289 188.995747 185.623204 182.250662 178.878119 175.505576 172.133034 168.760491 165.387949 162.015406 158.642864 155.270321 151.897778 148.525236 145.152693 141.780151 138.407608 135.035065 131.662523 128.289980 124.917438 121.544895 118.172353 114.799810 111.427267 108.054725 104.682182 101.309640
555.688076 552.315534 548.942991 545.570449 542.197906 538.825363 535.452821 532.080278 528.707736 525.335193 521.962651 518.590108 515.217565 511.845023 508.472480 505.099938 501.727395 498.354852 494.982310 491.609767 488.237225 431.086963 373.936702 316.786440 259.636179 202.485917 199.113375 195.740832 192.368289 188.995747 185.623204 182.250662 178.878119 175.505576 172.133034 168.760491 165.387949 162.015406 158.642864 155.270321 151.897778 148.525236 145.152693 141.780151 138.407608 135.035065 131.662523 128.289980 124.917438 121.544895 118.172353 114.799810 111.427267 108.054725 104.682182 101.309640
