avaframe/data/avaHockeyDrop/Inputs/DEM_HS_Topo.asc
nCols  501
nRows  201
xllcenter  1500.00
yllcenter -4500.00
cellsize  5.00
nodata_value -9999.00
[rows 120 to 143 of 201, columns 224 to 279 of 501]
744.550461 741.177919 737.805376 734.432833 731.060291 727.687748 724.315206 720.942663 717.570120 714.197578 710.825035 707.452493 704.079950 700.707408 697.334865 693.962322 690.589780 687.217237 683.844695 680.472152 677.099609 673.727067 670.354524 666.981982 663.609439 660.236897 656.864354 653.491811 650.119269 646.746726 643.374184 640.001641 636.629098 633.256556 629.884013 626.511471 623.138928 619.766386 616.393843 613.021300 609.648758 606.276215 602.903673 599.531130 596.158587 592.786045 589.413502 586.040960 582.668417 579.295875 575.923332 572.550789 569.178247 565.805704 562.433162 559.060619
744.550461 741.177919 737.805376 734.432833 731.060291 727.687748 724.315206 720.942663 717.570120 714.197578 710.825035 707.452493 704.079950 700.707408 697.334865 693.962322 690.589780 687.217237 683.844695 680.472152 677.099609 673.727067 670.354524 666.981982 663.609439 660.236897 656.864354 653.491811 650.119269 646.746726 643.374184 640.001641 636.629098 633.256556 629.884013 626.511471 623.138928 619.766386 616.393843 613.021300 609.648758 606.276215 602.903673 599.531130 596.158587 592.786045 589.413502 586.040960 582.668417 579.295875 575.923332 572.550789 569.178247 565.805704 562.433162 559.060619
744.550461 741.177919 737.805376 734.432833 731.060291 727.687748 724.315206 720.942663 717.570120 714.197578 710.825035 707.452493 704.079950 700.707408 697.334865 693.962322 690.589780 687.217237 683.844695 680.472152 677.099609 673.727067 670.354524 666.981982 663.609439 660.236897 656.864354 653.491811 650.119269 646.746726 643.374184 640.001641 636.629098 633.256556 629.884013 626.511471 623.138928 619.766386 616.393843 613.021300 609.648758 606.276215 602.903673 599.531130 596.158587 592.786045 589.413502 586.040960 582.668417 579.295875 575.923332 572.550789 569.178247 565.805704 562.433162 559.060619
744.550461 741.177919 737.805376 734.432833 731.060291 727.687748 724.315206 720.942663 717.570120 714.197578 710.825035 707.452493 704.079950 700.707408 697.334865 693.962322 690.589780 687.217237 683.844695 680.472152 677.099609 673.727067 670.354524 666.981982 663.609439 660.236897 656.864354 653.491811 650.119269 646.746726 643.374184 640.001641 636.629098 633.256556 629.884013 626.511471 623.138928 619.766386 616.393843 613.021300 609.648758 606.276215 602.903673 599.531130 596.158587 592.786045 589.413502 586.040960 582.668417 579.295875 575.923332 572.550789 569.178247 565.805704 562.433162 559.060619
744.550461 741.177919 737.805376 734.432833 731.060291 727.687748 724.315206 720.942663 717.570120 714.197578 710.825035 707.452493 704.079950 700.707408 697.334865 693.962322 690.589780 687.217237 683.844695 680.472152 677.099609 673.727067 670.354524 666.981982 663.609439 660.236897 656.864354 653.491811 650.119269 646.746726 643.374184 640.001641 636.629098 633.256556 629.884013 626.511471 623.138928 619.766386 616.393843 613.021300 609.648758 606.276215 602.903673 599.531130 596.158587 592.786045 589.413502 586.040960 582.668417 579.295875 575.923332 572.550789 569.178247 565.805704 562.433162 559.060619
744.550461 741.177919 737.805376 734.432833 731.060291 727.687748 724.315206 720.942663 717.570120 714.197578 710.825035 707.452493 704.079950 700.707408 697.334865 693.962322 690.589780 687.217237 683.844695 680.472152 677.099609 673.727067 670.354524 666.981982 663.609439 660.236897 656.864354 653.491811 650.119269 646.746726 643.374184 640.001641 636.629098 633.256556 629.884013 626.511471 623.138928 619.766386 616.393843 613.021300 609.648758 606.276215 602.903673 599.531130 596.158587 592.786045 589.413502 586.040960 582.668417 579.295875 575.923332 572.550789 569.178247 565.805704 562.433162 559.060619
744.550461 741.177919 737.805376 734.432833 731.060291 727.687748 724.315206 720.942663 717.570120 714.197578 710.825035 707.452493 704.079950 700.707408 697.334865 693.962322 690.589780 687.217237 683.844695 680.472152 677.099609 673.727067 670.354524 666.981982 663.609439 660.236897 656.864354 653.491811 650.119269 646.746726 643.374184 640.001641 636.629098 633.256556 629.884013 626.511471 623.138928 619.766386 616.393843 613.021300 609.648758 606.276215 602.903673 599.531130 596.158587 592.786045 589.413502 586.040960 582.668417 579.295875 575.923332 572.550789 569.178247 565.805704 562.433162 559.060619
744.550461 741.177919 737.805376 734.432833 731.060291 727.687748 724.315206 720.942663 717.570120 714.197578 710.825035 707.452493 704.079950 700.707408 697.334865 693.962322 690.589780 687.217237 683.844695 680.472152 677.099609 673.727067 670.354524 666.981982 663.609439 660.236897 656.864354 653.491811 650.119269 646.746726 643.374184 640.001641 636.629098 633.256556 629.884013 626.511471 623.138928 619.766386 616.393843 613.021300 609.648758 606.276215 602.903673 599.531130 596.158587 592.786045 589.413502 586.040960 582.668417 579.295875 575.923332 572.550789 569.178247 565.805704 562.433162 559.060619
744.550461 741.177919 737.805376 734.432833 731.060291 727.687748 724.315206 720.942663 717.570120 714.197578 710.825035 707.452493 704.079950 700.707408 697.334865 693.962322 690.589780 687.217237 683.844695 680.472152 677.099609 673.727067 670.354524 666.981982 663.609439 660.236897 656.864354 653.491811 650.119269 646.746726 643.374184 640.001641 636.629098 633.256556 629.884013 626.511471 623.138928 619.766386 616.393843 613.021300 609.648758 606.276215 602.903673 599.531130 596.158587 592.786045 589.413502 586.040960 582.668417 579.295875 575.923332 572.550789 569.178247 565.805704 562.433162 559.060619
744.550461 741.177919 737.805376 734.432833 731.060291 727.687748 724.315206 720.942663 717.570120 714.197578 710.825035 707.452493 704.079950 700.707408 697.334865 693.962322 690.589780 687.217237 683.844695 680.472152 677.099609 673.727067 670.354524 666.981982 663.609439 660.236897 656.864354 653.491811 650.119269 646.746726 643.374184 640.001641 636.629098 633.256556 629.884013 626.511471 623.138928 619.766386 616.393843 613.021300 609.648758 606.276215 602.903673 599.531130 596.158587 592.786045 589.413502 586.040960 582.668417 579.295875 575.923332 572.550789 569.178247 565.805704 562.433162 559.060619
744.550461 741.177919 737.805376 734.432833 731.060291 727.687748 724.315206 720.942663 717.570120 714.197578 710.825035 707.452493 704.079950 700.707408 697.334865 693.962322 690.589780 687.217237 683.844695 680.472152 677.099609 673.727067 670.354524 666.981982 663.609439 660.236897 656.864354 653.491811 650.119269 646.746726 643.374184 640.001641 636.629098 633.256556 629.884013 626.511471 623.138928 619.766386 616.393843 613.021300 609.648758 606.276215 602.903673 599.531130 596.158587 592.786045 589.413502 586.040960 582.668417 579.295875 575.923332 572.550789 569.178247 565.805704 562.433162 559.060619
744.550461 741.177919 737.805376 734.432833 731.060291 727.687748 724.315206 720.942663 717.570120 714.197578 710.825035 707.452493 704.079950 700.707408 697.334865 693.962322 690.589780 687.217237 683.844695 680.472152 677.099609 673.727067 670.354524 666.981982 663.609439 660.236897 656.864354 653.491811 650.119269 646.746726 643.374184 640.001641 636.629098 633.256556 629.884013 626.511471 623.138928 619.766386 616.393843 613.021300 609.648758 606.276215 602.903673 599.531130 596.158587 592.786045 589.413502 586.040960 582.668417 579.295875 575.923332 572.550789 569.178247 565.805704 562.433162 559.060619
744.550461 741.177919 737.805376 734.432833 731.060291 727.687748 724.315206 720.942663 717.570120 714.197578 710.825035 707.452493 704.079950 700.707408 697.334865 693.962322 690.589780 687.217237 683.844695 680.472152 677.099609 673.727067 670.354524 666.981982 663.609439 660.236897 656.864354 653.491811 650.119269 646.746726 643.374184 640.001641 636.629098 633.256556 629.884013 626.511471 623.138928 619.766386 616.393843 613.021300 609.648758 606.276215 602.903673 599.531130 596.158587 592.786045 589.413502 586.040960 582.668417 579.295875 575.923332 572.550789 569.178247 565.805704 562.433162 559.060619
744.550461 741.177919 737.805376 734.432833 731.060291 727.687748 724.315206 720.942663 717.570120 714.197578 710.825035 707.452493 704.079950 700.707408 697.334865 693.962322 690.589780 687.217237 683.844695 680.472152 677.099609 673.727067 670.354524 666.981982 663.609439 660.236897 656.864354 653.491811 650.119269 646.746726 643.374184 640.001641 636.629098 633.256556 629.884013 626.511471 623.138928 619.766386 616.393843 613.021300 609.648758 606.276215 602.903673 599.531130 596.158587 592.786045 589.413502 586.040960 582.668417 579.295875 575.923332 572.550789 569.178247 565.805704 562.433162 559.060619
744.550461 741.177919 737.805376 734.432833 731.060291 727.687748 724.315206 720.942663 717.570120 714.197578 710.825035 707.452493 704.079950 700.707408 697.334865 693.962322 690.589780 687.217237 683.844695 680.472152 677.099609 673.727067 670.354524 666.981982 663.609439 660.236897 656.864354 653.491811 650.119269 646.746726 643.374184 640.001641 636.629098 633.256556 629.884013 626.511471 623.138928 619.766386 616.393843 613.021300 609.648758 606.276215 602.903673 599.531130 596.158587 592.786045 589.413502 586.040960 582.668417 579.295875 575.923332 572.550789 569.178247 565.805704 562.433162 559.060619
744.550461 741.177919 737.805376 734.432833 731.060291 727.687748 724.315206 720.942663 717.570120 714.197578 710.825035 707.452493 704.079950 700.707408 697.334865 693.962322 690.589780 687.217237 683.844695 680.472152 677.099609 673.727067 670.354524 666.981982 663.609439 660.236897 656.864354 653.491811 650.119269 646.746726 643.374184 640.001641 636.629098 633.256556 629.884013 626.511471 623.138928 619.766386 616.393843 613.021300 609.648758 606.276215 602.903673 599.531130 596.158587 592.786045 589.413502 586.040960 582.668417 579.295875 575.923332 572.550789 569.178247 565.805704 562.433162 559.060619
744.550461 741.177919 737.805376 734.432833 731.060291 727.687748 724.315206 720.942663 717.570120 714.197578 710.825035 707.452493 704.079950 700.707408 697.334865 693.962322 690.589780 687.217237 683.844695 680.472152 677.099609 673.727067 670.354524 666.981982 663.609439 660.236897 656.864354 653.491811 650.119269 646.746726 643.374184 640.001641 636.629098 633.256556 629.884013 626.511471 623.138928 619.766386 616.393843 613.021300 609.648758 606.276215 602.903673 599.531130 596.158587 592.786045 589.413502 586.040960 582.668417 579.295875 575.923332 572.550789 569.178247 565.805704 562.433162 559.060619
744.550461 741.177919 737.805376 734.432833 731.060291 727.687748 724.315206 720.942663 717.570120 714.197578 710.825035 707.452493 704.079950 700.707408 697.334865 693.962322 690.589780 687.217237 683.844695 680.472152 677.099609 673.727067 670.354524 666.981982 663.609439 660.236897 656.864354 653.491811 650.119269 646.746726 643.374184 640.001641 636.629098 633.256556 629.884013 626.511471 623.138928 619.766386 616.393843 613.021300 609.648758 606.276215 602.903673 599.531130 596.158587 592.786045 589.413502 586.040960 582.668417 579.295875 575.923332 572.550789 569.178247 565.805704 562.433162 559.060619
744.550461 741.177919 737.805376 734.432833 731.060291 727.687748 724.315206 720.942663 717.570120 714.197578 710.825035 707.452493 704.079950 700.707408 697.334865 693.962322 690.589780 687.217237 683.844695 680.472152 677.099609 673.727067 670.354524 666.981982 663.609439 660.236897 656.864354 653.491811 650.119269 646.746726 643.374184 640.001641 636.629098 633.256556 629.884013 626.511471 623.138928 619.766386 616.393843 613.021300 609.648758 606.276215 602.903673 599.531130 596.158587 592.786045 589.413502 586.040960 582.668417 579.295875 575.923332 572.550789 569.178247 565.805704 562.433162 559.060619
744.550461 741.177919 737.805376 734.432833 731.060291 727.687748 724.315206 720.942663 717.570120 714.197578 710.825035 707.452493 704.079950 700.707408 697.334865 693.962322 690.589780 687.217237 683.844695 680.472152 677.099609 673.727067 670.354524 666.981982 663.609439 660.236897 656.864354 653.491811 650.119269 646.746726 643.374184 640.001641 636.629098 633.256556 629.884013 626.511471 623.138928 619.766386 616.393843 613.021300 609.648758 606.276215 602.903673 599.531130 596.158587 592.786045 589.413502 586.040960 582.668417 579.295875 575.923332 572.550789 569.178247 565.805704 562.433162 559.060619
744.550461 741.177919 737.805376 734.432833 731.060291 727.687748 724.315206 720.942663 717.570120 714.197578 710.825035 707.452493 704.079950 700.707408 697.334865 693.962322 690.589780 687.217237 683.844695 680.472152 677.099609 673.727067 670.354524 666.981982 663.609439 660.236897 656.864354 653.491811 650.119269 646.746726 643.374184 640.001641 636.629098 633.256556 629.884013 626.511471 623.138928 619.766386 616.393843 613.021300 609.648758 606.276215 602.903673 599.531130 596.158587 592.786045 589.413502 586.040960 582.668417 579.295875 575.923332 572.550789 569.178247 565.805704 562.433162 559.060619
744.550461 741.177919 737.805376 734.432833 731.060291 727.687748 724.315206 720.942663 717.570120 714.197578 710.825035 707.452493 704.079950 700.707408 697.334865 693.962322 690.589780 687.217237 683.844695 680.472152 677.099609 673.727067 670.354524 666.981982 663.609439 660.236897 656.864354 653.491811 650.119269 646.746726 643.374184 640.001641 636.629098 633.256556 629.884013 626.511471 623.138928 619.766386 616.393843 613.021300 609.648758 606.276215 602.903673 599.531130 596.158587 592.786045 589.413502 586.040960 582.668417 579.295875 575.923332 572.550789 569.178247 565.805704 562.433162 559.060619
744.550461 741.177919 737.805376 734.432833 731.060291 727.687748 724.315206 720.942663 717.570120 714.197578 710.825035 707.452493 704.079950 700.707408 697.334865 693.962322 690.589780 687.217237 683.844695 680.472152 677.099609 673.727067 670.354524 666.981982 663.609439 660.236897 656.864354 653.491811 650.119269 646.746726 643.374184 640.001641 636.629098 633.256556 629.884013 626.511471 623.138928 619.766386 616.393843 613.021300 609.648758 606.276215 602.903673 599.531130 596.158587 592.786045 589.413502 586.040960 582.668417 579.295875 575.923332 572.550789 569.178247 565.805704 562.433162 559.060619
744.550461 741.177919 737.805376 734.432833 731.060291 727.687748 724.315206 720.942663 717.570120 714.197578 710.825035 707.452493 704.079950 700.707408 697.334865 693.962322 690.589780 687.217237 683.844695 680.472152 677.099609 673.727067 670.354524 666.981982 663.609439 660.236897 656.864354 653.491811 650.119269 646.746726 643.374184 640.001641 636.629098 633.256556 629.884013 626.511471 623.138928 619.766386 616.393843 613.021300 609.648758 606.276215 602.903673 599.531130 596.158587 592.786045 589.413502 586.040960 582.668417 579.295875 575.923332 572.550789 569.178247 565.805704 562.433162 559.060619
