avaframe/data/avaGar/Inputs/avaGar.asc
ncols        520
nrows        387
xllcorner    247320.745355148159
yllcorner    350703.354088656604
cellsize     4.997678230579
NODATA_value  -9999
[rows 63 to 83 of 387, columns 96 to 143 of 520]
2310.06591796875 2300.462890625 2297.10595703125 2304.136962890625 2306.594970703125 2296.929931640625 2292.2080078125 2286.868896484375 2280.614013671875 2279.054931640625 2274.923095703125 2271.487060546875 2269.135009765625 2265.258056640625 2261.60205078125 2258.77392578125 2251.902099609375 2249.47998046875 2257.735107421875 2263.751953125 2273.680908203125 2273.001953125 2265.10888671875 2258.818115234375 2252.466064453125 2255.215087890625 2260.10400390625 2254.447998046875 2248.30810546875 2245.347900390625 2243.72705078125 2246.361083984375 2253.7080078125 2263.197021484375 2269.822021484375 2253.00390625 2277.794921875 2275.23095703125 2267.02001953125 2255.7080078125 2257.98095703125 2270.1298828125 2265.0380859375 2260.404052734375 2257.9990234375 2255.81396484375 2251.93798828125 2246.888916015625
2299.431884765625 2293.73193359375 2291.5390625 2296.577880859375 2296.81591796875 2292.922119140625 2291.4150390625 2286.428955078125 2277.054931640625 2272.323974609375 2271.865966796875 2268.02490234375 2265.345947265625 2262.2099609375 2257.179931640625 2253.330078125 2250 2246.712890625 2248.343017578125 2254.2900390625 2254.27197265625 2249.947021484375 2253.126953125 2247.452880859375 2247.20703125 2248.968994140625 2252.906982421875 2249.779052734375 2245.408935546875 2241.22509765625 2239.241943359375 2244 2252.553955078125 2257.7958984375 2250.590087890625 2245.68310546875 2248.18505859375 2249.20703125 2248.9599609375 2251.00390625 2255.550048828125 2261.0830078125 2264.200927734375 2261.451904296875 2258.66796875 2254.72998046875 2250.8720703125 2246.18505859375
2296.05810546875 2292.181884765625 2287.697998046875 2291.47705078125 2291.212890625 2284.12890625 2284.54296875 2278.10302734375 2274.367919921875 2270.367919921875 2268.35888671875 2264.66796875 2261.382080078125 2259.77001953125 2255.593994140625 2251.10888671875 2247.18896484375 2243.919921875 2240.739990234375 2248.219970703125 2247.02197265625 2244.819091796875 2243.972900390625 2242.76611328125 2241.69189453125 2246.572021484375 2248.9599609375 2248.863037109375 2244.4580078125 2237.638916015625 2235.093017578125 2243.718017578125 2249.81396484375 2243.89404296875 2239.18896484375 2240.52001953125 2243.89404296875 2242.625 2243.72705078125 2248.123046875 2255.488037109375 2261.6201171875 2263.08203125 2261.047119140625 2257.452880859375 2253.928955078125 2249.699951171875 2245.294921875
2287.76806640625 2285.548095703125 2282.1650390625 2280.156005859375 2278.0419921875 2276.297119140625 2273.556884765625 2270.218994140625 2268.138916015625 2264.1220703125 2261.426025390625 2257.72607421875 2255.4970703125 2255.575927734375 2251.339111328125 2245.23291015625 2240.714111328125 2237.56005859375 2238.705078125 2240.81103515625 2239.736083984375 2238.705078125 2237.77099609375 2236.39697265625 2239.6298828125 2242.3349609375 2245.012939453125 2242.123046875 2234.7490234375 2229.75390625 2229.75390625 2244 2246.333984375 2238.009033203125 2229.93896484375 2236.14111328125 2238.79296875 2236.300048828125 2241.718017578125 2247.23291015625 2256.64208984375 2262.702880859375 2263.055908203125 2258.89697265625 2254.1669921875 2253.60302734375 2249.4619140625 2245.048095703125
2283.93603515625 2281.327880859375 2279.60107421875 2276.376953125 2273.6279296875 2271.97998046875 2269.778076171875 2266.43896484375 2263.469970703125 2257.822998046875 2257.25 2255.14501953125 2250.76611328125 2250.925048828125 2248.85400390625 2243.965087890625 2239.1630859375 2234.73193359375 2232.85498046875 2235.3310546875 2234.8369140625 2233.666015625 2231.471923828125 2230.864013671875 2229.083984375 2230.987060546875 2231.780029296875 2232.1240234375 2227.508056640625 2226.195068359375 2234.158935546875 2235.700927734375 2223.701904296875 2225.22607421875 2230.1240234375 2226.37109375 2232.14990234375 2235.3310546875 2244.02587890625 2251.5849609375 2256.491943359375 2254.553955078125 2256.8798828125 2249.135986328125 2247.93798828125 2248.652099609375 2244.39599609375 2240.0791015625
2282.279052734375 2279.090087890625 2276.156005859375 2273.654052734375 2270.305908203125 2267.56689453125 2265.5048828125 2261.73388671875 2257.637939453125 2254.077880859375 2253.673095703125 2251.488037109375 2248.501953125 2245.612060546875 2243.23291015625 2240.916015625 2237.823974609375 2233.48095703125 2228.784912109375 2229.9130859375 2229.39306640625 2227.48095703125 2226.56494140625 2225.929931640625 2224.044921875 2223.12890625 2225.375 2222.9169921875 2221.464111328125 2221.341064453125 2222.458984375 2220.802978515625 2217.137939453125 2221.95703125 2220.75 2219.297119140625 2219.51708984375 2220.486083984375 2219.701904296875 2216.89990234375 2232.591064453125 2233.798095703125 2240.916015625 2242.52001953125 2238.22900390625 2244.281982421875 2242.087890625 2239.2509765625
2279.847900390625 2276.243896484375 2274.280029296875 2270.47412109375 2267.680908203125 2264.64208984375 2260.14794921875 2258.114013671875 2255.364990234375 2252.193115234375 2251.092041015625 2248.361083984375 2245.743896484375 2243.52392578125 2240.819091796875 2238.406005859375 2234.6259765625 2231.51611328125 2227.75390625 2225.885986328125 2223.366943359375 2221.7099609375 2222.044921875 2222.028076171875 2220.3798828125 2218.301025390625 2215.5869140625 2213.98388671875 2214.125 2210.054931640625 2211.137939453125 2212.52197265625 2211.509033203125 2211.9140625 2211.112060546875 2219.297119140625 2215.930908203125 2213.243896484375 2212.43408203125 2212.406982421875 2214.468994140625 2216.777099609375 2220.282958984375 2229.81591796875 2232.071044921875 2241.330078125 2237.81494140625 2235.498046875
2277.883056640625 2274.5 2271.222900390625 2268.10400390625 2265.39892578125 2262.64208984375 2259.18798828125 2254.324951171875 2251.302978515625 2248.968994140625 2248.94189453125 2245.52392578125 2243.5859375 2240.99609375 2238.35302734375 2236.158935546875 2233.929931640625 2230.77587890625 2227.10205078125 2223.9130859375 2222.406005859375 2220.159912109375 2218.090087890625 2217.68408203125 2216.679931640625 2215.464111328125 2213.261962890625 2211.35009765625 2211.156005859375 2208.450927734375 2206.716064453125 2207.9140625 2207.156005859375 2207.64111328125 2207.05908203125 2212.3369140625 2212.177978515625 2209.791015625 2208.697998046875 2208.998046875 2210.847900390625 2213.279052734375 2216.39794921875 2218.18701171875 2220.85595703125 2224.159912109375 2225.77197265625 2228.837890625
2276.032958984375 2272.5 2269.10791015625 2266.2099609375 2263.011962890625 2259.93701171875 2257.735107421875 2255.5849609375 2251.531982421875 2248.968994140625 2247.4619140625 2244.14111328125 2241.093017578125 2238.554931640625 2235.903076171875 2233.471923828125 2231.594970703125 2229.77197265625 2227.1201171875 2222.837890625 2219.886962890625 2218.115966796875 2215.676025390625 2214.028076171875 2213.137939453125 2212.23095703125 2210.618896484375 2208.468994140625 2207.534912109375 2206.054931640625 2202.116943359375 2203.4208984375 2203.31494140625 2203.47412109375 2202.787109375 2208.548095703125 2208.001953125 2206.512939453125 2204.35498046875 2204.89208984375 2206.89208984375 2209.763916015625 2212.970947265625 2214.0458984375 2217.886962890625 2219.12890625 2222.43310546875 2226.486083984375
2272.032958984375 2270.007080078125 2267.25 2263.971923828125 2261.197021484375 2257.875 2254.9951171875 2252.659912109375 2249.673095703125 2247.056884765625 2243.89404296875 2242.27294921875 2239.154052734375 2236.485107421875 2233.77099609375 2231.22509765625 2228.89111328125 2226.926025390625 2225.402099609375 2222.52099609375 2218.3798828125 2215.31396484375 2213.322998046875 2210.70703125 2209.5439453125 2208.116943359375 2207.02392578125 2205.77294921875 2204.1259765625 2202.72509765625 2199.2099609375 2199.236083984375 2199.113037109375 2199.077880859375 2198.672119140625 2204.716064453125 2203.587890625 2203.032958984375 2200.0380859375 2200.258056640625 2202.4609375 2205.923095703125 2209.4560546875 2208.592041015625 2211.464111328125 2215.508056640625 2220.072021484375 2224.010009765625
2269.4609375 2266.39501953125 2264.68603515625 2262.077880859375 2258.659912109375 2256.10498046875 2252.888916015625 2250.31689453125 2247.69091796875 2247.012939453125 2243.14501953125 2239.18896484375 2237.780029296875 2234.554931640625 2231.48095703125 2229.217041015625 2226.56494140625 2224.3359375 2222.2041015625 2220.784912109375 2217.72802734375 2213.8779296875 2210.927001953125 2208.548095703125 2206.214111328125 2204.487060546875 2203.2451171875 2201.77294921875 2200.962890625 2199.412109375 2196.927978515625 2193.8798828125 2194.89306640625 2194.804931640625 2194.27587890625 2200.26708984375 2196.962890625 2198.320068359375 2196.320068359375 2196.25 2198.5400390625 2201.677001953125 2202.27587890625 2203.174072265625 2208.196044921875 2213.74609375 2217.56103515625 2221.34912109375
2266.236083984375 2263.55810546875 2261.373046875 2259.153076171875 2256.31591796875 2253.64697265625 2250.844970703125 2247.947021484375 2245.154052734375 2244.950927734375 2242.37890625 2238.696044921875 2234.58203125 2231.842041015625 2229.427978515625 2226.617919921875 2224.573974609375 2221.991943359375 2219.824951171875 2217.8779296875 2216.715087890625 2213.587890625 2209.68505859375 2206.531005859375 2203.81689453125 2201.236083984375 2199.800048828125 2198.31103515625 2197.306884765625 2196.091064453125 2193.949951171875 2190.681884765625 2190.742919921875 2190.426025390625 2189.764892578125 2192.382080078125 2192.240966796875 2191.535888671875 2191.8798828125 2191.7119140625 2194.549072265625 2196.091064453125 2196.927978515625 2199.8701171875 2207.8349609375 2210.618896484375 2214.76806640625 2219.33203125
2264.571044921875 2260.131103515625 2258.262939453125 2255.866943359375 2253.346923828125 2250.9599609375 2248.6689453125 2246.009033203125 2243.197998046875 2242.97802734375 2240.485107421875 2237.929931640625 2234.431884765625 2231.69189453125 2227.8330078125 2224.06298828125 2220.47705078125 2219.72802734375 2217.447021484375 2215.428955078125 2213.552001953125 2212.27490234375 2209.412109375 2205.199951171875 2201.77294921875 2199.14794921875 2196.717041015625 2194.840087890625 2193.597900390625 2192.98095703125 2191.095947265625 2188.0390625 2186.259033203125 2185.906005859375 2186.0029296875 2188.56689453125 2187.625 2187.01708984375 2187.5810546875 2187.175048828125 2188.655029296875 2191.008056640625 2192.320068359375 2196.153076171875 2201.738037109375 2207.676025390625 2213.56103515625 2218.864990234375
2263.169921875 2260.166015625 2255.919921875 2253.011962890625 2249.8759765625 2247.445068359375 2246.034912109375 2243.6650390625 2240.987060546875 2240.492919921875 2238.4580078125 2235.718994140625 2232.68798828125 2230.01806640625 2227.2080078125 2224.468017578125 2220.592041015625 2216.35400390625 2215.22607421875 2213.02392578125 2211.02392578125 2209.27099609375 2207.623046875 2204.89208984375 2200.698974609375 2197.218994140625 2194.47900390625 2191.843994140625 2190.0029296875 2189.281005859375 2188.0029296875 2185.844970703125 2182.02099609375 2181.572021484375 2181.8720703125 2184.575927734375 2184.1708984375 2183.123046875 2183.405029296875 2183.01708984375 2184.4970703125 2186.5849609375 2188.593994140625 2197.66796875 2203.007080078125 2208.9619140625 2214.406982421875 2216.548095703125
2260.756103515625 2257.215087890625 2254.466064453125 2251.568115234375 2248.201904296875 2242.93408203125 2241.841064453125 2241.083984375 2239.056884765625 2238.37890625 2236.158935546875 2233.136962890625 2230.758056640625 2227.781005859375 2225.375 2222.2919921875 2219.43798828125 2215.799072265625 2211.738037109375 2210.716064453125 2208.618896484375 2206.35498046875 2204.81298828125 2202.76904296875 2199.85302734375 2196.135009765625 2192.673095703125 2189.659912109375 2187.114013671875 2185.572021484375 2184.39990234375 2182.902099609375 2180.489013671875 2177.739990234375 2177.696044921875 2180.7880859375 2180.47998046875 2179.9951171875 2179.2900390625 2178.85888671875 2180.531982421875 2181.48388671875 2183.343017578125 2192.284912109375 2204.1259765625 2209.64111328125 2209.719970703125 2211.5439453125
2260.65087890625 2255.81396484375 2251.910888671875 2249.215087890625 2246.0791015625 2241.303955078125 2237.761962890625 2237.462890625 2236.343994140625 2236.3349609375 2233.322021484375 2231.013916015625 2228.264892578125 2225.471923828125 2222.89111328125 2220.363037109375 2218.635986328125 2215.60498046875 2211.366943359375 2207.02392578125 2206.054931640625 2203.6669921875 2201.64111328125 2199.720947265625 2197.993896484375 2195.376953125 2191.175048828125 2187.801025390625 2184.804931640625 2182.4619140625 2180.98193359375 2179.510009765625 2177.85400390625 2174.8330078125 2173.14111328125 2177.615966796875 2176.718017578125 2176.277099609375 2175.263916015625 2175.096923828125 2176.285888671875 2176.8759765625 2179.06103515625 2182.00390625 2203.9580078125 2205.14794921875 2204.239990234375 2204.52197265625
2256.360107421875 2250.1669921875 2248.422119140625 2246.916015625 2244.47607421875 2241.55908203125 2237.409912109375 2233.498046875 2231.69189453125 2234.325927734375 2231.322021484375 2228.77587890625 2226.3798828125 2223.093994140625 2220.7939453125 2218.10693359375 2215.97509765625 2213.833984375 2211.10302734375 2207.403076171875 2202.945068359375 2201.43896484375 2199.3330078125 2196.98095703125 2195.06005859375 2193.139892578125 2190.593994140625 2186.751953125 2183.114013671875 2180.215087890625 2177.94189453125 2176.216064453125 2174.708984375 2172.674072265625 2170.056884765625 2173.8369140625 2173.22900390625 2172.576904296875 2171.1669921875 2171.194091796875 2171.59912109375 2172.867919921875 2175.56396484375 2180.330078125 2197.236083984375 2198.6640625 2196.302001953125 2198.47900390625
2249.31201171875 2246.652099609375 2245.364990234375 2243.7529296875 2241.867919921875 2239.498046875 2237.031005859375 2232.784912109375 2228.8291015625 2231.75390625 2229.577880859375 2226.635009765625 2224.257080078125 2221.570068359375 2218.4951171875 2215.861083984375 2213.799072265625 2211.48193359375 2209.199951171875 2206.47802734375 2203.47412109375 2199.156982421875 2196.2939453125 2194.43505859375 2192.382080078125 2190.452880859375 2188.506103515625 2186.126953125 2182.23291015625 2178.470947265625 2175.64306640625 2173.5458984375 2171.5380859375 2169.968994140625 2167.59912109375 2169.722900390625 2169.4580078125 2168.867919921875 2167.943115234375 2167.35302734375 2166.180908203125 2169.1240234375 2179.783935546875 2181.361083984375 2184.673095703125 2187.077880859375 2187.218994140625 2185.77392578125
2246.94189453125 2243.947021484375 2242.361083984375 2240.73095703125 2239.278076171875 2237.0400390625 2234.678955078125 2231.98291015625 2228.343994140625 2227.68408203125 2226.9169921875 2224.873046875 2222.326904296875 2219.614013671875 2216.93603515625 2214.239990234375 2211.2529296875 2208.56591796875 2206.654052734375 2204.29296875 2202.214111328125 2199.633056640625 2195.2451171875 2191.958984375 2190.055908203125 2187.757080078125 2185.7041015625 2183.659912109375 2181.27197265625 2177.537109375 2173.906982421875 2171.39599609375 2169.176025390625 2166.903076171875 2165.18603515625 2165.554931640625 2165.58203125 2165.281982421875 2164.322021484375 2163.5029296875 2162.904052734375 2165.467041015625 2166.532958984375 2171.845947265625 2173.0791015625 2180.47998046875 2181.6689453125 2177.819091796875
2244.537109375 2241.8330078125 2239.761962890625 2237.89501953125 2236.2470703125 2234.3349609375 2232.239013671875 2230.010009765625 2227.455078125 2224.14208984375 2223.217041015625 2221.95703125 2219.72802734375 2217.322998046875 2215.068115234375 2211.967041015625 2209.412109375 2206.50390625 2204.177978515625 2202.18798828125 2199.825927734375 2198.10791015625 2194.927978515625 2191.22802734375 2187.510009765625 2185.22802734375 2183.008056640625 2180.805908203125 2178.779052734375 2176.52392578125 2172.928955078125 2169.30908203125 2167.096923828125 2164.912109375 2162.155029296875 2163.1240234375 2161.635009765625 2161.3798828125 2160.340087890625 2160.1640625 2158.287109375 2158.8330078125 2157.9169921875 2158.947998046875 2161.547119140625 2172.699951171875 2171.8369140625 2167.30908203125
2242.30810546875 2239.9560546875 2237.489013671875 2235.365966796875 2233.375 2231.427978515625 2229.656982421875 2227.489990234375 2225.198974609375 2224.089111328125 2219.824951171875 2217.886962890625 2216.35400390625 2214.89990234375 2212.777099609375 2209.80810546875 2207.208984375 2205.007080078125 2202.73388671875 2200.029052734375 2197.262939453125 2195.281005859375 2193.262939453125 2190.822998046875 2186.902099609375 2182.955078125 2179.65087890625 2178.20703125 2175.85400390625 2173.968994140625 2171.705078125 2168.1279296875 2164.72705078125 2162.52490234375 2160.10205078125 2160.384033203125 2158.577880859375 2157.662109375 2157.0009765625 2156.155029296875 2153.864990234375 2154.251953125 2154.006103515625 2154.31396484375 2155.388916015625 2156.631103515625 2158.77197265625 2163.06201171875
