avaframe/data/avaGar/Inputs/avaGar.asc
ncols        520
nrows        387
xllcorner    247320.745355148159
yllcorner    350703.354088656604
cellsize     4.997678230579
NODATA_value  -9999
[rows 42 to 62 of 387, columns 144 to 191 of 520]
2271.4609375 2268.614990234375 2265.680908203125 2262.8359375 2259.779052734375 2256.924072265625 2254.343017578125 2251.612060546875 2248.652099609375 2245.822998046875 2243.031005859375 2239.93798828125 2237.0400390625 2233.876953125 2231.111083984375 2227.966064453125 2224.944091796875 2221.843017578125 2218.802978515625 2215.72900390625 2212.741943359375 2209.719970703125 2206.785888671875 2203.77294921875 2200.909912109375 2197.97607421875 2195.077880859375 2192.178955078125 2189.404052734375 2186.56689453125 2183.863037109375 2181.034912109375 2178.241943359375 2175.501953125 2172.780029296875 2170.083984375 2167.3701171875 2164.97412109375 2162.69189453125 2160.384033203125 2158.56005859375 2156.85107421875 2155.10693359375 2153.1689453125 2151.177001953125 2149.39794921875 2146.455078125 2142.948974609375
2270.385986328125 2267.31103515625 2264.376953125 2261.43505859375 2258.535888671875 2255.488037109375 2252.6689453125 2249.81396484375 2247.506103515625 2244.467041015625 2241.445068359375 2238.68798828125 2235.8330078125 2232.926025390625 2230.7939453125 2227.64794921875 2224.617919921875 2221.64892578125 2218.626953125 2215.341064453125 2212.381103515625 2209.447021484375 2206.39892578125 2203.429931640625 2200.64599609375 2197.72998046875 2194.902099609375 2192.0380859375 2189.18408203125 2186.39111328125 2183.659912109375 2180.928955078125 2178.06591796875 2175.386962890625 2172.708984375 2169.943115234375 2167.264892578125 2164.77099609375 2162.39306640625 2160.05810546875 2158.180908203125 2156.666015625 2154.843017578125 2152.701904296875 2150.868896484375 2148.51708984375 2145.319091796875 2141.60107421875
2269.531005859375 2266.535888671875 2263.444091796875 2260.281005859375 2257.382080078125 2254.39599609375 2251.452880859375 2248.47509765625 2245.593994140625 2242.943115234375 2240.44091796875 2237.43603515625 2234.47607421875 2231.68310546875 2230.044921875 2226.882080078125 2223.666015625 2220.715087890625 2217.72802734375 2215.031982421875 2211.98388671875 2208.5830078125 2205.60595703125 2202.70703125 2199.89697265625 2197.094970703125 2194.39892578125 2191.60693359375 2188.85791015625 2186.06494140625 2183.343017578125 2180.55908203125 2177.76611328125 2175.132080078125 2172.409912109375 2169.677978515625 2167.177001953125 2164.675048828125 2162.304931640625 2159.7060546875 2157.9169921875 2155.926025390625 2153.89111328125 2151.988037109375 2150.39404296875 2147.4951171875 2143.760009765625 2140.72900390625
2268.35107421875 2265.549072265625 2262.68603515625 2259.62890625 2256.597900390625 2253.575927734375 2250.5810546875 2247.593994140625 2244.554931640625 2241.55908203125 2238.783935546875 2236.2119140625 2233.6298828125 2230.714111328125 2228.697021484375 2225.7099609375 2222.784912109375 2219.868896484375 2216.93603515625 2214.090087890625 2211.19091796875 2208.10791015625 2204.81298828125 2201.87890625 2199.138916015625 2196.2939453125 2193.56298828125 2190.840087890625 2188.2060546875 2185.466064453125 2182.822998046875 2180.1630859375 2177.510986328125 2174.736083984375 2172.0400390625 2169.37890625 2166.7890625 2164.287109375 2161.907958984375 2159.52099609375 2157.406005859375 2155.10693359375 2153.06298828125 2150.991943359375 2148.74609375 2146.0849609375 2143.363037109375 2140.7470703125
2267.178955078125 2264.2890625 2261.593994140625 2258.659912109375 2255.7080078125 2252.76611328125 2249.7529296875 2246.844970703125 2243.780029296875 2240.951904296875 2238.052978515625 2235.1279296875 2232.2470703125 2229.427978515625 2227.656982421875 2224.8291015625 2222.010009765625 2219.031982421875 2216.09912109375 2212.927001953125 2209.9140625 2207.05908203125 2204.1259765625 2201.236083984375 2198.426025390625 2195.571044921875 2192.673095703125 2190.0029296875 2187.368896484375 2184.77001953125 2182.162109375 2179.60693359375 2176.928955078125 2174.330078125 2171.68701171875 2169.096923828125 2166.56005859375 2164.118896484375 2161.660888671875 2159.326904296875 2157.15087890625 2154.904052734375 2152.7099609375 2150.56103515625 2148.199951171875 2145.75 2143.5390625 2141.258056640625
2266.298095703125 2263.426025390625 2260.527099609375 2257.62890625 2254.721923828125 2251.83203125 2248.85400390625 2245.903076171875 2242.97802734375 2240.10595703125 2237.20703125 2234.300048828125 2231.427978515625 2228.530029296875 2226.60888671875 2223.72802734375 2220.9619140625 2218.053955078125 2215.33203125 2212.47802734375 2209.39404296875 2206.487060546875 2203.632080078125 2200.85693359375 2197.94091796875 2195.02490234375 2192.135009765625 2189.4130859375 2186.735107421875 2184.0390625 2181.43994140625 2178.9560546875 2176.31298828125 2173.77490234375 2171.219970703125 2168.708984375 2166.260009765625 2163.873046875 2161.468017578125 2159.1240234375 2156.966064453125 2154.675048828125 2152.570068359375 2150.366943359375 2148.0849609375 2146.02392578125 2143.81201171875 2142.1298828125
2265.55810546875 2262.739013671875 2259.875 2257.047119140625 2254.0869140625 2251.179931640625 2248.201904296875 2244.906982421875 2241.7890625 2238.9599609375 2236.1240234375 2233.35693359375 2230.60009765625 2227.860107421875 2225.613037109375 2222.821044921875 2219.947998046875 2217.173095703125 2214.35400390625 2211.56103515625 2208.777099609375 2205.985107421875 2203.174072265625 2200.426025390625 2197.465087890625 2194.43505859375 2191.782958984375 2189.077880859375 2186.3740234375 2183.659912109375 2181.0791015625 2178.60302734375 2175.968994140625 2173.492919921875 2171.009033203125 2168.551025390625 2166.093017578125 2163.669921875 2161.387939453125 2159.0009765625 2156.798095703125 2154.533935546875 2152.366943359375 2150.2880859375 2148.297119140625 2146.260986328125 2144.464111328125 2142.781005859375
2264.764892578125 2262.095947265625 2259.52294921875 2256.757080078125 2253.989990234375 2251.23291015625 2247.85009765625 2244.2548828125 2240.47607421875 2237.68310546875 2234.9609375 2232.30908203125 2229.69189453125 2226.93505859375 2225.013916015625 2222.2041015625 2219.455078125 2216.654052734375 2213.799072265625 2211.006103515625 2208.23095703125 2205.48193359375 2202.72509765625 2199.967041015625 2197.033935546875 2194.214111328125 2191.51904296875 2188.804931640625 2186.117919921875 2183.51904296875 2180.98193359375 2178.302978515625 2175.77490234375 2173.300048828125 2170.823974609375 2168.347900390625 2165.943115234375 2163.722900390625 2161.511962890625 2159.097900390625 2156.72802734375 2154.54296875 2152.43701171875 2150.2880859375 2148.3759765625 2146.72900390625 2145.196044921875 2143.7509765625
2263.85791015625 2261.72607421875 2259.117919921875 2256.625 2254.131103515625 2251.4619140625 2248.114013671875 2244.528076171875 2239.876953125 2236.406005859375 2233.85888671875 2231.26904296875 2228.52099609375 2225.929931640625 2224.2919921875 2221.533935546875 2218.837890625 2216.15087890625 2213.403076171875 2210.679931640625 2207.97607421875 2205.2451171875 2202.487060546875 2199.738037109375 2196.822021484375 2194.2060546875 2191.5009765625 2188.822998046875 2186.18798828125 2183.60693359375 2180.972900390625 2178.408935546875 2175.76611328125 2173.219970703125 2170.761962890625 2168.365966796875 2166.02197265625 2163.635009765625 2161.326904296875 2159.239013671875 2156.7099609375 2154.402099609375 2152.446044921875 2150.35791015625 2148.98388671875 2147.81201171875 2147.0810546875 2145.573974609375
2263.06494140625 2261.178955078125 2258.801025390625 2256.45703125 2254.070068359375 2251.179931640625 2248.008056640625 2244.361083984375 2239.52392578125 2235.93896484375 2233.675048828125 2230.9609375 2227.552001953125 2224.68798828125 2223.31396484375 2220.759033203125 2218.212890625 2215.639892578125 2212.91796875 2210.3369140625 2207.632080078125 2205.0419921875 2202.381103515625 2199.48291015625 2196.6279296875 2193.89697265625 2191.18408203125 2188.611083984375 2186.030029296875 2183.448974609375 2180.797119140625 2178.18896484375 2175.528076171875 2172.9208984375 2170.532958984375 2168.180908203125 2165.93408203125 2163.5029296875 2161.239013671875 2159.27392578125 2156.842041015625 2154.718994140625 2152.930908203125 2151.115966796875 2149.89111328125 2149.530029296875 2148.824951171875 2147.556884765625
2262.2099609375 2260.572021484375 2258.589111328125 2256.095947265625 2254.18408203125 2251.073974609375 2247.52392578125 2243.638916015625 2239.31298828125 2236.3701171875 2234.529052734375 2231.9130859375 2228.3798828125 2224.530029296875 2222.10693359375 2219.631103515625 2217.297119140625 2214.777099609375 2212.257080078125 2209.799072265625 2207.27099609375 2204.716064453125 2202.0380859375 2199.218994140625 2196.39892578125 2193.597900390625 2190.884033203125 2188.2939453125 2185.7919921875 2183.24609375 2180.62109375 2177.97802734375 2175.009033203125 2172.347900390625 2170.056884765625 2167.81103515625 2165.60791015625 2163.529052734375 2161.256103515625 2159.264892578125 2157.0009765625 2154.9130859375 2153.089111328125 2152.34912109375 2151.388916015625 2150.7109375 2149.64501953125 2148.824951171875
2261.751953125 2259.822998046875 2258.131103515625 2255.841064453125 2254.22802734375 2250.4580078125 2247.445068359375 2242.889892578125 2239.26904296875 2237.22509765625 2235.93896484375 2234.158935546875 2230.14990234375 2225.2080078125 2220.988037109375 2218.125 2215.824951171875 2213.74609375 2211.447021484375 2209.156005859375 2206.76904296875 2204.451904296875 2201.825927734375 2199.094970703125 2196.31103515625 2193.748046875 2190.902099609375 2188.35595703125 2186.14501953125 2183.51904296875 2181.0869140625 2178.674072265625 2175.299072265625 2172.2509765625 2169.925048828125 2167.714111328125 2165.864013671875 2163.889892578125 2162.577880859375 2160.384033203125 2157.18603515625 2155.282958984375 2153.8291015625 2153.3798828125 2153.406005859375 2152.39306640625 2151.134033203125 2150.31396484375
2260.8798828125 2259.884033203125 2257.5849609375 2255.23291015625 2253.43505859375 2250.333984375 2246.712890625 2242.881103515625 2239.867919921875 2238.202880859375 2236.85498046875 2234.16796875 2228.97900390625 2224.73193359375 2221.279052734375 2217.552001953125 2214.1689453125 2211.825927734375 2210.3369140625 2208.134033203125 2206.10791015625 2203.97607421875 2201.791015625 2199.87890625 2196.43505859375 2194.197021484375 2191.14794921875 2188.60302734375 2186.284912109375 2184.0830078125 2182.012939453125 2180.1630859375 2177.343017578125 2174.4619140625 2172.532958984375 2169.739990234375 2167.56396484375 2166.155029296875 2164.14599609375 2162.823974609375 2158.35791015625 2156.552001953125 2155.759033203125 2155.9609375 2156.075927734375 2154.508056640625 2153.344970703125 2152.639892578125
2259.910888671875 2258.615966796875 2256.986083984375 2254.65087890625 2252.052001953125 2249.656005859375 2246.132080078125 2243.00390625 2240.39599609375 2239.1279296875 2236.080078125 2231.31298828125 2227.489990234375 2223.631103515625 2220.944091796875 2217.0849609375 2213.243896484375 2209.930908203125 2208.27490234375 2206.654052734375 2204.875 2203.166015625 2201.2890625 2199.0859375 2197.298095703125 2194.5048828125 2191.826904296875 2189.580078125 2187.31591796875 2184.910888671875 2182.804931640625 2181.193115234375 2179.008056640625 2176.110107421875 2174.68310546875 2171.77490234375 2169.18505859375 2167.291015625 2165.60009765625 2164.569091796875 2160.675048828125 2159.2119140625 2158.81591796875 2158.569091796875 2157.802978515625 2156.639892578125 2155.362060546875 2154.419921875
2257.25 2255.743896484375 2254.634033203125 2252.93310546875 2250.237060546875 2247.7529296875 2245.074951171875 2243.0830078125 2241.612060546875 2238.943115234375 2233.876953125 2229.860107421875 2225.98291015625 2222.053955078125 2219.77197265625 2216.01904296875 2212.344970703125 2209.43798828125 2207.64111328125 2206.672119140625 2204.9189453125 2203.076904296875 2201.7470703125 2200.214111328125 2197.596923828125 2194.81298828125 2192.531982421875 2190.469970703125 2188.240966796875 2185.572021484375 2184.18896484375 2182.575927734375 2180.43603515625 2177.906982421875 2175.8720703125 2173.467041015625 2170.885009765625 2169.2119140625 2167.547119140625 2166.576904296875 2162.89501953125 2162.083984375 2162.427978515625 2161.256103515625 2160.0048828125 2159.4150390625 2158.375 2157.56494140625
2254.06103515625 2251.25 2249.1708984375 2248.2109375 2247.8759765625 2245.498046875 2243.1630859375 2241.23291015625 2240.009033203125 2236.59912109375 2232.89892578125 2228.99609375 2225.02294921875 2220.882080078125 2218.212890625 2214.388916015625 2211.833984375 2209.923095703125 2208.319091796875 2206.7509765625 2205.738037109375 2204.29296875 2202.89208984375 2201.18310546875 2198.222900390625 2195.6240234375 2193.27197265625 2191.193115234375 2188.637939453125 2187.131103515625 2185.712890625 2183.863037109375 2181.721923828125 2179.0791015625 2177.176025390625 2175.802001953125 2172.85009765625 2170.929931640625 2169.76708984375 2168.798095703125 2165.3701171875 2165.10595703125 2165.009033203125 2163.926025390625 2162.631103515625 2161.99609375 2161.010009765625 2159.722900390625
2250.757080078125 2247.506103515625 2245.39208984375 2244.238037109375 2244.467041015625 2242.758056640625 2239.929931640625 2237.798095703125 2236.678955078125 2235.06591796875 2231.97412109375 2228.097900390625 2224.089111328125 2219.9130859375 2216.548095703125 2213.930908203125 2211.85205078125 2210.010986328125 2209.156005859375 2207.967041015625 2206.847900390625 2205.587890625 2203.931884765625 2201.535888671875 2198.72509765625 2196.337890625 2194.2939453125 2192.222900390625 2189.85400390625 2188.215087890625 2186.7080078125 2184.919921875 2183.466064453125 2180.805908203125 2178.489013671875 2176.5859375 2174.427001953125 2173.27294921875 2172.532958984375 2171.300048828125 2167.52001953125 2167.18505859375 2166.39208984375 2165.485107421875 2163.943115234375 2163.4150390625 2161.969970703125 2161.802001953125
2248.492919921875 2244.73095703125 2242 2240.194091796875 2239.62109375 2238.925048828125 2236.510986328125 2234.22900390625 2233.031005859375 2232.37890625 2230.678955078125 2227.013916015625 2223.075927734375 2219.093994140625 2215.98388671875 2213.7900390625 2212.115966796875 2210.91796875 2209.930908203125 2209.006103515625 2208.610107421875 2206.610107421875 2204.18798828125 2201.22705078125 2198.583984375 2196.875 2195.094970703125 2192.840087890625 2190.840087890625 2189.14892578125 2187.615966796875 2186.240966796875 2184.69091796875 2182.85791015625 2180.673095703125 2178.20703125 2176.23291015625 2175.48388671875 2173.968994140625 2173.300048828125 2169.85498046875 2168.9560546875 2168.23388671875 2166.47998046875 2165.406005859375 2164.427978515625 2163.93408203125 2164.303955078125
2245.60302734375 2241.903076171875 2238.864013671875 2236.73095703125 2235.532958984375 2235.216064453125 2233.85107421875 2231.0048828125 2229.43701171875 2228.802001953125 2228.73193359375 2225.922119140625 2222.257080078125 2218.97900390625 2216.26611328125 2214.626953125 2213.050048828125 2212.06298828125 2211.1650390625 2209.9140625 2208.389892578125 2206.50390625 2203.77294921875 2200.85693359375 2198.840087890625 2197.113037109375 2195.306884765625 2193.113037109375 2191.8359375 2190.117919921875 2188.126953125 2187.218994140625 2185.72998046875 2184.048095703125 2182.5849609375 2179.422119140625 2177.986083984375 2177.52001953125 2176.72705078125 2175.739990234375 2172.6650390625 2170.656005859375 2169.448974609375 2167.845947265625 2167.009033203125 2166.074951171875 2166.294921875 2166.409912109375
2243.9560546875 2240.35302734375 2236.9609375 2233.823974609375 2232.291015625 2230.943115234375 2230.547119140625 2227.35791015625 2225.552001953125 2225.111083984375 2225.577880859375 2224.3798828125 2221.718994140625 2219.464111328125 2217.19091796875 2215.472900390625 2214.283935546875 2212.52197265625 2210.52197265625 2208.618896484375 2206.945068359375 2205.208984375 2203.35888671875 2200.822021484375 2198.98095703125 2196.487060546875 2195.466064453125 2194.47900390625 2192.72607421875 2190.407958984375 2188.93701171875 2187.712890625 2185.76611328125 2183.9951171875 2181.721923828125 2181.2548828125 2180.117919921875 2179 2178.048095703125 2177.176025390625 2174.241943359375 2172.365966796875 2170.965087890625 2169.325927734375 2167.9609375 2167.943115234375 2168.427001953125 2168.35693359375
2243.761962890625 2239.39208984375 2235.427978515625 2231.81591796875 2228.802001953125 2226.740966796875 2225.34912109375 2223.675048828125 2221.860107421875 2221.464111328125 2221.657958984375 2221.9130859375 2221.217041015625 2218.846923828125 2217.56103515625 2215.112060546875 2213.10302734375 2211.02392578125 2208.81298828125 2206.9619140625 2204.7509765625 2203.113037109375 2202.302001953125 2201.0419921875 2198.989990234375 2197.14794921875 2195.658935546875 2194.541015625 2193.131103515625 2191.31591796875 2189.888916015625 2188.10888671875 2185.958984375 2183.826904296875 2183.721923828125 2182.4970703125 2180.964111328125 2179.925048828125 2178.885009765625 2177.712890625 2175.4580078125 2173.81103515625 2172.4619140625 2170.6650390625 2169.79296875 2169.696044921875 2170.049072265625 2170.02197265625
