avaframe/data/avaGar/Inputs/avaGar.asc
ncols        520
nrows        387
xllcorner    247320.745355148159
yllcorner    350703.354088656604
cellsize     4.997678230579
NODATA_value  -9999
[rows 252 to 272 of 387, columns 384 to 431 of 520]
1256.4019775390625 1256.18896484375 1255.9000244140625 1256.1280517578125 1255.762939453125 1255.4439697265625 1255.093994140625 1254.8199462890625 1254.4549560546875 1254.029052734375 1253.60400390625 1253.2080078125 1252.843017578125 1252.4019775390625 1251.9610595703125 1251.428955078125 1250.9580078125 1250.698974609375 1250.5009765625 1250.10595703125 1249.7110595703125 1249.300048828125 1249.010986328125 1248.843994140625 1248.7979736328125 1248.677001953125 1248.5849609375 1248.114013671875 1247.7030029296875 1250.2889404296875 1245.9090576171875 1245.9090576171875 1249.31494140625 1247.0040283203125 1246.2440185546875 1245.8480224609375 1245.5439453125 1245.301025390625 1245.0880126953125 1244.844970703125 1244.2669677734375 1244.4189453125 1244.008056640625 1243.2330322265625 1242.68505859375 1242.3199462890625 1242.4730224609375 1242.4420166015625
1255.6409912109375 1255.6109619140625 1255.3680419921875 1255.52001953125 1255.155029296875 1254.7900390625 1254.4549560546875 1254.1209716796875 1253.739990234375 1253.3599853515625 1252.9949951171875 1252.5999755859375 1252.113037109375 1251.4749755859375 1250.8060302734375 1250.3489990234375 1250.10595703125 1249.9239501953125 1249.7559814453125 1249.467041015625 1248.9959716796875 1248.615966796875 1248.3570556640625 1248.1600341796875 1247.9320068359375 1247.6429443359375 1247.3990478515625 1247.0340576171875 1247.094970703125 1249.3759765625 1247.0340576171875 1244.6929931640625 1248.342041015625 1247.050048828125 1245.60498046875 1245.2860107421875 1245.0579833984375 1244.8289794921875 1244.6319580078125 1244.448974609375 1243.8409423828125 1243.75 1243.2330322265625 1242.9129638671875 1242.4420166015625 1242.137939453125 1242.3509521484375 1242.137939453125
1254.8809814453125 1254.7900390625 1254.5460205078125 1254.6070556640625 1254.22705078125 1253.876953125 1253.5279541015625 1253.2080078125 1252.8580322265625 1252.4169921875 1251.7939453125 1251.01904296875 1250.364990234375 1250.0150146484375 1249.7259521484375 1249.43701171875 1249.27001953125 1249.10302734375 1248.7679443359375 1248.4029541015625 1248.0379638671875 1247.6729736328125 1247.35400390625 1246.9429931640625 1246.3349609375 1245.7869873046875 1245.7569580078125 1245.8790283203125 1245.8790283203125 1246.822021484375 1248.4029541015625 1244.2060546875 1245.301025390625 1246.9429931640625 1245.0269775390625 1244.7530517578125 1244.5250244140625 1244.3280029296875 1244.220947265625 1243.81103515625 1242.989990234375 1242.89794921875 1242.5489501953125 1242.4720458984375 1242.260009765625 1242.0770263671875 1242.0469970703125 1242.16796875
1254.1810302734375 1254.1510009765625 1253.9840087890625 1254.135986328125 1253.7559814453125 1253.3909912109375 1253.0870361328125 1252.737060546875 1252.2349853515625 1251.458984375 1250.6839599609375 1250.0909423828125 1249.802001953125 1249.4830322265625 1249.1629638671875 1248.8740234375 1248.615966796875 1248.387939453125 1248.1290283203125 1247.81005859375 1247.3389892578125 1246.927978515625 1246.39599609375 1245.666015625 1245.362060546875 1245.1180419921875 1244.47998046875 1244.510009765625 1245.3919677734375 1246.822021484375 1246.2130126953125 1243.0810546875 1246.5479736328125 1244.6929931640625 1244.281982421875 1244.0240478515625 1243.81103515625 1243.385009765625 1243.9930419921875 1242.7159423828125 1242.532958984375 1242.3809814453125 1242.1080322265625 1242.0469970703125 1242.0009765625 1241.77294921875 1241.8489990234375 1241.7120361328125
1253.511962890625 1253.467041015625 1253.4210205078125 1253.6639404296875 1253.31494140625 1252.9949951171875 1252.5999755859375 1251.9610595703125 1251.1400146484375 1250.3800048828125 1249.9239501953125 1249.5889892578125 1249.2550048828125 1248.9200439453125 1248.5699462890625 1248.281005859375 1247.947021484375 1247.6729736328125 1247.3389892578125 1246.9429931640625 1246.39599609375 1245.8179931640625 1244.7230224609375 1243.6590576171875 1243.8709716796875 1243.780029296875 1243.262939453125 1242.7769775390625 1244.2359619140625 1244.9659423828125 1246.3349609375 1242.593994140625 1244.844970703125 1244.387939453125 1243.780029296875 1243.4759521484375 1242.928955078125 1243.8709716796875 1243.9320068359375 1242.7769775390625 1242.3509521484375 1242.2900390625 1241.925048828125 1241.9549560546875 1241.6820068359375 1241.56005859375 1241.468994140625 1241.134033203125
1252.8740234375 1252.781982421875 1252.81298828125 1253.2540283203125 1252.8740234375 1252.4169921875 1251.656982421875 1250.8060302734375 1250.0760498046875 1249.696044921875 1249.345947265625 1249.010986328125 1248.70703125 1248.31201171875 1247.97705078125 1247.626953125 1247.2779541015625 1246.85205078125 1246.2130126953125 1245.5140380859375 1244.906005859375 1244.114990234375 1242.4420166015625 1242.4119873046875 1242.625 1242.89794921875 1242.4720458984375 1242.3199462890625 1242.5030517578125 1244.2359619140625 1244.4189453125 1244.2359619140625 1242.0469970703125 1243.9630126953125 1243.1419677734375 1242.7159423828125 1242.532958984375 1241.468994140625 1241.3780517578125 1241.3470458984375 1242.3509521484375 1242.137939453125 1241.2860107421875 1241.072998046875 1240.967041015625 1240.8609619140625 1240.64794921875 1240.43505859375
1252.2650146484375 1252.113037109375 1251.9310302734375 1252.6910400390625 1252.0980224609375 1251.322998046875 1250.4410400390625 1249.863037109375 1249.4520263671875 1249.10302734375 1248.7530517578125 1248.373046875 1247.97705078125 1247.6429443359375 1247.3079833984375 1246.8819580078125 1246.426025390625 1245.635009765625 1244.7530517578125 1243.4759521484375 1243.385009765625 1242.8680419921875 1242.56396484375 1242.4119873046875 1242.2900390625 1242.3199462890625 1242.137939453125 1242.0770263671875 1242.0159912109375 1243.385009765625 1243.2330322265625 1244.2060546875 1241.3170166015625 1243.2330322265625 1242.137939453125 1241.77294921875 1241.77294921875 1241.6209716796875 1241.4990234375 1241.362060546875 1241.2559814453125 1241.1500244140625 1241.04296875 1240.93701171875 1240.8299560546875 1240.708984375 1240.5870361328125 1240.47998046875
1251.6419677734375 1251.383056640625 1251.0179443359375 1251.5660400390625 1250.927001953125 1250.1669921875 1249.7110595703125 1249.2550048828125 1248.8289794921875 1248.47900390625 1248.0679931640625 1247.7030029296875 1247.3079833984375 1246.9580078125 1246.5780029296875 1246.092041015625 1245.239990234375 1243.323974609375 1243.02001953125 1242.7769775390625 1242.56396484375 1242.365966796875 1242.2900390625 1242.22900390625 1242.16796875 1241.9549560546875 1241.89501953125 1241.8790283203125 1241.802978515625 1242.16796875 1242.4730224609375 1242.2900390625 1242.22900390625 1241.6209716796875 1241.7430419921875 1241.6820068359375 1241.5909423828125 1241.4990234375 1241.407958984375 1241.1650390625 1240.7080078125 1240.343994140625 1240.404052734375 1240.43505859375 1240.7080078125 1240.7080078125 1240.5870361328125 1240.404052734375
1250.988037109375 1250.637939453125 1250.2889404296875 1250.56201171875 1250.06103515625 1249.5889892578125 1249.133056640625 1248.677001953125 1248.2509765625 1247.824951171875 1247.4300537109375 1247.0340576171875 1246.6390380859375 1246.2740478515625 1245.7569580078125 1244.93603515625 1243.1109619140625 1242.958984375 1242.7159423828125 1242.7159423828125 1242.198974609375 1242.16796875 1242.1070556640625 1242.16796875 1241.9549560546875 1241.7120361328125 1241.6820068359375 1241.6510009765625 1241.6209716796875 1241.77294921875 1241.802978515625 1241.77294921875 1241.6820068359375 1241.6510009765625 1241.6209716796875 1241.4990234375 1240.8909912109375 1239.7960205078125 1238.9139404296875 1238.761962890625 1238.7320556640625 1238.6710205078125 1238.5799560546875 1238.51904296875 1238.4580078125 1238.4429931640625 1238.39697265625 1238.366943359375
1250.2889404296875 1249.9539794921875 1249.740966796875 1249.968994140625 1249.5279541015625 1249.0870361328125 1248.615966796875 1248.1290283203125 1247.6429443359375 1247.2020263671875 1246.791015625 1246.364990234375 1245.8179931640625 1245.3310546875 1244.6619873046875 1243.9320068359375 1242.89794921875 1242.625 1241.6510009765625 1241.5899658203125 1241.5909423828125 1241.574951171875 1241.833984375 1242.16796875 1242.137939453125 1241.6209716796875 1241.56005859375 1241.5140380859375 1241.530029296875 1241.6209716796875 1241.635986328125 1241.6209716796875 1241.5909423828125 1241.1650390625 1240.0699462890625 1239.0660400390625 1239.0360107421875 1239.0050048828125 1238.9139404296875 1238.7320556640625 1238.7010498046875 1238.6409912109375 1238.5799560546875 1238.5489501953125 1238.488037109375 1238.4580078125 1238.366943359375 1238.39697265625
1249.7110595703125 1249.4830322265625 1249.2239990234375 1249.43701171875 1249.0570068359375 1248.5550537109375 1248.083984375 1247.552001953125 1247.094970703125 1246.5780029296875 1246.1829833984375 1245.4830322265625 1245.0579833984375 1244.510009765625 1244.008056640625 1243.5069580078125 1242.7459716796875 1241.6510009765625 1241.4990234375 1241.56005859375 1241.4990234375 1241.43798828125 1241.43798828125 1242.0770263671875 1241.5909423828125 1241.56005859375 1241.4990234375 1241.468994140625 1241.3929443359375 1241.4990234375 1241.468994140625 1241.43798828125 1240.3740234375 1239.218017578125 1239.18798828125 1239.112060546875 1239.0660400390625 1239.156982421875 1240.4649658203125 1240.404052734375 1240.31298828125 1240.237060546875 1240.2220458984375 1239.9329833984375 1240.0999755859375 1240.1920166015625 1240.1309814453125 1240.0999755859375
1250.3189697265625 1249.43701171875 1248.9200439453125 1248.9659423828125 1248.5550537109375 1248.008056640625 1247.52099609375 1247.0340576171875 1246.45703125 1246.031005859375 1245.4830322265625 1244.2359619140625 1243.81103515625 1243.8409423828125 1243.35400390625 1243.446044921875 1243.1109619140625 1241.4990234375 1241.407958984375 1241.3780517578125 1241.43798828125 1241.4990234375 1241.3170166015625 1241.530029296875 1241.56005859375 1241.4990234375 1241.530029296875 1241.3170166015625 1241.2860107421875 1241.3780517578125 1241.012939453125 1239.4310302734375 1239.279052734375 1239.279052734375 1239.2490234375 1240.4959716796875 1240.8299560546875 1240.8299560546875 1240.5870361328125 1240.404052734375 1240.282958984375 1240.1920166015625 1240.0699462890625 1239.947998046875 1240.0699462890625 1240.009033203125 1239.886962890625 1239.97900390625
1246.6390380859375 1247.3990478515625 1248.70703125 1248.373046875 1247.947021484375 1247.4599609375 1246.989013671875 1246.426025390625 1245.9239501953125 1245.4530029296875 1245.0269775390625 1244.14501953125 1243.1259765625 1243.262939453125 1243.323974609375 1243.323974609375 1243.02001953125 1241.5909423828125 1241.407958984375 1241.530029296875 1241.6510009765625 1241.5909423828125 1241.302001953125 1241.2860107421875 1241.530029296875 1241.407958984375 1241.2860107421875 1241.1949462890625 1240.4649658203125 1240.64794921875 1239.4010009765625 1239.3399658203125 1239.3399658203125 1240.404052734375 1240.9820556640625 1241.0279541015625 1240.677978515625 1240.47998046875 1240.282958984375 1240.176025390625 1240.1309814453125 1240.0699462890625 1240.0699462890625 1239.9940185546875 1240.009033203125 1240.009033203125 1239.7659912109375 1239.64404296875
1245.8480224609375 1245.696044921875 1246.1219482421875 1248.052978515625 1247.3690185546875 1246.822021484375 1246.3349609375 1245.8790283203125 1245.362060546875 1244.875 1244.47998046875 1244.083984375 1242.928955078125 1242.928955078125 1243.2020263671875 1243.1109619140625 1241.5909423828125 1241.468994140625 1241.530029296875 1241.4990234375 1241.530029296875 1241.5140380859375 1241.3780517578125 1241.56005859375 1241.3780517578125 1241.2559814453125 1241.5909423828125 1239.675048828125 1239.4620361328125 1239.4620361328125 1239.4010009765625 1239.52197265625 1240.9820556640625 1240.9520263671875 1240.8609619140625 1240.5560302734375 1240.3590087890625 1240.251953125 1240.176025390625 1240.0999755859375 1240.0999755859375 1240.0699462890625 1240.009033203125 1239.97900390625 1239.9940185546875 1239.947998046875 1239.6739501953125 1239.5830078125
1245.8179931640625 1245.468017578125 1245.239990234375 1246.3349609375 1246.45703125 1246.1219482421875 1245.696044921875 1245.178955078125 1244.6619873046875 1244.2669677734375 1244.0240478515625 1243.446044921875 1242.68505859375 1242.625 1242.68505859375 1241.5909423828125 1241.468994140625 1241.56005859375 1241.5450439453125 1241.530029296875 1241.5140380859375 1241.468994140625 1241.5909423828125 1241.407958984375 1241.2559814453125 1241.2860107421875 1239.64404296875 1239.5830078125 1239.5830078125 1239.4620361328125 1240.1920166015625 1241.04296875 1240.9210205078125 1240.81494140625 1240.4959716796875 1240.3590087890625 1240.251953125 1240.1610107421875 1240.0699462890625 1240.0550537109375 1240.009033203125 1240.009033203125 1240.009033203125 1239.97900390625 1239.947998046875 1239.8570556640625 1239.675048828125 1239.5989990234375
1245.6510009765625 1245.4530029296875 1245.3160400390625 1245.362060546875 1245.7569580078125 1245.3919677734375 1244.9969482421875 1244.448974609375 1244.053955078125 1243.68896484375 1243.68896484375 1242.532958984375 1242.532958984375 1242.625 1242.0159912109375 1241.4990234375 1241.530029296875 1241.5909423828125 1241.56005859375 1241.5140380859375 1241.3780517578125 1241.6510009765625 1241.407958984375 1241.2860107421875 1241.10400390625 1239.7960205078125 1239.7349853515625 1239.64404296875 1240.9520263671875 1241.10400390625 1241.072998046875 1240.8609619140625 1240.6319580078125 1240.4649658203125 1240.3740234375 1240.282958984375 1240.14599609375 1240.0699462890625 1240.0240478515625 1240.009033203125 1239.9940185546875 1240.0400390625 1239.9630126953125 1239.91796875 1239.97900390625 1239.8570556640625 1239.7049560546875 1239.614013671875
1245.5439453125 1245.4830322265625 1245.60498046875 1245.574951171875 1244.387939453125 1244.571044921875 1244.2359619140625 1243.8409423828125 1243.4759521484375 1242.7769775390625 1242.5179443359375 1242.56396484375 1242.5179443359375 1242.4420166015625 1242.198974609375 1241.56005859375 1241.5909423828125 1241.468994140625 1241.407958984375 1241.530029296875 1241.56005859375 1241.43798828125 1241.3170166015625 1241.072998046875 1239.8570556640625 1239.7960205078125 1239.7960205078125 1241.1650390625 1241.072998046875 1241.04296875 1240.739013671875 1240.60205078125 1240.4959716796875 1240.3590087890625 1240.2220458984375 1240.1309814453125 1240.0999755859375 1240.0699462890625 1240.0400390625 1240.0400390625 1240.009033203125 1239.97900390625 1239.91796875 1239.9630126953125 1239.947998046875 1239.8570556640625 1239.7349853515625 1239.675048828125
1245.5899658203125 1245.696044921875 1245.4830322265625 1245.0579833984375 1243.81103515625 1243.4150390625 1243.4759521484375 1243.2330322265625 1243.1719970703125 1242.532958984375 1242.655029296875 1242.593994140625 1242.4119873046875 1242.3050537109375 1242.1080322265625 1241.925048828125 1241.530029296875 1241.43798828125 1241.43798828125 1241.468994140625 1241.4990234375 1241.468994140625 1241.2259521484375 1239.947998046875 1239.947998046875 1239.91796875 1241.2259521484375 1241.1190185546875 1240.9210205078125 1240.8299560546875 1240.6629638671875 1240.5260009765625 1240.3590087890625 1240.2220458984375 1240.1920166015625 1240.1309814453125 1240.14599609375 1240.1610107421875 1240.114990234375 1240.0699462890625 1239.9940185546875 1239.91796875 1239.97900390625 1239.97900390625 1239.97900390625 1239.947998046875 1239.8570556640625 1239.7960205078125
1245.72705078125 1245.696044921875 1244.571044921875 1244.114990234375 1243.1109619140625 1243.050048828125 1242.989990234375 1242.89794921875 1242.8370361328125 1242.56396484375 1242.488037109375 1242.4420166015625 1242.4119873046875 1242.2900390625 1242.0770263671875 1241.864013671875 1241.77294921875 1241.6820068359375 1241.56005859375 1241.6209716796875 1241.864013671875 1241.1650390625 1240.009033203125 1239.97900390625 1239.947998046875 1241.1949462890625 1241.10400390625 1240.8909912109375 1240.739013671875 1240.7239990234375 1240.5260009765625 1240.3590087890625 1240.282958984375 1240.2679443359375 1240.251953125 1240.251953125 1240.2220458984375 1240.176025390625 1240.1309814453125 1240.0550537109375 1240.009033203125 1239.947998046875 1239.947998046875 1240.0240478515625 1240.0400390625 1239.9940185546875 1239.886962890625 1239.7659912109375
1245.7869873046875 1245.0880126953125 1244.448974609375 1243.718994140625 1243.2020263671875 1243.0810546875 1242.8680419921875 1242.5789794921875 1242.56396484375 1242.4720458984375 1242.4720458984375 1242.4119873046875 1242.3809814453125 1242.56396484375 1241.925048828125 1241.802978515625 1241.6820068359375 1241.697021484375 1241.7430419921875 1241.802978515625 1240.800048828125 1240.1309814453125 1240.0400390625 1239.97900390625 1241.407958984375 1241.240966796875 1241.012939453125 1240.7850341796875 1240.64794921875 1240.5870361328125 1240.4649658203125 1240.404052734375 1240.3590087890625 1240.343994140625 1240.3280029296875 1240.31298828125 1240.2220458984375 1240.1610107421875 1240.0849609375 1240.0400390625 1239.9940185546875 1239.97900390625 1240.0550537109375 1240.0699462890625 1240.0699462890625 1240.009033203125 1239.842041015625 1239.7049560546875
1245.4530029296875 1244.571044921875 1243.9930419921875 1243.81103515625 1243.323974609375 1242.989990234375 1242.6700439453125 1242.4420166015625 1242.3809814453125 1242.3199462890625 1242.4119873046875 1242.3509521484375 1242.137939453125 1241.9859619140625 1241.864013671875 1241.802978515625 1241.833984375 1241.9549560546875 1241.925048828125 1240.8609619140625 1240.20703125 1240.1920166015625 1240.1920166015625 1241.468994140625 1241.302001953125 1241.072998046875 1240.9520263671875 1240.739013671875 1240.6629638671875 1240.5570068359375 1240.4959716796875 1240.4649658203125 1240.4649658203125 1240.3890380859375 1240.31298828125 1240.2679443359375 1240.1610107421875 1240.1309814453125 1240.0699462890625 1240.0550537109375 1240.0400390625 1240.0849609375 1240.0699462890625 1240.1309814453125 1240.1610107421875 1239.9940185546875 1239.91796875 1239.91796875
