avaframe/data/avaGar/Inputs/avaGar.asc
ncols        520
nrows        387
xllcorner    247320.745355148159
yllcorner    350703.354088656604
cellsize     4.997678230579
NODATA_value  -9999
[rows 0 to 20 of 387, columns 96 to 143 of 520]
-9999 -9999 -9999 -9999 -9999 -9999 -9999 -9999 -9999 -9999 -9999 -9999 -9999 -9999 -9999 -9999 -9999 -9999 -9999 -9999 -9999 -9999 -9999 -9999 -9999 -9999 -9999 -9999 -9999 -9999 -9999 -9999 -9999 -9999 -9999 -9999 -9999 -9999 -9999 -9999 -9999 -9999 -9999 -9999 -9999 -9999 -9999 -9999
-9999 -9999 -9999 -9999 -9999 -9999 -9999 -9999 -9999 -9999 -9999 -9999 -9999 -9999 -9999 -9999 -9999 -9999 -9999 -9999 -9999 -9999 -9999 -9999 -9999 -9999 -9999 -9999 -9999 -9999 -9999 -9999 -9999 -9999 -9999 -9999 -9999 -9999 -9999 -9999 -9999 -9999 -9999 -9999 -9999 -9999 -9999 -9999
-9999 -9999 -9999 -9999 -9999 -9999 -9999 -9999 -9999 -9999 -9999 -9999 -9999 -9999 -9999 -9999 -9999 -9999 -9999 -9999 -9999 -9999 -9999 -9999 -9999 -9999 -9999 -9999 -9999 -9999 -9999 -9999 -9999 -9999 -9999 -9999 -9999 -9999 -9999 -9999 -9999 -9999 -9999 -9999 -9999 -9999 2399.178955078125 2395.52294921875
-9999 -9999 -9999 -9999 -9999 -9999 -9999 -9999 -9999 -9999 -9999 -9999 -9999 -9999 -9999 -9999 -9999 -9999 -9999 -9999 -9999 -9999 -9999 -9999 -9999 -9999 -9999 -9999 -9999 -9999 -9999 -9999 -9999 -9999 -9999 -9999 2432.613037109375 2440.594970703125 2434.54296875 2431.89990234375 2425.239013671875 2417.741943359375 2414.781982421875 2412.076904296875 2406.218994140625 2400.968017578125 2396.281005859375 2392.537109375
-9999 -9999 -9999 -9999 -9999 -9999 -9999 -9999 -9999 -9999 -9999 -9999 -9999 -9999 -9999 -9999 -9999 -9999 -9999 -9999 -9999 -9999 -9999 -9999 -9999 -9999 -9999 2518.37890625 2498.39794921875 2477.68505859375 2460.18896484375 2456.22412109375 2449.696044921875 2442.81494140625 2437.343994140625 2430.798095703125 2415.072998046875 2425.5390625 2417.212890625 2421.626953125 2417.3720703125 2413.029052734375 2410.156982421875 2410.1298828125 2401.135009765625 2397.364990234375 2393.346923828125 2388.299072265625
-9999 -9999 -9999 -9999 -9999 -9999 -9999 -9999 -9999 -9999 -9999 -9999 -9999 -9999 -9999 -9999 -9999 2489.22705078125 2496.846923828125 2505.446044921875 2495.9130859375 2524.677978515625 2545.029052734375 2546.22705078125 2536.095947265625 2526.51904296875 2508.264892578125 2501.569091796875 2489.174072265625 2464.3291015625 2454.550048828125 2447.034912109375 2439.8291015625 2433.035888671875 2422.403076171875 2398.200927734375 2387.743896484375 2403.902099609375 2406.367919921875 2404.19189453125 2403.337890625 2407.35498046875 2405.487060546875 2406.781982421875 2400.571044921875 2396.02490234375 2388.361083984375 2373.427978515625
-9999 -9999 -9999 -9999 -9999 -9999 -9999 2523.321044921875 2509.10205078125 2495.614013671875 2475.077880859375 2469.89697265625 2468.84912109375 2469.033935546875 2472.7958984375 2485.3330078125 2477.094970703125 2488.2919921875 2498.7060546875 2488.302001953125 2509.806884765625 2537.72607421875 2547.39892578125 2540.68603515625 2533.742919921875 2516.5458984375 2509.0048828125 2503.304931640625 2490.9619140625 2463.033935546875 2446.708984375 2432.031982421875 2418.19091796875 2394.070068359375 2384.3701171875 2377.638916015625 2378.625 2385.60302734375 2386.51904296875 2389.117919921875 2392.7041015625 2397.742919921875 2401.85791015625 2404.87890625 2400.2099609375 2395.840087890625 2368.76708984375 2359.14697265625
2598.126953125 2588.241943359375 2583.114990234375 2576.97412109375 2547.425048828125 2536.7119140625 2534.625 2518.60791015625 2502.486083984375 2492.72412109375 2470.636962890625 2465.93310546875 2465.052001953125 2464.779052734375 2470.804931640625 2469.77392578125 2472.68994140625 2478.583984375 2479.825927734375 2504.2119140625 2529.39990234375 2540.597900390625 2542.509033203125 2540.466064453125 2519.092041015625 2514.5458984375 2505.8330078125 2500.678955078125 2461.844970703125 2437.76708984375 2417.302001953125 2401.549072265625 2382.634033203125 2376.52001953125 2374.47607421875 2373.198974609375 2374.97802734375 2380.554931640625 2383.85009765625 2387.947021484375 2392.1669921875 2396.491943359375 2400.818115234375 2403.072998046875 2399.47900390625 2392.405029296875 2359.508056640625 2338.116943359375
2594.85009765625 2588.154052734375 2581.387939453125 2572.173095703125 2551.865966796875 2523.154052734375 2524.219970703125 2515.197998046875 2495.60498046875 2477.094970703125 2459.281005859375 2462.259033203125 2461.22802734375 2460.7080078125 2463.8798828125 2463.324951171875 2465.430908203125 2471.80908203125 2490.9970703125 2518.8720703125 2543.284912109375 2544.02490234375 2532.422119140625 2515.507080078125 2511.093017578125 2507.48095703125 2499.322998046875 2454.14501953125 2424.948974609375 2408.949951171875 2394.968017578125 2384.4580078125 2373.798095703125 2371.885986328125 2371.118896484375 2368.77587890625 2373.155029296875 2378.8369140625 2383.2509765625 2387.866943359375 2391.681884765625 2398.31591796875 2401.2060546875 2401.636962890625 2399.636962890625 2394.201904296875 2339.6240234375 2324.179931640625
2595.659912109375 2591.123046875 2586.718017578125 2580.532958984375 2560.2529296875 2519.743896484375 2505.18994140625 2502.837890625 2489.35888671875 2457.5458984375 2456.00390625 2458.531982421875 2457.466064453125 2457.01708984375 2458.656005859375 2458.885009765625 2463.281005859375 2472.513916015625 2506.678955078125 2526.950927734375 2538.368896484375 2522.64306640625 2510.27392578125 2475.376953125 2477.56201171875 2460.541015625 2436.675048828125 2425.282958984375 2422.235107421875 2410.948974609375 2396.9150390625 2376.431884765625 2371.02197265625 2368.424072265625 2365.577880859375 2365.375 2370.653076171875 2379.083984375 2382.6689453125 2385.699951171875 2387.760986328125 2395.52294921875 2392.986083984375 2399.259033203125 2397.85791015625 2368.256103515625 2331.93310546875 2308.903076171875
2598.699951171875 2592.092041015625 2584.98193359375 2578.93896484375 2558.403076171875 2528.782958984375 2505.34912109375 2490.785888671875 2475.985107421875 2454.126953125 2452.4619140625 2454.797119140625 2453.844970703125 2453.10498046875 2454.89404296875 2454.990966796875 2462.2939453125 2492.830078125 2517.154052734375 2523.22412109375 2514.39697265625 2478.443115234375 2474.962890625 2451.27294921875 2438.798095703125 2434.304931640625 2429.7939453125 2426.014892578125 2422.93994140625 2416.799072265625 2389.339111328125 2373.507080078125 2369.06689453125 2365.781005859375 2362.282958984375 2361.2958984375 2367.823974609375 2375.77099609375 2377.947021484375 2380.943115234375 2376.343994140625 2386.696044921875 2385.22412109375 2381.912109375 2368.951904296875 2352.635986328125 2340.72509765625 2306.110107421875
2600.117919921875 2592.06591796875 2584.049072265625 2576.136962890625 2549.865966796875 2513.347900390625 2504.864013671875 2491.9580078125 2465.39599609375 2450.532958984375 2449.01806640625 2451.009033203125 2450.330078125 2449.492919921875 2449.510986328125 2451.68701171875 2459.544921875 2499.98291015625 2510.27392578125 2500.715087890625 2478.760009765625 2467.491943359375 2443.864013671875 2438.656982421875 2436.35791015625 2432.718994140625 2428.52490234375 2423.68896484375 2417.212890625 2398.306884765625 2378.705078125 2374.009033203125 2369.06689453125 2363.51611328125 2359.781005859375 2357.833984375 2361.7900390625 2369.5419921875 2373.98291015625 2375.5419921875 2371.3310546875 2366.4150390625 2372.943115234375 2366.458984375 2357.60498046875 2349.81689453125 2340.196044921875 2299.35302734375
2595.2548828125 2593.888916015625 2581.616943359375 2575.264892578125 2535.611083984375 2518.3349609375 2502.873046875 2493.181884765625 2455.881103515625 2449.943115234375 2445.219970703125 2447.58203125 2446.568115234375 2445.291015625 2445.758056640625 2448.375 2460.62890625 2475.47412109375 2473.87890625 2479.22705078125 2454.903076171875 2447.405029296875 2441.5380859375 2435.133056640625 2431.37109375 2429.988037109375 2423.635986328125 2415.512939453125 2403.822021484375 2391.4970703125 2376.325927734375 2373.56005859375 2369.51611328125 2363.013916015625 2358.115966796875 2353.72900390625 2351.74609375 2362.44189453125 2368.16796875 2364.16796875 2360.01904296875 2357.2080078125 2348.283935546875 2339.8701171875 2338.531005859375 2332.2060546875 2321.31591796875 2299.802001953125
2588.048095703125 2594.72607421875 2585.02587890625 2562.489990234375 2535.22412109375 2522.881103515625 2498.159912109375 2490.3720703125 2457.695068359375 2451.845947265625 2442.93896484375 2444.26904296875 2442.64794921875 2441.58203125 2442.05810546875 2447.114990234375 2450.64697265625 2452.39208984375 2452.972900390625 2453.881103515625 2448.708984375 2444.876953125 2434.991943359375 2429.4150390625 2425.715087890625 2424.534912109375 2415.29296875 2401.593017578125 2383.718017578125 2374.291015625 2372.37890625 2371.111083984375 2367.675048828125 2363.31396484375 2357.74609375 2352.450927734375 2346.839111328125 2356.548095703125 2359.886962890625 2355.35009765625 2351.905029296875 2348.010986328125 2341.35009765625 2326.9990234375 2322.179931640625 2306.823974609375 2303.968994140625 2300.85107421875
2585.343994140625 2584.110107421875 2541.9541015625 2536.3330078125 2514.73095703125 2497.7900390625 2479.14794921875 2456.39990234375 2447.89892578125 2440.0048828125 2436.966064453125 2439.096923828125 2437.907958984375 2438.3310546875 2441.73193359375 2446.9208984375 2445.696044921875 2444.805908203125 2434.552001953125 2428.51708984375 2411.6279296875 2424.701904296875 2419.115966796875 2417.91796875 2411.345947265625 2384.22900390625 2379.761962890625 2375.498046875 2375.498046875 2371.462890625 2368.071044921875 2366.572998046875 2366.080078125 2361.419921875 2356.81201171875 2350.3720703125 2345.64990234375 2349.3759765625 2353.97509765625 2350.3369140625 2344.778076171875 2341.5 2333.614990234375 2326.531982421875 2319.986083984375 2308.5419921875 2305.281982421875 2301.873046875
2577.68798828125 2551.73291015625 2540.7919921875 2536.27197265625 2511.69189453125 2498.908935546875 2470.3291015625 2455.68701171875 2438.929931640625 2436.736083984375 2434.798095703125 2435.27392578125 2433.969970703125 2434.48095703125 2442.674072265625 2448.9208984375 2445.238037109375 2428.56103515625 2415.70703125 2406.27099609375 2402.695068359375 2418.14697265625 2404.535888671875 2391.3740234375 2384.73095703125 2380.8720703125 2377.40087890625 2374.06201171875 2369.98291015625 2365.533935546875 2361.991943359375 2358.76806640625 2356.837890625 2353.305908203125 2347.694091796875 2343.887939453125 2340.381103515625 2345.412109375 2343.68505859375 2332.909912109375 2327.844970703125 2327.2099609375 2319.528076171875 2313.39599609375 2310.031005859375 2306.118896484375 2302.06689453125 2298.656982421875
2535.5849609375 2531.7080078125 2537.93701171875 2522.157958984375 2510.758056640625 2500.802978515625 2468.946044921875 2456.919921875 2433.969970703125 2433.406005859375 2432.05810546875 2431.97900390625 2430.54296875 2430.89599609375 2434.508056640625 2441.616943359375 2446.708984375 2409.787109375 2405.47900390625 2401.875 2398.527099609375 2395.18798828125 2391.4970703125 2386.31689453125 2382.8720703125 2379.285888671875 2375.7529296875 2372.089111328125 2368.458984375 2364.75 2360.388916015625 2357.12890625 2353.7109375 2350.072021484375 2346.258056640625 2342.68896484375 2339.4560546875 2337.094970703125 2335.131103515625 2328.1708984375 2324.22412109375 2321.034912109375 2317.422119140625 2313.59912109375 2309.827880859375 2306.445068359375 2303.35302734375 2299.943115234375
2508.27392578125 2520.070068359375 2541.02099609375 2536.14892578125 2507.409912109375 2477.261962890625 2467.924072265625 2450.514892578125 2430.322998046875 2430.041015625 2429.212890625 2429.617919921875 2427.14208984375 2426.199951171875 2428.14697265625 2438.251953125 2431.27392578125 2406.862060546875 2403.6640625 2400.2099609375 2396.7041015625 2393.337890625 2389.5849609375 2385.445068359375 2382.034912109375 2378.1669921875 2374.58203125 2371.013916015625 2367.48095703125 2363.77197265625 2360.010009765625 2356.530029296875 2352.970947265625 2349.403076171875 2345.7470703125 2342.169921875 2338.64599609375 2335.781982421875 2331.597900390625 2328.822998046875 2325.48388671875 2321.757080078125 2318.23291015625 2314.4619140625 2310.64697265625 2306.8330078125 2303.2119140625 2299.591064453125
2484.56591796875 2494.2041015625 2521.154052734375 2519.89404296875 2500.7060546875 2477.9580078125 2447.881103515625 2426.701904296875 2426.85205078125 2426.781005859375 2425.9619140625 2426.860107421875 2424.410888671875 2422.093994140625 2423.10693359375 2415.6279296875 2411.327880859375 2406.14794921875 2402.756103515625 2399.259033203125 2395.84912109375 2392.218994140625 2388.85400390625 2385.092041015625 2381.55908203125 2377.85888671875 2374.2119140625 2370.468017578125 2366.944091796875 2363.340087890625 2359.718994140625 2356.134033203125 2352.3720703125 2348.777099609375 2345.112060546875 2341.342041015625 2337.77294921875 2335.3330078125 2331.862060546875 2328.611083984375 2324.946044921875 2321.24609375 2317.56298828125 2313.8369140625 2310.118896484375 2306.551025390625 2302.93896484375 2299.239013671875
2475.906005859375 2479.236083984375 2494.416015625 2488.6630859375 2484.4599609375 2445 2424.570068359375 2423.486083984375 2423.715087890625 2423.39794921875 2422.614013671875 2423.9619140625 2421.43310546875 2419.327880859375 2417.27490234375 2413.64599609375 2409.962890625 2406.342041015625 2402.9150390625 2398.958984375 2395.135009765625 2391.531982421875 2388.201904296875 2384.7490234375 2380.950927734375 2377.551025390625 2374.071044921875 2370.3349609375 2366.64404296875 2362.89111328125 2359.1640625 2355.623046875 2351.833984375 2348.134033203125 2344.60107421875 2340.962890625 2337.31494140625 2334.284912109375 2330.7080078125 2327.65087890625 2324.073974609375 2320.550048828125 2317.132080078125 2313.5458984375 2309.79296875 2306.23388671875 2302.64794921875 2298.823974609375
2466.02099609375 2470.382080078125 2469.72998046875 2482.672119140625 2433.715087890625 2421.5830078125 2420.050048828125 2420.31396484375 2420.7109375 2419.927001953125 2419.196044921875 2421.09912109375 2418.5439453125 2416.385009765625 2414.22705078125 2411.741943359375 2408.677001953125 2405.373046875 2401.778076171875 2398.02490234375 2394.572021484375 2391.197998046875 2387.760986328125 2384.201904296875 2380.467041015625 2376.758056640625 2373.322021484375 2369.675048828125 2366.16796875 2362.75 2359.137939453125 2355.508056640625 2351.843017578125 2348.14306640625 2344.56591796875 2340.787109375 2337.25390625 2333.739013671875 2330.073974609375 2326.513916015625 2323.01708984375 2319.510009765625 2316.31298828125 2312.93798828125 2309.387939453125 2305.669921875 2302.172119140625 2298.6220703125
