avaframe/tests/data/DEM_IP_Topo.asc
nCols  1001
nRows  301
xllcorner  1000.00
yllcorner -5000.00
cellsize  5
nodata_value -9999.00
[rows 264 to 287 of 301, columns 440 to 494 of 1001]
716.081263 712.708720 709.336178 705.963635 702.591093 699.218550 695.846007 692.473465 689.100922 685.728380 682.355837 678.983295 675.610752 672.238209 668.865667 665.493124 662.120582 658.748039 655.375496 652.002954 648.630411 645.257869 641.885326 638.512784 635.140241 631.767698 628.395156 625.022613 621.650071 618.277528 614.904985 611.532443 608.159900 604.787358 601.414815 598.042272 594.669730 591.297187 587.924645 584.552102 581.179560 577.807017 574.434474 571.061932 567.689389 564.316847 560.944304 557.571761 554.199219 550.826676 547.454134 544.081591 540.709049 537.336506 533.963963
716.081263 712.708720 709.336178 705.963635 702.591093 699.218550 695.846007 692.473465 689.100922 685.728380 682.355837 678.983295 675.610752 672.238209 668.865667 665.493124 662.120582 658.748039 655.375496 652.002954 648.630411 645.257869 641.885326 638.512784 635.140241 631.767698 628.395156 625.022613 621.650071 618.277528 614.904985 611.532443 608.159900 604.787358 601.414815 598.042272 594.669730 591.297187 587.924645 584.552102 581.179560 577.807017 574.434474 571.061932 567.689389 564.316847 560.944304 557.571761 554.199219 550.826676 547.454134 544.081591 540.709049 537.336506 533.963963
716.081263 712.708720 709.336178 705.963635 702.591093 699.218550 695.846007 692.473465 689.100922 685.728380 682.355837 678.983295 675.610752 672.238209 668.865667 665.493124 662.120582 658.748039 655.375496 652.002954 648.630411 645.257869 641.885326 638.512784 635.140241 631.767698 628.395156 625.022613 621.650071 618.277528 614.904985 611.532443 608.159900 604.787358 601.414815 598.042272 594.669730 591.297187 587.924645 584.552102 581.179560 577.807017 574.434474 571.061932 567.689389 564.316847 560.944304 557.571761 554.199219 550.826676 547.454134 544.081591 540.709049 537.336506 533.963963
716.081263 712.708720 709.336178 705.963635 702.591093 699.218550 695.846007 692.473465 689.100922 685.728380 682.355837 678.983295 675.610752 672.238209 668.865667 665.493124 662.120582 658.748039 655.375496 652.002954 648.630411 645.257869 641.885326 638.512784 635.140241 631.767698 628.395156 625.022613 621.650071 618.277528 614.904985 611.532443 608.159900 604.787358 601.414815 598.042272 594.669730 591.297187 587.924645 584.552102 581.179560 577.807017 574.434474 571.061932 567.689389 564.316847 560.944304 557.571761 554.199219 550.826676 547.454134 544.081591 540.709049 537.336506 533.963963
716.081263 712.708720 709.336178 705.963635 702.591093 699.218550 695.846007 692.473465 689.100922 685.728380 682.355837 678.983295 675.610752 672.238209 668.865667 665.493124 662.120582 658.748039 655.375496 652.002954 648.630411 645.257869 641.885326 638.512784 635.140241 631.767698 628.395156 625.022613 621.650071 618.277528 614.904985 611.532443 608.159900 604.787358 601.414815 598.042272 594.669730 591.297187 587.924645 584.552102 581.179560 577.807017 574.434474 571.061932 567.689389 564.316847 560.944304 557.571761 554.199219 550.826676 547.454134 544.081591 540.709049 537.336506 533.963963
716.081263 712.708720 709.336178 705.963635 702.591093 699.218550 695.846007 692.473465 689.100922 685.728380 682.355837 678.983295 675.610752 672.238209 668.865667 665.493124 662.120582 658.748039 655.375496 652.002954 648.630411 645.257869 641.885326 638.512784 635.140241 631.767698 628.395156 625.022613 621.650071 618.277528 614.904985 611.532443 608.159900 604.787358 601.414815 598.042272 594.669730 591.297187 587.924645 584.552102 581.179560 577.807017 574.434474 571.061932 567.689389 564.316847 560.944304 557.571761 554.199219 550.826676 547.454134 544.081591 540.709049 537.336506 533.963963
716.081263 712.708720 709.336178 705.963635 702.591093 699.218550 695.846007 692.473465 689.100922 685.728380 682.355837 678.983295 675.610752 672.238209 668.865667 665.493124 662.120582 658.748039 655.375496 652.002954 648.630411 645.257869 641.885326 638.512784 635.140241 631.767698 628.395156 625.022613 621.650071 618.277528 614.904985 611.532443 608.159900 604.787358 601.414815 598.042272 594.669730 591.297187 587.924645 584.552102 581.179560 577.807017 574.434474 571.061932 567.689389 564.316847 560.944304 557.571761 554.199219 550.826676 547.454134 544.081591 540.709049 537.336506 533.963963
716.081263 712.708720 709.336178 705.963635 702.591093 699.218550 695.846007 692.473465 689.100922 685.728380 682.355837 678.983295 675.610752 672.238209 668.865667 665.493124 662.120582 658.748039 655.375496 652.002954 648.630411 645.257869 641.885326 638.512784 635.140241 631.767698 628.395156 625.022613 621.650071 618.277528 614.904985 611.532443 608.159900 604.787358 601.414815 598.042272 594.669730 591.297187 587.924645 584.552102 581.179560 577.807017 574.434474 571.061932 567.689389 564.316847 560.944304 557.571761 554.199219 550.826676 547.454134 544.081591 540.709049 537.336506 533.963963
716.081263 712.708720 709.336178 705.963635 702.591093 699.218550 695.846007 692.473465 689.100922 685.728380 682.355837 678.983295 675.610752 672.238209 668.865667 665.493124 662.120582 658.748039 655.375496 652.002954 648.630411 645.257869 641.885326 638.512784 635.140241 631.767698 628.395156 625.022613 621.650071 618.277528 614.904985 611.532443 608.159900 604.787358 601.414815 598.042272 594.669730 591.297187 587.924645 584.552102 581.179560 577.807017 574.434474 571.061932 567.689389 564.316847 560.944304 557.571761 554.199219 550.826676 547.454134 544.081591 540.709049 537.336506 533.963963
716.081263 712.708720 709.336178 705.963635 702.591093 699.218550 695.846007 692.473465 689.100922 685.728380 682.355837 678.983295 675.610752 672.238209 668.865667 665.493124 662.120582 658.748039 655.375496 652.002954 648.630411 645.257869 641.885326 638.512784 635.140241 631.767698 628.395156 625.022613 621.650071 618.277528 614.904985 611.532443 608.159900 604.787358 601.414815 598.042272 594.669730 591.297187 587.924645 584.552102 581.179560 577.807017 574.434474 571.061932 567.689389 564.316847 560.944304 557.571761 554.199219 550.826676 547.454134 544.081591 540.709049 537.336506 533.963963
716.081263 712.708720 709.336178 705.963635 702.591093 699.218550 695.846007 692.473465 689.100922 685.728380 682.355837 678.983295 675.610752 672.238209 668.865667 665.493124 662.120582 658.748039 655.375496 652.002954 648.630411 645.257869 641.885326 638.512784 635.140241 631.767698 628.395156 625.022613 621.650071 618.277528 614.904985 611.532443 608.159900 604.787358 601.414815 598.042272 594.669730 591.297187 587.924645 584.552102 581.179560 577.807017 574.434474 571.061932 567.689389 564.316847 560.944304 557.571761 554.199219 550.826676 547.454134 544.081591 540.709049 537.336506 533.963963
716.081263 712.708720 709.336178 705.963635 702.591093 699.218550 695.846007 692.473465 689.100922 685.728380 682.355837 678.983295 675.610752 672.238209 668.865667 665.493124 662.120582 658.748039 655.375496 652.002954 648.630411 645.257869 641.885326 638.512784 635.140241 631.767698 628.395156 625.022613 621.650071 618.277528 614.904985 611.532443 608.159900 604.787358 601.414815 598.042272 594.669730 591.297187 587.924645 584.552102 581.179560 577.807017 574.434474 571.061932 567.689389 564.316847 560.944304 557.571761 554.199219 550.826676 547.454134 544.081591 540.709049 537.336506 533.963963
716.081263 712.708720 709.336178 705.963635 702.591093 699.218550 695.846007 692.473465 689.100922 685.728380 682.355837 678.983295 675.610752 672.238209 668.865667 665.493124 662.120582 658.748039 655.375496 652.002954 648.630411 645.257869 641.885326 638.512784 635.140241 631.767698 628.395156 625.022613 621.650071 618.277528 614.904985 611.532443 608.159900 604.787358 601.414815 598.042272 594.669730 591.297187 587.924645 584.552102 581.179560 577.807017 574.434474 571.061932 567.689389 564.316847 560.944304 557.571761 554.199219 550.826676 547.454134 544.081591 540.709049 537.336506 533.963963
716.081263 712.708720 709.336178 705.963635 702.591093 699.218550 695.846007 692.473465 689.100922 685.728380 682.355837 678.983295 675.610752 672.238209 668.865667 665.493124 662.120582 658.748039 655.375496 652.002954 648.630411 645.257869 641.885326 638.512784 635.140241 631.767698 628.395156 625.022613 621.650071 618.277528 614.904985 611.532443 608.159900 604.787358 601.414815 598.042272 594.669730 591.297187 587.924645 584.552102 581.179560 577.807017 574.434474 571.061932 567.689389 564.316847 560.944304 557.571761 554.199219 550.826676 547.454134 544.081591 540.709049 537.336506 533.963963
716.081263 712.708720 709.336178 705.963635 702.591093 699.218550 695.846007 692.473465 689.100922 685.728380 682.355837 678.983295 675.610752 672.238209 668.865667 665.493124 662.120582 658.748039 655.375496 652.002954 648.630411 645.257869 641.885326 638.512784 635.140241 631.767698 628.395156 625.022613 621.650071 618.277528 614.904985 611.532443 608.159900 604.787358 601.414815 598.042272 594.669730 591.297187 587.924645 584.552102 581.179560 577.807017 574.434474 571.061932 567.689389 564.316847 560.944304 557.571761 554.199219 550.826676 547.454134 544.081591 540.709049 537.336506 533.963963
716.081263 712.708720 709.336178 705.963635 702.591093 699.218550 695.846007 692.473465 689.100922 685.728380 682.355837 678.983295 675.610752 672.238209 668.865667 665.493124 662.120582 658.748039 655.375496 652.002954 648.630411 645.257869 641.885326 638.512784 635.140241 631.767698 628.395156 625.022613 621.650071 618.277528 614.904985 611.532443 608.159900 604.787358 601.414815 598.042272 594.669730 591.297187 587.924645 584.552102 581.179560 577.807017 574.434474 571.061932 567.689389 564.316847 560.944304 557.571761 554.199219 550.826676 547.454134 544.081591 540.709049 537.336506 533.963963
716.081263 712.708720 709.336178 705.963635 702.591093 699.218550 695.846007 692.473465 689.100922 685.728380 682.355837 678.983295 675.610752 672.238209 668.865667 665.493124 662.120582 658.748039 655.375496 652.002954 648.630411 645.257869 641.885326 638.512784 635.140241 631.767698 628.395156 625.022613 621.650071 618.277528 614.904985 611.532443 608.159900 604.787358 601.414815 598.042272 594.669730 591.297187 587.924645 584.552102 581.179560 577.807017 574.434474 571.061932 567.689389 564.316847 560.944304 557.571761 554.199219 550.826676 547.454134 544.081591 540.709049 537.336506 533.963963
716.081263 712.708720 709.336178 705.963635 702.591093 699.218550 695.846007 692.473465 689.100922 685.728380 682.355837 678.983295 675.610752 672.238209 668.865667 665.493124 662.120582 658.748039 655.375496 652.002954 648.630411 645.257869 641.885326 638.512784 635.140241 631.767698 628.395156 625.022613 621.650071 618.277528 614.904985 611.532443 608.159900 604.787358 601.414815 598.042272 594.669730 591.297187 587.924645 584.552102 581.179560 577.807017 574.434474 571.061932 567.689389 564.316847 560.944304 557.571761 554.199219 550.826676 547.454134 544.081591 540.709049 537.336506 533.963963
716.081263 712.708720 709.336178 705.963635 702.591093 699.218550 695.846007 692.473465 689.100922 685.728380 682.355837 678.983295 675.610752 672.238209 668.865667 665.493124 662.120582 658.748039 655.375496 652.002954 648.630411 645.257869 641.885326 638.512784 635.140241 631.767698 628.395156 625.022613 621.650071 618.277528 614.904985 611.532443 608.159900 604.787358 601.414815 598.042272 594.669730 591.297187 587.924645 584.552102 581.179560 577.807017 574.434474 571.061932 567.689389 564.316847 560.944304 557.571761 554.199219 550.826676 547.454134 544.081591 540.709049 537.336506 533.963963
716.081263 712.708720 709.336178 705.963635 702.591093 699.218550 695.846007 692.473465 689.100922 685.728380 682.355837 678.983295 675.610752 672.238209 668.865667 665.493124 662.120582 658.748039 655.375496 652.002954 648.630411 645.257869 641.885326 638.512784 635.140241 631.767698 628.395156 625.022613 621.650071 618.277528 614.904985 611.532443 608.159900 604.787358 601.414815 598.042272 594.669730 591.297187 587.924645 584.552102 581.179560 577.807017 574.434474 571.061932 567.689389 564.316847 560.944304 557.571761 554.199219 550.826676 547.454134 544.081591 540.709049 537.336506 533.963963
716.081263 712.708720 709.336178 705.963635 702.591093 699.218550 695.846007 692.473465 689.100922 685.728380 682.355837 678.983295 675.610752 672.238209 668.865667 665.493124 662.120582 658.748039 655.375496 652.002954 648.630411 645.257869 641.885326 638.512784 635.140241 631.767698 628.395156 625.022613 621.650071 618.277528 614.904985 611.532443 608.159900 604.787358 601.414815 598.042272 594.669730 591.297187 587.924645 584.552102 581.179560 577.807017 574.434474 571.061932 567.689389 564.316847 560.944304 557.571761 554.199219 550.826676 547.454134 544.081591 540.709049 537.336506 533.963963
716.081263 712.708720 709.336178 705.963635 702.591093 699.218550 695.846007 692.473465 689.100922 685.728380 682.355837 678.983295 675.610752 672.238209 668.865667 665.493124 662.120582 658.748039 655.375496 652.002954 648.630411 645.257869 641.885326 638.512784 635.140241 631.767698 628.395156 625.022613 621.650071 618.277528 614.904985 611.532443 608.159900 604.787358 601.414815 598.042272 594.669730 591.297187 587.924645 584.552102 581.179560 577.807017 574.434474 571.061932 567.689389 564.316847 560.944304 557.571761 554.199219 550.826676 547.454134 544.081591 540.709049 537.336506 533.963963
716.081263 712.708720 709.336178 705.963635 702.591093 699.218550 695.846007 692.473465 689.100922 685.728380 682.355837 678.983295 675.610752 672.238209 668.865667 665.493124 662.120582 658.748039 655.375496 652.002954 648.630411 645.257869 641.885326 638.512784 635.140241 631.767698 628.395156 625.022613 621.650071 618.277528 614.904985 611.532443 608.159900 604.787358 601.414815 598.042272 594.669730 591.297187 587.924645 584.552102 581.179560 577.807017 574.434474 571.061932 567.689389 564.316847 560.944304 557.571761 554.199219 550.826676 547.454134 544.081591 540.709049 537.336506 533.963963
716.081263 712.708720 709.336178 705.963635 702.591093 699.218550 695.846007 692.473465 689.100922 685.728380 682.355837 678.983295 675.610752 672.238209 668.865667 665.493124 662.120582 658.748039 655.375496 652.002954 648.630411 645.257869 641.885326 638.512784 635.140241 631.767698 628.395156 625.022613 621.650071 618.277528 614.904985 611.532443 608.159900 604.787358 601.414815 598.042272 594.669730 591.297187 587.924645 584.552102 581.179560 577.807017 574.434474 571.061932 567.689389 564.316847 560.944304 557.571761 554.199219 550.826676 547.454134 544.081591 540.709049 537.336506 533.963963
