avaframe/tests/data/DEM_IP_Topo.asc
nCols  1001
nRows  301
xllcorner  1000.00
yllcorner -5000.00
cellsize  5
nodata_value -9999.00
[rows 168 to 191 of 301, columns 605 to 659 of 1001]
116.022747 112.650205 109.277662 105.905119 102.532577 99.160034 95.787492 92.414949 89.042406 85.669864 82.297321 78.924779 75.552236 72.179694 68.807151 65.434608 62.062066 58.689523 55.316981 51.944438 48.571895 45.199353 41.826810 38.454268 35.081725 31.709183 28.336640 24.964097 21.591555 18.219012 14.846470 11.473927 8.101384 4.728842 1.356299 -2.016243 -5.388786 -8.761328 -12.133871 -15.506414 -18.878956 -22.251499 -25.624041 -28.996584 -32.369127 -35.741669 -39.114212 -42.486754 -45.859297 -49.231840 -52.604382 -55.976925 -59.349467 -62.722010 -66.094552
128.386747 125.014204 121.641661 118.269119 114.896576 111.524034 108.151491 104.778948 101.406406 98.033863 94.661321 91.288778 87.916236 84.543693 81.171150 77.798608 74.426065 71.053523 67.680980 64.308437 60.935895 57.563352 54.190810 50.818267 47.445725 44.073182 40.700639 37.328097 33.955554 30.583012 27.210469 23.837926 20.465384 17.092841 13.720299 10.347756 6.975214 3.602671 0.230128 -3.142414 -6.514957 -9.887499 -13.260042 -16.632585 -20.005127 -23.377670 -26.750212 -30.122755 -33.495297 -36.867840 -40.240383 -43.612925 -46.985468 -50.358010 -53.730553
159.611737 156.239194 152.866651 149.494109 146.121566 142.749024 139.376481 136.003938 132.631396 129.258853 125.886311 122.513768 119.141226 115.768683 112.396140 109.023598 105.651055 102.278513 98.905970 95.533427 92.160885 88.788342 85.415800 82.043257 78.670715 75.298172 71.925629 68.553087 65.180544 61.808002 58.435459 55.062916 51.690374 48.317831 44.945289 41.572746 38.200204 34.827661 31.455118 28.082576 24.710033 21.337491 17.964948 14.592405 11.219863 7.847320 4.474778 1.102235 -2.270307 -5.642850 -9.015393 -12.387935 -15.760478 -19.133020 -22.505563
159.611737 156.239194 152.866651 149.494109 146.121566 142.749024 139.376481 136.003938 132.631396 129.258853 125.886311 122.513768 119.141226 115.768683 112.396140 109.023598 105.651055 102.278513 98.905970 95.533427 92.160885 88.788342 85.415800 82.043257 78.670715 75.298172 71.925629 68.553087 65.180544 61.808002 58.435459 55.062916 51.690374 48.317831 44.945289 41.572746 38.200204 34.827661 31.455118 28.082576 24.710033 21.337491 17.964948 14.592405 11.219863 7.847320 4.474778 1.102235 -2.270307 -5.642850 -9.015393 -12.387935 -15.760478 -19.133020 -22.505563
159.611737 156.239194 152.866651 149.494109 146.121566 142.749024 139.376481 136.003938 132.631396 129.258853 125.886311 122.513768 119.141226 115.768683 112.396140 109.023598 105.651055 102.278513 98.905970 95.533427 92.160885 88.788342 85.415800 82.043257 78.670715 75.298172 71.925629 68.553087 65.180544 61.808002 58.435459 55.062916 51.690374 48.317831 44.945289 41.572746 38.200204 34.827661 31.455118 28.082576 24.710033 21.337491 17.964948 14.592405 11.219863 7.847320 4.474778 1.102235 -2.270307 -5.642850 -9.015393 -12.387935 -15.760478 -19.133020 -22.505563
159.611737 156.239194 152.866651 149.494109 146.121566 142.749024 139.376481 136.003938 132.631396 129.258853 125.886311 122.513768 119.141226 115.768683 112.396140 109.023598 105.651055 102.278513 98.905970 95.533427 92.160885 88.788342 85.415800 82.043257 78.670715 75.298172 71.925629 68.553087 65.180544 61.808002 58.435459 55.062916 51.690374 48.317831 44.945289 41.572746 38.200204 34.827661 31.455118 28.082576 24.710033 21.337491 17.964948 14.592405 11.219863 7.847320 4.474778 1.102235 -2.270307 -5.642850 -9.015393 -12.387935 -15.760478 -19.133020 -22.505563
159.611737 156.239194 152.866651 149.494109 146.121566 142.749024 139.376481 136.003938 132.631396 129.258853 125.886311 122.513768 119.141226 115.768683 112.396140 109.023598 105.651055 102.278513 98.905970 95.533427 92.160885 88.788342 85.415800 82.043257 78.670715 75.298172 71.925629 68.553087 65.180544 61.808002 58.435459 55.062916 51.690374 48.317831 44.945289 41.572746 38.200204 34.827661 31.455118 28.082576 24.710033 21.337491 17.964948 14.592405 11.219863 7.847320 4.474778 1.102235 -2.270307 -5.642850 -9.015393 -12.387935 -15.760478 -19.133020 -22.505563
159.611737 156.239194 152.866651 149.494109 146.121566 142.749024 139.376481 136.003938 132.631396 129.258853 125.886311 122.513768 119.141226 115.768683 112.396140 109.023598 105.651055 102.278513 98.905970 95.533427 92.160885 88.788342 85.415800 82.043257 78.670715 75.298172 71.925629 68.553087 65.180544 61.808002 58.435459 55.062916 51.690374 48.317831 44.945289 41.572746 38.200204 34.827661 31.455118 28.082576 24.710033 21.337491 17.964948 14.592405 11.219863 7.847320 4.474778 1.102235 -2.270307 -5.642850 -9.015393 -12.387935 -15.760478 -19.133020 -22.505563
159.611737 156.239194 152.866651 149.494109 146.121566 142.749024 139.376481 136.003938 132.631396 129.258853 125.886311 122.513768 119.141226 115.768683 112.396140 109.023598 105.651055 102.278513 98.905970 95.533427 92.160885 88.788342 85.415800 82.043257 78.670715 75.298172 71.925629 68.553087 65.180544 61.808002 58.435459 55.062916 51.690374 48.317831 44.945289 41.572746 38.200204 34.827661 31.455118 28.082576 24.710033 21.337491 17.964948 14.592405 11.219863 7.847320 4.474778 1.102235 -2.270307 -5.642850 -9.015393 -12.387935 -15.760478 -19.133020 -22.505563
159.611737 156.239194 152.866651 149.494109 146.121566 142.749024 139.376481 136.003938 132.631396 129.258853 125.886311 122.513768 119.141226 115.768683 112.396140 109.023598 105.651055 102.278513 98.905970 95.533427 92.160885 88.788342 85.415800 82.043257 78.670715 75.298172 71.925629 68.553087 65.180544 61.808002 58.435459 55.062916 51.690374 48.317831 44.945289 41.572746 38.200204 34.827661 31.455118 28.082576 24.710033 21.337491 17.964948 14.592405 11.219863 7.847320 4.474778 1.102235 -2.270307 -5.642850 -9.015393 -12.387935 -15.760478 -19.133020 -22.505563
159.611737 156.239194 152.866651 149.494109 146.121566 142.749024 139.376481 136.003938 132.631396 129.258853 125.886311 122.513768 119.141226 115.768683 112.396140 109.023598 105.651055 102.278513 98.905970 95.533427 92.160885 88.788342 85.415800 82.043257 78.670715 75.298172 71.925629 68.553087 65.180544 61.808002 58.435459 55.062916 51.690374 48.317831 44.945289 41.572746 38.200204 34.827661 31.455118 28.082576 24.710033 21.337491 17.964948 14.592405 11.219863 7.847320 4.474778 1.102235 -2.270307 -5.642850 -9.015393 -12.387935 -15.760478 -19.133020 -22.505563
159.611737 156.239194 152.866651 149.494109 146.121566 142.749024 139.376481 136.003938 132.631396 129.258853 125.886311 122.513768 119.141226 115.768683 112.396140 109.023598 105.651055 102.278513 98.905970 95.533427 92.160885 88.788342 85.415800 82.043257 78.670715 75.298172 71.925629 68.553087 65.180544 61.808002 58.435459 55.062916 51.690374 48.317831 44.945289 41.572746 38.200204 34.827661 31.455118 28.082576 24.710033 21.337491 17.964948 14.592405 11.219863 7.847320 4.474778 1.102235 -2.270307 -5.642850 -9.015393 -12.387935 -15.760478 -19.133020 -22.505563
159.611737 156.239194 152.866651 149.494109 146.121566 142.749024 139.376481 136.003938 132.631396 129.258853 125.886311 122.513768 119.141226 115.768683 112.396140 109.023598 105.651055 102.278513 98.905970 95.533427 92.160885 88.788342 85.415800 82.043257 78.670715 75.298172 71.925629 68.553087 65.180544 61.808002 58.435459 55.062916 51.690374 48.317831 44.945289 41.572746 38.200204 34.827661 31.455118 28.082576 24.710033 21.337491 17.964948 14.592405 11.219863 7.847320 4.474778 1.102235 -2.270307 -5.642850 -9.015393 -12.387935 -15.760478 -19.133020 -22.505563
159.611737 156.239194 152.866651 149.494109 146.121566 142.749024 139.376481 136.003938 132.631396 129.258853 125.886311 122.513768 119.141226 115.768683 112.396140 109.023598 105.651055 102.278513 98.905970 95.533427 92.160885 88.788342 85.415800 82.043257 78.670715 75.298172 71.925629 68.553087 65.180544 61.808002 58.435459 55.062916 51.690374 48.317831 44.945289 41.572746 38.200204 34.827661 31.455118 28.082576 24.710033 21.337491 17.964948 14.592405 11.219863 7.847320 4.474778 1.102235 -2.270307 -5.642850 -9.015393 -12.387935 -15.760478 -19.133020 -22.505563
159.611737 156.239194 152.866651 149.494109 146.121566 142.749024 139.376481 136.003938 132.631396 129.258853 125.886311 122.513768 119.141226 115.768683 112.396140 109.023598 105.651055 102.278513 98.905970 95.533427 92.160885 88.788342 85.415800 82.043257 78.670715 75.298172 71.925629 68.553087 65.180544 61.808002 58.435459 55.062916 51.690374 48.317831 44.945289 41.572746 38.200204 34.827661 31.455118 28.082576 24.710033 21.337491 17.964948 14.592405 11.219863 7.847320 4.474778 1.102235 -2.270307 -5.642850 -9.015393 -12.387935 -15.760478 -19.133020 -22.505563
159.611737 156.239194 152.866651 149.494109 146.121566 142.749024 139.376481 136.003938 132.631396 129.258853 125.886311 122.513768 119.141226 115.768683 112.396140 109.023598 105.651055 102.278513 98.905970 95.533427 92.160885 88.788342 85.415800 82.043257 78.670715 75.298172 71.925629 68.553087 65.180544 61.808002 58.435459 55.062916 51.690374 48.317831 44.945289 41.572746 38.200204 34.827661 31.455118 28.082576 24.710033 21.337491 17.964948 14.592405 11.219863 7.847320 4.474778 1.102235 -2.270307 -5.642850 -9.015393 -12.387935 -15.760478 -19.133020 -22.505563
159.611737 156.239194 152.866651 149.494109 146.121566 142.749024 139.376481 136.003938 132.631396 129.258853 125.886311 122.513768 119.141226 115.768683 112.396140 109.023598 105.651055 102.278513 98.905970 95.533427 92.160885 88.788342 85.415800 82.043257 78.670715 75.298172 71.925629 68.553087 65.180544 61.808002 58.435459 55.062916 51.690374 48.317831 44.945289 41.572746 38.200204 34.827661 31.455118 28.082576 24.710033 21.337491 17.964948 14.592405 11.219863 7.847320 4.474778 1.102235 -2.270307 -5.642850 -9.015393 -12.387935 -15.760478 -19.133020 -22.505563
159.611737 156.239194 152.866651 149.494109 146.121566 142.749024 139.376481 136.003938 132.631396 129.258853 125.886311 122.513768 119.141226 115.768683 112.396140 109.023598 105.651055 102.278513 98.905970 95.533427 92.160885 88.788342 85.415800 82.043257 78.670715 75.298172 71.925629 68.553087 65.180544 61.808002 58.435459 55.062916 51.690374 48.317831 44.945289 41.572746 38.200204 34.827661 31.455118 28.082576 24.710033 21.337491 17.964948 14.592405 11.219863 7.847320 4.474778 1.102235 -2.270307 -5.642850 -9.015393 -12.387935 -15.760478 -19.133020 -22.505563
159.611737 156.239194 152.866651 149.494109 146.121566 142.749024 139.376481 136.003938 132.631396 129.258853 125.886311 122.513768 119.141226 115.768683 112.396140 109.023598 105.651055 102.278513 98.905970 95.533427 92.160885 88.788342 85.415800 82.043257 78.670715 75.298172 71.925629 68.553087 65.180544 61.808002 58.435459 55.062916 51.690374 48.317831 44.945289 41.572746 38.200204 34.827661 31.455118 28.082576 24.710033 21.337491 17.964948 14.592405 11.219863 7.847320 4.474778 1.102235 -2.270307 -5.642850 -9.015393 -12.387935 -15.760478 -19.133020 -22.505563
159.611737 156.239194 152.866651 149.494109 146.121566 142.749024 139.376481 136.003938 132.631396 129.258853 125.886311 122.513768 119.141226 115.768683 112.396140 109.023598 105.651055 102.278513 98.905970 95.533427 92.160885 88.788342 85.415800 82.043257 78.670715 75.298172 71.925629 68.553087 65.180544 61.808002 58.435459 55.062916 51.690374 48.317831 44.945289 41.572746 38.200204 34.827661 31.455118 28.082576 24.710033 21.337491 17.964948 14.592405 11.219863 7.847320 4.474778 1.102235 -2.270307 -5.642850 -9.015393 -12.387935 -15.760478 -19.133020 -22.505563
159.611737 156.239194 152.866651 149.494109 146.121566 142.749024 139.376481 136.003938 132.631396 129.258853 125.886311 122.513768 119.141226 115.768683 112.396140 109.023598 105.651055 102.278513 98.905970 95.533427 92.160885 88.788342 85.415800 82.043257 78.670715 75.298172 71.925629 68.553087 65.180544 61.808002 58.435459 55.062916 51.690374 48.317831 44.945289 41.572746 38.200204 34.827661 31.455118 28.082576 24.710033 21.337491 17.964948 14.592405 11.219863 7.847320 4.474778 1.102235 -2.270307 -5.642850 -9.015393 -12.387935 -15.760478 -19.133020 -22.505563
159.611737 156.239194 152.866651 149.494109 146.121566 142.749024 139.376481 136.003938 132.631396 129.258853 125.886311 122.513768 119.141226 115.768683 112.396140 109.023598 105.651055 102.278513 98.905970 95.533427 92.160885 88.788342 85.415800 82.043257 78.670715 75.298172 71.925629 68.553087 65.180544 61.808002 58.435459 55.062916 51.690374 48.317831 44.945289 41.572746 38.200204 34.827661 31.455118 28.082576 24.710033 21.337491 17.964948 14.592405 11.219863 7.847320 4.474778 1.102235 -2.270307 -5.642850 -9.015393 -12.387935 -15.760478 -19.133020 -22.505563
159.611737 156.239194 152.866651 149.494109 146.121566 142.749024 139.376481 136.003938 132.631396 129.258853 125.886311 122.513768 119.141226 115.768683 112.396140 109.023598 105.651055 102.278513 98.905970 95.533427 92.160885 88.788342 85.415800 82.043257 78.670715 75.298172 71.925629 68.553087 65.180544 61.808002 58.435459 55.062916 51.690374 48.317831 44.945289 41.572746 38.200204 34.827661 31.455118 28.082576 24.710033 21.337491 17.964948 14.592405 11.219863 7.847320 4.474778 1.102235 -2.270307 -5.642850 -9.015393 -12.387935 -15.760478 -19.133020 -22.505563
159.611737 156.239194 152.866651 149.494109 146.121566 142.749024 139.376481 136.003938 132.631396 129.258853 125.886311 122.513768 119.141226 115.768683 112.396140 109.023598 105.651055 102.278513 98.905970 95.533427 92.160885 88.788342 85.415800 82.043257 78.670715 75.298172 71.925629 68.553087 65.180544 61.808002 58.435459 55.062916 51.690374 48.317831 44.945289 41.572746 38.200204 34.827661 31.455118 28.082576 24.710033 21.337491 17.964948 14.592405 11.219863 7.847320 4.474778 1.102235 -2.270307 -5.642850 -9.015393 -12.387935 -15.760478 -19.133020 -22.505563
