avaframe/tests/data/DEM_IP_Topo.asc
nCols  1001
nRows  301
xllcorner  1000.00
yllcorner -5000.00
cellsize  5
nodata_value -9999.00
[rows 240 to 263 of 301, columns 110 to 164 of 1001]
1829.020316 1825.647773 1822.275231 1818.902688 1815.530145 1812.157603 1808.785060 1805.412518 1802.039975 1798.667432 1795.294890 1791.922347 1788.549805 1785.177262 1781.804720 1778.432177 1775.059634 1771.687092 1768.314549 1764.942007 1761.569464 1758.196921 1754.824379 1751.451836 1748.079294 1744.706751 1741.334209 1737.961666 1734.589123 1731.216581 1727.844038 1724.471496 1721.098953 1717.726410 1714.353868 1710.981325 1707.608783 1704.236240 1700.863698 1697.491155 1694.118612 1690.746070 1687.373527 1684.000985 1680.628442 1677.255899 1673.883357 1670.510814 1667.138272 1663.765729 1660.393187 1657.020644 1653.648101 1650.275559 1646.903016
1829.020316 1825.647773 1822.275231 1818.902688 1815.530145 1812.157603 1808.785060 1805.412518 1802.039975 1798.667432 1795.294890 1791.922347 1788.549805 1785.177262 1781.804720 1778.432177 1775.059634 1771.687092 1768.314549 1764.942007 1761.569464 1758.196921 1754.824379 1751.451836 1748.079294 1744.706751 1741.334209 1737.961666 1734.589123 1731.216581 1727.844038 1724.471496 1721.098953 1717.726410 1714.353868 1710.981325 1707.608783 1704.236240 1700.863698 1697.491155 1694.118612 1690.746070 1687.373527 1684.000985 1680.628442 1677.255899 1673.883357 1670.510814 1667.138272 1663.765729 1660.393187 1657.020644 1653.648101 1650.275559 1646.903016
1829.020316 1825.647773 1822.275231 1818.902688 1815.530145 1812.157603 1808.785060 1805.412518 1802.039975 1798.667432 1795.294890 1791.922347 1788.549805 1785.177262 1781.804720 1778.432177 1775.059634 1771.687092 1768.314549 1764.942007 1761.569464 1758.196921 1754.824379 1751.451836 1748.079294 1744.706751 1741.334209 1737.961666 1734.589123 1731.216581 1727.844038 1724.471496 1721.098953 1717.726410 1714.353868 1710.981325 1707.608783 1704.236240 1700.863698 1697.491155 1694.118612 1690.746070 1687.373527 1684.000985 1680.628442 1677.255899 1673.883357 1670.510814 1667.138272 1663.765729 1660.393187 1657.020644 1653.648101 1650.275559 1646.903016
1829.020316 1825.647773 1822.275231 1818.902688 1815.530145 1812.157603 1808.785060 1805.412518 1802.039975 1798.667432 1795.294890 1791.922347 1788.549805 1785.177262 1781.804720 1778.432177 1775.059634 1771.687092 1768.314549 1764.942007 1761.569464 1758.196921 1754.824379 1751.451836 1748.079294 1744.706751 1741.334209 1737.961666 1734.589123 1731.216581 1727.844038 1724.471496 1721.098953 1717.726410 1714.353868 1710.981325 1707.608783 1704.236240 1700.863698 1697.491155 1694.118612 1690.746070 1687.373527 1684.000985 1680.628442 1677.255899 1673.883357 1670.510814 1667.138272 1663.765729 1660.393187 1657.020644 1653.648101 1650.275559 1646.903016
1829.020316 1825.647773 1822.275231 1818.902688 1815.530145 1812.157603 1808.785060 1805.412518 1802.039975 1798.667432 1795.294890 1791.922347 1788.549805 1785.177262 1781.804720 1778.432177 1775.059634 1771.687092 1768.314549 1764.942007 1761.569464 1758.196921 1754.824379 1751.451836 1748.079294 1744.706751 1741.334209 1737.961666 1734.589123 1731.216581 1727.844038 1724.471496 1721.098953 1717.726410 1714.353868 1710.981325 1707.608783 1704.236240 1700.863698 1697.491155 1694.118612 1690.746070 1687.373527 1684.000985 1680.628442 1677.255899 1673.883357 1670.510814 1667.138272 1663.765729 1660.393187 1657.020644 1653.648101 1650.275559 1646.903016
1829.020316 1825.647773 1822.275231 1818.902688 1815.530145 1812.157603 1808.785060 1805.412518 1802.039975 1798.667432 1795.294890 1791.922347 1788.549805 1785.177262 1781.804720 1778.432177 1775.059634 1771.687092 1768.314549 1764.942007 1761.569464 1758.196921 1754.824379 1751.451836 1748.079294 1744.706751 1741.334209 1737.961666 1734.589123 1731.216581 1727.844038 1724.471496 1721.098953 1717.726410 1714.353868 1710.981325 1707.608783 1704.236240 1700.863698 1697.491155 1694.118612 1690.746070 1687.373527 1684.000985 1680.628442 1677.255899 1673.883357 1670.510814 1667.138272 1663.765729 1660.393187 1657.020644 1653.648101 1650.275559 1646.903016
1829.020316 1825.647773 1822.275231 1818.902688 1815.530145 1812.157603 1808.785060 1805.412518 1802.039975 1798.667432 1795.294890 1791.922347 1788.549805 1785.177262 1781.804720 1778.432177 1775.059634 1771.687092 1768.314549 1764.942007 1761.569464 1758.196921 1754.824379 1751.451836 1748.079294 1744.706751 1741.334209 1737.961666 1734.589123 1731.216581 1727.844038 1724.471496 1721.098953 1717.726410 1714.353868 1710.981325 1707.608783 1704.236240 1700.863698 1697.491155 1694.118612 1690.746070 1687.373527 1684.000985 1680.628442 1677.255899 1673.883357 1670.510814 1667.138272 1663.765729 1660.393187 1657.020644 1653.648101 1650.275559 1646.903016
1829.020316 1825.647773 1822.275231 1818.902688 1815.530145 1812.157603 1808.785060 1805.412518 1802.039975 1798.667432 1795.294890 1791.922347 1788.549805 1785.177262 1781.804720 1778.432177 1775.059634 1771.687092 1768.314549 1764.942007 1761.569464 1758.196921 1754.824379 1751.451836 1748.079294 1744.706751 1741.334209 1737.961666 1734.589123 1731.216581 1727.844038 1724.471496 1721.098953 1717.726410 1714.353868 1710.981325 1707.608783 1704.236240 1700.863698 1697.491155 1694.118612 1690.746070 1687.373527 1684.000985 1680.628442 1677.255899 1673.883357 1670.510814 1667.138272 1663.765729 1660.393187 1657.020644 1653.648101 1650.275559 1646.903016
1829.020316 1825.647773 1822.275231 1818.902688 1815.530145 1812.157603 1808.785060 1805.412518 1802.039975 1798.667432 1795.294890 1791.922347 1788.549805 1785.177262 1781.804720 1778.432177 1775.059634 1771.687092 1768.314549 1764.942007 1761.569464 1758.196921 1754.824379 1751.451836 1748.079294 1744.706751 1741.334209 1737.961666 1734.589123 1731.216581 1727.844038 1724.471496 1721.098953 1717.726410 1714.353868 1710.981325 1707.608783 1704.236240 1700.863698 1697.491155 1694.118612 1690.746070 1687.373527 1684.000985 1680.628442 1677.255899 1673.883357 1670.510814 1667.138272 1663.765729 1660.393187 1657.020644 1653.648101 1650.275559 1646.903016
1829.020316 1825.647773 1822.275231 1818.902688 1815.530145 1812.157603 1808.785060 1805.412518 1802.039975 1798.667432 1795.294890 1791.922347 1788.549805 1785.177262 1781.804720 1778.432177 1775.059634 1771.687092 1768.314549 1764.942007 1761.569464 1758.196921 1754.824379 1751.451836 1748.079294 1744.706751 1741.334209 1737.961666 1734.589123 1731.216581 1727.844038 1724.471496 1721.098953 1717.726410 1714.353868 1710.981325 1707.608783 1704.236240 1700.863698 1697.491155 1694.118612 1690.746070 1687.373527 1684.000985 1680.628442 1677.255899 1673.883357 1670.510814 1667.138272 1663.765729 1660.393187 1657.020644 1653.648101 1650.275559 1646.903016
1829.020316 1825.647773 1822.275231 1818.902688 1815.530145 1812.157603 1808.785060 1805.412518 1802.039975 1798.667432 1795.294890 1791.922347 1788.549805 1785.177262 1781.804720 1778.432177 1775.059634 1771.687092 1768.314549 1764.942007 1761.569464 1758.196921 1754.824379 1751.451836 1748.079294 1744.706751 1741.334209 1737.961666 1734.589123 1731.216581 1727.844038 1724.471496 1721.098953 1717.726410 1714.353868 1710.981325 1707.608783 1704.236240 1700.863698 1697.491155 1694.118612 1690.746070 1687.373527 1684.000985 1680.628442 1677.255899 1673.883357 1670.510814 1667.138272 1663.765729 1660.393187 1657.020644 1653.648101 1650.275559 1646.903016
1829.020316 1825.647773 1822.275231 1818.902688 1815.530145 1812.157603 1808.785060 1805.412518 1802.039975 1798.667432 1795.294890 1791.922347 1788.549805 1785.177262 1781.804720 1778.432177 1775.059634 1771.687092 1768.314549 1764.942007 1761.569464 1758.196921 1754.824379 1751.451836 1748.079294 1744.706751 1741.334209 1737.961666 1734.589123 1731.216581 1727.844038 1724.471496 1721.098953 1717.726410 1714.353868 1710.981325 1707.608783 1704.236240 1700.863698 1697.491155 1694.118612 1690.746070 1687.373527 1684.000985 1680.628442 1677.255899 1673.883357 1670.510814 1667.138272 1663.765729 1660.393187 1657.020644 1653.648101 1650.275559 1646.903016
1829.020316 1825.647773 1822.275231 1818.902688 1815.530145 1812.157603 1808.785060 1805.412518 1802.039975 1798.667432 1795.294890 1791.922347 1788.549805 1785.177262 1781.804720 1778.432177 1775.059634 1771.687092 1768.314549 1764.942007 1761.569464 1758.196921 1754.824379 1751.451836 1748.079294 1744.706751 1741.334209 1737.961666 1734.589123 1731.216581 1727.844038 1724.471496 1721.098953 1717.726410 1714.353868 1710.981325 1707.608783 1704.236240 1700.863698 1697.491155 1694.118612 1690.746070 1687.373527 1684.000985 1680.628442 1677.255899 1673.883357 1670.510814 1667.138272 1663.765729 1660.393187 1657.020644 1653.648101 1650.275559 1646.903016
1829.020316 1825.647773 1822.275231 1818.902688 1815.530145 1812.157603 1808.785060 1805.412518 1802.039975 1798.667432 1795.294890 1791.922347 1788.549805 1785.177262 1781.804720 1778.432177 1775.059634 1771.687092 1768.314549 1764.942007 1761.569464 1758.196921 1754.824379 1751.451836 1748.079294 1744.706751 1741.334209 1737.961666 1734.589123 1731.216581 1727.844038 1724.471496 1721.098953 1717.726410 1714.353868 1710.981325 1707.608783 1704.236240 1700.863698 1697.491155 1694.118612 1690.746070 1687.373527 1684.000985 1680.628442 1677.255899 1673.883357 1670.510814 1667.138272 1663.765729 1660.393187 1657.020644 1653.648101 1650.275559 1646.903016
1829.020316 1825.647773 1822.275231 1818.902688 1815.530145 1812.157603 1808.785060 1805.412518 1802.039975 1798.667432 1795.294890 1791.922347 1788.549805 1785.177262 1781.804720 1778.432177 1775.059634 1771.687092 1768.314549 1764.942007 1761.569464 1758.196921 1754.824379 1751.451836 1748.079294 1744.706751 1741.334209 1737.961666 1734.589123 1731.216581 1727.844038 1724.471496 1721.098953 1717.726410 1714.353868 1710.981325 1707.608783 1704.236240 1700.863698 1697.491155 1694.118612 1690.746070 1687.373527 1684.000985 1680.628442 1677.255899 1673.883357 1670.510814 1667.138272 1663.765729 1660.393187 1657.020644 1653.648101 1650.275559 1646.903016
1829.020316 1825.647773 1822.275231 1818.902688 1815.530145 1812.157603 1808.785060 1805.412518 1802.039975 1798.667432 1795.294890 1791.922347 1788.549805 1785.177262 1781.804720 1778.432177 1775.059634 1771.687092 1768.314549 1764.942007 1761.569464 1758.196921 1754.824379 1751.451836 1748.079294 1744.706751 1741.334209 1737.961666 1734.589123 1731.216581 1727.844038 1724.471496 1721.098953 1717.726410 1714.353868 1710.981325 1707.608783 1704.236240 1700.863698 1697.491155 1694.118612 1690.746070 1687.373527 1684.000985 1680.628442 1677.255899 1673.883357 1670.510814 1667.138272 1663.765729 1660.393187 1657.020644 1653.648101 1650.275559 1646.903016
1829.020316 1825.647773 1822.275231 1818.902688 1815.530145 1812.157603 1808.785060 1805.412518 1802.039975 1798.667432 1795.294890 1791.922347 1788.549805 1785.177262 1781.804720 1778.432177 1775.059634 1771.687092 1768.314549 1764.942007 1761.569464 1758.196921 1754.824379 1751.451836 1748.079294 1744.706751 1741.334209 1737.961666 1734.589123 1731.216581 1727.844038 1724.471496 1721.098953 1717.726410 1714.353868 1710.981325 1707.608783 1704.236240 1700.863698 1697.491155 1694.118612 1690.746070 1687.373527 1684.000985 1680.628442 1677.255899 1673.883357 1670.510814 1667.138272 1663.765729 1660.393187 1657.020644 1653.648101 1650.275559 1646.903016
1829.020316 1825.647773 1822.275231 1818.902688 1815.530145 1812.157603 1808.785060 1805.412518 1802.039975 1798.667432 1795.294890 1791.922347 1788.549805 1785.177262 1781.804720 1778.432177 1775.059634 1771.687092 1768.314549 1764.942007 1761.569464 1758.196921 1754.824379 1751.451836 1748.079294 1744.706751 1741.334209 1737.961666 1734.589123 1731.216581 1727.844038 1724.471496 1721.098953 1717.726410 1714.353868 1710.981325 1707.608783 1704.236240 1700.863698 1697.491155 1694.118612 1690.746070 1687.373527 1684.000985 1680.628442 1677.255899 1673.883357 1670.510814 1667.138272 1663.765729 1660.393187 1657.020644 1653.648101 1650.275559 1646.903016
1829.020316 1825.647773 1822.275231 1818.902688 1815.530145 1812.157603 1808.785060 1805.412518 1802.039975 1798.667432 1795.294890 1791.922347 1788.549805 1785.177262 1781.804720 1778.432177 1775.059634 1771.687092 1768.314549 1764.942007 1761.569464 1758.196921 1754.824379 1751.451836 1748.079294 1744.706751 1741.334209 1737.961666 1734.589123 1731.216581 1727.844038 1724.471496 1721.098953 1717.726410 1714.353868 1710.981325 1707.608783 1704.236240 1700.863698 1697.491155 1694.118612 1690.746070 1687.373527 1684.000985 1680.628442 1677.255899 1673.883357 1670.510814 1667.138272 1663.765729 1660.393187 1657.020644 1653.648101 1650.275559 1646.903016
1829.020316 1825.647773 1822.275231 1818.902688 1815.530145 1812.157603 1808.785060 1805.412518 1802.039975 1798.667432 1795.294890 1791.922347 1788.549805 1785.177262 1781.804720 1778.432177 1775.059634 1771.687092 1768.314549 1764.942007 1761.569464 1758.196921 1754.824379 1751.451836 1748.079294 1744.706751 1741.334209 1737.961666 1734.589123 1731.216581 1727.844038 1724.471496 1721.098953 1717.726410 1714.353868 1710.981325 1707.608783 1704.236240 1700.863698 1697.491155 1694.118612 1690.746070 1687.373527 1684.000985 1680.628442 1677.255899 1673.883357 1670.510814 1667.138272 1663.765729 1660.393187 1657.020644 1653.648101 1650.275559 1646.903016
1829.020316 1825.647773 1822.275231 1818.902688 1815.530145 1812.157603 1808.785060 1805.412518 1802.039975 1798.667432 1795.294890 1791.922347 1788.549805 1785.177262 1781.804720 1778.432177 1775.059634 1771.687092 1768.314549 1764.942007 1761.569464 1758.196921 1754.824379 1751.451836 1748.079294 1744.706751 1741.334209 1737.961666 1734.589123 1731.216581 1727.844038 1724.471496 1721.098953 1717.726410 1714.353868 1710.981325 1707.608783 1704.236240 1700.863698 1697.491155 1694.118612 1690.746070 1687.373527 1684.000985 1680.628442 1677.255899 1673.883357 1670.510814 1667.138272 1663.765729 1660.393187 1657.020644 1653.648101 1650.275559 1646.903016
1829.020316 1825.647773 1822.275231 1818.902688 1815.530145 1812.157603 1808.785060 1805.412518 1802.039975 1798.667432 1795.294890 1791.922347 1788.549805 1785.177262 1781.804720 1778.432177 1775.059634 1771.687092 1768.314549 1764.942007 1761.569464 1758.196921 1754.824379 1751.451836 1748.079294 1744.706751 1741.334209 1737.961666 1734.589123 1731.216581 1727.844038 1724.471496 1721.098953 1717.726410 1714.353868 1710.981325 1707.608783 1704.236240 1700.863698 1697.491155 1694.118612 1690.746070 1687.373527 1684.000985 1680.628442 1677.255899 1673.883357 1670.510814 1667.138272 1663.765729 1660.393187 1657.020644 1653.648101 1650.275559 1646.903016
1829.020316 1825.647773 1822.275231 1818.902688 1815.530145 1812.157603 1808.785060 1805.412518 1802.039975 1798.667432 1795.294890 1791.922347 1788.549805 1785.177262 1781.804720 1778.432177 1775.059634 1771.687092 1768.314549 1764.942007 1761.569464 1758.196921 1754.824379 1751.451836 1748.079294 1744.706751 1741.334209 1737.961666 1734.589123 1731.216581 1727.844038 1724.471496 1721.098953 1717.726410 1714.353868 1710.981325 1707.608783 1704.236240 1700.863698 1697.491155 1694.118612 1690.746070 1687.373527 1684.000985 1680.628442 1677.255899 1673.883357 1670.510814 1667.138272 1663.765729 1660.393187 1657.020644 1653.648101 1650.275559 1646.903016
1829.020316 1825.647773 1822.275231 1818.902688 1815.530145 1812.157603 1808.785060 1805.412518 1802.039975 1798.667432 1795.294890 1791.922347 1788.549805 1785.177262 1781.804720 1778.432177 1775.059634 1771.687092 1768.314549 1764.942007 1761.569464 1758.196921 1754.824379 1751.451836 1748.079294 1744.706751 1741.334209 1737.961666 1734.589123 1731.216581 1727.844038 1724.471496 1721.098953 1717.726410 1714.353868 1710.981325 1707.608783 1704.236240 1700.863698 1697.491155 1694.118612 1690.746070 1687.373527 1684.000985 1680.628442 1677.255899 1673.883357 1670.510814 1667.138272 1663.765729 1660.393187 1657.020644 1653.648101 1650.275559 1646.903016
