avaframe/tests/data/DEM_IP_Topo.asc
nCols  1001
nRows  301
xllcorner  1000.00
yllcorner -5000.00
cellsize  5
nodata_value -9999.00
[rows 24 to 47 of 301, columns 385 to 439 of 1001]
901.571105 898.198562 894.826020 891.453477 888.080935 884.708392 881.335850 877.963307 874.590764 871.218222 867.845679 864.473137 861.100594 857.728051 854.355509 850.982966 847.610424 844.237881 840.865339 837.492796 834.120253 830.747711 827.375168 824.002626 820.630083 817.257540 813.884998 810.512455 807.139913 803.767370 800.394828 797.022285 793.649742 790.277200 786.904657 783.532115 780.159572 776.787029 773.414487 770.041944 766.669402 763.296859 759.924317 756.551774 753.179231 749.806689 746.434146 743.061604 739.689061 736.316518 732.943976 729.571433 726.198891 722.826348 719.453806
901.571105 898.198562 894.826020 891.453477 888.080935 884.708392 881.335850 877.963307 874.590764 871.218222 867.845679 864.473137 861.100594 857.728051 854.355509 850.982966 847.610424 844.237881 840.865339 837.492796 834.120253 830.747711 827.375168 824.002626 820.630083 817.257540 813.884998 810.512455 807.139913 803.767370 800.394828 797.022285 793.649742 790.277200 786.904657 783.532115 780.159572 776.787029 773.414487 770.041944 766.669402 763.296859 759.924317 756.551774 753.179231 749.806689 746.434146 743.061604 739.689061 736.316518 732.943976 729.571433 726.198891 722.826348 719.453806
901.571105 898.198562 894.826020 891.453477 888.080935 884.708392 881.335850 877.963307 874.590764 871.218222 867.845679 864.473137 861.100594 857.728051 854.355509 850.982966 847.610424 844.237881 840.865339 837.492796 834.120253 830.747711 827.375168 824.002626 820.630083 817.257540 813.884998 810.512455 807.139913 803.767370 800.394828 797.022285 793.649742 790.277200 786.904657 783.532115 780.159572 776.787029 773.414487 770.041944 766.669402 763.296859 759.924317 756.551774 753.179231 749.806689 746.434146 743.061604 739.689061 736.316518 732.943976 729.571433 726.198891 722.826348 719.453806
901.571105 898.198562 894.826020 891.453477 888.080935 884.708392 881.335850 877.963307 874.590764 871.218222 867.845679 864.473137 861.100594 857.728051 854.355509 850.982966 847.610424 844.237881 840.865339 837.492796 834.120253 830.747711 827.375168 824.002626 820.630083 817.257540 813.884998 810.512455 807.139913 803.767370 800.394828 797.022285 793.649742 790.277200 786.904657 783.532115 780.159572 776.787029 773.414487 770.041944 766.669402 763.296859 759.924317 756.551774 753.179231 749.806689 746.434146 743.061604 739.689061 736.316518 732.943976 729.571433 726.198891 722.826348 719.453806
901.571105 898.198562 894.826020 891.453477 888.080935 884.708392 881.335850 877.963307 874.590764 871.218222 867.845679 864.473137 861.100594 857.728051 854.355509 850.982966 847.610424 844.237881 840.865339 837.492796 834.120253 830.747711 827.375168 824.002626 820.630083 817.257540 813.884998 810.512455 807.139913 803.767370 800.394828 797.022285 793.649742 790.277200 786.904657 783.532115 780.159572 776.787029 773.414487 770.041944 766.669402 763.296859 759.924317 756.551774 753.179231 749.806689 746.434146 743.061604 739.689061 736.316518 732.943976 729.571433 726.198891 722.826348 719.453806
901.571105 898.198562 894.826020 891.453477 888.080935 884.708392 881.335850 877.963307 874.590764 871.218222 867.845679 864.473137 861.100594 857.728051 854.355509 850.982966 847.610424 844.237881 840.865339 837.492796 834.120253 830.747711 827.375168 824.002626 820.630083 817.257540 813.884998 810.512455 807.139913 803.767370 800.394828 797.022285 793.649742 790.277200 786.904657 783.532115 780.159572 776.787029 773.414487 770.041944 766.669402 763.296859 759.924317 756.551774 753.179231 749.806689 746.434146 743.061604 739.689061 736.316518 732.943976 729.571433 726.198891 722.826348 719.453806
901.571105 898.198562 894.826020 891.453477 888.080935 884.708392 881.335850 877.963307 874.590764 871.218222 867.845679 864.473137 861.100594 857.728051 854.355509 850.982966 847.610424 844.237881 840.865339 837.492796 834.120253 830.747711 827.375168 824.002626 820.630083 817.257540 813.884998 810.512455 807.139913 803.767370 800.394828 797.022285 793.649742 790.277200 786.904657 783.532115 780.159572 776.787029 773.414487 770.041944 766.669402 763.296859 759.924317 756.551774 753.179231 749.806689 746.434146 743.061604 739.689061 736.316518 732.943976 729.571433 726.198891 722.826348 719.453806
901.571105 898.198562 894.826020 891.453477 888.080935 884.708392 881.335850 877.963307 874.590764 871.218222 867.845679 864.473137 861.100594 857.728051 854.355509 850.982966 847.610424 844.237881 840.865339 837.492796 834.120253 830.747711 827.375168 824.002626 820.630083 817.257540 813.884998 810.512455 807.139913 803.767370 800.394828 797.022285 793.649742 790.277200 786.904657 783.532115 780.159572 776.787029 773.414487 770.041944 766.669402 763.296859 759.924317 756.551774 753.179231 749.806689 746.434146 743.061604 739.689061 736.316518 732.943976 729.571433 726.198891 722.826348 719.453806
901.571105 898.198562 894.826020 891.453477 888.080935 884.708392 881.335850 877.963307 874.590764 871.218222 867.845679 864.473137 861.100594 857.728051 854.355509 850.982966 847.610424 844.237881 840.865339 837.492796 834.120253 830.747711 827.375168 824.002626 820.630083 817.257540 813.884998 810.512455 807.139913 803.767370 800.394828 797.022285 793.649742 790.277200 786.904657 783.532115 780.159572 776.787029 773.414487 770.041944 766.669402 763.296859 759.924317 756.551774 753.179231 749.806689 746.434146 743.061604 739.689061 736.316518 732.943976 729.571433 726.198891 722.826348 719.453806
901.571105 898.198562 894.826020 891.453477 888.080935 884.708392 881.335850 877.963307 874.590764 871.218222 867.845679 864.473137 861.100594 857.728051 854.355509 850.982966 847.610424 844.237881 840.865339 837.492796 834.120253 830.747711 827.375168 824.002626 820.630083 817.257540 813.884998 810.512455 807.139913 803.767370 800.394828 797.022285 793.649742 790.277200 786.904657 783.532115 780.159572 776.787029 773.414487 770.041944 766.669402 763.296859 759.924317 756.551774 753.179231 749.806689 746.434146 743.061604 739.689061 736.316518 732.943976 729.571433 726.198891 722.826348 719.453806
901.571105 898.198562 894.826020 891.453477 888.080935 884.708392 881.335850 877.963307 874.590764 871.218222 867.845679 864.473137 861.100594 857.728051 854.355509 850.982966 847.610424 844.237881 840.865339 837.492796 834.120253 830.747711 827.375168 824.002626 820.630083 817.257540 813.884998 810.512455 807.139913 803.767370 800.394828 797.022285 793.649742 790.277200 786.904657 783.532115 780.159572 776.787029 773.414487 770.041944 766.669402 763.296859 759.924317 756.551774 753.179231 749.806689 746.434146 743.061604 739.689061 736.316518 732.943976 729.571433 726.198891 722.826348 719.453806
901.571105 898.198562 894.826020 891.453477 888.080935 884.708392 881.335850 877.963307 874.590764 871.218222 867.845679 864.473137 861.100594 857.728051 854.355509 850.982966 847.610424 844.237881 840.865339 837.492796 834.120253 830.747711 827.375168 824.002626 820.630083 817.257540 813.884998 810.512455 807.139913 803.767370 800.394828 797.022285 793.649742 790.277200 786.904657 783.532115 780.159572 776.787029 773.414487 770.041944 766.669402 763.296859 759.924317 756.551774 753.179231 749.806689 746.434146 743.061604 739.689061 736.316518 732.943976 729.571433 726.198891 722.826348 719.453806
901.571105 898.198562 894.826020 891.453477 888.080935 884.708392 881.335850 877.963307 874.590764 871.218222 867.845679 864.473137 861.100594 857.728051 854.355509 850.982966 847.610424 844.237881 840.865339 837.492796 834.120253 830.747711 827.375168 824.002626 820.630083 817.257540 813.884998 810.512455 807.139913 803.767370 800.394828 797.022285 793.649742 790.277200 786.904657 783.532115 780.159572 776.787029 773.414487 770.041944 766.669402 763.296859 759.924317 756.551774 753.179231 749.806689 746.434146 743.061604 739.689061 736.316518 732.943976 729.571433 726.198891 722.826348 719.453806
901.571105 898.198562 894.826020 891.453477 888.080935 884.708392 881.335850 877.963307 874.590764 871.218222 867.845679 864.473137 861.100594 857.728051 854.355509 850.982966 847.610424 844.237881 840.865339 837.492796 834.120253 830.747711 827.375168 824.002626 820.630083 817.257540 813.884998 810.512455 807.139913 803.767370 800.394828 797.022285 793.649742 790.277200 786.904657 783.532115 780.159572 776.787029 773.414487 770.041944 766.669402 763.296859 759.924317 756.551774 753.179231 749.806689 746.434146 743.061604 739.689061 736.316518 732.943976 729.571433 726.198891 722.826348 719.453806
901.571105 898.198562 894.826020 891.453477 888.080935 884.708392 881.335850 877.963307 874.590764 871.218222 867.845679 864.473137 861.100594 857.728051 854.355509 850.982966 847.610424 844.237881 840.865339 837.492796 834.120253 830.747711 827.375168 824.002626 820.630083 817.257540 813.884998 810.512455 807.139913 803.767370 800.394828 797.022285 793.649742 790.277200 786.904657 783.532115 780.159572 776.787029 773.414487 770.041944 766.669402 763.296859 759.924317 756.551774 753.179231 749.806689 746.434146 743.061604 739.689061 736.316518 732.943976 729.571433 726.198891 722.826348 719.453806
901.571105 898.198562 894.826020 891.453477 888.080935 884.708392 881.335850 877.963307 874.590764 871.218222 867.845679 864.473137 861.100594 857.728051 854.355509 850.982966 847.610424 844.237881 840.865339 837.492796 834.120253 830.747711 827.375168 824.002626 820.630083 817.257540 813.884998 810.512455 807.139913 803.767370 800.394828 797.022285 793.649742 790.277200 786.904657 783.532115 780.159572 776.787029 773.414487 770.041944 766.669402 763.296859 759.924317 756.551774 753.179231 749.806689 746.434146 743.061604 739.689061 736.316518 732.943976 729.571433 726.198891 722.826348 719.453806
901.571105 898.198562 894.826020 891.453477 888.080935 884.708392 881.335850 877.963307 874.590764 871.218222 867.845679 864.473137 861.100594 857.728051 854.355509 850.982966 847.610424 844.237881 840.865339 837.492796 834.120253 830.747711 827.375168 824.002626 820.630083 817.257540 813.884998 810.512455 807.139913 803.767370 800.394828 797.022285 793.649742 790.277200 786.904657 783.532115 780.159572 776.787029 773.414487 770.041944 766.669402 763.296859 759.924317 756.551774 753.179231 749.806689 746.434146 743.061604 739.689061 736.316518 732.943976 729.571433 726.198891 722.826348 719.453806
901.571105 898.198562 894.826020 891.453477 888.080935 884.708392 881.335850 877.963307 874.590764 871.218222 867.845679 864.473137 861.100594 857.728051 854.355509 850.982966 847.610424 844.237881 840.865339 837.492796 834.120253 830.747711 827.375168 824.002626 820.630083 817.257540 813.884998 810.512455 807.139913 803.767370 800.394828 797.022285 793.649742 790.277200 786.904657 783.532115 780.159572 776.787029 773.414487 770.041944 766.669402 763.296859 759.924317 756.551774 753.179231 749.806689 746.434146 743.061604 739.689061 736.316518 732.943976 729.571433 726.198891 722.826348 719.453806
901.571105 898.198562 894.826020 891.453477 888.080935 884.708392 881.335850 877.963307 874.590764 871.218222 867.845679 864.473137 861.100594 857.728051 854.355509 850.982966 847.610424 844.237881 840.865339 837.492796 834.120253 830.747711 827.375168 824.002626 820.630083 817.257540 813.884998 810.512455 807.139913 803.767370 800.394828 797.022285 793.649742 790.277200 786.904657 783.532115 780.159572 776.787029 773.414487 770.041944 766.669402 763.296859 759.924317 756.551774 753.179231 749.806689 746.434146 743.061604 739.689061 736.316518 732.943976 729.571433 726.198891 722.826348 719.453806
901.571105 898.198562 894.826020 891.453477 888.080935 884.708392 881.335850 877.963307 874.590764 871.218222 867.845679 864.473137 861.100594 857.728051 854.355509 850.982966 847.610424 844.237881 840.865339 837.492796 834.120253 830.747711 827.375168 824.002626 820.630083 817.257540 813.884998 810.512455 807.139913 803.767370 800.394828 797.022285 793.649742 790.277200 786.904657 783.532115 780.159572 776.787029 773.414487 770.041944 766.669402 763.296859 759.924317 756.551774 753.179231 749.806689 746.434146 743.061604 739.689061 736.316518 732.943976 729.571433 726.198891 722.826348 719.453806
901.571105 898.198562 894.826020 891.453477 888.080935 884.708392 881.335850 877.963307 874.590764 871.218222 867.845679 864.473137 861.100594 857.728051 854.355509 850.982966 847.610424 844.237881 840.865339 837.492796 834.120253 830.747711 827.375168 824.002626 820.630083 817.257540 813.884998 810.512455 807.139913 803.767370 800.394828 797.022285 793.649742 790.277200 786.904657 783.532115 780.159572 776.787029 773.414487 770.041944 766.669402 763.296859 759.924317 756.551774 753.179231 749.806689 746.434146 743.061604 739.689061 736.316518 732.943976 729.571433 726.198891 722.826348 719.453806
901.571105 898.198562 894.826020 891.453477 888.080935 884.708392 881.335850 877.963307 874.590764 871.218222 867.845679 864.473137 861.100594 857.728051 854.355509 850.982966 847.610424 844.237881 840.865339 837.492796 834.120253 830.747711 827.375168 824.002626 820.630083 817.257540 813.884998 810.512455 807.139913 803.767370 800.394828 797.022285 793.649742 790.277200 786.904657 783.532115 780.159572 776.787029 773.414487 770.041944 766.669402 763.296859 759.924317 756.551774 753.179231 749.806689 746.434146 743.061604 739.689061 736.316518 732.943976 729.571433 726.198891 722.826348 719.453806
901.571105 898.198562 894.826020 891.453477 888.080935 884.708392 881.335850 877.963307 874.590764 871.218222 867.845679 864.473137 861.100594 857.728051 854.355509 850.982966 847.610424 844.237881 840.865339 837.492796 834.120253 830.747711 827.375168 824.002626 820.630083 817.257540 813.884998 810.512455 807.139913 803.767370 800.394828 797.022285 793.649742 790.277200 786.904657 783.532115 780.159572 776.787029 773.414487 770.041944 766.669402 763.296859 759.924317 756.551774 753.179231 749.806689 746.434146 743.061604 739.689061 736.316518 732.943976 729.571433 726.198891 722.826348 719.453806
901.571105 898.198562 894.826020 891.453477 888.080935 884.708392 881.335850 877.963307 874.590764 871.218222 867.845679 864.473137 861.100594 857.728051 854.355509 850.982966 847.610424 844.237881 840.865339 837.492796 834.120253 830.747711 827.375168 824.002626 820.630083 817.257540 813.884998 810.512455 807.139913 803.767370 800.394828 797.022285 793.649742 790.277200 786.904657 783.532115 780.159572 776.787029 773.414487 770.041944 766.669402 763.296859 759.924317 756.551774 753.179231 749.806689 746.434146 743.061604 739.689061 736.316518 732.943976 729.571433 726.198891 722.826348 719.453806
