avaframe/tests/data/remeshedDEM8.00.asc
ncols 626
nrows 251
xllcenter 1000.00
yllcenter -5000.00
cellsize 8.00
noDataValue nan
[rows 38 to 56 of 251, columns 129 to 171 of 626]
1028.062204271544 1020.698117133181 1013.360277099941 1006.048975529124 998.764117207942 991.5059268518005 984.2740953981993 977.0687351066236 969.8896771354218 962.7372270176051 955.6113876117164 948.5118315533255 941.4387551384656 934.3923340094235 927.3721687195156 920.3786857872553 913.4112891233254 906.4707760846142 899.5565272661338 892.6687100986375 885.8075789742434 878.9726950294064 872.1644456066853 865.3825497079727 858.6271284610903 851.8983644636326 845.1956755554013 838.5197969513109 831.8704136976513 825.2472771417478 818.6506255559107 812.0806160374008 805.5369030906185 799.0198595526716 792.5291239799728 786.0649987931231 779.627148680818 773.2160314379319 766.8310454242344 760.4727830435443 754.1410120756481 747.8355570045997 741.5567002830726
1028.062331099957 1020.698016547013 1013.36025140395 1006.049132899256 998.7642325925592 991.5060276369188 984.2740483213071 977.068672002562 969.8897996729966 962.7373675008099 955.6113060589761 948.5118421190356 941.4388710596643 934.3922576273686 927.3722889414764 920.3785222038548 913.411454874476 906.4706867450707 899.5565818273117 892.6687382450015 885.8075324456909 878.9726990622587 872.1644882911193 865.3825077459063 858.6271197942519 851.8982438141466 845.1957441759938 838.5199373489163 831.8702643502872 825.2472040934039 818.65087510366 812.080514813784 805.5371650422932 799.0197428569004 792.529119023378 786.0650470623993 779.6272831548187 773.2159745410625 766.8311629611896 760.4727754104384 754.140986295637 747.8356160710773 741.5566739634162
1028.062318832274 1020.69802 1013.360317492594 1006.048969629516 998.7642260294338 991.5058958594086 984.274046 977.0687156475093 969.8897591524462 962.7373351393165 955.6113678402819 948.511834 941.4387969643376 934.3921971843465 927.3721097365797 920.3785789683191 913.411385 906.4706836098136 899.5566011086878 892.6688495720534 885.8074802578495 878.972698 872.1643772493899 865.3825548582615 858.6271240982624 851.8981089137677 845.195774 838.519760540024 831.8703214389982 825.2472945549541 818.6507120652491 812.080612 805.536955269451 799.0198405335477 792.5291474696947 786.0648879610418 779.627213 773.2159574230727 766.831127226236 760.4727894823782 754.1409456472013 747.8355759999999 741.5566013406008
1028.062193720782 1020.698145122887 1013.360358607926 1006.048990952753 998.7641162460825 991.5060149724432 984.2740955666118 977.0686469433861 969.8897611774294 962.737327213156 955.6114561584532 948.5118104214267 941.438834275045 934.3923309775636 927.3721544538096 920.3786086058473 913.4112799308296 906.470783453996 899.5565506653409 892.6687187445584 885.8075842975234 878.9727256286769 872.1645306389435 865.382451335142 858.6271017702364 851.8982308502893 845.1957988791047 838.5199421756804 831.8703322280752 825.2472632142274 818.650782104522 812.0805889047416 805.5369934926681 799.0198708187579 792.5291386841287 786.0651022794208 779.6271632871076 773.2159905487729 766.8312497086233 760.4728111784575 754.1410562162982 747.8355228549563 741.5567287081382
1028.062331494264 1020.697999370598 1013.360311281054 1006.049125677388 998.764228234764 991.5058341857581 984.2740372827874 977.068726405913 969.8896696628887 962.7374225965771 955.6113513931148 948.5118913013814 941.4388167861747 934.3921525455513 927.3721976628195 920.3784836814887 913.4114059013772 906.4707150101967 899.5564490257559 892.6688735414818 885.8074855459968 878.9726990288273 872.1643379196224 865.3825302055377 858.6270519167788 851.8982964691779 845.1957664605495 838.5198099726101 831.8703072590071 825.247272520565 818.6505941671347 812.0806657087941 805.5370432416547 799.0198246385364 792.5292183660314 786.0648914158841 779.6271822128662 773.2160162556538 766.8310699891722 760.4728338116034 754.1408668524376 747.8356064258056 741.556658556811
1028.062325015687 1020.697969382298 1013.360325263307 1006.049048078484 998.7641653694245 991.5058914530542 984.2740944998286 977.0686037174023 969.8897745925926 962.7374061589442 955.6112921239099 948.5118728674399 941.4387335533052 934.39224110429 927.37216792587 920.3785951758467 913.4114096203681 906.4706298390682 899.5564636086169 892.668767260836 885.807422449465 878.9726870932645 872.1643693815923 865.3825165768485 858.6271278524272 851.8981820191991 845.1957860055252 838.5197854003327 831.8702276932399 825.2471834125325 818.6507439935236 812.080696737683 805.536959544403 799.0199586046048 792.5292315479122 786.0648779140994 779.6272256264476 773.2159287844297 766.8310888720778 760.4728349546805 754.1410020237892 747.8355936644261 741.5566770981056
1028.062235788815 1020.698091417677 1013.360237165861 1006.049186291878 998.7642422493317 991.5059327669758 984.2740585059391 977.0688265152843 969.8896957701804 962.7373051379807 955.6115285631618 948.5117731948001 941.4388804829238 934.3922757585824 927.3721904391117 920.378630782147 913.411283486221 906.4708454175327 899.5564359521454 892.6687015361729 885.8076638454444 878.9726488683525 872.1644484638865 865.382495652075 858.6271500774229 851.8983099078577 845.1958146876387 838.5198230294109 831.8703790881714 825.2472448049192 818.6507661515537 812.0805423777298 805.5371659126184 799.0198560832553 792.52915229846 786.0650684880374 779.6271566720565 773.2160509565333 766.8310889842628 760.4728550131878 754.1410236374801 747.8356024226443 741.5567632849431
1028.062207720553 1020.69802 1013.36037783593 1006.048995260147 998.7641736707468 991.5059726909606 984.274046 977.0686429517234 969.8897619126831 962.7373296311644 955.6112662550327 948.511834 941.4388428290574 934.3922078302761 927.3721398031894 920.3784683063252 913.411385 906.4706517360203 899.5564826328842 892.6688126615003 885.8074516510302 878.972698 872.164293974514 865.3824587410063 858.6270917888218 851.8982595271859 845.195774 838.5198480864653 831.8702436918204 825.247288881232 818.6506134024555 812.080612 805.5369161603787 799.0197738570486 792.5291632085905 786.0648846489348 779.627213 773.2158250967693 766.8311245071096 760.4727736385335 754.1409591850658 747.8355759999999 741.5566343317071
1028.062241252368 1020.698063042841 1013.360316927908 1006.049057782766 998.7643143649403 991.5059271851385 984.274050556066 977.0687614460984 969.8896480012386 962.7373393307184 955.6113981812239 948.5117698255747 941.438866674587 934.3922930687506 927.3721237054707 920.378600446869 913.4113397797689 906.4706564499033 899.5565976277226 892.6688022155092 885.8075004711073 878.9726611867274 872.1644376672809 865.3826572438811 858.6270753117626 851.8983265345921 845.1957400469026 838.5198309154173 831.8703843436252 825.2471916486887 818.6508658302184 812.0805559572576 805.537035640485 799.0198448389457 792.5292494220048 786.0650354718323 779.6271941155358 773.2161341785738 766.8311253346352 760.4729030597031 754.1409351333485 747.8355954055368 741.5567375673704
1028.06231199484 1020.698035661873 1013.360222808302 1006.049114342758 998.7642029840258 991.5059177140261 984.2740575309683 977.0685907760005 969.8898232901217 962.7372840273372 955.6114317500493 948.5118179022454 941.4387815914323 934.3922817607832 927.3721734595479 920.3784575662695 913.4113570152717 906.4707429244418 899.5565264946347 892.6687306706526 885.8075639186319 878.9727810559359 872.1645015866092 865.3825269779045 858.6272054938556 851.8981302538903 845.1957729811504 838.5198296821247 831.8702730711846 825.2473343704437 818.6506623813721 812.080620485091 805.537012712451 799.0198303024719 792.5291754210352 786.0650502747797 779.6272153865298 773.2158929991178 766.8312354133764 760.4728112757048 754.1410005104156 747.8355233624887 741.556591999587
1028.062247043858 1020.698062825867 1013.360313613555 1006.049017841242 998.7643106235872 991.5058162404011 984.2740703242108 977.0685947940376 969.8898405567753 962.737393173851 955.611293713403 948.5118795660801 941.4388950189207 934.3922887688908 927.3721867106663 920.3785449246104 913.4114188811751 906.4706967531966 899.5564576212802 892.6686900711694 885.8075605178587 878.9727076238772 872.1642978601009 865.3826086711804 858.6271358997119 851.8983237965813 845.1957600689972 838.5197095481788 831.8704077378508 825.2472571249218 818.6507892434313 812.0806924250644 805.5370889285299 799.0198335296781 792.5291651380301 786.0650134613452 779.6272458554205 773.2158617611236 766.8312442506103 760.4728243720558 754.1410036247498 747.8355245542498 741.5566506687996
1028.062235662988 1020.698074516524 1013.360295954484 1006.049119286396 998.764198737361 991.5060484987956 984.2740091821934 977.0687604398979 969.8897664853907 962.7373266953541 955.611436408165 948.5117863000085 941.4388723073805 934.3922470392281 927.3721490065991 920.3785283642458 913.4113949926186 906.4707144446078 899.5565361484639 892.6688429021935 885.807458511514 878.9726899918988 872.1644820428418 865.3825122950574 858.6272348756958 851.8982412994247 845.1957063921931 838.5199504007853 831.8702383436304 825.2472663893534 818.6507814494523 812.080585346775 805.5370858888637 799.0198920592779 792.5292103059833 786.0650414843507 779.6271862197248 773.2161181434146 766.8311480885034 760.4728400803681 754.1409508780725 747.835556439293 741.5567037819628
1028.062341373204 1020.69802 1013.360278238077 1006.04901558412 998.7642051393525 991.5058580113835 984.274046 977.0686506318443 969.8897057273174 962.7372569314653 955.6113547250408 948.511834 941.4387349238164 934.3922740487391 927.3721719970956 920.3785358296573 913.411385 906.4706963179302 899.5565575692815 892.6687435324425 885.8074958368146 878.972698 872.1643417708109 865.3826211539611 858.6271307983026 851.8982665919621 845.195774 838.51981481501 831.8702809104188 825.2472334460922 818.6506482552805 812.080612 805.5370110503295 799.0198320360707 792.5291992016523 786.0649439700541 779.627213 773.2159527720185 766.8312240410525 760.4728816248758 754.1409177356485 747.8355759999999 741.5565975175766
1028.06223826595 1020.698051217371 1013.360284936314 1006.049016923169 998.764156489314 991.5059840457683 984.2740195331844 977.0687803247407 969.8897548084117 962.737283293495 955.6114434321393 948.5118262964319 941.4388663584954 934.3922145895951 927.3721735815868 920.3785503580785 913.4113875259998 906.4708233960674 899.5565048958139 892.6688021455184 885.8074995641043 878.9726985161844 872.1644226156347 865.3825442776015 858.6271500235382 851.8983179923994 845.1957290525589 838.5199157128809 831.8703231874465 825.2472432987059 818.6507776723498 812.080630680097 805.5369966238151 799.0199399507326 792.5291064593827 786.0650532666211 779.6272722044324 773.2161092660851 766.8311071573904 760.472903653095 754.1410331298983 747.8355832970284 741.5568369034009
1028.062236054616 1020.697976222537 1013.360315246761 1006.049046623935 998.7642940197363 991.5058560337224 984.2741116163165 977.0686545576691 969.8898930648704 962.7373806557714 955.6113088450682 948.511847778085 941.4389098351598 934.3922611179064 927.3721764443904 920.3785627797134 913.4114324952953 906.4706925065153 899.5564016032438 892.668766318234 885.8075379151007 878.9726787845832 872.164469917209 865.3825547317908 858.6271627995446 851.8982255978372 845.1957984551512 838.5197813657568 831.8703206423314 825.2472689874503 818.650635523835 812.0805716758741 805.5370115005346 799.0198628354697 792.5292594423315 786.0650106255794 779.6272194848871 773.2158694662684 766.8312192310474 760.4728174883692 754.141011619578 747.8355537985849 741.5566968768387
1028.062276395734 1020.698020202563 1013.36027490624 1006.049102194181 998.7642516738989 991.5059420495618 984.2740153438468 977.0687895940807 969.889745735356 962.7372712137389 955.6114538905229 948.5118215690926 941.4388343543338 934.3922797587099 927.3720720986282 920.3786496345269 913.4113548735899 906.4707415703854 899.5564935462081 892.6686737322095 885.8075056550075 878.9727671787186 872.1643088934917 865.3826363397372 858.6271454512066 851.8981663484599 845.1957902610829 838.5197774284673 831.8703903201388 825.2473855314875 818.6506955842003 812.0805275791371 805.5371076935935 799.0197595574211 792.5291930059693 786.0649261722724 779.6272181471752 773.2160724395529 766.8311491626451 760.4728630836845 754.1410626852895 747.8355662406585 741.556716360435
1028.06234449019 1020.698014213155 1013.360388516717 1006.048973635406 998.7641723283298 991.5060714494168 984.2740380333753 977.0687017678429 969.889818436158 962.7373914972345 955.6113045989554 948.5118355500872 941.4388623823709 934.3921848546589 927.3722341293939 920.3785234557945 913.4114825478839 906.4707038924595 899.5565058318995 892.668772837345 885.8075552079241 878.9726595898453 872.1644745961729 865.3825312959812 858.6271313515394 851.8983323283607 845.1957145466669 838.5199846246499 831.8702762771284 825.2472625908335 818.6507651690617 812.0806719313287 805.5370518777864 799.0198596234428 792.5291967803892 786.0649752720624 779.6271817297715 773.2159749054495 766.831261152435 760.4728928747626 754.140958644923 747.8356561036949 741.5566244584172
1028.062206193065 1020.69802 1013.360289096024 1006.04907585977 998.7642716482068 991.5058383023356 984.274046 977.0686276338051 969.88981903392 962.7372907046959 955.6113815121229 948.511834 941.4387031569574 934.3922895392041 927.3721352594811 920.3786458699201 913.411385 906.4707315283098 899.5564495158881 892.66870958061 885.8074714221463 878.972698 872.1644402392362 865.3825154014177 858.6271297376333 851.8982728679581 845.195774 838.5197150183961 831.8703783055116 825.2472796252075 818.6507456732134 812.080612 805.5369534314641 799.0198604701071 792.5291457451403 786.0649548661178 779.627213 773.2159682974211 766.8310951133965 760.4728715047501 754.1409307051305 747.8355759999999 741.556696767602
1028.062298213243 1020.698066942968 1013.36046255622 1006.049014980929 998.7642337843679 991.5059697131492 984.2740380286998 977.0687631970686 969.889646832655 962.7374687479694 955.6113287210733 948.5118782382945 941.4388599536352 934.3922200283271 927.3722429507768 920.3785150536497 913.4114838371239 906.4707552591362 899.5564629110577 892.6687723511045 885.8074914429966 878.9727487230881 872.1644040589038 865.3826276729992 858.627229736215 851.8982910269827 845.1956946017041 838.5200117678372 831.8703000888075 825.2473124165244 818.6506822808124 812.0806182390818 805.5369938487017 799.0199030107725 792.5292497120209 786.0649862825035 779.6272164423513 773.2159968861129 766.8312103594774 760.4728155251199 754.1410075578019 747.8355760532502 741.556655212735
