avaframe/tests/data/remeshedDEM8.00.asc
ncols 626
nrows 251
xllcenter 1000.00
yllcenter -5000.00
cellsize 8.00
noDataValue nan
[rows 76 to 94 of 251, columns 387 to 429 of 626]
5.673453690994847 5.138769684010795 4.630360179814238 4.148498258421316 3.693054899533386 3.264162075175877 2.861699610064104 2.485748945614408 2.136094424010473 1.813176054756603 1.516496298199237 1.246444007204794 1.002754391664653 0.7856004008572286 0.5949441079168315 0.4306561178823496 0.2929555026527174 0.1816429169643628 0.09682833427217111 0.03848983949803506 0.006566665429426538 -0.0001288360016395671 -1.561732906605407e-05 -1.2647785794047e-07 2.745627153022425e-07 2.436813913621491e-08 -2.674279965837654e-09 -4.104776400456494e-10 -3.396594476688064e-13 7.688081415282041e-12 3.975239409180691e-13 -7.630676523413026e-14 -9.355807577751333e-15 4.794890377838402e-17 1.72846893527268e-16 6.598309065757719e-18 -1.195296816423471e-18 -2.01002438802127e-19 -1.741715481369354e-22 3.288680707043076e-21 2.254798412863291e-22 -3.634157075187894e-23 -4.278367545385163e-24
5.673605843244088 5.138690674417179 4.630344088406368 4.148425028231263 3.693077513504589 3.26421158005599 2.861748747877878 2.485601362187726 2.136155934411513 1.812990735070218 1.516620322073946 1.246486087388696 1.002791542439895 0.7855735257851313 0.5950089070535796 0.4305577424693275 0.2928463495565481 0.1815872212032578 0.09676860607468066 0.03841304745251017 0.006656636705050963 -0.0001473512293922349 -2.819546185212301e-05 2.573358344394034e-07 3.126390508632119e-07 2.130523487894734e-08 -2.711441698486774e-09 -4.76929878970082e-10 -1.220943463023155e-12 4.047946875159426e-12 2.931416256143288e-13 -5.735696113889055e-14 -7.631086477342106e-15 -1.438625812004683e-17 1.034762126489577e-16 7.839247397789246e-18 -1.042079073503282e-18 -2.139561357014605e-19 -1.091705824970181e-23 2.846307812627551e-21 2.231101566626863e-22 -3.023415846280232e-23 -3.106509506590201e-24
5.673502095176498 5.138690312350137 4.6304018828945 4.148388628248203 3.693197477423641 3.264116385866184 2.861792505547401 2.485632569617363 2.136184536450989 1.813137419654699 1.516493096289252 1.246473257400193 1.002757470559994 0.7856188404820273 0.594793241845467 0.430718495176034 0.2929132290000896 0.1816119243663893 0.09681545737918858 0.0384505437403399 0.0065736028817557 -9.352696573088531e-05 -2.045522298415535e-05 -1.038018781506133e-07 2.407184588568732e-07 1.664313233133729e-08 -2.271332820882187e-09 -3.748921279444906e-10 1.159595365187691e-12 7.116176079480445e-12 3.242664408053516e-13 -6.350996634080363e-14 -1.133072741506437e-14 6.835841180316059e-17 1.900952306249398e-16 1.222486337405212e-17 -1.498222329043276e-18 -1.959136217125003e-19 3.119901053941076e-22 2.631477285756393e-21 2.047308218165793e-22 -3.66094172716544e-23 -5.17012755292453e-24
5.673523288051138 5.138680914762977 4.630401844756331 4.148570196918674 3.693056354724107 3.264228171708658 2.861672120235954 2.485745991946943 2.136167182159259 1.813079341467992 1.516604550714256 1.246347724892234 1.002827721937571 0.7856198264962584 0.5950576529005964 0.4305833915891722 0.2930746526691866 0.1816323552710101 0.09679407223521055 0.03843763375317791 0.006569862159013439 -0.0001517722177028438 -2.256493006167723e-05 -6.961964366559871e-08 3.505696469880925e-07 2.309677808244485e-08 -2.346653571781913e-09 -4.000382288017737e-10 -1.137833678361062e-12 7.390773366873688e-12 4.071922490988537e-13 -7.70234023749248e-14 -9.842456310634396e-15 -9.305571334175326e-17 1.611753066627619e-16 9.7428988807926e-18 -1.055235701998524e-18 -1.551390469413776e-19 4.681940617235809e-21 3.805605240691283e-21 2.257205304587019e-22 -3.609959041835067e-23 -4.46284836713215e-24
5.673489857711816 5.138717088156145 4.63034741541431 4.148471 3.693129500368173 3.264150043467768 2.86165880751582 2.48578175114418 2.136148 1.813169098627006 1.516565761917234 1.246459253884912 1.002807604009443 0.785588 0.594826623152981 0.4306932403190386 0.292861878170208 0.1817056399775115 0.09679 0.03847420607952092 0.006545189373539943 -0.0001262144287082608 -2.137308957468896e-05 0 3.854742223810785e-07 2.587963078089203e-08 -2.770472789367375e-09 -5.395691466891016e-10 0 6.616422849237561e-12 5.353247598774402e-13 -6.453489800905224e-14 -9.776079911324823e-15 0 1.692843690561193e-16 1.167977424825267e-17 -1.574372292820203e-18 -2.599540927804912e-19 0 3.542000865360558e-21 1.83078497920519e-22 -2.554523376721611e-23 -4.915740399216225e-24
5.673548805684797 5.138726611049067 4.630473184680161 4.148474180829685 3.693060371586852 3.264133368168497 2.861760868912835 2.485662519171843 2.13611552869889 1.813095137922519 1.516538715182971 1.246477077181547 1.002812587653736 0.785579123269055 0.5949044543385859 0.4306214413145862 0.2929835708708907 0.1816065432645911 0.09678913758292676 0.0385449330577241 0.006571982351429794 -0.0001354818976541734 -2.171840747975638e-05 -9.993826199549539e-08 3.170433047225316e-07 2.760354373481896e-08 -2.878678687731178e-09 -4.232223616372401e-10 -1.385755171133893e-12 8.39624523792017e-12 3.393225216968036e-13 -7.360890848873921e-14 -1.093421377667792e-14 -3.119497205249719e-17 1.674935518930422e-16 1.270673725446436e-17 -1.506488319973431e-18 -2.272475973873743e-19 3.50290117878025e-22 3.732253134477825e-21 2.555635043018077e-22 -3.935977396228526e-23 -5.920793388265558e-24
5.673651386401898 5.138660252670944 4.630382589725293 4.148519206940383 3.693038883346652 3.264164009402684 2.861696262015814 2.485778068092744 2.136174298688691 1.813190484573966 1.516545804430884 1.246417908451975 1.002793294612371 0.7855855142640383 0.5949551580574015 0.4306224360411608 0.2928852261088654 0.1816950388089704 0.09679275555328079 0.03841859337213707 0.006566550610839368 -0.000114321148960303 -1.683776320864127e-05 -1.319572741185408e-07 2.945833432496195e-07 1.980364827219194e-08 -2.322019366729173e-09 -4.814634382836491e-10 1.369531719358475e-12 5.998231542753572e-12 4.879108671855625e-13 -5.749091454749989e-14 -9.430300252505077e-15 4.056233946774029e-17 1.654895886345231e-16 8.378724822121815e-18 -1.194896334064275e-18 -2.297270980623332e-19 2.709652271945702e-21 3.331532789770704e-21 2.450488167821451e-22 -2.8289474208018e-23 -3.963876076220264e-24
5.673498351226146 5.13877635264272 4.630401031310904 4.148452472681573 3.693091437063934 3.264163291585619 2.861706726848201 2.485635382761655 2.136176643119497 1.813108735249671 1.516469419564417 1.246428873874504 1.002656755150388 0.7855872116567318 0.5948237069329004 0.4307146274010893 0.2929352554086909 0.1815474437707338 0.09678497750715487 0.03851435407354799 0.00651966971237474 -0.0001410818047819363 -2.46398545752617e-05 1.008449151951638e-07 2.293550594031877e-07 1.82419214812578e-08 -2.432086767096919e-09 -4.767911033271677e-10 -2.115151643530167e-12 5.406699483938681e-12 4.827251431528068e-13 -6.333499796069161e-14 -1.176496887666606e-14 2.090584630291113e-17 1.405793846736774e-16 9.8083999358457e-18 -1.130237570205027e-18 -2.052678058506272e-19 -6.939274323528787e-22 3.509075388958416e-21 2.677906485502674e-22 -2.925792873049644e-23 -6.027410450803168e-24
5.67351924675524 5.138691558518078 4.630448492525424 4.148597128982462 3.693086634374402 3.264168300342231 2.86160765586324 2.485852715796563 2.136119849415251 1.813090348317446 1.516621856286105 1.246403649814906 1.002938982553852 0.7855134857266588 0.5950131256675146 0.4306600970699096 0.292924777039147 0.1817014195146491 0.09670987423655601 0.03851340900946384 0.006654551518464417 -0.0001463511388393813 -1.819110357617756e-05 -8.344836215460528e-08 3.704978783584376e-07 1.890957938096581e-08 -2.336944212707362e-09 -3.313498341406495e-10 -2.812993450500891e-13 7.083952814776151e-12 4.591717868074916e-13 -6.809655199212917e-14 -7.457326426272177e-15 4.936171484504604e-17 1.639152003232283e-16 7.500440465334435e-18 -1.364738570299285e-18 -2.176392877586317e-19 3.45482712530397e-21 3.216001782433258e-21 2.16300289958628e-22 -2.516325209086415e-23 -3.245697086424921e-24
5.673508441846343 5.138644978900518 4.630370530453693 4.148471 3.693124869395947 3.26413666211792 2.86171411355481 2.485663912898046 2.136148 1.81320116563236 1.516514806990346 1.246406253626538 1.002811471831375 0.785588 0.594894745124964 0.430664895139359 0.2928707768409354 0.1816019850495724 0.09679 0.03844654521097528 0.006579683397185642 -0.000110415246652755 -1.511704616180562e-05 0 3.098825891349933e-07 2.655095462355101e-08 -3.181803371622254e-09 -6.237433077369033e-10 0 7.761868472050091e-12 4.578417888434134e-13 -5.675987272465093e-14 -7.566333982402213e-15 0 1.26573705161048e-16 1.124056005340352e-17 -1.138518172529148e-18 -1.98032458223866e-19 0 3.462344610338899e-21 2.426051314641763e-22 -2.588029107991865e-23 -3.909370806513037e-24
5.673525569887524 5.138662126619719 4.630356215264632 4.148574282706777 3.693058210851475 3.264169671807435 2.861619233012343 2.485868334257403 2.136153921540399 1.813148285089678 1.516607911182701 1.246453420120859 1.00275439384158 0.7856796931944334 0.5949874115865909 0.4306107842189695 0.2929366288794437 0.1816761355267667 0.09668927825524751 0.03847587705704022 0.006645881120366809 -0.0001456826143010528 -1.862657931958223e-05 1.100760084068385e-07 2.546258787669769e-07 1.454949970202128e-08 -2.887551738194692e-09 -3.918774734501975e-10 -3.810559888153759e-12 8.134833457729678e-12 3.543027332356408e-13 -8.340721027001692e-14 -1.095211633814446e-14 7.901816642079937e-17 1.973260987646635e-16 8.946880024302964e-18 -1.313161816499119e-18 -1.690547113831647e-19 -1.778016657148565e-21 2.52934887897414e-21 1.963826385661685e-22 -2.597649877759186e-23 -3.20822775480698e-24
5.673630701104358 5.138724076896465 4.630354877413331 4.148386505344485 3.693143743658582 3.264076016491119 2.861661450841047 2.485681064361136 2.136180566050041 1.813062610837831 1.51646464161863 1.246399740952672 1.002700760585272 0.7855460053006462 0.5948685837933396 0.4307493637828976 0.2928861482805695 0.1815372285470805 0.09678541289322641 0.03843074038692682 0.006521064728193332 -0.0001056318287163925 -2.578051537678665e-05 -3.045533188917792e-07 2.466924685773985e-07 2.23788224822806e-08 -2.015491918772119e-09 -5.54815742926093e-10 -2.150285893570538e-12 7.144734310636506e-12 4.606370536742297e-13 -4.577345435830377e-14 -8.133598542489269e-15 -3.092085260186956e-18 1.063047978504944e-16 9.63907840815757e-18 -1.170878023203064e-18 -1.915627592128436e-19 3.244117138210838e-22 2.819888999957392e-21 1.793305096474674e-22 -2.476084981625907e-23 -4.870752358978178e-24
5.67345588998608 5.138630752844771 4.63044004629977 4.148381192252502 3.693088342665253 3.26410599736298 2.861651813274587 2.48561571873379 2.13616820792377 1.81302687946034 1.516628457796785 1.24651185640937 1.002785672932214 0.7855605929113918 0.5949437904636712 0.4307692618902668 0.2929079060180399 0.1815750709314873 0.09682267739418035 0.03843633763194614 0.006526713671604649 -0.00010474366329917 -1.876238049256083e-05 -3.665784349792171e-08 2.392316700004429e-07 1.97449665775104e-08 -2.505341100254473e-09 -3.941401765152236e-10 3.495365064263109e-12 5.339216141446659e-12 3.904543226928212e-13 -5.959861693938747e-14 -1.122550033507429e-14 5.079092857176371e-17 1.261205782465957e-16 8.372549765526481e-18 -1.039351360203668e-18 -1.706546243521893e-19 9.997647583535752e-22 2.42349816895367e-21 2.231387059313905e-22 -3.109564390188175e-23 -5.626497546886628e-24
5.673521721943721 5.138715359064393 4.630279846894789 4.148495687352997 3.693056980454976 3.264127034182988 2.861662115719897 2.485745963139432 2.136159607385864 1.813250732193723 1.516434657352507 1.246438410670338 1.002766852644478 0.7855994956655208 0.5949520569163019 0.4306444348960313 0.2929052918635543 0.1816895832321961 0.09672066467673487 0.03849253440295643 0.006655941726843861 -0.0001594301738666074 -2.267685023689816e-05 2.189929665487715e-07 4.039791627445573e-07 2.174991231251433e-08 -3.363985018367633e-09 -4.91074490619523e-10 1.983728474728934e-12 7.437366480912236e-12 5.154335588335062e-13 -5.996361538581963e-14 -6.846915510250298e-15 -2.40157611516063e-16 1.19050233190479e-16 9.543735876753808e-18 -1.73157936899851e-18 -2.206040370811303e-19 1.509214858799901e-21 3.927441790749075e-21 1.896611238685781e-22 -2.933923336293576e-23 -4.447663654911087e-24
5.673500045126769 5.138666127515521 4.63035986155125 4.148471 3.693075268957822 3.264128583127945 2.86167365333338 2.485767608342988 2.136148 1.813122708238283 1.516499942195686 1.246387539050734 1.002787614542363 0.785588 0.5948131486071302 0.4306964527355219 0.2928478245303018 0.1816034940394404 0.09679 0.03844077527924651 0.006562755945689664 -0.0001082450403660677 -2.185352676257781e-05 0 3.278435024908688e-07 1.758060136700028e-08 -2.268995043245641e-09 -5.544590451291334e-10 0 7.995903502830574e-12 5.432507493065829e-13 -6.814296292825688e-14 -1.305818268307519e-14 0 1.664170381942726e-16 1.113758751048001e-17 -1.297756764163226e-18 -2.395455164718709e-19 0 2.44449756920927e-21 1.925805304048454e-22 -2.72834825353874e-23 -4.475686429311377e-24
5.67359205742432 5.138648669531676 4.630372508019335 4.148438954485681 3.69311470845557 3.264214023080351 2.861789467803256 2.485630500015019 2.136224224303384 1.813082966056775 1.516544098457323 1.246483692155523 1.002841902499749 0.7855446484823106 0.5949883251477144 0.4306512980432725 0.2929725157240361 0.1816536816466372 0.09679624381400159 0.03844900356932633 0.006616797103703768 -0.0001290715895777324 -2.272658426306009e-05 4.03282008018129e-07 3.801888419099092e-07 2.491078304990188e-08 -3.296961109568205e-09 -3.708266172254007e-10 -2.696395156749292e-12 6.642599220202052e-12 3.059899889233829e-13 -6.729510944989708e-14 -1.174281037445221e-14 -6.327416430269553e-17 1.650061046333268e-16 7.951804320044038e-18 -1.732644866842931e-18 -1.933649675214654e-19 -1.453859532116541e-21 3.484700148714307e-21 1.953646993409921e-22 -2.690499390933162e-23 -4.096634936572718e-24
5.673506617370819 5.138690349959061 4.630427945731745 4.148507964600354 3.693048603222264 3.264126036450592 2.861662855204489 2.485765663233892 2.136056740599952 1.813203401093205 1.516466429022479 1.24643315053377 1.002728167590997 0.7856672733295244 0.5948394885199106 0.4307735475738289 0.2928715591430622 0.1817028963529337 0.09676873262017091 0.03844460234219786 0.006601541220786134 -0.0001252153093524624 -2.425296252642944e-05 3.250808515221372e-08 2.327162281242842e-07 1.663606439794538e-08 -2.313470648841423e-09 -4.321074361798374e-10 -2.90998500751017e-12 7.24439458992757e-12 4.27732679260222e-13 -3.991587808924473e-14 -6.509469748391687e-15 -3.478381580068001e-17 1.007399372253889e-16 9.031269777904497e-18 -1.065801648554517e-18 -2.158715425166684e-19 -1.404638167179015e-21 3.129008433799673e-21 1.32701455495523e-22 -2.756253389941331e-23 -4.86786792057112e-24
5.673519507335222 5.138779676139958 4.630306995127931 4.148522043893777 3.693071130218448 3.264128682360522 2.86176050441816 2.485692204167963 2.136110604719074 1.813053136321675 1.516499293091577 1.24634984191229 1.002838948387482 0.785573580233125 0.5949623900893763 0.4306079653420981 0.2928946379989908 0.1815276920867504 0.09685551551716109 0.03842214180380496 0.006666430377676705 -0.0001070779878987737 -2.128769032785857e-05 2.262227846033841e-07 2.860153108810346e-07 1.667242802900395e-08 -1.761997649607482e-09 -4.176903381119292e-10 1.919743265086612e-13 6.187178893911527e-12 3.623706229782995e-13 -5.470541643463143e-14 -1.047041466583827e-14 1.009966159922947e-16 1.125957689899418e-16 7.406081392911574e-18 -1.252945353573267e-18 -2.263080725732428e-19 1.104861995076668e-21 3.612388640955938e-21 1.634270229606192e-22 -2.50794257780276e-23 -4.495917661382226e-24
5.673613968689081 5.138692837469933 4.630442479268013 4.148459342076709 3.693080402293383 3.264108904572317 2.861703855413081 2.485765337457767 2.136161142752342 1.813175163518695 1.516556875785957 1.246391657791425 1.002803463375046 0.7856387218138969 0.5948146860632479 0.4307294230283334 0.2928694263406537 0.1817935690969514 0.09673562151219384 0.03856206690230244 0.006549389793561381 -9.468221688674957e-05 -1.10000482801499e-05 6.901755248799566e-08 3.119572289000662e-07 2.363856187803241e-08 -3.470693332025455e-09 -3.8165644635189e-10 7.183261329877094e-12 7.12466363810477e-12 4.016011885994488e-13 -5.144634009916628e-14 -7.339560762338604e-15 1.155454129438548e-16 1.028286926757712e-16 7.286144733188699e-18 -1.270743964048201e-18 -1.381925452502176e-19 3.44732092996068e-22 2.625619596713135e-21 1.686174079764249e-22 -2.839196535515582e-23 -3.038484811795081e-24
