avaframe/tests/data/remeshedDEM8.00.asc
ncols        626
nrows        251
xllcorner    996.000000000000
yllcorner    -5004.000000000000
cellsize     8.000000000000
NODATA_value nan
[rows 42 to 62 of 251, columns 48 to 95 of 626]
1712.4535193406582039 1702.9686431718816948 1693.4816310101930412 1684.0200176571145221 1674.6149760477778727 1665.1768403616936212 1655.8240038459935022 1646.4694239789423591 1637.1402429205033968 1627.8672355488522498 1618.5620166358789902 1609.341166075874753 1600.119058223404636 1590.9222819906376571 1581.7813322211027298 1572.6088574636282829 1563.5200645057400379 1554.4303614789428138 1545.3660572607566337 1536.357093446916906 1527.3175354625550426 1518.3607767423513906 1509.4035060101928138 1500.4716340866452811 1491.5947099258819435 1482.6879784997679508 1473.8631636387772232 1465.0383697468419086 1456.2389026489670414 1447.4940306749281262 1438.7201336191776591 1430.0274184567854263 1421.3350298550683419 1412.6679624161920401 1404.0551280666263665 1395.4141533436991267 1386.8533623471744249 1378.2933980830541714 1369.7588357996619379 1361.2779894343950673 1352.7698357100043722 1344.3410986676644825 1335.9135392292175766 1327.5114489604061419 1319.1625903182950879 1310.787334435479579 1302.4905851162957333 1294.1955029826171995
1712.4535193406584312 1702.9686431718812401 1693.4816310101930412 1684.0200176571149768 1674.6149760477783275 1665.1768403616931664 1655.8240038459932748 1646.4694239789425865 1637.1402429205036242 1627.8672355488520225 1618.5620166358789902 1609.3411660758740709 1600.119058223404636 1590.9222819906378845 1581.7813322211027298 1572.6088574636282829 1563.5200645057398106 1554.4303614789430412 1545.3660572607568611 1536.357093446916906 1527.3175354625548152 1518.3607767423511632 1509.4035060101930412 1500.4716340866452811 1491.5947099258821709 1482.6879784997679508 1473.8631636387769959 1465.038369746842136 1456.2389026489672688 1447.4940306749283536 1438.7201336191776591 1430.0274184567849716 1421.3350298550681146 1412.6679624161918127 1404.0551280666265939 1395.4141533436991267 1386.8533623471744249 1378.2933980830543987 1369.7588357996617106 1361.2779894343950673 1352.7698357100043722 1344.3410986676642551 1335.9135392292178039 1327.5114489604061419 1319.1625903182948605 1310.7873344354793517 1302.4905851162952786 1294.1955029826174268
1712.4535193406586586 1702.9686431718814674 1693.4816310101928138 1684.0200176571154316 1674.6149760477785549 1665.1768403616938485 1655.8240038459932748 1646.4694239789421317 1637.1402429205031694 1627.8672355488522498 1618.5620166358787628 1609.3411660758745256 1600.119058223404636 1590.9222819906374298 1581.7813322211025024 1572.6088574636285102 1563.5200645057402653 1554.4303614789428138 1545.3660572607570884 1536.3570934469164513 1527.31753546255527 1518.3607767423518453 1509.4035060101928138 1500.4716340866452811 1491.5947099258821709 1482.6879784997679508 1473.8631636387772232 1465.0383697468416813 1456.2389026489670414 1447.4940306749283536 1438.7201336191776591 1430.0274184567854263 1421.3350298550678872 1412.6679624161922675 1404.0551280666263665 1395.4141533436991267 1386.8533623471744249 1378.2933980830541714 1369.7588357996621653 1361.2779894343950673 1352.7698357100045996 1344.3410986676644825 1335.9135392292175766 1327.5114489604063692 1319.1625903182950879 1310.7873344354798064 1302.4905851162957333 1294.1955029826174268
1712.4535193406582039 1702.9686431718819222 1693.4816310101932686 1684.0200176571152042 1674.6149760477785549 1665.176840361692939 1655.8240038459932748 1646.4694239789423591 1637.1402429205036242 1627.8672355488520225 1618.5620166358785355 1609.3411660758745256 1600.119058223404636 1590.9222819906378845 1581.7813322211027298 1572.6088574636276007 1563.5200645057398106 1554.4303614789428138 1545.3660572607570884 1536.357093446916906 1527.3175354625550426 1518.3607767423518453 1509.4035060101930412 1500.4716340866455084 1491.5947099258821709 1482.687978499767496 1473.8631636387774506 1465.0383697468416813 1456.2389026489672688 1447.4940306749283536 1438.7201336191772043 1430.0274184567854263 1421.3350298550678872 1412.6679624161922675 1404.0551280666268212 1395.4141533436988993 1386.8533623471746523 1378.2933980830543987 1369.7588357996619379 1361.277989434395522 1352.7698357100041449 1344.3410986676642551 1335.9135392292175766 1327.5114489604061419 1319.1625903182950879 1310.7873344354791243 1302.4905851162957333 1294.1955029826169721
1712.4535193406584312 1702.9686431718814674 1693.4816310101930412 1684.0200176571147495 1674.6149760477778727 1665.1768403616936212 1655.8240038459937296 1646.4694239789423591 1637.1402429205038516 1627.8672355488517951 1618.5620166358789902 1609.3411660758742983 1600.1190582234044086 1590.9222819906381119 1581.7813322211025024 1572.6088574636280555 1563.5200645057395832 1554.4303614789430412 1545.3660572607570884 1536.3570934469166787 1527.31753546255527 1518.3607767423513906 1509.4035060101932686 1500.4716340866452811 1491.5947099258819435 1482.6879784997677234 1473.8631636387769959 1465.038369746842136 1456.2389026489670414 1447.4940306749278989 1438.7201336191776591 1430.0274184567849716 1421.3350298550681146 1412.6679624161918127 1404.0551280666265939 1395.4141533436988993 1386.8533623471741976 1378.2933980830543987 1369.7588357996619379 1361.2779894343950673 1352.7698357100041449 1344.3410986676642551 1335.9135392292175766 1327.5114489604059145 1319.1625903182948605 1310.7873344354793517 1302.4905851162955059 1294.1955029826174268
1712.4535193406582039 1702.9686431718816948 1693.4816310101930412 1684.0200176571145221 1674.6149760477778727 1665.1768403616936212 1655.8240038459935022 1646.4694239789423591 1637.1402429205033968 1627.8672355488522498 1618.5620166358789902 1609.341166075874753 1600.119058223404636 1590.9222819906376571 1581.7813322211027298 1572.6088574636282829 1563.5200645057400379 1554.4303614789428138 1545.3660572607566337 1536.357093446916906 1527.3175354625550426 1518.3607767423513906 1509.4035060101928138 1500.4716340866452811 1491.5947099258819435 1482.6879784997679508 1473.8631636387772232 1465.0383697468419086 1456.2389026489670414 1447.4940306749281262 1438.7201336191776591 1430.0274184567854263 1421.3350298550683419 1412.6679624161920401 1404.0551280666263665 1395.4141533436991267 1386.8533623471744249 1378.2933980830541714 1369.7588357996619379 1361.2779894343950673 1352.7698357100043722 1344.3410986676644825 1335.9135392292175766 1327.5114489604061419 1319.1625903182950879 1310.787334435479579 1302.4905851162957333 1294.1955029826171995
1712.4535193406584312 1702.9686431718812401 1693.4816310101930412 1684.0200176571149768 1674.6149760477783275 1665.1768403616931664 1655.8240038459932748 1646.4694239789425865 1637.1402429205036242 1627.8672355488520225 1618.5620166358789902 1609.3411660758740709 1600.119058223404636 1590.9222819906378845 1581.7813322211027298 1572.6088574636282829 1563.5200645057398106 1554.4303614789430412 1545.3660572607568611 1536.357093446916906 1527.3175354625548152 1518.3607767423511632 1509.4035060101930412 1500.4716340866452811 1491.5947099258821709 1482.6879784997679508 1473.8631636387769959 1465.038369746842136 1456.2389026489672688 1447.4940306749283536 1438.7201336191776591 1430.0274184567849716 1421.3350298550681146 1412.6679624161918127 1404.0551280666265939 1395.4141533436991267 1386.8533623471744249 1378.2933980830543987 1369.7588357996617106 1361.2779894343950673 1352.7698357100043722 1344.3410986676642551 1335.9135392292178039 1327.5114489604061419 1319.1625903182948605 1310.7873344354793517 1302.4905851162952786 1294.1955029826174268
1712.4535193406586586 1702.9686431718814674 1693.4816310101928138 1684.0200176571154316 1674.6149760477785549 1665.1768403616938485 1655.8240038459932748 1646.4694239789421317 1637.1402429205031694 1627.8672355488522498 1618.5620166358787628 1609.3411660758745256 1600.119058223404636 1590.9222819906374298 1581.7813322211025024 1572.6088574636285102 1563.5200645057402653 1554.4303614789428138 1545.3660572607570884 1536.3570934469164513 1527.31753546255527 1518.3607767423518453 1509.4035060101928138 1500.4716340866452811 1491.5947099258821709 1482.6879784997679508 1473.8631636387772232 1465.0383697468416813 1456.2389026489670414 1447.4940306749283536 1438.7201336191776591 1430.0274184567854263 1421.3350298550678872 1412.6679624161922675 1404.0551280666263665 1395.4141533436991267 1386.8533623471744249 1378.2933980830541714 1369.7588357996621653 1361.2779894343950673 1352.7698357100045996 1344.3410986676644825 1335.9135392292175766 1327.5114489604063692 1319.1625903182950879 1310.7873344354798064 1302.4905851162957333 1294.1955029826174268
1712.4535193406582039 1702.9686431718819222 1693.4816310101932686 1684.0200176571152042 1674.6149760477785549 1665.176840361692939 1655.8240038459932748 1646.4694239789423591 1637.1402429205036242 1627.8672355488520225 1618.5620166358785355 1609.3411660758745256 1600.119058223404636 1590.9222819906378845 1581.7813322211027298 1572.6088574636276007 1563.5200645057398106 1554.4303614789428138 1545.3660572607570884 1536.357093446916906 1527.3175354625550426 1518.3607767423518453 1509.4035060101930412 1500.4716340866455084 1491.5947099258821709 1482.687978499767496 1473.8631636387774506 1465.0383697468416813 1456.2389026489672688 1447.4940306749283536 1438.7201336191772043 1430.0274184567854263 1421.3350298550678872 1412.6679624161922675 1404.0551280666268212 1395.4141533436988993 1386.8533623471746523 1378.2933980830543987 1369.7588357996619379 1361.277989434395522 1352.7698357100041449 1344.3410986676642551 1335.9135392292175766 1327.5114489604061419 1319.1625903182950879 1310.7873344354791243 1302.4905851162957333 1294.1955029826169721
1712.4535193406584312 1702.9686431718814674 1693.4816310101930412 1684.0200176571147495 1674.6149760477778727 1665.1768403616936212 1655.8240038459937296 1646.4694239789423591 1637.1402429205038516 1627.8672355488517951 1618.5620166358789902 1609.3411660758742983 1600.1190582234044086 1590.9222819906381119 1581.7813322211025024 1572.6088574636280555 1563.5200645057395832 1554.4303614789430412 1545.3660572607570884 1536.3570934469166787 1527.31753546255527 1518.3607767423513906 1509.4035060101932686 1500.4716340866452811 1491.5947099258819435 1482.6879784997677234 1473.8631636387769959 1465.038369746842136 1456.2389026489670414 1447.4940306749278989 1438.7201336191776591 1430.0274184567849716 1421.3350298550681146 1412.6679624161918127 1404.0551280666265939 1395.4141533436988993 1386.8533623471741976 1378.2933980830543987 1369.7588357996619379 1361.2779894343950673 1352.7698357100041449 1344.3410986676642551 1335.9135392292175766 1327.5114489604059145 1319.1625903182948605 1310.7873344354793517 1302.4905851162955059 1294.1955029826174268
1712.4535193406582039 1702.9686431718816948 1693.4816310101930412 1684.0200176571145221 1674.6149760477778727 1665.1768403616936212 1655.8240038459935022 1646.4694239789423591 1637.1402429205033968 1627.8672355488522498 1618.5620166358789902 1609.341166075874753 1600.119058223404636 1590.9222819906376571 1581.7813322211027298 1572.6088574636282829 1563.5200645057400379 1554.4303614789428138 1545.3660572607566337 1536.357093446916906 1527.3175354625550426 1518.3607767423513906 1509.4035060101928138 1500.4716340866452811 1491.5947099258819435 1482.6879784997679508 1473.8631636387772232 1465.0383697468419086 1456.2389026489670414 1447.4940306749281262 1438.7201336191776591 1430.0274184567854263 1421.3350298550683419 1412.6679624161920401 1404.0551280666263665 1395.4141533436991267 1386.8533623471744249 1378.2933980830541714 1369.7588357996619379 1361.2779894343950673 1352.7698357100043722 1344.3410986676644825 1335.9135392292175766 1327.5114489604061419 1319.1625903182950879 1310.787334435479579 1302.4905851162957333 1294.1955029826171995
1712.4535193406584312 1702.9686431718812401 1693.4816310101930412 1684.0200176571149768 1674.6149760477783275 1665.1768403616931664 1655.8240038459932748 1646.4694239789425865 1637.1402429205036242 1627.8672355488520225 1618.5620166358789902 1609.3411660758740709 1600.119058223404636 1590.9222819906378845 1581.7813322211027298 1572.6088574636282829 1563.5200645057398106 1554.4303614789430412 1545.3660572607568611 1536.357093446916906 1527.3175354625548152 1518.3607767423511632 1509.4035060101930412 1500.4716340866452811 1491.5947099258821709 1482.6879784997679508 1473.8631636387769959 1465.038369746842136 1456.2389026489672688 1447.4940306749283536 1438.7201336191776591 1430.0274184567849716 1421.3350298550681146 1412.6679624161918127 1404.0551280666265939 1395.4141533436991267 1386.8533623471744249 1378.2933980830543987 1369.7588357996617106 1361.2779894343950673 1352.7698357100043722 1344.3410986676642551 1335.9135392292178039 1327.5114489604061419 1319.1625903182948605 1310.7873344354793517 1302.4905851162952786 1294.1955029826174268
1712.4535193406586586 1702.9686431718814674 1693.4816310101928138 1684.0200176571154316 1674.6149760477785549 1665.1768403616938485 1655.8240038459932748 1646.4694239789421317 1637.1402429205031694 1627.8672355488522498 1618.5620166358787628 1609.3411660758745256 1600.119058223404636 1590.9222819906374298 1581.7813322211025024 1572.6088574636285102 1563.5200645057402653 1554.4303614789428138 1545.3660572607570884 1536.3570934469164513 1527.31753546255527 1518.3607767423518453 1509.4035060101928138 1500.4716340866452811 1491.5947099258821709 1482.6879784997679508 1473.8631636387772232 1465.0383697468416813 1456.2389026489670414 1447.4940306749283536 1438.7201336191776591 1430.0274184567854263 1421.3350298550678872 1412.6679624161922675 1404.0551280666263665 1395.4141533436991267 1386.8533623471744249 1378.2933980830541714 1369.7588357996621653 1361.2779894343950673 1352.7698357100045996 1344.3410986676644825 1335.9135392292175766 1327.5114489604063692 1319.1625903182950879 1310.7873344354798064 1302.4905851162957333 1294.1955029826174268
1712.4535193406582039 1702.9686431718819222 1693.4816310101932686 1684.0200176571152042 1674.6149760477785549 1665.176840361692939 1655.8240038459932748 1646.4694239789423591 1637.1402429205036242 1627.8672355488520225 1618.5620166358785355 1609.3411660758745256 1600.119058223404636 1590.9222819906378845 1581.7813322211027298 1572.6088574636276007 1563.5200645057398106 1554.4303614789428138 1545.3660572607570884 1536.357093446916906 1527.3175354625550426 1518.3607767423518453 1509.4035060101930412 1500.4716340866455084 1491.5947099258821709 1482.687978499767496 1473.8631636387774506 1465.0383697468416813 1456.2389026489672688 1447.4940306749283536 1438.7201336191772043 1430.0274184567854263 1421.3350298550678872 1412.6679624161922675 1404.0551280666268212 1395.4141533436988993 1386.8533623471746523 1378.2933980830543987 1369.7588357996619379 1361.277989434395522 1352.7698357100041449 1344.3410986676642551 1335.9135392292175766 1327.5114489604061419 1319.1625903182950879 1310.7873344354791243 1302.4905851162957333 1294.1955029826169721
1712.4535193406584312 1702.9686431718814674 1693.4816310101930412 1684.0200176571147495 1674.6149760477778727 1665.1768403616936212 1655.8240038459937296 1646.4694239789423591 1637.1402429205038516 1627.8672355488517951 1618.5620166358789902 1609.3411660758742983 1600.1190582234044086 1590.9222819906381119 1581.7813322211025024 1572.6088574636280555 1563.5200645057395832 1554.4303614789430412 1545.3660572607570884 1536.3570934469166787 1527.31753546255527 1518.3607767423513906 1509.4035060101932686 1500.4716340866452811 1491.5947099258819435 1482.6879784997677234 1473.8631636387769959 1465.038369746842136 1456.2389026489670414 1447.4940306749278989 1438.7201336191776591 1430.0274184567849716 1421.3350298550681146 1412.6679624161918127 1404.0551280666265939 1395.4141533436988993 1386.8533623471741976 1378.2933980830543987 1369.7588357996619379 1361.2779894343950673 1352.7698357100041449 1344.3410986676642551 1335.9135392292175766 1327.5114489604059145 1319.1625903182948605 1310.7873344354793517 1302.4905851162955059 1294.1955029826174268
1712.4535193406582039 1702.9686431718816948 1693.4816310101930412 1684.0200176571145221 1674.6149760477778727 1665.1768403616936212 1655.8240038459935022 1646.4694239789423591 1637.1402429205033968 1627.8672355488522498 1618.5620166358789902 1609.341166075874753 1600.119058223404636 1590.9222819906376571 1581.7813322211027298 1572.6088574636282829 1563.5200645057400379 1554.4303614789428138 1545.3660572607566337 1536.357093446916906 1527.3175354625550426 1518.3607767423513906 1509.4035060101928138 1500.4716340866452811 1491.5947099258819435 1482.6879784997679508 1473.8631636387772232 1465.0383697468419086 1456.2389026489670414 1447.4940306749281262 1438.7201336191776591 1430.0274184567854263 1421.3350298550683419 1412.6679624161920401 1404.0551280666263665 1395.4141533436991267 1386.8533623471744249 1378.2933980830541714 1369.7588357996619379 1361.2779894343950673 1352.7698357100043722 1344.3410986676644825 1335.9135392292175766 1327.5114489604061419 1319.1625903182950879 1310.787334435479579 1302.4905851162957333 1294.1955029826171995
1712.4535193406584312 1702.9686431718812401 1693.4816310101930412 1684.0200176571149768 1674.6149760477783275 1665.1768403616931664 1655.8240038459932748 1646.4694239789425865 1637.1402429205036242 1627.8672355488520225 1618.5620166358789902 1609.3411660758740709 1600.119058223404636 1590.9222819906378845 1581.7813322211027298 1572.6088574636282829 1563.5200645057398106 1554.4303614789430412 1545.3660572607568611 1536.357093446916906 1527.3175354625548152 1518.3607767423511632 1509.4035060101930412 1500.4716340866452811 1491.5947099258821709 1482.6879784997679508 1473.8631636387769959 1465.038369746842136 1456.2389026489672688 1447.4940306749283536 1438.7201336191776591 1430.0274184567849716 1421.3350298550681146 1412.6679624161918127 1404.0551280666265939 1395.4141533436991267 1386.8533623471744249 1378.2933980830543987 1369.7588357996617106 1361.2779894343950673 1352.7698357100043722 1344.3410986676642551 1335.9135392292178039 1327.5114489604061419 1319.1625903182948605 1310.7873344354793517 1302.4905851162952786 1294.1955029826174268
1712.4535193406586586 1702.9686431718814674 1693.4816310101928138 1684.0200176571154316 1674.6149760477785549 1665.1768403616938485 1655.8240038459932748 1646.4694239789421317 1637.1402429205031694 1627.8672355488522498 1618.5620166358787628 1609.3411660758745256 1600.119058223404636 1590.9222819906374298 1581.7813322211025024 1572.6088574636285102 1563.5200645057402653 1554.4303614789428138 1545.3660572607570884 1536.3570934469164513 1527.31753546255527 1518.3607767423518453 1509.4035060101928138 1500.4716340866452811 1491.5947099258821709 1482.6879784997679508 1473.8631636387772232 1465.0383697468416813 1456.2389026489670414 1447.4940306749283536 1438.7201336191776591 1430.0274184567854263 1421.3350298550678872 1412.6679624161922675 1404.0551280666263665 1395.4141533436991267 1386.8533623471744249 1378.2933980830541714 1369.7588357996621653 1361.2779894343950673 1352.7698357100045996 1344.3410986676644825 1335.9135392292175766 1327.5114489604063692 1319.1625903182950879 1310.7873344354798064 1302.4905851162957333 1294.1955029826174268
1712.4535193406582039 1702.9686431718819222 1693.4816310101932686 1684.0200176571152042 1674.6149760477785549 1665.176840361692939 1655.8240038459932748 1646.4694239789423591 1637.1402429205036242 1627.8672355488520225 1618.5620166358785355 1609.3411660758745256 1600.119058223404636 1590.9222819906378845 1581.7813322211027298 1572.6088574636276007 1563.5200645057398106 1554.4303614789428138 1545.3660572607570884 1536.357093446916906 1527.3175354625550426 1518.3607767423518453 1509.4035060101930412 1500.4716340866455084 1491.5947099258821709 1482.687978499767496 1473.8631636387774506 1465.0383697468416813 1456.2389026489672688 1447.4940306749283536 1438.7201336191772043 1430.0274184567854263 1421.3350298550678872 1412.6679624161922675 1404.0551280666268212 1395.4141533436988993 1386.8533623471746523 1378.2933980830543987 1369.7588357996619379 1361.277989434395522 1352.7698357100041449 1344.3410986676642551 1335.9135392292175766 1327.5114489604061419 1319.1625903182950879 1310.7873344354791243 1302.4905851162957333 1294.1955029826169721
1712.4535193406584312 1702.9686431718814674 1693.4816310101930412 1684.0200176571147495 1674.6149760477778727 1665.1768403616936212 1655.8240038459937296 1646.4694239789423591 1637.1402429205038516 1627.8672355488517951 1618.5620166358789902 1609.3411660758742983 1600.1190582234044086 1590.9222819906381119 1581.7813322211025024 1572.6088574636280555 1563.5200645057395832 1554.4303614789430412 1545.3660572607570884 1536.3570934469166787 1527.31753546255527 1518.3607767423513906 1509.4035060101932686 1500.4716340866452811 1491.5947099258819435 1482.6879784997677234 1473.8631636387769959 1465.038369746842136 1456.2389026489670414 1447.4940306749278989 1438.7201336191776591 1430.0274184567849716 1421.3350298550681146 1412.6679624161918127 1404.0551280666265939 1395.4141533436988993 1386.8533623471741976 1378.2933980830543987 1369.7588357996619379 1361.2779894343950673 1352.7698357100041449 1344.3410986676642551 1335.9135392292175766 1327.5114489604059145 1319.1625903182948605 1310.7873344354793517 1302.4905851162955059 1294.1955029826174268
1712.4535193406582039 1702.9686431718816948 1693.4816310101930412 1684.0200176571145221 1674.6149760477778727 1665.1768403616936212 1655.8240038459935022 1646.4694239789423591 1637.1402429205033968 1627.8672355488522498 1618.5620166358789902 1609.341166075874753 1600.119058223404636 1590.9222819906376571 1581.7813322211027298 1572.6088574636282829 1563.5200645057400379 1554.4303614789428138 1545.3660572607566337 1536.357093446916906 1527.3175354625550426 1518.3607767423513906 1509.4035060101928138 1500.4716340866452811 1491.5947099258819435 1482.6879784997679508 1473.8631636387772232 1465.0383697468419086 1456.2389026489670414 1447.4940306749281262 1438.7201336191776591 1430.0274184567854263 1421.3350298550683419 1412.6679624161920401 1404.0551280666263665 1395.4141533436991267 1386.8533623471744249 1378.2933980830541714 1369.7588357996619379 1361.2779894343950673 1352.7698357100043722 1344.3410986676644825 1335.9135392292175766 1327.5114489604061419 1319.1625903182950879 1310.787334435479579 1302.4905851162957333 1294.1955029826171995
