avaframe/tests/data/remeshedDEM8.00.asc
ncols        626
nrows        251
xllcorner    996.000000000000
yllcorner    -5004.000000000000
cellsize     8.000000000000
NODATA_value nan
[rows 0 to 20 of 251, columns 96 to 143 of 626]
1285.9257451838966517 1277.7089922777588527 1269.466518413516269 1261.3018748071508526 1253.1392003302305511 1245.0018446496117122 1236.9170794897831911 1228.8075034671160211 1220.7748441971182274 1212.7446690802303237 1204.739817585286346 1196.7869928978830103 1188.8102434334634836 1180.9096272033311834 1173.0118517454416178 1165.139405540716325 1157.3186769039796218 1149.4748386529620348 1141.7062084016781682 1133.9408355671548634 1126.2007895266910964 1118.5121021623590423 1110.8011038414151699 1103.1645257768564079 1095.5315577680053138 1087.9239837421228003 1080.3672841009467902 1072.7891836215778767 1065.2845932801749314 1057.784097285904636 1050.3089280856945607 1042.8842842791739258 1035.4389468868412223 1028.0664623554775972 1020.6983175415801952 1013.3556067168057098 1006.0629777815464649 998.75051483474874203 991.5099863668914395 984.27434364023633862 977.06406130209529692 969.90344348940482178 962.72384942843200406 955.61534091551459369 948.5121366089864523 941.43429269097191536 934.40569483322178712 927.35896965807353354
1285.9257451838964244 1277.7089922777586253 1269.466518413516269 1261.3018748071510799 1253.1392003302303237 1245.0018446496112574 1236.9170794897831911 1228.8075034671160211 1220.7748441971186821 1212.7446690802300964 1204.739817585286346 1196.7869928978830103 1188.8102434334634836 1180.9096272033316382 1173.0118517454420726 1165.1394055407160977 1157.3186769039798492 1149.4748386529618074 1141.706208401678623 1133.940835567154636 1126.200789526690869 1118.5121021623590423 1110.8011038414151699 1103.1645257768564079 1095.5315577680053138 1087.9239837421228003 1080.3672841009465628 1072.7891836215781041 1065.2845932801749314 1057.7840972859044086 1050.3089280856943333 1042.8842842791739258 1035.4389468868414497 1028.0664623554778245 1020.6983175415803089 1013.3556067168054824 1006.0629777815463513 998.75051483474874203 991.50998636689155319 984.27434364023622493 977.06406130209495586 969.90344348940482178 962.72384942843189037 955.61534091551493475 948.51213660898622493 941.43429269097180168 934.40569483322201449 927.35896965807341985
1285.9257451838964244 1277.7089922777588527 1269.4665184135160416 1261.3018748071510799 1253.1392003302305511 1245.0018446496117122 1236.9170794897834185 1228.8075034671160211 1220.7748441971189095 1212.7446690802303237 1204.7398175852868007 1196.7869928978832377 1188.8102434334634836 1180.9096272033314108 1173.0118517454418452 1165.1394055407160977 1157.3186769039798492 1149.4748386529618074 1141.706208401678623 1133.940835567154636 1126.2007895266910964 1118.5121021623590423 1110.8011038414153973 1103.1645257768564079 1095.5315577680053138 1087.9239837421228003 1080.3672841009467902 1072.7891836215781041 1065.2845932801749314 1057.7840972859044086 1050.308928085694788 1042.8842842791739258 1035.4389468868414497 1028.0664623554778245 1020.6983175415800815 1013.3556067168055961 1006.0629777815465786 998.75051483474908309 991.50998636689166688 984.27434364023622493 977.06406130209518324 969.90344348940504915 962.72384942843189037 955.61534091551482106 948.51213660898633862 941.43429269097180168 934.40569483322201449 927.35896965807341985
1285.9257451838964244 1277.7089922777588527 1269.466518413516269 1261.3018748071508526 1253.1392003302307785 1245.0018446496117122 1236.9170794897831911 1228.8075034671160211 1220.7748441971184548 1212.7446690802300964 1204.7398175852865734 1196.7869928978830103 1188.810243433463711 1180.9096272033311834 1173.0118517454416178 1165.139405540716325 1157.3186769039798492 1149.47483865296158 1141.7062084016783956 1133.940835567154636 1126.200789526690869 1118.5121021623592696 1110.8011038414151699 1103.1645257768561805 1095.5315577680053138 1087.9239837421228003 1080.3672841009467902 1072.7891836215781041 1065.2845932801749314 1057.784097285904636 1050.308928085694788 1042.8842842791739258 1035.4389468868414497 1028.0664623554773698 1020.6983175415801952 1013.3556067168057098 1006.0629777815465786 998.75051483474885572 991.50998636689132582 984.27434364023633862 977.06406130209518324 969.90344348940493546 962.72384942843211775 955.61534091551470738 948.51213660898622493 941.43429269097180168 934.40569483322190081 927.35896965807341985
1285.9257451838966517 1277.7089922777586253 1269.4665184135158142 1261.3018748071513073 1253.1392003302307785 1245.0018446496117122 1236.9170794897831911 1228.8075034671157937 1220.7748441971189095 1212.7446690802307785 1204.7398175852868007 1196.7869928978832377 1188.8102434334632562 1180.9096272033316382 1173.0118517454420726 1165.1394055407160977 1157.3186769039796218 1149.47483865296158 1141.706208401678623 1133.9408355671550908 1126.2007895266910964 1118.5121021623590423 1110.8011038414149425 1103.1645257768561805 1095.5315577680055412 1087.9239837421225729 1080.3672841009467902 1072.7891836215778767 1065.2845932801751587 1057.7840972859048634 1050.308928085694788 1042.8842842791739258 1035.4389468868409949 1028.0664623554780519 1020.69831754158065 1013.3556067168055961 1006.0629777815465786 998.75051483474851466 991.5099863668914395 984.27434364023656599 977.06406130209529692 969.90344348940504915 962.72384942843177669 955.61534091551504844 948.51213660898656599 941.43429269097202905 934.40569483322201449 927.35896965807319248
1285.9257451838966517 1277.7089922777588527 1269.4665184135160416 1261.3018748071510799 1253.1392003302305511 1245.0018446496119395 1236.9170794897834185 1228.8075034671157937 1220.7748441971186821 1212.7446690802303237 1204.7398175852865734 1196.7869928978832377 1188.8102434334632562 1180.9096272033314108 1173.0118517454418452 1165.139405540716325 1157.3186769039798492 1149.47483865296158 1141.706208401678623 1133.940835567154636 1126.2007895266910964 1118.5121021623590423 1110.8011038414149425 1103.1645257768564079 1095.5315577680055412 1087.9239837421225729 1080.3672841009470176 1072.7891836215774219 1065.2845932801751587 1057.784097285904636 1050.3089280856945607 1042.8842842791739258 1035.4389468868409949 1028.0664623554778245 1020.6983175415800815 1013.3556067168057098 1006.0629777815465786 998.75051483474862835 991.50998636689155319 984.27434364023633862 977.06406130209518324 969.90344348940527652 962.72384942843177669 955.61534091551459369 948.51213660898633862 941.43429269097214274 934.40569483322190081 927.35896965807341985
1285.9257451838966517 1277.7089922777588527 1269.4665184135160416 1261.3018748071510799 1253.1392003302305511 1245.0018446496117122 1236.9170794897831911 1228.8075034671157937 1220.7748441971184548 1212.7446690802300964 1204.7398175852865734 1196.7869928978830103 1188.8102434334634836 1180.9096272033314108 1173.0118517454420726 1165.139405540716325 1157.3186769039798492 1149.4748386529618074 1141.706208401678623 1133.9408355671548634 1126.2007895266910964 1118.5121021623590423 1110.8011038414151699 1103.1645257768564079 1095.5315577680055412 1087.9239837421228003 1080.3672841009467902 1072.7891836215781041 1065.284593280174704 1057.7840972859044086 1050.3089280856945607 1042.8842842791739258 1035.4389468868412223 1028.0664623554778245 1020.6983175415804226 1013.3556067168058235 1006.0629777815464649 998.75051483474885572 991.5099863668914395 984.2743436402364523 977.06406130209518324 969.90344348940493546 962.72384942843200406 955.61534091551482106 948.51213660898622493 941.43429269097180168 934.40569483322190081 927.35896965807330616
1285.9257451838964244 1277.7089922777588527 1269.4665184135160416 1261.3018748071510799 1253.1392003302305511 1245.0018446496117122 1236.9170794897834185 1228.8075034671160211 1220.7748441971189095 1212.7446690802303237 1204.7398175852868007 1196.7869928978832377 1188.8102434334634836 1180.9096272033314108 1173.0118517454418452 1165.1394055407160977 1157.3186769039798492 1149.4748386529618074 1141.706208401678623 1133.940835567154636 1126.2007895266910964 1118.5121021623590423 1110.8011038414153973 1103.1645257768564079 1095.5315577680053138 1087.9239837421228003 1080.3672841009467902 1072.7891836215781041 1065.2845932801749314 1057.7840972859044086 1050.308928085694788 1042.8842842791739258 1035.4389468868414497 1028.0664623554778245 1020.6983175415800815 1013.3556067168055961 1006.0629777815465786 998.75051483474908309 991.50998636689166688 984.27434364023622493 977.06406130209518324 969.90344348940504915 962.72384942843189037 955.61534091551482106 948.51213660898633862 941.43429269097180168 934.40569483322201449 927.35896965807341985
1285.9257451838964244 1277.7089922777588527 1269.466518413516269 1261.3018748071508526 1253.1392003302307785 1245.0018446496117122 1236.9170794897831911 1228.8075034671160211 1220.7748441971184548 1212.7446690802300964 1204.7398175852865734 1196.7869928978830103 1188.810243433463711 1180.9096272033311834 1173.0118517454416178 1165.139405540716325 1157.3186769039798492 1149.47483865296158 1141.7062084016783956 1133.940835567154636 1126.200789526690869 1118.5121021623592696 1110.8011038414151699 1103.1645257768561805 1095.5315577680053138 1087.9239837421228003 1080.3672841009467902 1072.7891836215781041 1065.2845932801749314 1057.784097285904636 1050.308928085694788 1042.8842842791739258 1035.4389468868414497 1028.0664623554773698 1020.6983175415801952 1013.3556067168057098 1006.0629777815465786 998.75051483474885572 991.50998636689132582 984.27434364023633862 977.06406130209518324 969.90344348940493546 962.72384942843211775 955.61534091551470738 948.51213660898622493 941.43429269097180168 934.40569483322190081 927.35896965807341985
1285.9257451838964244 1277.7089922777586253 1269.4665184135160416 1261.3018748071508526 1253.1392003302305511 1245.0018446496112574 1236.9170794897831911 1228.8075034671157937 1220.7748441971186821 1212.7446690802300964 1204.7398175852861186 1196.7869928978832377 1188.8102434334634836 1180.9096272033314108 1173.0118517454416178 1165.1394055407160977 1157.3186769039798492 1149.4748386529618074 1141.706208401678623 1133.9408355671544086 1126.200789526690869 1118.5121021623590423 1110.8011038414151699 1103.1645257768564079 1095.5315577680053138 1087.9239837421223456 1080.3672841009470176 1072.7891836215778767 1065.2845932801751587 1057.784097285904636 1050.3089280856945607 1042.8842842791741532 1035.4389468868414497 1028.0664623554778245 1020.6983175415804226 1013.3556067168054824 1006.0629777815464649 998.75051483474896941 991.50998636689132582 984.27434364023622493 977.06406130209495586 969.90344348940516284 962.72384942843200406 955.61534091551482106 948.51213660898633862 941.43429269097168799 934.40569483322178712 927.35896965807376091
1285.9257451838966517 1277.7089922777588527 1269.4665184135160416 1261.3018748071510799 1253.1392003302305511 1245.0018446496119395 1236.9170794897834185 1228.8075034671157937 1220.7748441971186821 1212.7446690802303237 1204.7398175852865734 1196.7869928978832377 1188.8102434334632562 1180.9096272033314108 1173.0118517454418452 1165.139405540716325 1157.3186769039798492 1149.47483865296158 1141.706208401678623 1133.940835567154636 1126.2007895266910964 1118.5121021623590423 1110.8011038414149425 1103.1645257768564079 1095.5315577680055412 1087.9239837421225729 1080.3672841009470176 1072.7891836215774219 1065.2845932801751587 1057.784097285904636 1050.3089280856945607 1042.8842842791739258 1035.4389468868409949 1028.0664623554778245 1020.6983175415800815 1013.3556067168057098 1006.0629777815465786 998.75051483474862835 991.50998636689155319 984.27434364023633862 977.06406130209518324 969.90344348940527652 962.72384942843177669 955.61534091551459369 948.51213660898633862 941.43429269097214274 934.40569483322190081 927.35896965807341985
1285.9257451838966517 1277.7089922777588527 1269.4665184135160416 1261.3018748071510799 1253.1392003302305511 1245.0018446496117122 1236.9170794897831911 1228.8075034671157937 1220.7748441971184548 1212.7446690802300964 1204.7398175852865734 1196.7869928978830103 1188.8102434334634836 1180.9096272033314108 1173.0118517454420726 1165.139405540716325 1157.3186769039798492 1149.4748386529618074 1141.706208401678623 1133.9408355671548634 1126.2007895266910964 1118.5121021623590423 1110.8011038414151699 1103.1645257768564079 1095.5315577680055412 1087.9239837421228003 1080.3672841009467902 1072.7891836215781041 1065.284593280174704 1057.7840972859044086 1050.3089280856945607 1042.8842842791739258 1035.4389468868412223 1028.0664623554778245 1020.6983175415804226 1013.3556067168058235 1006.0629777815464649 998.75051483474885572 991.5099863668914395 984.2743436402364523 977.06406130209518324 969.90344348940493546 962.72384942843200406 955.61534091551482106 948.51213660898622493 941.43429269097180168 934.40569483322190081 927.35896965807330616
1285.9257451838964244 1277.7089922777588527 1269.4665184135160416 1261.3018748071510799 1253.1392003302305511 1245.0018446496117122 1236.9170794897834185 1228.8075034671160211 1220.7748441971189095 1212.7446690802303237 1204.7398175852868007 1196.7869928978832377 1188.8102434334634836 1180.9096272033314108 1173.0118517454418452 1165.1394055407160977 1157.3186769039798492 1149.4748386529618074 1141.706208401678623 1133.940835567154636 1126.2007895266910964 1118.5121021623590423 1110.8011038414153973 1103.1645257768564079 1095.5315577680053138 1087.9239837421228003 1080.3672841009467902 1072.7891836215781041 1065.2845932801749314 1057.7840972859044086 1050.308928085694788 1042.8842842791739258 1035.4389468868414497 1028.0664623554778245 1020.6983175415800815 1013.3556067168055961 1006.0629777815465786 998.75051483474908309 991.50998636689166688 984.27434364023622493 977.06406130209518324 969.90344348940504915 962.72384942843189037 955.61534091551482106 948.51213660898633862 941.43429269097180168 934.40569483322201449 927.35896965807341985
1285.9257451838964244 1277.7089922777588527 1269.466518413516269 1261.3018748071508526 1253.1392003302307785 1245.0018446496117122 1236.9170794897831911 1228.8075034671160211 1220.7748441971184548 1212.7446690802300964 1204.7398175852865734 1196.7869928978830103 1188.810243433463711 1180.9096272033311834 1173.0118517454416178 1165.139405540716325 1157.3186769039798492 1149.47483865296158 1141.7062084016783956 1133.940835567154636 1126.200789526690869 1118.5121021623592696 1110.8011038414151699 1103.1645257768561805 1095.5315577680053138 1087.9239837421228003 1080.3672841009467902 1072.7891836215781041 1065.2845932801749314 1057.784097285904636 1050.308928085694788 1042.8842842791739258 1035.4389468868414497 1028.0664623554773698 1020.6983175415801952 1013.3556067168057098 1006.0629777815465786 998.75051483474885572 991.50998636689132582 984.27434364023633862 977.06406130209518324 969.90344348940493546 962.72384942843211775 955.61534091551470738 948.51213660898622493 941.43429269097180168 934.40569483322190081 927.35896965807341985
1285.9257451838964244 1277.7089922777586253 1269.4665184135160416 1261.3018748071508526 1253.1392003302305511 1245.0018446496112574 1236.9170794897831911 1228.8075034671157937 1220.7748441971186821 1212.7446690802300964 1204.7398175852861186 1196.7869928978832377 1188.8102434334634836 1180.9096272033314108 1173.0118517454416178 1165.1394055407160977 1157.3186769039798492 1149.4748386529618074 1141.706208401678623 1133.9408355671544086 1126.200789526690869 1118.5121021623590423 1110.8011038414151699 1103.1645257768564079 1095.5315577680053138 1087.9239837421223456 1080.3672841009470176 1072.7891836215778767 1065.2845932801751587 1057.784097285904636 1050.3089280856945607 1042.8842842791741532 1035.4389468868414497 1028.0664623554778245 1020.6983175415804226 1013.3556067168054824 1006.0629777815464649 998.75051483474896941 991.50998636689132582 984.27434364023622493 977.06406130209495586 969.90344348940516284 962.72384942843200406 955.61534091551482106 948.51213660898633862 941.43429269097168799 934.40569483322178712 927.35896965807376091
1285.9257451838966517 1277.7089922777588527 1269.4665184135160416 1261.3018748071510799 1253.1392003302305511 1245.0018446496119395 1236.9170794897834185 1228.8075034671157937 1220.7748441971186821 1212.7446690802303237 1204.7398175852865734 1196.7869928978832377 1188.8102434334632562 1180.9096272033314108 1173.0118517454418452 1165.139405540716325 1157.3186769039798492 1149.47483865296158 1141.706208401678623 1133.940835567154636 1126.2007895266910964 1118.5121021623590423 1110.8011038414149425 1103.1645257768564079 1095.5315577680055412 1087.9239837421225729 1080.3672841009470176 1072.7891836215774219 1065.2845932801751587 1057.784097285904636 1050.3089280856945607 1042.8842842791739258 1035.4389468868409949 1028.0664623554778245 1020.6983175415800815 1013.3556067168057098 1006.0629777815465786 998.75051483474862835 991.50998636689155319 984.27434364023633862 977.06406130209518324 969.90344348940527652 962.72384942843177669 955.61534091551459369 948.51213660898633862 941.43429269097214274 934.40569483322190081 927.35896965807341985
1285.9257451838966517 1277.7089922777588527 1269.4665184135160416 1261.3018748071510799 1253.1392003302305511 1245.0018446496117122 1236.9170794897831911 1228.8075034671157937 1220.7748441971184548 1212.7446690802300964 1204.7398175852865734 1196.7869928978830103 1188.8102434334634836 1180.9096272033314108 1173.0118517454420726 1165.139405540716325 1157.3186769039798492 1149.4748386529618074 1141.706208401678623 1133.9408355671548634 1126.2007895266910964 1118.5121021623590423 1110.8011038414151699 1103.1645257768564079 1095.5315577680055412 1087.9239837421228003 1080.3672841009467902 1072.7891836215781041 1065.284593280174704 1057.7840972859044086 1050.3089280856945607 1042.8842842791739258 1035.4389468868412223 1028.0664623554778245 1020.6983175415804226 1013.3556067168058235 1006.0629777815464649 998.75051483474885572 991.5099863668914395 984.2743436402364523 977.06406130209518324 969.90344348940493546 962.72384942843200406 955.61534091551482106 948.51213660898622493 941.43429269097180168 934.40569483322190081 927.35896965807330616
1285.9257451838964244 1277.7089922777588527 1269.4665184135160416 1261.3018748071510799 1253.1392003302305511 1245.0018446496117122 1236.9170794897834185 1228.8075034671160211 1220.7748441971189095 1212.7446690802303237 1204.7398175852868007 1196.7869928978832377 1188.8102434334634836 1180.9096272033314108 1173.0118517454418452 1165.1394055407160977 1157.3186769039798492 1149.4748386529618074 1141.706208401678623 1133.940835567154636 1126.2007895266910964 1118.5121021623590423 1110.8011038414153973 1103.1645257768564079 1095.5315577680053138 1087.9239837421228003 1080.3672841009467902 1072.7891836215781041 1065.2845932801749314 1057.7840972859044086 1050.308928085694788 1042.8842842791739258 1035.4389468868414497 1028.0664623554778245 1020.6983175415800815 1013.3556067168055961 1006.0629777815465786 998.75051483474908309 991.50998636689166688 984.27434364023622493 977.06406130209518324 969.90344348940504915 962.72384942843189037 955.61534091551482106 948.51213660898633862 941.43429269097180168 934.40569483322201449 927.35896965807341985
1285.9257451838964244 1277.7089922777588527 1269.466518413516269 1261.3018748071508526 1253.1392003302307785 1245.0018446496117122 1236.9170794897831911 1228.8075034671160211 1220.7748441971184548 1212.7446690802300964 1204.7398175852865734 1196.7869928978830103 1188.810243433463711 1180.9096272033311834 1173.0118517454416178 1165.139405540716325 1157.3186769039798492 1149.47483865296158 1141.7062084016783956 1133.940835567154636 1126.200789526690869 1118.5121021623592696 1110.8011038414151699 1103.1645257768561805 1095.5315577680053138 1087.9239837421228003 1080.3672841009467902 1072.7891836215781041 1065.2845932801749314 1057.784097285904636 1050.308928085694788 1042.8842842791739258 1035.4389468868414497 1028.0664623554773698 1020.6983175415801952 1013.3556067168057098 1006.0629777815465786 998.75051483474885572 991.50998636689132582 984.27434364023633862 977.06406130209518324 969.90344348940493546 962.72384942843211775 955.61534091551470738 948.51213660898622493 941.43429269097180168 934.40569483322190081 927.35896965807341985
1285.9257451838964244 1277.7089922777586253 1269.4665184135160416 1261.3018748071508526 1253.1392003302305511 1245.0018446496112574 1236.9170794897831911 1228.8075034671157937 1220.7748441971186821 1212.7446690802300964 1204.7398175852861186 1196.7869928978832377 1188.8102434334634836 1180.9096272033314108 1173.0118517454416178 1165.1394055407160977 1157.3186769039798492 1149.4748386529618074 1141.706208401678623 1133.9408355671544086 1126.200789526690869 1118.5121021623590423 1110.8011038414151699 1103.1645257768564079 1095.5315577680053138 1087.9239837421223456 1080.3672841009470176 1072.7891836215778767 1065.2845932801751587 1057.784097285904636 1050.3089280856945607 1042.8842842791741532 1035.4389468868414497 1028.0664623554778245 1020.6983175415804226 1013.3556067168054824 1006.0629777815464649 998.75051483474896941 991.50998636689132582 984.27434364023622493 977.06406130209495586 969.90344348940516284 962.72384942843200406 955.61534091551482106 948.51213660898633862 941.43429269097168799 934.40569483322178712 927.35896965807376091
1285.9257451838966517 1277.7089922777588527 1269.4665184135160416 1261.3018748071510799 1253.1392003302305511 1245.0018446496119395 1236.9170794897834185 1228.8075034671157937 1220.7748441971186821 1212.7446690802303237 1204.7398175852865734 1196.7869928978832377 1188.8102434334632562 1180.9096272033314108 1173.0118517454418452 1165.139405540716325 1157.3186769039798492 1149.47483865296158 1141.706208401678623 1133.940835567154636 1126.2007895266910964 1118.5121021623590423 1110.8011038414149425 1103.1645257768564079 1095.5315577680055412 1087.9239837421225729 1080.3672841009470176 1072.7891836215774219 1065.2845932801751587 1057.784097285904636 1050.3089280856945607 1042.8842842791739258 1035.4389468868409949 1028.0664623554778245 1020.6983175415800815 1013.3556067168057098 1006.0629777815465786 998.75051483474862835 991.50998636689155319 984.27434364023633862 977.06406130209518324 969.90344348940527652 962.72384942843177669 955.61534091551459369 948.51213660898633862 941.43429269097214274 934.40569483322190081 927.35896965807341985
