avaframe/tests/data/remeshedDEM8.00.asc
ncols        626
nrows        251
xllcorner    996.000000000000
yllcorner    -5004.000000000000
cellsize     8.000000000000
NODATA_value nan
[rows 147 to 167 of 251, columns 192 to 239 of 626]
615.825066983273814 610.10686582987943893 604.45059880449605316 598.80414316827989296 593.18304910384813411 587.60669480050717084 582.02136531279268183 576.49708733585862319 570.98308387461122493 565.49444321469957231 560.05005213699553224 554.59759153510560736 549.20538310343749799 543.82378211679883862 538.46754393149535645 533.15522333929288834 527.83560266747713285 522.57541551604242613 517.32623405351750989 512.10247039766420585 506.92214337241540534 501.73536429982380014 496.6071951312363808 491.49046912851753177 486.39910592713408732 481.35082321591170285 476.2969177620290111 471.30074908378242071 466.31645777173270062 461.35753126045858608 456.44126559154574352 451.52021454561253222 446.65609109337520977 441.80420155834235629 436.97771362438913911 432.19346609381938151 427.40526611287884862 422.67316013902802752 417.95372464190796791 413.2596713575661056 408.60744071959879875 403.95208568083899081 399.3520010215644902 394.76498647045173129 390.20337231400793598 385.68317501250430723 381.16067577162152702 376.69260542607690923
615.825066983273814 610.10686582987932525 604.45059880449616685 598.80414316827989296 593.18304910384813411 587.60669480050739821 582.02136531279268183 576.49708733585873688 570.98308387461122493 565.49444321469945862 560.05005213699553224 554.59759153510560736 549.20538310343761168 543.82378211679883862 538.46754393149535645 533.15522333929288834 527.83560266747713285 522.57541551604253982 517.32623405351750989 512.10247039766420585 506.92214337241546218 501.73536429982385698 496.60719513123649449 491.49046912851747493 486.39910592713408732 481.35082321591175969 476.29691776202895426 471.30074908378259124 466.31645777173287115 461.35753126045847239 456.44126559154574352 451.52021454561258906 446.65609109337520977 441.80420155834241314 436.97771362438913911 432.19346609381943836 427.40526611287884862 422.67316013902797067 417.95372464190796791 413.2596713575661056 408.60744071959874191 403.95208568083893397 399.35200102156454705 394.76498647045178814 390.2033723140078223 385.68317501250430723 381.16067577162158386 376.69260542607690923
615.82506698327392769 610.10686582987943893 604.45059880449605316 598.80414316828000665 593.18304910384790674 587.60669480050739821 582.02136531279268183 576.49708733585873688 570.98308387461111124 565.49444321469934494 560.05005213699553224 554.59759153510560736 549.20538310343761168 543.82378211679883862 538.46754393149524276 533.15522333929300203 527.83560266747713285 522.57541551604242613 517.32623405351750989 512.10247039766420585 506.92214337241546218 501.73536429982397067 496.6071951312363808 491.49046912851747493 486.39910592713391679 481.35082321591181653 476.29691776202906794 471.3007490837825344 466.31645777173270062 461.35753126045847239 456.44126559154580036 451.52021454561258906 446.65609109337520977 441.80420155834235629 436.97771362438908227 432.1934660938194952 427.40526611287879177 422.67316013902785699 417.95372464190791106 413.25967135756599191 408.60744071959874191 403.95208568083899081 399.35200102156454705 394.76498647045173129 390.2033723140078223 385.68317501250442092 381.16067577162164071 376.69260542607679554
615.825066983273814 610.10686582987932525 604.45059880449605316 598.80414316828000665 593.18304910384802042 587.60669480050717084 582.02136531279256815 576.49708733585862319 570.98308387461122493 565.49444321469957231 560.05005213699530486 554.59759153510549368 549.20538310343761168 543.82378211679872493 538.46754393149547013 533.15522333929288834 527.83560266747701917 522.57541551604253982 517.32623405351750989 512.10247039766420585 506.92214337241546218 501.73536429982362961 496.6071951312363808 491.49046912851758862 486.39910592713414417 481.35082321591175969 476.29691776202889741 471.30074908378259124 466.31645777173270062 461.35753126045858608 456.44126559154580036 451.52021454561241853 446.65609109337532345 441.80420155834241314 436.97771362438919596 432.19346609381943836 427.40526611287873493 422.67316013902808436 417.95372464190796791 413.2596713575661056 408.60744071959868506 403.95208568083893397 399.35200102156454705 394.76498647045167445 390.20337231400793598 385.68317501250425039 381.16067577162147018 376.69260542607690923
615.82506698327370032 610.10686582987943893 604.45059880449616685 598.80414316828012034 593.18304910384813411 587.60669480050728453 582.02136531279268183 576.49708733585862319 570.98308387461122493 565.49444321469945862 560.05005213699541855 554.59759153510560736 549.20538310343761168 543.82378211679883862 538.46754393149547013 533.15522333929300203 527.83560266747713285 522.57541551604231245 517.32623405351762358 512.10247039766431953 506.92214337241551902 501.73536429982380014 496.60719513123649449 491.49046912851747493 486.39910592713414417 481.35082321591153232 476.29691776202889741 471.3007490837825344 466.31645777173281431 461.35753126045852923 456.44126559154562983 451.52021454561236169 446.65609109337520977 441.80420155834246998 436.97771362438919596 432.1934660938194952 427.40526611287873493 422.67316013902791383 417.95372464190808159 413.2596713575661056 408.60744071959879875 403.95208568083899081 399.35200102156454705 394.76498647045178814 390.20337231400787914 385.68317501250430723 381.16067577162158386 376.69260542607690923
615.825066983273814 610.10686582987943893 604.45059880449605316 598.80414316827989296 593.18304910384813411 587.60669480050717084 582.02136531279268183 576.49708733585862319 570.98308387461122493 565.49444321469957231 560.05005213699553224 554.59759153510560736 549.20538310343749799 543.82378211679883862 538.46754393149535645 533.15522333929288834 527.83560266747713285 522.57541551604242613 517.32623405351750989 512.10247039766420585 506.92214337241540534 501.73536429982380014 496.6071951312363808 491.49046912851753177 486.39910592713408732 481.35082321591170285 476.2969177620290111 471.30074908378242071 466.31645777173270062 461.35753126045858608 456.44126559154574352 451.52021454561253222 446.65609109337520977 441.80420155834235629 436.97771362438913911 432.19346609381938151 427.40526611287884862 422.67316013902802752 417.95372464190796791 413.2596713575661056 408.60744071959879875 403.95208568083899081 399.3520010215644902 394.76498647045173129 390.20337231400793598 385.68317501250430723 381.16067577162152702 376.69260542607690923
615.825066983273814 610.10686582987932525 604.45059880449616685 598.80414316827989296 593.18304910384813411 587.60669480050739821 582.02136531279268183 576.49708733585873688 570.98308387461122493 565.49444321469945862 560.05005213699553224 554.59759153510560736 549.20538310343761168 543.82378211679883862 538.46754393149535645 533.15522333929288834 527.83560266747713285 522.57541551604253982 517.32623405351750989 512.10247039766420585 506.92214337241546218 501.73536429982385698 496.60719513123649449 491.49046912851747493 486.39910592713408732 481.35082321591175969 476.29691776202895426 471.30074908378259124 466.31645777173287115 461.35753126045847239 456.44126559154574352 451.52021454561258906 446.65609109337520977 441.80420155834241314 436.97771362438913911 432.19346609381943836 427.40526611287884862 422.67316013902797067 417.95372464190796791 413.2596713575661056 408.60744071959874191 403.95208568083893397 399.35200102156454705 394.76498647045178814 390.2033723140078223 385.68317501250430723 381.16067577162158386 376.69260542607690923
615.82506698327392769 610.10686582987943893 604.45059880449605316 598.80414316828000665 593.18304910384790674 587.60669480050739821 582.02136531279268183 576.49708733585873688 570.98308387461111124 565.49444321469934494 560.05005213699553224 554.59759153510560736 549.20538310343761168 543.82378211679883862 538.46754393149524276 533.15522333929300203 527.83560266747713285 522.57541551604242613 517.32623405351750989 512.10247039766420585 506.92214337241546218 501.73536429982397067 496.6071951312363808 491.49046912851747493 486.39910592713391679 481.35082321591181653 476.29691776202906794 471.3007490837825344 466.31645777173270062 461.35753126045847239 456.44126559154580036 451.52021454561258906 446.65609109337520977 441.80420155834235629 436.97771362438908227 432.1934660938194952 427.40526611287879177 422.67316013902785699 417.95372464190791106 413.25967135756599191 408.60744071959874191 403.95208568083899081 399.35200102156454705 394.76498647045173129 390.2033723140078223 385.68317501250442092 381.16067577162164071 376.69260542607679554
615.825066983273814 610.10686582987932525 604.45059880449605316 598.80414316828000665 593.18304910384802042 587.60669480050717084 582.02136531279256815 576.49708733585862319 570.98308387461122493 565.49444321469957231 560.05005213699530486 554.59759153510549368 549.20538310343761168 543.82378211679872493 538.46754393149547013 533.15522333929288834 527.83560266747701917 522.57541551604253982 517.32623405351750989 512.10247039766420585 506.92214337241546218 501.73536429982362961 496.6071951312363808 491.49046912851758862 486.39910592713414417 481.35082321591175969 476.29691776202889741 471.30074908378259124 466.31645777173270062 461.35753126045858608 456.44126559154580036 451.52021454561241853 446.65609109337532345 441.80420155834241314 436.97771362438919596 432.19346609381943836 427.40526611287873493 422.67316013902808436 417.95372464190796791 413.2596713575661056 408.60744071959868506 403.95208568083893397 399.35200102156454705 394.76498647045167445 390.20337231400793598 385.68317501250425039 381.16067577162147018 376.69260542607690923
615.82506698327370032 610.10686582987943893 604.45059880449616685 598.80414316828012034 593.18304910384813411 587.60669480050728453 582.02136531279268183 576.49708733585862319 570.98308387461122493 565.49444321469945862 560.05005213699541855 554.59759153510560736 549.20538310343761168 543.82378211679883862 538.46754393149547013 533.15522333929300203 527.83560266747713285 522.57541551604231245 517.32623405351762358 512.10247039766431953 506.92214337241551902 501.73536429982380014 496.60719513123649449 491.49046912851747493 486.39910592713414417 481.35082321591153232 476.29691776202889741 471.3007490837825344 466.31645777173281431 461.35753126045852923 456.44126559154562983 451.52021454561236169 446.65609109337520977 441.80420155834246998 436.97771362438919596 432.1934660938194952 427.40526611287873493 422.67316013902791383 417.95372464190808159 413.2596713575661056 408.60744071959879875 403.95208568083899081 399.35200102156454705 394.76498647045178814 390.20337231400787914 385.68317501250430723 381.16067577162158386 376.69260542607690923
615.825066983273814 610.10686582987943893 604.45059880449605316 598.80414316827989296 593.18304910384813411 587.60669480050717084 582.02136531279268183 576.49708733585862319 570.98308387461122493 565.49444321469957231 560.05005213699553224 554.59759153510560736 549.20538310343749799 543.82378211679883862 538.46754393149535645 533.15522333929288834 527.83560266747713285 522.57541551604242613 517.32623405351750989 512.10247039766420585 506.92214337241540534 501.73536429982380014 496.6071951312363808 491.49046912851753177 486.39910592713408732 481.35082321591170285 476.2969177620290111 471.30074908378242071 466.31645777173270062 461.35753126045858608 456.44126559154574352 451.52021454561253222 446.65609109337520977 441.80420155834235629 436.97771362438913911 432.19346609381938151 427.40526611287884862 422.67316013902802752 417.95372464190796791 413.2596713575661056 408.60744071959879875 403.95208568083899081 399.3520010215644902 394.76498647045173129 390.20337231400793598 385.68317501250430723 381.16067577162152702 376.69260542607690923
615.825066983273814 610.10686582987932525 604.45059880449616685 598.80414316827989296 593.18304910384813411 587.60669480050739821 582.02136531279268183 576.49708733585873688 570.98308387461122493 565.49444321469945862 560.05005213699553224 554.59759153510560736 549.20538310343761168 543.82378211679883862 538.46754393149535645 533.15522333929288834 527.83560266747713285 522.57541551604253982 517.32623405351750989 512.10247039766420585 506.92214337241546218 501.73536429982385698 496.60719513123649449 491.49046912851747493 486.39910592713408732 481.35082321591175969 476.29691776202895426 471.30074908378259124 466.31645777173287115 461.35753126045847239 456.44126559154574352 451.52021454561258906 446.65609109337520977 441.80420155834241314 436.97771362438913911 432.19346609381943836 427.40526611287884862 422.67316013902797067 417.95372464190796791 413.2596713575661056 408.60744071959874191 403.95208568083893397 399.35200102156454705 394.76498647045178814 390.2033723140078223 385.68317501250430723 381.16067577162158386 376.69260542607690923
615.82506698327392769 610.10686582987943893 604.45059880449605316 598.80414316828000665 593.18304910384790674 587.60669480050739821 582.02136531279268183 576.49708733585873688 570.98308387461111124 565.49444321469934494 560.05005213699553224 554.59759153510560736 549.20538310343761168 543.82378211679883862 538.46754393149524276 533.15522333929300203 527.83560266747713285 522.57541551604242613 517.32623405351750989 512.10247039766420585 506.92214337241546218 501.73536429982397067 496.6071951312363808 491.49046912851747493 486.39910592713391679 481.35082321591181653 476.29691776202906794 471.3007490837825344 466.31645777173270062 461.35753126045847239 456.44126559154580036 451.52021454561258906 446.65609109337520977 441.80420155834235629 436.97771362438908227 432.1934660938194952 427.40526611287879177 422.67316013902785699 417.95372464190791106 413.25967135756599191 408.60744071959874191 403.95208568083899081 399.35200102156454705 394.76498647045173129 390.2033723140078223 385.68317501250442092 381.16067577162164071 376.69260542607679554
615.825066983273814 610.10686582987932525 604.45059880449605316 598.80414316828000665 593.18304910384802042 587.60669480050717084 582.02136531279256815 576.49708733585862319 570.98308387461122493 565.49444321469957231 560.05005213699530486 554.59759153510549368 549.20538310343761168 543.82378211679872493 538.46754393149547013 533.15522333929288834 527.83560266747701917 522.57541551604253982 517.32623405351750989 512.10247039766420585 506.92214337241546218 501.73536429982362961 496.6071951312363808 491.49046912851758862 486.39910592713414417 481.35082321591175969 476.29691776202889741 471.30074908378259124 466.31645777173270062 461.35753126045858608 456.44126559154580036 451.52021454561241853 446.65609109337532345 441.80420155834241314 436.97771362438919596 432.19346609381943836 427.40526611287873493 422.67316013902808436 417.95372464190796791 413.2596713575661056 408.60744071959868506 403.95208568083893397 399.35200102156454705 394.76498647045167445 390.20337231400793598 385.68317501250425039 381.16067577162147018 376.69260542607690923
615.82506698327370032 610.10686582987943893 604.45059880449616685 598.80414316828012034 593.18304910384813411 587.60669480050728453 582.02136531279268183 576.49708733585862319 570.98308387461122493 565.49444321469945862 560.05005213699541855 554.59759153510560736 549.20538310343761168 543.82378211679883862 538.46754393149547013 533.15522333929300203 527.83560266747713285 522.57541551604231245 517.32623405351762358 512.10247039766431953 506.92214337241551902 501.73536429982380014 496.60719513123649449 491.49046912851747493 486.39910592713414417 481.35082321591153232 476.29691776202889741 471.3007490837825344 466.31645777173281431 461.35753126045852923 456.44126559154562983 451.52021454561236169 446.65609109337520977 441.80420155834246998 436.97771362438919596 432.1934660938194952 427.40526611287873493 422.67316013902791383 417.95372464190808159 413.2596713575661056 408.60744071959879875 403.95208568083899081 399.35200102156454705 394.76498647045178814 390.20337231400787914 385.68317501250430723 381.16067577162158386 376.69260542607690923
615.825066983273814 610.10686582987943893 604.45059880449605316 598.80414316827989296 593.18304910384813411 587.60669480050717084 582.02136531279268183 576.49708733585862319 570.98308387461122493 565.49444321469957231 560.05005213699553224 554.59759153510560736 549.20538310343749799 543.82378211679883862 538.46754393149535645 533.15522333929288834 527.83560266747713285 522.57541551604242613 517.32623405351750989 512.10247039766420585 506.92214337241540534 501.73536429982380014 496.6071951312363808 491.49046912851753177 486.39910592713408732 481.35082321591170285 476.2969177620290111 471.30074908378242071 466.31645777173270062 461.35753126045858608 456.44126559154574352 451.52021454561253222 446.65609109337520977 441.80420155834235629 436.97771362438913911 432.19346609381938151 427.40526611287884862 422.67316013902802752 417.95372464190796791 413.2596713575661056 408.60744071959879875 403.95208568083899081 399.3520010215644902 394.76498647045173129 390.20337231400793598 385.68317501250430723 381.16067577162152702 376.69260542607690923
615.825066983273814 610.10686582987932525 604.45059880449616685 598.80414316827989296 593.18304910384813411 587.60669480050739821 582.02136531279268183 576.49708733585873688 570.98308387461122493 565.49444321469945862 560.05005213699553224 554.59759153510560736 549.20538310343761168 543.82378211679883862 538.46754393149535645 533.15522333929288834 527.83560266747713285 522.57541551604253982 517.32623405351750989 512.10247039766420585 506.92214337241546218 501.73536429982385698 496.60719513123649449 491.49046912851747493 486.39910592713408732 481.35082321591175969 476.29691776202895426 471.30074908378259124 466.31645777173287115 461.35753126045847239 456.44126559154574352 451.52021454561258906 446.65609109337520977 441.80420155834241314 436.97771362438913911 432.19346609381943836 427.40526611287884862 422.67316013902797067 417.95372464190796791 413.2596713575661056 408.60744071959874191 403.95208568083893397 399.35200102156454705 394.76498647045178814 390.2033723140078223 385.68317501250430723 381.16067577162158386 376.69260542607690923
615.82506698327392769 610.10686582987943893 604.45059880449605316 598.80414316828000665 593.18304910384790674 587.60669480050739821 582.02136531279268183 576.49708733585873688 570.98308387461111124 565.49444321469934494 560.05005213699553224 554.59759153510560736 549.20538310343761168 543.82378211679883862 538.46754393149524276 533.15522333929300203 527.83560266747713285 522.57541551604242613 517.32623405351750989 512.10247039766420585 506.92214337241546218 501.73536429982397067 496.6071951312363808 491.49046912851747493 486.39910592713391679 481.35082321591181653 476.29691776202906794 471.3007490837825344 466.31645777173270062 461.35753126045847239 456.44126559154580036 451.52021454561258906 446.65609109337520977 441.80420155834235629 436.97771362438908227 432.1934660938194952 427.40526611287879177 422.67316013902785699 417.95372464190791106 413.25967135756599191 408.60744071959874191 403.95208568083899081 399.35200102156454705 394.76498647045173129 390.2033723140078223 385.68317501250442092 381.16067577162164071 376.69260542607679554
615.825066983273814 610.10686582987932525 604.45059880449605316 598.80414316828000665 593.18304910384802042 587.60669480050717084 582.02136531279256815 576.49708733585862319 570.98308387461122493 565.49444321469957231 560.05005213699530486 554.59759153510549368 549.20538310343761168 543.82378211679872493 538.46754393149547013 533.15522333929288834 527.83560266747701917 522.57541551604253982 517.32623405351750989 512.10247039766420585 506.92214337241546218 501.73536429982362961 496.6071951312363808 491.49046912851758862 486.39910592713414417 481.35082321591175969 476.29691776202889741 471.30074908378259124 466.31645777173270062 461.35753126045858608 456.44126559154580036 451.52021454561241853 446.65609109337532345 441.80420155834241314 436.97771362438919596 432.19346609381943836 427.40526611287873493 422.67316013902808436 417.95372464190796791 413.2596713575661056 408.60744071959868506 403.95208568083893397 399.35200102156454705 394.76498647045167445 390.20337231400793598 385.68317501250425039 381.16067577162147018 376.69260542607690923
615.82506698327370032 610.10686582987943893 604.45059880449616685 598.80414316828012034 593.18304910384813411 587.60669480050728453 582.02136531279268183 576.49708733585862319 570.98308387461122493 565.49444321469945862 560.05005213699541855 554.59759153510560736 549.20538310343761168 543.82378211679883862 538.46754393149547013 533.15522333929300203 527.83560266747713285 522.57541551604231245 517.32623405351762358 512.10247039766431953 506.92214337241551902 501.73536429982380014 496.60719513123649449 491.49046912851747493 486.39910592713414417 481.35082321591153232 476.29691776202889741 471.3007490837825344 466.31645777173281431 461.35753126045852923 456.44126559154562983 451.52021454561236169 446.65609109337520977 441.80420155834246998 436.97771362438919596 432.1934660938194952 427.40526611287873493 422.67316013902791383 417.95372464190808159 413.2596713575661056 408.60744071959879875 403.95208568083899081 399.35200102156454705 394.76498647045178814 390.20337231400787914 385.68317501250430723 381.16067577162158386 376.69260542607690923
615.825066983273814 610.10686582987943893 604.45059880449605316 598.80414316827989296 593.18304910384813411 587.60669480050717084 582.02136531279268183 576.49708733585862319 570.98308387461122493 565.49444321469957231 560.05005213699553224 554.59759153510560736 549.20538310343749799 543.82378211679883862 538.46754393149535645 533.15522333929288834 527.83560266747713285 522.57541551604242613 517.32623405351750989 512.10247039766420585 506.92214337241540534 501.73536429982380014 496.6071951312363808 491.49046912851753177 486.39910592713408732 481.35082321591170285 476.2969177620290111 471.30074908378242071 466.31645777173270062 461.35753126045858608 456.44126559154574352 451.52021454561253222 446.65609109337520977 441.80420155834235629 436.97771362438913911 432.19346609381938151 427.40526611287884862 422.67316013902802752 417.95372464190796791 413.2596713575661056 408.60744071959879875 403.95208568083899081 399.3520010215644902 394.76498647045173129 390.20337231400793598 385.68317501250430723 381.16067577162152702 376.69260542607690923
