avaframe/tests/data/remeshedDEM8.00.asc
ncols        626
nrows        251
xllcorner    996.000000000000
yllcorner    -5004.000000000000
cellsize     8.000000000000
NODATA_value nan
[rows 63 to 83 of 251, columns 0 to 47 of 626]
2198.8269734321652322 2189.6877322994168935 2178.4891323001183991 2167.7224258311944141 2157.0494256007832519 2146.3704479036418888 2135.7169521995356263 2125.1238454174254002 2114.4900367900768288 2103.9489108242155453 2093.4024303255168888 2082.8814318198542423 2072.4201993022929855 2061.9192940762300168 2051.5102040923607092 2041.0962363651549367 2030.7075226118813589 2020.3783815523395333 2010.0102639045608157 1999.7332287348476711 1989.4517003302305511 1979.1954907219135293 1968.9983339987400086 1958.7631141925353404 1948.6180667691326107 1938.4689404826171995 1928.3451385310581827 1918.280087520703546 1908.1776497330715756 1898.1647080456418735 1888.1479142292182587 1878.1565895824273866 1868.2235262952278845 1858.2539863491717824 1848.373032384898579 1838.4887105830548535 1828.6297907619373291 1818.8287814289224116 1808.9920624814035364 1799.2430965014282265 1789.4912798550685693 1779.7647843715485578 1770.0956992044011713 1760.3919025897052961 1750.7749742342034551 1741.155557246842136 1731.5614670535410369 1722.024481584991463
2198.8269734321647775 2189.6877322994173483 2178.4891323001183991 2167.7224258311948688 2157.0494256007837066 2146.3704479036423436 2135.716952199536081 2125.1238454174254002 2114.4900367900768288 2103.9489108242155453 2093.4024303255168888 2082.8814318198546971 2072.4201993022929855 2061.9192940762300168 2051.5102040923611639 2041.096236365154482 2030.7075226118815863 2020.3783815523397607 2010.0102639045608157 1999.7332287348485806 1989.4517003302300964 1979.1954907219135293 1968.9983339987395539 1958.7631141925362499 1948.6180667691330655 1938.4689404826169721 1928.3451385310588648 1918.2800875207030913 1908.1776497330720304 1898.1647080456425556 1888.1479142292175766 1878.1565895824273866 1868.2235262952281118 1858.2539863491722372 1848.3730323848988064 1838.4887105830543987 1828.6297907619380112 1818.8287814289221842 1808.9920624814035364 1799.2430965014289086 1789.4912798550681146 1779.7647843715485578 1770.0956992044004892 1760.3919025897050687 1750.7749742342039099 1741.1555572468416813 1731.5614670535412642 1722.0244815849916904
2198.8269734321652322 2189.6877322994173483 2178.4891323001179444 2167.7224258311939593 2157.0494256007827971 2146.3704479036418888 2135.7169521995365358 2125.1238454174254002 2114.490036790076374 2103.948910824216 2093.4024303255168888 2082.8814318198542423 2072.4201993022934403 2061.9192940762300168 2051.5102040923607092 2041.0962363651551641 2030.7075226118813589 2020.378381552339988 2010.010263904560361 1999.7332287348485806 1989.4517003302300964 1979.1954907219137567 1968.998333998740236 1958.7631141925355678 1948.6180667691330655 1938.4689404826169721 1928.3451385310588648 1918.2800875207028639 1908.1776497330722577 1898.164708045642783 1888.1479142292178039 1878.156589582427614 1868.2235262952283392 1858.2539863491720098 1848.3730323848988064 1838.4887105830546261 1828.6297907619373291 1818.8287814289221842 1808.9920624814037637 1799.2430965014289086 1789.4912798550678872 1779.7647843715492399 1770.0956992044011713 1760.3919025897057509 1750.7749742342041372 1741.1555572468416813 1731.5614670535414916 1722.0244815849916904
2198.8269734321652322 2189.6877322994173483 2178.4891323001179444 2167.7224258311939593 2157.0494256007832519 2146.3704479036423436 2135.7169521995365358 2125.1238454174249455 2114.4900367900759193 2103.9489108242150905 2093.4024303255173436 2082.8814318198546971 2072.4201993022929855 2061.9192940762300168 2051.5102040923607092 2041.0962363651551641 2030.707522611882041 2020.3783815523397607 2010.0102639045601336 1999.7332287348478985 1989.4517003302303237 1979.1954907219137567 1968.9983339987397812 1958.7631141925355678 1948.6180667691328381 1938.4689404826171995 1928.3451385310590922 1918.2800875207028639 1908.1776497330715756 1898.1647080456418735 1888.1479142292180313 1878.1565895824278414 1868.2235262952278845 1858.2539863491722372 1848.3730323848990338 1838.4887105830543987 1828.6297907619375565 1818.8287814289221842 1808.9920624814035364 1799.2430965014284538 1789.4912798550685693 1779.7647843715490126 1770.0956992044004892 1760.3919025897050687 1750.7749742342036825 1741.155557246842136 1731.5614670535414916 1722.0244815849910083
2198.8269734321652322 2189.6877322994173483 2178.4891323001183991 2167.7224258311944141 2157.0494256007832519 2146.3704479036423436 2135.7169521995365358 2125.1238454174254002 2114.490036790076374 2103.9489108242155453 2093.4024303255164341 2082.8814318198542423 2072.4201993022929855 2061.9192940762300168 2051.5102040923607092 2041.096236365154482 2030.7075226118818136 2020.3783815523395333 2010.0102639045599062 1999.7332287348481259 1989.451700330229869 1979.1954907219139841 1968.9983339987395539 1958.7631141925357952 1948.6180667691330655 1938.4689404826169721 1928.3451385310590922 1918.2800875207030913 1908.1776497330715756 1898.1647080456423282 1888.1479142292175766 1878.1565895824278414 1868.2235262952281118 1858.2539863491717824 1848.3730323848988064 1838.4887105830541714 1828.6297907619377838 1818.8287814289224116 1808.9920624814028542 1799.2430965014286812 1789.4912798550685693 1779.7647843715485578 1770.0956992044009439 1760.3919025897052961 1750.7749742342039099 1741.1555572468419086 1731.5614670535408095 1722.0244815849912356
2198.8269734321652322 2189.6877322994168935 2178.4891323001183991 2167.7224258311944141 2157.0494256007832519 2146.3704479036418888 2135.7169521995356263 2125.1238454174254002 2114.4900367900768288 2103.9489108242155453 2093.4024303255168888 2082.8814318198542423 2072.4201993022929855 2061.9192940762300168 2051.5102040923607092 2041.0962363651549367 2030.7075226118813589 2020.3783815523395333 2010.0102639045608157 1999.7332287348476711 1989.4517003302305511 1979.1954907219135293 1968.9983339987400086 1958.7631141925353404 1948.6180667691326107 1938.4689404826171995 1928.3451385310581827 1918.280087520703546 1908.1776497330715756 1898.1647080456418735 1888.1479142292182587 1878.1565895824273866 1868.2235262952278845 1858.2539863491717824 1848.373032384898579 1838.4887105830548535 1828.6297907619373291 1818.8287814289224116 1808.9920624814035364 1799.2430965014282265 1789.4912798550685693 1779.7647843715485578 1770.0956992044011713 1760.3919025897052961 1750.7749742342034551 1741.155557246842136 1731.5614670535410369 1722.024481584991463
2198.8269734321647775 2189.6877322994173483 2178.4891323001183991 2167.7224258311948688 2157.0494256007837066 2146.3704479036423436 2135.716952199536081 2125.1238454174254002 2114.4900367900768288 2103.9489108242155453 2093.4024303255168888 2082.8814318198546971 2072.4201993022929855 2061.9192940762300168 2051.5102040923611639 2041.096236365154482 2030.7075226118815863 2020.3783815523397607 2010.0102639045608157 1999.7332287348485806 1989.4517003302300964 1979.1954907219135293 1968.9983339987395539 1958.7631141925362499 1948.6180667691330655 1938.4689404826169721 1928.3451385310588648 1918.2800875207030913 1908.1776497330720304 1898.1647080456425556 1888.1479142292175766 1878.1565895824273866 1868.2235262952281118 1858.2539863491722372 1848.3730323848988064 1838.4887105830543987 1828.6297907619380112 1818.8287814289221842 1808.9920624814035364 1799.2430965014289086 1789.4912798550681146 1779.7647843715485578 1770.0956992044004892 1760.3919025897050687 1750.7749742342039099 1741.1555572468416813 1731.5614670535412642 1722.0244815849916904
2198.8269734321652322 2189.6877322994173483 2178.4891323001179444 2167.7224258311939593 2157.0494256007827971 2146.3704479036418888 2135.7169521995365358 2125.1238454174254002 2114.490036790076374 2103.948910824216 2093.4024303255168888 2082.8814318198542423 2072.4201993022934403 2061.9192940762300168 2051.5102040923607092 2041.0962363651551641 2030.7075226118813589 2020.378381552339988 2010.010263904560361 1999.7332287348485806 1989.4517003302300964 1979.1954907219137567 1968.998333998740236 1958.7631141925355678 1948.6180667691330655 1938.4689404826169721 1928.3451385310588648 1918.2800875207028639 1908.1776497330722577 1898.164708045642783 1888.1479142292178039 1878.156589582427614 1868.2235262952283392 1858.2539863491720098 1848.3730323848988064 1838.4887105830546261 1828.6297907619373291 1818.8287814289221842 1808.9920624814037637 1799.2430965014289086 1789.4912798550678872 1779.7647843715492399 1770.0956992044011713 1760.3919025897057509 1750.7749742342041372 1741.1555572468416813 1731.5614670535414916 1722.0244815849916904
2198.8269734321652322 2189.6877322994173483 2178.4891323001179444 2167.7224258311939593 2157.0494256007832519 2146.3704479036423436 2135.7169521995365358 2125.1238454174249455 2114.4900367900759193 2103.9489108242150905 2093.4024303255173436 2082.8814318198546971 2072.4201993022929855 2061.9192940762300168 2051.5102040923607092 2041.0962363651551641 2030.707522611882041 2020.3783815523397607 2010.0102639045601336 1999.7332287348478985 1989.4517003302303237 1979.1954907219137567 1968.9983339987397812 1958.7631141925355678 1948.6180667691328381 1938.4689404826171995 1928.3451385310590922 1918.2800875207028639 1908.1776497330715756 1898.1647080456418735 1888.1479142292180313 1878.1565895824278414 1868.2235262952278845 1858.2539863491722372 1848.3730323848990338 1838.4887105830543987 1828.6297907619375565 1818.8287814289221842 1808.9920624814035364 1799.2430965014284538 1789.4912798550685693 1779.7647843715490126 1770.0956992044004892 1760.3919025897050687 1750.7749742342036825 1741.155557246842136 1731.5614670535414916 1722.0244815849910083
2198.8269734321652322 2189.6877322994173483 2178.4891323001183991 2167.7224258311944141 2157.0494256007832519 2146.3704479036423436 2135.7169521995365358 2125.1238454174254002 2114.490036790076374 2103.9489108242155453 2093.4024303255164341 2082.8814318198542423 2072.4201993022929855 2061.9192940762300168 2051.5102040923607092 2041.096236365154482 2030.7075226118818136 2020.3783815523395333 2010.0102639045599062 1999.7332287348481259 1989.451700330229869 1979.1954907219139841 1968.9983339987395539 1958.7631141925357952 1948.6180667691330655 1938.4689404826169721 1928.3451385310590922 1918.2800875207030913 1908.1776497330715756 1898.1647080456423282 1888.1479142292175766 1878.1565895824278414 1868.2235262952281118 1858.2539863491717824 1848.3730323848988064 1838.4887105830541714 1828.6297907619377838 1818.8287814289224116 1808.9920624814028542 1799.2430965014286812 1789.4912798550685693 1779.7647843715485578 1770.0956992044009439 1760.3919025897052961 1750.7749742342039099 1741.1555572468419086 1731.5614670535408095 1722.0244815849912356
2198.8269734321652322 2189.6877322994168935 2178.4891323001183991 2167.7224258311944141 2157.0494256007832519 2146.3704479036418888 2135.7169521995356263 2125.1238454174254002 2114.4900367900768288 2103.9489108242155453 2093.4024303255168888 2082.8814318198542423 2072.4201993022929855 2061.9192940762300168 2051.5102040923607092 2041.0962363651549367 2030.7075226118813589 2020.3783815523395333 2010.0102639045608157 1999.7332287348476711 1989.4517003302305511 1979.1954907219135293 1968.9983339987400086 1958.7631141925353404 1948.6180667691326107 1938.4689404826171995 1928.3451385310581827 1918.280087520703546 1908.1776497330715756 1898.1647080456418735 1888.1479142292182587 1878.1565895824273866 1868.2235262952278845 1858.2539863491717824 1848.373032384898579 1838.4887105830548535 1828.6297907619373291 1818.8287814289224116 1808.9920624814035364 1799.2430965014282265 1789.4912798550685693 1779.7647843715485578 1770.0956992044011713 1760.3919025897052961 1750.7749742342034551 1741.155557246842136 1731.5614670535410369 1722.024481584991463
2198.8269734321647775 2189.6877322994173483 2178.4891323001183991 2167.7224258311948688 2157.0494256007837066 2146.3704479036423436 2135.716952199536081 2125.1238454174254002 2114.4900367900768288 2103.9489108242155453 2093.4024303255168888 2082.8814318198546971 2072.4201993022929855 2061.9192940762300168 2051.5102040923611639 2041.096236365154482 2030.7075226118815863 2020.3783815523397607 2010.0102639045608157 1999.7332287348485806 1989.4517003302300964 1979.1954907219135293 1968.9983339987395539 1958.7631141925362499 1948.6180667691330655 1938.4689404826169721 1928.3451385310588648 1918.2800875207030913 1908.1776497330720304 1898.1647080456425556 1888.1479142292175766 1878.1565895824273866 1868.2235262952281118 1858.2539863491722372 1848.3730323848988064 1838.4887105830543987 1828.6297907619380112 1818.8287814289221842 1808.9920624814035364 1799.2430965014289086 1789.4912798550681146 1779.7647843715485578 1770.0956992044004892 1760.3919025897050687 1750.7749742342039099 1741.1555572468416813 1731.5614670535412642 1722.0244815849916904
2198.8269734321652322 2189.6877322994173483 2178.4891323001179444 2167.7224258311939593 2157.0494256007827971 2146.3704479036418888 2135.7169521995365358 2125.1238454174254002 2114.490036790076374 2103.948910824216 2093.4024303255168888 2082.8814318198542423 2072.4201993022934403 2061.9192940762300168 2051.5102040923607092 2041.0962363651551641 2030.7075226118813589 2020.378381552339988 2010.010263904560361 1999.7332287348485806 1989.4517003302300964 1979.1954907219137567 1968.998333998740236 1958.7631141925355678 1948.6180667691330655 1938.4689404826169721 1928.3451385310588648 1918.2800875207028639 1908.1776497330722577 1898.164708045642783 1888.1479142292178039 1878.156589582427614 1868.2235262952283392 1858.2539863491720098 1848.3730323848988064 1838.4887105830546261 1828.6297907619373291 1818.8287814289221842 1808.9920624814037637 1799.2430965014289086 1789.4912798550678872 1779.7647843715492399 1770.0956992044011713 1760.3919025897057509 1750.7749742342041372 1741.1555572468416813 1731.5614670535414916 1722.0244815849916904
2198.8269734321652322 2189.6877322994173483 2178.4891323001179444 2167.7224258311939593 2157.0494256007832519 2146.3704479036423436 2135.7169521995365358 2125.1238454174249455 2114.4900367900759193 2103.9489108242150905 2093.4024303255173436 2082.8814318198546971 2072.4201993022929855 2061.9192940762300168 2051.5102040923607092 2041.0962363651551641 2030.707522611882041 2020.3783815523397607 2010.0102639045601336 1999.7332287348478985 1989.4517003302303237 1979.1954907219137567 1968.9983339987397812 1958.7631141925355678 1948.6180667691328381 1938.4689404826171995 1928.3451385310590922 1918.2800875207028639 1908.1776497330715756 1898.1647080456418735 1888.1479142292180313 1878.1565895824278414 1868.2235262952278845 1858.2539863491722372 1848.3730323848990338 1838.4887105830543987 1828.6297907619375565 1818.8287814289221842 1808.9920624814035364 1799.2430965014284538 1789.4912798550685693 1779.7647843715490126 1770.0956992044004892 1760.3919025897050687 1750.7749742342036825 1741.155557246842136 1731.5614670535414916 1722.0244815849910083
2198.8269734321652322 2189.6877322994173483 2178.4891323001183991 2167.7224258311944141 2157.0494256007832519 2146.3704479036423436 2135.7169521995365358 2125.1238454174254002 2114.490036790076374 2103.9489108242155453 2093.4024303255164341 2082.8814318198542423 2072.4201993022929855 2061.9192940762300168 2051.5102040923607092 2041.096236365154482 2030.7075226118818136 2020.3783815523395333 2010.0102639045599062 1999.7332287348481259 1989.451700330229869 1979.1954907219139841 1968.9983339987395539 1958.7631141925357952 1948.6180667691330655 1938.4689404826169721 1928.3451385310590922 1918.2800875207030913 1908.1776497330715756 1898.1647080456423282 1888.1479142292175766 1878.1565895824278414 1868.2235262952281118 1858.2539863491717824 1848.3730323848988064 1838.4887105830541714 1828.6297907619377838 1818.8287814289224116 1808.9920624814028542 1799.2430965014286812 1789.4912798550685693 1779.7647843715485578 1770.0956992044009439 1760.3919025897052961 1750.7749742342039099 1741.1555572468419086 1731.5614670535408095 1722.0244815849912356
2198.8269734321652322 2189.6877322994168935 2178.4891323001183991 2167.7224258311944141 2157.0494256007832519 2146.3704479036418888 2135.7169521995356263 2125.1238454174254002 2114.4900367900768288 2103.9489108242155453 2093.4024303255168888 2082.8814318198542423 2072.4201993022929855 2061.9192940762300168 2051.5102040923607092 2041.0962363651549367 2030.7075226118813589 2020.3783815523395333 2010.0102639045608157 1999.7332287348476711 1989.4517003302305511 1979.1954907219135293 1968.9983339987400086 1958.7631141925353404 1948.6180667691326107 1938.4689404826171995 1928.3451385310581827 1918.280087520703546 1908.1776497330715756 1898.1647080456418735 1888.1479142292182587 1878.1565895824273866 1868.2235262952278845 1858.2539863491717824 1848.373032384898579 1838.4887105830548535 1828.6297907619373291 1818.8287814289224116 1808.9920624814035364 1799.2430965014282265 1789.4912798550685693 1779.7647843715485578 1770.0956992044011713 1760.3919025897052961 1750.7749742342034551 1741.155557246842136 1731.5614670535410369 1722.024481584991463
2198.8269734321647775 2189.6877322994173483 2178.4891323001183991 2167.7224258311948688 2157.0494256007837066 2146.3704479036423436 2135.716952199536081 2125.1238454174254002 2114.4900367900768288 2103.9489108242155453 2093.4024303255168888 2082.8814318198546971 2072.4201993022929855 2061.9192940762300168 2051.5102040923611639 2041.096236365154482 2030.7075226118815863 2020.3783815523397607 2010.0102639045608157 1999.7332287348485806 1989.4517003302300964 1979.1954907219135293 1968.9983339987395539 1958.7631141925362499 1948.6180667691330655 1938.4689404826169721 1928.3451385310588648 1918.2800875207030913 1908.1776497330720304 1898.1647080456425556 1888.1479142292175766 1878.1565895824273866 1868.2235262952281118 1858.2539863491722372 1848.3730323848988064 1838.4887105830543987 1828.6297907619380112 1818.8287814289221842 1808.9920624814035364 1799.2430965014289086 1789.4912798550681146 1779.7647843715485578 1770.0956992044004892 1760.3919025897050687 1750.7749742342039099 1741.1555572468416813 1731.5614670535412642 1722.0244815849916904
2198.8269734321652322 2189.6877322994173483 2178.4891323001179444 2167.7224258311939593 2157.0494256007827971 2146.3704479036418888 2135.7169521995365358 2125.1238454174254002 2114.490036790076374 2103.948910824216 2093.4024303255168888 2082.8814318198542423 2072.4201993022934403 2061.9192940762300168 2051.5102040923607092 2041.0962363651551641 2030.7075226118813589 2020.378381552339988 2010.010263904560361 1999.7332287348485806 1989.4517003302300964 1979.1954907219137567 1968.998333998740236 1958.7631141925355678 1948.6180667691330655 1938.4689404826169721 1928.3451385310588648 1918.2800875207028639 1908.1776497330722577 1898.164708045642783 1888.1479142292178039 1878.156589582427614 1868.2235262952283392 1858.2539863491720098 1848.3730323848988064 1838.4887105830546261 1828.6297907619373291 1818.8287814289221842 1808.9920624814037637 1799.2430965014289086 1789.4912798550678872 1779.7647843715492399 1770.0956992044011713 1760.3919025897057509 1750.7749742342041372 1741.1555572468416813 1731.5614670535414916 1722.0244815849916904
2198.8269734321652322 2189.6877322994173483 2178.4891323001179444 2167.7224258311939593 2157.0494256007832519 2146.3704479036423436 2135.7169521995365358 2125.1238454174249455 2114.4900367900759193 2103.9489108242150905 2093.4024303255173436 2082.8814318198546971 2072.4201993022929855 2061.9192940762300168 2051.5102040923607092 2041.0962363651551641 2030.707522611882041 2020.3783815523397607 2010.0102639045601336 1999.7332287348478985 1989.4517003302303237 1979.1954907219137567 1968.9983339987397812 1958.7631141925355678 1948.6180667691328381 1938.4689404826171995 1928.3451385310590922 1918.2800875207028639 1908.1776497330715756 1898.1647080456418735 1888.1479142292180313 1878.1565895824278414 1868.2235262952278845 1858.2539863491722372 1848.3730323848990338 1838.4887105830543987 1828.6297907619375565 1818.8287814289221842 1808.9920624814035364 1799.2430965014284538 1789.4912798550685693 1779.7647843715490126 1770.0956992044004892 1760.3919025897050687 1750.7749742342036825 1741.155557246842136 1731.5614670535414916 1722.0244815849910083
2198.8269734321652322 2189.6877322994173483 2178.4891323001183991 2167.7224258311944141 2157.0494256007832519 2146.3704479036423436 2135.7169521995365358 2125.1238454174254002 2114.490036790076374 2103.9489108242155453 2093.4024303255164341 2082.8814318198542423 2072.4201993022929855 2061.9192940762300168 2051.5102040923607092 2041.096236365154482 2030.7075226118818136 2020.3783815523395333 2010.0102639045599062 1999.7332287348481259 1989.451700330229869 1979.1954907219139841 1968.9983339987395539 1958.7631141925357952 1948.6180667691330655 1938.4689404826169721 1928.3451385310590922 1918.2800875207030913 1908.1776497330715756 1898.1647080456423282 1888.1479142292175766 1878.1565895824278414 1868.2235262952281118 1858.2539863491717824 1848.3730323848988064 1838.4887105830541714 1828.6297907619377838 1818.8287814289224116 1808.9920624814028542 1799.2430965014286812 1789.4912798550685693 1779.7647843715485578 1770.0956992044009439 1760.3919025897052961 1750.7749742342039099 1741.1555572468419086 1731.5614670535408095 1722.0244815849912356
2198.8269734321652322 2189.6877322994168935 2178.4891323001183991 2167.7224258311944141 2157.0494256007832519 2146.3704479036418888 2135.7169521995356263 2125.1238454174254002 2114.4900367900768288 2103.9489108242155453 2093.4024303255168888 2082.8814318198542423 2072.4201993022929855 2061.9192940762300168 2051.5102040923607092 2041.0962363651549367 2030.7075226118813589 2020.3783815523395333 2010.0102639045608157 1999.7332287348476711 1989.4517003302305511 1979.1954907219135293 1968.9983339987400086 1958.7631141925353404 1948.6180667691326107 1938.4689404826171995 1928.3451385310581827 1918.280087520703546 1908.1776497330715756 1898.1647080456418735 1888.1479142292182587 1878.1565895824273866 1868.2235262952278845 1858.2539863491717824 1848.373032384898579 1838.4887105830548535 1828.6297907619373291 1818.8287814289224116 1808.9920624814035364 1799.2430965014282265 1789.4912798550685693 1779.7647843715485578 1770.0956992044011713 1760.3919025897052961 1750.7749742342034551 1741.155557246842136 1731.5614670535410369 1722.024481584991463
