avaframe/tests/data/remeshedDEM8.00.asc
ncols 626
nrows 251
xllcenter 1000.00
yllcenter -5000.00
cellsize 8.00
noDataValue nan
[rows 190 to 208 of 251, columns 258 to 300 of 626]
296.6200335033756 292.6705925590975 288.74751 284.850853769535 280.9808875342306 277.1371714138668 273.3201749583695 269.529362 265.7652089323585 262.027419186612 258.3161094622026 254.6313807881882 250.972976 247.3410479997716 243.7356976193231 240.1567006535484 236.6044113084212 233.078352 229.5788854780513 226.1058463541506 222.659224060454 219.2392405768824 215.845491 212.4784327575479 209.1376296583074 205.8234953515945 202.5356062528316 199.274393 196.0395449243047 192.8312976933017 189.6493290681148 186.4940169841914 183.365057 180.2625957652471 177.1865494368264 174.1371567158363 171.1139736894446 168.117484 165.1473038563921 162.2038188123084 159.2865913803433 156.3958308953806 153.531673
296.6202306676483 292.670532377763 288.7474456804275 284.851126758066 280.9808338427189 277.13731674607 273.3200429912269 269.5293390144981 265.7652212477497 262.0273764119547 258.3161593444249 254.6313888836368 250.9729715536305 247.3412068457473 243.7356394792122 240.1568474790256 236.6043060262004 233.0784816761618 229.5788056035869 226.1059240403517 222.6592238248827 219.2392098237605 215.8455517901415 212.4783440810435 209.1376788140285 205.8234262633559 202.5357999053595 199.2742867165072 196.0396640066449 192.8313178527174 189.6494786032645 186.4939334096247 183.3650021994629 180.2626730979771 177.1867032700394 174.1371484280772 171.1141288477228 168.1174521942142 165.147460747164 162.2036891869159 159.2865794855815 156.3958966195752 153.5316736110769
296.6200607077214 292.670632876834 288.7474608622324 284.8509503695402 280.9809306023541 277.1372487654125 273.3200516198067 269.5293700113782 265.7650524755674 262.027492328884 258.3161569276695 254.6313195585138 250.9729132354472 247.3410924553112 243.7357223218863 240.1567394634866 236.6044565799613 233.0783617662605 229.5789323615701 226.1057939494646 222.6593171526374 219.2390628203187 215.8454835465618 212.4783117688517 209.1376832236846 205.8233295404285 202.5356503138352 199.2743664324479 196.0395829498479 192.8312758505934 189.6493673349969 186.4940628016173 183.3650422967703 180.2626305706542 177.1866008748391 174.1370403614595 171.1141695009278 168.1174009122403 165.1473570831873 162.2037481972331 159.2865848268981 156.3958936985377 153.5316718796546
296.6201481892389 292.670514586187 288.7474540614019 284.8508891819404 280.9808763354786 277.1372105248055 273.3202037975466 269.529300118806 265.7651920521994 262.0273454049382 258.3160299470316 254.6313174528485 250.9729242188607 247.3411278891528 243.7356949692031 240.1569166649128 236.6043421650583 233.0783586724988 229.5789493335325 226.1057932478645 222.6593021647744 219.2391365942086 215.8454283677298 212.4784828964694 209.1376828385613 205.8233694026376 202.5356685763949 199.2743973601772 196.0395493195129 192.8312131264449 189.6492957050007 186.4940605940158 183.3650509122606 180.262734582357 177.1866399207535 174.137119907203 171.1140116635257 168.117470675481 165.1474174509928 162.203867705596 159.2865677899478 156.395944033553 153.5316741880074
296.6200425468702 292.6706396300683 288.74744497326 284.8510817196219 280.9807872241092 277.1372821159629 273.3200691790336 269.5294067737842 265.7651144128272 262.0274931895385 258.316109413583 254.6313856339226 250.9729173139536 247.3411696776114 243.7356963876847 240.1567971926542 236.6044330313016 233.0784333966513 229.5788381873136 226.1058312560127 222.6591406338829 219.2392582000367 215.8454915195734 212.4784094510949 209.1376960769633 205.8235087686999 202.5357136407017 199.2743813503147 196.0395662274146 192.8313515166624 189.6494739309329 186.4940285682538 183.365043417136 180.2626115661323 177.1866026990891 174.1371131815324 171.1141036505283 168.1175221195485 165.1473998640788 162.2037241528074 159.2866259026852 156.3959049065673 153.5317154791779
296.6200115345414 292.6704885429506 288.74751 284.8508265936024 280.9808594638115 277.1372440868258 273.3199906277382 269.529362 265.7651885809768 262.027372730473 258.3161171830426 254.6313334301525 250.972976 247.341115921916 243.7357102589509 240.156843945276 236.6043082452788 233.078352 229.5788330558967 226.1057571912899 222.6591688805604 219.2391033644824 215.845491 212.4782473809541 209.1376854091309 205.8233843986623 202.5357184155595 199.274393 196.0396523201086 192.831249837019 189.649387887626 186.4940358029907 183.365057 180.2625401270569 177.1866496704503 174.1370726598459 171.114109781279 168.117484 165.1473891525388 162.2037555193056 159.2865847430063 156.3958475376439 153.531673
296.6201535079862 292.6705383313711 288.7475149680978 284.8510246696637 280.9809457374276 277.1371226196997 273.3202195768644 269.5293192468916 265.7652198963842 262.0274003457679 258.3162085017582 254.6312830671268 250.9730570337285 247.3410872772946 243.7358666857688 240.1567880582026 236.6043769224296 233.0783572762436 229.5788476821346 226.1058018893852 222.659332058376 219.2391352825057 215.845538939156 212.4783961924763 209.137693767144 205.8234696848174 202.5358527994499 199.2743123288391 196.0397542979214 192.8312203195854 189.649381411059 186.4941034275995 183.3650007112403 180.262678065747 177.1866281746536 174.137145231885 171.1141054255576 168.1173901705428 165.1474590173627 162.203816595308 159.2865424428403 156.3959973933046 153.5316296937141
296.6200582801668 292.6706737723071 288.7475027450743 284.8510433850595 280.9808360787206 277.1372600971379 273.319976707894 269.5293576740427 265.765111403786 262.027462031868 258.3161496522937 254.6314191533273 250.972917462951 247.3412180985883 243.7356765253735 240.1567520434901 236.6044168206109 233.0783426421521 229.5788845077925 226.1058108578432 222.6592565138252 219.2392091469052 215.8454669938436 212.4784898008747 209.1376455033637 205.8235141750614 202.5356810128248 199.2743856491639 196.0395234298939 192.8312773483582 189.6493515036117 186.4939816817057 183.3650566592972 180.2626682396321 177.1865465543268 174.1372031469644 171.1140168009815 168.1175637311502 165.1474717290935 162.2037488496034 159.2866832540409 156.3959120706574 153.5316634220769
296.6201704752536 292.6705175640096 288.7476076761294 284.8510150555739 280.9808762696425 277.1372170782006 273.3200300494777 269.5293650847606 265.7651309284149 262.0274803901136 258.3161144761519 254.6313770650861 250.9730318854749 247.3411002750316 243.7358096679013 240.1567578634369 236.6043934663286 233.0783703920601 229.5788494410714 226.1057169391738 222.6593382258915 219.2391375682039 215.8455051665548 212.4782706498385 209.1377270001157 205.8234989875242 202.535656251029 199.2743923032281 196.0395478886132 192.8311708335129 189.6494107397076 186.4940017667412 183.3650158326303 180.2625493014408 177.1865989665917 174.1371040287872 171.1140814258875 168.1174794521776 165.1474768924053 162.2037680563657 159.2865991327263 156.39600008366 153.5316395988358
296.6201104260132 292.6706548211686 288.7474853501658 284.8509549803946 280.9808462392128 277.1371836946329 273.3200402952705 269.5293564929961 265.7652585364706 262.0273637956785 258.3162576601852 254.6313539921516 250.9728888586009 247.3413045517954 243.7356849846682 240.1568049116019 236.6042764554688 233.0783119844529 229.5789288810203 226.105785830968 222.6591737967844 219.2392072227474 215.8454224484878 212.4784054679148 209.1377008204816 205.8233288079925 202.5358307260328 199.2743150254725 196.0396568577398 192.8313743631404 189.6493046858707 186.4941590821344 183.3650612723566 180.2627088202796 177.1865775645294 174.1371526831919 171.1140529752413 168.1175644297909 165.1473746895284 162.2037414020727 159.2866460123571 156.3958843230858 153.5316611058358
296.6200502663302 292.6706094452655 288.74751 284.8509290431998 280.9808340201582 277.1372142481075 273.3200493724448 269.529362 265.7652080629154 262.0274483080842 258.3161085417171 254.6313127031928 250.972976 247.3410265003998 243.735714046933 240.156733369014 236.6042669114884 233.078352 229.5787864478001 226.1057505129132 222.6592245584807 219.2390503004791 215.845491 212.4783330977923 209.1376301963762 205.8234324077604 202.5356181749388 199.274393 196.0396264063167 192.8312190547491 189.6493643939148 186.4939160960824 183.365057 180.2625854131223 177.186608551906 174.1370668698667 171.114100798491 168.117484 165.1473509882209 162.2038118066866 159.2865337096888 156.3959386474606 153.531673
296.6201901752405 292.6705320065083 288.747552669994 284.8509293310877 280.9808553924694 277.1371599394909 273.3201901278372 269.5293728461241 265.765127611468 262.027490497623 258.3162074857377 254.6313813654691 250.9729763736541 247.3411858024261 243.7357125234859 240.1567128366568 236.6044935530006 233.0782705919967 229.5788944860597 226.1058150553876 222.6592492879863 219.2391776332524 215.8454083552584 212.4784055513011 209.1376287895544 205.8234456334858 202.5357516130682 199.2743882882756 196.0395908763744 192.8312581425291 189.6494716764598 186.4939652138409 183.3650176497173 180.26277817283 177.1865315377318 174.1372776548582 171.1141150683877 168.1174302265142 165.147493651445 162.2037283291173 159.286615490834 156.3960542125938 153.5315660241209
296.6200795893424 292.6705872035809 288.7474710852634 284.8509646975622 280.9807572910153 277.137241485845 273.3201160689761 269.529417512908 265.7651904997485 262.02736430251 258.3161443414536 254.6314489315685 250.972924242209 247.3412243036819 243.7357250462476 240.1568304712988 236.604249154239 233.0783530140027 229.5788165055247 226.1057855147312 222.659194695257 219.2392021572017 215.8454556295451 212.4782767636457 209.1376740508069 205.8235423379234 202.5356715210847 199.2743961655657 196.0395676529699 192.8312975565705 189.6493738043744 186.4941004299103 183.3650520644587 180.2625843964099 177.1866578478564 174.1370979688979 171.1141810917119 168.1174776069276 165.1473638979576 162.203750270887 159.286602149632 156.3958443898976 153.5317516331506
296.6200910395138 292.6706115824201 288.7474180676585 284.850968320558 280.9808403686336 277.1372289483568 273.3200538396084 269.5294040959197 265.7650898191807 262.0273670376252 258.3160745576453 254.6313237103157 250.9730281053994 247.3411447443614 243.7357277600461 240.1567675135533 236.6043378699677 233.0783506548679 229.5788376054993 226.1057830978013 222.6592225270535 219.2391547141211 215.8454183707283 212.4783721614734 209.1376438936306 205.8233381269044 202.5356966541376 199.2743717919934 196.0396562554032 192.8312393973293 189.6494193696203 186.493944341155 183.3651019252451 180.2625968020887 177.1866841943952 174.1370725003111 171.1140413000804 168.1174859213362 165.1473824117172 162.2037520931136 159.2864971497952 156.3960027209368 153.5316688267262
296.620134343225 292.6705703814898 288.7474759181532 284.8510342865343 280.9808081070784 277.137285925042 273.3200999259187 269.5293191101495 265.7653234705663 262.0273545776995 258.3161353431479 254.6313608011586 250.9729788548573 247.3411231035134 243.7357243879268 240.1568737749986 236.6043358754705 233.07835757448 229.5788247294865 226.1059108894704 222.6592618856892 219.2390796033416 215.8455608681412 212.4784223725392 209.1375798005301 205.8235685142466 202.5357094110676 199.2743352903003 196.0396776886305 192.8312795397897 189.6494347568457 186.4940840464502 183.365007509813 180.262781963286 177.1865505908452 174.1370836298336 171.1141566763554 168.1175338740969 165.1474744653823 162.2037283791671 159.2866174300352 156.3958969784701 153.5317705800989
296.6201492912029 292.6704660317002 288.74751 284.8508754137578 280.980908492401 277.1372049313615 273.3201360415463 269.529362 265.7650336405291 262.0273750045915 258.316021959529 254.631376578728 250.972976 247.3411505084688 243.7356972430307 240.1568136632221 236.6043351012266 233.078352 229.5789553943597 226.1057813006348 222.6592518643015 219.2391461554062 215.845491 212.4783276850142 209.1376891228544 205.8233969342775 202.5357118187301 199.274393 196.0395544875903 192.8313013489802 189.6493780194061 186.4940444245973 183.365057 180.2625827715021 177.1865682711921 174.1371044318755 171.114056333764 168.117484 165.1473919894523 162.2038207026839 159.2866069182104 156.395941126592 153.531673
296.6200788373906 292.6706124095551 288.7474551938907 284.8510822647319 280.9807704281589 277.1372800085379 273.3200177926685 269.5294279256248 265.7653128353265 262.0273791249568 258.3161398911735 254.6313900499867 250.9730184199759 247.3410762146521 243.7357746720662 240.1567220121831 236.6044171355381 233.0784434185179 229.5789296947947 226.1058503519 222.6591989251299 219.2392977651543 215.8454454096064 212.4784464518131 209.1375716825624 205.8235158498317 202.535718776831 199.2743798969009 196.0396024382746 192.83124760608 189.6494327145393 186.4939271616445 183.3650636569159 180.2626639818153 177.1866246167633 174.137098758077 171.1141661904797 168.117527211135 165.1474173965195 162.2038520069485 159.2865683415001 156.3959983976749 153.5316854113957
296.6200722085347 292.6706314304527 288.7474995118265 284.8508855165595 280.9809343837375 277.1371656160483 273.3201482565958 269.5293664036552 265.7651897337572 262.0273818085463 258.3161274449561 254.6312344319444 250.9729377936558 247.3411432952156 243.7357150941746 240.1568803165114 236.6043239633524 233.0783125696247 229.5788725611458 226.1058224775332 222.6592015699345 219.2390981953712 215.8455374094985 212.4783153933167 209.1377208733378 205.8234262585221 202.5358175539051 199.2743676199519 196.0395755288427 192.8312932783163 189.6493029418452 186.494056243423 183.3650827352396 180.2625213714601 177.1866131061623 174.1372080422823 171.1140005316059 168.1174725626124 165.1474497109845 162.2037482806442 159.2866823335745 156.3958969237194 153.531718722388
296.6201452533119 292.6705456103505 288.7475197433997 284.850879637479 280.9808744070532 277.1372112683164 273.3200187097673 269.5294138322066 265.7651394267642 262.0275149084972 258.3162415656978 254.6313179874243 250.9728857602273 247.3411016349364 243.7357796437556 240.1568685432401 236.6043954135797 233.0782993753496 229.5789124208642 226.1058230689048 222.6593367298652 219.2390779288201 215.845480649657 212.4784497459904 209.1376349449009 205.8235102544319 202.5356215878761 199.2744009519223 196.0396942889297 192.8312683935925 189.6493300400075 186.4940966796396 183.3650432989134 180.2626285934208 177.1866645680398 174.137126648367 171.1140494732518 168.1175061085287 165.1473133590956 162.2038386490541 159.2865885860728 156.3959354295193 153.5316716860362
