avaframe/tests/data/remeshedDEM8.00.asc
ncols 626
nrows 251
xllcenter 1000.00
yllcenter -5000.00
cellsize 8.00
noDataValue nan
[rows 171 to 189 of 251, columns 172 to 214 of 626]
735.3043281506693 729.0782269242331 722.8788267261025 716.7057523523459 710.5591129401028 704.4391672624481 698.3454198206354 692.2784758480753 686.2374840542698 680.223503310952 674.2357131656896 668.2744673824373 662.3395498619046 656.4313345439289 650.5493695894213 644.6940021847262 638.8651389380932 633.0626154959978 627.286599330861 621.5372213007997 615.814229105562 610.1175229009131 604.4476501525048 598.8037133691716 593.1868123846701 587.5959208458426 582.031796654073 576.4941900132826 570.982735630243 565.4980703854968 560.0395817319207 554.6077819077527 549.202454582787 543.8234748527328 538.4711112392765 533.1449550582363 527.84561640723 522.5725652388621 517.3258978330155 512.1059531721818 506.9121644360627 501.7451786119349 496.6043445316492
735.3042514125842 729.0781740964338 722.8787508293482 716.7056833668587 710.5592875351161 704.4390395973575 698.3455160073263 692.2782855450175 686.2376295919175 680.2234906325964 674.2356873673955 668.274367191048 662.3396853998541 656.4312040733535 650.5494453161848 644.6939377237456 638.8650147080253 633.0626759652541 627.2866311308035 621.5371460819272 615.8141505196186 610.1176640271279 604.4474563744776 598.8038062220093 593.1866258904944 587.5960007549479 582.0318062360744 576.4940439693631 570.9828159281332 565.4979664692598 560.0397280642821 554.6077761985815 549.2024914895546 543.8234705307053 538.4710234926058 533.1451349035331 527.8455316302711 522.5725816790607 517.3259825445457 512.1058536117365 506.9123289262138 501.7449816984201 496.6044727475787
735.3042345558431 729.0782697644858 722.8786712489365 716.705679144417 710.5591632827268 704.4390317640743 698.3455279201137 692.2782522026009 686.237534508506 680.2234681205225 674.2356456038706 668.2743675372174 662.3396412420797 656.4312228286426 650.5494274200961 644.6939890609622 638.864996848828 633.0626431021763 627.2866355407457 621.5372026670827 615.8140682298007 610.117545802036 604.4474610792198 598.8037813134025 593.1866770650017 587.5960071845017 582.0319075103777 576.4939904983003 570.9827613122732 565.4979754118347 560.0397335523646 554.6078714560269 549.2024066640959 543.8234810688962 538.4710323275057 533.1451279181304 527.8456335921013 522.5724950652354 517.325933247904 512.1058112156761 506.9122854127265 501.7449616337452 496.6043724628806
735.3043383661625 729.0782040838268 722.8789324288723 716.7057016747237 710.5591902716142 704.4390801208382 698.345410960397 692.2783891811353 686.2376207578554 680.2234415332105 674.2356286114915 668.2744547511876 662.3396087361393 656.4312465737901 650.5494707286449 644.6939728169365 638.8650839044869 633.0626988742688 627.286654692399 621.5371368338079 615.8141156009707 610.1174883254167 604.4475552297987 598.8037539309875 593.1868780280304 587.5959288467011 582.0318623025098 576.4941392804503 570.9827698001847 565.4980780347295 560.0396733329775 554.607696278126 549.2024852896501 543.8235750296817 538.471129225089 533.1450417608513 527.8455118371608 522.5725741879972 517.3259805716975 512.1059167481554 506.9122370395634 501.745087904719 496.6044550823035
735.304113745349 729.0782238895254 722.8786209710756 716.705702 710.5591252535779 704.4390841000572 698.3454687838109 692.2782262737761 686.237591 680.2233556843163 674.2357195652703 668.2743532172648 662.3396278954237 656.431242 650.5493041452834 644.6939284845948 638.8650547245552 633.0625193711593 627.286655 621.537132228716 615.8140680301017 610.1175504172152 604.4473726309825 598.8038309999999 593.1865987564322 587.5960388768938 582.0317488180659 576.4940965166153 570.98277 565.4979651153608 560.0396645217336 554.6078488356135 549.2024000343305 543.823471 538.4710418914068 533.1451466124657 527.845586281304 522.5725575821111 517.325935 512.1059176549079 506.9121251631344 501.7450588014752 496.6042927751035
735.3043263226723 729.0783319844822 722.8788056690233 716.7056971755686 710.5592493037307 704.439021551213 698.3453971284894 692.2784492886535 686.2375837110698 680.2234210228164 674.2356339761457 668.2745100313876 662.3395900175857 656.4312292928248 650.5494413378677 644.6940916988576 638.8651309987383 633.0627309968265 627.2865596886554 621.5372386500228 615.8141268284031 610.1175313829607 604.4476216200741 598.8038240054805 593.1867600984774 587.5960001198346 582.0319261698664 576.4940754977707 570.9827396265052 565.497996488771 560.0397192661628 554.6078268684265 549.2023977127176 543.8235733234226 538.4710798616488 533.1450501767013 527.8455548685081 522.5725887654644 517.3259968397233 512.1058262862305 506.9123429266207 501.7450635228679 496.6044577105645
735.3042470057337 729.0782765995623 722.8787521103562 716.7056464440951 710.5591294314883 704.4390738298381 698.3454244533327 692.2782021457599 686.237589698293 680.2235008082553 674.2356395235104 668.2743762311077 662.3396187903118 656.4312359973426 650.5494544970788 644.6939603462687 638.8650083023439 633.0626987023975 627.2867154962175 621.5371216076703 615.8140995054748 610.1175598692178 604.4474804454859 598.803804094711 593.1867813933779 587.5960044010629 582.0317731180228 576.4940595513477 570.9828507227107 565.498051481335 560.0396526264151 554.6078082923907 549.2024825559877 543.8234784695106 538.4711521447271 533.145049241813 527.8456411114541 522.5724751126793 517.3259557914723 512.1058670129976 506.9122526719831 501.7450637991622 496.6044666225461
735.3042136730196 729.0782006853154 722.8786984838 716.7057072980432 710.5591548467246 704.4389376189255 698.3453598034141 692.2782675601861 686.2375944937071 680.2233640893253 674.2357387449748 668.274433287037 662.3395420050721 656.4312491855031 650.54948385047 644.6940142402766 638.8651885247568 633.0625839058604 627.2867105815897 621.5371181622622 615.8142266057067 610.1175791447022 604.4473904302019 598.8039136689775 593.1866894748435 587.5959886525596 582.0317809241177 576.4940286918204 570.9828265129237 565.4979267761016 560.0396935503194 554.6078177994808 549.202399261764 543.823478529286 538.4710254279582 533.1451497801866 527.8455498617784 522.572599460929 517.3259688819263 512.1058962436773 506.9121594452354 501.7450660030551 496.6043815348968
735.3041524745724 729.0783615003392 722.8787394536221 716.7056598699434 710.5591914767041 704.4391033738655 698.3454246890659 692.278262735909 686.2376614228976 680.2233880530671 674.2356415478882 668.274412131145 662.3395562420983 656.4312581240806 650.5494079000139 644.6940400360725 638.8650993798556 633.0627107840279 627.2865626288651 621.5372540048181 615.8141738505375 610.1174537057592 604.4476309423985 598.8038298243131 593.1866651810064 587.5960346925611 582.0318694400288 576.4940841299587 570.9827285923989 565.4981581717905 560.0396011612728 554.6076846394633 549.2024739232093 543.8235287322416 538.4711304670053 533.1450297245933 527.8456567605207 522.5725064779176 517.3259306166833 512.1059172522197 506.9122061298922 501.7449980227507 496.604454420714
735.3042341312158 729.0782283395305 722.8787926366565 716.705702 710.5591283488579 704.4390020800706 698.3453845400051 692.2783137512571 686.237591 680.2234252497732 674.2356685675626 668.2743559906511 662.3396284429758 656.431242 650.5493322862047 644.6939947186532 638.86499576023 633.0626212368578 627.286655 621.5370936911122 615.8140921276669 610.117571504298 604.4474496840697 598.8038309999999 593.1867330427995 587.5959384260428 582.0317609712282 576.4940503336804 570.98277 565.497935345631 560.0397045204202 554.607768805005 549.2023558479093 543.823471 538.471025732529 533.1449966237365 527.8454960380238 522.5725287291615 517.325935 512.1057724613628 506.9122609749898 501.7450568687927 496.604380826792
735.3041879512689 729.0783716584775 722.8787479698633 716.7057018478757 710.5591535263313 704.4390546583918 698.3454447945043 692.2783719989261 686.2375911281932 680.2234087752677 674.2356441468563 668.2744934973464 662.3395845415238 656.4312035544017 650.5494607003208 644.6940081132497 638.8651056730789 633.062642890884 627.2865943041094 621.5372160043013 615.8142189916555 610.1175553439917 604.4474559873167 598.8038296677661 593.1868135038759 587.5959903233414 582.0318581766426 576.4939776603791 570.9827740210876 565.4980655440787 560.0396345008753 554.607858115893 549.2023633182375 543.8235142390872 538.4709903488781 533.1451337080994 527.8455642910983 522.5725867588154 517.3259343319696 512.1059440528663 506.9122830826281 501.7450465912113 496.6043797823448
735.304242495814 729.0782580597524 722.8788066709195 716.7057247655976 710.5592318827528 704.4389989947299 698.3454241005769 692.2782421268479 686.2376396360963 680.2234286694822 674.2356383004249 668.2743812585454 662.3395751816925 656.4313223001734 650.5494048162333 644.6939498421484 638.8650872820034 633.0626362359969 627.2865993412076 621.5371537821911 615.8140945813784 610.117576380996 604.447557787076 598.8038652302675 593.1866478236758 587.5960798899969 582.0317529946217 576.4941165165213 570.9827610162019 565.497964730257 560.0397255674561 554.6077668132257 549.2025048741091 543.8234692949028 538.4710993105185 533.1450406610452 527.845640746041 522.5725401351597 517.3259241058287 512.1058914881122 506.9121839023813 501.7451218029867 496.6043858727831
735.3041568754567 729.0783639379609 722.8787375648435 716.705730634455 710.5591148587908 704.439152287623 698.3453352868751 692.2783130602647 686.2375673996667 680.2234770523278 674.2356273213783 668.2743707652046 662.3395615591737 656.4312907211666 650.5494439136427 644.69401862891 638.8651909301336 633.0626548114093 627.2866133337581 621.5370735808 615.8141786099562 610.1175707028166 604.4475761675204 598.8038303817622 593.1867825752232 587.5960193951738 582.0318604998733 576.4940419994548 570.9828742703385 565.4979697786011 560.0397244764748 554.607754595821 549.2024656134067 543.8235659270615 538.4710546740783 533.1450450029055 527.8456348479555 522.5724630263959 517.325992620157 512.1058136168215 506.9123009957764 501.7450368514508 496.6044840257771
735.3042834500058 729.0781971654093 722.8787978163506 716.7057791324087 710.559220259289 704.4390774959711 698.3454548677129 692.2783616435428 686.2375320730089 680.2234423611856 674.2357502292223 668.2744403305195 662.3395766978937 656.4311901158501 650.5494569174288 644.6941135212828 638.8650636226853 633.0627393132809 627.2866386115008 621.5372398171628 615.8141595644649 610.1175600074837 604.4474813751093 598.803848538532 593.1867593728882 587.5961283055237 582.0317355746405 576.494218229303 570.9827041400706 565.4980672969538 560.0396955153813 554.6078147238917 549.2023935437117 543.8234193798821 538.4710931141785 533.14512402916 527.8455564489436 522.5725940613922 517.3259446375223 512.1059193572596 506.9122592261019 501.7450809285726 496.6044411228378
735.3042380569821 729.0782296879244 722.8787937317102 716.705702 710.5592195850613 704.4389497551796 698.3453895106735 692.278279670193 686.237591 680.2233856386265 674.2356192667945 668.2743351032771 662.3396115896824 656.431242 650.5494212620797 644.6938944977375 638.8650861804358 633.0625831626196 627.286655 621.53717729308 615.8140195624193 610.1174964300794 604.4473813301995 598.8038309999999 593.1866731155874 587.5959502143356 582.0317711316354 576.4939568493883 570.98277 565.497962130411 560.0396177767026 554.607847016749 549.2023486339738 543.823471 538.4709457322673 533.1451192708989 527.8455121165418 522.5726075256229 517.325935 512.1059388482245 506.9121902242687 501.7450819901569 496.604277521801
735.3042568296464 729.0782749003926 722.8787539822602 716.7057348614953 710.5592412453624 704.4390781345471 698.3454282882292 692.278361269016 686.2376671799052 680.2233433173944 674.2357637667992 668.2744454281982 662.3396209752462 656.4312674226787 650.5494594757297 644.6940046602016 638.865076387093 633.0627649577719 627.2866717460602 621.5371759993155 615.8141659253813 610.1175215151301 604.4475515008724 598.8037691680224 593.1867299095479 587.5961122315567 582.0317500896311 576.4941126814477 570.9827345980328 565.4980284207375 560.0397680280796 554.6078174286015 549.2024629773662 543.8234885854054 538.4711429195174 533.1449920018017 527.8455967220718 522.5725822707261 517.3259904514796 512.1059394758063 506.9122436229187 501.7449755422861 496.6045297138884
735.3042125123789 729.078344211373 722.8787333620678 716.7056885249063 710.5591595351102 704.439156276718 698.3454991813162 692.2783069049473 686.2375740729263 680.2235108273426 674.2356196667336 668.274373646487 662.3396048252878 656.4312796255729 650.5493823996499 644.6940308154489 638.8649914982807 633.0626578981688 627.2866768064559 621.5372433517493 615.8141116906422 610.1176196235306 604.4473852499088 598.8038820543104 593.1866661818331 587.5959121113827 582.0317790122103 576.4940015446971 570.9827496698845 565.4981382247404 560.0396538536934 554.6077853405091 549.2025465988735 543.8234467772517 538.47104434787 533.1450555693912 527.8455344355907 522.5724860112789 517.3259395884616 512.105829747814 506.9121960268382 501.7450217688169 496.6043324138156
735.3042277843003 729.0782457811788 722.8787344827856 716.7056776008925 710.55921632604 704.4389705582286 698.3453216979876 692.2783350237826 686.2375770366074 680.2232788155568 674.2357170655423 668.2744671431242 662.339559991276 656.4312750081073 650.549393801607 644.6940191298476 638.8651998144786 633.0626799697045 627.2866383689103 621.5372121948579 615.8140972632218 610.1175332791734 604.4474723261274 598.8038641103822 593.186746670131 587.5960147256017 582.0318965826706 576.4940674295477 570.9827552316965 565.4978899118959 560.0397326537835 554.607776301073 549.2023586100745 543.823507230511 538.4709401101313 533.1450439943047 527.8455299272764 522.5724832903582 517.3259233448491 512.1057873095701 506.9121829058398 501.745048288567 496.6043595917687
735.3042564182435 729.0784060377378 722.8787705935032 716.7057599266184 710.5591220028234 704.4391228221318 698.3454117627948 692.278323628374 686.2375299049696 680.2235636341343 674.2355995333253 668.2743488025094 662.3396002857762 656.4312661837246 650.5493798084425 644.6940040750271 638.8650171760203 633.0626909587445 627.2867085979279 621.5372127686809 615.8142134990336 610.1176111447267 604.4475577781411 598.8037753906565 593.1866878676583 587.5960656081511 582.031761627228 576.4941464783179 570.9828302735559 565.498033973413 560.039650799015 554.6079022147698 549.2023789591576 543.8234628011872 538.4711223533641 533.1450662712622 527.8454812863822 522.5726086262473 517.3258744624154 512.1060150758433 506.912239091622 501.7450624174305 496.6043883720566
