avaframe/data/avaHelixChannel/Inputs/DEMH_HX_Topo.asc
nCols  1001
nRows  401
xllcenter  1000.00
yllcenter -5000.00
cellsize  5
nodata_value -9999.00
[rows 324 to 350 of 401, columns 180 to 239 of 1001]
732.134525 731.323890 730.508554 729.688475 728.863611 728.033918 727.199354 726.359873 725.515431 724.665984 723.811486 722.951890 722.087150 721.217218 720.342048 719.461590 718.575795 717.684615 716.787999 715.885896 714.978256 714.065025 713.146153 712.221586 711.291269 710.355150 709.413173 708.465281 707.511420 706.551532 705.585560 704.613444 703.635127 702.650549 701.659649 700.662366 699.658638 698.648404 697.631599 696.608159 695.578021 694.541118 693.497384 692.446753 691.389155 690.324524 689.252788 688.173879 671.078607 658.965650 650.316740 643.151585 636.876889 631.217854 626.020324 621.187562 616.654189 612.373620 608.311329 604.440941
735.541387 734.739769 733.933503 733.122546 732.306856 731.486392 730.661109 729.830964 728.995913 728.155910 727.310912 726.460872 725.605743 724.745479 723.880033 723.009356 722.133400 721.252116 720.365454 719.473364 718.575795 717.672696 716.764014 715.849697 714.929692 714.003943 713.072398 712.135000 711.191694 710.242423 709.287130 708.325757 707.358245 706.384534 705.404566 704.418279 703.425611 702.426501 701.420885 700.408700 699.389881 698.364363 697.332080 696.292966 695.246951 694.193969 693.133950 687.308853 668.795854 659.026157 651.325766 644.728212 638.850532 633.494076 628.540032 623.910673 619.551905 615.424340 611.498297 607.750805
738.955318 738.162736 737.365558 736.563742 735.757248 734.946032 734.130052 733.309264 732.483625 731.653090 730.817615 729.977154 729.131662 728.281091 727.425395 726.564526 725.698436 724.827077 723.950398 723.068351 722.180885 721.287948 720.389489 719.485456 718.575795 717.660454 716.739377 715.812511 714.879798 713.941184 712.996612 712.046022 711.089359 710.126562 709.157571 708.182327 707.200768 706.212833 705.218458 704.217580 703.210136 702.196059 701.175285 700.147747 699.113378 698.072109 697.023871 679.877038 668.148626 659.714842 652.713264 646.575183 641.035430 635.944719 631.209151 626.765163 622.567409 618.582245 614.783951 611.152385
742.376433 741.592904 740.804832 740.012177 739.214895 738.412947 737.606289 736.794879 735.978673 735.157627 734.331697 733.500838 732.665004 731.824150 730.978228 730.127192 729.270994 728.409586 727.542918 726.670941 725.793606 724.910861 724.022656 723.128938 722.229654 721.324752 720.414178 719.497878 718.575795 717.647875 716.714061 715.774296 714.828521 713.876678 712.918709 711.954552 710.984147 710.007433 709.024347 708.034827 707.038808 706.036225 705.027015 704.011109 702.988442 701.958945 695.482623 677.921034 668.392118 660.864732 654.409155 648.654525 643.407875 638.553574 634.015881 629.742037 625.693594 621.841562 618.163488 614.641612
745.804858 745.030399 744.251450 743.467971 742.679920 741.887258 741.089940 740.287926 739.481172 738.669635 737.853270 737.032034 736.205880 735.374764 734.538640 733.697460 732.851177 731.999744 731.143112 730.281232 729.414054 728.541529 727.663605 726.780230 725.891354 724.996923 724.096883 723.191181 722.279761 721.362570 720.439549 719.510644 718.575795 717.634946 716.688037 715.735009 714.775800 713.810351 712.838599 711.860482 710.875936 709.884897 708.887300 707.883079 706.872168 705.854499 688.931627 677.481677 669.230645 662.376170 656.364682 650.937547 645.948991 641.307266 636.950225 632.833514 628.924214 625.197147 621.632589 618.214795
749.240728 748.475353 747.705543 746.931256 746.152453 745.369093 744.581134 743.788533 742.991249 742.189239 741.382459 740.570864 739.754411 738.933054 738.106747 737.275445 736.439100 735.597665 734.751092 733.899332 733.042337 732.180056 731.312439 730.439436 729.560994 728.677061 727.787585 726.892511 725.991786 725.085354 724.173161 723.255149 722.331262 721.401442 720.465630 719.523768 718.575795 717.621652 716.661275 715.694604 714.721575 713.742125 712.756189 711.763701 710.764596 704.461960 687.224646 677.885969 670.509749 664.183735 658.544187 653.401877 648.643429 644.194583 640.003607 636.032802 632.253739 628.644394 625.187344 621.868561
752.684187 751.927912 751.167254 750.402175 749.632635 748.858593 748.080007 747.296837 746.509041 745.716575 744.919396 744.117462 743.310728 742.499149 741.682679 740.861275 740.034888 739.203472 738.366980 737.525363 736.678573 735.826560 734.969275 734.106667 733.238686 732.365278 731.486392 730.601975 729.711972 728.816330 727.914994 727.007907 726.095014 725.176256 724.251576 723.320915 722.384215 721.441414 720.492451 719.537266 718.575795 717.607976 716.633744 715.653034 714.665780 698.229028 686.958652 678.859421 672.136170 666.241572 660.920575 656.029634 651.478477 647.205997 643.168594 639.333921 635.677233 632.179150 628.824196 625.599823
756.135388 755.388226 754.636736 753.880879 753.120617 752.355907 751.586711 750.812987 750.034694 749.251788 748.464229 747.671972 746.874974 746.073190 745.266577 744.455089 743.638680 742.817303 741.990912 741.159458 740.322895 739.481172 738.634242 737.782053 736.924554 736.061696 735.193426 734.319691 733.440438 732.555613 731.665162 730.769029 729.867159 728.959494 728.045978 727.126551 726.201156 725.269732 724.332219 723.388557 722.438682 721.482533 720.520045 719.551154 714.243540 696.700837 687.503136 680.256783 674.048213 668.515953 663.472630 658.806219 654.443445 650.333313 646.438684 642.731562 639.190268 635.797648 632.539894 629.405736
759.594495 758.856459 758.114150 757.367530 756.616559 755.861197 755.101405 754.337141 753.568366 752.795037 752.017112 751.234548 750.447303 749.655333 748.858593 748.057039 747.250625 746.439306 745.623034 744.801764 743.975447 743.144035 742.307480 741.465731 740.618739 739.766453 738.908822 738.045793 737.177314 736.303332 735.423792 734.538640 733.647820 732.751277 731.848953 730.940791 730.026732 729.106717 728.180687 727.248581 726.310338 725.365894 724.415188 723.458155 707.767616 696.575596 688.597384 681.989666 676.202383 670.981137 666.183328 661.719507 657.529227 653.569415 649.808137 646.220985 642.788846 639.496460 636.331456 633.283674
763.061679 762.332783 761.599668 760.862297 760.120631 759.374631 758.624257 757.869469 757.110226 756.346488 755.578213 754.805358 754.027881 753.245740 752.458890 751.667286 750.870885 750.069641 749.263507 748.452439 747.636387 746.815305 745.989144 745.157856 744.321391 743.479698 742.632727 741.780427 740.922745 740.059629 739.191024 738.316878 737.437135 736.551739 735.660635 734.763765 733.861071 732.952496 732.037979 731.117461 730.190880 729.258176 728.319285 725.790448 706.347997 697.240426 690.102501 683.999276 678.566551 673.616896 669.038731 664.759273 660.727971 656.908059 653.271852 649.797925 646.469336 643.272449 640.196134 637.231202
766.537123 765.817379 765.093471 764.365363 763.633015 762.896390 762.155447 761.410148 760.660452 759.906320 759.147709 758.384578 757.616885 756.844587 756.067642 755.286006 754.499634 753.708481 752.912502 752.111652 751.305883 750.495149 749.679402 748.858593 748.032674 747.201594 746.365304 745.523754 744.676890 743.824662 742.967016 742.103898 741.235255 740.361032 739.481172 738.595620 737.704318 736.807209 735.904233 734.995332 734.080444 733.159510 732.232467 717.559283 706.330855 698.441723 691.933603 686.244004 681.116109 676.406948 672.027229 667.916788 664.032844 660.343728 656.825261 653.458526 650.228428 647.122731 644.131387 641.246059
770.021015 769.310436 768.595749 767.876916 767.153900 766.426662 765.695165 764.959368 764.219234 763.474720 762.725787 761.972395 761.214500 760.452062 759.685037 758.913382 758.137055 757.356009 756.570202 755.779587 754.984118 754.183749 753.378432 752.568121 751.752766 750.932318 750.106729 749.275947 748.439922 747.598602 746.751935 745.899868 745.042348 744.179319 743.310728 742.436517 741.556632 740.671014 739.779605 738.882348 737.979181 737.070045 736.154879 716.169410 707.096133 700.044303 694.034057 688.693012 683.831663 679.337927 675.139012 671.184509 667.437842 663.871509 660.464255 657.199285 654.063090 651.044647 648.134856 645.326133
773.513555 772.812154 772.106699 771.397155 770.683484 769.965648 769.243609 768.517329 767.786768 767.051888 766.312648 765.569007 764.820925 764.068360 763.311270 762.549613 761.783345 761.012422 760.236801 759.456437 758.671284 757.881296 757.086428 756.286630 755.481857 754.672059 753.857188 753.037194 752.212026 751.381634 750.545966 749.704970 748.858593 748.006781 747.149479 746.286633 745.418187 744.544084 743.664267 742.778678 741.887258 740.989946 727.636002 716.225426 708.390683 701.965507 696.363692 691.322626 686.697566 682.398676 678.365683 674.555860 670.937650 667.486998 664.185110 661.017001 657.970531 655.035737 652.204350 649.469452
777.014950 776.322740 775.626532 774.926290 774.221976 773.513555 772.800988 772.084237 771.363265 770.638031 769.908497 769.174623 768.436367 767.693690 766.946550 766.194904 765.438711 764.677926 763.912507 763.142409 762.367588 761.587997 760.803592 760.014326 759.220151 758.421020 757.616885 756.807696 755.993403 755.173958 754.349308 753.519402 752.684187 751.843611 750.997620 750.146160 749.289175 748.426609 747.558406 746.684509 745.804858 744.919396 726.174796 717.070264 710.080391 704.150160 698.892685 694.114147 689.700947 685.579749 681.699980 678.025053 674.527527 671.186225 667.984438 664.908739 661.948177 659.093715 656.337820 653.674167
780.525417 779.842411 779.155463 778.464535 777.769594 777.070600 776.367519 775.660312 774.948941 774.233369 773.513555 772.789461 772.061046 771.328271 770.591095 769.849475 769.103371 768.352739 767.597537 766.837721 766.073246 765.304069 764.530143 763.751424 762.967864 762.179416 761.386033 760.587666 759.784267 758.975785 758.162171 757.343373 756.519340 755.690020 754.855359 754.015303 753.169800 752.318792 751.462225 750.600041 749.732183 738.067746 726.263652 718.443728 712.083543 706.559107 701.598104 697.052462 692.831043 688.873049 685.135555 681.586957 678.203218 674.965589 671.859144 668.871799 665.993642 663.216453 660.533351 657.938540
784.045178 783.371391 782.693716 782.012118 781.326562 780.637011 779.943430 779.245780 778.544025 777.838128 777.128048 776.413749 775.695190 774.972331 774.245133 773.513555 772.777554 772.037090 771.292120 770.542600 769.788488 769.029740 768.266309 767.498153 766.725223 765.947475 765.164861 764.377333 763.584843 762.787343 761.984781 761.177110 760.364276 759.546229 758.722917 757.894286 757.060283 756.220853 755.375941 754.525492 753.669448 736.383496 727.164931 720.209891 714.345717 709.163264 704.461812 700.125121 696.078726 692.271558 688.666819 685.236989 681.960883 678.821812 675.806383 672.903682 670.104710 667.401965 664.789149 662.260937
787.574467 786.909912 786.241526 785.569272 784.893116 784.213022 783.528955 782.840877 782.148753 781.452545 780.752215 780.047725 779.339036 778.626109 777.908905 777.187382 776.461501 775.731219 774.996496 774.257289 773.513555 772.765250 772.012331 771.254752 770.492470 769.725437 768.953608 768.176936 767.395372 766.608869 765.817379 765.020850 764.219234 763.412478 762.600533 761.783345 760.960861 760.133028 759.299791 758.461095 749.019378 736.454473 728.601800 722.286607 716.828347 711.940259 707.469138 703.321699 699.436162 695.769139 692.288805 688.971031 685.797035 682.751892 679.823535 677.002075 674.279313 671.648390 669.103523 666.639815
791.113521 790.458215 789.799132 789.136238 788.469497 787.798876 787.124338 786.445849 785.763371 785.076868 784.386302 783.691637 782.992834 782.289854 781.582658 780.871207 780.155460 779.435377 778.710917 777.982037 777.248697 776.510852 775.768459 775.021475 774.269856 773.513555 772.752527 771.986727 771.216106 770.440618 769.660214 768.874846 768.084464 767.289018 766.488457 765.682730 764.871783 764.055566 763.234023 762.407100 746.831177 737.385029 730.433041 724.619458 719.502821 714.872393 710.607980 706.633344 702.896553 699.360376 695.997076 692.785361 689.708495 686.753072 683.908179 681.164825 678.515523 675.953981 673.474885 671.073718
794.662589 794.016548 793.366785 792.713266 792.055957 791.394824 790.729833 790.060947 789.388131 788.711349 788.030565 787.345741 786.656839 785.963823 785.266652 784.565288 783.859692 783.149824 782.435643 781.717107 780.994176 780.266808 779.534958 778.798585 778.057645 777.312092 776.561883 775.806971 775.047310 774.282854 773.513555 772.739364 771.960234 771.176114 770.386956 769.592707 768.793316 767.988732 767.178901 761.044013 746.813729 738.867743 732.574473 727.170022 722.347143 717.945339 713.868199 710.052451 706.453945 703.040456 699.787639 696.676599 693.692353 690.822808 688.058065 685.389925 682.811528 680.317098 677.901734 675.561265
798.221923 797.585164 796.944739 796.300613 795.652753 795.001127 794.345698 793.686434 793.023298 792.356254 791.685268 791.010302 790.331319 789.648282 788.961154 788.269895 787.574467 786.874830 786.170945 785.462770 784.750266 784.033391 783.312102 782.586357 781.856113 781.121326 780.381952 779.637946 778.889262 778.135855 777.377677 776.614682 775.846821 775.074046 774.296307 773.513555 772.725738 771.932806 771.134706 757.585594 747.739366 740.751477 734.970830 729.909870 725.343920 721.147278 717.241176 713.572413 710.103082 706.805072 703.656882 700.641659 697.745929 694.958747 692.271102 689.675495 687.165632 684.736192 682.382651 680.101150
801.791784 801.164327 800.533257 799.898543 799.260152 798.618050 797.972203 797.322578 796.669140 796.011853 795.350683 794.685593 794.016548 793.343509 792.666441 791.985305 791.300063 790.610675 789.917104 789.219309 788.517250 787.810885 787.100175 786.385076 785.665546 784.941543 784.213022 783.479940 782.742251 781.999911 781.252873 780.501091 779.744518 778.983105 778.216805 777.445567 776.669343 775.888081 775.101730 757.368600 749.246971 742.947999 737.583337 732.817190 728.479078 724.468301 720.719503 717.187442 713.839287 710.650345 707.601521 704.677712 701.866753 699.158703 696.545336 694.019777 691.576236 689.209802 686.916292 684.692131
805.372439 804.754303 804.132610 803.507328 802.878424 802.245867 801.609622 800.969656 800.325935 799.678425 799.027091 798.371897 797.712808 797.049788 796.382799 795.711805 795.036768 794.357649 793.674411 792.987014 792.295419 791.599585 790.899471 790.195037 789.486241 788.773040 788.055391 787.333252 786.606577 785.875323 785.139444 784.398894 783.653628 782.903596 782.148753 781.389050 780.624437 779.854864 768.792050 758.242648 751.168684 745.400156 740.383431 735.874763 731.741011 727.899985 724.296741 720.892421 717.658370 714.572764 711.618557 708.782154 706.052535 703.420640 700.878940 698.421118 696.041833 693.736547 691.501384 689.333027
808.964161 808.355368 807.743073 807.127244 806.507850 805.884858 805.258236 804.627951 803.993970 803.356257 802.714780 802.069503 801.420392 800.767410 800.110521 799.449690 798.784879 798.116050 797.443166 796.766187 796.085076 795.399793 794.710297 794.016548 793.318505 792.616127 791.909370 791.198194 790.482553 789.762405 789.037705 788.308407 787.574467 786.835837 786.092471 785.344322 784.591340 783.833477 768.167082 759.748577 753.409450 748.068225 743.349279 739.068674 735.119988 731.435085 727.967242 724.682794 721.556557 718.569134 715.705236 712.952580 710.301147 707.742657 705.270201 702.877959 700.560999 698.315116 696.136716 694.022714
812.567228 811.967801 811.364927 810.758575 810.148714 809.535311 808.918336 808.297754 807.673534 807.045642 806.414045 805.778708 805.139596 804.496675 803.849910 803.199264 802.544700 801.886183 801.223675 800.557137 799.886532 799.211821 798.532964 797.849923 797.162655 796.471121 795.775278 795.075086 794.370501 793.661480 792.947980 792.229956 791.507363 790.780156 790.048289 789.311714 788.570385 780.869949 768.919197 761.690693 755.908873 750.923147 746.463689 742.387454 738.607741 735.067304 731.726014 728.554478 725.530427 722.636533 719.859025 717.186762 714.610607 712.122974 709.717506 707.388832 705.132386 702.944269 700.821137 698.760123
816.181923 815.591888 814.998461 814.401611 813.801307 813.197519 812.590214 811.979361 811.364927 810.746880 810.125187 809.499814 808.870727 808.237892 807.601273 806.960836 806.316545 805.668363 805.016254 804.360181 803.700106 803.035991 802.367798 801.695486 801.019017 800.338350 799.653445 798.964260 798.270754 797.572883 796.870606 796.163878 795.452656 794.736894 794.016548 793.291571 792.561917 779.301608 770.387254 763.962980 758.625534 753.942826 749.712799 745.821500 742.197157 738.791114 735.568606 732.503792 729.576868 726.772281 724.077579 721.482626 718.979062 716.559921 714.219339 711.952350 709.754719 707.622823 705.553551 703.544230
819.808536 819.227921 818.643967 818.056646 817.465927 816.871779 816.274172 815.673074 815.068453 814.460278 813.848516 813.233133 812.614096 811.991373 811.364927 810.734726 810.100732 809.462912 808.821229 808.175646 807.526126 806.872633 806.215127 805.553572 804.887926 804.218152 803.544209 802.866056 802.183653 801.496958 800.805928 800.110521 799.410694 798.706402 797.997601 797.284246 796.566291 779.810577 772.327242 766.499891 761.529428 757.109934 753.085204 749.362653 745.882052 742.601630 739.491032 736.527399 733.693030 730.973907 728.358727 725.838239 723.404778 721.051927 718.774267 716.567197 714.426784 712.349655 710.332912 708.374060
823.447361 822.876193 822.301742 821.723979 821.142873 820.558395 819.970515 819.379201 818.784422 818.186147 817.584344 816.978980 816.370023 815.757439 815.141195 814.521256 813.897589 813.270158 812.638928 812.003864 811.364927 810.722083 810.075293 809.424520 808.769726 808.110872 807.447918 806.780825 806.109552 805.434058 804.754303 804.070244 803.381838 802.689042 801.991813 801.290106 790.985695 781.186842 774.615405 769.257300 764.597904 760.410544 756.571367 753.003898 749.657001 746.494496 743.489694 740.622259 737.876297 735.239124 732.700446 730.251796 727.886125 725.597510 723.380935 721.232127 719.147428 717.123696 715.158223 713.248681
