avaframe/data/avaHelixChannel/Inputs/DEMH_HX_Topo.asc
nCols  1001
nRows  401
xllcenter  1000.00
yllcenter -5000.00
cellsize  5
nodata_value -9999.00
[rows 324 to 350 of 401, columns 240 to 299 of 1001]
600.741820 597.197512 593.794697 590.522456 587.371756 584.335067 581.406080 578.579492 575.850843 573.216385 570.672982 568.218033 565.849406 563.565389 561.364649 559.246201 557.209384 555.253843 553.379513 551.586613 549.875639 548.247367 546.702855 545.243447 543.870791 542.586851 541.393931 540.294699 539.292224 538.390016 537.592081 536.902978 536.327904 535.872784 535.544400 535.350534 535.300166 535.403718 535.673378 536.123526 536.771312 537.637444 538.747317 540.132644 541.833931 543.904366 546.416305 549.472831 553.230336 557.948682 564.126763 573.024669 594.236164 596.795578 595.027338 593.244928 591.448213 589.637058 587.811326 585.970882
604.163702 600.722382 597.414940 594.231565 591.164103 588.205733 585.350728 582.594265 579.932285 577.361379 574.878702 572.481900 570.169057 567.938646 565.789499 563.720777 561.731947 559.822768 557.993279 556.243793 554.574892 552.987430 551.482536 550.061626 548.726409 547.478913 546.321500 545.256898 544.288235 543.419082 542.653507 541.996135 541.452235 541.027813 540.729741 540.565904 540.545406 540.678818 540.978510 541.459093 542.138011 543.036364 544.180071 545.601583 547.342463 549.457496 552.021575 555.142085 558.983446 563.822654 570.204173 579.577008 603.342448 601.603500 599.850516 598.083359 596.301891 594.505972 592.695462 590.870221
607.671476 604.328202 601.111884 598.013675 595.026195 592.143255 589.359642 586.670966 584.073529 581.564231 579.140486 576.800169 574.541558 572.363298 570.264373 568.244075 566.301990 564.437982 562.652187 560.945003 559.317091 557.769376 556.303056 554.919607 553.620800 552.408716 551.285774 550.254754 549.318839 548.481653 547.747320 547.120527 546.606607 546.211638 545.942572 545.807391 545.815308 545.977032 546.305100 546.814333 547.522451 548.450914 549.626139 551.081269 552.858876 555.015280 557.627829 560.808140 564.728645 569.683841 576.266555 586.145126 608.156305 606.433008 604.695685 602.944194 601.178395 599.398144 597.603299 595.793713
611.261643 608.011921 604.882834 601.866383 598.955873 596.145672 593.431032 590.807950 588.273055 585.823524 583.457012 581.171598 578.965741 576.838242 574.788222 572.815097 570.918560 569.098575 567.355363 565.689401 564.101424 562.592422 561.163655 559.816655 558.553247 557.375564 556.286073 555.287603 554.383383 553.577089 552.872893 552.275535 551.790406 551.423649 551.182288 551.074389 551.109266 551.297748 551.652525 552.188611 552.923974 553.880411 555.084797 556.570922 558.382312 560.576745 563.233932 566.469611 570.464142 575.529758 582.310240 592.728818 612.990842 611.283580 609.562311 607.826890 606.077173 604.313014 602.534264 600.740777
614.930999 611.770726 608.725294 605.787452 602.951111 600.211141 597.563208 595.003659 592.529417 590.137913 587.827020 585.595004 583.440488 581.362418 579.360042 577.432885 575.580744 573.803670 572.101965 570.476179 568.927112 567.455816 566.063605 564.752064 563.523066 562.378790 561.321747 560.354810 559.481249 558.704783 558.029628 557.460573 557.003056 556.663278 556.448325 556.366338 556.426719 556.640404 557.020218 557.581347 558.341986 559.324237 560.555392 562.069843 563.912003 566.141022 568.838864 572.125236 576.188279 581.358026 588.331510 599.328503 617.845554 616.154701 614.449869 612.730911 610.997679 609.250022 607.487792 605.710836
618.676600 615.602013 612.636939 609.774788 607.010012 604.337927 601.754574 599.256615 596.841242 594.506116 592.249307 590.069255 587.964731 585.934814 583.978867 582.096522 580.287664 578.552427 576.891186 575.304559 573.793406 572.358834 571.002207 569.725158 568.529601 567.417758 566.392178 565.455772 564.611848 563.864161 563.216966 562.675090 562.244017 561.929993 561.740160 561.682720 561.767152 562.004486 562.407664 562.992023 563.775958 564.781843 566.037351 567.577418 569.447275 571.707349 574.441721 577.773888 581.899539 587.166397 594.326615 605.945490 622.719947 621.045866 619.357844 617.655730 615.939373 614.208621 612.463320 610.703317
622.495728 619.503368 616.615603 613.826432 611.130788 608.524391 606.003618 603.565417 601.207225 598.926911 596.722725 594.593266 592.537443 590.554456 588.643775 586.805125 585.038476 583.344037 581.722252 580.173798 578.699590 577.300785 575.978794 574.735289 573.572226 572.491861 571.496777 570.589918 569.774625 569.054683 568.434379 567.918574 567.512787 567.223303 567.057309 567.023061 567.130099 567.389533 567.814402 568.420176 569.225423 570.252754 571.530177 573.093120 574.987551 577.275070 580.041725 583.414582 587.596564 592.952774 600.291806 612.582433 627.613541 625.956583 624.285730 622.600829 620.901727 619.188269 617.460298 615.717657
626.385869 623.472543 620.659261 617.940542 615.311757 612.768984 610.308908 607.928734 605.626121 603.399129 601.246176 599.166003 597.157645 595.220414 593.353877 591.557847 589.832370 588.177725 586.594417 585.083179 583.644974 582.281006 580.992725 579.781841 578.650344 577.600521 576.634985 575.756708 574.969055 574.275840 573.681374 573.190545 572.808900 572.542756 572.399334 572.386932 572.515141 572.795132 573.240029 573.865407 574.689980 575.736562 577.033453 578.616508 580.532354 582.843647 585.638229 589.046482 593.278171 598.715245 606.223371 619.244081 632.525871 630.886374 629.233037 627.565707 625.884227 624.188439 622.478185 620.753303
630.344684 627.507439 624.766011 622.115388 619.551329 617.070241 614.669083 612.345297 610.096744 607.921659 605.818610 603.786472 601.824395 599.931792 598.108322 596.353875 594.668570 593.052748 591.506969 590.032017 588.628900 587.298862 586.043389 584.864224 583.763387 582.743190 581.806274 580.955630 580.194647 579.527156 578.957492 578.490560 578.131930 577.887939 577.765836 577.773948 577.921905 578.220925 578.684194 579.327373 580.169293 581.232935 582.546842 584.147235 586.081309 588.412653 591.230720 594.668914 598.943367 604.452107 612.117685 625.938668 637.456489 635.834778 634.199294 632.549878 630.886374 629.208620 627.516455 625.809716
634.369997 631.606093 628.934068 626.349335 623.848001 621.426769 619.082850 616.813899 614.617962 612.493434 610.439023 608.453722 606.536790 604.687734 602.906292 601.192430 599.546330 597.968391 596.459223 595.019655 593.650737 592.353747 591.130204 589.981879 588.910816 587.919351 587.010144 586.186205 585.450938 584.808190 584.262308 583.818213 583.481486 583.258480 583.156459 583.183770 583.350068 583.666602 584.146603 584.805794 585.663093 586.741612 588.070087 589.685039 591.634143 593.981784 596.818825 600.281369 604.591357 610.161895 617.971271 632.680670 642.404968 640.801357 639.184045 637.552875 635.907686 634.248315 632.574600 630.886374
638.459774 635.766661 633.161753 630.640840 628.200349 625.837248 623.548977 621.333387 619.188694 617.113437 615.106452 613.166843 611.293967 609.487416 607.747004 606.072763 604.464934 602.923968 601.450522 600.045465 598.709882 597.445083 596.252615 595.134272 594.092120 593.128514 592.246126 591.447983 590.737499 590.118530 589.595432 589.173131 588.857215 588.654044 588.570888 588.616102 588.799352 589.131906 589.627017 590.300448 591.171177 592.262404 593.603013 595.229754 597.190687 599.550853 602.402311 605.883508 610.221560 615.843411 623.780870 639.497020 647.370905 645.785691 644.186860 642.574251 640.947703 639.307052 637.652131 635.982773
642.612110 639.987411 637.447479 634.988444 632.607020 630.300420 628.066291 625.902663 623.807906 621.780692 619.819975 617.924960 616.095095 614.330048 612.629704 610.994155 609.423697 607.918825 606.480240 605.108846 603.805759 602.572319 601.410093 600.320898 599.306816 598.370215 597.513780 596.740545 596.053931 595.457798 594.956504 594.554976 594.258801 594.074336 594.008848 594.070691 594.269528 594.616628 595.125252 595.811175 596.693404 597.795196 599.145523 600.781302 602.750874 605.119794 607.981089 611.475167 615.833619 621.495746 629.543526 646.443921 652.353921 650.787389 649.207331 647.613586 646.005991 644.384379 642.748583 641.098434
646.825217 644.266711 641.789747 639.390763 637.066732 634.815090 632.633674 630.520676 628.474608 626.494266 624.578708 622.727236 620.939377 619.214873 617.553671 615.955919 614.421960 612.952333 611.547775 610.209222 608.937820 607.734928 606.602137 605.541279 604.554447 603.644021 602.812693 602.063500 601.399865 600.825647 600.345201 599.963446 599.685963 599.519098 599.470107 599.547328 599.760412 600.120612 600.641176 601.337870 602.229703 603.339941 604.697603 606.339694 608.314741 610.688661 613.555212 617.056360 621.427402 627.118308 635.256674 653.669583 657.353666 655.806085 654.245079 652.670485 651.082139 649.479873 647.863517 646.232902
651.097411 648.603020 646.187138 643.846482 641.578262 639.380117 637.250056 635.186422 633.187855 631.253264 629.381806 627.572867 625.826051 624.141165 622.518212 620.957393 619.459092 618.023889 616.652552 615.346046 614.105539 612.932413 611.828272 610.794961 609.834584 608.949526 608.142481 607.416486 606.774962 606.221761 605.761228 605.398273 605.138458 604.988113 604.954471 605.045848 605.271866 605.643748 606.174712 606.880490 607.780060 608.896665 610.259313 611.905030 613.882426 616.257627 619.124876 622.627279 627.003015 632.710838 640.918243 661.990929 662.369817 660.841444 659.299754 657.744584 656.175768 654.593137 652.996522 651.385749
655.427108 652.994882 650.638306 648.354353 646.140448 643.994413 641.914417 639.898940 637.946739 636.056828 634.228454 632.461082 630.754383 629.108224 627.522663 625.997944 624.534492 623.132919 621.794023 620.518795 619.308421 618.164300 617.088048 616.081520 615.146825 614.286349 613.502787 612.799170 612.178912 611.645854 611.204326 610.859219 610.616075 610.481196 610.461787 610.566126 610.803797 611.185977 611.725834 612.439045 613.344527 614.465461 615.830793 617.477498 619.454166 621.826979 624.690418 628.188289 632.560798 638.273427 646.526751 668.897978 667.402089 665.893163 664.371038 662.835549 661.286530 659.723809 658.147218 656.556580
659.812809 657.440915 655.141974 652.913188 650.752180 648.656939 646.625781 644.657309 642.750393 640.904138 639.117875 637.391141 635.723670 634.115384 632.566387 631.076965 629.647579 628.278871 626.971665 625.726969 624.545991 623.430139 622.381040 621.400554 620.490791 619.654137 618.893281 618.211246 617.611434 617.097669 616.674263 616.346082 616.118638 615.998202 615.991937 616.108078 616.356154 616.747285 617.294568 618.013603 618.923216 620.046489 621.412255 623.057368 625.030296 627.397121 630.252311 633.739932 638.101326 643.806524 652.081396 673.926566 672.450227 670.960976 669.458650 667.943084 666.414111 664.871560 663.315259 661.745035
664.253096 661.939812 659.696927 657.521855 655.412399 653.366702 651.383212 649.460650 647.597982 645.794404 644.049320 642.362334 640.733236 639.162000 637.648773 636.193876 634.797803 633.461221 632.184976 630.970096 629.817800 628.729506 627.706847 626.751685 625.866130 625.052561 624.313659 623.652435 623.072274 622.576981 622.170841 621.858690 621.646007 621.539020 621.544844 621.671659 621.928930 622.327703 622.880987 623.604282 624.516296 625.639973 627.003984 628.644992 630.611241 632.968563 635.811162 639.282917 643.625405 649.310939 657.582135 678.970600 677.514015 676.044651 674.562343 673.066928 671.558236 670.036097 668.500340 666.950787
668.746628 666.490328 664.302008 662.179275 660.120094 658.122752 656.185817 654.308116 652.488709 650.726869 649.022071 647.373979 645.782436 644.247459 642.769236 641.348120 639.984633 638.679466 637.433482 636.247724 635.123421 634.061999 633.065092 632.134562 631.272513 630.481318 629.763644 629.122486 628.561208 628.083591 627.693889 627.396903 627.198071 627.103572 627.120465 627.256864 627.522160 627.927307 628.485213 629.211253 630.123993 631.246200 632.606334 634.240799 636.197519 638.541922 641.367704 644.818116 649.134064 654.787840 663.029735 684.029919 682.593279 681.143998 679.681913 678.206859 676.718668 675.217169 673.702190 672.173554
673.292129 671.091281 668.956116 666.884416 664.874299 662.924179 661.032738 659.198899 657.421807 655.700807 654.035440 652.425422 650.870646 649.371170 647.927214 646.539164 645.207564 643.933126 642.716729 641.559425 640.462453 639.427240 638.455422 637.548855 636.709638 635.940129 635.242982 634.621171 634.078036 633.617327 633.243265 632.960611 632.774752 632.691814 632.718792 632.863725 633.135914 633.546215 634.107412 634.834739 635.746587 636.865515 638.219724 639.845294 641.789732 644.117915 646.922793 650.346555 654.628545 660.238741 668.425807 689.104401 687.687882 686.258868 684.817196 683.362700 681.895214 680.414566 678.920584 677.413092
677.888389 675.741544 673.658198 671.636294 669.674088 667.770112 665.923153 664.132222 662.396540 660.715522 659.088765 657.516036 655.997272 654.532566 653.122172 651.766499 650.466114 649.221746 648.034285 646.904793 645.834512 644.824872 643.877504 642.994258 642.177221 641.428739 640.751444 640.148288 639.622583 639.178045 638.818856 638.549730 638.376002 638.303735 638.339852 638.492307 638.770306 639.184585 639.747796 640.475006 641.384409 642.498320 643.844637 645.459052 647.388562 649.697354 652.477397 655.869404 660.110294 665.665483 673.772788 694.193969 692.797734 691.389155 689.968071 688.534317 687.087724 685.628124 684.155342 682.669205
682.534255 680.440043 678.407250 676.433967 674.518575 672.659718 670.856274 669.107338 667.412203 665.770344 664.181411 662.645219 661.161741 659.731106 658.353594 657.029637 655.759822 654.544890 653.385741 652.283444 651.239241 650.254560 649.331029 648.470486 647.675005 646.946914 646.288824 645.703660 645.194701 644.765627 644.420574 644.164208 644.001802 643.939352 643.983701 644.142712 644.425480 644.842615 645.406615 646.132366 647.037838 648.145071 649.481614 651.082713 652.994766 655.281136 658.032590 661.387969 665.580937 671.070213 679.073908 699.298590 697.922789 696.534801 695.134466 693.721620 692.296095 690.857723 689.406331 687.941744
687.228629 685.185753 683.202313 681.276534 679.406912 677.592194 675.831344 674.123533 672.468118 670.864630 669.312770 667.812392 666.363505 664.966269 663.620988 662.328114 661.088248 659.902143 658.770708 657.695012 656.676298 655.715990 654.815707 653.977275 653.202752 652.494445 651.854940 651.287132 650.794266 650.379978 650.048358 649.804015 649.652160 649.598713 649.650430 649.815073 650.101619 650.520538 651.084162 651.807174 652.707299 653.806271 655.131252 656.716978 658.609171 660.870241 663.589546 666.903677 671.042274 676.455353 684.333105 704.418279 703.063047 701.695793 700.316355 698.924571 697.520274 696.103296 694.673466 693.230608
691.970464 689.977695 688.042468 686.163130 684.338286 682.566773 680.847638 679.180118 677.563632 675.997763 674.482254 673.016999 671.602039 670.237558 668.923883 667.661483 666.450973 665.293113 664.188816 663.139153 662.145365 661.208868 660.331269 659.514382 658.760245 658.071141 657.449629 656.898572 656.421173 656.021027 655.702170 655.469151 655.327112 655.281892 655.340155 655.509552 655.798935 656.218622 656.780763 657.499823 658.393260 659.482473 660.794196 662.362606 664.232669 666.465722 669.149523 672.418065 676.496252 681.823564 689.554930 709.553097 708.218560 706.872168 705.513762 704.143181 702.760258 701.364826 699.956715 698.535751
696.758759 694.814933 692.926835 691.092928 689.311915 687.582718 685.904457 684.276434 682.698121 681.169150 679.689303 678.258509 676.876837 675.544494 674.261828 673.029321 671.847597 670.717424 669.639716 668.615544 667.646142 666.732918 665.877467 665.081584 664.347287 663.676834 663.072752 662.537867 662.075344 661.688727 661.381997 661.159638 661.026718 660.988991 661.053021 661.226344 661.517673 661.937167 662.496780 663.210745 664.096229 665.174270 666.471140 668.020407 669.866207 672.068698 674.713859 677.932768 681.944946 687.177711 694.744419 714.703155 713.389425 712.064014 710.726763 709.377511 708.016094 706.642347 705.256099 703.857179
701.592561 699.696570 697.854572 696.065134 694.327050 692.639320 691.001132 689.411845 687.870984 686.378221 684.933377 683.536410 682.187415 680.886622 679.634392 678.431221 677.277739 676.174719 675.123076 674.123876 673.178347 672.287885 671.454069 670.678676 669.963700 669.311372 668.724185 668.204928 667.756718 667.383050 667.087845 666.875519 666.751062 666.720135 666.789199 666.965666 667.258105 667.676502 668.232606 668.940401 669.816747 670.882295 672.162820 673.691237 675.510787 677.680349 680.283960 683.449503 687.390544 692.520824 699.906961 719.868615 718.575795 717.271471 715.955485 714.627678 713.287887 711.935949 710.571696 709.194955
706.470953 704.621748 702.824871 701.078986 699.382972 697.735899 696.137017 694.585742 693.081641 691.624428 690.213956 688.850211 687.533311 686.263503 685.041163 683.866795 682.741037 681.664662 680.638583 679.663862 678.741716 677.873529 677.060862 676.305472 675.609326 674.974626 674.403828 673.899681 673.465255 673.103989 672.819743 672.616861 672.500249 672.475474 672.548884 672.727764 673.020529 673.436985 673.988665 674.689288 675.555391 676.607214 677.870009 679.375994 681.167454 683.301901 685.861290 688.970057 692.835317 697.856058 705.048169 723.570032 723.777873 722.494730 721.200109 719.893851 718.575795 717.245780 715.903637 714.549200
711.393061 709.589644 707.836957 706.133753 704.478988 702.871800 701.311495 699.797538 698.329538 696.907245 695.530543 694.199441 692.914079 691.674718 690.481746 689.335675 688.237146 687.186931 686.185941 685.235229 684.336002 683.489628 682.697650 681.961802 681.284022 680.666480 680.111596 679.622074 679.200934 678.851558 678.577741 678.383750 678.274407 678.255177 678.332293 678.512904 678.805266 679.218997 679.765403 680.457927 681.312764 682.349728 683.593514 685.075610 686.837293 688.934629 691.447364 694.496273 698.281609 703.186654 710.173752 726.065303 728.995913 727.734039 726.460872 725.176256 723.880033 722.572041 721.252116 719.920091
