avaframe/data/avaHelixChannel/Inputs/DEMH_HX_Topo.asc
nCols  1001
nRows  401
xllcenter  1000.00
yllcenter -5000.00
cellsize  5
nodata_value -9999.00
[rows 81 to 107 of 401, columns 360 to 419 of 1001]
3.799879 3.590574 3.393717 3.209329 3.037432 2.878047 2.731196 2.596898 2.475175 2.366048 2.269538 2.185511 2.107346 2.031468 1.957830 1.886386 1.817090 1.749896 1.684758 1.621631 1.560471 1.501232 1.443870 1.388342 1.334605 1.282615 1.232329 1.183707 1.136706 1.091285 1.047404 1.005023 0.964102 0.924603 0.886487 0.849716 0.814254 0.780064 0.747109 0.715355 0.684766 0.655310 0.626951 0.599657 0.573397 0.548138 0.523849 0.500500 0.478062 0.456505 0.435801 0.415922 0.396842 0.378532 0.360968 0.344125 0.327977 0.312500 0.297672 0.283469
3.895967 3.680533 3.477615 3.287236 3.109418 2.944181 2.791547 2.651538 2.524174 2.409476 2.307466 2.218163 2.138531 2.061500 1.986742 1.914211 1.843859 1.775640 1.709508 1.645417 1.583322 1.523177 1.464939 1.408562 1.354002 1.301217 1.250163 1.200797 1.153077 1.106962 1.062411 1.019383 0.977838 0.937737 0.899041 0.861711 0.825710 0.791001 0.757547 0.725312 0.694262 0.664361 0.635575 0.607872 0.581217 0.555580 0.530929 0.507233 0.484462 0.462586 0.441576 0.421404 0.402043 0.383466 0.365646 0.348558 0.332176 0.316476 0.301435 0.287028
3.995090 3.773458 3.564412 3.367974 3.184166 3.013011 2.854529 2.708742 2.575671 2.455338 2.347764 2.252969 2.170290 2.092086 2.016188 1.942549 1.871121 1.801859 1.734715 1.669643 1.606596 1.545529 1.486398 1.429156 1.373759 1.320164 1.268326 1.218203 1.169752 1.122930 1.077696 1.034009 0.991828 0.951114 0.911826 0.873927 0.837377 0.802139 0.768177 0.735453 0.703931 0.673578 0.644357 0.616236 0.589181 0.563159 0.538138 0.514088 0.490977 0.468776 0.447454 0.426985 0.407338 0.388488 0.370407 0.353069 0.336449 0.320522 0.305264 0.290650
4.097299 3.869399 3.654155 3.451589 3.261724 3.084581 2.920184 2.768553 2.629710 2.503676 2.390473 2.290122 2.202645 2.123236 2.046177 1.971411 1.898889 1.828564 1.760390 1.694318 1.630302 1.568296 1.508255 1.450132 1.393883 1.339463 1.286827 1.235933 1.186736 1.139194 1.093264 1.048906 1.006078 0.964739 0.924849 0.886369 0.849259 0.813483 0.779002 0.745779 0.713778 0.682964 0.653300 0.624753 0.597289 0.570875 0.545478 0.521067 0.497610 0.475077 0.453439 0.432665 0.412728 0.393600 0.375253 0.357661 0.340799 0.324640 0.309160 0.294336
4.202645 3.968406 3.746893 3.538129 3.342138 3.158940 2.988559 2.831016 2.686333 2.554533 2.435635 2.329663 2.236637 2.154963 2.076723 2.000809 1.927173 1.855766 1.786542 1.719452 1.654449 1.591487 1.530520 1.471500 1.414382 1.359121 1.305673 1.253993 1.204036 1.155761 1.109123 1.064080 1.020592 0.978616 0.938113 0.899041 0.861362 0.825037 0.790028 0.756297 0.723807 0.692523 0.662407 0.633427 0.605546 0.578732 0.552952 0.528173 0.504364 0.481494 0.459532 0.438449 0.418215 0.398804 0.380186 0.362336 0.345226 0.328831 0.313126 0.298087
4.311179 4.070529 3.842677 3.627645 3.425457 3.236134 3.059700 2.896177 2.745587 2.607952 2.483294 2.371634 2.272994 2.187280 2.107837 2.030754 1.955983 1.883475 1.813182 1.745055 1.679048 1.615112 1.553200 1.493266 1.435264 1.379148 1.324871 1.272390 1.221660 1.172637 1.125277 1.079538 1.035377 0.992753 0.951624 0.911949 0.873690 0.836806 0.801258 0.767010 0.734022 0.702258 0.671683 0.642260 0.613956 0.586734 0.560563 0.535410 0.511242 0.488027 0.465735 0.444337 0.423802 0.404102 0.385208 0.367094 0.349732 0.333096 0.317162 0.301904
4.422953 4.175821 3.941557 3.720185 3.511729 3.316211 3.133655 2.964083 2.807517 2.663979 2.533492 2.416077 2.311757 2.220554 2.139531 2.061258 1.985331 1.911702 1.840320 1.771138 1.704107 1.639179 1.576306 1.515441 1.456538 1.399549 1.344429 1.291133 1.239614 1.189829 1.141734 1.095285 1.050439 1.007154 0.965387 0.925099 0.886248 0.848794 0.812698 0.777921 0.744426 0.712175 0.681131 0.651257 0.622520 0.594884 0.568315 0.542779 0.518245 0.494680 0.472052 0.450332 0.429490 0.409495 0.390320 0.371937 0.354319 0.337438 0.321270 0.305789
4.538023 4.284333 4.043585 3.815801 3.601005 3.399221 3.210471 3.034779 2.872167 2.722658 2.586274 2.463037 2.352970 2.256094 2.171817 2.092333 2.015229 1.940458 1.867968 1.797710 1.729636 1.663698 1.599846 1.538033 1.478212 1.420335 1.364356 1.310228 1.257906 1.207345 1.158501 1.111328 1.065784 1.021825 0.979409 0.938495 0.899041 0.861006 0.824352 0.789037 0.755025 0.722276 0.690754 0.660422 0.631243 0.603184 0.576209 0.550285 0.525377 0.501455 0.478485 0.456437 0.435281 0.414987 0.395525 0.376869 0.358988 0.341858 0.325452 0.309743
4.656441 4.396121 4.148814 3.914544 3.693336 3.485212 3.290198 3.108315 2.939587 2.784036 2.641686 2.512558 2.396675 2.294059 2.204733 2.123991 2.045689 1.969754 1.896135 1.824783 1.755647 1.688679 1.623830 1.561051 1.500295 1.441513 1.384658 1.329684 1.276544 1.225192 1.175584 1.127674 1.081418 1.036773 0.993695 0.952143 0.912075 0.873448 0.836224 0.800361 0.765821 0.732566 0.700557 0.669757 0.640129 0.611639 0.584250 0.557929 0.532641 0.508354 0.485036 0.462654 0.441179 0.420579 0.400825 0.381889 0.363743 0.346358 0.329709 0.313769
4.778264 4.511237 4.257297 4.016467 3.788772 3.574237 3.372885 3.184739 3.009823 2.848160 2.699772 2.564684 2.442916 2.334493 2.239435 2.156245 2.076723 1.999603 1.924835 1.852367 1.782149 1.714133 1.648268 1.584505 1.522796 1.463091 1.405345 1.349508 1.295534 1.243377 1.192990 1.144329 1.097348 1.052003 1.008251 0.966049 0.925354 0.886125 0.848320 0.811898 0.776821 0.743049 0.710543 0.679266 0.649181 0.620251 0.592441 0.565715 0.540040 0.515382 0.491708 0.468986 0.447185 0.426274 0.406222 0.387002 0.368584 0.350940 0.334043 0.317867
4.903548 4.629738 4.369088 4.121623 3.887367 3.666346 3.458582 3.264100 3.082924 2.915077 2.760581 2.619461 2.491739 2.377438 2.276581 2.189107 2.108343 2.030017 1.954077 1.880473 1.809154 1.740070 1.673169 1.608404 1.545724 1.485080 1.426424 1.369709 1.314885 1.261906 1.210727 1.161300 1.113580 1.067523 1.023083 0.980219 0.938885 0.899041 0.860644 0.823653 0.788028 0.753729 0.720718 0.688955 0.658402 0.629025 0.600784 0.573647 0.547577 0.522540 0.498504 0.475435 0.453302 0.432073 0.411718 0.392208 0.373513 0.355604 0.338455 0.322039
5.032351 4.751681 4.484244 4.230067 3.989175 3.761591 3.547342 3.346450 3.158940 2.984836 2.824161 2.676938 2.543190 2.422942 2.316215 2.223032 2.140563 2.061008 1.983875 1.909114 1.836672 1.766500 1.698545 1.632758 1.569089 1.507488 1.447906 1.390294 1.334605 1.280790 1.228802 1.178594 1.130121 1.083337 1.038197 0.994657 0.952673 0.912202 0.873202 0.835631 0.799448 0.764612 0.731084 0.698825 0.667798 0.637963 0.609285 0.581727 0.555254 0.529832 0.505426 0.482003 0.459532 0.437979 0.417315 0.397510 0.378532 0.360354 0.342948 0.326287
5.164730 4.877121 4.602821 4.341855 4.094249 3.860028 3.639217 3.431840 3.237922 3.057487 2.890558 2.737160 2.597315 2.471048 2.358380 2.259337 2.173394 2.092588 2.014240 1.938300 1.864715 1.793434 1.724405 1.657578 1.592901 1.530324 1.469798 1.411274 1.354702 1.300034 1.247222 1.196219 1.146979 1.099454 1.053600 1.009372 0.966724 0.925615 0.885999 0.847836 0.811084 0.775701 0.741647 0.708883 0.677370 0.647070 0.617945 0.589959 0.563075 0.537260 0.512477 0.488694 0.465878 0.443996 0.423016 0.402909 0.383644 0.365192 0.347524 0.330612
5.300746 5.006119 4.724876 4.457042 4.202645 3.961709 3.734260 3.520322 3.319921 3.133080 2.959824 2.800177 2.654162 2.521803 2.403124 2.298148 2.206899 2.124770 2.045185 1.968044 1.893295 1.820884 1.750761 1.682873 1.617169 1.553598 1.492111 1.432656 1.375184 1.319647 1.265996 1.214183 1.164160 1.115880 1.069298 1.024368 0.981044 0.939283 0.899041 0.860275 0.822942 0.787001 0.752411 0.719132 0.687124 0.656349 0.626769 0.598346 0.571044 0.544828 0.519661 0.495510 0.472342 0.450124 0.428823 0.408409 0.388850 0.370118 0.352183 0.335017
5.440459 5.138734 4.850467 4.575687 4.314420 4.066691 3.832526 3.611950 3.404989 3.211667 3.032008 2.866037 2.713779 2.575256 2.450492 2.339513 2.242340 2.157569 2.076723 1.998359 1.922422 1.848861 1.777622 1.708654 1.641904 1.577320 1.514852 1.454450 1.396061 1.339638 1.285131 1.232491 1.181671 1.132622 1.085298 1.039652 0.995639 0.953214 0.912333 0.872951 0.835027 0.798517 0.763380 0.729576 0.697064 0.665805 0.635760 0.606892 0.579164 0.552538 0.526980 0.502455 0.478928 0.456367 0.434738 0.414011 0.394153 0.375135 0.356928 0.339502
5.583931 5.275025 4.979655 4.697848 4.429631 4.175029 3.934070 3.706778 3.493180 3.293299 3.107162 2.934792 2.776215 2.631453 2.500532 2.383476 2.280307 2.190996 2.108867 2.029256 1.952111 1.877377 1.805002 1.734932 1.667116 1.601500 1.538033 1.476664 1.417342 1.360016 1.304636 1.251154 1.199520 1.149687 1.101606 1.055231 1.010515 0.967413 0.925880 0.885871 0.847344 0.810254 0.774560 0.740220 0.707194 0.675441 0.644923 0.615601 0.587437 0.560395 0.534437 0.509530 0.485638 0.462727 0.440764 0.419717 0.399555 0.380246 0.361761 0.344070
5.731223 5.415055 5.112500 4.823584 4.548336 4.286782 4.038948 3.804862 3.584547 3.378031 3.185338 3.006493 2.841520 2.690445 2.553292 2.430085 2.320848 2.225605 2.141629 2.060749 1.982372 1.906444 1.832911 1.761719 1.692816 1.626148 1.561663 1.499309 1.439034 1.380788 1.324519 1.270178 1.217715 1.167082 1.118230 1.071111 1.025679 0.981887 0.939689 0.899041 0.859898 0.822217 0.785954 0.751068 0.717518 0.685262 0.654261 0.624476 0.595868 0.568401 0.542036 0.516739 0.492474 0.469207 0.446903 0.425531 0.405058 0.385452 0.366684 0.348723
5.882401 5.558887 5.249063 4.952957 4.670596 4.402008 4.147219 3.906257 3.679148 3.465917 3.266589 3.081191 2.909747 2.752282 2.608821 2.479388 2.364008 2.262705 2.175025 2.092851 2.013219 1.936073 1.861360 1.789025 1.719015 1.651274 1.585752 1.522394 1.461148 1.401964 1.344788 1.289572 1.236264 1.184815 1.135177 1.087300 1.041137 0.996641 0.953766 0.912466 0.872695 0.834411 0.797569 0.762126 0.728040 0.695271 0.663778 0.633521 0.604461 0.576560 0.549780 0.524085 0.499440 0.475809 0.453158 0.431454 0.410664 0.390756 0.371699 0.353463
6.037529 5.706585 5.389408 5.086027 4.796470 4.520766 4.258941 4.011022 3.777037 3.557011 3.350970 3.158940 2.980947 2.817014 2.667169 2.531435 2.409836 2.302399 2.209147 2.125576 2.044665 1.966279 1.890364 1.816863 1.745724 1.676891 1.610310 1.545929 1.483694 1.423553 1.365453 1.309344 1.255175 1.202895 1.152454 1.103804 1.056896 1.011683 0.968116 0.926151 0.885741 0.846841 0.809408 0.773397 0.738767 0.705474 0.673479 0.642740 0.613218 0.584875 0.557672 0.531572 0.506539 0.482537 0.459532 0.437489 0.416375 0.396159 0.376808 0.358291
6.196673 5.858212 5.533597 5.222857 4.926021 4.643117 4.374172 4.119215 3.878272 3.651370 3.438536 3.239794 3.055172 2.884694 2.728387 2.586274 2.458381 2.344734 2.245356 2.158937 2.076723 1.997073 1.919932 1.845245 1.772955 1.703007 1.635349 1.569924 1.506680 1.445564 1.386522 1.329503 1.274456 1.221328 1.170069 1.120631 1.072963 1.027018 0.982747 0.940103 0.899041 0.859514 0.821478 0.784888 0.749701 0.715875 0.683367 0.652137 0.622144 0.593350 0.565715 0.539202 0.513773 0.489394 0.466027 0.443639 0.422195 0.401664 0.382013 0.363210
6.359900 6.013836 5.681697 5.363512 5.059311 4.769122 4.492974 4.230895 3.982912 3.749052 3.529342 3.323809 3.132478 2.955375 2.792526 2.643957 2.509693 2.389759 2.284180 2.192950 2.109408 2.028470 1.950080 1.874182 1.800719 1.729636 1.660879 1.594391 1.530118 1.468008 1.408006 1.350059 1.294115 1.240123 1.188030 1.137788 1.089345 1.042654 0.997664 0.954329 0.912601 0.872434 0.833783 0.796602 0.760848 0.726477 0.693447 0.661716 0.631243 0.601989 0.573914 0.546979 0.521147 0.496381 0.472646 0.449906 0.428126 0.407274 0.387317 0.368222
6.527278 6.173524 5.833774 5.508057 5.196405 4.898846 4.615409 4.346123 4.091016 3.850115 3.623447 3.411040 3.212919 3.029110 2.859641 2.704536 2.563822 2.437524 2.325666 2.228276 2.142732 2.060482 1.980819 1.903687 1.829029 1.756789 1.686911 1.619339 1.554018 1.490894 1.429912 1.371019 1.314162 1.259288 1.206345 1.155283 1.106050 1.058597 1.012875 0.968834 0.926427 0.885608 0.846329 0.808546 0.772213 0.737287 0.703724 0.671482 0.640519 0.610796 0.582271 0.554906 0.528663 0.503503 0.479392 0.456292 0.434170 0.412991 0.392721 0.373328
6.698879 6.337345 5.989894 5.656558 5.337367 5.032351 4.741539 4.464961 4.202645 3.954618 3.720909 3.501544 3.296551 3.105955 2.929784 2.768064 2.620820 2.488079 2.369865 2.266206 2.176712 2.093124 2.012163 1.933774 1.857898 1.784478 1.713457 1.644780 1.578390 1.514232 1.452251 1.392394 1.334605 1.278832 1.225022 1.173124 1.123085 1.074855 1.028385 0.983625 0.940526 0.899041 0.859122 0.820724 0.783801 0.748308 0.714201 0.681438 0.649976 0.619774 0.590790 0.562987 0.536324 0.510763 0.486268 0.462802 0.440330 0.418816 0.398228 0.378532
6.874771 6.505367 6.150127 5.809082 5.482264 5.169703 4.871429 4.587472 4.317860 4.062622 3.821787 3.595380 3.383431 3.185966 3.003011 2.834593 2.680740 2.541475 2.416827 2.306820 2.211480 2.126409 2.044127 1.964455 1.887337 1.812714 1.740529 1.670725 1.603245 1.538033 1.475034 1.414192 1.355454 1.298764 1.244069 1.191318 1.140457 1.091436 1.044203 0.998709 0.954904 0.912739 0.872168 0.833143 0.795617 0.759546 0.724885 0.691590 0.659618 0.628927 0.599476 0.571225 0.544134 0.518164 0.493277 0.469437 0.446608 0.424754 0.403841 0.383835
7.055028 6.677663 6.314542 5.965698 5.631163 5.310968 5.005143 4.713719 4.436725 4.174189 3.926141 3.692608 3.473618 3.269199 3.079377 2.904180 2.743634 2.597766 2.466602 2.350168 2.248491 2.160353 2.076723 1.995745 1.917361 1.841511 1.768139 1.697186 1.628594 1.562308 1.498270 1.436425 1.376717 1.319092 1.263496 1.209875 1.158175 1.108346 1.060335 1.014092 0.969567 0.926709 0.885472 0.845807 0.807667 0.771006 0.735779 0.701941 0.669449 0.638260 0.608332 0.579624 0.552096 0.525708 0.500423 0.476201 0.453008 0.430806 0.409562 0.389240
7.239723 6.854304 6.483210 6.126476 5.784133 5.456214 5.142748 4.843768 4.559303 4.289382 4.034034 3.793288 3.567171 3.355713 3.158940 2.976880 2.809559 2.657005 2.519244 2.396303 2.288208 2.194971 2.109967 2.027657 1.947982 1.870882 1.796299 1.724174 1.654449 1.587067 1.521970 1.459102 1.398406 1.339827 1.283310 1.228802 1.176247 1.125594 1.076789 1.029782 0.984522 0.940958 0.899041 0.858723 0.819956 0.782694 0.746889 0.712498 0.679475 0.647777 0.617363 0.588188 0.560214 0.533400 0.507707 0.483097 0.459532 0.436976 0.415393 0.394748
7.428931 7.035364 6.656205 6.291487 5.941245 5.605509 5.284312 4.977686 4.685659 4.408263 4.145528 3.897481 3.664151 3.445568 3.241758 3.052750 2.878570 2.719247 2.574806 2.445276 2.330682 2.231052 2.143873 2.060206 1.979214 1.900840 1.825022 1.751703 1.680822 1.612322 1.546145 1.482233 1.420529 1.360977 1.303522 1.248108 1.194681 1.143187 1.093573 1.045786 0.999776 0.955491 0.912881 0.871897 0.832490 0.794613 0.758220 0.723263 0.689699 0.657483 0.626571 0.596921 0.568493 0.541244 0.515135 0.490127 0.466183 0.443265 0.421337 0.400364
