avaframe/data/avaHelixChannel/Inputs/DEMH_HX_Topo.asc
nCols  1001
nRows  401
xllcenter  1000.00
yllcenter -5000.00
cellsize  5
nodata_value -9999.00
[rows 54 to 80 of 401, columns 480 to 539 of 1001]
0.007682 0.007227 0.006797 0.006392 0.006009 0.005649 0.005308 0.004987 0.004685 0.004400 0.004131 0.003878 0.003640 0.003415 0.003204 0.003006 0.002819 0.002643 0.002477 0.002322 0.002175 0.002038 0.001909 0.001788 0.001674 0.001567 0.001466 0.001372 0.001284 0.001201 0.001123 0.001050 0.000982 0.000917 0.000857 0.000801 0.000748 0.000699 0.000653 0.000609 0.000569 0.000531 0.000495 0.000462 0.000431 0.000402 0.000375 0.000350 0.000326 0.000304 0.000283 0.000264 0.000246 0.000229 0.000213 0.000198 0.000185 0.000172 0.000160 0.000149
0.007709 0.007251 0.006819 0.006411 0.006027 0.005664 0.005322 0.004999 0.004695 0.004409 0.004139 0.003885 0.003645 0.003420 0.003208 0.003008 0.002821 0.002644 0.002478 0.002322 0.002175 0.002038 0.001908 0.001787 0.001672 0.001565 0.001465 0.001370 0.001282 0.001199 0.001121 0.001048 0.000979 0.000915 0.000855 0.000799 0.000746 0.000696 0.000650 0.000607 0.000566 0.000529 0.000493 0.000460 0.000429 0.000400 0.000373 0.000348 0.000324 0.000302 0.000281 0.000262 0.000244 0.000227 0.000212 0.000197 0.000183 0.000171 0.000159 0.000148
0.007737 0.007276 0.006841 0.006431 0.006044 0.005679 0.005335 0.005011 0.004705 0.004417 0.004146 0.003891 0.003651 0.003424 0.003211 0.003011 0.002823 0.002646 0.002479 0.002323 0.002175 0.002037 0.001907 0.001786 0.001671 0.001564 0.001463 0.001368 0.001280 0.001197 0.001119 0.001045 0.000977 0.000913 0.000853 0.000796 0.000744 0.000694 0.000648 0.000605 0.000564 0.000526 0.000491 0.000458 0.000427 0.000398 0.000371 0.000346 0.000322 0.000300 0.000280 0.000260 0.000242 0.000226 0.000210 0.000196 0.000182 0.000169 0.000158 0.000147
0.007765 0.007301 0.006863 0.006451 0.006062 0.005695 0.005349 0.005023 0.004716 0.004426 0.004154 0.003898 0.003656 0.003429 0.003215 0.003014 0.002825 0.002647 0.002480 0.002323 0.002175 0.002037 0.001907 0.001785 0.001670 0.001562 0.001461 0.001367 0.001278 0.001194 0.001116 0.001043 0.000975 0.000910 0.000850 0.000794 0.000741 0.000692 0.000646 0.000602 0.000562 0.000524 0.000489 0.000456 0.000425 0.000396 0.000369 0.000344 0.000320 0.000298 0.000278 0.000259 0.000241 0.000224 0.000209 0.000194 0.000181 0.000168 0.000156 0.000145
0.007792 0.007326 0.006886 0.006471 0.006079 0.005710 0.005363 0.005035 0.004726 0.004435 0.004162 0.003904 0.003662 0.003433 0.003219 0.003017 0.002827 0.002649 0.002481 0.002323 0.002175 0.002036 0.001906 0.001784 0.001669 0.001561 0.001460 0.001365 0.001276 0.001192 0.001114 0.001041 0.000972 0.000908 0.000848 0.000791 0.000739 0.000689 0.000643 0.000600 0.000560 0.000522 0.000487 0.000454 0.000423 0.000394 0.000367 0.000342 0.000318 0.000297 0.000276 0.000257 0.000239 0.000223 0.000207 0.000193 0.000179 0.000167 0.000155 0.000144
0.007821 0.007351 0.006908 0.006491 0.006097 0.005726 0.005376 0.005047 0.004737 0.004445 0.004170 0.003911 0.003667 0.003438 0.003222 0.003020 0.002829 0.002650 0.002482 0.002324 0.002175 0.002036 0.001905 0.001782 0.001667 0.001559 0.001458 0.001363 0.001274 0.001190 0.001112 0.001039 0.000970 0.000906 0.000845 0.000789 0.000736 0.000687 0.000641 0.000598 0.000557 0.000520 0.000484 0.000451 0.000421 0.000392 0.000365 0.000340 0.000317 0.000295 0.000274 0.000255 0.000238 0.000221 0.000206 0.000191 0.000178 0.000165 0.000154 0.000143
0.007849 0.007377 0.006931 0.006511 0.006115 0.005742 0.005390 0.005059 0.004747 0.004454 0.004177 0.003917 0.003673 0.003442 0.003226 0.003023 0.002831 0.002652 0.002483 0.002324 0.002175 0.002036 0.001905 0.001781 0.001666 0.001558 0.001456 0.001361 0.001272 0.001188 0.001110 0.001036 0.000968 0.000903 0.000843 0.000787 0.000734 0.000685 0.000639 0.000595 0.000555 0.000517 0.000482 0.000449 0.000419 0.000390 0.000363 0.000338 0.000315 0.000293 0.000273 0.000254 0.000236 0.000220 0.000204 0.000190 0.000177 0.000164 0.000153 0.000142
0.007878 0.007403 0.006954 0.006532 0.006133 0.005758 0.005405 0.005072 0.004758 0.004463 0.004185 0.003924 0.003678 0.003447 0.003230 0.003026 0.002834 0.002653 0.002484 0.002325 0.002175 0.002035 0.001904 0.001780 0.001665 0.001556 0.001454 0.001359 0.001270 0.001186 0.001107 0.001034 0.000965 0.000901 0.000841 0.000784 0.000732 0.000682 0.000636 0.000593 0.000553 0.000515 0.000480 0.000447 0.000416 0.000388 0.000361 0.000336 0.000313 0.000291 0.000271 0.000252 0.000234 0.000218 0.000203 0.000188 0.000175 0.000163 0.000151 0.000141
0.007907 0.007429 0.006977 0.006552 0.006152 0.005774 0.005419 0.005084 0.004769 0.004472 0.004193 0.003931 0.003684 0.003452 0.003234 0.003028 0.002836 0.002655 0.002485 0.002325 0.002175 0.002035 0.001903 0.001779 0.001663 0.001555 0.001453 0.001357 0.001268 0.001184 0.001105 0.001032 0.000963 0.000898 0.000838 0.000782 0.000729 0.000680 0.000634 0.000591 0.000550 0.000513 0.000478 0.000445 0.000414 0.000386 0.000359 0.000334 0.000311 0.000289 0.000269 0.000250 0.000233 0.000216 0.000201 0.000187 0.000174 0.000161 0.000150 0.000139
0.007936 0.007455 0.007001 0.006573 0.006170 0.005791 0.005433 0.005097 0.004780 0.004482 0.004201 0.003938 0.003690 0.003456 0.003237 0.003031 0.002838 0.002656 0.002486 0.002326 0.002175 0.002034 0.001902 0.001778 0.001662 0.001553 0.001451 0.001355 0.001265 0.001182 0.001103 0.001029 0.000961 0.000896 0.000836 0.000779 0.000727 0.000677 0.000631 0.000588 0.000548 0.000511 0.000476 0.000443 0.000412 0.000384 0.000357 0.000332 0.000309 0.000288 0.000267 0.000249 0.000231 0.000215 0.000200 0.000186 0.000172 0.000160 0.000149 0.000138
0.007966 0.007481 0.007025 0.006594 0.006189 0.005807 0.005448 0.005109 0.004791 0.004491 0.004209 0.003944 0.003695 0.003461 0.003241 0.003034 0.002840 0.002658 0.002487 0.002326 0.002175 0.002034 0.001901 0.001777 0.001661 0.001551 0.001449 0.001353 0.001263 0.001179 0.001101 0.001027 0.000958 0.000894 0.000833 0.000777 0.000724 0.000675 0.000629 0.000586 0.000546 0.000508 0.000473 0.000441 0.000410 0.000382 0.000355 0.000330 0.000307 0.000286 0.000266 0.000247 0.000230 0.000213 0.000198 0.000184 0.000171 0.000159 0.000148 0.000137
0.007996 0.007508 0.007048 0.006615 0.006208 0.005824 0.005462 0.005122 0.004802 0.004501 0.004218 0.003951 0.003701 0.003466 0.003245 0.003037 0.002842 0.002659 0.002488 0.002327 0.002175 0.002034 0.001901 0.001776 0.001659 0.001550 0.001447 0.001351 0.001261 0.001177 0.001098 0.001025 0.000956 0.000891 0.000831 0.000775 0.000722 0.000673 0.000627 0.000584 0.000544 0.000506 0.000471 0.000439 0.000408 0.000380 0.000353 0.000328 0.000305 0.000284 0.000264 0.000245 0.000228 0.000212 0.000197 0.000183 0.000170 0.000158 0.000146 0.000136
0.008026 0.007535 0.007072 0.006637 0.006227 0.005840 0.005477 0.005135 0.004813 0.004510 0.004226 0.003958 0.003707 0.003471 0.003249 0.003040 0.002845 0.002661 0.002489 0.002327 0.002175 0.002033 0.001900 0.001775 0.001658 0.001548 0.001446 0.001349 0.001259 0.001175 0.001096 0.001022 0.000953 0.000889 0.000829 0.000772 0.000719 0.000670 0.000624 0.000581 0.000541 0.000504 0.000469 0.000436 0.000406 0.000378 0.000351 0.000327 0.000304 0.000282 0.000262 0.000244 0.000226 0.000210 0.000195 0.000181 0.000168 0.000156 0.000145 0.000135
0.008056 0.007562 0.007097 0.006658 0.006246 0.005857 0.005492 0.005148 0.004824 0.004520 0.004234 0.003965 0.003713 0.003475 0.003253 0.003043 0.002847 0.002663 0.002490 0.002328 0.002175 0.002033 0.001899 0.001774 0.001657 0.001547 0.001444 0.001347 0.001257 0.001173 0.001094 0.001020 0.000951 0.000886 0.000826 0.000770 0.000717 0.000668 0.000622 0.000579 0.000539 0.000502 0.000467 0.000434 0.000404 0.000376 0.000349 0.000325 0.000302 0.000280 0.000261 0.000242 0.000225 0.000209 0.000194 0.000180 0.000167 0.000155 0.000144 0.000133
0.008087 0.007590 0.007121 0.006680 0.006265 0.005874 0.005507 0.005161 0.004836 0.004530 0.004242 0.003972 0.003719 0.003480 0.003257 0.003046 0.002849 0.002664 0.002491 0.002328 0.002175 0.002032 0.001898 0.001773 0.001655 0.001545 0.001442 0.001345 0.001255 0.001171 0.001092 0.001018 0.000949 0.000884 0.000824 0.000767 0.000715 0.000665 0.000619 0.000577 0.000537 0.000499 0.000464 0.000432 0.000402 0.000374 0.000347 0.000323 0.000300 0.000279 0.000259 0.000240 0.000223 0.000207 0.000192 0.000179 0.000166 0.000154 0.000143 0.000132
0.008118 0.007617 0.007146 0.006702 0.006285 0.005892 0.005522 0.005174 0.004847 0.004540 0.004251 0.003980 0.003725 0.003485 0.003260 0.003050 0.002852 0.002666 0.002492 0.002329 0.002175 0.002032 0.001898 0.001772 0.001654 0.001543 0.001440 0.001343 0.001253 0.001168 0.001089 0.001015 0.000946 0.000882 0.000821 0.000765 0.000712 0.000663 0.000617 0.000574 0.000534 0.000497 0.000462 0.000430 0.000400 0.000371 0.000345 0.000321 0.000298 0.000277 0.000257 0.000239 0.000222 0.000206 0.000191 0.000177 0.000164 0.000152 0.000141 0.000131
0.008149 0.007645 0.007171 0.006725 0.006304 0.005909 0.005537 0.005187 0.004859 0.004550 0.004259 0.003987 0.003731 0.003490 0.003264 0.003053 0.002854 0.002668 0.002493 0.002329 0.002175 0.002032 0.001897 0.001771 0.001652 0.001542 0.001438 0.001341 0.001251 0.001166 0.001087 0.001013 0.000944 0.000879 0.000819 0.000762 0.000710 0.000661 0.000615 0.000572 0.000532 0.000495 0.000460 0.000428 0.000398 0.000369 0.000343 0.000319 0.000296 0.000275 0.000255 0.000237 0.000220 0.000204 0.000189 0.000176 0.000163 0.000151 0.000140 0.000130
0.008181 0.007674 0.007196 0.006747 0.006324 0.005926 0.005552 0.005201 0.004870 0.004560 0.004268 0.003994 0.003737 0.003495 0.003268 0.003056 0.002856 0.002669 0.002494 0.002329 0.002175 0.002031 0.001896 0.001769 0.001651 0.001540 0.001436 0.001339 0.001249 0.001164 0.001085 0.001011 0.000941 0.000877 0.000816 0.000760 0.000707 0.000658 0.000612 0.000569 0.000530 0.000492 0.000458 0.000425 0.000395 0.000367 0.000341 0.000317 0.000294 0.000273 0.000254 0.000235 0.000218 0.000203 0.000188 0.000174 0.000162 0.000150 0.000139 0.000129
0.008213 0.007702 0.007222 0.006770 0.006344 0.005944 0.005568 0.005214 0.004882 0.004570 0.004277 0.004001 0.003743 0.003500 0.003272 0.003059 0.002859 0.002671 0.002495 0.002330 0.002175 0.002031 0.001895 0.001768 0.001650 0.001539 0.001435 0.001337 0.001247 0.001162 0.001082 0.001008 0.000939 0.000874 0.000814 0.000757 0.000705 0.000656 0.000610 0.000567 0.000527 0.000490 0.000456 0.000423 0.000393 0.000365 0.000339 0.000315 0.000292 0.000271 0.000252 0.000234 0.000217 0.000201 0.000187 0.000173 0.000160 0.000149 0.000138 0.000128
0.008245 0.007731 0.007247 0.006792 0.006364 0.005962 0.005584 0.005228 0.004894 0.004580 0.004285 0.004009 0.003749 0.003505 0.003276 0.003062 0.002861 0.002673 0.002496 0.002330 0.002175 0.002030 0.001894 0.001767 0.001648 0.001537 0.001433 0.001335 0.001244 0.001159 0.001080 0.001006 0.000936 0.000872 0.000811 0.000755 0.000702 0.000653 0.000607 0.000565 0.000525 0.000488 0.000453 0.000421 0.000391 0.000363 0.000337 0.000313 0.000291 0.000270 0.000250 0.000232 0.000215 0.000200 0.000185 0.000172 0.000159 0.000147 0.000137 0.000126
0.008277 0.007760 0.007273 0.006815 0.006385 0.005980 0.005599 0.005242 0.004906 0.004590 0.004294 0.004016 0.003755 0.003510 0.003281 0.003065 0.002863 0.002674 0.002497 0.002331 0.002175 0.002030 0.001894 0.001766 0.001647 0.001535 0.001431 0.001333 0.001242 0.001157 0.001078 0.001003 0.000934 0.000869 0.000809 0.000752 0.000700 0.000651 0.000605 0.000562 0.000523 0.000486 0.000451 0.000419 0.000389 0.000361 0.000335 0.000311 0.000289 0.000268 0.000248 0.000230 0.000214 0.000198 0.000184 0.000170 0.000158 0.000146 0.000135 0.000125
0.008310 0.007790 0.007300 0.006839 0.006405 0.005998 0.005615 0.005256 0.004918 0.004601 0.004303 0.004023 0.003761 0.003515 0.003285 0.003068 0.002866 0.002676 0.002498 0.002331 0.002175 0.002029 0.001893 0.001765 0.001645 0.001534 0.001429 0.001331 0.001240 0.001155 0.001075 0.001001 0.000931 0.000867 0.000806 0.000750 0.000697 0.000648 0.000602 0.000560 0.000520 0.000483 0.000449 0.000417 0.000387 0.000359 0.000333 0.000309 0.000287 0.000266 0.000247 0.000229 0.000212 0.000197 0.000182 0.000169 0.000156 0.000145 0.000134 0.000124
0.008344 0.007819 0.007326 0.006862 0.006426 0.006016 0.005631 0.005270 0.004930 0.004611 0.004312 0.004031 0.003768 0.003520 0.003289 0.003072 0.002868 0.002678 0.002499 0.002332 0.002175 0.002029 0.001892 0.001764 0.001644 0.001532 0.001427 0.001329 0.001238 0.001153 0.001073 0.000998 0.000929 0.000864 0.000804 0.000747 0.000695 0.000646 0.000600 0.000557 0.000518 0.000481 0.000447 0.000415 0.000385 0.000357 0.000331 0.000307 0.000285 0.000264 0.000245 0.000227 0.000210 0.000195 0.000181 0.000167 0.000155 0.000144 0.000133 0.000123
0.008377 0.007849 0.007353 0.006886 0.006447 0.006035 0.005648 0.005284 0.004942 0.004622 0.004321 0.004039 0.003774 0.003526 0.003293 0.003075 0.002871 0.002679 0.002500 0.002332 0.002175 0.002029 0.001891 0.001763 0.001643 0.001530 0.001425 0.001327 0.001236 0.001150 0.001070 0.000996 0.000926 0.000862 0.000801 0.000745 0.000692 0.000643 0.000598 0.000555 0.000515 0.000479 0.000444 0.000412 0.000383 0.000355 0.000329 0.000305 0.000283 0.000263 0.000243 0.000225 0.000209 0.000194 0.000179 0.000166 0.000154 0.000142 0.000132 0.000122
0.008411 0.007879 0.007380 0.006910 0.006468 0.006053 0.005664 0.005298 0.004955 0.004632 0.004330 0.004046 0.003780 0.003531 0.003297 0.003078 0.002873 0.002681 0.002501 0.002333 0.002175 0.002028 0.001890 0.001762 0.001641 0.001529 0.001423 0.001325 0.001234 0.001148 0.001068 0.000994 0.000924 0.000859 0.000799 0.000742 0.000690 0.000641 0.000595 0.000553 0.000513 0.000476 0.000442 0.000410 0.000381 0.000353 0.000327 0.000303 0.000281 0.000261 0.000242 0.000224 0.000207 0.000192 0.000178 0.000165 0.000152 0.000141 0.000130 0.000121
0.008445 0.007910 0.007407 0.006934 0.006490 0.006072 0.005680 0.005312 0.004967 0.004643 0.004339 0.004054 0.003787 0.003536 0.003301 0.003082 0.002876 0.002683 0.002502 0.002333 0.002175 0.002028 0.001890 0.001760 0.001640 0.001527 0.001422 0.001323 0.001231 0.001146 0.001066 0.000991 0.000921 0.000857 0.000796 0.000740 0.000687 0.000638 0.000593 0.000550 0.000511 0.000474 0.000440 0.000408 0.000378 0.000351 0.000325 0.000302 0.000279 0.000259 0.000240 0.000222 0.000206 0.000191 0.000176 0.000163 0.000151 0.000140 0.000129 0.000120
0.008480 0.007941 0.007434 0.006958 0.006511 0.006091 0.005697 0.005327 0.004980 0.004654 0.004348 0.004062 0.003793 0.003541 0.003306 0.003085 0.002878 0.002685 0.002503 0.002334 0.002175 0.002027 0.001889 0.001759 0.001638 0.001525 0.001420 0.001321 0.001229 0.001143 0.001063 0.000989 0.000919 0.000854 0.000794 0.000737 0.000685 0.000636 0.000590 0.000548 0.000508 0.000472 0.000438 0.000406 0.000376 0.000349 0.000323 0.000300 0.000278 0.000257 0.000238 0.000221 0.000204 0.000189 0.000175 0.000162 0.000150 0.000139 0.000128 0.000118
