avaframe/data/avaHelixChannel/Inputs/myDEM_HX_Topo.asc
nCols  1001
nRows  401
xllcorner  1000.00
yllcorner -5000.00
cellsize  5
nodata_value -9999.00
[rows 286 to 311 of 401, columns 420 to 479 of 1001]
36.301854 34.443567 32.619521 30.830873 29.078795 27.364482 25.689143 24.054007 22.460322 20.909350 19.402372 17.940686 16.525604 15.158456 13.840583 12.573346 11.358113 10.196271 9.089216 8.038355 7.045107 6.110901 5.237173 4.425369 3.676941 2.993344 2.376043 1.826500 1.346185 0.936566 0.599109 0.335282 0.146546 0.034361 0.000000 0.000000 0.000000 0.000000 0.000000 0.000000 0.000000 0.000000 0.000000 0.000000 0.000000 0.000000 0.000000 0.000000 0.000000 0.000000 0.000000 0.000000 0.000000 0.000000 0.000000 0.000000 0.000000 0.000000 0.000000 0.000000
37.634074 35.735933 33.871828 32.042932 30.250437 28.495555 26.779517 25.103571 23.468986 21.877047 20.329058 18.826340 17.370232 15.962087 14.603276 13.295184 12.039210 10.836768 9.689285 8.598200 7.564964 6.591037 5.677890 4.827002 4.039860 3.317957 2.662793 2.075868 1.558690 1.112765 0.739599 0.440700 0.217570 0.071709 0.004608 0.000000 0.000000 0.000000 0.000000 0.000000 0.000000 0.000000 0.000000 0.000000 0.000000 0.000000 0.000000 0.000000 0.000000 0.000000 0.000000 0.000000 0.000000 0.000000 0.000000 0.000000 0.000000 0.000000 0.000000 0.000000
39.006414 37.067870 35.163140 33.293414 31.459902 29.663835 27.906462 26.189055 24.512902 22.879312 21.289611 19.745146 18.247279 16.797391 15.396878 14.047155 12.749649 11.505804 10.317077 9.184939 8.110874 7.096374 6.142946 5.252104 4.425369 3.664274 2.970353 2.345147 1.790201 1.307063 0.897279 0.562397 0.303961 0.123513 0.022588 0.000000 0.000000 0.000000 0.000000 0.000000 0.000000 0.000000 0.000000 0.000000 0.000000 0.000000 0.000000 0.000000 0.000000 0.000000 0.000000 0.000000 0.000000 0.000000 0.000000 0.000000 0.000000 0.000000 0.000000 0.000000
40.419974 38.440477 36.494554 34.583411 32.708278 30.870403 29.071057 27.311531 25.593136 23.917202 22.285081 20.698143 19.157775 17.665386 16.222398 14.830255 13.490413 12.204347 10.973545 9.799510 8.683759 7.627819 6.633231 5.701544 4.834319 4.033124 3.299532 2.635124 2.041486 1.520204 1.072868 0.701067 0.406390 0.190420 0.054737 0.000916 0.000000 0.000000 0.000000 0.000000 0.000000 0.000000 0.000000 0.000000 0.000000 0.000000 0.000000 0.000000 0.000000 0.000000 0.000000 0.000000 0.000000 0.000000 0.000000 0.000000 0.000000 0.000000 0.000000 0.000000
41.875884 39.854882 37.867195 35.914047 33.996685 32.116376 30.274412 28.472104 26.710785 24.991809 23.316550 21.686404 20.102784 18.567125 17.080877 15.645513 14.262519 12.933401 11.659678 10.442886 9.284576 8.186310 7.149664 6.176226 5.267592 4.425369 3.651172 2.946620 2.313340 1.752961 1.267116 0.857437 0.525556 0.273104 0.101704 0.012977 0.000000 0.000000 0.000000 0.000000 0.000000 0.000000 0.000000 0.000000 0.000000 0.000000 0.000000 0.000000 0.000000 0.000000 0.000000 0.000000 0.000000 0.000000 0.000000 0.000000 0.000000 0.000000 0.000000 0.000000
43.375306 41.312247 39.282224 37.286478 35.326276 33.402903 31.517671 29.671912 27.866982 26.104257 24.385136 22.711038 21.083405 19.503697 17.973393 16.493995 15.067020 13.694004 12.376499 11.116075 9.914316 8.772822 7.693204 6.677086 5.726106 4.841908 4.026148 3.280487 2.606593 2.006141 1.480805 1.032263 0.662192 0.372269 0.164166 0.039548 0.000000 0.000000 0.000000 0.000000 0.000000 0.000000 0.000000 0.000000 0.000000 0.000000 0.000000 0.000000 0.000000 0.000000 0.000000 0.000000 0.000000 0.000000 0.000000 0.000000 0.000000 0.000000 0.000000 0.000000
44.919436 42.813765 40.740831 38.701895 36.698237 34.731167 32.802013 30.912129 29.062894 27.255707 25.491991 23.773191 22.100773 20.476227 18.901060 17.376803 15.905004 14.487230 13.125068 11.820121 10.574008 9.388365 8.264841 7.205098 6.210813 5.283671 4.425369 3.637612 2.922111 2.280582 1.714748 1.226333 0.817059 0.488651 0.242830 0.081310 0.005800 0.000000 0.000000 0.000000 0.000000 0.000000 0.000000 0.000000 0.000000 0.000000 0.000000 0.000000 0.000000 0.000000 0.000000 0.000000 0.000000 0.000000 0.000000 0.000000 0.000000 0.000000 0.000000 0.000000
46.509499 44.360663 42.244244 40.161521 38.113793 36.102386 34.128652 32.193966 30.299726 28.447357 26.638306 24.874043 23.156062 21.485878 19.865030 18.295076 16.777598 15.314194 13.906485 12.556108 11.264718 10.033988 8.865605 7.761272 6.722703 5.751628 4.849784 4.018919 3.260791 2.577160 1.969796 1.440470 0.990953 0.623018 0.338435 0.138971 0.026385 0.000000 0.000000 0.000000 0.000000 0.000000 0.000000 0.000000 0.000000 0.000000 0.000000 0.000000 0.000000 0.000000 0.000000 0.000000 0.000000 0.000000 0.000000 0.000000 0.000000 0.000000 0.000000 0.000000
48.146759 45.954203 43.793724 41.666616 39.574199 37.517817 35.498841 33.518669 31.578720 29.680443 27.825310 26.014816 24.250482 22.533852 20.866493 19.249994 17.685969 16.176048 14.721887 13.325157 11.987552 10.710779 9.496567 8.346657 7.262806 6.246785 5.300375 4.425369 3.623570 2.896786 2.246834 1.675532 1.184703 0.776171 0.451755 0.213275 0.062543 0.001365 0.000000 0.000000 0.000000 0.000000 0.000000 0.000000 0.000000 0.000000 0.000000 0.000000 0.000000 0.000000 0.000000 0.000000 0.000000 0.000000 0.000000 0.000000 0.000000 0.000000 0.000000 0.000000
49.832512 47.595682 45.390568 43.218479 41.080752 38.978752 36.913870 34.887523 32.901156 30.956240 29.054270 27.196769 25.385285 23.621390 21.906681 20.242777 18.631324 17.073986 15.572453 14.128433 12.743655 11.419867 10.158835 8.962343 7.832190 6.770189 5.778167 4.857963 4.011424 3.240410 2.546783 1.932415 1.399178 0.948947 0.583596 0.304998 0.115020 0.015521 0.000000 0.000000 0.000000 0.000000 0.000000 0.000000 0.000000 0.000000 0.000000 0.000000 0.000000 0.000000 0.000000 0.000000 0.000000 0.000000 0.000000 0.000000 0.000000 0.000000 0.000000 0.000000
51.568090 49.286436 47.036110 44.818441 42.634784 40.486522 38.375065 36.301854 34.268355 32.276061 30.326496 28.421205 26.561766 24.749777 22.986867 21.274687 19.614912 18.009244 16.459404 14.967140 13.534216 12.162422 10.853562 9.609463 8.431967 7.322930 6.284226 5.317740 4.425369 3.609020 2.870607 2.212052 1.635281 1.142221 0.734803 0.414953 0.184595 0.045645 0.000000 0.000000 0.000000 0.000000 0.000000 0.000000 0.000000 0.000000 0.000000 0.000000 0.000000 0.000000 0.000000 0.000000 0.000000 0.000000 0.000000 0.000000 0.000000 0.000000 0.000000 0.000000
53.354862 51.027833 48.731724 46.467877 44.237668 42.042498 39.883798 37.763028 35.681678 33.641266 31.643337 29.689468 27.781259 25.920340 24.108369 22.347028 20.638028 18.983101 17.384007 15.842528 14.360470 12.939660 11.581944 10.289193 9.063290 7.906139 6.819660 5.805786 4.866463 4.003648 3.219308 2.515418 1.893956 1.356908 0.906257 0.543989 0.272084 0.092520 0.007264 0.000000 0.000000 0.000000 0.000000 0.000000 0.000000 0.000000 0.000000 0.000000 0.000000 0.000000 0.000000 0.000000 0.000000 0.000000 0.000000 0.000000 0.000000 0.000000 0.000000 0.000000
55.194236 52.821285 50.478819 48.168199 45.890816 43.648092 41.441476 39.272452 37.142530 35.053252 33.006190 31.002944 29.045144 27.134450 25.272548 23.461154 21.702009 19.996884 18.347572 16.755894 15.223695 13.752841 12.345224 11.002753 9.727360 8.520994 7.385623 6.323229 5.335808 4.425369 3.593934 2.843529 2.176192 1.593961 1.098881 0.692995 0.378344 0.156965 0.030888 0.000000 0.000000 0.000000 0.000000 0.000000 0.000000 0.000000 0.000000 0.000000 0.000000 0.000000 0.000000 0.000000 0.000000 0.000000 0.000000 0.000000 0.000000 0.000000 0.000000 0.000000
57.087656 54.668238 52.278847 49.920859 47.595682 45.304757 43.049554 40.831577 38.652358 36.513465 34.416492 32.363067 30.354849 28.393525 26.480813 24.618460 22.808243 21.051965 19.351458 17.708581 16.125217 14.603276 13.144690 11.751414 10.425425 9.168720 7.983315 6.871243 5.834552 4.875304 3.995575 3.197448 2.483017 1.854380 1.313640 0.862902 0.504268 0.239839 0.071709 0.001961 0.000000 0.000000 0.000000 0.000000 0.000000 0.000000 0.000000 0.000000 0.000000 0.000000 0.000000 0.000000 0.000000 0.000000 0.000000 0.000000 0.000000 0.000000 0.000000 0.000000
59.036607 56.570184 54.133301 51.727352 49.353762 47.013991 44.709528 42.441898 40.212656 38.023393 35.875728 33.771317 31.711845 29.699029 27.734619 25.820393 23.958163 22.149767 20.397074 18.701982 17.066414 15.492322 13.981681 12.536493 11.158781 9.850590 8.613985 7.451052 6.363891 5.354620 4.425369 3.578281 2.815507 2.139206 1.551542 1.054683 0.650795 0.342043 0.130587 0.018579 0.000000 0.000000 0.000000 0.000000 0.000000 0.000000 0.000000 0.000000 0.000000 0.000000 0.000000 0.000000 0.000000 0.000000 0.000000 0.000000 0.000000 0.000000 0.000000 0.000000
61.042615 58.528650 56.043714 53.589215 51.166596 48.777334 46.422939 44.104956 41.824963 39.584573 37.385432 35.229221 33.117654 31.052478 29.035472 27.068449 25.153254 23.291761 21.485878 19.737540 18.048712 16.421389 14.857590 13.359362 11.928777 10.567928 9.278934 8.063930 6.925073 5.864536 4.884506 3.987186 3.174787 2.449530 1.813643 1.269357 0.818906 0.464521 0.208430 0.052853 0.000003 0.000000 0.000000 0.000000 0.000000 0.000000 0.000000 0.000000 0.000000 0.000000 0.000000 0.000000 0.000000 0.000000 0.000000 0.000000 0.000000 0.000000 0.000000 0.000000
63.107246 60.545210 58.011663 55.508029 53.035768 50.596373 48.191375 45.822339 43.490865 41.198590 38.947185 36.738358 34.573849 32.455437 30.384931 28.364177 26.395054 24.479475 22.619382 20.816752 19.073593 17.391940 15.773859 14.221444 12.736814 11.322115 9.979514 8.711205 7.519397 6.406321 5.374225 4.425369 3.562030 2.786491 2.101045 1.507991 1.009629 0.608261 0.306184 0.105691 0.009066 0.000000 0.000000 0.000000 0.000000 0.000000 0.000000 0.000000 0.000000 0.000000 0.000000 0.000000 0.000000 0.000000 0.000000 0.000000 0.000000 0.000000 0.000000 0.000000
65.232109 62.621480 60.038771 57.485422 54.962908 52.472741 50.016471 47.595682 45.211999 42.867079 40.562620 38.300355 36.082054 33.909523 31.784604 29.709177 27.685155 25.714486 23.799153 21.941172 20.142593 18.405494 16.731989 15.124218 13.584350 12.114582 10.717136 9.394258 8.148216 6.981301 5.895818 4.894093 3.978463 3.151281 2.414904 1.771701 1.224042 0.774300 0.424846 0.178047 0.036259 0.000000 0.000000 0.000000 0.000000 0.000000 0.000000 0.000000 0.000000 0.000000 0.000000 0.000000 0.000000 0.000000 0.000000 0.000000 0.000000 0.000000 0.000000 0.000000
67.418856 64.759118 62.126703 59.523064 56.949693 54.408119 51.899911 49.426673 46.990051 44.591726 42.233421 39.916895 37.643945 35.416408 33.236158 31.105107 29.025203 26.998432 25.026815 23.112409 21.257305 19.463629 17.733538 16.069222 14.472901 12.946823 11.493265 10.114530 8.812943 7.590855 6.450636 5.394672 4.425369 3.545145 2.756428 2.061657 1.463274 0.963727 0.565462 0.270920 0.082539 0.002743 0.000000 0.000000 0.000000 0.000000 0.000000 0.000000 0.000000 0.000000 0.000000 0.000000 0.000000 0.000000 0.000000 0.000000 0.000000 0.000000 0.000000 0.000000
69.669183 66.959831 64.277172 61.622676 58.997849 56.404238 53.843429 51.317048 48.826760 46.374271 43.961327 41.589713 39.261256 36.977821 34.741315 32.553681 30.416905 28.333007 26.304050 24.332131 22.419385 20.567981 18.780124 17.058055 15.404042 13.820390 12.309429 10.873520 9.515049 8.236427 7.040087 5.928484 4.904088 3.969387 3.126882 2.379083 1.728509 1.177683 0.729127 0.385364 0.148910 0.022273 0.000000 0.000000 0.000000 0.000000 0.000000 0.000000 0.000000 0.000000 0.000000 0.000000 0.000000 0.000000 0.000000 0.000000 0.000000 0.000000 0.000000 0.000000
71.984833 69.225369 66.491939 63.786026 61.109152 58.462879 55.848812 53.268596 50.723918 48.216506 45.748130 43.320602 40.935777 38.595548 36.301854 34.056673 31.862024 29.719968 27.632603 25.602070 23.630546 21.720248 19.873429 18.092376 16.379413 14.736898 13.167218 11.672792 10.256067 8.919518 7.665643 6.496963 5.416019 4.425369 3.527589 2.725263 2.020987 1.417362 0.916993 0.522483 0.236431 0.061430 0.000059 0.000000 0.000000 0.000000 0.000000 0.000000 0.000000 0.000000 0.000000 0.000000 0.000000 0.000000 0.000000 0.000000 0.000000 0.000000 0.000000 0.000000
74.367593 71.557531 68.772812 66.014931 63.285426 60.585874 57.917898 55.283162 52.683373 50.120281 47.595682 45.111413 42.669356 40.271434 37.919618 35.615918 33.362390 31.161131 29.014280 26.924020 24.892571 22.922196 21.015197 19.173912 17.400719 15.698028 14.068287 12.513973 11.037597 9.641697 8.328838 7.101610 5.962626 4.914518 3.959935 3.101540 2.342008 1.684022 1.130269 0.683437 0.346212 0.121274 0.011291 0.000000 0.000000 0.000000 0.000000 0.000000 0.000000 0.000000 0.000000 0.000000 0.000000 0.000000 0.000000 0.000000 0.000000 0.000000 0.000000 0.000000
76.819298 73.958164 71.121649 68.311260 65.528549 62.775109 60.052579 57.362643 54.707027 52.087504 49.505893 46.964056 44.463902 42.007387 39.596509 37.233314 34.919893 32.658380 30.450955 28.299841 26.207305 24.175655 22.207243 20.304458 18.469731 16.705530 15.014360 13.398762 11.861307 10.404600 9.031276 7.743994 6.545441 5.438324 4.425369 3.509321 2.692935 1.978978 1.370224 0.869447 0.479423 0.202923 0.042707 0.000000 0.000000 0.000000 0.000000 0.000000 0.000000 0.000000 0.000000 0.000000 0.000000 0.000000 0.000000 0.000000 0.000000 0.000000 0.000000 0.000000
79.341831 76.429165 73.540360 70.676934 67.840452 65.032525 62.254805 59.508995 56.796842 54.120140 51.480730 48.880501 46.321389 43.805377 41.334496 38.910826 36.536491 34.213665 31.944567 29.731463 27.576665 25.482527 23.451450 21.485878 19.588294 17.761225 16.007234 14.328925 12.728934 11.209935 9.774630 8.425752 7.166064 5.998348 4.925412 3.950082 3.075198 2.303614 1.638191 1.081795 0.637295 0.307553 0.095428 0.003763 0.000000 0.000000 0.000000 0.000000 0.000000 0.000000 0.000000 0.000000 0.000000 0.000000 0.000000 0.000000 0.000000 0.000000 0.000000 0.000000
81.937125 78.972481 76.030904 73.113925 70.223121 67.360116 64.526581 61.724233 58.954840 56.220217 53.522227 50.862784 48.243851 45.667441 43.135614 40.650484 38.214211 35.829006 33.497129 31.220888 29.002639 26.844785 24.749777 22.720111 20.758327 18.867007 17.048779 15.306306 13.642294 12.059483 10.560648 9.148597 7.826167 6.596223 5.461654 4.425369 3.490297 2.659380 1.935571 1.321830 0.821120 0.436404 0.170636 0.026763 0.000000 0.000000 0.000000 0.000000 0.000000 0.000000 0.000000 0.000000 0.000000 0.000000 0.000000 0.000000 0.000000 0.000000 0.000000 0.000000
84.607163 81.590110 78.595296 75.624262 72.678597 69.759938 66.869971 64.010431 61.183103 58.389824 55.632478 52.913005 50.233393 47.595682 45.001967 42.454391 39.955151 37.506496 35.110725 32.770189 30.487290 28.264479 26.104257 24.009173 21.981823 20.024850 18.140941 16.332826 14.603276 12.955103 11.391155 9.914316 8.527502 7.233659 6.035761 4.936803 3.939804 3.047799 2.263835 1.590968 1.032263 0.590780 0.269578 0.071709 0.000206 0.000000 0.000000 0.000000 0.000000 0.000000 0.000000 0.000000 0.000000 0.000000 0.000000 0.000000 0.000000 0.000000 0.000000 0.000000
