avaframe/data/avaHelixChannel/Inputs/myDEM_HX_Topo.asc
nCols  1001
nRows  401
xllcorner  1000.00
yllcorner -5000.00
cellsize  5
nodata_value -9999.00
[rows 156 to 181 of 401, columns 360 to 419 of 1001]
4.927171 4.492935 4.074791 3.672192 3.284643 2.911699 2.552957 2.208055 1.876671 1.558517 1.253339 0.960911 0.681039 0.413555 0.158315 -0.084800 -0.315887 -0.535021 -0.742260 -0.937640 -1.121181 -1.292886 -1.452742 -1.600722 -1.736785 -1.860876 -1.972927 -2.072861 -2.160587 -2.236005 -2.299006 -2.349470 -2.387270 -2.412271 -2.424329 -2.423295 -2.409013 -2.381319 -2.340048 -2.285025 -2.216074 -2.133012 -2.040038 -1.949421 -1.861863 -1.777320 -1.695740 -1.617072 -1.541262 -1.468252 -1.397985 -1.330400 -1.265436 -1.203031 -1.143121 -1.085642 -1.030529 -0.977717 -0.927142 -0.878737
4.950212 4.519023 4.103489 3.703094 3.317368 2.945887 2.588270 2.244175 1.913297 1.595361 1.290129 0.997389 0.716957 0.448678 0.192417 -0.051933 -0.284462 -0.505235 -0.714301 -0.911688 -1.097409 -1.271460 -1.433820 -1.584455 -1.723317 -1.850344 -1.965463 -2.068589 -2.159626 -2.238467 -2.304996 -2.359090 -2.400613 -2.429425 -2.445376 -2.448313 -2.438071 -2.414484 -2.377377 -2.326573 -2.261889 -2.183137 -2.090934 -1.997670 -1.907579 -1.820610 -1.736711 -1.655825 -1.577896 -1.502863 -1.430664 -1.361237 -1.294517 -1.230439 -1.168936 -1.109942 -1.053389 -0.999208 -0.947333 -0.897694
4.978596 4.550240 4.137127 3.738766 3.354711 2.984559 2.627947 2.284550 1.954077 1.636271 1.330903 1.037775 0.756715 0.487576 0.230235 -0.015408 -0.249431 -0.471894 -0.682836 -0.882278 -1.070226 -1.246667 -1.411575 -1.564909 -1.706614 -1.836622 -1.954853 -2.061216 -2.155608 -2.237918 -2.308023 -2.365793 -2.411087 -2.443760 -2.463655 -2.470613 -2.464465 -2.445037 -2.412150 -2.365621 -2.305260 -2.230876 -2.142271 -2.046423 -1.953767 -1.864343 -1.778096 -1.694965 -1.614890 -1.537808 -1.463655 -1.392363 -1.323866 -1.258095 -1.194980 -1.134452 -1.076441 -1.020875 -0.967685 -0.916798
5.012154 4.586442 4.175582 3.779106 3.396589 3.027646 2.671932 2.329136 1.998982 1.681225 1.375648 1.082065 0.800314 0.530257 0.271781 0.024795 -0.210773 -0.434972 -0.647835 -0.849376 -1.039593 -1.218468 -1.385967 -1.542041 -1.686631 -1.819662 -1.941048 -2.050691 -2.148484 -2.234307 -2.308033 -2.369526 -2.418640 -2.455221 -2.479111 -2.490141 -2.488138 -2.472922 -2.444310 -2.402112 -2.346132 -2.276173 -2.192033 -2.095684 -2.000431 -1.908522 -1.819897 -1.734493 -1.652247 -1.573091 -1.496958 -1.423779 -1.353483 -1.285998 -1.221252 -1.159172 -1.099685 -1.042718 -0.988196 -0.936047
5.050748 4.627513 4.218759 3.824037 3.442940 3.075101 2.720189 2.377907 2.047994 1.730214 1.424363 1.130265 0.847766 0.576738 0.317078 0.068701 -0.168455 -0.394434 -0.609260 -0.812942 -1.005469 -1.186817 -1.356946 -1.515802 -1.663318 -1.799412 -1.923994 -2.036960 -2.138196 -2.227577 -2.304969 -2.370231 -2.423211 -2.463751 -2.491683 -2.506837 -2.509031 -2.498083 -2.473799 -2.435987 -2.384445 -2.318971 -2.239355 -2.145457 -2.047576 -1.953151 -1.862118 -1.774413 -1.689967 -1.608711 -1.530575 -1.455485 -1.383367 -1.314147 -1.247750 -1.184100 -1.123120 -1.064735 -1.008867 -0.955440
5.094267 4.673364 4.266585 3.873499 3.493718 3.126888 2.772693 2.430850 2.101106 1.783240 1.477056 1.182387 0.899090 0.627045 0.366155 0.116345 -0.122442 -0.350241 -0.567070 -0.772930 -0.967805 -1.151665 -1.324463 -1.486138 -1.636618 -1.775816 -1.903635 -2.019965 -2.124685 -2.217667 -2.298770 -2.367847 -2.424740 -2.469286 -2.501312 -2.520639 -2.527084 -2.520455 -2.500556 -2.467186 -2.420140 -2.359208 -2.284177 -2.194830 -2.095203 -1.998230 -1.904760 -1.814724 -1.728052 -1.644670 -1.564505 -1.487480 -1.413518 -1.342543 -1.274474 -1.209234 -1.146743 -1.086923 -1.029692 -0.974974
5.142628 4.723926 4.319005 3.927453 3.548893 3.182989 2.829436 2.487962 2.158326 1.840316 1.533746 1.238458 0.954316 0.681210 0.419049 0.167766 -0.072689 -0.302345 -0.521214 -0.729289 -0.926549 -1.112956 -1.288459 -1.452991 -1.606473 -1.748813 -1.879908 -1.999642 -2.107889 -2.204515 -2.289373 -2.362310 -2.423163 -2.471762 -2.507931 -2.531484 -2.542230 -2.539975 -2.524515 -2.495645 -2.453152 -2.396823 -2.326437 -2.241773 -2.143315 -2.043761 -1.947822 -1.855427 -1.766500 -1.680965 -1.598746 -1.519762 -1.443934 -1.371181 -1.301421 -1.234572 -1.170552 -1.109279 -1.050670 -0.994645
5.195766 4.779149 4.375984 3.985872 3.608452 3.243399 2.890420 2.549254 2.219669 1.901464 1.594460 1.298509 1.013481 0.739274 0.475804 0.223011 -0.019148 -0.250695 -0.471637 -0.681961 -0.881640 -1.070630 -1.248873 -1.416297 -1.572818 -1.718338 -1.852747 -1.975925 -2.087740 -2.188051 -2.276708 -2.353550 -2.418410 -2.471111 -2.511472 -2.539301 -2.554402 -2.556575 -2.545610 -2.521296 -2.483415 -2.431748 -2.366069 -2.286150 -2.191760 -2.089743 -1.991305 -1.896520 -1.805310 -1.717595 -1.633296 -1.552329 -1.474611 -1.400058 -1.328586 -1.260109 -1.194542 -1.131799 -1.071797 -1.014449
5.253638 4.839004 4.437502 4.048748 3.672394 3.308125 2.955659 2.614746 2.285163 1.966716 1.659236 1.362580 1.076628 0.801284 0.536471 0.282135 0.038240 -0.195232 -0.418280 -0.630885 -0.833015 -1.024621 -1.205638 -1.375989 -1.535585 -1.684321 -1.822082 -1.948743 -2.064167 -2.168206 -2.260704 -2.341496 -2.410409 -2.467261 -2.511863 -2.544019 -2.563529 -2.570183 -2.563769 -2.544069 -2.510860 -2.463915 -2.403004 -2.327894 -2.238348 -2.136175 -2.035205 -1.938000 -1.844478 -1.754557 -1.668151 -1.585177 -1.505546 -1.429172 -1.355966 -1.285841 -1.218709 -1.154480 -1.093067 -1.034382
5.316218 4.903475 4.503555 4.116086 3.740731 3.377186 3.025180 2.684470 2.354843 2.036112 1.728117 1.430721 1.143811 0.867296 0.601109 0.345198 0.099535 -0.135891 -0.361075 -0.575993 -0.780606 -0.974859 -1.158683 -1.331995 -1.494699 -1.646688 -1.787839 -1.918022 -2.037093 -2.144902 -2.241285 -2.326073 -2.399085 -2.460135 -2.509029 -2.545564 -2.569534 -2.580726 -2.578919 -2.563891 -2.535413 -2.493252 -2.437173 -2.366936 -2.282298 -2.183052 -2.079519 -1.979863 -1.884001 -1.791844 -1.703307 -1.618300 -1.536733 -1.458515 -1.383556 -1.311763 -1.243047 -1.177314 -1.114474 -1.054437
5.383498 4.972563 4.574151 4.187901 3.813486 3.450613 3.099017 2.758467 2.428755 2.109703 1.801157 1.502987 1.215087 0.937373 0.669780 0.412267 0.164807 -0.072603 -0.299952 -0.517211 -0.724336 -0.921267 -1.107930 -1.284236 -1.450084 -1.605360 -1.749938 -1.883681 -2.006441 -2.118060 -2.218372 -2.307200 -2.384358 -2.449655 -2.502890 -2.543856 -2.572341 -2.588125 -2.590983 -2.580685 -2.556999 -2.519684 -2.468500 -2.403201 -2.323538 -2.229262 -2.124242 -2.022105 -1.923872 -1.829453 -1.738757 -1.651692 -1.568165 -1.488082 -1.411348 -1.337868 -1.267549 -1.200295 -1.136013 -1.074608
5.455482 5.046283 4.649313 4.264223 3.890696 3.528445 3.177218 2.836787 2.506954 2.187546 1.878418 1.579444 1.290525 1.011582 0.742558 0.483414 0.234132 -0.005289 -0.234831 -0.454460 -0.664127 -0.863766 -1.053298 -1.232630 -1.401655 -1.560254 -1.708295 -1.845636 -1.972125 -2.087597 -2.191880 -2.284793 -2.366144 -2.435737 -2.493364 -2.538814 -2.571867 -2.592299 -2.599879 -2.594372 -2.575538 -2.543133 -2.496908 -2.436613 -2.361994 -2.272793 -2.169368 -2.064718 -1.964085 -1.867375 -1.774494 -1.685347 -1.599836 -1.517864 -1.439334 -1.364148 -1.292208 -1.223416 -1.157675 -1.094888
5.532193 5.124663 4.729077 4.345094 3.972406 3.610735 3.259836 2.919489 2.589501 2.269708 1.959968 1.660163 1.370199 1.090002 0.819520 0.558720 0.307589 0.066132 -0.165629 -0.387655 -0.599891 -0.802268 -0.994701 -1.177090 -1.349325 -1.511281 -1.662822 -1.803800 -1.934056 -2.053423 -2.161721 -2.258764 -2.344356 -2.418293 -2.480363 -2.530349 -2.568026 -2.593163 -2.605524 -2.604868 -2.590948 -2.563516 -2.522316 -2.467093 -2.397585 -2.313531 -2.214665 -2.107694 -2.004631 -1.905602 -1.810510 -1.719254 -1.631736 -1.547854 -1.467507 -1.390594 -1.317014 -1.246667 -1.179451 -1.115267
5.613664 5.207744 4.813488 4.430564 4.058673 3.697545 3.346938 3.006642 2.676471 2.356263 2.045885 1.745223 1.454189 1.172714 0.900751 0.638271 0.385268 0.141750 -0.092256 -0.316705 -0.531539 -0.736682 -0.932044 -1.117523 -1.293001 -1.458349 -1.613426 -1.758078 -1.892142 -2.015445 -2.127802 -2.229021 -2.318901 -2.397232 -2.463797 -2.518373 -2.560729 -2.590628 -2.607829 -2.612085 -2.603143 -2.580748 -2.544640 -2.494556 -2.430230 -2.351394 -2.257775 -2.151022 -2.045499 -1.944123 -1.846793 -1.753404 -1.663854 -1.578039 -1.495855 -1.417196 -1.341958 -1.270038 -1.201332 -1.135736
5.699943 5.295579 4.902605 4.520699 4.149566 3.788944 3.438599 3.098325 2.767942 2.447295 2.136254 1.834713 1.542586 1.259810 0.986343 0.722161 0.467262 0.221659 -0.014616 -0.241514 -0.458972 -0.666909 -0.865231 -1.053830 -1.232584 -1.401359 -1.560007 -1.708372 -1.846285 -1.973566 -2.090026 -2.195467 -2.289683 -2.372458 -2.443570 -2.502790 -2.549881 -2.584601 -2.606703 -2.615932 -2.612032 -2.594741 -2.563792 -2.518917 -2.459844 -2.386298 -2.298001 -2.194691 -2.086679 -1.982927 -1.883331 -1.787784 -1.696179 -1.608409 -1.524366 -1.443942 -1.367028 -1.293518 -1.223305 -1.156283
5.791089 5.388233 4.996500 4.615571 4.245162 3.885015 3.534902 3.194623 2.864004 2.542894 2.231169 1.928726 1.635485 1.351387 1.076395 0.810490 0.553673 0.305962 0.067393 -0.161979 -0.382087 -0.592846 -0.794157 -0.985907 -1.167970 -1.340206 -1.502463 -1.654579 -1.796380 -1.927681 -2.048289 -2.157999 -2.256600 -2.343870 -2.419582 -2.483501 -2.535385 -2.574985 -2.602048 -2.616315 -2.617522 -2.605401 -2.579680 -2.540085 -2.486337 -2.418155 -2.335256 -2.237355 -2.128154 -2.021999 -1.920111 -1.822380 -1.728697 -1.638950 -1.553027 -1.470818 -1.392210 -1.317094 -1.245359 -1.176896
5.887176 5.485784 5.095251 4.715266 4.345548 3.985848 3.635941 3.295634 2.964756 2.643161 2.330731 2.027366 1.732991 1.447551 1.171014 0.903364 0.644608 0.394766 0.153881 -0.077990 -0.300775 -0.514383 -0.718713 -0.913645 -1.099049 -1.274780 -1.440683 -1.596589 -1.742320 -1.877684 -2.002484 -2.116511 -2.219545 -2.311363 -2.391729 -2.460402 -2.517136 -2.561677 -2.593763 -2.613132 -2.619512 -2.612630 -2.592208 -2.557965 -2.509616 -2.446873 -2.369449 -2.277051 -2.169911 -2.061323 -1.957116 -1.857178 -1.761392 -1.669646 -1.581823 -1.497810 -1.417491 -1.340752 -1.267480 -1.197561
5.988288 5.588321 5.198953 4.819879 4.450825 4.091544 3.741820 3.401462 3.070303 2.748205 2.435049 2.130744 1.835216 1.548416 1.270314 1.000900 0.740182 0.488189 0.244964 0.010569 -0.214918 -0.431404 -0.638781 -0.836927 -1.025705 -1.204967 -1.374553 -1.534288 -1.683989 -1.823461 -1.952499 -2.070889 -2.178408 -2.274825 -2.359899 -2.433385 -2.495029 -2.544570 -2.581744 -2.606280 -2.617901 -2.616328 -2.601276 -2.572458 -2.529583 -2.472357 -2.400486 -2.313672 -2.211616 -2.100881 -1.994330 -1.892158 -1.794247 -1.700479 -1.610737 -1.524900 -1.442852 -1.364474 -1.289650 -1.218263
6.094522 5.695944 5.307708 4.929517 4.561099 4.202215 3.852651 3.512221 3.180763 2.858142 2.544244 2.238980 1.942281 1.654102 1.374416 1.103218 0.840519 0.586352 0.340764 0.103821 -0.124394 -0.343785 -0.554239 -0.755629 -0.947816 -1.130645 -1.303950 -1.467554 -1.621267 -1.764890 -1.898213 -2.021016 -2.133071 -2.234140 -2.323979 -2.402335 -2.468948 -2.523554 -2.565880 -2.595650 -2.612581 -2.616387 -2.606778 -2.583460 -2.546136 -2.494507 -2.428269 -2.347120 -2.250755 -2.140653 -2.031731 -1.927301 -1.827242 -1.731432 -1.639749 -1.552071 -1.468277 -1.388244 -1.311853 -1.238984
6.205988 5.808765 5.421632 5.044296 4.676491 4.317981 3.968557 3.628036 3.296261 2.973100 2.658442 2.352201 2.054315 1.764739 1.483451 1.210449 0.945749 0.689386 0.441412 0.201897 -0.029073 -0.251396 -0.464957 -0.669624 -0.865252 -1.051683 -1.228747 -1.396260 -1.554029 -1.701848 -1.839503 -1.966769 -2.083411 -2.189188 -2.283847 -2.367132 -2.438777 -2.498511 -2.546055 -2.581127 -2.603438 -2.612697 -2.608605 -2.590864 -2.559170 -2.513217 -2.452695 -2.377296 -2.286706 -2.180616 -2.069296 -1.962584 -1.860354 -1.762481 -1.668838 -1.579301 -1.493744 -1.412041 -1.334069 -1.259706
6.322807 5.926908 5.540851 5.164346 4.797131 4.438975 4.089672 3.749042 3.416932 3.093213 2.777779 2.470547 2.171455 1.880465 1.597557 1.322732 1.056010 0.797430 0.547047 0.304935 0.071184 -0.154101 -0.370799 -0.578774 -0.777878 -0.967948 -1.148809 -1.320272 -1.482140 -1.634202 -1.776237 -1.908016 -2.029299 -2.139839 -2.239377 -2.327652 -2.404391 -2.469317 -2.522147 -2.562591 -2.590355 -2.605140 -2.606643 -2.594557 -2.568573 -2.528378 -2.473656 -2.404092 -2.319366 -2.219160 -2.107001 -1.997983 -1.893560 -1.793603 -1.697981 -1.606567 -1.519230 -1.435843 -1.356277 -1.280406
6.445113 6.050510 5.665503 5.289805 4.923160 4.565338 4.216137 3.875382 3.542921 3.218629 2.902402 2.594161 2.293848 2.001427 1.716880 1.440214 1.171450 0.910630 0.657815 0.413082 0.176523 -0.051752 -0.271618 -0.482936 -0.685551 -0.879297 -1.063994 -1.239450 -1.405461 -1.561812 -1.708278 -1.844622 -1.970600 -2.085959 -2.190436 -2.283762 -2.365660 -2.435846 -2.494031 -2.539918 -2.573208 -2.593595 -2.600770 -2.594420 -2.574228 -2.539875 -2.491040 -2.427398 -2.348626 -2.254396 -2.144817 -2.033469 -1.926832 -1.824770 -1.727152 -1.633843 -1.544712 -1.459625 -1.378452 -1.301063
6.573052 6.179718 5.795737 5.420825 5.054730 4.697224 4.348109 4.007211 3.674384 3.349503 3.032468 2.723203 2.421651 2.127781 1.841578 1.563050 1.292223 1.029143 0.773872 0.526490 0.287096 0.055802 -0.167263 -0.381956 -0.588118 -0.785579 -0.974154 -1.153645 -1.323845 -1.484533 -1.635479 -1.776442 -1.907171 -2.027408 -2.136884 -2.235325 -2.322448 -2.397962 -2.461572 -2.512976 -2.551867 -2.577935 -2.590862 -2.590329 -2.576014 -2.547589 -2.504728 -2.447100 -2.374372 -2.286212 -2.182286 -2.069013 -1.960139 -1.855954 -1.756321 -1.661102 -1.570161 -1.483361 -1.400569 -1.321650
6.706783 6.314694 5.931716 5.557570 5.192005 4.834797 4.485751 4.144696 3.811486 3.486001 3.168142 2.857836 2.555030 2.259693 1.971816 1.691407 1.418496 1.153132 0.895381 0.645326 0.403068 0.168725 -0.057572 -0.275675 -0.485421 -0.686636 -0.879129 -1.062701 -1.237136 -1.402211 -1.557689 -1.703325 -1.838863 -1.964037 -2.078575 -2.182196 -2.274610 -2.355522 -2.424630 -2.481626 -2.526197 -2.558024 -2.576785 -2.582155 -2.573802 -2.551394 -2.514598 -2.463074 -2.396485 -2.314491 -2.216751 -2.104579 -1.993449 -1.887122 -1.785456 -1.688311 -1.595545 -1.507021 -1.422598 -1.342139
6.846480 6.455611 6.073614 5.700214 5.335161 4.978235 4.629242 4.288013 3.954405 3.628300 3.309602 2.998239 2.694162 2.397341 2.107769 1.825459 1.550443 1.282772 1.022515 0.769760 0.524610 0.287186 0.057625 -0.163923 -0.377292 -0.582300 -0.778756 -0.966453 -1.145172 -1.314684 -1.474748 -1.625113 -1.765517 -1.895691 -2.015355 -2.124222 -2.221998 -2.308380 -2.383060 -2.445725 -2.496054 -2.533723 -2.558402 -2.569760 -2.567458 -2.551158 -2.520519 -2.475195 -2.414841 -2.339110 -2.247656 -2.140128 -2.026724 -1.918236 -1.814522 -1.715436 -1.620833 -1.530571 -1.444506 -1.362498
6.992329 6.602656 6.221620 5.848946 5.484387 5.127726 4.778769 4.437351 4.103330 3.776589 3.457036 3.144601 2.839234 2.540911 2.249626 1.965394 1.688250 1.418248 1.155460 0.899976 0.651904 0.411368 0.178507 -0.046523 -0.263552 -0.472397 -0.672858 -0.864727 -1.047780 -1.221781 -1.386486 -1.541637 -1.686969 -1.822205 -1.947061 -2.061243 -2.164451 -2.256378 -2.336707 -2.405120 -2.461289 -2.504883 -2.535567 -2.553001 -2.556842 -2.546743 -2.522355 -2.483328 -2.429308 -2.359942 -2.274875 -2.173751 -2.059923 -1.949258 -1.843480 -1.742438 -1.645986 -1.553975 -1.466260 -1.382694
