avaframe/data/avaHelixChannel/Inputs/myDEM_HX_Topo.asc
nCols  1001
nRows  401
xllcorner  1000.00
yllcorner -5000.00
cellsize  5
nodata_value -9999.00
[rows 312 to 337 of 401, columns 60 to 119 of 1001]
692.079301 691.459891 690.838046 690.213753 689.586998 688.957765 688.326042 687.691814 687.055066 686.415784 685.773953 685.129558 684.482584 683.833017 683.180841 682.526041 681.868602 681.208508 680.545743 679.880293 679.212140 678.541270 677.867665 677.191311 676.512190 675.830287 675.145584 674.458065 673.767713 673.074512 672.378443 671.679491 670.977637 670.272865 669.565156 668.854494 668.140859 667.424235 666.704602 665.981943 665.256240 664.527473 663.795624 663.060675 662.322606 661.581398 660.837031 660.089488 659.338746 658.584789 657.827594 657.067142 656.303413 655.536387 654.766043 653.992361 653.215319 652.434896 651.651072 650.863825
695.143761 694.529415 693.912648 693.293447 692.671797 692.047686 691.421097 690.792018 690.160433 689.526328 688.889688 688.250499 687.608746 686.964414 686.317487 685.667951 685.015790 684.360988 683.703531 683.043403 682.380587 681.715068 681.046830 680.375856 679.702131 679.025637 678.346360 677.664281 676.979384 676.291652 675.601068 674.907616 674.211277 673.512034 672.809870 672.104767 671.396707 670.685672 669.971645 669.254606 668.534538 667.811421 667.085238 666.355970 665.623596 664.888100 664.149460 663.407658 662.662674 661.914488 661.163081 660.408433 659.650523 658.889330 658.124836 657.357017 656.585855 655.811328 655.033415 654.252094
698.217673 697.608436 696.996792 696.382728 695.766230 695.147285 694.525877 693.901993 693.275618 692.646737 692.015337 691.381402 690.744917 690.105868 689.464239 688.820016 688.173183 687.523724 686.871624 686.216868 685.559440 684.899324 684.236503 683.570962 682.902685 682.231654 681.557855 680.881269 680.201881 679.519673 678.834629 678.146731 677.455962 676.762304 676.065741 675.366254 674.663826 673.958439 673.250074 672.538714 671.824339 671.106932 670.386474 669.662947 668.936330 668.206605 667.473753 666.737755 665.998590 665.256240 664.510684 663.761902 663.009874 662.254580 661.495999 660.734111 659.968895 659.200330 658.428394 657.653066
701.301030 700.696945 700.090470 699.481588 698.870288 698.256555 697.640374 697.021731 696.400613 695.777004 695.150890 694.522257 693.891089 693.257372 692.621090 691.982229 691.340773 690.696707 690.050015 689.400682 688.748692 688.094029 687.436678 686.776622 686.113845 685.448330 684.780062 684.109023 683.435198 682.758568 682.079118 681.396829 680.711686 680.023669 679.332763 678.638949 677.942210 677.242527 676.539883 675.834259 675.125638 674.413999 673.699326 672.981599 672.260799 671.536908 670.809905 670.079772 669.346489 668.610036 667.870394 667.127543 666.381461 665.632130 664.879529 664.123636 663.364432 662.601895 661.836004 661.066738
704.393822 703.794936 703.193673 702.590020 701.983962 701.375487 700.764579 700.151225 699.535410 698.917120 698.296341 697.673057 697.047254 696.418917 695.788031 695.154581 694.518552 693.879928 693.238694 692.594835 691.948334 691.299177 690.647347 689.992827 689.335603 688.675657 688.012973 687.347535 686.679326 686.008329 685.334527 684.657903 683.978440 683.296121 682.610928 681.922844 681.231851 680.537930 679.841065 679.141236 678.438425 677.732615 677.023786 676.311920 675.596998 674.879000 674.157908 673.433702 672.706363 671.975871 671.242206 670.505349 669.765278 669.021975 668.275418 667.525587 666.772461 666.016019 665.256240 664.493102
707.496041 706.902398 706.306393 705.708013 705.107244 704.504072 703.898484 703.290465 702.680001 702.067077 701.451679 700.833792 700.213402 699.590494 698.965053 698.337063 697.706511 697.073379 696.437654 695.799319 695.158359 694.514758 693.868500 693.219570 692.567950 691.913626 691.256580 690.596795 689.934257 689.268946 688.600848 687.929944 687.256218 686.579652 685.900229 685.217931 684.532740 683.844639 683.153610 682.459635 681.762695 681.062772 680.359847 679.653902 678.944917 678.232875 677.517755 676.799538 676.078205 675.353737 674.626113 673.895313 673.161318 672.424107 671.683660 670.939956 670.192974 669.442694 668.689094 667.932153
710.607678 710.019322 709.428619 708.835558 708.240124 707.642302 707.042080 706.439442 705.834375 705.226865 704.616896 704.004455 703.389526 702.772095 702.152147 701.529668 700.904641 700.277052 699.646885 699.014125 698.378756 697.740763 697.100130 696.456840 695.810878 695.162228 694.510873 693.856796 693.199982 692.540413 691.878073 691.212944 690.545009 689.874252 689.200655 688.524200 687.844870 687.162647 686.477512 685.789449 685.098438 684.404461 683.707500 683.007536 682.304550 681.598524 680.889438 680.177272 679.462008 678.743626 678.022106 677.297428 676.569573 675.838519 675.104247 674.366736 673.625965 672.881913 672.134560 671.383883
713.728723 713.145698 712.560344 711.972647 711.382592 710.790167 710.195356 709.598147 708.998524 708.396474 707.791982 707.185034 706.575615 705.963710 705.349305 704.732384 704.112933 703.490936 702.866378 702.239244 701.609517 700.977184 700.342226 699.704630 699.064378 698.421454 697.775843 697.127528 696.476492 695.822719 695.166191 694.506893 693.844806 693.179914 692.512199 691.841644 691.168231 690.491943 689.812761 689.130668 688.445645 687.757674 687.066737 686.372814 685.675888 684.975939 684.272948 683.566895 682.857763 682.145530 681.430178 680.711686 679.990034 679.265202 678.537171 677.805918 677.071424 676.333668 675.592629 674.848285
716.859165 716.281517 715.701556 715.119268 714.534639 713.947655 713.358303 712.766569 712.172437 711.575895 710.976927 710.375520 709.771659 709.165329 708.556515 707.945202 707.331376 706.715022 706.096123 705.474665 704.850632 704.224009 703.594779 702.962928 702.328439 701.691295 701.051482 700.408981 699.763778 699.115854 698.465195 697.811781 697.155598 696.496627 695.834851 695.170252 694.502814 693.832519 693.159348 692.483283 691.804307 691.122402 690.437548 689.749727 689.058921 688.365110 687.668276 686.968399 686.265460 685.559440 684.850319 684.138076 683.422693 682.704149 681.982423 681.257495 680.529345 679.797951 679.063293 678.325350
719.998995 719.426769 718.852246 718.275412 717.696254 717.114758 716.530911 715.944697 715.356104 714.765117 714.171722 713.575903 712.977648 712.376941 711.773767 711.168113 710.559961 709.949299 709.336110 708.720378 708.102090 707.481229 706.857779 706.231725 705.603051 704.971740 704.337777 703.701145 703.061828 702.419810 701.775072 701.127600 700.477375 699.824381 699.168600 698.510015 697.848609 697.184364 696.517262 695.847285 695.174415 694.498634 693.819923 693.138265 692.453639 691.766028 691.075413 690.381773 689.685091 688.985346 688.282519 687.576591 686.867540 686.155348 685.439994 684.721457 683.999717 683.274753 682.546544 681.815069
723.148201 722.581442 722.012402 721.441068 720.867427 720.291465 719.713168 719.132523 718.549514 717.964130 717.376354 716.786172 716.193571 715.598536 715.001052 714.401104 713.798677 713.193756 712.586327 711.976374 711.363881 710.748833 710.131215 709.511010 708.888203 708.262779 707.634720 707.004010 706.370633 705.734574 705.095814 704.454337 703.810127 703.163166 702.513437 701.860922 701.205606 700.547469 699.886493 699.222662 698.555957 697.886360 697.213853 696.538417 695.860033 695.178683 694.494348 693.807008 693.116645 692.423239 691.726770 691.027219 690.324566 689.618791 688.909874 688.197794 687.482530 686.764063 686.042370 685.317432
726.306774 725.745525 725.182013 724.616224 724.048146 723.477764 722.905064 722.330033 721.752657 721.172921 720.590813 720.006316 719.419418 718.830103 718.238356 717.644164 717.047512 716.448383 715.846764 715.242639 714.635993 714.026810 713.415075 712.800772 712.183885 711.564399 710.942297 710.317564 709.690182 709.060135 708.427408 707.791982 707.153842 706.512970 705.869349 705.222962 704.573792 703.921821 703.267031 702.609405 701.948924 701.285570 700.619326 699.950173 699.278091 698.603063 697.925070 697.244092 696.560111 695.873107 695.183060 694.489951 693.793760 693.094468 692.392053 691.686495 690.977775 690.265871 689.550763 688.832429
729.474700 728.919007 728.361068 727.800870 727.238399 726.673643 726.106587 725.537217 724.965520 724.391481 723.815087 723.236323 722.655175 722.071629 721.485670 720.897283 720.306454 719.713168 719.117409 718.519164 717.918415 717.315148 716.709348 716.100999 715.490085 714.876590 714.260499 713.641795 713.020462 712.396483 711.769843 711.140524 710.508509 709.873782 709.236326 708.596124 707.953158 707.307410 706.658863 706.007500 705.353302 704.696252 704.036331 703.373521 702.707802 702.039158 701.367569 700.693015 700.015478 699.334939 698.651378 697.964775 697.275111 696.582366 695.886519 695.187551 694.485440 693.780167 693.071711 692.360050
732.651969 732.101876 731.549555 730.994993 730.438176 729.879091 729.317724 728.754062 728.188091 727.619796 727.049164 726.476181 725.900832 725.323104 724.742981 724.160449 723.575493 722.988099 722.398251 721.805935 721.211135 720.613836 720.014022 719.411679 718.806790 718.199340 717.589313 716.976692 716.361461 715.743605 715.123107 714.499949 713.874116 713.245591 712.614356 711.980395 711.343690 710.704224 710.061979 709.416937 708.769082 708.118394 707.464856 706.808449 706.149155 705.486955 704.821831 704.153764 703.482735 702.808724 702.131712 701.451679 700.768606 700.082474 699.393261 698.700948 698.005514 697.306939 696.605202 695.900283
735.838568 735.294120 734.747462 734.198581 733.647463 733.094096 732.538465 731.980557 731.420358 730.857855 730.293033 729.725878 729.156377 728.584514 728.010276 727.433647 726.854615 726.273162 725.689276 725.102940 724.514140 723.922860 723.329085 722.732800 722.133989 721.532636 720.928726 720.322242 719.713168 719.101489 718.487187 717.870246 717.250651 716.628383 716.003426 715.375762 714.745376 714.112249 713.476364 712.837703 712.196249 711.551983 710.904888 710.254945 709.602136 708.946443 708.287846 707.626328 706.961868 706.294448 705.624049 704.950651 704.274234 703.594779 702.912266 702.226675 701.537984 700.846175 700.151225 699.453115
739.034484 738.495726 737.954776 737.411621 736.866248 736.318644 735.768795 735.216688 734.662309 734.105644 733.546679 732.985401 732.421795 731.855847 731.287542 730.716867 730.143807 729.568346 728.990471 728.410166 727.827417 727.242208 726.654523 726.064348 725.471667 724.876465 724.278725 723.678431 723.075569 722.470121 721.862071 721.251402 720.638099 720.022145 719.403522 718.782214 718.158204 717.531473 716.902006 716.269784 715.634790 714.997006 714.356414 713.712996 713.066733 712.417607 711.765599 711.110692 710.452865 709.792100 709.128377 708.461678 707.791982 707.119270 706.443522 705.764718 705.082838 704.397861 703.709766 703.018534
742.239705 741.706681 741.171484 740.634100 740.094518 739.552723 739.008703 738.462443 737.913930 737.363151 736.810091 736.254736 735.697074 735.137089 734.574767 734.010094 733.443056 732.873637 732.301824 731.727601 731.150953 730.571866 729.990323 729.406311 728.819813 728.230813 727.639297 727.045248 726.448650 725.849488 725.247744 724.643403 724.036449 723.426864 722.814632 722.199736 721.582159 720.961883 720.338892 719.713168 719.084693 718.453450 717.819421 717.182588 716.542931 715.900434 715.255078 714.606844 713.955712 713.301665 712.644683 711.984746 711.321836 710.655932 709.987015 709.315065 708.640061 707.961984 707.280813 706.596526
745.454217 744.926972 744.397572 743.866006 743.332260 742.796320 742.258174 741.717807 741.175208 740.630361 740.083253 739.533871 738.982200 738.428227 737.871937 737.313315 736.752349 736.189022 735.623320 735.055230 734.484735 733.911820 733.336472 732.758674 732.178411 731.595667 731.010428 730.422677 729.832398 729.239576 728.644193 728.046235 727.445685 726.842526 726.236741 725.628314 725.017227 724.403464 723.787007 723.167840 722.545944 721.921301 721.293895 720.663706 720.030718 719.394911 718.756268 718.114769 717.470396 716.823129 716.172951 715.519842 714.863782 714.204751 713.542731 712.877701 712.209641 711.538531 710.864350 710.187078
748.678007 748.156585 747.633028 747.107323 746.579458 746.049420 745.517194 744.982768 744.446128 743.907261 743.366153 742.822791 742.277160 741.729247 741.179037 740.626516 740.071670 739.514485 738.954946 738.393038 737.828747 737.262057 736.692954 736.121422 735.547447 734.971012 734.392103 733.810704 733.226798 732.640370 732.051404 731.459884 730.865793 730.269116 729.669835 729.067933 728.463394 727.856202 727.246337 726.633785 726.018526 725.400544 724.779820 724.156338 723.530078 722.901023 722.269153 721.634452 720.996900 720.356478 719.713168 719.066950 718.417805 717.765713 717.110655 716.452611 715.791561 715.127486 714.460363 713.790174
751.911060 751.395506 750.877836 750.358039 749.836101 749.312009 748.785750 748.257310 747.726677 747.193837 746.658776 746.121482 745.581939 745.040134 744.496053 743.949682 743.401007 742.850013 742.296686 741.741012 741.182975 740.622561 740.059755 739.494542 738.926907 738.356834 737.784308 737.209314 736.631835 736.051856 735.469361 734.884334 734.296759 733.706619 733.113898 732.518579 731.920645 731.320081 730.716867 730.110988 729.502426 728.891163 728.277183 727.660466 727.040995 726.418753 725.793720 725.165879 724.535211 723.901697 723.265318 722.626055 721.983890 721.338802 720.690772 720.039781 719.385808 718.728834 718.068838 717.405799
755.153362 754.643720 754.131983 753.618138 753.102172 752.584072 752.063826 751.541419 751.016840 750.490074 749.961108 749.429928 748.896521 748.360873 747.822970 747.282798 746.740343 746.195590 745.648526 745.099135 744.547404 743.993317 743.436860 742.878018 742.316775 741.753117 741.187027 740.618491 740.047494 739.474018 738.898049 738.319570 737.738566 737.155020 736.568915 735.980236 735.388965 734.795085 734.198581 733.599434 732.997627 732.393144 731.785966 731.176075 730.563455 729.948087 729.329952 728.709033 728.085312 727.458768 726.829384 726.197142 725.562020 724.924001 724.283065 723.639193 722.992364 722.342558 721.689757 721.033938
758.404898 757.901213 757.395453 756.887605 756.377657 755.865595 755.351408 754.835081 754.316601 753.795956 753.273132 752.748115 752.220892 751.691449 751.159772 750.625848 750.089663 749.551201 749.010450 748.467394 747.922019 747.374310 746.824254 746.271834 745.717036 745.159845 744.600245 744.038221 743.473758 742.906840 742.337452 741.765576 741.191199 740.614302 740.034870 739.452887 738.868336 738.281200 737.691462 737.099106 736.504114 735.906469 735.306153 734.703150 734.097441 733.489008 732.877833 732.263899 731.647186 731.027676 730.405352 729.780193 729.152180 728.521296 727.887519 727.250832 726.611213 725.968644 725.323104 724.674573
761.665654 761.167970 760.668231 760.166426 759.662540 759.156563 758.648479 758.138278 757.625945 757.111468 756.594833 756.076026 755.555035 755.031846 754.506445 753.978818 753.448951 752.916830 752.382441 751.845770 751.306803 750.765524 750.221919 749.675974 749.127673 748.577001 748.023944 747.468487 746.910612 746.350306 745.787553 745.222336 744.654640 744.084449 743.511747 742.936516 742.358742 741.778407 741.195494 740.609987 740.021869 739.431122 738.837729 738.241672 737.642935 737.041498 736.437345 735.830458 735.220817 734.608404 733.993202 733.375191 732.754352 732.130667 731.504116 730.874679 730.242338 729.607072 728.968862 728.327687
764.935613 764.443974 763.950302 763.454584 762.956807 762.456958 761.955026 761.450996 760.944856 760.436594 759.926195 759.413647 758.898936 758.382048 757.862971 757.341690 756.818191 756.292460 755.764485 755.234249 754.701739 754.166941 753.629840 753.090421 752.548669 752.004571 751.458109 750.909271 750.358039 749.804399 749.248335 748.689832 748.128874 747.565444 746.999527 746.431107 745.860167 745.286690 744.710660 744.132061 743.550875 742.967085 742.380674 741.791625 741.199920 740.605542 740.008472 739.408693 738.806187 738.200934 737.592918 736.982119 736.368519 735.752098 735.132838 734.510718 733.885721 733.257826 732.627013 731.993262
768.214759 767.729210 767.241649 766.752063 766.260439 765.766766 765.271030 764.773218 764.273318 763.771317 763.267202 762.760960 762.252576 761.742039 761.229334 760.714447 760.197366 759.678076 759.156563 758.632813 758.106812 757.578545 757.047999 756.515158 755.980008 755.442535 754.902722 754.360556 753.816021 753.269101 752.719782 752.168048 751.613882 751.057270 750.498194 749.936640 749.372591 748.806031 748.236942 747.665309 747.091114 746.514341 745.934972 745.352990 744.768379 744.181119 743.591194 742.998586 742.403277 741.805248 741.204482 740.600959 739.994661 739.385570 738.773666 738.158930 737.541343 736.920886 736.297538 735.671280
771.503077 771.023662 770.542256 770.058847 769.573422 769.085969 768.596475 768.104928 767.611314 767.115622 766.617837 766.117948 765.615940 765.111801 764.605517 764.097074 763.586459 763.073658 762.558658 762.041444 761.522002 761.000319 760.476379 759.950168 759.421672 758.890876 758.357766 757.822325 757.284540 756.744395 756.201875 755.656964 755.109646 754.559907 754.007730 753.453099 752.895998 752.336411 751.774321 751.209712 750.642568 750.072870 749.500603 748.925749 748.348292 747.768212 747.185494 746.600119 746.012069 745.421327 744.827874 744.231691 743.632761 743.031064 742.426582 741.819296 741.209186 740.596233 739.980418 739.361721
