avaframe/data/avaHelixChannel/Inputs/myDEM_HX_Topo.asc
nCols  1001
nRows  401
xllcorner  1000.00
yllcorner -5000.00
cellsize  5
nodata_value -9999.00
[rows 130 to 155 of 401, columns 180 to 239 of 1001]
166.624835 165.565691 164.506080 163.446022 162.385540 161.324654 160.263387 159.201762 158.139801 157.077526 156.014962 154.952132 153.889060 152.825770 151.762287 150.698635 149.634841 148.570929 147.506927 146.442859 145.378753 144.314635 143.250534 142.186476 141.122491 140.058606 138.994850 137.931253 136.867844 135.804653 134.741711 133.679048 132.616695 131.554684 130.493048 129.431817 128.371025 127.310706 126.250892 125.191618 124.132918 123.074827 122.017381 120.960614 119.904563 118.849265 117.794757 116.741075 115.688259 114.636346 113.585375 112.535385 111.486416 110.438509 109.391704 108.346042 107.301565 106.258314 105.216333 104.175664
167.881442 166.818959 165.755980 164.692526 163.628619 162.564279 161.499531 160.434394 159.368893 158.303049 157.236886 156.170428 155.103699 154.036722 152.969523 151.902125 150.834555 149.766837 148.698998 147.631064 146.563061 145.495017 144.426958 143.358913 142.290909 141.222975 140.155139 139.087431 138.019879 136.952515 135.885369 134.818470 133.751850 132.685541 131.619575 130.553983 129.488798 128.424054 127.359784 126.296022 125.232802 124.170159 123.108128 122.046745 120.986046 119.926068 118.866847 117.808421 116.750828 115.694105 114.638293 113.583429 112.529554 111.476709 110.424932 109.374267 108.324754 107.276435 106.229353 105.183551
169.146662 168.080848 167.014510 165.947668 164.880344 163.812560 162.744337 161.675697 160.606663 159.537257 158.467503 157.397425 156.327045 155.256388 154.185478 153.114341 152.043000 150.971482 149.899813 148.828018 147.756124 146.684157 145.612146 144.540117 143.468098 142.396119 141.324206 140.252390 139.180700 138.109166 137.037818 135.966686 134.895801 133.825196 132.754901 131.684949 130.615372 129.546204 128.477478 127.409228 126.341488 125.274292 124.207677 123.141677 122.076329 121.011668 119.947733 118.884560 117.822187 116.760653 115.699995 114.640254 113.581469 112.523681 111.466929 110.411255 109.356700 108.303307 107.251119 106.200177
170.420547 169.351411 168.281723 167.211502 166.140771 165.069550 163.997860 162.925725 161.853167 160.780207 159.706870 158.633177 157.559154 156.484824 155.410211 154.335340 153.260236 152.184924 151.109429 150.033779 148.957999 147.882115 146.806156 145.730148 144.654120 143.578099 142.502114 141.426194 140.350369 139.274667 138.199120 137.123758 136.048611 134.973711 133.899090 132.824779 131.750812 130.677221 129.604040 128.531302 127.459042 126.387294 125.316093 124.245476 123.175477 122.106133 121.037482 119.969560 118.902405 117.836056 116.770551 115.705929 114.642231 113.579495 112.517763 111.457076 110.397475 109.339003 108.281702 107.225614
171.703151 170.630703 169.557674 168.484084 167.409953 166.335304 165.260157 164.184536 163.108460 162.031955 160.955041 159.877744 158.800085 157.722088 156.643779 155.565181 154.486320 153.407220 152.327907 151.248407 150.168747 149.088952 148.009050 146.929068 145.849035 144.768977 143.688924 142.608904 141.528947 140.449082 139.369339 138.289749 137.210343 136.131151 135.052206 133.973539 132.895183 131.817170 130.739535 129.662310 128.585530 127.509230 126.433444 125.358208 124.283558 123.209530 122.136162 121.063489 119.991551 118.920384 117.850029 116.780524 115.711908 114.644222 113.577506 112.511801 111.447150 110.383593 109.321174 108.259935
172.994528 171.918778 170.842417 169.765467 168.687947 167.609878 166.531283 165.452183 164.372600 163.292557 162.212076 161.131180 160.049893 158.968238 157.886240 156.803923 155.721311 154.638430 153.555305 152.471962 151.388427 150.304727 149.220888 148.136938 147.052904 145.968815 144.884698 143.800582 142.716498 141.632473 140.548539 139.464725 138.381062 137.297581 136.214314 135.131292 134.048549 132.966117 131.884029 130.802319 129.721020 128.640168 127.559797 126.479943 125.400641 124.321928 123.243841 122.166416 121.089693 120.013707 118.938499 117.864107 116.790571 115.717931 114.646228 113.575502 112.505795 111.437149 110.369606 109.303210
174.294731 173.215689 172.136008 171.055706 169.974806 168.893328 167.811294 166.728725 165.645643 164.562071 163.478030 162.393545 161.308638 160.223332 159.137653 158.051623 156.965269 155.878613 154.791683 153.704504 152.617101 151.529501 150.441731 149.353818 148.265790 147.177674 146.089498 145.001292 143.913084 142.824904 141.736782 140.648747 139.560831 138.473064 137.385478 136.298105 135.210977 134.124127 133.037588 131.951394 130.865577 129.780174 128.695219 127.610746 126.526793 125.443395 124.360588 123.278411 122.196900 121.116094 120.036031 118.956751 117.878292 116.800695 115.724000 114.648249 113.573482 112.499743 111.427072 110.355514
175.603816 174.521492 173.438499 172.354857 171.270587 170.185710 169.100246 168.014217 166.927645 165.840553 164.752962 163.664895 162.576377 161.487429 160.398076 159.308342 158.218252 157.127830 156.037102 154.946092 153.854828 152.763336 151.671641 150.579771 149.487754 148.395616 147.303387 146.211095 145.118769 144.026438 142.934132 141.841881 140.749715 139.657666 138.565765 137.474043 136.382533 135.291268 134.200279 133.109602 132.019270 130.929317 129.839778 128.750688 127.662083 126.573999 125.486473 124.399542 123.313244 122.227615 121.142696 120.058525 118.975141 117.892584 116.810895 115.730115 114.650285 113.571448 112.493645 111.416920
176.921835 175.836241 174.749947 173.662976 172.575346 171.487078 170.398194 169.308716 168.218664 167.128060 166.036928 164.945290 163.853168 162.760586 161.667569 160.574139 159.480321 158.386140 157.291621 156.196789 155.101671 154.006292 152.910679 151.814858 150.718858 149.622706 148.526429 147.430057 146.333617 145.237140 144.140655 143.044191 141.947780 140.851453 139.755239 138.659172 137.563283 136.467604 135.372170 134.277012 133.182166 132.087664 130.993543 129.899836 128.806580 127.713811 126.621566 125.529881 124.438793 123.348342 122.258565 121.169501 120.081189 118.993671 117.906985 116.821173 115.736277 114.652337 113.569398 112.487501
178.248845 177.159990 176.070408 174.980117 173.889137 172.797490 171.705197 170.612278 169.518756 168.424652 167.329987 166.234786 165.139071 164.042864 162.946190 161.849072 160.751535 159.653603 158.555301 157.456655 156.357690 155.258431 154.158907 153.059143 151.959166 150.859005 149.758686 148.658239 147.557692 146.457074 145.356414 144.255743 143.155091 142.054489 140.953967 139.853558 138.753293 137.653205 136.553327 135.453691 134.354332 133.255284 132.156582 131.058260 129.960354 128.862901 127.765936 126.669496 125.573620 124.478345 123.383709 122.289751 121.196511 120.104028 119.012343 117.921496 116.831530 115.742485 114.654405 113.567332
179.584899 178.492796 177.399935 176.306336 175.212018 174.117003 173.021311 171.924962 170.827979 169.730384 168.632198 167.533443 166.434143 165.334321 164.234000 163.133203 162.031955 160.930280 159.828204 158.725751 157.622946 156.519816 155.416388 154.312687 153.208741 152.104577 151.000223 149.895707 148.791057 147.686304 146.581476 145.476602 144.371714 143.266842 142.162016 141.057269 139.952632 138.848137 137.743818 136.639707 135.535839 134.432246 133.328965 132.226029 131.123475 130.021337 128.919654 127.818461 126.717795 125.617696 124.518200 123.419347 122.321177 121.223728 120.127041 119.031158 117.936119 116.841966 115.748741 114.656488
180.930054 179.834714 178.738586 177.641690 176.544045 175.445672 174.346592 173.246825 172.146392 171.045316 169.943618 168.841320 167.738445 166.635017 165.531057 164.426591 163.321641 162.216233 161.110390 160.004138 158.897503 157.790509 156.683184 155.575554 154.467645 153.359485 152.251102 151.142524 150.033779 148.924896 147.815904 146.706834 145.597715 144.488577 143.379452 142.270371 141.161366 140.052468 138.943712 137.835129 136.726754 135.618620 134.510761 133.403214 132.296012 131.189192 130.082791 128.976845 127.871391 126.766467 125.662111 124.558363 123.455261 122.352845 121.251155 120.150232 119.050118 117.950854 116.852482 115.755046
182.284363 181.185799 180.086417 178.986235 177.885275 176.783556 175.681098 174.577923 173.474052 172.369505 171.264306 170.158475 169.052036 167.945011 166.837423 165.729297 164.620654 163.511521 162.401921 161.291879 160.181421 159.070572 157.959358 156.847806 155.735943 154.623795 153.511390 152.398756 151.285922 150.172915 149.059767 147.946505 146.833160 145.719762 144.606343 143.492932 142.379563 141.266268 140.153077 139.040026 137.927147 136.814474 135.702041 134.589884 133.478037 132.366537 131.255419 130.144721 129.034479 127.924731 126.815516 125.706871 124.598837 123.491452 122.384758 121.278794 120.173603 119.069225 117.965703 116.863080
183.647883 182.546107 181.443482 180.340028 179.235764 178.130710 177.024888 175.918316 174.811017 173.703012 172.594321 171.484969 170.374975 169.264364 168.153158 167.041381 165.929056 164.816207 163.702859 162.589036 161.474764 160.360068 159.244974 158.129509 157.013698 155.897569 154.781150 153.664467 152.547551 151.430428 150.313128 149.195681 148.078116 146.960464 145.842755 144.725021 143.607293 142.489603 141.371983 140.254467 139.137088 138.019879 136.902876 135.786111 134.669622 133.553443 132.437610 131.322161 130.207132 129.092561 127.978486 126.864945 125.751979 124.639625 123.527925 122.416919 121.306648 120.197155 119.088480 117.980667
185.020670 183.915695 182.809840 181.703125 180.595570 179.487194 178.378018 177.268061 176.157346 175.045893 173.933724 172.820859 171.707323 170.593136 169.478323 168.362905 167.246907 166.130353 165.013266 163.895672 162.777595 161.659061 160.540095 159.420725 158.300975 157.180873 156.060447 154.939724 153.818732 152.697499 151.576056 150.454430 149.332651 148.210751 147.088758 145.966705 144.844623 143.722544 142.600500 141.478523 140.356648 139.234907 138.113335 136.991967 135.870837 134.749982 133.629437 132.509238 131.389424 130.270030 129.151096 128.032660 126.914761 125.797438 124.680732 123.564683 122.449331 121.334720 120.220890 119.107885
186.402779 185.294618 184.185546 183.075583 181.964749 180.853064 179.740546 178.627218 177.513098 176.398209 175.282572 174.166208 173.049139 171.931388 170.812977 169.693930 168.574270 167.454020 166.333205 165.211849 164.089976 162.967614 161.844786 160.721518 159.597839 158.473772 157.349348 156.224591 155.099532 153.974197 152.848616 151.722818 150.596833 149.470690 148.344420 147.218054 146.091623 144.965160 143.838696 142.712263 141.585896 140.459627 139.333491 138.207522 137.081756 135.956227 134.830971 133.706026 132.581427 131.457213 130.333422 129.210091 128.087259 126.964967 125.843254 124.722161 123.601728 122.481997 121.363011 120.244812
187.794267 186.682933 185.570657 184.457460 183.343361 182.228378 181.112532 179.995843 178.878332 177.760019 176.640926 175.521074 174.400484 173.279180 172.157184 171.034518 169.911206 168.787271 167.662737 166.537630 165.411972 164.285790 163.159109 162.031955 160.904354 159.776332 158.647917 157.519136 156.390016 155.260587 154.130877 153.000914 151.870728 150.740350 149.609809 148.479136 147.348363 146.217521 145.086642 143.955759 142.824904 141.694112 140.563415 139.432850 138.302450 137.172250 136.042287 134.912597 133.783217 132.654184 131.525536 130.397312 129.269549 128.142288 127.015568 125.889430 124.763915 123.639065 122.514920 121.391525
189.195190 188.080697 186.965232 185.848813 184.731461 183.613195 182.494034 181.373998 180.253107 179.131383 178.008846 176.885518 175.761420 174.636574 173.511003 172.384730 171.257777 170.130168 169.001927 167.873078 166.743646 165.613655 164.483131 163.352099 162.220585 161.088617 159.956221 158.823423 157.690253 156.556737 155.422905 154.288785 153.154407 152.019800 150.884995 149.750022 148.614912 147.479697 146.344409 145.209080 144.073744 142.938432 141.803181 140.668022 139.532992 138.398126 137.263459 136.129027 134.994868 133.861018 132.727516 131.594399 130.461706 129.329477 128.197751 127.066569 125.935971 124.806000 123.676696 122.548103
190.605605 189.487967 188.369326 187.249700 186.129110 185.007573 183.885110 182.761739 181.637483 180.512360 179.386392 178.259601 177.132006 176.003631 174.874498 173.744629 172.614047 171.482776 170.350838 169.218259 168.085062 166.951272 165.816915 164.682015 163.546600 162.410694 161.274326 160.137521 159.000308 157.862715 156.724769 155.586500 154.447937 153.309109 152.170047 151.030780 149.891341 148.751759 147.612068 146.472300 145.332487 144.192662 143.052859 141.913112 140.773457 139.633927 138.494560 137.355390 136.216454 135.077790 133.939436 132.801428 131.663807 130.526611 129.389880 128.253654 127.117974 125.982881 124.848418 123.714626
192.025568 190.904800 189.782997 188.660179 187.536364 186.411571 185.285819 184.159128 183.031519 181.903011 180.773625 179.643383 178.512305 177.380413 176.247730 175.114277 173.980078 172.845155 171.709533 170.573234 169.436284 168.298706 167.160527 166.021770 164.882462 163.742630 162.602299 161.461497 160.320250 159.178588 158.036537 156.894127 155.751387 154.608346 153.465034 152.321482 151.177720 150.033779 148.889691 147.745489 146.601205 145.456872 144.312524 143.168194 142.023918 140.879730 139.735665 138.591760 137.448052 136.304577 135.161373 134.018477 132.875929 131.733768 130.592033 129.450764 128.310002 127.169788 126.030164 124.891173
193.455137 192.331253 191.206304 190.080308 188.953282 187.825247 186.696221 185.566224 184.435276 183.303396 182.170606 181.036926 179.902378 178.766982 177.630761 176.493737 175.355933 174.217371 173.078076 171.938070 170.797377 169.656023 168.514032 167.371429 166.228240 165.084490 163.940207 162.795417 161.650147 160.504424 159.358278 158.211736 157.064828 155.917582 154.770029 153.622198 152.474120 151.325827 150.177350 149.028721 147.879972 146.731137 145.582249 144.433341 143.284449 142.135607 140.986850 139.838215 138.689737 137.541454 136.393404 135.245623 134.098151 132.951026 131.804288 130.657977 129.512134 128.366800 127.222016 126.077826
194.894369 193.767385 192.639304 191.510145 190.379924 189.248661 188.116376 186.983087 185.848813 184.713576 183.577395 182.440292 181.302286 180.163400 179.023654 177.883072 176.741676 175.599488 174.456531 173.312830 172.168407 171.023288 169.877497 168.731058 167.583998 166.436343 165.288117 164.139349 162.990066 161.840293 160.690061 159.539396 158.388328 157.236886 156.085100 154.932999 153.780614 152.627976 151.475116 150.322067 149.168861 148.015530 146.862107 145.708628 144.555125 143.401634 142.248190 141.094829 139.941586 138.788499 137.635605 136.482942 135.330548 134.178463 133.026724 131.875374 130.724451 129.573997 128.424054 127.274664
196.343320 195.213253 194.082056 192.949748 191.816348 190.681873 189.546342 188.409776 187.272192 186.133612 184.994055 183.853541 182.712092 181.569729 180.426472 179.282345 178.137370 176.991568 175.844963 174.697579 173.549438 172.400566 171.250986 170.100724 168.949805 167.798254 166.646098 165.493363 164.340076 163.186264 162.031955 160.877177 159.721959 158.566330 157.410319 156.253956 155.097272 153.940297 152.783063 151.625601 150.467944 149.310124 148.152175 146.994129 145.836022 144.677888 143.519761 142.361678 141.203675 140.045789 138.888056 137.730514 136.573202 135.416158 134.259422 133.103033 131.947032 130.791460 129.636358 128.481769
197.802050 196.668914 195.534617 194.399177 193.262613 192.124941 190.986181 189.846352 188.705473 187.563565 186.420646 185.276737 184.131858 182.986032 181.839279 180.691620 179.543079 178.393677 177.243437 176.092382 174.940536 173.787924 172.634568 171.480494 170.325727 169.170293 168.014217 166.857526 165.700246 164.542405 163.384030 162.225149 161.065791 159.905984 158.745758 157.585142 156.424168 155.262865 154.101264 152.939397 151.777297 150.614995 149.452525 148.289920 147.127215 145.964443 144.801640 143.638841 142.476083 141.313401 140.150833 138.988417 137.826190 136.664191 135.502460 134.341035 133.179958 132.019270 130.859011 129.699224
199.270615 198.134427 196.997047 195.858491 194.718778 193.577925 192.435952 191.292876 190.148718 189.003495 187.857230 186.709940 185.561647 184.412372 183.262136 182.110961 180.958867 179.805879 178.652017 177.497306 176.341768 175.185427 174.028308 172.870435 171.711832 170.552526 169.392542 168.231907 167.070645 165.908786 164.746356 163.583382 162.419894 161.255919 160.091488 158.926629 157.761373 156.595750 155.429792 154.263528 153.096993 151.930217 150.763234 149.596077 148.428780 147.261377 146.093904 144.926395 143.758886 142.591414 141.424016 140.256729 139.089592 137.922642 136.755919 135.589462 134.423312 133.257509 132.092094 130.927111
200.749074 199.609852 198.469404 197.327749 196.184904 195.040887 193.895715 192.749409 191.601986 190.453466 189.303869 188.153214 187.001522 185.848813 184.695109 183.540431 182.384800 181.228239 180.070769 178.912414 177.753198 176.593143 175.432273 174.270613 173.108188 171.945023 170.781143 169.616575 168.451344 167.285477 166.119003 164.951948 163.784340 162.616208 161.447581 160.278489 159.108961 157.939028 156.768720 155.598069 154.427107 153.255865 152.084377 150.912675 149.740794 148.568767 147.396629 146.224416 145.052164 143.879907 142.707684 141.535532 140.363488 139.191591 138.019879 136.848393 135.677173 134.506258 133.335691 132.165513
