benchmarks/avaPyramidNullTest/release1PY_null_ref_0.15500_pfv.asc
ncols         793
nrows         793
xllcenter     0
yllcenter     0
cellsize      5
NODATA_value  -9999
[rows 297 to 329 of 793, columns 370 to 443 of 793]
13.4239 13.9981 15.1765 16.1714 17.0836 18.3582 19.0054 19.4049 19.7516 20.3145 20.3359 20.4756 20.7425 20.9046 21.1275 21.4086 21.6567 22.0644 22.4051 22.7062 23.0434 23.3745 23.7125 23.9764 24.1894 24.3487 24.4952 24.5335 24.5483 24.4412 24.329 24.0738 23.8837 23.7525 23.7492 23.6774 23.5527 23.3096 23.027 22.5374 21.8972 21.2866 21.085 20.7089 20.3698 19.7599 19.494 18.6251 18.0734 17.2854 16.1318 15.6937 14.1676 13.5755 12.134 11.7221 10.6171 10.2005 9.59662 9.07177 8.78177 8.74027 8.71733 8.5271 8.21106 7.83665 6.20248 5.55635 5.43097 5.53633 5.06092 2.96566 0 0
13.4445 14.3072 15.6799 16.7164 17.5715 18.8699 19.4322 19.7328 20.094 20.6586 20.6755 20.7879 20.9849 21.1056 21.2855 21.5039 21.7376 22.0988 22.416 22.7117 23.0264 23.3287 23.6479 23.9303 24.1819 24.327 24.477 24.5436 24.5623 24.4794 24.3546 24.0737 23.8577 23.7327 23.7241 23.648 23.535 23.298 23.0129 22.521 21.9073 21.4366 21.1586 20.8605 20.5589 19.9746 19.7528 19.2671 18.3312 17.64 16.5126 15.4726 14.6578 14.0514 12.5244 12.1017 10.655 10.2234 9.75198 9.16999 8.74222 8.68522 8.76623 8.6125 8.11301 7.88516 5.69671 5.45713 5.50632 5.68297 5.17109 2.96722 0 0
13.9031 14.777 16.2128 17.2602 18.0245 19.1633 19.8509 20.0796 20.4278 20.7305 21.0548 21.1068 21.2398 21.3237 21.4827 21.6616 21.849 22.1298 22.4337 22.7261 23.0205 23.306 23.6099 23.8913 24.1347 24.3143 24.4842 24.5532 24.5817 24.4929 24.3466 24.0503 23.8329 23.7102 23.6938 23.6226 23.5201 23.2826 23.0022 22.514 21.9101 21.4676 21.2642 21.0183 20.7399 20.1849 20.0048 19.1774 18.6309 18.0168 16.8868 15.9331 15.2115 14.4221 13.0048 11.2531 10.7283 10.2659 9.96343 9.12531 8.73316 8.65197 8.76335 8.65042 8.12835 7.88516 5.70285 5.3732 5.54713 5.81348 5.24609 2.96879 0 0
14.3954 15.254 16.7082 17.7651 18.4867 19.3871 20.2785 20.4427 20.7612 21.0422 21.3549 21.4042 21.5087 21.5628 21.6879 21.831 21.954 22.167 22.4573 22.7385 23.0151 23.2866 23.5775 23.8633 24.0777 24.2442 24.4187 24.5101 24.545 24.4676 24.3199 24.0346 23.8109 23.6962 23.6742 23.602 23.5021 23.2736 22.9781 22.5044 21.9142 21.5598 21.4008 21.1972 20.9118 20.385 20.2442 19.4081 18.9448 18.4069 17.2507 16.4012 15.805 14.0868 13.5517 11.7126 11.1413 10.3381 10.2281 9.10083 8.74452 8.62646 8.71524 8.62472 8.03894 7.78516 5.92495 5.42238 5.64823 5.94543 5.31205 2.97021 0 0
14.8992 15.7359 17.2192 18.2702 18.9455 19.7657 20.6943 20.8055 21.0952 21.3623 21.52 21.6533 21.7685 21.7867 21.8877 21.9638 22.0087 22.1989 22.4841 22.7596 23.0236 23.281 23.551 23.8391 24.0467 24.2117 24.386 24.4849 24.5289 24.4486 24.2846 24.0135 23.7756 23.675 23.6472 23.5767 23.4805 23.2498 22.9648 22.4963 21.9219 21.6883 21.5574 21.3454 20.9808 20.5744 20.4755 19.6506 19.2443 18.4319 17.6145 16.7397 16.3948 14.511 14.1196 12.2418 11.6154 10.4546 10.5085 9.09152 8.74354 8.52708 8.64275 8.57851 7.98554 7.65128 5.88514 5.56738 5.76934 6.02108 5.34482 2.97122 0 0
14.5624 16.2295 17.7 18.7703 19.3299 20.123 20.7712 21.1474 21.2865 21.6754 21.7971 21.8697 21.9651 21.956 21.9798 22.0545 22.1099 22.2218 22.5102 22.7725 23.0227 23.2715 23.5289 23.8141 24.0049 24.1801 24.333 24.4202 24.4406 24.3732 24.2335 23.9921 23.7485 23.6594 23.6253 23.556 23.455 23.2437 22.9596 22.5024 21.9404 21.8272 21.6978 21.489 21.1095 20.7726 20.706 19.8409 19.4939 19.1092 17.9667 17.2511 16.8941 14.9735 14.6381 12.8186 11.2517 10.6741 10.8061 9.10622 8.71456 8.41484 8.58684 8.54025 8.04072 7.83513 5.87902 5.77903 5.91434 6.07583 5.33763 2.97173 0 0
15.0621 16.7077 18.1372 19.1825 19.706 20.4565 21.1829 21.4518 21.5723 21.9361 22.0817 22.107 22.1548 22.1358 22.1495 22.2036 22.2574 22.3087 22.5392 22.8029 23.026 23.2758 23.5166 23.7915 23.9765 24.1425 24.2873 24.3728 24.3969 24.3336 24.1886 23.9616 23.7173 23.6346 23.5981 23.5294 23.4282 23.217 22.9423 22.4993 22.0388 21.9395 21.8127 21.5734 21.2542 20.9768 20.9291 20.0343 19.7771 18.7772 18.33 17.5005 16.436 15.4524 14.2783 13.4271 11.6593 11.0167 11.0996 9.17097 8.69744 8.60726 8.51659 8.50373 8.06222 7.93431 5.89414 5.98732 6.07625 5.36854 5.25346 2.97173 0 0
15.5639 17.1654 17.9051 18.9241 20.0772 20.7681 21.0968 21.7418 21.8455 22.1449 22.3028 22.3619 22.3913 22.3474 22.346 22.3754 22.3696 22.4018 22.5575 22.8165 23.0379 23.2728 23.5083 23.7725 23.9465 24.1111 24.2462 24.3263 24.3454 24.2851 24.1475 23.9331 23.6913 23.6159 23.5719 23.5033 23.3987 23.2031 22.9317 22.5006 22.0756 21.9996 21.8929 21.7109 21.417 21.1635 20.7509 20.2736 20.0683 19.0568 18.7141 18.0481 17.1514 15.9423 14.7988 14.0192 12.1777 11.4551 11.0109 9.31941 8.79779 8.834 8.42102 8.52545 8.18017 7.95721 5.92929 6.16635 6.25028 5.19172 5.19172 2.96564 0 0
16.0624 17.6599 18.3279 19.2453 20.4404 21.0593 21.3658 21.9117 22.1939 22.3748 22.4845 22.5351 22.5907 22.5158 22.4693 22.4824 22.443 22.4536 22.5944 22.8283 23.0462 23.2743 23.5055 23.7573 23.918 24.0787 24.2034 24.2781 24.2842 24.2292 24.101 23.8985 23.663 23.5922 23.5503 23.4754 23.3717 23.1908 22.9218 22.5009 22.1751 22.1067 22.031 21.8695 21.5855 21.3313 20.9411 20.5263 20.3508 19.3289 18.9027 18.3679 17.1661 16.4075 15.3093 14.6147 12.7459 11.9763 11.3578 9.55968 8.96077 8.68037 8.38838 8.51217 8.2582 7.88648 5.97708 6.23914 6.41547 5.23118 5.23118 2.96478 0 0
16.4998 18.1023 18.6897 19.5709 20.7822 21.0288 21.6317 22.1523 22.3096 22.6092 22.7057 22.7149 22.7267 22.6484 22.5876 22.5898 22.5851 22.5839 22.6401 22.8492 23.0539 23.2751 23.4984 23.7295 23.9024 24.0512 24.1655 24.2332 24.2328 24.1766 24.054 23.8699 23.6408 23.5725 23.5188 23.4478 23.3448 23.1749 22.9044 22.5053 22.2907 22.2268 22.1551 21.9866 21.7201 21.4641 21.1287 20.803 20.5984 19.6162 19.2028 18.5457 17.6058 16.8775 15.8042 15.1841 13.3459 12.4773 11.7258 9.83691 9.20446 8.81774 8.34172 8.5046 8.25662 7.79639 5.92851 6.24215 6.52333 5.20557 5.20314 2.96695 0 0
16.935 18.4848 19.0269 19.8654 21.0763 21.3133 21.8634 22.449 22.5207 22.7684 22.8837 22.917 22.9162 22.8247 22.7629 22.7495 22.7075 22.6979 22.7173 22.8595 23.0482 23.2755 23.4881 23.7237 23.8867 24.0253 24.123 24.189 24.185 24.1298 24.0149 23.8378 23.6173 23.5507 23.5004 23.4193 23.3197 23.1661 22.8953 22.5054 22.3537 22.2961 22.237 22.0705 21.82 21.591 21.3307 21.0348 20.4438 19.9004 19.505 19.1436 17.9907 17.3363 16.3245 15.7699 13.9551 12.1751 12.0937 10.1917 9.52973 8.94353 8.25687 8.47882 8.31963 7.72962 5.92851 6.21482 6.46487 5.18387 5.18387 2.96809 0 0
17.3936 18.2717 19.3333 20.0799 20.7875 21.5854 22.0046 22.6438 22.7368 22.9385 23.017 23.0377 23.0478 22.9411 22.8587 22.8401 22.7629 22.7447 22.777 22.873 23.0535 23.2778 23.4784 23.7043 23.8721 23.9967 24.0918 24.1554 24.1421 24.08 23.9743 23.798 23.5957 23.5213 23.4758 23.3949 23.2989 23.1439 22.8846 22.5024 22.4134 22.3656 22.3165 22.1893 21.9519 21.7384 21.5389 21.0765 20.6555 20.1746 19.7479 19.4754 18.4393 17.7982 16.7865 16.3362 14.5878 12.7066 12.1145 10.6122 9.87826 9.03266 8.20986 8.42627 8.3651 7.83815 5.92051 6.13891 6.43121 5.3358 5.3358 2.96809 0 0
17.8291 18.6145 19.6241 20.3117 21.0203 21.7854 22.1617 22.6267 22.8712 23.0922 23.1873 23.1864 23.1706 23.0633 22.9677 22.9406 22.8951 22.8658 22.8932 22.9098 23.0549 23.2655 23.4616 23.6919 23.8537 23.9671 24.0515 24.1172 24.1053 24.0391 23.9377 23.7622 23.5679 23.4928 23.4529 23.3712 23.2751 23.1295 22.8774 22.491 22.5137 22.4596 22.4295 22.3191 22.0837 21.8742 21.5787 21.226 20.8627 20.4323 20.0141 19.7981 18.8754 18.1222 17.2171 16.8482 15.2261 13.2824 12.5391 11.036 9.98776 9.13954 8.41771 8.34211 8.34888 7.84889 6.0063 6.07718 6.33265 5.36357 5.36357 2.9666 0 0
18.2469 18.9575 19.7811 20.5491 21.33 21.7551 22.3652 22.9966 23.0329 23.1866 23.2529 23.2899 23.2999 23.1903 23.1023 23.0618 22.9768 22.951 22.9536 22.9657 23.0467 23.2549 23.4574 23.6669 23.8324 23.9357 24.0293 24.0911 24.0696 23.9939 23.895 23.7188 23.546 23.4622 23.4293 23.3483 23.2543 23.1098 22.8692 22.5043 22.5801 22.5275 22.4959 22.3777 22.1786 21.991 21.7115 21.3966 21.0561 20.6679 20.2816 20.1083 19.2597 18.7042 17.6675 16.413 15.8634 13.9269 12.0186 11.4614 9.81227 9.28515 8.74922 8.32023 8.23714 7.72906 6.14604 6.26701 6.24721 5.39216 5.36357 2.96208 0 0
18.6854 19.2804 19.934 20.806 21.2053 21.9111 22.421 22.8044 23.1758 23.3087 23.3804 23.3994 23.3823 23.2529 23.1404 23.1057 23.0426 23.0097 23.0312 23.0448 23.0444 23.2485 23.4446 23.6465 23.8035 23.9113 23.9928 24.0506 24.0299 23.9526 23.859 23.6805 23.5199 23.4244 23.403 23.3234 23.2331 23.0909 22.8544 22.5497 22.6114 22.5689 22.5448 22.4481 22.2629 22.084 21.8672 21.5694 21.2204 20.8779 20.5406 20.3998 19.5883 19.0937 18.1274 16.9302 16.4907 14.5569 12.537 11.2579 10.2247 9.40497 9.04716 8.29199 8.09865 7.49543 6.57521 6.19453 6.15974 5.44724 5.31974 2.96426 0 0
18.335 19.5749 20.121 21.0145 21.3536 22.0971 22.4598 22.8887 23.2308 23.3733 23.4398 23.4889 23.472 23.3438 23.2343 23.2021 23.1443 23.1018 23.1229 23.1122 23.0701 23.2355 23.43 23.6161 23.7802 23.8839 23.9584 24.0205 23.9917 23.9019 23.8144 23.6374 23.493 23.3998 23.3814 23.3004 23.2102 23.0775 22.8422 22.6258 22.682 22.6306 22.627 22.548 22.3599 22.1955 21.9946 21.7202 21.3775 21.0838 20.798 20.6633 19.8947 19.4676 18.5126 17.413 16.2359 15.1961 13.114 11.7982 10.7108 9.4519 9.33322 8.4404 8.00493 7.17087 6.83852 6.10429 6.04856 5.45932 5.24372 2.96507 0 0
18.7085 19.6612 20.3196 21.1981 21.5072 22.235 22.5614 23.248 23.3101 23.4315 23.5034 23.5437 23.526 23.3954 23.2931 23.2518 23.1544 23.1289 23.1429 23.1568 23.1246 23.2282 23.405 23.5908 23.7506 23.849 23.9196 23.9762 23.941 23.8552 23.777 23.5903 23.4639 23.3594 23.3533 23.2737 23.1848 23.0582 22.8234 22.6717 22.7185 22.6702 22.6653 22.5896 22.4402 22.2835 22.0741 21.8252 21.5636 21.2942 21.0807 20.5187 20.1854 19.6877 18.9188 17.8377 16.5913 15.8238 13.7364 12.4008 11.3062 9.30349 9.53672 8.62288 7.96848 7.11945 6.91768 5.97598 5.8884 5.41346 5.16582 2.96507 0 0
19.052 19.8392 20.5268 21.3491 21.706 22.0938 22.6042 22.9485 23.3136 23.4696 23.5388 23.5869 23.5758 23.4528 23.3393 23.2956 23.2232 23.1915 23.219 23.2156 23.1514 23.2083 23.3751 23.568 23.7252 23.8152 23.8764 23.9376 23.8913 23.8023 23.7281 23.5464 23.4335 23.3359 23.324 23.2505 23.1566 23.0415 22.8149 22.6993 22.7349 22.693 22.695 22.6297 22.486 22.3541 22.1783 21.9375 21.7327 21.4887 21.282 20.744 20.4574 19.9189 19.324 18.2866 17.0742 16.4077 14.3314 12.9597 11.9208 9.48651 9.76954 8.74328 7.95397 7.21611 6.91768 5.95803 5.70156 5.41877 5.11396 2.9631 0 0
19.2884 20.0478 20.7452 21.1155 21.7454 22.2212 22.5828 22.9408 23.3128 23.4698 23.5434 23.6097 23.5979 23.4853 23.3885 23.3341 23.2467 23.2271 23.2453 23.2439 23.1896 23.1916 23.3526 23.5366 23.6808 23.7737 23.8334 23.8886 23.833 23.7468 23.6879 23.5039 23.4022 23.304 23.2982 23.227 23.1223 23.0172 22.8071 22.7461 22.7741 22.7224 22.7419 22.6932 22.5434 22.4261 22.2769 22.0593 21.8609 21.6433 21.2884 20.9763 20.7107 20.1562 19.6076 18.6715 17.5439 16.3226 14.9382 13.6171 12.54 9.67434 9.9498 8.11214 7.91218 7.18212 6.86092 5.91542 5.55463 5.43146 5.03347 2.96032 0 0
19.5573 20.2629 21.1047 21.2711 21.7034 22.3531 22.6172 22.9466 23.3048 23.4757 23.5484 23.6095 23.611 23.504 23.388 23.3392 23.2622 23.2365 23.2689 23.2742 23.2117 23.2007 23.3282 23.5075 23.6447 23.7302 23.7846 23.8374 23.7797 23.6913 23.6383 23.4638 23.37 23.2774 23.2715 23.2036 23.0968 22.9897 22.7872 22.7725 22.7829 22.7358 22.7441 22.6994 22.5854 22.488 22.3511 22.1521 21.9531 21.7547 21.4498 21.2088 20.7298 20.4237 19.7726 19.0779 17.9572 16.7707 15.539 14.2489 12.7587 10.0701 9.9498 8.14427 7.85031 7.18216 6.66821 5.79106 5.50962 5.40864 4.97143 2.9618 0 0
19.8228 20.4745 21.2526 21.422 21.7937 22.2018 22.5981 22.9167 23.2351 23.4266 23.5153 23.6077 23.5998 23.4976 23.3962 23.3531 23.2856 23.2546 23.2925 23.2768 23.2148 23.2072 23.298 23.4648 23.5952 23.6828 23.7367 23.7876 23.7242 23.6363 23.5905 23.424 23.3365 23.2498 23.2497 23.1823 23.0653 22.9632 22.7852 22.7706 22.7771 22.7328 22.7583 22.7199 22.6075 22.5294 22.3979 22.2244 22.0742 21.8931 21.6184 21.4034 20.9517 20.6524 19.9698 19.4089 18.353 17.2966 16.1471 14.8789 12.2647 10.6257 9.58627 8.30211 7.85789 7.36122 6.46402 5.71016 5.61903 5.36581 4.89289 2.96232 0 0
20.0729 20.6816 21.0014 21.7409 21.8751 22.2471 22.5707 22.8798 23.2032 23.3867 23.4773 23.5657 23.5797 23.4872 23.396 23.3496 23.2569 23.2415 23.2725 23.273 23.2136 23.1782 23.2609 23.4265 23.5478 23.635 23.6922 23.7382 23.6681 23.5863 23.538 23.3864 23.3012 23.2223 23.2198 23.1582 23.0329 22.9336 22.7863 22.7794 22.7808 22.7285 22.7662 22.7423 22.6243 22.5597 22.4545 22.2852 22.1669 22.0179 21.7838 21.5487 21.1541 20.6662 20.2076 19.7253 18.7222 17.7958 16.6995 15.4696 12.955 11.2343 9.83026 8.43209 7.81467 7.43668 6.53894 5.98451 5.8276 5.32681 4.80667 2.96232 0 0
20.2991 20.9026 21.1434 21.5266 21.9652 22.2529 22.5522 22.8351 23.1329 23.3324 23.4396 23.5341 23.5329 23.4481 23.3597 23.3191 23.2411 23.2199 23.2641 23.2472 23.1692 23.1542 23.2215 23.3792 23.5023 23.59 23.6462 23.685 23.6057 23.5311 23.4766 23.3398 23.2648 23.1888 23.1966 23.1329 23.0033 22.9076 22.7896 22.7762 22.765 22.72 22.7411 22.7181 22.6221 22.5812 22.4865 22.3364 22.2096 22.0957 21.8558 21.6119 21.3714 20.8615 20.4804 20.0256 18.9417 18.2359 17.2212 15.119 13.6765 11.9058 9.34076 8.5736 7.77519 7.40809 6.46087 6.13788 5.96635 5.41109 4.76294 2.9593 0 0
20.4941 21.211 21.2925 21.6205 21.9361 22.2276 22.5047 22.7921 23.076 23.2805 23.3988 23.4822 23.4842 23.4234 23.3563 23.3002 23.2138 23.2004 23.2312 23.216 23.1535 23.1061 23.1851 23.3408 23.4554 23.5459 23.6021 23.6296 23.5465 23.4799 23.4213 23.2981 23.2252 23.1616 23.1715 23.1092 22.9702 22.8765 22.756 22.7379 22.723 22.6806 22.7269 22.7071 22.6186 22.5919 22.5058 22.3807 22.2726 22.1538 21.9353 21.7347 21.6205 21.0494 20.7231 20.3051 19.3993 18.6353 17.668 15.6496 14.3005 12.5931 9.62982 8.71925 7.70034 7.3978 6.3492 5.90286 5.87369 5.46572 4.75695 2.95952 0 0
20.6618 20.9759 21.446 21.7121 21.973 22.2137 22.4661 22.7449 23.0228 23.2246 23.3499 23.4296 23.4201 23.3721 23.3115 23.2366 23.1498 23.1359 23.1626 23.1437 23.0999 23.0459 23.146 23.2982 23.409 23.4957 23.5493 23.5715 23.4869 23.4252 23.3599 23.2494 23.1941 23.1326 23.1441 23.0733 22.9448 22.8423 22.7303 22.7178 22.6951 22.6399 22.6929 22.6824 22.5889 22.5738 22.5091 22.3873 22.3113 22.2005 22.0288 21.8467 21.7469 21.2102 20.7965 20.556 19.6702 19.039 17.6656 16.1629 14.9028 13.2869 10.135 8.92109 7.72379 7.42401 6.31985 6.04084 6.01213 5.70507 4.82644 2.96132 0 0
20.8054 21.0972 21.5036 21.7693 22.0005 22.2049 22.423 22.6955 22.9629 23.1624 23.2865 23.3644 23.3526 23.3158 23.2617 23.1977 23.1164 23.0983 23.1183 23.0933 23.0493 23.0008 23.1035 23.2418 23.3528 23.4435 23.4985 23.5067 23.4191 23.371 23.3015 23.1956 23.148 23.1039 23.1185 23.0427 22.9173 22.8076 22.6717 22.6628 22.6609 22.6105 22.6474 22.6358 22.5528 22.5453 22.4952 22.3887 22.3171 22.2323 22.0953 21.917 21.627 21.3393 20.9822 20.7699 19.9245 19.3825 18.0786 16.6068 15.466 13.5247 10.6953 9.20246 7.93595 7.48138 6.69844 6.17871 6.24325 5.73945 4.96835 2.96203 0 0
20.9305 21.2015 21.549 21.7792 21.9867 22.1643 22.3762 22.6255 22.9003 23.0946 23.2203 23.2939 23.2798 23.2557 23.2132 23.1471 23.0576 23.0397 23.053 23.027 22.9922 22.9648 23.0611 23.1872 23.2976 23.3834 23.4365 23.439 23.3564 23.3103 23.2408 23.1461 23.1137 23.0772 23.088 23.0079 22.8878 22.7721 22.6277 22.6099 22.6194 22.564 22.593 22.5824 22.5287 22.5248 22.4799 22.3964 22.3144 22.2488 22.1143 21.9714 21.7224 21.5566 21.1754 20.4577 20.1758 18.8696 18.4482 17.0373 15.9884 14.006 11.3463 9.5414 8.25161 7.54648 6.69844 6.28226 6.45146 5.68487 5.15295 2.96203 0 0
21.0511 21.2863 21.6016 21.7807 21.9509 22.0981 22.3236 22.558 22.8377 23.0319 23.1516 23.2128 23.1976 23.1865 23.1528 23.0828 22.9865 22.9735 22.9763 22.947 22.9148 22.9185 23.013 23.1271 23.2367 23.3241 23.3751 23.3706 23.2949 23.2554 23.1777 23.0858 23.0641 23.0461 23.0549 22.9696 22.8623 22.7377 22.5866 22.5485 22.5638 22.5073 22.5262 22.537 22.4883 22.4667 22.4242 22.3438 22.2944 22.2206 22.1107 21.989 21.8222 21.485 21.284 20.627 20.3981 19.6072 18.7815 17.3612 16.4464 13.6663 12.0614 10.0081 8.6453 7.54618 6.01184 6.3474 6.59472 5.8449 5.37227 2.95741 0 0
21.1223 21.3478 21.648 21.7807 21.9187 22.0532 22.255 22.4842 22.7674 22.9591 23.074 23.1246 23.105 23.0992 23.0705 23.0087 22.9205 22.8955 22.8954 22.8609 22.8208 22.8676 22.9562 23.0645 23.1736 23.2625 23.3161 23.3028 23.2307 23.1946 23.1209 23.0364 23.0319 23.0164 23.0259 22.9344 22.8296 22.7022 22.5571 22.4835 22.4995 22.4485 22.46 22.4716 22.436 22.4128 22.3765 22.307 22.2475 22.1961 22.1052 22.0041 21.9273 21.5459 21.371 20.7616 20.1321 19.2859 18.7059 17.7016 16.742 14.0722 12.6702 10.5928 9.06405 7.50001 6.09564 6.455 6.68885 6.03781 5.62305 2.9599 0 0
21.1071 21.387 21.6597 21.7682 21.881 21.9981 22.1828 22.4096 22.6921 22.8903 22.9976 23.0406 23.0132 23.0093 22.9906 22.928 22.8253 22.8102 22.8004 22.765 22.7335 22.8273 22.9081 23.0148 23.1095 23.1945 23.2474 23.2316 23.167 23.1306 23.0556 23.0105 23.0131 22.9816 22.984 22.8902 22.7971 22.6717 22.5295 22.4005 22.4188 22.374 22.388 22.4008 22.3796 22.362 22.3243 22.2659 22.1925 22.1673 22.0962 21.9983 21.8139 21.5809 21.422 20.9038 20.2514 19.4172 18.4569 18.0318 16.6393 14.5953 13.2516 11.2293 9.61994 7.52026 6.41628 6.51859 6.71269 6.21752 5.62305 2.96153 0 0
21.16 21.3942 21.6452 21.7234 21.8262 21.9302 22.1104 22.338 22.614 22.8132 22.9151 22.9507 22.9091 22.9072 22.8987 22.8421 22.7274 22.7189 22.7045 22.6707 22.697 22.7963 22.8829 22.9845 23.0351 23.1317 23.1849 23.1625 23.0992 23.0662 22.9889 22.9835 22.9847 22.951 22.9418 22.8544 22.7652 22.6347 22.4949 22.3514 22.3319 22.2901 22.303 22.3236 22.3102 22.2914 22.2574 22.214 22.1196 22.1183 22.0299 21.9388 21.7988 21.5918 21.2903 21.0498 20.3269 19.5203 18.4407 17.9758 16.3529 15.0715 13.8378 11.9111 10.1788 7.82116 6.85305 6.55204 6.66791 6.30045 5.15998 2.96205 0 0
21.1811 21.372 21.5915 21.6474 21.7639 21.8481 22.0243 22.2666 22.5292 22.7347 22.8272 22.8589 22.8128 22.8071 22.8103 22.7499 22.6253 22.6156 22.5965 22.6193 22.6543 22.7671 22.8596 22.9493 22.9814 23.0596 23.1126 23.093 23.0297 22.996 22.9646 22.9587 22.9573 22.913 22.9024 22.8133 22.7293 22.5939 22.4566 22.3232 22.2382 22.1986 22.208 22.2314 22.2328 22.2038 22.1763 22.1394 22.0514 22.059 21.9842 21.9046 21.7704 21.5641 21.3037 21.0742 20.3605 19.6021 18.5723 17.9844 16.5916 15.4902 14.3757 12.5412 10.7004 8.3412 7.18947 6.63615 6.65489 6.30045 4.76249 2.96205 0 0
21.1511 21.3245 21.5175 21.5865 21.6872 21.7576 21.9386 22.1887 22.4384 22.6546 22.7403 22.7699 22.7157 22.7014 22.7139 22.6484 22.5148 22.5077 22.4931 22.5662 22.6069 22.746 22.8416 22.9134 22.954 23.0037 23.0378 23.0191 22.9626 22.9712 22.9443 22.935 22.9279 22.8754 22.8492 22.7725 22.6925 22.5444 22.4201 22.2922 22.1228 22.111 22.1335 22.1358 22.1489 22.1144 22.0892 22.0558 21.9772 21.9904 21.922 21.8542 21.7314 21.5112 21.2935 20.7889 20.354 19.6603 18.7169 17.9138 16.8768 15.8575 14.8704 12.1334 10.2481 8.21501 7.45246 6.67442 6.68932 6.28431 4.7614 2.95774 0 0
