benchmarks/avaPyramidNullTest/release1PY_d296a00ba6_C_L_null_dfa_pft.asc
ncols        794
nrows        794
xllcorner    -2.500000000000
yllcorner    -2.500000000000
cellsize     5.000000000000
NODATA_value nan
[rows 440 to 459 of 794, columns 405 to 449 of 794]
1.0587671910081890569 1.0720249031929420802 1.021896556164309855 1.075182924250903449 1.0815729435557406291 1.0741075493474872005 1.0827800339236115512 1.0970449890047786479 1.0587000243391080367 1.0603191916214764756 1.0777448924865025148 1.0602425599262474964 1.0626109288142275844 1.0712807335632557049 1.0348324919381177711 1.0132959627706605854 1.0018795152069999155 0.9908530374786317374 0.98748659889909928822 0.92832034726924606005 0.93181701393982530046 0.93741673500053224188 0.9304978130341107212 0.8618547323161374063 0.80813590294292803051 0.80979846861366033828 0.79759768010890741419 0.73071643871667912862 0.65154000180641047368 0.52740357272629034835 0.42282049352954798049 0.24057470915126111244 0.39417801542093777734 0.30269097108028175658 0.20750175400103315626 0.15711787997030293718 0.018167907487611059669 0.0082089813743742665736 0.0095565955373311771426 0.0098325800126864027623 0.0099934499194652779558 0.0097891686861335466818 0.009805991193919847207 0.01000247934272096087 0.0098489033996306332708
1.049733473306614373 1.0668365643717445668 1.0203999386677720107 1.0721549408723067831 1.077030727604093352 1.0606387245587989288 1.0819464232823137184 1.0867861564983889444 1.0576111008081565679 1.0627377880152013567 1.0576068006029277768 1.0582355000206622453 1.0482738683945875824 1.0770381066645513535 1.0344350721932933368 1.020539126793511997 1.0007855026419807398 0.9778367126644603724 0.97890389584298687087 0.92586219757593302138 0.91868471353137026725 0.92630391823103230831 0.8996608208889559366 0.85038528641675514841 0.77667927709331807673 0.79080361091731121714 0.79278319160493482265 0.72000266053509520692 0.6428597462688998565 0.52963838535821106124 0.43080624935743278003 0.22867528121461466739 0.29936286771868941825 0.32194448169997885723 0.13536821007633578762 0.1723781395058735233 0.092060907550581549952 0 0 0 0 0 0 0 0
1.0628457360395191511 1.0897357284242998876 1.0298888968310919712 1.0595879148118552138 1.0736447893795089126 1.0526595839312653524 1.0669903982739219472 1.0891344560987925583 1.0578738973057741912 1.0597734418561068903 1.0444420019695681567 1.0627427402226408137 1.0524818981463075485 1.0893890742938867611 1.0370077786703997269 1.018123023094702484 0.98453832088264003897 0.96530936443757886511 0.96819591953665640194 0.91971441443649526448 0.91398315260573714802 0.91645958865613152966 0.90848494241983468456 0.83953678676726251062 0.79353971579559112737 0.77932943596990245094 0.78501253090607436835 0.70248263034937452609 0.62561016571555716492 0.54382686275831537692 0.44007989601712788064 0.22277437657650925318 0.27084722871827637825 0.29446798009627561665 0.11866227693979634894 0.17873641401362147518 0.15587849403473302834 0 0 0 0 0 0 0 0
1.0549988091684807667 1.0800019258654274257 1.0424454385732411232 1.0565880207491020748 1.0744566721052599689 1.0502556282515034258 1.0677030762922672391 1.0831619418509337294 1.0495315824090989398 1.0569720917190656984 1.0686496933599263226 1.0463102338140914949 1.0512163055201895201 1.0810665416533600247 1.0286504660499622421 1.019943807048161899 0.97804951199290512953 0.96618917057047515318 0.95897736206380723711 0.92072876085507404653 0.90607000708801588296 0.91620880163167595089 0.90664453022097724055 0.84115542187343472769 0.79849813426171223352 0.77830072951920703517 0.78541776590459588814 0.69938775400500630131 0.61227070736088595737 0.54144363402315287548 0.41200277477433561168 0.22520102288553262015 0.25717818775954126576 0.29646033015397288413 0.11779122382283085946 0.18423288121287612062 0.17240225347397039601 0 0 0 0 0 0 0 0
1.0593453595403101719 1.0660071129087715924 1.0429350798475967022 1.0558500679028492986 1.0699254644943581027 1.0442282033769478833 1.0754091122794338098 1.0762972144606826053 1.0574327509262237967 1.0568412805994906734 1.0785099035825087554 1.0460139905796213 1.0662349940602453557 1.063649697554457374 1.0388214759572798052 1.0150211850262349511 0.99111588305228492946 0.96960382858350246948 0.9440857325511907705 0.92287348141327074647 0.90584199943755983053 0.9167490642449060978 0.89371936184226952182 0.84062317420890608766 0.8076246595460031541 0.77806756299421053757 0.78808606482950294136 0.70278874105008326545 0.60900345409264355911 0.53186850177722611033 0.38148899497467353426 0.22862134483543564145 0.24161400633815705019 0.29053732818180771913 0.11825826801333154392 0.1841768404082463062 0.1758455078745914113 0 0 0 0 0 0 0 0
1.0725068021539534424 1.0586175725829509719 1.0419933152097764495 1.0560987139718078787 1.0620536632137964617 1.0440946507986390568 1.0808866785627713192 1.0683288698556991925 1.0659616939955454118 1.0555185954449819441 1.0777217957002500626 1.0507360740821101164 1.0665752716657339594 1.0510733210919582792 1.0451302052508579798 1.021528286590466017 0.99078951073405752137 0.97013530025862204642 0.95641581593105962078 0.92618780491588759141 0.91317927751769800704 0.91981734611764820464 0.90574472321165400146 0.83409866265997767432 0.8171225310624872229 0.78426028373989464804 0.78880566800741069855 0.69477164623810705457 0.59949499369603620469 0.52222835694521618777 0.37731492600151028682 0.22484096991320726144 0.22834219477690026467 0.28449975413601547025 0.11845187381648965286 0.18131376928419123962 0.18100221817417630477 0 0 0 0 0 0 0 0
1.0872942859798351289 1.0554635944239825207 1.0455869403042441501 1.0562351692255389501 1.0641642890143301337 1.0535963555765250899 1.0838283344924202201 1.0718129275097132425 1.0642860272655159104 1.0548900294269676348 1.0759634987655080085 1.0584630461598141249 1.0645145845567538512 1.0421699904569892148 1.0383612398114279163 1.0239339953391755067 0.99320525338091603107 0.98121504384608149163 0.94206486424794422252 0.9468687698522370022 0.90763400442951647218 0.92401975235549349552 0.92819336905884841649 0.84228916495333006065 0.8267433443603693366 0.79771800525267200221 0.78341106463106247038 0.69008934037517677407 0.59450488524214650798 0.49847110137005090635 0.34418601827212302879 0.24849957076831760694 0.21307220365354107017 0.27732340916947928466 0.1186956134983344624 0.17976810783146465744 0.17595309167284806096 0 0 0 0 0 0 0 0
1.082419055116392359 1.0559685126018083512 1.0464379754713712956 1.0556007150622772617 1.064817347156819638 1.0574012372626901968 1.0840281635240998082 1.0759833312756810209 1.0666810580129790775 1.0590617358204419407 1.0762648979663500537 1.0663043409741743694 1.0603346549574470536 1.0446205039795632974 1.0349984509643859187 1.0244144829819434861 1.0171565908580639803 0.98474532238424949959 0.97012876132633085735 0.94703233510110662596 0.91162138106193990605 0.9311068723219578791 0.90474130979420586129 0.83991678884554332729 0.82974454337009695415 0.79723348045064501566 0.78067796555669410896 0.68252608829488159436 0.60377933955072471406 0.48008625331614585008 0.31484348003053119758 0.25288382503601131157 0.19764168420284619621 0.26504357580497639457 0.12380825765041997277 0.18460402921576080093 0.18044599289646545692 0 0 0 0 0 0 0 0
1.0820288957945709551 1.0600657798406101229 1.0442699030181175068 1.0555297389788855789 1.0637478104201516516 1.0610050323345525669 1.0769693477009578686 1.0673986499869965172 1.072365160514073823 1.067207076711117697 1.0717079836303204932 1.0737733648566984979 1.046372757296204048 1.0549073645102446939 1.0330262065728139653 1.0294849516257693622 1.0190570284120523681 0.99839206167039817874 0.96991986991207579383 0.95947463628706819438 0.93545080726821816519 0.94448424108663731058 0.93985894648511314475 0.8670213041422170086 0.82884514825191035747 0.79038748045666562536 0.77061187518788643036 0.69439096354097207264 0.58236330302046113161 0.45817638269784805027 0.32193743615143632919 0.2701658186694163577 0.18690520074989980248 0.25640341560211327154 0.12915462307938255226 0.18330156396229668747 0.17888444029190181395 0 0 0 0 0 0 0 0
1.087871095622596096 1.0670948034389173831 1.0446040908425677785 1.0503905442943788362 1.0608000192850826071 1.0668454620738134775 1.0773394895549559536 1.0683319315567463281 1.0734198581118901128 1.0741915616523134425 1.0571475863626904612 1.0862471794287651417 1.0432820632072992151 1.0652882076804817135 1.0340162215830430714 1.0441305377367002816 1.0233886346705569625 1.0233925791593454502 0.98733124042279152288 0.97761744276262296793 0.94364198100183649398 0.95213758061855424675 0.91448544830374856041 0.86395451570129033758 0.84511678608506890509 0.80975718015023290253 0.74755870301436111447 0.70096414926722261374 0.58619097510902984371 0.4174536938209528758 0.33840283997326497945 0.27286504214382062417 0.19712925647564238929 0.2530865983951327558 0.13670165000953110601 0.1957453508192962266 0.17731873948050147494 0 0 0 0 0 0 0 0
1.0858370887071391309 1.0780637249381255227 1.0524117361965232842 1.0566619530530312332 1.0529483420406768879 1.0660446191536447902 1.0885432298729729172 1.0839464692397609014 1.0856769022339003428 1.0816856760681823335 1.0675568635409089513 1.0898093847648884225 1.0730611765532331869 1.0754266908941025882 1.0303404149190515948 1.0841926451062653403 1.0294403787809489614 1.039048137126716842 1.0066182198074824505 1.005327694619053025 0.96145660814924038817 0.94946821299869732513 0.94932923239310385011 0.87972901667362701783 0.83983334607714610343 0.81431346833017537179 0.7471579752851816858 0.67174645320782044866 0.57946002715799516114 0.39782043420009766121 0.33855920240827724887 0.27008705982596353801 0.20903213774797746449 0.25042796095931235678 0.13730036580555923797 0.21248399406679269186 0.18187852996420156293 0 0 0 0 0 0 0 0
1.0730448002362700244 1.0851670761247913521 1.0644896596105883901 1.0639739161114010191 1.0550699704089843145 1.0757163603695605314 1.1043242657139249463 1.0868877852013165697 1.0944359983384595036 1.0803955422910453965 1.0775544507695864471 1.0933953756031349336 1.0973446355472475933 1.085016403167231136 1.050660448734052288 1.0946726268728872444 1.0431401669781934505 1.0346836673342276747 1.0181893459574515859 1.0061269967840507089 0.97776846574029130377 0.96809044862996096459 0.92953594317302623562 0.86802017963540634149 0.84159443948652146172 0.80402761352519780402 0.74357085473716433288 0.6339164524305863635 0.57900141576520469666 0.37553593465723861256 0.34012214112538219357 0.26237927565980562195 0.22132117951762736441 0.25448604461022689138 0.13958350029907939938 0.22297186218607800701 0.17708498351859569553 0 0 0 0 0 0 0 0
1.0916363369854020782 1.0889715266085824297 1.0719428921879539107 1.0744821657819909611 1.0718617673932235856 1.0866778890982204953 1.1145941203769156314 1.0829505141595872075 1.1063568280077706873 1.090286828611806591 1.0819960055280999356 1.1091031275483160812 1.1220833323669889836 1.0882606293545673548 1.0762949027727259921 1.1002635759562962026 1.0633933816588283516 1.0522684273161690971 1.0327779430523873483 0.99360106561817318482 0.98644871355681029712 0.97105795569239361509 0.93737651097507390663 0.89155131483689376015 0.8370232204249129504 0.82123413711789394753 0.72529296348565974739 0.60317647418301911788 0.56564307930711354988 0.35338982630408666274 0.33710797325704972005 0.25579160590819766119 0.22295667709697694625 0.26500496713549376304 0.14517962406591619628 0.23474535823357944864 0.17916214086037920983 0 0 0 0 0 0 0 0
1.1128119721374143403 1.1145980279273075553 1.0867393266169858013 1.0931051789255172846 1.091034011230999079 1.1074081010225249599 1.1198735485202973017 1.1034752479140332859 1.1163408107560128801 1.111895723318300444 1.0946596296909720802 1.1236936490208304651 1.1507745866028331605 1.105076136618417193 1.1033906890369578058 1.1095344015598251897 1.0801304158043592007 1.0644797452146093075 1.0448650360996090125 1.0046596540615786441 0.98640221860928889441 0.96906588138049354342 0.95089664823897057655 0.87510106458326375467 0.82408983647484812529 0.8083594413642608556 0.71581210493478242274 0.5756986962846927236 0.52944573642465975194 0.33972988903544032446 0.3347858016305600426 0.24752966357288402888 0.22135185895597603301 0.26093903566922072024 0.14610547116610489438 0.24386679755854254181 0.18033914726218186475 0 0 0 0 0 0 0 0
1.1311929554148310029 1.1341348716613470771 1.1118102761337882445 1.1165909001117508836 1.1107339233257194078 1.1284371075061823131 1.1388323313108725809 1.1229925423945723573 1.1296592844332904448 1.1330277901793861517 1.118393143488349839 1.1288592424329606523 1.1725158863627818118 1.1205897871020169543 1.1261376768771702572 1.1224035609565752303 1.0925562553383545428 1.0763089531276717192 1.0543214885136618086 1.0153479274726882053 0.98574007195553736693 0.96869853750106149626 0.93930397744670413029 0.88658071279816574872 0.82061863680578173152 0.8111864014189799077 0.69090233004313228449 0.55482882748647233129 0.48973838568716343556 0.32493009925171356667 0.32288344504403765356 0.24881053170720077161 0.2124529844575531734 0.25359960845482348857 0.15333309859842284006 0.26149964203374914673 0.17598292981333324425 0 0 0 0 0 0 0 0
1.1462642393052888679 1.1476879929691310434 1.1388858565372868004 1.1385938386300091807 1.1206633332543580739 1.1469172830255001116 1.1656377303218352637 1.1418926382847798262 1.14333266333012884 1.1527695604207714997 1.1317720934728996429 1.1419743471613532648 1.1847937835788076022 1.1313912802243111244 1.1428435792467208643 1.1389518047927611466 1.1010898189405262659 1.0836248128687375747 1.0611493178477386934 1.022931307868656603 0.98865130752845442608 0.95840255501301163665 0.91862618011819874297 0.89295038298895490492 0.81645144776346700866 0.80369639520046820547 0.65979645035929479491 0.54093444281339930768 0.45355141001219079211 0.32046475239036847915 0.29823656607623022508 0.24841536763945970545 0.20084766902705022962 0.25079969002563340386 0.15231692945379757265 0.2743810062409328121 0.1794806748116473949 0 0 0 0 0 0 0 0
1.1612642125412975247 1.1584373200888968825 1.1628045677148286519 1.1481054296050241526 1.1411463064639819631 1.167172041621895584 1.1906708160734549296 1.1537736477008442293 1.1543706550297376801 1.1692831086541184415 1.1442467734639856225 1.1616651225825604943 1.193092961706537336 1.1449749333742296198 1.1542987347082733773 1.1592700718324422393 1.10627815177674238 1.0864412601323285568 1.065511203425572706 1.0259235970213098632 0.99296405903185103181 0.961582089832619058 0.92003425142456640717 0.89141909012861553219 0.79168907423099432741 0.78455766468567322836 0.63462710874795946747 0.53865030118465784259 0.4373225073786011774 0.33420861742132118577 0.27563622447564051221 0.2432505801243706467 0.19243269861056827574 0.23842575021017095582 0.15543897496395508995 0.28468800187000853352 0.18369429447604837535 0 0 0 0 0 0 0 0
1.1725792235982974709 1.1759917263745345295 1.1700981940035943829 1.157659408512434096 1.1568446545489627919 1.1724812466337830585 1.1914121073049266375 1.1727550897213039338 1.1645302923121136907 1.1864363084950710903 1.1533886792701626423 1.1753904913647594821 1.1983503922382874318 1.1573841753860811821 1.1561690275824159091 1.1683370860007595837 1.1084623319786308659 1.0849142517521397355 1.0676147333623944302 1.0247306775608420182 0.99870698464260032612 0.95668922620710150628 0.92757784200880877279 0.85954460870073823298 0.79647969076391655907 0.7636361948663926702 0.61097352546254279915 0.51483343096762113067 0.42774736974314736537 0.3239396980073304122 0.26340367688445842642 0.24315472179051747514 0.18387291541425682118 0.2391757364398646446 0.16210827062447510927 0.27369994231844185784 0.19063541572344291919 0 0 0 0 0 0 0 0
1.1828302189588995041 1.1966787849320503767 1.1642985917353361192 1.1736723483655620015 1.1683249470778258594 1.1862559559243446294 1.1865816156404691561 1.1932384537371170108 1.195719318992213509 1.2003027584178809217 1.1803959708171603005 1.1831958528130821495 1.2215940747340168215 1.1744687833634395169 1.1657277963698358114 1.157285379179694873 1.1080107308704820746 1.0792854614654225909 1.0676396349785437501 1.0230508111334537524 0.99855634852919417099 0.95184078078995282279 0.93308715760329685729 0.85557075599429199819 0.75957298140604811998 0.7629071703065986032 0.60617182678489134329 0.49875106541460340059 0.41648892162354517188 0.30795634104287528121 0.24964617490518525855 0.24431047701658492599 0.17432063789388457797 0.24258218568414391392 0.17152674916432195107 0.2571057498260857499 0.18651967776740702165 0 0 0 0 0 0 0 0
1.1821037660999913488 1.2042666533806283269 1.1783344388397585245 1.2028045661135287059 1.1793486940723691969 1.2150660897537153282 1.1907106501942923416 1.2056677347053035287 1.2302006164777816721 1.2171241073226637397 1.2225333532946465187 1.2022840732740331937 1.258285032615966692 1.1810155759355895899 1.1840695372482421543 1.1492266127970602874 1.0931059842393349157 1.0842697183808518435 1.065760690169785363 1.0184554796156750633 0.99440201088110957706 0.94751696560089615495 0.90776568695426085309 0.85675329618668483178 0.75747711021122898778 0.73725829587830160605 0.59217816730116801249 0.47807511648324713116 0.40235974478268149435 0.29709475423002185135 0.24114135735038672026 0.25572754219454885138 0.17405083400184911957 0.24111555574529630608 0.17601231405555495257 0.24181254480622035863 0.18361161405320683415 0 0 0 0 0 0 0 0
