benchmarks/avaPyramidNullTest/release1PY_1954323dbf_C_null_dfa_pfv.asc
ncols 794
nrows 794
xllcenter 0.00
yllcenter 0.00
cellsize 5.00
nodata_value nan
[rows 462 to 483 of 794, columns 350 to 399 of 794]
0 0 0 0 0 5.253250545250415 6.659527559742013 7.282288634041086 7.614748091517123 9.469634390063623 11.70134137949695 13.29283937604293 15.63773341492359 16.96590202556483 17.80894483150908 18.4451567317116 19.44763466659047 19.74406901005126 20.23733131647093 20.6906364827042 21.13468715103569 21.49918158054655 21.75202435603061 21.89787908820722 22.02441806683173 22.10584648339988 22.19106540277416 22.26802550256681 22.35056364705265 22.38891344762302 22.39045012207336 22.37027579271445 22.35590957141859 22.34678762082071 22.3066992691225 22.41936200470609 22.58397199437451 22.6630382491871 22.69337842981938 22.66006792939797 22.66836546587615 22.64034839760447 22.62038724133778 22.76004913244476 22.91898219197257 23.00169633484797 23.03711873533919 23.06640198137156 23.01055736161596 22.92014319158858
0 0 0 0 0 5.053774386427955 6.587048570712033 7.041034036729767 7.215073576062161 8.866811487125663 11.16642378633105 13.09698590990862 15.28842497196369 16.42127399753571 17.618977653644 18.33206366155594 19.38669981379156 19.78716955815607 20.2878826682948 20.72270803520564 21.18989344596842 21.57631667896173 21.83876911478323 21.98796286327599 22.11907849791494 22.19804540559049 22.28894056687974 22.3560785866543 22.44321621070642 22.49633009217869 22.49915645368783 22.47580719172649 22.45896989078393 22.43953333513818 22.3902048237541 22.45540119618131 22.61324231135726 22.69652868036808 22.73160710847502 22.70394898866888 22.69876852016305 22.6629160160937 22.67067477964543 22.77192825596869 22.94024470442253 23.02266099946432 23.06854365654289 23.09401588460548 23.0435710730007 22.95831629465017
0 0 0 0 0 4.887977687647827 6.24585609753066 6.737533154836857 7.106336724565927 9.604569625360979 10.65635139376903 13.72451669229637 14.88742738156984 16.35928079428545 17.42397150181809 18.45984082218552 18.95068273054024 19.84198144809653 20.31301853656235 20.76680750983272 21.25223332807744 21.63484973613537 21.89678336117274 22.06589884268483 22.20250921896176 22.28941979832263 22.37926236601424 22.44293482109592 22.53452165084562 22.59615009172741 22.60042875280821 22.57442890646627 22.55508893362622 22.52873431898382 22.48020873149991 22.48996745465207 22.65400742319778 22.72958827772497 22.76551268555445 22.74079335321794 22.73683642679322 22.68154664347546 22.71963079323056 22.79527451612066 22.95282631751926 23.04384591078938 23.0892806965389 23.1192559715439 23.07285262236333 22.99250810923019
0 0 0 0 0 4.728792794775136 6.079004099167285 6.492006480421603 7.051415849658178 9.606073997590222 11.07833825092309 13.36650297904679 14.44916271034018 15.99661491515062 17.1221624474455 18.39833702078991 18.87403041000103 19.81505373089185 20.31398294309856 20.79046321319338 21.31003179761093 21.69844338652423 21.94935390463284 22.13301542892328 22.27334797486116 22.37148267708054 22.46780507761351 22.52774539267491 22.62388672050844 22.68702003264987 22.70012112875541 22.67140033034952 22.65139483884164 22.62232016188271 22.57261883295618 22.5241988943931 22.68212412041569 22.76064863163114 22.79613337288322 22.76925364053887 22.76425236389895 22.696576361972 22.76480527813748 22.84441392431412 22.96667887875234 23.06473797317447 23.11253838458711 23.14284632166599 23.11422436598518 23.03259724983753
0 0 0 0 0 4.560282377047148 6.291568910988771 6.461859743803852 7.028143644329206 9.08563668013489 11.07833825092309 12.78663018854106 13.97164073104354 16.10168060390816 16.82777833913897 17.87561285992467 18.91629568996608 19.7497323894406 20.29165183432369 21.15613659884274 21.33787935665544 21.75437677488047 21.98916364486079 22.18359037723157 22.33593971744729 22.43528161140146 22.55381849207759 22.61361396344074 22.71410821710396 22.78166625712346 22.80221395262103 22.77337791629375 22.74159873382357 22.70568242658121 22.65191015390231 22.58038750486459 22.70926655403925 22.79056943288916 22.83010681215831 22.7954455595434 22.79341492884083 22.71395920609411 22.81296529282561 22.88377241161181 22.98741809563425 23.0898210393806 23.14362752958113 23.17662374549763 23.14847637764254 23.05763077015009
0 0 0 0 0 4.427012280050887 6.58902210969552 6.97863673509681 7.004595973058954 8.562415557738223 10.65571896802511 12.22005392435688 13.44568910454977 15.74605879037813 16.48670184652395 17.87367946231614 18.74971674417609 19.6079944766357 20.24713245263581 21.14571771230156 21.33611923682017 21.85166501738385 22.02768178600529 22.20845623498634 22.38244282152249 22.4999881671297 22.6227896879218 22.69526453334052 22.80340313577174 22.8703405190417 22.89393372369612 22.86876440745904 22.83156376676519 22.78509164976045 22.72915613699426 22.65716444722988 22.74219840751493 22.82208661542499 22.85841944820753 22.82221918422395 22.81327223739073 22.75731820453148 22.8542248164546 22.92911221443245 23.00641911702027 23.1163007205684 23.16981812448487 23.20724831653957 23.18346252721797 23.08785713795831
0 0 0 0 0 4.314139543909254 6.482869408803787 6.856168906567114 6.917403076367767 8.055016042395803 10.08334639338316 11.64688226770804 12.92249372799985 15.26340131230891 16.08732965425662 17.56435209948328 18.52013946808617 19.46186576293561 20.16853635197308 21.09469991422183 21.30109591930176 21.80351720604093 22.03868897235387 22.24152261613238 22.4172029589816 22.55900525205798 22.68719967369154 22.77678820317682 22.88151585415179 22.95204848358906 22.98536129261588 22.96489856627677 22.91500732836523 22.86869666236271 22.80966220761534 22.73841127436725 22.76163377204708 22.84619067776828 22.88828623225409 22.84255156768329 22.83026595223682 22.80132548726153 22.89678962255713 22.9633499716646 23.0257618536809 23.14756633588074 23.19936886531364 23.23220560946289 23.21468175133831 23.12834616901843
0 0 0 0 0 4.223600884259806 6.463794314834969 6.580137953492108 6.856112465847477 7.612009324205768 9.518334400428387 11.09534062174844 12.33196748936599 14.73259637298291 16.60254926513692 17.68555013848734 18.45739770017186 19.30057349666748 20.04844286289555 20.93064389860247 21.2408013961819 21.75404167012064 22.02753489123666 22.26727130175569 22.45806665875038 22.60462110634507 22.74593590435556 22.84989963490422 22.964313406856 23.04420540372891 23.08160056123866 23.06048541496935 23.006890702551 22.94589483817017 22.87655762530109 22.80946942039887 22.78533223210576 22.87365432024268 22.91745113659974 22.86513811055128 22.85269224853261 22.84139095794156 22.9358744386373 23.00110091051744 23.04096964514635 23.1651606212918 23.2160185045235 23.25378839300009 23.23216006134597 23.15690741355309
0 0 0 0 0 4.134664734976086 6.327710670943016 6.422814755736234 6.811975727014417 7.242182017277346 9.027919359326567 10.56592982258703 11.77088303019648 14.17510162940466 16.33006673214102 17.27050223545863 18.54273823402595 19.13847308272059 20.45366201676203 20.75351635274464 21.46409046061585 21.68997654416888 22.03178187276518 22.27565842631286 22.47242721910255 22.63729884797263 22.78735908307291 22.90800484570616 23.03444889552769 23.12708149771073 23.16458695866702 23.15137283791373 23.08519075372406 23.01487629415956 22.9458579216391 22.88300098051565 22.82363776010743 22.89539312735544 22.93770972251269 22.88801002667429 22.86461165194623 22.88462458065982 22.971459973758 23.0362627781167 23.08451545697101 23.18314803215419 23.23381465140734 23.27322740950053 23.27075204348784 23.19157467886567
0 0 0 0 0 4.075114011036295 6.231491151921912 6.349567228964776 6.842897260982772 7.305447462067595 8.585880816787531 10.07619774341636 12.33393373818627 13.60565683621202 15.87991816758118 16.90022487623083 18.28120619548198 19.00797424655696 20.25081983564409 20.59882304851463 21.36285024978258 21.76962252993885 21.96748338972218 22.2528522027397 22.481795412734 22.68507830156425 22.81075811583173 22.96717626509134 23.09394151905975 23.20166737766917 23.24257629420398 23.23389594292418 23.15337666907311 23.08091359926483 23.01573389616886 22.95169470540533 22.88910892863383 22.91507305682681 22.95813302422803 22.91232624528554 22.88378419046161 22.92551596264018 23.00897290629104 23.06449756589684 23.11781035754839 23.19954909741362 23.25587619474252 23.30549330510548 23.29789376535265 23.2151943102609
0 0 0 0 0 4.039596572582581 6.097348056072669 6.242045318478061 6.893245527592993 7.346195445006932 8.238236946988364 9.609118320335416 11.78742861645161 13.02069393378818 15.33343972552901 16.41832163359079 17.8939173423356 19.01687522613588 19.99542125700491 20.62762156988265 21.13189235796505 21.67457620040365 21.85992150837622 22.18937585821667 22.45505457665698 22.69968826343408 22.8627106112097 23.00833934375579 23.15165792386062 23.26382113683467 23.30328854141354 23.29521326999184 23.21653921675787 23.14409666266537 23.06845601846656 23.0036909080802 22.93922083083467 22.93565004245755 22.97653219895988 22.93514254306113 22.89058633533308 22.95871265384819 23.0418013752971 23.09834399402992 23.15532327285543 23.22275705426996 23.28059854489626 23.33250179528491 23.33138424227565 23.23664599819583
0 0 0 0 0 4.069339861269618 6.04446877252489 6.111683304288714 6.940149123348878 7.357117166919422 8.002427647050265 9.162050202780865 11.20379762896448 12.41189095781308 14.71275437858902 15.93548628493112 17.47563469731473 18.69157559094451 19.7091982234429 20.42399133004119 20.89899425427418 21.455051866614 21.75831727985488 22.22046542233339 22.42648225475228 22.69008723072142 22.8694286421974 23.0308493502713 23.19033160618213 23.32586193611195 23.37212046821313 23.3665934525955 23.27534029025801 23.20517701846064 23.11889844718936 23.0627786256596 23.00191174279182 22.96638401613441 22.99070839883529 22.95566466477653 22.9016056451013 22.99584494424163 23.07320859797086 23.12614179170941 23.18732904528838 23.24917704312345 23.30860102654702 23.36108543249828 23.35257847112738 23.27834965074747
0 0 0 0 0 4.097203071484612 6.015023554235187 6.193195080468461 7.576064893086858 7.343536377953241 7.938322073913024 8.694844710592434 10.65996235721837 11.80328419966816 14.07969551203909 15.40966385433206 17.00131561661102 18.03925470507939 19.40277139263939 20.17216569842562 20.68348821793507 21.28286042234913 21.81198148506028 22.05474677101349 22.36512219084284 22.66580571473047 22.87032598972933 23.08007571115181 23.25114741704252 23.37327474409468 23.42774512235599 23.4166097032205 23.33135411680653 23.25763185151768 23.17272751093405 23.12508705379665 23.05384739914706 23.01176127846924 23.00853747414606 22.98303243254842 22.92314945911016 23.03231761926999 23.10203591660698 23.15515997331075 23.21929535198522 23.26181420918943 23.32268891033952 23.37781468835342 23.37083459235567 23.30640677689881
0 0 0 0 0 4.155816857731998 5.990394178794437 6.236981281373468 7.576064893086858 7.947628190157705 7.881875484005772 8.328669044621646 10.196870178447 11.26794808567079 13.3638277651567 14.83502687611099 16.51708788733351 17.8561233957986 19.05842424052168 19.88670956168663 20.4655454836412 21.12180033150739 21.68602993081451 21.93716403977562 22.25807964812258 22.62424212947928 22.87167957866872 23.08663898366842 23.28296998305657 23.4299302212383 23.48972162238729 23.47388435777039 23.3707220663946 23.2933747183144 23.2187188169569 23.16912699015 23.09993387875963 23.05308699531047 23.02007125699648 23.00066821566262 22.94428389859416 23.05784739115954 23.12815923009522 23.18719306317815 23.24646564021295 23.27649712286994 23.34186264878053 23.39959564222251 23.40429823132318 23.33651876657667
0 0 0 0 0 4.234884193877982 6.028196715503805 6.20991229033211 7.539197220460984 7.683502584889109 7.874876232420077 9.305647106637329 9.823274331930079 12.16030310422037 12.75280735006783 14.23175375273091 15.97704803487044 18.03511628140222 18.66725424128294 19.58037218709031 20.81190560334543 21.03982385086925 21.39657724751069 21.95862545329824 22.18950628799556 22.54543210279074 22.82521676348382 23.07216915803724 23.27727353729968 23.41492041325801 23.48775124664872 23.48470039518662 23.39103465518659 23.31522823735275 23.24768777993521 23.21699360529636 23.16144064553536 23.1181957141658 23.03520830018105 23.02149755472955 22.95814831885631 23.08807692611505 23.15209807428082 23.21801248049603 23.27069786625061 23.29595334926933 23.35561859205943 23.42403177512698 23.43705351628845 23.35970952613051
0 0 0 0 0 4.327972478850559 6.003838925416188 6.269935040200265 7.468663017884637 7.376402115111729 7.920181044617149 9.336763224204439 9.534874545893762 11.70269103937972 13.00043454475144 14.5030007548958 16.25071529447548 17.60196359193288 18.27198870557448 19.19349579738283 20.52612290737578 20.81978857684698 21.16789314851362 21.7971243695631 22.05349990687232 22.4506921262118 22.75068821585059 23.04553616220135 23.26686929978642 23.40706540921273 23.48367711064645 23.47229258674451 23.38014296652612 23.32432291339301 23.27043077160514 23.23553213819581 23.18036749532774 23.14605517607137 23.07534685862447 23.04273410139247 22.97343090165859 23.11118384745783 23.17280599169487 23.24618592895449 23.29356206558638 23.31146661354263 23.38592474300034 23.45801726089532 23.46561349005096 23.383264484345
0 0 0 0 0 4.414694124400058 5.914266379654732 6.261569195384136 7.377137644971307 7.373451462004546 7.954247836017074 9.033922636352683 9.321720688460104 11.10301554094749 12.40783644251832 14.3732879649536 15.70854918963916 17.0726368080582 17.87326363491058 18.86517431313866 20.17701970422828 20.56610717179136 20.94445054566516 21.56930774302685 21.88202873194037 22.36072829118573 22.71500146938642 23.00093723571765 23.21817257886588 23.35379980937747 23.44296347065034 23.45200649383734 23.36902268866218 23.30779780360645 23.24784754366406 23.22532352400273 23.18571214667947 23.14467080599925 23.08919007610741 23.05607340896933 22.98504147464566 23.13545965820787 23.19080637408251 23.2704515361647 23.3102563189569 23.33233032836189 23.41607623859024 23.48459593667523 23.49225575466997 23.41617683610335
0 0 0 0 0 4.495943959911456 5.711599724189729 6.168997269235019 7.277686462176683 7.37283481695171 7.897204592116561 8.687501334452309 9.157164276351777 10.56748710282075 11.78126094506276 13.80717873803786 15.08477163675977 16.52405309045413 17.35104742942928 18.48309560911658 19.78562973347038 20.27779131309464 20.89659651701588 21.31156352934237 21.83936558918316 22.23189250173992 22.58134551357329 22.88694266839645 23.12520463671558 23.27524870293327 23.36839234859706 23.3818182999683 23.31784519331766 23.28309494656591 23.2402882568345 23.24063417922989 23.20488998310223 23.17632639082492 23.10352597299596 23.08013443545707 23.00534720885022 23.15559484136249 23.21348123911932 23.2971081629961 23.33509377450187 23.34415984079173 23.43893197241895 23.51088298217052 23.50911362624888 23.44992089452108
0 0 0 0 0 4.576846207734415 5.613539126996606 6.063258484819336 7.124882568121319 7.401682960669839 7.788679247493188 8.312526997815562 9.036423517145925 10.09632784054435 11.2151910046402 13.11788803929409 14.42290905060446 15.93748513451858 17.67212356070863 18.67342562441375 19.36810126955055 19.95632057941019 20.62053405143941 21.06728630519205 21.62497533785105 22.06170494982211 22.69881895890979 22.81019887443009 23.06209234056621 23.21474124720081 23.31649628558348 23.33803329747413 23.26573090144718 23.20416390264877 23.17972720304773 23.18075149992142 23.16327448190501 23.14263185401147 23.11021372903444 23.08702306817344 23.02727965061559 23.16991812295848 23.22596204624299 23.31967122747413 23.34817671763096 23.3650248028817 23.46301870366669 23.52721949531912 23.54300690676369 23.47914756207266
0 0 0 0 0 4.671155967628692 5.82594379490524 6.236901106819108 6.962758648506503 7.479234624292641 7.609711700175689 8.157358356536554 8.899893486361478 9.703486581790623 10.7029039891298 12.35672533868352 13.75173246051303 15.33414912265158 17.17496310756656 18.1873920493239 18.93583201842196 19.60387994201803 20.31517447721402 20.98191394298914 21.37087367025372 21.90098440943663 22.3449138273477 22.6554494540325 22.90282788358492 23.0596829056915 23.16837872513382 23.21288484325604 23.17714987794264 23.15528051053282 23.13315335279894 23.14764131637161 23.13005919633737 23.11595588991099 23.09756153755972 23.0861171304435 23.05284590200881 23.18538486633327 23.24284075514365 23.33638673892614 23.36644705607928 23.37234471448396 23.47621679183256 23.55103974202913 23.57522469515409 23.51119340197685
0 0 0 0 0 4.779885580397173 5.715270765184852 6.480985325358554 7.214649886698881 7.589623944670248 7.496084929233264 8.225353685002359 8.749854233611623 9.363504591876231 10.3095104497292 11.65846170345667 13.08820016473007 14.70778910815503 16.61482652535713 17.68133060599191 18.49519490882077 19.23206839654756 19.99012172946586 20.70294838220362 21.62316188791445 21.72847802761663 22.13638855283687 22.48439872013222 22.77969186010892 22.95450511201217 23.10090103251781 23.13275453291768 23.04980687718693 23.04495644651672 23.05207326506917 23.0740136077299 23.0749823309129 23.08941472225936 23.11268660309342 23.09977848131555 23.07130631579146 23.19280522430987 23.25436752343868 23.35301289751669 23.37577802802292 23.39029941895591 23.4997201707912 23.5864198044971 23.6040263114965 23.5329793129838
0 0 0 0 0 4.879610734295372 5.482345696782084 6.752671032490102 7.48153309855851 7.686326651378621 8.248828939144364 8.294181817711143 9.302122999523013 9.73901309767886 10.03753974951188 11.06413559256283 12.37597564201234 14.06892303927508 15.96866928104998 17.13695083200259 18.07616607149393 18.96269749913229 19.64987934500051 20.40210525357205 21.32990256259592 21.4610552767878 22.21266405332585 22.33584135475332 22.60942041638459 22.78274562904848 22.9157975990427 22.98774211439048 22.96076480323666 22.95968485115736 22.94880772957641 22.96422611444424 23.00221473376626 23.10434149277269 23.12816000004613 23.10197340180937 23.07503284888612 23.20353965047519 23.26455262173946 23.36171920020531 23.38587780421502 23.40279150392902 23.52882379132762 23.61504945162867 23.62868457177991 23.56490845534173
