benchmarks/avaPyramidNullTest/release1PY_d296a00ba6_C_L_null_dfa_pfv.asc
ncols        794
nrows        794
xllcorner    -2.500000000000
yllcorner    -2.500000000000
cellsize     5.000000000000
NODATA_value nan
[rows 400 to 419 of 794, columns 540 to 584 of 794]
20.467704564884012797 20.522880797154819277 20.55953876774808009 20.611534315091745384 20.658467178822402133 20.719100216711765938 20.854561510635146959 20.958750243220549692 21.028037471431645145 21.214294613889311591 21.506643551298427752 21.762288931237993239 21.914949513064268416 21.919589139437935188 22.029161929962402411 22.181460214574002521 22.208148039936961737 22.070200614020432539 21.835518677689350397 21.665630535057861294 21.69107543913993652 21.834326038645379242 22.064271083958193032 22.333710460900270789 22.576011479454503927 22.772573247694602117 22.914633258283053863 23.004578308625621474 23.032370833978273339 23.221210732209890182 23.280475052242362466 23.230252258606029159 23.078116759270518088 22.961542556360811318 22.684119483207943802 22.424016304236502606 22.163656803050020727 21.76787263796231997 21.360787677677130603 20.912243241718105224 21.277073808602104066 20.775370810356189821 20.215003925271066265 19.638409347662257431 19.053875588206928171
20.096940030364578433 20.142534304703964665 20.196243626222624812 20.239295247279549983 20.316309418614547866 20.420218360785671763 20.558497878679478532 20.68447599016967331 20.783051959403774589 20.962366831994636129 21.131479336652009948 21.377368032987963176 21.536688753507533534 21.568504452011428185 21.563683935189690288 21.513305348964863128 21.411624965522150887 21.240783647010136548 21.1047016325089416 21.138043716887111145 21.283461446361474856 21.496310548182592015 21.751496620876764609 21.972750154460694461 22.159371710473131145 22.314602542599320856 22.402404432013579338 22.461814313581324853 22.71879141937493074 22.721889967189543569 22.703409893180257484 22.54921600649725022 22.341623324371983728 22.436773529352493028 22.20669347674353844 21.859121431732621232 21.452485014874671521 21.023700834380516511 20.579063246827434597 20.127991547324963761 19.592101568465430717 19.810009187609242787 19.238044666886775502 18.724911554536021185 18.750623966458690006
19.686365787422758444 19.74607123859446034 19.80465760019878374 19.874156583591627623 19.930961692564164167 20.004996040394964041 20.125492701432982301 20.246054317975154646 20.415998691274094057 20.556194126425864965 20.669022910948555705 20.798168703426835435 20.964017791799740564 21.048439256083298687 21.014523867344756525 20.878100381927762186 20.706611095761033425 20.600395790702339838 20.598573936468721257 20.723806320764172284 20.900561753603891901 21.0926586044207518 21.262418124483204451 21.423890712660327296 21.564345649423188434 21.64685107902660377 21.878283337900732874 22.024933088817469695 22.055274259900809142 21.866523859364953353 21.68168912069863552 21.871677219007050752 21.598828931584037605 21.284319818594241269 20.935640144467061674 20.535261702218377877 20.055073599916998006 19.548014568137467961 19.991100300980537696 19.3932850212866974 18.759716146934401593 18.482926355809009777 18.510626845038792965 18.507389536952420173 18.475297823092731164
19.324968632032959448 19.386059327945442732 19.459021777949057963 19.50478461060413693 19.544677926132965951 19.594414478528872081 19.706204396114255673 19.833356999311529734 19.97576167435838812 20.077226270028351252 20.128040594024732002 20.214450000687701703 20.283396151805785479 20.265168698799858049 20.156705039111766808 20.056092972380060502 20.008469094669671051 20.064784824532406304 20.171080143253824701 20.323312587846977806 20.484547540331785598 20.626645465462569717 20.754786946681782922 20.848277018508447611 20.861464205072255851 20.945431825642902623 20.995229741264388679 20.957456626440244207 21.274142172571814058 21.10765972873806362 20.836053128766863551 20.515518645129823483 20.148618704256378464 19.727260012240819265 19.443644022238188995 19.141555849725161664 19.155354132632286479 18.570779975607276668 18.265435130321453272 17.865866621561071526 17.958043683186001971 18.079868572076694733 18.192783266973915346 18.198389297318517066 18.172572044115682388
18.85090259355417075 18.909602434864702047 18.965602339694488165 19.049624482362261801 19.086681550997411705 19.132251625518851057 19.237513336103145178 19.394005690834571709 19.517651131798924524 19.583536097840386958 19.618684193889659895 19.59899447715264742 19.532119243403261777 19.419983230603481417 19.330757314130202928 19.307208437150361391 19.366474430578666244 19.488818292004740584 19.630708841856897351 19.791144908022726412 19.895029749431955679 19.983040864986872265 20.020921419545555153 20.044913334742911815 20.194084044084842589 20.26103426074877234 20.528298398242736056 20.401722630961788951 20.199732697564979134 19.918099324118699656 19.561568793486856066 19.169628052888750602 19.310251501848131994 18.889595652357250799 18.416593988628175538 17.792112830548536095 17.207827549823928592 16.907925686183116198 17.022320230345311387 17.118051437270047188 17.218578828043284545 17.329586769443039884 17.481984697274704388 17.591313569891450896 17.618766522863388957
18.320144175181717117 18.411874695841625282 18.521905916705339479 18.609265070744932302 18.678385559028274798 18.755795164294777777 18.881186033377165501 19.03883500256166883 19.15059013699888979 19.173322672753705831 19.06323972032241798 18.900070592204482267 18.751782623097195568 18.675094816633166062 18.696644073534486097 18.814180799218775064 18.942163369123537819 19.079749269274547174 19.186383499817647902 19.239168612892825649 19.259656004992503853 19.243783621790523597 19.166455251128983406 19.492597866262805439 19.509065236239219843 19.416326080176009583 19.250393841887142088 19.019121886283247846 18.704580806077903077 18.342288803840130385 18.99555302597407902 18.343544900555205146 18.043447492790200215 17.475290702930120545 16.90604534462095998 16.232839784600770372 15.895658990496741581 15.995651513086418305 16.121593313503183253 16.232246880160413838 16.381710491796081186 16.487744409199109441 16.62511601707877773 16.745667925644291074 16.859054624835525971
17.841908299375141667 17.970648138384028414 18.07579730323310585 18.170307304898191347 18.254612044920907721 18.340143240159310523 18.444495687571574649 18.536828229514249244 18.527520230144375546 18.472145103867916305 18.376744428643196017 18.301125140780808209 18.264087118329467074 18.274785734886776822 18.321291395455276074 18.394282039542588336 18.49237513098050556 18.576284887080728225 18.651943864309480148 18.659902219720919447 18.653335013149611399 18.568210006571735704 18.755396118334786593 18.760529256370830353 18.631186263361133371 18.409909019372914685 18.147406882194694333 17.847938937213285726 17.510203304144447145 17.725493710889857368 17.33736841101370274 16.902302329295572747 16.342516019768929425 15.893158640033375306 15.340426132933210113 15.232640111773573466 15.183653488857812519 15.163302046483831731 15.17872294131044697 15.155030867774868852 15.159335027833268583 15.250882862143303242 15.334261816365245323 15.489525124382947041 15.670768011047268686
17.411393516004501691 17.5568984410020974 17.694339532714810304 17.794530581062545593 17.871052123324385974 17.940166075296353654 17.95294418841744033 17.90758034113127195 17.862935154508889468 17.827334255661853035 17.837159022713596102 17.886519072363565641 17.957113261737728038 18.04894570504850293 18.137313657283169022 18.210995302495597059 18.254212197851732213 18.253824207148699799 18.214734612722534024 18.1412910059799799 18.079656002074575127 18.124145428635916488 18.182890124915271457 18.058221334604670716 17.835880361969962848 17.608221458142853777 17.282286801627442685 17.021287166221526377 17.091430261879807517 16.687216800666895722 16.246319927297221852 15.769966519441494412 15.376426905868514794 15.320469646982015632 15.35535168872394074 15.381700079995615837 15.360358377752650227 15.383416922226393453 15.392627714888913459 15.377973946889392565 15.384911295650272933 15.511939741936698667 15.568440231463631207 15.53558796897342198 15.514067265133054008
17.029337273232307837 17.157899145557209408 17.30010684569479551 17.362219386458473736 17.375908576108091808 17.365027763160746588 17.358025496338580496 17.341311229778511915 17.359149630236426987 17.421582858937899374 17.496140794454952072 17.610140726872110406 17.731719828437604747 17.828019919305923224 17.907174993498056637 17.943422682907822718 17.929488757203426275 17.860048982365089643 17.769111121542486842 17.823454624489365017 17.831240952973697489 17.774722445715990915 17.685175760776036924 17.515561045612564328 17.197084263286441796 16.905496567178865064 16.537991512182919962 16.175907453706312111 16.153154575826249584 15.82375647058090351 15.405728999744699337 15.20178998803370618 15.2344366805198419 15.189461236870489103 15.243536376366328966 15.284099737571219535 15.3447566396588293 15.353153053856813059 15.340628880428107905 15.332964282703779091 15.348691128541917195 15.441599607532163319 15.497640425880721438 15.499985590740600117 15.476111974171054442
16.593085345966208877 16.670036680349866742 16.68682243681776356 16.683455165187570657 16.705411383648673507 16.757221838064339181 16.82303767523125515 16.895716267167170344 16.988359809512438403 17.117457146331975792 17.229701402357040507 17.33155841442211198 17.447317753264325546 17.518369552139475331 17.566994361213023268 17.575695666171501585 17.543377696435083379 17.523343407010155914 17.438815177417872349 17.369918268176338216 17.250009254756513144 17.05632972047211382 16.818458775892462853 16.873588376880483963 16.598879669853790375 16.232402732507154042 15.813720577022209568 15.345802290594575013 14.878775828489391841 14.833194014875912714 14.961416846322036278 15.016753066063762034 15.030693522453539401 14.978739382063753993 14.995128074596312473 15.061682318275607884 15.134888354176323944 15.121095320560575814 15.086822438917611322 15.081318134313638879 15.070917448647417558 15.13348330688518395 15.170304948147887103 15.212208591886652087 15.176224138799621954
16.06605744427532656 16.09074872602387174 16.129387760306666877 16.160740012334674276 16.261108835550881935 16.361650501905742772 16.511141356324998242 16.662679382280096263 16.758771322765852574 16.900333414486645722 16.987512362853088632 17.03843940444019367 17.082476265576573837 17.052765760655788085 17.18987698507275752 17.261617715626620395 17.36265525283433675 17.400849052453278176 17.246269500563983001 17.083113501536498546 16.7758843765856831 16.413702284715704138 16.026926899737368615 15.545224297911358846 15.698064303423205246 15.252805689245002796 14.711258941961855129 14.443119963093915104 14.464601377122342285 14.566518316408542333 14.651881251929843586 14.653573511396100315 14.640780025444254164 14.683725682326546291 14.719990488385445104 14.710584711679357994 14.737246610011130343 14.73754477026489873 14.681157346570905986 14.677648150889288203 14.696883110486185231 14.721306845865930413 14.701170767835670006 14.713989982891568786 14.773201017265305879
15.442493834754740689 15.493998378968447227 15.592041590886083213 15.718637805129368701 15.838494933444263069 15.987476892129928174 16.127174664824064365 16.221195908367118221 16.315474200367635405 16.389852698540519071 16.397335467390863784 16.432253799657647875 16.574066699113831902 16.651858871591006306 16.566158197916422523 16.625896450595583076 16.824299859941486801 16.630158269800592308 16.279057900160804451 15.842554582416028097 15.349773398185542206 14.813207662205790882 14.258218400625663591 14.072580199672410473 14.101792216709204908 14.12211799416642144 14.145088094803348611 14.208306941620648445 14.302981065928824123 14.366308363344874266 14.343939138105456621 14.330675833009845377 14.336831148285851256 14.345974348842535306 14.387876820191845439 14.411165524173508601 14.403269065860895282 14.389043002344100941 14.428852177453373784 14.519785198255027225 14.596100525593545427 14.629723495295611002 14.66921647391705541 14.746271051742976255 14.806264789759531197
14.872949048434737307 14.977003456002563553 15.098834814032294105 15.228497642925498567 15.312810782605513538 15.38875957626976998 15.450124784452885507 15.507108354332633127 15.541445298816707776 15.846347199796392502 15.988558668760433079 15.933423380304487793 15.895061545616350429 16.168968483647283563 16.000822846459438864 15.680748688919242895 15.260910870844192289 14.766399545843288621 14.198994962294927191 13.935645308024581013 14.044370754405587576 14.046120974471163478 13.973905137028353352 13.922102634490780559 13.919708817833004844 13.934315862535724406 13.966032992170877236 14.034668293203344192 14.097704484936416591 14.133383148126887008 14.149041701382563119 14.147410209631845035 14.153817373849420846 14.165072585052975285 14.199383011315347858 14.244628407139975579 14.296331191315072573 14.396769088473075016 14.509615786229499435 14.594967185311219282 14.681015561411518533 14.759180319903009604 14.852953094755052987 14.938234509311891784 14.985698107565980308
14.385249525018164007 14.418521999241418641 14.435632059576281705 14.440878770469408821 14.560340597935759632 14.717060664975770479 14.860769875026083042 15.046418643912112145 15.093467485961536312 15.018827557223618285 14.873114326127621965 14.618054264486262994 14.384439767218410111 14.982425110299109505 14.764655891023242162 14.252362820566666812 13.650686583904212412 13.569696564078624235 13.633893418062864811 13.782576423206961636 13.862063921473096073 13.832856222675776081 13.807583668099908891 13.849961751436351776 13.914484187530421266 13.974353572585012984 13.997792043941307938 14.00507510681135237 14.056741281583223113 14.101012834301791088 14.109438146785080903 14.151933142460539017 14.221906434073870784 14.288278641867920626 14.339270123392520162 14.375857805477716411 14.416032784330324645 14.489144202189651267 14.604690992896818713 14.699047528865836654 14.746748194339893701 14.829476575840988772 14.926875359480359151 15.055415117079611775 15.167119799620774501
14.367610023013234866 14.375055581852976161 14.336785474410424612 14.274428287889588063 14.16224452387483268 14.312943389568244967 14.317949669156519121 14.180838007005004187 13.963249414740269927 14.170499348155564334 14.016936122415879495 13.637008197419236311 13.367169761007687612 13.431989160263553273 13.450873398545914128 13.465518544001044532 13.481747912346996543 13.501795143333211513 13.608273591290307891 13.729607230236698712 13.819821821097413306 13.827428185098600721 13.896446783827089533 14.022784609284947521 14.149000998837314214 14.178674744074431402 14.143316223890154859 14.074643977535172823 14.038676346316524501 14.04981283759296673 14.169301146231545019 14.312676181089804217 14.405114552613158097 14.5114864283652647 14.641335175075770536 14.753090975588323275 14.889703390394569027 14.956366898148136357 15.010389638677947843 15.067398932351819596 15.078916880653464361 15.082632523743392028 15.07077281005958902 15.154400092085626994 15.299505611548537942
14.242054639844772268 14.198595046852521051 14.143254769939741067 14.045965513913508005 13.908861940343884456 13.808840229950481771 13.683367144133910642 13.634145710689042019 13.683080084426931577 13.72471610716018553 13.787463989689648258 13.843143345095036523 13.894445031121312795 13.950296757442897544 14.01656461045182489 14.075725302413147233 14.163427315011846375 14.253772371727121637 14.310457872988376238 14.400473340722605542 14.474904698421632077 14.547318864740919508 14.64734548082719634 14.737306739831709024 14.807675693306405762 14.904048376688786348 14.977844362315524407 15.054673524973065213 15.129252494456549627 15.189451064762261367 15.268682413335481485 15.368635519763916619 15.452098202190404308 15.546515904369625716 15.629537143059803128 15.683859260116609136 15.746432290374638541 15.799821537933260274 15.825043050451137461 15.814649650462444086 15.787668263778524391 15.746950202586418754 15.66302574173555584 15.543590518477763851 15.406876816985681344
13.911141926834057259 13.842650406093337523 13.747171211122985568 13.784979066622556232 13.808278250453534852 13.880624911696889612 13.942017190269242022 14.0182206063753938 14.090038680398965454 14.159515782822653662 14.23281550043451027 14.310861557141064893 14.383114557411563084 14.45413804166608962 14.538085571155338727 14.623074851933820284 14.70384629168166768 14.785108823576322834 14.86757766461915331 14.950765976437038418 15.026328798381872076 15.113935804897320025 15.211600544830314874 15.292948130263280149 15.396600353480673462 15.506555537828360158 15.603467611681137939 15.700520981166103951 15.778818367030090997 15.836728839916975886 15.899172365055191491 15.977158388316722082 16.048705728700618067 16.128038336434279643 16.190710312610608668 16.238193339411896687 16.256519161044330701 16.258505300718368858 16.221210366863473951 16.1701083492403761 16.128942793759065921 16.060918400679447871 15.932048524173273663 15.785984001603656779 15.673923807395045316
13.641979620230998194 13.703248529214105744 13.785982457809200952 13.866940213146433436 13.942713017062983383 14.0310420112280827 14.121929267432642874 14.204637289379720144 14.274800728076668221 14.358396044101553457 14.449410999777025921 14.532735397942802891 14.614255232049693234 14.679579889218381084 14.773043114974319323 14.85504702959553569 14.940553423158888791 15.011666563970134547 15.092768806189889474 15.164250672044758517 15.265481989416247899 15.356332060502870362 15.451996499810469743 15.550748258368303212 15.653565865182935468 15.758331715440553111 15.871927677212632091 15.985171136355207366 16.081442670831265218 16.148679166550103048 16.20675933853006967 16.270828857317802374 16.322668739327014009 16.322191080299248256 16.299601787959112187 16.269541441523223568 16.211018490123866087 16.200760927936997291 16.285065596788605546 16.320463461574654218 16.276445876183366579 16.132782068961976307 15.881825210278636362 15.598932158049237273 15.316805283437826546
13.538079983634906611 13.607802653690443506 13.666230847425621775 13.762231965337978323 13.852723818531158528 13.932965004442424473 14.022497113786556611 14.107690418769976759 14.188064652449519087 14.291693003310484755 14.384498865326749595 14.466201830415192475 14.556344451514943827 14.636677060415403062 14.731436847281910829 14.825927651791941386 14.928788717054485957 15.005831060837621749 15.089119495117795822 15.186226261737346022 15.274628285106677694 15.37387631878269012 15.473149679916730292 15.557758046145163888 15.653067200425279992 15.758511619847361374 15.845513978523559473 15.911794507318393954 15.95877435175429504 16.006708552962592762 16.043177337027568541 16.086561339460228481 16.143563196303084339 16.139720884463432782 16.405085095607805812 16.461137916360492284 16.333223317363017912 16.215966610880762744 16.039066641711503536 15.796491333173745986 15.466903835230978004 15.079327191258304453 15.258150856627034742 15.131134197234491268 15.19063721187206184
13.313527418701008642 13.351692990682956008 13.406681223041822193 13.484183876861248308 13.590480574150875626 13.676948409995226541 13.759670910845990477 13.863081837795167672 13.957989688502433268 14.045418681524687088 14.138319421741657678 14.234322771664345453 14.328006038948249312 14.422035719715147195 14.546198682456909168 14.659173898219716392 14.76739951436942988 14.879813916251064754 14.966169749104658138 15.039831363040569556 15.119192760251840113 15.173824430998326562 15.226471128374388542 15.296285354286318636 15.378479355683165153 15.434679342060194429 15.495795368547756965 15.561359548946802178 15.708280384668714902 15.697944974452452627 16.054749496650906337 16.052166412905631176 15.934574560106190333 15.704692760357710668 15.416115124634400146 15.786526413628909182 15.565813651424694086 15.226971261110735512 14.781086279134120431 14.582459883712505899 14.677312547079553795 14.781236990477070847 14.872378319427944859 14.977480668465096514 15.054989297485059652
