benchmarks/avaPyramidNullTest/release1PY_d296a00ba6_C_L_null_dfa_pft.asc
ncols        794
nrows        794
xllcorner    -2.500000000000
yllcorner    -2.500000000000
cellsize     5.000000000000
NODATA_value nan
[rows 460 to 479 of 794, columns 360 to 404 of 794]
0.39457790935187608827 0.44713617925619930649 0.61034681529506396025 0.61738975832047071624 0.73359863220083021407 0.79898815923366917069 0.85936552546195787983 0.93972089319014573405 0.98923498010728017071 1.0453600050622497974 1.0798183840749286944 1.1029534006916246192 1.1574961432800123795 1.1445708616323406748 1.1494249776824350118 1.1536741941462824723 1.126240721060793204 1.1458882817442757052 1.1275878222958377606 1.1378572726736428944 1.1322782847730823441 1.1616842114871204217 1.1441383772942865793 1.1586674083382912936 1.1354873781966308144 1.1284177233427654663 1.1004137072518160867 1.1192070268393132793 1.1066055084876726955 1.1262998650861013594 1.1217575750929313916 1.1238433809750605352 1.1482547780918574976 1.1382786836275262665 1.1163088145438646581 1.161583869304211758 1.1584080476839244689 1.1701756692357352385 1.1567417298174409446 1.1511274351761056067 1.1688884217944239818 1.2108237653718929572 1.1778939450059573435 1.1998641941269381217 1.2239614381123384845
0.37714863493063260913 0.42346825141020927319 0.58373713764046752939 0.59962993232119810028 0.68872972756266548355 0.78691846566448397926 0.83472019000787034404 0.92516719405025804601 0.98693891793606969287 1.0354030194553738298 1.0673189221458205811 1.1042687699193085571 1.1552984609442888964 1.1572494314425336714 1.1554733320084713544 1.163176599922377763 1.1541850408916340953 1.170096510912208565 1.1636833112163345039 1.1477394721292559776 1.1347633240723300485 1.1638830340646342254 1.1371562190453659014 1.1790341006664126766 1.1410433498833854049 1.1229677743546688795 1.1263957802326975965 1.1153117069063420708 1.1148382114525166031 1.1278476278696851764 1.1291282712026284862 1.1529958508476363388 1.1570646326495819256 1.1503750955860052585 1.1475964842130785826 1.1507595527781464551 1.1632527215888939232 1.1659380211656908966 1.1862901654216970737 1.1726618633184904272 1.1903923615679976589 1.1924527775778894778 1.1805988598536996115 1.1974991487077979446 1.199753291825521595
0.35579832906517561142 0.40551580680207571783 0.55466580920885866224 0.5704717598219100072 0.67395101160302695043 0.75558630890480482645 0.8389735410076998301 0.90771734591950159476 0.98380057216126792774 1.0231579671978650037 1.0555072505629141677 1.1125538766114191347 1.1449933355084449538 1.1403666088158097569 1.1534190634772392148 1.1734739417771171688 1.1607836488302651912 1.1584295835258122676 1.182857114409981758 1.179869030785546391 1.166975151350438944 1.1831033077051664737 1.1546564983356228939 1.1671177741051301791 1.1528826565007304072 1.1432003467710329936 1.1474271207922832616 1.1486103683811670351 1.1306558648685596236 1.1302142597504629684 1.1353134886684095317 1.1676818044269681174 1.1695259877627950384 1.1628346728424401313 1.1527856592315479656 1.1656651125987373963 1.1773280324818238274 1.1805027785558341868 1.194650825167899999 1.1916477193159138448 1.1900158093395993841 1.1830319181875790235 1.165153026855573426 1.1819534517493297532 1.1658443206831161643
0.34392076919023245596 0.39102595337635120964 0.53344737336378122983 0.54235393732427628066 0.65514590003706685284 0.73219828445778523118 0.83461390262541246265 0.88542434840551453856 0.97963879015168520148 1.0098543645753026432 1.0538018511586506598 1.1018163082711263101 1.1101873118380174432 1.1301361867867800726 1.1495946446116571682 1.1695670042513572895 1.1579252067698095896 1.1570526606644475631 1.1831339907746594164 1.2017908352189348165 1.1968197033112495387 1.2114416733447417318 1.1892741804399171723 1.1705420988968340268 1.1609091221717484643 1.1602525573462001418 1.1638927428635386097 1.1697946104248317933 1.1481764610399471938 1.1382489201732717277 1.1436553817628096752 1.1665103653644244286 1.1739148885495545027 1.1740575374916857321 1.1504102899622605793 1.1652897696473891731 1.1816283401182168245 1.1939043512499478705 1.1786992145170975821 1.1547237021113960775 1.1523126600393072128 1.1951447083147124228 1.1702955838585147319 1.1929995107253408282 1.2205690597476142045
0.32787410920059684161 0.37362494905287918501 0.49479436224252409948 0.5195784241904679579 0.64532625314336078404 0.71247570009000427138 0.82118213575618348443 0.85517319834777938414 0.97406574398857770358 0.99532828822027408222 1.0387223382990731224 1.0792264878240360737 1.1333078461798857806 1.1370041975299931547 1.1470697878041169471 1.1652351919426235938 1.1437978543856903713 1.1708945405644799465 1.1769410830626696463 1.1903470812052141525 1.1910429572623257855 1.2071510043513391519 1.1864947871764366383 1.1906237615634387428 1.1678844621374053769 1.1660022937257912279 1.1510480865982719578 1.164249049112813017 1.1451322005384767522 1.1452459807743837761 1.1282519017604233369 1.1287379260816274851 1.1518686453583548701 1.1547799406567720304 1.1386496196679241066 1.1852047689775304651 1.178478098894250703 1.1769947980165640367 1.1749724330682576046 1.1564957237475785856 1.1740247028455512712 1.1925172931160819001 1.1752903944810733083 1.1887746153067151322 1.1979516601623936278
0.32180902162918140208 0.3655262523416678011 0.47108517660430632157 0.50348273138194898912 0.61919048078967164894 0.68458925031452033672 0.80941583286267160258 0.83183287110319403812 0.96273701101563613491 0.99398158765322575103 1.0238549996005585907 1.0653452480305929395 1.1360463305051811123 1.1470039460508145712 1.1500183007995792295 1.1759864148603251799 1.1737027340550827414 1.2008920461462129214 1.2070212799764143963 1.1853626647616326562 1.1787784830607836994 1.193423156577199995 1.1691136501591352648 1.1980195696688298312 1.1679548134107289314 1.1544553676842390644 1.14592072173226045 1.1485228472728574722 1.1361646540023169205 1.1438859051723755389 1.1339403210248055753 1.1616055421409057224 1.1607715202194766047 1.1641017327132183734 1.1650826020895004298 1.1754942957616436594 1.184733829501919411 1.180231132153838125 1.1899149365927563782 1.1799667236329194342 1.1762154588329258864 1.1662951085223960401 1.1513413242784256152 1.1699417856153841999 1.1562723622799286893
0.32574318827833265155 0.35871554958526674639 0.45482946152683290109 0.49568092858474344098 0.58982362960887235737 0.65833835411687113837 0.76472090046894902748 0.82484491001470650051 0.94369020202961761967 0.99116595648147742814 1.0064738401838750903 1.0769908374069201429 1.1146352390586389269 1.1149318382885338163 1.1341788544633442104 1.1706544721308189683 1.1679376279799056348 1.1823719253704769727 1.2162037526772784268 1.2239742842853553739 1.2155819793530515671 1.2303475217990271773 1.2013462845039544202 1.1826714119710071138 1.1789431128047289654 1.174498294982001978 1.1806635156336426906 1.1818277647339545666 1.1558084723107062697 1.1481868733568427743 1.1422307429420246461 1.1800569931073314756 1.1779755299062959484 1.1822800258940302509 1.165902794647225571 1.1739740122907673658 1.18697859981379783 1.1922891035538696336 1.174643785463579615 1.144460905149715213 1.1401624647700312476 1.1852942276259812449 1.1587025501907473046 1.1860066933648891752 1.2146964358283856011
0.32456839584086605299 0.34583786369362023994 0.44740224367931880067 0.48529715605078216356 0.56527063731340854158 0.66973377218046514781 0.75078967052049505604 0.81123390031477571327 0.91716113118346731525 0.98189030031145563271 0.99215287213029890179 1.06724020860183888 1.0842205341869231017 1.1116365521658786442 1.1358931677846657582 1.1662591013221157432 1.1385216249642324815 1.1812648811306596386 1.2012823885668533208 1.213379036708102765 1.2166792104565198329 1.2247577392526700635 1.2048166679127634282 1.2010128163962141556 1.1819852722043706628 1.189567873213867033 1.1833418971877376347 1.1951405189165449361 1.1809548951703994213 1.1617318812638643966 1.1424405768869243527 1.1476044185618266003 1.154941251635494659 1.1681743299233637856 1.1513611366136713432 1.1846629009530809107 1.178181747081946229 1.1707594004907480034 1.1645420021478094519 1.1451621674349732327 1.1559258438307709049 1.1757714858392744883 1.1569809505776214031 1.1718654972093118793 1.1787624296398599988
0.33443757151755776347 0.3526989019100444378 0.43905786908705624061 0.48066463128606556898 0.53783388760077288637 0.64993211882846846361 0.71291524465517175368 0.79916657188293471759 0.89016440592250645203 0.96294293564440114341 0.98251333795114959013 1.0509197194763522099 1.0965254509398363325 1.1179489356539304978 1.1209631772512784753 1.1609935895109175785 1.1701361524517894797 1.2118708982792520956 1.2256559409949014938 1.199621562171422573 1.1971928127513433715 1.2055663693582265861 1.1784833783108761285 1.2031317634046398979 1.1787626381581415291 1.1703232900947995176 1.160059056892939422 1.1766954627771171182 1.149051689361528128 1.1533094164965338457 1.1248833277750940329 1.1486493226904812559 1.1542501361251855663 1.1660220428120959824 1.1634847737379514498 1.1760857303791067974 1.1861496778267581753 1.1776049805196284748 1.1790563610414148688 1.1624905431300980307 1.1497393606352421802 1.1469770066231876893 1.1399656005958369587 1.1629821344832849128 1.1573828078148200582
0.32475420853602715576 0.34348667898100310181 0.42472069391457972776 0.46643289361710010832 0.51985076766722637664 0.63938213727095294381 0.69281957763917401127 0.76863936306394164966 0.87036214226928476645 0.93557501888481353625 0.96527379109614674935 1.0266507430826323777 1.0756218752449684395 1.1018669378932639535 1.104947435836028502 1.1517706933181330875 1.1591284507025636508 1.1853089372158871484 1.222653906993014461 1.2331096683728117736 1.2312552476137212931 1.2350098946670489131 1.2168706072703174836 1.1904193328664558482 1.1866857087225402001 1.1856347907323045998 1.1920870346013456853 1.1902333788920809177 1.1659697854048245436 1.1574931185902299635 1.1482852319155898435 1.1802862884063143323 1.1708111982288551545 1.1806349703195366807 1.1693296855092165654 1.1741330223658021925 1.1803902113926800777 1.1751744496374658677 1.1506854812212379269 1.1392632404486464637 1.125230009081799043 1.1751822704634624639 1.143575976606824085 1.1796158941961636391 1.2045430422189633557
0.32045803169874709226 0.33806126259042273974 0.42322893131846778259 0.45071179181444004369 0.51244013167768676098 0.61058293576703825956 0.64891143302313514241 0.74439482969746439966 0.8473530698844649045 0.90557895086636519544 0.93939576329240148667 1.0251067621013862929 1.0366717137336001198 1.0777834209646628416 1.1102188949620512837 1.152242515212272167 1.1313595457323564197 1.1797449324860564968 1.1916066131536968697 1.196030350399581943 1.2049554909246629197 1.2134981729074514334 1.1923849654616665017 1.2038261515208610319 1.1846319123382800242 1.1937889902919980312 1.1908562070878143668 1.2042512455224987367 1.1903382914821463157 1.1672907837452048962 1.1477321685043553323 1.160252207364173449 1.1625942298512303985 1.1706109201000960418 1.1507757940892489046 1.1803187105077721508 1.1619955711046723312 1.1641426328950537084 1.1598943423120327001 1.1350676086454123404 1.1366184858060153218 1.1494762072871156366 1.12989426425672157 1.1489100891935126736 1.1459164889685149458
0.32052061780402540947 0.33337678005476090171 0.41367166964795143436 0.43117751455681568862 0.49708343298785406805 0.58409897739895588753 0.6449896168422618592 0.73027529538858670932 0.81044039620807450941 0.87478976058105817337 0.91472297513845757244 1.0141775492334452746 1.024192600897490868 1.0848207691108966433 1.0897751996124420693 1.1332591272307133146 1.1545732226279921129 1.1965038993392149713 1.2255099877400383868 1.2128920055093301844 1.210849949783103563 1.2143199681589573746 1.1928463544907117466 1.1881655235950170368 1.173681074804554747 1.1638228411536275519 1.1601464581931502096 1.1749493777204442768 1.1545963248784492095 1.1585596101887831733 1.1240383517352527942 1.1468440561847288439 1.1500216128032143548 1.1707756707944994012 1.1700529442021945226 1.1815762252878314609 1.1822488195917311149 1.1701219483960312306 1.1595909481674451236 1.1542796050457382329 1.1117002800047697253 1.1347665493067136122 1.1207069234619482234 1.153206445268194269 1.1608638641348092424
0.31646314007448717032 0.34719074676271982627 0.39618631136999449271 0.41089225642840709884 0.51268640013555089041 0.55982304117161274526 0.61970014199302303481 0.70731453745460248772 0.77818958690667017208 0.84193897515316895586 0.9091469716551153768 0.98483164799699396408 1.0149318047207533944 1.077493372836098251 1.0616561546147964545 1.110625880770582441 1.1319107980298206417 1.161494553648126038 1.1957026926130487343 1.2070282494341704194 1.2089968602937248843 1.2154992176746544086 1.2029475598859535879 1.1854172670019358371 1.1816517321155006748 1.1891358472874915542 1.1976924313851973203 1.2027323918930914459 1.1730946016372043594 1.1616946502289435816 1.1514319927233223062 1.1843049733776151999 1.1705061737918089904 1.1843536118783550837 1.1666707279505734718 1.1656184824332576078 1.1630974077299953695 1.147507765448289252 1.1462486527078363796 1.1527233065757582775 1.1132795441373848355 1.1598203399854107865 1.1241443018003312027 1.1581766885128630395 1.1647603586222721184
0.30507503498760307759 0.36681036989235915602 0.37494876932766424416 0.39584229808941523432 0.49169435939299516169 0.53742684112968541754 0.60740207122133138551 0.69126807473076923305 0.76190961921527355916 0.8170682181550333878 0.89648461143990132438 0.95549979253736949669 0.98749021696062910802 1.0477872754179990977 1.0581070144259248078 1.1230437520804388285 1.114944673535983144 1.1795324247760108349 1.1967932114052302062 1.1802882439520518965 1.1855924884232951211 1.1908805548217638037 1.1604881459916518427 1.1899346380882851459 1.1728465669835856922 1.1779386533522966385 1.1740880938273270395 1.1987191755840951313 1.1924041182824720586 1.1713201666768313647 1.1464261958559798238 1.1572616789647987012 1.1537217394018415284 1.1620585091810320399 1.1390163749519466307 1.1628037389186764994 1.164993723211882104 1.1535450703119463078 1.1631321669395011664 1.1607093058002766472 1.138026608992782851 1.1203798150896191466 1.1166660211302488204 1.1181503668405672336 1.1207757649767373653
0.29764849437751095262 0.36793273831880601854 0.35400020041129132142 0.38451926665815233664 0.47974552848660179105 0.51433033437601916038 0.60722239094289354178 0.67257692372665300873 0.7615386258724227142 0.78825162724160546812 0.87976754330821127503 0.94863388625811273513 0.9424734691237969253 1.0343381666165771815 1.0497491086996080245 1.0979286866259692079 1.1244812992521679984 1.1517823759582246357 1.1940646069616549507 1.1984629808329270162 1.2062363083642675399 1.2021316465831097808 1.1983486113448018617 1.1653602446874906651 1.1718775835829171594 1.1627603593712725338 1.1694884760011781122 1.1651404655202046712 1.1561227589984728326 1.1571084453564599581 1.1303193705847045525 1.1552230208219869123 1.150482009935311023 1.1727323605620065816 1.1674471626922651168 1.1710547380376459259 1.1656627652590560995 1.159409529489461077 1.1635181649081427491 1.1861327674537427423 1.130106020062382477 1.1296768912234314008 1.1156922273513469879 1.1399973916718080247 1.1599814268465715728
0.2935196472643296639 0.36529895672539769436 0.33557238772479436317 0.38463940679086616736 0.45373215984198639328 0.50753826761072917684 0.59322132026668572546 0.64213989082570710476 0.73972876353369620972 0.76790015798105715206 0.85818321939405139975 0.92814137673165497677 0.9332932622512025711 1.0174461995727874797 1.0252218862054103266 1.0636220063335539709 1.095070077810475162 1.1424670667029617199 1.1394375574302073595 1.1415315387795053059 1.1579455132813298857 1.1735124373629313155 1.1475863047670240569 1.1657965967187082779 1.162543018708174225 1.1808780243690089051 1.1892402788854399276 1.1970866154355503941 1.1728445449229560893 1.1575697867785550432 1.1524341680228407103 1.1916722230356249224 1.1783092372466135167 1.188798551192220776 1.1525418034038452664 1.1511861360146149469 1.1402519749837425334 1.174153624885492464 1.1672717307169009349 1.1688182240811126889 1.1534911318253557866 1.1344990264974128547 1.1148647852907247469 1.1288310009683575341 1.1217008495044895611
0.29881461146772797521 0.37373659069385872789 0.32962816877452472131 0.38426494536699801197 0.4255066492790715027 0.48170050444777889886 0.57717437352136757855 0.60452544916167361144 0.68979834977248166705 0.76611179283679675667 0.83804219510102695434 0.89708210506396235395 0.93682990662982656982 1.0012258122069424005 1.0036729571920393056 1.0719083132307096751 1.0838340997356445961 1.1559472572288205239 1.1867598042416540594 1.1743305754453297052 1.1746122587078642319 1.179584150729712011 1.1671357686072554305 1.1655396573156908691 1.1423710810430265372 1.13641959667215664 1.1366238693892420919 1.1652981599387204348 1.1594141112668827631 1.158924015119437767 1.1409613998334593443 1.1449122338142674327 1.1417796170785348142 1.1647215570058644385 1.141958316791828576 1.1566923137605416017 1.1553996109423865235 1.1794304793422558664 1.1788420279194657958 1.1980124119358537271 1.1528700348321549995 1.1507262009571517236 1.1231995073518190598 1.1081035928847788874 1.1163490932040160963
0.30164653865072438288 0.36252163511963486631 0.32771452174305898408 0.37952778842760198641 0.41390073984334785351 0.46296697206757869703 0.54789820213848094976 0.56980723895954132896 0.68098395534977762544 0.74426148587518436983 0.80865093007014110515 0.86210569511514212326 0.92549284254487995671 0.97105947755637311847 0.99812474047988686277 1.0504901360977318969 1.0723751734532354085 1.0975701772683343904 1.1245943121255872477 1.1241423979428966096 1.1357381725457198485 1.1468657335194940572 1.1483639693338600907 1.1334033328264976337 1.1455916216401436092 1.1612136994402744161 1.1691888729150725634 1.1689469271092649549 1.1495472148348311325 1.148606859035809391 1.1425165058993707046 1.1714933333302590679 1.1572055834600278867 1.1731228591830933361 1.1587374334955566901 1.152756908426626703 1.1425748268642310634 1.1836177550479418663 1.1873926534366774366 1.1867177654221998662 1.1577807336796528404 1.1485306072303234082 1.1256508636450774929 1.1213066206997026608 1.1317978719318919634
0.29993088464318506947 0.38544847822041750085 0.32584485506808008592 0.37830979562317601506 0.38785962980347549189 0.45464998429284775305 0.4920695607475668587 0.53967914807950012612 0.64730805628626042481 0.73303612706330645299 0.7663025392153536286 0.83353410934587357506 0.91039810140114063586 0.95460446427053169405 0.9739948589218204722 1.0117751208092060633 1.0597978944712052041 1.1112215951633224176 1.1286932159140885545 1.1236779536486354303 1.1302968654860727771 1.1472554528720784184 1.1238156144370592404 1.1428671511347447964 1.1282020698493271382 1.1460767691158599835 1.1487984496708245619 1.1705641931234265218 1.1636933454484041928 1.1460504943564224778 1.1531229892551557725 1.1901417615397285044 1.1798160431261606185 1.1767556719599916448 1.1362205208358435726 1.1679489227135280149 1.1393590406251064007 1.2000313097862762568 1.2013637914340056234 1.2087089181025958418 1.1820934020620732507 1.1528846171818558641 1.12011856363419815 1.1012854648245380407 1.0914720470084731119
0.29722791223645222969 0.38735164759045631611 0.3208445278215864005 0.37930312843860963801 0.37714763613554430632 0.44064052997642921827 0.47075735699872200968 0.52676270216696485793 0.60860365509784664084 0.69686037990302984735 0.7429740799401651774 0.81723451294265236911 0.88931531320043966105 0.9270425137143518679 0.94205649557186055265 1.0097152177873554013 1.0452816567964422489 1.1035713221587222233 1.1314595620177456681 1.1291266645762390031 1.1299081741103405019 1.1201938620084614939 1.1392987744559732732 1.1217785903512671464 1.1246821353531371024 1.1180930406009341738 1.1231443794140272274 1.1351157038779358111 1.1303510082286443161 1.1450738952415671079 1.1293293750613841997 1.1449968505645005123 1.1464980950215677424 1.1740359135481885922 1.1606830505031580092 1.163672558688548575 1.1526172033724257915 1.1905451202928236665 1.1943922511032611933 1.2098262467876950144 1.169623643802888191 1.1838275274384579827 1.1434106742572773818 1.0894545652598730534 1.1058578757787635993
