benchmarks/avaPyramidNullTest/release1PY_null_ref_0.15500_pfd.asc
ncols         793
nrows         793
xllcenter     0
yllcenter     0
cellsize      5
NODATA_value  -9999
[rows 384 to 415 of 793, columns 370 to 443 of 793]
1.14508 1.16487 1.19633 1.35965 1.16601 1.23244 1.35281 1.01056 1.00205 1.04406 1.11351 0.853382 0.886987 1.05838 1.00736 1.27471 0.77029 0.99602 1.01104 0.945167 1.06851 0.93642 1.16805 1.08559 1.28748 1.12 1.19794 1.21301 1.12589 1.05394 1.06504 1.03788 0.992782 1.13122 1.04043 1.45313 0.894892 0.819862 0.953756 1.11223 0.947345 0.89035 1.34719 1.15903 1.1235 1.5058 1.24411 1.17274 1.12225 1.0871 1.13867 1.15093 1.12323 1.11021 1.10214 1.10829 1.09933 1.18956 1.14421 1.12079 1.10545 1.12589 1.08755 1.0788 1.12607 1.08595 1.35832 1.09517 1.07331 1.08575 1.10269 1.08542 1.07121 1.06309
1.37654 1.1888 1.21545 1.25929 1.15355 1.16557 1.11606 1.02978 1.09199 1.09062 1.1739 1.08615 1.29904 1.5298 0.760888 0.919964 1.28201 1.09259 1.10101 0.844397 1.06285 0.959558 1.0759 1.04671 1.47587 1.18686 1.27111 1.31661 1.15836 1.07859 1.1222 1.12034 0.976188 1.10498 1.06695 0.779735 0.793548 1.06103 0.968229 1.32634 1.02909 1.0499 1.03263 1.29346 1.17868 1.09917 1.0577 1.05075 1.31855 1.33271 1.19911 1.1567 1.13045 1.11355 1.15616 1.12786 1.24985 1.19845 1.15928 1.19766 1.18179 1.10231 1.08417 1.07289 1.05627 1.23384 1.06018 1.06277 1.06897 1.06876 1.0664 1.06031 1.04773 1.04289
1.0882 1.10388 1.10478 1.13534 1.08949 1.11999 1.18291 1.31 1.47666 1.16874 1.25903 0.987318 1.00521 0.949965 0.822622 0.946397 1.24203 0.75534 1.03419 0.842838 1.22998 1.00989 0.982764 1.07029 1.0261 1.2865 1.13318 1.10331 1.15963 1.04478 1.21294 1.09075 1.09855 0.916749 1.00829 1.05916 1.47201 1.10026 0.828996 0.927904 0.920354 1.19108 1.13337 1.03994 1.00436 1.04568 1.01245 1.24965 1.15514 1.10946 1.09387 1.07276 1.18167 1.11325 1.0799 1.06051 1.22052 1.14249 1.17911 1.10008 1.07837 1.13382 1.14076 1.20184 1.15538 1.12578 1.09874 1.08139 1.06086 1.04715 1.04081 1.03584 1.02799 1.02881
1.06448 1.06454 1.13343 1.03669 1.05341 1.01815 1.04001 1.05403 1.07787 1.10454 1.06847 1.13711 1.03422 1.10672 1.15295 1.11962 1.38904 0.827883 0.946612 0.841057 0.991074 1.17644 0.982968 1.08691 1.04794 1.34024 1.13643 1.13865 1.26697 0.947708 1.22679 0.966406 1.31725 1.00417 1.13758 1.17196 1.11451 1.26253 1.04799 0.925451 1.16969 1.08686 1.02172 1.12569 1.04475 1.01636 1.00813 1.31589 1.19691 1.14243 1.2467 1.19024 1.19485 1.37896 1.16008 1.14036 1.06811 1.1315 1.06604 1.38839 1.21319 1.15467 1.11829 1.53449 1.32208 1.22991 1.18439 1.10324 1.09402 1.05751 1.04065 1.04158 1.04239 1.04568
1.08772 1.21369 1.09725 1.12275 1.15594 1.20061 1.34004 1.14007 1.19642 1.37285 1.11806 1.19825 1.30062 1.21595 1.41802 0.980971 1.10356 1.18585 1.18977 0.684617 1.23547 1.4822 0.844692 1.14636 1.10645 1.05164 1.20814 1.12656 1.13129 0.9922 1.34137 0.7296 1.6434 0.692257 0.905387 1.09084 0.907145 1.05347 1.12108 1.15455 1.07986 1.22746 1.17881 1.10497 1.16134 1.15672 1.09236 1.05556 1.29251 1.17543 1.12327 1.10285 1.0938 1.088 1.07259 1.14116 1.08977 1.24671 1.26765 1.15107 1.11356 1.09128 1.07618 1.17927 1.08939 1.06301 1.1811 1.06733 1.05019 1.06157 1.04599 1.03962 1.03834 1.03771
1.35862 1.13713 1.19572 1.31271 1.02556 1.03642 1.05986 1.09693 1.0188 1.00296 1.01132 1.00456 1.0349 1.07041 1.14605 1.08972 1.07458 0.900788 1.13634 1.37583 0.639322 1.13313 0.870855 0.958837 1.24695 1.14498 1.3311 1.24414 1.17409 1.05646 1.25786 0.900511 0.854325 0.727555 1.53551 1.00621 0.969301 1.21471 1.13632 1.03926 1.01401 1.06735 1.06336 1.0486 1.02173 1.32509 1.17359 1.16203 1.09257 1.07314 1.21863 1.22376 1.18284 1.14367 1.12136 1.10596 1.07586 1.06017 1.05812 1.03963 1.23435 1.06693 1.0353 1.02468 1.02694 1.03301 1.03233 1.03082 1.02857 1.02745 1.01972 1.02629 1.03123 1.04487
1.12066 1.15421 1.21805 1.4377 1.13212 1.20785 1.15085 1.17051 1.23813 1.30888 1.28595 1.51866 1.04686 1.12798 0.991436 1.05974 1.15244 1.30364 0.879773 1.01563 1.06661 1.23126 1.05936 0.984592 0.984474 1.31023 1.21761 1.04756 0.91414 0.831518 1.13417 1.32237 0.846 0.880673 1.00995 1.02354 0.960436 0.983469 0.995205 1.02515 1.38741 1.19013 1.1287 1.22606 1.17088 1.14649 1.0783 1.1083 1.06876 1.04873 1.03349 1.08055 1.07871 1.0773 1.23117 1.33109 1.14276 1.08656 1.07578 1.05602 1.05023 1.25993 1.18178 1.32295 1.18195 1.19944 1.09757 1.0641 1.04699 1.05772 1.04262 1.04845 1.03491 1.0268
1.10723 1.17569 1.18343 1.06491 1.05625 1.07561 1.08065 1.08202 1.08089 1.11083 1.13855 1.19075 1.2786 1.42213 1.03414 1.07895 1.13767 1.21962 1.23012 1.01151 1.25041 0.783875 0.712139 0.941478 1.05891 1.07017 0.88444 1.24691 0.870929 0.92113 0.949967 0.808389 0.644098 1.02571 0.823442 1.12848 1.05155 1.25386 1.18127 1.14182 1.11244 1.37628 1.21844 1.23515 1.15373 1.1517 1.15695 1.09858 1.08282 1.06457 1.20226 1.12274 1.09581 1.07895 1.04396 1.0323 1.02546 1.02983 1.04788 1.03607 1.03094 1.33229 1.15784 1.09262 1.13057 1.06526 1.0448 1.03976 1.03126 1.03168 1.03879 1.03953 1.03935 1.03254
1.11446 1.13879 1.19245 1.06192 1.12106 1.06616 1.0802 1.10891 1.16116 1.0754 1.10133 1.12966 1.17513 1.29051 1.12823 1.15119 1.2818 1.07078 1.1027 1.01411 1.17153 1.11482 1.17168 0.994094 1.08606 1.02867 0.954344 0.94254 0.944275 0.577191 0.996889 1.37608 1.28466 1.19826 1.19812 1.12986 1.07636 1.04182 1.01781 1.07683 1.08203 1.19688 1.20079 1.14202 1.34979 1.18013 1.13774 1.11253 1.14441 1.22819 1.11514 1.08324 1.06836 1.41934 1.17111 1.35634 1.21229 1.1634 1.20819 1.16852 1.23707 1.12882 1.16655 1.08873 1.06979 1.05591 1.32506 1.07948 1.05032 1.05204 1.04688 1.04235 1.04354 1.04315
1.18837 1.25151 1.09562 1.06443 1.07438 1.08738 1.11029 1.12393 1.14585 1.18146 1.31494 1.13049 1.23667 1.07352 1.10771 1.14852 1.13378 1.14286 1.15859 1.25563 1.02106 0.848098 0.80911 1.03146 1.16868 1.0356 0.914179 0.847256 1.49816 0.896598 0.902281 1.17289 0.981343 0.924278 0.932809 1.14332 1.07041 1.05325 1.0462 1.24251 1.12786 1.09506 1.07257 1.05819 1.04554 1.05055 1.07638 1.07378 1.06248 1.06922 1.06645 1.06199 1.05375 1.05675 1.45662 1.29203 1.21833 1.23872 1.13097 1.10564 1.07676 1.05854 1.04802 1.16338 1.15868 1.11765 1.08641 1.06839 1.05845 1.06331 1.07191 1.06636 1.0548 1.06846
1.22648 1.09911 1.10962 1.13163 1.16487 1.22197 1.33208 1.16146 1.13885 1.09235 1.10952 1.13788 1.17314 1.26591 1.10279 1.16857 1.11896 1.15071 1.23024 1.00512 1.03172 1.07871 0.860294 0.939767 0.93961 1.18036 1.10197 0.827903 1.10637 1.28734 0.938105 0.878035 1.1457 1.12826 1.0589 1.3697 1.22747 1.17994 1.14243 1.11503 1.29668 1.14408 1.09799 1.10172 1.26191 1.19013 1.15494 1.24237 1.18649 1.14222 1.114 1.12924 1.38445 1.19152 1.13025 1.09231 1.07354 1.05683 1.23869 1.14381 1.11152 1.11653 1.09036 1.08278 1.11124 1.25872 1.10704 1.05855 1.05944 1.05841 1.04555 1.04534 1.04998 1.05284
1.05622 1.05982 1.07063 1.0901 1.12305 1.18717 1.26976 1.07722 1.07868 1.08344 1.09678 1.10891 1.13866 1.14513 1.04891 1.08028 1.11163 1.20529 0.976431 1.02329 1.08572 1.11939 1.02704 1.2816 1.03121 1.13565 0.937933 0.956069 1.07871 1.24556 1.32645 1.16511 1.05987 1.29179 1.15004 1.14993 1.1216 1.09987 1.18835 1.16597 1.11786 1.17155 1.18922 1.11478 1.27822 1.16429 1.38881 1.21858 1.12725 1.18307 1.21949 1.13304 1.10765 1.15795 1.12909 1.10666 1.10213 1.09422 1.06504 1.10668 1.04867 1.32869 1.1619 1.11662 1.08865 1.11383 1.05555 1.04654 1.04159 1.04867 1.05614 1.04779 1.04213 1.04917
1.39736 1.06681 1.08823 1.08283 1.10431 1.12932 1.12239 1.15861 1.19251 1.09986 1.23234 1.06322 1.07708 1.1131 1.15878 1.23836 1.58949 1.09049 1.15227 1.33625 1.10306 1.20188 1.0873 1.19313 0.926302 1.08888 1.4237 0.876661 0.997218 0.907811 0.975965 0.956812 0.884152 1.09055 1.12813 1.08327 1.04077 1.00938 1.02648 1.17779 1.10337 1.18978 1.10855 1.17392 1.12705 1.09971 1.07857 1.0683 1.06051 1.23951 1.15719 1.20366 1.1745 1.1109 1.17562 1.19483 1.13238 1.43641 1.26912 1.18103 1.1529 1.12365 1.09649 1.16797 1.11334 1.0741 1.05869 1.05264 1.05322 1.04345 1.05496 1.06352 1.05502 1.05183
1.1063 1.16436 1.40848 1.07605 1.05104 1.11205 1.09636 1.13746 1.24169 1.09202 1.11743 1.13543 1.16599 1.1984 1.2569 0.983523 0.97478 0.956074 0.958683 1.00115 0.901809 1.02966 1.24317 0.967756 0.742353 1.12337 0.898779 0.828956 1.27673 1.12117 0.754044 1.02241 0.933671 1.01838 1.13006 1.22929 1.21826 1.1435 1.22206 1.13659 1.08776 1.21322 1.34423 1.19261 1.1499 1.12994 1.10368 1.089 1.13879 1.17301 1.13513 1.12038 1.09119 1.08685 1.24549 1.12399 1.10895 1.0723 1.07059 1.06803 1.06234 1.06367 1.27729 1.36573 1.233 1.1742 1.13 1.10126 1.07824 1.06132 1.04814 1.04328 1.04674 1.04366
1.25904 1.1273 1.27862 1.07641 1.05306 1.04149 1.02529 1.03449 1.00689 1.01327 1.02668 1.03551 1.06581 1.10227 1.1458 1.20632 1.3084 1.6288 1.13701 0.966414 0.987694 1.16053 0.992209 0.875942 1.01624 1.03484 1.1277 0.785103 1.0699 1.31271 0.884895 1.36908 1.1155 1.0602 0.976078 1.19397 1.11876 1.07053 1.03105 0.994524 1.18074 1.26621 1.20086 1.20165 1.13622 1.53275 1.27448 1.20886 1.24944 1.25411 1.20859 1.19175 1.13148 1.12225 1.09046 1.43453 1.27624 1.20177 1.20894 1.15964 1.41875 1.21237 1.16163 1.12634 1.10424 1.31233 1.11511 1.06276 1.05119 1.04486 1.03481 1.04836 1.05576 1.04206
1.20091 1.12665 1.14072 1.15675 1.19747 1.26196 1.30155 1.16327 1.22118 1.45877 1.05546 1.07336 1.11187 1.17557 1.15338 0.981333 0.997331 1.02778 1.06109 1.14419 0.998096 0.899602 0.790974 1.21202 0.81668 1.05922 1.28842 0.81806 1.18817 0.941015 1.095 1.16226 0.872433 0.743742 1.00062 1.04836 1.14277 1.17589 1.10269 1.07087 1.36138 1.20413 1.14139 1.10041 1.06987 1.05639 1.26918 1.25232 1.16357 1.1133 1.1238 1.09764 1.16469 1.08881 1.07286 1.1076 1.43008 1.27021 1.1992 1.15366 1.24567 1.16024 1.13404 1.1187 1.101 1.09778 1.08467 1.07531 1.06276 1.05216 1.06101 1.05774 1.05725 1.04949
1.04683 1.06338 1.0805 1.09604 1.1149 1.11931 1.13787 1.20082 1.06972 1.06808 1.08569 1.10822 1.19833 1.11506 1.16391 1.2418 1.38586 1.16264 1.04772 1.03938 1.48919 1.07578 1.09501 0.85289 0.926501 1.41296 1.02346 0.962164 1.11756 1.04753 1.02504 0.891267 1.11418 1.09811 1.09977 1.04936 0.98707 1.15568 1.08707 1.03643 1.10236 1.05406 1.11269 1.03143 1.01327 1.2345 1.14947 1.12063 1.09591 1.07962 1.07355 1.06358 1.40473 1.19129 1.20854 1.30968 1.22019 1.18378 1.14951 1.11433 1.10794 1.38828 1.26525 1.20245 1.15774 1.11902 1.08076 1.07471 1.07344 1.05464 1.04408 1.05273 1.05498 1.0532
1.25801 1.48667 1.0801 1.13593 1.46438 1.09521 1.11294 1.15095 1.21697 1.35838 1.06298 1.02848 1.0567 1.08808 1.12253 1.15258 1.03463 1.0917 0.774502 0.896962 1.18637 0.921395 0.603568 0.955041 1.34272 1.20037 0.912941 1.00876 1.02839 0.944819 1.2743 0.764321 0.793677 1.18973 0.905384 0.865309 0.948204 1.0913 1.01572 0.985123 1.01407 1.00857 1.10641 1.08732 1.23412 1.19305 1.12893 1.09781 1.08631 1.08242 1.08365 1.10456 1.08717 1.07629 1.20678 1.08954 1.06829 1.07736 1.10871 1.07502 1.05837 1.12635 1.11047 1.08299 1.05923 1.13065 1.23041 1.06156 1.06561 1.07098 1.07917 1.08828 1.07718 1.07456
1.09069 1.10669 1.14477 1.18182 1.24145 1.38662 1.61217 1.0947 1.12939 1.15142 1.17151 1.22607 1.32463 1.43283 0.983211 1.04747 1.17116 1.18258 0.7012 1.01153 1.00856 1.19623 1.34434 1.02289 1.13141 1.11173 0.924157 1.01226 1.01451 1.1108 1.1792 0.760409 0.77551 1.15884 1.02807 1.18549 1.24564 1.06976 1.3074 1.12389 1.29698 1.29049 1.23017 1.17812 1.27225 1.26357 1.16735 1.1826 1.1278 1.09355 1.06771 1.14932 1.09752 1.09167 1.05902 1.26848 1.346 1.19598 1.21888 1.16555 1.35763 1.20054 1.26322 1.12761 1.08593 1.07038 1.07524 1.06537 1.0653 1.05606 1.059 1.06039 1.06014 1.05791
1.04813 1.08184 1.11587 1.23655 1.0493 1.06271 1.08183 1.11732 1.17481 1.14359 1.21771 1.20878 1.27719 0.97259 1.03849 1.15174 1.13169 0.736356 0.776069 1.31879 0.910094 0.94283 1.11267 1.2039 1.16397 1.02129 1.07515 1.27135 1.07213 1.02107 1.10737 0.809284 0.899086 1.37095 1.07753 1.19322 0.93569 1.1046 0.923784 0.949148 1.01263 1.31546 1.1925 1.14006 1.10356 1.09025 1.07909 1.30602 1.18875 1.14333 1.3652 1.21668 1.133 1.15643 1.13219 1.06925 1.04556 1.04046 1.24799 1.12918 1.10184 1.07619 1.0603 1.04399 1.03378 1.40858 1.21336 1.05891 1.04035 1.04214 1.04365 1.03698 1.04197 1.05348
1.04702 1.05485 1.07792 1.07563 1.19179 1.07456 1.0757 1.11564 1.16482 1.24342 1.35726 1.01971 1.05193 1.1323 1.14817 1.23236 0.925278 1.12584 1.1958 1.24451 0.945661 0.882196 0.98534 1.11255 1.07101 0.968977 0.981994 1.04186 1.26612 0.957825 1.28492 1.00264 1.00986 1.02505 0.812564 1.01086 1.10402 0.830973 0.939732 1.13428 1.04019 0.998161 1.25834 1.19271 1.18113 1.12414 1.09403 1.06979 1.18805 1.16939 1.24416 1.18368 1.15534 1.13178 1.11173 1.11328 1.19343 1.10227 1.49242 1.30315 1.24412 1.19217 1.1573 1.15023 1.5058 1.25845 1.17997 1.12181 1.07776 1.05318 1.04612 1.05856 1.04702 1.04889
1.24092 1.2842 1.21185 1.35504 1.00045 1.0082 1.01578 1.01999 0.99304 1.00861 1.04 1.10035 1.02654 1.10425 1.20475 1.30357 0.840955 0.680796 1.02186 1.06111 1.33152 1.24683 0.898025 1.35861 1.11747 1.16738 1.04772 0.990526 1.09406 0.964172 1.16783 1.25614 0.959502 1.08285 1.01564 1.18822 0.914285 1.11667 0.85103 0.900292 1.09861 1.03057 1.42924 1.2413 1.16141 1.1091 1.28314 1.14228 1.16442 1.18623 1.28865 1.2643 1.20017 1.17404 1.14449 1.13302 1.11815 1.10945 1.08855 1.09896 1.36548 1.20157 1.14992 1.12155 1.0924 1.22141 1.08381 1.05835 1.05419 1.05307 1.05473 1.05877 1.0508 1.05858
1.09706 1.13001 1.1735 1.24352 1.33483 1.67394 1.12504 1.07351 1.0158 1.00866 0.946456 0.983318 1.01941 0.893567 0.97336 0.950027 1.05406 1.06529 1.12731 1.00981 1.14068 1.09023 1.11298 1.19954 1.11163 1.19766 1.01351 1.39484 1.10863 1.36742 1.09558 1.16758 1.30631 0.9758 0.852032 1.18789 0.990038 0.963661 0.937772 1.45981 1.11678 0.997732 0.927528 0.930833 0.934503 1.1305 1.09345 1.05829 1.07693 1.05883 1.05871 1.05333 1.11289 1.09953 1.07655 1.08848 1.08634 1.08738 1.08696 1.0765 1.10996 1.07796 1.0753 1.07731 1.41068 1.20029 1.12241 1.05991 1.06027 1.06021 1.06477 1.06912 1.07083 1.06641
1.07523 1.10364 1.12705 1.15369 1.18651 1.23899 1.25289 1.15243 1.04431 1.09618 1.13423 0.979877 1.01539 1.3265 0.881978 1.06865 1.19646 0.829835 0.97782 1.20162 1.00059 1.0451 1.12711 1.1322 1.10046 1.09694 1.11032 1.22985 1.08062 1.23391 1.05811 1.10642 1.2395 1.1771 1.29686 0.925032 1.18804 0.783988 0.890058 1.04793 0.856445 0.854314 1.05286 1.43717 1.28108 1.15754 1.088 1.03925 1.15983 1.45242 1.26046 1.19023 1.15266 1.15058 1.12019 1.10179 1.33519 1.19763 1.12988 1.181 1.18847 1.16981 1.15044 1.12922 1.12409 1.34521 1.24619 1.09879 1.09387 1.08309 1.07792 1.06464 1.06005 1.06275
1.04186 1.0643 1.08837 1.13885 1.05669 1.07165 1.12725 1.17999 1.27177 1.32826 1.07613 1.13298 1.09846 1.40798 0.852854 0.677282 1.03589 1.25607 1.07882 1.13921 0.950077 1.02975 1.06324 1.18987 1.18345 1.06623 1.0899 1.17664 1.07341 1.17331 1.03656 1.04826 1.17317 1.10632 1.14958 0.989181 1.17898 0.817317 1.0494 1.32521 0.889776 0.980237 1.14302 0.99109 0.904462 0.843436 1.40268 1.17753 1.5365 1.27959 1.20213 1.15058 1.11324 1.09426 1.08623 1.29231 1.16369 1.10863 1.19371 1.34758 1.23362 1.17528 1.23487 1.12812 1.10182 1.13003 1.103 1.06256 1.04753 1.04754 1.05044 1.04979 1.0626 1.08004
1.11903 1.17982 1.2001 1.14955 1.10191 0.999337 1.04442 1.15948 1.0715 1.0638 0.805502 0.856983 0.870932 0.716523 1.08009 0.987365 0.994702 1.15836 1.01696 1.06979 1.18395 1.01233 1.02658 1.11698 1.42387 1.04934 1.1244 1.26166 1.08142 1.37388 1.10311 1.0222 1.13183 1.06579 1.20604 1.1372 1.1661 1.00301 1.04808 0.983204 0.723233 1.15857 0.880999 1.12259 0.993148 0.928675 1.41049 1.22428 1.1479 1.0912 1.04225 1.15423 1.15594 1.0973 1.08744 1.11045 1.06923 1.06251 1.44836 1.23243 1.15045 1.10714 1.14271 1.06552 1.08784 1.06747 1.05241 1.05323 1.05678 1.0533 1.07081 1.06169 1.06044 1.07072
1.05071 1.04271 1.01469 1.00265 1.04204 1.11578 1.00815 1.06173 1.16985 1.14167 0.969437 1.25881 0.87189 1.09618 1.09996 1.02108 0.890112 1.22119 0.960262 1.00979 1.19686 1.00922 1.20205 1.07477 1.23132 1.04234 1.10142 1.18919 1.08165 1.202 1.11018 1.28945 1.09932 1.02584 1.30338 1.04168 1.05429 1.23801 0.953844 1.6093 0.813683 0.772351 1.04547 1.10057 0.968695 0.988837 1.07088 1.19872 1.1534 1.10791 1.081 1.1509 1.1798 1.10491 1.19422 1.18981 1.1309 1.18184 1.09584 1.08534 1.06478 1.06196 1.10638 1.06394 1.05141 1.05701 1.06914 1.05253 1.06162 1.05726 1.07192 1.05934 1.05104 1.0569
1.09528 1.08772 1.11134 1.18961 1.31269 1.34858 0.996385 1.05887 1.08812 1.15218 0.745708 0.97201 0.966516 1.36468 0.946349 1.11821 1.19678 1.0971 1.35895 0.986917 1.10456 1.22588 1.08525 1.2128 1.18096 1.03105 1.08476 1.3087 1.08964 1.14541 1.09139 1.14471 1.07232 0.98919 1.31136 0.994883 1.00021 1.11167 1.17404 1.23763 1.27981 0.785066 0.951226 1.19522 1.02692 0.846669 1.03349 0.977126 1.38573 1.20748 1.12603 1.07299 1.04386 1.2233 1.18464 1.1419 1.13035 1.11629 1.22549 1.13681 1.10503 1.08622 1.07236 1.18806 1.17968 1.35945 1.14916 1.06748 1.0518 1.06233 1.06066 1.05 1.04002 1.04312
1.49147 1.1668 1.24366 1.55497 0.926492 0.961529 1.05189 1.40745 1.20245 0.904261 0.91655 0.966992 1.0649 1.235 1.17117 1.13208 1.10636 1.07057 1.22529 1.21016 1.07852 1.21705 1.063 1.20878 1.13572 1.31992 1.07667 1.25609 1.08433 1.11154 1.05841 1.10234 1.16178 1.33609 1.13841 1.01896 1.1674 1.20552 1.17913 1.06948 1.15232 0.721509 1.01282 1.06293 1.25247 1.44145 1.09818 1.16678 1.08105 1.01798 1.31307 1.20567 1.15823 1.11585 1.0771 1.06393 1.03896 1.0258 1.3729 1.25023 1.21437 1.19915 1.15446 1.15533 1.13335 1.1211 1.09838 1.06981 1.06909 1.06213 1.0629 1.05611 1.05074 1.05453
1.0863 1.105 1.14109 1.12899 1.06408 1.24039 0.684499 0.778659 1.06502 1.20694 1.49033 0.752711 0.884513 1.11269 1.22143 1.25587 1.04942 1.03973 1.16625 1.29875 1.06054 1.24652 1.08207 1.16001 1.28681 1.20443 1.07235 1.46144 1.14735 1.08879 1.05428 1.07643 1.11744 1.2127 1.14761 1.01108 1.05744 1.11525 1.10844 1.03128 1.40165 1.16204 0.946363 0.757572 0.873355 0.763792 0.810768 0.875813 0.970797 0.988983 0.993316 0.97119 0.971093 0.957843 1.17209 1.15576 1.11487 1.10877 1.09566 1.37753 1.29364 1.21954 1.17813 1.23653 1.19076 1.22421 1.12636 1.10882 1.09343 1.07768 1.10434 1.07859 1.05708 1.04573
1.08299 1.09482 1.13164 1.00277 1.09845 1.27046 1.12877 1.10317 1.13442 0.976168 0.941382 1.03261 0.909291 1.02137 1.09733 1.15964 1.1502 1.0105 1.1225 1.29256 1.05241 1.17957 1.24927 1.13569 1.17891 1.15405 1.06853 1.24507 1.10628 1.28603 1.16688 1.05462 1.08167 1.1595 1.36298 1.03936 1.03242 1.15259 1.06691 1.04096 1.24377 1.00764 1.32569 1.29092 0.97008 1.11743 1.49287 1.16712 1.18206 1.14649 1.04232 1.24814 1.13911 1.23324 1.14304 1.11229 1.20694 1.18133 1.08804 1.05988 1.07033 1.07042 1.06833 1.20347 1.10751 1.06627 1.21692 1.04684 1.05661 1.04521 1.03804 1.04302 1.05785 1.04189
1.05809 1.08898 1.10091 1.16737 1.28377 1.11032 1.0044 0.943231 0.803581 1.04253 1.21198 1.03455 1.04014 1.09346 1.13745 1.38661 1.12051 1.31239 1.08097 1.19177 1.04789 1.14202 1.17063 1.12662 1.14326 1.1183 1.05233 1.1575 1.13419 1.13105 1.09699 1.32266 1.12692 1.12078 1.22 1.05386 1.1402 1.07252 1.05284 1.0187 1.14798 1.2274 1.1837 1.01322 0.94618 1.13995 0.755716 0.860821 1.14806 1.07802 1.15762 1.09871 1.10341 1.05899 1.01782 1.75785 1.44383 1.35461 1.27916 1.22616 1.16373 1.11613 1.18384 1.1272 1.07515 1.06787 1.25076 1.04838 1.02644 1.04989 1.03027 1.02193 1.03321 1.03602
