benchmarks/avaPyramidNullTest/release1PY_ad4abf69aa_null_dfa_pft.asc
ncols 794
nrows 794
xllcenter 0.00
yllcenter 0.00
cellsize 5.00
noDataValue nan
[rows 110 to 131 of 794, columns 350 to 399 of 794]
0 0 0 0 0 0 0 0.03727620411796419 0.2246212713603174 0.228015336880963 0.2786017389763796 0.3038631180927229 0.3038076788844385 0.3307955555059055 0.3162809838169944 0.3715658734076653 0.3831317454394793 0.4104487821856326 0.3895769796999695 0.3775372009016078 0.4362332161981231 0.370260067810787 0.3428778927054728 0.3660283695387124 0.3772686082867161 0.3784298657326852 0.5938312354387071 0.5182229704914195 0.5435429268149908 0.6419216224888644 0.7046861475392872 0.6688436718239998 0.6593740273587243 0.7844140850096489 0.9573481805090527 0.8851085968605701 0.7045841494336044 0.6442520919984377 0.6984044580028448 0.9460990170696009 1.139852971594731 1.204624829990276 1.332693416701282 1.506224922041638 1.44842703271195 1.348657077870516 1.332947290890935 1.233841437888372 1.198232801516552 1.235899106030335
0 0 0 0 0 0 0 0.03620179694868583 0.2249376230259489 0.2349677590967118 0.2906273570839108 0.310547748709493 0.301336410935033 0.3121110178530067 0.32220708130205 0.3716531157454074 0.3831872250024255 0.4172182029498505 0.380219664818674 0.3641467100863539 0.4193583145683742 0.3733428364483345 0.3566106069034101 0.3536576737438381 0.3857198969447634 0.4020681527400601 0.6053929574006313 0.5079992119619543 0.5018846878281727 0.6639083922188568 0.7118139687680947 0.677082349876387 0.6860141158427313 0.8167127972985534 0.9784530889094646 0.8854151161183749 0.6824703683848103 0.6401659531262347 0.6901411608785527 0.9672654556435916 1.15070062480716 1.218666819811594 1.331992453678087 1.505888791358272 1.453223391332311 1.31835066935082 1.322787486886915 1.236829137801553 1.208566348625664 1.2233592050765
0 0 0 0 0 0 0 0.0349434373781996 0.2251203939915292 0.2448278386143862 0.2922676094840068 0.2972489219812541 0.3045489187749735 0.325598734974432 0.3274272242369714 0.358305678849797 0.3683373538820504 0.4300596262854111 0.3802548845949233 0.372615417833801 0.3973661738600331 0.3837535945483717 0.360875454728031 0.367514808290259 0.3984000427139754 0.4220301224562168 0.6254252271898761 0.5266660906751546 0.4616860924448058 0.6731941827929807 0.7066870552386307 0.6667883858552334 0.7130822234002848 0.8482772518699297 0.9797853219452131 0.8770428431611461 0.714672653184465 0.6195289725835936 0.6720983121060951 0.9522290003226394 1.137377129877818 1.231909971685801 1.359733485612203 1.506121441823328 1.442286570318404 1.291411282303984 1.284543467056211 1.216727213145413 1.207695204202223 1.233817542856947
0 0 0 0 0 0 0 0.03390359585593459 0.2251236361258352 0.2469925535739585 0.3053877261369902 0.2989051726568013 0.2910866152333815 0.3331002285554864 0.3401089750516272 0.349169728521624 0.3869435498961329 0.4256798455105127 0.3729352088084327 0.3789351782401563 0.4010865182652364 0.3916002769974909 0.3568378965968105 0.3766203359091236 0.3993895293492291 0.4618764655616601 0.6237820627777793 0.5499572909043494 0.4491259762047188 0.6828094697208338 0.6968835071753754 0.6483184791695396 0.7336214956620096 0.8757415114242645 0.9423145044269539 0.8747624358674709 0.711320984298343 0.5957801700648044 0.6811375591071636 0.9813398128383112 1.133495768460371 1.261002663094115 1.398220337717891 1.521620750335263 1.462058188933647 1.28984892821503 1.273134481882489 1.222602649923375 1.189206633399704 1.220083753786074
0 0 0 0 0 0 0 0.03305961325133311 0.2249736753864629 0.2529926007050193 0.3139249075584743 0.3103235182590174 0.2724339296770245 0.3188645976599425 0.3583132511935136 0.3282279438800919 0.3957547929586302 0.406181988391092 0.378714139463925 0.3836178998936087 0.397824989460242 0.406153816802341 0.3443029239698172 0.3827980638949545 0.392688900872863 0.5027237308196585 0.6143482375080996 0.5662892593469129 0.4638526457530863 0.6999456645444971 0.7068016428620807 0.6580462463814188 0.7554137211582989 0.9013522642078476 0.9385827994626857 0.8620524437192348 0.7088574962804592 0.5850964544872224 0.6953682335931174 0.9979303585907823 1.170718859685692 1.296902273714864 1.439796450729231 1.522541365786447 1.454703737168745 1.313814029269886 1.301342083075176 1.241154575831913 1.182931147812847 1.214618854570904
0 0 0 0 0 0 0 0.03208937130743657 0.2246380780471337 0.2541664780592038 0.3157536136219332 0.3225132492350578 0.2688302552176006 0.3189440838787056 0.3605367277573353 0.3149939455296773 0.3950439718764379 0.3975522340177162 0.3820873745075251 0.3872111024429017 0.3897459299746968 0.4097369072494271 0.3373400764635112 0.3864040163031319 0.4002605756459506 0.5379042471448858 0.5951267635167501 0.5780541188420362 0.4852967701225842 0.6949786269365553 0.7083733245910313 0.6697543568476957 0.7719669249147664 0.9276590927182993 0.9328318298606905 0.8453365771614627 0.692398456899143 0.5974131117295559 0.7200709623056893 1.002234701325581 1.191826736437391 1.36503636629638 1.480731570928158 1.517270261569514 1.435992584775655 1.302791269332225 1.293527528109566 1.250282998048311 1.192133112770224 1.194761773473682
0 0 0 0 0 0 0 0.03105499435952576 0.2239480663163763 0.2626669965218467 0.3130787157721595 0.3111644686406212 0.2801127075510709 0.3236375258635646 0.3738101085835137 0.3202044642335414 0.3944274191375344 0.3836149886029442 0.3806971494793976 0.3986906262602894 0.3720936947342783 0.3954679473797774 0.3514627100126223 0.391940943063358 0.3913338758975861 0.5654836496496454 0.5751331172435917 0.5853084072855586 0.5130726049159595 0.6707975626606858 0.7055869907392984 0.683371075625327 0.7852997194539232 0.9585122398259681 0.9516437024904465 0.8184619437294173 0.624578835065591 0.6040715494578561 0.7290757400349798 0.9983924270957617 1.276225683214913 1.411414677686053 1.518173143586764 1.537279787319634 1.451194289168487 1.283882706223426 1.281965394762815 1.259992966733631 1.175154425632083 1.186611502680715
0 0 0 0 0 0 0 0.115551514876511 0.2256663427937745 0.2721104991816881 0.3118373238391434 0.2963394891693098 0.2813692914850112 0.3307787456674028 0.3742473348177469 0.3171693878252453 0.3836626863598337 0.3780797632374897 0.3717792463263885 0.401517687907797 0.3581095313280469 0.3813665449565262 0.3609129106423977 0.3932933390987496 0.3906459417117344 0.5780786292194374 0.5507667626972421 0.5977077306834345 0.5039501058207019 0.676851755875454 0.7039137623048107 0.6931842994190162 0.8071973790989959 0.9931973742383523 0.9462629215031174 0.8386809136623861 0.5712387139366046 0.6072310436180589 0.707538620267103 0.9695556783055808 1.313332165936926 1.431532711928062 1.535050100008181 1.527476057563907 1.461690610284383 1.281940714910283 1.292323137722806 1.254889459074039 1.16644950051153 1.180842784657269
0 0 0 0 0 0 0 0.1427183160953661 0.2243014672200922 0.2828244094488199 0.3013414204865726 0.2961770942711301 0.2796044644475174 0.3360368965399011 0.3639075418775893 0.3222170057528834 0.3744963126916735 0.3747989261121999 0.3921334704796138 0.4109984758614462 0.3579979654913651 0.3815322121191752 0.3666546506589988 0.3785479452203582 0.3966776437985449 0.5853791616372098 0.5345375434324726 0.6025185325283616 0.5173012836352066 0.6762878391437143 0.7186883499860778 0.7093120483930252 0.834797069854646 1.017526090016539 0.9341971819943167 0.840586661414534 0.5472358066423495 0.6046387033002497 0.716483560879622 0.9345622120188986 1.328215174370313 1.419162336992133 1.552291843631729 1.527152647099155 1.445497115862524 1.299025507841843 1.289981280605597 1.240278584133446 1.17256239878457 1.184995791391242
0 0 0 0 0 0 0 0.142546897152503 0.2226131140862797 0.2959381840562876 0.2823562443150044 0.2893946720068477 0.2690080920805494 0.3387147901074091 0.3571238197820029 0.3181171332986665 0.3606838087426174 0.3525939650557837 0.3938748544959104 0.4224830651747928 0.3755262304505226 0.3749169959390081 0.3658373009568938 0.3571382167764141 0.3956106178461652 0.5918792536290766 0.5622888512485279 0.5906530959003323 0.5192866197190191 0.6583411579310516 0.7372544828323286 0.7387333399411591 0.8629076940898888 1.055596898774644 0.9368274109636411 0.8176891556990172 0.5167858982930276 0.609322175326327 0.7097926102128346 0.9572616606754648 1.352167815732484 1.4393828574801 1.55786252702858 1.512188764023124 1.429757785539966 1.307341822787942 1.279932630603951 1.216627691975956 1.210688464402601 1.199184045809448
0 0 0 0 0 0 0 0.1423782071001291 0.2204952433315979 0.306498012733218 0.2763566624810415 0.2968778491972059 0.2771352592263394 0.3336028727832847 0.366567142105783 0.325839530330252 0.3539423231681075 0.3701393500920836 0.3861698600898081 0.4207360790054377 0.3843173977450907 0.3737016702955628 0.3513457480916318 0.3475617332884107 0.3993134360652489 0.6024143531256515 0.5871278141359823 0.5676988754597736 0.5120240222308408 0.658567258345373 0.7456683221231269 0.7534690321224884 0.8904515820088558 1.074182263453415 0.9408352430636051 0.8171695961787073 0.5529413526888043 0.6129182876382616 0.7011446623997403 0.985126563442707 1.290022524834637 1.448830075048493 1.532002203103174 1.513655574352194 1.435278779522468 1.292300315493803 1.287185030186902 1.203925912979571 1.202668861184106 1.242451008642524
0 0 0 0 0 0 0 0.1422117814650385 0.2580428370496022 0.3138938051343783 0.2775707089550466 0.3172265601599858 0.2795894805063204 0.3286211899591628 0.3648256160424366 0.3350425554573091 0.3356816020402561 0.3660369851157353 0.3740812920076022 0.4137710314280602 0.391756979302855 0.3717723535827968 0.3775960072718462 0.3469216089877069 0.3957996285177962 0.6212324431590144 0.6047779039565543 0.566108175820372 0.5186622610305039 0.6508716897136342 0.7415688854751433 0.7940866111340167 0.9146355295210259 1.078465187905765 0.9636922703028311 0.8121728608530222 0.5743048530276788 0.5960140602548782 0.7404616938066509 0.945931479332741 1.255798905478989 1.459429069804188 1.509498548110751 1.512920307554502 1.404902976130683 1.270942508944762 1.283971862242862 1.218561765735421 1.206559115166297 1.260819226718745
0 0 0 0 0 0 0 0.1420472370287068 0.2453177342308479 0.3161825240563358 0.2787545593771695 0.3289189966807864 0.2789313643627979 0.3240159572108355 0.3572630739434663 0.3278426940480968 0.338749351966131 0.3674818288135717 0.3712106663601649 0.4186522999450989 0.390913277229793 0.3739085803450306 0.4035196789694964 0.3445658920494991 0.39627802094502 0.6471624506120753 0.6206009525143691 0.5525419459633265 0.5224150430232195 0.6388353206518956 0.7418001350291058 0.8308789947080707 0.9420154696055882 1.08730552414382 0.9753381360317254 0.8010699386201704 0.6097842093093732 0.606978265797278 0.7560761793221604 0.918399763224625 1.212321749344307 1.474960592406142 1.493198224009664 1.482629954478058 1.389890395464901 1.270684075625082 1.30409918759188 1.23857677321155 1.235368912193738 1.271727288543258
0 0 0 0 0 0 0 0.1418841487056915 0.228682310543406 0.3162673157427968 0.2910822150687691 0.3269153568004987 0.2719952226449208 0.3088599248861829 0.3572198658378459 0.331737039843545 0.3471545644633014 0.3792222994245462 0.3753827658344638 0.4177918424298284 0.395833133349863 0.3859622791747898 0.4076383816509808 0.3477416087529379 0.3756592711664135 0.6685863586092368 0.6372445924157067 0.5395782422505561 0.5486668406526799 0.6457023104460217 0.7451428996268793 0.8617284261038919 0.9808802598671833 1.093696143626037 0.9906859962844919 0.7912837515865353 0.6395901972415631 0.6383364562667989 0.7450272048646894 0.8975235983923534 1.173464986279931 1.466161083837904 1.470876074840407 1.480112508638612 1.385639286980117 1.267392522371976 1.283280470693063 1.248547161507659 1.246689686713687 1.28487262671918
0 0 0 0 0 0 0 0.1417221555488803 0.2302040244186949 0.3108434571205177 0.2903098517453708 0.3304656578675966 0.266766154049531 0.3068887397477111 0.3563074406591415 0.3185113362348513 0.3570081402538691 0.3947577297764956 0.377984966796759 0.4195074708209366 0.4077750336554416 0.390044058164785 0.4081676462453397 0.3517227725765717 0.3683675257319268 0.6841002036383189 0.6420257263464687 0.5336774517162821 0.5713204270882791 0.6322538043214052 0.7551455164502127 0.8923643875765276 1.002794619203511 1.089262760428664 1.001929523324749 0.7811598167110717 0.6786451100689818 0.6391058944789995 0.7378248127373128 0.8710061389554308 1.163704619950639 1.467894706700341 1.456015927580419 1.488226646781611 1.388541362909635 1.271412914100315 1.25992100504585 1.251229845186996 1.221855885277306 1.289528735139991
0 0 0 0 0 0 0 0.1632341446481002 0.2302809894919018 0.3097715206195442 0.2742212276636088 0.338455063392822 0.2885200039015494 0.3137863361356096 0.3461218439454595 0.3044419481359927 0.3734171973931589 0.4068890136340129 0.3759985034106001 0.4180282882584506 0.4023865220158674 0.3854256684075759 0.4047005131386658 0.3572645388689069 0.3388131205656961 0.6879650927003207 0.6478881413689103 0.5400693842802398 0.5460608346009873 0.6246057296501617 0.7650952124643113 0.9440184321311391 1.046964640706921 1.095768339216353 1.018906963077737 0.781081298741235 0.7004008685683615 0.6259514988058341 0.7461145320762614 0.8575910186819538 1.165070716078179 1.463029904734584 1.453364886588304 1.470318631151354 1.385830424511587 1.284574557220231 1.262278362646405 1.24968121215119 1.231823076272447 1.29705726425481
0 0 0 0 0 0 0 0.1933630557542161 0.2308404203377245 0.3099833586405074 0.2633941894820609 0.3596977477419686 0.3027200381047707 0.3159193896872791 0.3406030703686629 0.2686718899978798 0.3786359628098251 0.4134514960536029 0.3774009491353033 0.4122325508353673 0.4061085553787165 0.3812383783514031 0.3986336305122372 0.3715655689147244 0.3504788633199025 0.70624604386759 0.6549519978790561 0.5433608343802798 0.5294152958281506 0.6447447478773448 0.7860676379194028 1.001339168146294 1.049032935744362 1.096515535653475 1.028564219910162 0.8144722652094126 0.712807423475449 0.5918764721177859 0.774442462624695 0.8516675657342243 1.139833292579874 1.441831603226239 1.474250836477452 1.481634455413938 1.393541075807053 1.301970556225148 1.303157274188752 1.229156992153225 1.246263283841301 1.308133910794913
0 0 0 0 0 0 0 0.1932673019943211 0.2331636731395508 0.2968343433691437 0.2576190161710058 0.3816668620278238 0.2973987791544759 0.3232526377626771 0.3373647020326943 0.271162896410385 0.3643724459525334 0.4117180721333282 0.3746743218556134 0.4042394194220774 0.3958558820794809 0.3938510226184508 0.3884573880463298 0.3807133167921477 0.3368535300073518 0.7169663370518647 0.6729705700584113 0.5459618973358915 0.4966488274978175 0.6610683033619328 0.8367014615020838 1.034022035322721 1.084488061356247 1.11731508362396 1.069495627006795 0.8469050179472729 0.718150329373146 0.6083163483222036 0.8069935319414933 0.8950306800564211 1.144031246321572 1.422024277323556 1.464133331973273 1.474985611009287 1.43049166059002 1.318598200942459 1.296154443477006 1.240655224775212 1.248316732301423 1.308739346494557
0 0 0 0 0 0 0 0.1901319921256463 0.2363684634287004 0.2965335011263824 0.2621858676184541 0.3804684937753238 0.2904714669494939 0.3341088617801411 0.3305379232283452 0.2778782740328907 0.346708077236357 0.3998703800053562 0.3732849166450981 0.3898161766135548 0.386560500526834 0.407154611304149 0.3579267650043078 0.3954452745807775 0.3478023725896609 0.7262484206054274 0.68696302699454 0.5572914627409487 0.4857915502259473 0.6909997932286406 0.8622652299609148 1.049360996046844 1.122578097021319 1.110615315144402 1.085787669383969 0.8559393274190146 0.6877738758867986 0.6049047383342835 0.8510296045379641 0.9476004608594368 1.167911263213081 1.438143424585847 1.446753403317744 1.455510404921605 1.441276942310693 1.325808263997629 1.301692478360336 1.242247196241261 1.279353127317275 1.310197335487401
0 0 0 0 0 0 0 0.1901755309102371 0.238912903020113 0.2974137289186807 0.2752939501919744 0.374924512199289 0.2901521855673567 0.3435483960245236 0.3390525707522227 0.2882342512431247 0.3210805401911785 0.3805790404764963 0.3569142935267769 0.3837736331774963 0.3522844917029658 0.41266222287947 0.3557009464579564 0.3970030808193156 0.3509721543922105 0.7422716451254844 0.69496128707942 0.5695939626344877 0.515847055329107 0.712785018129122 0.8972922622721042 1.107580463719122 1.128292006869105 1.146307289244522 1.074655850203565 0.8736288481157876 0.6430713080264256 0.6185128330225362 0.8620383090399119 0.9803660652789015 1.200777220177129 1.430605825071035 1.448985097160637 1.429279365375917 1.430076710638905 1.299124713519739 1.313405541602842 1.229345994500561 1.276812568132606 1.319866355019263
0 0 0 0 0 0 0 0.193893863279047 0.2399434774010842 0.2970672649368478 0.2857646422181287 0.3639848659657876 0.2823022464060007 0.3510675960627956 0.3450479029199055 0.2961835210423686 0.3379433688660092 0.3823216125214075 0.331835093299077 0.3779688567862952 0.3263293229904313 0.428221100925471 0.3538809461779986 0.3946023075792157 0.3573374444026991 0.7450529071764804 0.6923748998772496 0.5622879954696591 0.5468984911670747 0.7183849235947736 0.9245853651205369 1.145646648775947 1.162392340505734 1.140466149200939 1.075307906363453 0.8962053552235419 0.5873416905578172 0.6308634893595887 0.8723068484707203 0.9984125844954994 1.224348298726006 1.439178757485043 1.469511345277264 1.421941078421063 1.41617111085747 1.283591058833443 1.306127524253385 1.192932525579584 1.262482251879992 1.281664311797811
0 0 0 0 0 0 0 0.1911428984789909 0.2422285477132976 0.3001565569009085 0.2819852893157043 0.3637935713568437 0.2802657557461734 0.3567745240078391 0.3486497410718369 0.2948307645566102 0.3487110609171684 0.3869324698340732 0.3195472413821773 0.3729413011851454 0.328941201056477 0.4266261881724429 0.3446032482433776 0.3762206525214883 0.3873888983695568 0.7203524932971528 0.6920855396419952 0.5666122161915924 0.5559977853147731 0.7598208786330969 0.9428465303344146 1.1674387779889 1.185068928069568 1.118246616262471 1.061736073257979 0.8969519256788611 0.5591006903494675 0.6725127092613176 0.9025100647586756 0.9988102341500735 1.252985126674381 1.429301887531989 1.46608954163472 1.392858201445797 1.40701331101837 1.270833753321894 1.303712608194254 1.191405538266896 1.267976945181893 1.284356693864162
