benchmarks/avaPyramidNullTest/release1PY_null_ref_0.15500_pfv.asc
ncols         793
nrows         793
xllcenter     0
yllcenter     0
cellsize      5
NODATA_value  -9999
[rows 231 to 263 of 793, columns 370 to 443 of 793]
12.5308 12.8849 13.45 13.7486 14.0724 14.271 14.376 14.2853 14.1145 13.9328 13.9612 14.0431 14.1073 14.0082 14.7433 15.6669 16.1825 16.4972 16.5484 16.3466 16.942 18.3096 19.8985 21.1126 22.0257 22.8236 23.5203 24.1316 24.616 24.8969 24.9179 24.6599 24.3842 23.9177 22.8412 21.3656 19.3639 17.6166 14.3407 14.2219 14.1427 15.1758 15.6266 15.7204 15.5708 15.3746 14.8578 14.8123 14.8208 14.7617 14.6767 14.8604 14.4621 13.9357 13.1076 12.929 11.5045 9.13461 9.94422 10.1127 9.81038 9.6743 7.39918 7.23812 7.04556 6.82662 6.76794 5.94385 6.81723 6.78885 4.66994 0 0 0
12.4569 12.9161 13.5103 13.7902 14.0236 14.196 14.3168 14.2134 14.0069 13.8122 13.8547 13.9432 13.9577 13.8786 14.6258 15.5769 16.0811 16.4369 16.5206 16.3548 17.0531 18.4918 20.0359 21.2118 22.0152 22.77 23.3533 23.8683 24.3254 24.6201 24.709 24.5354 24.0762 23.8302 22.9114 21.5897 19.8997 18.1988 14.9621 14.1105 14.0825 15.1274 15.5851 15.7052 15.5792 15.3784 14.8588 14.7543 14.7244 14.6599 14.7307 14.8793 14.5363 13.9796 13.0873 12.8417 11.88 9.34396 10.0132 10.1535 9.80399 9.42066 7.36166 7.2636 6.90274 6.94857 6.90031 6.18978 6.78024 4.76628 4.76628 0 0 0
12.382 12.9678 13.4625 13.7242 13.9395 14.1514 14.2509 14.1738 13.9036 13.6661 13.7528 13.8361 13.7847 13.7204 14.528 15.4539 15.9796 16.3471 16.4627 16.3155 17.1721 18.725 20.2181 21.3568 22.1482 22.8281 23.3306 23.6667 24.066 24.3359 24.4555 24.3521 23.9621 23.4387 23.0111 21.8396 20.344 18.6313 15.6465 13.9638 14.0253 15.0651 15.5213 15.6621 15.5643 15.4026 14.9173 14.6793 14.6522 14.5529 14.7504 14.8259 14.5454 14.0315 13.1009 12.8346 10.1963 9.34553 10.0128 10.1091 9.73917 9.55758 7.29044 7.24932 6.81734 7.06186 6.79717 6.54015 6.74511 4.86303 4.86303 0 0 0
12.302 12.8859 13.3345 13.6165 13.8729 14.0822 14.1759 14.1266 13.8246 13.5961 13.6979 13.7103 13.6442 13.5936 14.4281 15.3387 15.8668 16.2207 16.3474 16.253 17.3316 18.8396 20.3585 21.516 22.3136 23.0137 23.3523 23.5935 23.8375 24.0547 24.2038 24.1502 23.8321 23.3271 22.9899 21.5103 20.0346 18.6163 16.308 14.0274 13.9772 14.9678 15.4686 15.5989 15.5084 15.3134 14.9878 14.6094 14.5724 14.476 14.7155 14.7361 14.4919 14.0286 13.1227 12.8433 10.6372 9.16844 9.93599 10.0496 9.67807 8.49254 7.2945 7.21136 6.76485 7.02468 6.79098 6.53412 6.71215 5.03128 5.03128 0 0 0
12.2702 12.7977 13.25 13.5449 13.8738 14.0213 14.0766 14.0195 13.7519 13.4968 13.6655 13.6699 13.557 13.4841 14.3259 15.2209 15.7467 16.1178 16.2237 16.1361 17.4822 18.8741 20.5006 21.5833 22.4299 23.0985 23.4488 23.5714 23.6853 23.8134 23.9482 23.9166 23.6643 23.1514 22.898 21.6946 20.4057 17.9614 16.803 14.5085 13.9333 14.9068 15.4151 15.5617 15.4974 15.2661 14.9855 14.6892 14.4998 14.5575 14.7371 14.6979 14.4533 14.0402 13.2382 12.907 11.312 9.29974 9.8559 10.018 9.67044 8.93927 7.37383 7.22757 6.74988 7.01244 6.7182 6.55547 6.60738 5.20623 5.28885 0 0 0
12.199 12.7373 13.2243 13.5423 13.8031 13.9205 13.9592 13.882 13.6347 13.4132 13.6254 13.6308 13.5219 13.4227 14.2086 15.1286 15.6801 16.0341 16.1236 16.0145 17.5415 18.8796 20.5595 21.6586 22.5354 23.1717 23.4765 23.6188 23.6376 23.6188 23.7059 23.6791 23.4824 23.0064 22.2823 21.8088 20.6622 18.4671 16.8749 14.608 13.9004 14.8362 15.3821 15.5496 15.4992 15.2758 15.0161 14.7796 14.6128 14.5043 14.7845 14.7931 14.4948 14.0648 13.2709 12.972 11.7848 9.73879 9.86107 10.0256 9.71056 9.28817 7.52821 7.28426 7.04487 7.00924 6.7214 6.55558 6.55558 5.33305 5.55208 0 0 0
12.1701 12.7442 13.2176 13.5585 13.74 13.8376 13.8721 13.7851 13.5665 13.3365 13.5864 13.6072 13.4274 13.3173 14.1114 15.0426 15.5993 15.9554 16.0356 16.0227 17.5673 18.9522 20.5036 21.6548 22.5522 23.1765 23.5721 23.6927 23.6596 23.5526 23.4909 23.4472 23.2751 22.8657 22.1389 21.7637 20.8249 18.9041 16.674 14.4946 13.8674 14.7816 15.3056 15.4809 15.5071 15.3337 15.0227 14.7424 14.5974 14.4077 14.7858 15.0206 14.7131 14.1812 13.3777 13.094 12.1433 10.5958 9.96851 10.0678 9.81711 9.55875 7.63818 7.31565 7.09647 6.97858 6.83645 6.58406 6.54793 5.36386 5.55208 0 0 0
12.0836 12.7864 13.2848 13.5556 13.7039 13.7775 13.7972 13.7344 13.5302 13.3333 13.567 13.5967 13.3447 13.2413 14.0304 14.9263 15.5353 15.9212 15.9948 16.186 17.5776 19.0247 20.4703 21.5565 22.4886 23.2021 23.63 23.7819 23.7196 23.5037 23.328 23.2261 23.0784 22.7001 22.0153 21.3998 20.2548 19.2207 17.0979 14.9409 14.0245 14.7054 15.2411 15.4343 15.4548 15.275 15.0384 14.6843 14.5339 14.3106 14.7784 15.1015 14.8673 14.3762 13.5788 13.0141 12.3503 10.6325 10.0566 10.1703 9.88069 9.75407 7.70836 7.35598 7.0905 6.9626 6.93375 6.63799 6.53287 5.73811 5.47268 0 0 0
12.1224 12.827 13.3092 13.5445 13.652 13.6964 13.7633 13.7515 13.5502 13.3365 13.5682 13.5812 13.2277 13.1044 13.9319 14.84 15.4594 15.8622 15.9332 16.2847 17.621 19.0652 20.4611 21.4832 22.4387 23.1455 23.5709 23.7476 23.7362 23.5237 23.246 23.0359 22.8762 22.5176 21.8847 21.1876 20.3624 19.4216 17.467 15.3876 14.2867 14.6351 15.1814 15.3797 15.3757 15.1918 15.0102 14.6804 14.5503 14.3334 14.802 15.0745 14.8967 14.4746 13.6997 12.87 12.3797 10.0336 10.1149 10.1996 9.97363 9.78508 7.73875 7.40142 7.04528 6.93245 7.00109 6.65491 6.48793 6.04307 3.15058 0 0 0
12.1487 12.8326 13.2495 13.4435 13.5888 13.6182 13.7042 13.6924 13.4684 13.3469 13.5541 13.5554 13.0932 13.0011 13.824 14.7281 15.3832 15.7761 15.9081 16.3142 17.6736 19.0755 20.493 21.5037 22.4055 23.05 23.4534 23.7 23.7405 23.5405 23.1888 22.9012 22.6929 22.3403 21.7724 20.9827 20.3563 19.4587 17.7055 15.7858 14.5468 14.5846 15.1203 15.3294 15.3213 15.1033 14.9726 14.7 14.6297 14.4629 14.7574 14.9253 14.7526 14.3861 13.6588 12.7712 12.243 9.97515 10.1117 10.1767 10.0098 9.65191 7.55154 7.47987 7.09666 7.06736 7.00787 6.63596 6.64561 6.17237 3.52162 0 0 0
12.2104 12.8249 13.1477 13.3353 13.4832 13.548 13.6048 13.5497 13.3571 13.2409 13.5701 13.5277 13.0077 13.0008 13.6733 14.6291 15.3188 15.7221 15.8934 16.3793 17.7148 19.1187 20.4839 21.5197 22.3753 22.9928 23.4045 23.6757 23.7414 23.5803 23.2047 22.8017 22.5348 22.1625 21.649 20.8694 20.2606 18.9074 17.8921 15.9943 14.7599 14.5338 15.0583 15.2882 15.2636 15.09 14.9182 14.7055 14.6765 14.5274 14.7269 14.8393 14.6664 14.3223 13.5399 12.6875 12.132 10.0331 10.0823 10.1731 10.0147 9.61884 7.57581 7.53385 7.14836 7.08228 6.60783 6.60594 6.66645 6.17237 4.16206 0 0 0
12.2505 12.8135 13.1172 13.2781 13.4445 13.4598 13.4911 13.4561 13.2539 13.1562 13.5735 13.5111 13.0024 13.0197 13.6158 14.5133 15.2555 15.694 16.2563 16.7167 17.8299 19.1245 20.4924 21.5005 22.331 22.9302 23.3713 23.6277 23.7142 23.5839 23.2267 22.7806 22.4123 22.002 21.5061 20.7321 19.9538 18.9312 17.3389 16.2423 14.8855 14.4555 14.9684 15.1875 15.192 15.0627 14.9057 14.6617 14.6089 14.4625 14.7954 14.8897 14.7752 14.4903 13.5473 12.6496 12.0999 10.8423 10.0546 10.1719 10.0181 9.67442 7.65451 7.5744 7.13593 6.9549 6.35217 6.57622 6.73669 6.16203 4.61187 0 0 0
12.2645 12.827 13.1278 13.2471 13.3653 13.3862 13.4265 13.4218 13.2886 13.2059 13.5384 13.4751 12.9965 13.0467 13.6486 14.4134 15.1882 15.8619 16.9238 17.2899 17.9337 19.2081 20.5022 21.5417 22.3307 22.9604 23.3591 23.6481 23.7287 23.5763 23.2515 22.7595 22.3236 21.8517 21.3513 20.5972 19.5032 18.7099 17.2368 15.4102 14.8959 14.4125 14.8975 15.1045 15.1214 14.9809 14.8072 14.5801 14.4685 14.5246 14.8888 14.9671 14.8707 14.4976 13.614 12.6786 12.1083 11.4149 10.0625 10.2043 10.0539 9.61996 7.63627 7.70249 7.08868 6.89098 6.37195 6.56246 6.53023 6.10156 4.93824 3.25418 0 0
12.2499 12.8329 13.1359 13.2166 13.2848 13.3193 13.386 13.4009 13.3014 13.1727 13.4854 13.4234 12.9833 13.0754 13.6621 14.3284 15.1117 16.3501 17.5851 17.8787 18.4631 19.3275 20.5451 21.5774 22.3689 22.9613 23.3567 23.6033 23.6809 23.5882 23.2812 22.8062 22.2723 21.7191 21.1921 20.4538 19.3814 18.1358 17.1616 15.4999 14.5766 14.4331 14.8131 15.0293 15.0605 14.953 14.7382 14.5095 14.3859 14.5746 14.8333 14.9093 14.7211 14.3514 13.4828 12.6714 12.0947 11.7689 10.0172 10.1902 10.0659 9.67664 7.70065 7.81987 7.08923 6.97188 6.44138 6.4598 6.44422 6.07725 5.16037 3.25418 0 0
12.192 12.8194 13.0846 13.1884 13.2624 13.2876 13.3557 13.3008 13.1695 13.0995 13.4591 13.3835 13.0022 13.1053 13.6817 14.2473 15.6596 17.025 17.6632 18.443 18.9874 19.4229 20.6629 21.6261 22.362 22.9131 23.3336 23.6202 23.6796 23.5627 23.3036 22.8302 22.2765 21.631 21.0487 20.2674 19.2532 17.958 16.8233 15.5978 14.472 14.4597 14.7109 14.9269 14.9704 14.9081 14.7118 14.5114 14.3992 14.4175 14.6346 14.6533 14.4541 14.1146 13.3579 12.6568 12.0778 11.5816 9.9393 10.0789 9.9928 9.67385 7.6865 7.48962 7.05929 7.02666 6.40285 6.41172 6.47902 6.04682 5.30675 3.24105 0 0
12.1714 12.7611 13.0383 13.1774 13.2705 13.2607 13.2598 13.1301 12.9728 12.9637 13.4073 13.3583 12.9973 13.1406 13.6612 14.8312 16.3776 17.328 18.2119 19.0148 19.4778 19.8253 20.7474 21.6876 22.3809 22.9522 23.4058 23.6799 23.7065 23.5791 23.3038 22.8666 22.2639 21.5842 20.9089 20.0831 19.1285 17.8374 16.5697 15.6146 14.3194 14.4704 14.6296 14.8317 14.8845 14.8492 14.7017 14.4873 14.425 14.2259 14.4193 14.4354 14.2496 13.9379 13.251 12.6841 12.0399 10.6034 10.0318 10.0041 9.9683 9.6768 7.79134 7.44067 7.00447 6.99636 6.44048 6.32494 6.41185 5.88998 5.38472 3.23045 0 0
12.1811 12.7194 13.0364 13.1856 13.2918 13.2209 13.1841 13.0252 12.8531 12.9744 13.358 13.3427 13.0048 13.1129 13.9432 15.5922 17.0746 18.2961 18.6864 19.5794 19.9819 20.3122 20.8291 21.7638 22.4326 23.0099 23.4672 23.7697 23.7133 23.5378 23.2557 22.8238 22.2759 21.5818 20.827 19.9809 19.0237 17.7446 16.5885 15.6008 14.3269 14.4692 14.5513 14.763 14.8236 14.8086 14.6716 14.4974 14.4487 14.2102 14.2492 14.302 14.1229 13.8013 13.1651 12.6989 11.9657 11.0448 10.0755 9.98122 9.9549 9.58618 8.52744 7.55658 6.98861 6.97434 6.46217 6.35006 6.37029 5.63688 5.42078 3.2161 0 0
12.1434 12.6925 13.0356 13.1518 13.2346 13.1475 13.0968 12.9554 12.7746 12.9667 13.3306 13.3376 13.0094 13.612 14.701 16.3414 17.6986 18.5549 19.1749 20.1209 20.4719 20.7863 20.9681 21.7542 22.4767 23.0473 23.4949 23.7088 23.6695 23.4928 23.2518 22.8209 22.2808 21.5909 20.8014 19.9381 18.9814 17.6405 16.5569 15.5919 14.4023 14.4626 14.4544 14.6801 14.7591 14.7561 14.6557 14.5747 14.5342 14.2936 14.1677 14.1948 14.0426 13.723 13.0896 12.6662 11.9722 11.4365 10.1308 9.91279 9.94955 9.44007 9.02502 7.44075 6.95224 6.92294 6.53736 6.37534 6.17531 5.65505 5.42078 3.19987 0 0
12.0777 12.6549 12.9381 13.0223 13.0494 13.0171 12.9804 12.8523 12.7639 12.981 13.2955 13.3214 13.0117 14.3457 15.4755 17.0903 18.3071 18.8943 19.9272 20.6293 20.9405 21.2475 21.3996 21.7768 22.4671 23.0254 23.4417 23.6283 23.6205 23.5013 23.2093 22.7884 22.2486 21.6103 20.8164 19.9321 18.9475 17.6402 16.5476 15.5468 14.4808 14.4579 14.4242 14.6002 14.6933 14.681 14.6001 14.5439 14.5435 14.3883 14.214 14.0758 13.942 13.6424 13.0282 12.6497 12.049 11.7595 10.1639 10.0121 9.92156 9.40281 9.40439 7.40616 7.00229 6.82565 6.59413 6.37534 5.93156 5.62904 5.4239 3.18844 0 0
12.0519 12.6077 12.875 12.9337 12.9252 12.8981 12.8699 12.7748 12.7389 12.9805 13.2593 13.3079 13.213 15.0588 16.2713 17.7087 18.902 19.385 20.4189 21.094 21.3807 21.5166 21.8292 21.8764 22.5339 23.094 23.4819 23.7038 23.7014 23.494 23.182 22.7329 22.2225 21.5613 20.835 19.9461 18.9239 17.6624 16.619 15.5256 14.5457 14.4446 14.4232 14.4801 14.5754 14.5543 14.4895 14.4329 14.4511 14.3063 14.2285 13.983 13.8518 13.5579 12.9754 12.6654 12.1134 11.9861 10.2516 10.0978 9.92753 9.44392 9.63464 7.38874 7.13087 6.91863 6.61479 6.34692 5.78417 5.66311 5.47632 3.1782 0 0
12.022 12.6309 12.8747 12.8956 12.879 12.8046 12.8014 12.7305 12.6761 12.9654 13.2324 13.2807 14.0142 14.8493 16.952 18.2727 18.8154 19.8483 20.5379 21.5068 21.789 21.9101 22.2255 22.2549 22.5876 23.1243 23.5185 23.6846 23.6868 23.5333 23.1711 22.7285 22.167 21.4891 20.7838 19.9121 18.8926 17.67 16.6957 15.4936 14.5987 14.4216 14.4225 14.3769 14.4367 14.4135 14.3614 14.2807 14.3102 14.1662 14.0863 13.9419 13.7528 13.452 12.933 12.6766 12.1428 12.0854 10.302 10.142 9.92131 9.47578 9.68147 7.49369 7.22594 7.11916 6.59663 6.30411 5.68325 5.66274 5.61779 3.16646 0 0
11.9891 12.6038 12.8215 12.83 12.783 12.7478 12.7239 12.6834 12.614 12.9709 13.1899 13.2471 14.7555 15.536 17.4626 18.2726 19.347 20.2967 20.9471 21.4734 21.9499 22.3394 22.4747 22.5812 22.6444 23.1698 23.4897 23.6957 23.6922 23.5203 23.1599 22.7086 22.1423 21.4495 20.716 19.8466 18.8733 17.6976 16.7375 15.4453 14.6595 14.4191 14.4354 14.37 14.2976 14.2842 14.2288 14.1831 14.1836 14.0396 13.9328 13.8049 13.6659 13.3646 12.8527 12.6294 12.1197 12.0912 10.3191 10.1259 9.90349 9.53185 9.44161 7.64722 7.29495 7.28737 6.57869 6.24516 5.59377 5.71949 5.71949 3.15498 0 0
11.9736 12.5282 12.6909 12.7111 12.6565 12.6118 12.5979 12.5758 12.5692 12.9914 13.1827 13.3528 15.499 16.2391 17.5463 18.7954 19.8659 20.735 21.3266 21.8395 22.3931 22.6855 22.8104 22.8779 22.9184 23.171 23.5109 23.692 23.6936 23.5429 23.2038 22.7269 22.1236 21.4 20.6527 19.7874 18.829 17.7466 16.7395 15.408 14.7087 14.4314 14.4366 14.3668 14.1823 14.1352 14.1121 14.1006 14.1056 13.999 13.8552 13.7054 13.5819 13.2982 12.7709 12.5067 12.0844 11.9107 10.5671 10.112 9.99973 9.6035 9.61281 7.94171 7.40152 7.3271 6.5613 6.1994 5.41803 5.82169 5.82169 3.14638 0 0
11.8584 12.432 12.6161 12.611 12.57 12.4731 12.4351 12.4474 12.5162 12.9757 13.1503 14.0988 16.1256 16.8643 18.1381 19.2892 20.3507 21.171 21.6517 22.1628 22.5291 22.823 23.1441 23.1867 23.2158 23.1887 23.5144 23.7108 23.6875 23.5547 23.2098 22.7548 22.136 21.3782 20.5851 19.7469 18.7983 17.7084 16.6747 15.3911 14.7418 14.4306 14.4384 14.37 14.08 14.0209 14.0046 14.0276 14.0739 14.0075 13.8873 13.6725 13.5086 13.2283 12.6956 12.4053 12.0256 11.678 11.0433 10.1345 9.98491 9.61635 9.69976 7.97166 7.42907 7.19142 6.49864 6.16334 5.3018 5.89916 5.89916 3.13412 0 0
11.7498 12.3306 12.5295 12.4996 12.4361 12.3614 12.3372 12.3224 12.4319 12.9198 13.1293 14.7992 15.6948 17.5339 18.7702 19.7615 20.7766 21.5822 21.9058 22.4136 22.8184 23.1837 23.2943 23.3905 23.4364 23.3984 23.5578 23.7325 23.7137 23.5673 23.2447 22.7688 22.1545 21.3863 20.5576 19.733 18.7511 17.635 16.6252 15.3763 14.7802 14.4224 14.4255 14.3667 13.9805 13.9462 13.9063 13.9608 14.0223 13.9643 13.864 13.6485 13.4575 13.1469 12.6198 12.3459 11.9625 11.6274 11.3831 10.1553 9.8964 9.58967 9.69976 7.93249 7.34943 6.82275 6.40241 6.14484 5.56154 5.89311 5.89311 3.12188 0 0
11.6697 12.2664 12.4172 12.3984 12.3377 12.2844 12.2151 12.2282 12.3894 12.8642 13.5826 15.4939 16.3561 18.147 19.2166 20.195 21.1387 21.8768 22.1884 22.6572 23.1901 23.2661 23.5473 23.6111 23.6344 23.5711 23.5556 23.727 23.6859 23.5765 23.2478 22.7818 22.1587 21.3999 20.5498 19.6946 18.6945 17.5677 16.5546 15.4268 14.8245 14.4066 14.3992 14.3596 13.8995 13.8529 13.8509 13.9103 13.9675 13.8969 13.7691 13.592 13.3924 13.0882 12.5681 12.3044 11.9276 11.5042 11.4364 10.1608 9.68995 9.51939 9.65028 7.93802 7.43603 6.60158 6.30231 6.10579 5.68912 5.94723 5.99142 3.11005 0 0
11.9518 12.2318 12.3733 12.3279 12.2511 12.1744 12.118 12.2704 12.5232 12.83 14.2248 16.0804 16.8998 18.7171 19.6214 20.5762 21.4509 22.1633 22.4202 22.8556 23.1678 23.4577 23.6433 23.7653 23.8202 23.79 23.5854 23.713 23.7142 23.5543 23.249 22.7715 22.1717 21.3964 20.52 19.6722 18.6355 17.5155 16.4933 15.4893 14.8399 14.3801 14.3892 14.3522 13.8034 13.7487 13.7553 13.8738 13.9562 13.8647 13.6941 13.5203 13.3327 13.0376 12.5302 12.2453 11.8712 11.3372 10.8015 10.1924 9.65992 9.34022 7.66452 7.97598 7.55604 6.91905 6.24814 6.03685 5.72367 6.0194 6.02806 3.09994 0 0
11.9232 12.1907 12.2865 12.2365 12.1524 12.0491 11.9889 12.6636 12.9001 13.2565 14.8751 15.7665 17.4881 19.1528 19.9712 20.9061 21.4471 22.4112 22.5519 22.9837 23.3215 23.5567 23.8057 23.8991 23.9277 23.8598 23.6853 23.6789 23.7068 23.5844 23.2391 22.782 22.1527 21.3944 20.4967 19.6406 18.5513 17.4644 16.4341 15.4911 14.8252 14.3748 14.3645 14.3194 13.7699 13.6213 13.6398 13.7568 13.8604 13.8357 13.6683 13.4608 13.2575 13.0103 12.4813 12.1433 11.7378 11.2329 10.9461 10.1998 9.6896 9.34705 7.88011 8.00738 7.71583 6.57218 6.19605 6.03112 5.79012 5.95659 6.01094 3.09276 0 0
11.8813 12.1569 12.2356 12.1467 12.0166 11.9431 12.1829 12.7121 12.8493 13.8183 15.5056 16.3595 18.0056 18.6022 19.8409 20.6711 21.4112 22.125 22.7058 23.0736 23.3477 23.651 23.8528 23.967 24.025 23.9905 23.7915 23.7102 23.7067 23.5551 23.2004 22.7458 22.152 21.3908 20.4895 19.5962 18.4894 17.3899 16.4334 15.4704 14.807 14.3651 14.3404 14.2806 13.7347 13.4985 13.5275 13.6175 13.7384 13.7248 13.5972 13.3983 13.1953 12.9651 12.3726 12.0189 11.6245 11.1037 11.0492 10.1716 9.68025 9.51888 8.11655 8.03772 7.72336 6.55963 6.25467 6.18178 5.85135 5.93052 5.94135 3.08735 0 0
11.8331 12.0525 12.1568 12.0266 11.9116 11.8391 12.6084 13.0176 13.2652 14.4209 16.068 16.9442 18.5462 18.9505 20.1578 20.937 21.6145 22.1483 22.7834 23.0509 23.4066 23.7111 23.8657 24.0091 24.0394 23.9658 23.7931 23.6997 23.697 23.5227 23.1949 22.7388 22.1249 21.3553 20.4781 19.5142 18.4281 17.347 16.3921 15.4708 14.7607 14.3728 14.3283 14.2419 13.664 13.3996 13.4136 13.5023 13.6043 13.6022 13.4745 13.2935 13.1371 12.9015 12.3352 11.9035 11.5688 11.0374 11.1793 10.1584 9.65465 9.59746 8.30423 8.0171 7.74913 6.84735 6.27733 6.33381 5.93771 5.83169 5.83169 3.07833 0 0
11.7632 11.9341 12.0464 11.9035 11.8045 12.0561 13.0069 13.3891 13.6775 15.0414 15.9717 17.387 18.9271 19.2788 20.4275 21.1269 21.7635 22.2476 22.742 23.0952 23.3881 23.6657 23.8476 23.9943 24.0192 23.9571 23.7843 23.7184 23.7005 23.506 23.1619 22.7172 22.0996 21.3262 20.4365 19.4748 18.3322 17.3438 16.3409 15.4233 14.7316 14.372 14.2939 14.1877 13.6449 13.3088 13.3248 13.4026 13.4928 13.5324 13.4182 13.1575 13.0712 12.8307 12.3065 11.7814 11.5143 11.0447 11.1894 10.1207 9.67341 9.54479 8.35425 7.98121 7.7186 6.98368 6.2855 5.91717 6.07512 5.93981 5.62233 3.06673 0 0
11.6711 11.8304 11.968 11.8315 11.7144 12.5606 13.3984 13.7529 14.1968 15.6277 16.362 17.8603 19.2 19.5372 20.633 21.233 21.825 22.2982 22.7591 23.0097 23.3076 23.5999 23.7587 23.8936 23.9135 23.83 23.6686 23.7354 23.7107 23.4815 23.1439 22.682 22.0719 21.2766 20.3764 19.405 18.2571 17.3196 16.2478 15.4459 15.1222 14.3634 14.2749 14.1387 13.612 13.2181 13.2398 13.2975 13.4093 13.4885 13.3941 13.1154 13.0137 12.7832 12.2665 11.6892 11.4784 11.0308 10.4871 10.1062 9.64401 9.44604 8.28335 7.92998 7.63515 7.07354 6.29182 6.03269 6.2244 5.97315 5.44822 3.0587 0 0
11.5299 11.7561 11.9174 11.7733 11.9402 13.096 13.7175 14.1669 14.6807 16.0382 16.8108 18.2422 18.7478 19.7399 20.7677 21.3029 21.818 22.2236 22.6364 22.9221 23.2486 23.5076 23.673 23.7971 23.8037 23.7216 23.5765 23.7019 23.6535 23.4559 23.1258 22.6744 22.033 21.255 20.3156 19.3474 18.1774 17.2399 16.3457 16.033 15.652 14.5817 14.2506 14.1001 13.5828 13.1226 13.1477 13.2327 13.3688 13.4452 13.3337 13.076 12.9718 12.7359 12.2819 11.6133 11.445 10.9736 10.6523 10.0937 9.6152 9.28375 8.22269 7.93522 7.66429 7.15989 6.20988 6.04701 6.22336 5.97757 5.28908 3.05537 0 0
