benchmarks/avaPyramidNullTest/release1PY_ad4abf69aa_null_dfa_pfv.asc
ncols 794
nrows 794
xllcenter 0.00
yllcenter 0.00
cellsize 5.00
noDataValue nan
[rows 440 to 461 of 794, columns 400 to 449 of 794]
21.76087773347785 21.66829614498659 21.50889788284752 21.34401418185529 21.12654632944923 20.96929085026542 20.9038731738079 20.81919999118394 20.60945749193681 20.3706916465656 20.03214435783932 19.84688375825341 19.74964999458328 19.58150452540865 19.42553720192683 19.21969290234948 19.05691718250604 18.89893444410643 18.77497019929318 18.56421312966426 18.3029314051333 18.04051975092553 17.7123426228691 17.32927644334465 17.01464867299935 16.64028236707063 16.19197333081958 15.76169480219235 15.26678330298747 14.73612269937037 14.26453488674547 13.7460533266685 13.11625552766183 12.32590763295709 11.28717154209515 10.06170670662729 9.085461631613603 8.159890766798958 7.667555120790404 6.038343053971837 5.065140713375667 4.480343552648772 4.480343552648772 4.42975792630381 4.338477084997383 4.340117606755038 4.340117606755038 4.330423882453561 4.340555599955133 4.340555599955133
21.84846589904846 21.76083833303168 21.60668811872658 21.42998207851946 21.20537967929942 21.07336477369381 21.01652508209335 20.92569923227325 20.70979166152242 20.47258124382071 20.12310960383319 20.02187423093957 19.90395157965465 19.73125949742782 19.56316871444585 19.45139314004623 19.28253441332769 19.16222364636466 19.06845456586747 18.87101749908972 18.60130545043803 18.3530099890298 18.01264011626857 17.69957151508552 17.36022188024538 17.00236101351486 16.54497728496258 16.09911075466259 15.65291440632999 15.14267200804238 14.74051206345372 14.26826760400924 13.64926893694015 12.80280553787176 11.71837090268979 10.51192217968109 9.604336156017819 8.315857069364556 8.320804247685409 7.80905298702817 5.065140713375667 3.404403271824484 0 0 0 0 0 0 0 0
21.93045028671666 21.84930177913006 21.68985213577929 21.5034340186805 21.2818261462403 21.16071655319771 21.12156286654764 21.0169976269797 20.79935265382124 20.55933986861955 20.22465820152252 20.17841182937529 20.04280330154303 19.87359161656434 19.71441816398508 19.64960772667963 19.50216591939639 19.41598680910671 19.33558969594262 19.14152501938328 18.88821709579802 18.6529618000572 18.33359919916332 18.01596098979654 17.66346027760465 17.31541312104675 16.87661820248548 16.47640856161089 16.05335878568534 15.51997387999331 15.14419222039499 14.65454440239996 14.05899497566096 13.15973067718854 12.32112867343234 10.99969214601182 9.821686146473606 8.121592879130217 8.121592879130217 7.902066276070336 4.147325685646227 3.850732200813408 0 0 0 0 0 0 0 0
22.01793687857114 21.92836668720812 21.77174576439866 21.57821157526535 21.34532088143969 21.24321411981378 21.2098857835663 21.09343869920702 20.87999935145514 20.63715633529646 20.36175568466437 20.31137188940592 20.17361209958776 20.06861959556787 19.96877009427396 19.85062037717283 19.76540585662457 19.66942444928422 19.58124209378014 19.38310400242917 19.15023342732445 18.92769249734697 18.62273222705829 18.29975626921541 17.93136712449439 17.56920253350738 17.21094360140798 16.83984383085298 16.42150151488329 15.8827768582102 15.47083091937745 14.96335192313937 14.3542052335759 13.37978588442782 12.81951417349914 11.28604279096788 9.896613461751278 7.212256002776678 7.212256002776677 7.382258327106641 4.222457598821548 4.407971402086642 0 0 0 0 0 0 0 0
22.09239537259979 21.99940053721273 21.84640881101187 21.64423132765408 21.40309816797342 21.3092875679086 21.28341345879527 21.1563352421708 20.95154441399917 20.70141114259423 20.48230937283737 20.4266492451407 20.33105917638259 20.31166176161376 20.21749852321279 20.079788460378 20.00050199190876 19.91380493098367 19.82532667555377 19.612017602824 19.38587465201004 19.174132354901 18.88851096566186 18.54773996706244 18.17403248110566 17.81362661141645 17.51722569382976 17.14146250922353 16.71122925845516 16.18520265066023 15.73672721605636 15.24034526202561 14.57838746989691 13.71493540258243 13.12735432433065 11.40776780687585 9.865955223791177 6.730505754347867 6.730505754347865 6.920000410603159 4.223401326848977 4.584933976742811 0 0 0 0 0 0 0 0
22.16259320381207 22.06087787732951 21.91340990340176 21.7039821855912 21.44832880800762 21.36842986616557 21.36123792911612 21.21320676190152 21.02485403568085 20.75371338739042 20.59297232858914 20.53035550175164 20.55293445944055 20.5312600440701 20.4296841435036 20.29899845595764 20.21770237915548 20.13846978152368 20.06085197595476 19.83797915906308 19.61129457056522 19.39594963910526 19.12674932138179 18.77861385861056 18.39304141801899 18.0703214272632 17.78374841354585 17.40312908452199 16.96215567068581 16.43853072358488 15.95244938575619 15.46166980389106 14.7342607809912 13.89474260141493 13.26578121639341 11.41875863411694 9.584801819437198 6.482118307313942 6.482118307313942 6.520870816139254 4.232804193260882 4.635381237368422 0 0 0 0 0 0 0 0
22.23380876305799 22.12035080752034 21.97132790586222 21.75602604842205 21.48584776059264 21.43702897495895 21.42806501001314 21.2713286596386 21.08308577588716 20.83076129774423 20.70039455697643 20.71989963077977 20.75243267137018 20.73086071629736 20.62562491171771 20.50535736041203 20.40509036051385 20.34740143858448 20.27227515434487 20.05740228771472 19.83082665399606 19.60137897248665 19.33441837202609 18.99919721776698 18.59787077133627 18.30948250775929 18.00613135467221 17.62752596925226 17.18078421233035 16.66120605159597 16.14611438564863 15.64980756451017 14.85658878241054 14.11941437450264 13.3478349190026 11.36726516012358 9.190136337322315 6.265400947129515 6.265400947129514 6.225135007574131 4.221759571916876 4.635381237368422 0 0 0 0 0 0 0 0
22.29812633728893 22.17857649212633 22.0273727541629 21.81173518717744 21.52552618451989 21.50128451005402 21.48659542606666 21.32327057973196 21.1363060305465 20.9126959117492 20.84915598252996 20.90269744202092 20.94140864760999 20.90859637760309 20.80778899441113 20.70005769498878 20.58475806145917 20.54920747572671 20.46709227285623 20.26036435425727 20.03169813189573 19.79193457289714 19.52250030764434 19.18478023158854 18.81653981760086 18.52642951902296 18.20579765028314 17.80766458761545 17.34649745139449 16.83591520242877 16.28755666064652 15.79311381121464 14.93972973537142 14.19133769296689 13.37183529014252 12.44578758466778 10.46495209996321 6.044625231423796 6.044625231423796 5.979323822800721 4.335141043578897 4.644513883556352 0 0 0 0 0 0 0 0
22.35077654183097 22.23660097041662 22.08138609507893 21.85247668838881 21.56006702100339 21.55824934439063 21.53184140110926 21.37254236054022 21.18449853600179 21.06720727766994 21.0289228714594 21.07845017139801 21.11896165331686 21.06913267477528 20.96798641250314 20.88135971308846 20.77140668596258 20.7318091565677 20.63509196931499 20.44200308711406 20.22161910085967 19.96177057367639 19.68381636037356 19.3520188031537 19.01600216146505 18.71702493028878 18.37672956939671 17.96309009660072 17.49104451817393 16.99195598074092 16.4261258794105 15.91909144293718 15.03665924949935 14.2913911627758 13.3470409045911 12.26562819525849 9.980003967210155 5.858972707328853 5.882917538862934 5.745456308831239 4.528593438173114 4.646429701233222 0 0 0 0 0 0 0 0
22.40276322014129 22.28624463417543 22.13767194531646 21.88976598106478 21.60867361470448 21.6139536273157 21.56985156028459 21.4155562484567 21.21565361830814 21.22130054757315 21.19914146139162 21.24140812670251 21.27736170588181 21.20748315796272 21.123487568613 21.04477010327472 20.94134177316752 20.89791529594146 20.79188107400134 20.6041363854007 20.3921316238252 20.12546922095949 19.83563877250933 19.5038669534923 19.20595038994518 18.89230574025726 18.52525901389472 18.09817532329674 17.63393888729204 17.13416110378608 16.53630482944127 16.0100822302422 15.18616691473141 14.2883159626167 13.3057274474176 12.06045443567819 10.45782554974573 7.133198112652681 5.778664363226598 5.778664363226598 4.735979129809522 4.646429701233223 0 0 0 0 0 0 0 0
22.45432505191707 22.33569164755753 22.18722661988116 21.93179634677551 21.6527194782218 21.65781367735731 21.60833661252622 21.45118605271334 21.33128089475203 21.36916825364599 21.35558892056618 21.39516165996219 21.4157908320317 21.3415488447711 21.27326740087578 21.19865353307356 21.10826249605757 21.05325441813285 20.93593399783341 20.75337021080533 20.54950707827033 20.27402588357103 19.98927106429573 19.64614287723072 19.37666190505001 19.05006418641713 18.65672227275944 18.22509924728798 17.75162317751459 17.23913085930514 16.63400148244199 16.08072330355719 15.31361065445368 14.28996465922927 13.14324702637487 11.73987056232544 10.40551528617721 7.133198112652681 5.79051251103968 5.79051251103968 4.877962748666784 4.650416564463127 0 0 0 0 0 0 0 0
22.49608736689296 22.37652228479425 22.22488336723866 21.95859832124557 21.69234426835571 21.69214741839826 21.63424433669305 21.48066536388966 21.46530016081419 21.50669146462185 21.50352994665699 21.54004738242084 21.55333832711465 21.47813942873394 21.42146807834079 21.34625039968251 21.26487490862842 21.19787379294682 21.0747271383961 20.89143373517104 20.69644424301575 20.41665858657863 20.13826092817087 19.78710730085114 19.52637996250965 19.19040719501812 18.7861591757348 18.33724383973843 17.86441848024703 17.33193476735675 16.71126225751583 16.13941967701178 15.39247991691668 15.28344954659487 12.94769265463733 11.2779877339278 9.838569035150044 6.907797357809927 5.878492449971229 5.878492449971229 5.002835703367843 4.650416564463127 0 0 0 0 0 0 0 0
22.54065090166677 22.41588217352481 22.26877948069565 21.98314025726138 21.75867518329389 21.72431831449439 21.66313098555108 21.52575399646414 21.5938029793468 21.63410516369791 21.64004725131998 21.68144860188482 21.68355121887232 21.61118154423134 21.55733034242069 21.47527693481067 21.41242502221398 21.32631514774038 21.2091802797299 21.03209942066708 20.83634420346972 20.55186247355604 20.27667935518625 19.92548037382714 19.66667401318628 19.32295137775279 18.90633805025419 18.45857211417603 17.96978501897199 17.42581602507891 16.77350143764138 16.30208894778037 15.43353720521037 15.15595080864514 12.57007740128465 10.59860722355071 9.12611042210472 6.686227975992479 5.874422346001341 5.28581935319346 5.189383623672033 4.64259032519539 0 0 0 0 0 0 0 0
22.58301122132767 22.45251463989491 22.30410040849339 22.00506727690133 21.81930358293315 21.7567581758296 21.68463020588929 21.6413188470021 21.70430994491427 21.74630945113824 21.75767528576706 21.81518013009113 21.8061063294253 21.73705636685509 21.68336778282207 21.60263641108115 21.55482691940529 21.45866231103731 21.35076713364148 21.16329847349508 20.96137846435748 20.67585728924962 20.40925044970351 20.07029697266484 19.79979787508028 19.44606289842238 19.0281187221933 18.56513677313458 18.06994212905211 17.50854083261355 16.8063148090724 16.41531851497431 15.42556102393539 14.93158750985026 12.26711465567656 9.961378563355989 8.421195159692973 6.503645661487965 5.828864125049494 5.452879836093526 5.452879836093526 4.654184285823879 0 0 0 0 0 0 0 0
22.6207484331499 22.48382520872968 22.33240007715292 22.06591647271896 21.88665498142449 21.7985576721117 21.74384462040351 21.75519698366822 21.81954370028522 21.85997648827232 21.87925498486102 21.93382457615234 21.92558222009723 21.86431467842724 21.80484723763722 21.7231815326067 21.69499252214486 21.58829790453109 21.48360963862461 21.2848481950738 21.08333104917441 20.80215158068052 20.53010791082284 20.2061994539144 19.93234358934141 19.56436305310701 19.14538023628685 18.6599165050455 18.16027302186357 17.53404830091544 16.89999523762841 16.40104025075186 15.93085019024098 14.67781085820627 13.57594381788785 9.200252166116014 7.765739565325993 6.346867076962778 5.856418913679836 6.02154397214163 5.627501955086561 4.654184285823879 0 0 0 0 0 0 0 0
22.65961101063671 22.51962715580424 22.37250933652255 22.12506076451461 21.95080863720139 21.84459212533679 21.85044123394079 21.86000866815471 21.9220589407763 21.96788750555215 21.98476643906448 22.04863527814207 22.04621495835274 21.99203905326754 21.92219715285061 21.84776940908518 21.82923634794809 21.70533140491355 21.60678686470352 21.40194021315636 21.20598530434324 20.92042820475359 20.64572585214791 20.33759588607326 20.05617297309358 19.67721105699262 19.25937057099505 18.7571581791564 18.2322137768878 17.85696461555668 17.01884132424442 16.4015640185702 15.76668119419701 14.41159532229272 13.543837066958 8.551119081285346 7.191477509378745 6.198798615730837 5.87026540548821 5.227319371842354 5.754405654745361 4.663885543031875 0 0 0 0 0 0 0 0
22.69393120964131 22.55263734512614 22.39907025681966 22.18299410753783 22.01365436688011 21.88791773431291 21.9482218307507 21.95581861023347 22.02286380869688 22.07344993512502 22.09187715464163 22.16534927826856 22.17012969313209 22.12032150182612 22.03846005780838 21.97609095720931 21.95686368998823 21.82495055351103 21.73360274642081 21.52097785248636 21.32837143532261 21.03875210444766 20.7594673868193 20.46600436596237 20.16593902458229 19.79068316719108 19.35726510598303 18.83839729739552 18.29494753047102 17.67981154518449 17.00564590890465 16.37977827726324 15.57933433008497 14.10638075482561 13.06989627994388 9.531602991826189 6.685343249093796 6.051713150692697 5.868980768379424 6.071096244929064 5.907056606595743 4.745954590281535 0 0 0 0 0 0 0 0
22.72201475764789 22.58278824793083 22.42181276261847 22.23595259617555 22.07556115969768 21.9539026859389 22.04391245873531 22.06180926351117 22.12084955802391 22.17858557694839 22.19570750560954 22.27495992424091 22.28198445696277 22.23572181241002 22.15316572081346 22.10386904879576 22.07972416706095 21.94922116870907 21.85635452561956 21.64475287674587 21.45426793695924 21.15588261731325 20.86907124813746 20.57978697423102 20.27171792019225 19.88586373039696 19.42968980333405 18.94569378697251 18.34904801892244 17.84398787392146 17.53607595893962 16.27821835258477 15.34740366244279 13.75286474390699 12.43381873408512 10.00081893361037 6.252814400658628 5.90755400207127 5.874761773128061 5.986061278944343 5.777111349166158 5.828165548617534 0 0 0 0 0 0 0 0
22.75394374886422 22.61943771868197 22.44857634108307 22.28162703063551 22.12027258098218 22.02779750919359 22.13444261290704 22.15646723188774 22.21055778236694 22.2810838082669 22.30036743794511 22.36994679137207 22.39197249095657 22.3528700004592 22.28478485200843 22.23685027881133 22.20275912827443 22.07738488253629 21.98555900863726 21.77585759031166 21.58234442524254 21.2743450666214 20.97115488379627 20.6879801943815 20.35871515754618 19.97268497971399 19.48649727168314 19.03520879392691 18.45955861218206 18.09111644994504 17.20292319232597 16.13813785640399 15.0749237882414 14.07317010820999 11.75120752848137 9.545368195973472 5.93717534702261 5.777679505588751 5.82139518791116 5.954722399561037 5.743471262965928 5.896909945904381 0 0 0 0 0 0 0 0
22.78945437246637 22.6506448661544 22.46599241784137 22.32363352872368 22.16695431369746 22.10631983929694 22.21244590499834 22.2567470492659 22.29866811842256 22.3856606653454 22.41161534069192 22.47732149925198 22.50847491739467 22.47276128038286 22.41557098444324 22.3593408782664 22.32134012793861 22.20421027232881 22.10442059603113 21.90097164295577 21.70519108964891 21.38267332139727 21.07225183517896 20.79621000705448 20.44125372609496 20.03148814256347 19.52645303188456 19.10697013399592 18.52312315306803 17.84020747940167 17.38974263335544 15.9226515763327 14.73672896356093 13.57656785742557 11.04420047488015 8.845914903952426 5.926116725365297 5.700741010057926 5.70975253260457 5.933369607205969 5.650366006980662 5.703554657130617 0 0 0 0 0 0 0 0
22.81603348554244 22.67484916991443 22.49212599693817 22.36182365607954 22.20987996258559 22.21574504887715 22.29144540507457 22.34977754802235 22.39152594617495 22.48835105120148 22.52711778416227 22.58759729881329 22.61098245409602 22.58061800047026 22.54677746563267 22.48635312614007 22.4458107843028 22.34399018921365 22.2284784240827 22.02621559308612 21.81378746995125 21.47966443420216 21.17245144758714 20.88089290222292 20.50606627591106 20.08116066476145 19.61387732839827 19.16260212981569 18.4858924098227 18.01317499242814 17.25125891573954 15.68895958665127 14.39587770866249 13.08002383798158 10.35356209751359 8.149020261882901 5.965874748436027 5.662487994853681 5.616354414691847 5.833512213297225 5.572662684202829 5.572662684202829 0 0 0 0 0 0 0 0
22.84733854792738 22.70421769010185 22.51700026319844 22.38886706327532 22.28925547378029 22.33238025615265 22.39997269752647 22.45875662276857 22.49258443500394 22.58773054383967 22.63476086182295 22.69533376318194 22.70924944200782 22.69760104083396 22.67378999531729 22.60930929194847 22.57183085065451 22.48574684571745 22.3473919190205 22.14819074559891 21.9164915481939 21.57394124361809 21.26590188231607 20.95166197140979 20.55960556944146 20.1112465465742 19.74939393436837 19.16169341413216 18.50799724236888 17.89392644608306 17.07101426358608 16.47271939168594 15.02680610777151 12.49879014102158 9.734878932346275 7.559859844781828 6.061533737154865 5.544929125598158 5.49847482602315 5.67089827019175 5.485314046496573 5.485314046496572 0 0 0 0 0 0 0 0
