benchmarks/avaPyramidNullTest/release1PY_ad4abf69aa_null_dfa_pft.asc
ncols 794
nrows 794
xllcenter 0.00
yllcenter 0.00
cellsize 5.00
noDataValue nan
[rows 506 to 527 of 794, columns 400 to 449 of 794]
1.666877738645428 1.596123089886873 1.532079688760126 1.411539366834298 1.271882234921587 1.116474342332334 0.9781259718634876 0.988152095957348 1.06695601625863 1.160579437139403 1.125740256077803 1.167239836912481 1.108483516772843 1.006731923715498 1.031182450623691 0.8835399696372607 0.8423199366439978 0.714230298931113 0.6661467263318798 0.6253616833613955 0.579757869383827 0.5599324607910711 0.5270107170340869 0.5344283286714332 0.4919736110662603 0.3812777040742482 0.3806239680830891 0.4138441725355294 0.4340085738361958 0.3435290472072697 0.3236959989926147 0.2982745054886888 0.3755788060153514 0.366123654751181 0.3097343728471201 0.258304187935814 0.293516820607386 0.1785011499732904 0.1272269606416086 0.1973467805341325 0.2027119190143216 0.1809052230123444 0 0 0 0 0 0 0 0
1.688563954014634 1.627817645447652 1.54593880726687 1.450159099873863 1.291267145854775 1.134104212236303 0.9813900177118497 0.9906827439829917 1.074050231124202 1.149593907579133 1.140114273630198 1.157724792135214 1.107615762500632 1.007094122471737 1.032834564701147 0.8754469473030997 0.8142824515243864 0.7349405421222399 0.6705397776789833 0.6154265190936994 0.5706429278027686 0.5633565013115079 0.5262712707856082 0.5240053311554909 0.4741656983353839 0.3914040737217368 0.3722842904748003 0.432918318183144 0.4379729097909905 0.3504218315480443 0.3350952723916101 0.3019994628145786 0.3586423439281231 0.3698087978858172 0.325630456474346 0.2424467753603202 0.2892671659938957 0.1743879653372052 0.1263012990509344 0.2089796515864404 0.2011472358827028 0.1765409491415472 0 0 0 0 0 0 0 0
1.72442170945742 1.660385444304846 1.592213098700935 1.456027102428935 1.323548926879396 1.130801391435145 0.9935252365271404 0.9877220666854707 1.085817589675546 1.140428713112989 1.143675350671177 1.149419797464574 1.09675939533236 1.005516561408448 0.9857343284507293 0.8865158608702195 0.8026716851528238 0.7392601501167418 0.6653877936822973 0.6132999537000356 0.5762899256032994 0.554837101605547 0.5223595199601733 0.5294730012962381 0.4561687175220075 0.3894568952715961 0.3915254712609534 0.4430501829181336 0.4412912238154251 0.3700517350444656 0.3457083754491587 0.3023749654755846 0.3544123383882767 0.3702206059636491 0.3237693841552766 0.2264536208564991 0.2797793363411246 0.1729011957694711 0.124674839140689 0.2206131947585654 0.1996080794728128 0.1810282596385163 0 0 0 0 0 0 0 0
1.769309074502672 1.669780170913095 1.616135495005756 1.46928219170879 1.326209092609401 1.129432079118182 1.000615095926074 0.9664174286719631 1.081517681332503 1.123153425049308 1.137112124458643 1.137798455572296 1.102449232150591 1.005625783258965 0.9779770432467972 0.8812856799990755 0.7893154184343284 0.7102624672402786 0.6434573618765804 0.600119779152314 0.5777041223476328 0.5619258571862537 0.5111113224152393 0.5287405678805599 0.4369108050620845 0.3883578943141702 0.4106481979024729 0.4415553356673322 0.439385037881283 0.3731336283233879 0.3545055827792281 0.3014243224270173 0.3363232592136258 0.3752495409588998 0.3201815231647323 0.2319099748798743 0.2720482690472447 0.1675421761759075 0.1311360105584322 0.2295594972453333 0.2008914496235667 0.1805510157654423 0 0 0 0 0 0 0 0
1.795669884377227 1.706386478365166 1.656783574074495 1.508754818432314 1.34175851995612 1.145151951847633 1.004188261974194 0.9719117285291132 1.074684621632084 1.115027922687451 1.122433610822688 1.116578317232757 1.095808622261527 1.007803239644258 0.9687512214917022 0.8662897511137986 0.7714929213078044 0.692138229865532 0.6256266340028526 0.5959109654951522 0.555012338952583 0.5430787458193685 0.49870132978625 0.5219463939332152 0.3987652287306412 0.4185807493071083 0.4111657406450784 0.429849428635365 0.4323285524469146 0.3719507675513701 0.3629577380331846 0.2976596616876762 0.3558568944204114 0.3796848641292305 0.3131879952078735 0.2357550180336844 0.2621146207545789 0.167166814039949 0.1661131860749608 0.2439325458760032 0.202368525878136 0.1768296479544831 0 0 0 0 0 0 0 0
1.799308737567931 1.739210596710338 1.680884919713673 1.519674032520241 1.35370289488752 1.173792743218208 1.01698738624889 0.9780106392428329 1.068135555920077 1.115848637668588 1.097614782209056 1.10057537036308 1.077128443280022 0.9818951132373117 0.9286487682704824 0.8740486413822641 0.7576748105958302 0.6795832425997441 0.6225091076730003 0.5687909965194291 0.563973505432259 0.5582975501094624 0.5014464272911576 0.5128249752061819 0.3773765821269244 0.4194401405696313 0.4127111995509765 0.4475388964693117 0.4264552190621599 0.3745428484342274 0.361394664077148 0.2941923975770548 0.3514401841450772 0.3629975837237537 0.3143292045388466 0.2376931150804392 0.2547539996539214 0.1674413500786869 0.1911094593843324 0.2443781809551128 0.2038736586715556 0.1813992423224475 0 0 0 0 0 0 0 0
1.840993853898779 1.752647653907211 1.711287726968117 1.541526842606772 1.385753277365356 1.158981236776852 1.017519116206489 0.9782939216637028 1.077165246752001 1.117911111576657 1.067361665311917 1.0841580036739 1.051985511194362 0.9479288549153978 0.8862156474472377 0.8665247550777609 0.7307349754038928 0.652631773406513 0.6182802694304466 0.5634708033514548 0.5482389412185223 0.5523276243959487 0.4900232976445246 0.4911296500074534 0.392036363913943 0.4361428950440387 0.4208127891020366 0.4553154797206816 0.4113605257863903 0.3634031416613133 0.3555661355298927 0.3002441551446839 0.3576222969680487 0.3491531893304746 0.3282711189383876 0.2412965308436126 0.243033437053412 0.1711457990492154 0.2139255041603984 0.2369692078137312 0.2054260371727419 0.1802061289869533 0 0 0 0 0 0 0 0
1.867171123012247 1.779479971183881 1.74296238691332 1.565801914084889 1.412784300153185 1.200767818406576 1.033300380014822 0.9838766321173715 1.081164581792685 1.097919688937889 1.067789485270637 1.070654966874078 1.027744970867826 0.9350894645257606 0.8637251892163132 0.8485840242789099 0.6990988032088726 0.6477329873267803 0.609633038112247 0.5426301740261597 0.5373789376664219 0.5659237216920955 0.4896198786722216 0.4606580494652684 0.4076583747986166 0.4577304932519324 0.4145872139648965 0.453104073292027 0.3808577754295019 0.36263846502416 0.344010791102528 0.3032854126294164 0.3643336186853334 0.3554582643312536 0.3441119326717381 0.2482219587422393 0.2244955419454085 0.1663864271584098 0.1999109961273847 0.2312893742485906 0.2070471956314828 0.177152589481895 0 0 0 0 0 0 0 0
1.892969414074153 1.798771404345876 1.770484801579406 1.589124351592746 1.441823587204735 1.227979585731612 1.053293840359807 0.9832323028650979 1.081509979050444 1.071014526029623 1.063571108778907 1.051848584210335 1.000814613592762 0.9194327007678671 0.8395649841848903 0.8358495354261988 0.6640656792544262 0.6495906206998723 0.6023259537201234 0.522786885589862 0.5327317507883378 0.5630182290437674 0.4865475690195039 0.4472554449969005 0.4151816120959249 0.4603117237203948 0.4151967705671239 0.4605831495328676 0.3701494578427988 0.3443246884711467 0.3266599772402896 0.2990811004579368 0.3557162086791286 0.3600701666890854 0.3506926707810021 0.252325772581676 0.2368430216738201 0.1702259925396831 0.1822202135628647 0.221018912661519 0.2053969884815127 0.1816274730417201 0 0 0 0 0 0 0 0
1.893491937087178 1.845791536250989 1.767866775820636 1.618063553031748 1.445223331979499 1.23727255200153 1.061997240417964 0.9746075799350268 1.071704321488372 1.071390914820484 1.051730879752171 1.027438996551167 0.9674047348329921 0.9106325922487979 0.8072504268146217 0.8086617795373136 0.6582595936303 0.633043548332981 0.6005725088180268 0.5252173623467399 0.5389326204264547 0.5467225916207871 0.4773377020718497 0.4212743621667864 0.414307665988476 0.4534637076251166 0.4116319202026666 0.4612888191571757 0.3623437568019729 0.3497890861518017 0.319632842864485 0.3054662659280377 0.3471779705101806 0.3514505678316748 0.3635801209595271 0.2518740598607393 0.246535271312781 0.1684070583728293 0.1906732452867408 0.2111353090113752 0.2037464310431181 0.1801199604736407 0 0 0 0 0 0 0 0
1.917426962161581 1.877043916826728 1.78386290170077 1.652608498494828 1.509312066435305 1.281136497406296 1.063204657713603 0.9918162797879959 1.067592954505637 1.062111916368264 1.018600909434866 0.9990229140450843 0.9288826070547445 0.9040272339458594 0.7874306277190702 0.8009946470631633 0.6247012459345223 0.6194440905276766 0.5980286091260159 0.5325641471400661 0.5349123914125627 0.5455628648222737 0.4678257998535236 0.434882825858484 0.4025693962752653 0.4475739149241023 0.4294767260563814 0.4536317323333169 0.3434361555503572 0.3580003742999547 0.3160045621924819 0.3138449604380925 0.3353687623156527 0.3547494874357122 0.3820613475903907 0.2577169277831805 0.2589251290019421 0.1679543815919537 0.1957680327600427 0.2013951327699556 0.2021546061606432 0.1771253016257947 0 0 0 0 0 0 0 0
1.934817244252524 1.910669448511622 1.803168022943402 1.684976704582859 1.512868686835139 1.297042962333244 1.095653712462588 1.008115361734462 1.069841699683926 1.037636032113314 1.001697915295542 0.9590298406789737 0.8963836825061187 0.867974445678518 0.7808825232485148 0.7838731538543616 0.6184545452897962 0.591708612061544 0.5802976783055123 0.528489536929746 0.5655347034465144 0.5298634758458334 0.4641488429786982 0.4535678415259487 0.404042267985534 0.4382933184720239 0.4323368944361289 0.457570383550743 0.3329410404241465 0.3698796491920225 0.3125096961386434 0.3135336175658617 0.3222703624424766 0.3429056699048071 0.3938779949908004 0.2604836922642629 0.2590275891681294 0.1708523086561383 0.1874242865797273 0.1894861281175491 0.2006011647462528 0.1815153358914702 0 0 0 0 0 0 0 0
1.964278299616238 1.890047196585755 1.824179662169623 1.668300642917662 1.537082444746913 1.333980693076122 1.106921987684434 1.023863485072625 1.07736098353321 1.016870830229543 0.9927629287788119 0.9315363955513297 0.8852886107989806 0.8213433065818274 0.7593476965506112 0.7321449131656128 0.6116087893573751 0.5598458073499843 0.5620095197208725 0.5249851813155069 0.5782190776412166 0.5141523532129564 0.4685746875622272 0.4534465357179512 0.4113710369418435 0.4379465155560845 0.4410320656380818 0.4688969379829199 0.3637748473098147 0.3648073937273476 0.3097663100947941 0.3251831789962699 0.3172725365868275 0.3374544048911657 0.4003325687111225 0.2533348035999535 0.2717151274072779 0.1665348718762592 0.1769620888283529 0.1789616162222802 0.1999430603897756 0.1802797563372036 0 0 0 0 0 0 0 0
1.961878699085271 1.93869429162933 1.849922222408939 1.741207519740422 1.54592910886378 1.370214960479267 1.115899567181291 1.032468891657789 1.075535446706907 1.002860335941817 0.9822154893087683 0.9097038550045526 0.8793481455185416 0.7846592654545881 0.7294535551494221 0.7165355259538069 0.6072218549282954 0.5338799659988838 0.5685183284485222 0.5347516804269637 0.5913526671912451 0.4978455895039031 0.4874530103216832 0.4315268916708859 0.4027624288079679 0.4333877579450158 0.4440963095084683 0.4732678935697124 0.3956598928073237 0.365202443158626 0.3128399101168761 0.3269066317420069 0.329725801211697 0.3317756765788694 0.4009017194377705 0.2416252106339529 0.2715431783793625 0.169742042649265 0.1803484565271728 0.1729681602430777 0.2014115909620521 0.1769271215782819 0 0 0 0 0 0 0 0
1.950306019764728 1.92525678887088 1.822406549748621 1.731564346554454 1.565379605654192 1.401639436152154 1.163390101354697 1.04010372701378 1.062671795565189 0.9945532553354853 0.9627649115317962 0.8918974052557125 0.8676785513874722 0.7522401645043704 0.7178365820967972 0.6789095635088009 0.5910185342027731 0.5383423501001884 0.5392758469747277 0.5435409178338125 0.6044360111433864 0.5063883887323446 0.5065399259668164 0.4356687220555743 0.4156609188406852 0.4172665165903638 0.4425458500245371 0.4705277755512027 0.4083067078507217 0.3670179756732145 0.3109975845238379 0.3309272229832461 0.336419487784816 0.3327050156426395 0.3735710446285723 0.2314265531348005 0.270926008603399 0.1812282127204636 0.1796833793073583 0.1743007748048492 0.2028964924209448 0.1813096888770334 0 0 0 0 0 0 0 0
1.961550074826055 1.931652615982894 1.867781740030831 1.760091582705605 1.591559398180424 1.425503680766222 1.201259694721836 1.069809232884673 1.049749439494134 0.9834475126547341 0.9563758268008971 0.8797861378912237 0.8494062340515007 0.7344813110381023 0.6896233233148905 0.6331792654802242 0.5718948665788484 0.5279504986833453 0.5403193100682517 0.5624610269207222 0.616609458100736 0.4985864014330179 0.5294982760889833 0.4273909518401988 0.4125116201362514 0.4149472997768151 0.4421749951899638 0.4549822820810946 0.4246353994206157 0.3644004677190989 0.3110232545166887 0.3202524932884109 0.3342978125386485 0.3305555992445898 0.3521959577487613 0.2260038847582349 0.252287660664532 0.1887590653265164 0.1779260553704816 0.1756113058170727 0.2044160186117536 0.1804734425279888 0 0 0 0 0 0 0 0
1.990410901589432 1.946015942894188 1.873844306807481 1.735924626360888 1.623489696333629 1.431732036908731 1.220619268068747 1.090774113996475 1.039174863876001 0.9717311416384838 0.9533557380147292 0.8717772695930283 0.8279575733037828 0.7169889894296544 0.6788282336078922 0.6160308653467779 0.551381002438338 0.5088505089612428 0.527616100722574 0.587014742868974 0.6286325130712143 0.5136142552678735 0.5255387526858812 0.4453724730939141 0.4174375299874541 0.4189103126577551 0.4387686831928269 0.4341353482633925 0.4464162853752675 0.357466908202558 0.3099257476113447 0.3108508543601576 0.3212610226783175 0.332295242286192 0.3380009819131576 0.2327104758251262 0.2453892298500838 0.1970198907929108 0.1709775311549153 0.176883936920863 0.2059901105930024 0.1767462427624175 0 0 0 0 0 0 0 0
2.001123883506555 1.959603403722596 1.915607250164804 1.793685124972298 1.64110066091632 1.464743272499277 1.259925498633212 1.11033816827166 1.03983349525172 0.9690134784477676 0.9340746806442186 0.8640830107717465 0.7980051183795602 0.6976274641052875 0.668932365508184 0.6095978330600639 0.5331854568915471 0.5056243742520672 0.5335206381813015 0.6165468669392316 0.6306274222566475 0.5312885464049547 0.5388780798153355 0.4645540011493599 0.4273412399050989 0.4200648261945754 0.4369000209336413 0.4375316751522291 0.4502525164084791 0.3522637250619491 0.3205464199596662 0.3175984507540155 0.3095287136593235 0.3258848243491926 0.3223937953894472 0.2345681332056716 0.2375563326729046 0.2030190252814271 0.1609486522878985 0.1781046040585941 0.2065177876027255 0.1811887767820543 0 0 0 0 0 0 0 0
1.991804878442824 1.981017066975439 1.898281859333426 1.789311307674258 1.66513057462803 1.482484606676563 1.302989969565734 1.128596539935864 1.038035698864734 0.9591707140763305 0.8994712850045813 0.827809393707313 0.7655517065884379 0.6891025692969674 0.6707208949496031 0.5965796707070142 0.5528344158185714 0.50286130326503 0.5345765420856756 0.6340491871979824 0.6225621172481746 0.5362060508729382 0.5550918209174407 0.4839827655554285 0.4552952526395034 0.4317021428033112 0.4450802061443533 0.4365900073161311 0.4571508952824322 0.357772005675133 0.3336727244262942 0.305261984786787 0.3132360287873965 0.3246158799872966 0.3068754639308216 0.2346846032692507 0.2403947823896007 0.2064319189250768 0.1480431354218553 0.1769723489650147 0.2048252694278864 0.1804970937615489 0 0 0 0 0 0 0 0
1.997826839171891 1.984672672201012 1.92491939168585 1.811131055844983 1.687627301594481 1.513878243756864 1.329953984871442 1.13720009374272 1.022679723401636 0.9530130777551707 0.8762090268063896 0.7841768922474819 0.7306998998618307 0.6732051875922536 0.6647168268262912 0.6084795707149954 0.5581148951249969 0.5019863857288346 0.5278971993016013 0.6419880843418981 0.6050772731702261 0.5293972995574298 0.5649315241261486 0.4943411276022671 0.4828468688777653 0.4514515582422753 0.4610463990393535 0.4283627272024002 0.4606385503368577 0.3722499241657753 0.3425191370578597 0.3105383627074683 0.3159327185321006 0.3235363555067695 0.2944858889914904 0.2305632182480907 0.2287612393771802 0.2163401539925257 0.1278511681415418 0.1757682553066073 0.2031971880510868 0.1768460147388188 0 0 0 0 0 0 0 0
2.027249289395944 1.979817241166493 1.916649795309034 1.795065677108994 1.693634296861609 1.53179729264227 1.350654926810789 1.165833446068113 1.017581166801796 0.9580276841736509 0.8547354339902585 0.7492564163069527 0.7340367627987417 0.6510712141043108 0.6679740706974847 0.6128477970345086 0.5371607625008141 0.5190932966904811 0.5357615308195951 0.6398174858090822 0.5954876983421256 0.5318854611502006 0.567452010290585 0.5038236382998948 0.4916592543305607 0.4688155015641695 0.4661116562227608 0.4247228415302379 0.4461255370855429 0.3777611389473275 0.3503970213855419 0.3265370878519409 0.3203434527974547 0.3146437466841299 0.2780432389539628 0.2201456299434031 0.2255490273762645 0.2157536883085649 0.1206322945060422 0.1745262975348607 0.2016207852563233 0.1813961824318291 0 0 0 0 0 0 0 0
2.027393382764001 1.970710248224651 1.928481226695793 1.812276988915594 1.702659248233398 1.520807156931256 1.383044689907436 1.201115630036533 1.005540760898585 0.9301333495005637 0.8311117835113107 0.731308628496352 0.7335259083559975 0.6384579968757751 0.6660147858123946 0.6103511917190225 0.521348957416563 0.5258640589547091 0.5321614459223334 0.6377130187946644 0.6028823621794243 0.5460564516295566 0.5750203878962846 0.5288052183541864 0.4785349700072673 0.4901261114369581 0.4641896892817905 0.4192407842512317 0.457297645431211 0.3856340444520301 0.3502512856581319 0.3411885640243153 0.3120595644867251 0.3074059338813102 0.2986790595558945 0.2119805569837097 0.2209701065970723 0.2157643683807405 0.1215570232348249 0.1732611824606171 0.2000758739964754 0.1802234599079566 0 0 0 0 0 0 0 0
