benchmarks/avaPyramidNullTest/release1PY_d296a00ba6_C_L_null_dfa_pfv.asc
ncols        794
nrows        794
xllcorner    -2.500000000000
yllcorner    -2.500000000000
cellsize     5.000000000000
NODATA_value nan
[rows 160 to 179 of 794, columns 360 to 404 of 794]
6.8774981415668845486 7.166314365344738313 7.2815975366527396773 7.5929388745965624707 7.8265284646804689217 7.7379500303661616911 7.9856246197594087377 7.8018919148113781148 7.7421241394599222829 7.8904074412912716951 8.5968171114097042818 8.7188176771537317933 8.6708882557912243527 11.857972008989198898 14.745138209583585009 16.683938138121309436 16.824734285776330012 17.049905020598679073 17.267422593324045721 17.456922649560134175 17.476942803309789554 17.448957633760542763 17.272241522014443404 17.662581956644594072 19.803294568369924633 20.158559654204971423 20.86204653435522971 21.457761289073683741 21.187796425327633187 20.556701845010518781 20.132297138277149173 19.643824158988042683 19.187616464888190393 18.74957938930982948 18.444625070610449313 18.294540979957375271 18.220422742828326079 18.285302514293402254 18.603056000578686024 19.09796136558317059 19.631891146011732019 20.118381543808524725 20.641557481912897742 21.158040337717856971 21.419838290905619971
6.8201801558656560687 7.0103734100177579336 7.285298402733261014 7.5789124165006303002 7.878199212684850572 7.9234918211419600453 7.9614544312847588259 7.8397625381296194291 7.7552271137602923901 7.8641515728587210177 8.6055764051867598141 8.7957850297119861693 8.6814920291408945729 9.5251885346738891513 15.212433529959977108 16.658775421123426241 16.715788865952397657 16.965679773467336133 17.220536135643488507 17.447235335658270117 17.513809983981296625 17.53496499308369394 17.29934579913754078 18.229764831314724916 20.172760645337177721 20.423013223244740999 21.026929666512732098 21.512489114913648791 21.062616579650537574 20.47342041430679771 20.032412750722723871 19.566009468045205466 19.063786381633956779 18.621886332255105145 18.338235641420389754 18.219801120527549187 18.134439369559441246 18.157882114464179324 18.444246682429692896 18.986865546692083484 19.550410503426771669 20.041616345383282294 20.551102445332599444 21.071340628920481208 21.444038655016605333
6.9128031032758281427 6.8952594718672175489 7.2984364863541371093 7.5762428016501379702 7.9365204657112737863 7.965849130203503492 7.9406732517117220027 7.8341899512657171556 7.8375487605507139222 7.8411413760815378282 8.6818867303479780873 8.8471295821094440015 8.6671666984088471253 10.651360203086765566 15.604761144014311469 16.537320768001674054 16.609159943783431856 16.86992307394692503 17.123349590864034298 17.416562827335294372 17.493168730935785504 17.491831426186895015 17.237423267869242949 18.839578646538452489 19.930974480890267131 20.686740850117669055 21.18475918530061719 21.566412045449553148 20.958431312164055527 20.387195137824303259 19.950412660955084476 19.480493555152083474 18.975127127732434928 18.525492854868268466 18.263339215768841228 18.189420179422938872 18.045533418995717057 18.034587489001690841 18.29635264495655278 18.866327629522729126 19.458126160133843996 19.969104428524872219 20.459880920086078504 20.981027252699107066 21.409437772427004631
7.2249970547528796772 6.6918131421525792746 7.2740619151493772776 7.5730585919692545716 7.9794222687686779949 7.994347686552071508 7.9655855277235643186 7.835841770666496231 7.6399265711551880287 7.8406593248901454984 8.7696820276370495151 8.9400548789901002067 8.6460397708300842368 11.971409354735468966 14.657441901459497657 16.384956859784047367 16.538918605057087774 16.745138930483257411 17.036465341842287557 17.350314440713571429 17.450784801676576308 17.398474111591795577 17.153416369516538253 19.373317211391814396 20.309340372708792444 20.989823039845170172 21.3391949021614451 21.558045670374646363 20.855215108785746025 20.29491845776672676 19.863971378853168659 19.393746046111925097 18.892549818001253215 18.438601894412105509 18.193197108954571206 18.098281625148370466 17.989349972180765036 17.991386758703558968 18.172466658163894948 18.734625114365794474 19.357728970367904964 19.879461290445654242 20.343316510866582547 20.860202284355306546 21.325732865074691347
7.3890516527621024068 6.7043728345144675274 7.2334321910400687372 7.6127967821125057668 7.9991900231917147934 8.0102621649183323171 7.9963661994384924725 7.7841755311902618431 7.6652185320700887416 7.8621384909762399573 8.8046135400980691799 9.008085668447328942 8.6315669752795098901 12.818501662915954498 14.843816447039960948 16.228650728691395244 16.494343245431355882 16.636791796819419886 16.939450775567173935 17.240611403086894882 17.311855753104637756 17.230358302671096027 17.043064910410446799 18.823691845196080408 20.646925113866664958 21.41386100678264981 21.462708718692123711 21.47407285336048588 20.775727809470904361 20.240332452336755154 19.770686996996165163 19.288371723668891633 18.75431238702955028 18.337434432047842847 18.113414773008102543 18.037495343039029905 17.979127230716283492 17.939297000997807885 18.079355299106236288 18.608570696354636453 19.250725812791646518 19.784306889624460268 20.265807574688011528 20.785617768711656339 21.262274112425679107
7.4086763869342728839 6.9082206219427675364 7.2156509679310429917 7.6433072521997420523 8.0128202198850928539 8.0583542478697616218 7.9916774834437571684 7.7034591360062991683 7.7026916069424578026 7.9071979422740419352 8.84322597360733198 9.0701153391261257752 8.6003840799594559741 13.454626289747613654 15.257296795981567072 16.24631326015015631 16.501457635187357198 16.592359838155967822 16.853135712888029474 17.08734654796987229 17.155319483608224118 17.116556704394930932 17.477224171731865709 19.088745775686362549 20.943905413514958269 21.24574885418673631 21.524267505350142216 21.320996150676549519 20.662187791369937884 20.169265248754861375 19.67084914672010143 19.155678455188603238 18.590479598070896117 18.200370663146877348 17.962798697701469308 18.101702958717797998 18.114528222953897085 17.919813845495909277 17.94520940714810564 18.476739798201240461 19.163917457476806305 19.71683756588618408 20.163749182085577871 20.662123376552045784 21.18421026774636573
7.3227177646872325667 7.1239207022744190922 7.20638834187432753 7.7201743127507338471 8.0401861193104515735 8.1019175363922144584 7.9420318984299713705 7.6779945562538216564 7.8337161849518066603 8.0763440782610711466 8.8934555511871948852 9.0943458183378069748 8.6009159637911043461 13.935014195649344515 15.602110277451906484 16.239745186654094056 16.51637168363762953 16.582843572433013435 16.801141352930294204 16.979059440578726736 17.054788589867012405 17.073243956915629127 18.07709245858224989 19.814082480676503906 21.211804867509950867 21.43510067607869729 21.582002391853787771 21.181091635723134914 20.579454747099742207 20.07780310613931718 19.59320396902843342 19.022544524195140525 18.429170861898079181 18.08109422151661505 18.492788148795987979 18.541890148291980012 18.548964678516540516 18.368938482350014141 17.814153216927671508 18.343725309552350922 19.061033284852054948 19.622501372805878361 20.068182995559652682 20.567573897324958665 21.065966579381342427
7.2690206394440561866 7.2059719858796764669 7.2390054630310185502 7.7440760001860891037 8.0813677137252213356 8.0851500325480287756 7.8792607101803282532 7.7087754214377843809 7.9655184094604685185 8.3840546090297483062 8.9540676098430740382 9.1271800561372433691 9.4405582825017706483 12.06133910360176742 15.877741613046962854 16.163139564709972262 16.507109411730304771 16.591341395080902998 16.781209279496582809 16.957558072180283659 17.025872370622106899 17.040767995611005858 18.6510463694349653 20.212016976150319891 20.92866569657551068 21.583627449377175367 21.592469025631697122 21.038348999750660084 20.455178625333370945 20.021596498969834954 19.527550908921945449 18.914070984011200238 18.292617330995589953 18.331762225159170754 18.62036547980523693 18.933084184808262052 18.9282195126937971 18.796354572438648489 17.943932170695081396 18.202293414221259127 18.940985170954377281 19.512605443916115178 19.980120134357232331 20.43373892575656825 20.94613451008285665
7.2163362516913442946 7.3252817872034050595 7.3175544603825199985 7.6573976082399468623 8.0993198038206006828 8.0327011289054759402 7.8896866681882942274 7.7702638093314471135 7.8281340894088575766 8.8448703269977855257 9.0220855288993710985 9.1401967792785061562 10.663224697384833917 12.820446898567237071 16.021461714814790867 16.061264384266092264 16.428810264238094874 16.586294479293346882 16.782573344139411375 16.964819692288283903 17.06939747497209936 17.027316389431700117 19.181574706687321452 19.952592009465966782 21.175493897535531573 21.671100345716677538 21.540449601658121281 20.907839361434760406 20.377399082813749231 19.964429629022756529 19.472183776988977399 18.816741979704584509 18.279403883696577537 18.730411559572978319 19.004606167726397103 19.290921675754493236 19.348329768117618954 19.139617032747427317 18.368598233834504185 18.045809691433067457 18.802172488567258313 19.413710189840134746 19.883152580724129166 20.325967589256674017 20.82912944360245433
7.10615770076203912 7.3971481830648633249 7.3856771807626708792 7.468869760604191832 8.0646405646394043742 7.9835861978838629227 7.9586192535843656159 7.8868926217738000162 7.8286161279622197284 9.2294369251275636401 9.1710879326421803626 9.2171891592108909919 9.5688377251185325889 13.449773350477194356 16.023076600580289153 15.954891032745099011 16.288763479263259626 16.492085094188148275 16.715935586061526408 16.919648618319882871 17.042730081980415946 17.440523381468715058 19.568371546257033344 20.11711127117684228 21.359191516566010449 21.7131374181756307 21.452590892663184974 20.807822845735202577 20.334880492103962979 19.930229846531588578 19.417280785206095572 18.735399344913389541 18.493258614014344232 19.121984767245567838 19.361893712158291692 19.615684012077867493 19.662323602655764176 19.45774605741512886 18.705014671718767971 18.270132744985165374 18.695559941741130672 19.32664458724996237 19.807643727708104109 20.233534706540353909 20.707737748876276385
7.1182936412540653848 7.3778755525339416721 7.4017871278550808611 7.49386179588014123 7.9864499037273199988 7.9546755975543126382 8.0772081714148082909 7.8971448160344506206 7.7624931412073152615 9.490897057884426502 9.3393578537561978692 9.2706824281200539417 10.797016034709214338 13.911587042074474496 15.946449990871458979 15.838611874871306284 16.136681227561574303 16.378401191099658973 16.616033512914167858 16.786036162888144929 16.933214630009285173 16.952367393278112928 18.804664823663333806 20.322717803953050719 21.506599927441595099 21.720370971262422444 21.345975616076604098 20.736886508298862708 20.282199607432136901 19.877616669990093357 19.35364472456419449 18.630063310798654186 18.959809387535795366 19.374385431798412327 19.684298052712968286 19.910735701055649827 19.952774713732463141 19.753706541309213662 18.979007227940957847 18.653828308394007962 18.589412541815448776 19.226873291926704468 19.737871107159957518 20.128263089742929992 20.587909456530095298
7.1059164365535529839 7.2699577505346093531 7.3840642265192721894 7.5862002552981389059 7.9505039537431914098 7.9720757462417797257 8.0915279085777864765 7.8974468617469080201 7.8943179474374600701 9.6661240825090466444 9.4339756200854054669 9.3076561339103349724 11.752975817220915999 14.355094184211660391 15.799143313047139259 15.744730042427388383 15.967145642293703034 16.257468991901106392 16.495996950805057679 16.659542373397027148 16.798374564474457316 17.146522812155836846 19.148204175625895829 20.569739466083294843 21.387215706269230964 21.700082324747064888 21.223043949628383587 20.664867631633050848 20.217101800619875718 19.821118196166562342 19.259423910499883448 18.474014392494510162 19.321499602230694848 19.576775153504204496 19.966991280247967211 20.167170718322317668 20.210938819310609205 20.018205009166845088 19.232166061479720298 18.019733530276443645 18.466917465979605595 19.120536547368626401 19.651423419050942698 20.061577523798430178 20.479507098276659605
7.0772315523096294143 7.0929347119916705822 7.357984203651301236 7.6412921236880260167 7.9136139812418129225 8.1447022129232387044 8.1284436213361690449 8.0761510243904623962 7.862918513127720388 9.7704745398233221465 9.5074293178549176275 9.3465553968693697584 12.429613761341013145 14.742637045369249904 15.638202566869956911 15.690830940881697941 15.868005024018376758 16.171289462745409793 16.412382644468774373 16.585009851583080831 16.748289140808196862 17.752262868307319366 19.539147530204587611 20.823303890389585291 21.460277645027719728 21.582189051569379501 21.123005428931733718 20.5749484246250951 20.171104928269958378 19.747903623910399773 19.14163000078615795 18.717171255381060746 19.661385333354733262 19.827922570517166889 20.212985867886551716 20.382879508295516757 20.42561397600341877 20.238534524878193821 19.440154633440801746 18.228116674699460731 18.347415858115660114 19.005341959173950528 19.553781197006774306 19.978012838900465198 20.369946476871291452
7.029960970702406442 7.0900360346194206684 7.345825796795548257 7.6993512201149094665 7.8731316349605027227 8.265391647821445531 8.1217362090070093217 8.2120745963087706798 7.9415625129711040486 9.75127360833092105 9.5811905181675030008 9.3508848824010524226 10.823859583229092252 15.027785986503817028 15.651282036894022198 15.629661633599992498 15.847975236661552501 16.148747837766723734 16.373489441212353057 16.592430819412957277 16.771688947698656591 18.350570382292520577 19.953074969343919776 21.062538763713991585 21.528509995169670788 21.458737106041475329 21.036563231958041342 20.543607434474182583 20.111731217140775385 19.66380641627588588 19.029504235475624085 19.102245179674113729 19.302014832944472289 20.068550237902076816 20.428855834854093843 20.553427542806389283 20.575392410254401909 20.394859871691981112 19.577563537601623267 18.347311632187000896 18.217410441540824451 18.911960718907579349 19.483044627896017431 19.888124153759481061 20.298565450028892343
6.9955549819970848091 7.0649598816603615958 7.2949135524200992009 7.7100368954604174832 7.9039984879325650979 8.316824880221863836 8.141795651892334007 8.1558018041583224544 7.9531714107166848748 9.6549138682735708983 9.5548640947984875282 9.3353041487614483174 11.779388704359485374 14.248230371432100583 15.4710572223953573 15.548315531356253771 15.828566006348816941 16.115829086540017556 16.351699128990766496 16.57308568086774514 16.920318268211055113 18.860968271811035635 20.334860481279573463 21.00472981959802965 21.615820015426603362 21.345206460569134066 20.904663913286135823 20.488382141820014937 20.02307718638170897 19.570876999122035045 18.944135178990880064 18.596377771779174282 19.594937207889714159 20.302327980774087735 20.610739234027654732 20.691497702769940048 20.630816880857189233 20.467551584087182448 19.620221353382543583 18.228902814442246694 18.086707425366157054 18.81209557139429478 19.396367458055262745 19.818658064119166085 20.227126971904734631
6.8755787031417243682 7.146935351716065199 7.1915563302068470364 7.6856153065162819971 7.9460954676954944631 8.2857164200671888921 8.1648207325359116737 8.072841848647973606 7.9844115746724275695 9.1952906851006073197 9.5510439533896445141 9.3459838859271435751 12.560916385526013528 14.505220323663504445 15.254113160642642555 15.452761780044975026 15.752533198128203296 16.090582652906579852 16.346515776339916926 16.550693180616050881 17.605890705354827475 19.338692790824584478 20.65027233749729163 21.161869495433005994 21.5549564198410053 21.231166005899435589 20.82484235951967122 20.416421460427905288 19.98117078766812682 19.506509635532545133 18.877566415339543937 18.991553380756567293 19.870799321924717873 20.518920501451187732 20.758753929668106508 20.785507417552320675 20.647327190165846389 20.43365082666899113 19.375815994840955625 17.985524210060756189 17.970399287798436205 18.702862050300986141 19.304176651152562982 19.759610151302997139 20.158062375140008982
6.7954163316513511717 7.1321391228064063839 7.1057115783472566406 7.6166226066849729293 7.9253469948280574897 8.2599962353115206071 8.1571460721951929429 7.970467701817572248 7.9661205638431047404 9.3912266467842080431 9.5223207925028141574 9.3999542864646876694 13.215722625326234763 14.740831368993550399 15.134890810428759167 15.348821632735223375 15.6526974278319706 15.984028090231930719 16.25520215420133141 16.458381108874021947 17.316115790741129388 19.794081796759090963 20.929626956699902252 21.305805627260738788 21.532570725330007377 21.125341325508092183 20.726479548658826246 20.384508671576586636 19.975571498964782791 19.48524928332344075 18.831280357913289691 19.219599202671410865 20.098852401493932263 20.708142187333066886 20.878029549862677783 20.815262184138290991 20.590100326390398777 19.876987795388462388 19.099881176190741883 17.930798105845934032 17.866877813613225356 18.597040013608989284 19.223317955751383579 19.694536095837552381 20.099888123247946936
6.7746257331831154502 7.1783726314813049996 7.1783726314813058877 7.4989572024795148053 7.8895128099127083132 8.1784382091819303184 8.1422218165600863671 7.9323278992344423699 8.0203190642904758079 9.468273988350087933 9.4739707361685301379 9.481541400850728607 13.459240397952102697 14.885799601703055828 15.03992623049266264 15.317195741416879784 15.607790799519747793 15.939580780173910668 16.198848848537686251 16.38508983519394846 17.955518067917186187 20.153143582060955907 21.185567394704232669 21.464427942706997499 21.494251815154814977 21.056603674214237287 20.673874728323532679 20.355439851045783684 19.956259781793598052 19.446214463434213116 18.935374704164473769 19.595697251862528532 20.252579400617729988 20.835753990196785423 20.956280543600531274 20.802036335548844903 20.454730202627416702 19.713471816542018189 18.799582165395030131 17.836567512308072025 17.762724850419232325 18.508253088327393243 19.138666167943750196 19.620498749674631256 20.020274726843993562
7.037602659135097305 7.0852875503709666916 7.1881964412765357864 7.5030398607834012381 7.7915403974146730803 8.099077822013104111 8.1311280890702377633 7.9598609608902499701 8.1373298221630765426 9.46105094123472945 9.4859969546053104494 9.5254211254045557666 11.885295260000726003 14.96145219896250822 14.950579424180084231 15.288273648002995486 15.585693116622719501 15.864924644060158343 16.094280528417797882 16.318841087144072333 18.572998105055379625 19.74672028060721729 20.830960655481117527 21.658481334143846908 21.444843168672694134 20.954375132022367012 20.600527747307275206 20.285210623846122502 19.908402395697830656 19.388747087826281756 19.308364366653126609 19.822636297471074585 20.350699721256006569 20.938127308866970822 20.952273448732174899 20.756332851028041375 20.290209686866493399 19.507429199666972863 18.612439495201396511 17.73665245929566936 17.654552227163648581 18.419491363891417279 19.061370938639743855 19.550798348155424833 19.925340792227288489
7.0929508034160537733 7.3709347916066345618 7.3222866469379424004 7.4843157867519858328 7.736256539704248425 7.9070323994632705222 8.1360838794847030186 8.0102154016694893102 8.1901285544574751185 9.399876118765503108 9.5038485129092720172 9.5639162465892244569 12.66285753034522088 15.025543819753236718 14.952030970862626447 15.267216463937533177 15.55647697941859775 15.83255610476299502 16.047072456892550463 16.484681497886651158 19.117922025624935145 20.09986824752797574 20.998593923346493995 21.584420389594335177 21.372132668172771019 20.914851939206489106 20.513228788113668344 20.199300589870578193 19.833790289494480419 19.324715773774880034 19.615251711786534372 20.016273245009863047 20.435703698158370401 20.975465169314777114 20.889441720517947232 20.62494585447880624 20.101906751101527249 19.338158835718420647 18.529161086989326179 17.673369321466175563 17.552168790548002164 18.335948030095320149 18.998211344722545135 19.490099134225932431 19.82529438326539406
