benchmarks/avaPyramidNullTest/release1PY_ad4abf69aa_null_dfa_ppr.asc
ncols 794
nrows 794
xllcenter 0.00
yllcenter 0.00
cellsize 5.00
noDataValue nan
[rows 418 to 439 of 794, columns 600 to 649 of 794]
51.73652256189568 52.02794715091157 52.5283636746135 53.10901856526812 53.69524448163882 54.23103668490172 54.92699712103033 55.33033524066274 55.78556033707428 56.11763346798127 56.58839297521306 57.31325609642393 57.88509085758952 58.91905180351974 58.69137077868864 58.26071249999804 59.19934217357763 59.16155279867159 57.48966539817778 55.21893367966084 52.68849457566881 50.07285865380508 47.27702077636777 44.68808024059425 49.30644322768084 45.95030156339912 42.42592250472286 38.53458353620427 33.4674048391915 28.41288722287908 32.5266149089547 28.04825932890772 28.31406907843521 28.52102316083784 28.75418293640473 29.13071046940675 29.28524956755288 29.31137518206475 29.29487383030152 29.36791441872314 29.72148148712277 30.26553674255462 30.75993361336295 31.18626774064402 31.66835930871866 31.96802709332611 32.38067197087128 32.84667445657588 33.40466662390728 33.80673582980734
50.49748657268464 50.58085086436891 50.70358791894709 50.881558353875 51.19756647312185 51.43714816940153 51.89580710830342 54.27965986686593 55.1983688993849 55.7330411853164 55.2142064788895 53.76296841512141 52.16756090124812 50.19990443196404 47.65687945023414 44.62151392524623 51.73766876623567 49.39802235227678 46.24227391241023 42.64323710559999 38.45361637090219 33.84290657889284 37.83779853176109 36.42163632187329 32.30024459721184 27.37181795889409 26.43535418666821 26.90582874855456 27.34698452191551 27.60296748510707 27.9314906556268 28.3807346115032 28.78237783426124 29.24960953271733 29.71223240622356 30.16587680648342 29.98095638231174 29.64563673002437 29.5910461530407 29.69645604096026 30.04655077989102 30.74637215425575 31.29215294136674 31.75625380158987 32.04271245972308 32.20423072457903 32.2706133805517 32.65869884251591 33.07117991713995 33.33039636201188
49.47896268495185 49.92180866716002 50.29394535551862 49.94520902185534 48.9217095974284 47.48458068152053 46.05356984353227 50.4709111503896 48.64057088323837 46.3278868222301 43.52805066901984 40.05554601029132 35.91052217496065 42.09296394108786 38.92096902342531 35.2724237674235 30.69048442250913 25.56069312191729 21.96652726383874 22.50699763849759 23.10315749879422 23.61827648371052 24.00377773042327 24.40993196805031 24.81396924347475 25.16988760673516 25.45901357420886 25.80412114526287 26.23260325798394 26.46356387715875 26.79790112925822 27.33027393145441 27.83622392592736 28.41233694590385 28.995871537578 29.1928573171051 28.69940292232352 28.407302256671 28.2349757105216 28.13208705657316 28.20265502138213 28.75424278573395 29.54902829163239 30.06941900344808 29.93813758072232 29.8948132563632 30.0501770818515 30.31795486263692 30.6854493679131 31.02379640794953
42.40296695149812 39.8902016247972 37.01441485241546 33.07149309409622 39.79366110194471 36.06521349012145 38.87407185550219 35.79055567626794 31.57801229495929 26.99274839310494 21.82395240790191 18.56593325404674 20.54075943739241 20.54075943739241 18.92325722951579 19.48567717649319 20.11684021642786 20.4090101936855 20.53969072737705 20.80822227606276 21.13080939594031 21.77223093571162 22.34115639520004 22.75824400914667 23.01289405345961 23.4281784794649 23.68818284777824 24.00811332840378 24.42789125750517 24.53332337550386 24.45175774655699 24.99618553241502 25.50901764807791 25.85094109176365 25.90982129667223 26.22376388958522 25.96728601531625 25.34083633229164 24.86908720771312 25.04087248675973 25.29137985423344 25.50018499957093 25.85542575242315 26.00235721662525 25.83615417740433 25.33965159319245 25.48735875905018 25.69173821041155 25.71108206913702 25.701392724634
28.42334723480386 28.42334723480385 25.07671187649513 20.44281933452131 18.4083808597134 19.12146981431213 19.54842474980706 20.07309668817647 20.61251761320372 20.98474163606449 21.35494053563598 21.4923370147869 21.47746890287125 21.50801549832815 21.58570267763706 21.59934543572395 21.62528379635637 21.95590840814359 22.12347455639733 22.21301896598029 22.06343608949248 21.92332520643167 21.87201234020445 21.8307411373788 21.73277131737633 21.34608120693502 20.78341231776434 20.67124574815022 20.85912423177922 20.96830039634325 21.03076600675009 21.2049213222851 21.34997203877654 21.39814201717744 21.55639086430266 21.84135997010511 21.84270028000646 21.9015352130043 21.95870411223038 22.16655820745915 22.38124846617061 22.70107045727607 22.90378561848182 22.69224544478937 22.28429044728701 21.92550908538268 21.52798738275731 21.4783027775056 21.51927428409968 21.79392542339914
21.05775600415033 21.36854854258607 21.57249826881966 21.95708812245198 22.40429303909937 22.69014837579564 22.77903096929629 23.03369683077134 23.12104967880815 23.38290685671899 23.59483019574013 23.59907451912393 23.60810371477181 23.55026163773084 23.11547978025605 22.73415728267459 22.18593646925552 21.93304296937954 21.74424778893486 21.54623721364182 21.28402707152544 21.25952954858175 21.36703736719745 21.44014687420341 21.34812878074004 21.1462707834912 20.90868799959122 20.75929289998206 20.71698252963586 20.53902538205786 20.44264812464579 20.75061420315846 20.8279851512642 20.73638550904857 20.93769723918766 21.19394538125352 21.05715134229015 21.14378679547596 21.27755340876257 21.54138918795469 21.72015408832687 21.95338347788128 21.90397607726151 21.68229620324846 21.55219406721821 21.49209084291195 21.48945355596314 21.52715653563679 21.71797918161879 22.009666114865
22.81916077899658 22.94184078998543 22.99276199159577 23.14189688318213 23.39304158946573 23.59150326466868 23.73492491630982 23.91576676669423 24.1159757720761 24.37164702543913 24.48953952566144 24.43569624771708 24.1907218797687 23.76027677533816 23.40260110079393 22.51741073711715 21.27049687655909 20.5817471899531 20.12952627451633 19.68285049023732 19.50943719953903 19.59581435921242 19.85422905816343 20.01082044725133 20.12752878080008 20.12564592075519 20.12506783993468 20.20304181358057 20.27504272975226 20.00731637355813 19.57701827103497 19.89567920710863 20.31223220027677 20.13564217153294 20.04163765388106 20.14146640658177 20.27911683886858 20.04585488675328 20.01791594954609 20.39590717601057 20.62271072514 20.75707386622273 20.65159410911157 20.51769841412149 20.32625570495847 20.38732380896368 20.52662452800438 20.79578447258988 21.18385020741218 21.39769737864112
22.19123717938922 22.26543455813446 22.38393455391381 22.55532655195033 22.62877840063999 22.90898164088508 22.94182258682197 23.18014040871791 23.36512289749881 23.71550199804769 23.7876634554301 23.99936528765125 23.90285480548479 23.73520741117184 23.26237153407506 22.42898290430916 21.23580570800399 20.08404088248666 19.40619478320055 18.86349932022266 18.02341060309202 16.86872025223697 15.67783579067988 16.03872340774883 16.22176986675856 17.37033170496167 16.50488018148732 18.15321292270851 18.26907156034011 17.83924061251355 18.41020990095448 18.8227156098213 18.77529860452048 18.49021225682732 18.40518046339473 18.67926804680731 19.07391765185752 19.0681643643058 19.13480933992402 19.18251543509679 19.30687143195369 19.17549495725011 18.90981176732656 18.79732392585168 18.93601399196146 19.23689804778923 19.39506437459466 19.5646840708587 19.36007210415615 19.34279423576241
20.98507060898127 21.20089703511877 21.41345575769893 21.85871427805106 22.42664017102605 22.89206273705512 23.08421640072984 22.92640965942063 22.05393554795673 20.77771493695786 19.26083710008416 22.95735821784399 21.59858920374475 19.76573216416415 18.01150254639269 17.50005254881575 17.13644460280041 16.90917474773478 16.7610329894166 16.94653000613601 17.15521441102648 17.26557327439935 17.41453428216924 17.45587854436888 17.59644698287443 17.55194149228227 17.43937756915861 16.7095725971041 16.25353390504987 16.29969824796411 16.75307746519151 17.12723306088998 17.02122928698178 16.93334879519902 16.51458505774268 16.52594309975644 16.60229042285865 16.24306329615903 16.10351594971684 15.98074600617291 16.33029439346791 16.51422405332816 16.31907450295287 15.91508589817754 16.10993065885726 16.32197922951697 16.39255446170075 16.66304142264511 16.84736072907894 17.18571579281683
17.25121866450559 17.54542626993682 17.78684717830614 18.91230548169345 18.91230548169343 18.08384562487584 18.10363367520907 18.09665819367945 18.21446590548548 18.25250056819371 18.29501443401204 18.47677386517812 18.55315998766015 18.48328606894365 18.16834638793597 17.66741684013135 17.1777206354035 16.85373234011032 16.8488051169771 16.99313095146525 17.12130194763986 17.2305341394311 17.30295718560773 17.45261773212231 17.64210586733116 17.6619043839523 17.68732390420779 17.43704658913436 17.1933372106635 17.03565178712151 16.93332380493668 16.87870457648409 16.9368371024881 17.05025572373847 17.17121815465089 17.03347136983923 16.93187299861383 16.53571651611158 16.04631582409774 15.54704371344974 15.40871374182807 15.38676027129585 15.52636150185391 15.83580267172163 15.95371074516263 16.12971009886047 15.97023432963861 16.02126284144981 16.02126284144981 15.4480555130651
15.11498404421434 15.1519831616833 15.11405654460218 15.36500796720463 15.75223353376973 16.03636631356852 16.04864478027654 16.05426492960391 15.52600792067931 14.79815098542146 15.38331757313832 16.47026908379402 16.59200246385564 16.58918329601985 16.3216122136161 15.89512531986215 15.46704368068325 15.08648513236131 14.60959234953325 14.50181809643639 14.81541813667018 15.13677251872584 15.13759748702905 15.39096907279582 15.76599602782914 16.24694353014184 16.46210466380031 16.47468430515254 16.52007885752133 16.43411561852029 16.35161942877791 16.54706635938293 16.71741128767748 16.75504779643199 16.70912954544718 16.68696955303119 16.71694256226579 16.47600417106637 14.93601249373511 14.00453653969031 13.76106492974682 13.8161574791383 13.7170925108426 14.04632960601892 14.72559133229356 14.73471303977136 14.78721816044774 14.80883343353758 15.03442891604387 15.27238704536433
11.48606335524489 12.63474376534278 12.92598508617568 12.9408217771144 12.54045393108098 12.32555833744747 12.15676741897877 11.58854386945729 11.40555030345311 11.00341443557653 11.15671768372595 11.08472453979025 11.27046171055676 11.41462139474883 11.44599265094713 11.68693385395692 11.79683261457843 11.79780103070886 11.92095122587232 12.09615013955825 13.11714938660312 13.63869846549675 13.57016420445179 13.71831159664279 14.01558087958657 15.09074779913246 15.82340312415993 15.57292346298816 15.49282717627872 15.17667437068717 15.41862220085852 15.72086701990467 15.98835670767128 16.49416576672959 17.01559695869843 17.15916847671384 16.98852181391278 16.35449303828987 15.33939355509436 14.13600538733608 13.45629238313558 13.62740143530331 13.7412537491731 13.80833918107404 13.64897456955714 14.70813321145 14.70813321145 13.92836459978528 13.86426606874199 13.98538513807392
10.44439032013896 10.12775152605594 9.851699033379674 9.591319839181486 9.87074101175679 9.86455956286693 9.766660240013564 10.01557637739971 10.16139758554736 10.23721460975903 10.53971911671854 9.827292084935848 9.927871083982863 9.601376629049472 9.866031955672936 10.11826779579272 10.37545118771672 10.71402258816154 10.90311498795679 10.7831390250519 11.26431676564792 11.81317546289295 12.15147222387255 12.14372877192788 11.52987078818405 11.21298728256677 11.25016523312233 11.3822045462645 11.52146697223713 11.87870752651533 11.5588056123324 11.62452118886602 11.84850013652513 11.72539037008282 11.70139648522296 11.61435298626836 11.56305694806281 11.56672620792377 11.78362885642127 12.07297611010526 12.3907231849267 12.70931407675292 12.98600465907868 12.96217053297513 12.77617793504786 12.56657707296686 12.35610121492458 12.38421061972192 12.58320844854653 12.69380921734952
10.54684958415805 10.1768305956575 10.06395432571379 9.873867912720062 9.494128260438133 9.081090933109982 9.038251502577406 9.253116283902848 9.705239310976792 9.705239310976792 9.596992184115802 9.447862139945865 9.261662055995643 9.201415483210788 9.175655878892117 8.990274134693966 9.109183294927934 9.305413605395698 9.469136850689813 9.525323602231566 9.511737061170818 9.532720270007982 9.599824362773086 9.662150269307928 9.57632560368293 9.63100488166746 9.713428462282645 9.623864922081484 9.514843521745542 9.600799899055994 10.30861467389114 10.77851531769091 11.04469598209134 11.26091364540721 11.38220253064768 11.41351631408365 11.41354264781832 11.32015113942792 11.32114563549247 11.63683859472308 11.8141320784264 11.90444962007948 11.88337821843059 11.82545827746179 11.70269854879104 11.70660668573458 11.25912762030965 11.39732171832205 11.63451044078927 11.80308092618995
11.11186266472087 11.09932632412979 10.77043215263899 10.30164028483415 10.15010790918501 10.08882933671741 9.76022529062223 9.383752600683701 9.025376475186391 9.144550620028932 8.876109979124539 8.750820152337278 8.588291150177913 8.463246721028021 8.044670950506733 8.500456559945167 8.853447750974878 9.033449979552415 9.44728585929337 9.232841043081079 9.275893268264333 9.33677041201206 9.549306008365452 9.652660245001838 9.552337709981405 9.390079654123634 9.227315383320207 9.146987637106223 9.1242619569189 9.101531566593165 9.053999897489113 9.067531241003493 9.335923730076019 10.26368256845149 10.74550010728722 10.98009248600624 10.98009248600624 10.80977128092275 10.41193513092579 10.52646666125446 10.62872359698139 10.76351966417643 10.98508222113596 10.98457923693362 10.96207120771645 11.0800273913305 10.48537463667473 10.47033194846633 10.66141107446952 10.61012934251008
11.53118613650386 11.66507566552641 11.6865670123108 11.33350783804289 10.77620977877298 10.94142959580524 10.92408537341369 10.58281974817216 10.07542019581486 9.707523579332523 9.97030182482923 10.29137632102773 10.24304850826837 10.3541317065706 10.54595552982442 10.67869384922595 10.64044760421781 10.46568904764253 10.25775063471013 10.14692763642902 10.01322625060948 10.15767200873025 10.10191329494549 9.926705284675521 9.691898072066893 9.47014664017877 9.66069504683608 9.704981489140057 9.567115604713056 9.330952721787886 9.058478695571203 8.621280354316671 8.073805656732102 8.209439080599358 9.725607901253587 10.42020672925169 10.5281334223249 10.52813342232491 10.33736764068972 10.05320569486661 9.632162937786791 9.063168709421621 8.89644219170248 8.939491008371693 9.087899453401157 9.134076306082823 8.831881260035285 7.76567882288972 7.533488234756171 7.38520574757106
8.95333977967508 9.004981089875935 9.132857842679364 9.131278446413942 9.20942053702581 10.07960473599985 10.97588024389699 11.23528415430043 11.48081585283123 11.69058688308617 11.76272077955159 11.49890634067744 11.24055502670559 11.10502473719816 11.12566435512437 11.07015482847499 11.05614617717975 10.91351489990617 10.35292708505281 10.28316299582132 9.916013487396828 9.374786286869595 9.067192008872249 9.079666658165962 8.959849996045861 8.59237560338812 8.104108749476287 7.508082762948127 6.960455604238162 6.811309922579342 6.979322271592439 8.440415897813471 8.205154435006447 7.37513134246756 7.397109673099097 7.325660580050373 7.55855903204056 7.638064229119891 7.441224605266652 7.164827865283636 7.164827865283636 7.118040851952952 6.79048247241279 6.393516313450397 5.888514136581491 5.856488481504443 5.900886476601878 5.941218999825116 6.040308071533434 6.180648433519197
8.770505867099207 9.004981089875935 9.132857842679364 9.131278446413946 9.024818980042465 10.00033620968762 10.97588024389699 11.23528415430043 11.48081585283123 11.69058688308616 11.76272077955159 9.937932161530547 9.569986823027582 9.201522467449044 11.68069180657126 11.36663280348795 10.96556480203854 10.4395786711521 9.884800737096137 10.30000985493692 10.30000985493692 9.839352032642127 9.13448631588949 8.245543964301374 7.424193355432403 6.665116290380527 6.637840897291065 6.594762951736357 7.187418264239112 7.508570568609598 7.781490037713959 7.766310483647328 7.865610971302529 7.963291351102584 7.994617259596925 7.733288565491828 7.494448691835032 7.405697600799046 7.326470577317479 7.053879898373773 5.985611223544764 6.0605767027182 6.157918504259277 6.168456351119946 6.089420202434919 5.97945386856461 5.926055045072738 5.976581385799062 6.116595554292021 6.251122919174542
8.500950640245149 8.176838672517558 7.917160287872725 7.722546380097475 8.68805328057603 8.688053280576032 8.099566878689224 8.404324052792818 8.343178576011214 7.880740368956715 7.731280731325086 7.29140809590258 6.260741366896243 6.692179557921077 6.80460243199293 6.80460243199293 6.544443082310989 6.246141426715961 6.201160121682179 6.100165230700036 6.079778894743523 6.026648701020704 6.080786378290836 6.412455843691268 6.62245340159613 6.65960781746305 6.65960781746305 6.523146601361383 7.020841609397877 7.605482799653406 8.091609207026979 8.461664936696295 8.782277239868096 7.97832909756245 7.999541387282269 7.959241503158516 9.241317783081714 9.020217199927593 8.417421177660257 7.714595633301226 6.507361674561929 5.818440914831763 5.82724591512593 6.058468261616069 6.146776121900495 5.981701432832268 5.879016426951318 5.675412270484594 5.872958284750156 5.989785560263575
7.915616430798191 7.337967741126035 7.301866019105278 7.429142946773986 7.429142946773986 7.408948050122924 7.141213345751936 8.602389515710851 8.602389515710851 8.530033513076233 8.037148678437163 7.216830625712805 6.276874611461787 5.583359295336724 4.987092480553502 5.144080790856347 5.267209872922118 5.27943172752846 5.187454995919132 5.145629234336674 5.180795218121228 5.302779563493432 5.670602653912747 5.88972833766022 6.05574742594017 6.179663292486773 6.295350890098984 6.368468248208606 6.649389744257355 7.219532442829624 8.091609207026979 8.861438425166412 9.28129086229967 9.301668029627971 9.054556499551047 9.381173957998401 9.324054461755443 9.020217199927597 8.417421177660255 7.714595633301226 7.032136761679036 6.404816235904534 5.926463665299408 5.926463665299408 5.920412684364632 5.89289297953083 5.841807580846867 5.728554835655634 5.761974929196681 5.66495294692922
4.545976545936229 4.539990437657875 4.520516774662464 4.501270164399815 4.486647394228202 4.47606724927232 4.467593860164842 4.458841635649795 4.452817555343909 4.449108263479397 4.447026641483498 4.439282529482637 4.519446410166492 4.698782876789354 4.878643387626078 4.994804027025021 5.070527045536501 5.070527045536499 5.066130330749635 4.983413813633763 4.804200600917335 4.47974032878471 4.087186760365368 3.585558003907722 3.021419990118422 2.656927232665563 2.530348541732864 2.490866804913034 2.490866804913034 2.484847285686432 2.484663581236878 8.861438425166412 9.447389838792031 9.584699075412152 9.584699075412146 9.243026977988601 8.620026775242598 7.804069592914667 6.957548003195537 6.170552214270939 5.484738010087602 4.902001339275695 4.433123022363413 4.041762410265238 3.63973230480011 3.653805615890028 4.374229525246871 4.819998670334594 4.991236070723645 4.991236070723645
4.105560630311024 4.091732053487626 4.094218719520867 4.095949392731811 4.097175530765456 4.097175530765456 4.09388299613318 4.082296429695385 4.070667282467764 4.059368339632639 4.062622571496721 4.065829133988948 4.065829133988951 3.081812881634346 3.077819253544779 3.072188359596809 3.066211548667416 3.05988047441765 3.061247929296881 3.066513540048309 3.066513540048309 0 0 0 0 0 0 0 0 0 0 0 0 0 0 0 0 0 0 0 0 0 0 0 0 0 0 0 0 0
