benchmarks/avaPyramidNullTest/release1PY_d296a00ba6_C_L_null_dfa_ppr.asc
ncols        794
nrows        794
xllcorner    -2.500000000000
yllcorner    -2.500000000000
cellsize     5.000000000000
NODATA_value nan
[rows 400 to 419 of 794, columns 585 to 629 of 794]
71.459162773946431457 70.218890681356313621 68.817449724784111709 68.380099614038115874 68.661183369032571022 69.506185608407335508 70.62394591116047593 71.296154304279824032 71.058220689751962595 69.89921540699684499 68.711191165237167411 68.719214134262699645 68.952204459772985956 68.764446025224188475 68.016502523660776092 67.115908005549968607 66.721982816467004795 66.890152725923414323 66.559412130654976636 65.755893078671491025 65.521802904198992223 65.728867807207279839 66.085317283223844242 66.472720561289548868 66.517044318226979271 67.016731894111131851 67.938789732399513355 68.197794040654883929 67.930081121376858277 68.411130380121974781 68.995370357612557655 69.763480385930364491 70.614607583951908509 70.768615813635108225 70.225134142976060048 69.559571488372498038 69.801593842766365583 69.920689829864500098 72.38867036190923443 70.960824399801140316 69.124964000145112664 68.891230892827124421 68.933301196986903392 69.305391823997396727 69.403049735685115706
70.118597650084410589 69.700171706022061358 68.784246346484067658 68.540520810616925473 68.881764659592207067 69.220646577685130296 69.161738341701010313 69.102943831545061926 69.30869551473614365 68.543702316383075868 68.235718778723438049 68.632485528241318207 69.07287687254718378 68.786188906524344588 66.985307546414716739 65.750442147000455861 65.108790019701928031 64.878686102494427246 64.551273428490333117 64.314137102341192076 64.385334609412453233 64.680778855264833282 64.785967132116837774 65.090931117121314742 65.493838488265865294 66.590539550841739924 67.402283289616008233 67.372145262453969394 66.874800751874317939 66.667483239482876911 66.952872469243956743 67.15491018242423138 67.53556644593170688 67.721888807196449989 67.626856579157916372 67.838792216364311116 68.688992876545569288 69.179369884687147874 68.838151587270374421 68.617131225826568652 68.641054258634284224 68.588112604773712633 68.555680649406326665 68.792235004016916378 69.090964912701934963
68.288050571364834695 67.941932127049128098 67.325674336683150045 67.299593989085138901 67.858253780554704804 67.969291004038183246 67.433887808845824452 67.342300743423649578 67.346803654819396456 66.782407944883857454 66.089494833163541898 66.470122063021705117 67.356292432455404651 67.403511095703578349 65.535676661248558617 63.687323647407588112 62.592637317074675707 62.189768600710138458 61.936003551792460087 62.24214230144209381 62.631234053686789309 62.949039959944506961 62.985034829208188967 63.367262408511443539 64.203090490580805749 65.466718462695794756 66.243206015308729206 65.757169351487121389 65.558124330008951119 65.550080236992954497 65.263586127834187778 65.268059125486118432 65.617650268555948401 65.596271989095882304 65.867483602483588356 66.580626794332474105 67.291553226226909601 67.717120102851524166 67.838436582349032733 68.260863664846240795 68.560764468028537522 68.733067486105255739 68.954616262748160693 69.276267537595742851 69.586477973904976579
65.917565620234526591 65.386424033429321412 64.694309129604036457 64.599287345846136077 65.217863355696167105 65.416047432130199013 64.396394093919184343 64.309989889562402254 64.209437698917298576 63.643568937805888197 63.035538842396512393 63.233444985042098097 63.786927572317189572 63.430042744704060453 62.654462518752517042 61.563453029353411239 60.905195112427755078 60.51580439535092637 60.578691837686484689 60.974186372504092901 61.542125237940268789 61.917507121313256846 62.145444630695777732 62.590414156587954153 63.229162186719584327 63.634834782138106846 63.950051613041175358 63.921964856242531994 64.060855939602888043 64.234733617758749347 64.407447303551379036 64.726112522297029273 65.105207344258857916 65.599931720912664446 65.870602725523582421 66.439464741709841178 67.038744616482233596 67.531374945764696349 68.118842932801427992 68.71869052964933644 69.266543333278463024 69.67073259232249427 70.032531182325556074 70.375824699341038126 70.830299462933041355
62.21393255644418474 62.098482779687707023 61.924726058930403383 61.97159667149562523 62.189781076681782679 61.736780118649591031 61.279000708610688264 61.427579913701357839 61.17709687865663426 60.951103517932374132 60.706547377453155434 60.856660438483764608 61.194407558266028957 61.209888264268670355 60.866387720921878213 60.599510824375087736 60.46985462919455756 60.491740985369766292 60.511265961192876262 60.723178006434665122 61.311645560309628422 61.920884268699190045 62.260532453021546928 62.591390259079211944 62.848428688930944475 63.327031116705164493 63.646806754185959676 63.850891539109738915 64.114153150950770055 64.452560397254941904 64.814397474435011759 65.235358859124232822 65.789213814754276655 66.208574099739919916 66.622692376210167708 67.124122768537745287 67.569884987835180823 68.033724776153206903 68.751083221777975041 69.305606027784193657 69.818461871429235543 70.249239202280804761 70.655244001489165839 71.158156032544056302 71.93683762434548612
57.454489081903872716 57.829028698617776172 57.899412548165685166 57.89685767085531154 58.097859292139361287 58.272797115659521694 57.992053141502225344 58.170148360946832611 58.170706574332236016 57.971279189529042242 58.105146968526547369 58.322914543310012903 58.655805547042064063 58.923989830568295645 59.15230768053630328 59.316534085291998224 59.507400567271254488 59.727148980008585966 60.053550289227615622 60.259167779387865949 60.790374359293856799 61.322320776234199968 61.819696018003703841 62.132417082019998134 62.412863650990125564 62.946671217089310346 63.165129988545480444 63.426911372053680793 63.839483858455110976 64.208896949355647621 64.761623934612146058 65.318257971307431831 65.944484289173061597 66.589671479236969276 67.032851796587493709 67.339061798132931358 67.6560083570729347 68.124941667750434249 68.780876245574560812 69.545414556080501711 70.205601608619105036 70.758389397086546069 71.192550043692847339 71.758143797111529238 72.376427683765527377
49.76859448218937132 50.439576442219603791 51.02281697722525422 51.476788781320315991 51.961476502058474125 52.647346425510470169 53.047066414280962476 53.573380755161963407 53.99938083508152431 54.369846091999015414 54.898747479944553618 55.387319555995631504 55.938962447850222759 56.379345821405514982 57.054531132945072613 57.483312030757474531 57.901827324613456938 58.237413775773966051 58.618731692076245565 58.942696777010823439 59.388155057100732392 59.867456470305967287 60.368424197389586539 60.784915763216901041 61.181401277310122566 61.784531157925890454 62.140378807342315781 62.583509609896310621 63.084447912538294645 63.608798222800857047 64.276755386926026858 65.012680258145024936 65.823294366553653845 66.586124745772892197 67.143428197801554802 67.3565547494295771 67.609361319029332549 67.917513108717244563 68.346487363855032982 69.290304768979950722 70.251126954607642006 70.952222746830628353 71.386433778268042261 71.937357011656885675 72.578933841439649655
48.343879467667676408 48.127694409441595269 48.002162271443324926 48.069168799304421213 48.034489345088161372 47.971729400161379431 48.11170076063660872 48.284342461630295418 48.317270568038210854 49.045838912361809037 50.047445541373427602 50.768422476615697292 51.519819071862215765 52.20066413406941308 53.004977570438960299 53.718194862366146936 54.602027693499962879 55.287042907181017881 56.039828005077481521 56.737347762674637863 57.484573885624229206 57.92600432127101584 58.418064714758408229 58.951367287444249143 59.443629243779909643 60.027011102236414786 60.520979214408086477 61.042887284093268363 61.651056796054831466 62.28578352339967239 62.969891527038306833 63.990124214312302797 65.156664812552634203 66.316635470397059748 67.174795848170859358 67.551693537382973886 67.562880579539594805 67.675967706806972046 67.889352450383881887 68.155210781342148607 68.698931896723124169 69.306550601821328428 69.889187060372179872 70.216412524308651655 70.829289013204785874
48.065408487845431296 48.084293157434473187 48.344316472722816513 48.727361210199013897 48.614243553146614829 48.218480207540729054 48.321469603047809471 48.649994788062514317 48.639209370538566191 48.250759990933211441 48.662304836904169747 49.832215147682511258 50.999787791613947263 51.039451678114708955 50.590488144927867609 49.912773068985863745 50.730151195127319852 51.68691220680818077 52.652319796542698782 53.535739712571768223 54.393637848872351981 55.129346276498566226 55.740835151423148375 56.431143582870696207 57.11962796237597928 57.83756992722463508 58.51073366694376432 59.127481183133632214 59.818064137141064407 60.585934001603149568 61.363199858176720625 62.20093827070328274 63.187047922154505386 64.201195652121526791 65.083083328426283742 65.851288759421478858 65.996070235849501273 65.855105898501605566 65.722299909648626226 66.073419467741516087 66.352805685261145641 66.341785176194164819 66.169236641698674362 64.58439490170503916 62.946727240776795043
46.323462003799136255 46.858963180297813267 47.194978502589648883 47.314656280728861759 47.335926874585034341 46.877031249743914998 47.07520927354261886 47.551722106862932549 47.484872594255925549 47.113488912670604236 47.508131244745499089 48.692151951958699385 49.587127450618496027 49.513130709472328306 48.766866994012595171 48.304640745217064079 48.906285764903493885 49.648094671484464868 50.436107785591516972 51.15373805026093379 51.968434743672553111 52.843683032654922727 53.5944816018560104 54.346294514566189093 55.004200883398297606 55.387837406605832768 55.880358970857002987 56.545090475336188263 57.168361414825511702 58.497718502194828716 60.106850197261508129 61.366487404268738715 62.832036771598339442 63.167210530836683802 63.894198965149662683 63.163424414493526626 66.104337140555415431 65.529564030355246018 63.735747223194486821 62.043132518171013601 59.489840397773640746 57.953617011438005591 61.108005683895591176 59.198971356148106793 59.727800315771020223
44.110402500396517667 44.140609189988168737 44.69765948776891662 45.005095473906258974 44.89041891130970896 44.836787558752575933 45.28199071404630871 45.718029398631763627 45.9689808011094172 46.587783013591604231 47.138039081385990414 47.474757884694511745 47.695817075001876617 47.811180753284183709 48.017854871190593258 48.27892964177803492 48.495139460085880501 48.752427092155045329 49.111226907284908805 49.753450373027128251 50.559147441697149361 51.707587016794235524 52.623978477104373042 53.478087743278415189 53.355774772275864848 55.672625806506701451 56.061563611638135285 53.426311479711586117 55.077627158769672633 54.328509094921507483 53.491461496346524029 52.539509188753022784 52.970697091332503703 57.432474238035496228 55.334200707082160875 54.586341231568873411 55.5812959807969591 56.378478529858995216 56.727741784475945508 57.18590283598984314 57.787221602524610375 58.380574339611236212 58.875598075592137093 59.571780530919312469 60.415629167930141818
43.859776543527267734 43.90866738406160863 44.022857653974675429 44.344394946771629407 44.356397796218232088 44.703750372110974354 45.25772700343596 45.52047156990703769 45.8154505228560609 46.039807231757258421 46.657838230850892103 47.245743543475199999 47.527416717846044492 47.806610597776881377 47.905679151976663377 47.823774561537497618 47.659985909063991016 47.265900212920598733 47.302479470623445934 50.127989354956767443 49.769828482143061876 49.111681327094657945 49.322539803674601444 49.749644398756430519 50.509490451441919845 51.108613681478523461 51.566617902377259952 51.851655553593126058 52.244322468889578204 52.673775884691394822 53.170226420574230985 53.634968034613308419 54.056192839837791553 54.729192361440489378 55.33677621906334565 56.041420379322346434 56.761062212620579714 57.81383871463211932 58.332143276176033453 58.874096569873643148 59.094662207158371814 59.569453861240496906 59.94543073955767909 60.594092481312415543 61.0367933805560412
45.105791541336266448 45.128035634315409652 45.243059742744250684 45.322322320209366353 45.373719948983143979 45.504481547056734314 45.924648883134658206 46.376091157850737545 46.561800123227023107 46.930081127265744101 47.440502460251067873 47.948467557162103958 48.155089902364224486 48.207416989458486967 48.211485329806841094 48.514009602410887112 48.7885964926645741 49.027164136052604704 49.353596132483552594 49.72459156057283991 50.253079091505476583 50.831366151927568353 51.324403132573365838 51.738485088090762076 52.391560438509898745 52.95266591764320907 53.377811774481536133 53.847085562768057798 54.327856876498380245 54.733953466716414482 55.169637894678544399 55.74183694027308178 56.135982733308303239 56.749600282553330999 57.301257769797324215 57.897256256920776707 58.338548492580862614 59.029036453691524855 59.707003745861172206 60.055459671116658171 60.342660942436189941 60.745850865034043409 61.130935822160175519 61.645837154793063917 62.119861248761964134
46.251468225929492917 46.546639594972745613 46.639289261821538446 46.728707193685863786 46.87491296039253541 47.126125494548965378 47.310006353411466762 47.688004840654784289 48.079787638822544693 48.49725683851310265 48.970476321350417948 49.312848125167015212 49.463878709377986809 49.619881196124516975 49.88963413901360866 50.188265823296632107 50.430497886028810228 50.86649841701972008 51.231873099345193623 51.525283641049199446 52.116751356422838626 52.902896361420410187 53.550156414168370134 54.011169445751207263 54.604601753024937238 55.182730607428247538 55.509261635451615291 55.883142208714730259 56.279024089093347527 56.657320369597549359 57.109691147189828087 57.576562664600096753 58.007377551034728924 58.367535880667411163 58.775317227957060595 59.412876790083920753 59.992364600452553702 60.599179187695341398 61.029127184060051547 61.306231381363751609 61.531505081034850946 61.894913089712531473 62.468440069701259176 62.778032471126799408 63.119622071706224631
47.319723443539231766 47.599456800363867615 47.578610364523193255 47.563417464844334859 47.652341503823933522 48.14431331391879354 48.441720791922527667 48.77100017326117154 49.182366857013143147 49.66610330105347515 49.871688878282277813 50.202698188473512175 50.362854577211791707 50.722590451594719241 51.233053786943862917 51.625560518020115808 51.948918817951415861 52.345817457463503786 52.574121193612498359 52.985219450893382032 53.569685810394673808 54.440676781428813058 55.25858933043118526 55.884710017093091494 56.087988613047890851 56.586356022500176266 56.848511609543351142 57.132230233207977221 57.613044649317508572 58.111270309352157426 58.679393124164867857 59.04809196160160667 59.345126170165599433 59.750508463864619557 60.181859858131680596 60.77020622534856642 61.195529767063057136 61.602435068206837343 61.908414537463940519 62.131760920888417843 62.323261937143328737 62.681164430824964029 63.177517257998339062 63.613962492353309131 63.917922497002621185
47.671355071324619246 47.82505428516791568 47.947978282325664168 48.187215700942068963 48.438176634238864438 48.75138089500798344 49.042785950088301661 49.50885608789285186 49.892863005186590897 50.326403614881932924 50.366454669712247494 50.540820851755128729 50.747617448509814153 51.004983478454938961 51.582922590968713905 52.292574681173555007 52.60621204656907679 52.929147955882285714 53.213832810251837202 53.547676661156188516 54.437982782815133476 55.346845980911780316 56.293141092553533156 56.868801580315562205 57.202781765638313516 57.554884468042374124 57.78102126840230568 58.278221080808158661 58.796484667118882328 59.173115356975905854 59.517178327562582751 59.928339317966901945 60.321319063107537772 60.730891242410471875 61.111064070742187937 61.641749050322040659 62.110210926782251306 62.454497924088279603 62.577825261324186101 62.745166553140812482 62.812632430547196805 63.029753063344266195 63.226041766252699006 63.551764446482593485 63.772334442474857497
48.002411346513518708 47.960022760402331699 48.250627495475846729 48.556665269926902795 48.77416435719663923 49.165746994778416479 49.537008536511535794 50.0655811062350935 50.6614614839208528 50.992738126869291193 50.90016642386983392 50.909058376181626215 51.028515698665671607 51.315404127004832446 51.704890293721625483 52.219937268391419138 52.538572141683800965 52.894412543858152276 53.324396180913083754 53.76102063046318591 54.528802861471682206 55.462700606118268354 56.469965684931175076 57.132698033989868236 57.692239190996595255 58.201002042625319177 58.641288995339834855 59.181503223851571249 59.573383658465097312 59.943394204631971434 60.186118597868677682 60.44623665638014387 60.769294842465285456 60.923405692400216083 61.264904098877991601 61.911330178887475029 62.647307733404701935 63.139129051326086994 63.175190631144410247 62.781500804061728616 62.652250449137497412 63.194812962195761941 63.436267414910133766 64.06600135303433774 63.877387923572307216
47.514807073967723738 47.954154765754225309 48.487876898869345155 48.707866151827289514 49.18090580095150699 49.417760912040868959 49.725743364291318471 50.158234967571381446 50.867104818448382275 51.021516685972088112 51.06384638758346739 50.985034503002466977 51.24356229742572566 51.360846788148926123 51.57118532129849342 51.888208174141716711 52.273310784102434923 52.678504953801997601 53.347665789884395338 53.915076791946034973 54.652031563570083961 55.437309573420527897 56.487808174432949215 57.23081386270707327 57.868723987123964037 58.349035688463615656 58.738304290027727461 58.952287926310297905 59.279682741235539822 59.554837064068458119 59.951818562415603253 60.500746261251983071 60.434152456631416328 60.843440096051935484 59.824664880801257993 59.001682446096324952 63.292972691105632066 63.350905765976868622 61.920630500014027575 60.213746189447448387 58.10046927483679724 55.717962491562389005 52.565963638636596045 58.319538666327098042 55.592123631663525885
46.871924943526302343 47.395144152057241627 47.820578021039956695 47.91706865935608306 48.350681723666369294 48.720296762798504631 49.191697611287985126 49.55898047784106808 50.067350938564494811 50.301032264708524622 50.452221264518719579 50.654029101872431795 51.237036268375909742 51.409405215152233382 51.622260693999180603 51.735882486071076869 52.027833188356048311 52.527392064811202488 53.108383958686466997 53.694660433204425942 54.230399432569200258 54.926342287045201829 55.329869282808246567 55.785560880264782213 56.117341756011413167 56.588516331365099177 57.312739416949625593 57.88481037369235338 58.9184704986489578 58.690830855561308965 58.259789503545952982 59.209433348930936347 59.159996167449833138 57.486814881285411616 55.216233928192295366 52.685947687152108188 50.069571597405598595 47.274424058832188678 44.6877363778155825 49.304102082886529956 45.945195457148173546 42.42036454574341775 38.528459811722548523 33.460715375656810977 28.407921505704070597
45.898789804833874939 46.251412651705308576 46.456702206638681218 46.46097436917401069 46.809648445607685119 47.277509517333228928 47.879380097834840058 48.322637145406439174 48.650104879540982949 48.847823731454717233 49.204315139862906392 49.436340650793525242 49.85945182757195937 50.235653348179951649 50.420309831162654746 50.496758377116464089 50.580152145954293985 50.702589345468119575 50.880590136343592178 51.197112673485769108 51.436720031174594681 51.895194553533769977 54.279221445340397167 55.197700697262654046 55.732320743489808024 55.213988758581791672 53.762391288806838929 52.166358843233027187 50.19820368760503726 47.655471195971315979 44.620358985811961361 51.735142059204761722 49.395090705412606269 46.239464386797514805 42.640240618100115455 38.449237042581970059 33.838372548243249582 37.83581027377027084 36.417646019265987434 32.297357838653887541 27.369337263649857306 26.434210998675926163 26.905345389004178713 27.346203913543185138 27.602233231234968969
