benchmarks/avaPyramidNullTest/release1PY_null_ref_0.15500_ppr.asc
ncols         793
nrows         793
xllcenter     0
yllcenter     0
cellsize      5
NODATA_value  -9999
[rows 264 to 296 of 793, columns 370 to 443 of 793]
26.1519 27.2268 28.1083 27.4505 28.8669 37.1027 38.9287 42.3856 46.0101 53.1667 59.1909 69.1887 72.0442 79.0899 86.7662 90.5793 93.7592 97.5117 101.473 104.541 107.307 109.628 111.17 112.197 112.175 111.328 111.07 112.108 111.654 109.485 106.364 102.346 97.0153 90.0538 82.209 74.3889 65.5612 60.498 57.0422 55.3231 47.8523 46.1192 40.5299 39.611 36.8754 33.9196 34.0979 34.7803 35.521 35.9168 35.3852 33.8874 33.4899 32.1099 30.1761 26.8185 25.912 24.0224 23.0326 20.2508 18.3401 17.0038 13.3514 12.386 11.7516 10.5501 7.41677 7.07437 7.60046 7.60046 5.35939 1.85801 0 0
26.1305 26.9118 27.8192 27.1475 28.3234 39.6659 39.0556 44.3768 48.7674 50.9003 61.7882 66.3609 73.2579 79.7497 86.3841 89.8992 93.1221 97.0237 100.857 103.759 106.414 108.467 109.943 110.844 110.889 110.068 110.739 111.671 111.355 109.351 106.215 102.045 96.5515 89.7223 81.8277 73.7823 66.1779 63.4126 60.5609 56.3651 51.3078 49.6186 42.1764 41.0455 36.7255 34.0467 33.7526 34.4748 35.3887 35.7923 35.1891 33.6146 33.1567 32.0243 30.0468 27.0128 25.5801 23.9171 23.0844 20.3027 18.3919 16.8953 13.2639 12.3646 11.8878 10.7656 7.31387 7.16294 7.30704 7.30704 5.20579 1.84943 0 0
26.455 26.3951 27.4595 26.7733 30.7637 41.9973 40.5662 45.9166 50.0108 53.3953 64.1488 66.8653 73.8212 79.9424 83.058 88.6694 92.3855 96.5061 100.184 102.972 105.375 107.36 108.796 109.591 109.585 108.856 110.838 111.739 110.967 109.105 105.941 101.643 96.0919 89.3943 81.4147 73.3498 69.2912 67.3672 64.2574 60.1728 54.8311 53.4204 45.2568 40.1821 38.6487 36.0503 33.2793 34.2928 35.1656 35.6398 35.0241 33.4534 32.9984 31.9667 29.8409 27.0926 25.3802 23.9434 22.7375 20.1171 18.371 16.9558 13.1963 12.2981 12.0057 10.951 7.37531 7.54496 6.98692 6.98692 5.10192 1.83648 0 0
26.236 25.9799 27.1174 28.3801 33.0869 41.7627 42.0898 44.3518 48.6461 55.9873 66.1207 68.3293 74.2196 79.8559 82.2116 87.3833 91.9467 95.8877 99.479 102.205 104.337 106.196 107.583 108.451 108.4 107.793 110.816 111.598 110.99 108.819 105.765 101.196 95.5905 88.7661 80.8551 73.4478 73.1365 70.6427 67.6905 63.2766 58.4556 56.4059 48.6638 42.7094 41.4575 35.6824 32.6281 33.7234 34.734 35.5203 34.6707 33.485 32.7864 31.725 29.6975 26.9041 25.2387 23.8425 22.4211 19.9484 18.5604 16.9304 12.8186 12.1232 11.8791 10.951 7.37437 7.66425 6.6917 6.6917 5.16095 1.82365 0 0
25.7249 25.6443 26.8463 30.9887 35.5534 43.6893 43.6351 46.0636 50.8691 58.3623 66.8031 69.3936 74.293 79.453 82.323 87.0969 91.5928 95.3589 98.743 101.484 103.64 105.222 106.391 107.36 107.229 107.679 110.174 111.181 110.624 108.943 105.575 100.877 94.9271 88.3075 80.4391 76.4603 76.2416 73.9415 71.3969 67.674 61.8529 55.8771 52.5423 45.3355 44.0844 37.9366 34.9049 32.9404 34.3958 35.3123 34.3606 33.2402 32.618 31.5401 29.5121 26.612 24.861 23.7341 21.9783 19.8671 18.6305 17.0908 12.6843 11.836 11.6317 10.4916 7.62069 7.66425 6.38798 6.28818 5.25982 1.82365 0 0
25.1245 25.2391 26.481 33.4486 37.8595 45.3356 45.2396 47.8797 52.9708 60.3737 68.3317 70.0192 74.1769 77.9085 82.4786 86.866 91.2103 95.0088 98.1741 100.81 103.036 104.434 105.707 106.457 106.26 107.419 110.003 111.038 110.633 108.513 105.288 100.35 94.6056 87.7131 80.0414 79.5653 79.4029 77.0518 74.9619 71.2847 65.6866 59.8489 56.7499 48.2088 44.8358 40.3695 37.998 32.8785 34.1172 34.9545 34.1522 32.8705 32.3327 31.0927 29.218 26.6134 24.4621 23.3969 21.6976 21.0351 18.4528 17.0974 12.7436 11.4861 11.2764 9.42059 7.86715 7.44436 6.17661 6.11424 5.41225 1.81278 0 0
24.7235 24.9735 26.129 34.8859 40.1505 42.342 46.9144 49.7075 55.1375 62.1617 65.47 70.5299 74.0125 78.2417 82.5918 86.7318 90.8253 94.6798 97.8639 100.342 102.426 103.791 105.103 105.627 105.359 107.659 109.953 110.697 110.4 108.457 105.173 100.302 94.2025 86.9946 82.9891 82.652 82.5396 80.1643 77.8538 74.8715 69.8776 63.0201 60.8139 51.3581 47.2748 43.0591 40.7509 34.4857 33.6443 34.6015 33.8292 32.2626 31.9587 30.7985 28.8261 26.807 23.9768 23.0628 21.4065 21.6024 18.3495 16.9836 12.899 11.125 10.8977 8.26968 8.16238 7.48573 6.03377 6.06009 5.60598 1.80185 0 0
24.6909 24.7174 28.3154 32.9616 41.9303 43.6598 48.4105 51.336 56.7531 63.4743 66.2908 70.6553 73.5641 78.5707 82.5117 86.5932 90.603 94.4153 97.5667 100.18 101.941 103.538 104.454 105.037 105.059 107.685 109.985 110.666 110.056 108.101 104.731 100.011 93.8955 86.5226 85.9239 85.7072 85.6461 83.2946 81.0396 78.4009 73.7416 66.5816 64.3089 54.5372 50.3877 45.8246 43.2983 31.36 33.2015 34.1825 33.358 31.887 31.6714 30.6664 28.621 26.7095 23.4792 22.7993 21.1058 21.5519 18.2013 16.9335 13.2182 11.3004 10.687 8.68874 8.17838 7.50545 6.16938 6.23411 5.84066 1.79961 0 0
24.515 24.4137 30.5822 34.8797 41.4904 44.8134 49.7753 52.6913 58.4563 64.3842 66.7464 70.9538 74.0443 78.7921 82.6493 86.6997 90.7365 94.4377 97.4263 100.016 102.042 103.349 104.296 104.905 104.799 107.557 109.847 110.412 109.926 107.625 104.548 99.6372 93.436 87.2478 88.8499 88.6723 88.6454 86.3456 84.2749 81.5224 77.3108 70.3951 62.5136 57.4686 53.7849 48.7777 45.2155 33.2371 32.7692 33.6369 33.0253 31.7932 31.452 30.4229 28.5966 26.3743 23.1075 22.7147 21.0375 20.8393 18.1138 16.4842 13.6338 12.3464 10.5742 9.14847 8.49027 7.46727 6.67154 6.41265 6.07825 1.79961 0 0
24.2208 25.3409 32.6108 37.1669 42.9833 45.7973 50.9909 54.2811 59.5722 64.7137 66.844 70.8186 74.4656 78.9869 82.6851 86.7532 90.7233 94.4691 97.5163 99.9582 101.922 103.307 104.403 104.759 104.539 107.397 109.438 110.168 109.56 107.498 104.207 99.228 92.9254 89.7781 91.7394 91.5264 90.1494 89.3646 87.6543 85.1499 80.9475 73.4975 65.769 60.8822 57.3409 51.4203 42.035 35.8023 32.2348 33.273 32.722 31.7428 31.1883 30.0809 28.3478 25.8753 22.8447 22.5523 20.4453 20.481 18.0325 15.9125 14.4779 13.3041 10.3996 9.67563 9.06016 7.50899 7.41371 6.51182 6.2595 1.79433 0 0
23.9759 27.5264 34.8675 38.9321 44.2444 46.5072 49.2368 54.8048 59.9544 62.0428 66.4271 70.723 74.8451 79.1661 82.7739 86.9361 90.8754 94.4458 97.4558 100.029 101.85 103.36 104.151 104.791 104.874 107.206 109.613 110.23 109.581 107.067 103.598 98.5411 92.5655 91.9587 93.9334 93.9645 93.1192 92.3683 91.3312 88.4628 84.4759 76.646 69.06 64.2637 60.1776 51.2029 44.3478 38.4148 32.8452 32.7711 32.3195 31.5288 30.9577 29.9818 28.0273 25.5877 22.5244 22.0875 20.0665 19.8073 17.75 15.3697 15.1952 14.3164 10.3342 10.2091 9.73808 8.17842 8.15809 6.52326 6.40878 1.78849 0 0
25.3143 29.6191 36.8423 40.4172 45.1338 46.8308 49.8365 55.501 57.7591 62.1309 66.6044 71.002 75.1149 79.1633 82.8094 87.0707 90.945 94.6005 97.618 100.052 102.104 103.236 104.321 104.929 104.867 107.388 109.465 109.906 109.262 106.88 103.328 98.2404 91.9482 93.9244 96.0053 96.6144 96.1049 94.814 94.6149 88.8776 87.6317 79.8042 72.2388 67.6801 58.2543 53.3355 46.5635 40.7578 35.2848 32.313 31.6512 30.9698 30.5526 29.6705 27.4126 24.9429 22.1896 21.6994 19.7572 19.425 17.4284 15.5037 15.1045 15.087 10.6985 10.787 10.4987 8.32909 8.15809 6.52326 6.50225 1.78538 0 0
27.1314 31.5406 38.1746 41.4905 45.6025 47.0755 50.3156 55.5896 57.6116 62.0292 66.8395 71.2695 75.3172 79.2908 82.9316 87.1102 90.8613 94.6112 97.7155 100.229 101.991 103.426 104.43 104.77 104.818 107.155 109.521 109.9 108.933 106.572 102.987 97.8711 93.6618 95.8868 98.2523 99.2142 99.4631 97.4856 94.8848 91.68 86.6454 83.1298 75.3114 70.6173 60.4311 55.7321 48.6902 43.078 37.7255 31.8355 31.1332 31.0035 30.2469 29.1322 26.8141 24.2107 21.8996 21.3613 19.6032 19.1516 17.3152 15.8978 15.278 15.4648 10.8144 11.0709 11.3089 8.38269 7.11452 6.4624 6.55401 1.78538 0 0
28.5189 32.9846 34.7714 42.0964 45.4941 47.7184 50.7956 55.2566 57.5044 62.3481 66.978 71.4523 75.4613 79.2456 82.9067 87.1469 91.0224 94.7213 97.6315 100.272 101.99 103.374 104.21 104.838 105.013 107.276 109.312 109.68 108.785 106.107 102.726 97.5425 95.5867 98.1793 100.665 101.486 100.471 100.006 97.4444 94.1896 88.3303 86.3904 78.3514 68.8626 62.7784 57.8592 50.6776 45.3318 40.2208 31.9008 30.6293 30.3338 29.877 28.5713 26.2762 23.6502 21.6313 21.1079 19.4307 18.7108 17.156 16.097 15.3924 15.2685 10.7365 11.212 11.7765 8.3143 6.3237 6.35761 6.55626 1.78511 0 0
23.9425 30.6108 35.988 42.2725 44.7288 48.1484 51.1519 54.1542 57.7165 62.4404 66.939 71.5438 75.6093 79.36 82.9572 87.0448 91.0652 94.7195 97.8432 100.159 102.139 103.235 104.35 104.818 104.841 106.931 109.031 109.379 108.36 106.01 102.563 97.2208 97.7182 100.074 102.229 103.38 103.047 102.185 99.1138 96.7195 91.091 85.0705 80.9927 71.136 64.9315 59.8677 52.621 47.3639 42.3152 33.5078 31.8858 29.7328 29.2015 28.0514 25.808 22.9252 21.3993 20.8603 19.1184 17.3481 16.8157 16.2602 15.284 14.5141 10.8886 11.62 11.7765 8.33673 6.25156 6.33168 6.52174 1.78171 0 0
25.5375 32.06 36.8478 41.3134 44.0192 48.2599 51.356 54.4109 57.8325 62.4927 67.096 71.6944 75.6369 79.323 82.9074 87.028 91.0676 94.6569 97.8515 100.407 102.108 103.393 104.337 104.618 104.794 106.444 108.758 109.222 108.25 105.813 102.21 96.7404 99.2843 101.586 104.098 105.458 104.873 104.399 101.672 97.7013 93.9148 87.4705 83.4577 73.3173 66.408 61.7737 54.3347 49.1979 43.7465 35.0779 33.322 29.2287 28.7813 27.7592 25.4973 22.5177 21.1778 20.5742 18.718 17.2128 17.3874 16.2586 15.2943 14.1839 11.3278 11.4496 10.7775 7.93662 6.16877 6.33713 6.47865 1.77486 0 0
27.207 33.2995 37.3306 40.7854 44.1944 48.1681 51.4541 54.5253 58.1287 62.6629 67.2592 71.6954 75.6131 79.1723 82.9366 86.9264 91.0892 94.8502 97.8904 100.425 102.108 103.314 104.152 104.724 104.848 106.213 108.23 108.786 108.039 105.442 102.073 97.674 100.812 103.538 106.081 106.818 106.873 106.684 103.97 100.338 96.0674 89.4217 85.5965 75.1842 68.0925 63.1018 55.8442 50.8503 44.1704 36.7661 34.5685 29.7398 28.6378 28.3405 25.2547 22.1301 20.8848 20.2712 18.4114 17.2737 17.433 16.3196 15.2114 14.2465 12.8343 11.1783 7.93708 7.83734 6.19267 6.38451 6.43289 1.78228 0 0
28.7123 34.1863 37.1912 40.275 44.3243 48.0397 51.4591 54.523 58.2529 62.8768 67.3551 71.8568 75.6654 79.1205 82.993 86.9261 91.1262 94.971 98.0744 100.401 102.165 103.13 104.201 104.667 104.61 105.834 107.994 108.607 107.606 105.275 101.693 99.5227 102.72 105.065 107.221 108.492 108.594 107.736 104.741 102.659 97.9263 90.9728 87.3113 76.7277 69.7513 60.9111 57.2728 47.7409 41.0238 38.0267 34.0326 30.5217 28.7695 29.7815 24.9087 21.9174 20.5975 20.0081 18.1524 17.2426 16.6826 16.3088 15.1376 14.3388 14.1612 11.0077 7.43883 7.49998 6.36855 6.42746 6.42746 1.78228 0 0
30.0013 34.5791 36.6538 40.3412 44.3296 47.9252 51.5538 54.6333 58.4106 63.0955 67.597 71.918 75.6479 79.0967 83.0142 87.0256 91.2695 94.9587 98.0481 100.599 102.2 103.441 104.213 104.551 104.645 105.862 107.924 108.456 107.564 104.872 101.365 101.025 104.129 106.467 108.944 109.86 109.962 109.611 107.007 102.604 97.7104 92.2886 82.9874 78.044 70.8349 61.9929 58.6316 48.9972 41.9213 39.5112 34.6399 31.3954 29.7884 30.98 24.5429 21.8354 20.4424 19.7749 18.1026 16.9376 16.8032 16.1896 15.3257 14.747 14.425 11.1138 7.39856 7.36259 6.8492 6.44019 6.44019 1.77746 0 0
31.1708 34.5743 36.5577 40.3228 44.3164 47.9074 51.621 54.7259 58.5481 63.3295 67.8266 72.0288 75.6887 79.0229 83.034 86.9596 91.3061 95.1774 98.1021 100.589 102.348 103.38 104.085 104.686 104.763 105.608 107.584 108.094 107.23 104.6 100.92 102.289 105.561 107.943 109.874 111.044 111.274 109.94 108.399 104.499 100.639 93.3464 83.8725 79.1415 71.5868 62.8086 57.9501 50.1998 43.1517 40.9789 35.1702 32.1212 30.4933 31.2618 24.3936 21.6865 21.0628 19.4191 17.9433 16.993 16.7153 16.304 15.5364 15.051 12.74 10.936 7.37402 7.42657 7.22341 6.42124 6.42124 1.77746 0 0
31.935 34.3274 36.5679 40.2786 44.1281 47.9377 51.6383 54.897 58.7524 63.619 68.0275 72.1516 75.7065 78.9536 83.0735 87.8291 91.3205 95.2912 98.373 100.647 102.347 103.25 104.156 104.592 104.54 105.409 107.609 108.073 106.995 104.274 101.333 104.057 107.169 109.002 111.154 112.084 112.176 111.582 108.276 106.724 101.483 93.8431 84.4092 80.0107 69.6246 63.834 59.1351 51.3858 44.3034 41.4815 35.9784 32.7229 30.8043 27.1872 24.3653 21.8092 21.6742 19.0564 17.7923 17.0128 16.6633 16.4052 15.9668 15.384 14.1888 10.6704 7.36385 7.48051 7.27319 6.36718 6.36718 1.77824 0 0
32.15 33.6797 36.7179 40.1721 44.0657 47.8389 51.7632 55.0505 58.8064 63.909 68.1015 72.3436 75.7868 78.9214 84.0922 87.112 91.5752 95.3984 98.3773 100.843 102.339 103.501 104.241 104.51 104.677 105.267 107.236 107.679 106.811 103.889 103.448 105.306 108.206 110.278 111.976 112.876 112.883 111.211 109.541 104.96 99.1245 92.3877 84.6637 80.6217 70.3735 64.3186 60.2676 52.4305 45.4907 40.7459 36.472 33.4638 30.8725 27.1534 24.1912 22.0152 22.1258 19.5747 17.5426 17.0237 16.7674 16.5025 16.1349 15.7356 15.239 10.4505 7.42688 7.69164 7.12903 6.27458 6.27458 1.77824 0 0
32.0721 33.9628 36.9144 40.1063 43.9686 47.8469 51.8321 55.0312 58.9569 64.2649 68.3488 72.4611 75.8638 78.9967 84.9685 87.3429 92.4597 96.9628 98.5267 100.829 102.58 103.585 104.228 104.744 104.814 104.932 107.023 107.464 106.416 104.235 105.039 106.71 109.632 111.103 112.801 113.43 113.346 111.909 108.83 104.084 99.3013 92.9851 84.9257 77.899 70.1603 65.4807 58.5136 53.5494 46.8308 41.7565 37.4938 34.3644 31.2495 27.8735 25.0824 22.4762 22.3151 18.5234 17.4231 17.0441 16.6911 16.4007 16.2354 15.9877 15.7959 10.4329 7.4738 7.65389 6.97901 6.13864 6.13864 1.76913 0 0
32.0404 34.4676 37.0442 39.9882 43.6806 47.7287 51.7766 55.0703 59.0716 64.5216 68.5525 72.5018 75.9374 79.0303 85.6592 87.9046 93.615 95.6967 99.0104 100.915 102.615 103.505 104.371 104.658 104.746 105.283 106.978 107.37 106.302 106.069 106.873 108.341 110.482 112.154 113.378 113.832 113.437 111.659 109.903 104.101 102.029 93.5223 85.0074 78.248 72.0577 66.5406 58.9345 54.9951 48.3872 42.9034 38.6105 35.1943 31.594 28.3619 26.0079 22.8423 22.2479 19.0424 17.4867 16.9375 16.6237 16.282 16.2611 16.0345 16.0724 10.378 7.47407 7.68409 6.75129 5.94501 5.94501 1.77689 0 0
32.1162 34.8787 37.1533 39.9868 43.5016 47.5478 51.7109 55.179 59.2168 64.6856 68.7178 72.5878 76.0651 79.1826 86.0949 88.3689 92.5932 96.9223 100.503 101.557 104.398 105.169 105.791 106.624 107.164 107.509 107.669 107.82 107.998 108.016 108.791 109.289 111.511 112.718 113.789 114.007 113.51 111.592 108.087 104.323 96.4399 93.0153 85.0187 78.6565 73.0802 67.9477 60.1742 56.5562 50.1978 42.9301 40.0891 36.0093 31.9559 28.6454 26.8209 23.2772 22.5649 20.2578 17.3 16.7637 16.4867 16.2463 16.427 16.0181 15.9522 10.5459 7.44876 7.67649 6.9714 5.86283 5.7314 1.77689 0 0
32.4744 35.2862 37.3223 39.9878 43.2131 47.3224 51.5691 55.345 59.3739 64.7665 68.8536 72.6231 76.2458 79.8322 86.294 89.4383 93.0652 98.1374 100.077 103.073 104.926 107.017 107.512 108.313 109.032 109.873 110.268 110.328 110.362 110.049 110.132 110.865 112.187 113.487 114.073 113.864 113.159 110.92 107.58 102.159 97.0886 90.0882 85.0187 77.6663 74.1482 69.7048 61.6753 58.4307 52.2487 43.9428 41.9638 33.9364 31.8518 28.7297 27.4361 23.6636 22.8076 21.3907 16.9991 16.7185 16.3576 16.2239 16.4703 15.9351 15.8323 10.6521 7.39004 7.62922 7.09631 5.91025 5.4975 1.77208 0 0
32.8271 35.5716 37.496 39.8119 43.0348 46.9999 51.4209 56.2393 59.4603 64.7611 68.921 72.7495 76.4011 80.5581 83.5549 91.3011 94.0967 96.9936 100.964 103.091 106.34 107.778 109.179 110.464 111.189 111.496 111.767 111.792 111.79 111.533 111.995 111.711 112.98 113.63 114.023 113.825 112.797 110.52 108.271 101.631 96.2874 89.6105 82.919 77.8378 74.7087 69.8995 63.5903 60.4869 54.003 45.2082 43.4721 34.6687 31.4652 28.7918 27.8112 23.9236 22.8137 22.1966 16.7608 16.4906 16.1082 16.0967 16.3852 15.6126 15.2639 6.89799 7.29573 7.5622 6.98277 5.93958 5.28344 1.76748 0 0
32.8902 35.7911 37.5596 39.7307 42.8321 46.8243 51.6584 56.2353 61.6316 64.7773 69.0172 72.9737 76.6177 81.4395 83.9627 88.0505 95.1216 97.2056 102.558 103.688 108.497 109.154 110.277 111.423 112.546 113.728 113.987 113.765 113.795 113.378 113.092 112.993 113.471 114.061 113.976 113.644 112.477 110.136 106.849 101.542 95.6665 89.2926 83.0876 78.6575 75.6104 68.9955 64.6109 59.683 56.391 46.6427 42.8209 35.8849 31.9102 28.7829 28.0432 24.1336 22.9083 22.119 17.2611 16.3452 16.0135 16.0285 16.2124 15.1987 12.234 6.94756 7.14289 7.48963 6.65177 5.96191 5.08939 1.76344 0 0
32.8362 35.9467 37.6889 40.8234 44.8168 50.0084 55 59.3132 64.7098 66.6832 71.0111 73.1225 76.8237 82.4722 84.6541 88.2955 95.2459 97.5405 100.685 104.8 107.119 109.553 111.761 113.083 114.155 114.673 115.127 115.177 115.139 114.657 114.705 114.189 113.979 113.865 113.875 113.374 112.114 109.791 106.556 101.493 95.6309 89.1385 83.5012 79.7193 76.3164 70.83 66.6806 61.5234 53.8759 48.2595 44.6611 37.4566 32.3325 28.831 26.0484 24.3164 22.8991 18.5562 16.5476 16.3073 15.8005 15.9894 15.9357 15.1961 12.2414 7.13548 6.95542 7.37718 6.25541 6.04605 4.91424 1.76135 0 0
33.0864 36.0431 37.8377 43.8476 48.2982 53.1514 58.2485 62.4634 67.5012 68.7606 73.2603 74.6345 78.3337 83.587 85.5876 88.8046 92.9379 98.399 100.628 103.926 107.682 110.218 112.187 113.635 115.1 116.516 116.929 116.75 116.807 116.133 115.616 114.573 114.226 113.892 113.726 113.096 111.825 109.425 106.316 101.481 95.6947 91.3998 84.1585 80.9195 77.2963 72.7281 68.8339 62.0025 56.0711 50.389 46.7231 39.3574 32.6075 29.0172 26.1945 24.5304 22.8209 19.2941 16.3047 16.2772 15.4986 15.8336 15.7227 15.1223 12.5228 7.54972 7.03105 7.19347 6.15494 6.04031 4.77442 1.762 0 0
33.4084 36.5565 40.5276 46.8813 52.1087 56.7169 61.6916 65.7534 70.6528 73.7698 74.6437 76.6963 80.2674 84.713 86.7984 89.5388 93.1509 96.7236 100.271 103.676 107.297 110.187 112.809 114.7 116.178 116.968 117.622 117.786 117.844 117.189 116.866 116.31 114.425 113.518 113.478 112.806 111.564 109.167 106.189 101.658 95.7651 89.3159 85.064 82.1653 78.5782 73.7095 70.2415 65.5802 58.292 52.6012 48.9 41.4441 33.4546 30.159 26.4289 24.7455 22.6095 19.8792 16.7401 16.2005 15.4592 15.601 15.509 14.7553 12.837 9.12664 7.63093 6.97375 6.71816 6.05266 4.6867 1.762 0 0
33.7281 39.1979 43.2897 46.1543 55.4812 60.2111 64.9008 68.88 73.4689 76.6589 77.0957 78.9781 82.2017 84.3906 88.2432 90.3323 93.4672 96.733 100.196 104.375 106.832 110.156 112.905 114.854 116.526 118.166 119.037 119.06 119.155 118.218 117.413 115.541 114.411 113.287 113.258 112.592 111.362 108.958 106.129 101.651 95.8742 89.3993 86.2009 83.4413 79.9703 74.8816 72.0078 66.0947 60.5367 54.7884 47.5321 43.8065 35.3959 31.8957 27.023 24.9009 22.5264 20.3736 17.3678 16.2269 15.5009 15.389 15.3228 14.4111 12.8581 10.6276 7.77636 6.71507 6.58468 6.0366 4.67696 1.7613 0 0
34.019 41.6541 43.2668 49.3649 59.1343 63.7574 68.6238 72.0565 75.3206 79.6058 79.8799 81.3787 84.1166 85.8455 90.2222 91.0446 95.0151 97.0517 100.26 103.14 106.583 111.119 112.737 115.188 117.126 118.237 119.258 119.668 119.769 118.998 118.2 115.75 114.334 113.085 113.036 112.345 111.139 108.789 106.079 101.686 95.8851 89.6309 87.5075 84.8008 81.4211 76.4087 73.9713 67.5422 62.842 57.0662 49.7264 46.4369 37.6818 34.214 28.0287 25.8704 22.4561 20.6699 17.9384 16.1344 15.508 15.3439 15.2603 14.4765 13.0329 11.5405 7.98173 6.43461 6.23603 5.95396 4.90927 1.7593 0 0
