benchmarks/avaPyramidNullTest/release1PY_1954323dbf_C_null_dfa_pfv.asc
ncols 794
nrows 794
xllcenter 0.00
yllcenter 0.00
cellsize 5.00
nodata_value nan
[rows 352 to 373 of 794, columns 250 to 299 of 794]
3.971001315088265 3.971001315088265 3.975996881453054 3.975996881453054 3.96904749727184 3.971069767749314 3.971069767749314 3.975926020507857 3.975926020507857 3.968958043787298 3.971141565295636 3.971141565295636 3.9758515570813 3.9758515570813 3.968864065254602 3.971216430389297 3.971216430389297 3.975773381454369 3.975773381454369 3.968765477760299 3.97129440437703 3.97129440437703 3.975691556851276 3.975691556851276 3.968662216626596 3.971375813616635 3.971375813616635 3.97560571462479 3.97560571462479 3.968554188044238 3.971460509698544 3.971460509698544 3.975515767925705 3.975515767925705 3.968441470572722 3.971548501687451 3.971548501687451 3.975422013019151 3.975422013019151 3.968323735010222 3.971639723374557 3.971639723374556 3.975324246575277 3.975324246575277 3.968201100373666 3.971734146583912 3.971734146583912 3.975222453596537 3.975222453596537 3.968073396950884
3.971001315088265 3.971001315088265 3.975996881453054 3.975996881453054 3.96904749727184 3.971069767749314 3.971069767749314 3.975926020507857 3.975926020507857 3.968958043787298 3.971141565295636 3.971141565295636 3.9758515570813 3.9758515570813 3.968864065254602 3.971216430389297 3.971216430389297 3.975773381454369 3.975773381454369 3.968765477760299 3.97129440437703 3.97129440437703 3.975691556851276 3.975691556851276 3.968662216626595 3.971375813616635 3.971375813616635 3.97560571462479 3.97560571462479 3.968554188044238 3.971460509698544 3.971460509698544 3.975515767925705 3.975515767925705 3.968441470572722 3.971548501687451 3.971548501687451 3.975422013019151 3.975422013019151 3.968323735010222 3.971639723374557 3.971639723374557 3.975324246575277 3.975324246575277 3.968201100373666 3.971734146583912 3.971734146583912 3.975222453596537 3.975222453596537 3.968073396950884
4.93470187186824 5.104046815881025 5.318059254345996 5.595605315136062 5.864406086972513 6.027286557148426 6.027286557148426 5.976955911882514 6.091053755137427 6.069955092416049 5.856812798925729 5.59889563296188 5.300587862809826 5.192301337133795 5.228415504119368 5.228415504119368 5.230417589877464 5.230417589877464 5.230872001367085 5.230872001367085 5.280046258034251 5.330132553112337 5.428891085448826 5.547953846335995 5.65063812257663 5.771730384928781 5.771730384928781 5.405051678748625 3.743113714830522 3.744576776996489 3.745886008882203 3.747011533507798 3.747011533507798 3.745285170119473 3.743373792457786 3.74127043539983 3.738970891193873 3.736475413648609 3.733787779717483 3.731806125313085 3.734114034962051 3.736295194996291 3.738335945649248 3.740226461639443 3.741961072393832 3.743537320600377 3.744957018415779 3.74621902732937 3.746530605153562 3.746530605153561
5.115796831036001 5.327661710854556 5.491446922057302 5.635665495581887 5.864406086972513 6.095819148621581 6.272505300295074 6.327062877645647 6.278756120662099 6.069955092416049 5.856812798925729 5.598895632961879 5.300587862809826 5.192301337133795 5.228415504119368 5.228415504119368 5.230417589877464 5.230417589877464 5.230872001367085 5.230872001367085 5.280046258034251 5.330132553112337 5.428891085448825 5.547953846335996 5.65063812257663 5.761239242122471 5.644166912878638 5.623917855044321 5.502761183230545 5.320251418286518 5.117907871143446 4.938319542472309 4.770242451547242 4.618314627111047 4.505566458801794 4.538551209574309 4.602166420692471 4.700205891881284 4.794951606832735 4.875770516104176 4.956642231344956 5.022852374083628 5.073987158023898 5.07905043289703 5.07905043289703 5.06348154611212 5.051208601611327 5.044389236310396 5.064079690717365 5.117925377709844
5.867247975196035 5.783860373581164 5.731531931530312 6.015518757156133 6.278551852961231 6.458332060555547 6.500015553379591 6.50001555337959 6.278756120662099 5.083794486266317 5.093497474529136 5.071639646521277 5.062379997172489 5.269237504841104 5.451313199629135 5.598510347359455 5.718663850583748 5.80703883008303 5.998894416487698 6.200458673390939 6.374084976389412 6.443859136135356 6.478455174594997 5.667296222174174 5.738656848491028 5.778324401924817 5.31662524070776 5.364770601739639 5.400467832431493 5.612557174477081 5.760390426049615 5.708796956034539 5.641657875600542 5.569856110286232 5.407683658523958 5.251012649630804 5.185290871593403 5.144789862636908 5.168338711494624 5.178272633298011 5.144111601422462 5.090649461906857 5.023875379016983 5.071266511518925 5.06683691272539 5.038877818453127 5.019647458316699 5.26233348392127 5.548259304101903 5.719701333667543
6.415351567427607 6.386920538821445 6.320846850493158 6.168476989956591 5.906322403335428 5.747505612018909 5.594893136514293 5.614753974726456 5.33801804663966 5.292754652031041 5.349284985472909 5.386945866978017 5.429431265519757 5.560231517811756 5.745415658915173 5.916826639098466 6.082584042399667 6.251150611222323 6.360028461097871 6.554715508778861 6.744132989917181 6.909638122850345 7.054586357331 7.145580102525975 7.178005178240427 7.178005178240427 7.149253428874191 6.948674566657884 5.756044839603065 5.795106736346181 5.760390426049615 5.708796956034539 5.641657875600542 5.569856110286231 5.50759417200317 5.452405228272405 5.427773347509485 5.394091946690324 5.499772297744117 5.605367775583863 5.727358288341191 5.859038736436721 5.967312660605167 6.058179677882611 6.086674269369039 6.023999768747061 6.220724684400843 6.51015987265307 6.660753462571553 6.755780258164794
6.412625062914772 6.365390819760036 6.293027892805362 6.222523902452465 6.123162426600636 6.034009595720827 6.042926049198198 6.074605250517799 6.150079037357616 6.33071549356349 6.477217852806467 6.477217852806467 6.137150026268055 6.222917738965226 6.282479387337507 6.341344023512351 6.367571434240291 6.460249204320103 6.523580173844801 6.685009473164071 6.727958695523709 6.84362505634333 6.918394640984543 6.953761773390814 7.050717362925801 7.097904852918118 7.094817605691896 7.220676749274086 7.222475309311016 7.275571155447229 7.358624951648337 7.3624245049421 7.430888168503258 7.311078582902206 6.753388782693144 6.69408208429904 6.603869784769692 6.573926558433667 6.599678839538675 6.723835939764947 6.815513312850381 6.844516410945814 6.866421554344642 6.96221191825254 7.271068053971288 7.378464028856507 7.392991377817745 7.385027309966893 7.847449287636654 8.230512502704894
6.86834642553145 6.855025290953956 6.790543412258897 6.638221037843828 6.473314835704249 6.421351548958295 6.452491370448476 6.561988397559157 6.611848924735093 6.524141924323411 6.630188570852281 6.717904604439753 6.801896816001033 6.556825063007078 6.437774865042255 6.426969745434219 6.427333327884012 6.460249204320103 6.749263899212393 6.757224484643987 6.768626048159684 6.777049258747026 6.840671915239434 6.919994964942507 6.958184785836071 7.0477295997376 7.154415088558358 7.220676749274086 7.235349648714086 7.279512519787782 7.264378138892639 7.272929760961873 7.281400131251792 7.232568098019879 7.144393778861942 7.056588456633604 6.936413573798563 6.852254984937404 6.91324053425455 6.966601028159296 6.990267235181425 6.978097699943032 7.217713010638686 7.619276091392326 7.979348957338265 8.295615348263006 8.512300489869345 8.660202898600259 8.709854522708845 8.643575196547133
7.147518144523467 7.384156432026295 7.384156432026295 6.984450576124477 6.955304944562809 7.026915366461553 7.110619531385668 7.155856742674453 7.156421904855963 7.106779746163276 7.076177197645376 7.032888966346352 6.983794354694339 6.886778093448673 6.847628319219696 6.852589192028987 6.869624022627693 6.843092002332522 6.806341627761282 6.756325715543911 6.791595058088625 6.801266146406383 6.781936410541498 6.813765845585453 6.825257923532401 6.726555277390198 6.66452974148696 6.793976000478196 7.504148155853392 8.161644833295927 8.633113121867895 8.633113121867897 7.595350008328171 8.006948331090307 8.006948331090307 7.642152053941656 7.932453024152499 8.26976011370866 8.567023055717089 8.838516668919478 9.044796699125593 9.141174424257667 9.17247104388365 9.125700320169697 8.523956853737197 8.647987444564293 8.669685352407564 8.589160623288699 8.676886916595038 8.760831567836261
7.642655804392676 7.635813522040065 7.57649041394567 7.975929891544381 8.199524652499742 8.208959596590569 8.208959596590569 8.057099751517015 7.718496041723088 7.392297138182411 7.521635709174392 7.66385380928025 7.658161118013961 7.541150512026716 7.573964082236322 7.560162032436745 7.410349489223178 7.290083060403853 7.159987625820114 7.116687776009637 7.486584945732388 8.167460442108272 8.636221872704358 8.988823185136267 9.265650028426927 9.492134772180673 9.599441427902823 9.629070308042476 9.569001379372631 9.450236785005204 9.42109789044653 9.437484285833985 9.452390934953502 9.382672529812282 9.278792258902364 9.149809234413848 9.123206690330022 9.034321387386306 9.025059155838425 9.037891909885799 9.016373423501266 9.028073071787624 9.107785182043251 9.126411271776133 9.036843891429116 9.000912216005361 9.041560616469352 9.020011264349394 8.986246135566297 8.995884565733803
8.362979786851694 9.401143961598542 8.723599701369338 8.774249023600163 8.685295060723464 8.574785755181377 8.509793391654634 8.907354587454288 9.289737389693968 9.568632408802408 9.743545345611794 9.833031233182284 9.866226012820562 9.866226012820562 8.30412322126829 8.807375915536802 9.212947880447409 9.468675603225664 9.701196998340889 9.857969958996435 9.892092137059725 9.868468261744978 9.762405268906715 9.666483838616189 9.555106069286664 9.511242740847763 9.471266347195744 9.512879867056219 9.529407480989763 9.529577015798301 9.584461921010595 9.602810944949132 9.633771596366961 9.610785067214378 9.543218051256371 9.467880347594336 9.421184471717831 9.37364528605092 9.287573324155876 9.200299217984409 9.125481493592742 9.042129260207405 8.960024080578096 9.009471044522076 9.102389191334305 9.198636755830783 9.249050149090698 9.243542919398458 9.226482872683254 9.202608346483796
9.863806635855084 10.14934831345931 10.37324942438347 10.50908717337345 10.59774436708018 10.60372136465449 10.45895911414928 10.17697046311663 10.16465412360257 10.08359704437316 9.91852125128022 9.862804108287605 9.90705834505556 9.971790410994409 9.903395785047515 9.795651402114187 9.736108057622797 9.79699004312635 9.820624814952101 9.841661008222534 9.826499881699286 9.848708437529542 9.875748640189494 9.898559518007353 9.86930151195131 9.866628682147743 9.829052507348125 9.769030038733597 9.723359757586179 9.7132046092979 9.730703050668351 9.728490889112569 9.729521770192573 9.714506750690846 9.611767748996931 9.486020882514905 9.404687405589232 9.321112839922314 9.222241765816749 9.140299253659895 9.041910763947024 8.960320786743308 8.875034961024884 8.875034961024884 8.816498589336454 8.832004711629827 8.831672530215123 8.827506443016214 8.816001105691566 8.82318691915647
10.34751289115283 10.37335067414245 10.40785948081169 10.44865830094473 10.50617933081244 10.51467825295183 10.5120693251739 10.47624398172944 10.41075809546512 10.36978125006994 10.31473899155236 10.2535478541233 10.19190611623646 10.13079942532323 10.12136942710322 10.10148244038566 10.11847977727692 10.12365322525657 10.09626120416467 10.10325070933315 10.09536912551054 10.05906801872588 10.00164943411086 9.959764703752613 9.93123007715781 9.886851841473442 9.820186543466763 9.759701761178617 9.684028828092517 9.652450844466365 9.653189857642269 9.640138305441873 9.580832195359624 9.505816399301116 9.4137449986628 9.33901241243202 9.253589665729866 9.167603939304595 9.053628063572853 8.996172391334818 8.961098475349079 8.957978764656401 8.956476748804306 8.910472768322274 8.833214992699123 8.791445630307033 8.78462321339534 8.797830775951496 9.146749245125832 9.146749245125831
10.75349678864992 10.78542344767542 10.78405282032826 10.745849534212 10.72605358340784 10.69559026982691 10.67732223051782 10.61284951535528 10.53724727808068 10.42030755527311 10.30287020308401 10.22939675369579 10.17316254246238 10.0978298528965 10.06432429010741 10.05172094522292 10.08888901363328 10.10206045273972 10.07699171118459 10.00885087345667 9.976359814379517 9.916961400023665 9.910936726668737 9.91303768571465 9.905358524841562 9.856019669176174 9.755746537355229 9.70049375505252 9.614834978005467 9.560281929993211 9.483264593815475 9.405009509016971 9.392837987558796 9.324630386075844 9.256825896012151 9.226023479237073 9.232419728560068 9.261587041037309 9.273968258112783 9.286772841406872 9.258448408259193 9.218374809946225 9.174903892850502 9.175563914419495 9.169755520035126 9.174140632517053 9.147527462580561 9.199968876185812 9.33086321606393 9.564344956919557
11.03243617224754 10.94514400716627 10.8973668862954 10.80857831763386 10.72044730649905 10.62788574075868 10.57342087189796 10.50064391536484 10.41354490199064 10.30833051496896 10.28361036202468 10.2417085919419 10.15082467187121 9.984410127789555 9.925260638385961 9.934774305655914 9.97637970472119 9.984523863779501 9.967842975060655 9.927469542586829 9.900492662645691 9.858266464761368 9.825567770029961 9.771006902731283 9.727599950364292 9.714819914008277 9.66637455051303 9.542432687398158 9.436633965321622 9.357739541405298 9.338093495369312 9.318877475366355 9.29938430972032 9.297964410751321 9.245622413414688 9.181521315357919 9.182086633555826 9.299461375272445 9.326757987322489 9.323281288070353 9.310530006238006 9.229198428073955 9.22683797472717 9.272612620274701 9.398566534426267 9.502198608485156 9.717215609322857 9.786708290742636 9.72774318373391 9.802699722403544
11.06984532917781 11.04459183096503 11.02299863462686 10.93219761891514 10.81182877787618 10.70387197454077 10.6589455075921 10.61764256185283 10.53089236795395 10.46461350012031 10.3530231435133 10.31101965631224 10.26015734959233 10.15973015069763 10.07256170851284 10.0376162309645 10.00659953029286 9.980840668274631 9.931020297907283 9.870594332016815 9.828829687250693 9.745462697855608 9.658743555112554 9.545851804258593 9.464671159565773 9.466541732440037 9.444826197376738 9.390488832895928 9.325079122992113 9.313843427445239 9.359168453839573 9.41868195135082 9.453131358723651 9.463418931048102 9.378254995252076 9.483963188328541 9.545062978005753 9.574092274712523 9.614738183671099 9.672470450092668 9.708346975926027 9.77830428142877 9.827925930356061 9.99528542022181 10.26544786142408 10.50904886159005 10.51149584272549 10.28171290628759 10.46939925623523 10.61537075000454
11.30854967918573 11.32621454974539 11.25783172892532 11.12312271242065 10.99221352380081 10.93134862089664 10.8504740441341 10.76051670406173 10.63518672910134 10.59596471838232 10.56454560360924 10.48756968363119 10.38715567205748 10.31173158058031 10.3052026719694 10.27266557844514 10.19227945912914 10.20352757925229 10.17589504517722 10.15160964609406 10.07486816960092 9.978157560426842 9.918239422269563 9.895227254093967 9.846884357232712 9.784080186306852 9.767630512145024 9.777247981224386 9.740714403828923 9.70842434979069 9.683380165844977 9.728930628449985 9.811361447813294 9.88094877958928 9.916147910038967 9.952854993649478 9.987223488105318 10.03287804161549 10.29273321479521 10.57559998212176 10.79743568029331 11.0556252644216 11.20429362053605 11.25866648730824 10.44358195096571 10.54902060780805 10.67770150405725 10.78585600717082 10.92819051901281 11.10309379888935
11.38502765399173 11.35341118169024 11.25538205508387 11.13730928718777 11.0383609777295 10.97248215419848 10.8714281869212 10.7798290886835 10.69048030803162 10.62974120111789 10.5718573572438 10.51752174465941 10.45196148412701 10.40033047479512 10.39799130286712 10.42123956117882 10.37445573302698 10.31248615074805 10.24380127403271 10.17826945396935 10.08044797155587 9.96558403959752 9.955433727573423 9.969203705814406 9.967252898727732 9.977165759853838 10.04213858110662 10.15234373278122 10.22458812622893 10.27953213508699 10.38390957783398 10.42504321580197 10.41424327270726 10.38666100407565 10.51879207469292 10.78306986406116 10.39994470017241 10.66785617600175 10.90037950450541 11.12117263448268 11.28896000372084 11.44933593829396 11.61606124699489 11.67729285507051 11.26002365535425 11.26979667360385 11.36934342666859 11.52903785817007 11.80274129122896 12.15654527802833
11.10529787452888 11.0476981465603 11.00576734744148 10.96513896227551 10.94760508134129 10.90772301345535 10.82070607805126 10.76361773618757 10.72106781589546 10.7423006084699 10.83928749045914 10.83385349896831 10.67742286554051 10.5995647928682 10.57105030033446 10.51879836243697 10.51937117146288 10.42947956336709 10.41608657635639 10.392659609002 10.38741083684672 10.41523958674672 10.43857188114279 10.46154608809235 10.48893983459505 10.52455135907175 10.5455643069598 10.56125371168104 10.57296536622777 10.56185009251072 10.56879223028475 10.55450030749951 10.71658537173599 11.00813477104119 11.25551463683365 11.50417315717913 11.71064574880941 11.77424141688074 11.43528670570454 11.52380691243001 11.59734582061009 11.65590086121914 11.72727646441596 11.84184469182526 12.02356901417068 12.29350949993832 12.62580822296967 12.94380097627774 12.71659955625016 13.12499146203841
11.72354179929032 11.65443089661839 11.59485794864022 11.53825193008839 11.48997285979693 11.42202988873837 11.33566777504151 11.27273931572414 11.20248810268899 11.17036086510489 11.15045437830663 11.10925503307529 11.04462494394024 11.07169224660716 11.07107591805634 11.04016522247643 11.0058564951685 11.01223540565648 10.97120208863151 10.98604611131006 10.97001655774164 10.9334260542423 10.91983209019572 10.8783486749314 10.85145120449843 10.84588458943317 10.8518271155701 10.82475438533927 10.77575465124423 10.9506511182444 11.12721187948162 11.01401849114879 11.15865636657631 11.29266858322338 11.40146311571015 11.49088881909887 11.61199006918087 11.725197918865 11.80516620588022 11.88171767797813 12.02859369785468 12.29416829057065 12.58516862961727 12.58020412468947 12.9342527909805 13.33550431928929 13.70677350748762 13.37358459216757 13.79839722637144 14.26982094318107
12.04293018138451 11.95311412472178 11.90432417355198 11.87785099144272 11.85193761453967 11.83752277985351 11.79733783566361 11.75293355249047 11.68886253084713 11.61773031931212 11.55707947138823 11.52961181258054 11.48194334858506 11.44487284679172 11.4105181190507 11.37944662799202 11.37145208725778 11.32280623409193 11.29191807010524 11.28391931824268 11.22927880569937 11.14638607451089 11.09802346889958 11.09271877926906 11.06144588593202 11.28656738394458 11.56060471885536 10.98243442180761 11.01778594551532 11.23890323040415 11.41658323597516 11.57769424066147 11.73210638048211 11.87019295115498 11.99779138125361 12.13224522547833 12.28713366557614 12.47185267318716 12.69249594785622 12.84040742636176 12.38854701728423 12.62633396867541 12.89537496542667 13.24793699972218 13.61549082669342 14.0173535291203 14.45982327679044 14.92247872862976 15.39905647279 15.87247169714313
12.1378240158253 12.09026923391676 12.03962004390369 12.02150027283052 11.97913701632277 11.98653473932669 11.99226497576552 11.93307398407505 11.87209574122704 11.84431394706934 11.82828519069759 11.7839712016434 11.75528825321889 11.73430954464474 11.68848161782028 11.62217825204076 11.59203220241632 11.56555507691623 11.54352006520686 11.51250724261643 11.45817330467878 11.39220948922599 11.33260351356933 11.2818156375035 11.32140128105501 11.53696670491836 11.75675483994164 11.97623498652196 12.16497935326557 12.18652793731144 12.01200034161371 12.0993643185131 12.18224899558557 12.26718524811114 12.35809577180186 12.47417986579483 12.63885334288502 12.86770336783197 13.10778209559173 13.44632122679333 13.80613909961007 13.74802749961884 14.09028554941978 14.47693730020871 14.8999249764437 15.3408437372804 15.76858873888224 15.55425491361573 15.9723077779339 16.38378910923867
