benchmarks/avaPyramidNullTest/release1PY_null_ref_0.15500_ppr.asc
ncols         793
nrows         793
xllcenter     0
yllcenter     0
cellsize      5
NODATA_value  -9999
[rows 594 to 626 of 793, columns 370 to 443 of 793]
20.9605 22.9844 25.8599 28.9396 30.8813 34.6891 36.7151 39.4489 41.3407 42.853 46.8978 51.7647 56.3265 58.8304 60.1441 60.3191 60.2547 64.0696 80.1484 87.521 88.3952 89.5213 88.1288 85.7863 84.3603 84.5602 85.9633 87.677 87.3671 85.006 83.4504 85.8989 93.1498 95.4472 92.1976 86.4501 80.8854 75.3838 66.8023 66.3399 64.3899 61.7211 58.8845 56.4544 53.5676 53.3593 49.6032 50.1554 49.2912 49.2605 31.7055 24.2203 19.0854 18.9309 19.0257 19.6887 21.6331 22.3363 21.9604 21.8449 14.7934 14.5123 11.2383 10.0094 9.2896 8.72388 8.68252 7.02721 7.30525 3.84401 0 0 0 0
21.1583 23.1364 25.7848 29.0156 30.9461 32.4207 35.918 39.5133 42.2634 44.079 47.2638 52.102 56.5807 59.2133 60.6843 60.8535 60.869 67.8269 80.261 88.7351 89.9757 91.5351 90.2215 87.9161 85.6876 85.2107 85.6822 86.966 87.0221 85.3865 84.3215 92.1535 93.5722 95.2709 91.3122 88.82 78.6539 71.8217 66.947 66.492 64.6309 61.8129 59.2747 56.6983 53.8252 51.9204 49.5253 50.1314 49.6691 48.9385 27.8843 24.142 18.6554 18.9189 19.0763 19.0647 21.6604 22.2073 21.614 21.8417 15.0206 13.82 11.2046 10.0548 9.14621 8.79481 8.41275 7.02222 7.31943 3.84482 0 0 0 0
21.4188 23.2289 25.8615 29.2559 31.248 31.1088 34.9424 39.9078 43.3855 45.5009 47.6143 52.3622 56.8083 59.7441 61.2377 61.501 61.2642 65.4024 79.3572 89.2112 91.8319 93.1813 92.6403 90.4558 87.6782 86.1776 85.566 85.9679 86.2327 85.5924 85.378 93.4823 94.0901 94.6922 90.4326 87.169 75.9624 67.9134 67.1397 66.6828 64.86 62.2252 59.5353 56.7734 53.9305 52.103 49.5547 50.0864 50.4816 47.4653 26.9775 24.1749 18.0424 18.9936 19.0758 18.4557 21.4226 22.1469 21.2384 21.3719 15.2748 13.4453 11.1354 10.0548 9.07141 8.64035 8.05323 7.02028 7.33687 3.84482 0 0 0 0
21.5667 23.1262 26.0593 29.6296 31.7742 31.5347 35.2395 40.7929 44.5181 46.219 47.9698 52.7019 57.0418 60.215 61.8769 62.2428 61.8325 62.3756 77.7022 88.9864 92.9917 94.6385 94.847 92.7527 89.7262 87.2305 85.5744 85.2348 85.4264 85.5318 86.4267 93.4949 94.0115 94.0471 89.2158 84.8507 72.9324 67.5423 67.5784 66.99 65.1719 62.511 59.764 56.9236 53.951 50.0919 49.6076 49.9572 50.5851 45.7243 34.1982 24.3389 18.8418 19.056 19.1462 17.8323 21.0307 22.1473 21.1061 20.5045 15.3472 12.8565 10.9404 9.94187 9.11163 7.85044 7.74036 6.96673 7.33687 3.84565 0 0 0 0
21.701 23.1558 26.2002 29.9807 32.3652 32.0704 36.3181 41.999 45.2736 46.311 48.396 53.0897 57.3356 60.6794 62.5174 62.9492 62.4487 61.6921 75.4432 88.0011 93.4939 96.0397 96.6889 95.221 92.1456 88.7783 85.9442 84.8387 84.9966 85.8844 88.0607 92.2488 93.2917 92.857 87.6267 82.8402 79.8878 68.0507 68.0695 67.4274 65.5495 62.73 59.8297 56.8452 54.0823 48.7698 49.6686 49.9091 51.0756 43.8189 34.4963 24.676 19.7091 19.201 19.2894 17.3946 20.8134 21.8424 20.9183 19.4007 15.3406 11.9251 10.6946 9.79821 9.61025 7.51805 7.75402 6.97112 7.33319 3.84565 0 0 0 0
21.825 22.8727 25.8769 29.8677 32.7213 32.507 37.2427 42.3777 44.917 45.1836 48.6282 53.6213 57.7137 61.1374 63.1383 63.5213 63.2003 62.3793 72.3129 86.426 93.4007 96.943 98.1411 97.3231 94.2753 90.3816 87.431 85.5028 85.1898 86.4621 89.1354 91.5159 92.0173 91.2639 85.8639 81.3324 76.784 68.759 68.6224 67.8584 65.8088 62.9308 59.9909 56.761 54.3199 48.7023 49.7364 49.8052 51.1581 46.0846 31.2567 25.0003 20.4587 19.3348 19.534 17.4395 20.5763 21.4224 20.7236 17.966 15.2265 10.8208 10.4481 10.0499 8.46014 7.30575 8.03569 6.89294 7.33319 3.8465 0 0 0 0
21.9781 22.8195 25.521 29.9105 32.8657 37.1514 37.4709 42.3851 44.3475 43.9729 48.4557 53.9331 58.0378 61.6197 63.7133 64.2027 63.7726 62.8476 68.93 84.3749 93.101 97.5097 99.3528 98.8878 96.4756 92.7752 89.2269 86.9258 86.3562 87.4007 89.7162 90.8778 90.4711 89.4389 84.2134 78.9956 73.0435 69.68 69.3754 68.2441 66.248 63.1248 60.0404 56.5321 54.4297 48.9499 49.614 49.6788 50.5964 44.1754 27.5518 25.2288 21.0078 19.4298 19.5648 17.2261 20.197 21.0661 20.4828 16.6191 15.0302 14.7024 10.2518 10.0073 8.46014 7.2029 8.31826 8.07902 7.23667 3.84651 0 0 0 0
22.1275 23.298 25.5091 30.0359 33.1129 33.0862 35.4487 39.883 42.521 43.1585 48.6361 54.4242 58.6198 62.1378 64.2166 64.7821 64.3164 63.4456 75.8956 82.3609 92.1181 98.0034 100.092 99.9853 98.6116 94.9517 91.4615 88.717 87.6427 88.5587 90.2915 90.1463 88.8702 87.5888 82.3825 76.5842 70.3284 70.643 70.1316 68.8136 66.7118 63.4086 60.2528 56.6143 53.1837 49.0659 49.5141 49.3139 49.9118 41.8845 27.5238 25.3627 21.3865 19.4425 19.3978 17.1029 19.4909 20.6372 19.4878 20.2062 14.5294 14.3948 10.2709 9.95092 8.1458 7.32545 8.43204 8.84111 7.08651 3.84731 0 0 0 0
22.3131 22.4022 25.6056 30.133 33.1888 33.2438 33.5531 38.2726 41.2292 43.1863 48.7554 54.9664 59.0804 62.7745 64.7097 65.2197 64.8577 63.8894 72.1377 81.7651 95.0406 97.3462 100.467 100.85 100.307 96.7671 93.2265 90.4222 88.9818 89.6726 90.2865 89.094 87.2967 85.6405 80.2698 74.3627 71.4599 71.7571 70.8726 69.3314 67.1091 63.7335 60.5744 56.6533 51.734 49.2168 49.3405 48.918 49.038 39.4029 27.6818 25.7248 21.779 19.4726 19.3004 17.0299 19.3074 20.2338 18.505 18.5491 13.6257 13.3834 10.1359 9.81311 8.32643 7.32989 7.88518 8.84111 6.97877 3.84731 0 0 0 0
22.3462 21.9991 25.592 30.2801 33.2931 33.5471 32.433 37.469 40.847 44.01 49.2488 55.4387 59.7816 63.3042 65.1306 65.8239 65.4305 64.1212 67.9408 85.7177 92.9754 95.4368 100.566 101.393 101.456 98.4014 94.8738 91.9287 90.0018 90.1572 89.7824 87.8116 85.7305 83.577 78.1477 73.5391 72.6708 72.7948 71.5602 69.828 67.5047 64.3175 60.8906 56.6048 56.8054 49.5872 49.5721 48.7396 49.4695 36.6005 28.0027 26.171 22.2209 19.6162 19.1835 16.8553 19.1175 19.8656 17.9273 17.0939 12.8324 12.3295 10.0953 9.8018 9.3247 7.32989 7.3501 8.27906 7.40721 3.84621 0 0 0 0
22.6521 22.5659 26.0201 30.4772 33.5977 33.9666 32.305 37.1815 40.847 46.1158 49.9267 56.0604 60.4539 63.998 65.6409 66.3127 65.8296 64.377 63.5331 82.4986 90.3389 94.9287 100.33 101.531 102.332 99.4 95.999 92.8752 90.8976 90.2773 88.8662 86.3535 84.0752 81.4151 75.8093 72.7482 73.4577 73.4058 72.0924 70.3144 67.9964 64.9541 61.3048 56.7268 52.3013 49.8824 50.0284 49.0171 48.7203 36.0915 28.225 26.6283 22.4176 19.7631 19.1586 16.7356 18.8996 19.5396 17.9373 16.3232 13.1145 11.495 10.1332 9.81941 9.49595 7.13088 6.84505 7.56299 7.78166 3.8462 0 0 0 0
22.9807 23.3528 26.0837 30.8694 33.974 34.3834 32.7531 37.146 40.8666 47.3238 50.8192 56.7725 61.1415 64.5805 66.1819 66.7693 66.1988 64.8916 62.5748 78.4608 87.4183 92.4787 99.3531 101.119 102.622 99.855 96.7799 93.6584 91.2341 89.8945 87.7254 84.7755 82.2848 80.7056 73.6358 72.9513 73.8407 73.5995 72.4014 70.7741 68.5735 65.5439 61.6481 56.661 55.7763 50.2246 50.5085 49.4717 47.9073 38.799 28.2529 26.9254 22.6669 19.822 19.2156 16.6287 18.8976 19.2729 18.0388 15.9884 13.5096 11.1795 10.6851 9.87197 9.36184 6.88212 7.12562 7.79017 8.07056 3.84513 0 0 0 0
23.3249 23.5265 25.7306 31.1533 34.3867 34.4375 32.9458 37.8153 41.1873 47.8583 51.9162 57.352 61.918 65.2097 66.7148 67.2022 66.5488 65.2581 64.281 74.2043 84.3043 89.702 98.0067 100.269 102.19 100.136 97.1818 93.9482 91.0508 89.1374 86.4253 83.2181 80.3882 76.7756 72.5453 72.5144 73.7191 73.7324 72.7818 71.3046 69.2362 66.3186 62.0111 56.5938 53.8484 50.1993 50.5191 50.1958 46.8051 35.9015 28.2142 26.9686 22.9741 19.8025 19.279 16.4273 18.9832 18.9561 17.9763 15.4058 13.5065 10.6851 10.6851 9.70928 9.28534 6.75227 7.68235 8.01372 8.23273 3.84513 0 0 0 0
23.7592 22.8993 25.5462 30.9639 34.4689 34.5256 33.0844 38.4353 41.9919 47.5264 53.1668 57.9773 62.6445 65.8735 67.1943 67.6672 66.939 65.7167 63.5851 70.0241 80.9793 86.8681 96.9954 100.321 101.495 99.9545 96.9944 93.6809 90.8494 88.1525 84.9703 81.5599 78.4272 74.4074 70.3616 72.5602 73.7874 74.0039 73.3217 72.0973 70.1817 67.1582 62.4366 56.6911 51.1495 49.9999 50.2571 50.175 45.5203 38.7129 28.0325 27.0538 22.8453 19.8961 19.2924 16.2517 18.6042 18.6382 18.3045 14.8623 13.0963 10.1865 10.0941 9.95689 9.05484 6.59326 8.14488 8.09932 8.23273 3.84409 0 0 0 0
23.803 22.9926 25.6876 30.9369 34.4869 34.7193 33.442 38.4153 41.9923 46.4976 54.4848 58.4645 63.16 66.4829 67.7481 68.128 67.5336 66.3071 64.1113 66.015 77.4629 93.8808 95.139 97.7001 100.147 99.6826 96.7018 93.2741 90.2369 86.9801 83.3958 79.9329 76.4936 72.164 70.695 72.7416 73.9723 74.5471 74.1218 73.0701 71.4872 67.9381 62.871 63.2281 49.1054 49.8999 50.221 50.2206 48.6051 35.6876 27.7805 26.6672 22.7972 20.1288 19.3092 16.1709 18.184 18.1221 18.189 14.64 13.9495 10.3713 9.91061 9.95689 8.589 6.42035 8.55218 7.99767 8.14924 3.84409 0 0 0 0
23.7312 23.1647 25.488 31.081 34.5305 34.923 33.7499 37.8097 41.7094 44.7419 55.8706 58.8237 63.8572 67.1613 68.4118 68.6241 68.0016 66.7673 64.6176 61.7405 73.5984 90.6623 92.7851 95.906 99.0407 98.8869 96.0181 92.6146 89.3077 85.6712 81.8547 78.2545 74.6022 69.9542 70.5332 73.0807 74.3151 75.2268 75.1243 74.2076 72.9515 68.6936 63.2498 62.8099 51.3978 49.8169 50.139 50.1728 47.0719 32.327 27.4841 26.103 22.8489 20.3234 19.1876 16.3692 17.7176 17.5065 17.6318 14.3632 13.6429 10.5716 10.4348 9.98141 8.16351 7.22693 8.67355 8.29426 7.91036 3.84309 0 0 0 0
23.8121 22.854 24.9104 31.2865 34.8304 35.1745 33.8812 37.6479 41.5574 43.2846 56.4949 59.154 64.3558 67.7557 69.0538 69.2502 68.5465 67.2077 65.0205 61.9177 77.4022 87.2581 90.3256 95.6517 96.5663 97.9019 95.3078 91.6738 88.2982 84.3821 80.2857 76.5874 72.6762 68.6548 69.9254 73.1214 74.7711 75.9566 76.2294 75.8256 74.5693 69.5957 64.4486 62.4752 48.6929 49.6475 50.0719 51.1169 45.2704 28.4223 27.3165 25.726 22.9236 20.4157 19.082 16.553 17.213 16.8533 17.0002 14.2899 13.3498 10.7246 11.0894 10.361 7.68478 7.76927 8.67728 8.42802 7.66048 3.84309 0 0 0 0
24.0359 22.2528 25.8946 31.4444 34.9525 35.3405 33.9765 37.9922 42.0878 43.9486 56.1426 59.5316 64.5947 68.3928 69.749 69.8436 69.085 67.7198 65.5038 62.2223 73.0765 83.6063 87.3814 92.9583 94.3139 96.5284 94.4454 90.3496 87.1137 83.0354 78.7152 74.9645 70.7057 66.9334 69.4066 73.1768 75.3143 76.7485 77.328 77.4349 76.1908 70.6033 66.2572 61.5091 48.6901 49.6569 50.0176 51.4158 47.722 27.9689 27.3003 25.4124 22.777 20.4475 19.1008 16.7049 16.8528 16.3614 16.1838 14.7434 13.5555 10.9616 11.348 10.569 6.84953 8.05495 8.5723 8.40198 7.333 3.8421 0 0 0 0
24.2772 23.532 28.2008 31.7806 35.1194 35.4632 34.2394 38.2241 42.5678 49.093 55.5298 60.008 65.0116 69.1147 70.595 70.4207 69.6274 68.1661 65.7641 62.5049 68.4457 79.3924 84.3593 90.1168 91.7886 94.9145 93.3828 89.0939 85.9484 81.6288 77.1534 73.4271 70.0496 64.6871 69.5396 73.2839 75.7185 77.4478 78.3388 79.2515 77.8808 72.4852 67.7474 60.6737 48.5932 49.4683 50.1124 51.1551 46.005 28.149 27.4374 25.3922 22.3291 20.4899 19.1782 17.0862 16.3009 16.202 15.2721 15.087 14.8176 11.8324 10.894 10.5499 6.8303 8.06218 8.49865 8.28738 6.92448 3.8421 0 0 0 0
23.976 23.8262 30.0518 31.8972 35.2453 35.6329 34.4656 38.4552 42.3362 47.565 54.0722 60.409 65.6821 69.8458 71.5069 71.0825 70.2567 68.6296 65.9466 62.8365 63.7807 75.0255 82.1212 86.9245 91.9041 92.6481 91.6583 87.5888 84.5345 80.331 75.8169 71.9499 66.8697 65.1831 70.0215 73.8501 76.4362 78.1602 79.5012 80.6693 79.469 75.884 69.3186 58.8361 48.6234 49.1445 49.8901 50.1292 43.4233 28.395 27.8429 25.452 22.1364 20.6135 19.2383 17.5474 15.7724 15.8495 15.0074 14.9499 15.0313 11.6671 10.8414 10.5611 6.74644 8.06218 8.32115 8.04464 6.33742 3.84115 0 0 0 0
23.8156 22.6194 30.5442 32.1716 35.447 35.8431 34.7341 38.5348 42.0834 44.1768 57.9498 61.252 66.3278 70.5915 72.4548 71.8039 70.9451 69.2763 66.3639 63.3119 60.0944 69.9252 78.3919 83.7554 88.984 90.048 89.9606 85.8834 82.9907 79.0118 74.4743 70.1498 65.6477 65.1651 70.5864 74.3293 77.4351 79.5292 80.8212 82.1995 80.7022 78.1236 69.8861 56.2884 48.866 49.1168 49.6422 48.9667 40.413 28.6434 28.148 25.4545 22.0608 20.9681 19.4021 17.8433 16.0123 15.396 14.7115 14.6772 15.0307 11.2781 10.6864 10.353 6.64651 7.8514 8.02074 7.73915 5.56757 3.84115 0 0 0 0
23.4664 21.6858 30.8998 32.5348 35.6261 36.1022 35.0485 38.4673 41.8805 43.2511 56.8911 67.0041 67.088 71.3506 73.4212 72.7962 71.693 69.9419 66.9585 63.9702 60.7488 65.3018 73.7752 80.4354 85.9405 87.3406 87.9097 84.295 81.6004 77.9256 73.1701 68.2292 63.9352 65.261 70.3584 74.3278 78.4679 80.9177 82.3358 83.6971 81.9949 78.9555 69.3099 53.0822 48.9439 49.3193 49.5943 47.4732 37.4681 28.9579 28.3976 25.4335 21.9905 21.1892 19.4366 18.0897 16.2898 15.3583 14.6896 14.4319 14.6774 11.2572 10.5827 10.3074 6.44769 7.48596 7.66789 7.37946 4.70934 3.84021 0 0 0 0
23.1874 21.2505 31.1894 32.9152 35.8434 36.4095 35.3631 38.348 41.9733 43.3981 55.0385 66.8768 67.8968 72.1212 74.4225 73.605 72.3501 70.5446 67.4855 64.4579 61.0766 60.632 69.5344 76.8569 82.8065 85.9416 85.7419 82.7054 80.1425 76.7471 71.8478 66.8123 62.0929 64.7393 69.674 74.2592 78.6135 81.5198 83.7631 85.2675 83.2806 79.0597 67.3927 49.0039 49.0343 49.2951 50.1641 45.8842 34.2809 29.3535 28.8074 25.4425 22.123 21.3699 19.6656 18.1624 16.5357 15.3583 14.7075 14.2911 14.3216 11.2663 10.609 10.3298 6.2573 7.04 7.3749 7.09254 4.0078 3.84021 0 0 0 0
23.0657 21.226 32.8201 33.8927 35.9148 36.4395 35.5896 37.9793 42.0698 43.6066 52.5175 66.4376 69.3486 72.6369 75.125 74.2105 72.94 71.122 68.2589 65.1475 61.4285 57.8664 65.1648 73.2787 79.4127 82.9711 83.5754 80.8384 78.5586 75.4935 70.3997 65.5598 59.3832 63.6625 69.121 74.2491 78.8319 81.8073 84.4736 86.4858 84.5167 78.7135 66.7713 53.0548 49.3812 49.4193 50.3881 49.3391 30.9013 29.8479 29.4099 25.4889 22.7515 21.8017 19.9227 18.1585 16.5304 14.4727 14.7597 14.0563 14.2344 11.5046 10.6687 10.3545 6.04517 6.53381 7.04626 6.77662 3.83929 3.83929 0 0 0 0
23.3282 21.3891 32.4457 35.1942 35.864 36.4815 35.7054 37.5774 42.6701 44.222 49.7866 65.2511 70.1996 73.8801 75.8765 74.7899 73.5632 71.743 68.9103 65.5452 61.6838 58.0986 62.4957 69.9239 75.8881 79.8107 81.0519 78.692 76.7996 74.2066 68.7263 64.1059 58.1151 62.9687 68.7084 74.3228 79.2173 82.1155 85.01 87.3792 85.0756 77.8872 73.0315 56.6637 49.73 49.6617 49.9193 48.1886 36.8085 30.4007 29.9045 25.7719 23.1927 22.1554 20.6191 18.414 16.567 14.2846 14.6487 14.1182 13.8973 11.6844 11.215 10.3773 5.80641 6.09479 6.78101 6.63199 3.83929 3.83929 0 0 0 0
23.6986 21.6947 31.5299 35.7355 35.8833 36.4772 35.7662 37.3588 42.7544 44.7602 46.0077 63.249 69.4401 74.6364 76.4986 75.7789 74.4324 72.4887 69.4422 65.7617 61.9287 58.2683 63.1812 65.8892 72.3186 76.5174 78.3256 76.5508 74.8576 72.4872 67.2569 62.0274 58.1401 62.5898 68.5293 74.3584 79.2878 82.5657 85.6958 88.4078 85.0615 83.2546 70.8844 53.4819 50.1822 49.9986 49.6385 46.6934 33.5294 30.5619 30.2996 26.7022 23.4666 22.4537 21.4203 18.3214 17.5122 14.2186 14.3757 14.1311 13.0664 11.8254 11.7606 10.2134 5.52313 6.14178 6.74292 6.67921 5.65658 3.42346 0 0 0 0
23.6499 21.8136 30.0859 35.8752 35.9843 36.7833 36.0284 37.6724 42.5429 44.6585 52.7703 63.7781 72.3083 75.0456 77.1041 76.6127 75.2437 73.2528 70.2123 66.276 62.2174 58.2099 58.5153 61.8413 68.6535 71.9725 75.3258 74.1973 72.7679 70.2875 65.732 61.3807 58.1028 62.4188 68.7497 74.3816 79.1107 82.5512 86.3251 89.4052 84.6663 82.0066 68.2818 49.2201 50.2134 50.2774 49.5669 45.0678 29.7633 30.3981 30.3737 27.1963 23.5451 22.6168 21.4924 18.0551 17.8877 14.2177 14.3007 13.5868 12.4993 11.9061 12.1963 10.2068 5.59125 6.11799 6.70207 6.65635 6.6159 0 0 0 0 0
23.4272 21.6456 28.1504 35.6212 36.314 37.0793 36.4242 38.556 42.6809 44.2819 49.569 63.589 71.6586 75.291 77.7117 77.3097 75.8608 73.9009 71.0782 66.7654 62.0695 57.9521 56.0131 57.2589 64.5614 68.9901 71.9984 71.4199 70.5306 68.0524 64.4912 61.4103 57.7347 62.3267 68.8199 74.4412 78.887 82.1612 87.0142 90.1385 90.4897 79.8037 65.0155 48.7734 49.9724 50.4423 49.2625 43.2556 28.8408 30.2743 30.2414 27.3566 23.6594 22.7649 21.6484 18.0199 17.6541 14.2445 14.3656 13.3576 12.3916 11.8904 12.2513 9.8732 5.80994 6.45304 6.58664 6.5917 6.6159 0 0 0 0 0
22.9383 21.6362 25.6787 35.2108 37.1236 37.6367 36.9575 39.6419 43.5652 44.6896 45.4375 61.2272 70.6098 75.3296 78.1743 77.7463 76.4041 74.3209 71.5303 66.9344 61.9729 57.9624 55.742 57.7629 60.6253 65.1111 68.5729 68.4333 68.0357 66.6165 64.593 61.4418 57.495 62.4985 69.3222 74.5473 78.3279 81.8155 87.4841 90.2614 89.7227 77.4471 62.0043 48.1079 49.2773 50.0903 52.2744 40.9413 30.1658 30.0987 30.0959 27.6041 23.5575 22.7027 20.9403 17.2768 16.8046 14.2515 14.3621 13.7324 12.5014 11.6202 12.2513 9.57048 6.08632 6.80162 6.32241 6.16792 6.13848 0 0 0 0 0
22.5065 21.6463 22.6156 34.3151 38.2422 38.5302 37.7998 39.7809 44.5104 45.738 44.6083 58.1788 69.8079 75.102 78.5408 78.0458 76.6875 74.4876 71.3025 66.9245 61.8739 57.9913 55.3834 58.986 60.7883 62.1552 65.3146 65.6971 67.2802 66.7907 64.5604 61.2441 57.2222 63.0714 70.1414 74.6143 78.0362 81.916 88.1541 89.6397 87.535 75.4954 67.264 47.6742 48.4892 49.4758 51.9259 38.2094 28.7775 29.9921 30.1178 27.8263 23.5495 22.7311 19.6083 16.3744 15.7127 14.4548 14.4677 14.0835 14.5003 11.2395 12.0646 8.61434 6.41285 7.07864 6.06335 5.75718 5.68501 0 0 0 0 0
22.4668 21.8307 20.6823 39.7348 39.3056 39.5384 38.978 38.0891 44.2729 46.824 45.5381 54.8427 67.8538 74.9619 78.991 78.4983 76.7439 74.4005 70.9967 66.7636 61.7781 57.8979 55.5697 59.4514 61.3173 62.9529 64.1423 66.3357 67.7974 67.0353 64.5855 61.2078 57.2052 63.0071 70.5895 74.6117 78.0854 82.2607 89.4105 88.9484 87.5837 73.4408 63.4946 47.5166 47.8576 49.0171 50.932 42.8781 28.2965 30.059 30.1667 28.0882 23.6016 22.8904 18.9891 15.356 14.55 14.6115 14.5309 14.0503 14.5003 10.9931 11.76 7.98362 6.72273 7.30962 5.7646 5.45337 5.38373 0 0 0 0 0
22.6773 22.1215 20.473 40.1746 40.0543 40.3546 39.7305 37.8674 43.7879 47.3405 46.206 50.7375 65.6144 73.8911 79.73 78.9391 76.6304 74.1649 70.5378 66.2157 61.5233 57.5163 54.994 58.9898 61.5706 63.1639 64.7494 67.1666 68.3698 67.3003 64.765 61.2613 57.4833 62.7777 69.6094 74.4193 78.225 83.1267 88.9732 86.9063 85.0726 70.7927 59.4771 47.4207 47.5216 48.125 49.554 39.7548 28.3527 30.3055 30.2921 28.2792 23.8898 22.9769 18.9398 15.4172 14.6553 14.7033 14.3936 13.7402 14.1899 10.8159 11.2707 7.20609 7.0647 7.55673 7.47448 5.20567 5.15586 0 0 0 0 0
22.9689 22.4473 20.6198 40.1209 40.2103 40.4417 39.8486 38.0326 42.8542 47.0936 46.7133 46.9721 63.1916 72.5062 79.6464 79.2882 76.6581 73.896 70.1731 65.7091 61.0865 57.1587 55.1329 58.9561 61.4462 63.1336 66.0354 68.0516 68.9204 67.6111 64.8829 61.2669 57.6102 62.4488 68.9118 74.3593 78.5769 84.2581 89.0258 84.9363 82.1122 67.7524 54.7067 47.5503 47.5871 47.6931 48.0434 36.7111 28.5691 30.6174 30.4251 28.6032 24.5746 23.0754 20.0709 17.3729 14.6703 15.0048 14.2609 13.93 13.529 10.8963 10.143 7.2241 7.45649 7.81696 5.51076 5.05487 4.99988 0 0 0 0 0
