benchmarks/avaPyramidNullTest/release1PY_null_ref_0.15500_ppr.asc
ncols         793
nrows         793
xllcenter     0
yllcenter     0
cellsize      5
NODATA_value  -9999
[rows 363 to 395 of 793, columns 148 to 221 of 793]
10.6948 10.6713 10.576 10.4834 10.4321 10.5698 10.9639 11.0294 11.0294 10.4501 10.5013 10.5429 12.4607 14.1296 15.398 15.398 14.7409 10.9267 11.1889 11.4699 11.5961 11.6377 11.7773 11.8654 11.8595 11.7295 11.5359 11.4349 11.6168 11.8174 12.058 12.607 13.0273 13.2366 13.1865 12.9477 12.6961 12.1452 11.9893 11.8161 11.7356 12.3778 11.528 11.4355 11.406 11.4797 11.5849 11.5331 11.4974 11.2234 11.1916 11.1944 11.2917 11.2925 11.4993 11.7988 11.9679 12.4008 12.4725 12.3164 12.2007 12.1916 12.4309 12.6741 12.5635 12.4806 12.1869 11.6593 11.7749 11.8041 11.7073 11.8609 11.8521 11.6634
16.8071 16.8429 16.3357 16.2294 16.4329 16.9248 16.6504 16.5564 17.1718 18.1224 18.2538 18.3552 18.5879 18.5851 18.2133 17.7932 17.4681 17.3234 17.5451 17.2345 16.5127 16.5229 16.3454 15.8501 15.4208 15.4335 15.4728 15.3319 15.3205 14.4547 13.8356 13.6747 13.2358 13.3973 13.5046 13.1773 12.2939 12.0204 12.2135 12.621 13.0632 13.1626 13.4497 13.7804 13.7933 13.9914 14.2571 14.3822 14.1746 14.0627 13.8052 13.6689 13.5914 13.4109 13.2536 13.1821 13.3066 13.5655 13.748 13.9664 14.121 14.1358 13.9646 14.0009 13.9849 13.8108 13.771 13.6151 13.3316 13.1651 13.2831 13.4542 13.5387 13.5451
17.9982 17.9579 17.9764 17.881 17.7693 17.9659 17.9055 18.021 18.4352 19.2694 19.8164 20.0476 20.1178 19.9886 19.9683 20.0467 20.0896 19.5205 19.3036 18.941 18.3516 18.0252 17.7127 17.4614 17.4505 17.6742 17.5697 17.4081 17.3434 16.9091 16.8226 16.6113 16.3725 16.4312 16.4792 16.6553 16.6064 16.5515 16.5175 16.8232 16.9757 16.9514 16.7559 16.8149 16.7059 16.5568 16.3516 16.1353 16.1062 15.8472 15.6902 15.5341 15.3438 15.3723 17.1306 15.1986 15.034 14.8998 14.988 14.9923 15.0992 15.3328 15.6341 15.8997 16.1101 16.1334 15.9251 15.6025 15.1881 14.9337 14.7923 14.7584 14.6581 14.4949
20.2326 20.4762 20.6078 20.2318 19.869 19.6891 19.7228 19.8055 20.2662 21.134 21.6054 21.4809 21.0217 20.8016 20.8588 21.0439 21.247 21.4534 21.2066 20.7029 20.2876 20.1235 19.9091 19.6258 19.6687 19.8945 20.0943 20.1643 20.0794 19.9453 19.7335 19.596 19.4569 19.3697 19.3454 19.2681 19.0058 18.7185 18.6505 18.587 18.4535 18.2328 18.0001 18.0175 18.0071 17.8195 17.6958 17.6199 17.4134 17.0429 16.8012 16.636 16.4447 16.3205 16.1545 15.9592 15.7915 15.9289 16.1121 16.3979 16.2385 16.1748 16.433 16.5855 18.9483 22.4238 25.0639 26.0477 18.91 22.622 25.389 27.5608 29.4964 31.0622
20.2313 20.1889 20.4438 20.3028 20.2046 20.1323 20.0757 20.1813 20.3308 20.4291 20.5159 20.4783 20.3135 20.1713 20.3024 20.7057 20.875 21.1201 20.8343 20.2255 19.6478 19.0309 18.5704 18.7426 19.1587 19.7853 20.3294 20.6268 20.4987 20.1773 19.9089 19.636 19.4312 19.316 19.3159 19.2711 19.0978 18.8478 18.6419 18.4715 18.2537 18.0203 17.7025 17.431 17.4344 17.3465 17.1772 17.176 17.1108 16.8488 18.1796 22.1455 25.1714 20.9764 20.9797 24.3924 26.9802 29.2262 31.3548 27.9936 30.3043 32.2625 33.7766 34.4218 32.4263 33.27 33.9367 34.3425 34.4417 34.2426 33.6743 32.3836 31.8129 31.4517
18.1255 18.6932 18.8755 18.979 19.2171 19.5335 19.4605 19.0658 19.2078 19.306 19.1916 19.1762 19.1151 19.2549 19.816 20.311 20.3618 20.118 19.5919 19.1364 18.8347 18.6883 18.6811 18.7474 18.9656 19.3185 19.9383 20.0172 19.9737 19.6195 19.1889 18.8699 18.5467 18.2566 18.1547 18.1463 18.0442 18.1407 18.2443 18.8578 21.8962 24.6532 26.6603 26.2943 22.6703 25.4844 27.5556 29.5473 31.4457 33.5949 35.1203 36.1813 32.5796 33.9498 35.1348 35.5809 35.8085 35.5574 35.1306 34.8894 34.7607 35.2719 35.2291 34.9439 34.4676 34.1823 34.1518 33.9729 33.912 33.9083 33.8446 33.9333 33.8729 33.8232
17.6946 16.6876 16.705 16.8164 17.1523 17.9292 18.8548 18.701 18.3642 18.4244 18.5634 18.5062 18.113 17.9981 18.4542 18.6962 19.0439 19.1473 19.0021 19.2072 19.2641 19.2431 19.1876 18.987 18.8868 19.6225 20.2578 21.2564 20.0728 19.8369 21.5949 23.9083 26.3696 28.5322 30.5771 31.8884 26.9544 29.2478 31.2461 32.8401 34.0101 34.8127 35.2586 35.8373 35.9797 36.4637 33.8683 35.0614 35.9398 36.3555 36.8394 36.6741 36.3045 35.9234 35.7995 35.7441 35.7416 35.8551 36.113 36.3024 36.69 36.9624 37.1273 37.1087 36.6649 36.3144 36.0323 35.8457 35.6421 35.5615 35.5017 35.355 35.2643 35.1057
22.7117 22.6253 22.0848 21.3671 20.9868 20.8579 21.0032 21.0973 21.1951 21.0969 20.6814 20.2219 20.1583 20.012 19.6613 19.2257 19.0347 18.9356 19.1948 20.7305 22.8667 24.612 21.7724 23.3359 24.7894 26.0028 24.6746 25.901 27.1167 28.1281 29.0023 30.083 31.4264 32.0534 32.2134 32.1181 33.0305 34.893 34.9205 34.662 34.4336 34.4982 34.4155 34.3568 34.3945 34.4448 34.8724 35.2913 35.8148 36.1241 36.3108 36.4571 36.7392 36.8652 36.8017 36.879 37.0039 36.9663 36.942 36.8565 36.9256 37.2398 37.3718 37.3341 37.1503 36.9513 36.8781 36.5069 36.2639 35.9281 35.7867 35.6369 35.2843 35.0845
23.6654 24.0248 23.8227 23.2099 22.5767 22.0679 21.9329 21.9819 22.5889 22.9062 22.8196 22.3824 21.7942 21.3119 20.994 22.093 23.43 24.7752 25.8329 26.6607 27.0152 26.698 26.9392 27.0746 27.2068 27.4054 27.2462 27.3049 27.4167 27.4531 27.6902 28.1829 28.9882 29.9566 30.6159 31.0786 31.3784 32.0536 33.0429 33.7268 33.7595 33.5679 33.4157 33.3875 33.4449 33.5634 33.8177 34.3592 34.8121 35.1969 35.1726 35.1195 35.2601 35.3256 35.4932 35.5776 35.8016 35.7966 35.7925 35.6781 35.5863 35.5297 35.499 35.6424 35.9338 36.1202 36.1224 35.7553 35.2694 34.9125 34.873 34.7421 34.4525 34.3311
23.3244 23.66 23.4372 22.9949 22.3651 21.982 21.8852 22.0075 22.7551 23.2363 23.1059 22.5672 21.9192 22.0349 25.4718 27.8675 29.3743 30.3173 30.2543 25.8952 26.0592 26.19 26.3276 26.3495 26.4399 26.7073 26.938 29.6989 27.2537 27.3031 27.4109 27.6087 28.0481 28.5674 29.2785 29.51 29.6328 29.9007 30.4332 30.7902 30.6836 30.4135 30.1714 30.1717 30.1553 30.3764 30.6327 30.9 31.3335 31.5753 31.6915 31.8234 31.9773 32.0208 32.0523 32.1239 32.2718 32.5854 33.2462 33.4637 33.156 32.7953 32.3498 35.2111 37.2533 33.187 33.6004 36.4522 39.6672 42.7638 45.5776 39.2227 42.0663 44.2419
23.2577 23.5486 23.1732 22.5509 21.4252 20.6989 21.053 21.2355 20.5973 20.693 20.5932 21.5571 23.5108 27.371 33.3421 37.228 37.3939 34.8835 34.2705 33.0794 28.8973 28.2531 28.8181 28.6711 28.7204 29.3861 30.5154 31.1574 30.056 29.1978 28.5014 28.1141 28.1557 28.4677 28.2749 28.2999 28.4191 28.7043 29.4663 30.8198 30.9786 31.0748 30.9491 30.8163 30.1645 29.6534 29.4843 29.3093 31.1861 31.0482 32.7769 36.432 37.3108 30.8773 30.2072 32.2539 36.6403 40.1668 42.9033 45.3103 47.7113 50.026 48.4108 50.4092 52.1779 53.0667 49.1358 50.1076 50.5387 50.3958 50.6703 51.3816 52.8367 52.7459
27.939 29.0905 29.7494 29.6207 29.0807 28.4801 27.7831 27.2932 27.1045 27.72 28.7871 30.2345 31.6885 32.3446 33.8956 36.5895 37.0568 36.7687 36.2474 35.5125 34.8434 34.702 34.4194 33.8636 33.4287 33.4868 34.0202 34.6826 35.0432 35.0587 34.7403 34.2617 33.6282 33.4467 33.4865 33.8679 33.861 33.649 33.6438 34.1699 34.6792 37.119 34.7419 34.6027 37.8135 41.287 44.8716 48.1495 41.584 44.7077 47.4705 50.1545 52.7773 54.5478 49.5424 51.3164 52.4772 53.1759 54.0241 53.948 53.5645 53.0032 53.3346 53.1219 52.9533 52.7225 51.7756 51.0689 50.6762 50.4381 50.5116 50.6562 51.0051 52.07
31.7621 32.4069 33.4723 33.9463 33.329 32.4975 31.5342 31.2252 31.1191 31.6977 32.4818 33.5862 34.7768 35.5434 35.9208 37.2904 37.8215 38.0253 37.7495 37.5534 37.4245 37.7398 37.8827 37.2421 36.6378 36.3436 36.516 36.9063 37.5459 37.8294 37.7442 37.0479 36.3044 35.7963 35.7538 36.7658 40.2548 43.8224 37.6245 40.2513 43.5004 46.3213 49.1048 51.8285 54.1458 56.1405 51.2419 53.2481 54.6378 55.846 56.1004 56.0087 55.9691 55.7669 55.5021 55.1165 54.2631 53.7816 53.5204 53.3447 53.3699 53.1844 53.2202 53.221 53.2386 53.3947 53.4324 52.9317 52.3869 52.2517 52.1396 52.2001 52.3614 52.9737
32.7246 33.7967 35.5366 35.4774 35.0046 34.1701 33.4564 33.1535 33.1184 33.5717 34.219 35.0578 36.2239 36.5253 36.7611 36.864 37.0856 37.2647 37.0909 37.0212 37.1896 37.7726 37.9427 37.4755 36.9611 36.7735 36.7711 36.9262 37.1379 40.0452 43.5053 46.8886 50.1636 43.1239 46.0342 48.8611 51.2749 53.4807 55.118 57.0358 58.3107 54.1096 55.5753 56.319 56.8035 57.446 57.0584 57.4471 56.8168 56.2495 55.7621 55.7042 55.7405 55.7039 55.6368 55.4276 54.9485 54.6661 54.38 54.1998 54.076 54.0362 53.8819 54.1726 54.3779 54.327 54.6476 54.4973 53.8078 53.2828 53.3801 53.727 53.7134 53.9966
32.0208 32.5448 33.997 34.1671 33.9025 33.3353 33.2314 33.4741 33.6668 33.9566 34.2745 34.4821 35.2357 35.304 35.4823 35.354 35.3248 35.3205 34.9466 36.5387 40.0788 42.9868 36.3159 39.5025 42.3495 44.9834 47.5238 50.3179 53.0744 55.4143 57.1498 53.7924 55.7112 57.3547 58.0739 59.5374 59.0501 59.0923 58.3383 57.836 57.7865 57.8472 57.5681 57.2949 57.0627 56.8759 56.7599 56.6948 56.8851 56.8064 56.2927 55.6626 55.2604 55.5132 55.4064 55.473 55.2549 54.9026 54.7182 54.7314 54.5314 54.6241 54.6153 55.0285 55.3618 55.4487 55.6729 55.3707 54.8775 53.9619 54.0215 54.1881 54.2075 54.2791
31.3472 30.8209 30.0952 30.1157 30.1511 30.019 30.2454 31.6447 32.3498 32.4201 32.0698 35.2658 38.3311 33.2186 34.8682 37.4596 40.2466 42.7031 44.9568 47.5307 50.3636 53.4129 56.2163 57.8477 50.5185 52.7612 54.7609 56.5627 56.5359 58.8488 58.2258 59.5076 59.1158 59.2124 59.0662 58.9281 59.0717 59.2082 58.5593 57.9825 57.4812 57.2915 57.0085 57.1818 57.0731 56.9515 56.7042 56.7668 56.8477 56.9482 56.9122 56.3074 55.8662 55.9596 56.1163 56.0871 55.7045 55.3188 55.4676 55.6969 55.7047 55.6454 55.5944 55.9819 56.4367 56.4077 56.5149 56.2132 55.4247 54.3446 54.1301 54.079 53.9011 53.8032
35.015 34.5732 34.2404 34.2897 34.5133 34.9222 35.8451 38.365 40.9115 43.5694 46.2168 48.2558 45.5075 47.7326 49.7808 51.6133 53.1379 54.5081 51.6894 53.9487 51.8081 54.0354 56.4283 57.7699 58.5279 59.2132 58.8423 59.3092 59.142 59.0672 58.5198 58.5528 58.6569 58.4662 58.5251 58.4058 58.5013 58.7269 58.4671 57.5791 57.1514 57.1839 57.1512 57.2119 57.3768 57.6231 57.7043 57.4916 57.3482 57.4682 57.9202 57.8189 57.3133 56.8837 57.2369 56.9291 56.4914 56.2367 56.2116 56.3589 56.585 56.151 56.2299 56.526 56.8336 56.7459 56.9622 57.1897 56.1611 54.7923 54.1971 53.9006 53.4395 53.4603
38.0669 38.8268 41.0246 42.6985 44.2052 45.3215 46.7012 48.0804 45.774 47.3452 48.7811 50.0579 51.1796 51.5805 52.4967 53.1632 53.8912 54.3088 54.7962 54.8867 54.6839 54.6437 54.8261 55.0971 55.6746 56.3598 56.8292 56.8909 56.9694 57.1453 57.4907 57.4198 57.6372 57.6869 57.7329 57.8132 58.1575 58.0625 57.6655 57.1022 56.9614 57.0893 57.0142 56.8981 57.262 57.6543 58.0559 58.021 57.6102 57.5807 58.1776 58.3302 57.7503 57.3359 57.5343 57.2646 56.7965 56.6907 56.8087 56.6217 56.5294 56.5547 56.416 56.405 56.4526 56.6253 56.7793 57.0039 56.0377 54.8853 54.3764 54.1368 53.6873 53.4935
49.3037 48.0552 48.6737 47.651 47.5144 47.7467 47.8739 48.3393 49.1044 49.9421 50.7618 51.3406 51.6911 51.5392 51.3756 51.4999 51.6629 51.9439 52.2762 52.3632 52.5926 52.722 52.9048 53.3351 53.9548 54.7989 55.4236 55.6983 55.4507 55.6884 56.2574 56.2618 56.5471 57.0617 57.3807 57.7924 57.865 57.5525 56.9198 56.3075 56.5167 56.7584 56.4622 56.3311 56.5166 57.1855 57.5827 57.4692 57.2199 57.184 57.651 57.8219 57.2985 57.1098 56.9628 56.9376 56.3428 55.9595 56.0716 55.8535 55.869 56.0608 55.6061 55.5061 55.6096 56.0306 55.7596 55.5376 55.0166 54.2967 53.8033 53.6739 53.2258 53.003
53.8787 53.0603 52.4993 52.4458 52.3515 51.9841 51.0275 50.2442 49.5694 49.2077 49.1275 49.0401 48.9204 48.9014 48.9723 49.0829 49.2804 49.4945 49.7752 49.8857 49.8815 50.2791 50.5277 51.3422 52.113 52.6832 53.4124 53.9582 53.7512 53.9003 53.9359 54.4776 55.4259 56.4862 57.1257 57.2737 56.8343 56.0964 55.4472 54.7955 54.8697 55.3995 55.2552 54.9291 54.7627 55.1631 55.7172 56.0138 55.99 56.0725 56.1778 56.393 56.2328 56.1286 56.0467 55.5788 55.0346 54.6542 54.6631 54.5645 54.8395 54.8424 54.6109 54.2546 54.3684 54.6141 54.2214 53.9107 53.6221 52.9744 52.3344 52.1204 51.8309 51.7791
55.619 54.6164 53.8872 53.5334 53.3937 53.3192 52.9726 52.1462 51.3239 50.7864 50.2616 49.6625 49.1514 48.85 48.6004 48.2585 47.8712 47.4809 47.1349 47.0657 47.4025 47.7467 47.9177 48.3759 49.0506 49.7634 50.1179 50.4784 50.768 50.7177 51.11 51.7904 53.6646 54.2344 53.8945 54.0624 53.553 52.9855 52.4394 52.4214 52.6919 52.7631 52.761 52.6978 52.6138 52.657 52.9695 53.4319 53.5575 53.3821 53.5155 53.6985 53.6825 53.5957 53.9405 53.6463 53.007 52.8258 52.9926 52.8834 53.1924 53.5569 53.024 52.2675 52.1341 52.0722 51.8887 51.6746 51.6704 50.9516 50.3764 50.0592 50.0228 49.8549
57.649 57.0273 56.7229 56.7761 56.9058 57.1198 56.8552 56.2947 55.4607 55.0554 54.9054 54.5981 53.9734 53.2994 52.6043 51.812 50.8597 50.1951 49.6279 49.4277 48.9398 48.388 47.9133 47.5896 47.663 48.0487 48.6313 49.0601 48.9103 48.531 48.3157 48.1295 48.0684 48.3251 48.2149 48.1847 48.4098 48.5361 48.6875 48.8651 49.1619 49.7365 50.3377 50.1144 50.0166 50.3472 50.9045 50.9861 50.6771 50.2958 50.2306 50.6329 50.9537 50.7958 50.8605 50.819 50.2177 49.9898 50.217 50.401 50.7671 51.0634 50.6272 49.8848 49.2851 49.1264 48.8225 48.6324 48.6004 48.2922 47.9825 47.7901 47.6889 47.2293
59.8559 59.4411 59.2456 59.5209 60.1468 60.4963 60.2726 60.0257 59.4957 59.537 59.4241 59.2669 58.9637 58.7145 58.2401 57.7508 57.1045 56.5037 56.0978 55.7633 55.3322 54.6263 53.9864 53.37 52.6078 51.6264 50.465 49.2018 48.1262 47.6872 47.1776 46.9774 46.709 46.5142 46.5149 46.2846 45.7702 45.1425 44.7748 44.6313 44.6616 45.1472 45.6943 46.377 46.4551 46.4538 46.8329 47.5686 47.1031 46.4796 46.2197 46.5897 46.743 46.7887 46.78 46.6299 46.2418 46.302 46.4437 46.9402 47.2196 47.652 47.6358 48.5011 49.2759 49.202 48.9368 48.7571 48.9792 49.0006 48.8722 49.1035 49.4324 49.8865
60.1989 60.1198 60.2412 60.5744 61.1291 62.1119 62.2556 61.9264 61.6937 61.5278 61.6745 61.8551 61.9305 62.773 62.856 62.5238 62.0605 61.7558 61.7134 62.0222 61.7545 61.2561 60.9048 60.8053 60.6327 60.1052 59.6109 59.2211 58.9171 58.5316 57.9023 57.4519 56.9779 56.3676 55.6032 54.9851 54.2847 53.9109 53.9073 53.4756 53.467 53.3421 53.3677 53.2397 52.7353 52.2661 51.7415 51.5047 51.9945 52.1067 51.6033 51.5198 51.2928 51.4746 51.967 52.1542 52.455 52.759 52.7328 52.7636 52.9825 53.3411 53.5326 53.8041 54.1675 54.2321 54.0199 53.8453 53.5627 53.3172 53.0915 53.0731 53.4661 53.3689
59.8947 59.4685 59.5204 60.2287 60.8733 61.9137 62.6711 62.5938 62.339 62.6221 63.1127 63.3793 63.601 65.5008 65.7827 65.5493 65.2858 65.4433 65.8191 66.1724 65.7475 64.9663 64.9051 65.2557 65.347 65.0514 64.9215 65.3015 65.5707 65.4026 66.3832 64.3269 63.9457 64.3415 64.9718 63.5103 63.3939 62.2577 62.1098 61.8326 61.442 61.2104 60.9105 60.5998 60.3181 60.0979 59.8729 59.5882 59.5287 59.4166 59.2041 59.0958 58.8164 58.6366 58.4865 58.4834 58.5164 58.459 58.5224 58.4102 58.3371 58.0827 57.7094 57.412 57.1233 56.8907 56.9544 56.8587 56.6068 56.3342 56.2077 56.3247 56.242 55.7896
58.1671 57.7882 57.6227 58.372 58.955 59.7241 60.2086 60.4244 60.4702 61.4957 62.82 63.1745 62.9505 63.7566 64.5582 64.5979 64.8502 65.54 67.2167 67.3179 66.5046 65.3869 65.3356 65.857 66.1215 69.0546 72.6768 75.6982 77.9959 71.7528 77.056 74.8767 74.3595 73.8438 72.7349 70.9627 66.1625 65.0795 64.9511 64.891 64.9165 64.7459 64.6718 64.6355 64.598 64.5353 64.375 64.0973 63.9304 63.7509 63.5462 63.4168 63.0547 62.6586 62.3295 62.0674 61.9066 61.8019 61.7531 61.6955 61.3956 61.0315 60.6398 60.0839 59.7878 59.3422 59.1655 58.9678 58.785 58.6977 58.6378 58.5435 58.4545 59.3944
54.9487 55.2937 55.3488 54.7372 55.8192 56.3219 56.3156 56.28 56.8992 58.3648 60.2782 61.2911 61.2779 61.0825 60.9943 61.3943 62.3504 63.9193 65.8201 65.7226 67.9001 72.2698 75.7188 74.8994 78.3313 81.3639 83.7579 85.5388 86.5813 80.8709 81.321 81.0849 80.0894 78.4218 76.4637 74.4164 72.2783 70.1169 68.1346 66.3819 64.8399 65.0638 65.1128 65.0176 65.1684 65.3492 65.3707 65.062 64.7472 64.4262 64.1379 64.0378 63.9652 63.6202 63.3269 63.0535 62.9144 62.6705 62.4916 62.3313 61.9702 61.6134 61.1853 60.8384 60.3936 59.8967 59.2754 58.9624 58.9654 64.2562 60.1664 64.8748 69.2472 73.1467
51.2852 51.6464 51.7868 51.3943 51.5193 51.4799 51.5548 52.2594 53.1717 54.4645 56.1472 57.5352 57.7438 56.7504 58.9619 62.7105 58.9528 61.8995 65.4365 69.9129 73.8747 76.2782 78.697 80.8858 82.9318 84.6285 85.8398 86.6529 87.1443 86.713 85.9167 84.5235 83.0585 81.4423 79.47 77.1993 75.1029 73.0444 71.3331 70.1224 69.237 68.5054 67.9385 67.4129 66.7776 65.9699 65.0294 64.278 63.7232 63.0586 62.2916 61.6784 61.6925 61.4103 61.3519 61.3606 61.3934 61.3029 61.059 60.6522 60.0809 60.0266 59.9165 59.9732 60.1103 59.1193 62.8025 67.8087 72.3588 76.9217 81.2703 85.2686 81.7064 84.4791
48.1711 47.9964 47.6954 47.6375 47.5756 47.8032 47.7331 47.5035 47.2779 48.275 49.0242 51.6772 55.6865 59.6706 63.7071 64.9983 71.6198 69.6616 73.2398 76.5498 79.472 82.1244 84.4292 86.1979 87.4619 88.4016 89.2009 89.6051 89.537 88.9307 87.9567 86.7729 85.0945 83.1815 80.9272 78.7188 76.5958 75.1476 74.1791 73.6448 73.3644 73.0764 72.7385 72.1583 71.5719 71.0633 70.5997 70.4108 70.1205 69.7841 69.1101 68.2857 67.7754 67.3153 66.8277 66.1426 65.7574 65.3683 64.9046 64.3546 64.1261 63.8685 64.7612 69.3613 74.0997 77.7573 72.878 76.8422 80.8704 84.6313 87.959 90.7584 93.1028 95.4331
45.0307 44.6028 44.1087 44.0403 43.8817 43.9652 43.9515 43.9657 43.7453 46.5091 50.1104 54.4694 58.3674 61.1274 64.5419 69.1072 72.0465 75.1095 78.1202 81.0537 83.8093 86.3865 88.7923 91.0733 90.7383 91.5008 92.0427 92.0111 91.5613 90.2912 88.7983 86.916 84.671 82.7171 80.4667 78.7685 77.3591 76.5893 76.5536 76.5802 76.6052 76.3691 75.8159 75.0866 74.4148 74.0203 73.8913 74.1386 74.1993 73.8452 73.0258 72.4393 72.2735 72.2526 72.27 71.8969 71.6045 71.3582 70.8871 70.3624 70.0144 69.9073 74.0917 78.5169 75.5166 79.0541 82.2889 85.2799 88.6138 91.9966 94.876 96.7662 98.6653 100.228
38.3283 37.9118 37.7184 37.614 37.8776 38.1667 39.6894 42.9906 46.3781 49.8686 53.4464 56.2214 60.134 63.1741 67.2046 69.6572 72.659 75.7339 78.7074 81.5562 84.278 86.7931 89.0051 90.6966 91.6215 92.0216 91.7313 91.1368 90.085 88.598 86.607 84.6133 82.9046 81.6471 80.4573 79.63 79.479 79.5686 79.7005 79.561 79.3044 79.0272 77.7094 76.4012 75.73 75.5995 75.5711 75.5813 75.1474 74.5058 73.7495 73.3866 73.6201 74.337 74.7607 74.9651 75.2447 75.4222 75.0783 74.4599 74.036 73.8072 74.8653 78.8757 82.8828 86.9232 90.9813 94.6851 95.0125 97.7227 99.2396 101.3 103.182 103.83
38.7383 39.6602 40.4038 41.057 41.6404 42.3394 43.2824 43.8878 46.2387 49.6505 53.2278 56.5081 60.1245 63.462 67.2046 70.0737 73.0932 76.1891 79.1519 81.7576 83.8539 85.7035 87.2009 88.4039 88.8962 88.6539 88.3485 87.347 86.0545 84.2391 82.4283 80.9923 80.6215 81.1052 81.4505 81.7848 82.4749 82.7591 82.1483 81.1539 80.4996 80.3053 78.7766 76.9078 76.0743 76.1646 76.193 75.7434 74.7173 73.9061 73.5385 73.5273 74.0438 75.0757 75.8339 76.1675 76.7466 77.6371 77.3537 76.5063 75.6959 75.3198 80.5257 79.9302 83.8843 87.7126 91.4771 95.0417 97.5058 100.08 102.315 104.147 105.601 107.002
43.5239 43.6735 43.7976 43.8181 44.3278 45.5336 46.8652 48.018 48.759 49.2659 52.8743 56.2183 59.7944 63.2196 66.7862 69.9332 72.9949 76.2189 79.2673 81.7312 79.9328 81.5962 82.8446 83.6869 84.0399 83.9028 83.2155 82.0301 80.4443 78.4073 76.6666 75.8532 77.3576 80.4777 81.1186 81.6277 82.4438 82.3022 81.0682 79.3322 78.0883 78.3926 77.1423 75.609 74.6835 74.6383 74.8295 74.4893 73.3398 72.4272 72.1285 72.3428 73.0044 73.7814 74.4967 74.9985 75.3052 75.4807 75.1974 74.8248 74.6551 75.9178 80.5257 83.6047 86.9876 90.1683 93.556 96.9618 99.3437 101.886 104.152 106.11 107.334 108.648
