benchmarks/avaPyramidNullTest/release1PY_null_ref_0.15500_pfv.asc
ncols         793
nrows         793
xllcenter     0
yllcenter     0
cellsize      5
NODATA_value  -9999
[rows 429 to 461 of 793, columns 370 to 443 of 793]
12.6642 13.2486 13.7394 14.3207 14.8577 15.2233 15.7063 16.1557 16.6622 17.0948 17.4389 17.7432 18.12 18.4437 18.7843 19.0178 19.1958 19.4344 19.5996 19.7596 19.9418 20.0671 20.1853 20.3199 20.4186 20.5386 20.6098 20.5911 20.5826 20.5274 20.3752 20.15 19.9203 19.6854 19.5505 19.4112 19.222 19.0378 18.8796 18.6126 18.3659 18.1079 17.7884 17.3984 17.048 16.639 16.2978 15.7955 15.3776 14.9717 14.3991 13.6864 13.2337 12.6683 12.0321 11.3577 10.734 10.1084 9.51085 8.77235 8.40961 7.96451 8.79327 9.96649 10.6663 11.5013 12.2315 12.8082 13.2562 13.6061 14.0093 14.5701 15.0352 15.4443
13.2048 13.8257 14.3618 14.8306 15.366 15.715 16.0896 16.5725 17.0113 17.4319 17.701 18.035 18.4142 18.7311 19.0598 19.3152 19.4787 19.681 19.8502 19.9801 20.1148 20.2368 20.3543 20.4591 20.5662 20.6922 20.7694 20.7387 20.7417 20.6739 20.5164 20.2788 20.0366 19.863 19.7424 19.622 19.4538 19.2764 19.1028 18.8841 18.6513 18.4007 18.0846 17.7219 17.394 17.0092 16.6572 16.2325 15.8335 15.4096 14.7735 14.1642 13.6927 13.2487 12.7255 12.0528 11.4989 10.8668 10.2789 9.34426 8.86038 7.5725 7.8454 9.0145 9.88002 10.8121 11.4596 12.0386 12.4685 12.9631 13.564 14.0759 14.5229 14.9027
13.8004 14.3111 14.8688 15.2875 15.7982 16.2047 16.5112 16.9431 17.3438 17.7623 18.0364 18.3011 18.6751 18.9965 19.3039 19.5898 19.7487 19.9274 20.0879 20.1933 20.2754 20.3969 20.5226 20.5966 20.6987 20.8349 20.9071 20.8795 20.8826 20.8041 20.6465 20.3997 20.1657 20.0223 19.9282 19.8175 19.6632 19.495 19.3213 19.1537 18.9272 18.6636 18.3643 18.036 17.7105 17.3295 17.0127 16.6163 16.2006 15.8014 15.1973 14.6589 14.2177 13.855 13.2938 12.5626 12.091 11.5193 10.7908 10.1267 8.90473 8.23798 7.31743 7.87274 8.9936 9.86675 10.6719 11.3913 11.8769 12.4401 13.0078 13.5781 14.0392 14.3792
14.3796 14.7256 15.3174 15.6836 16.1723 16.6249 16.9144 17.2969 17.6597 18.0662 18.3319 18.5431 18.9204 19.2402 19.5397 19.8336 19.9925 20.1504 20.3152 20.3994 20.4687 20.5692 20.6807 20.7438 20.8385 20.9577 21.0335 21.0196 21.0137 20.9151 20.7664 20.5157 20.2847 20.1697 20.1122 20.0067 19.8596 19.6998 19.5443 19.3913 19.1689 18.9119 18.6368 18.3215 17.9985 17.6206 17.3528 16.9766 16.5798 16.1649 15.6671 15.1874 14.7626 14.433 13.8458 13.1004 12.645 12.033 11.2841 10.4683 9.52243 8.91293 7.75877 7.77681 8.23495 9.48187 9.7689 10.5079 11.2962 11.9598 12.639 13.172 13.5867 13.8857
14.9447 15.1959 15.7094 16.0179 16.5365 16.9786 17.3004 17.6281 18.0089 18.3509 18.6022 18.7885 19.1395 19.4625 19.7634 20.0551 20.2158 20.3614 20.5235 20.5798 20.6599 20.7468 20.838 20.8943 20.9968 21.0897 21.1591 21.1499 21.13 21.0147 20.8784 20.6193 20.4146 20.3304 20.2967 20.1899 20.0587 19.9035 19.7596 19.6097 19.3914 19.1521 18.8893 18.5847 18.2711 17.9167 17.6528 17.3155 16.9745 16.5778 16.0999 15.6887 15.2495 14.9129 14.3076 13.7316 13.1872 12.5343 11.8701 11.2569 10.54 9.58324 8.72195 8.2947 7.86358 8.05227 8.89613 9.64464 10.5237 11.3982 12.0274 12.527 12.9107 13.2047
15.4208 15.6747 16.1838 16.5025 16.9446 17.3155 17.6506 17.9522 18.3229 18.6247 18.8516 19.029 19.3397 19.6731 19.9719 20.2613 20.4161 20.5567 20.7108 20.7514 20.8268 20.9125 20.9879 21.0401 21.1402 21.2232 21.2877 21.2798 21.2342 21.1125 20.9776 20.7156 20.5495 20.4796 20.464 20.3501 20.2503 20.1131 19.9578 19.8146 19.5976 19.3839 19.1265 18.8265 18.5103 18.1811 17.9341 17.6523 17.3486 16.9311 16.5052 16.1206 15.7009 15.3382 14.8607 14.3353 13.7392 13.1501 12.6599 12.0513 11.419 10.361 9.61385 8.98164 8.36079 7.75128 8.00927 8.99616 9.85634 10.5524 11.2065 11.6322 11.9782 12.2482
15.8466 16.1176 16.6184 16.9667 17.2987 17.6423 17.9672 18.2573 18.6015 18.8806 19.0934 19.2679 19.5285 19.856 20.1616 20.4526 20.6021 20.7412 20.8869 20.9078 20.9791 21.0661 21.1178 21.1696 21.2607 21.3368 21.4082 21.3941 21.3352 21.2076 21.0673 20.8111 20.6853 20.6435 20.6096 20.5074 20.4243 20.3017 20.1447 19.9933 19.7997 19.5919 19.3476 19.0682 18.7551 18.4364 18.2212 17.9715 17.6506 17.2537 16.8618 16.5352 16.1107 15.7663 15.4206 14.8506 14.2911 13.7646 13.332 12.8469 12.2194 11.2445 10.3665 9.40891 8.5234 8.15439 7.77321 8.48124 9.17846 9.88985 10.0928 10.3477 10.7725 11.196
16.2452 16.5603 17.0051 17.3623 17.6486 17.952 18.246 18.5338 18.85 19.1306 19.3309 19.49 19.728 20.0361 20.3368 20.6205 20.7695 20.9033 21.042 21.0685 21.1218 21.2095 21.2437 21.2869 21.3779 21.4339 21.5054 21.4925 21.4267 21.2938 21.1463 20.9059 20.8137 20.8044 20.7577 20.6678 20.5909 20.4703 20.3289 20.1578 19.9889 19.7996 19.5586 19.294 18.9833 18.6785 18.5005 18.2532 17.9262 17.5568 17.1706 16.9254 16.5512 16.2133 15.9018 15.3546 14.8035 14.2811 13.9026 13.5045 12.9123 12.0107 11.2089 10.2066 9.24874 8.54018 7.70205 7.52212 8.30508 8.66152 8.94046 9.27186 9.5571 9.7524
16.6369 16.9647 17.3483 17.7239 17.9699 18.2439 18.4945 18.7855 19.0711 19.3565 19.5441 19.6999 19.9101 20.1886 20.5058 20.7718 20.926 21.0533 21.176 21.2115 21.2551 21.3418 21.3749 21.3999 21.4931 21.5259 21.5844 21.5734 21.5075 21.371 21.2223 20.996 20.9311 20.9522 20.8966 20.8187 20.7418 20.6366 20.4974 20.3047 20.1639 19.9951 19.7509 19.4984 19.1869 18.9237 18.7544 18.5108 18.1721 17.8497 17.5143 17.2975 16.9637 16.6454 16.3398 15.8428 15.2933 14.7345 14.4368 14.0373 13.4417 12.7282 11.9652 11.0016 9.93872 8.98172 7.79912 6.97641 7.36682 7.92981 7.92981 8.62298 8.71375 8.68301
17.0278 17.3311 17.7092 18.0464 18.2701 18.5246 18.7213 19.0035 19.2895 19.5701 19.7488 19.8829 20.0785 20.3449 20.6601 20.9148 21.0675 21.1997 21.2956 21.3442 21.38 21.4602 21.4961 21.5105 21.6018 21.6241 21.6607 21.6494 21.5817 21.4382 21.3001 21.0844 21.0391 21.0864 21.0352 20.9647 20.894 20.7952 20.6521 20.444 20.3407 20.1736 19.9277 19.6845 19.3698 19.1489 18.9883 18.74 18.4306 18.1603 17.8712 17.6377 17.3196 17.0495 16.738 16.2819 15.71 15.179 14.9144 14.4558 13.8753 13.3241 12.5625 11.5726 10.3929 9.28479 8.47191 6.82403 7.06105 7.07803 6.31951 4.94373 7.07701 7.07701
17.3692 17.68 18.0582 18.3646 18.5752 18.8031 18.9844 19.208 19.4951 19.7638 19.9368 20.0512 20.2411 20.4884 20.7959 21.0426 21.212 21.3339 21.4174 21.4612 21.4972 21.5667 21.6078 21.6144 21.6951 21.7183 21.7397 21.7216 21.6518 21.5043 21.3784 21.166 21.1397 21.2124 21.1619 21.0971 21.0361 20.9416 20.7876 20.5809 20.5017 20.3349 20.0951 19.8431 19.5428 19.3413 19.2015 18.9595 18.6818 18.4645 18.1955 17.9543 17.6491 17.4191 17.0958 16.684 16.0866 15.6776 15.3595 14.8961 14.3039 13.779 12.9919 12.0751 10.8186 9.91974 8.13265 5.70935 5.70935 6.32791 6.32791 5.48753 4.46208 3.75963
17.7135 18.0151 18.3521 18.6419 18.8422 19.0677 19.2303 19.4332 19.6771 19.9363 20.1113 20.2167 20.3942 20.619 20.9201 21.1697 21.3363 21.4564 21.5426 21.5781 21.5968 21.6614 21.6997 21.7034 21.7766 21.7944 21.8085 21.791 21.7223 21.5732 21.4507 21.2676 21.2544 21.3227 21.279 21.2217 21.1615 21.0703 20.9092 20.72 20.6518 20.4973 20.2571 19.9991 19.744 19.5329 19.4043 19.1655 18.9213 18.7362 18.5003 18.2248 17.958 17.7527 17.4159 17.0328 16.4703 16.1097 15.7584 15.2615 14.7143 14.1694 13.3422 12.4023 11.1314 10.1725 8.10398 7.85212 4.74102 5.31029 5.48753 5.48753 4.76593 4.22057
18.0315 18.3184 18.6157 18.8973 19.0947 19.3034 19.4639 19.6386 19.8481 20.1005 20.2676 20.3714 20.5298 20.7421 21.0335 21.2882 21.4554 21.5723 21.6586 21.6961 21.7002 21.7394 21.7799 21.7795 21.8545 21.8646 21.867 21.8572 21.7939 21.638 21.5037 21.3579 21.3584 21.4249 21.3849 21.3383 21.278 21.1898 21.0226 20.8478 20.7871 20.6378 20.4075 20.1652 19.9323 19.73 19.6021 19.3512 19.1403 18.9767 18.7648 18.4883 18.2577 18.0578 17.7342 17.3344 16.8355 16.4646 16.069 15.5836 15.0656 14.4673 13.6597 12.6422 11.2798 10.5001 8.0741 7.97607 4.68303 3.72298 3.72298 4.77639 4.77639 4.23798
18.322 18.5792 18.864 19.1322 19.3413 19.5229 19.6836 19.8392 19.9995 20.2461 20.4097 20.5085 20.65 20.8617 21.1292 21.3998 21.5628 21.6758 21.7588 21.8037 21.8041 21.8137 21.8572 21.8489 21.9215 21.9274 21.9316 21.9302 21.8503 21.6907 21.5527 21.4336 21.4583 21.5121 21.484 21.4392 21.3796 21.2941 21.1306 20.9737 20.8975 20.7723 20.5669 20.318 20.1086 19.9013 19.791 19.5305 19.349 19.2053 19.0046 18.7399 18.525 18.3385 18.033 17.6303 17.1629 16.7689 16.3641 15.8736 15.3523 14.7101 13.8859 12.8279 11.5655 10.5787 8.17575 7.80156 4.69541 3.72364 3.72364 0 4.25925 4.25925
18.577 18.8308 19.1067 19.3477 19.5755 19.728 19.8923 20.0501 20.1453 20.3726 20.5288 20.6401 20.7642 20.9709 21.2138 21.4949 21.6594 21.7661 21.8577 21.9066 21.8983 21.8891 21.9293 21.9184 21.9806 21.9899 21.9948 21.9961 21.9016 21.736 21.5937 21.5088 21.5492 21.5949 21.5742 21.5247 21.4673 21.3883 21.2255 21.0867 21.0035 20.9012 20.7161 20.4811 20.2714 20.061 19.9643 19.7265 19.5632 19.4424 19.231 18.9709 18.7692 18.5843 18.2991 17.9054 17.4429 17.0341 16.6131 16.1418 15.5795 14.8726 14.0849 12.9944 11.8714 10.5291 8.92518 7.48375 4.69892 3.72364 3.72364 0 0 0
18.8068 19.0605 19.3311 19.5462 19.781 19.9434 20.0964 20.247 20.3246 20.4812 20.6297 20.7583 20.8604 21.0804 21.2971 21.5891 21.7626 21.8619 21.9594 22.0043 21.9858 21.9749 22.0063 21.9847 22.035 22.0363 22.0468 22.0486 21.9598 21.7847 21.6331 21.5787 21.6303 21.6682 21.6583 21.6089 21.5527 21.4775 21.309 21.1853 21.1196 21.0082 20.8427 20.6243 20.4161 20.2074 20.1199 19.9188 19.776 19.6554 19.4412 19.1726 18.9942 18.8207 18.5295 18.1525 17.6744 17.2584 16.8351 16.3607 15.7821 15.04 14.2496 13.1595 12.0945 10.4648 8.65818 6.97931 4.54905 3.72018 3.72018 0 0 0
19.0112 19.2693 19.5312 19.7316 19.9784 20.1434 20.287 20.4302 20.5176 20.5941 20.724 20.8611 20.9607 21.1782 21.3834 21.6831 21.8615 21.9591 22.0463 22.0965 22.0778 22.0664 22.0874 22.0504 22.0852 22.0937 22.095 22.1004 22.023 21.8385 21.6881 21.6609 21.7091 21.753 21.7405 21.6907 21.6348 21.5529 21.3748 21.2737 21.2203 21.1017 20.9605 20.7686 20.5468 20.3453 20.2491 20.0997 19.9745 19.8456 19.6215 19.3539 19.1974 19.0355 18.7417 18.3733 17.9055 17.4758 17.0523 16.5654 15.9431 15.1856 14.4047 13.3946 12.2755 11.7683 9.51942 6.41155 4.65594 3.71928 3.71928 0 0 0
19.1982 19.4503 19.7231 19.92 20.1485 20.3254 20.4666 20.6015 20.6963 20.7708 20.8278 20.9475 21.0622 21.2584 21.471 21.7735 21.9479 22.0505 22.1298 22.1792 22.1692 22.1736 22.1605 22.1106 22.1284 22.1457 22.1388 22.1459 22.074 21.8928 21.74 21.7366 21.7708 21.8365 21.8147 21.7661 21.7008 21.6188 21.4276 21.3551 21.3076 21.2034 21.063 20.8916 20.6643 20.4723 20.3649 20.2667 20.1613 20.0154 19.7887 19.5271 19.3847 19.2281 18.9292 18.5781 18.099 17.6781 17.2485 16.7463 16.116 15.3773 14.5135 14.0887 12.3515 11.6003 9.78854 7.26449 4.74375 3.72621 3.72621 0 0 0
19.356 19.621 19.9039 20.0884 20.3147 20.4981 20.6369 20.7588 20.8538 20.9357 20.9179 21.0247 21.151 21.3286 21.5576 21.8494 22.0287 22.1372 22.2098 22.2566 22.2586 22.2724 22.233 22.1864 22.1734 22.1882 22.1798 22.1815 22.1229 21.9383 21.7918 21.8071 21.8452 21.9106 21.8875 21.8282 21.7641 21.6796 21.4869 21.4512 21.3922 21.3249 21.1708 21.0027 20.7761 20.6167 20.498 20.43 20.3293 20.1743 19.9448 19.7009 19.5545 19.4004 19.1049 18.7628 18.2793 17.8642 17.4142 16.8944 16.2528 15.6517 15.0569 14.2158 12.2673 11.3416 9.78854 7.26449 4.80384 3.72774 3.72774 0 0 0
19.4978 19.7754 20.0703 20.2507 20.4594 20.6584 20.7941 20.9024 21.0032 21.0851 21.0578 21.1012 21.2319 21.3951 21.633 21.9124 22.1088 22.2189 22.2909 22.336 22.3445 22.3602 22.3124 22.2715 22.2355 22.2341 22.2247 22.2183 22.1651 21.984 21.8669 21.8847 21.9146 21.9799 21.952 21.8814 21.819 21.7363 21.5677 21.5432 21.4779 21.4323 21.2703 21.1024 20.893 20.7624 20.6501 20.5788 20.4851 20.32 20.0935 19.8585 19.7088 19.5495 19.2718 18.9342 18.452 18.0312 17.5522 17.0171 16.3833 15.86 15.2134 14.2282 12.165 11.0298 9.27321 6.97863 4.83618 3.72774 3.72774 0 0 0
19.6411 19.9194 20.2081 20.4018 20.6028 20.8086 20.9442 21.0474 21.1474 21.2209 21.2077 21.2111 21.3038 21.4554 21.711 21.9761 22.1898 22.2985 22.3692 22.4145 22.4219 22.4478 22.3919 22.3475 22.312 22.2761 22.2605 22.2515 22.2062 22.0208 21.9379 21.9608 21.9784 22.0469 22.0184 21.9353 21.8752 21.7837 21.6568 21.6266 21.556 21.5173 21.3644 21.1922 21.0089 20.8996 20.7898 20.72 20.625 20.4543 20.2398 20.0055 19.8591 19.6876 19.4292 19.0916 18.6028 18.1831 17.6787 17.1181 16.4753 16.0416 15.3109 14.1864 13.2429 10.6659 8.5703 6.70619 4.85532 3.72308 3.72308 0 0 0
19.7791 20.0622 20.3363 20.5375 20.7412 20.9519 21.0822 21.195 21.2934 21.3493 21.3498 21.3465 21.3667 21.5183 21.7756 22.0451 22.261 22.3678 22.4505 22.4954 22.5033 22.5301 22.4671 22.4195 22.3969 22.3384 22.2964 22.2766 22.2393 22.0546 22.0071 22.0304 22.0393 22.1014 22.0776 21.9858 21.9204 21.8297 21.7485 21.7035 21.6255 21.5948 21.4434 21.2835 21.1222 21.022 20.9335 20.8599 20.7573 20.582 20.3774 20.1478 19.9991 19.8185 19.5743 19.2342 18.7431 18.3071 17.7879 17.1854 16.5149 16.0534 15.3303 14.0844 12.9935 11.3199 7.80285 6.495 4.86669 3.71727 3.71727 0 0 0
19.926 20.1908 20.447 20.6673 20.8773 21.0909 21.2136 21.3335 21.4328 21.475 21.4841 21.481 21.4396 21.5698 21.8276 22.0991 22.3244 22.4373 22.517 22.5634 22.5731 22.6022 22.5427 22.488 22.4735 22.4143 22.3398 22.2986 22.2682 22.0905 22.0731 22.0997 22.0903 22.1441 22.1278 22.0218 21.963 21.8628 21.8402 21.8013 21.7016 21.666 21.5243 21.3623 21.2433 21.1465 21.0709 20.9932 20.8893 20.7076 20.5066 20.2849 20.1251 19.9446 19.7127 19.3565 18.8706 18.4175 17.8613 17.2558 17.0144 16.1619 15.2842 13.9478 12.6314 10.8372 6.94406 6.4238 4.87464 3.72287 3.72287 0 0 0
20.0742 20.3149 20.5488 20.7854 21.0021 21.2205 21.3431 21.4624 21.5595 21.5866 21.6036 21.6043 21.5577 21.6217 21.8771 22.1563 22.3847 22.5107 22.587 22.6355 22.646 22.6717 22.61 22.5511 22.5413 22.4788 22.4073 22.3297 22.2948 22.1501 22.14 22.1537 22.1425 22.1978 22.1827 22.0618 21.9949 21.9135 21.9357 21.8897 21.7929 21.7275 21.603 21.439 21.3573 21.2657 21.203 21.1244 21.022 20.8299 20.6272 20.4075 20.2465 20.0699 19.8454 19.4806 18.9791 18.5113 17.9314 17.3984 16.7812 16.2053 15.1581 13.6895 12.204 10.2571 6.45763 6.33723 4.89028 3.72913 3.72913 0 0 0
20.2158 20.4343 20.6578 20.888 21.1233 21.334 21.4663 21.5909 21.6802 21.7031 21.7093 21.716 21.6677 21.668 21.9327 22.2222 22.4437 22.5746 22.6494 22.7055 22.7203 22.7398 22.6755 22.6235 22.6109 22.5485 22.475 22.4012 22.3163 22.2039 22.1992 22.2093 22.19 22.244 22.2303 22.1006 22.024 22.0041 22.0326 21.9709 21.8727 21.7876 21.6776 21.5117 21.4633 21.3791 21.3208 21.2495 21.1375 20.9387 20.7425 20.5322 20.3694 20.1995 19.9608 19.5939 19.0864 18.581 18.0296 17.4353 17.0781 16.1398 14.9616 13.3625 11.7106 9.65047 6.22331 6.27634 4.92536 3.72913 3.72913 0 0 0
20.3424 20.5473 20.7637 20.9907 21.2423 21.4475 21.5917 21.7173 21.797 21.8158 21.8127 21.8191 21.773 21.7319 21.9758 22.2737 22.4908 22.636 22.7062 22.7671 22.7871 22.8004 22.7377 22.6931 22.6699 22.6087 22.5391 22.4695 22.3358 22.2553 22.2577 22.2622 22.2455 22.2953 22.2774 22.1293 22.0978 22.0922 22.1243 22.0605 21.9623 21.847 21.7491 21.6075 21.5633 21.4996 21.4328 21.3581 21.2433 21.0495 20.8508 20.6413 20.4957 20.3072 20.0779 19.6977 19.1837 18.6261 18.0992 17.5175 17.0998 16.0332 14.7121 14.0997 11.1913 9.06874 6.23487 6.224 4.9694 3.72564 3.72564 0 0 0
20.4642 20.6543 20.8681 21.0932 21.3574 21.5566 21.7169 21.8469 21.9109 21.9316 21.9166 21.9259 21.8776 21.8333 22.0229 22.318 22.5366 22.6992 22.7714 22.8314 22.8541 22.8666 22.795 22.7596 22.7295 22.6693 22.5953 22.5276 22.3863 22.3038 22.3151 22.3138 22.2944 22.3426 22.3127 22.1939 22.1959 22.1831 22.2118 22.1396 22.0388 21.9146 21.8124 21.7099 21.6684 21.6253 21.5505 21.4626 21.3409 21.1517 20.9577 20.7539 20.6165 20.4095 20.1745 19.7979 19.2641 18.6688 18.2084 17.9566 16.9885 15.8948 14.4007 13.7195 10.5747 8.53128 6.2413 6.18072 5.00567 3.72041 3.72041 0 0 0
20.5622 20.7633 20.9677 21.194 21.4701 21.6628 21.8326 21.9637 22.0188 22.0419 22.0146 22.0272 21.9864 21.9337 22.0624 22.3652 22.5876 22.7567 22.8337 22.8951 22.9175 22.9289 22.8602 22.8277 22.7865 22.7247 22.6559 22.5843 22.4377 22.3553 22.3709 22.3583 22.3421 22.3791 22.3442 22.2813 22.2841 22.275 22.2919 22.2144 22.1125 21.9835 21.8734 21.8021 21.7774 21.7505 21.6659 21.5827 21.4505 21.2519 21.0633 20.8677 20.7296 20.5045 20.2651 19.8753 19.3568 19.1212 18.3462 17.5542 16.9164 15.6764 15.0602 13.1797 9.91948 8.08872 6.19431 6.11802 5.06459 3.7191 3.7191 0 0 0
20.6555 20.8528 21.0639 21.3021 21.5821 21.7699 21.9471 22.0724 22.1255 22.1402 22.1148 22.1228 22.0948 22.0358 22.0938 22.4083 22.634 22.8075 22.8911 22.9559 22.9755 22.9888 22.9184 22.8887 22.8353 22.7725 22.7064 22.635 22.4872 22.4009 22.4176 22.4087 22.3891 22.4207 22.3759 22.3692 22.3783 22.3677 22.3706 22.293 22.1831 22.0578 21.9383 21.8906 21.8801 21.862 21.7779 21.6978 21.5703 21.3632 21.1723 20.9713 20.8232 20.5773 20.3333 19.9411 19.4604 19.1871 18.3166 17.8169 16.7333 15.4009 14.6854 12.639 9.24386 7.69275 6.32425 6.04699 5.17871 3.72606 3.72606 0 0 0
20.7231 20.9342 21.1522 21.4021 21.6766 21.8694 22.0526 22.1803 22.2356 22.2437 22.208 22.2178 22.191 22.1341 22.1282 22.4417 22.6812 22.8601 22.9524 23.0095 23.0285 23.0444 22.9783 22.9475 22.8868 22.8281 22.7556 22.6889 22.5331 22.4513 22.4565 22.4529 22.4326 22.4494 22.4065 22.4557 22.4692 22.4565 22.4494 22.3784 22.2475 22.1227 21.9993 21.9756 21.977 21.963 21.8754 21.8043 21.6812 21.4695 21.2641 21.0701 20.9161 20.6472 20.3887 19.9832 19.6415 18.8319 18.2681 17.6925 16.5475 16.0668 14.2465 12.0259 10.2856 7.35593 6.38191 5.9893 5.23668 3.72784 3.72784 0 0 0
20.773 21.0073 21.2327 21.497 21.7672 21.9609 22.1608 22.286 22.3457 22.343 22.3105 22.3158 22.2877 22.2297 22.2157 22.4761 22.7262 22.9084 23.014 23.0745 23.0928 23.1036 23.0387 23.0088 22.9368 22.8707 22.7951 22.7345 22.5764 22.4941 22.5015 22.4981 22.4665 22.4827 22.4826 22.5365 22.5451 22.5361 22.5192 22.4445 22.302 22.1834 22.0763 22.0621 22.079 22.0641 21.972 21.9136 21.7806 21.5626 21.3498 21.1605 20.9847 20.7119 20.432 20.0476 19.6793 19.0038 18.2723 17.6027 16.278 15.7054 13.7721 11.4053 9.82727 7.04866 6.38191 6.03699 5.24351 3.72784 3.72784 0 0 0
20.811 21.0605 21.312 21.5903 21.8646 22.0595 22.2606 22.386 22.4509 22.4421 22.4175 22.4194 22.3857 22.3276 22.3164 22.5057 22.7774 22.9559 23.0689 23.1292 23.1468 23.1521 23.0944 23.065 22.9811 22.9146 22.8445 22.7767 22.6123 22.5305 22.5446 22.5421 22.5049 22.5116 22.5476 22.6171 22.6232 22.6161 22.5914 22.5184 22.3602 22.2505 22.1641 22.1517 22.1798 22.164 22.077 22.0221 21.8768 21.6569 21.4322 21.2453 21.0462 20.7774 20.4694 20.0849 19.6806 19.0321 18.188 17.4202 16.2663 15.2965 13.2887 10.7284 9.21846 6.75342 6.3085 6.1269 5.26847 3.72321 3.72321 0 0 0
20.826 21.1044 21.3829 21.6839 21.9561 22.1526 22.3518 22.4835 22.5528 22.5443 22.5312 22.5172 22.4874 22.4268 22.4236 22.538 22.8172 23.0091 23.1335 23.1932 23.2122 23.2083 23.1558 23.124 23.0322 22.9542 22.8819 22.8181 22.6575 22.5781 22.5787 22.5805 22.5371 22.5406 22.6223 22.694 22.6999 22.6896 22.6589 22.5876 22.4265 22.3227 22.2485 22.2385 22.2718 22.2509 22.1662 22.1272 21.9699 21.7491 21.5149 21.3139 21.0922 20.8453 20.5144 20.0958 19.6393 19.049 18.0342 17.2602 16.6098 14.8582 12.6834 11.4429 8.60778 6.73041 6.13134 6.22584 5.33319 3.71742 3.71742 0 0 0
