benchmarks/avaPyramidNullTest/release1PY_1954323dbf_C_null_dfa_ppr.asc
ncols 794
nrows 794
xllcenter 0.00
yllcenter 0.00
cellsize 5.00
nodata_value nan
[rows 198 to 219 of 794, columns 400 to 449 of 794]
59.02549528010002 58.57546261974591 61.76410991145006 64.72438830489851 66.75594602963781 67.44010032028288 67.06990960423475 65.4254666096174 62.92378265956201 59.23341780306455 55.99364777218857 52.89824408342876 51.77679681374801 49.67312140679123 47.23727669010552 42.27969862485337 39.37017468431893 39.9809236758714 39.46895293963164 37.99308823465419 38.72901323087975 27.02347913984782 28.16464036673701 26.89322676773182 20.73801013027923 20.61678519686829 23.49802975309133 23.94958631715252 23.01326006494823 12.12495884331799 12.14897018526028 12.34983420212331 11.58761226206435 11.30799632710363 10.62726337135217 9.778274324827469 8.46766140997787 8.26500740271436 7.051635396166699 3.236020731731319 0 0 0 0 0 0 0 0 0 0
58.99710227706372 58.45471005718198 61.6449646649239 64.5097244521443 66.49623779976947 67.15733415718984 66.77974884406213 65.06622688546351 62.56120019450313 58.9440725393908 55.31633925569293 53.02902218863532 52.30091881735822 49.85689796987601 47.48325679972537 42.89872545479347 38.93758736731717 39.69239399029201 39.26033046389124 37.89766631397546 37.5483185225339 28.5796618325663 28.02926830648427 26.40369921330984 22.33599000653889 20.9366618463208 23.66707679747294 23.86816423162469 23.33298211702865 14.27707453138898 12.24666924821706 12.25491175015804 11.50512331680167 11.41198699528014 10.69014214117424 8.870921342056922 8.767810180641492 8.304910464022356 7.453298902757122 3.249753553666589 0 0 0 0 0 0 0 0 0 0
58.88412832946401 58.49591850755377 61.42665445080978 64.01817682522953 66.09037077507215 66.7640287589202 66.45134243377862 64.77505145069483 62.26581729366814 58.7209167904666 54.75307569137391 53.88541012359032 53.01032560287725 50.2938884775074 47.36880815450395 43.10619497008928 38.3381815924182 39.19284602423119 38.82510454682829 37.72627011345607 37.71998050354583 31.4247850913635 28.19619825029771 26.50768737130133 23.87038114561955 20.90401712794847 23.78161970825122 23.80091142446534 23.03641901633916 16.12404155580215 12.31340978080544 12.21482872928392 11.37189836576207 11.45459550696394 10.40706058264703 7.842508296917921 9.14118048942276 8.157619617794984 7.64891775730576 3.24975355366659 0 0 0 0 0 0 0 0 0 0
58.94847683469093 58.50735660642309 61.11213952734344 63.66895429554034 65.72999526360194 66.23110307867191 66.00174844440795 64.42279619893496 61.86988883174292 58.70150548417409 54.5732145364729 54.07742137924391 53.48321740185593 50.79823114317983 47.51917084686527 42.98389168737332 38.23366298966442 38.82584023855586 38.41645399949098 37.49710642329395 37.36047140613562 33.92365099287511 28.33581398063186 26.64811565197292 25.00123244468628 21.00626985983828 23.70305808490111 23.74688448900946 23.01273728410202 17.58222162097308 12.28300970079946 12.16944835314616 11.09882518090825 11.3675347210715 10.00220005495172 9.729042530387092 9.241900524700757 8.3951683506875 7.64891775730576 3.248926703316513 0 0 0 0 0 0 0 0 0 0
59.23907620412925 58.50308705741191 60.79105748271158 63.32776795286255 65.28593227042016 65.78663140585296 65.49398433181446 64.02710995341377 61.65970494229937 58.76809537452947 54.55473883449545 53.87403474450039 53.26691385934274 50.85258603011038 47.78288909398084 43.31794113967742 39.10897447795123 38.38310021762668 38.20675727689916 37.51290814693446 36.95710213225868 35.66040380578922 28.44831657197601 26.92617628737454 25.63449467125778 21.18265677142486 23.61503370230382 23.75272079799335 22.25072365935372 18.54126833090001 12.24135897374601 12.08690099913584 10.83658050007656 11.20435525219323 9.31159255592747 9.445367096882425 9.144361632409506 8.331273115483805 7.545043735503208 3.238927501882144 0 0 0 0 0 0 0 0 0 0
59.40935450835466 58.47279361268192 60.60434487154907 62.86497976900839 64.78453394383379 65.36540067719426 65.06759522419775 63.79010625933979 61.57930534701659 58.59843217638355 54.5258866551775 53.35807368541394 52.97365750305143 50.90696867709056 47.84317702016905 43.765761382342 39.33828583357348 38.0464200229267 37.99436012952698 37.44823285623552 36.61720539803441 31.4478506181429 28.54254864050949 27.44144335448624 25.70458132254026 22.11261328878529 23.66097516597634 23.73545679718763 21.30386878129227 19.25095195493178 12.12461943705811 11.90073080970886 10.69621707643077 10.96825700729361 8.44298148596633 7.536175080697341 8.976783764983855 8.387038009487203 7.114719019030328 3.252449559698607 0 0 0 0 0 0 0 0 0 0
59.39281978027155 58.39856860764964 60.26074173881369 62.54619946667405 64.47638943997576 64.94271539083796 64.71453652689929 63.61423467389806 61.42839377908014 58.25445132057757 54.38673583599297 53.22940824802832 53.06073324481352 51.22654942083666 48.0655145961391 44.01625832691867 39.6312771744572 37.76511226462008 37.78777527123569 37.2871307137402 36.28485211463219 33.33390982394218 28.71890284803704 27.69222364840913 25.25283220915826 21.95195469688049 23.74232213067442 23.75708448147844 20.95639302962153 19.837011584661 12.02683423339518 11.53147683363974 10.60150225328363 10.83542485075776 8.40839429500479 7.397444181908597 8.813079393248417 8.269411841601128 6.309741675978279 3.252449559698607 0 0 0 0 0 0 0 0 0 0
59.68837067516057 58.40318654672708 60.04703059384859 62.27165967132044 64.02438254879588 64.55853407267274 64.34836614038363 63.45382649078662 61.16890514814399 57.78667320892691 53.84987847493996 53.25547595840299 53.27747550703812 51.76960883875294 48.81480934591441 44.10539586108288 40.40591041290627 37.37226208479021 37.65539295288659 37.28386017233853 36.34907157115443 34.96836668391798 28.84621875804759 27.81899036399454 25.02020805706314 22.0034390208256 23.69029734962987 23.68659196312279 20.77304088549842 20.14757482684505 11.82869679692549 10.98134995719029 10.57317622021908 10.71489367491305 8.732572401663605 7.18642101792941 8.524785014954295 7.721274705072693 5.597480669706466 3.245472063113919 0 0 0 0 0 0 0 0 0 0
60.04095002919764 58.57703926434804 59.84067583850922 61.8908874983278 63.54405495818667 64.06653826100415 63.9496570411294 63.11984442102003 60.63063253161674 57.11580949489642 53.33093515088878 53.0812762718345 53.59309483197288 52.29368991576025 49.65370569396898 44.84150088583401 41.67725387366215 36.94133811363589 37.39024540768573 37.25196978776544 36.17251148219196 35.97041503586048 28.94208862875092 27.83019163072749 25.15996387860344 22.02798357757533 23.48751649013365 23.57240437585701 20.80975809873987 20.05207688266276 14.14165576023452 10.40813099199152 10.61970259261937 10.08495018504055 8.94301133259512 7.096821693992458 8.270162025942936 7.081721601350527 5.449767877005269 3.242339279440521 0 0 0 0 0 0 0 0 0 0
60.69322805623403 58.73435760166976 59.83335358343398 61.63744913859976 63.12079117239691 63.58535747106775 63.33798947689469 62.53886356582823 60.00851972719779 56.35172998452467 52.7988773851145 52.95593880425883 53.69986533081477 52.93719587054022 50.37911346411272 45.96549293806505 42.21467354406933 36.77116733153454 36.91802471303632 36.98462554906006 36.32638166980522 36.77984728140665 30.85366804001546 28.10309982184915 25.22250183810676 23.14813868797356 23.32399959841614 23.37493321190444 21.24212100044566 18.43428674721059 16.04163619005142 9.86019946786706 10.67627971613244 9.107641238121559 8.94301133259512 8.376654067711799 8.376654067711799 6.868199661863589 5.336703996006444 3.254925942035303 0 0 0 0 0 0 0 0 0 0
61.29778616917834 58.70025704003849 59.76384669985954 61.4055627173623 62.74567805362857 63.14029859454216 62.80804857240155 61.72408672668123 59.28288724340717 55.65970082081483 52.08323189540991 52.387099016447 53.41556567903451 53.0433606327352 50.62145617236867 46.19374394420001 42.15839906499819 37.35464625142455 36.53477657806695 36.79320587378747 36.50308268969903 36.81448560351161 33.20585565460903 28.46184213833302 25.83187127657761 25.04636144722763 23.27414266351661 23.01201558167457 21.33909641637209 18.61474350304781 16.04163619005142 9.476909468665715 10.76938561897092 9.246342043078265 8.724435392408182 7.867763602349423 7.867763602349423 6.175729414913863 5.024868357799083 3.254925942035304 0 0 0 0 0 0 0 0 0 0
61.92913704166507 58.49935497512674 59.45404574340052 61.22674474275346 62.43870403091149 62.66286879625532 62.25715493899893 61.00352640669378 58.66521945957847 55.04188762439 51.50116589283872 52.10259371991072 53.19967261033207 52.86954859523493 50.72641731196289 46.30930811585998 42.1419429408983 38.38223716842899 36.24908569793035 36.6344580511947 36.42231639029229 36.10809261709861 35.06311863588701 28.89437114473778 26.81627561971814 26.88359126303865 23.13842553255892 22.67997827242533 21.16116961278717 17.91863410925138 11.74371086980454 9.32605313910428 10.82355593287244 9.286609090248465 7.935728777494522 7.94415863982789 7.509582362493334 5.046118400694086 4.727348981179334 3.241923612439427 0 0 0 0 0 0 0 0 0 0
62.49942870627802 58.74099088423477 59.09098437317851 60.79414998211013 62.1062682521465 62.30878100956526 61.82509249639925 60.49776323254439 58.2331169719308 54.74079001269105 51.17601984142863 52.00197891207805 53.21389802829191 52.86420461620808 50.76032787637462 46.56451952139731 43.08993941842849 38.75721783656572 35.86051187154746 36.30815593294498 36.32909454104705 35.5052082945624 29.57426059465168 29.41647807356112 27.82637996925024 28.18230242252964 23.13629181910565 22.55481442327388 20.56099530645194 17.36319259598713 14.136698276166 9.208896108207567 10.86772249513813 9.549726653255716 7.799145050924299 8.324652541098759 7.131283402088528 4.860611738309847 4.744665170886353 3.245402561016473 0 0 0 0 0 0 0 0 0 0
63.67244525489473 59.10592050883709 58.90030978618051 60.28942957649847 61.44001221240325 61.76548552517447 61.31779587795671 60.13054158375975 57.77794755009692 54.53759374118195 50.8970113261726 52.17594801538137 53.58313851850872 53.214458997186 51.12002829061495 47.20677169882101 43.77796170078898 38.93925201126263 35.57106714951183 35.90376229250433 36.01865918883067 35.04321745711399 29.90416574364788 30.08185443303466 27.9604724587228 28.58697802059289 23.10802405122636 22.47205821570025 19.99629823286513 17.32759925759687 15.90728014229563 9.81138148344805 10.9140474092793 9.419384559325984 7.946254606173095 8.668901499476892 6.591147237670236 4.849850427990662 4.829382601221637 3.25377865582072 0 0 0 0 0 0 0 0 0 0
63.66889075460255 59.4300380550115 58.64352851369557 59.82102990266111 60.99424719614005 61.20110475350405 60.77267054486669 59.70910582445025 57.53114449688624 54.32019480937133 50.5685049253434 52.26555644402999 53.60118419526484 53.78577563789958 52.17956223131061 48.44002843246875 44.3863150490975 39.33927739015393 36.81213083896552 35.60677246401061 35.65810911992912 34.35714199252369 31.29452335336735 30.16359051213362 28.10426278083105 26.68415574716 23.37413461392489 22.4048820100873 19.38702681453175 17.48020169954962 17.43301420113957 10.580154582481 11.1198195943557 9.44072960266238 8.188835204252607 9.029289011410787 5.822509764683486 4.878261631627665 5.119571813525091 3.25377865582072 0 0 0 0 0 0 0 0 0 0
62.99653254862638 59.22529186740535 58.69119450686716 59.5611148622699 60.25632213125418 60.49449107419444 60.20933072388854 59.14067037163981 57.11545746314188 54.05878479814633 50.26858274932607 51.9467141227946 53.22183852559558 53.62765821552814 52.61233647574134 49.2298820634826 44.79143809591601 39.93998589598915 37.93040808584268 35.41399416232883 35.37679259940285 34.1664690359782 32.3551288012362 30.16183599616771 28.26994041453976 27.73264897935693 23.27250803495136 22.30066455140609 19.33657923974031 17.61216049639918 17.82287960290316 10.84455234380222 11.23737431146865 9.40897806261883 8.587607690530431 9.402187913199757 5.79241003365363 4.971139837021431 5.50422075051569 3.238115848762615 0 0 0 0 0 0 0 0 0 0
62.68984216016344 59.03865503567765 59.07085718287826 59.33144066919935 59.71073521206326 59.82554892583634 59.67936328819425 58.8313888666929 56.79201797632647 53.71867352276383 49.96684467586653 51.404898060428 52.52272353083396 52.95364754257225 51.86067967977352 49.06107150401131 45.31479224373778 40.59073708413472 37.17513111607591 35.12566148814574 35.01252874485171 34.03453063044838 33.24402197259482 30.27567594158207 28.37064225094476 28.5099699013059 23.25474701227736 22.26234535661968 19.40316788502478 17.55035449911565 15.60564669492416 11.42028905841573 11.4009855305431 9.33679914069049 8.96610003552853 9.769652675399421 6.022182510718915 5.170258323591542 5.793554356970034 3.605778935858014 0 0 0 0 0 0 0 0 0 0
62.65252511459195 59.23100482952938 59.28843548504477 59.25311869342377 59.21327746347525 59.4183384269287 59.00750332129483 58.12811955460737 56.22234477895889 53.46994926369796 49.43572466070123 50.90839286380812 52.16881984344903 52.45504735920949 51.26411241329637 48.76040687208847 45.34444970945636 41.56495720771732 37.64153606872901 35.11606252374585 34.89653558510003 34.067307851937 33.59672006090988 30.30441639920357 28.63301374300119 28.81568128402279 23.15809670165103 22.03813322014474 19.34907405709655 17.49438659693002 16.53289967348285 11.42124518766625 11.29585882462741 9.501574649180055 9.295662287351805 10.07888607347547 6.175203741192544 6.162525812075459 6.162525812075459 4.330040091147491 0 0 0 0 0 0 0 0 0 0
63.03140745046515 59.50037629961899 59.36092362819576 59.55272565783553 58.90259894434107 58.67680802086625 58.30290451960168 57.51181283659972 55.61727345712258 52.92217248250788 48.91525683166992 50.66082359606852 51.77131095655005 52.07494555309058 51.11954222971679 48.951521678395 46.03712985613959 42.30413158840451 37.66785306942856 35.18517802704169 34.81003693951359 34.12781958439248 33.12254477889744 30.48730587108071 28.88238935582969 28.39221505896859 23.19707444633141 21.70802985288936 19.18686311406361 17.46810143232284 17.1951648003304 11.17068348638334 11.06729006418823 9.668213057196986 9.624295149553097 10.27616961402392 6.274630754581652 6.638481825641405 6.477794012560064 4.863034236534394 0 0 0 0 0 0 0 0 0 0
63.61978116378985 60.03853446346554 59.11016122560936 59.64284981373447 58.47507343225956 58.325694432228 57.7745509607772 56.79290124351076 54.93559041084024 52.28202483264425 48.65389230054555 50.31566234022449 51.61431112375735 52.01421484921495 51.19820836375762 49.14348165908634 46.58022610403899 42.5403023526476 37.37777475084005 34.94485278645265 34.63835980147303 34.02203391911981 32.25047438531988 30.62117412176643 29.26127152422677 27.14960113944286 24.98382977879513 21.41730073907566 18.80010959988446 17.14795799293576 16.90537770789886 11.51763561726879 10.88359206666637 9.944343038434285 9.833507265177897 10.27616961402392 6.343762766037272 7.158209338202272 6.706976551755064 5.376586305885477 0 0 0 0 0 0 0 0 0 0
64.50675230790795 60.86933116954609 58.68124128840139 59.61231974653261 58.77894168914242 57.8081726885301 57.28761137484502 56.21581631530763 54.32116059526284 51.78750477065215 48.18734173403869 49.93166741095568 51.43768985033933 51.73763320273211 50.89499157600244 48.94212709876562 46.37148838508066 42.32104290101031 37.64689126926063 34.57658159441684 34.35209720957975 33.77118043066444 32.05485149526805 30.63764192831205 29.39282175664475 26.92759795083453 22.52170943140201 21.28216762519457 18.39379031098132 16.31775291678765 16.90537770789886 11.82911052917021 10.80200524678422 10.13088995691511 9.802272099768233 10.19445512572681 6.919510476877378 5.729328788627904 6.690647549856956 5.666046192083658 0 0 0 0 0 0 0 0 0 0
66.40786328469086 61.61808704857592 58.74239882637654 59.45049563686437 58.95901874435943 58.02818215831836 56.6486451411826 55.53498945327766 53.63843475789348 51.1603025909478 47.80738810506552 49.72811169106473 51.36087792958489 51.69952062912017 50.7231642084662 49.08928175667139 45.98831097183597 42.34414335143103 37.82058437879684 34.51034526282023 34.23128161422733 33.5165772897188 31.76684089718023 31.34083005443172 29.36588325867261 27.1043915353498 24.5361047083352 21.2807273129561 17.94355557916764 15.77207467488108 11.98497672557388 12.11268198321777 10.66387945572085 10.09036671182142 9.613738712588631 9.584379243765332 7.490610120458715 5.94210612062342 6.841017794335411 5.829609041404992 0 0 0 0 0 0 0 0 0 0
