benchmarks/avaPyramidNullTest/release1PY_d296a00ba6_C_L_null_dfa_ppr.asc
ncols        794
nrows        794
xllcorner    -2.500000000000
yllcorner    -2.500000000000
cellsize     5.000000000000
NODATA_value nan
[rows 420 to 439 of 794, columns 450 to 494 of 794]
82.504597907149729963 83.562498309328461232 84.508872643403165625 85.602386109196430652 86.760760743651374582 87.87196793497666647 88.928651920526249341 89.915782708699168779 90.93710093166828301 91.949703121993181298 92.925685860843188379 93.794811465739016398 94.573527443082440413 95.234235547947520217 95.812471185741912905 96.186851310703900708 96.611661951669788095 96.839947108973788659 96.964507285415237448 96.927006501404733285 96.866882596117832804 96.328656820241747027 95.624172695990537818 95.435480435937989796 94.480820014196908119 93.040765002704873154 91.704096016097338406 91.935532681301026514 89.405226681421055446 87.33685021196646403 85.206055367360775676 83.009541753521816076 80.749496287167104924 78.421440427767109327 76.016257036923619239 73.579737076868255485 71.456053670945479439 69.251848513368315707 68.689418064777527206 65.80949607665570511 61.507246779616373544 59.877590989671986677 56.568471080173452492 54.296721091549891014 51.619456290226722217
80.807205866429896446 81.82500269785904834 82.864057368840363438 83.926313948401315201 84.887088752382098278 85.874907603978599013 86.832047898421805598 87.904071738948189818 89.049166125028449414 90.079160531157143055 91.109025077781254254 91.954391928261244971 92.70548621899878583 93.22620692092162642 93.631085735710527729 94.00717764509104768 94.381995890234179569 94.384578082740034688 94.407859254326467635 94.215434215894191539 93.903790891823533116 93.564365213940305921 92.771101194190848105 91.669298396835444009 90.665519917834245689 89.942558537704542232 88.405226985325271016 86.649392123011878653 84.724080409864086505 82.599252760156403497 80.332785306997138264 77.960539116999825637 75.579653240962969107 73.369054994030435068 71.823299614273622637 72.610094021612013648 69.846521058396987769 66.618181329578803229 63.326237042313017866 60.446767134415082978 57.41034284268978638 54.661618622711991122 51.867874975185493724 49.126070674981612285 46.612867944714132307
78.86655065037859913 79.759906273930681664 80.64940240083427625 81.648164177813200126 82.818884607168939738 83.968595927816878088 85.047739193860962814 86.049449809185986737 86.982105702139591585 87.846837552469565935 88.640769753620574534 89.327283860443230878 89.789873743371529713 90.280473246857511072 90.697074721145739318 91.129508647281312506 91.689770387223205717 91.743244009790089422 91.516897158077313179 90.758573386624163959 90.015183556369436246 89.989660978929336466 89.023346895557949665 87.922190244158656469 86.668702632638854766 85.184401920775428607 83.515061855756798082 81.648303336544969966 79.611325340291600128 77.426473068238877318 75.197496255445287261 73.01579296747063097 71.238383521360702844 71.476673684832917388 68.800100838081249321 65.957855938688624065 62.985050861039489689 60.159961393721680167 57.100120571492368526 54.032479188979699813 51.086709218294124923 47.85973551345585264 44.690207715837559022 41.711221760106802492 44.112420827162978298
76.491403590353357345 77.559227136453770868 78.548612725831361558 79.544075945830698515 80.639606285836791244 81.760688519205913849 82.861021063288802679 83.872134135664254018 84.77753993971532509 85.649840516413945579 86.337494895172994802 86.915952814072298338 87.97878481869163636 88.575123245851699494 88.103741777178186112 88.167724494715244532 88.179322338705233619 87.992079380852104009 87.742875422628713977 88.183088983132506655 87.37629874188350243 86.391038399686237881 85.240390524287377616 83.873159625419049235 82.307437956762100839 80.549313896668550683 78.604894008478666478 76.465151854915433205 74.203224896467702365 71.952296872641611003 70.505554173310983401 67.039486605269956954 64.356641997563016844 66.758782873593347063 63.866051501419647707 60.862973816970267649 57.226561544460565756 54.167914259700289392 50.547525446842286101 46.876037564879034392 43.380510326409854827 40.144592149467271724 37.206262068984962355 34.234958952880404581 36.34557749169520946
73.73997563756621787 74.787922023425835505 75.841971769984056095 77.010302279061406239 78.10241714943370539 79.187697995926043859 80.132862452075997339 81.017928669662168772 81.86666523178634236 82.515300113211907274 83.26777394468135185 83.834947865467498218 84.224130601957554632 84.486476929037564787 84.604922059364483289 84.666750728957254069 84.561068157662646172 84.287038594507833977 83.830700187498550235 84.727381704011065722 83.58978328873027408 82.823676083109987189 81.493353822831949174 79.843257435031986802 78.098139787759251362 76.388903661946500279 74.248686936049324459 71.642090218618875497 68.993314417953413908 66.455519783099347819 63.78720357355019388 60.563390331163631686 57.864003667387947871 54.82160573370171619 51.893964716561661987 52.178851640135171408 50.898413365995963886 47.376476057965881239 43.843871488684008852 40.553590736865828603 37.164474866699158895 34.51649079343032156 32.012562908976050835 29.915847199846641757 28.289967836608635565
71.568026724929225679 72.510220943241165514 73.569759138411242816 74.759814103279495612 75.897068699737218367 76.938829870085100993 77.800047860487879348 78.622770975151993866 79.23492925953047461 79.802510606486833922 80.360284800437355557 80.913510799276764374 81.175752087152474701 81.15134724006854583 80.874036353614940253 80.399336754778246927 79.755731745247572917 78.928615500348641376 78.097105786883290079 77.374695709112685904 76.304540506351159479 74.625643790700650015 72.432254162220942817 76.683044700718397735 74.185109048672401855 71.380713931858821297 68.51657634281185949 65.842982413836026012 62.913810879504985962 59.882436074840867946 56.590413197279744395 53.365528492174846065 49.897728105732731763 52.111711802102632873 48.949314794773222559 45.442326647264764006 42.071444249454181374 38.676921617108163787 35.75956783247210069 32.931300745374286976 31.415017280371763775 32.084862901695856863 29.715717494758280282 27.655874566792849834 26.070341657336431496
69.439996595199559692 70.604956483538217071 71.610319777636632921 72.611728925282605474 73.488377713149958481 74.291106753392824658 74.877717427387395333 75.410297889120258219 76.434093836991323201 77.189830397825076602 76.460251915871168649 76.43375759554628246 76.349355875108798841 76.321790522652648292 76.150999346733556195 75.626684436446950599 75.175668257712032982 74.185793261369909146 72.833409148397151966 71.194489787447906792 69.663261647988448999 67.66103474276893337 65.515775396901403838 65.304458522144216204 65.556670450126318883 61.183916203518130317 62.102653798693616238 58.823166690849191696 55.636569838121161524 52.305855987474075164 48.725709726318989112 45.254352396526364544 41.798805283450143122 38.59273661130927735 35.229653856395685807 32.635894576940280842 34.808788963560594709 32.056048695940944526 29.392763135662441698 27.134674703521589834 27.461488242981303642 25.427612914425498758 23.359559895988471823 21.842457099111268093 20.768629823971455295
67.034294481337255434 68.18716626949868953 69.187807803664099993 70.0254791058646191 70.754275882055836178 71.350451529199190759 71.739581793925765396 71.92860183869279922 72.244098901438476901 72.696628714113529668 73.114957629481565959 72.814908847185506602 72.310263711281777432 71.6910497073786388 74.649099840228146263 73.759386756138169972 72.614036793408359927 68.905833280196048918 69.522645400159959195 67.553625286199135758 65.44734146851628509 62.950622109563660445 60.367830811938354429 57.658278088588929222 54.819418714517397007 51.991705824563901217 54.499173946981336769 51.405369473893586019 47.911272012585499169 44.253434693186967763 40.671284046961403646 37.35095305455017467 34.403105967403377008 31.553444808463073201 29.126244985232382589 31.081721712608981534 28.875515050737231348 26.754537024295174774 24.932369844368167833 23.413882101947439907 22.254811926727192883 21.315549519333046646 20.561377706576244861 20.306610088323044039 20.227043313154293713
63.83057329908294264 64.787973374672816362 65.645252907716866275 66.356390728223757947 66.76057800841473977 67.640190537648507529 68.92052340731362392 69.567587545807370475 69.77507557906434954 69.869183599048483302 70.060705931467964547 69.118527600898545415 68.077314724208520147 67.207042115257038972 66.354048178906012367 64.982547093772424773 64.243589786678484188 65.100821665179068987 60.534972792348419546 60.385072632598642883 57.794151443013362268 54.744770156523408389 51.61693863365718471 52.561515928283689902 49.346622827539754041 45.958702105482785782 42.675396730707745974 39.438863824172187833 36.289949368873415381 33.235223942095771577 30.473124497626610463 28.300089347280589891 26.065172729938318241 24.644959423982943036 28.524432522198054585 27.025104900078524395 25.355733579923995791 23.66822363068900259 22.107352233441638134 20.689608508535251019 19.542373346824117419 19.093587341177453709 18.72058444880019934 18.257870486694994128 18.382979351482575225
59.375848969631547902 60.066908575652924185 60.73290447071958198 61.285973225801896547 61.892626424411396613 62.896146723048417471 63.417984110650984064 63.561015877561672482 65.755168588231896365 63.384912579113212416 64.85155959937671355 63.878173886187902042 62.769537788280089785 61.2188128127989728 63.463425338960057331 61.295006342362320595 58.963672597944125187 56.198889027467295421 53.252580676110042646 50.097189701759944569 47.449634886802478206 44.383063122437484083 46.306380003019782521 43.111513421476779229 39.736130703879545933 36.241039220326960901 32.915326199859464396 29.82846217806483935 27.121653675360494873 24.743234785843302603 22.765018728031506612 21.134987248048592079 24.346677167327172242 23.693678288312469249 22.243973487753326168 21.053775383943342803 20.084651354868231721 19.312505534675945995 18.737750172031656604 18.277460430860365648 17.761202957353759757 17.44344970992564825 16.963260862106960047 18.17374216791252195 17.600926401941716648
54.431961030943007529 54.975784388073783759 55.50483005551019744 56.234469953679649734 57.233758259118182821 57.412770181957817783 57.284688490350383461 57.38031254739713205 56.518660278632317784 55.783881353067634734 61.085739786255274453 59.478313240317156385 58.78269000561169122 56.138560064774409852 53.796824199322173854 51.308557507668794528 48.492273083809870116 45.660138688423330677 42.634731146659191836 39.58565310214441979 42.493576529710431089 40.99760274784944869 37.795459809936417628 34.487641894951423183 31.182236461926606808 28.251817185430450508 25.705620794232881821 23.545898563892940558 21.608085637250642463 21.000523073056729828 20.533861750214587261 21.401489315348758424 20.517331267644923543 19.623270086953382929 18.977183903273829202 18.544698244961146827 18.238250994101917968 17.934853565909715911 17.545942968360396463 16.99963689898145347 16.351433534024110372 16.130313144602311581 16.21983266592841133 16.325402367032328499 16.436542948728956048
52.093459942779333005 52.441192487412507717 53.177705929145176356 53.62470993609401404 53.846531218864619461 53.592377255469152431 52.685626974759451002 51.940361364561994151 51.023116239122678905 49.668740953501163915 52.565760477012766216 50.555740726485218772 48.471798432995228723 45.88988393990692316 43.038698564695835103 40.015633071170682911 36.952698137971019321 33.83521650483595522 31.072330041293543701 34.132844595944604293 31.136282982688769039 28.013216248117888796 25.217544335320283722 22.8147377010117971 21.15759108580523673 19.886625747083492399 18.997913401223286201 18.278926720137420148 20.632331880794911427 21.025088268712572415 21.183427432326588757 21.042584944104941513 20.189482630708695865 19.296238365622524924 18.275490193950332696 17.14714308351931038 16.01157305265232722 15.088473931392339722 15.222320685917683392 15.484927542863818672 15.662175536857365188 15.680289212782565045 15.615242444234546326 15.589768408369948816 15.71475315343684187
46.229024174909675082 46.443576168324170794 46.582910558193681538 47.955179365654238666 47.365142554825943932 46.462556606365673417 45.189587398864347279 43.609401752364092886 42.122985746644928895 45.381358673360864486 43.433639334135619947 40.896043290449924257 38.17444398579049647 34.974184765084856963 31.839209245713039564 28.958285417348474056 30.539108103081105128 28.306110694478817891 25.397666255627267873 22.776189303857254487 20.732072517130493594 18.893029925339003938 17.385760470814275891 16.135910018098051921 15.0423342191344247 14.05538508034131695 13.507543223018245726 16.563813017857953014 16.563813017857956567 16.292432159514248724 15.316960208409996724 14.401192500151442033 13.684242157794054506 13.441376828234327334 13.387808681037888903 13.160932416477599816 13.044619504514455954 12.829418983587931535 13.018530326175538292 13.34951463681812811 13.622205278597641964 13.910398725375170415 14.015840949742781163 14.051354240475017576 14.087077529729674197
40.780692397698572904 40.981171323619555835 41.44020732590705336 42.811567019290698966 41.636297253152868336 40.149522572923743269 41.447881756740024173 39.969912529149965508 37.488182658713633089 35.14768938207311777 32.500902019698514778 29.860990326407485185 27.126490365696959373 24.494460168200898664 22.182684020961154658 20.005832828260004419 22.994041804597415535 21.773530757288455106 19.926577145697098814 18.358679204711989996 16.945072860437544904 15.883425898033555868 14.944684622122176521 14.08567971898676241 13.223730410227156895 12.443062540006044614 12.17296588587341688 11.967256247156187854 13.037101161462432586 13.037101161462432586 12.28195024045922068 11.814516737860326856 11.781568755056426312 11.864766422685631753 12.04098292986792984 12.469401956046750612 12.668397286750632702 12.909063425728465546 12.913425600611967425 13.022156637772816623 12.941427229467960203 12.814064065039687534 12.649699097092213407 12.86187661129603832 13.014625570493739914
35.551535293592657183 35.03885911426213795 33.944832184467664149 32.510419466153493318 30.994000110877543364 33.971861363419655788 33.634384110063479056 31.609242945943542225 29.284390108524178231 26.93843286967150874 24.460465791918579725 22.132068893634293971 19.858567043348795522 17.559003608032124788 15.427631035518333036 17.216923947985790733 16.826062794008947776 15.24811722070197284 13.652057551637209798 12.172259434191445848 11.590542035142727073 11.571970534425098265 11.615653270460725821 11.489132280825938182 11.394831459624581882 11.738695855485012487 12.002361004133563327 12.193828662031654275 12.025362622908012611 11.605976201124986957 11.535312331270239028 11.666075592773822223 11.532008817798283573 11.592599377318736131 11.746820132245344936 11.678684522670147672 11.355730480436401209 10.942317531134836628 10.903270730290218538 10.87840748893390419 10.783774048493636855 10.759533066704285886 10.612388842482301854 10.706811872769634419 10.626601294388908769
30.638172365249275231 29.498240413322964315 28.053032217610383015 26.175701760652742678 23.997028334476453892 21.483485856327849461 18.733256569038793771 16.216770293441431505 14.074628396659486285 18.531604695744299249 18.531604695744299249 16.431475937385197739 14.569172241948439961 13.085405554195707722 12.034886228147934517 11.419457971559157983 11.266998628666593518 11.504255970041434409 11.333632964200624826 12.050159355767572578 11.750468681543152272 11.31568676785064298 10.668780856937667423 10.362803549771308909 10.436108796734457016 10.457475053867840487 10.497117062504695895 12.208791536779017406 12.208791536779017406 12.137261803715638564 11.409101916397686338 10.836865137975363993 10.855343086789767781 10.843239804388469238 10.708321794208828237 10.541598496244718675 10.671457686944414434 10.774340123024330751 10.921575632133366796 11.02877806141817274 10.996921014326666466 10.962281606303035275 10.807622739139253198 10.539219214211035691 10.720858528314398228
17.788201941657948879 20.15039968134347248 19.920223620038871815 18.015221480824877176 15.968877194211836823 14.159879952843979822 12.766365077265229289 11.848432758043653479 11.275652436453471594 11.526865867415093447 11.722149930925725769 11.776705318580670934 11.767950119567899492 11.976339499516377884 12.169517916165089488 12.211880482154267469 12.097768189398131256 11.918179520776739366 11.73884524897142434 11.200918299882973272 10.585726549940893904 10.249505291156891573 9.8754674113048519501 9.6912760938958424362 9.5775616941008472338 9.4063508766916505976 9.5998243473558648731 9.8632394983293352198 10.094209548869912396 10.313514197974619435 10.522190919674722309 10.726248539896225509 10.847659027694938061 10.913511812545799273 10.992444848633665444 11.091766473867302523 11.170469097838218175 11.208976113723716495 11.03185965065678964 10.726280096157026378 10.707031822603456206 10.698118695816525303 10.548241875320799821 10.457146651876426446 10.142040361079191158
14.747806197876498047 13.589937763787661495 12.605071801070575788 11.90977702016167683 11.311020595692690804 10.819755274060769423 10.384243326458811651 10.038920622809195393 10.189778981471796726 10.161810131603205676 10.411829753030822587 10.902050804178259114 11.189385585807428924 11.597436054808914818 11.921443070016914945 11.907926916021532193 11.816969165567622113 11.516593595961888141 11.038173833923758949 10.56056041505595644 10.150632050681043239 9.8797063793060857506 9.5075277299749405557 9.0209684139543266923 9.0856177203834604938 9.1676718333991811249 9.1793565942103505506 9.6472299253203690483 9.942739909286064659 10.004019934368326261 10.515412391767656075 10.733472846857470273 10.793994033365652996 10.948588099509120042 11.022385230267948586 11.119866338813977791 11.076575324317829541 10.4585793112115919 10.4585793112115919 10.371608622273900124 10.064123671775501379 9.47090167739318467 8.7599805096087539624 7.9638290307147885372 7.144789983856679072
13.292234626274257892 12.99026829200920119 11.766262896873763921 10.620810299717190262 9.5726545589944915804 8.5969160052762898516 8.1447828611517820718 8.8059701797820704172 9.2709743543893079476 9.4856445049474569231 9.3873546815669097754 8.9121654905192642104 8.4501282515619404734 9.9479820478402007922 10.912640411153502029 11.266767618980209065 11.266767618980209065 11.151988639240261847 10.682229081070351739 10.0294241057121436 9.5190494919278734187 9.1801887161192539111 8.9562688177104750054 8.6182672264129482897 8.1465453101741847064 7.4488758715356526707 6.4967670450962362594 5.371350660704920621 4.2755770668365924436 4.2755770668365924436 4.26736225204216435 4.3749014727335309161 4.3749014727335309161 4.2235423236796725277 3.9940660461888009003 3.9874690094876972246 3.9802895644909312978 3.9821849009552003906 3.9904092013286764917 3.9978330237860992824 4.0815910302365265849 4.2679921155591875603 4.5482915251834521442 4.933671572137992456 5.1925071645227527384
5.104151862216990132 5.4974037976432583719 6.0479354031169467731 6.5803606401494025846 7.1289812463580899404 7.4564534178906090034 7.5323158051168395133 7.5323158051168395133 7.2665688478282541851 6.6330578641236845883 5.8330232168928475289 5.1078574687691675749 4.6662798914045202636 4.4629529120747326587 4.3797143845895121217 4.3361338016611767898 4.2844870343482872599 4.2453272635063568075 4.2153406447588768202 4.1918026854359133893 4.1729653233075900687 4.1547530046567189288 4.1382091380553926996 4.1287990306413151487 4.1203448122211545623 4.1113310610575029003 4.0981736737547871385 4.0748307843193050104 4.0407646621397770303 3.9966071279299013597 3.944074845231018589 3.8824883109087311439 3.8223727568040950509 3.7620606313984192859 3.7639843114556521542 3.7639843114556521542 3.7572541357787230254 3.7589119959726278175 3.7632701308926033157 3.7632701308926033157 3.8312395596120372154 3.9746816713518713371 4.1729112202014118083 4.4156504860193797057 4.6959062268202051982
