benchmarks/avaPyramidNullTest/release1PY_1954323dbf_C_null_dfa_pft.asc
ncols 794
nrows 794
xllcenter 0.00
yllcenter 0.00
cellsize 5.00
nodata_value nan
[rows 418 to 439 of 794, columns 98 to 146 of 794]
3.152094225035088 4.631137036233553 5.014919441678842 3.249575615880626 1.032712956455758 0.4949569442759726 0.5097532179172883 0.5143614778966499 0.5192498149310419 0.5106932492402988 0.4927471078562278 0.4877465236304692 0.4773880642398998 0.4645152164081513 0.479313844095974 0.4854956783270881 0.4822007617907801 0.4736370833389316 0.4787649656087496 0.4853834660226734 0.4957817642209017 0.4951761818718337 0.5011817125125816 0.5222817645100372 0.5460816207472112 0.552363087095027 0.5590589839281556 0.5432381409950721 0.5168161079908906 0.4977228113594087 0.5020673197225864 0.5129471395774158 0.4995066113255783 0.514965971476943 0.5295152042089244 0.5417308643028607 0.5802383966612977 0.5996864946179373 0.6053438910472428 0.5987241293616484 0.6018323841435539 0.6104042249347487 0.6125027377752733 0.6402949166719251 0.6473375997020003 0.6467605079418411 0.6482761664971231 0.6605558584417405 0.6669746908868459
2.947652083975162 4.469936810503821 4.797112202583861 3.070582366141235 0.8950747142146208 0.4277866625479154 0.4166518089039449 0.4146603116503901 0.419134040280279 0.4127156678204783 0.4158401260266036 0.4480136439124102 0.4563772398335914 0.4578245404203048 0.4691003930641887 0.4622387782514275 0.4656456633377437 0.4526764578551181 0.4058098770846826 0.4075635647024505 0.4102037197934283 0.4012242754082255 0.3802730883928943 0.3855985607342955 0.4031299415320259 0.4151218586830374 0.411419906068662 0.4110597028195427 0.4267909153201286 0.4146837237637709 0.4225944025664566 0.4381827227846487 0.4575497367020308 0.4684812208677137 0.452667662818713 0.42669730837415 0.4329025828494924 0.4473693897120891 0.45979317439974 0.4693153288524157 0.4782673818523234 0.4733362710498292 0.4616665509551786 0.4412168536404285 0.455069292516757 0.4659736635503076 0.472268295522238 0.498934526705226 0.5304854344701234
2.796134657767714 4.263232881731037 4.637618994899216 2.968292384316188 0.8580575767142697 0.4640966871683391 0.4318866022776967 0.4151114567823939 0.4099911871823597 0.4067852145002624 0.4000624615508782 0.3862565481123647 0.3844204503411203 0.3860006001238446 0.3722086898130693 0.3609451935371528 0.3588041581869428 0.3523296194173511 0.3430318989792087 0.3540704439010672 0.3721833783735045 0.3982730819441817 0.4013142907046668 0.4142775013190537 0.4257989368243209 0.4315373657229373 0.4244133562128085 0.4130651744361293 0.3996887866400442 0.3777842784079518 0.364909946599393 0.3899505733368814 0.4180656723821921 0.4147434937999994 0.4062744927060667 0.3892231811841531 0.3586433069404622 0.3727161651403883 0.3830170605529324 0.3897561945074649 0.3900528778888549 0.3868565858838975 0.3799801862199349 0.3756666037912511 0.3689624101944933 0.3590576977758076 0.3566480039806768 0.3529619552192894 0.3507106525099013
2.570323518260728 4.109599276035362 4.490599264055989 2.840401194497697 0.7776070242157094 0.4763526379432387 0.4698929030358376 0.4750141145364353 0.4791731697868777 0.4671483662117068 0.4860626992517735 0.4834046572259096 0.495831340737819 0.5031761390429561 0.4985649261709558 0.5056877251872895 0.5184745963634965 0.5060337124677787 0.5038021910422531 0.4983996723783254 0.4674297412347762 0.4468106680710427 0.4363448171412377 0.4353850955066335 0.4242762856893745 0.4174691142981402 0.4182621185574636 0.4040349534714781 0.3989815932875355 0.3808796234688918 0.3761263069083813 0.3857977609426494 0.4030186132946019 0.4126085568736576 0.4213041986480855 0.4222384213365846 0.4301585948690858 0.4217331557371565 0.4285425000848678 0.4436228050881785 0.4506215498295472 0.4412591878880795 0.4239867493480154 0.4254804833262122 0.4327216306257884 0.4445556419851896 0.4472557448738872 0.4546634988882358 0.4538774719558548
2.409112358806637 3.909206456913318 4.279846163362965 2.700662356133086 0.7347653066987591 0.3704334148455591 0.3800292555641387 0.399469371645269 0.4126769129555733 0.3990332113833562 0.3914571515749736 0.3819448356940602 0.3851312808838221 0.3879295366030521 0.3831243876509102 0.3798792223543561 0.3805141153630774 0.3907966998817904 0.39944142479478 0.4071451873021417 0.4113217303611556 0.4178435298811708 0.4077044019359972 0.4026112070659134 0.3726524301099702 0.3885999701427731 0.3981522254176538 0.4061181139797307 0.4027289482084471 0.4081056489532233 0.3973074551229688 0.3963825388843492 0.3911039142595843 0.4013377586356058 0.4065339536636962 0.4068202319339727 0.4188462237629852 0.4381681278694844 0.4414018512979608 0.451230925541298 0.4285041032565242 0.4220836149976649 0.4378524807267954 0.4532930985850568 0.4549857411459529 0.4476225490784213 0.4304063495301289 0.4297210558768507 0.4191446486367669
2.220257009430801 3.691979621164903 4.141354155741938 2.507807604760144 0.5904021159509935 0.3951858778119083 0.3821335124383502 0.3742592044659064 0.3672522462764833 0.3654306107425762 0.3643475707612276 0.3602115798473389 0.3490616094774978 0.3283452112148474 0.3305995299298293 0.3437737804957097 0.3563705497184488 0.3612007862588917 0.363023539888581 0.3676020947532931 0.3650286938942026 0.3805281190325462 0.396272514294814 0.4073419725247409 0.3998585103616114 0.3887358380440781 0.3732895792186442 0.3615564817137121 0.351442930589223 0.3590616425841591 0.3600419205214082 0.3549873691702014 0.3605487767807491 0.3486201572415918 0.3483285300480748 0.3499781857064714 0.347713954072721 0.3522732381510607 0.3638025530618738 0.3648931524004526 0.3644338797462616 0.3586360650202121 0.3550764872449799 0.3448078429624978 0.3275226882075545 0.3216239595946339 0.3079458358316517 0.3112085940429621 0.3360050019733949
1.944465499970297 3.464479828859357 3.855249420968027 2.290289614186669 0.5249312800129131 0.3919995620685158 0.3920082471668142 0.3899394559780747 0.3938779404751399 0.3925988655248536 0.3835395857491515 0.3797717015510547 0.376463231144812 0.3686924874068553 0.3668711820416158 0.3661038382478286 0.3658243883376959 0.3622194166590167 0.354193543922965 0.3507676440080809 0.3465542125384647 0.3387651858484414 0.3408232383839083 0.3533020434331064 0.3598915783528902 0.3497463200939582 0.364883695130894 0.3576178526499466 0.3489695621960957 0.3543484422157502 0.3542921798300656 0.354039017674032 0.3571570193475853 0.3607180235093215 0.3619002445036348 0.3617911388667729 0.3849174542509207 0.3862054477348206 0.3909127983554323 0.4060700059768054 0.4015091106090854 0.3854308660784413 0.3743346937421635 0.364628940091162 0.3813014872911851 0.3809091785930008 0.3864319006308525 0.3799280386822982 0.3816478099178232
1.673114127288615 3.213881555009627 3.655634173713923 2.011624286661252 0.4163804354942255 0.3855761232933964 0.3767815721920378 0.3682146770212492 0.3499839924247776 0.3279006406320076 0.3490954315816783 0.3566806440883398 0.34703537684466 0.3440909289677864 0.3406015113044784 0.3467704111693712 0.3554673551811692 0.3603879068909335 0.3601179224024578 0.3631839385622272 0.3686043818695778 0.3653351502412102 0.3662426157337832 0.3634651190503964 0.3540884304807823 0.3493656605384399 0.3425912592484525 0.3487353881690888 0.3565021138421143 0.372951014529981 0.3811837506395191 0.3774238159628367 0.3763872223704285 0.3736372536040064 0.3714821314716795 0.3697764471574389 0.381046547323197 0.383349904188639 0.3765914393118485 0.3734552707432683 0.3737490668973196 0.3763126037446711 0.376630547347404 0.3738238419821406 0.3676045508001499 0.3630970786628057 0.3592172506081275 0.3401379895898844 0.3310354688659393
1.488520075827181 2.982272782915954 3.387591638287463 1.787727498794231 0.4955982376118322 0.3868842370644704 0.363741034658372 0.3565260663812329 0.3480955430946006 0.3406913110915962 0.3570772491343543 0.3789515071256139 0.3939641595672834 0.4057204079954297 0.4209795846057754 0.4073215926942216 0.3814094020969773 0.3856136752393906 0.3869744046774777 0.384221993166522 0.378436332810919 0.3686580647282033 0.3719796269047221 0.3741917196383707 0.366473101844582 0.3758534679825918 0.3744914696352315 0.3763042452823297 0.3694080053275401 0.3702861394009179 0.3767205608532069 0.3816902377735205 0.4030500121987608 0.415260214455231 0.4200635578877158 0.4116082727746287 0.3892849735799779 0.3871848356855472 0.3969222465545427 0.4000293405241516 0.4088677503156589 0.4055818799147657 0.3966449028775036 0.383068577189411 0.3684160506549791 0.3718477725676804 0.3616796581103074 0.3506154167454978 0.3591682300555332
1.262798968854836 2.772051114689948 3.237488021813542 1.72543267980383 0.3679011794191367 0.3255957979426927 0.3304874207840741 0.3331794582442691 0.3468771107837971 0.3568176165185618 0.3607825728999954 0.3617497169655091 0.3629143300735634 0.3517373713185639 0.3334632290816312 0.3501294672565246 0.3628437536911771 0.3717938579668287 0.364892321006902 0.3546544300420308 0.3638419433882687 0.3650753250851677 0.3599675546061527 0.3603862226884746 0.3621103317200849 0.371005924976849 0.3815955376913613 0.3889418343051488 0.3892712801944835 0.3915403496029127 0.3928228791902556 0.4056997393205517 0.4100645403329161 0.3960180000097679 0.3793055071324253 0.375262318685071 0.3689959562741316 0.366099555112013 0.3843178589748624 0.3795414788412419 0.36133312017964 0.3637313003182114 0.3610348147641828 0.3616387435999878 0.3606506418304799 0.3750069910016935 0.3813805381164204 0.3804415265630453 0.3747194160769147
1.066376456758987 2.550334813153259 3.022615675124781 1.464793273643163 0.418391658284898 0.4101524735384985 0.4124601936264852 0.4446156778170057 0.4528836175312673 0.4612787756118736 0.4720865874421805 0.4892630328549459 0.4857100104831029 0.4754823428291728 0.4650023710231508 0.4568369002475648 0.4581014316386394 0.4486123465043455 0.4207397238569465 0.4193779715502472 0.4177562701973284 0.3988768093689906 0.3956794788391966 0.384088025337163 0.3797863398509493 0.3710395490068498 0.3584335507717756 0.3536446323873011 0.3518134359891764 0.3627766898144306 0.3683899024435094 0.369025468331846 0.366483417030256 0.3616960586315854 0.3548002498469808 0.3363991794369769 0.338003713925027 0.3268160648363739 0.3350140401171843 0.3502020351389983 0.3760979688050528 0.3806657612672598 0.3744218360756771 0.3687419539862926 0.3489961195089936 0.3495880932348716 0.3492278414833692 0.3589996323495238 0.3502008710120987
0.8612702059271267 2.297094704316167 2.769953745897055 1.255115750200508 0.3855438355931287 0.3829217029773517 0.3799938412559184 0.3845490387528989 0.3628365421094071 0.3346687493711394 0.3147722910624626 0.3254582929923125 0.3185352300093436 0.3292904342860287 0.3497876544229016 0.3678125012268823 0.3966079650025742 0.4079257100143533 0.4125692713051036 0.4137561971009629 0.4181953076355623 0.4182835967635306 0.4181712543247848 0.424720101296396 0.4437367451687596 0.4531033775770778 0.4552574633061214 0.450914977953338 0.4508189888432879 0.4565092184948494 0.4622007629804413 0.4594944997199712 0.4462064039303028 0.4259562507021413 0.4299290145638449 0.4194774100112761 0.3937501433101566 0.3643343980009032 0.3470476998175864 0.3481698695959003 0.3507141574537857 0.3487770914509618 0.3588969892389502 0.3704695543882443 0.3768045744021177 0.3815206735717755 0.3832040174229714 0.3806417995562151 0.3729907413201425
0.6443270390929949 2.114265134080214 2.540138393066633 1.048370607876066 0.405735981573469 0.3858818059976056 0.3796941931413943 0.3660819533053298 0.3432852200364855 0.3268415014851155 0.3036144988138985 0.3050322968568877 0.3146383460120337 0.3198390308175981 0.3180095103889128 0.3079588713852633 0.3071453802443568 0.3087820101033615 0.3070925694614182 0.310857474751294 0.3216952700571354 0.3324373096271687 0.3379534840769249 0.3321197202622075 0.3514395190217831 0.337039969463586 0.3249503958812995 0.3379704644159821 0.3314670662858013 0.3205046011187493 0.3169273901891703 0.3195852607300685 0.3298350645008242 0.3394367273932506 0.350595403394424 0.3574351412973365 0.3642901347552331 0.3680212191294248 0.3701512330272729 0.3686391977009746 0.3603217432801988 0.361051978934353 0.3811131620918703 0.398305682628954 0.4054699474719228 0.4114582080533775 0.4220943404302088 0.4148930850851192 0.4033843276106107
0.4989140509173197 1.875653389236023 2.218431772209657 0.7079113606640537 0.3917229300648887 0.3687758019750494 0.3695118927079477 0.371057305375364 0.3772960428217613 0.38251583725308 0.3820353521984932 0.3798636395704337 0.3781957344135971 0.3788012725822917 0.3784608315023465 0.3730772665810695 0.3776201393334382 0.3785597109121969 0.3768819019827799 0.3744684398159882 0.3717805487459377 0.3579577442691658 0.3502111184052318 0.3353957031925912 0.3251879000360187 0.3170436340623861 0.3104930868576354 0.3194492934694422 0.3176008283161231 0.3259124343674309 0.3245187179404697 0.3188974025871453 0.3195708377571354 0.3230313566144665 0.3330334459502999 0.3431749799666307 0.334427456138621 0.3345870776422044 0.3367846077449771 0.3466288015160459 0.3610189268917005 0.3636766545486628 0.3678616789865327 0.3659058455692518 0.3655023702896729 0.3641624068137741 0.358693604003761 0.3474485521464101 0.3386074038187381
0.2771752943233158 1.556335969080187 1.760370683011268 0.4798036229139515 0.3183057037694612 0.3114872349139606 0.31574134710679 0.3144529888861709 0.3163985839916116 0.3086606648078766 0.3019159415986973 0.3071719923182303 0.3002730185165866 0.3213405094553148 0.3252951739626379 0.3260323923452649 0.3296514712250501 0.3308598517007371 0.3302989227106249 0.321422735855614 0.3087077444343576 0.2865416255688144 0.2915424248356059 0.2982853241891835 0.3067237681561638 0.3102273801913351 0.3203896814046453 0.3180739800048359 0.3149139516447138 0.2895263688168317 0.2559809677370722 0.2470968327781601 0.2701661983673153 0.2877525627839667 0.304771165846295 0.3102630135758646 0.3131436700356882 0.3115876096183876 0.3067143730899277 0.2999463643980475 0.2939335583475151 0.2861988545099747 0.2811465891385929 0.2836595052478845 0.2987112605060704 0.3222991997407634 0.3262985148867552 0.3187595594741502 0.3085045645109553
0.09520878514248514 1.175447223881509 1.389438287672609 0.438839405384237 0.2556010069078231 0.2423975844611191 0.2385140132937796 0.2441303824780749 0.2695777653868991 0.2637498809642405 0.25651793784503 0.2697783894329275 0.2877660133792078 0.3040508990121495 0.3123088786450149 0.3211014588725099 0.3235634805683213 0.3146248718367112 0.297739840342627 0.2942712245634346 0.2915222378672775 0.2931739528256432 0.2917804861129798 0.2855880348744956 0.2749354678334203 0.2695062338132118 0.2665261177991973 0.2537182749954137 0.2763618294991409 0.2672455189292616 0.2517593422253675 0.2347581806317298 0.2384237983550185 0.2365531837681336 0.2295244424963185 0.2178800215397471 0.2233339028628528 0.240471962258139 0.2526561023290151 0.2671611654589843 0.2821735377314838 0.2903174930687781 0.2946597109182625 0.287920128147592 0.2961278222993801 0.3054588413459929 0.3007241570000913 0.2899088658138612 0.2833852402848598
0.007940655059861476 0.6726810870187377 0.811131919378309 0.2807672557584852 0.2402832178418363 0.2294488642455311 0.2037425835794117 0.2693105744913596 0.2693618684617468 0.2560465741089875 0.249418484151599 0.2610203709798484 0.2674934763092035 0.2753887320680178 0.2822383708971458 0.2852934726943863 0.3000365987644025 0.2967822405131349 0.2911698207585833 0.2840383794876999 0.2867569859759835 0.2891137312573621 0.2952317873311436 0.3037671227693789 0.3072770058147489 0.3120642764922362 0.3148457877971708 0.309898434075662 0.2984732431008209 0.3055376093693277 0.304602574702967 0.2949305588869547 0.3023220133660439 0.3059219000398228 0.3005389147475346 0.2970861363435237 0.2966812267241544 0.2878522594609764 0.2785359000793899 0.2756069425951478 0.2691444487704718 0.2685605288851824 0.2783665069845591 0.2740453403636952 0.2756364160036967 0.2798863973601687 0.2782317366855228 0.2844085451673687 0.2911545408467531
0 0.04280090931593873 0.1802626553281977 0.1185395764282275 0.2093146050129309 0.2923136405953234 0.2795160068829273 0.2750405943414448 0.2716866362894642 0.2697197466796259 0.278320836814052 0.2851381716562193 0.2815568654014497 0.2600166414335545 0.2463444107934543 0.2417114833949685 0.2287342234071484 0.2183766080568922 0.2089797380653518 0.2091332614493872 0.2119166119900887 0.223652245482906 0.2390279294085636 0.2455628044577466 0.2491277429713966 0.2576342966734517 0.2621611353768095 0.257217765871079 0.2457764523654453 0.2437527659464819 0.247228974235608 0.2396276014636142 0.2299343170728834 0.238545954877533 0.3016110410368978 0.3021943244471176 0.3004100156950176 0.2941314785944901 0.2796166964845957 0.2655170671979942 0.2509020490987949 0.2402045631798421 0.2408425344794704 0.2509198909376459 0.2515662558929314 0.253737476808963 0.2563962186358655 0.2471705386207819 0.2594766760352206
0 0 0 0 0.03793912683949143 0.06510911637356241 0.06507426830246704 0.06507816979529885 0.0641792779725542 0.06103442343231873 0.0575663383838854 0.05359975888305293 0.04721600295479024 0.04060369246772406 0.04113986789261654 0.04167603224008895 0.1230026301096579 0.1213248327998558 0.1230160348980935 0.1212787310425063 0.1751104366327108 0.1733465591537854 0.1711243435199723 0.1746060727271823 0.1738749801385354 0.1706152309183938 0.1741074960896554 0.1743999304548035 0.1707328566253132 0.1736040688932623 0.1750261978935069 0.1724683769538228 0.1723272100476048 0.1768667575805389 0.1773217260999136 0.1828277725541556 0.1858982914148484 0.1891287927741765 0.1981308317841523 0.1997375804839741 0.2039308225540096 0.2113328397448599 0.218063848688321 0.2282718090007968 0.2300993165493812 0.2285849007598286 0.2208489653637049 0.2136059474531644 0.2026400574614055
0 0 0 0 0 0 0 0 0 0 0 0 0 0 0 0 0 0 0 0.0152152606292244 0.02385492358406429 0.02361463429417077 0.02331190656902032 0.02378621515851653 0.02368661996630976 0.02324255125487421 0.02371829527571585 0.02375813428692978 0.02325858837515337 0.02364985769743969 0.02384468298142552 0.0234991228017868 0.05725830226047472 0.0580107205564486 0.08576637822124801 0.1600760223114584 0.1561222233705704 0.1588338854948534 0.15833627299998 0.1583500970311834 0.1572290731685727 0.1555369342169713 0.1585486954557932 0.1557959050665084 0.1563457761582674 0.1585532785163056 0.1592140582211612 0.1578680495189616 0.1548608227727974
0 0 0 0 0 0 0 0 0 0 0 0 0 0 0 0 0 0 0 0 0 0 0 0 0 0 0 0 0 0 0 0 0 0 0 0 0 0 0 0 0 0 0 0 0 0 0 0 0
0 0 0 0 0 0 0 0 0 0 0 0 0 0 0 0 0 0 0 0 0 0 0 0 0 0 0 0 0 0 0 0 0 0 0 0 0 0 0 0 0 0 0 0 0 0 0 0 0
