benchmarks/avaPyramidNullTest/release1PY_d296a00ba6_C_L_null_dfa_pfv.asc
ncols        794
nrows        794
xllcorner    -2.500000000000
yllcorner    -2.500000000000
cellsize     5.000000000000
NODATA_value nan
[rows 420 to 439 of 794, columns 270 to 314 of 794]
11.678816233609941477 11.667469457074290062 11.663429971500075766 11.656102387628642703 11.61741129078209589 11.566853716076190395 11.55859236724319139 11.55316879332937674 11.57287027242652222 11.59333417955058998 11.61213868601971555 11.635916859655710098 11.697682454153227383 12.151775114291579527 12.680441838793331755 13.246084814598935608 13.766509978560447891 14.215334077830323878 13.730157231876772173 14.24353971930147722 14.753374519112634644 15.236952370169698057 15.667112408349032293 16.075208730172484195 16.462972888112741288 16.715714729522755277 16.309286511761026617 16.600368719130237594 16.896158170050597391 17.173886441573888106 17.208230927161817903 17.673106455054131914 17.610127893651160491 18.137804034316470592 17.89350117546069896 18.224114514657927089 18.503064124580571814 18.700851707779165167 18.941379025254672541 19.278332534296804823 19.504475933546459032 19.729203846385896526 19.949280169085657377 20.16196418372495458 20.363468649358001272
12.062200889000347814 12.025501182235263542 11.979629701670654995 11.932848069101678945 11.829501526575258552 11.713664775254819972 11.635204578581026524 11.607132101715686545 11.56089020833363179 11.504583820262400451 11.403646038308789201 11.321706477813201275 11.338787140671671594 11.397223981617509381 11.645872847501060221 11.996658500816780091 12.203043454668019763 11.82887239211690833 12.202507278661338219 12.62065828169302506 13.086180382639248876 13.568150925814888907 14.031902116768149469 14.47948342171504521 14.922977886291930005 15.302849373129522093 14.931718637046088816 15.294108325602273624 15.634797453827768976 15.963090012403435836 16.310215766265464765 16.636611728366755614 16.982794801754970138 17.324641816788357573 17.215976125565735089 17.378051625676164349 17.718391473377995027 18.054193040975469842 18.342489773701121436 18.676259214170670475 18.889172657241136477 19.246402714569178727 19.515222823387261997 19.778805274319385177 20.028385697784312214
12.499213919455314681 12.530979719956377494 12.407653075938060994 12.285791930464077026 12.154865835899936855 12.011026508076238173 11.897863511604274578 11.82458071417945078 11.796044813536258999 11.706992469446257488 11.599753491020237561 11.559417328202977515 11.506288390928315124 11.433055922727055176 11.341835894930452966 11.315357653641601843 11.347734232789408182 11.575086067399862344 11.840759911147385353 12.129774821735827217 12.362603143134148098 11.883760768247643824 12.166099873611722515 12.506203757642396113 12.876922429359776601 13.235010763805677314 13.59410227792959347 13.969665627829446208 14.423512449291290949 14.916002772618886851 15.400858849156854546 15.815263940644282314 15.243117256537408011 15.59579548218569478 15.976831580948477551 16.356353486709668488 16.735878327191251458 17.157556877788497474 17.536736964909096059 17.93677064339819438 18.276977614709480235 18.592560307785443996 18.891037065629134872 19.101851283415388849 19.289500893304353468
12.870848184975473671 12.924228947138963974 12.806190815734295185 12.612745398317569467 12.410761343008047675 12.248677939385935076 12.16260226568959979 12.07932289952996463 11.99375436566935349 11.909124976604880786 11.826901238349924128 11.770048362675694875 11.703075704660129475 11.603171078129255633 11.496152903238904486 11.416805802957783911 11.333328908123842638 11.224436717224921978 11.132870963402519138 11.160096177507840665 11.223532861792165249 11.28809061340724007 11.483963935907052445 11.77687900194636228 12.10904579429189809 12.486890133483482757 12.916248933300384039 13.366625532790289199 13.767420364295174906 13.884946471253478251 13.289705310620860246 13.756844328078964068 14.178272838535480815 14.62912318544607615 15.098908530055854982 15.562905931999981846 16.042146946687136477 16.505471992922277735 16.955496530015761181 17.450371443454223197 17.866363118303627999 18.263936658466768392 18.075845245998657163 18.537962753313323105 18.817832846334727748
12.989016219573397137 13.057731070828747733 12.925169599911392027 12.731229098408187284 12.540495879088959796 12.375319669075025786 12.27873942133748919 12.200316869070860548 12.093459216912277654 11.981762373325846482 11.889369443842271679 11.815393080502261114 11.713688458001451309 11.617113705672910129 11.503472412836677208 11.386438642855331693 11.30513612394016576 11.194313215992433896 11.108505867455923166 11.106480796045621773 11.160257206902448601 11.190215438076611676 11.220553036022954174 11.25833095930128458 11.289630337007377392 11.305781510534064438 11.31519239188159176 11.509777849173037367 11.879897763699128532 12.31867271535537256 12.781001041181321298 12.526390012548612063 13.010881390526712664 13.486188917192773573 14.004421238012417561 14.516306266673977277 15.054328226690641301 15.609541628225148457 16.142460952733657109 16.596219440512196996 16.653242082617797593 17.077720650975180661 17.52718356109676634 17.919428553346943289 17.921890334170029746
12.747283573390690847 12.742453837650092652 12.665811552934965079 12.491368431365462044 12.301042458550965009 12.13211559506213888 12.036447691641237512 11.94225122954275875 11.815194108210970825 11.702055352049635317 11.641271309505949461 11.600643133294044063 11.530728231255917393 11.429218725427999104 11.32790596196919175 11.201239820950769754 11.121074682763818942 11.018999205419467202 10.928152356869354378 10.863683077485049466 10.925148690857360734 11.024817828733301184 11.083845188970862239 11.110881207998097864 11.104275911221876072 11.154140113938920464 11.193083439731498885 11.235929758558286906 11.233431268277906057 11.251156532909714514 11.443477874000077321 11.790077069283119826 12.197195091168266501 12.657368969868462827 13.233097786594568035 13.832029816205768213 14.373825455991990907 14.432605117147307539 14.939387954858638352 15.463117631562568022 15.940093668493352297 15.566930291454722735 16.071021889755765955 16.523508572528680105 16.951270687105850499
11.965282852348961384 12.021832510936533822 11.98937676608920988 11.865477252478200398 11.783619997565576654 11.695923742668652423 11.593969542342938084 11.483149614150816475 11.423598126012757703 11.340552945273785213 11.271485725385186782 11.224968124524032476 11.176500717275098751 11.094780152342567092 10.954856550903521395 10.808815515210707048 10.668707159497282433 10.535461615997878226 10.419342026959323988 10.35635671576141803 10.335208676931793903 10.373977498072301628 10.4227104677359943 10.456628635331318478 10.534747546878895363 10.566140483153480645 10.65468860968511855 10.725860143806549729 10.750693662054880306 10.803305720798956457 11.05220363500230718 11.388146517712847583 11.715063375084843855 11.803895976588639982 11.441839626516019379 11.818039953838491485 12.246094486763389853 12.702264759051502097 13.157678256728498667 13.656752069975073738 14.137172289702698791 14.6478098288885068 15.180705511633821203 15.696064749575258546 15.402951818189356104
11.029264695859202661 10.995767647413254409 10.909682945386887098 10.921558627797422147 10.924878127050375198 10.848568351553963041 10.7963165772910763 10.769121940412178517 10.681897347958939193 10.555028976309042577 10.537111212401578442 10.598903099584710219 10.589618743527536182 10.488761628882045329 10.366827211421627553 10.226094234374947689 10.094723070034165247 9.9819026404458295332 9.8320782420005770064 9.8410364076735241667 10.063268796019247731 10.191679118187414232 10.16334540690819388 10.245860619149349091 10.246203580179626513 10.18677252145795542 10.181484240215947779 10.171191658548137227 10.204236797116287505 10.302179141378221772 10.405173419481529962 10.477433398390692432 10.526713283634469676 10.581400429161277543 11.036036564536679805 11.470381459501115984 11.332824502864980332 11.794984746494804995 12.295225361295159416 12.825765347831127983 13.310619519425175739 13.600317186042486739 13.01981884831177716 13.528486669543054788 14.068457210960781723
9.7756130704396237974 9.6707459862115356941 9.6421719167320549815 9.7278190396852242117 9.6507827819174618611 9.5789517988883652322 9.5769484810235958605 9.494291962912745575 9.4168346263691269371 9.5257548750097544854 9.6481640809423137028 9.6803190389941402572 9.5990065561120534454 9.6057081245740505437 9.6163239733777885476 9.5927851632146676764 9.4961784122423242849 9.3497876210888346549 9.1510319960433381681 8.9950820346022055674 8.9478518416295571569 8.8823539279071130892 8.8321620407648744333 9.0477894628969011137 9.4047852578291379899 9.6864553237245569761 9.9291749942792346673 10.132987361620207523 10.303821684763761368 10.445018517105355116 10.543976883179082549 10.621697055338827909 10.674244684934636851 10.720461467091039864 9.7495279024558598735 9.8920785422888695138 10.074320966749795048 10.30584242309946319 10.558942121220578514 10.897692013697454883 11.287997286217095194 11.722089514136456501 12.197090477453645718 12.73356491140317992 13.262714896584800073
9.3469591754712801901 9.26910139777855413 9.2127489565665623417 9.2995795934069018784 9.4346140806385623279 9.4273181041566260774 9.2662102043835279375 9.111480780222487752 9.0287616990315200383 8.9686450130326882402 8.9351380173090770853 8.8207799700291911194 8.6483571471350266791 8.5236050557746576573 8.5972974568902458259 8.6529852165225769056 8.6895267329185319483 8.6104921803319722784 8.624474988007264642 8.6452110984470991184 8.6399739515649525146 8.6286616310515800166 8.5895417227443093822 8.5043688964623616044 8.479454327905784794 8.4780329461130019553 8.4700148207266803269 8.4694914664455502873 8.6382674909874772595 8.9707119602641416378 9.298654023113112288 9.3116426072683058379 8.9906894435267403765 9.125882301137735908 9.2403796671606368562 9.3426177693053755746 9.4270451164471005256 9.5765420603034172586 9.7765287685242334703 10.04025917819219238 10.404091319337652521 10.833985703912363263 11.323845942388537367 11.60659128555129449 11.665282833734703871
8.3163180421565048306 8.3330515491681307338 8.2176789195071524574 8.0198616300622873609 8.0050944818403841907 7.998320949631363419 7.9394924211558333127 7.9291035919114936092 7.9927146955931451799 8.0287757264988250938 7.9909073037920732574 7.8778556714419227802 7.8714823430585463271 7.9197859704105910694 8.0163390602173194566 8.0954268556622164255 8.1898997800293393823 8.2454101022385088982 8.2496377889630867486 8.3153192255833747737 8.3628537036216705758 8.3853722362260025847 8.3841627711526101052 8.457085018742445115 8.4234315891199109672 8.4706694716900123865 8.4822047451510034222 8.466022681267906691 8.4333099682314749401 8.4513669641326618631 8.4466461180899603534 8.4349209918524543639 8.4819653864225568185 8.6622910253127134439 8.8995073464252563156 9.2091709588423409372 9.507274124347812716 9.5795532064085104906 9.228520512627216732 9.4449672469563576982 9.6533280947972901487 9.9097484312280510466 10.22106363124596129 10.576886114249049342 10.902359499145784838
8.1842972346030080644 8.0194560053808849887 7.9890213428204441826 7.9276295382634565101 7.82808754995044076 7.7254506386109440541 7.6589113994277875364 7.6516216571412414282 7.6709678597774972886 7.6444037805951090547 7.751865861214668918 7.8675570568909343194 7.9436410429099160169 8.0299795278642811525 8.0687225686077557185 8.0865390904216116752 8.2312158462481903598 8.0523524252243987576 8.0240765246169356573 8.0336224925220296456 8.2284709382595746519 8.3750154945121568772 8.4316266457667090606 8.3958393441472978225 8.3091356400586011688 8.2206510037806399538 8.1765707064074621968 8.0883927900998138227 8.082070885024219109 8.0911227616220369185 8.0928439444005153547 8.1676868848425812075 8.2469442252366178536 8.3423021129795671413 8.4319295489634384921 8.4563119627945866341 8.5131652873899099632 8.5878384648113943456 8.6464902626456989765 8.7746722328267843238 8.7067841493815585352 8.7321406689180420813 8.7869699129887131051 8.8121061224425396574 9.0413109319193853963
7.8939659349946467159 7.8186618753318803954 7.6875515872757791414 7.5342424445609070816 7.4339430888262398867 7.3239280577482848145 7.3299953981369583289 7.4165808601415283974 7.5328912147891777806 7.5892991978249950691 7.5675535176314836505 7.5233642943753897825 7.4503403001370562819 7.4917645939433246127 7.5082471404289208294 7.5157039299926511333 7.4899860178416064471 7.5839974619492975805 7.6193605841104288245 7.6287987684030085234 7.6805571668143501896 7.6575410992132901811 7.5324535160052263905 7.4038636687208789766 7.4490470313283534409 7.4181700378425619036 7.4590554608654526803 7.614995562094761361 7.7837740797856787012 7.9502306929980282035 8.092120475113427247 8.2428538835471005797 8.3410545535825022512 8.4011439131798866242 8.4007899082214976261 8.2243200273100001141 8.3366540076953690175 8.3981101303097496213 8.4969892687511858753 8.5535765780191130858 8.6124300122044541439 8.6767403255409814022 8.7086078571722733699 8.7610942289674227368 8.8091012634206506959
7.8411909600801097397 7.5658912218423610696 7.579255255630029886 7.6847969167449248218 7.6989030522271697521 7.6886955620359476171 7.4162876986609118646 7.4320587053838211844 7.4086514089435748787 7.3470277756276187731 7.2364679172848260791 7.2461277387266322947 7.2655405188676507322 7.3227013092312205345 7.3169804228145318703 7.379510857349964148 7.5024994315198130224 7.5765172719989450911 7.6526567601449961842 7.7141584054512257751 7.7233501956774510688 7.7347164405711872348 7.7337537525094086632 7.7178326003077284412 7.69441197986019354 7.697377689524941502 7.6896398433840955633 7.690017187937189469 7.6299831225987206906 7.6084111774214324697 7.5784967038473229906 7.5557482166019545033 7.7408759689003980853 8.0243652931028908171 7.5318079196838336742 7.8226191164651632803 8.0627785179255226922 8.3094201600988437661 8.5091174182072215615 8.6379829732708248713 8.6903945601970669088 8.6693871621545497419 8.567178773716495499 8.4923568889426324091 8.4474150352363821526
7.6144026882852697824 7.5623245429087146974 7.5806629512259480208 7.6002154991005461682 7.5752142354897538112 7.5773023334751945512 7.5726376095878320527 7.5657254589547431323 7.531503813983817075 7.4563315817757942483 7.3963210444593876502 7.3522238276496487686 7.3345696804741953301 7.3441433905641169133 7.3948595589579335652 7.3881933377773494342 7.5806651067397154975 7.7469902678325830436 7.8136567940760590645 7.7496925923913249079 7.7608891095830738749 7.6868118769630360276 7.7298525158429036708 7.7446225835187041397 7.7347084618002375223 7.7076139107189938215 7.6966262577350592622 7.5981058264266696511 7.5173778658619152537 7.5439394651237110523 7.5514207839235236719 7.5423606093883801549 7.5534309047930454639 7.5663864721188467399 7.5553140103811653461 7.4939754206621538302 7.5219107183405347072 7.5136105846601859426 7.5039994669272598316 7.4654762499095443928 7.4173762661781523775 7.3357462003874411849 7.2215908040879250862 7.072637933525899534 6.9675843465957658651
7.4577175989134101286 7.316052251412488161 7.3296760029201797337 7.3785747498087284058 7.38855940935696065 7.4121256410411486826 7.5459714183101445073 7.6009904109063963773 7.6288169567190085019 7.5250183060753021991 7.4294418343816532868 7.4818089917404995148 7.4291019505089543884 7.2640414694560471176 7.2554683823371055595 7.2866793143064381155 7.3186288277236393185 7.1462166298411000653 6.9678015218657769481 6.9989853071492573733 7.1175220474113167768 7.0182276020474168021 7.0152154548324627825 6.9661020613227906395 6.937781092832170593 7.0698990492404583108 7.259637777916260859 7.3532178115461848122 7.3907852602209205273 7.3907852602209205273 7.3665832083143820697 7.2618207358472020019 7.3582528360134284995 6.9422540802154655282 6.9259182169696282827 6.8964009176260736567 6.8933042695196951044 6.8937932646829409578 6.9346712777085794954 6.90366185472260252 6.8019675353409780882 6.7064323932379616977 6.7926989564296329505 6.7895923785905294423 6.9182865290068527031
7.6357598770969090651 7.2083144769451923395 7.3496279092670722122 7.4050550048855861007 7.45320482190257394 7.5115032191792199256 7.548760452445590019 6.0378809467189640259 6.1820019933975425275 6.2730794594999048641 6.2842060110830457731 6.2842060110830457731 6.0562257433356592173 5.7926455105237426579 5.4818003274176572148 5.7005445832729417788 5.9747646358255845911 5.936914323208931421 5.8946767960798851504 5.8576958719642924223 5.7237689932461321973 5.7949720237610264917 5.8615239154522207343 5.9823145358075517919 6.4024891660504348323 6.8659452713458373196 6.8883067194384199894 6.8193123399798709627 6.7028243252441432887 6.6154381708851559551 6.738614060241771675 6.8057874523353625307 6.8057874523353634189 6.7344160384003002306 6.6652768220958833467 6.7011910666851814966 6.694252353522405663 6.6859467732247601646 6.5925546500884548706 6.4689409625664389125 6.8125860821872796791 6.8226280514841191049 6.8551219954743176643 7.0389800177666526082 7.1413883828766193673
5.784541801897933766 5.797781293295523497 5.8422783334050407689 5.8019103211915536988 5.6290177807579260261 5.5079773915913916582 5.3464869651351074609 5.4059343014898875168 5.4227716002758281633 5.4001723209509417956 5.3194232949506314867 5.2113695288622849944 5.1219796337212670778 4.9536222936325522426 4.7537480708445913891 4.7344804627797696384 4.7092002753396613457 4.6937114231527967689 4.7542067175960571745 4.8132707894305593044 5.1625373667344778283 5.4663440927404423064 5.678472309216790137 5.9766898499449832016 6.4537901302462516995 6.8678935672157468417 6.8678935672157477299 6.4461517906763177166 4.711026881249516407 4.8004703562731059208 5.3446455458193744548 5.3446455458193744548 5.3089126439746330277 5.0976743409438682875 5.0893808231755262028 5.0771486803384453523 5.03855910368584059 5.1152118515224342943 5.1152118515224342943 5.2107148255512978352 5.3102613069941480006 5.3893136370319414397 5.4672866769578263302 5.4672866769578263302 5.4653782092963494321
4.6964935653291766116 4.8482252676545556369 4.9676048346718895132 5.0334810232931666008 5.0051367827551578316 4.9047540067462023217 5.0548408753238778246 5.0700885692523112169 5.0700885692523112169 4.9780017284019173474 4.8247043477172075754 4.5513444557696063342 4.2976810705467549667 4.480394726448404974 4.7131665219969161029 4.8226236838899376735 4.8827678076743019631 4.9111277613526782559 4.924492916610349269 4.9358776083677753377 4.9477775557796235262 4.9772162634390619829 5.0280207617509864448 5.0805361966563244991 5.0805361966563244991 5.0737981608290327884 5.0146279394985393552 4.8380236527813389458 4.7452246029804303618 4.6779612792347986527 4.6774938128851211161 4.6841588920680088393 4.6715271672273077641 4.7639945609055205367 4.8549210773523991946 4.9466562166018706037 5.0194649732849949686 5.0675405419075678637 5.0870666608474515158 5.077929959721918074 5.0180407145094338972 5.0924009773640808163 5.0025795906216057318 4.9802089658164474528 4.835674976308088624
3.6978326701796313536 3.7068774262661126073 3.7275256994314891479 3.8197623345982694154 4.0099858313542737775 4.207699568226061615 4.3231957548746065001 4.3755663362165648778 4.3755663362165648778 4.3690817043127587738 4.3314987917603620105 4.3211694526816293305 4.2959671497452136535 4.2936555425230844563 4.2979855555674939538 4.2979855555674939538 4.3071857445443075818 4.3132846921711367472 4.3132846921711367472 4.3176420347123247723 4.3176420347123247723 4.3200521739649060393 4.3297151750928577485 4.3297151750928577485 4.3536218616848580965 4.3627644197365071932 4.397281553981216895 4.4112315940449331464 4.4498717544129267054 4.488177652278062979 4.5288758023205621939 4.5791765165972524443 4.664492209200565398 4.7559144381240026078 4.8508821583867014482 4.9386719267069700834 5.0088137406579198441 5.0586170227051239223 5.0586170227051239223 5.0551160458831754241 5.0001203199258110743 4.9101589190519936423 4.8504012604675708076 4.8270706496443516187 4.835674976308088624
