benchmarks/avaPyramidNullTest/release1PY_ad4abf69aa_null_dfa_pfv.asc
ncols 794
nrows 794
xllcenter 0.00
yllcenter 0.00
cellsize 5.00
noDataValue nan
[rows 418 to 439 of 794, columns 600 to 649 of 794]
16.08361317644385 16.12884793637034 16.20622776506203 16.29555438843185 16.38524404481648 16.46679031944321 16.57211469925162 16.63284931102647 16.70113174863821 16.75076617172798 16.82087883780349 16.92826867940486 17.01250875937901 17.16377752761899 17.13058241547681 17.06761736447095 17.20455494535933 17.19906288125484 16.95430113543135 16.61609666553202 16.23091103044878 15.82290407191504 15.37482045039352 14.9479229728739 15.70134440544517 15.15755612943576 14.56467001080403 13.88066704740883 12.93588126862478 11.91907866046681 12.7527673288888 11.84235182067053 11.89833372334866 11.94173839121378 11.99045097909264 12.06870135296394 12.10067137962867 12.10606773111417 12.10265959000366 12.11773791157474 12.19046379083314 12.30153176286486 12.40159941567275 12.48724704261192 12.58339368149917 12.6427898608903 12.72412511154918 12.81535689252857 12.92375073728739 13.00129528735644
15.88985314165689 15.90296369617451 15.92224668803795 15.95016588532467 15.99961975690701 16.03701159340504 16.10835297420308 16.47417067212579 16.61300227222414 16.69326828175304 16.61538541215483 16.39557385624569 16.15047381677208 15.84296443724533 15.4364632364791 14.93678578631397 16.08379133883483 15.71591905557495 15.20563611172026 14.60192403514002 13.86607665688139 13.00824864824101 13.75459896393949 13.49474644479719 12.70831314479066 11.69867897646869 11.49681568667346 11.59866991265692 11.69337088309344 11.74797163026602 11.81767546001048 11.912332813413 11.99632815370212 12.09330590300215 12.18856685714599 12.28126150004213 12.24356083464115 12.17489973881189 12.1636849172117 12.18533053326012 12.25694716882859 12.39886530176365 12.50842774719644 12.600843979986 12.65754961667603 12.68941108258753 12.70248270625701 12.7786342858922 12.85907848897812 12.90937573277885
15.7287893184682 15.79902032835581 15.85779703419088 15.80272271190242 15.63996636783922 15.40853346063806 15.17457904581413 15.88567139758178 15.59496246921396 15.21970545415221 14.75263547116579 14.15195145735939 13.3997242835367 14.50740568487141 13.95008405412407 13.28014001571962 12.38759145728279 11.30501948735987 10.48010669407491 10.60825094878925 10.74782710569774 10.86698589391523 10.95531326124983 11.04760878381614 11.13866447189131 11.21826359262768 11.28251159410192 11.35872377189948 11.45264232786128 11.50294829101625 11.57538360687416 11.6897976739237 11.79750480523898 11.91896324054736 12.04073742292763 12.08156805160346 11.97902394235931 11.9179071687673 11.88170352064922 11.8600352142338 11.87490105672088 11.99046345762622 12.15504592579403 12.26161062084588 12.23481458394902 12.22595870604085 12.25768678867499 12.31217991718707 12.38657526677837 12.45467711503384
14.56072919731325 14.12271249172715 13.60411975329816 12.85913937518686 14.10561255350946 13.42855418318023 13.94167706115412 13.37732328910906 12.56543120926602 11.61738963646846 10.44604049578162 9.634815321023735 10.13428819340372 10.13428819340372 9.727090322783013 9.870581841131047 10.02916751690485 10.10173504742762 10.13402455280651 10.20005447928166 10.27881544632948 10.43365490509237 10.56909560823442 10.66729675436721 10.72681081530284 10.82316462026354 10.88305629126723 10.95630259905315 11.05167210369209 11.07549623617467 11.05706962683988 11.17948691407952 11.2935861549992 11.3690239448608 11.38196408724615 11.45071261747172 11.39457897759199 11.25629520141766 11.1510284744756 11.18947552094372 11.24530565485737 11.29163075015538 11.3700100598951 11.40227109321324 11.36577190018441 11.25603207022627 11.28879062589306 11.33396184271227 11.33822783091278 11.33609119684426
11.92127242260738 11.92127242260738 11.19748004608517 10.11009874692659 9.593847210507734 9.777901056543815 9.88646163948636 10.01825750521928 10.15197458950812 10.24322742988373 10.33318453712019 10.36637280218759 10.36278652266639 10.37015320482975 10.38886487486411 10.39214738052823 10.39838540263736 10.47757328968487 10.51747939299083 10.53874256398274 10.50319858173987 10.46979589257395 10.45753611999606 10.44766508301707 10.42419572853856 10.33104089792868 10.19397182597744 10.16642654725598 10.21252276173209 10.23921393378009 10.2544541558169 10.29682507433362 10.33198239419148 10.34363137809383 10.38180881742258 10.45020573244975 10.45052636951997 10.46459153837461 10.47824033705812 10.52771537596338 10.57857468333296 10.65388906861623 10.70135169464162 10.65181802435372 10.55563604130206 10.47031735082148 10.37496683916564 10.36298769117903 10.37286707812736 10.43885181028046
10.26103211284087 10.33647631995209 10.38568684989579 10.47785477148161 10.58401933083537 10.65132582728452 10.67216729846761 10.73165803377356 10.75198811355559 10.81270245052526 10.86159062838867 10.86256749556106 10.86464534965864 10.85132748508929 10.75069294981864 10.66165026688519 10.5323160960103 10.47211606347531 10.42694772906598 10.37936347124471 10.31601354000794 10.31007506000362 10.33611081771027 10.35377874840954 10.33153637673024 10.28257525707719 10.22464864912023 10.18805499101327 10.17766734808027 10.13386041497954 10.11005641048698 10.18592514285238 10.20489714579824 10.18243230005694 10.23173915793099 10.29415984460449 10.26088479184182 10.28197130794381 10.31444458241998 10.37819569770071 10.42116934137596 10.47697081170919 10.46517464671792 10.41208341381504 10.38079815505971 10.3663134341269 10.36567739126661 10.3747666324686 10.42064757623507 10.49039229839976
10.68156373828209 10.71023827699119 10.72211779258085 10.75683431200419 10.81504544360904 10.86082484544077 10.89378834848324 10.93521073566811 10.9808869796743 11.03894175757784 11.06560877802515 11.05343753040589 10.99789113416038 10.89960475781993 10.81725498932006 10.61070467431762 10.3127340886302 10.14439431162677 10.03232930941672 9.920395780975001 9.87659789592019 9.898437846249381 9.963490617791395 10.00270474603028 10.03183153287576 10.03136230049418 10.03121823108606 10.05063227204651 10.06852589254064 10.00182892614099 9.893689471333476 9.973885703954259 10.07775575221904 10.03385324078764 10.01040400130811 10.03530428202896 10.06953743696019 10.01145715836443 10.00447798476914 10.09849176263727 10.15448440964385 10.1875104579634 10.16159291378856 10.12859773466236 10.08123397827827 10.09636662591144 10.13080069096327 10.1970055586407 10.29170787756147 10.34352391079586
10.53357422231154 10.55116926177721 10.57920945863012 10.61963430442648 10.63691177002047 10.70256549638569 10.71023402798043 10.76571883543266 10.80858984731561 10.88933009832278 10.90588452520704 10.95430629653271 10.93225841386051 10.89385317763459 10.78479752570141 10.58984959862725 10.30432086748176 10.02098819540435 9.850430138628603 9.711719549138211 9.493000211495842 9.183877245542039 8.85376637106488 8.955088890610979 9.006045154994107 9.319423722785029 9.084294188732363 9.527122577858572 9.55747653942716 9.444374148802437 9.594323816964508 9.701215287225951 9.688988235239137 9.615147491543569 9.593013203210639 9.66417819755185 9.765735418251284 9.764262482211803 9.781311093080523 9.793496677667479 9.825189929959036 9.791704386175603 9.723634034486942 9.694669650341799 9.730368439057552 9.807369180312637 9.847604880018963 9.890572296601118 9.838717422549585 9.834326168010294
10.24330771991676 10.29584795806513 10.34733196473828 10.45435657466567 10.58929652314686 10.69861269909681 10.74342040523637 10.70663571329029 10.50093699342033 10.1925744875762 9.813469595429579 10.71385976617297 10.39196545503899 9.941260524743365 9.489863683529045 9.354157511186067 9.256469252042166 9.194883019303395 9.154516095735644 9.205033950544671 9.261537240390087 9.291279049301918 9.331273836451603 9.342344069977534 9.379884589608347 9.368015129226221 9.337927384906838 9.14045201210096 9.014858264290645 9.027651479749345 9.152343269674578 9.253981051658249 9.225299259910701 9.20145336215943 9.086964580579888 9.090088860884816 9.111062073890906 9.011954087809988 8.973158850069701 8.938888635108087 9.036120404650413 9.08686526072885 9.033015693264588 8.920506123022825 8.974945865813693 9.033819576878036 9.053329349388752 9.127716423795468 9.178060995950871 9.269766931486689
9.287415858166788 9.366276279807471 9.430494997163759 9.724275161083588 9.724275161083584 9.508902572031076 9.514103655943915 9.512270547476941 9.543182358491709 9.553140993462232 9.56426014755246 9.611652788458944 9.6315003991227 9.61334646960767 9.531092903737736 9.39878099546195 9.267610435113117 9.179796386660851 9.178454422444199 9.217681636796001 9.252378598944128 9.281846297863131 9.301332481318935 9.341471439800667 9.392046067639139 9.397314612151787 9.404074623323602 9.337303301578663 9.271822153887417 9.229206842172708 9.201446572397375 9.186594738118171 9.202401073222168 9.233161897134282 9.265856181338801 9.228616193622756 9.201052385084498 9.092776395609755 8.957208221342668 8.816757826278813 8.777446593921285 8.771191558532927 8.810891413998332 8.89825900716585 8.931324298546837 8.980453802247544 8.93594827918073 8.950213081667334 8.950213081667334 8.78864480823554
8.693383703775631 8.704017222433357 8.693116973963418 8.764989437302427 8.874748879199268 8.954430834388225 8.957858220656469 8.959426580313025 8.810791088398165 8.60178789131116 8.77021025208014 9.074764207348315 9.10823870565974 9.107464876687654 9.033718009107906 8.914910352847681 8.794044484957775 8.685184261822346 8.546810033437403 8.515226977725369 8.606804905616887 8.699647268345378 8.699884334584295 8.772391085900075 8.878624901365397 9.013030436579541 9.072514718588311 9.07598047186984 9.088475905651434 9.064798844574625 9.042018422005649 9.095896426241596 9.142595716665339 9.152881457888546 9.14033083248281 9.134267773891674 9.142467544997299 9.076344024734402 8.641762694536082 8.367955706052198 8.29489750682515 8.311485270136227 8.281634050971643 8.380432448871275 8.580673438691617 8.583330658832667 8.598609818001902 8.604892048578408 8.670187113333791 8.738531640202583
7.578279275417636 7.948189657193261 8.039273936797924 8.043886429181606 7.918476473123153 7.850337042906969 7.79639898253635 7.612011517810942 7.551672100751299 7.417349403788571 7.468841169728391 7.444704339256949 7.5068174716576 7.554674511436223 7.565048793942815 7.644257273913836 7.680114782533667 7.680430010978831 7.720411655434029 7.776937102599665 8.098502758721244 8.257935112816263 8.237160980717748 8.282002051630631 8.371254648971853 8.686411168927147 8.894774624508461 8.824093002396383 8.801371250060617 8.711106235917217 8.780268276328041 8.86590858849353 8.941016918581264 9.08134510045995 9.223772806909988 9.262604514042971 9.216431471538423 9.042812902601124 8.7576805020206 8.407141424805484 8.202527775977227 8.254514351342333 8.288924462550343 8.309133282441087 8.261045505732655 8.575585464401248 8.57558546440125 8.345167643548354 8.325943210454295 8.362232099766761
7.226475738608331 7.116091457413944 7.018439653291775 6.925070338697465 7.025219217845373 7.023019138115362 6.988082798598469 7.076572750067545 7.127902070577065 7.154444286511369 7.259379834641021 7.009740396382682 7.045520237705255 6.928699960688683 7.023543249554649 7.112758886603959 7.202586753284101 7.319160671880876 7.383466322790667 7.342730767586366 7.504770737886642 7.685432799424165 7.794700835783419 7.792216877092129 7.592717164554481 7.48765226308179 7.500055077505207 7.543939470284905 7.589949595431162 7.706720290277612 7.602238358645564 7.62381833101564 7.696915010744607 7.656823874846157 7.648985712244127 7.620483247888011 7.603636284062648 7.604842604526331 7.675815545080948 7.769483930772127 7.871061931190321 7.971610275456558 8.057916808666706 8.050518782344131 7.992552137786736 7.92671971024801 7.860057638123456 7.868993143891384 7.931963328377954 7.966746267250364
7.261835024344069 7.133312903433263 7.093643043498098 7.026331871154415 6.889894143032291 6.738356970771874 6.722444310880309 6.801880726645701 6.966074687719329 6.966074687719329 6.927117793179137 6.873085966269397 6.805020961024162 6.782851717091709 6.77335067706232 6.704578336738995 6.748771478916713 6.821075283778833 6.880820027689219 6.901204098645239 6.896280541411731 6.90388306317828 6.928139852360475 6.950593596703784 6.919655195052327 6.93938213447979 6.969013008411824 6.936809397007202 6.897406585719571 6.928491862972776 7.179350483815072 7.341156352268662 7.431250225262009 7.503636999951161 7.543938802325905 7.554308808250972 7.554317523052072 7.523347373153761 7.523677835836828 7.627856381291889 7.685743971284238 7.715066305638429 7.708235277425887 7.689427247026201 7.649411267800629 7.650688428414329 7.503041923216759 7.548947515489179 7.627093299806052 7.682148438487098
7.453811999480828 7.449606138625649 7.338403148042152 7.176921444754064 7.123941292986982 7.102404288942376 6.985780303810817 6.849727221095634 6.71765452936752 6.761860180464002 6.661872851955574 6.614688258843827 6.552973046708614 6.505092897502703 6.342188482892452 6.519377485598286 6.653362965814686 6.720658442277965 6.872876348114147 6.794424568379974 6.810247157139135 6.832558236858307 6.909886398619536 6.947179371875264 6.910983182580249 6.852036067521695 6.79239110450812 6.762761136217301 6.754354875529899 6.745936394079463 6.728298409512287 6.73332430564706 6.832248433010914 7.16368709829355 7.329904538016581 7.409484626479172 7.409484626479172 7.351792734062472 7.215239126642232 7.254814491513365 7.289966939904937 7.336047867951935 7.411167998748902 7.410998325776907 7.403401653198498 7.443126826586558 7.240640384895084 7.23544468172701 7.301168082734954 7.283587489180754
7.593150247592846 7.637105363135436 7.6441373000198 7.527784480855868 7.340371168671575 7.396428055421495 7.390563366014017 7.27420777410577 7.097682789409112 6.966894422672316 7.060560114052294 7.173345217200874 7.156482553695068 7.195183008989625 7.26152722566831 7.307083497957973 7.293986428633456 7.23384028287967 7.161616659215336 7.122825154539814 7.075742452424863 7.126595263072772 7.10700826471501 7.04510655869573 6.961285108393024 6.881186903499559 6.950070160378268 6.965982159444588 6.91632691705397 6.830429240460619 6.72996236823476 6.565546570665945 6.353662588118802 6.406808519301696 6.973380780243391 7.218104574350418 7.255388832559183 7.255388832559184 7.189355896285048 7.089853910648164 6.939799326272624 6.731704356781282 6.669498553752928 6.685615532010382 6.740882528794415 6.757986499721209 6.645254419521981 6.231243384305302 6.13738064436131 6.076679087943949
6.690792097978789 6.710060018314268 6.757535735265987 6.756951400747952 6.785801550673955 7.099156547083552 7.408063256984577 7.495093112930764 7.576547978080528 7.645451877778764 7.669002796828148 7.582514866677624 7.496851014494548 7.451518213491182 7.458439634107249 7.439810087789537 7.435101269377489 7.386986834936885 7.194764445432806 7.170482199901665 7.041311485581655 6.846453931368266 6.733198351776164 6.737828529343101 6.693224184220136 6.554531105803115 6.365574895277051 6.127023242549406 5.89934555872012 5.835798969541078 5.907335385600025 6.496312761025854 6.405136390041373 6.072532973342986 6.081574497241276 6.052132095406698 6.147584498012435 6.179831805607614 6.099682206995153 5.985327002463456 5.985327002463456 5.965752614697056 5.826869859715758 5.653988111700624 5.426100872901964 5.411325383630356 5.431798264203982 5.450329806454429 5.495592812214817 5.559068462215229
6.622124231354772 6.710060018314268 6.757535735265987 6.756951400747953 6.717447052282014 7.071186678941386 7.408063256984577 7.495093112930764 7.576547978080528 7.645451877778763 7.669002796828148 7.04908936016935 6.917364679929627 6.782891148857191 7.642215584034274 7.538777355608782 7.404581285271485 7.224810956402978 7.030220742301104 7.176353480332794 7.176353480332794 7.014040216823014 6.758138174042275 6.420881545512803 6.092697824212359 5.772831320236426 5.761007245825622 5.742283061525423 5.994755317875414 6.127222277920721 6.237583681889149 6.231496803997948 6.271208404806258 6.310028268994754 6.322427247346119 6.218234703471648 6.121457625367928 6.085103779229671 6.05246667785849 5.938804550738209 5.470654084999692 5.504805492802721 5.548837042236543 5.553582785517808 5.517889180853 5.467839549842611 5.443369840949969 5.466526038444829 5.530187860413071 5.590672105916489
6.519566948902798 6.394074863699031 6.291724838179402 6.213914378271347 6.590923031175539 6.59092303117554 6.363790882284404 6.482408523378027 6.458784164225963 6.277236800120223 6.217427414664801 6.03796658482911 5.594971566905521 5.784539548624885 5.83292483750345 5.83292483750345 5.72033350527353 5.588444070900218 5.568285248477388 5.522755304510619 5.513519245791894 5.489375511395036 5.513976051041043 5.66235633093294 5.754325938629185 5.770445311006356 5.770445311006356 5.711018561238172 5.924880424699674 6.16663717096012 6.36066396181522 6.504484966811859 6.626566697720659 6.315983334985317 6.324374035144612 6.308423536494089 6.797542858666547 6.715734211509414 6.487457582774725 6.210714787084183 5.704104519800601 5.393718992880405 5.397798586056139 5.503847863820397 5.543814626184977 5.468867082327137 5.421723170243625 5.327012422777234 5.418928992314881 5.472561356560369
6.291111360800328 6.057213774139903 6.042295101658507 6.094728438074164 6.094728438074164 6.086439045173673 5.975455357440107 6.558349455354926 6.558349455354926 6.530709575948173 6.339222617339275 6.007008667262269 5.602175743165233 5.28363477888883 4.993542069790492 5.071528759090471 5.131866070408559 5.137816524326487 5.092865105183492 5.07229200378718 5.089594884723748 5.149164768918078 5.324754761448055 5.426660270212343 5.502611846178217 5.558625411235575 5.610414819823479 5.642901845774302 5.766016711845949 6.008133005697204 6.36066396181522 6.656364783110377 6.812228292673283 6.819702350406494 6.728505220162591 6.848786008482963 6.827903946950133 6.715734211509415 6.487457582774725 6.210714787084183 5.929644492580915 5.658982344867553 5.443557506493069 5.443557506493069 5.440777832426459 5.428117988553137 5.404538639350664 5.351894447602472 5.367483082971329 5.322101533665634
4.767586677731318 4.76444668228005 4.754217482752795 4.744085878438445 4.736373820882491 4.730786007246745 4.726306094702734 4.721674298196453 4.718483631074664 4.71651792293817 4.715414425839736 4.711306893783633 4.753654599445826 4.847052133405083 4.938948970998829 4.997401338208199 5.035140040523451 5.035140040523451 5.032956551943219 4.991700017846506 4.901122626968915 4.73272666059678 4.520612104773737 4.234122107301419 3.886785297722542 3.644809482445936 3.556928830981064 3.529069852604956 3.529069852604956 3.524803033991 3.52467273745867 6.656364783110377 6.872914170420009 6.922679782935273 6.922679782935272 6.798171437228029 6.5650692209765 6.246626926956126 5.89811325899882 5.554526178834221 5.236763318161134 4.950758194092948 4.708037288702912 4.495421231800885 4.265988926849266 4.274228360704437 4.676659879255102 4.909174406320575 4.995616113515752 4.995616113515752
4.530761873190327 4.52312505547195 4.524499264847363 4.525455442677461 4.526132748144632 4.526132748144632 4.524313757982076 4.517906832646831 4.511467212818776 4.505201626804642 4.507007084250435 4.508785387434707 4.508785387434708 3.925438116716621 3.922893863938189 3.919303738929154 3.915489464081991 3.911445049094803 3.912318960218403 3.915682277744396 3.915682277744396 0 0 0 0 0 0 0 0 0 0 0 0 0 0 0 0 0 0 0 0 0 0 0 0 0 0 0 0 0
