benchmarks/avaPyramidNullTest/release1PY_null_ref_0.15500_ppr.asc
ncols         793
nrows         793
xllcenter     0
yllcenter     0
cellsize      5
NODATA_value  -9999
[rows 396 to 428 of 793, columns 370 to 443 of 793]
76.1086 74.2531 72.2227 70.1323 67.8529 65.504 63.0831 60.6291 58.1464 55.8107 53.2897 50.7594 48.1935 45.6043 42.7111 39.6975 36.6639 33.3886 29.9218 26.2988 22.4758 18.2123 15.2782 11.0453 8.20699 4.40665 4.30064 2.4576 3.00388 8.04905 11.0125 15.0337 18.7014 22.6017 26.6611 30.005 33.2817 36.6438 39.8171 42.6152 45.2741 48.4279 51.4197 54.2722 57.0475 59.5536 61.983 64.2246 66.4678 68.5004 70.3575 71.9684 73.3805 74.6488 75.8587 77.2316 78.4853 79.663 81.0083 82.387 83.6808 84.8268 85.7774 86.6779 87.7988 88.9469 90.0488 91.0308 91.9942 92.865 93.78 94.6388 95.3834 96.0169
75.4307 73.6034 71.5707 69.3875 67.1758 64.9994 62.695 60.1885 57.682 55.2505 52.5388 49.6583 46.8703 44.141 41.5427 38.791 35.7539 32.2677 28.7019 24.9468 20.9679 16.8286 14.0682 12.4459 8.13809 4.97724 5.00041 3.85056 4.5383 7.97405 11.2293 14.1136 17.8962 21.2416 25.4106 29.062 32.5408 35.8032 38.7105 41.5694 44.4366 47.4164 50.6331 53.5742 56.1766 58.5761 61.0438 63.3551 65.4727 67.4397 69.2337 70.8554 72.3959 73.781 75.009 76.0773 76.9695 78.2548 79.7825 81.332 82.8314 84.2228 85.5725 86.8084 87.9763 89.0848 90.1604 91.1174 92.0081 92.8684 93.7642 94.5015 95.1671 95.7788
74.4935 72.5411 70.5887 68.6273 66.6085 64.4716 61.9651 59.3153 56.6002 54.1055 51.6122 48.8641 45.8557 42.7124 39.7002 36.8524 33.8449 30.307 26.6805 23.0502 19.0615 16.6705 14.4275 12.748 8.45858 9.65135 7.62524 8.00624 6.90412 7.58801 9.85063 14.2841 16.3182 19.1982 23.5051 27.0811 30.7009 34.0171 37.0093 40.0735 43.0482 46.025 48.9041 51.7542 54.4474 56.9859 59.4667 61.6514 63.729 65.6864 67.4568 69.1098 70.7609 72.2424 73.4636 74.5346 75.738 77.5637 79.2471 80.788 82.3 83.7397 85.0919 86.415 87.6886 88.8317 89.8932 90.8411 91.803 92.7589 93.6166 94.41 95.1483 95.8494
73.4998 71.6325 69.6031 67.5572 65.4332 63.1268 60.699 58.0426 55.3468 52.5587 49.9151 47.1724 44.0932 40.8562 37.6583 34.5344 30.8542 27.2536 24.0459 20.0878 17.0326 14.8034 11.3355 9.17679 10.0444 10.7962 10.9611 9.94352 9.80072 9.8636 10.0548 11.6719 14.5068 17.6928 21.5539 25.2038 28.9155 32.3048 35.2243 37.9367 40.7829 43.4417 46.7986 49.8331 52.624 55.2498 57.6017 59.8411 61.9467 63.8415 65.5675 67.1105 68.4414 69.7355 71.6199 73.5566 75.4517 77.153 78.7722 80.2976 81.8299 83.2371 84.5538 85.8262 87.1492 88.3251 89.3599 90.5022 91.6511 92.6687 93.5719 94.3505 95.0901 95.8095
71.6871 69.8414 68.1194 66.1743 64.0606 61.7041 59.1252 56.366 53.5282 50.529 47.4085 44.0034 41.083 38.1178 34.8962 31.7572 28.3639 25.0423 21.0857 17.3326 15.4102 12.5218 10.8452 12.2648 13.2202 14.652 14.779 14.2796 13.6659 12.4833 12.3661 11.3396 13.1134 15.2647 18.9005 22.5901 25.3393 28.3536 31.5399 33.9744 37.4507 40.7717 43.8201 46.7686 49.819 52.492 54.9353 57.2234 59.3227 61.2779 63.0601 64.497 66.3275 68.7668 70.9487 73.0478 74.9735 76.8036 78.4791 80.0467 81.4766 82.7916 84.0676 85.2147 86.4 87.5511 88.691 89.8015 90.8336 91.789 92.7614 93.7782 94.7617 95.6068
69.305 67.4188 65.5943 63.6193 61.3963 58.9255 56.3405 53.8655 51.0041 47.9368 44.5165 41.005 37.6658 34.8983 32.4396 29.284 25.9153 22.4654 18.8909 13.9807 11.8066 11.1383 12.9651 13.9738 16.3978 18.1363 18.8806 18.607 18.1275 16.6288 15.1634 13.4527 10.6508 14.0835 16.2903 18.5793 22.717 26.2778 29.2064 31.6887 34.5507 37.9761 41.2107 44.2228 46.9267 49.5614 52.0198 54.445 56.6799 58.5032 60.0884 62.9007 65.3532 67.64 70.0294 72.182 74.2148 76.0434 77.6304 78.9906 80.2198 81.8267 83.3874 84.7877 86.0778 87.2176 88.288 89.3006 90.2834 91.1053 91.9544 93.1152 94.1065 95.0216
67.7139 65.4916 63.2147 60.9972 58.7574 56.3166 53.6621 50.8718 47.909 44.8054 41.6403 38.0026 34.1471 30.8598 27.9907 25.3856 22.3721 18.615 14.4382 11.0816 11.1834 12.1682 14.2158 17.0061 19.208 21.4279 22.9253 22.2416 21.5547 19.9824 17.7653 15.1807 11.328 10.2279 12.5887 16.8983 19.2804 22.6852 25.9154 28.9081 31.9682 35.2127 38.3789 41.3522 43.9458 47.017 49.6279 51.9002 54.3092 56.4235 58.6866 61.3225 63.9067 66.3982 68.705 70.938 72.8587 74.638 76.2398 77.6905 79.1304 80.6395 82.1711 83.6137 84.8975 86.0933 87.1885 88.187 89.076 89.8257 90.7395 91.6779 92.4881 93.3171
65.2786 62.9543 60.6245 58.3172 55.8623 53.4085 50.7916 47.8778 44.8953 41.7024 37.995 34.5187 30.9836 27.0248 23.0233 21.0858 19.0799 15.5465 12.4904 10.5738 12.6629 14.2968 17.479 19.9346 23.2235 25.4033 26.508 25.9791 25.4398 23.7638 21.3538 18.2202 14.0016 11.3015 10.4214 11.8835 15.8316 19.149 22.6947 25.7046 28.555 31.698 34.9839 38.3586 41.375 44.3654 47.2533 49.929 52.4056 54.8274 57.4533 60.0453 62.7633 65.237 67.4694 69.4907 71.3656 73.0899 74.7647 76.4672 78.0717 79.5112 80.8237 82.0997 83.4014 84.6802 85.8825 86.9115 87.9091 88.7371 89.5314 90.3446 91.074 91.7533
63.2358 60.8586 58.3268 55.8121 53.2234 50.7157 48.0527 45.3388 42.173 38.6869 35.217 31.3592 27.7379 24.1572 20.7825 17.8693 17.152 14.8025 12.2499 12.7075 14.5455 16.4386 21.422 23.9333 26.9218 29.0238 30.2321 29.6204 28.7995 27.3021 24.6351 21.0286 18.1721 14.1272 11.0925 11.4695 12.7217 15.5737 18.9318 22.1324 25.2149 28.0874 31.3881 34.7348 37.8372 41.0335 44.3001 47.4437 50.3928 52.9881 55.5979 58.2629 60.984 63.3935 65.5743 67.7133 69.624 71.4266 73.1501 74.8593 76.4089 77.8608 79.2136 80.5437 81.7092 82.8757 83.9113 84.8779 85.7954 86.568 87.6498 88.7632 90.0307 91.2789
61.4689 58.9993 56.4785 54.1087 51.6101 48.8896 45.936 42.8172 39.5889 36.2076 32.3219 28.596 24.803 21.4438 18.104 16.1155 13.9096 14.4302 14.978 16.581 18.3879 22.3076 24.8776 27.6511 30.9046 32.6094 33.6499 33.2398 32.2342 30.7177 27.9329 24.6135 20.9324 17.0916 15.2596 13.39 12.3321 13.5059 16.6989 19.7348 22.5263 25.0149 27.8642 31.2518 34.5579 38.3123 41.8608 45.1473 48.0982 50.708 52.9589 55.7088 58.626 61.2421 63.6614 65.8147 67.8094 69.6109 71.3862 73.0287 74.6142 75.9734 77.302 78.5068 79.6705 80.7551 81.8678 83.4522 84.9834 86.4539 87.9087 89.3366 90.647 91.8811
58.7207 56.279 53.7993 51.1821 48.4453 45.3849 42.4742 39.5179 36.1529 32.9127 29.5574 26.3944 22.4748 18.6453 14.6392 13.2843 12.1506 13.7017 16.4917 19.6948 22.1353 25.8516 28.6603 31.3344 34.3441 36.117 36.8438 36.761 35.6981 33.8536 30.9953 27.7313 24.0153 21.098 18.6323 16.1082 12.8171 11.6966 13.0395 16.04 19.3374 22.1764 24.9755 28.285 32.295 35.9261 39.2011 42.2367 45.0183 47.6475 50.2834 53.1215 55.9526 58.4684 60.7371 62.8796 65.0165 67.0624 68.9559 70.6772 72.2695 73.7256 75.042 76.213 77.6717 79.622 81.4433 83.2195 84.8867 86.4612 87.8851 89.2597 90.5772 91.7866
55.8657 53.1782 50.4839 48.3924 45.8811 43.0256 39.8732 36.6822 33.0413 29.047 25.6937 22.3166 19.5183 15.6566 13.9467 11.6544 13.4229 16.6429 19.0468 21.8469 25.8823 28.9919 32.1674 34.997 37.5013 39.3883 39.824 39.8525 38.9384 37.064 33.9416 30.7632 27.0793 24.3102 21.7898 19.7794 14.0315 11.3087 11.348 13.1057 16.3575 18.023 21.8898 24.9963 28.6343 31.8926 35.2706 38.3989 41.3476 44.3959 47.3665 50.1537 53.0112 55.7136 58.1823 60.4399 62.5301 64.4287 66.2819 67.9805 69.5034 70.8372 72.79 75.009 77.123 79.1849 81.0907 82.9145 84.6499 86.1976 87.6152 88.9207 90.1205 91.2897
53.2812 50.3798 47.5818 44.8347 42.22 39.6497 36.9095 33.7785 30.2052 26.5012 23.0586 18.2677 15.6228 12.1337 11.2066 13.0407 16.3794 19.3813 22.0002 24.3663 28.5205 32.1406 35.4104 38.1563 40.731 42.4205 42.7418 42.7825 41.765 40.1585 37.2286 33.8959 30.7601 27.7874 25.2718 22.0655 19.4409 14.4912 11.6059 11.5979 13.0051 15.1364 18.6297 21.2061 25.0981 28.3629 31.3187 34.6904 38.1705 41.4897 44.5794 47.5239 50.2329 52.6923 55.016 57.0598 59.3831 61.6217 63.7437 65.684 67.4048 69.8189 72.0293 74.1152 76.2389 78.3119 80.2601 82.0399 83.7279 85.2209 86.6116 87.9324 89.2683 90.5095
50.5883 47.6005 44.3292 41.5703 38.7287 35.625 32.9075 29.6746 26.6562 23.335 19.4935 15.4511 12.7685 11.7657 13.5033 16.3446 19.4605 22.2042 25.2649 27.8451 31.0948 35.2519 38.3316 40.9964 43.3971 45.2593 45.5267 45.5668 44.5836 43.1755 40.3171 37.3354 34.3935 31.5502 28.7751 25.4776 22.0427 19.3084 14.8289 11.7078 11.2373 12.6676 15.6881 18.8975 21.6075 24.8807 28.3812 32.0565 35.2692 38.3064 41.2098 43.5864 46.2315 48.837 51.2229 54.1592 56.9684 59.4341 61.677 64.3194 66.7803 68.9681 71.0393 72.9548 74.9044 76.9638 78.8914 80.5994 82.1851 83.6631 85.0798 86.4187 87.6879 88.8692
48.0804 45.2264 42.1522 38.6233 34.9478 32.0857 29.2986 25.772 22.8649 19.0832 16.7635 12.6393 11.5971 12.1612 14.5999 19.3178 21.6103 26.0125 28.9168 31.7998 34.6407 38.4268 41.2224 43.8058 46.0925 47.744 48.2021 48.0526 47.3268 45.9935 43.1854 40.473 37.9588 35.1604 32.1867 29.1797 25.9576 22.579 18.0662 16.3718 12.9468 11.7157 12.2629 16.4225 18.5076 21.7866 25.4966 28.541 32.1322 35.0282 37.9315 40.7458 43.473 46.0567 48.6669 51.8913 54.8422 57.5849 59.9916 62.5904 65.0172 67.1202 69.1797 71.3047 73.4311 75.5265 77.4784 79.2642 80.8608 82.2931 83.5561 84.7754 85.9134 87.0871
44.9666 42.5086 39.6107 36.1304 32.311 28.8264 25.9237 23.0631 19.2693 16.0322 11.7234 11.5096 11.8305 14.508 17.0658 22.1173 25.1613 29.0365 32.3478 35.4155 38.0265 41.1959 43.8147 46.4496 48.618 49.9062 50.65 50.5757 49.8468 48.4787 45.9543 43.8837 41.3645 38.4295 35.7859 32.5056 29.4684 25.806 21.8254 17.9307 15.7909 13.0952 10.4193 11.3208 16.1521 18.6212 21.9324 25.1036 28.6735 31.8285 34.607 37.4819 40.4906 43.3861 46.5523 49.7172 52.6419 55.44 57.9623 60.4965 62.6792 64.8952 67.0762 69.2171 71.2981 73.2602 75.0415 76.6753 78.3874 79.9992 81.484 82.9436 84.2975 85.6185
41.2298 38.5603 35.9384 32.9966 29.7791 25.9178 23.5343 19.4458 15.7628 12.9207 11.7045 12.3777 13.9837 17.6279 20.7758 25.0968 27.8597 32.0199 35.5692 38.8105 41.4362 44.4472 46.3623 49.051 51.1123 52.0367 52.992 53.1732 52.2244 50.7489 48.7777 46.9137 44.4536 41.5021 38.9942 35.4767 32.4607 29.4501 24.7324 21.4652 18.0472 15.3376 12.4151 10.2464 12.2676 15.4242 18.721 22.5369 26.0342 29.2944 32.4386 35.689 38.7287 41.656 44.6855 47.4629 50.0366 52.7354 55.3747 57.7161 60.3592 62.9168 65.1286 67.2043 69.1519 71.0624 72.9229 74.6557 76.4124 78.0781 79.5844 80.9394 82.3079 83.5445
37.7736 34.7843 31.8082 28.5597 25.8089 22.6914 20.3029 15.7361 12.7455 12.4591 13.5346 15.1794 18.5915 21.6092 24.6463 28.7587 31.6243 35.2282 38.8116 41.8273 44.4178 47.4665 49.0673 51.5098 53.5501 54.4213 55.4255 55.5471 54.5198 52.9091 51.7594 49.9727 47.5364 44.5864 41.6247 38.9163 35.7677 32.5326 28.3757 24.9668 22.6762 18.9002 14.4786 12.4981 11.2821 14.7602 17.2816 20.0211 23.533 26.5969 30.0074 33.047 36.0308 38.8873 41.7239 44.7584 47.9009 50.6952 53.1633 55.4999 57.9099 60.1546 62.3916 64.733 66.9587 68.979 70.7917 72.4418 74.1715 75.8976 77.5658 79.0349 80.3207 81.4675
34.3761 30.6352 27.5656 25.183 22.886 19.5171 14.8631 12.3642 11.9322 14.3673 16.0327 18.7428 21.5799 24.9686 28.8791 32.1101 35.2557 38.4849 42.1278 44.7301 47.4571 50.2896 52.0315 54.4254 56.1308 56.6153 57.4858 57.7613 56.8431 55.6742 54.4862 52.9877 50.692 47.438 44.6658 42.1285 39.0448 35.3432 31.646 29.0279 26.2607 23.038 17.5812 15.2635 15.1842 17.2892 17.6642 18.014 19.3104 22.0312 25.6287 29.2836 32.5426 35.5847 38.7532 42.04 45.1826 48.0464 50.7194 53.2716 55.7091 58.1967 60.6061 62.8278 64.8672 66.8166 68.6888 70.5397 72.2696 73.8485 75.2548 76.5826 77.884 79.204
32.0987 28.6845 25.0432 21.638 19.9205 16.6892 14.2518 12.4608 13.312 16.6836 18.999 22.126 25.9914 28.2821 32.448 35.4913 38.6386 41.6768 45.0891 47.8194 50.4147 52.9108 54.8096 57.2637 58.9291 59.24 59.5125 59.91 59.2222 57.9013 56.9671 55.7653 53.6433 50.7474 48.049 45.1375 42.0575 38.289 35.3207 32.9052 30.0495 26.4332 20.1552 18.2332 16.1732 12.0069 11.9137 16.5516 16.387 19.3802 22.942 26.4667 29.2587 32.7827 36.3636 39.5278 42.439 45.3531 48.1479 50.8907 53.5987 56.243 58.7151 60.9626 63.0393 64.9087 66.6088 68.325 70.2547 72.0538 73.7763 75.3327 76.7409 78.1601
29.7204 26.2587 22.5144 20.3238 15.8138 15.0064 11.608 13.9178 16.5345 19.8444 22.3424 25.784 29.1739 31.9169 36.0504 38.5064 41.7206 44.6363 47.6653 50.5942 53.2305 55.5249 57.4324 59.7522 61.4923 61.7956 62.2548 62.0169 61.4547 60.4978 59.6669 58.4669 56.3962 53.7973 51.1127 47.9514 44.8925 41.3551 38.8724 36.5799 33.7145 30.3285 24.1014 20.4756 17.8399 13.6689 12.2406 11.2773 14.9108 16.7308 19.1875 23.4192 26.5568 29.3631 32.3299 35.7266 38.9101 41.9925 44.9352 47.9606 50.6043 53.0896 55.605 57.9694 60.1876 62.1561 63.9179 66.269 68.6411 70.7119 72.5573 74.2347 75.8482 77.3441
26.3972 23.6134 19.3938 14.7265 13.0516 11.9465 12.9798 17.0019 19.2355 22.7285 25.7059 29.1502 32.7861 35.6682 39.4551 41.4473 44.5613 47.2232 50.2871 53.0176 55.7542 58.0334 59.8048 61.995 63.7042 64.202 64.6816 64.3675 63.9571 63.2947 62.3407 61.0605 58.9874 56.6235 53.5717 50.4962 47.6729 44.527 42.1483 39.9542 37.0468 33.4247 28.1491 24.6834 21.1958 19.8478 14.6791 13.2635 10.6377 14.6505 16.0929 18.7689 21.7898 25.1263 28.6203 31.5363 35.154 38.3028 41.743 44.8765 47.756 50.3522 52.7831 55.0968 57.3225 59.4417 61.9644 64.4801 66.7308 68.785 70.6685 72.3609 74.0355 75.603
21.8834 18.4534 15.5061 11.9154 12.8068 12.9976 15.6914 18.1691 21.9344 25.6749 28.838 32.41 35.977 39.2572 42.6464 44.5682 47.3579 49.7487 52.6064 55.3458 58.0415 60.3746 62.1022 64.028 65.878 66.548 66.8677 66.809 66.4492 65.8753 64.8634 63.3973 61.4762 59.2202 55.8527 52.9775 50.2057 47.5244 45.1397 42.9414 40.0322 36.2131 32.1152 28.3374 25.4195 22.4665 18.2184 14.3062 12.098 11.4325 12.2195 15.3158 18.2618 21.0485 24.8823 28.2775 31.9377 35.3867 38.766 41.9677 45.0181 47.7849 50.381 52.8312 55.4046 57.8023 60.1351 62.5014 64.9114 67.1014 69.131 71.0657 72.808 74.3897
18.615 14.9778 12.7096 12.4278 14.1011 15.5236 17.0038 20.5958 24.7348 28.9268 31.8592 35.3132 38.9376 42.4062 45.7209 47.8549 50.0524 52.4308 54.8835 57.6268 60.0448 62.5208 64.2769 66.055 67.9329 68.7316 68.9538 69.1186 68.7137 68.2029 67.3343 65.5371 63.6622 61.481 58.0865 55.6007 52.5729 50.2 48.0848 45.9271 42.7043 39.5944 35.6897 32.409 29.7133 24.8237 21.3521 18.6859 15.7076 12.4068 12.1201 12.5669 16.7831 18.6479 22.4223 25.4502 28.7946 32.2319 36.0764 39.5949 42.7692 45.6805 48.3505 50.5253 52.7808 55.2273 57.8675 60.4625 62.9246 65.0828 67.1735 69.0893 70.9817 72.6412
14.7516 13.5363 11.2099 13.3684 16.8967 19.0446 21.2294 25.0617 28.0871 32.2979 35.2019 38.2968 41.7177 45.3814 48.6877 50.8165 52.9861 55.1899 57.2399 59.6704 62.0579 64.393 66.3668 67.9948 69.8038 70.7335 71.1017 71.2328 70.7576 70.3256 69.4629 67.5333 65.7086 63.5259 60.3591 57.8163 54.8463 52.7092 50.8824 48.6712 45.5873 42.5349 39.3651 36.2722 33.6272 28.5915 25.5662 21.9726 18.5789 14.8366 13.8568 12.046 12.191 16.2561 19.3249 22.3746 25.4155 28.8201 32.4868 36.1734 39.5328 42.3062 44.8068 47.4955 50.2511 52.988 55.673 58.166 60.5208 62.8314 64.916 66.7486 68.3302 70.1454
13.3412 11.603 13.8889 16.235 20.0558 22.3132 25.2949 28.7357 31.9286 35.6183 38.721 41.7217 44.414 48.2342 51.3254 53.3886 55.6553 57.826 59.7464 61.8622 64.1156 66.1474 68.3878 69.8902 71.5064 72.5192 72.9745 73.0294 72.7253 72.2041 71.4271 69.5359 67.5513 65.3958 62.4619 59.9217 56.9339 55.1796 53.5938 51.2101 48.5458 45.4568 42.8504 39.7173 36.5714 31.991 29.1932 26.0746 22.3472 18.6124 15.8735 13.6986 10.9357 12.5036 15.5285 19.7994 22.3635 25.8262 29.5855 32.8489 35.522 38.3748 41.5716 44.6972 47.9793 50.9548 53.7293 56.0857 58.2242 60.1971 62.3389 64.5702 66.6488 68.3994
11.5572 12.5341 16.0907 19.6 23.1531 26.0009 29.1938 32.4242 35.6127 38.5749 41.9887 44.8203 47.2774 50.967 53.7676 55.7744 57.9471 60.1831 62.3029 64.287 66.0419 68.0289 70.2831 71.7661 73.0579 74.113 74.7351 74.7316 74.5021 73.9118 73.2658 71.4551 69.4137 67.2188 64.3675 61.6865 59.1467 57.863 56.1965 53.7997 51.4167 48.2552 45.9287 42.8092 39.44 34.9634 32.3015 29.3128 25.5231 22.0715 18.4689 14.6109 10.7497 10.555 11.3392 15.9953 20.4203 22.1733 25.5443 29.0932 32.4623 35.4952 38.751 41.8343 44.609 47.6784 50.5497 53.2093 55.6382 58.0659 60.5245 62.6995 64.7063 66.685
13.1596 16.7109 19.8018 22.5661 26.3647 29.3382 32.4467 35.7634 38.9513 41.6772 45.1835 47.933 49.9889 53.2078 56.0757 58.4587 60.0844 62.5157 64.8019 66.5027 68.0879 69.9356 72.031 73.5094 74.5949 75.5 76.3693 76.4122 76.0923 75.7312 74.967 73.2252 71.1759 68.8351 66.1743 63.7416 61.6826 60.3595 58.4801 56.3588 54.052 51.1309 48.761 45.4967 42.1587 37.989 35.2754 32.1244 28.9967 25.0952 22.3786 19.4499 15.1609 12.1415 11.1631 13.195 16.7114 19.6981 22.761 26.0124 29.0071 32.3571 35.6089 38.5823 41.5316 44.2247 47.3419 50.3027 53.2443 55.8087 58.1543 60.4341 62.923 65.2418
15.2631 19.6603 23.7137 25.7523 29.1043 32.0219 35.3893 38.8226 42.3215 44.6543 48.2159 50.874 53.0032 55.2239 58.2342 60.9533 62.4908 64.7424 67.0598 68.6792 70.3055 71.7929 73.7861 75.1759 76.3615 76.876 77.9139 77.8874 77.6088 77.5386 76.522 74.8945 72.8028 70.3746 67.9486 65.8139 63.9796 62.6803 60.8088 58.7061 56.5426 53.8729 51.3683 48.0719 44.5836 41.015 38.4387 35.4365 31.9274 28.5231 26.1427 23.7488 20.1347 15.7637 13.9226 12.9652 15.307 17.6132 20.4807 22.4949 25.4365 28.337 31.7275 34.8533 38.3483 41.5275 44.4302 47.4974 50.355 53.3582 56.0596 58.6706 61.0914 63.3454
19.0799 23.1308 26.5534 28.2713 31.5009 34.3368 37.9789 41.7347 45.2602 47.7769 51.138 53.5378 55.7225 58.0482 60.6048 63.175 64.9473 66.7801 69.1502 70.8324 72.4418 73.7703 75.5496 76.8627 78.0791 78.487 79.4007 79.2313 79.1513 79.145 77.9404 76.4097 74.2977 71.8184 69.6839 67.7387 66.1057 64.831 63.0952 60.9873 58.8526 56.4111 53.7671 50.4509 47.2062 44.0048 41.4553 38.4389 35.2917 31.9934 29.9273 27.0631 23.6138 19.2717 16.457 13.8958 13.4278 17.5907 19.1835 20.0546 22.7638 25.0131 28.8027 32.3222 35.6012 38.5311 41.3818 44.7192 48.336 51.4678 54.1328 56.6268 58.7961 60.6951
22.6667 26.0195 29.1074 31.3773 34.3278 37.6725 40.6009 44.1146 47.8101 50.8437 53.9731 56.0986 58.2628 60.8644 63.3043 65.1867 67.1972 68.9992 71.1076 72.7471 74.42 75.7239 77.1218 78.4397 79.6144 80.2065 80.8361 80.6256 80.6965 80.5983 79.2232 77.7924 75.6939 73.1992 71.2646 69.5579 68.0836 66.7756 65.2639 63.2903 61.0523 58.8004 56.2176 53.0937 50.0732 46.742 44.2835 41.6662 38.1781 35.1607 33.3674 30.3279 26.4454 22.4778 19.061 15.5411 13.2784 13.1962 16.3505 16.9845 18.8587 21.7888 25.4062 28.5597 31.8924 35.3584 38.8765 42.5586 45.9864 48.8244 51.4319 53.7203 55.6033 57.3187
25.1549 28.5536 31.1117 34.6888 37.2529 40.6997 43.5376 46.6909 50.3526 53.5743 56.5584 58.4253 60.7199 63.4161 65.897 67.448 69.3203 71.2223 72.9681 74.5483 76.2954 77.4045 78.6118 79.9406 80.9804 81.6951 82.2643 82.0769 82.131 81.8393 80.545 78.9883 77.0284 74.5759 73.1207 71.481 70.0464 68.7048 67.4324 65.4538 63.254 61.1039 58.632 55.5812 52.6937 49.6589 47.5134 44.451 41.239 38.638 36.3542 32.893 28.7226 25.5746 21.494 19.2482 15.3336 13.1019 10.948 14.2751 15.053 18.1889 21.9324 26.0866 29.3298 33.1619 36.8362 39.7896 42.3831 44.6302 46.9883 49.3314 51.6226 53.7859
28.9168 31.8012 34.0767 38.0354 40.7506 43.7914 46.4536 49.3547 52.9642 56.0583 58.7843 60.7307 63.3259 65.7773 68.3297 69.9267 71.4751 73.386 74.873 76.294 78.0105 79.0333 80.0865 81.3358 82.2161 83.1028 83.629 83.4677 83.4345 83.0172 81.832 80.0799 78.2979 76.0328 74.8336 73.4853 71.9764 70.6158 69.4132 67.4445 65.2599 63.3855 60.9827 58.0866 55.4464 52.6172 50.4782 47.1267 44.1167 41.9484 39.1782 35.2007 32.1921 28.8981 25.314 22.3289 19.1104 16.8263 12.5963 14.4808 14.1013 15.1504 18.3116 22.6401 26.2645 29.8942 32.8933 35.8167 38.9254 41.3969 43.5978 45.5896 47.8951 50.3462
