benchmarks/avaPyramidNullTest/release1PY_ad4abf69aa_null_dfa_ppr.asc
ncols 794
nrows 794
xllcenter 0.00
yllcenter 0.00
cellsize 5.00
noDataValue nan
[rows 352 to 373 of 794, columns 550 to 599 of 794]
0 0 0 0 0 0 0 0 0 0 0 0 0 0 0 0 0 0 0 0 0 0 0 0 0 0 0 0 0 0 0 0 0 0 0 0 0 0 0 0 0 0 0 0 0 0 0 0 0 0
0 0 0 0 0 0 0 0 0 0 0 0 0 0 0 0 0 0 0 0 0 0 0 0 0 0 0 0 0 0 0 0 0 0 0 0 0 0 0 0 0 0 0 0 0 0 0 0 0 0
5.121334787159626 5.118470383089758 5.126176937946291 5.126176937946293 5.122636244715012 5.10244226353556 5.081467948905313 5.078861622180854 5.081575796930335 5.0834246808121 5.0834246808121 5.082801804106841 5.067678282009017 5.052360139466052 5.038180351058182 5.025161375452885 5.013238266055803 5.007116052800107 5.003662019533652 4.99958935441512 4.994962826767433 4.989855649553752 4.984352488953763 4.978232171064143 4.970893018652906 4.96254267437094 4.951456227316573 4.951996949972625 5.390727701961529 5.876873252067196 6.298148071687134 6.577477414422897 6.661396404261894 6.661396404261894 6.5564085735246 6.28413898449745 5.9272393273961 5.593972237730499 5.295187907511218 5.074306980999207 4.896994640638499 4.759806606375664 4.659913147445319 4.599102195960423 4.550382630454805 4.510498456644219 4.474951180268381 4.438300521110455 4.402188974713777 4.382118521853264
6.531077968083176 6.531077968083173 6.396752265142366 6.217228411440589 6.11321239785788 6.041019136261875 6.093475685986712 6.09347568598671 6.088235800804768 5.973325996317406 5.981353883747447 5.981353883747445 5.981352258211807 5.957316849834225 5.963603919325053 5.972405494635677 5.980518667773866 5.983743272743389 5.983743272743389 5.960168084575472 5.96265286046353 5.971523291433253 5.979710257486151 5.986010300268193 5.986010300268191 5.962870530494185 5.961746968719812 5.970681780491295 5.978937848427625 5.986445088975863 5.986445088975863 6.086232688884345 6.206565955614102 6.125851249525042 5.978147335134998 5.985734638636942 5.985734638636942 5.967729232363495 5.959824669536639 5.968907561434245 5.977307002032744 5.98497687926022 5.98497687926022 5.970226565209878 5.958787675306001 6.243329477217155 6.598138199879855 6.895236182994033 7.060621114024288 7.090408232485418
6.491414086383247 6.531077968083173 6.396752265142366 6.217228411440587 6.11321239785788 6.041019136261875 5.99147048005869 5.956348314316597 5.964639085901146 10.26740044011036 10.4972087054567 10.4972087054567 10.41785126755838 10.12863235262837 9.685988983354967 9.153613260841228 8.594124851638762 7.991073712719801 7.406851402635781 6.893327787255072 6.500509440143576 6.148424021706301 5.97971025748615 5.986010300268191 5.986010300268191 5.962870530494185 5.961746968719813 5.970681780491295 5.978937848427625 5.986445088975863 5.986445088975863 5.96532388497929 5.960815993377292 5.969821391934195 5.978147335134998 5.985734638636944 5.985734638636944 6.097766152876335 6.274646898047127 6.399977765894175 6.523511107436349 6.659146039273859 6.835388299907928 7.088010275040462 7.326028399746459 7.693004914016842 8.009414897472894 8.002953239161988 8.080643142058276 8.051366055513848
8.499515974532196 8.890451802358458 9.337347563588278 9.563466039459726 9.557526949436772 9.62814744748167 9.628147447481668 9.553378063805727 9.767483496808808 10.03963582811672 10.20451151699984 10.09670969814344 9.653054340255183 9.760647287947881 9.615120285607539 9.299607466732139 8.86485703527284 8.329131752288518 7.856469873616293 7.324946659116068 8.251601891637625 8.612029570080006 8.612029570080004 8.132365614140953 7.582769091774137 6.959386915264534 6.287434295824676 5.601010851101944 5.717334291546753 5.839523907686847 6.045413577561446 5.945920739397442 6.067975168751365 6.082811118058212 5.970081240728769 5.817464525623681 5.772201382633368 5.944808280192117 6.200037995906758 6.468375089520424 6.70737107835816 6.963467501043233 7.130995661612421 7.326815175204822 7.326028399746459 7.693004914016842 8.009414897472894 8.002953239161988 8.208438491109904 8.585429605915959
8.505930984965513 8.900091166044009 9.337347563588278 9.820534473265155 9.953956126951693 10.0127654819284 9.944775857914143 9.842250256011198 9.767483496808808 9.551906299598086 9.648905979105463 9.641295901872482 9.653054340255185 9.760647287947881 9.615120285607542 9.299607466732139 8.86485703527284 8.645201034783199 8.548229126186845 8.382037484636395 8.174939166177552 7.905649774903962 7.512574048356073 7.110418841581049 6.761281143637487 6.570459291756705 6.606462477893203 6.662870127111113 9.705127557652268 10.19899006417669 10.46020901211267 10.46020901211267 10.40611919007033 10.15667052162028 9.677528878220272 9.098347606885268 8.47378593844199 7.842418984398538 8.342455814032411 9.236865818643595 9.714699309657512 10.11776520325391 10.24546515688984 10.05969733629088 9.788575261989182 9.539495718382016 9.331089782359054 9.104599991546525 8.836154247357195 8.503815277675635
8.552452255921374 8.506804109805659 8.463522262841295 8.479531964963311 8.516579423093601 8.749991279046309 9.334179853522651 9.437783093675758 9.415196287713414 9.522928451825583 9.309717046057717 9.135804025628749 8.915069864652898 8.756617310800255 8.558116169350249 8.363979276353353 8.165585740417686 7.985179898446801 8.061862938365966 8.989312709614172 9.098895419204064 9.389905310992718 9.372820386706575 9.225684145648939 8.960670797896125 8.933980748244874 9.612946414228473 9.070142896879448 9.423418541219554 9.792022132454649 9.924495295616316 9.90131669936461 9.722305402904555 9.398486136791439 9.345998069129672 9.240740486467891 9.01789525731448 8.719874170586227 8.796086068018663 9.472815612917202 10.10539867078643 10.71004692688689 10.89132382770483 10.9816893658308 11.05172017068212 11.08045836893306 11.01362088332366 11.06083424703761 10.85806600563346 10.68199320022403
8.132976850422438 8.153655974943991 8.12077192867388 8.127598964149609 8.689796253705016 9.007877860071288 9.212891498305774 9.30364424804956 9.271838484840414 8.813378125865489 8.784819294903151 8.810943015851462 9.11081752375342 9.215003008206352 9.149031884970977 9.013724747063552 9.207880500995371 9.419574312972568 9.302980556437092 9.29611276620407 9.538954256106011 10.09123388950614 10.39514727561301 10.53178452796584 10.80331324245489 11.33882413157486 11.70889142098138 11.69610488123962 11.3480143848073 10.79731749912992 10.21787237330623 9.857758827921115 9.94256603141709 10.46326352946865 10.68651631934996 11.18667556223379 11.05423332537387 10.04779461812621 9.411905809623102 9.717442457765232 10.18707046235573 10.71004692688689 10.89132382770483 10.9816893658308 11.05172017068212 11.08045836893307 11.01362088332366 11.06083424703761 10.65701226979324 10.44173047347874
10.31862546001125 10.59144301561516 10.59144301561516 10.11898283155834 9.752050239588579 9.904416334080114 9.945867774222855 9.948184282913136 9.888479360888944 9.717032571888325 9.494681003928413 9.531620468641634 9.970792699102727 10.29733412679051 10.46641209459527 10.51629894711313 10.4573316176323 10.41992910342464 10.61373331925084 10.49745242223409 10.69099644994672 10.87922964187227 10.9573851711762 11.0163240079111 11.12120274605799 11.27269741935369 11.43706005156643 11.38386721311903 11.31842632210187 11.18113813018392 10.93073739678735 10.66748550417105 10.24773751084026 10.55473716660035 10.72000934194577 10.66622797996266 10.41112973279229 10.28533150074322 10.11842572376537 9.412666906355756 9.212506069848631 9.535943650755984 10.12234593827852 10.09408191955292 10.11435919900453 10.23989161314448 10.46153563312311 10.53466327802508 10.60390769351898 10.46881635764223
10.20163431021309 10.39662320386718 10.60578539819726 10.92914102429996 10.91937450096619 10.86925293899408 10.63137691724631 12.35588004874849 13.06214554528007 13.62327240801043 13.82054485983969 13.82054485983969 13.60064978328495 13.10157398103622 12.21986014591983 11.10531357539771 11.41362457318014 11.60933138913987 11.82029765729655 12.05709453646908 12.21271960615833 12.17929346642352 13.06395806336134 13.06395806336135 12.41117185074576 12.08203173137606 12.03150795784239 12.03514861369947 11.93947921189751 11.80602048182388 11.59632455275251 11.42532878540624 11.14742036118486 11.040728357456 11.14667649450248 11.24747082373693 11.18523351208689 12.65641250913189 13.00037461051534 13.00037461051534 12.55256455140255 11.40686143093542 14.35056848624938 14.7191372244252 14.11110212112931 13.18019985559198 12.70458813901031 14.51489705067742 14.46418476597693 13.96715810373522
14.52794632037988 13.80263444690389 12.89055880243554 13.1341697137639 13.24090818560554 13.66154409173373 14.1446527832759 14.43902183172554 14.37053990997007 14.39478763001099 14.39028549227602 15.05463788481141 15.55248436456867 15.54175669226443 15.23747975901111 14.47320259901914 13.38689254911489 12.450114138795 12.74437239612006 13.01171259524352 13.2544369454134 13.513835220809 13.95840006319545 14.10155919234571 14.07708715727102 13.9464186547182 14.11291154468423 14.11291154468423 13.78369035960519 13.11457069290704 12.32479789752897 11.99277860073979 13.3549090108824 13.3549090108824 13.2390904173006 11.72565419199073 12.51429897076095 12.78347484679081 13.02068400573605 13.50986498046171 13.88114077294358 14.31409352990612 14.71570417447018 14.38150382907884 14.2374901943052 13.83514730823 13.74690063383374 13.74475830080664 13.49762154411254 13.31593065006657
14.40711724381613 14.75505540084763 15.02439540316042 15.30384659357635 15.54177546598691 15.77897211620639 15.94805020887096 15.91541324022244 16.01884349838008 16.06124632771104 16.0900234697266 15.95770300516625 15.81169568651225 15.46393904572667 15.14123905089318 14.90743689155626 14.77826005153898 14.59489649277494 14.72010869882311 14.86829237167222 14.78514823747275 14.43368249324156 14.3372719318416 14.55650073824032 14.99398450988959 15.25407036156325 15.37440401903727 15.01278966370428 15.18487962005943 15.47697432782199 14.82465428980342 14.86433547009141 14.63887738844773 14.28306088207818 14.18036165753083 14.37575320550443 14.51705783827663 14.96850827659444 15.41662467887095 16.02889113863463 16.54929447618152 16.85027761647477 16.79055253387944 16.30171732864779 15.84217937846073 15.4138481727009 15.10683258817885 14.75730987184742 14.4487137218097 14.23917191882331
15.9712504467481 16.26885782481565 16.44874045576363 16.57240177084326 16.81718414985759 17.12038446734417 17.37960837098519 17.74914163559701 17.92623530858444 18.00976516469689 18.00776267058304 17.93821130672425 17.85410953681732 17.69096570271234 17.46464832661888 17.35479942469134 17.21781868730401 17.28316777177973 17.37921417241434 17.39734161772389 17.25024869668642 17.07541777565941 16.95636532816119 16.84128619461772 16.95961969431934 16.99384824094691 16.86762188005687 16.8490504383382 17.03355640644219 16.9993032237251 16.92045938492676 17.1462623595813 17.06198359626897 16.55524648893075 16.30805881157681 16.57033191544075 16.81432736700937 17.17110198380785 17.51567153467247 17.74282201152633 17.75503036194127 17.69468637887081 17.65020346238915 18.20308202105394 18.55869776067053 18.54463430452918 18.25271517108459 18.06077186711668 18.25075731745585 18.73073171166958
22.02990574775783 22.42663442110157 22.21739123688153 21.45863875744361 20.29190815454426 18.87750127265069 17.72084890613372 21.80440242565188 20.45197194076452 18.57882296916308 17.59796552148643 19.50304763286596 17.89145366283883 17.83041340963832 17.57001299418639 17.61336916237109 17.21519016357082 17.08382123905917 16.99272201319405 16.94397232540021 16.96616843933346 16.96557743058089 17.07611361699422 17.03133272449099 17.08084973837262 17.22765012774948 17.42636172751427 17.61270309272549 17.89141692575496 18.09069975808789 18.16282069055872 18.14942542271596 18.01874743927799 17.88116227608095 17.82280528480583 17.76873279936911 17.88357321745231 18.03986637740235 18.19309897909487 18.10452575112954 18.03126829155723 18.20110850252403 18.58918269506912 18.81562527288552 19.01143979185219 18.85262475842444 18.58971658340367 18.35075371454928 18.11223754587187 18.02745713827914
22.2447486203467 22.14524563995566 22.01126739622774 22.05521547866354 22.34037186846522 22.76656255187033 23.34940848372538 23.93989961500588 24.74245604725527 24.99078991799467 24.45827067357966 23.50615570123083 25.69824449773629 24.48395462388792 22.99443275995691 21.45334225985878 19.92141775256649 18.53917201787714 17.74490265016464 17.6476453506414 17.67970234234421 19.61164361266382 18.16046255861872 18.3490807616192 18.51948712310724 19.19811871157951 18.51539800287144 17.46093306291777 17.59640552585975 17.75855686328998 17.91455187057781 17.98462071805877 17.98106201054602 17.97946291188399 17.92735776862076 17.86541493754261 17.90016081667043 18.01452364417741 18.11841232509208 18.52849571051603 18.67818985927983 18.93948923543597 19.55786117475301 20.20798451763144 20.87535077662075 20.84308676539846 20.03966218782977 18.65372615965878 17.94863450633989 17.43160398292148
23.58629992012451 23.50424632251659 23.47544826870118 23.54787152205289 23.85561869733154 24.17136032200181 24.60036897035274 25.04370346753181 25.36852797873809 25.52345778081726 25.51296856188964 25.20869320113217 24.50450098850206 24.01862994285458 22.96433783124987 22.04474709368442 21.57314751055967 21.93537189653701 22.5709249096052 23.22450544517356 24.12412694949163 24.42023383993426 24.21763134336346 23.32166917627157 23.48952876795177 22.61490742354123 22.51371339079192 22.61586141682358 22.54842694780617 22.53461497986764 23.98552901195423 24.60998798493514 24.66200360402937 24.32316402889135 23.72457807772573 22.6673451054435 20.76398220419309 20.68562422742587 20.87510915484398 21.05434306627933 23.24368280048751 23.24368280048751 21.90447494978466 21.70145609866858 21.71419593324754 21.78679663742894 22.17094121096649 22.47749550789273 22.69100929231936 22.9119896305868
25.99207890954798 28.52244315711473 29.66072541196729 30.44326146496579 30.9377210861328 30.92689293616629 30.33135763399079 32.0979417584794 31.47975873219351 30.61948999495283 29.60337275734691 28.18437149975621 26.28860879488769 24.42973794342253 23.86753140921091 23.48431032021032 24.73624023580408 26.87634033496482 26.12653727549422 24.31180132977813 24.67467359615438 24.65218374606326 24.47039842225476 24.28587396419162 23.67135930460884 23.39969404820668 23.56933466843331 23.28604907641976 23.7172703625209 24.15263695535419 24.6149480278057 25.17775003169113 25.84777219942067 26.44664396798794 27.75929307607572 28.9194226527376 29.79914360094009 30.2339093639222 30.30824325952307 29.44434236111231 29.28500241699617 29.1110162326159 28.67712937397873 27.94247961072391 29.93511934574749 29.77127859814263 29.08769418594685 27.72665834916246 29.3306889123941 27.65864503816269
29.51461003192393 29.95181583652588 30.39302935788161 31.04624899097798 31.42622024716435 31.7066941603717 31.66366098483228 31.24624748761082 30.85096100900206 30.97159028368862 31.34956848795304 32.20746572963064 32.93074997272981 33.74617448316329 33.89272091465588 33.44412728673188 34.82764066348854 34.76919102552461 33.89552234337327 32.93228613700852 31.706430430684 29.79241929111994 27.44363779227885 32.22889224678717 30.26623195527043 27.93130079915633 25.57347050843951 25.74996064148084 25.91437361215461 26.68525755710818 27.27923270954301 27.89108891498938 28.27241893317375 28.8463376171405 29.27095645296001 29.71939355604663 29.80226829599852 29.74815154849893 29.0512119941255 28.80883181162715 28.57956408994092 28.56621727979899 28.64461097537389 28.92669305353794 29.36367340256235 29.69106356685387 29.99067515871678 29.22573882086758 28.28883274933764 27.99217518758192
31.04192122255873 31.2891037150178 31.89391673785052 32.65077485355962 33.09421467931278 33.09506615760791 32.99389881143884 32.8662235502386 32.99994955677003 33.22157569343403 33.37907102386568 33.55327057703017 33.77034767095341 33.88241389553308 33.99599868061047 34.10893086029406 34.03817877473185 33.96318073582041 34.19280764264712 34.74950016280031 35.28352184646606 35.822747711711 35.87171078508692 36.15352974055227 35.87995863784889 38.3523769523393 38.2020006754261 37.32676872000363 35.84729714856157 34.29567076151115 32.45092000777298 30.4406197106678 29.66689221922529 33.30412093643605 31.63388053873646 30.53862578718435 30.84900349518601 30.54943288796709 30.00762455045518 29.78439690353726 29.7307543056133 29.62956196027332 29.77326222437672 30.26540998505331 30.87089279391084 31.43356978097298 31.1673046874304 30.89780124567459 30.48397922662018 30.40149558711543
31.78881695197676 32.29762655360022 32.76756430683197 33.1122045037235 33.4160718329044 33.38771577474983 33.32656392805375 33.44403987850809 33.77721953169593 34.23399703095902 34.33799908768185 34.44235656442193 34.6218666966427 34.7984126978706 34.87730410398856 35.02407247980288 35.18939682802597 35.42151481368023 35.89764145688929 36.26589067016533 36.33725823428197 36.34193206308975 36.67014533138951 37.03684528435184 37.19125003905848 37.32909275902335 37.42618986734642 37.50349615163675 37.48560266720899 37.45232428697444 37.94424512282284 39.34144691896098 39.34411536419874 39.74296397157854 39.46252959367611 42.45960251013892 41.9042416729289 40.78417133416814 39.30619865880519 37.31589120335761 34.67955123938138 39.13011319979738 36.65370906558258 33.61408552708662 31.47651403522554 31.89157046353064 32.04193272023831 32.10876171653862 32.07796573935496 32.0828328780246
32.31060072927445 32.76234714316478 32.87961583404853 33.02635973907924 33.19133571002601 33.30658026539169 34.03876849474612 34.4719004243921 34.45880180058897 34.71366530948577 34.77739716687938 34.99996555779737 35.25360778278559 35.39800181521412 35.50971144164609 35.6808831744837 35.96363771981619 36.19220096341711 36.75979246091265 37.10066420699143 37.17428851175261 37.20037335519584 37.4244152899329 37.93286072086274 38.24124982045182 38.39164561197273 38.64879128122056 38.68983102779115 38.76607311215542 38.790265705836 39.0764003403879 39.32096037466439 39.83207706731893 40.59687833835432 41.01156989220142 41.30039018797797 41.65934685336673 41.91389540815855 42.31633446538599 43.33004685623615 44.28239881384265 45.43641485310023 45.15643960028417 44.60921852713423 43.59729117191391 42.14272428656253 46.51528671351455 45.41391822064135 43.54629376475503 41.01717121224413
