benchmarks/avaPyramidNullTest/release1PY_ad4abf69aa_null_dfa_pft.asc
ncols 794
nrows 794
xllcenter 0.00
yllcenter 0.00
cellsize 5.00
noDataValue nan
[rows 418 to 439 of 794, columns 650 to 699 of 794]
0.7795331388486191 0.7721524829596346 0.7812707619219718 0.7928986884259652 0.7999717023432662 0.8092854196326625 0.8173833259072566 0.8045606138070762 0.811430328754664 0.8272064927564472 0.8385206610378739 0.8424570844052912 0.8229760181553336 0.8186254278589772 0.8393994532995545 0.8469561189249488 0.8495742501962062 0.8638898938531085 0.8608724893021312 0.8595631152973529 0.8691920511423037 0.8821152680738195 0.8958903159996221 0.9218698968284912 0.9220803197762417 0.908802976692012 0.8929499339798571 0.8884778069740326 0.8958137484183147 0.8990561085545441 0.9095733099175766 0.9193725410308514 0.9270170934545875 0.9251773656458836 0.9234245295910746 0.9339804919451296 0.9383427530602211 0.9530567613069822 0.9597414914013178 0.9697779007169315 0.971797774413608 0.9622775622307116 3.028134035823326 4.731128112648797 4.392847665595825 2.932962423433117 1.724593704964367 1.46760094057623 0.9313252169313168 0.1661625921966226
0.7799643660491399 0.7737330517278117 0.7669277342060002 0.7770702159229361 0.780338077114812 0.7898665558383683 0.7844001814617917 0.7698405517701123 0.7781430714363714 0.7757954389746058 0.7972608387714777 0.7972191226306852 0.7960906316147207 0.8029432816102002 0.8102694677559962 0.8081949493676347 0.8038746795480579 0.8033802564647902 0.7704043557078316 0.7594607558782565 0.7308714185825937 0.7109296251302901 0.729809669924213 0.7348800936886857 0.735273945295089 0.7714086869924859 0.7932331463649107 0.844338188928313 0.8685790277323098 0.8801118010348694 0.8826604701368048 0.889245087505067 0.8945715904230604 0.8727336967677916 0.8563485450909774 0.8464385695513723 0.8351310000547735 0.8264299763972378 0.8107046004563703 0.7901471192933626 0.7765473135557686 0.7633340751117063 2.916533315959367 4.570304980828484 4.201976835270374 2.696212383206215 1.238351730822979 1.055292387528573 0.6754006271544473 0.1558458471713672
0.6686723099468033 0.689616716019139 0.6968619398615443 0.690584336257044 0.6799488495058085 0.6744625029043928 0.6662553294039637 0.6592134259588027 0.6651859501610758 0.6622268020348366 0.6650279221990087 0.6521833061258765 0.6190729460700145 0.6102437779523449 0.6235143754650829 0.6364795074753755 0.6569973237321034 0.657696667973606 0.6610407418839828 0.6798014368914466 0.6553854488276877 0.6418524346364285 0.6416453920210498 0.6453490771016853 0.6385652011826827 0.6295525335944046 0.6305635838405951 0.6318952117201017 0.6115481242045201 0.6335975240492466 0.637008181328389 0.6343344352723195 0.6662502761172667 0.6837811568990481 0.6578720455278544 0.6277760694960696 0.6106845721883195 0.5967856101563422 0.5723033208610644 0.5456977885566607 0.5430182213930055 0.7842567983962927 2.7292497935166 4.406741458960665 4.036816344112977 2.568848110362711 1.095642052015084 0.6828710419392339 0.5352107999321956 0.1108284696340445
0.5030137397060236 0.4928801853346684 0.4588481078048415 0.4547357667942816 0.4675300818445888 0.5052357764666101 0.5172513711325163 0.5013777444094769 0.5177145368123118 0.5101257791993465 0.5186448553666805 0.4903679623975617 0.4976433938969879 0.4835859461472374 0.5123811885589032 0.5005930026664707 0.4941203985748113 0.4916380542448003 0.4866195160763208 0.4768957196246292 0.4914592137272586 0.5079035524710779 0.4915738162103871 0.4542713325120611 0.4476083253154812 0.4322968683819836 0.4014545332742515 0.3799561644584451 0.3529675385914918 0.3314937833895026 0.3337061055037385 0.3320196720130795 0.3381603418475748 0.3440558211249238 0.3463106574871375 0.3467962076886401 0.3414969877833312 0.3391552874787866 0.3395321807318659 0.3345998130478637 0.3508551369925608 0.6467440899892222 2.547069665118227 4.245608242031667 3.86338455706579 2.36987826551846 0.8536275875559693 0.2653987939102889 0.237104975653483 0.01564972074656876
0.4955544710503669 0.4974597920551085 0.5035547210892762 0.5006728028715527 0.5106807501847022 0.5122374068201279 0.5282435382471173 0.5455845657844488 0.5647016278377444 0.5737331733191584 0.5768399125258324 0.573316380561139 0.5846565954414237 0.5802086497878175 0.5709478500168053 0.5802927209709131 0.5918339525869243 0.5901916743452018 0.5968273525004884 0.5896175775145485 0.5579681109085991 0.5393912505285681 0.5435281742470081 0.5253708307287296 0.5284393535489058 0.513905837831 0.5049256999678404 0.4950213517822684 0.4824228695719959 0.4643410185689264 0.47020873325346 0.4685684096701569 0.4590615211601075 0.4372850633569494 0.4071982350669731 0.4243202377220737 0.4409134900748608 0.4701016596177967 0.484390020709852 0.4852816307182662 0.5092890094006297 0.5523570875520734 2.410845011910584 4.09553475782239 3.706371718120272 2.262503075959212 0.6873058398552268 0 0 0
0.484563569218333 0.4801569445812341 0.4781575753829896 0.457487657202722 0.464236022667493 0.4729514271815265 0.4884738292036666 0.4997450394286321 0.5068116221454509 0.5091569621396771 0.5434211176092025 0.5449773008526593 0.5730929994404561 0.5611337074626241 0.5556236019242768 0.5576929977566045 0.5829157800969741 0.5870520960828174 0.5875041134411743 0.5913129684244386 0.5821981117598257 0.5625352537577771 0.5467061882508228 0.5329399219618377 0.5315204214535968 0.5285161092877111 0.5429358670030935 0.538127668266196 0.5202943870493769 0.506589356715951 0.4955577987866859 0.4916489088763728 0.4853341185986488 0.4735976396537599 0.4707170154455477 0.4706787384405977 0.4828248335454418 0.4869831192557795 0.4814340787131967 0.4721296739829772 0.4722658730333675 0.4774964931491904 2.316033057439423 3.978104886632983 3.574625773421443 2.120817385466424 0.5649571807765983 0 0 0
0.5131729577704384 0.5123233247966746 0.4994749804358421 0.4944503304033228 0.4887001454134366 0.47913430942279 0.4788673881033905 0.4968749009990618 0.5381495524700263 0.5667545129421901 0.5801425906654341 0.5884799709466311 0.6208287698496331 0.6323180309429516 0.6393248294579582 0.6362880510849548 0.6030254306295134 0.5907929768541386 0.5940493304164853 0.6000171688526739 0.5842462332980243 0.5637581569221479 0.520877810966651 0.5113575371526252 0.5056476021004944 0.5071281444595794 0.507844311144505 0.5043825740730554 0.4885354595030524 0.4672008665004981 0.4407738748502411 0.394732652506597 0.3911519805202096 0.3876603215317627 0.3935402790236949 0.3954379245014542 0.3944836761913698 0.3869112210308548 0.3815546526309035 0.3783443570066137 0.3777502050366405 0.5312211073839807 2.208335303375797 3.830752026745835 3.438219194674294 1.927281355781958 0.4082431696465129 0 0 0
0.4219653248239653 0.4016895349482741 0.3883095550165493 0.353031449673524 0.3431952289210325 0.3630341939547116 0.376959905010756 0.3706732635202236 0.3634519840759375 0.3433700235171426 0.3270193989546266 0.3179402621972316 0.3306380770649987 0.3464133211380908 0.3438188880067348 0.3186047427872061 0.322047511899356 0.3200065138710074 0.3258812242406339 0.3303899688390231 0.3326261734624201 0.3385274050821704 0.3268119692475041 0.3377982763184794 0.3474269540350914 0.3515864163311835 0.3519212993736205 0.3518057519601691 0.3517716411792663 0.3487942794334119 0.3461982684254123 0.350555296943667 0.3509937191565963 0.3584241269459121 0.3819154164184639 0.4123531113626154 0.4284723607804001 0.4370281261815912 0.4426352191597301 0.4414925795253901 0.4346770913407053 0.4657861342922106 2.095416631484017 3.675518421264559 3.238410214547919 1.759046599005211 0.3063983623503118 0 0 0
0.3837461447015674 0.3738991714512885 0.3707010716666352 0.3754264033030061 0.3851714617010169 0.3923562432645465 0.3963485264662537 0.395745557730268 0.392762446990242 0.3963102650576767 0.4066586844386925 0.4193976886742611 0.4223028747197209 0.4249359623436154 0.432776872382531 0.4280288942023677 0.4282302362231543 0.4155943455912043 0.4059201096639256 0.3906861007230636 0.3803520258292711 0.3604833647829375 0.3382219512291377 0.3164272295417085 0.3091848949159098 0.2997388665331761 0.3232761937763765 0.3318156419526567 0.3279103282700415 0.3255832536349849 0.3378463912301812 0.3294092660121843 0.3289978679234542 0.3331490751041829 0.3283340793881709 0.3253440718898882 0.3252353174000737 0.322694806653795 0.3167137105206841 0.3242431694321591 0.3380440837682204 0.4260958853238482 1.950419093873084 3.498876836620295 3.087466098498276 1.565805009639091 0.2331182441133392 0 0 0
0.4008050428498549 0.3940438210391846 0.3994818336944624 0.3899810723321318 0.3782360347079197 0.378957907461461 0.3707858296585852 0.3721947026801455 0.373469640075012 0.3701189036573943 0.3737285869441293 0.3674807609323332 0.3630818900816052 0.3563845204769062 0.3565248198629288 0.3534267625848601 0.3344034869579515 0.3453340778441818 0.3931813704282702 0.4303868864584272 0.4558627838599833 0.4682406677970555 0.4658526391918056 0.4506180199107237 0.4295852397523063 0.4057070082122758 0.3807197290524268 0.3636316025052279 0.3483974045433311 0.3500925844845486 0.3428401602158314 0.3317066458561077 0.3321489190756954 0.3272423226699237 0.3335568809076609 0.3406372695350825 0.334831354470401 0.3190904095929776 0.3384586410556 0.349862743027098 0.345210018312761 0.3678375826224298 1.719934256678546 3.220053834191685 2.790872252200938 1.305141297108708 0.1332115667357514 0 0 0
0.398564548510382 0.3928339981334185 0.3847115049115905 0.3764124034136206 0.3692427188588711 0.3782157748482455 0.3817111938750328 0.3856965282785884 0.3914094303232849 0.3916744843995233 0.3772087215233916 0.4094978265856369 0.4278797165796143 0.4354818091417328 0.4359154397504903 0.4302275020863468 0.4165577587271876 0.3950667297185318 0.3738624888455941 0.3398809811337248 0.3379652775311574 0.3340801804425079 0.3351158492701114 0.3297811257959795 0.3421285125778126 0.3550793045211728 0.3548906055053433 0.372326681363973 0.3814875550385297 0.372172849150087 0.3740188341869626 0.3854886448448154 0.4088547098586688 0.413109266486506 0.4182711092210177 0.4154100185791982 0.4118858634562733 0.4131591409975283 0.4148573457061185 0.4115174834115943 0.4107155176372755 0.4049946545953318 1.442591353620464 2.959182210309488 2.532290340578496 1.092251172584358 0.06126018434892295 0 0 0
0.3609573887890336 0.3587903313687734 0.3436848942089441 0.3207284935005474 0.2999004672493051 0.2918608032569412 0.2832162357991798 0.2870603329903347 0.296135640146037 0.2997362567334589 0.3057501562726938 0.3052899864164619 0.306788357750247 0.3064474713431355 0.300290603759922 0.3150195174808109 0.333286770716083 0.3607025341684549 0.3773840669056622 0.3793744905303942 0.3763393392407758 0.3727444247434244 0.3817493781501539 0.3717128996438723 0.3663763860848026 0.3741843510409166 0.3889140644593872 0.3932079364223894 0.4003272604740632 0.404524362148847 0.4050025356723069 0.3955478699747422 0.3858384183285298 0.3821162278478513 0.3806763180072565 0.3772821778480062 0.3784243689253744 0.3831860728187327 0.3885864717735222 0.3815127836225352 0.3799233258357184 0.4050003934973318 1.019628735218242 2.59181045694039 2.227398670692197 0.8207383150338908 0.01179535811983637 0 0 0
0.2975205413137883 0.2907885495348759 0.2922493326474579 0.2924511431309648 0.3031251888789031 0.3214349336626351 0.3385919601356275 0.3535807536072971 0.3610251491220841 0.3687417513619623 0.3630310986777066 0.3551893685083096 0.3436454128629084 0.3352946358622888 0.3203522907506614 0.3189190652740161 0.3228235420432456 0.3275291923597284 0.338234013015263 0.348226220037152 0.3648620510157183 0.3771089151481606 0.3786784650859837 0.3749394144338143 0.3673604157615636 0.3558422519290924 0.3424136728713251 0.3242788836264816 0.3082750227304539 0.3059330889266369 0.3154431341342184 0.321568453671003 0.3383945605301694 0.3493137564260477 0.3592099778411594 0.3688927507466285 0.3763674104016735 0.3748904307862331 0.3722528655126094 0.3672208400765256 0.3504960673678552 0.3376585067719415 0.7845678870471195 2.261359964554059 1.936429737447263 0.5057050187023282 0 0 0 0
0.3702402018164447 0.363515264403546 0.3589025121878327 0.3545530555159747 0.3507503834677897 0.350315570883602 0.3369558220035871 0.3284027610114326 0.3063089990783333 0.2998254652924937 0.2969247750317616 0.2964022869429656 0.3002781297870458 0.3052482641085967 0.3019347182839388 0.2974353755778598 0.2917518554076366 0.3010786638426083 0.3175111274304949 0.3208203851997872 0.3176462432702022 0.3355790663085719 0.3592062244224598 0.3591749823754073 0.3545815753357937 0.3497880611131721 0.3435232491082879 0.337235520625333 0.3282366611492134 0.3177208815873822 0.31897233073716 0.3127729155701792 0.3072937341615145 0.2869824949799909 0.2778871724234773 0.2905195879604435 0.2931435184737998 0.2941708753834797 0.2990798323043438 0.2922470935408431 0.3017296274693919 0.3160642567934777 0.5797071921475859 1.92771267264527 1.636406880316425 0.2964727503835539 0 0 0 0
0.3519801150623021 0.3416419617234976 0.3277783584714058 0.3161525961709922 0.3067655202562804 0.3033230157724982 0.2999688392143531 0.2934547161913327 0.2918270432139693 0.2891377982021608 0.2805205588669333 0.2866292213309958 0.2945801350071956 0.2972437970939495 0.2955191848363765 0.2902400022833234 0.2832166666328318 0.2739126813565322 0.2606547996515521 0.2558717418336997 0.2513436201837634 0.2442843772600329 0.2445489936903576 0.2493065525752143 0.2518740984657858 0.2517573699948856 0.2593734816140379 0.2658823531074102 0.2587976527644161 0.2490509138435762 0.2469883739474855 0.2375401154091223 0.2285208509035523 0.2324937311766001 0.2451333937533494 0.2645621697423086 0.2749029267671571 0.271067192491991 0.273229286729757 0.2751773823384276 0.2699521884158537 0.2900624890936049 0.3712648577597761 1.473976809027202 1.458090508040954 0.248795526591289 0 0 0 0
0.2392856159077813 0.2424201684639114 0.2296921360363094 0.2244483330499307 0.2164593487944441 0.2241906158964103 0.2159065807074567 0.2228833635889062 0.2340055034882713 0.2495467838557687 0.2704528978962989 0.2775414498723786 0.2811342997108812 0.2920107834360972 0.2983948905346163 0.302448327743671 0.2990908323975039 0.2895991913314112 0.286239845656079 0.2651632729934595 0.269554684538192 0.2696910947585131 0.2617303929221679 0.2608643641939153 0.2520050991150308 0.2371899772496552 0.2220680651350366 0.2150080276916025 0.2198368773885142 0.227640128843787 0.2333203622824451 0.2394112329420619 0.2595447097501282 0.2736725490700439 0.2759531025167838 0.274909799273693 0.2753109935599212 0.2778967102816393 0.2804854832185674 0.2864325986228295 0.29404376848667 0.3124351243389389 0.3992410389911658 1.266076295892278 1.278337960886979 0.1686514096313487 0 0 0 0
0.2353838978400695 0.235170921781846 0.2336710593995915 0.2339400715491443 0.2365409093234443 0.2415483574366633 0.2486687867890189 0.2563207124878615 0.2645825201267898 0.2720197381365567 0.2781530473291592 0.2832028960474263 0.2841438980917573 0.2793365618833093 0.2724834207287443 0.2751964744971458 0.2675827514260376 0.2652792772059689 0.2559101058672372 0.2421451159589226 0.2498755460843604 0.2560403994083406 0.258171369723174 0.2656853688809263 0.2663850311341265 0.2672532617902711 0.2704736254670725 0.2818478348299875 0.298443315418644 0.3080835490838332 0.2999985008780106 0.295786237721977 0.2806781843239685 0.2781692487746631 0.2805861612355867 0.2769763490794982 0.2743706693415336 0.2864505329339107 0.2970623281575773 0.3104605346544223 0.3177565118637366 0.3196784380206639 0.3330436627595083 0.4521788125587678 0.6349020639037856 0.05919731609812527 0 0 0 0
0.2469914325378904 0.2482784451027517 0.246268328062982 0.2535265750206637 0.2541740039733227 0.2598428377530916 0.2721924872641058 0.2738411243567717 0.2649506351474299 0.2533767059976112 0.2375593410860699 0.2139861916852546 0.2017066181146763 0.1985865842269193 0.1970465007279277 0.1942478623836173 0.1930882145892897 0.1910394157307862 0.1887273582161923 0.1845690960574459 0.1800055341271533 0.1830537302656164 0.1801486493210644 0.1793677470234017 0.1802592487514503 0.1939933633958818 0.2023334388374727 0.2104550158090364 0.2147621064310151 0.2087133124813702 0.178555339443962 0.1785793954786185 0.1797433270491292 0.139394242847882 0.1408785876003505 0.1385289312914067 0.1408499876008833 0.1390815100007173 0.1380042612975175 0.1390943679249809 0.1383713152167256 0.1413401805172473 0.1385126082482695 0.1684602412250323 0.194137580552024 0.04852230868726074 0 0 0 0
0.2426436455066049 0.245427201514558 0.2438776207088257 0.2408928116533909 0.2092998087761317 0.2118542847152682 0.2120373087279452 0.2048644165136819 0.2010694785652416 0.2018446866692991 0.1946479306605223 0.1959661772410826 0.1927757020606274 0.1886023903954032 0.1853124371748303 0.1832126849376221 0.1805011031607279 0.1766553084500898 0.1735327678823004 0.170693036858275 0.1668940022906817 0.1638638963057181 0.1641283653910769 0.1675159759765661 0.1635846083701866 0.173084233249149 0.1094432006793031 0.08887023585421537 0.08954407405989227 0.08596703593036456 0 0 0 0 0 0 0 0 0 0 0 0 0 0 0 0 0 0 0 0
0.2452032002915075 0.228315989941581 0.1670999247701306 0.1634461081015307 0.1663437574061477 0.1642545320999828 0.1655679207027849 0.06124578687058135 0.06196122274826184 0.06161359063792174 0.06092310216057208 0.06024021599193041 0.06098043662408469 0.06170503465258891 0.03179828828198412 0.03149416377291796 0.03152360214104854 0.03146782531129291 0.03126469583628865 0.03165966119024682 0.03210871554583813 0.03155078049315418 0.03160144489042261 0.03225354884593301 0.03149656203178954 0.03151799029349027 0.001466440083794863 0 0 0 0 0 0 0 0 0 0 0 0 0 0 0 0 0 0 0 0 0 0 0
0.1556110607026814 0.1568012474537589 0.07256930424976216 0 0 0 0 0 0 0 0 0 0 0 0 0 0 0 0 0 0 0 0 0 0 0 0 0 0 0 0 0 0 0 0 0 0 0 0 0 0 0 0 0 0 0 0 0 0 0
0 0 0 0 0 0 0 0 0 0 0 0 0 0 0 0 0 0 0 0 0 0 0 0 0 0 0 0 0 0 0 0 0 0 0 0 0 0 0 0 0 0 0 0 0 0 0 0 0 0
