benchmarks/avaPyramidNullTest/release1PY_ad4abf69aa_null_dfa_pfv.asc
ncols 794
nrows 794
xllcenter 0.00
yllcenter 0.00
cellsize 5.00
noDataValue nan
[rows 594 to 615 of 794, columns 350 to 399 of 794]
0 0 0 0 0 4.01911984550167 6.480250420509528 6.480250420509527 6.65570307899533 7.702327885165791 7.873213881949716 7.734432452077972 6.991907887676116 7.17158609565912 8.828056320216982 8.914985033443363 9.390400666425217 9.551467344837455 9.960579865690924 10.95302643747053 14.47745618645487 14.75999665743082 14.79523410559697 14.78968336598501 14.61215556115922 14.35070292848726 14.23815765425161 14.70097158668444 15.1886701838509 15.51487812085112 16.38342675669683 17.26244876858031 17.4265971598655 17.31383581680121 16.93155512682257 16.95673564814834 17.21688298055379 17.44706385616867 19.07250448680997 21.00792332247951 22.23452129037225 23.14996134192457 23.23805271839878 23.50829067009872 23.57966897460016 23.42242553569434 23.17192915429387 22.39451084235831 20.87930340210694 20.00909993186104
0 0 0 0 0 4.006103699967161 6.394273332251995 6.394273332251995 6.602546648624166 7.545880195710828 7.780754246281779 7.74067745691556 7.022570885688999 7.126884613421749 8.675707136983045 8.976227022956389 9.37534200592029 9.551839676045915 9.856713631595305 10.24665212458339 14.07254519529322 14.77742557615787 14.74887872846877 14.75111505223426 14.64418399198693 14.34624833664959 14.24200379645784 14.69743466286871 15.14254607078599 15.46209705089289 15.9250511330709 17.03934705585055 17.4579872973428 17.27738598038138 16.97845882439241 17.09232471715337 17.38762460882191 17.63403487367714 18.40610235390721 20.39914000264938 21.75848996649928 22.53734977970877 22.91337592600882 23.18337930044529 23.28969319612082 23.39897477782726 22.85360156786983 22.10314055554008 20.58025565973846 19.6721587357777
0 0 0 0 0 3.994087821583054 6.320463750655652 6.320463750655652 6.46861533968051 7.424623598471535 7.697577200962147 7.671813696769627 7.303146127579912 7.119567239391159 9.014252334032488 9.020599422465787 9.343608308938029 9.559045745914853 9.855692439446885 10.77429455303531 13.59592381206317 14.67648138287021 14.66233882105816 14.7239142760566 14.65891106589598 14.35936766455724 14.27450341533526 14.7169874602791 15.12376353986926 15.429512626783 15.59854015532724 17.10092211017527 17.38766391558203 17.25760517121831 17.01413510444299 17.20088673056242 17.5457956992553 17.77873898331777 18.01210020861389 19.7387216036978 21.16899261356596 22.04457006780724 22.56632080397151 22.86458937798678 22.96767765300919 22.87154060727054 22.53243270617711 21.69779221236308 21.072658879263 19.22922712959964
0 0 0 0 0 3.983406580112908 6.238694560715923 6.238694560715922 6.313532542359541 7.420142896471538 7.615049624161266 7.578907758988928 7.153029159853206 7.099370528384758 8.992156238047789 8.984951701685111 9.33151240886337 9.554906071446762 9.852984849996494 10.20579527115879 13.03200394062302 14.73616051302176 14.55477261631056 14.70844664639035 14.65429880169472 14.40024503497285 14.25988823713655 14.72427107868304 15.13868370119029 15.45533504092427 15.64131821070299 16.82756709435944 17.30550329335403 17.23731318245272 17.04180037447621 17.27998415116307 17.63586858274257 17.85853985283069 18.08107998565125 19.05505770452983 20.85140522287918 22.01498903042912 22.27010778724279 22.52001301240083 22.59793817521211 22.71680651382821 22.12989724253741 21.27231779320559 20.77410208616369 18.73366415537112
0 0 0 0 0 3.974228672749532 6.136435506764953 6.136435506764954 6.137223095184769 7.435268866515834 7.492652928747001 7.457006376943754 7.064003644367244 7.066137327976373 8.824321057933501 8.87672250820664 9.340773231237968 9.577855424609444 9.89488622916585 10.18206132029981 12.35265425524478 14.64887010854567 14.44133418696329 14.67438627489696 14.6789358259158 14.41217544429499 14.24264378938622 14.69675585501082 15.16154558237596 15.45913323670107 15.68539219267107 16.45239483928544 17.12331091753133 17.22289916427695 17.04855666949297 17.33830250132334 17.6933836166785 17.90568693937375 18.10767930138454 19.35029945458563 20.29408899666361 21.54393412329005 21.80882938244042 22.10508112182567 22.24483462166777 22.30206242707645 21.72958520433446 20.85304966923795 20.31268528594188 18.98264225795679
0 0 0 0 0 3.965464290803028 6.001922283076264 6.001922283076265 6.004001141157888 7.397172194119435 7.368298569363347 7.35802387983638 7.112657993776256 7.062578019571698 8.61793168213112 8.766668364331704 9.311743542575773 9.614512930044549 9.993776369743781 10.22200053436542 13.04240295318553 14.42483747273054 14.34698437224104 14.62553813886973 14.69170437701172 14.4479602250753 14.27096231773894 14.66891027370471 15.15024116746943 15.50113313014688 15.72857047953365 16.05450813859115 17.30591346360979 17.20437730177519 17.05259898525879 17.39069803929233 17.74044584752556 17.94399869380818 18.1004019005226 18.57165240194535 19.69574313615393 21.07743394917918 21.37194778134803 21.725030793395 21.8310367100659 21.83113670687753 21.3378838156575 21.15027780605293 19.792280341802 18.40257075122074
0 0 0 0 0 3.957121173630649 5.86394852516429 5.86394852516429 6.004001141157888 7.427369401836121 7.388351684913764 7.351748452350155 7.229506388240786 7.080767355434959 8.398692483003659 8.675325153179356 9.286488930966259 9.621415893848832 10.02148015690714 10.25699346264665 12.38905974923434 14.12169143921548 14.25346242252255 14.57118954135355 14.71421880726497 14.5017672967144 14.33573883776183 14.68113961348497 15.12649092991237 15.56358817181421 15.77185332256809 15.72904125228742 17.15810738027705 17.23860868291688 17.04373645717689 17.43487485668505 17.79006351330053 17.9728603855183 18.11878297142701 18.2024929513317 20.03599026296456 20.61984896780102 20.95979116663926 21.43586399946003 21.43586399946003 21.32677598222492 20.93983426389901 20.75441538291431 19.25751969619588 17.7793535560203
0 0 0 0 0 3.949123896255877 5.733087102040813 5.733087102040811 5.92778473777614 7.420704713688748 7.191650268891566 7.338860012345321 7.094905579120641 7.146757536997645 8.872771390199039 8.54826633918591 9.223160683772106 9.628796908698266 9.999764131511242 10.31765789884119 11.57332440400805 13.71845073438003 14.16840277805712 14.52601364624201 14.70936005665617 14.55811935852963 14.42094800272363 14.68136041795943 15.15970851989155 15.5902776729129 15.75870445603221 15.64677004274061 16.93989758160401 17.22630991737186 17.02278630916027 17.47273458178163 17.80689614227373 17.99199624024102 18.13105032726563 18.21704644122019 19.42984847135443 20.12055939481949 20.71537876188235 20.95346938717241 20.99649935192187 21.02100806535855 20.46254548733726 20.21944730521906 18.70055187055828 17.53454053191616
0 0 0 0 0 3.941418969260875 5.602394447090061 5.931396062281392 6.01919027600988 7.30446456815502 7.13910273321406 7.287692798950835 7.098153657551208 7.307734815375813 8.711843440790771 8.448304792779274 9.195866970611569 9.604207236891716 9.998248836276501 10.35253847613484 10.67929080901209 13.24183865139588 14.15346563999765 14.46754084583186 14.70896495071445 14.57972214440611 14.42221533757326 14.72231525472112 15.22058130651335 15.62068441666955 15.73292973363471 15.5767369176843 16.66738242511145 17.19471547755933 17.00925032275871 17.54553756499525 17.8588070626066 18.03943061596997 18.15939363699232 18.21863364783649 18.71926949874769 19.56578714429315 20.18167867658143 20.45361424930997 20.50393461228668 20.52445362355921 19.95319690567378 19.62528237816857 17.95267470961253 17.63065396577382
0 0 0 0 0 3.933983105915606 5.485715400357348 6.104550253325614 6.098064720965874 7.105642216488403 7.044224709518034 7.19197443766807 6.994792227199299 7.421491689938787 8.459871745862866 8.481476917677554 9.169334074490632 9.648503345691806 10.00919795668697 10.36038231135245 10.42632840990739 12.64609822906547 14.09964707209901 14.43608007556043 14.67914035308472 14.5936082460756 14.41352367538888 14.76629038715204 15.28753579332751 15.67585392774426 15.75825554229416 15.56088382341869 16.33112021738381 17.08805290810844 16.99775259163717 17.57472518079128 17.92410239671119 18.08580814244775 18.17961758106318 18.22742748232356 18.2800151421176 18.95546734858775 19.63316402622383 19.94934716933038 20.01118364369618 20.01296433835873 19.41331090146148 19.01294267382672 18.05909001938257 17.75319142890554
0 0 0 0 0 3.92682607757364 5.374314367715371 6.102345912724834 6.158345353687766 6.834650228416269 7.118915511176566 7.210635496830577 7.191582628938364 7.487946740593263 8.118545127594393 8.672642061784805 9.179649413426652 9.654866903658389 9.985160187087148 10.38505752067697 10.51804309871162 11.96883989598231 13.95091279545268 14.40617944553742 14.656593682106 14.61429020790939 14.41043758010929 14.73238026271478 15.35722211810775 15.73766601807575 15.769393004437 15.56802125385717 15.92535649340536 17.00844894188589 17.04660531880502 17.65103528765082 17.98549112557374 18.13756003495881 18.22334549557536 18.25901611042662 18.30444671667535 18.31772708284173 19.07850811233571 19.45735417383525 19.49620686220895 19.48965762758951 18.94172461173868 18.30234405555772 18.0604842486496 17.81150293840196
0 0 0 0 0 3.918064892108484 5.262926222938064 6.149953651073944 6.274841649844148 6.503808012442675 7.069953278139494 7.276351994599206 7.278579163420177 7.437372237406699 7.608216758971438 8.783825717301887 9.155669006442352 9.714228570830876 9.999530073806707 10.40702122641862 10.56086428853008 12.86763114752946 13.63735424226025 14.38359156382902 14.65671160975415 14.62760055676713 14.44652737000775 14.71295945024533 15.35497741644076 15.75950490242678 15.81512885506253 15.63418562289845 15.42912910698337 16.81679238472724 17.11243979730078 17.69667428979962 18.03969413347493 18.18922965797409 18.28859372320318 18.31655190395306 18.35003027502858 18.36095349721608 18.95733553389104 18.95733553389104 18.96554531979614 18.9646164379426 18.80540131883323 18.15284415925628 18.04815856919513 17.79652799670758
0 0 0 0 0 3.911634366098145 5.162021274196197 6.192629207486146 6.279193634772549 6.547536149060264 6.965123968339245 7.289445592974618 7.281084332880801 7.394063686401213 7.440247946841962 8.801102922745349 9.056194180965365 9.773601979268305 10.09196671782329 10.47349732075138 10.58812390954563 12.46451441061929 13.55727129568767 14.35601969898216 14.60220669184869 14.62236925470826 14.50035219418575 14.75566087190554 15.3657849611264 15.76644241760828 15.8469474890238 15.68031233543743 15.28680046365989 16.60556477776854 17.19353689656072 17.75387578032808 18.0744838747582 18.24140505816767 18.36008147947126 18.40001509116258 18.44949180725113 18.4857029013455 18.46078416769961 18.44214394131782 18.46437554209302 18.49730110212364 18.41886643362632 18.20743964390908 18.03042227675955 17.80126632340633
0 0 0 0 0 3.905638673815808 5.050778782435303 6.152259689526211 6.279193634772549 6.547536149060264 6.921660893188212 7.063758486516235 7.39263779730542 7.406448195486255 7.382663990235357 8.707680956295084 8.951714529754703 9.78075083466045 10.17916612269502 10.51060784176775 10.60861336201424 11.81850374827208 14.28265100544577 14.25187016133207 14.51254918812459 14.58018405432948 14.48650204428415 14.77403965788756 15.38764900963675 15.7900295151644 15.88048411606356 15.67729637577932 15.30176668538396 16.44098201712599 17.21665345156741 17.75707829883741 18.10258233912403 18.28544482160578 18.41773127463022 18.49737997587527 18.58011767607891 18.62908277641429 18.59385737963722 18.54047151927306 18.55526696256216 18.58305345607533 18.50588244747983 18.25144105156357 18.0414144698638 17.81674731925791
0 0 0 0 0 3.899942164656361 4.929882330883733 6.036792088310976 6.224989332977386 6.484088507271871 6.90055949820229 6.897038148634524 7.538052160819239 7.427466179380966 7.340136663371059 8.53235834068569 8.803498523689658 9.827446934093929 10.32766478214165 10.54305178234909 10.61972601525356 11.06210759212384 13.95013089490465 14.13099392394665 14.42990035890651 14.53555902913462 14.47379582741519 14.76383172687638 15.34631376385164 15.80083240241667 15.8635865218479 15.70729697193072 15.38163664398016 16.42064186595702 17.21515657124973 17.78032088342156 18.16851798945593 18.37538873488849 18.52293380035728 18.61561370035843 18.69086501892519 18.75859925501139 18.71906402832827 18.66483300599807 18.70353939686591 18.72680152596482 18.61525199429297 18.33937953095573 18.10113987320045 17.81500731672325
0 0 0 0 0 3.894032211041603 4.826558571487313 5.568937716889647 6.18287695053799 6.386224760381262 6.855846071576535 6.83433694869464 7.611442240481352 7.43295284723597 7.300052117753571 8.369406711220547 8.929007707783107 9.929074125220223 10.44412233120858 10.5670890766092 10.61534942517064 10.39281179164596 13.5181599674945 14.01900639448077 14.37568169105391 14.52916013564971 14.47822047279541 14.73231265354899 15.31282785310621 15.75600039545127 15.87915164374905 15.77701536959999 15.51107949718102 16.42430766879596 17.26670332801886 17.85052048908281 18.26931945678176 18.4994536526092 18.66785790562892 18.72580895029241 18.78555981538388 18.82416987392971 18.79930892504865 18.81048689830188 18.91371854637305 18.99314668112177 18.84959216611032 18.50519694088732 18.20364721375786 17.86625523020741
0 0 0 0 0 3.884097522806043 4.991342044658905 5.34052266898458 6.232666772698347 6.385040983339825 6.881521922218033 6.789120580639121 7.240467763095626 7.450930970520811 7.222056932150368 8.265733262662158 8.989767891531301 10.05186109132809 10.50536450884192 10.58871511106065 10.57543822625853 10.31327410801417 13.0057264599557 14.04997736370291 14.31055368649507 14.50376763900227 14.49005339373333 14.72840551286004 15.31863022116435 15.78207568012783 15.96229863759494 15.89634641803325 15.62194506078916 16.41871743102898 17.31988768772004 17.94524404520605 18.41185719877113 18.62588074512655 18.77737109951807 18.82200876142364 18.8777697269024 18.89611931592536 18.87924117002219 18.91973114444851 19.08736238164962 19.22043548365441 19.00071502144971 18.66231211085392 18.31273991629634 17.9406218598947
0 0 0 0 0 3.880069751293429 5.192290693816438 5.446018903806543 6.166214856661661 6.56863631518934 7.007859613892769 7.030321375027357 7.259757922180401 7.412460890625625 7.076950855037746 8.251897959303861 9.055728101949462 10.12601728132084 10.5632764565018 10.60507456646215 10.56352944088662 10.27434461902582 12.3999773465214 13.9878927227477 14.20345467374812 14.47192241574192 14.47149371397699 14.70355766145682 15.35701839048699 15.86050737684401 16.06667057408741 16.02174145368881 15.67000756239541 16.37246187304826 17.30436971511421 17.96851063359919 18.49657096717708 18.76675554719617 18.90708088653414 18.92626933809554 18.96024324870556 18.9697480140649 18.96838464148536 19.00335894531174 19.17902924703761 19.29747530605642 19.02656364972712 18.67920665801507 18.37580913940453 18.00631617952707
0 0 0 0 0 3.875295474729171 5.192290693816438 5.386009994090274 6.162231978771226 6.771358336744381 7.062158663075143 7.307637947990155 7.328578213962199 7.477373967812396 7.007339284380079 8.601317073388756 9.268827527950824 10.20252389680336 10.63845230868502 10.65915109789734 10.59886010262862 10.26649213576519 11.64789700365371 13.80849318761769 14.0907779308063 14.36773109427199 14.40718681056781 14.6788985735788 15.32782355277843 15.90656305898647 16.12999083911508 16.039754337786 15.63008887016758 16.41047844153886 17.3646772734522 18.0253947904277 18.56860478574952 18.87828205105813 19.03695625040613 19.03995643296324 19.04509489561318 19.04771544859769 19.04734910982618 19.07940255994509 19.19125123365011 19.2327317278699 18.96270660180416 18.6499480988175 18.40186646062939 18.07375059983559
0 0 0 0 0 3.864597397086121 5.179112071516577 5.654759994118415 6.133097728122988 6.827521658886839 7.174178850809183 7.506551515838344 7.445001500080981 7.396647894850307 7.042201956161249 8.259729164455422 9.678397772802585 10.26876065415334 10.69056313187554 10.73770948847367 10.66375200915187 10.29859642928322 12.37220583356486 13.49363341355324 13.99770487538348 14.28365338896616 14.32727422365383 14.64694743127257 15.33444393439792 15.89231174702304 16.09192534147498 15.96771284436515 15.52132722781419 16.473036862377 17.42049334036264 18.14158393369312 18.65128999137844 18.97247809755428 19.15367951608686 19.15023642915542 19.12143112223037 19.10813118752982 19.13443925958363 19.15329582226004 19.19241221810043 19.12248900683672 18.8540308446056 18.65371897435739 18.46163843049793 18.16698092547631
0 0 0 0 0 3.86175608606221 5.425520763704172 5.986097320068262 6.213114598020081 6.920853486180449 7.100362310089 7.586678344594122 7.522173034007161 7.315643428868375 7.076990029318437 7.782800525451852 9.932800206559614 10.3751634094276 10.76784065732571 10.82275463290333 10.78647562431654 10.42149887570185 12.03707478033814 13.05622467880201 13.93246907768791 14.20614413250729 14.24925683429592 14.6627096733395 15.38179050014639 15.87652448173099 16.02341556964298 15.88112715909399 15.44865529618046 16.44031970079703 17.47448624801904 18.24898336911147 18.71789299964724 19.01130481820897 19.21882369893691 19.24312779230586 19.20099928500966 19.19027841034864 19.19941614368 19.17543339925659 19.15152654482714 19.06227398734183 18.85644689131982 18.70955123334669 18.52978527056622 18.2668848760037
0 0 0 0 0 3.857968538257614 5.719584234232154 6.06088969689938 7.090580533820745 7.019583213033014 7.115031881368147 7.590560081318156 7.582386156478954 7.417510253364675 7.12656287079599 7.361407739418515 10.11036373015405 10.50210682611942 10.83488960516457 10.90101851825143 10.90110357632196 10.50052970632426 11.26520460279845 12.48719101922297 13.83885292999802 14.08731653150189 14.23401564826681 14.63266692569749 15.39229665128626 15.89320061901917 15.99023714403178 15.82684225822076 15.41486904559816 16.4098503298476 17.49140872908319 18.33806718629198 18.79875304995511 19.0787416994469 19.27944880890705 19.31692441089505 19.28632620870215 19.28446892091057 19.2587996655747 19.20061175574337 19.15223102341244 19.04284612153696 18.87407044757141 18.77062231951376 18.60120049098356 18.32362612518584
