benchmarks/avaPyramidNullTest/release1PY_1954323dbf_C_null_dfa_ppr.asc
ncols 794
nrows 794
xllcenter 0.00
yllcenter 0.00
cellsize 5.00
nodata_value nan
[rows 330 to 351 of 794, columns 350 to 399 of 794]
0 0 4.134344842458892 4.169720271504942 10.33718552639891 10.04484682310831 8.373819518373152 9.201176172469863 11.98731736892798 22.079971368889 24.85127535117154 40.13239077021588 46.23811568129909 53.65120183564596 60.75937971639619 69.7536580394903 75.0339667117763 77.45893795079387 83.00787260499415 87.03113975311811 89.7555451906405 92.49416615675356 94.38142208824242 95.43625411893039 96.11397405267043 97.213761771373 97.59758677430852 97.9854729358272 98.88503806220896 99.62096940070593 100.263384404798 100.7072390724134 101.4655804431641 102.4541176792784 103.0720010474948 104.093897585158 104.0469003358678 104.4629768717164 104.3362402833807 103.4561993036792 102.9943757638068 101.8665678249109 101.4397946899841 101.8593382127773 102.230347534083 102.3005313135916 102.5241899499014 102.6897303945364 103.1330090751327 103.4277121490648
0 0 4.15728157386692 4.195130643087632 10.37859162742518 10.24000733165695 8.442823427552813 8.973225045639335 12.41887258539285 22.09989221490945 27.7490122124822 34.75036148400403 48.90235449216858 56.02297830328325 62.26044790141854 71.31928163692737 75.3312670661339 77.45782228417376 82.6550352601685 86.38032001558257 89.26077360599527 91.81138799860427 93.49968631867944 94.5866884775206 95.2534040822549 96.35372479718015 96.75311333152327 97.08443223124053 97.957029327703 98.75114555217503 99.34850407717414 99.84457170438219 101.1674638817204 102.109423381954 102.7564144198512 103.6738167031264 103.537612266212 104.0139626603335 103.9296242459035 102.9704138831795 102.5790841967221 101.4436648269385 101.1187357804957 101.5793882399759 102.0718573648363 101.9958173936124 101.8600545742571 102.0182604352733 102.4612398269792 102.6574943729411
0 0 4.174295934826831 4.230125323839892 10.57309912135488 10.31733715350419 8.500808887527905 6.833244580875383 12.97710647615224 24.82191220680365 30.79386056798058 38.21610613981363 51.83707114117876 57.88095042838449 63.99537540625439 71.2827535854105 75.46417036697109 77.32140547042737 82.07822331908143 85.82314011151072 88.62622157823957 91.07377727852985 92.61158302670482 93.65893325832243 94.29472342306822 95.39372184790386 95.85474106858439 96.18810798961862 96.97895047368321 97.74117427078275 98.34479778981064 99.04339883751939 100.8344501582845 101.6921001666515 102.3604379381913 103.236455066613 103.0497338264716 103.5017146095964 103.4528286410781 102.4846787573873 102.1292461009283 101.0624526806297 100.7501087538827 101.3332195230289 101.893628361286 101.7534371935126 101.5339757949362 101.3575260055334 101.7590196495192 101.9496679471216
0 0 4.183775787269582 4.26199657463531 10.53184490709565 10.35363959566855 8.482774764988825 7.015396670618112 13.92944005650039 27.09580223847686 33.98094264085491 41.05821703611188 54.64669357001268 59.65309480435331 64.46669071312631 72.13311552115188 73.77772495895151 77.12956104812848 81.70090284932196 85.18248505868479 88.00368515574931 90.35303093825435 91.74057915797688 92.67096503471205 93.27125229739366 94.35726830195857 94.86133970072389 95.18568233105694 95.95483962155558 96.71987497810321 97.27600422218869 98.6546528440027 100.4423959911284 101.2345109703049 101.9798012348787 102.7283242397006 102.5600064615442 102.9667063412091 102.8969248232125 101.9523988040309 101.7210038931149 100.6452762770664 100.3884025944711 101.0935722655172 101.6865046547381 101.4632813772543 101.210997755051 100.685712939719 101.0262503248109 101.1932367701357
0 0 4.222669211889991 4.31256366516315 10.61663505090838 10.3591887497056 8.43513355066478 7.021688865855208 15.43937965140832 26.01379178566961 37.11893222793157 43.60449582168251 56.81245494577194 60.58390057201669 65.69823399541181 72.00700105340458 73.48066722269955 77.0263175195625 81.18111710743254 84.47117842013976 87.11933360870236 89.47634189855137 90.80774619974019 91.66130618192219 92.16697686070012 93.2431004099074 93.86907167983907 94.16434424603004 95.00499162865954 95.69173156134818 96.21586799402166 98.26453539922259 100.0926606747247 100.7718831586557 101.5815959766534 102.2281545186831 101.9923012410757 102.398506047395 102.3238671142535 101.4226482941604 101.1864489724736 100.1833764125596 99.96057557770264 100.7942028322142 101.4778527030801 101.2178751669556 100.89255207956 100.0190658052756 100.2132172930486 100.486501043688
0 0 4.233201583689183 4.356736167569078 10.44233635159233 10.31904876051938 8.510715842847604 6.802243101045944 17.46342554223555 21.20590968984321 39.93528573455911 45.79007291776959 53.72057310486694 61.44329333122663 66.24651283660606 69.10032843101979 73.00842493299211 76.75469989532969 80.5805000026055 83.63356641088924 86.22613396486258 88.50243374559116 89.85993343683502 90.66808657202668 91.13762105954504 92.21572996994047 92.86497580852405 93.12589900887517 94.02493174860757 94.64223277162486 95.25050068857711 97.90479060980783 99.66875416296503 100.3001701614763 101.1166210426634 101.6767011347526 101.4317085722689 101.794778845447 101.7354128219695 100.8263290624459 100.6380023132895 99.67700293701185 99.48380396462194 100.435141460561 101.2198235084928 100.9487110225148 100.5736609739507 99.70385558948733 99.89949464557257 99.84053713788241
0 0 4.283441651405172 4.404409223535125 10.61040699867808 10.37043512934662 8.560382870433314 7.233187801705406 19.47732409977171 24.30181204025136 42.65492641783188 47.65416979180405 55.16229417512554 62.54603313755355 66.03758483700321 68.98501897333294 73.09354240323387 76.30710010508314 79.79780344465399 82.7370190193114 85.34829128436228 87.47818586703183 88.83028530757187 89.62503122094559 90.19457902468007 91.25076673386589 91.85245230056428 92.24192537899864 92.99063578359461 93.61244541594249 94.83298737207556 97.42550320891368 99.15354147063117 99.75752109779302 100.6841455142398 101.0867615949251 100.8602242738234 101.1359455646099 101.1011363145644 100.2432883479894 100.0909150371503 99.21301145334375 99.36211434239691 100.2626818959059 100.957896315454 100.6467486822443 100.144553815973 99.4679276444955 99.56216192675797 99.54033201329567
0 0 4.304562779556901 4.453079461489554 10.8416169393663 10.36792283285554 8.560571921845753 8.029040762411446 14.4009006968158 27.5497580362615 44.92860834502832 49.34486376005334 56.40584310957949 62.12251480965806 66.2861602866667 68.54863370786352 72.3037455532982 75.74844090308245 78.9805747939032 81.83583573447906 84.28677530724667 86.48112689247502 87.82196198024512 88.63770146968236 89.22122337379494 90.25531859850902 90.81634421256017 91.31270874117044 92.02918169179252 92.74406175024671 94.3535941115033 96.88687023476805 98.6111577254304 99.21176435232553 100.1728124841192 100.4434734941025 100.1989293753744 100.443830737008 100.3406592549443 99.65818200460599 99.48229147818046 98.68430282293913 99.32125429920023 100.1861105388173 100.6352255225904 100.3118239601982 99.76797318194198 99.2998847169993 99.26253892482616 99.29897874495276
0 0 4.36804615647822 4.527943873068165 10.97855494815119 10.46743741383497 8.431158298824611 8.77775739756343 17.19556866549951 30.57158121665672 40.62285908995839 50.72714281395582 56.99404282267162 63.72121284794601 65.433419895526 68.14309658048589 71.86505446210735 75.01389429040094 78.13462547920714 80.87365116222526 83.25254005695841 85.46765934724304 86.83950198368728 87.58678381946214 88.20615894064804 89.32655721449657 89.98040404380858 90.59064107773936 91.21020153532235 92.26293111908086 93.81526902346447 96.28642572301135 97.98398404094094 98.66526931860805 99.63139272875208 99.81683243712638 99.54681449114618 99.81072006131687 99.57317841497526 99.02050102545678 98.82183781643282 98.10825779637166 99.25805224183617 100.0747099757035 100.3254664058014 99.99502546409703 99.39018585949191 99.15431215056881 99.00022950241777 99.0692052107344
0 0 4.452914057277652 4.624166314830219 10.97855494815119 10.42611725199462 8.121459878875671 9.716952911450798 20.16872946271379 33.12668594012704 42.06380532043946 51.90031238430613 56.99307203395935 60.3258129674503 64.63637357097261 67.78618249515267 71.24526012156032 74.2241616968374 77.13214740061512 79.85405587489345 82.21236180077473 84.43658945835016 85.8743672029038 86.58355831704768 87.24036034884953 88.43673899536357 89.23760454938764 89.91995106258737 90.60443376648024 91.72812247089604 93.28168715468986 95.64682834233315 97.30493104683426 98.06034562767721 99.06111477373504 99.09581023179015 98.82167607528321 99.04753540104176 98.76360560053661 98.33325373487796 98.18255985720467 97.80161159289663 99.18850954586306 99.97847773104233 99.89924831370658 99.57411028637536 99.33018994586314 99.00076254952086 98.66931518515659 98.80338795975536
0 0 4.559032860715001 4.748959736907552 4.99169171450044 10.25532307517727 8.813969527080868 11.09564300686393 23.11730584798034 35.26939255689938 43.05469410692874 52.3663980236354 57.12985399289797 59.63941080967554 64.02656603063514 67.19062735803982 70.52136288103512 73.27443457864571 76.11095715022113 78.8086214117767 81.11375245883991 83.43528331196717 84.93238196639743 85.52587841172242 86.45633246907381 87.63817331961266 88.42000360826161 89.17641236868253 89.92435027124016 91.11057400257708 92.69570413490999 94.92808095653221 96.57591178648936 97.34814229363096 98.41822205195376 98.35998309763804 98.14316043764838 98.32023550159131 97.93393339902475 97.61947129027639 97.49292119403623 97.58351754703097 99.08104903011707 99.76289008712332 99.47019842911364 99.17608613953601 99.2691417654481 98.84112759031473 98.40800503551283 98.53326567613647
0 0 4.744270185833901 4.891264278623925 5.241510940737041 10.03122857913252 8.813969527080868 12.96147132291852 25.86083091957889 36.99100068971289 43.51893165508914 52.37867286948404 56.38191027498579 59.1335595599127 63.1734980702718 66.5568114494687 69.72570821870389 72.25345415823844 75.0207642393307 77.64524175181333 80.06985479692392 82.3372753405291 84.00252786471914 84.47811330058643 85.7063399829908 86.76586464960788 87.5068469375724 88.36613372076457 89.26001277350024 90.40951226894909 92.09190544249883 94.25337068924559 95.81621648671539 96.56789512095429 97.73130080090952 97.61719995913818 97.43547130565248 97.59722141057034 97.06411011124455 96.87644499779371 96.76503436891318 97.33424580343926 98.88053685568602 99.5808218731313 99.11453455521335 98.82618517501743 99.16342161930673 98.71540256364864 98.07166260683979 98.32455193354949
0 0 4.955821132731197 5.069627125431344 5.567046581639335 9.759925209634579 8.621469313194771 15.28132743169726 28.16227416226684 38.19705330229012 43.52333359220462 47.68498851242065 53.53582803172875 58.71990286058713 62.47102612165674 65.69788333519156 68.75569313447276 71.0927834220912 73.85417901475724 76.50347204847286 78.99435921957894 81.20577455474951 82.96935943093433 83.50180189394271 84.82087315677933 85.81486811651517 86.57296161510619 87.55991331498511 88.56057878479623 89.73365777131326 91.35680371900889 93.44556458030851 94.98869919912129 95.79154799551654 96.91168828128872 96.75689099567371 96.67549098906628 96.80426026721335 96.19672086862215 96.06642625449156 95.99900968571747 97.07383850367864 98.71193914277342 99.33692573841007 98.91137604538743 98.68569358842942 99.01984227010254 98.5943409226567 97.91061097177528 98.0962580096849
0 0 5.275547908718034 5.296050318739661 5.948926214632507 9.483932734910114 7.493102900606075 17.83971603942921 30.01743573387036 38.72462694226627 43.29005900355668 47.09501747826341 53.92426695763117 57.86702091069004 61.74825692830743 64.70048786199663 67.58531123114389 69.87207266542956 72.66439352227897 75.34163204418162 77.92215314903245 80.0521700077848 81.86194934673885 82.55966960643758 83.89370094338932 84.82311112316697 85.68727173281047 86.66118867460979 87.80348535003526 88.99531806686785 90.61230755455286 92.63742723210947 94.04448313191428 94.99087367111805 96.05630501756764 95.91311558379748 95.88093395686576 95.90601078967062 95.24192294329512 95.19142248783105 95.19683625412368 96.86978621364332 98.45564657314245 99.00835514708709 98.68540892553234 98.54553382648518 98.85537124197573 98.42954121792997 97.7789850718564 97.88615517670335
0 0 5.651951071275777 5.651951071275777 6.440310421174482 9.181296992661883 8.391911659336065 20.17222751477107 31.36157590986378 38.94750076107202 42.71649023936441 46.08096224557784 51.72248634659407 56.90313569608855 60.75075145502673 63.64256721987739 66.38598898672282 68.58633570728719 71.39554007819545 74.23020399898792 76.7722592819037 78.82286030866317 80.70089083905363 81.5386569588327 82.85678768835085 83.74457668816282 84.68225142738153 85.66498808369796 86.98478797937265 88.2396178933495 89.8253449291538 91.7679164085599 93.09951563767875 94.16430061778759 95.14673676282024 94.96427276362311 94.97128543190441 94.97110109397826 94.30210860940548 94.28396084651902 94.78271576482086 96.55896335691266 98.19260618982399 98.68764085096136 98.45126556786133 98.41770711967136 98.58839931059767 98.21459202777331 97.5741326641882 97.58600825340903
0 0 6.005976395140189 6.041636344392217 6.842695495408185 8.917696508595943 10.35374666722224 22.2158869962241 32.46556799941619 38.6561086051547 41.59938952046331 45.64929249348474 50.85005049353702 55.84392097038869 59.67030768069126 62.44197572809018 64.98421655344521 67.20809126640958 70.18496099134786 73.13567427422021 75.56491536397075 77.60066143975521 79.39070770451077 80.42264284501537 81.73586146283492 82.55141632962504 83.57475239276552 84.57140336913199 86.02718400233165 87.33703474926506 89.04534948622995 90.8704387947087 92.21638282653228 93.25867406983259 94.18174096033644 93.96345924170568 94.07309472918183 93.97215161033002 93.33305539501602 93.27782268305099 94.47440554361916 96.25281299469718 97.95349062618087 98.33293999109695 98.17704153687748 98.27939254963685 98.36453885287327 98.04358429119704 97.37727961759208 97.22201441107036
0 0 6.165631386164629 6.424835371612533 7.123420091832005 8.705723394056095 12.63909062919086 23.55994093599784 32.80707478921116 36.63710400750482 40.5194638028461 44.95339313453588 49.96428868149734 54.6570569984056 58.50451070663628 61.06527577268525 63.58131790050989 65.69833685306479 69.02355561273681 71.8868054086966 74.28805874417098 76.30882002044905 77.9536116056977 79.14719521109711 80.50714672237075 81.2912403954832 82.35016117919443 83.36808780056202 85.01374221444124 86.36393800128198 88.16119791772802 89.90138984798277 91.2151259037128 92.30846946021401 93.13983687776471 92.94967450223521 93.09741260487817 92.88510702746294 92.24254675905445 92.40628079474072 94.11037799954914 95.88161170554353 97.60749894086936 97.91778792575268 97.8251593176674 98.08196347808489 98.12600538776604 97.7853541209993 97.06457509905908 96.86286470835304
0 0 6.165631386164629 6.679816522469561 7.138819419171518 10.6155290732907 14.84578763133336 20.19245516815977 26.74760988202888 36.41775443606659 39.1037459381946 44.21486807740508 48.95580005948793 53.41376093581389 57.14672793941246 59.68879564087577 62.03131078362569 64.00088915886468 67.86352602790676 70.54250099926826 72.91893211977671 74.80973852750304 76.35994461461597 77.69032769987867 79.19444048479652 80.01085408418815 80.99292551826387 82.0679204556606 83.85301918488223 85.32576838064736 87.2259760604456 88.76695650455855 90.18264007501197 91.30258826619206 92.02349406459793 91.85802527425722 91.99990086531085 91.724101367383 91.12817664302844 92.01500271751677 93.66484956314511 95.459314034098 97.24787712369958 97.55735819632567 97.4907626755772 97.8824735779704 97.80407944547241 97.45739596796912 96.74055997811665 96.48346234293717
0 0 5.921496013268317 6.723125000336111 7.138819419171518 10.92787394158261 16.62077411598489 21.50227164319535 27.28573762878198 35.35303992977109 38.07351585958401 43.29503242351015 47.87620710310639 51.98506482722257 55.62647646370267 58.03612340955945 60.34608827000409 62.42696619598083 66.38208182179331 69.07757211516525 71.43502934522577 73.15683877674232 74.59664956772144 76.14761596426283 77.79146297739325 78.61103901615272 79.70874758487855 80.73061113791655 82.57680240281323 84.18668371847605 86.07296277833389 87.59071738582875 89.057838778641 90.20244743195754 90.81805160118311 90.84704280093993 90.86874889578951 90.5169780995306 90.70171323122061 91.57560535289205 93.25997116271502 95.03599971289391 96.81625487767327 97.19364700349362 97.17510380102759 97.62028015578038 97.47936073323515 97.15951008549524 96.39764331094037 96.08181214594755
0 0 5.477774477153037 6.60027501047935 6.909322208279272 11.2491846325087 17.87924098717661 22.34629896912608 27.25074213679384 32.12442767233723 37.08063972868819 42.102226743913 46.57071935837511 50.34785972235146 53.8298729202733 56.19069084250933 58.44357390622678 60.94431382513393 64.77882259002961 67.42007060090934 69.74205344691303 71.36345607163351 72.76829140233602 74.56290745120432 76.248313768869 77.11768785529325 78.40181303088991 79.28144363596482 81.19024420710271 82.96995339144347 84.90572349658049 86.49212131181235 87.91483660010036 88.99502880191854 89.6523390378081 89.77193298607267 89.61328148690554 89.29017186698371 90.17710001711228 91.11594969235887 92.84416568862555 94.61544532541778 96.38749351491093 96.81342450264303 96.91446562337727 97.28039984484005 97.10476747654712 96.83798760753453 95.99371607170103 95.63563978603391
0 0 6.889390862531781 6.889390862531781 6.466755628242758 12.98457843761719 18.81824236660426 22.77131339730746 26.44039261428629 31.34395999688284 35.8131468395747 40.7561000319024 44.99884043798181 48.4334588355332 51.76681276886787 54.10762398162652 56.32638687003607 59.13776173189918 62.92912946342064 65.55319129211584 67.97241156273115 69.42228026441404 70.81965049848326 72.86589647850792 74.50478887676867 75.51940072617609 76.8727023551677 77.76039777751475 79.7559660146478 81.64644571040007 83.58134174618471 85.34901578369283 86.8179505214122 87.70056724975323 88.38747539530053 88.71250638003261 88.34955658645056 88.35857210924586 89.56358117462568 90.59039707318328 92.36431640211185 94.16361650323208 95.92916488063534 96.37498498491779 96.6008182584803 96.97368787938701 96.64773845635355 96.37211846519706 95.5505782694878 95.04705643709212
0 0 6.889390862531781 6.252230474622925 6.000423191228358 8.246733285071231 15.2379213401722 22.2588573253029 25.60999076987903 30.19068250002458 34.03201382581797 39.03805706371483 42.93129403339884 46.13989541815372 49.32040540668068 51.80077996317032 54.04479525729788 57.15782800044249 61.08059179491766 63.58132504683405 66.02641729495232 67.27655812000968 68.86700395319347 70.97346428741866 72.61477713993239 73.82371723214574 75.26023995098122 76.22657216877499 78.20183868572632 80.24765946939938 82.24053599963091 84.14426599164447 85.61585025193376 86.36996874519465 87.05269908965965 87.60964126639946 87.4244147340723 87.7979522417445 88.85402945795214 90.00698494291777 91.80198447432647 93.55190656539183 95.36586617975603 95.86334928490535 96.21719565495114 96.56888664214732 96.18304085158894 95.90014216655349 95.07712736178136 94.58173667991457
