benchmarks/avaPyramidNullTest/release1PY_ad4abf69aa_null_dfa_ppr.asc
ncols 794
nrows 794
xllcenter 0.00
yllcenter 0.00
cellsize 5.00
noDataValue nan
[rows 374 to 395 of 794, columns 100 to 149 of 794]
7.339902003504687 12.36330967642504 14.45985893688965 18.79863816487614 19.07046437339941 18.96936775105841 18.90682164105087 18.7718661259865 18.62207378648937 18.64761294825893 18.72678486846961 18.8740402132683 19.14899934718912 19.25693611128396 19.01118932811641 18.97614645898556 19.39300137291916 19.74145453761551 19.68869844203282 19.51200832841097 19.70527668998319 19.63092923303547 19.54376003373651 19.43240923170124 19.53237022408663 19.63935150549747 19.83373850780168 19.8215330761426 19.56524215534997 19.25166344984933 19.27179156373215 19.49927095850047 19.58525423232928 19.56577882502421 19.57812436863153 19.71794714944042 19.69121803979207 19.95081209086569 20.25700822910115 20.41288977520144 20.95701861223309 21.09033614233721 21.28434218724499 21.11710294002033 20.7366421499435 22.39848990499993 24.30036600968689 26.27494815603588 28.07922595554593 29.65833853029642
10.25854186193958 10.31154479264226 16.18840256443717 21.44552025220165 22.50395706373458 22.73279212367285 22.98597234297274 22.72326776820547 22.33670204254499 22.33066987700692 22.59985985992525 22.78903652963771 22.43460353769864 22.22651006674984 22.02189352130768 21.88419729666931 21.97377489190516 22.05617616979668 22.00377369354072 21.94107084969029 21.72848898733937 21.47038026953221 21.00275857695584 20.59182213706274 20.45915563938943 20.52758125925495 20.69989887828313 20.60148895448262 20.43469160419091 20.05964702769637 19.79885233394224 21.35545838984522 23.49550383619874 25.80307748320074 27.41484276145491 21.65905523526376 23.90116055398503 25.96644847626062 27.39447275025433 28.5512360983622 29.36636876973313 29.93070060446159 30.22767850860276 30.29366491230079 29.92248503210266 29.90928895534366 30.13455833285 30.23479835910302 30.19507456245983 30.05490374290047
8.551796132715211 13.7871247417057 16.94363507063687 22.69281396485521 24.10663567360007 24.4142859241112 24.70205045849414 24.44521181019392 23.98237061806467 24.2242043136513 24.67113769229216 25.00912158848868 24.37246718342237 23.74055807099209 23.24841982880755 22.93979807467803 22.85191737624828 22.72494327253449 22.52084308263035 22.35174327221707 22.05011720575166 21.60505564687801 21.29965632219077 21.17005247881454 21.0976216004443 20.99884101151923 21.28167588230439 22.5360889508313 24.05011691634075 25.22819855307559 26.26348091342758 26.39129371775983 26.91704754605512 27.46437461836425 27.88186504831173 28.3999404891008 28.86684334817658 29.22649569318576 28.82415029066773 28.68937077005933 28.77832204959345 28.79041335650193 28.88899195998682 28.9752179559925 29.08677332063714 29.08074708497518 29.0364184935254 29.19407062232728 29.36253166540428 29.59302660421091
7.535890756517117 13.4158621762577 19.92344095877736 22.49685376959266 24.46762157230028 24.5672588746376 24.71825055797779 24.43414696530761 24.14668732776055 24.20553160892293 24.78442401135993 24.96048405073712 24.34364731114423 23.5774606041773 23.02780924080712 22.81034445594705 22.60145290742116 22.38592471089222 22.03755272926275 21.84813440686881 21.63518067690132 22.75336712169092 21.37058790765958 20.62595422005631 20.47307306072246 20.74252623656853 21.25596118518181 21.75971083657486 22.51474682923172 23.99308943552855 24.96248581700025 25.28047012560629 25.65819077411877 26.02076941167048 26.65033665448809 27.12151911150271 27.31422181372426 28.210437292003 29.26848965125389 29.53152853573622 29.67164738462488 29.71309717855953 29.55294125267661 29.14397163014267 28.94386914717863 28.9356934057548 30.67559158657606 32.34065692520763 33.32125714695562 33.53893051057756
13.32723347083994 14.40230549938446 19.6273337135717 21.06267218970758 23.16386381561678 23.27594953325222 23.39276438791003 23.35019649331394 23.14261432943282 23.24562730666777 23.27815633766564 26.55841014719152 22.35188025744172 21.76316670056321 21.75733873492663 22.1292458507759 22.74060201598191 22.90978949923515 23.34299282355744 24.06205906772549 24.23897567484674 24.95028169713369 25.33626849307131 25.71704282245991 26.30108489255753 27.19166577479418 28.12766325618649 28.2581641682663 28.61402715280749 29.02758075599341 29.46746460797005 29.86402523425611 30.41977783354053 31.26152965888355 32.04433141907181 32.19230339100063 31.93307213970513 32.74596694024066 33.46815817260032 33.81333773728989 33.55981864692846 33.2686683109683 32.94341270309867 32.61132100986913 32.28160673032608 31.93571717205802 31.63804163906482 32.8631847968965 34.07906062129089 34.79128610761632
9.386045698478362 16.99518805993301 20.8955406542306 22.18235670964063 23.22332195478676 23.97474991473473 23.50402727443735 22.99543222191137 21.86616398012736 22.34414765843064 24.41203853341022 26.33269700234361 27.96497067957121 29.86828677674982 31.52433713716868 31.98579375952778 32.04550857933671 31.8630662098705 31.43463712445136 30.61920428865015 30.25571498977346 30.2157071914832 30.69282757757108 31.36214983760261 32.23098750150009 32.73023645511179 33.32781460200681 33.79497729077719 34.08214218319246 34.87000619214862 34.47540939710473 34.38369040848939 34.39540097258139 34.54392656965796 34.57434868172252 34.68736074945296 34.9745412031015 35.34725426392394 35.37004999091749 35.12442028339949 34.63845265395481 34.31410868704532 34.01107572125074 33.77127839080192 33.69844568852582 34.04696784506505 34.64214817883222 35.24463926464794 35.87144474323761 36.15762342374905
10.1477691161049 21.87047709818959 29.55019867020562 30.40490536912403 30.66015413803768 31.38636205659183 31.74099895272409 30.3511111048481 29.31349165973401 28.80762286485405 28.4438731415287 29.13893478581364 30.39358306979417 31.87108028866799 33.03350306051995 33.50016226925843 34.13417019482034 34.32573246353132 34.52035060937752 34.61512377947998 34.48552401960539 34.49798000557805 34.56799678375401 34.97128045991637 35.33427483455277 35.86062283828154 36.47481498927338 37.2897595197399 38.3907258241054 38.63805300461343 38.56435496071908 38.0247572887595 37.44920187377802 37.24265700451583 37.18190933284377 37.40827012860449 37.84073998943837 37.86419102146591 37.46420299785915 36.75763890195481 36.00772279766375 35.29931983751338 34.74875684979929 34.4717263506124 34.29958692100291 34.13421764491729 34.117211999433 34.21510553260087 34.40023956915215 34.61569989011846
21.32989910482821 25.32413786401782 33.15623496167902 35.45102941946231 36.51197478561588 37.49056042226459 37.9397098211946 37.23615461169214 36.85109819389574 36.40731113334584 36.219128654142 36.63572278393012 37.14114070835572 37.70455825331945 38.46413169074965 38.48426025795565 38.28106851782896 37.78087285964665 37.5242241908375 37.45159197063021 37.54851314163296 37.79352739610542 38.14388671416661 38.21931178275965 38.3377644478946 38.5297304657434 38.85320399717859 40.00694621677179 41.42508104103738 41.72826606553534 41.37727181004467 40.36577707959371 39.33274345912717 39.00373973553465 39.50245114013997 39.96719219262098 39.81801713159648 39.3612694464932 38.84047196223872 38.36068407038757 37.73308694665759 37.10218538216025 36.48271711270338 36.14212668316331 35.81144731861357 35.72915213756205 35.62744504681943 35.52866624082758 35.25415425320737 34.66844976416161
18.16013320319464 28.51787436121792 37.84994554396287 40.56287067802913 42.30330226076135 42.88554274786358 42.31902689330407 41.56906410031457 41.19375836710473 41.15158526176421 41.19853508388401 41.64432212853097 42.16948737721665 42.80367718711808 42.86856781782134 42.36560979701419 41.89627784139322 41.59222940368689 41.07766001854153 40.98986849817118 41.18329388077709 42.00236117993767 42.57479731808845 42.57651027230369 42.05709153925934 41.64415760858338 42.09448516322614 43.19859865330524 44.40013169162273 44.60398801424574 44.10919645676529 43.14403056705346 42.33792448887453 42.48864238810867 42.58285342919674 42.02532853884579 41.36941251373747 40.96197585459511 40.47515592807513 39.86002176663559 39.2580203693256 38.56631788725929 38.17498482789253 38.0555953899422 38.32083895685388 38.63593482960772 39.10082837868112 39.24821581623677 38.73103740249765 38.13789688354784
18.84563021613198 30.18442150928396 41.12597977614929 43.88859488140356 44.39540206329277 44.46869165084779 43.92812676520211 43.64965304558167 43.77708222304123 44.18253222552591 44.5850986923767 45.07444081629542 45.50954880473976 46.85934078760698 46.71741609918329 46.10025434280084 45.44012202645109 45.18988071276757 44.75769382019872 44.48539197208702 44.69034795385147 45.07766989986897 45.16075533972693 44.86725549093247 44.16618146901961 43.96453943504606 44.52925474572699 45.6660257473652 46.47817660054088 46.66331724377028 45.57758853239244 44.47877920987293 43.90625117076777 44.17791132405953 44.24486957799736 43.85353962318653 43.43681838514951 42.88672939576226 42.1804987440072 41.76376672812209 41.2788775664925 40.73713811784339 40.22959716439064 40.1599353435689 40.330292042242 47.30883829384985 54.66813660164203 60.63159046621045 65.84112296219098 62.03554379603428
19.3869346697566 31.55891583904859 42.66723998562448 44.56386443696663 44.67376084769364 44.25764072868111 44.00504142117845 44.00392912448618 44.43031542548714 45.1637678067186 45.86084346827349 46.66959300890978 47.94455959754136 51.21342216141939 50.43759114221127 49.55869837761409 49.04005731236485 48.28502471241899 47.63553691389579 47.04595415869374 46.77673602080615 46.72236960322458 46.85569825728379 46.38063002553917 45.82591725830038 45.53889563107297 46.06889511446851 47.24471285936534 48.05006162280351 47.90302922612775 46.74615698937563 45.54600796332126 45.21671281623647 45.44104661914886 45.53596747214684 45.38974273874164 44.89377006980978 46.38561260707508 43.71875738100805 49.09592533036542 56.16223300419714 61.83349559788171 67.13122327340272 66.79155673800938 73.62022542414475 78.429863517436 71.86510309443979 76.84991497726276 81.07245316605416 84.58349344303547
21.0666717043749 31.01195480350258 42.13353327854376 44.16886533917086 44.09373915148733 43.70717999882007 43.57379523783429 44.02796217679922 45.01769657908117 45.82265795980986 46.36515808898545 46.72794417919003 47.69401277470289 49.32596539516287 49.32575013100693 48.47839717506431 47.77451260821967 47.40136631155048 47.23780015341846 46.96121200930418 46.8281537008849 46.72277882322137 47.06523096071061 47.04825639587855 46.36404845117016 45.72892664765012 45.94965490164328 46.36095526452176 46.63128504738244 46.33586504523831 45.68972333203077 45.08356591887459 44.94493340949808 45.23984644954403 51.13356215625809 56.78980952957252 62.88656124631822 68.27986859521617 67.29955652275846 71.66196834748789 77.21736540100079 82.26094447410632 86.13121243829086 79.20598649030315 83.80478449980927 87.90076483978905 91.35313733487475 94.38808838088256 96.35471916995253 98.22297936617913
23.25772195828457 29.57677231833714 39.83530660948098 42.09473623310929 42.04850012199206 41.65507103532755 41.67424370384052 42.49928399292371 43.67035666889461 44.88035587873493 45.50020615778567 45.63211614114276 45.87922564118357 46.32333284617697 46.14428939520535 45.47619173881619 44.88382823486039 44.72509867459657 44.91989727654315 45.24001886090709 45.3424725383075 45.40833980209231 45.59763190856398 45.6702866630156 44.95990893185564 44.26093522998968 44.13873005302536 44.08976827866293 43.7392998892444 45.83311290136209 51.18713235691559 51.46533117802784 57.1226431571755 59.56845651163307 68.24693738948409 66.56238714874658 71.59089039340199 76.35921368446769 81.08542818560862 85.60181189278165 89.78762182327218 93.35097004271778 96.81414926416518 93.10778217126489 96.50240186042113 99.46888761563493 101.2885433326613 103.3883709998706 104.8992273934619 105.4056060559063
24.02141942452381 30.81495487640419 35.37303396300063 37.94365293060764 37.81153197777646 37.74369974316426 38.09199384337421 39.42572365417285 40.77307601075661 41.74307273323788 41.81228875576195 41.68834938241388 41.62810552471819 41.52476091831085 41.54724419928453 41.36843692247139 41.47384894261807 41.63450721949528 41.58464247639346 41.51086078163657 41.72999690772481 41.59344325144329 41.07337639757881 40.97034989574002 41.02273263306843 40.87790449176306 44.66808798159067 49.76475247193597 54.90382863106513 59.06371490670301 59.00288489707675 64.20521936233396 68.82730326878657 72.71632038239039 73.77505193910818 76.9614919296359 80.39647255813598 84.36615052487805 88.64730260529211 92.57757974210242 94.24221864969324 98.30574534670852 101.0129493662855 100.9442589864163 103.4272993930568 105.8526544517692 105.1029762792759 106.60241865922 106.556259198233 106.8777227735419
24.34900637747716 30.49057630136169 32.46283379231944 32.55047489912722 32.53589020600519 32.49147482232011 32.35603279276098 32.42365453607245 32.47015105106704 32.50818064495432 33.04849359575898 33.82764236158738 34.57758200846234 35.14361499124459 35.46495338638636 35.67952477961385 35.53920098607866 35.55612709099551 36.04047052591596 36.23998423440339 36.21923340436347 36.31042979929686 36.34024033989292 38.79667011536067 42.8717859446329 47.04633022826957 51.38451150165434 55.77334394143064 60.20078703898863 64.54255294492492 69.08007966104225 73.8303019086656 78.49004954147416 82.98865214967495 87.25194842738905 91.22559472623884 88.23733506196008 91.85643029350757 95.43884379820928 97.79471786225015 100.6827402282182 103.3132241203259 104.4004106851185 106.7915041721873 108.3490167997417 108.3110673581101 109.0202951613604 109.3140028182096 109.293913291194 109.0006818741118
22.93818414999862 29.11535143277296 30.9841837818174 32.34594699747918 32.63036431018308 31.55972459643364 30.41212060516572 30.26417541262355 30.07578288895879 30.01211620137557 29.97976356001263 30.0466483450988 30.11986036732794 30.15610724927057 31.14844989454994 30.9222143101416 30.83093914378505 31.13206153238659 32.83804046069955 35.83347571778253 39.33278533679555 42.74435223373424 41.43755663595274 44.81497712027785 48.37919781144996 52.07634195184269 55.64399317529573 58.8073098586947 64.09155382513232 66.44398776297436 70.76429250457531 75.20176172023938 79.54377087052403 83.74249579850003 87.71975402380426 91.54222568218213 94.9502743816354 98.02652453826042 100.4207582655014 102.8476932914976 105.0111485570565 106.8514824545991 108.6673379479871 110.1621542451702 111.1323165974766 111.7872893441099 112.2231509772923 112.245817700478 111.6781043040413 110.6459379027204
23.28305100063671 32.48329338483716 36.61494602805897 38.23253656574367 38.5438698843072 38.02511770481127 37.1260976895687 36.90286190325644 36.94881061488622 37.02673680968127 36.37494137633415 35.1398487846791 34.78047146670496 35.30885402504216 36.43418188653016 37.51837184069915 38.21172064013115 38.49755921699754 39.05390429431883 42.16811916370123 45.0943284676969 47.80975640549686 47.99317539630287 54.12718691643174 57.34332956810054 56.06966314677207 59.75392957261423 63.53597021022892 67.18087321648565 70.80101262862891 74.7555965258605 78.67630148997621 82.44926497869844 86.03101183766545 89.55829617626674 93.10055080228598 96.55266472929904 99.58560589900031 102.2309061881448 104.9072156902481 106.9410158383944 109.1066979186072 110.7011282593321 112.1586456195991 113.0055419043209 113.5551779342112 113.4998742935241 113.0141305402171 112.0923961307252 110.5321919972858
30.4290212657663 40.41505423191855 43.47889740682088 43.7731276775146 44.21747528726657 44.6138978471778 44.71543303037244 44.49174573429021 44.50264234060551 44.38396832650455 44.61074349187439 43.94690162563042 43.39443624391146 43.362583773784 43.94862404360212 45.04040052409417 46.3829799795094 47.56731848813999 48.39024000510064 49.83506042569526 49.85210203298492 51.77862831758151 51.9390092882453 54.68817405278777 57.63165478761817 60.49192220257265 63.68886944429344 66.58909739818684 70.04344815025274 73.48963647320532 76.94586138303272 80.36548641500623 83.72169701627701 87.04033894705424 90.30497256929549 93.61213931913119 96.58638876347655 99.57216406159165 101.9696179601168 104.3566935224516 106.3851598791985 108.1537298968813 110.5883819280999 110.6660991766394 112.7963439442169 111.9624933879767 111.9122630456259 111.4407957693294 110.3213100505902 108.3859055333504
38.50802141510367 48.54716307475829 51.18325921136551 50.64251526508411 50.61050654118305 50.9233182959517 51.28531998864839 51.65469941611829 51.95190540075377 52.42214852264556 52.65618426247062 52.60477630620537 52.22935368964893 51.65404015918996 51.81102030510664 52.7381022880048 53.63652894612267 54.6921282864125 55.86087480365266 56.48461306081235 56.91107662172138 56.60527703109233 57.09700373605006 59.34881298084541 61.28710407519018 63.71080871920867 66.41641387235526 68.95803744652996 71.63216389512633 74.42848064427048 77.34004039426729 80.34763156279382 83.43192365476656 86.60026953532578 89.86592344874533 93.06419708043252 95.51620795170693 98.31958453022787 101.1100534649965 103.2073515038928 105.2525036719053 107.2777016678621 108.3142979343305 109.7187743029744 109.8770622880883 109.9369834055787 109.610913151305 108.7894577329534 107.2866717411877 105.0872275689502
44.50392276291053 55.34399340340276 57.00439017920922 56.22471011136002 55.99580082376304 56.18060812301725 56.81747069554449 57.32140451113557 57.36168975807249 57.61389379935022 57.79858813600809 58.07871921723527 57.90342318908513 57.68979378111991 57.25422835151121 57.73769590536529 58.39696616254802 59.55583446688424 59.9955184079375 60.7855754644922 60.96221605719074 61.92272103984858 63.70146888865299 64.97990245363259 66.39879483718015 67.76614983565626 69.35749544644115 71.10244808362421 72.85537098742022 74.74748762184416 77.14656890956978 79.81324148642003 82.69876969391572 85.74916530400118 88.83054512716815 90.5300079009218 93.70140724778074 97.30061485986529 100.2115704646 99.68878934283948 103.2620803474615 107.1499422231178 104.1485173655527 106.4327615392984 105.1851423031996 105.1609535991201 104.7209339249935 103.6880775837544 102.0094052392028 99.60479138477825
46.47290931344941 58.00730389765673 59.70185761783371 59.32228290202372 59.49218896726322 59.91093048065998 60.47430871240637 60.80903652621123 60.54537874359538 60.55946990361817 60.7273683901675 61.04625636279755 60.88924709296587 60.60823349978953 60.2848150449041 60.71837018822333 61.25383136205465 62.27517225217512 62.73023885734757 62.93588261444111 64.71957946849002 66.92236027720907 68.95982680664281 70.56802885351095 72.0290498453102 73.42458249137752 74.75364789853674 76.04574849627225 77.49114419900845 79.02643091829015 80.55782193371749 82.2721455440891 83.94975813571175 85.55714453388202 87.0771684537594 89.24827103043273 90.09314824442431 91.59026091293815 93.95849145843263 100.416688803992 95.77556818771652 97.01974335845159 98.05557324556614 98.80597208942723 99.93181837284928 100.6937930029707 100.431370044994 99.31083802784218 96.66439693030567 93.75688062928937
48.04738664259754 57.9550503892929 60.05768965846418 60.06239917020614 60.2701841164252 60.82282989641234 61.20839230956305 61.15538719988182 60.68225208462185 60.64651987994591 61.08555566286197 61.29086683090993 61.12662879950892 60.84126761194346 60.83432869180732 61.0158198548633 61.49037900798022 62.19248733214948 62.63769520328884 65.21173012634489 68.32449247495329 71.15590482277774 73.83320498805172 76.20274759545771 78.39434127205591 80.27427053240112 81.91319064025939 83.52627650385577 85.11273290027418 86.76130468073228 88.41341199946137 89.80824749292073 91.38179549277717 92.68212687698923 94.07883106762459 95.15827261161969 96.39994355369059 97.39818725845839 98.41632148835622 99.16008534645486 99.65101438295306 100.0239834888071 100.0205456439032 99.72939847236607 99.09017387875501 98.06879495184765 96.6365558583329 94.86614383027951 93.09185932707327 91.77296951807639
