benchmarks/avaPyramidNullTest/release1PY_ad4abf69aa_null_dfa_ppr.asc
ncols 794
nrows 794
xllcenter 0.00
yllcenter 0.00
cellsize 5.00
noDataValue nan
[rows 352 to 373 of 794, columns 200 to 249 of 794]
0 0 0 3.141904811482683 3.151850293181614 3.152910795570652 3.152910795570652 3.16189776844165 3.16189776844165 3.151724368356939 3.153015510549794 3.153015510549794 3.161979768710113 3.161979768710114 3.151604394842979 3.15311511570878 3.153115115708778 3.162057271865718 3.162057271865718 3.151490203685211 3.153209548900367 3.153209548900367 3.162130443273262 3.162130443273262 3.151381866260163 3.153299023609561 3.153299023609561 3.162193139716639 3.162193139716639 3.151278262777574 3.153384046137027 3.153384046137028 3.162106660182157 3.162106660182156 3.151168531766266 3.153473516053907 3.153473516053908 3.162015336768981 3.162015336768981 3.151052976466944 3.153567657465533 3.153567657465532 3.16191892114115 3.16191892114115 3.150931107264584 3.153666529411056 3.153666529411056 3.161817320108903 3.161817320108902 3.150802744750966
0 0 0 3.14190481148268 3.151850293181614 3.152910795570651 3.152910795570653 3.16189776844165 3.16189776844165 3.151724368356939 3.153015510549794 3.153015510549793 3.161979768710113 3.161979768710115 3.151604394842979 3.153115115708778 3.153115115708778 3.162057271865717 3.162057271865718 3.15149020368521 3.153209548900367 3.153209548900367 3.162130443273261 3.162130443273261 3.151381866260163 3.153299023609561 3.153299023609561 3.162193139716639 3.162193139716639 3.151278262777574 3.153384046137027 3.153384046137027 3.162106660182157 3.162106660182157 3.151168531766266 3.153473516053907 3.153473516053907 3.16201533676898 3.162015336768981 3.151052976466943 3.153567657465533 3.153567657465533 3.16191892114115 3.16191892114115 3.150931107264583 3.153666529411056 3.153666529411056 3.161817320108902 3.161817320108903 3.150802744750965
2.443840674756113 2.442561183367037 2.441223070078617 2.439831692224472 2.43838954391591 2.436897309506186 2.435354389624596 2.433758054976222 2.432105424124213 2.430391838525708 2.428611472420876 2.42675806355696 2.427121249919276 2.437842347877845 2.448474955100322 2.459792285180901 2.461250780051719 2.461250780051719 2.480966038550415 2.481392295352002 2.490275942348646 2.510921717995124 2.542655377193282 2.55901606529711 2.590009629129161 2.642503963436876 2.709831172472681 2.780724432255375 2.858124327603381 2.95902251632215 3.053565630673909 3.146636433324079 3.23017734599318 3.320514325209892 3.402582572604009 3.488819547509781 3.579560796946909 3.642068433261824 3.741537623584311 3.817599057479269 3.888101574048128 3.963661725657381 4.046013038626425 4.105742019412468 4.202722060456654 4.24907117428844 4.308011671832118 4.38738303841235 4.487113796880344 4.62876169448564
3.976730924602252 4.009049842979936 4.680104777148912 4.680104777148912 4.571886098688661 4.544810327690346 5.116015741441759 5.740373562807702 6.353199471575736 6.92267636345786 7.363093874582364 7.793072022529145 8.076260518892697 8.436835416102358 8.170243304563243 7.662438295445147 6.936865598755991 6.348284866118571 5.791650655054434 5.445142887181638 5.426208259732509 5.448394602632552 5.44839460263255 5.484579924288602 5.530713911414151 5.615140880763729 5.72157135470052 5.85412692661701 5.973946750617152 6.108931504882783 6.196304987629846 6.347470756971793 6.499476235774583 6.7225635097795 6.794002991806037 6.794002991806037 4.369745693093879 4.175214791641832 4.078214775514311 4.084059988763062 4.084059988763062 4.117412415029582 4.225901915233699 4.345415690183841 4.440417223187869 4.469867129565074 4.487789612233054 4.617651046150835 4.752199619816485 4.957745011986657
5.311591620910496 5.432208623206592 5.576466446479219 5.685590447809839 5.907620964430842 6.322679269508664 6.638568853899799 6.888264797157709 7.156475818577562 7.266310527955013 7.568158179051399 8.008196779044866 8.133399054949113 8.436835416102358 8.170243304563245 7.662438295445147 6.936865598755988 6.348284866118568 5.791650655054434 5.44514288718164 5.426208259732509 5.448394602632552 5.44839460263255 5.484579924288602 5.530713911414151 5.615140880763729 5.72157135470052 5.85412692661701 5.973946750617152 6.10893150488278 6.196304987629846 6.347470756971793 6.497394091757917 6.669515563111918 6.732847236741014 6.709628004746328 6.59030760372231 6.497341681800675 6.453079774082245 6.364703382225849 6.509378333764388 5.956290324587587 5.551292184673415 4.973941494490228 5.516308135376236 6.088305712249134 6.604957800686833 6.855708418928294 6.855708418928294 6.884919762119621
6.579142232187254 6.557850529202268 7.433778214825591 7.508019923987201 7.178330234813203 7.422744477084978 7.615385600270253 7.382673422384147 7.916831090855143 5.97837032822867 6.442374899674271 6.912617476941818 7.220308596185141 8.026053864569977 8.250019258629401 7.501982478531417 6.534270053936509 5.404976355821565 5.616431646436255 5.792464695710346 5.868558623319726 5.928079049139927 6.251390535957665 6.831946806441962 7.460532561626012 8.070563440922321 8.721584329063919 9.219999895555127 9.512171101368441 9.512171101368441 9.441279926571328 9.59610133674634 9.974134378496771 10.29250192814502 10.53860859973559 10.78038366082145 10.80049894183356 10.83398764594842 10.60685625838214 10.425603184534 7.964280742639128 8.53357925645976 8.971481122131086 9.18393115804029 9.193303623025912 9.193303623025912 8.79178650920789 7.944789250931414 8.164514542125021 8.267339329558267
7.432246570955542 7.417451088756337 7.322188716000826 7.129746654547877 7.156432337947463 7.422744477084978 7.615385600270253 7.56049367790362 6.86730323552158 6.741850982785077 6.8252256578343 7.66213303194924 8.041469474591308 8.302291054070396 8.476808934615846 8.634207666712509 8.899594437414516 9.152311772526255 8.885834813038709 8.885834813038713 8.843266487610485 7.950493555801327 6.922708522047034 6.789648754209091 7.460532561626012 8.070563440922324 8.721584329063916 9.219999895555121 9.512171101368438 9.551138028004109 9.612463370461484 9.665023662108689 9.786420126193512 10.04656745555576 10.08021124015788 10.14221470796936 10.28505460817837 10.10494703043277 9.985838811836 9.627841137281035 9.506637086291635 9.523947850533579 9.965406488069064 10.43544127684852 10.49389676239963 10.34358707226397 10.09516825488285 9.984759603777407 9.306857651353988 8.724291363678315
7.782033154828911 7.685285308843911 7.645297983786593 7.738749578208022 7.800100228504466 7.92710034585941 8.117291275440696 8.236029452411469 8.361791152941075 8.41222671978873 8.48069700875161 8.583508288626026 8.74846891868193 8.908554312702298 8.929672597833015 8.929672597833015 8.641523683569858 8.737610693755913 8.841886572639082 8.831845263690319 8.766504209120873 8.533434150144814 8.373990264101566 8.34288282332991 8.138361983236621 8.188055316809212 7.976275413240253 8.009477634678044 7.889504697416376 8.583788524018424 9.220922556299385 9.724606490977417 10.05516125800007 10.13383865108922 10.13383865108922 9.836042537978804 9.073197647628021 9.414204531628023 9.404678585716754 9.09891794637033 9.130347525334916 9.067972710169013 9.38230583437822 10.09265361144462 10.7698282371386 10.7698282371386 10.21085436971479 9.984759603777409 9.306857651353988 9.18936245452381
8.762931336703671 8.644747314716215 8.549381104666743 8.726848125854739 8.821215530313889 10.04006881903403 10.17243565028985 10.13161902114191 10.43051745223747 10.74262236438702 10.84339078685646 10.70087818320915 10.47223855586722 10.2107251533181 9.993775595999091 9.755021491955828 9.53066080273266 9.31760604476654 9.057752973640808 8.946225094424758 8.796166344091032 8.612083474541821 8.518544478324921 8.616304401345715 9.643559510982918 10.30916779956522 10.75689043213884 11.0290028197029 10.78123454869356 10.36049030922767 10.52576327588486 9.172206651216618 9.459292086896003 9.811875029163167 9.998324184026306 9.998324184026306 9.979177056719614 9.779594819413781 9.515578734929274 9.17582038585461 9.139107188564099 9.331516859098709 9.497782849250092 10.09265361144462 10.7698282371386 10.93130868059523 10.97466831411259 10.73700937895128 10.35643659230144 10.24652612165446
9.745094735816467 9.631595580335846 9.706789379968711 9.930533328602401 10.14991535276366 9.864527710533986 9.939096431564655 10.18102923623331 10.27004423128912 10.39698218176789 10.44346173947178 10.25799126853988 9.934635387365361 9.721639063948091 9.544376629548351 9.343797481321115 9.139981673728204 8.928999259709276 8.565182465162593 8.433068672794906 9.095557649649654 9.677822971489325 10.21525854367572 10.46318708100719 10.56560086203015 10.64449860467086 10.43681379070879 10.58287111472346 11.0690027999574 11.7925350632175 11.77260454385632 10.1760057739401 10.26252447283299 10.16176605965701 9.959194612864913 9.591604644196519 9.706451066442725 10.79845092077434 11.08704778423522 11.01813844026518 10.75379673548293 11.29547744399675 11.69831318633207 11.89954105001777 12.03168069544847 12.2636459564227 12.02651154927048 11.8469896096709 11.6129059402227 11.68751190834072
10.44817162263174 11.0141236487823 10.93520159404548 10.89754958418391 10.62782615266004 10.35387060629247 10.48058370713879 10.60446033848642 10.77525724519304 10.82446928907997 10.59373761853428 10.20976780156682 9.184749196159606 9.574712778656336 9.926364165393773 10.20229583333687 10.40653225335262 10.44945269001173 10.44945269001173 10.36412047354558 10.06808201109053 10.14266017266411 10.17665261355104 11.12913937301799 11.1830223828833 11.12679246436313 11.29129560412308 11.24955634539977 11.26844177457236 11.44979623034527 11.57588927185737 11.72322730854354 11.69699566034595 11.61769580895533 11.4744744982542 11.26313641055667 10.97755045613901 11.11526591604798 11.31655962080015 11.39667581790318 11.72366213552732 12.62499989139366 13.65180991957069 13.39050081325152 13.1778346232044 12.83683134324927 12.55564171434994 12.39862393894469 12.30538555329546 12.22633510748638
11.09380130567145 11.05024131329822 11.1415604811864 11.20401969560486 11.2553791973173 11.19629128231906 11.1383662189719 11.13001248503974 11.14575019252059 11.17604456942458 11.1788819983952 11.15800335993079 11.00424767116706 10.89441256466804 10.91035765273338 10.86216871299433 10.83777170944732 11.1527787887198 11.59826250693402 11.59826250693402 12.4306855980707 14.25056033986258 11.05359849516 12.39088427411403 14.3328378024353 15.87662793810293 17.19686479008623 18.03528305918054 18.32451862778991 16.2555250830249 16.51745552735716 16.47886837477643 16.20641758946681 15.0403097955888 13.28446707176771 12.98133268236237 12.4354987359261 11.54835276187392 11.54924513951733 11.49056177471082 11.57793187474297 13.26658039691324 13.50909651884614 14.20221188407177 16.83230343575142 18.7339453292808 18.79488965881772 13.67461637176562 16.05806526287816 17.82179683797708
11.42455255585617 11.23921170470505 11.19789747889711 11.13758321770846 11.04017310392743 12.08280959490682 13.2543711836835 14.41875509732738 15.35081761206988 15.89995490905421 16.11480101067996 15.8320747361818 16.12695839558588 16.71695990942571 16.9908689768227 16.80213944181994 16.42401175688812 15.27418091452543 13.71494499810767 14.86151413327301 16.85014393554122 18.59908742734162 19.75006630776996 20.46432517075763 20.58770261599176 20.01234152151018 18.58326457596291 18.17585414376879 18.09850646429645 17.98344874748358 17.63440772820363 17.54878439238627 17.46073059406224 17.07845262203166 18.89578074055098 19.71602926992291 19.71602926992291 16.31891154223512 16.25635271143032 16.24934720753256 18.24406362810426 20.13710163620285 21.48496465950705 22.31952341057903 22.69129904970509 23.05811375577488 23.07393751873656 22.38614305138382 21.79008844049291 21.6247430476628
20.76127399422296 20.08391211946925 19.4073438816296 19.3918760166755 19.11699569515044 18.59516599098073 18.47782760026984 18.29334709653723 17.85887733970406 17.49909421912686 17.25661528649155 17.11727772875908 17.09755112671842 17.1692370556723 17.03279600731779 16.8728223936755 16.67760592236349 16.60164663467771 16.68353375860428 17.48587063659498 18.69043975955657 20.28405909474852 20.59554912640949 20.63035029273026 20.58355214465929 20.27927090463591 20.04000850102084 19.81449017266208 19.88683802267735 19.96821710211283 21.07913059165595 22.90783333813911 23.94991231576527 20.39290473598894 21.68485710144189 22.35372762761414 22.2820665463678 22.27423668429185 22.05145739893988 21.88385484026725 21.80570060843937 21.92892516844076 22.17808516569448 22.28540443439173 22.55676285628874 22.70161137338406 22.80049796080591 23.06361697562503 23.0928737486609 22.97083903957688
20.77130522705137 20.58904588828864 20.4874856609686 20.26968277904008 20.0978393737137 19.89215745091462 19.69377407060611 19.48191310138367 21.16246069951416 22.26025865998937 19.81731212316178 19.7002231948986 19.36026850179033 19.47200893574617 21.03288219210446 22.47463304891719 23.65711117142474 24.48735315394041 25.86252966319191 21.17182580732788 22.6534107179401 24.44793817169317 26.10151194807127 27.74644096500481 28.68175998081518 28.97584850818625 28.69044341841881 27.57191813342551 27.02533911496174 26.90458371983808 26.08151181512521 24.92329955581468 24.23565866147597 24.20608035338308 24.36822728571708 24.1488404805795 23.79239797564064 23.79784506437622 23.93530067394856 24.06207456202977 24.10251949540658 23.99930871867602 24.00001291633686 24.14947144234424 23.97476108417051 23.70322471580164 23.85232801376203 23.99703374500465 24.12873161842719 24.01303223863876
22.72303952205583 22.2666544380933 22.04775134327928 21.85644383260912 22.60014369917174 23.73725797591381 24.39266170581026 24.53885496018493 24.38387178595639 24.20574921991708 24.23780138709158 23.7178617233685 23.5955334365941 23.48120507170835 23.43902719035759 23.50594282820547 23.72372254593336 24.23082400443299 24.76139861860482 25.43672644582196 25.91413125071252 26.24983883289863 26.65485114918751 27.62736033825471 28.40953612899742 28.54024283199454 28.55889023955849 28.42065472928952 28.00325469138414 27.67440434067418 27.56449760810756 27.80065086746956 27.81146874807161 27.65751746537109 27.43321059576093 27.17729034534099 27.03000867754833 26.93754317517537 26.70043928711071 26.43475243462124 26.31189663989961 26.31475636524962 26.28706073800746 25.9877151380975 25.35481092531621 25.02082832632265 24.76708362919469 24.40437733087175 24.2563308619726 24.2962634687401
23.28968124672969 23.45417590341511 23.53122391439524 23.55924419489024 23.4635573726883 23.82227486899454 24.18000809829167 24.50209568783626 24.65111949220099 24.78768095168644 25.0320260300353 25.06893167944854 24.82108331890675 24.64918532903222 24.63384435558635 24.93613584328855 25.33687825994499 25.95576597098255 26.81736935464225 27.50374078739276 28.27084934142582 28.63688331060741 28.58168162241678 28.93355668655796 29.19012055226926 29.56911789037428 29.55745831325136 29.52728595274959 29.37755328846256 29.16585619414635 29.1148873117256 29.35519742229486 29.53596072905372 29.49151285258675 29.50787911131986 29.53877135120662 29.37356869831262 29.08760008757347 28.75529272208081 28.51632779016195 28.2585518744037 28.06307507433351 27.76454078344673 27.44302969209182 27.07061569552827 26.55836350121975 26.07220438169076 25.72488812144701 25.53122305296487 25.47001111060157
22.16549942084426 22.10999553531125 22.41216498704075 22.79438667874027 23.12653086610904 23.61289275443362 24.28514978910298 24.72998093447253 24.91033863104769 25.88437605486021 27.56143493717316 24.51946002325743 26.60417779395627 28.57050069623066 30.16332646095283 31.45394514077012 32.46357349391266 28.90676794740317 30.02921761581329 30.51078809049992 30.75753402946935 30.90873446096931 31.28469751352717 30.45868392256235 30.15718422837658 29.93917054480352 30.02701941055146 29.65447810574006 29.16286938752485 28.97896462405468 29.07657371752579 29.09980654848257 29.14933199503923 29.15552470078808 29.52661757895861 29.8105948805817 29.82934443611542 29.653448831515 29.42125275395648 29.16109313097301 28.73369766804948 28.306079340713 27.9775854332285 27.77117678598977 27.4539276813557 27.12411982455511 26.74391936661364 26.24742479605671 26.07675032489581 25.97382894345076
29.80630580136193 27.76060555178957 29.91508884331842 21.80675124231737 24.16108973311851 26.35841011507222 28.16344610890847 29.52077492436236 30.61254771140845 31.26970072482749 31.30090270363061 30.76031039603273 30.54250997199288 30.50180170634568 30.64654312996857 30.92505754974246 31.33038521231065 31.72934806075198 31.58450710456552 31.48820117409575 31.22130085489013 31.04276377713047 31.12377382650086 31.39929517317496 31.53040035642189 31.4180649696738 31.06394902849343 30.86877679722555 30.80933668737717 30.74027627749209 30.6678682760604 30.54900141882906 30.25052915036639 29.6275907962984 29.08783514656829 28.61062279268794 28.43499149304654 28.4816079203012 28.2360921106043 27.76810247113305 27.07540099560942 26.83635270437593 26.69172153103843 26.49921354432179 26.31725410259255 26.29281033522346 26.33528022347851 26.52272446263859 26.11323925764301 25.26222781463443
34.51353896721217 33.93138087387826 33.33986001178491 33.08923297276945 33.02888625160466 33.10622692178929 32.75431588097126 32.4276629157745 32.36634625339801 32.38216151211176 32.51182229113655 32.35151419758574 32.1484710023894 32.07133629644078 32.04979791760181 32.03435057197405 32.05020026092006 32.1104564745 32.5145233270549 32.60767558162138 32.55668557406651 32.26307215248215 32.30075678275816 32.52235595967279 32.6946378751148 32.23066094125803 31.75625923648411 31.68805849419213 31.73874470268916 31.51370574348416 31.32855096946241 31.33402907210029 31.03746994343068 30.26778357918678 29.53742880394268 28.96533455062402 28.57425226445146 28.66321816413711 28.73487223398337 28.894065994791 28.70347642917452 28.67004597903878 28.61172104095397 28.56294123623464 28.78402852803833 28.74238168144582 28.44437688937781 28.36786055630652 28.20538730952868 27.98965778778113
34.49312610191161 34.28171063630381 34.01569287050688 33.87224183635569 33.65118081234881 33.56902691330414 33.55207481004178 33.5035933406088 33.32668031288978 33.26441761267773 32.95209734812452 32.68351211486613 32.69010948646698 32.74263889748298 32.6591131032123 32.66428157703265 32.6350379502592 32.6352348629844 32.75495177267462 33.06686799465927 33.17297208169452 32.99409351683582 32.86932121501665 32.87096849629152 32.71229996756777 32.35786177544534 32.09467200126154 32.1248751513534 32.14945748949206 31.93518829880786 31.62127502501819 31.55816594141375 31.39206595169038 30.63114079303844 29.83722916144923 29.3473643511401 29.47317227249051 30.04397129803076 30.30622546346658 30.18331476372258 29.97847807175254 29.92887529069904 29.96774093627026 30.0115975528181 29.79585665345324 29.77351614449313 29.70111853978869 29.65895343183273 29.46155745427874 29.35578351002451
35.01952827843369 34.98716528734446 34.66470202592885 34.35815803553159 34.13930582349909 33.94395138334947 33.62420247151418 33.39924055937131 33.1619989370413 32.93188295565542 32.63016828317333 32.55937742662739 32.51626623562827 32.52710975675843 32.56031280864374 32.66659735915669 32.57411928026185 32.51433007342366 32.79245006426256 33.08072729168885 33.23682253092683 33.23865100996613 32.90019042476666 32.70147946216488 32.30613801907806 31.94883346601287 31.87957299786153 32.1717231690095 32.18355634604899 31.84980314671519 31.5213177134256 31.43588209199423 31.31915549729186 30.81774079234737 30.29355820608269 29.97037900301412 29.75501529162557 30.24521217163649 30.40228665683412 30.33036359306904 30.24884872625484 30.31483866717905 30.49938684368151 30.47981590070211 30.42266956299859 30.21865254977666 30.39874132389737 30.24743807111088 30.06229542940435 29.84491724540512
