benchmarks/avaPyramidNullTest/release1PY_d296a00ba6_C_L_null_dfa_pft.asc
ncols        794
nrows        794
xllcorner    -2.500000000000
yllcorner    -2.500000000000
cellsize     5.000000000000
NODATA_value nan
[rows 400 to 419 of 794, columns 495 to 539 of 794]
1.5900299508543740412 1.6214982085526168376 1.6473496166772672034 1.6832635629873518024 1.7068968217686417699 1.7325458151885442248 1.7556028084926593724 1.7638033409677928987 1.7767126608145085154 1.7952144243465166795 1.7742042692152686367 1.7741547611731474099 1.7464438954979391028 1.6990402013495247147 1.682501990023596905 1.6444872892587936164 1.6141270189458025719 1.5610919207281725996 1.5296562937957498551 1.526794269112303315 1.4868130190624013753 1.4394540857826207958 1.3944443166901334674 1.3540241650419155839 1.3271480695934048111 1.3234802518766022317 1.2801526527468187755 1.2366655699675384028 1.2265389121578089693 1.2756150635636007706 1.3166794104252776965 1.376278596365523077 1.4220631331864761471 1.4413704409817023055 1.4728364346487521352 1.5076405164021706717 1.5604116941195020907 1.5954932872641185426 1.6345187460922805389 1.6566331647362064761 1.663002376831906437 1.6794652807554901752 1.7050712168320616424 1.7184723613114971652 1.7244899574694771971
1.5747113637729537317 1.6046547014228897954 1.6137279927285443915 1.6520610936685184988 1.6735125256206493383 1.7028002439825957737 1.7269085331425459984 1.7292441588370994765 1.7392197554612245369 1.7532338025086975364 1.76051298626564523 1.7441691491451771778 1.705143502702874736 1.680686672856376962 1.652773861157526003 1.6065955735409782612 1.5853073633057297442 1.5291880995464808279 1.5141393791566832849 1.4808352529053099289 1.4191533534066491651 1.3730290903537867298 1.3418726789023514012 1.3493268401299971515 1.2996748454176907384 1.2625851745937888282 1.2301263227674559264 1.2039853190321798682 1.182658435665448815 1.1809769761886486084 1.1941578004745194708 1.2568415099314431682 1.2941360585379222403 1.3520226002116657593 1.4013692569850366709 1.4551158242799486775 1.514713638958420816 1.56099116739579169 1.6040541038803941554 1.6205509906777548768 1.6169165746510236747 1.6225952412187736318 1.6273094102258847116 1.6151058109385814099 1.6127682090208923515
1.5894382861927562889 1.6122755063343585658 1.625477034291486822 1.648629684400750417 1.686262292255671591 1.7127285347585381459 1.7080025524661459624 1.7145736632767192287 1.7298793953493056819 1.7394977638923490026 1.7158079517012858606 1.709139878737802043 1.6593988636800218739 1.643964043077557724 1.6158737997458534341 1.58377930683528656 1.556741318434718746 1.523005480816543189 1.4993361294358480418 1.4409934088584046563 1.3942201616902447636 1.3908853233829545637 1.3683970800108684607 1.3384300329735214774 1.2754457554765132876 1.2543949699567833456 1.2405567809831750115 1.2110634978554011276 1.1533237639587057277 1.1419587117461293957 1.1031784738526244638 1.164321296470047562 1.2223981229180989061 1.2398097143436521694 1.2709382687114199051 1.3055565457041446997 1.3426902202030759348 1.3706199770878613187 1.3897762776254889427 1.4209804212117513877 1.4415181822099740749 1.463732726951069596 1.5205290921203373777 1.5635763376445288575 1.583151171296672155
1.5111351522121776458 1.5148376384203301459 1.5447340126590909382 1.5540848436852872094 1.5860472151441995514 1.6098228038859485611 1.6226658141335412733 1.645310755212160192 1.6569530646605197255 1.6897506693571602288 1.6551555611648103294 1.6755823847353630285 1.6493903657438686583 1.6308688075476533985 1.6194860873668284196 1.5674006812500766994 1.5359856540587430995 1.4951925326199280164 1.4470099385576324913 1.4092865693982468134 1.4011847367721459445 1.3528710435178035176 1.2962281577924861242 1.2825402407358652557 1.2496653242006006135 1.2242820525593907099 1.1684092650359709786 1.1553330924542666303 1.1458065814480675737 1.0913993475017733648 1.0857084016625768719 1.0460222251155324447 1.1085351427315028872 1.1535776500414114398 1.2063476553421899062 1.2715484575037885318 1.2916337537571458416 1.3035502866544574907 1.3154066316292789551 1.3171931329977617509 1.3458010946014467013 1.3661739608257164047 1.3723684711873578301 1.3713799561961945717 1.3822098627400190018
1.4595403615147717336 1.4723754160517150691 1.499288720764131666 1.521562977638889258 1.5414232592330108229 1.5669213436998763456 1.5695310660390353608 1.6051501463054658192 1.5954966899721183538 1.593780636195742062 1.5904317547304127611 1.5788292862132176086 1.5761388288006696889 1.5412039937335917372 1.5274643541250600975 1.4886089501995243278 1.4431768170854928357 1.4289786860708308946 1.3922341621745877305 1.3616628955710339266 1.3300913097481841252 1.2936477601983935593 1.2800454580958664508 1.2502856465511744677 1.1933515933791944974 1.1714725191595178888 1.1523579341663521269 1.1072630186187457646 1.0816448433928627093 1.0515071111625791112 1.0181950133787456281 0.98582259856225074035 0.99646700713835822949 1.0448898944240814224 1.0835233358802287551 1.1397925858552986345 1.1767429701737333048 1.221760216029611712 1.2414054671789220841 1.2765778653999635406 1.3097634177401058508 1.335801568289127772 1.3244425486821680416 1.324509404540136881 1.3301442498681910198
1.3792150883474514345 1.4008738135667746505 1.4197917523865530853 1.444409447519514833 1.4558260442248274202 1.4718192803344527508 1.5021177311623323813 1.5007323475149783043 1.5101135777220326961 1.5190263953921634421 1.5256015423385365093 1.5350018514807524106 1.5195178669425528639 1.512861723855575935 1.5138308232899659878 1.4814967545706834162 1.4605742438993869481 1.4218127890946279379 1.3757379227446067116 1.3315321104525421614 1.2962418192669735717 1.2677274750280222992 1.1999904429555221519 1.2034861358658475172 1.1718679421949342867 1.1307074387916284941 1.1215962643710275515 1.0741415454009690666 1.0528525780824302682 0.99210283368924001568 0.96698656738397315014 0.9359568037513740224 0.92648837491255531251 0.97087006263233277537 1.0311440715604376361 1.0581776926070738387 1.1258798667701754859 1.1509889243627358102 1.1971715937668649943 1.2020578014014224877 1.2297946747202874729 1.2586387686371889316 1.2571134616866233014 1.2503213338016876399 1.264642913078176667
1.2802421765156533073 1.3017516840712162196 1.3103293634259338685 1.3455158350292155678 1.3582373815217265722 1.3866287808424648809 1.4070597546487932927 1.4165861792235667771 1.4450318579823879794 1.4545357668839609122 1.475342593199895358 1.4798863753121325182 1.4574629838038117846 1.4491726424128985595 1.4301183009257298906 1.4140572496440715344 1.3766740901765970317 1.3446631487400950711 1.3287085692152016403 1.299936387578907615 1.2497505951126894885 1.2389238209165986948 1.1499276491612142603 1.1383319398469358141 1.0981256765770552875 1.0543009849862172711 1.0399779343444162105 1.0120831105289715968 0.99972706400204769395 0.96074024432440097154 0.94298238624884311854 0.89562344579130670486 0.89175860541763851685 0.90860785356658291256 0.96983699195173123098 0.98267024891942256204 1.0243500174081230369 1.0558141207048044041 1.0565899157568454658 1.0847552974241518875 1.1284565511911652802 1.1332232860971702681 1.1677816851954254673 1.1773089361847004497 1.2032411699492580048
1.1995418561553321535 1.2122088571438360827 1.2250187425787166795 1.2288326433057346065 1.2422629742523516594 1.2803341384771407263 1.2779595763752720217 1.2891787960025855586 1.3271698723557419086 1.3162110685363899165 1.3537714605527746414 1.3480792723048939941 1.3653192106453055921 1.3669576856804059872 1.358819085084484346 1.3376318488013942964 1.3122832512339746014 1.2977797538113400311 1.2351200577031824501 1.2458035144667822802 1.180631813896515947 1.1883962340302491878 1.1359986074248684673 1.1093362723955504379 1.0533763597233025688 1.0512364491361940733 1.0045657656750202058 0.9744265662351491164 0.95859656340678167652 0.90460034629505170489 0.87829112165313549809 0.89137710000949421651 0.89185644669605979029 0.88846889709111664946 0.88751982891602920756 0.9221333067150214724 0.94864684494770057377 0.99223737056081084962 1.0239576975900568367 1.0389378678990259797 1.0717129590762111135 1.0957364829144078389 1.1074112950723893345 1.1243507428799688341 1.1245059695593839777
1.1222981344222218159 1.1305490726386331346 1.1496092772473567312 1.1720712152456165267 1.1755724449777864571 1.1860158393451512016 1.2096802129129897718 1.224050714021793107 1.2321503875317239007 1.2497742815491894586 1.2531624932840335074 1.2645522170372729409 1.2797238594446425086 1.2788845007869940051 1.2656421518892027045 1.279134309514211143 1.2396550441270903775 1.2473070348847012934 1.2030405586993353495 1.1783794342065136984 1.1441190697721972391 1.0816760519004622321 1.0770463787779627207 1.0234067750582973577 0.99688233167215756225 0.99672051853644427766 0.9365112036622182945 0.90015315363071723986 0.87504650910903314376 0.87151833552047630604 0.86849408378764170191 0.86425821097771016177 0.86291069493070915453 0.87668407636559086971 0.90470171834911616848 0.93182861558457763529 0.95520688682502463696 0.96440504203438082165 0.98796589109340282597 1.0020690041463902187 1.0279457192181382652 1.0354023678713077938 1.0618361183998890063 1.0711276394956767977 1.1061111454284335842
1.0765436789858773281 1.0844954623970257668 1.091168666971612522 1.0987258278560241287 1.0950826314788519866 1.0917481942818878515 1.1076905187767935868 1.12541404575364834 1.1401640114160684902 1.1624943086414107896 1.2055071960981635915 1.2091582515333501036 1.1932688315951631708 1.2165075633229021079 1.2115576635527165461 1.1660686726549052139 1.1793375608528129384 1.1349474848308560571 1.1115780325166013665 1.1000385718480751862 1.058098880934918995 1.0277607205242236255 0.98631793983106230694 0.95370919455232339157 0.91038624585354055441 0.89536435952103077263 0.87591406143580885502 0.84578814702245241897 0.8271565071936926028 0.80941760463232070855 0.82568303227266448552 0.83097447587653172629 0.84338658862606286082 0.84165492514860840156 0.87655726781563936267 0.89822563748440209519 0.90751784027777104846 0.9219732897207645328 0.92652055777252750879 0.94178900002719245776 0.96692876462296550866 0.9837063808331784065 0.99309131645471004912 1.0049667456735849047 1.0082608811944420157
1.0337535604661842736 1.0295941617844752702 1.0297033967421944656 1.0331302978425405126 1.0377858195071876235 1.0476677874987385675 1.0463990014970643294 1.063574115942959919 1.0786780978629308958 1.1067783634882135679 1.1180940822385716515 1.12795823551462715 1.1402658315230558284 1.1310479079160282723 1.1260373227668245555 1.1052967501621995261 1.0852411554590848386 1.0511460780250694302 1.0273467692672508811 0.97333801849278034357 0.94589162050770769774 0.95137508093988809588 0.93790978608830499752 0.88825082605255578638 0.84896203649333534802 0.80545882234597698801 0.76880672497168855983 0.74372862975372466821 0.76423021138555358167 0.7773196534029893634 0.80339132518467759603 0.81781005852874444351 0.83853558579991127608 0.8534021438460442921 0.86405114561294804609 0.86681475017065778843 0.89219373712064176107 0.93062098623859657032 0.96098733461104002274 0.97482990563355909064 0.96401031538528225706 0.97741237674713776773 0.96905409944700338087 0.98299396898986979298 0.98726855309803729366
0.96186352730123203525 0.97191869964510924085 0.97463396335578944552 0.96466372944354716878 0.97815992198399848156 0.98367866656265112724 1.0045141719834189686 1.0238012055558713964 1.0381452510078383877 1.0468712480253907771 1.0489999543170787089 1.0515180983535816761 1.0489297932658125934 1.0395960405286566175 1.0284854624034731607 1.0216483637097615311 1.0025464582914027645 0.98125865898512676377 0.95401376810734717093 0.93629505346047348091 0.91281719956399165472 0.87593594204619584787 0.83339553462342053081 0.78823178819489048141 0.74599494932374321721 0.70793643720123811125 0.70244894418354297816 0.70048275640617496673 0.71396948920685443518 0.72593985271129701786 0.73732729841228639156 0.76412932073081141215 0.79104927289397386492 0.80354646994070533239 0.81647500132664030392 0.82604548249458675802 0.82022071577479960247 0.8213056153215883004 0.849910562291672389 0.86341861219058813059 0.86168391429205015708 0.87376941191849022417 0.8975451908173632809 0.9032694731724846271 0.89819476918631147022
0.91933190141107157256 0.90935611090397661105 0.90735918720824892958 0.92078745848796017537 0.93339068105998990177 0.94872798206152619827 0.96623894992730896547 0.97851629200989453938 0.98598761843476356859 0.99534911329224129428 0.99908088146208884339 0.99862755252323842647 0.99097311533505538783 0.97038898187478639379 0.95562924371436119841 0.94721235891481148084 0.9265346177435179742 0.89439707286696568111 0.85260729579433958136 0.81434016819495325112 0.78188424564892955448 0.75221508228121369832 0.73551862351018004738 0.75200399049870458867 0.71273866678551844878 0.67129390511048969703 0.66465438789263009411 0.6693471254987634067 0.67446743812212139879 0.67784624364166568 0.6813553795293061377 0.68662836630878343325 0.7074875894922240116 0.72091341323153157461 0.72461290648300524797 0.74780894589656077276 0.7481934365537643572 0.75052775192962295492 0.771478136328293429 0.77043925996073103768 0.7534153391037206049 0.74579408888361142793 0.73067216175572780035 0.71619399995076904464 0.73985873933645796008
0.88340253189784512244 0.88512474003313001969 0.89004907911017039357 0.8942309164482824535 0.90049288639422153668 0.89876032470481770353 0.902065623260556948 0.92005485201562231534 0.93441969676836300618 0.94622105162245162546 0.94655066084242245328 0.94053403859563133871 0.93574394544402184071 0.92345220346285428192 0.8974230622932486412 0.87501492352691312426 0.85189692870173905348 0.82504577328610684273 0.79224086209404676051 0.74823167919807298532 0.72344051578447632345 0.69492768586010633669 0.6665397892136717406 0.62724161835120773034 0.60120542398192278188 0.58972360685510416545 0.58401228091962276157 0.60357394728506785775 0.61013205453887542351 0.62620990652751151728 0.63720982531816017236 0.66153244859070248207 0.65497945606847396416 0.67095081815844348494 0.6769098449945978313 0.68540076254243209597 0.68995324025977300408 0.69537537158747264598 0.68937299381417427302 0.67640962813595129077 0.67997856464397177234 0.66006719534895852419 0.66425774053095798521 0.66573037790142386427 0.64688716736145301933
0.87980870663160259948 0.87047840769031858965 0.86332887225225041217 0.85843622300691913019 0.85609734086949529352 0.85498549252218924988 0.86943364499150577185 0.88440412814645230632 0.88965199239010550603 0.88726183890983967295 0.8834469905317213767 0.8615806828501437753 0.83196664934587571949 0.83112397495617396093 0.83163615414578373475 0.80547695496590787645 0.75895711513223840239 0.72982504435375983309 0.69144136350340723585 0.65456272451027963655 0.64408660847852083897 0.62789558705995718313 0.62820418108891840081 0.61731487264250162195 0.62371939967105782809 0.60217388564418927732 0.62490988838844307995 0.62192456591405032018 0.63040233184413785317 0.63458668949950036708 0.627513439242877058 0.62937769660476339251 0.62302282291273236581 0.61814885987196299677 0.60992846902612563031 0.62836963802942280566 0.63110917289539336661 0.63456533646384560843 0.62687039067632099876 0.62608228320418513047 0.6371160988158717231 0.63768283608846521027 0.65783466544802093878 0.65555656741481738159 0.63734996123535714307
0.7916176747873370223 0.81529272909150929394 0.82098001463738001782 0.80795572508144852808 0.81158244953352809414 0.83551895857288493996 0.83048527288089213361 0.81986426334389228554 0.83696198937408428087 0.82834486770473214623 0.81540096319458454932 0.79931804795310978928 0.7781453432423864891 0.74921085171755785748 0.71674192714012052718 0.70273473439378353333 0.67738624492823207301 0.66041537709842512704 0.64842114701380271224 0.63569830546575356589 0.60677702171689762434 0.58372103556747789721 0.5737956876096124148 0.58857806808115598063 0.59702077913843165646 0.61977054218208871283 0.63819219437481566892 0.6424440304866886331 0.6434011946914068858 0.66041467476993698238 0.63595958505478766831 0.64668667018184267103 0.63370802242384516312 0.62755659283671838544 0.64038280867681207642 0.63713236533938588657 0.64664068039931799081 0.64198636950997767237 0.6401384072645350809 0.655997671855245712 0.65793873932362922918 0.66839040047192965766 0.67871457111303779008 0.67656765470873203583 0.66466742639172660123
0.79860591537127745276 0.78625621191983163794 0.79143333374245516953 0.78095204692967923332 0.77843306244174126363 0.77542379154389162732 0.76689890369014357407 0.77349773520699383056 0.76478263709119431724 0.75390589386042883291 0.75184300788131164239 0.72310323774435047994 0.71377024156233659369 0.69416017221191639308 0.68746235226821950093 0.64874817590566336012 0.61478115435854641113 0.58103080430610798413 0.57376629820793390024 0.56560208951116630605 0.56745640809892550216 0.55313809501933353108 0.57696367346066979032 0.59503621115059923685 0.61017580124981363188 0.60829647515495266497 0.61318344598681562285 0.60659072034404049045 0.60192463395427742157 0.60950527307635027352 0.62858082335567733168 0.63411425883688921079 0.63233341637789663991 0.6425055918999269533 0.64650255056455840919 0.67764707707690330363 0.67522709408485614979 0.68034821863177730172 0.67599929170387240696 0.68395537239531833951 0.66942718062242134724 0.68083550437264150901 0.67479812073824474439 0.68255017392825378941 0.67471996120858412915
0.72786312976738976044 0.70358988037599778931 0.71247601306605301552 0.7069635224933745743 0.70585715592527975559 0.70552066001786062355 0.70536923504695470122 0.69289760360821206486 0.68988079612615060832 0.67127545889772310961 0.66794655640440647737 0.65078516535400154908 0.62453660201587124501 0.63058141078012874825 0.62584526691021613587 0.61538327248850188678 0.60477012345313396757 0.56919547442620532784 0.56095236151923666412 0.54071841222426719753 0.53990770533502197015 0.53566167374921935806 0.54094565327307841951 0.53439405636127412791 0.53992968233560312274 0.54949086695591953244 0.56040910252996822827 0.57452888998578055535 0.59052285312256402872 0.60962617923735473724 0.63030768772110368214 0.6444345951048833232 0.68378858470344960896 0.68905666732482295789 0.67150806941304519437 0.66806302754637858499 0.6614149602833776509 0.65829766588856519771 0.67032283231962352943 0.65713992012685074062 0.67380361573439684353 0.70125055715619089014 0.70210627295156213812 0.72386449870145819219 0.71560577059674146394
0.71809192798027121629 0.67305630149209205726 0.67483128043784001981 0.68681054112437223136 0.66720953331075805171 0.66082022356684555486 0.66222631791250863298 0.64044185826798583072 0.61718041500769071916 0.59692407806964276062 0.58818169038404899407 0.57918775802626409899 0.56523838410758464601 0.55499749400059372739 0.54406747266598975976 0.54463221068351963527 0.51922294775180566351 0.51501872620741706577 0.51132871556020942361 0.52485008408103450694 0.54338454473716979454 0.55006996123214924044 0.5421850780425782057 0.57627863083516339682 0.59298348781467058455 0.59622722357759849743 0.59384212926148716161 0.58481527534960986436 0.5721126078301632667 0.5565457876254917835 0.57141899041465604725 0.58874787560933228292 0.61650307383501912195 0.63192574478490093348 0.64838100498302919661 0.6496001955612350498 0.64483438097901424335 0.65750946996092773933 0.66641085064209060196 0.66908923720276181069 0.67347353984947500027 0.6897284152573401883 0.70109866765893691376 0.6986608731065980793 0.69848902083411301689
0.61264663199404945093 0.59221539484075824689 0.58293810818063240831 0.58221643561204883266 0.58680522135529256111 0.58790508348832992702 0.58387995794390046278 0.578863796704632394 0.5737885036119257931 0.56854247173028982232 0.57572176611160952309 0.56665363076650088203 0.54837787426516615419 0.54220455626580710273 0.52566066892914520281 0.51221643196385713281 0.50968287938000755855 0.48886546130677072108 0.48451793898191719556 0.47750831820353301094 0.47012948125336007088 0.47883425040782012783 0.49762736434053722601 0.50419531004018436349 0.52259602792410320138 0.54886398051201223947 0.5640929901574728289 0.57974719221776516154 0.59927523694717577118 0.61369639091022221145 0.63171187095210423745 0.63810995073218645945 0.6464624289461935458 0.67110883865144788096 0.68653990758587579712 0.68585758434676402651 0.66965382322129163306 0.6712053596710542136 0.66559243766157505373 0.66869238827748511689 0.66947933153462246825 0.69079724441739387419 0.68801175461925190291 0.69102165365568812838 0.68844982073343818918
