benchmarks/avaPyramidNullTest/release1PY_null_ref_0.15500_pfd.asc
ncols         793
nrows         793
xllcenter     0
yllcenter     0
cellsize      5
NODATA_value  -9999
[rows 352 to 383 of 793, columns 592 to 665 of 793]
0.176906 0.180269 0.176438 0.175525 0.179132 0.177937 0.174169 0.177691 0.179452 0.175648 0.176274 0.179901 0.17712 0.174878 0.178472 0.178634 0.174852 0.177035 0.180135 0.176308 0.175648 0.179257 0.177804 0.174233 0.177819 0.179302 0.175465 0.176485 0.180152 0.176835 0.117898 0 0 0 0 0 0 0 0 0 0 0 0 0 0 0 0 0 0 0 0 0 0 0 0 0 0 0 0 0 0 0 0 0 0 0 0 0 0 0 0 0 0 0
0.174109 0.170184 0.17368 0.173228 0.170486 0.174603 0.172357 0.171408 0.175402 0.171514 0.171772 0.171206 0.182396 0.199386 0.214908 0.230757 0.243178 0.260684 0.257422 0.250753 0.249273 0.227247 0.212232 0.202372 0.194678 0.187203 0.18199 0.172247 0.108746 0.0544661 0.062335 0.0676825 0.0708757 0.0750269 0.0751674 0.0774074 0.076181 0.0780294 0.0788532 0.0793821 0.0752589 0 0 0 0 0 0 0 0 0 0 0 0 0 0 0 0 0 0 0 0 0 0 0 0 0 0 0 0 0 0 0 0 0
0.229196 0.22655 0.214656 0.200972 0.196288 0.199102 0.202488 0.20736 0.204832 0.210751 0.209132 0.216828 0.221784 0.224076 0.224016 0.221857 0.229547 0.229912 0.244235 0.261688 0.277321 0.286491 0.295289 0.291521 0.284621 0.281608 0.273441 0.261021 0.251452 0.244482 0.235656 0.23059 0.224398 0.216829 0.2102 0.1968 0.17426 0.177302 0.174111 0.173473 0.174633 0.174964 0.175032 0.175143 0.176199 0.177235 0.173525 0.175444 0.178188 0.176806 0.129856 0.0656334 0.0652963 0.0660026 0.0321077 0 0 0 0 0 0 0 0 0 0 0 0 0 0 0 0 0 0 0
0.254286 0.244241 0.231588 0.226611 0.217239 0.219679 0.219873 0.240783 0.243543 0.249703 0.253163 0.252734 0.249285 0.253786 0.252892 0.256628 0.260507 0.255368 0.255455 0.242784 0.230928 0.227679 0.225289 0.217255 0.231211 0.221905 0.214567 0.214021 0.210807 0.209928 0.212289 0.219062 0.221151 0.232378 0.247068 0.255758 0.27292 0.27813 0.272562 0.272269 0.265903 0.267052 0.267233 0.263103 0.252711 0.243825 0.193432 0.191294 0.189222 0.187832 0.189775 0.191745 0.193777 0.193383 0.191246 0.189175 0.187876 0.189819 0.19179 0.193824 0.193333 0.191198 0.189128 0.18792 0.189863 0.191836 0.179936 0.0966943 0.0981466 0.0963798 0.0948095 0.096431 0.0980485 0.0973006
0.250825 0.253488 0.248488 0.248228 0.244406 0.244724 0.241363 0.246081 0.25105 0.256723 0.26529 0.273071 0.275058 0.275873 0.264285 0.25043 0.235732 0.248429 0.259698 0.262414 0.258257 0.258483 0.260123 0.259468 0.255412 0.250938 0.24887 0.251798 0.255131 0.258737 0.262003 0.258939 0.251299 0.24577 0.236891 0.239665 0.243023 0.245899 0.247937 0.251821 0.252815 0.244758 0.237728 0.234886 0.236712 0.238334 0.243545 0.24465 0.249214 0.249853 0.248897 0.251114 0.245452 0.251628 0.249117 0.244363 0.249233 0.251789 0.246673 0.24478 0.24914 0.248464 0.246679 0.243666 0.24724 0.245528 0.243905 0.242335 0.24474 0.243191 0.241701 0.240237 0.241747 0.241646
0.33119 0.333131 0.332993 0.308202 0.289473 0.275825 0.290055 0.295931 0.297083 0.306849 0.314448 0.322586 0.332074 0.337328 0.339374 0.337786 0.332176 0.324101 0.313273 0.308809 0.29622 0.288607 0.287307 0.284109 0.279878 0.273944 0.267223 0.260396 0.253223 0.249832 0.252102 0.264902 0.278915 0.285888 0.279019 0.270101 0.264381 0.259119 0.255726 0.241536 0.242591 0.232451 0.22706 0.208399 0.218898 0.229803 0.242285 0.247045 0.24959 0.245518 0.242454 0.243054 0.244857 0.244028 0.239 0.239612 0.24823 0.24577 0.240127 0.23652 0.234244 0.225058 0.246636 0.25864 0.268676 0.268863 0.271649 0.270768 0.269002 0.26189 0.25523 0.245735 0.232918 0.226363
0.273367 0.258865 0.258213 0.255592 0.264641 0.280294 0.291454 0.282455 0.276416 0.292038 0.304122 0.313247 0.312295 0.314437 0.316544 0.314091 0.320438 0.324812 0.35188 0.365377 0.366228 0.355613 0.349562 0.340711 0.327623 0.314206 0.298579 0.284411 0.280939 0.279211 0.276199 0.272479 0.286573 0.295545 0.292999 0.28385 0.27126 0.256824 0.245679 0.240963 0.258953 0.28308 0.307837 0.322854 0.3274 0.335821 0.331922 0.327499 0.31532 0.300377 0.295047 0.289116 0.278141 0.266905 0.262038 0.263994 0.265319 0.250833 0.25471 0.238007 0.239869 0.234259 0.240437 0.250804 0.251054 0.248956 0.260861 0.264766 0.265766 0.264209 0.263703 0.25834 0.255788 0.27537
0.335295 0.337285 0.341641 0.339161 0.336239 0.33273 0.337567 0.345415 0.348061 0.343263 0.34235 0.346405 0.34317 0.346337 0.347133 0.338073 0.323137 0.319072 0.31568 0.314239 0.318331 0.324561 0.328729 0.327353 0.327587 0.328387 0.316803 0.312965 0.305967 0.299657 0.292531 0.283712 0.278208 0.269625 0.271694 0.271918 0.266973 0.265574 0.257512 0.257562 0.260118 0.266397 0.277423 0.28157 0.293022 0.29788 0.296435 0.310519 0.328508 0.339556 0.340008 0.353906 0.3473 0.350678 0.350234 0.343831 0.336415 0.3259 0.318481 0.30517 0.300576 0.296887 0.302454 0.313175 0.32251 0.332486 0.342843 0.353938 0.361725 0.369522 0.374174 0.376154 0.378828 0.378463
0.277139 0.264827 0.251165 0.247509 0.251834 0.264876 0.265108 0.26657 0.272752 0.270297 0.261299 0.267319 0.29226 0.305914 0.321624 0.323494 0.32352 0.326971 0.322438 0.312645 0.313332 0.323979 0.330062 0.325448 0.328082 0.332967 0.329033 0.329992 0.331232 0.325759 0.327666 0.327472 0.320384 0.327374 0.326649 0.333454 0.34228 0.327608 0.327594 0.307314 0.293703 0.300361 0.310338 0.314368 0.317016 0.312707 0.305504 0.301663 0.296391 0.29998 0.306457 0.31667 0.324437 0.331086 0.333059 0.327872 0.321119 0.314378 0.320873 0.323212 0.315398 0.311758 0.303297 0.310013 0.318696 0.325502 0.342427 0.347174 0.350255 0.353218 0.362202 0.378173 0.399153 0.412106
0.289859 0.291156 0.304378 0.322507 0.326132 0.322576 0.307856 0.30497 0.316588 0.3238 0.320077 0.317753 0.319498 0.322315 0.317526 0.309045 0.31346 0.304931 0.302953 0.296155 0.297662 0.306097 0.320744 0.337291 0.328835 0.330265 0.342156 0.345286 0.35941 0.367998 0.366148 0.366292 0.349742 0.33191 0.318267 0.298643 0.296624 0.307386 0.317903 0.325118 0.331275 0.333934 0.33004 0.32223 0.309629 0.298185 0.29241 0.28905 0.285957 0.280812 0.289419 0.295428 0.287634 0.269465 0.262482 0.244203 0.246495 0.256756 0.262335 0.278896 0.296116 0.301696 0.302179 0.302762 0.316386 0.327448 0.336161 0.33278 0.324819 0.321719 0.316734 0.308634 0.307497 0.309462
0.33219 0.333815 0.33695 0.334456 0.334492 0.339361 0.351154 0.348679 0.356169 0.373254 0.379434 0.385506 0.388915 0.388608 0.381985 0.377811 0.367382 0.363274 0.36367 0.362423 0.365433 0.375525 0.371886 0.360093 0.352868 0.34832 0.34054 0.326465 0.30672 0.304226 0.308031 0.311218 0.306795 0.305038 0.302306 0.308113 0.309894 0.306356 0.303837 0.301961 0.296416 0.290653 0.304382 0.314042 0.324297 0.332317 0.329759 0.330281 0.329249 0.344379 0.353298 0.346278 0.340233 0.333676 0.318914 0.30919 0.320585 0.325656 0.321064 0.316715 0.309033 0.290112 0.268164 0.264873 0.262346 0.270957 0.271178 0.271061 0.281012 0.291998 0.299544 0.303802 0.304955 0.302749
0.355012 0.371199 0.383512 0.395522 0.396982 0.402112 0.402846 0.395367 0.394038 0.391987 0.404356 0.408293 0.414202 0.417784 0.414259 0.403212 0.388335 0.379537 0.36503 0.347971 0.332841 0.317713 0.307898 0.309358 0.31396 0.335075 0.347304 0.341563 0.353908 0.379017 0.409163 0.433078 0.446127 0.444978 0.457243 0.444115 0.429777 0.418539 0.383961 0.375626 0.363737 0.360384 0.38387 0.392175 0.390485 0.383824 0.373578 0.364776 0.350606 0.344472 0.330895 0.31628 0.30147 0.305754 0.309663 0.311995 0.318181 0.327935 0.333822 0.356546 0.366933 0.368137 0.36186 0.351757 0.336516 0.328227 0.328742 0.32879 0.324824 0.324745 0.33101 0.337651 0.343902 0.339036
0.389374 0.393682 0.394804 0.383662 0.368271 0.353731 0.344379 0.334194 0.346692 0.347575 0.352329 0.340281 0.333681 0.342758 0.344628 0.339825 0.362412 0.388574 0.412369 0.425909 0.428374 0.426371 0.422891 0.416559 0.410086 0.402797 0.398375 0.389497 0.376137 0.371475 0.359752 0.350477 0.338193 0.34324 0.350999 0.341682 0.317264 0.302066 0.300382 0.302078 0.295811 0.318434 0.331065 0.340465 0.337028 0.330964 0.347867 0.363371 0.379046 0.389237 0.393268 0.395073 0.386247 0.373725 0.368617 0.358002 0.356058 0.339879 0.324495 0.32105 0.33108 0.353946 0.374662 0.366068 0.367127 0.36685 0.35662 0.358132 0.358963 0.351744 0.327533 0.312664 0.307377 0.329755
0.313661 0.314038 0.330637 0.348197 0.337934 0.336741 0.34923 0.361261 0.355844 0.347015 0.342096 0.340183 0.333668 0.322437 0.344085 0.3614 0.370842 0.384581 0.382987 0.376667 0.37981 0.381795 0.376286 0.371908 0.373656 0.370394 0.375205 0.3736 0.366253 0.355745 0.359545 0.355358 0.355146 0.353441 0.359687 0.362965 0.361096 0.371227 0.386109 0.390887 0.396818 0.399262 0.402527 0.410164 0.415237 0.4131 0.412009 0.413064 0.406446 0.391768 0.385116 0.384443 0.381623 0.378432 0.374796 0.369315 0.374679 0.385592 0.387479 0.39491 0.391411 0.384853 0.370507 0.37333 0.377374 0.383243 0.381196 0.402678 0.398846 0.389533 0.386744 0.378894 0.368552 0.372513
0.385924 0.391302 0.387807 0.381284 0.378222 0.391995 0.403277 0.41481 0.412613 0.410973 0.406923 0.397199 0.401411 0.402101 0.398229 0.38679 0.402302 0.402269 0.395298 0.382013 0.364064 0.367916 0.385887 0.384257 0.384793 0.386559 0.392721 0.377569 0.386273 0.391297 0.391446 0.389277 0.388177 0.386053 0.398082 0.400017 0.404424 0.404543 0.42222 0.429352 0.424045 0.415093 0.407937 0.408847 0.404129 0.398604 0.398701 0.392836 0.401505 0.415439 0.429071 0.439715 0.457072 0.462271 0.4725 0.46896 0.447984 0.442574 0.442038 0.438284 0.428072 0.430555 0.437227 0.419002 0.414648 0.422242 0.417245 0.413409 0.411361 0.403423 0.408897 0.435016 0.439375 0.442484
0.433886 0.417729 0.412306 0.409165 0.398845 0.396267 0.389298 0.38083 0.385326 0.388021 0.385668 0.381282 0.373231 0.369681 0.366607 0.368435 0.387762 0.395802 0.385704 0.377383 0.385661 0.407985 0.39531 0.385131 0.40876 0.417296 0.423981 0.431077 0.447847 0.463777 0.470862 0.479996 0.481449 0.484756 0.48269 0.484711 0.487989 0.485693 0.475984 0.455359 0.44517 0.457584 0.456203 0.437475 0.444451 0.442232 0.458752 0.460518 0.460619 0.45666 0.47059 0.469958 0.467419 0.442657 0.439498 0.448652 0.430978 0.440033 0.447494 0.453048 0.440618 0.416905 0.392645 0.373111 0.36474 0.349766 0.348408 0.363948 0.363576 0.3655 0.352158 0.349009 0.353096 0.362313
0.410087 0.427881 0.432964 0.431082 0.421608 0.409269 0.399642 0.387348 0.391418 0.398827 0.401203 0.403765 0.421654 0.454293 0.462504 0.487609 0.499336 0.520447 0.529901 0.5147 0.484699 0.46036 0.416018 0.411268 0.397659 0.42017 0.433805 0.435893 0.432194 0.44233 0.455962 0.453427 0.458937 0.452703 0.438593 0.434967 0.457143 0.470496 0.484753 0.486929 0.482102 0.455704 0.432806 0.399956 0.402902 0.405128 0.408165 0.40505 0.403344 0.393019 0.374689 0.357181 0.354003 0.353897 0.370708 0.384408 0.393382 0.395344 0.394688 0.395194 0.382363 0.365934 0.384875 0.395365 0.394605 0.387047 0.376368 0.364632 0.349016 0.339287 0.367203 0.367858 0.389634 0.399038
0.44011 0.422485 0.419101 0.429406 0.417547 0.425054 0.427492 0.439483 0.443316 0.431448 0.410011 0.415759 0.428508 0.458726 0.475015 0.472998 0.489371 0.506882 0.513901 0.522329 0.516965 0.514884 0.513549 0.515564 0.503789 0.504629 0.517599 0.511717 0.489225 0.464828 0.450906 0.434817 0.433595 0.449276 0.472102 0.478687 0.473413 0.456179 0.424115 0.424112 0.423576 0.42267 0.439396 0.456121 0.453417 0.446791 0.43911 0.425485 0.406823 0.388593 0.384616 0.388292 0.394334 0.403516 0.413192 0.419724 0.413924 0.418735 0.399058 0.395125 0.387785 0.38087 0.36997 0.409493 0.447011 0.454428 0.460758 0.450266 0.436865 0.422605 0.410176 0.423149 0.428931 0.432789
0.55721 0.549577 0.558906 0.539798 0.534859 0.55186 0.552781 0.545745 0.524866 0.518499 0.536266 0.546018 0.545162 0.515941 0.510982 0.472955 0.47041 0.476285 0.464976 0.46713 0.460178 0.467718 0.507526 0.528769 0.532256 0.518562 0.49033 0.492704 0.498624 0.484503 0.50168 0.496952 0.486217 0.500097 0.507903 0.519005 0.524438 0.543489 0.546786 0.537197 0.542569 0.525089 0.502343 0.483844 0.470594 0.455281 0.437682 0.404481 0.405421 0.409296 0.413156 0.40708 0.409196 0.428963 0.43211 0.456596 0.472979 0.486958 0.496405 0.498072 0.496616 0.495065 0.48472 0.483121 0.484235 0.469294 0.456793 0.463073 0.453985 0.455577 0.457646 0.449707 0.44627 0.437094
0.649144 0.6502 0.637851 0.618192 0.606868 0.603162 0.600149 0.582924 0.565175 0.57362 0.563414 0.548715 0.558865 0.570494 0.570679 0.593222 0.589921 0.572056 0.565944 0.559916 0.556516 0.554928 0.552186 0.562054 0.571324 0.589276 0.591865 0.579595 0.562789 0.558351 0.550802 0.557685 0.573002 0.587008 0.577419 0.571451 0.577884 0.577318 0.587289 0.583974 0.590438 0.598532 0.595284 0.588876 0.590848 0.608449 0.61585 0.615897 0.611466 0.608717 0.59341 0.586623 0.577852 0.558972 0.529619 0.490986 0.465375 0.468603 0.463064 0.441488 0.436014 0.446369 0.44651 0.449353 0.449811 0.455979 0.444015 0.43563 0.445074 0.442838 0.438982 0.444933 0.465372 0.485519
0.63834 0.636246 0.641288 0.642522 0.638554 0.627063 0.638266 0.645822 0.649729 0.646036 0.650557 0.649187 0.641619 0.64468 0.651178 0.652799 0.637707 0.608655 0.60948 0.602248 0.594098 0.60772 0.609849 0.598808 0.60569 0.61549 0.612754 0.614367 0.615715 0.619665 0.640465 0.660631 0.676523 0.684861 0.679467 0.684167 0.697736 0.703431 0.701451 0.685177 0.662918 0.648135 0.642108 0.630104 0.629679 0.623468 0.604144 0.59876 0.597873 0.630053 0.656637 0.680368 0.695365 0.690515 0.685633 0.675654 0.666101 0.649248 0.632093 0.616847 0.59733 0.575329 0.550462 0.529057 0.547532 0.547629 0.586863 0.601149 0.585301 0.575982 0.551752 0.532255 0.525501 0.527837
0.584965 0.604058 0.6091 0.61771 0.621696 0.614159 0.60065 0.58524 0.579674 0.588319 0.587648 0.582597 0.584024 0.584395 0.587357 0.57565 0.592497 0.594082 0.597649 0.598029 0.617605 0.641834 0.646462 0.640097 0.64636 0.631031 0.639925 0.638015 0.639991 0.6375 0.658022 0.664296 0.6605 0.659294 0.64798 0.628962 0.590308 0.570474 0.583606 0.591909 0.588796 0.575913 0.586244 0.588736 0.594483 0.599651 0.613224 0.629109 0.634166 0.638922 0.649139 0.651865 0.650503 0.663926 0.667401 0.642562 0.640472 0.623798 0.607196 0.613316 0.607473 0.598809 0.635224 0.65961 0.678831 0.679096 0.693114 0.706802 0.703547 0.702309 0.69414 0.679004 0.665619 0.642222
0.694145 0.679213 0.666827 0.65163 0.621864 0.617599 0.612109 0.600541 0.582265 0.553288 0.507331 0.507344 0.527974 0.541988 0.561787 0.56121 0.554679 0.546787 0.556303 0.563215 0.5562 0.558899 0.567779 0.569125 0.554956 0.551161 0.563142 0.559116 0.568086 0.566615 0.582114 0.589999 0.588504 0.578355 0.572777 0.576854 0.568552 0.561973 0.560614 0.559128 0.563884 0.558733 0.578359 0.585196 0.575564 0.580844 0.584948 0.594336 0.598607 0.617026 0.642827 0.660292 0.66258 0.65223 0.639804 0.65675 0.657518 0.65006 0.656756 0.665033 0.673261 0.671559 0.665478 0.664155 0.656533 0.655037 0.646561 0.630789 0.612952 0.597755 0.58551 0.585543 0.58714 0.578956
0.847118 0.858639 0.863455 0.867972 0.863563 0.831913 0.816013 0.800727 0.779982 0.752686 0.720819 0.705199 0.688358 0.662566 0.625204 0.584379 0.568128 0.537592 0.503021 0.507344 0.504864 0.499405 0.480763 0.495884 0.487537 0.482952 0.491604 0.49839 0.506557 0.508879 0.536182 0.561157 0.593736 0.620271 0.648687 0.663684 0.656421 0.668396 0.647682 0.662095 0.622169 0.625753 0.589026 0.577631 0.572668 0.574813 0.58187 0.601332 0.627066 0.656556 0.67211 0.692284 0.696764 0.671701 0.641255 0.630476 0.630473 0.632767 0.658673 0.667573 0.670156 0.676044 0.688015 0.684479 0.668116 0.681516 0.665938 0.65224 0.63496 0.623334 0.653717 0.659172 0.670268 0.669688
0.809508 0.817082 0.822368 0.832989 0.853468 0.864533 0.868785 0.889271 0.903105 0.899053 0.89092 0.894489 0.888376 0.87697 0.879358 0.867921 0.849859 0.82997 0.808355 0.776989 0.733027 0.696987 0.667558 0.638865 0.654181 0.655037 0.65193 0.670015 0.685847 0.698919 0.702502 0.711074 0.716513 0.716649 0.730083 0.745897 0.754902 0.759436 0.76385 0.759234 0.765107 0.771786 0.791105 0.779359 0.79345 0.783305 0.762492 0.773671 0.756128 0.773499 0.762259 0.779399 0.760478 0.757572 0.755083 0.756558 0.783069 0.780357 0.793228 0.798274 0.784612 0.770891 0.760211 0.747189 0.742656 0.751521 0.774136 0.786454 0.808356 0.813004 0.825743 0.81906 0.813668 0.832821
0.795318 0.79827 0.792633 0.801111 0.793592 0.803839 0.819519 0.825145 0.843941 0.858583 0.868195 0.892259 0.926619 0.939082 0.936378 0.953495 0.959456 0.958862 0.951742 0.95152 0.94121 0.91153 0.881137 0.853411 0.825616 0.805076 0.794037 0.783526 0.788265 0.809904 0.811397 0.808916 0.820326 0.832757 0.853181 0.873359 0.885065 0.879137 0.865464 0.861278 0.854212 0.844388 0.856986 0.86258 0.855227 0.866207 0.879318 0.893062 0.894168 0.903953 0.893809 0.896908 0.902472 0.902691 0.923547 0.945684 0.957461 0.966551 0.943038 0.927178 0.923307 0.905023 0.907309 0.906573 0.881543 0.887644 0.884242 0.890011 0.891102 0.885391 0.889854 0.878051 0.863988 0.856921
0.853934 0.844079 0.839884 0.834017 0.824816 0.807741 0.798026 0.787206 0.792198 0.789988 0.789259 0.789182 0.798471 0.796195 0.806209 0.817874 0.827 0.830556 0.847875 0.852784 0.85057 0.868544 0.876739 0.881162 0.883429 0.904756 0.900251 0.881138 0.874539 0.874911 0.859402 0.836989 0.842184 0.852435 0.853843 0.862117 0.860002 0.853206 0.856809 0.856968 0.871017 0.851521 0.8461 0.837552 0.823689 0.819736 0.82026 0.805694 0.808924 0.807535 0.81101 0.792216 0.777727 0.761654 0.745765 0.74669 0.75656 0.783078 0.786738 0.795902 0.818165 0.802535 0.802822 0.806803 0.788524 0.806749 0.798943 0.811089 0.803538 0.803971 0.80309 0.807854 0.803764 0.808758
0.932006 0.939818 0.944744 0.947275 0.95916 0.959509 0.944196 0.918297 0.899893 0.878103 0.860596 0.867351 0.858795 0.862151 0.860208 0.867956 0.879129 0.886346 0.91145 0.919703 0.91135 0.915498 0.915013 0.907404 0.928395 0.941985 0.958051 0.950165 0.950906 0.96591 0.961276 0.97102 0.967551 0.955447 0.955916 0.959718 0.932366 0.904332 0.878616 0.843943 0.814749 0.807303 0.815023 0.819623 0.792255 0.810515 0.803876 0.811808 0.794753 0.794775 0.799467 0.77946 0.792853 0.809558 0.833304 0.840939 0.853486 0.84203 0.827935 0.814983 0.811135 0.790864 0.770185 0.746907 0.744187 0.741589 0.758491 0.732782 0.730787 0.712507 0.688326 0.658424 0.621702 0.582201
1.04387 1.02761 1.01748 1.02329 1.02515 1.01449 1.00738 0.995747 0.98804 0.979353 0.958881 0.954855 0.972144 0.975004 0.972964 0.979024 0.979692 0.96958 0.965354 0.963951 0.962624 0.975306 0.976132 0.963336 0.930924 0.897409 0.872588 0.864173 0.896039 0.89667 0.900191 0.930475 0.944755 0.939124 0.946804 0.934361 0.934698 0.928342 0.925166 0.913558 0.885104 0.875946 0.852671 0.840322 0.819032 0.788901 0.780418 0.74653 0.696994 0.656095 0.620407 0.603791 0.609522 0.605975 0.609614 0.623619 0.64176 0.626931 0.599856 0.56467 0.557231 0.58338 0.607722 0.639822 0.64064 0.610546 0.568876 0.55626 0.570359 0.571262 0.558087 0.53162 0.509659 0.507735
1.10986 1.09696 1.08858 1.10543 1.11372 1.11622 1.09848 1.1011 1.09978 1.09918 1.08894 1.07915 1.10098 1.09668 1.08019 1.08463 1.07274 1.06645 1.0696 1.05221 1.04813 1.05806 1.08744 1.10606 1.09228 1.054 1.03424 1.01696 1.04033 1.03569 1.03059 1.01952 1.00995 1.00531 0.992362 0.958696 0.9482 0.940704 0.94372 0.942823 0.925356 0.904328 0.899651 0.895018 0.882993 0.8741 0.879683 0.897357 0.891696 0.885692 0.878706 0.875779 0.899472 0.911693 0.906465 0.884363 0.882563 0.853502 0.843584 0.819942 0.815684 0.805221 0.788194 0.788454 0.793885 0.773695 0.755009 0.740034 0.744336 0.741656 0.714625 0.692142 0.694937 0.720842
1.02599 1.03866 1.03997 1.05924 1.06761 1.07829 1.09833 1.09063 1.10015 1.10117 1.10239 1.10724 1.10299 1.10822 1.11096 1.09705 1.10346 1.10671 1.10773 1.1245 1.12148 1.13752 1.12781 1.14433 1.15325 1.13911 1.14099 1.10683 1.1033 1.10614 1.08123 1.07768 1.05912 1.06962 1.06647 1.08018 1.07692 1.08068 1.08188 1.09452 1.10228 1.11962 1.12882 1.12416 1.13413 1.14472 1.16005 1.17006 1.16825 1.13143 1.11836 1.08594 1.04096 1.01981 1.00326 1.00667 1.02734 1.03962 1.04871 1.02365 1.0142 1.00947 0.977189 0.962421 0.976529 0.969495 0.946843 0.926041 0.916487 0.932342 0.930585 0.939027 0.931988 0.929039
1.07371 1.08387 1.09502 1.12122 1.12843 1.12921 1.12455 1.12937 1.12802 1.1234 1.13934 1.14172 1.14579 1.12428 1.11385 1.10621 1.12168 1.13077 1.13731 1.14529 1.14385 1.16473 1.18057 1.19802 1.20027 1.21327 1.20162 1.22393 1.22138 1.22389 1.22144 1.23214 1.23103 1.24232 1.23396 1.20924 1.18961 1.20256 1.21597 1.18898 1.19185 1.19107 1.18932 1.16059 1.17807 1.16076 1.18054 1.16555 1.18273 1.16476 1.16451 1.15613 1.15425 1.1566 1.15367 1.1676 1.15428 1.16643 1.14426 1.14804 1.13076 1.13505 1.12777 1.1168 1.12512 1.1311 1.1593 1.14979 1.16178 1.12764 1.13098 1.12232 1.10369 1.0708
