benchmarks/avaPyramidNullTest/release1PY_ad4abf69aa_null_dfa_pfv.asc
ncols 794
nrows 794
xllcenter 0.00
yllcenter 0.00
cellsize 5.00
noDataValue nan
[rows 374 to 395 of 794, columns 300 to 349 of 794]
17.53725919077926 17.9371550425722 18.33301292056762 18.68033838051912 19.03439391687251 19.37233916156902 19.67970615461655 19.95637695174581 20.14645945396623 20.38378768438346 20.65925495629862 20.87849521408814 21.10772003906163 21.32674913853649 21.28804056568811 21.46220867635988 21.64375841956972 21.98492569480377 21.82137185216449 21.94143870125764 22.03774823020358 22.08179850859033 22.13436686192343 22.17911370848495 22.1880427168924 22.15453258009256 22.1184069299111 22.0786408705207 22.01465752517664 21.94860762215544 21.86548434706987 21.7773149062356 21.67986364401886 21.57048034538001 21.45446788015036 21.33758305085899 21.22700016760245 21.1185847005267 21.01951517273558 20.91850478685792 20.81063072633964 20.69003883000033 20.5592014417809 20.42362608899092 20.28136603406639 20.13809304181883 19.98137580129623 19.81712835010377 19.63720612766773 19.44486835078829
18.50636768073717 18.90597807751938 19.20177911558978 19.49342256461132 19.77312554470211 20.03987979959712 20.29545639331506 20.54380135241443 20.78929389533657 21.03074522445079 21.24212947118624 21.03797339280944 21.23966946183774 21.45735266486449 21.60470578439813 21.73802357699513 21.89206665449126 22.04060461953409 22.14472419948228 22.22740873747297 22.30227947848382 22.34776500750348 22.36885309417572 22.38304319839906 22.36967800955754 22.34042629860731 22.28381520361755 22.24418648264096 22.19065941391455 22.11819527919967 22.03986527481472 21.95013026217788 21.85231042461778 21.75207552294537 21.64189802309555 21.53190366839041 21.42437369905154 21.31484064541462 21.20479493350246 21.08697228828254 20.96936594625843 20.84849978626188 20.72575480055831 20.59439060103934 20.45828027183206 20.3126952430269 20.1589070167105 19.99882072977242 19.82272085123161 19.63328460208753
19.20489511206565 19.49075777182978 19.7678328010054 20.03381261603504 20.29237457055747 20.54897817650032 20.80582965792968 21.04972961571147 21.26609012931535 21.18808878701568 21.42079159798852 21.71523296723738 21.97794359870823 21.7964293909609 21.96975935222213 22.08072422877218 22.1495885627398 22.2684425101091 22.36761649589289 22.40689142737403 22.45495568356839 22.49890579300178 22.50359409560905 22.48170402853291 22.46687974964224 22.42847556992258 22.38363633670712 22.32762600657277 22.26643959052421 22.19489307541619 22.10042791413322 22.01027330218601 21.90866324397449 21.80762523621745 21.70333840050452 21.59479210352204 21.48480464143369 21.40088699491111 21.30681905028307 21.20925244805949 21.09891579539031 20.98525762822407 20.86681006550585 20.73933420618634 20.61329267341831 20.47362709449755 20.32613711020857 20.17644877965062 20.0149230322912 19.84357717935285
19.57586451707178 20.07432243390014 20.05456695758971 20.28432203473753 20.50828314448537 20.72900370738979 20.95002358996758 21.16868886547215 21.37176339640043 21.52700389241569 21.68709313453154 21.87883274970854 22.03896698690628 22.14818327666798 22.26535877795153 22.39275622620611 22.45203789602711 22.50745705404658 22.5935214856382 22.61459520892764 22.62919918553708 22.65504288715435 22.64540148916538 22.59768962184685 22.56546425208579 22.52787096462964 22.48950570006983 22.42883100991064 22.35111461087222 22.27689484566061 22.19067966817847 22.09098031574366 21.98877011246094 21.88262958941456 21.77036637966099 21.65390219264283 21.55558255188181 21.45840445513237 21.35621969798208 21.25554440173028 21.17468845304627 21.08657432298432 20.98481760168428 20.88025593340173 20.76450384240136 20.6353931116222 20.49010085657079 20.33856737123725 20.18171018499333 20.02481720781934
20.22855540322643 20.46747258644816 20.71780073270552 20.93953900887009 21.14350540529204 21.1361526775414 21.31642459240944 21.49706466712237 21.68639008317566 21.83438800561885 21.93868886437324 22.08734993778513 22.23268358350381 22.31883893567455 22.41510675217198 22.53469035718647 22.58937556838676 22.64172375487752 22.71268686123275 22.72056048092971 22.73608509480858 22.75043563876961 22.72373359324845 22.68208011911983 22.64113564854689 22.58534133383665 22.53035410741837 22.46218631530713 22.3775661558793 22.29255534353699 22.19582483267375 22.08930559740444 21.9811334455658 21.89135017442225 21.80142709407037 21.71720969577801 21.63795641944778 21.56094704033783 21.47436173855543 21.39814474261076 21.32280184352703 21.238556169854 21.14108943393766 21.03523554280094 20.92033130021296 20.78986925496151 20.64723423748393 20.50705939945911 20.35153393199589 20.19568008164626
20.68590222351458 20.75093935835344 20.94643954287875 21.14333518553584 21.35106115884217 21.53543184899366 21.73278476472637 21.77330787492714 21.92375539376799 22.074153010417 22.17181951416037 22.26785075145289 22.39953961676031 22.49871665002555 22.54085983444323 22.64405115459767 22.69420930735091 22.72596011704863 22.78776028825644 22.78780204729619 22.79774660416356 22.80905107222577 22.77387298115044 22.73521159190214 22.69339490191426 22.62783325676396 22.56861591573391 22.50601475656795 22.42759746474203 22.33963122682806 22.25465584728164 22.16146155372155 22.07179415813799 21.99532243973659 21.93814426924788 21.86982788974928 21.79842364755811 21.7190169008524 21.62655845350197 21.52419020307191 21.41557826769269 21.30972057065077 21.21527705979193 21.11216892118918 20.99399379439415 20.86312703967739 20.7406300566228 20.62286868729202 20.49642212612382 20.35171484479953
20.84912866732209 21.07036838275232 21.25586036258149 21.37315499973865 21.53495995223163 21.70031220902781 21.85143642168184 21.97375374355072 22.07982471750149 22.21639185506577 22.33250794854985 22.39170015505999 22.50546321666095 22.60098236523618 22.64113630900192 22.72175406333384 22.78746135266874 22.80595038111734 22.85004753924251 22.87368001248085 22.87015379547736 22.86867367202575 22.85991359526942 22.81190139433125 22.77371099750456 22.72264634080945 22.63425606295223 22.57096623961826 22.48934861864865 22.38926462452305 22.29219856472236 22.18684834958394 22.0732588817315 22.02216524694443 21.96461176350571 21.89957322628202 21.83301191109897 21.75918347069636 21.67846046365053 21.58920490877011 21.49612318950459 21.40217433528082 21.29837470788141 21.18577159588155 21.05422975613094 20.95173364047401 20.85173096913105 20.73892042333111 20.61173320022051 20.46935418362032
20.98759624576636 21.17782479134556 21.36206952048901 21.51434716772317 21.62662707041739 21.75994461597606 21.91645274166543 22.05933496986189 22.13472549754133 22.24446790448882 22.36754656633341 22.45091860336504 22.52404075322866 22.62138029056446 22.68390152035233 22.73890118488773 22.80797068734246 22.83197106517925 22.87726663902422 22.91416621014207 22.90776462748311 22.91681285376057 22.90912941548897 22.87447581742872 22.84044325731124 22.79806441125838 22.71350277145088 22.65120580613106 22.56600670252044 22.47778824590147 22.37039926102013 22.25049264099021 22.11987962288291 22.03906079032875 21.96809306802124 21.90211179496098 21.84391947343823 21.77835914770153 21.70140124917076 21.61349857388796 21.52269615935088 21.42312037999235 21.32376600089221 21.22946426549137 21.14977508278758 21.06621584545683 20.96311488626255 20.8437529033816 20.71316346620497 20.56630888749654
21.04001285047889 21.19885584687518 21.35914484752849 21.51488294540882 21.64006614900076 21.7362102524805 21.87376270151625 22.01049844828866 22.11605457283056 22.19108319979341 22.30461340451782 22.41003759965212 22.46579002144279 22.55832481589599 22.64310708716311 22.68897303734297 22.75462735453573 22.81071431977707 22.84092681627755 22.87501219046276 22.89315222431103 22.89678595007614 22.88568347769542 22.88177571076649 22.8356683156389 22.79055240235413 22.73990657791141 22.67839460820939 22.5998814520101 22.5241136094928 22.42051341743419 22.30173408528173 22.18138768171351 22.06125795788068 22.00092985173356 21.9338286313168 21.87150723524131 21.80131018597907 21.72766358527335 21.65231728753183 21.56771165147099 21.48012656202637 21.37607709261919 21.27718314579449 21.20380856787544 21.12363789267243 21.03350736311518 20.93041633023005 20.81689680249437 20.69326634997747
21.23577473362636 21.24314360228299 21.3444830351744 21.48244450628677 21.60670114733474 21.70131746347935 21.84515942800784 21.9824571860229 22.09195056935088 22.17214359057243 22.29444843642481 22.39375510026096 22.46353003156976 22.55975682618985 22.64410820443663 22.69318293676061 22.77165597530976 22.82653843865386 22.86255396509263 22.90862419369256 22.91642194596576 22.93016068495215 22.92547003999051 22.91114906535881 22.87392655814114 22.83583532007494 22.79007443891702 22.73987029228592 22.67108245983528 22.58628624981568 22.4884400579396 22.37796901633319 22.2563417480712 22.12871867175671 21.99948124838361 21.92035936570791 21.85809891643134 21.78384885253246 21.70435730700409 21.62058245886673 21.56524049102593 21.51160592792426 21.45593809016959 21.39035075210842 21.31155978979504 21.22748553178706 21.13158279236786 21.04014211576055 20.94093909381786 20.83610993451327
21.95384397018007 21.94559875057453 21.94219410133291 21.93883952728099 21.93015514351595 21.93772366622371 21.92776899795515 21.93412144445039 21.98029918359262 22.07039924479263 22.18418443791101 22.31882243971296 22.4267393918538 22.50071756091095 22.60867415522141 22.69152390670059 22.74922429029301 22.82481017124803 22.86825915086646 22.90380948905407 22.93644517319931 22.9482782543487 22.93531364681843 22.92600924127929 22.89461895965662 22.86305131400089 22.81174881815214 22.76834714252458 22.69337282251955 22.60364314649564 22.51073904841063 22.40075723807328 22.27907394815281 22.15747777122389 22.04172713911046 21.91673262537378 21.8406003213895 21.80416287775443 21.76450032395837 21.71194903010095 21.65906432633813 21.60298353527163 21.55215438871167 21.50053515149864 21.43932178774671 21.36568322193858 21.28243692102815 21.18685910341009 21.08152216768022 20.96174332459565
22.5475298075558 22.51033541859765 22.49458009547656 22.48035385220685 22.45474393436146 22.43237852696952 22.42949486680616 22.41402081947404 22.40146732803183 22.38847430974223 22.37681523683841 22.36174088264335 22.45427641520179 22.52013549893394 22.64236508042032 22.73996734607774 22.78701980401945 22.86655396852742 22.91179325877466 22.93764829287738 22.96403717844286 22.97517728766589 22.95507401225885 22.94312231388396 22.9012476929332 22.86945100002616 22.81926136406862 22.75827102774696 22.68840702460432 22.60150135238751 22.50674246764213 22.40579577644036 22.30458063116916 22.19769959793202 22.08780438748521 22.00540236721758 21.963464440528 21.91627497289893 21.86739485520812 21.81674479236869 21.76264206489704 21.69730338973657 21.62351149713458 21.55339847605008 21.48166946665173 21.40378989190222 21.32630643958649 21.24559826274977 21.15870703597699 21.05592112973718
22.94041209905663 22.91088255163344 22.89192120033227 22.86448021677876 22.82776508603271 22.8001820643482 22.78553711453017 22.75873960054487 22.7377859974273 22.70832027700658 22.69629636885261 22.67889275688667 22.65781964490486 22.6359805817539 22.7334103712177 22.83185611655814 22.87672047469674 22.96763445081294 22.99782205898456 23.03342854334548 23.05644193528255 23.04947430166383 23.03419088831012 23.00825480861908 22.93831525481045 22.89718660063811 22.8404933809135 22.76017527622923 22.68312350050391 22.59082220688248 22.48791945882722 22.3779746389025 22.28615415519243 22.24884779894567 22.20347271609933 22.16324719024117 22.12492115439665 22.07503188995506 22.01938755591549 21.96418825753324 21.90771325678109 21.83954031991433 21.76380781991013 21.68716670207454 21.60316626064575 21.51211671804723 21.40437984639712 21.29999718777886 21.20940542613529 21.15229204193493
23.22575105281239 23.20262759595168 23.17445630312111 23.13430358898895 23.08765369966054 23.06360930317118 23.03449636191273 23.00404789840568 22.96813829712361 22.93718896321851 22.91967939566692 22.89598110841877 22.86952923117678 22.84145786543593 22.82366581371209 22.92695986896155 22.97378467522475 23.06186514263268 23.10390405755153 23.14124195347888 23.1661015018655 23.15402908443639 23.12760812329146 23.1018755441778 23.01662044793044 22.97206871074132 22.89962455403402 22.81427392752466 22.72652837508326 22.62463791472615 22.51164202267329 22.40263973788083 22.34585990902338 22.3110337902966 22.27181506232424 22.22513446852816 22.18054619900931 22.13349344783225 22.08236743166421 22.02891766697743 21.97208361449461 21.90376388869912 21.83210570142671 21.75874202159782 21.67864560615257 21.60138519873487 21.55124838355513 21.49569753475609 21.44438534441061 21.38061452316751
23.44854171246208 23.41601172796086 23.38076000607411 23.33469719406056 23.2854159194123 23.26062032358724 23.22395145676489 23.18176472487068 23.14227568914851 23.10417000102257 23.07561343406701 23.04630679056534 23.00866148307658 22.97057296919889 22.94865904966431 23.0337079180905 23.07430490553485 23.15967781837506 23.20184354058649 23.23208395513268 23.2491420398321 23.22130263834378 23.18328827804995 23.14617658183592 23.06354406152435 23.01367191820462 22.93127272921295 22.84150385122065 22.7405083848047 22.6285097109053 22.51176041896295 22.41766015505842 22.38118596084961 22.3386427960551 22.29845372240025 22.25467000194554 22.20843744551815 22.15875965495343 22.1012487094074 22.04016762669106 22.00037312309406 21.9665452051225 21.92043311530133 21.87135565405226 21.82365578185959 21.77484343086954 21.71244181433812 21.65254522952758 21.58593674855355 21.5118856223286
23.56792416187103 23.53006728761588 23.48626947362896 23.43349126538051 23.39353406064194 23.35673984573624 23.31331252498197 23.26997660714395 23.22959283084062 23.1861193288757 23.16031954004153 23.1294005474407 23.09622119380909 23.06481889134656 23.02697630664073 23.02622979081741 23.08343647216012 23.1680144616003 23.19727213350474 23.23691302149677 23.24441964765203 23.21375745834218 23.18726714432564 23.13273999413493 23.06945029454483 23.00664237646473 22.92529990700924 22.84139988915119 22.73895534217606 22.63004448179676 22.51693005311926 22.45282640979687 22.41436134806599 22.37285241896544 22.35491287003996 22.34424523755778 22.31407724121977 22.29511838911242 22.2750284206788 22.24334583041425 22.21071566841008 22.17240402549749 22.13103115000223 22.07905240987136 22.02061074694068 21.96517625085897 21.88952789129137 21.80937725065477 21.73231623176609 21.64656895441666
23.59510974506271 23.56066343981681 23.51047435374149 23.46001156894688 23.42684563096065 23.38396018944382 23.34092064095481 23.2975416743185 23.25262374425623 23.21608570720825 23.18365599381663 23.15026856216794 23.1153025752542 23.08017848992527 23.03984446918411 23.00650814549047 23.07902575873654 23.13537313983631 23.16341933858817 23.1925537468687 23.18890376538338 23.15914075715608 23.1346853571231 23.08769031322044 23.03349526764638 22.9742142175658 22.88921301090235 22.79762175823325 22.69894473985876 22.6539945353821 22.6401921886911 22.61713765338069 22.59211966474167 22.57037357431495 22.541786918436 22.51292861003622 22.47933300299164 22.44718266206948 22.40937864985138 22.37205139647637 22.33667877579148 22.29326983286942 22.24797848903033 22.19587679803227 22.14336179716139 22.08674106938997 22.02299810013348 21.95821859108229 21.88439845618407 21.79866549247264
23.53220877919662 23.49678485472095 23.4593363944795 23.42058421133212 23.39318926075667 23.3569530135665 23.3220631420903 23.28344259941892 23.24048431856727 23.21513967256821 23.17580875890647 23.14031772035509 23.09858691381688 23.0582342893541 23.02381855575507 23.05169823090432 23.12538255194739 23.15471374207139 23.19595678486021 23.18673843211818 23.186972295722 23.15432917861824 23.11459790378502 23.0499353152039 22.98808080784135 22.92436457366157 22.84332024470734 22.80196233570619 22.79479488154566 22.78426043356935 22.77182999870034 22.74719267749929 22.73434218673005 22.71240435035095 22.68017650185893 22.65155015434505 22.61707702855616 22.58640149691586 22.55198177361875 22.5148747454597 22.47190345754342 22.42396482926222 22.37297754093024 22.31569841647805 22.25385684211167 22.18127698778218 22.10433156932667 22.02975031451836 21.95002689793004 21.86381257788644
23.33001644296717 23.30541572469766 23.29515671276637 23.26949737847992 23.27608703310469 23.26423194826733 23.24482103493404 23.23051834099603 23.22152630956728 23.20900379532723 23.19773748787085 23.17049701397582 23.16438070765225 23.15828292204581 23.13926482763072 23.13386635514033 23.15245159394031 23.16028456113263 23.17198177203231 23.16376116012023 23.132815347619 23.09272881924176 23.03917067949846 23.01610267817715 22.99435108151469 22.96985279957857 22.95281088892353 22.93655870837947 22.91891267735616 22.90770634029989 22.87920679631677 22.8585464024328 22.83744683159574 22.81006835355589 22.78579753044294 22.75423274807038 22.71900974024083 22.68340961303789 22.65252477639751 22.6085723824487 22.56404551824485 22.51932492125609 22.45471360347294 22.3953373147427 22.33901557205839 22.26706665536138 22.19881452893822 22.12735570787894 22.04891397187289 21.9570470669557
23.82133859823385 23.80091591047838 23.77134016060475 23.73514777095983 23.71966492637952 23.69744897498063 23.67756777737398 23.64446095977823 23.61726014952856 23.58905445678108 23.57184996514385 23.54757892164861 23.52226429675515 23.49773447647835 23.466072272431 23.44974880368573 23.42472088749646 23.39786933250396 23.37276057432459 23.33752099676953 23.3186857415666 23.29547769606233 23.26709873802316 23.24093939608132 23.20954847990237 23.17382037753475 23.15203729648642 23.12120511573012 23.09732263658536 23.0635025192474 23.02556286796487 22.99129469789325 22.95568106199033 22.91908845694445 22.8771060299843 22.83384259333478 22.7821440918695 22.73623390288931 22.69179111192346 22.64362933223255 22.59869543073664 22.55023903888867 22.49485910422875 22.43641069761282 22.37750566292237 22.31531491076232 22.24710738871807 22.18533521573845 22.10917771651455 22.03059150027623
24.24553300196674 24.210460311909 24.16441902312591 24.12616811323708 24.0738409185385 24.0563114726353 24.01763827770582 23.98631236423826 23.9452688822837 23.90475625650375 23.85887643896925 23.83002177551835 23.79703898883796 23.76286850835021 23.73012489797507 23.69182876996023 23.65221599914009 23.61801412656341 23.59363397901875 23.56485509237218 23.52794681216839 23.4936506006101 23.45811326334206 23.41415330070188 23.38461993443637 23.3451159165184 23.30697875532234 23.26375210043517 23.2237758408607 23.18258208106531 23.14032267066881 23.10660697046684 23.06511004827915 23.0295117184794 22.98674959738226 22.94129468317979 22.88883934661881 22.84371684473815 22.79590784877649 22.74784080660213 22.69568615643181 22.63272533936132 22.57215708617229 22.50509584575719 22.44084634915003 22.37484225052859 22.30757798886639 22.23882915038374 22.16323541411344 22.07886821466017
24.54550468242667 24.51119213133801 24.46822646781417 24.42436751021379 24.37461081272546 24.32760505268007 24.29516674679186 24.26332071912475 24.22093633926774 24.18088410657964 24.1353299288742 24.0824827694936 24.04197057545094 24.00376628565484 23.96543012338343 23.91974459531346 23.8790669017499 23.82820146179203 23.78327931116804 23.74009325533564 23.70287594290783 23.66460662693587 23.62631122609856 23.58643549837331 23.54147932122678 23.49546784492679 23.44787650847897 23.40961700745142 23.36987038067667 23.32532757843659 23.28231948157372 23.23655723003587 23.18380244406447 23.13872711912001 23.09625628656914 23.05156406315382 23.00325998738147 22.95657593604737 22.90395831811006 22.85391468388804 22.79641034982484 22.74311015988892 22.69195805397286 22.62486186127736 22.56159737193441 22.4873217815402 22.4126090146405 22.33896463846587 22.25871041650821 22.1741178032188
