benchmarks/avaPyramidNullTest/release1PY_d296a00ba6_C_L_null_dfa_pfv.asc
ncols        794
nrows        794
xllcorner    -2.500000000000
yllcorner    -2.500000000000
cellsize     5.000000000000
NODATA_value nan
[rows 340 to 359 of 794, columns 360 to 404 of 794]
14.672204913850245944 16.18122275477225358 16.901165572001012549 17.268387339130761404 17.892258881005268734 18.329022121233705889 18.77782390303848814 19.140845744728398614 19.507803296473525734 19.85050787270802175 20.138728586113430197 20.424892249232303953 20.607326300363141058 20.679201148578869152 20.791395839958521918 20.933024736342609629 21.026190768349895421 21.115940468207249125 21.204307919964264784 21.343703025548784069 21.528567290610890694 21.786257948768323445 21.974534560659034099 22.062212621186390038 22.183137230011038099 22.176571721745165888 22.152114886525879456 22.172088556330571407 22.128489700926170514 22.09293199325512802 22.078606492935278993 22.088860911694030875 22.257702896151041472 22.33415384725753583 22.30136910071394496 22.268374931645013248 22.27879743138098334 22.230715521835676896 22.181979160942926654 22.196092359371153435 22.222029597126486067 22.245628818090711576 22.178621352831516589 22.119938010439820886 22.005024931068877692
14.751089999959944521 16.18311665389942533 16.790157053821111788 17.194994408689659338 17.772661426795529849 18.242366796086169956 18.671592776483731058 19.007023307536368151 19.367584214698258194 19.703443808964749451 20.008719112208051882 20.290051011872204612 20.494208643039243611 20.552144650319558394 20.70101679708902509 20.828583139835835425 20.917332251897921225 21.019785479725516808 21.125830461536004634 21.261424441706548549 21.458333440422403982 21.708693072243381295 21.887932221635445273 21.973617634626066319 22.105584595600525688 22.092675541892973001 22.072100906459802161 22.090412564873677326 22.029996486279156187 22.008689155656831815 21.99602976167993873 22.060627767470066374 22.23516679372238869 22.313761457477841788 22.261455474133278187 22.229037221268818314 22.266928746132375494 22.216569710785663005 22.144035663269587388 22.172565167899616512 22.189706024155626096 22.208650257145041707 22.146844019859454278 22.086532126257626629 21.976707148116954471
14.75184160871708805 15.441015774304455377 16.360906330570717415 17.134741668641311207 17.673563804366885677 18.124266989004016892 18.541252757315014321 18.853735230618045904 19.216401724236089166 19.558031266338442578 19.873880021963461928 20.150145827907472551 20.367778686392430387 20.433034713978344143 20.593795658055107367 20.714111111128033826 20.805409190693332278 20.923667538415905653 21.042888791319430908 21.181795786717092511 21.372508885109667176 21.615455325443932111 21.793199799164522545 21.885102636181084534 22.012686836444508742 21.995099288638545687 21.985843433215617182 22.000481175328129524 21.931335165877424487 21.916475500211642924 21.908783436003943734 22.031086975641407832 22.216192335507656708 22.286408993701879666 22.238614725159301599 22.213219444595036833 22.250793886608811079 22.202933782144285146 22.125816497228530721 22.146799471091913603 22.156610186121092454 22.168564593767893456 22.1133932256893182 22.049543223866383101 21.944697598161347685
14.712257628267389364 15.34520814518924503 16.420194646957082085 17.009851370214747135 17.571030156457620564 17.98616670652929983 18.382767704529754837 18.691168585150403914 19.060987194760983243 19.408953375473799952 19.738547070344399259 20.006507713191968634 20.23139475194723147 20.317439374673185171 20.480934237762912886 20.594071865444572467 20.69871144064963886 20.816009434592658067 20.952749195034019891 21.094472977771484778 21.285245768069035677 21.521786101052185813 21.684615074914823651 21.793447966905169721 21.915325351335216197 21.898983414191668828 21.895308575343989332 21.898172207184256166 21.822224106004732391 21.81643828895419901 21.817056693560992642 22.007920255166947499 22.187333544149691278 22.249523818315761758 22.213198599008297407 22.197443739223913894 22.232307978015022343 22.184371376153549704 22.110940397568807469 22.123070216010077615 22.118397436751003227 22.117778442289342422 22.076406220527406532 22.016071568694183469 21.902554127654884297
14.614466013968923974 15.179094624480178766 16.081439100635353867 16.867597926411288967 17.428534520698821808 17.838518835814475949 18.218941255542258517 18.518404675803562753 18.893841192615962399 19.265271975357240564 19.592373416594771385 19.852307952751434783 20.087418770121793443 20.191424341524978558 20.353978183340707631 20.462730387349669314 20.576973254809150404 20.696026006458460245 20.854842506688257231 21.004726928496552318 21.192620156057607517 21.420551186850314451 21.575402248986549125 21.698428968068206757 21.811326308366215443 21.790401215506854271 21.791204947685482551 21.791184086495434258 21.71429682430128949 21.712208102642176044 21.769556772964186564 21.972590798257478184 22.157682376056023088 22.21346267123528051 22.186838344075873408 22.183047866207903809 22.202274912176548582 22.160143110136331757 22.087773892299644274 22.089132975455601837 22.078787724646684154 22.064774013630977123 22.027710606394769854 21.96369427428302501 21.855442668697588005
14.422111400438211604 15.107833549751502389 15.945230623659211844 16.709865884471085451 17.27285352386603634 17.669456698768104985 18.025557569239577305 18.331392689999177037 18.732971417875408093 19.122706347690108686 19.437698736424469104 19.697791276589466491 19.923687641272593396 20.052761442369639866 20.215825239020414728 20.316431039958224858 20.441969148461069494 20.56349500683732856 20.739724716689131867 20.89701867533521451 21.100401573142399059 21.315543412838369619 21.472821086985391048 21.593829102589591429 21.700431813692887317 21.675269128840575661 21.687909749936032711 21.676271127273736283 21.602434839870355177 21.596042375538289093 21.734116321515404735 21.937723549823115121 22.130680883966554973 22.173501349239998603 22.155911617447529238 22.167450885471602362 22.177048567345288177 22.140837414428052199 22.065475669818720661 22.047891927710789872 22.034223072403900545 22.015225899871364135 21.981208465135289032 21.914719181738224307 21.809444149630376586
14.233681120440584422 14.992239995099840399 15.805747242921089679 16.531345263102483756 17.103289541962425346 17.473585578850034494 17.829928932076164472 18.124327989289888308 18.57733385022470074 18.958737771187717414 19.272781681853331293 19.533149881644394696 19.742542980521097462 19.89311831140698672 20.063302298060193607 20.16076909490044855 20.291653001537078183 20.41667994954804044 20.617202080414593013 20.780278402062883458 20.995386363398562679 21.201584784117105897 21.355931805018023795 21.483538627302301904 21.580066939418632188 21.558025184368620586 21.575149758077227347 21.55053577810275911 21.475864744896924208 21.494912091658633813 21.692205369077804278 21.895381911592149748 22.091562068589819745 22.126645983109675342 22.116172378065844129 22.145175655829486772 22.15014655748137784 22.111663909898211955 22.030023173001307413 22.007131777019910857 21.987739156728149936 21.956393520912243389 21.930251711120796188 21.86585882065698172 21.751115222535023719
13.982920745684760178 14.868583467789788344 15.645427339051586557 16.342249442686899386 16.903664029950029146 17.27553402048629394 17.611261734236503429 17.888665044141557559 18.420574952043409667 18.78064197884886255 19.094365049506428988 19.34034513632777319 19.539702788240443709 19.709190774203904084 19.899068633574117371 20.001374585987338861 20.123750318554332495 20.256858807311640902 20.475979481421912709 20.655010450094302143 20.883737599380641115 21.06740197618865551 21.234729774680698 21.36617542155259386 21.450360508554801697 21.43106531648516011 21.447608562270403354 21.415437007165529337 21.345751693190621268 21.449365899637008681 21.640805784576418347 21.84711983297846416 22.050836920519600426 22.085893943857044519 22.078349459304252633 22.122653305748897878 22.113791617168171655 22.074562741184376335 21.993232207522083854 21.963995160383863237 21.930373253531481481 21.894679371806621049 21.864444991746019298 21.80962309669776289 21.689575125016702373
13.797368301374362431 14.713106666234468278 15.471953098304748409 16.122206471952441831 16.677305310492897661 17.034688443472568053 17.3703869223977172 17.667331604186294669 18.21840506058607545 18.584613312390899864 18.899080569344761216 19.125488582932572257 19.312779219447886447 19.512523403322763471 19.722015293769239008 19.825633931170099089 19.96357513048601362 20.09113277385004892 20.319560318992675008 20.516674205108749618 20.74524805902720459 20.92735212575137993 21.101886385853767081 21.237057791755095337 21.309402068223768367 21.312801944729880432 21.315347733559036669 21.274049018945767386 21.295743492819379838 21.398089061961830026 21.593978537643177873 21.798622262838311059 22.001844837381884901 22.04468033017692008 22.042571887646296602 22.09300148603397318 22.07704929691536222 22.040798851568943917 21.954215643944021252 21.918227887858815706 21.868956451284045528 21.833888395393277193 21.796644386386322623 21.744791920800299323 21.629258571663065425
13.616289945947722018 14.509005646441396564 15.259542302894306687 15.866293639312466723 16.405766480096875881 16.761657095303100107 17.094368494550518989 17.456264502423952223 17.997048768936078744 18.36028627142009384 18.673780425696847374 18.889604067964754108 19.074626267228989462 19.308410608040002643 19.525413867452414252 19.63641192205579955 19.799224532132104315 19.909982943835302649 20.148235332417449683 20.367864350070522761 20.604095082441020281 20.795688844807358464 20.966025249537821651 21.094433770316328491 21.172190622912872016 21.186305844068009208 21.167577021251307912 21.129380991092975961 21.234059086496895219 21.344309760959575328 21.545778142464715899 21.75032799287646057 21.95306303277740767 22.001509607279942315 22.012982406754922238 22.054498615448977716 22.034580316366277231 22.004290870676754821 21.908161393123361194 21.867268578163823634 21.798869330846347481 21.769968386586221243 21.727983726112604757 21.679839268812624908 21.55587531705173987
13.381552181789654554 14.275177085504463292 14.999810552400253627 15.56172579753863694 16.088317604426979557 16.448036558974731491 16.781883110473181375 17.195595997098475749 17.738248032429019929 18.104302199130362538 18.435346598487612368 18.630924944961900991 18.81750158312207688 19.087424117632547649 19.300886547287280592 19.431863027363398544 19.605197846394233352 19.71806811530429826 19.969477912258852825 20.204762166875188001 20.44277081807129548 20.657811507017616037 20.834821982590501221 20.940460316941326369 21.022307899076036364 21.060923656965208295 21.017795307703902807 21.018866110632810518 21.161704682700086977 21.282666726969736715 21.490027834724074296 21.698333483286933898 21.900807687865782469 21.951635464943702658 21.977334653405257825 22.019705997384392049 21.98266762296029242 21.951298911321845964 21.857536890185489398 21.79987578751161692 21.727215643415149771 21.690924983200098097 21.649963133073317323 21.602175519394450021 21.487538239976672116
13.044555563145426191 13.971064122003806318 14.651170081506936782 15.188801706210387721 15.70356922877884287 16.093597552286649233 16.438488905303842103 16.90530066647477625 17.475785964460882838 17.829940252299770975 18.169545442529969392 18.34075031618415963 18.556278775506143575 18.837937931202851871 19.054512970477187395 19.212474559663959894 19.398498877087394732 19.522637598221582067 19.773965862385832537 20.030946589038617134 20.278145574488586789 20.511503373880209722 20.690085850956716484 20.781006486724251658 20.862979504250752427 20.929609732034204939 20.907472609616458925 20.952088119212998407 21.077722444493200982 21.214033946733668046 21.424520553055959482 21.627748966674268161 21.836421292279919015 21.893298844798756875 21.933662420728101239 21.973707918487676238 21.929765269596106947 21.897490362473096326 21.803325101639753569 21.746454251813908343 21.648132507914567668 21.611199922922409655 21.565890262365869035 21.513496768737049081 21.396028429766630552
12.624669839698954732 13.613267463746693053 14.211193537871901427 14.750436445884897552 15.265205858511411208 15.688245105612674379 16.08071028230907018 16.651817034130374395 17.184272044846501615 17.506269544341876099 17.874270600653218821 18.051063324581832603 18.304789064815572885 18.564313257003938418 18.777526280354329913 18.981828786360900096 19.182376155290320696 19.322451538717228203 19.573002998914468265 19.836245370675726463 20.097795199647141118 20.353283151953778685 20.53589891127224476 20.61518047312520352 20.706044568292771402 20.786389613612172411 20.787363757715741741 20.872119796916308587 20.979007715846464066 21.134164035847302188 21.348667586462006796 21.55603204877152379 21.775537501013580766 21.831120362555822112 21.876874456442568118 21.919590366561738648 21.868825901802818379 21.841353564283821242 21.757497224178745654 21.690684389207518734 21.579350043274420301 21.51755864154653608 21.480265623427744259 21.412514579556045646 21.307178395288811856
12.097115825327195537 13.13020168165060042 13.681156269519872737 14.225911598979781303 14.752526893828395771 15.263744675060834766 15.745399864343418983 16.373655722081430497 16.848742692764503204 17.178169895561520519 17.535828211188118075 17.745982962249872372 18.015452573906273415 18.267998254814248327 18.471390878047238004 18.760603992116369199 18.961587336867861353 19.10352219750882341 19.347559615306611391 19.640109514064885587 19.92366861392203603 20.186289921829072114 20.367927402394030878 20.448026094117132345 20.553283433583324324 20.629812919928660619 20.649682221603320897 20.769407042240995764 20.868871960268002397 21.04619157299908494 21.269406541088610396 21.483159088465015429 21.705525380605898533 21.761452350188289273 21.815204759257451173 21.862619677184223832 21.807024558324080488 21.77871398388384705 21.700428616766235024 21.624836545215408989 21.514871589198730106 21.424020393069909574 21.390043209724989737 21.30436378651613083 21.205494246744013509
11.605247498193310918 12.521410578089167132 13.110703718247588512 13.684231219937014856 14.293041519699352548 14.863458547171445545 15.414356564698701746 16.041511879030739607 16.484159641696134457 16.812033233226355122 17.152170697007310451 17.41936117960299768 17.69961840895685512 17.949006164264861951 18.173302957450449213 18.526979748580437501 18.722943008045966451 18.858266033280244756 19.104358886498324921 19.438292375150645341 19.740133106084652326 20.000585894530111375 20.185815657040517834 20.267499951624518673 20.376412335869549253 20.458234255722057782 20.499883873825343272 20.66052651836434606 20.773906233665282883 20.956692289215091307 21.194139045671061439 21.403473989969743485 21.620827551545030332 21.676235224653606082 21.744675528150448685 21.808086950093784395 21.742470727426187693 21.709982852813936915 21.63441740766664978 21.548788055981304979 21.445843191052361476 21.335913906069112755 21.289205218186747715 21.196298920888061446 21.097877352406221974
11.028883256108855448 11.816051904156354979 12.539716168811963826 13.227538993658056299 13.766922392946794318 14.437664049507448638 15.015240090442423693 15.62292252157883965 16.04992219060454417 16.407330241265746906 16.75464714209324768 17.073954616304668264 17.355556397580272687 17.604461444571757767 17.902710981699094361 18.265604416104491037 18.460715201824402953 18.60006997688879693 18.87852436820971036 19.23285066357178863 19.529335350710297803 19.801523759074367348 19.991047653232588033 20.072775250726014207 20.188199868687448202 20.280909270658320054 20.383647714529555373 20.537395200852095911 20.673763235480006273 20.863319997150799878 21.106148261355322404 21.31519438141981837 21.527055399340063957 21.592471789505310653 21.666413177582700911 21.733263853088754303 21.671353996087390215 21.637151025885739131 21.562149648599717722 21.470554229745363983 21.380519026348661527 21.265041432035687308 21.173001036678350317 21.080543714885465079 20.980790995576334979
10.331971940672021404 11.089442684103712367 11.995866119815701722 12.728968661636621107 13.220899445415195572 13.955831549901825284 14.554960964146284041 15.139866524618712518 15.529920309384532828 15.953488602997216717 16.369397094848274321 16.691975624415647417 16.993585036650109998 17.30139958383813692 17.629038365787991438 17.989547607881878122 18.182443816449779916 18.342701612641675979 18.640576677832978447 19.017975243382487349 19.293616913798210533 19.580564985305993986 19.784922117971333932 19.872450341063288448 19.984531461426072951 20.101948807614853365 20.249069669312468989 20.410268115691060586 20.568205879673961078 20.760067494202331773 21.007644195490996708 21.225554472859247568 21.432101146829435123 21.510224807887006193 21.575931920474374692 21.645220017225295095 21.59543187242840645 21.56377729076000449 21.482990842483800975 21.384951692575569382 21.300832121423400878 21.188082301675027708 21.060719675987222388 20.953086830363762516 20.85634707672910082
9.3029937648660432359 10.554867256221809768 11.404342960295881682 12.127252065282879911 12.743701757838589828 13.421135865431560674 13.992232039458682991 14.526539974043526371 14.966766459553152657 15.449705871889255704 15.953824336081211754 16.275969907920497803 16.609747597557181109 16.983087147063507416 17.32306202558756425 17.680710752966930954 17.88319856414369724 18.079747975026450035 18.401764423903287593 18.773257376651002915 19.048101221085573798 19.329773933670175268 19.568699827537137992 19.698874115489321213 19.782797049579293969 19.940687164637587614 20.103710567966611933 20.267182608678186995 20.446476721270915533 20.653504769523276963 20.907781628784977812 21.13277227627629884 21.333248203986517666 21.415059410585890021 21.478199547928255697 21.548603052508354949 21.510581698021706387 21.482277826095739215 21.392747865234973403 21.286214296848690708 21.217881661102470758 21.090702441088911456 20.940900566016424023 20.822457243658867299 20.724480685673238867
8.6240893392309629917 9.8493433692562799564 10.939130703677687251 11.463353166175659581 12.115375901584721774 12.78991215846862417 13.308466067293132085 13.908502869610478214 14.467322797711872795 14.962810767800956313 15.466567241281541811 15.830533091589432004 16.222258742030359002 16.633076195776762773 16.984465089433260943 17.35195232452713654 17.578555291116874315 17.789960693100617561 18.149027381904119238 18.507018414346553925 18.795357301838887309 19.083999158555471354 19.356315172905812716 19.508674885218198369 19.588089754981002244 19.770650299059223443 19.927611827057980065 20.114254706294193653 20.314571025810536753 20.542071838797880901 20.797785539217162665 21.032289566763466837 21.223801210902909276 21.306171911943959429 21.38626470988662831 21.451597024950153525 21.423243774594777022 21.385206854087613237 21.290985486048185749 21.174097268131539806 21.111810039356132762 20.986523755276948577 20.80977269288583642 20.684536759590596233 20.584760186968356521
7.9225658406699270842 8.8076463719741742153 9.88737166853377758 10.603097953098696848 11.376089612539558971 12.032181511272394658 12.544620714981107312 13.297526990357750876 13.870649289624653377 14.436857852291645088 14.909589327702002848 15.324950293414522307 15.792881933676222062 16.245828056628152325 16.639738319761345764 16.98034399171244857 17.256492612786487939 17.510950874098558216 17.870400206506094065 18.224627592264376119 18.529616978923481696 18.839153505860753768 19.130611898273436111 19.30101052944465323 19.402572576722004527 19.575121779099760033 19.746157041333400883 19.945677843118602368 20.168132153355763592 20.42762174954562937 20.692897540592007033 20.924701517967967845 21.089241564220870373 21.186416585111619071 21.281112460066605507 21.346613675221178141 21.325284885983641914 21.28187341048674952 21.183264213726527458 21.067600087295915046 20.994496478926588878 20.877633021981576888 20.669438050042504784 20.533440515931189907 20.436680425360247426
