benchmarks/avaPyramidNullTest/release1PY_1954323dbf_C_null_dfa_ppr.asc
ncols 794
nrows 794
xllcenter 0.00
yllcenter 0.00
cellsize 5.00
nodata_value nan
[rows 396 to 417 of 794, columns 350 to 399 of 794]
97.79089525825748 96.85685880857781 95.88637202107805 94.89530962982434 93.92972035151394 92.87380472377777 92.2681352524625 91.6242387353291 90.88951162638212 90.03602963905007 89.07235759029585 88.04941376736892 86.9901518842085 85.86059942935267 84.63293129631599 83.29878377751314 81.86586951848729 80.36818333521536 78.80011045060837 77.11515062576535 75.30396419549038 73.41896651175026 71.43899961124464 69.50663657698573 67.46003254023181 65.23598561948891 62.98914224789032 61.00611679019509 58.84178257123407 56.45900301111223 53.88051349136292 51.43974584856449 48.98220580723768 46.14084229319541 43.14857455689289 39.92314085298602 36.48379413603767 32.95965536018151 29.21888078888977 25.53733010089809 22.23050133401613 18.5613637602058 15.46367611865744 11.39885027323821 6.959391280581291 3.775150462076111 2.111060042793846 1.319490846709026 2.594350039027747 8.262636500478305
97.66067275727694 96.76892887196367 95.87721641203069 94.92811613039272 93.93515929834412 92.83860502789977 91.82845577744779 91.30009125202832 90.57961264111381 89.8217803941628 88.99555312392349 88.0966131907285 87.07574503363064 85.91153693441528 84.58569947534619 83.1780024640715 81.76085749785312 80.29360539476434 78.7214531778103 77.04768851667997 75.29282839663429 73.4388345331612 71.53802663381816 69.58330817785675 67.40503139384764 65.11085408730223 62.6647946296855 60.59983083486374 58.38456097075745 56.19558657367919 53.88679793197169 51.4477876115894 48.8879745630376 46.18816500896876 43.40257962220099 40.43271330736574 37.00975639279829 33.1612949468411 29.27390036213182 25.44642198146495 22.3080007324829 19.21938695550782 15.84725674271917 12.39004797502091 8.187010820042968 2.884871496893767 1.447507609305657 0.665121724391178 3.088447540224895 7.173859255647566
97.44535970742427 96.58755533709764 95.72695025027991 94.80530321393749 93.80165786788207 92.71083851427822 91.56929742443843 90.51519167401688 89.7885160090886 88.96140270702527 88.17802311887424 87.34180903370545 86.30700564335771 85.08922630493986 83.80897072082112 82.47950060558809 81.0873713567989 79.64026929951446 78.10086656476595 76.42627384285601 74.73619703811256 73.05630702277757 71.21547415297319 69.24995791917387 67.12498956526522 64.83303409189074 62.32017449252501 60.04211910771217 57.8366444625251 55.5661393862978 53.26326069808849 50.78496456101442 47.887088449242 45.16804565128963 42.34377385952608 39.29875612375134 35.9041883876742 32.18486582022749 28.47633466965192 24.76243637239785 21.59480935297262 18.61303718163203 15.28269898623169 12.30738335318985 8.328162288065533 4.515188812580652 3.398442228872006 3.871205118374133 5.833508542491499 7.122232257676149
96.87342595230938 96.0033219441147 95.09103352375472 94.1467850285824 93.1335151345904 92.11945964209839 91.04499042002328 89.87828597507001 88.79204655925201 88.0217916105692 87.21101226839215 86.3486244128709 85.32536088804018 84.17396097375317 82.99029739476956 81.68773050384864 80.33235348211922 78.88104535257398 77.41091700616614 75.8575410907262 74.22669541731224 72.4174975260283 70.48798826262741 68.4655653581745 66.32986096708764 64.12006038769542 61.81512840786632 59.45234590003174 57.00627100687183 54.52166810992198 51.93589068018618 49.04714837374985 45.89069382757588 43.12790186795263 40.21360105585592 37.25818587020218 33.93697430788739 30.691220147777 27.01593413403734 23.33911723404767 19.92500976530184 17.53607320444915 13.82391704862317 11.37952003393226 7.980318733385722 8.582664563362865 9.535800332677431 7.900565892739342 7.424460530376718 8.543070143251381
96.37507777862152 95.53404329773774 94.58794133698711 93.60456445447139 92.57149894917417 91.47072276093678 90.29474780506648 89.02205373009481 87.67982680138006 86.71910269681497 85.93580056791895 85.0826968175495 84.09986153251933 82.95348635374422 81.76431394145409 80.48755039947983 79.2055879169172 77.82816382114703 76.39272985909365 74.82001556668166 73.12395144661329 71.26380864422038 69.37262166518006 67.29276947055968 65.12364579966572 62.82210239932661 60.26786658347919 57.47872384488959 55.15470701357769 52.60180062403939 49.73605279685039 46.64464714631139 43.47844419526654 40.51090230255839 37.6420549197437 34.84259280824504 31.57484765283773 27.98362287753723 23.83899828601953 20.69443221504278 17.23529450070026 14.41112161561678 11.4424926217795 9.217141921695108 8.79440972414597 10.81142860346303 12.88191472113044 11.71433260191951 10.35137235473937 10.08363051595632
95.24940108881545 94.42972568731064 93.60242016772206 92.78223061021974 91.79203101352014 90.71976809865181 89.623424038658 88.42597230224852 87.11049105997517 85.73501533363165 84.32038822656246 83.07133824180723 82.18976282851308 81.18180942056294 80.16563014380046 79.00056831447057 77.68969835284125 76.24226187515069 74.63852939090674 73.02361339205079 71.22950961822197 69.38858602570311 67.41813994971872 65.39964001150358 63.25128759115314 60.80506615646012 58.23755636883131 55.53599763150022 53.07350499100443 50.46953422015524 47.67029503396277 44.41529728578062 40.98106931324381 37.87762616468602 35.0750084328876 32.18948625130297 28.62036124500398 24.85545358189954 21.48358433280731 17.74527159938683 15.18942939290788 11.91890872696681 10.2328449493063 9.866842355491261 12.74313727012323 14.21344286350332 15.47291989255009 15.35140068609555 13.90833175110894 13.15627913966592
94.30944292908826 93.59559690890228 92.84125437287946 92.00155912823881 91.01508222541825 89.93189416152548 88.75083145465028 87.49773013747183 86.24764358278661 84.90493556586924 83.53761351884354 82.04653216363202 80.80503558963692 79.5301404715858 78.32939800807728 76.98619556231426 75.59961939322621 74.03698439702856 72.47366579390359 70.84127266860334 69.06592328228427 67.2368855256633 65.18525990639651 62.94398829168256 60.70097809810336 58.42996643756532 55.95838869698294 53.39227345149572 50.7225446065275 47.95073453930941 44.9162558568914 41.77460348660266 38.47402891855737 35.25413902827191 32.02799490609993 28.89787487355728 25.71912941067113 22.32200871168991 18.13289522207061 14.92131627806005 12.66327946357796 10.56866698475343 11.51162179579391 14.40537329460669 16.43958950831578 18.06533032991823 19.29803443986506 18.81491022122961 17.706997252643 16.36939395431131
93.08672497664396 92.25136169248701 91.39001775417579 90.49696182694103 89.47758217411275 88.44742458696984 87.20702242885083 85.90119081607244 84.58337777170277 83.27348779606434 82.08904789564357 80.76996297455842 79.44377666509718 78.13449606878426 76.71627156353181 75.26875323058172 73.79956864948822 72.32500800649136 70.66087014021576 68.83472575568608 66.89831466034927 64.86410506742843 62.7134316513602 60.40837968132015 57.91642454644091 55.52166023926389 53.05789288534627 50.55328518045867 47.88008013622356 45.06301540956954 42.00176876705971 39.05893690223972 35.83436965492508 32.78387094761359 29.74992088556272 26.53085905745132 23.07896254459264 19.21509951024551 16.34751757982164 12.5739812345349 12.91704776223138 13.2475258427824 14.65627436606493 17.79116666019514 19.97886286387012 21.86592389552565 23.05472392282035 22.27588416174716 21.25450863975992 19.68337655305366
92.09909365281229 91.20403150113158 90.33570954264303 89.40917068235389 88.4413568599023 87.37971244064425 86.29173562783518 85.0268456647069 83.6781181818629 82.2281718064113 80.6925499011315 79.14338492982856 77.61173193965894 76.12236914060658 74.49671075373307 72.783855525709 71.23404553773904 69.62243187966277 67.94022184634831 66.24742506517484 64.29346671432961 62.23554376533044 60.02469101824647 57.56074763575261 54.84658247555068 51.8570434628053 49.67664525633305 47.37001725604418 44.83254365375554 42.20403233752086 39.22272769798026 36.02786207648584 32.96628707940817 29.69449720479257 26.57992928819766 23.25354000425252 19.11922616270777 15.55811707216318 13.21508851784444 11.73612528188867 13.96173706391596 14.7020477538612 18.42645889334203 21.23277425971484 23.46263648608889 25.37601696256798 26.38145972883622 25.53045957297258 24.63334291786114 23.16023801085015
91.31629119855029 90.44186926387385 89.47370192228063 88.47510377552059 87.50583502184107 86.43891789493647 85.31615957400831 84.08563952133443 82.70990730255642 81.25862803221891 79.72389135015608 78.08588786683494 76.26248274079674 74.30244087345999 72.43961838573333 70.53348288591808 68.6896574254489 67.10783934288 65.30785059077202 63.52666043809046 61.69571151904974 59.7756044485199 57.51485106226361 55.0037711359033 52.18268471852176 49.27596933515558 46.21082712593236 43.43547828461311 40.86288995760082 38.36607567780425 35.49153347573444 32.6513678188325 29.48819778907956 26.027324151737 22.06566618126492 18.65008079405482 14.85965856581642 12.772477257168 10.91479399169063 14.81335399447892 15.06463209538874 17.99866759637406 22.00988994902374 24.65449459285815 26.53900884962705 27.89401814055866 29.37045714578217 28.87799745382813 28.57217556749521 26.94705671453332
89.55063674840359 88.79778648794749 88.02335375674024 87.14565049230916 86.23108158208453 85.24097108520724 84.11118142530034 82.893999928642 81.58778115658332 80.12966856349463 78.638383061786 76.9770586099565 75.18199900287144 73.32050164637417 71.30462137769504 69.11762352288201 66.78871064327834 64.33551080228438 62.50633017492289 60.73572022023328 58.79113308724943 56.66098086322798 54.45471062650943 52.13030869747052 49.50148523723571 46.48617195281265 43.37754769072286 40.60343567674875 37.56797132113719 34.53660496021293 31.80189548845768 28.92567032000339 25.90029946548068 22.5257860965376 18.71870397232467 15.55366731475315 14.08913884582575 10.47906374552258 12.25877721675733 14.13365533956126 18.32258783036969 21.90601174228217 25.25948848147739 27.97177497138629 30.05012912749589 31.52712944285393 32.38319796036225 32.72318525484135 32.51260903748976 30.66279696078315
88.12279746527277 87.44969532359119 86.69786395299406 85.80266438420374 84.85308124268673 83.81990676607913 82.73779039384149 81.58182231929243 80.32172050914484 78.96743849355597 77.48813575783201 75.92775401260288 74.2397221972675 72.4505534420601 70.43536340765897 68.32500709934001 66.09776128524462 63.75774261674221 61.21726540415235 58.40550929797013 55.72989143335817 53.57409963383738 51.38408427414782 48.88230758029414 46.14692793174 43.28147438199009 40.21072272369403 36.7515337502491 33.38808558994392 31.02525825912958 28.3069834743989 25.28186854695086 21.75308430580649 18.69825160859418 16.51349313652319 14.48940646014867 11.159016779033 12.20298058768807 15.11216792294366 17.73123735633074 20.73925170551004 24.71363238704932 28.42224248966145 31.42534284178899 34.05244742389582 35.45655583033366 36.17832195005796 36.33608702670912 36.00300374014883 34.49897906428441
87.42498946132254 86.72310735886614 85.90564763737692 84.99406780369678 83.96530330051758 82.855736232471 81.71637236917576 80.5536931660656 79.29546054168273 77.93949353868625 76.42516408755921 74.78375032849985 73.00625596159801 71.08169231881577 69.16622554749756 67.09699948075263 64.88316031105704 62.57745067714281 60.14053131531401 57.51524318118888 54.60458021357747 51.63918245316935 48.9890363008619 46.41951827090092 43.49697683635336 40.18978403501749 36.41979777733609 33.08824148381643 30.45509203188088 27.26872181913585 24.79356941002935 22.2538432348268 18.97765818576844 16.00310968327363 14.9572823368239 12.30290579712364 13.66677581072885 16.20620287560748 17.32346439992368 21.18826819170808 24.16936103699151 27.63864454665388 31.58733721017994 34.72188020745872 37.5633992411872 39.29238674252806 39.91367096434943 39.68055279318861 39.14238183493621 37.96279062116658
87.69458939737962 86.6048130256823 85.5611666549169 84.46345691105103 83.30635595387264 81.98824056127319 80.56017446703473 79.13783328376454 77.74762805622373 76.24020297166828 74.58975999403285 72.85427551851517 71.08669189880243 69.35319005495694 67.37737248647495 65.20897194362827 62.66537950876218 60.03377790916228 57.60076092824272 55.08230139746247 52.40636931420857 49.44586539476234 46.47938009888667 43.54256227956164 40.50156545468309 37.21247078918936 33.83337617383092 30.11666276376972 27.45817448569057 24.81546285348373 22.07090431895103 18.82317917473115 16.35517227925565 12.9613011707841 11.29355118314182 14.11236019556113 15.84408022233385 18.35762191957986 21.62496021667731 24.7217866420957 27.71036072183357 30.24348282859404 34.73654935265344 37.69253247460137 40.48538386478436 42.56597624645622 43.36476552742481 42.98998739924405 42.41585497877477 41.28375927983707
88.40603116493496 87.37508802031832 86.20567922711751 84.8896651958282 83.41397083567654 81.80771568535886 80.19934354797141 78.6333911222779 76.90456058737108 74.98429873509446 73.05637999392013 71.09870937266514 69.21239835036563 67.29227818206292 65.25374345526291 63.07425173185294 60.69924255432976 58.02917592168085 55.30708277904888 52.67351141571971 49.78720971289945 46.55245754691955 43.40886880011323 40.47226575153933 37.41954639024991 34.28342739867411 31.04960011847 28.0356615339136 24.49070434048325 21.26143175620832 18.33267912203035 15.99740903581704 13.84782362112822 12.18359562950517 13.53804300725754 16.67116787506697 18.78682953680337 21.56745398354412 25.34586296526104 28.24969561650951 31.3367879572626 33.38738683650276 37.67399153119387 40.19889199265339 43.2955779093437 45.36214502346365 46.39398935766182 46.47435845804998 45.79071917561966 44.46508816204334
88.78370484924818 87.59513175852814 86.3268516519758 84.90780842089173 83.31974461976885 81.7047038239734 79.98816206999237 78.12768133987065 76.17716562043827 74.21719643228919 72.17588506320791 69.97673742264342 67.84259391203398 65.78839927498927 63.72668171538892 61.53775972615146 59.09097746881716 56.41618340068061 53.38706187037405 50.43015510082957 47.43119314252603 44.20722585600163 40.55634152021396 36.96610364330061 33.90163618205188 30.76117558597907 27.68100963690456 24.93370927781675 21.34628379361292 18.88265810120874 16.33655787389733 15.06319395417211 11.62778829226985 13.63044572011473 15.35616797528373 19.15473548185724 22.16303661149891 24.60118167089728 28.5153506293721 31.67386965996101 34.84952024035019 37.27227398300261 40.21544908543975 42.51463461175344 45.76869888844109 47.78897261324431 49.27342514139306 49.64248817919011 48.94118748079555 47.53918254695434
87.45994359255771 86.26802171357865 84.97218345720644 83.55132684439936 82.02221644635458 80.35781901903691 78.61582647275262 76.90128295174627 75.1084415521952 73.1899472938522 71.08954423855825 68.86156445171962 66.49404614099895 64.12630622689703 61.91543973964929 59.60906034499758 57.136682858547 54.504324470319 51.54876484033602 48.33853862805295 45.05949708315549 41.3415944224837 37.29877562500467 33.40516719337062 30.37925422779608 27.64517141263688 24.68104906484564 21.13958365350995 17.69476275254354 15.96966452719151 14.58470137132948 12.0073919119211 12.67256087250201 15.88864252558656 19.34059038202976 21.68733002336953 25.41457613272322 28.21624568601822 31.62178593162734 35.13879565161717 38.25736897885646 40.90265107147824 43.42266461854561 45.36786338016918 48.12379707946717 50.37522700753912 51.91955091141286 52.51424364930713 51.92638584489599 50.40872848271427
85.97331121170023 84.74675170989588 83.4592109861477 82.12523673067673 80.57581147994152 78.9061773490198 77.05355892658457 75.09962761970438 73.21476005707362 71.28196736160265 69.20596537077583 66.98373105404828 64.58457251214874 62.1220623680103 59.65563386611868 57.23592583201882 54.59170798242464 51.73776675232869 48.56058668231394 45.47605267194051 42.50108697957845 39.21212334727525 35.48245102657715 31.46999087646522 27.71048004354969 24.67347534375894 21.65100016026305 18.66380089527779 14.94318055436445 12.50793930130129 11.85977284320802 12.55758714692992 14.55379415648015 18.43823199314224 22.43558510184841 25.06959925730871 28.69571759952174 31.71856281446161 34.55554556000326 38.56890575056565 41.51300836782335 44.40228938254748 47.12301957767017 48.86479259807557 50.9614812827886 53.2039047329676 54.51397093317094 55.21134381525693 54.6264670487161 52.88090030577522
83.70393512334878 82.35458303778807 80.91166807081814 79.45636093135974 77.95726162547838 76.42166090328516 74.71064925115428 72.83771567890716 70.77563047544768 68.59907858390486 66.40871329797446 64.34588591027084 62.19202755803228 59.93113886408436 57.34068618650147 54.50775532328316 51.5868923080313 48.45574405984824 45.32111378295404 42.33601463911766 39.24151488220542 36.17118880865308 32.88344968570612 29.09592051187837 25.18012696027432 21.58237157550201 18.43990191169618 15.18543329441935 12.51546199591138 11.7925781614026 12.91323958210842 15.39041744440606 18.0416551359246 21.80402308408164 24.85915331527429 28.74774600473587 32.16953909904245 34.98204401842736 37.996108633204 41.67840838384855 45.09216031176091 47.68977461073339 50.61295596119834 52.34363651967312 54.227123459738 56.00879849788403 57.05097525644504 57.61967242150723 57.05005315883307 55.31898823194499
81.15376459590385 79.93051436754195 78.58901303853337 77.18201285318337 75.6786519582265 74.06349903931142 72.2613003805151 70.30443361642645 68.14665483582453 65.93761156379405 63.53034438780021 60.9493429863694 58.59512724516645 56.41366888556428 53.97567764806953 51.11475586033068 47.95476401504121 45.01257290923566 42.28359195649601 39.2079407645667 36.02194611876919 33.22767085982306 29.79348704340107 26.01467553898205 22.52033726428614 18.81877661145281 14.90608840628172 13.4496377781897 11.53749595796634 14.42460415307687 15.34941869425713 18.59210351833548 21.38901131227961 24.89109710580729 28.20099924566703 31.99586840701699 35.15026749635727 38.27766291079562 41.39349714168998 44.72797332399738 48.24652377456035 50.79619812167958 53.77668530303736 55.52069945834145 57.15566281998289 58.77300889530854 59.41938904514201 59.88275222927733 59.39989438217813 57.69801399279675
78.79359385908907 77.61034093159405 76.24036967907767 74.80241528900228 73.28123696014804 71.63703213849884 69.86655037443617 67.84420686878534 65.68061640146611 63.50712782110242 61.1317780615363 58.70320285925536 55.94733905677425 53.06182706227509 50.92441711781026 48.33385594537485 45.28272311398106 41.90019216674494 38.74503524544574 35.6618560234202 32.27516860378495 29.13858591466132 25.78123678406974 23.17760200919772 20.06621663484368 16.61676579968943 12.97316222954238 10.46272006955815 14.74684808300512 15.72836364974272 18.65548773727133 21.97684613474561 25.25212048093382 28.50383683848013 31.69871458701362 34.85701189874973 38.06910954771266 41.507546209445 44.45995918542146 47.4939232973211 51.063287578779 53.89794044816757 56.69163955987504 58.36424029124007 59.86100098841361 61.4214324179301 61.95945218630169 62.17161162889283 61.66166670956427 59.89203990619674
75.52325461359798 74.43778699665721 73.33448267492714 72.11798394816266 70.69081876486935 69.08947424547789 67.35341061099879 65.37712172887389 63.1898837345089 60.90332712128687 58.62931729241776 56.14973381185069 53.64118735590156 50.92880294569195 48.03601001247609 45.04244505327421 41.91410536045357 38.58456105183971 35.03308159078356 31.1340790803874 28.11770617551755 25.45909609758811 22.17628908479018 19.80751881171814 18.37300265832797 13.90909143001802 9.993800292686259 14.34196955677613 15.64890731818185 17.98341654090168 22.90511964573911 25.37193132203742 28.42615231327543 31.73308850039904 34.74135464132649 37.7301916085564 41.00950519518197 44.51346353892265 47.32283393480634 50.21461450121146 53.49638993505801 56.46008904293559 59.21576438858184 60.98481022530261 62.34862057812852 63.99482986054844 64.33153465322795 64.47771720123542 63.84427732392587 61.92770030463766
