benchmarks/avaPyramidNullTest/release1PY_1954323dbf_C_null_dfa_ppr.asc
ncols 794
nrows 794
xllcenter 0.00
yllcenter 0.00
cellsize 5.00
nodata_value nan
[rows 484 to 505 of 794, columns 400 to 449 of 794]
110.5643560320558 109.2852146349582 107.0590407256964 104.1018708017446 101.6584684291245 102.0876721665321 102.400941195728 103.0673306284067 103.7437248273232 104.3245501681383 104.5723738843105 104.6570378857878 103.9555586472733 102.1734130494648 100.7964839715328 98.82145290508736 95.98256253721642 95.53683210085239 89.60255245273167 85.39599551601461 79.83119052438188 74.78251926455202 72.19351974745059 61.86501043930687 53.9717307446198 45.85454024295943 40.74937248171074 32.77469003699623 25.04582218099189 21.37025441074188 20.99051643141965 16.18385279174532 14.85190806305476 10.49197683811078 10.74563484139444 9.945403755488346 8.927560922310729 8.927560922310729 5.068716255615861 4.115707282480433 4.578827077027032 4.578827077027031 0 0 0 0 0 0 0 0
110.7876079691447 109.5088025795455 107.28443029745 104.1848871000686 100.5841079605611 100.8623143651277 101.3614293137114 102.1642126164931 102.1564753625911 102.4424119728482 102.5878313569039 102.4547389413416 101.5650950731425 100.2104944791951 98.42566429457035 98.03676993255905 93.51222725860552 92.69034414557457 86.558895897341 82.45171547065775 77.08512168827588 71.50422507593804 68.74348617190427 58.45537743584368 50.27994062288472 42.26729266586329 36.96237805253427 29.77998498518798 23.12138679179432 20.04768950780343 20.65727114830255 16.06708828945236 15.0203192818119 10.69741179762026 10.98709419494649 9.578136040240196 8.975200101417556 8.975200101417556 5.096763750770219 4.466032899790799 4.578827077027031 4.578827077027031 0 0 0 0 0 0 0 0
111.0080058078713 109.7309588915096 107.3946626730001 104.2264882492136 100.4186765665369 99.97159926662586 100.3270842827657 100.4621102109784 100.2940649685946 100.5647860270616 100.8569483201685 100.6695449737139 99.38620999969238 97.80230164348686 95.83417070680729 95.19143064130287 90.69873222487558 89.59622866386528 83.52993145458404 79.32446338211649 74.62947040106695 72.68959331580943 65.33776882118255 54.59586205504932 49.93484450491718 38.51249590931575 33.63142013791656 26.96764996391899 21.49810448820107 19.40862421339713 19.6951975797724 16.11320201226893 15.11457452455006 10.89137137382011 11.31724107272161 9.50831628938367 9.206039548223268 8.542969038301583 4.920420248120721 4.466032899790799 4.57076901570984 4.57076901570984 0 0 0 0 0 0 0 0
111.1908784400685 109.8843203192965 107.5126004566665 104.2615704505425 100.309459423434 99.18208398996586 98.76766615896045 98.82214385344588 98.88236358765927 98.91209173091791 98.89993921775562 98.7776920746893 97.40931252717388 95.47054858453259 93.4256181729579 92.13018448858647 87.8426474488089 86.50413413958231 80.46340350485119 76.03377101888326 71.89100588874101 69.00695955824952 61.56942867045183 50.72481990731012 45.88815474712361 35.30967659385824 30.40552985141369 24.67687826625282 20.68012377649246 19.2254431117237 18.63135720520313 16.1023289496409 14.93399805799625 11.10926444307934 11.65766733378547 9.230685925804316 9.282943985475329 8.258803490341467 4.614470970486452 4.389402246791867 4.560680776155814 4.560680776155816 0 0 0 0 0 0 0 0
111.4616698409407 109.9448595673719 107.6247223380839 104.3629214026565 100.3244337566613 97.96683590860408 97.42687906850378 97.52965836904636 97.09996017869969 96.77701215026057 96.44146065687406 96.17482671628888 95.15496467247095 93.98268850192939 91.07340840160738 89.42837456173511 84.97551110445418 83.41482223236947 77.3894638476188 72.67553613671735 68.7727760328947 65.04554767250934 58.02012974786923 51.446013069671 41.68900893183206 36.85286416921657 27.63680064804396 22.87873329669086 20.25765169269743 19.17503312257661 17.66301677605832 16.14290064833479 14.54588292060525 11.25745826542621 11.5511782921163 8.742702482611802 9.282943985475329 8.030004778913806 4.321864959251378 4.138669751670281 4.550217639830765 4.550217639830765 0 0 0 0 0 0 0 0
111.8067165044669 110.1920050083616 107.7559713720549 104.4393947273785 100.2570447261481 96.83402369271789 96.49129709536977 95.93522767988112 94.87310225023801 94.37154123430237 94.17238017851668 93.69612131954662 92.33924207807813 90.76905999676899 88.29934959567694 87.71201876784599 84.50119860841409 80.24635448666491 74.49468675045581 69.354732091207 66.38948113416764 61.32661331513423 54.31905829889666 47.53430450397869 37.76831963693316 33.66446152238804 25.27741624789647 21.94632580710014 19.90690657757523 19.10792027217517 17.41555890022166 16.24110961722851 13.9233687302557 11.40739573636571 11.13133833029559 8.877422047078102 9.164394946315463 7.40587930557902 4.143818446663952 3.887149423592408 4.54804188224034 4.54804188224034 0 0 0 0 0 0 0 0
112.1064985325576 110.3378421851737 107.9113823293832 104.4307543368261 100.2180157170214 96.19449765086242 95.10033937409428 93.98800348429522 92.96149575321235 92.28370989717774 92.04490096081699 91.39621294347475 89.58928967975675 87.69230199977747 85.22347081729502 84.62268512419467 81.37947393271223 76.94691970413486 72.50505404067965 65.96752843319436 62.99296591243536 57.35703060994744 50.99888044951769 43.69888861527523 34.30263452182012 30.49996322965285 24.67068979008865 21.88434270858577 19.71023422141522 18.93582470559015 17.51488152514743 16.28246692837621 13.13626388483677 11.55523863901117 11.07308859623104 9.224753733049054 8.814130240428918 6.961195050268365 3.984322707754635 3.696506875004532 4.55528319261809 4.55528319261809 0 0 0 0 0 0 0 0
112.3725334386995 110.7254697719231 108.0046272081531 104.4321640043905 100.2376993906024 95.43788706577442 93.53908930283791 92.29312245009334 91.20203116439711 90.23715018749816 89.73435921637487 89.22999472683857 86.9087909876889 84.6988461893428 82.09111246791446 81.40841927443988 78.16270648452763 73.5236906154726 70.75440743367973 67.13929174813231 59.10329160668136 53.91413494168968 47.27074468467044 40.06700863693016 31.21059714701972 27.72905124202638 24.58376294574834 21.85713648392035 19.65429541331606 18.54484353788998 17.48126027247523 17.2353112800878 12.19405644275143 11.65460158321949 10.96817078571235 9.277688200405684 8.299162779187805 6.51485444694764 3.796277447282556 3.542981996156323 4.562162390278769 4.562162390278769 0 0 0 0 0 0 0 0
112.7994472279651 111.0866643183311 108.1891870065654 104.5793556635916 100.1568830894662 94.71610744617907 92.04321314263733 90.76620996997435 89.43441593315123 88.00168222354213 87.07334146320659 86.47512143717776 84.18786851861393 81.70029126912605 78.98203045948992 78.1919350027011 72.41962505317765 70.02865040150365 67.17977857857673 63.29559378681719 55.67958125251734 50.11700301249478 43.61274320245026 39.63039184859577 28.52396926751344 26.81384382332359 24.62825423442739 21.68902968185222 19.55008783096552 18.58953628430672 17.09139097004707 17.45385754414604 13.64262854598781 11.69707991923855 10.76569578015928 9.261027217818473 7.75474660244954 6.436027254269045 3.645003317719381 3.436655104896623 4.568710697856766 4.568710697856766 0 0 0 0 0 0 0 0
113.2464549252522 111.3675235708616 108.6204872183504 104.8195247588069 100.1014109194726 94.90189008977524 91.07125411292741 89.57606619134184 88.21740513463422 86.00915244665507 84.31953062084069 83.65219533311584 82.41125139536008 78.66443133116708 75.92095023569078 75.0057773908286 69.31588046885081 66.60640378968507 62.37706117739683 59.60171667541193 51.96635204311445 46.54105817029046 44.74610316882504 36.15012220159214 28.67558452815763 26.86564759406062 24.64183693168765 21.45403557913341 19.41387070939669 18.48649206626833 16.56687034001027 17.08044746431645 13.70051093562756 11.85810916212318 10.80209829911773 9.212322412611575 7.264393342155644 6.683786683950099 3.508157969082282 3.351396382056897 4.574939173517187 4.574939173517187 0 0 0 0 0 0 0 0
113.6155653328672 111.6043715123346 109.0191070166652 105.1067863106416 100.4078604231851 95.18908245384948 90.29159436259313 89.5098414127541 88.14229511887173 85.98621534520515 83.23497098130245 80.80958985449325 79.4545677906335 75.64495523228939 73.13905306762786 71.92556274420353 66.90843348098061 63.34731192422944 60.12689881066845 55.51843038164368 48.45218473489732 43.27546126893285 41.30337556014387 32.3470448942651 28.74004821940322 26.96098092094746 24.58337636731983 21.55597752506398 19.44188523358343 18.44534960114649 16.3412318930371 16.24098492123064 12.71151551543296 12.03829423507572 10.87917494558923 8.988483147241269 6.883547102939625 6.757684503268803 3.406295383362829 3.288484761600796 4.576614007942164 4.576614007942164 0 0 0 0 0 0 0 0
113.8848884012048 112.0617273485759 109.3216702747932 105.3032451745567 100.7857950166684 95.29478903002281 89.73344148499442 89.41251660156685 88.16138040264866 86.13055966872804 83.33704562246361 80.08595461407418 75.70906914369989 72.81330446235488 71.04539528019801 68.29858059016352 64.67421831774641 59.7641515990248 55.73707170715646 51.7211092559025 45.02642597452738 40.16693219327831 37.57370129400599 29.97475443728046 28.83297772457497 27.11626945556414 24.43048382155384 21.78934800603383 20.63859644718066 18.29474337420837 16.1419859732404 15.32985345951296 11.58262421183966 12.29349918357057 11.0231187239838 8.819966001981834 6.96101313764351 6.853105665434515 3.269476630749238 3.287055850993053 4.576614007942164 4.576614007942164 0 0 0 0 0 0 0 0
114.1705646202251 112.5056942815077 109.6845756156264 105.84604277225 101.0222605874251 95.48695368178959 89.46786294218985 89.30968858107573 88.23499668378079 86.12607968368381 83.43121999076159 80.18125763001416 75.89614555047014 70.89492135809381 66.24733482346053 65.1494760549764 63.91941158305771 56.41088989788119 52.94275774055056 48.03243127401232 45.24544075806691 37.25081076298694 34.17842408689982 30.08213750706952 28.9889094452819 27.03361318926857 24.1364225956242 22.13419742709188 20.34855910416329 18.05243732899471 15.90329480514505 14.24713224259476 11.30133534092507 12.43416967486169 11.29692419284284 8.760493505835509 6.94990355997095 6.880605656983152 3.259715682326656 3.293804536690846 4.56737628480748 4.567376284807478 0 0 0 0 0 0 0 0
114.6308706467652 112.8139511129802 109.9205918451743 106.2288699963678 101.2445571728553 95.85337786773442 89.63012468246241 89.13808569553964 88.25884319042886 86.26340771647156 83.58174614531335 80.24572977666681 76.07945806406855 71.22755039810127 65.63812871718282 61.7671244375502 60.09292357796668 53.00504497786077 49.32025005213383 44.55147221421502 41.80073421840586 37.55420925379867 31.44122758224809 30.23331416966583 29.0616619860416 26.78386611364291 23.65744689258129 22.22509735244873 19.52936039149525 17.73452501778805 15.76972234200524 13.11160345872976 11.56723406210751 12.55646493312531 11.38463295151995 9.035944931865947 7.142722277804958 6.930372621274829 3.271288901558479 3.298672062716078 4.557132754545116 4.557132754545113 0 0 0 0 0 0 0 0
115.1007084924788 113.1505843554548 110.4580880624312 106.5436571867179 101.6224735696643 96.04002495265011 89.64285984707112 88.99774467212887 88.40906922846099 86.35907429381095 83.67559952510065 80.36423358942712 76.28880167491027 71.45587262246801 65.86856056040283 59.87110874787292 56.66306785409426 49.59722713597453 45.8424757997613 41.21764441709728 38.27139112896111 34.9203676195192 31.7736698017919 30.47747969334402 29.22388783530157 26.67621519997502 23.56159748267173 22.03267411258489 19.50213433653864 17.33595242262501 15.72512411433223 11.91721929263506 11.9466015785272 12.73964320455293 11.67679544968814 9.113724629619011 7.387735724726849 7.067810261196052 3.280898010604631 3.298672062716078 4.546561619997899 4.546561619997897 0 0 0 0 0 0 0 0
115.8581639892974 113.8814639229282 110.9044972567466 106.7768432499966 101.963012326035 96.52108514658286 89.87351529830579 88.88725951109294 88.38755125616477 86.5416957008122 83.83668635633492 80.48821568682031 76.40654745463935 71.59403267210132 66.06357157982093 60.11669352854739 54.80739213680258 48.61304415458535 44.18275371691604 39.80078958615812 37.47642792658233 34.13459906452927 32.18480433332972 30.72658024579058 29.33211085983505 26.46237455488745 24.26080381412712 21.62629506975583 19.35430088344779 17.43847537893278 15.55809087716467 10.8964636247487 12.21861890377172 12.90241528010543 11.97693252006954 9.011548955704708 8.364750497223472 7.375282959014183 3.280898010604631 3.293822024896737 4.550564371664012 4.550564371664012 0 0 0 0 0 0 0 0
116.2303204302219 114.4405817503089 111.5555135313787 107.2088153288264 102.2488099555987 96.615067267442 89.90742266134011 88.76318267208629 88.47013220795971 86.62392571622922 83.98863221165819 80.63476621380849 76.60606708759373 71.91422400230636 66.33101220712285 60.48212075792158 55.25946789000851 48.93048350281464 44.43077206093749 40.08327132407427 37.19305306110385 34.21010237671759 32.50290525752581 30.98087726948173 29.24173483704698 26.20110126653799 24.56976585924329 20.81197419477842 19.43364971606532 17.80443873125353 15.47180254002229 10.42225834017466 12.39453771677702 12.97110040353442 12.17223118618917 9.119484749581085 8.398234501711691 7.745352898635571 3.277036211367748 3.287975705530902 4.557677041434022 4.557677041434022 0 0 0 0 0 0 0 0
116.3199660466828 114.5182982402771 111.5011964511667 108.5048689414412 102.4609291467053 96.87363497964205 89.96232120606722 88.58423560522515 88.44253463503598 86.78288004076967 84.2391706734785 80.83177951136328 76.7947443631757 72.11859290771451 66.70836611523372 60.91380206014216 55.61867460982176 49.16629004040523 44.61809395307443 40.48693503761787 36.88667342248993 34.21152886160375 32.82943950739043 31.2163718032226 29.23021820712361 26.05750640461672 24.57333725758105 22.27222223773143 19.47808060478501 18.06820445537392 17.72693980048709 10.36613298871853 12.43350440750964 13.05685734904525 12.23780943100969 9.045924241078589 8.398234501711691 8.221107609722003 3.445164568667549 3.281307554304211 4.564440273313725 4.564440273313723 0 0 0 0 0 0 0 0
116.5470537597634 114.7152085233095 112.6859900640483 108.034841261941 102.856784364144 97.11995940649085 90.23725923887379 88.47304807105745 88.57686759981452 86.90463487979213 84.39330852618747 80.95257470356768 77.05691684242913 72.47725907929664 67.14910468294676 61.30581494263871 55.77949796683045 49.49373119173809 44.9404009846569 40.76222388087204 36.83189739110564 34.36281915848307 33.14815020717086 31.30255319916646 29.10606288150493 26.12410504951998 24.18324285051019 21.99703623825821 19.5973563587863 18.26857548170182 18.15906838956759 10.41484748778972 12.33687388347297 13.28233153011527 12.01151755348531 10.84178007823385 8.3090165013096 8.478460962649555 3.512995592854095 3.273878889324481 4.570878731389034 4.570878731389034 0 0 0 0 0 0 0 0
117.0304103102989 115.0778475376917 112.4337642696459 109.449234940556 103.2558184633309 97.47770916997554 90.4754226902115 88.31683048032144 88.53323673221988 87.05389467233844 84.57771225362852 81.19396469839191 77.30158376726585 72.83914891660321 67.39963804871839 61.75946992419755 55.99012492358338 49.58993867267657 45.2742777116072 40.98514941323448 37.15490899118486 34.56358883527451 33.37352460271933 31.41059064731053 28.95511154836397 26.31582909871693 25.95693525326265 20.48953185975612 19.63001988458518 18.09220820210886 18.15906838956759 10.24750092701002 12.50688873640909 13.31914070142805 11.87695371018394 11.1428213977484 8.388821619959643 8.669789708791303 3.569954740235745 3.308781417252405 4.576996984541137 4.576996984541137 0 0 0 0 0 0 0 0
117.4913602827227 115.3794618711517 112.896395145245 108.8063154167077 103.7295356293004 97.7190062314768 90.58308117032888 88.22590509439927 88.6189314117388 87.21384922856332 84.64229674507192 81.29914655704233 77.49198870377866 73.13696288255061 67.71076821140694 61.93212273445279 56.07028807094358 49.84320559751706 45.15218691305685 41.21818565784388 37.44980389739793 34.82240410362684 33.58897666691471 31.50944137030908 28.85125335112753 26.73876916096399 25.72452789357353 19.39730124471347 19.7036980265752 17.9185959409052 18.11533536314082 10.22368209333533 12.61106351050959 13.34771983592257 11.8533747189286 10.71595570004313 8.599818198980589 8.724134159296424 3.617986003105975 3.617986003105977 4.576996984541137 4.576996984541137 0 0 0 0 0 0 0 0
117.865444776537 115.9488106721666 113.2757052234009 109.3163484583574 104.1338900960435 98.04272265091176 93.38274803346766 88.09576359426657 88.52118992823868 87.30721034596424 84.67444249744939 81.48086949914931 77.66724619340489 73.17541687115236 67.70134263529739 61.98332050570367 56.17832962082194 49.86078550205406 44.89438526072549 41.35856959313774 37.794296883303 35.10584455063046 33.66879867581483 31.51137112783568 28.61590157327873 26.78278535287455 24.56978143867923 19.41790330064104 19.62787090206813 17.75762369583197 17.60710673873715 9.996003615501365 12.58927177668826 13.52857462247679 11.996618254356 10.1863676674622 8.640136636237594 8.799323188335739 4.040838360341548 4.040838360341548 4.573596570837657 4.573596570837657 0 0 0 0 0 0 0 0
