benchmarks/avaPyramidNullTest/release1PY_ad4abf69aa_null_dfa_pft.asc
ncols 794
nrows 794
xllcenter 0.00
yllcenter 0.00
cellsize 5.00
noDataValue nan
[rows 176 to 197 of 794, columns 350 to 399 of 794]
0 0 0 0 0 0.2093280375500011 0.1876932799464901 0.1917379649647116 0.2632496139417028 0.2424933604286984 0.2776685530152708 0.3664435590988711 0.3073700701769228 0.3603470798063259 0.3801005011852135 0.4038856233988764 0.3965544723323083 0.3478646957155631 0.3766677274034651 0.3302280090842259 0.410629945603019 0.3801667154725267 0.4044491220390712 0.439461744210518 0.7173981352991435 0.988326485892136 0.996339657365646 1.109861775173238 1.083252795468736 1.142703557526047 1.166887562950672 1.222015922183358 1.162075512517764 1.166476348580702 1.189424424681051 1.44387570223281 1.551878449919752 1.585575809180009 1.484645126821675 1.442194763722777 1.327661152810418 1.406907630260997 1.355739720982251 1.344817866019639 1.314875811855902 1.413215153851709 1.325674508541215 1.263011797780351 1.144332755487965 1.164366478795558
0 0 0 0 0 0.2050982171215715 0.1880660692258801 0.1962825401156327 0.2482743967165606 0.2385511160219602 0.2807493934350682 0.3734068522940447 0.3061138741497906 0.3610343374372444 0.371668328306708 0.406831222835115 0.3937634778343372 0.3365770162459663 0.3773780701926701 0.3240560821390582 0.4210699218279114 0.3711519515634055 0.4054083789912405 0.472881104388796 0.7253299692467456 0.9892443034765157 0.9935389375805106 1.085503924168574 1.092464832943831 1.124097250552218 1.16296281374506 1.222049198579617 1.160412978001736 1.129934788225521 1.219713172790395 1.471995462993411 1.543956180981731 1.57350736063434 1.494496927609996 1.419946218772468 1.310018011508487 1.410196798857231 1.336905869684813 1.342953031175072 1.33142628481897 1.40778174551898 1.338453925661101 1.247855748779226 1.130871401528677 1.148153582733317
0 0 0 0 0 0.2088552440052538 0.1886965510150752 0.1963050057599642 0.2475884839723947 0.2424231071696097 0.278034253205845 0.3795992133762651 0.3004948035278389 0.3466196887104647 0.3631111721734615 0.4042199578033613 0.3965501406839066 0.3268423839012448 0.3715557901864147 0.3208343576027847 0.4241319925543257 0.3862993870888979 0.4061891861225329 0.4747501179354167 0.755367495013587 0.9871883778489994 0.9969899780110049 1.070093456175529 1.073326056442585 1.110635964164913 1.181795978095815 1.209659091570937 1.149379509464589 1.129707331766682 1.247984155503219 1.483762431246711 1.552129479896409 1.58487549096545 1.500940236181769 1.379073762070867 1.277086902064853 1.406495290302236 1.342726200513372 1.325809430455904 1.334452875127196 1.396010236535754 1.320548043780564 1.279285588820692 1.171558989885766 1.191162510570264
0 0 0 0 0 0.2055872805673976 0.1896141589351915 0.1920597535848665 0.2466403375409109 0.2452885604213238 0.2764520720656345 0.3850651208607836 0.3137195799145552 0.3366671506427198 0.3459479863088836 0.3991861676427036 0.3927115016289748 0.334834450957935 0.357574201484762 0.3268164039798669 0.4329484235145426 0.3957335920229471 0.3931513092266414 0.4828839698007066 0.7871812895099678 0.9808161649279346 0.9854328827157354 1.039937290709389 1.086474875032543 1.10441223742219 1.18065658257998 1.219409292539102 1.133802188852186 1.097986241658286 1.296484902306407 1.485416017956028 1.565509133055641 1.579441879162971 1.495499848215257 1.367749095427728 1.272701559435491 1.36321768085144 1.321405911008401 1.30769368067277 1.319105351445746 1.39240504446877 1.366275942198969 1.31343992314595 1.172244278030917 1.195156809886687
0 0 0 0 0 0.2083939043949807 0.1908530594555963 0.1969901963989799 0.2503015409051694 0.2554415492110546 0.293426381512096 0.3858555917500322 0.3232532251232182 0.320672046883102 0.3199471414731848 0.3975650025064118 0.3885803088075733 0.333147801979487 0.3542290486513092 0.3309383547415005 0.4370461386196522 0.4013266963002015 0.3846952453533644 0.526976317987414 0.8165572232275348 0.9787771901102471 0.9974768934063503 1.034600325490174 1.07126788139515 1.08540736596449 1.15285203217403 1.213846286844344 1.13672944512527 1.113866509416656 1.347010367515459 1.504689320442977 1.55574788346444 1.55198250193138 1.49220904765903 1.363514106658511 1.249086095405408 1.359380097450404 1.290567333914187 1.301991602437511 1.317631516133821 1.404919877812915 1.3992082882829 1.327015795160114 1.196695818720068 1.218947036367334
0 0 0 0 0 0.2060661409258843 0.1924401807309537 0.2103603091805671 0.2593178838563359 0.252262949941016 0.3130718056533116 0.3819785488244207 0.3291468263998645 0.2729717156949356 0.3223959968082918 0.3982472546537797 0.3851371005767952 0.341320158999137 0.3565446671152698 0.3403056830352618 0.4411544215571569 0.407019769844578 0.3802800972563268 0.5376611674480597 0.8462710995555973 0.9795958875076797 1.002188289448941 1.022846147025655 1.073177358091383 1.076797635316508 1.148562322951347 1.185523738215984 1.116490413960604 1.136569254220261 1.399124650138819 1.510102986007021 1.58261502297152 1.536652373662946 1.485181817084037 1.334345362486749 1.225518012355256 1.336797054489485 1.275116068003594 1.292456569117953 1.3194351216177 1.404780546658706 1.434038430551759 1.329882608874753 1.264464997463936 1.223870393585495
0 0 0 0 0 0.2079404907730988 0.1917355764162011 0.213213531096867 0.2683812328177105 0.2475773214466755 0.3236896420127466 0.3771406890152016 0.331404446842375 0.2742156135352046 0.3427933245684804 0.4016598364782168 0.3886637802902103 0.3383106259015954 0.3566536365657888 0.3445192657439068 0.4384180664438215 0.4106612793271943 0.3737111845990848 0.5575614214567001 0.8685150829252855 0.9826180202124647 0.9959520506287852 1.025690392021577 1.064726691923261 1.044958294639796 1.129572140453193 1.182158766347045 1.100805979866324 1.167188684423994 1.43354986267343 1.529028389548218 1.59926434755453 1.53416117037606 1.478920570669856 1.31743269025976 1.221723645850564 1.309990811868704 1.257006789645995 1.299932155836916 1.381111858731283 1.387171459880706 1.453824729528064 1.326305912395116 1.277204887015632 1.236514449328993
0 0 0 0 0 0.2065383947684159 0.1897673545687713 0.2207423209714319 0.2806521438785242 0.2377206673787538 0.3248960014317738 0.3726422401927629 0.3287563544437427 0.2884227264611288 0.3446268183455695 0.4020314723829506 0.3855440282975919 0.3360559507011462 0.3600821403615538 0.3494487711617683 0.4345253997473329 0.4076807828267426 0.3733644602008432 0.5811319924479262 0.8801755514265071 0.980796735992628 1.006556771883691 1.027488770634471 1.031519451698804 1.032331346183056 1.113623914574024 1.157847404139609 1.085679177657747 1.21382930860562 1.481005864407217 1.545343788602207 1.595379930849985 1.513194027427861 1.473063548505987 1.3183871268202 1.196519842746624 1.272890410645111 1.249805925088004 1.302925960363909 1.427122196420316 1.423787815691834 1.457209453201951 1.321561485954675 1.267967847966348 1.238428706049469
0 0 0 0 0 0.2074916704797061 0.1875297109123865 0.2246070621406154 0.2860899357436997 0.238447350847388 0.3274558070733606 0.3599338414768721 0.3246185734247773 0.2905914617467926 0.3435023999912045 0.4075291868422003 0.3896897104301236 0.3329770420113439 0.3632992522928173 0.3616989607407204 0.4320865781314682 0.3990995691071462 0.3546426318687748 0.625568701708123 0.881294584114277 0.9706502714965217 0.9998674761548113 1.012537363422534 1.017529919578154 1.029598049858252 1.119077564808234 1.154545326755793 1.068541507263954 1.25237112307321 1.523328123192188 1.537904342186189 1.573197636038898 1.487045222137925 1.451776913423068 1.317729897348464 1.179935618170232 1.244027099443776 1.248366783106133 1.350177563434298 1.449869703643909 1.447121434217904 1.45027821954703 1.324045785962989 1.275071107970658 1.230268764606381
0 0 0 0 0 0.2070074287059487 0.1873392545660387 0.2266138767066718 0.2971936370693777 0.2426098341451054 0.3286183512107586 0.3379044360506424 0.3203750778563234 0.303991776144843 0.3337856640346712 0.4090574604980825 0.4004801459721103 0.3248828427639256 0.3609436665841186 0.3679894995800296 0.4247539520465283 0.3851993450858381 0.3665508313145077 0.6787702110489003 0.8869675192678945 0.9427547442784122 0.9939659882779227 1.00270498790828 0.9736088283600015 1.025637054662679 1.089306694816529 1.156084308069189 1.111416684031515 1.270156735489827 1.540802579255987 1.528908236035071 1.573666879410232 1.461010433663499 1.419636187312012 1.3008417714859 1.186707519360618 1.219666951490043 1.23424725500317 1.376393438681685 1.449872127255565 1.452419600693768 1.44831709961969 1.352166086878576 1.274302505220597 1.235065953565309
0 0 0 0 0 0.2070442851371112 0.1905813122877684 0.2341480635239196 0.2991971259964513 0.2422475488078989 0.3282300417488785 0.3051839716054517 0.3172798114806594 0.3049813866281768 0.3195626777897356 0.4095398050124849 0.4097353220463548 0.3295886449993609 0.3547853661462778 0.3568223520649115 0.4123887162597901 0.368014557002998 0.3960673216897665 0.6961726111726856 0.9000527947032166 0.9213144404388852 0.9841089621669853 0.9794848409732256 0.9580899848080769 0.994143530272763 1.078021935322518 1.138477804620783 1.170447889145297 1.302396546590983 1.538504515351883 1.535485094149996 1.564079957657043 1.460769565342136 1.384297610712625 1.282872187860514 1.157872057955238 1.195399747662497 1.236842627645595 1.392823098394908 1.442878020120391 1.447828035871093 1.440451112629186 1.377581031304633 1.308896688981986 1.225400983976839
0 0 0 0 0 0.2074765902323559 0.1924953717701471 0.239185712969559 0.2836734690999175 0.2336795099918212 0.3253985548493877 0.2979267945451281 0.3101371484202622 0.3274981512366416 0.3265718873797512 0.4054961236137651 0.4157789002120795 0.336243019664429 0.356113179425773 0.3376913856317011 0.4198431941386425 0.3654637653464475 0.4197735688968034 0.699423531621736 0.9263689577057986 0.9167990504530286 0.9809891822794647 0.9411191793816293 0.9431067134410379 0.9947562473965736 1.074749369862907 1.141771489688084 1.198632920365476 1.353466568718455 1.556547203173813 1.525085397260723 1.550954087640405 1.4476118638932 1.370112798046458 1.266687748747904 1.12584095526203 1.16407969442005 1.223941667832209 1.408431494400768 1.447177258115222 1.439027772186367 1.430908955413066 1.392893171157455 1.347890651505416 1.224295174027184
0 0 0 0 0 0.2065951417439786 0.1888427649644359 0.2372462346870851 0.2740059917146126 0.2447773139857239 0.3183715446608507 0.2880635861451601 0.3185643591019785 0.3366441753555107 0.3327573337440478 0.4091952245352171 0.4170533661596296 0.352854595689525 0.3531282670549141 0.3318800195937263 0.4109022494983777 0.3524720831465007 0.4538216517328181 0.7023368275102594 0.9489214621313027 0.9118887859138739 0.9806681805423682 0.9220390439812854 0.9300030088647395 0.9927480133182464 1.048673928612872 1.130757279964227 1.211147460919751 1.398486119983738 1.553174779930234 1.510550179166072 1.520621318155962 1.43231627570794 1.358207221796812 1.250817516266232 1.115591531485202 1.18370674462893 1.272672555436756 1.444771525284333 1.468743980706364 1.452805203251049 1.430006478833056 1.412018872815646 1.378409139239127 1.240838624730793
0 0 0 0 0 0.2079491927773404 0.1879031418015925 0.2202066443934352 0.2714867909347576 0.25315368112706 0.3103574693916495 0.2875750999264593 0.3248349401357788 0.340113620897856 0.3326967330054491 0.4104937039742501 0.4168668387048202 0.3655607097614784 0.3454469187162539 0.3398191323180229 0.4063144836031347 0.3660879291592675 0.4773682676104691 0.7090336905629183 0.9510952338038744 0.9064527457603877 0.9785184169578148 0.9185439729222874 0.9230669535618204 0.9988232367121088 1.03177395235844 1.127033208727925 1.259451270341787 1.429061132882388 1.549498330663083 1.519539268622566 1.510792686897031 1.41254393346336 1.335182848527285 1.232959605777934 1.087669101003262 1.149211592840583 1.323578356995889 1.473101641150055 1.500134443716353 1.485325503340872 1.454088160157188 1.449907702451481 1.404058148782647 1.270436466311638
0 0 0 0 0 0.2061410403872279 0.1926906863087851 0.201746984894873 0.2799230614585132 0.2637075672515305 0.2947721532498424 0.2996520018959795 0.3252865279003163 0.3421291038905361 0.3339333044965928 0.4078330486567259 0.4133388167955162 0.3763676830040387 0.3553854924642812 0.3693407757920705 0.4074508348611563 0.3761179084033873 0.4773946448557992 0.7280279456327209 0.942269024303071 0.8942323546424605 0.980660716764832 0.937048242050827 0.9092278571310859 0.9857305717181808 1.024540545990738 1.120468137446107 1.297385764148677 1.448847552957237 1.561215719335401 1.512896951085644 1.501660895614304 1.400613990205223 1.31362129155323 1.237110772113012 1.090157073462424 1.185403199885365 1.370245437762145 1.492082928551654 1.526264030283131 1.519944344677919 1.496657980388514 1.497232233088321 1.417451576346308 1.286404605346674
0 0 0 0 0 0.2084286972268203 0.18964487131765 0.1995057458823501 0.2873132938896997 0.2534811438920143 0.2876921028241061 0.3012138234216228 0.3392725241884168 0.3382949794015609 0.3308561144189745 0.397252167574664 0.3997939182214072 0.3857963188863442 0.3510863817972864 0.3934427708275311 0.3987249000883056 0.3933459201036286 0.4906651424385664 0.7551419294119341 0.921231374653936 0.8798067792887748 0.9707474223758031 0.9441010430970522 0.9095525201209033 0.9826631808675547 1.021038560175113 1.115632648641611 1.332149911735012 1.477896381029322 1.549531005396158 1.505168173837498 1.493618788736497 1.410430064345845 1.292247857644038 1.221163586288301 1.122411137541952 1.236087126199689 1.403461189426729 1.510384792594055 1.54536215746407 1.528124953005353 1.528419035538034 1.518020083348225 1.411138722077403 1.316768251631967
0 0 0 0 0.1131366567671785 0.205678579961087 0.1884924252590653 0.1995563205759386 0.2843378677368765 0.2525642752349115 0.3059597907437356 0.301928100642083 0.346959481905572 0.3372367868702331 0.3476427456497228 0.3877872096047091 0.3933596638235664 0.3902017701614795 0.3580819147290947 0.4107084407546713 0.4000666147704386 0.4060401293456198 0.517358450383552 0.7844925461055339 0.9254537460525744 0.8774501217929805 0.9692886565091203 0.9325847698157607 0.8991553955546407 0.9688720892283859 1.015448576402977 1.110799209809633 1.348274631350559 1.496975884872345 1.523369591033897 1.484914272722712 1.483867711287129 1.407492954423244 1.271740855962625 1.193236090437512 1.166486139295337 1.27546183669446 1.435696808774837 1.519896647139148 1.537961850287568 1.51074911477115 1.532840231762621 1.511430970068988 1.411730147412365 1.33755154184267
0 0 0 0 0.1380769195712101 0.2089187259832912 0.193223022083994 0.1998617097503841 0.2923336966188925 0.2535277191839369 0.3110616072722659 0.3080501558361831 0.3501190788905833 0.3402533221935839 0.3612659536770608 0.4000758043801707 0.3762180896832207 0.3929213784672068 0.3498307104935478 0.4197611313729891 0.3981507381299259 0.4140730830276366 0.5381771279556203 0.8101397828095578 0.913733086131517 0.8850594950910228 0.9599174720433495 0.9239429150503242 0.8760748677042735 0.9503837742250891 1.004919422866994 1.143593871311492 1.350403191740537 1.500971230400212 1.511135159889563 1.4744770457249 1.46060024592632 1.385986434165188 1.253031799546062 1.182702399251793 1.218071176043892 1.315406826184729 1.466429500898697 1.52313889379332 1.525197297919562 1.497269894113912 1.524448983393146 1.508332748006897 1.403104381345222 1.312674300695075
0 0 0 0 0.1382728741929406 0.2052041282784748 0.187606057808691 0.2004161840783274 0.286581854171716 0.2585721915188897 0.3272703084130081 0.3137369818391904 0.3553480669656203 0.3438010287343717 0.3713983527713416 0.404980676281348 0.3935776532558852 0.3907321703009086 0.3392076460338859 0.4173960989558562 0.387257939139371 0.426539620810874 0.5590685273231462 0.8381443003499588 0.9097000789754472 0.8819920852913046 0.9580575956416592 0.9190624166737107 0.8538532869999302 0.9320552726551626 0.9832388228226441 1.1709745955719 1.358725028936667 1.506339658739403 1.502051684898042 1.466563237569444 1.438545652824907 1.367898509955664 1.238982238836073 1.181315252136131 1.234520534087607 1.346369308235592 1.493020225455409 1.531732045740134 1.520208817510419 1.503408184288664 1.497249063970744 1.47389217195443 1.404882058972986 1.322250533586176
0 0 0 0 0.1366951796054743 0.2094232541090851 0.1919339400064724 0.2012066867911962 0.2817471661212584 0.2694884068205812 0.321290808077374 0.3333565357576306 0.3605058451826175 0.3394354608310216 0.3667711400411487 0.4027183761094549 0.4036038433963189 0.3796757263249044 0.3417466299253916 0.4386374868585109 0.3857076522506346 0.4172022582686749 0.6092690608045098 0.856603865181077 0.9104751062490897 0.8972822152202852 0.9337946591616538 0.9001572108523365 0.8417488719969356 0.9049156827032933 0.9777150555124747 1.200192217806805 1.367299393602989 1.505372579270233 1.485519583442439 1.45224892331185 1.413476657106029 1.355347056385028 1.212625144172326 1.165470490754711 1.25135363278516 1.361937976911065 1.487469225157187 1.526679423961804 1.497658079178096 1.496855359443804 1.492844381127431 1.448722535730783 1.398234712130945 1.330544259142935
0 0 0 0 0.1375260086667962 0.2047137107407078 0.1897070507961086 0.2022158602321774 0.2633055819207101 0.2733653584489156 0.2966812989174988 0.3609595568355892 0.3636357944990227 0.3274860901184241 0.3672443034812729 0.4036306326124657 0.3974723442517141 0.3764824076813192 0.3327378484532047 0.4533423199165257 0.384163496753248 0.4341031861814248 0.6379764284632023 0.8790096769681591 0.8987374753586997 0.9077045764442363 0.91597430459301 0.8874629634618012 0.8292616688210772 0.8954156133697777 0.976437173685114 1.222392472083684 1.359263202276348 1.480403049048599 1.457806975601169 1.428365752541088 1.395478719721162 1.364454079397046 1.218133782062712 1.199531899091751 1.262643823014024 1.376067611909265 1.473040119836308 1.513628989274637 1.476264021466958 1.497326404605023 1.496781640899491 1.4276801353274 1.388318815578945 1.323146296710217
0 0 0 0 0.1393315454094869 0.2099467570150645 0.1903729206838249 0.2041690386005955 0.2591131521406147 0.2676867315354231 0.2814785782455554 0.3809457365178932 0.3634503210537129 0.3337073727403249 0.3471271872348008 0.3939731014424678 0.3972055215639171 0.3748320356764894 0.330497485941355 0.4557221446923336 0.3986048393178879 0.4467164657315483 0.6469846416187971 0.8937107819564337 0.9076599419138786 0.9258071318302303 0.8967674728473404 0.890535005107512 0.8124363234773145 0.8851554282215564 1.021286406513342 1.2281767741873 1.346630711299516 1.453947350737735 1.457587954967443 1.402269330973315 1.38108806648372 1.363486693034739 1.1942254677179 1.211735113095773 1.248154620932832 1.360788496538075 1.460488650571365 1.499295996203552 1.455699627006887 1.490032462518012 1.478674353154791 1.399256049951197 1.391434528509395 1.318371340751185
