benchmarks/avaPyramidNullTest/release1PY_1954323dbf_C_null_dfa_pft.asc
ncols 794
nrows 794
xllcenter 0.00
yllcenter 0.00
cellsize 5.00
nodata_value nan
[rows 330 to 351 of 794, columns 392 to 440 of 794]
1.162104603139103 1.16795766176524 1.157870355201389 1.168551663142554 1.156159513807654 1.111800531672332 1.142961161167588 1.162393001995256 1.138534773474134 1.119114314076507 1.134487092731087 1.144407608220595 1.138205819905235 1.134856290542264 1.147433749838382 1.165012329886486 1.143786679971801 1.144493140240961 1.178034059207241 1.183099290428697 1.188996373053282 1.176731778076265 1.171960049049394 1.15963500117095 1.144066844631021 1.164655388543081 1.122043386151108 1.11434730377114 1.080911254058351 1.064445532267707 1.019130584080694 1.013657726401483 0.9708046313088223 0.9479413989655049 0.9118831895545821 0.8351750018917712 0.7413820134981052 0.6601801947944036 0.5485501000524706 0.4560509671550377 0.4454963689055536 0.3737243848507641 0.3614465995875505 0.3020135958000936 0.2773257792644077 0.2590554457074166 0.2073062823343159 0.06012545971977534 0
1.172490108138693 1.181043344878713 1.152647208516726 1.154465898513583 1.167320347810097 1.111795725544391 1.126628284182436 1.149259668407766 1.13618397366061 1.136611348351855 1.123546497106197 1.136364233104642 1.147156453455058 1.133901449502539 1.142138656126889 1.154364351953414 1.158507659495522 1.164052781303146 1.177754753657128 1.205081669565511 1.202650665917293 1.176784559731621 1.182659981387592 1.174610707381617 1.138272576314708 1.164147366148909 1.129748181050292 1.119795607589268 1.084309069143422 1.073890218447033 1.035126263563904 1.025440936841012 0.9855093604758258 0.958473915908823 0.9179456618530897 0.8552567937525265 0.7536123065028895 0.672647900352112 0.5688438957439285 0.4954118537148218 0.4648494396065891 0.3697284433027588 0.3547437097262277 0.2908812845293449 0.2837979476024846 0.2718771989145507 0.2044153289867917 0.06061884582709438 0
1.155645304336615 1.169536124951969 1.149279108150511 1.140291383767211 1.146289353966411 1.114339874634461 1.119054395911313 1.126308262505779 1.13021929386414 1.118333504420473 1.130770690921443 1.136485098076121 1.148669808248937 1.122363400916765 1.14847568399254 1.168781604418151 1.144879869160131 1.167199545603869 1.182799168512573 1.217132599435522 1.17733474590654 1.153847573727614 1.189301669009057 1.158594502424196 1.132977567349902 1.151606466185896 1.116378099928715 1.100432907377666 1.086200612834542 1.084587751190043 1.052419849998442 1.048287640730946 1.000622067409668 0.9681276470097424 0.9255417426485808 0.8568367120699754 0.7764380483258401 0.691024120530715 0.6018363517506419 0.518765071276616 0.4773118258464541 0.3590395297119064 0.36036502485428 0.2898704784820079 0.2793333665741694 0.2878272915115075 0.2081767657796801 0.06025696700308762 0
1.14196997332121 1.152587640538161 1.130279990169497 1.126900727202991 1.132170910172848 1.106005957585522 1.121310903901004 1.103418808179692 1.126828375317261 1.106991439530487 1.124881756730836 1.132783764218123 1.145765848073439 1.12855284075952 1.143598241176034 1.165014812017728 1.130060644284461 1.140876695479139 1.184356757433916 1.183289325346494 1.150027388638269 1.123952260809241 1.150769135866826 1.126378956936527 1.113420840412042 1.130267145033659 1.099211569482247 1.084492083854609 1.082331486992186 1.089294786349032 1.045184339623412 1.056636368849392 1.014803062552599 0.9763724144143386 0.9379426394293698 0.8558455617601083 0.7834192908553502 0.7215472980021904 0.6301719237397235 0.5314613709052477 0.5029203981915963 0.3557136810964984 0.3525189854075775 0.2924678462488794 0.2685283602786199 0.2976345905338599 0.2198064614348278 0.05790723798996145 0
1.14238633018064 1.15099152014456 1.141736065810592 1.156266983213977 1.133468785249205 1.094438907377081 1.123180459895849 1.115153139294468 1.122367849274847 1.107739819680353 1.116667788921409 1.141498214805656 1.128291053294114 1.124777556725726 1.138319502694657 1.164852738613469 1.129109143367686 1.120018881673577 1.155639882863823 1.159298300165176 1.164614201908233 1.127802209749324 1.139791913831382 1.126555856985467 1.123796944019213 1.144059431310783 1.097690256712226 1.091921598051383 1.086030311106926 1.083272743451802 1.051129100115503 1.061754637204379 1.02877865668091 0.9852764168226208 0.9507739475707725 0.867300443973795 0.8002580627922066 0.7421811237535287 0.6558650771561775 0.5465032492765938 0.5221973723110274 0.371921644602402 0.358876043501231 0.3050732942841421 0.2619474552130266 0.3109049494483853 0.2371874562248308 0.0552178428722369 0
1.147159763536456 1.152143406084385 1.131545844707384 1.147550832947412 1.137983869774184 1.088786739721908 1.114042114953724 1.129128847481291 1.110467209101504 1.102270894721817 1.112561466863999 1.133926890296064 1.135350885579514 1.126540345601208 1.12986866856787 1.159860495650212 1.138344136612666 1.130941079757344 1.140264090305552 1.164448358940824 1.174945716113651 1.128828446644352 1.138459807775432 1.139386166471468 1.120944346660162 1.144240025492275 1.107440948181338 1.105495367646911 1.093457894930318 1.084935100130459 1.057333352818652 1.064487107459294 1.040623802266282 0.9937698211907021 0.9610351537939128 0.8885047709848619 0.8157495688113023 0.7880806624638081 0.6822258095026746 0.5641384777963369 0.5292341664719208 0.3755711815281478 0.3578565897353497 0.3047472246534074 0.2359332181511435 0.306932012511358 0.2595136221840883 0.05284024226441423 0
1.140353067602905 1.159128857471944 1.129959858260935 1.134048690369313 1.13964035907181 1.084394565585961 1.104867134750496 1.126736363783079 1.109245010639595 1.096285245246768 1.111149448805923 1.123175476004789 1.134273219035798 1.122864301487124 1.123065356566367 1.153636846138314 1.136812222214194 1.129871947331517 1.130856694196625 1.161361178731884 1.154211584251116 1.118800015068783 1.143677851026802 1.140999428977976 1.111626937484574 1.142405894528214 1.111949886785448 1.112346513367031 1.095189124063105 1.083104973546498 1.060181092225176 1.064790256372125 1.048862882415064 0.9998890894213671 0.9738846075956659 0.8993621303437521 0.8334164003595821 0.7895368307429387 0.6886838406380879 0.5806593148620235 0.5654681362667937 0.3962287953645482 0.3724831445694033 0.3221475296215399 0.2181717088450736 0.3107021381536917 0.2777733530754882 0.0520546063430045 0
1.12424584536184 1.152151560228979 1.127436366958245 1.120050892128394 1.138310585209065 1.078463829269405 1.093380811772447 1.115238875919658 1.100434530530106 1.099065388235379 1.084274249184623 1.111477188355506 1.125386392149154 1.10952729904574 1.125677160557782 1.151322695457165 1.122903134585266 1.124970110376693 1.120920164584799 1.151746878775002 1.132439437190627 1.10084959910974 1.145278689051968 1.137064938881294 1.102031457115754 1.134369387591835 1.10505135289639 1.11000936775235 1.090507912024752 1.079694034110369 1.060743560347099 1.061181258291511 1.053596597630966 1.003686351317854 0.9836490439298403 0.9149550672488559 0.8419174711248645 0.8326123514811465 0.7148657427123862 0.5937362011012897 0.5783935730125602 0.431094708489174 0.3971118583784335 0.3327768067219729 0.2191617492041218 0.3132931612431029 0.2808230679049022 0.04901041934447752 0
1.107772194629641 1.137326879407436 1.118477630857031 1.104640963441926 1.125116407533075 1.071577262179552 1.082766986720284 1.101364405326569 1.090296778647615 1.09223269221643 1.092285562559143 1.100936541473036 1.117201781692477 1.097724309043777 1.119091774952441 1.149772065754667 1.107845433345721 1.112433992872365 1.103654101408387 1.133945825598454 1.108786997819766 1.082480447126494 1.136275366207238 1.123579869445832 1.096178413734262 1.127478849980009 1.095933678696746 1.105631559958123 1.083877445841944 1.074526727266518 1.058378927945451 1.055868876512034 1.052766350257501 1.005242690290783 0.979898414763966 0.9286332272200761 0.8492017619347517 0.8193505002101338 0.7377915807700105 0.6072574719221563 0.5718855630921051 0.4682888407771807 0.4240079630763412 0.3422248462437256 0.2329692679777702 0.3159925676017389 0.2908214207364769 0.04554709962928352 0
1.091111094278155 1.123054726444195 1.10421576027059 1.088741426449068 1.113344709215325 1.062988932405043 1.073912267215827 1.089391395210459 1.079147536326996 1.081026111096269 1.07084087623884 1.091057064124107 1.109037447194528 1.091127241434767 1.106176040831674 1.142857574274232 1.094610625516602 1.094473238713919 1.083036594520389 1.109495479994485 1.087531504411081 1.085947033351911 1.124384064026433 1.111099848499854 1.089318569323967 1.119046076760538 1.085013416663638 1.099029106049872 1.074945449004416 1.067621530686491 1.053357647586228 1.049110128282756 1.045727918816823 1.005279842236718 0.9647043759464276 0.9166901731659823 0.8702049234998017 0.8580274874652968 0.7350378262556955 0.6376595213297299 0.6039180064894019 0.5070304310843898 0.4270320511167866 0.365386532732281 0.2530152519017251 0.324721478836292 0.3034788903286467 0.04423221505140145 0
1.078689441232979 1.108742380697819 1.090446611553 1.072347027825973 1.103064819949994 1.05220307578154 1.065044986220989 1.086717328469103 1.080436398938301 1.074920650345927 1.075411537972071 1.07834045398934 1.097530954089808 1.081469977778954 1.092092781974461 1.127604532186777 1.079011181785488 1.076561966455521 1.076416700411967 1.083772522031857 1.081263526268974 1.088592050764861 1.110498056605669 1.099978578233806 1.08078616614006 1.108912956120635 1.072375908112077 1.090039958944963 1.063437840464134 1.059068692890797 1.045873157922203 1.04079201618263 1.032781260068415 1.006404931880594 0.9733374408640758 0.8983081471541051 0.8656604772501261 0.8465348259106923 0.7413423947084542 0.6664420132357086 0.6265116516963936 0.5181563799682455 0.4520625750305121 0.3846956969874011 0.2732149775985031 0.3280093236863785 0.3122453170867804 0.04208877240005871 0
1.071085391465948 1.094260958286106 1.077232633738737 1.055604759848028 1.094397833327873 1.053968145166523 1.056065757138536 1.079860458169049 1.079531297450161 1.080122726783893 1.068051847607577 1.063192024949484 1.082551137761752 1.06884994275431 1.077130137596408 1.107989125069603 1.061778037772345 1.059593953234075 1.067687017804269 1.069511241946878 1.063756296313256 1.065799010978985 1.094180266040592 1.09013509567716 1.070308006665666 1.096987168384141 1.058311829292373 1.078485003899128 1.049072372010442 1.048861312049086 1.035864368173456 1.031156544483673 1.014063926706279 0.9989666415668035 0.984316105072906 0.914497795736394 0.8650292237468605 0.8589433597595447 0.7626976811835587 0.6868567472114352 0.6339106817889409 0.5458037945983404 0.4709267080388778 0.4134388753267133 0.2826821379232439 0.3248456897746463 0.3178636206831412 0.03991835772113355 0
1.057507314549132 1.077720050332765 1.054856140676088 1.046797082643352 1.079468645585626 1.057336570515516 1.047897644483521 1.069961764641609 1.068710202421268 1.07592162267737 1.073149791189592 1.04571949020963 1.06444730468552 1.054088846212702 1.065020485829071 1.08913757192785 1.044786578721878 1.035918688196529 1.078504571540061 1.058653607086066 1.057761386056564 1.06285603962752 1.077151947557794 1.081538828416358 1.057822409074865 1.083234188688523 1.043280717868912 1.064822454041901 1.038230563537232 1.036855695112237 1.031961492274574 1.020417596858875 1.00956293964052 0.9904161589607168 0.9817590071613065 0.9321570060120531 0.8783484820458378 0.8509992007466969 0.7651425908451395 0.7034136757128255 0.6389422367786036 0.5777822368064073 0.4856853876596005 0.4281001622558872 0.2910844595506011 0.3132485761192688 0.3211101256610517 0.03761903512207893 0
1.038104271464535 1.045537939961338 1.046324249988769 1.048174070927923 1.055561032501802 1.047115119240533 1.048430513189001 1.065024790330359 1.056873645844262 1.073876326181837 1.070987851281967 1.056090125166975 1.049384520201422 1.037578617956178 1.04496150693337 1.07845296981098 1.035145292031685 1.040877025169839 1.090916437460755 1.05538112154336 1.04799674772314 1.073113211450422 1.053975441425531 1.068818176389088 1.043325578676065 1.067559013438462 1.023294802230486 1.037616937932875 1.023653645647238 1.029941324234201 1.028699882433149 1.000409395101465 1.029680775970575 0.9886906724870609 0.9649141666500195 0.9011925222013918 0.8783340969918886 0.8486108955202012 0.7672431905782278 0.7171246094855167 0.6480016318473663 0.5897941434047796 0.49807212285466 0.471164086522767 0.306758039562265 0.2910518394151796 0.3223492899157796 0.0357101752791574 0
1.022253027459692 1.042364019699781 1.036645176982214 1.044303164008386 1.049081631689522 1.041689859522283 1.040387353301888 1.065019598556338 1.05541932831509 1.080822680131821 1.04678475160488 1.054050002927967 1.051699616242164 1.019791388443201 1.044924444438778 1.058536086928665 1.044024195341901 1.046786780798577 1.084767960775325 1.053911660373492 1.063714739080287 1.077568170274878 1.046086517412607 1.051199996387184 1.034707397746267 1.046657617850884 0.9990796130784735 1.018599026731157 1.007018893390665 1.014786731317464 1.007672233857844 0.9918449932767638 1.042473781715836 0.9758833726219578 0.9455910066923112 0.8978162561062187 0.8707613670466967 0.8499648854267011 0.7763093333016434 0.7464248595614742 0.661377725970669 0.589805454241174 0.5058294433631717 0.4795446839555905 0.3398973108951268 0.2967637958423401 0.3287703790892758 0.03275153671969191 0
1.02439648800949 1.043851979465007 1.04031488768804 1.041229257464903 1.04396231343471 1.035906821343409 1.030649170472274 1.06999644430359 1.049184637116358 1.070456200769322 1.034858557561559 1.032805007674235 1.045919469573034 1.025590956040942 1.036844940713761 1.034208753333866 1.054228495634827 1.050319616500869 1.074590501650191 1.048757075476652 1.065658245184013 1.073542547060106 1.047284996331334 1.049804566138019 1.028403877037055 1.039317104353403 1.002170171374628 1.011425822227519 0.9967235293771817 1.002562550478968 0.9838175131472083 0.9826486727559047 0.9988499482883458 0.9509006958624027 0.9437606601562973 0.8973604841518019 0.8758040624441391 0.8518182451674829 0.7727941958796544 0.7646445133860357 0.6799201053667435 0.6146429832579695 0.5325459797213966 0.4870200162357222 0.3388506928552391 0.3071984647569273 0.3377722455060844 0.02785813399811408 0
1.039097367783905 1.044997036315759 1.054479217105579 1.051744874742439 1.040338434006504 1.044759627404642 1.035331052720538 1.080092858311652 1.041865349847803 1.067208257861262 1.03641324769805 1.031863616409298 1.035234245114913 1.025630672604653 1.024536989931378 1.025075420228037 1.042168382447991 1.051823929572049 1.065903751243367 1.046401333360117 1.061626039459413 1.066359628095993 1.046820871219465 1.049315481900458 1.024213659882595 1.03503752848495 1.010537597592827 0.990863966792072 1.001835395281696 0.9883086931531935 0.9865748037544094 0.9589611820683516 0.9937381069870082 0.9489857425590887 0.9255058008199377 0.8796685629887679 0.8567694439755912 0.8472920864652488 0.770805339257177 0.7772111305775388 0.6932161246453393 0.60746672826954 0.5470104606765152 0.4970590277975689 0.335132931643862 0.3165876963988721 0.3475649976043403 0.02121777801388899 0
1.042888939525869 1.044096934283252 1.049000030726721 1.050833348732044 1.038107238542535 1.051004735765223 1.040172942063907 1.080874871709048 1.037343114711134 1.063499094007252 1.040433636905612 1.031152171196877 1.028090884779864 1.033528381881951 1.032148830464243 1.031641437679556 1.049142370336972 1.050159806605976 1.061180512916195 1.046951504784001 1.060427605749579 1.061237228170352 1.050469331976889 1.046777175080731 1.030263979345597 1.034348003713843 1.01621916740369 0.9827827697917185 0.9787401692638645 0.9872985322187533 0.971784870765717 0.9510183060896926 0.9936176968130543 0.918290038152901 0.9059509212113891 0.8734936779490726 0.8662141131150993 0.856669371719967 0.7789255690592527 0.7859452904961893 0.7022527245774991 0.6238448681759841 0.561834054951465 0.5075655581402551 0.3524291183972709 0.3361726846106037 0.3624734821559761 0.01184084265470881 0
1.015041997834996 1.042970663408513 1.03988796756964 1.048248288055445 1.034729424387487 1.051211455942898 1.039643839856035 1.064588767049485 1.038910151964268 1.05903816355104 1.039797991474334 1.03872703353262 1.027247912004416 1.037515445005301 1.038040924779353 1.028747656844291 1.054770638043491 1.048527262997172 1.056928293777911 1.047229724106986 1.057953961664897 1.057568582461696 1.049707552741064 1.042994734847079 1.030995694669064 1.037564922747369 1.01937723365051 0.9890356451583168 0.9858931199934468 0.9626915023617495 0.9794492217639269 0.9530098002089825 0.9637534064774036 0.9135681347994371 0.9013444339395498 0.8773687890297317 0.856293920242677 0.8435286684419855 0.7865780525109127 0.793275152260749 0.7141617920128082 0.6485455796364302 0.5605829587606326 0.5162710453226859 0.3678796736615055 0.349471924545047 0.3592028969918318 0.003161725819544337 0
1.034187355258331 1.043506633971752 1.037759641295602 1.051653996654577 1.041800777586293 1.050146941029287 1.039135893180727 1.03859226511186 1.033177866990766 1.053939792741557 1.035557518312207 1.039391505013471 1.029237903639467 1.035826080746936 1.029374453499774 1.029220516635843 1.064509168083015 1.04988028624728 1.034377423440918 1.045532440503735 1.05860202034588 1.056258783153409 1.044458681995345 1.036146288031246 1.028873278461356 1.03224959318075 1.024101963097295 0.9868637847610193 0.9619428007669401 0.969374129490172 0.974098191251361 0.9710386952432518 0.9431907978027972 0.946958006740191 0.9138467696318379 0.8608869334477214 0.8433839130869369 0.8415805358256998 0.7953096305628927 0.8036186753539686 0.7255815772966162 0.6407482455216241 0.5619846531710422 0.5209473066424216 0.3997073545748339 0.3848666773899276 0.3391701923326253 2.44208478703244e-05 0
1.054207362558297 1.042242132147591 1.048657653169866 1.048828130303648 1.042355058206789 1.05050529202023 1.041017825299672 1.062062837481674 1.028449444243694 1.048386775774794 1.035218913032989 1.038484174422956 1.035118900327241 1.037665374150194 1.021262017726045 1.040310998209483 1.05829740233078 1.052418992176869 1.03792907119386 1.035880249543607 1.062609396638903 1.047387488041212 1.038826361580681 1.03119732550214 1.022529247687084 1.026961687849265 1.034677815715919 0.9975708026953578 0.9737036745993296 0.9648529828011521 0.9674032726763004 0.9690858455598794 0.9365258248306974 0.9235109824158724 0.9113443552459827 0.8627544381380956 0.8494793938831002 0.8396521128966421 0.8081312772474654 0.799033742401404 0.7486776483677453 0.6607064597727696 0.556381024379755 0.5161257451248519 0.4192545989983601 0.4209982334945163 0.3105905020191267 0 0
1.045285017586899 1.035509263096543 1.057133112393886 1.050448446900893 1.044767322121531 1.044317124377748 1.041190091474713 1.06642056282395 1.031899465828608 1.043049025421895 1.037299817193348 1.036798898620169 1.034479302807996 1.043081034063773 1.026345641664187 1.043410850296333 1.047515634465457 1.049051938912615 1.041538656525829 1.042271462073088 1.065239164872353 1.051589310717765 1.037628145359567 1.035923703948973 1.02435915120672 1.034802997220688 1.046985854389132 0.9894716315924639 0.9723104409454817 0.9675505534487677 0.9864370415569703 0.9849701895366638 0.9327485399716009 0.9580522719904688 0.9418101386498892 0.8698817158820238 0.850914511305332 0.8452268716988826 0.8274129365055567 0.7971211314870613 0.769549080882594 0.6309630627547322 0.5621804440131697 0.5164859945833821 0.4084630360816559 0.4404788939904885 0.2737816121977912 0 0.007701703862091337
