benchmarks/avaPyramidNullTest/release1PY_1954323dbf_C_null_dfa_pfv.asc
ncols 794
nrows 794
xllcenter 0.00
yllcenter 0.00
cellsize 5.00
nodata_value nan
[rows 418 to 439 of 794, columns 300 to 349 of 794]
19.43571303518788 19.549407851571 19.67397621365276 19.80565983017159 19.93396572065767 20.03332063709464 19.64605910760132 20.0127353522299 19.95682172286727 20.10575279836177 20.25089853804116 20.39026555998161 20.52201300571883 20.65050233501689 20.79410237690827 20.94304603148263 21.08702050372647 21.21260804171401 21.29897333341454 21.35027688919894 21.43452046055917 21.52250320542777 21.5930972212112 21.61588169778331 21.6243284884859 21.63865692292878 21.65120316204865 21.63942120637437 21.5983174268981 21.55590366525529 21.50729890423188 21.46080649722207 21.39439799812035 21.31653513153938 21.21937606959609 21.12187251699168 21.02652225857243 20.93166497870643 20.83937225420641 20.75575838219529 20.66296783014768 20.55597830428107 20.44587307092735 20.32259897419362 20.20710707721642 20.09065556368772 19.9598228498457 19.81285294114257 19.64533665956405 19.45839463334162
18.53955881778575 18.6715064850674 18.83668624295045 19.01489992693575 18.65572978014228 18.97005036272084 19.19390645848305 19.41311853143448 19.52240612453931 19.6445471759299 19.79782307482252 19.97313998377844 20.15385761712569 20.33514254482734 20.52185845441045 20.70088241267363 20.85807227999456 21.11377175892111 21.06558974315227 21.17159484018743 21.28676943608878 21.39435078478888 21.46953188258365 21.50576460820848 21.53413626750667 21.56464397549806 21.58599769307877 21.57870842763366 21.54598234139713 21.52485057130236 21.48970061214732 21.44085962059456 21.36977679135305 21.2865958701919 21.19213324015866 21.09395698537612 20.99076584885456 20.88666109552519 20.7808859394296 20.68278882527778 20.58081877359313 20.46550083317093 20.33803636420961 20.20029594534973 20.07123771645701 19.94626783989073 19.80517606976516 19.64869360881682 19.47989953889676 19.28512563173188
17.20825529415241 17.6730312249536 17.6101023108054 18.13772386362165 17.89342166164794 18.22403470771344 18.50299738162866 18.70079089341486 18.94131577748667 19.27827009431017 19.50442571473752 19.72915726411128 19.949229602399 20.16191997045385 20.3634415530146 20.54734192867623 20.69960294491037 20.82386921551079 20.95650678332903 21.06872849894992 21.17728121606483 21.2656898475346 21.33101835878412 21.39267798439811 21.45022841234154 21.47488428145489 21.47675232894959 21.46887049103167 21.44459994970698 21.40039174283431 21.34556185042102 21.29735769108394 21.22637105856915 21.14852213197939 21.05988546820597 20.95585441154057 20.84893799237159 20.7383812417119 20.64653562632558 20.55719009364252 20.46373588422415 20.35619096363508 20.24638499919064 20.12078107274922 19.98592279070135 19.83158000290914 19.66042432390285 19.47189238949969 19.27867820896701 19.07580046926343
16.31018630395514 16.63654961303781 16.98274179520521 17.32457469143174 17.21589381173673 17.37798484770578 17.71833362157375 18.05414043145787 18.34243401929102 18.6762078455812 18.88912582180514 19.24636805847345 19.51517995911322 19.77876843548432 20.02836176345636 20.25015277203849 20.35125459311703 20.5357378737884 20.82395792584943 20.70797879851959 20.8297772676371 20.95191343352487 21.05683926693229 21.13875909764152 21.19893054475164 21.21805003525436 21.20850370770739 21.18655046025691 21.14217099133236 21.11197142093288 21.08395532530324 21.03914928584722 20.97245023845873 20.89749311995197 20.80983376781636 20.70745975578184 20.60513136899572 20.52198486046002 20.43123206374191 20.34955856673753 20.2659306359958 20.17809571897235 20.07067436903111 19.95583082384337 19.83180750784499 19.68682218704831 19.52552060769971 19.34840568124778 19.13984027039203 18.90644454500769
15.4008077854527 15.81518963516857 15.24306898772054 15.59573857366727 15.97676871453486 16.35628772345703 16.7358272853335 17.15750855709616 17.53669011573271 17.93672673928581 18.27694540856613 18.59252757973186 18.89100112001254 19.10179138676009 19.28946902715565 19.70633492187206 19.96815039039283 20.21443231793019 20.17995608634646 20.35646955532192 20.5098669128058 20.64423858750847 20.75901708805042 20.85324655515632 20.91835056638124 20.86659258035236 20.88965439926676 20.89031036039698 20.87123695786251 20.83371775296561 20.80008494109228 20.7582011088915 20.70788354207529 20.63684325314642 20.55891074772416 20.46225919376138 20.34843734006954 20.23527028155269 20.12956347703536 20.03144675712201 19.95891000468781 19.87372788143098 19.78344744603873 19.68436957377143 19.55986982727014 19.4259749956939 19.28129645618941 19.11443125608504 18.93636005793556 18.72682319129077
13.28966304131052 13.75678826766565 14.17823222928544 14.62906546117511 15.09884354962006 15.56284397046182 16.04209804786726 16.50542675703426 16.95545066727139 17.45033080757562 17.86633495810796 18.2639157220777 18.0757957570784 18.53792451388669 18.81781090513411 19.04902392390743 19.19823037929068 19.40250409456432 19.60586891911214 19.79466107454295 19.96536711738024 20.11759833476733 20.24654470951602 20.34725002327385 20.4174041310461 20.47558104777537 20.50847143461264 20.52036918071176 20.51395603656071 20.49273141766763 20.46559264262422 20.43347367840544 20.39766365844394 20.35190292337142 20.29634386022105 20.22258596325279 20.12803252467967 20.02679649411165 19.90426850120165 19.77794450133702 19.63954214758789 19.53621937509827 19.46879537663043 19.37979183214628 19.28324411113302 19.17033930288937 19.02358110330889 18.86272968587623 18.67146097286019 18.45485794291885
12.78096935698695 12.52635614054931 13.0108422169765 13.48614714888519 14.00436591339475 14.51625124203118 15.05428351165416 15.60949737833546 16.14241125919289 16.59617745211841 16.65320902611083 17.07769135053616 17.52714662756723 17.91940162477059 17.92186121589543 18.64121336291973 18.91249281032586 18.70490128283668 18.97274993606469 19.22409880170516 19.44675116393966 19.62707721719127 19.6719451398434 19.76467455512757 19.8623695535662 19.9528437150706 20.00995794314712 20.03412400706801 20.06668609095222 20.09102547714228 20.09640317796247 20.08114796553994 20.04866265026977 19.99902992220244 19.95265556870214 19.90197423371486 19.82933145124956 19.74678057204758 19.64979737389961 19.54472794405517 19.42025914375377 19.28852923472931 19.14569133563603 18.99318736302273 18.87343566112961 18.74989249331957 18.61361116751678 18.44583595542223 18.24077897487357 18.01663465029404
11.44346046756565 11.79004191577247 12.19716094360482 12.6573280546442 13.23304929136891 13.83198150127755 14.37378671860908 14.43256575083439 14.93934195479949 15.4630729642463 15.94005955556231 15.56690115550813 16.07098949958914 16.52348422446436 16.95126113141996 17.32788856239774 17.70879072816687 18.0508362320348 18.37328750859244 18.70596014832537 18.57946483279872 18.63360805590796 18.90606551207984 19.05844612300172 19.18357519218302 19.31700695771925 19.59674397810349 19.69537628134416 19.77215841000741 19.82343713403704 19.84870959877324 19.84028263085079 19.69756842365712 19.6720490491111 19.62600635286851 19.58603446730019 19.53720087263592 19.46767368129278 19.38970469511273 19.29409416357813 19.17631770793139 19.04900509764748 18.91769920255859 18.76873309517675 18.60149505735504 18.41545619145938 18.19972113948977 17.97070950297567 17.79731439518959 17.59810981021517
11.05218987235376 11.38811391507618 11.71504232292866 11.80386179545396 11.44181537216735 11.81800990660516 12.24606671175121 12.70222610120213 13.15763446915287 13.65670885643553 14.13714196049105 14.64778498488561 15.18068006111329 15.69604652968637 15.40293873485997 15.83823655697336 16.3400503013522 16.74680108400775 17.14255925774814 17.50488182762525 17.81629183057379 18.09677637217015 18.44804104385373 18.7474178223158 18.94660729606989 18.63008160584054 18.77061699997801 18.87865727010275 19.02026366533438 19.12762060291387 19.19850635504193 19.19758934200792 19.21906888883056 19.24153628694379 19.25066383044011 19.23816775717034 19.18981599192394 19.11557174823726 19.04400400513765 18.95665707249908 18.85626448188073 18.72883517163279 18.59523094290738 18.45330475094849 18.29834226232968 18.13481145842926 17.94216081663668 17.71516685774736 17.484364480089 17.22999415512751
10.40517152777068 10.47742173509408 10.52669339100941 10.5814172053409 11.03604189683707 11.47039023233827 11.33283397848743 11.79498250398985 12.29520374923583 12.82573650245728 13.31060043855139 13.60027715984817 13.01979214511945 13.52846830456076 14.06844175952024 14.56382921524279 15.07973073388706 15.59455825230931 16.09736599083298 16.54454265323796 17.02043746530472 17.43631259457073 17.01560826887297 17.31564115143665 17.62094867882935 17.91301415854698 18.1769053307319 18.38246879619197 18.62312093020116 18.81048863773477 18.84741593950798 18.91839081330525 18.98915685305143 19.05619931123915 18.79113130496976 18.75727661088411 18.72118285773384 18.66768430882068 18.63221384307552 18.56487259653192 18.48344853193426 18.37909961210589 18.25999113668944 18.11345979087741 17.95961982851657 17.7903635564288 17.60871563640824 17.41015661213569 17.19179149301036 16.93527610392722
10.54396036819747 10.62166955276522 10.67422706598618 10.72044683053137 9.749522594181826 9.892058415843508 10.07430977783232 10.30582636118024 10.55891939395502 10.89767155114581 11.28798506248245 11.72207449474106 12.19706997250509 12.73354931729846 13.2627109162031 13.76694905571681 13.59697923284027 14.09422000123296 14.6223023966905 15.17308388356645 15.70229461515767 16.13387809495734 15.81256219739417 16.23963971206551 16.61499802881836 16.98079794664453 17.29239837160255 17.58861274362829 17.80914279488245 18.11737866061143 18.31549660841548 18.05098644156321 18.19856999724271 18.23788337751381 18.34137699374291 18.41193134975632 18.23096168678143 18.34178530807526 18.10101567554857 18.0500760203121 17.97572482427765 17.89632739720036 17.80825928546922 17.69235131495496 17.55886251716424 17.40293675606885 17.22118372926042 17.01566770507707 16.78505646634898 16.55810286489607
9.298659852036494 9.31163380776901 8.990684346930262 9.125871664314641 9.240356791157707 9.342593406629996 9.427029667844351 9.576522752057432 9.776498760400353 10.04023200636892 10.40408740258694 10.83398012983691 11.32382761572703 11.60657338498783 11.66527919027882 12.17641757045315 12.69209779018537 12.27195826826294 12.76207189803264 13.25542016204976 13.841934365223 14.35671582669309 14.85960361450715 15.35702780958503 15.83592217206782 16.24120521343828 16.2227804803106 16.60208157821807 16.52925340477078 16.90032055493805 17.01838554606634 17.19999043328665 17.36814884808274 17.54970564996325 17.63031930972259 17.75603297919607 17.71761937171881 17.75867179107092 17.62103100231644 17.5675533210269 17.39529069960155 17.31761853839246 17.24004727612869 17.14738999998348 17.03086461035878 16.89351693298232 16.74223031837077 16.55096808308311 16.30464784356465 16.02268800671667
8.446645549338816 8.434902499060797 8.481965514254645 8.662295478071718 8.899509512652854 9.209173177378284 9.50727790745502 9.579539146513888 9.228505162596646 9.444949927661066 9.653312469879262 9.909730130213427 10.22103763193587 10.57685661448818 10.90235774514878 10.20981015607093 10.5530737395306 10.96493818692043 11.40957191226144 11.91280624972879 12.47557369453679 13.07019549032969 13.62983576159366 14.20858198983295 14.18663540472598 14.73433513710964 15.21965858999831 15.13077218604506 15.43018866508412 15.66521340112165 16.02753581313009 16.31824326837093 16.5880662924834 16.8655893054935 16.98167719996009 17.2312505926476 17.25438950141842 17.40099560140109 17.00288216533558 16.98197114646731 16.91319350533089 16.75207445047623 16.67090369917271 16.56279878397066 16.46008423855938 16.33990819239631 16.22032671494765 16.04330118010506 15.84627301263905 15.60335827852545
8.092864734789922 8.16771007980531 8.246964084533728 8.342328813193523 8.431942564276733 8.456347789224974 8.513179909505755 8.58786842141077 8.646505036472709 8.774666506166117 8.706821782109046 8.732199422352691 8.787042886545212 8.812099355737656 9.041309971788152 9.308694100929984 9.618771822382408 9.994550961700828 10.42593721183908 10.88028528059025 11.23765521459605 10.75153989951208 11.26735598186304 11.78092561475788 12.33960199339887 12.89353563185344 13.46882398115508 14.02439621229048 14.52197771382577 14.93609331567869 14.75693579845187 15.17339131687886 15.55223880769003 15.89909789992764 16.0684574591341 16.45363254405453 16.62291691381918 16.17357066733754 16.26991254384312 16.11868272958388 16.16874869997225 16.14554697401763 16.02932906412032 15.9608776459618 15.8857806490728 15.78799517816192 15.66807399565005 15.50935935436778 15.31959377334622 15.08571832436674
8.09217039516928 8.24290103583067 8.341117316535492 8.401177035927731 8.400755985208514 8.224327263893505 8.336674519133926 8.398142394081598 8.497010968990917 8.553602173632177 8.612451086421027 8.676768638174092 8.708635707455123 8.761099547613236 8.809102939047413 8.844136384987674 9.063916694986316 9.361301662709193 9.416863587854868 9.150801235766833 9.254637628237983 9.609382319908551 10.00156853384278 10.43987236426956 10.92704468883942 11.45172244657849 12.02702781667201 12.64020502449364 13.2314637159684 12.79768407331678 13.21857977166327 13.69350381122909 14.14225857364771 14.54746549094826 14.88078687150583 15.15029231009882 15.37233552752068 15.55090465194178 15.74478032753495 15.92097768233814 16.0561484296165 15.39345098451254 15.34205071034427 15.26906016981789 15.16363870944963 15.06969368440995 15.01405216386627 14.9075261136164 14.74366265220403 14.53013580053939
7.578488472193222 7.555790608343337 7.740847269103623 8.024365833352771 7.531740003375248 7.822596360825172 8.062778513977975 8.309432791548639 8.509106510496704 8.637983000212643 8.690410826511991 8.669388327336597 8.567170472734201 8.492344946739642 8.447405528158965 8.416112606343548 8.422378565561729 8.461252915428226 8.42310319460471 8.399952098715589 8.756665806878047 8.381507190598459 8.765009337598572 9.248364487296159 9.719866241586692 9.850035180015883 9.75966767601321 10.32147310146828 10.91056300611608 11.47379786536447 11.15275449755245 11.68968347573816 12.27229053781512 12.82939785549057 13.37584634299713 13.86411794207306 14.33959629203954 14.75513767219798 14.98759607600333 14.17335515861921 14.40327398445085 14.56605938783967 14.64961108670325 14.63193914277103 14.59014970553081 14.51554559218471 14.40420016571849 14.24553377162494 14.01829386187075 13.7473172355538
7.55146189382 7.542388964859183 7.553466351780671 7.566416366910744 7.555326364589707 7.493991228454076 7.521925054939121 7.513631592860442 7.50404071192948 7.465496409035626 7.417392623291499 7.335767865384186 7.221609526773197 7.072658980860728 6.967565004230898 6.9924813430758 7.267494678819611 7.722260007557487 8.04553883887923 8.220647499577037 8.25999123919766 8.25999123919766 7.64260676388353 7.765514389298092 7.901532077239746 8.098012661384429 8.265681547991408 8.399247602308147 8.453299434752477 8.595270122595876 9.17606830184841 9.864327322098131 10.49716868190017 9.833901584165284 10.54156380644397 11.24052682545457 11.92650025612681 12.55487594557437 13.09389306610665 12.74637365778212 13.15932298555883 13.55289690396253 13.90915137614129 14.13703264304618 13.25411174409751 13.412087782805 13.49902806209586 13.49621144611808 13.34334955380804 13.0929558444189
7.36664189759907 7.261862832184216 7.358267775487048 6.94244009605737 6.926077697782048 6.896547650175521 6.89344091784866 6.893873269127286 6.934767361723019 6.903764535600706 6.802079295528642 6.706508569290207 6.792690049530552 6.789570049746873 6.918289280287548 7.022937326053281 7.089103719073171 7.053416870567183 6.954316949771648 6.860155142413798 6.848189175605584 7.040844365808266 7.345792731735937 7.649175189044297 7.938916166342935 8.234012793136936 8.234012793136936 7.20283132500304 7.489203498169097 7.754441755980106 7.997280257105237 8.20804349584896 8.452495098564137 8.733566519741007 9.090261948522844 9.529827135182343 10.0518106251049 10.6167078653728 11.11648219358076 10.35821265875874 10.80973412029424 11.27363073222726 11.72076286179201 12.10712068748636 12.43391726094893 12.6584809445065 12.85128861360442 12.91195644346659 11.96139368951028 11.89480095741154
6.73892575318602 6.806056800801154 6.806056800801154 6.734560416841371 6.66546420024512 6.701344050640787 6.694228822911424 6.686084854766725 6.59264696252747 6.469043698829501 6.812688585654409 6.82287123115626 6.855103314104549 7.038996934593658 7.141378269046058 7.182049540570875 7.182049540570875 7.009228109734232 6.841106139090596 6.79175845062514 6.787169584063435 6.755153458019132 6.701604603025702 6.592011835298186 6.524068577707578 6.492974139369659 6.550600314834398 6.581906597038951 6.606940829044218 6.619980805178925 6.576324677476227 6.83936182175474 7.295034512654343 7.670885211121957 7.99585136589258 8.308368227622475 8.670882984671545 9.077473175456074 9.530122751191326 9.932135407723713 8.95905122600413 9.397140516479269 9.91966582415367 10.44805686998652 10.92121197734598 11.26509620021221 11.50122916598161 11.60900201933401 11.60617940000781 11.45858207689082
5.345117392739066 5.345117392739066 5.309131593409344 5.097624530377503 5.089590403793335 5.077955219154998 5.038609884979709 5.115291960231453 5.115291960231454 5.210624213904817 5.310164652692767 5.389138102537435 5.467063575191957 5.467063575191958 5.465223155137859 5.395116913571432 5.308471335446395 5.252264869017856 5.319354451097623 5.419524821402435 5.595833588069838 5.896525643273799 6.145109813485214 6.348698249252968 6.483129976828526 6.593433334899512 6.635417296490567 6.635417296490567 6.634199413634715 6.576435413997668 6.411642230776496 5.779556667793256 5.764784810010977 5.797485542328766 5.852030425606324 5.823249049057904 5.834979474596508 5.960981653530323 6.389808462463622 6.974609109831176 7.680601968745912 8.401832652651212 9.067330932974475 7.790101851811335 8.447708354596815 9.025189123335245 9.490068541667348 9.821587585642638 10.05425373017172 10.12611577709171
4.676611278945394 4.68343629327283 4.671741894635284 4.764087955429162 4.855184441180076 4.946797476746267 5.019622815073783 5.067681237993536 5.087196036851698 5.077944925222617 5.018016536073842 5.092191431257363 5.002359929290663 4.979900858228809 4.835733177401142 4.892662260204546 4.983348030681208 5.042380183407063 5.001128237173377 4.992543290355879 5.001699795309177 5.111994380169067 5.231792551448165 5.366903329586814 5.497590466209683 5.641752894724722 5.714127928321004 5.82515653949475 5.836915156431463 5.862225513411595 5.951377289628396 5.905173228294276 5.9405842655721 5.978161128872041 6.00717647087804 5.964369515048213 5.951510471042121 5.944453536246434 5.955507829949958 6.144834164850777 6.333949665496991 6.502836678206676 6.701409566174443 6.955137247296689 7.336980055507325 7.831948213903028 8.376447500312786 8.91043538457579 8.541471364470567 8.674618103822507
4.529098544332918 4.579448945550149 4.664728415997493 4.755994942627065 4.851166320949916 4.938830690905904 5.008996567332732 5.058783397203993 5.058783397203993 5.055194296348915 5.000150776796569 4.91017608616212 4.8504140541506 4.827176269971027 4.835733177401142 4.892662260204546 4.984610517440869 5.086495563084405 5.086495563084405 4.519631897764293 4.574093424028279 4.649358489882475 4.768830441769015 4.886970238209676 5.119111408502684 5.312259819919308 5.445422156443721 5.583220365536193 5.693046347381024 5.776810921376554 5.832444904473002 5.862015163869247 5.862015163869247 5.861555957160545 5.846748828960997 5.8009613359715 5.79555445778353 5.886971596719328 6.04218113255783 6.248968047290847 6.484830699820137 6.709517821065796 6.992241570252292 7.305903535773996 7.613439848760722 7.613439848760722 4.254464554671913 5.171554643298731 6.174807892075584 6.89849582135945
