benchmarks/avaPyramidNullTest/release1PY_d296a00ba6_C_L_null_dfa_pft.asc
ncols        794
nrows        794
xllcorner    -2.500000000000
yllcorner    -2.500000000000
cellsize     5.000000000000
NODATA_value nan
[rows 420 to 439 of 794, columns 90 to 134 of 794]
0 0 0 0 0 0 0.089621173501592876764 1.1892465388934505555 2.7847999301070709421 4.2857616818435353423 4.6777767174701434527 3.0342447753266443833 0.88408748114042412514 0.44833355733103030794 0.42122435906949123874 0.42249674214222998625 0.41126796690639716436 0.4137556733322401703 0.410112966649084143 0.39981383615947874155 0.38355609541413288044 0.38421862514923399434 0.38037924680946116895 0.37377853871871957736 0.36878983474056692415 0.36879360445381070832 0.36181317696517772964 0.35652671259507756618 0.37291649208997867948 0.39263083816900073986 0.40808809964218373256 0.41950583093953192071 0.42135972099826446424 0.42141555330460728213 0.41816381696074583774 0.40205133888593203029 0.38188267028494676802 0.38735819821819328368 0.38227058406462710582 0.395813187626620544 0.41953826051283055198 0.41895086830316385917 0.40379778072523819787 0.38967932548182054875 0.34638411278204861432
0 0 0 0 0 0 0.034127567842007683341 1.0161254396421952606 2.5823655743673898932 4.1051252538623712596 4.4930992864149015276 2.7793985491590542658 0.68825858049725718857 0.46667939977011951846 0.47555825200280810172 0.4834350407965246621 0.47503150382355857628 0.46350871155991429928 0.47290763314683648133 0.48572146960444573249 0.49355470281482605177 0.49132229099545610129 0.50340893478946069362 0.50394984168062550989 0.5062872601350697499 0.51380306556802657347 0.50028532267104997011 0.49103941970398673478 0.47709037932844888807 0.44557315871162694876 0.43732548146748251305 0.42228493417245743791 0.42200114960206625003 0.41431854079694541149 0.41063962056666325484 0.40159474672131234563 0.38916934538890102235 0.36754363053587862931 0.36537619152999056826 0.38351396496777484524 0.39529484866088310246 0.40565242855258015764 0.41111537034859541029 0.41682960274765629149 0.41956160186921426236
0 0 0 0 0 0 0.0080544186087508698457 0.82883485192002559483 2.3526002784049921956 3.8611968774878691057 4.2656708419670970045 2.6056561200568650882 0.81149909925943541911 0.40924385288344478084 0.38778673705268401628 0.41113078482654902279 0.40203491522177109418 0.40932661217807464471 0.38293140702172084877 0.37859941627357684979 0.3821079481398275135 0.39117166537327657805 0.39469632755980199601 0.38693041501004765692 0.37469834819141595306 0.37658052929932533948 0.37910581766610479404 0.37761438663963625695 0.37177713410572338359 0.36569602500351633401 0.35121220304980410587 0.36159679589608317851 0.37761235001477411188 0.38912905878839804119 0.3977955567015690197 0.40314646312462426581 0.40386144419750830137 0.40029520639819804462 0.39808674599928473015 0.39376531917684376438 0.39961630126552633024 0.40412836622974296352 0.40544753344237993709 0.40479024547180625371 0.42589548653326453342
0 0 0 0 0 0 0 0.60135567530887934495 2.1802307022520750479 3.6454434248061451385 4.0651244018646730538 2.3741353760469507961 0.59592446188618797276 0.38126663528876203468 0.36988292894515684139 0.35341589577717591464 0.32991987647534254391 0.31592748056357616848 0.32936366467407607317 0.33572224248417714687 0.3325496438468116267 0.33944745621379163181 0.35398682725119540171 0.36785675700594083759 0.38172335347053698573 0.38136600763964151328 0.387604031931929216 0.3941950569548963168 0.39634013854453548076 0.39687331250023744067 0.39550912617769173885 0.38704948945075373645 0.38182296151515615623 0.386529206072089071 0.37622516799450311797 0.3771851765804745682 0.38492063753167016227 0.37814919024079463039 0.37379683456901086069 0.36076733897290075292 0.35450471319356607891 0.34729347952751971063 0.34694350475027563308 0.34315362072948057959 0.34500333082574780041
0 0 0 0 0 0 0 0.42309426898604851619 1.9136113304524784429 3.4294091219294489115 3.7967821794461302787 2.1254965060477939431 0.41474661686929131799 0.39345260051008668079 0.39078193720910020525 0.38694375403498904031 0.39108078004898588764 0.38478504890817688544 0.37524819405143922113 0.37893684713205133541 0.37374706556204984054 0.36667621982959375249 0.36872309397127900343 0.36532227044999338039 0.3624493090901839687 0.35810101629472423923 0.35792852526588481155 0.34989273937686438121 0.33748200186888899221 0.33004856953789984964 0.33434027757569056982 0.32491564072555417786 0.31431728267960268308 0.3174412003515367231 0.31882210773541530546 0.32467121899272410879 0.32768457875349654707 0.34032851980802958369 0.34906058684346175092 0.34884528590591107333 0.33932916062084905739 0.3236252356168968225 0.32789987011233107106 0.33736853228728092002 0.35005460343913691323
0 0 0 0 0 0 0 0.28450172815279334282 1.6488543143689851078 3.1648588236758623538 3.6200266754787535639 1.9956513666637032411 0.38917063530551604389 0.32130340936592199919 0.32281230714637104695 0.33183686106611415267 0.33720530627767997256 0.35016793663296091887 0.35513024177071639276 0.35772033080527837479 0.36620012799443929508 0.36563957580341516218 0.36369844519202726429 0.36808360634197667682 0.36444951938056013852 0.36381876109725441726 0.37002564964180278961 0.37625886248619477836 0.37226496646045176275 0.36720273411220305526 0.37015474950725385517 0.37171411415188582161 0.36519052148449282491 0.3689760408840286332 0.37205876698541129333 0.37479940115190385486 0.37019895049429868417 0.37154135592305098656 0.36854198456469372536 0.36622408441772363874 0.36569679858459402944 0.37473457090111950141 0.38485232343632125307 0.39655406405765297739 0.39601482840815938058
0 0 0 0 0 0 0 0.19350268625491151564 1.4807062201448530914 2.9172557019892821906 3.3765503225897490758 1.768540647744702099 0.47295495863679187787 0.37781099465970768847 0.36524081052966556049 0.36993736382665282081 0.35884315174107134228 0.35715031935347946179 0.35519633322224353211 0.36219556938515823363 0.36426793113603034291 0.36406152778128236802 0.36819951277768581122 0.3661075705335009034 0.34687250319793694331 0.33250741724861854198 0.32693547773620579289 0.3235365650483715827 0.32111204993982983558 0.32577917667975853089 0.34141990620251061461 0.34885235020315902288 0.36133520724964673931 0.35690428952229069637 0.35516572716328542736 0.35909510527631449683 0.37086238659883385971 0.37684164618624588217 0.38764163250210431633 0.40071129942079808384 0.40861803153172987502 0.41525463604138612705 0.41959863476355974132 0.41150609627244288946 0.38684595805089683207
0 0 0 0 0 0 0 0.096614988475528643108 1.2702938696156975684 2.7440854283602735819 3.2370022093152486242 1.6811411237921940476 0.3920390058253389598 0.32851968637895101466 0.32509744419949038186 0.32245621434653531923 0.33927474997484030617 0.32480196400859284722 0.32051647896870483212 0.32022825344753780286 0.3224912771807705858 0.31621231664929921878 0.31684312568726308301 0.31788072045090365325 0.32306508519284954373 0.33732700872771953504 0.35019380106951308873 0.35406833144467148022 0.33340599606746118555 0.33316956041071393857 0.33094080841318801456 0.33100076408332762545 0.32944796344442489611 0.34848492287714333271 0.36335015851456897717 0.36745613142108068949 0.3764187476955740963 0.38284616060576337482 0.3896985064377779806 0.39982682697450588893 0.40150774582175724481 0.38558489384568700453 0.37175635351912839077 0.37246443628474379395 0.36581631843426665185
0 0 0 0 0 0 0 0.026332301425604144607 0.9720276821435843706 2.492585667958413076 2.9776505620813709108 1.490668686478306304 0.30475044226311459594 0.30329443575380210518 0.30839539131921483994 0.31647285667933611197 0.31914647472695584218 0.31588996686584686069 0.30885042809624757565 0.29044290368218245169 0.28479647175396261005 0.27624635656628626634 0.27459788024971454323 0.28296488726578844508 0.29444244866184327014 0.30717449792427303779 0.31995626292613799091 0.32978846814087686701 0.3362374128979080945 0.34390804863220519882 0.34709138983445364524 0.34404107731070937559 0.33393716136398271521 0.33484770093323579232 0.34638219119613733454 0.35294157483485272264 0.35860936330318993193 0.36602686265638295637 0.37362233927696103519 0.38073787654800311797 0.39158043648395812752 0.39798662091121522755 0.40996140211324638702 0.42603401146556374446 0.44233502232639110296
0 0 0 0 0 0 0 0.002317389847899422109 0.67223543931932094875 2.263286457232778659 2.7001896739188548935 1.2160333925170949687 0.3492094214478840275 0.32168326827545856705 0.31672964537851450162 0.316868098129386766 0.32090260834290429415 0.32684152919759257294 0.33212508406147372986 0.33935026113900107481 0.34873222860362529385 0.36023586426277370842 0.36893515020220413181 0.36658228236638240594 0.36233159991987795578 0.37797984437678505687 0.39033844201214445979 0.38891224783677880161 0.39394226089618628039 0.38630371655409839748 0.37075056601413775015 0.33773292198936155639 0.29603945556861543942 0.30198894638107204313 0.31279456766721575045 0.3174724865788846051 0.3095312648009695411 0.31606571271116701283 0.31337612910640177954 0.32158050057795123378 0.32928764477523897458 0.33150605735035720834 0.33501089263671085527 0.33656313766614265326 0.3338980228486109203
0 0 0 0 0 0 0 0 0.54815483478022086761 2.0482386638714795701 2.4785632768585728058 1.0261031194929894905 0.33596116889058258437 0.33396683997565879132 0.33845387648923264123 0.33573156543945736896 0.3252027012717579324 0.32046268563620222691 0.32052775768324615058 0.31194081191595013358 0.30369451394266622213 0.30880893037659173928 0.30623915956347785849 0.30917386104965038918 0.3071688871300646273 0.30418493895961234985 0.30802747413936459875 0.30686908853481459358 0.32558574922043931332 0.33892541675544057833 0.34566632582318135292 0.34659295678480489533 0.34360462841276168122 0.3360775026794634579 0.33401649155822504822 0.33401658862540417605 0.33229741527883116525 0.32939571307582504733 0.32985783860597872597 0.33092061836533304131 0.32730381646595285705 0.32025637560535741288 0.32104781170157103976 0.32037335491307478152 0.31577725296723424542
0 0 0 0 0 0 0 0 0.39802508278077797232 1.884173802585918045 2.243325920890945735 0.78073381284334719687 0.32499739083707296361 0.29394330678394503531 0.29511381608256315179 0.29396661390264711144 0.29871231683906718235 0.30651409693809894552 0.312853920855319656 0.30576209276204019405 0.29935884350258717967 0.29940913415799347286 0.29191915887868785662 0.31304717654027913731 0.32660217621339837635 0.33604893282942499555 0.34171690424946232767 0.33788465786224280984 0.33989325784027596411 0.34761008353723882314 0.35108387866387952281 0.35298989609964886993 0.35160967105727636284 0.35032568734699498503 0.35685134978663290983 0.36051665706264962585 0.36196387126626766717 0.3624375331526412114 0.36322351151541742986 0.36850960476435201674 0.37188596004534996142 0.37790057053692061029 0.39846065007907016664 0.40822180854071482559 0.41493536447620021912
0 0 0 0 0 0 0 0 0.23465027222374459925 1.5261739729597587623 1.7807003938768823925 0.55503616044079584491 0.29845461368127501611 0.282120559067950194 0.27973232904185146852 0.26823416467840444088 0.25472333964364551884 0.23917660969306001051 0.23674437920827626214 0.24043160709119576479 0.24658985150117782026 0.25243302857854515997 0.25250748871769868042 0.25908380403324615671 0.27769142805019825238 0.27210579201977952435 0.27621957156886056683 0.28124056076492692791 0.29476079539249222528 0.31127664137088750795 0.33106436529684935 0.35019033228376617028 0.3532202066240644478 0.36681711700963398615 0.35126860720804520266 0.33842343866994956114 0.34620135711868138539 0.34313799181279291961 0.3590738988037084356 0.37424834318310706838 0.36973520616165994612 0.35940044520414654583 0.35918692868120771777 0.34159705496392545054 0.3300632996094770566
0 0 0 0 0 0 0 0 0.13312811195968543565 1.1360002714933710166 1.1811163816219665268 0.29465807226010110043 0.21577232989633660099 0.20834609894748434833 0.20636495890689532384 0.21292121656794329998 0.21088566480142992288 0.20922702388662139938 0.21856579564815437067 0.22885773061674186124 0.23950979895399743258 0.23780969995587561416 0.2365589437769988479 0.23297251858314210748 0.23187896503292029782 0.23669899074980413345 0.23824958839512483388 0.23732075531198859597 0.24559598318917033599 0.25686055058777906845 0.26004478229518468435 0.26512710668410915948 0.26341350044112804563 0.26627563003872745107 0.26816474438343707032 0.26858911348207731296 0.26811359287999925183 0.26722546688848836105 0.2719816919752690576 0.27570601191331395308 0.27069319256877977242 0.25512035771071484014 0.23172086363173194368 0.23591821661214726347 0.25704313677226980905
0 0 0 0 0 0 0 0 0.086590212520069168023 0.85159930362402680437 0.72230444814535887943 0.26139349274937739853 0.19068688303674355411 0.17664398037316150769 0.17705357871642690704 0.18115413461222049096 0.19374451354667771019 0.19956393369283811912 0.20477642578155147435 0.20372873791975104618 0.20492450947167631381 0.2027875428058022178 0.20378089014760539244 0.20426653935423924602 0.21362832010208626654 0.21905269965300844248 0.25099137176387809056 0.25490693802222313957 0.25740334416949928187 0.25402730067286893867 0.25043818113379895385 0.24045892646703695417 0.24090366122848755337 0.2448045437020355819 0.25927234484004291204 0.26381171360528959946 0.28009607187250085136 0.30306116823827938811 0.31356184419174654154 0.31729985952680833661 0.32437398213475138187 0.32196591751574554774 0.31749670532177359794 0.32888300557632277332 0.33391056848341715835
0 0 0 0 0 0 0 0 0.066490765914721583485 0.52186431093823737459 0.40009875324121657592 0.28196587161601244231 0.2603212146203093269 0.2639394764937776916 0.26685894505067336846 0.26836594663013729756 0.26414128518915691579 0.25946732285006107732 0.24846923300513090727 0.23779266495508960544 0.22441165352441264091 0.21707460379936818762 0.21537791045275395119 0.2113384165753978694 0.21231087122582464888 0.20584737072103884148 0.1958524389696584822 0.18966716727658133879 0.18566690333907917565 0.18202144794251709503 0.18311598101904902336 0.1853469953895995892 0.18687676801155223005 0.18683731169489259383 0.18724718201631387893 0.18333488016043789082 0.19291885055870092169 0.18909144502888164396 0.2020279524501074897 0.20550197997550445628 0.21568489801609175283 0.22466480818042178225 0.23599421394525130213 0.24741357406750016934 0.25741812843253653043
0 0 0 0 0 0 0 0 0.015496588498312953777 0.16205688165138959489 0.10793181292599332566 0.07305621479135132601 0.064213338212701573382 0.063533482517850584093 0.062397093298404780748 0.062283367016695033447 0.061269617794545087885 0.059824054538294257899 0.057813598860836430682 0.055591052622569372965 0.052682448350713402541 0.053029516169533837122 0.053726748073362015634 0.053293797167630788114 0.054174495529868429977 0.054041133024542283014 0.053811244975812085045 0.054366679915057142258 0.05420890986312703469 0.053144512940788986299 0.05346404651674321884 0.054115407862605824363 0.054327513450270994988 0.053241976787185174569 0.1060237632739296082 0.13226054882136861757 0.12091922137411949267 0.11955838081367443915 0.1206370069919293353 0.1207383936022589227 0.11957786803922551555 0.11975732935631415443 0.12104905215646154237 0.12132403575608291524 0.12521606086532155455
0 0 0 0 0 0 0 0 0 0 0 0 0 0 0 0 0 0 0 0 0 0 0 0 0 0 0 0 0 0 0 0 0 0 0.021618864545865423832 0.077442798734122297866 0.0782840399551487931 0.077392127194577969851 0.078090250680093550861 0.078155879843263789675 0.077404653213393057043 0.077520821357889097003 0.15816281692613357035 0.15652901108844438638 0.1549277914683432622
0 0 0 0 0 0 0 0 0 0 0 0 0 0 0 0 0 0 0 0 0 0 0 0 0 0 0 0 0 0 0 0 0 0 0 0 0 0 0 0 0 0 0 0 0
0 0 0 0 0 0 0 0 0 0 0 0 0 0 0 0 0 0 0 0 0 0 0 0 0 0 0 0 0 0 0 0 0 0 0 0 0 0 0 0 0 0 0 0 0
