benchmarks/avaPyramidNullTest/release1PY_d296a00ba6_C_L_null_dfa_ppr.asc
ncols        794
nrows        794
xllcorner    -2.500000000000
yllcorner    -2.500000000000
cellsize     5.000000000000
NODATA_value nan
[rows 380 to 399 of 794, columns 180 to 224 of 794]
74.78831692620241256 74.29811297337430176 74.533154093417536501 74.411010636109665484 74.033805037217476297 73.584692309551641642 73.175215589815820749 72.612416660903576826 71.841160658984705378 71.383640992182208151 70.898613353500167023 70.184742689711313801 69.646394488405718448 68.977298649977399236 68.051558555033722087 67.175760062209533885 66.411846217676313131 65.83596273231076168 65.338831386480066499 64.887463799660565655 64.638426654833921248 64.144312829334879211 63.678385908094021772 63.292024784218469335 62.896686740416456018 62.46301080822977525 62.147774445662349763 61.942012779610266193 61.876591551246313827 61.803375897322304411 61.796312673753035938 61.578693452178193013 61.317677744030227416 61.085761986034150084 60.663701782700350407 60.339354188635510923 60.284633901973435854 60.092897318612138235 60.270908509288183552 60.103491209793894257 59.832983270380715624 59.335735211715096682 58.811936711217249751 58.269765373515660656 57.190837179745898311
77.564296877579209877 77.305064685360051158 77.026831642807593425 76.571083939648332262 76.034885132971794519 75.343618687936071865 74.545986780895631796 73.782301472101167406 73.146880538616954937 72.349676981223908001 71.532980015629206605 70.862538859669427893 70.28605389173895901 69.619203146368320745 68.94133350081078504 68.109988729469705504 67.342135905431064202 66.712962539650774829 66.475077881300308036 66.358314494423709107 66.415652620255343663 65.980810279240500904 65.580480964628691254 65.247303228394713415 64.647409368675724295 64.255308052854076095 64.144368790329792773 64.106595719101605368 64.248366160217713627 64.115476050945673592 63.58889120962844288 63.252007591971860734 63.208812569516901192 63.172994581325475849 62.954136376637698902 62.615034207554202794 62.367133002583905466 62.230655023176652207 62.128706348824501049 61.650866582217958012 61.075776898377867496 60.590334542618904834 59.939719125576708336 59.138127953975455853 58.245303453892141476
79.353630224695507422 78.600264955730679617 77.882890095254438734 76.962284751484347112 75.949135931555645129 74.859636064205915318 73.724533168243780779 72.931729972266637674 72.128532310652119008 71.456167322362915684 70.842020723627157963 70.366666492130022448 70.021676976004485482 69.888886433549146204 69.634612483803337568 69.070720072863707628 68.465945873884791695 67.968624263318403678 67.859431178036288657 67.972173824944931653 67.924753382784132327 67.834558558207390888 67.788737633583338038 67.457937233820729261 66.807115781143053823 66.40659402195642258 66.134443309800047928 66.082585372463469753 65.924726082417095085 65.444359092281061407 64.90430569744731315 64.587833953562849842 64.520506390660315787 64.613058840556021778 64.273183436072827135 64.110788987131556382 64.004999915546832767 63.969170241146997569 63.514361263918068801 62.927226561942141814 62.249745558744677965 61.631772127963543539 60.646363649090162085 59.606366598658567568 58.742618030732018042
78.908464814765025608 77.885070792139131868 77.033052484601242327 76.055895603863220344 75.125560723858782808 74.164934025470770962 73.180837740543651648 72.495523086398506507 72.045553198435271725 71.682293305894432933 71.338671190179084647 71.030692184745248596 70.953402137501342395 71.049237313741073763 71.029990576462367358 70.7880816424764987 70.383429152135121853 69.995585501390365835 69.735326681954205696 69.312157682473923614 69.202689206128809474 69.268916108528429731 69.424069187662723834 69.123047239445142509 68.408026300730739422 67.854822086318847596 67.622262554181148175 67.272103277558187528 66.675875235871103541 66.17313965318044211 65.73041970315496485 65.492766440927979943 65.45202163871053358 65.470679224905126148 65.116028825062954866 64.983721799969302424 64.93582806770095317 64.647262225808759695 64.310884385954025788 63.790057359297250628 63.0383565660563292 62.273982788271965205 61.379056273941934307 60.332870783217899202 59.531888301489750859
77.627208958399393168 76.741987214120328531 76.069900552627188972 75.667018490557666155 75.175793227896576809 74.571794672323278519 73.900100273093670467 73.501892699889637584 73.234257913304219301 72.963503339363413147 72.555674272974201244 72.274556732107598123 72.279168442159090091 72.401225510452420053 72.286829692717148532 71.98326341624874658 71.728219856281540956 71.510643924377504277 71.152070695401022249 71.014336440841873355 70.855181471201262866 70.986064733262352888 70.869975232277354849 70.388256151988485954 69.796234880048245941 69.456184857447965442 68.997626892808966659 68.172515556014843696 67.442350990802879096 66.924612499673330035 66.553077635051948846 66.208355798733762754 66.172741063856875599 66.051691152151761344 65.895566129681725442 65.65477818409372901 65.260771917584833091 64.808542234491284262 64.499176254195887736 63.872882459792066356 62.955070568042600598 62.014866187144789933 61.282021741845412066 60.606161980047282611 59.810048303236790446
77.564175931569678824 77.082982205746390036 76.626568271319499104 76.346255982525391914 76.094005163006130488 75.65276507981928944 75.39842840619370179 75.074409709535430579 74.790881277591694243 74.53760328499694765 74.130355905292930174 73.873929142991954677 73.888360329728826059 74.009638901909994502 73.873562215004753284 73.894941093460531079 73.675893972092126205 73.238962141268544315 72.741752061005044538 72.395946485942701543 72.17806901768130956 71.946826919558787949 71.510603453990043477 70.860977302797536481 70.377646284688538003 70.235701832349647589 69.612719898330368551 68.80205098216396209 67.988294890181080632 67.422218073423977103 66.887605347613074969 66.418532269379042532 66.182098821705451996 66.143228735099526716 65.994019215158360225 65.829674121333923154 65.395303426209693498 64.830582029305105607 64.440610302564110157 63.813884442405530706 62.916383578367344853 62.078058016634990679 61.451263210731397635 61.014002691826753733 60.391496622879635936
79.238377400833286401 78.831098039986343906 78.430033132402996898 78.094484208812247061 77.848556888395904707 77.528802049603342539 77.302619014010687692 77.075388696224322871 76.688395563153989087 76.17026649856966003 75.649718026678939964 75.394193072189651161 75.213516816831628375 75.066926397667188553 74.893906297002430961 74.753699874960631178 74.679118695341387024 74.249239127569865104 73.822130000043514997 73.462261492217606929 73.033841998105430093 72.52018112775397185 71.922159743825488931 71.370086927694615042 71.149578340842637658 70.866981866494526798 70.493775064442075973 69.707736358318427961 68.766849387062336518 68.06616114477523638 67.534803446283959261 66.994519321808553514 66.47093048261146464 66.365773266278083042 66.422257765221232262 66.285612002808491638 65.883495587698433837 65.451497313893199248 64.987372538465749017 64.245415355367882171 63.253414482860449652 62.298042949267212975 61.518143693704132602 61.065941502667001828 60.633714755449055644
81.446580356810372336 80.866679951051054331 80.406464845848205414 79.909928503337638972 79.696843301975761165 79.498317836546064541 79.339378248840233709 79.075301081202454156 78.636565820716370467 77.934650904600232479 77.219608166970743923 76.841424543166269245 76.650793118989341224 76.318086591052633594 75.87158881216501527 75.51287073867915467 75.229689408213388901 74.755819150241848092 74.490143514885332365 74.170905472539871539 73.71337804899688706 73.221278802902418192 72.708168568326428272 72.311564700172198172 71.846077381983221244 71.748548660535874433 71.295164900053904944 70.602349227989734004 69.815285496674036381 68.956977138662338689 68.165614273259507172 67.603265185163877504 67.158024733245795801 66.816329493241866544 66.656579541013002199 66.471549727988076484 66.407619226257622813 66.32794248334963072 65.809327213086433517 65.074433255887640826 64.046805167170703044 63.150349593865875875 62.451594962687636325 62.000137787730345451 61.748222525122528737
83.341739997193300837 82.824229885188159983 82.037169874129048708 81.592271630339098465 81.415857917879648653 81.187720596658024874 80.810130763776570006 80.356672300924529395 79.87716426439078532 79.147724491045664763 78.427057315813513583 77.937118468966957607 77.645326192244709773 77.317884884317507499 76.943144648158096288 76.683340533514069648 76.327448958944557944 75.858516671953722721 75.331254841845805004 74.924238256194584551 74.568330333711074331 74.322428304178160374 74.055227391747209253 73.591441124837885468 73.066809776531329135 72.771502825704942552 72.434390660453942701 73.141072382122430895 75.832831205678417064 72.494353165539692441 71.12700413738311056 72.064187580930692434 71.367860041242920488 69.564393560301923003 67.205008823843527921 67.14241997664164785 67.01790997996222643 66.990560427051065062 66.494586575641790205 65.796076465794925525 64.641965940976334082 63.4731972886881195 62.740078152747472018 62.493408887972151433 62.38528734698576983
84.548556279793359636 83.867447222303354692 83.262897866686330417 82.81442671903734265 82.50388445973513285 82.058892358107044629 81.765817217230463143 81.322543913997364484 80.775723305543905894 80.151237497051582181 79.663823904537181875 79.283764734059857915 78.789691113317175564 78.030418202423348362 77.451227888905904706 77.275792163043675487 77.085347332039717116 76.638859861986745159 76.086316604762060933 75.670566608155183985 75.385668598656778272 75.404980069151918087 80.280958041744739262 84.682570578791825255 78.072217980745435284 82.023661818858727202 85.120639058988246006 87.300404755679863911 88.415194087491641994 88.746342134811257552 87.401544073154468606 86.362690307500059816 77.506939112942959014 74.475175080013400475 71.400493449411243319 68.807958887523383851 67.851834909763539372 67.782378579897994086 67.307657681651008375 66.467030089198956944 65.167915207306805314 64.07195662031445238 63.448644659095371878 63.202140711145844421 63.056701761120535821
84.913378788338775394 84.112920326298251439 83.483453491846120187 83.130631945357421841 82.937108866989248668 82.58566409581540313 82.193297423488573372 81.861339858187861296 81.366586484458039763 81.141092082991704615 81.127191480027917692 80.95930680283360914 80.081949995952314225 78.397046993233161061 77.204424424921157311 76.875053764496669828 76.807500918575044579 80.117796349841910342 85.1349911228440277 88.320404628820369908 82.090276160344487266 86.319613093722793451 89.915807016539304186 93.056610109980596235 95.99265195359464542 98.084093037315369656 99.670221087130244086 99.611752931739019346 99.730864607177721837 99.210113213191206682 92.696027290814953403 90.392113559569253312 87.209950078969740161 84.502469858329916974 81.768194785551017389 79.078819256740175092 76.821870494684091568 75.097056074230778222 74.142099120641248078 73.635074442265775474 73.609186959386889271 73.609393893819401455 73.350713169667187685 72.945117223028830722 72.548735494212635899
84.803699139754414205 83.83252693132229183 83.025319375086866103 82.590953788887418341 82.413346030884596871 82.21078200176279438 81.903301288711176653 81.572742242457181305 81.014984657761189624 80.646257989879160277 80.74214824078678987 80.699798642044655139 79.746307379149016015 78.031809138044479823 76.705635922555018169 79.871679363421094422 84.687395433751348151 89.074707175365873013 93.479244437690496738 97.663151903832812195 100.7585162081479524 104.47331508178574211 107.07990551784904198 101.60500747373765762 103.75703035234630534 105.37840949324814233 106.15698945994579105 106.03904125817014403 105.42463201611637658 103.6011901835390745 100.51658628402313411 98.122621130018146118 95.576626749278815964 92.429869869364765123 89.429913990457023942 86.65867712133027112 84.436721877011876813 82.596021917955724234 81.379748502503076679 81.049378314715227134 80.947678272164395707 80.756015307723444607 80.682882616791772534 80.292826284139309223 80.112138342043223815
83.228652141955251409 82.358012792370729471 82.034682360877582141 81.580173540327024284 81.009353732089721234 80.995371898039195457 81.188473443614256553 81.163117316943555579 80.6522822503318082 79.594646039392046077 78.926676538297243724 83.437965946516214899 78.403660191416093994 82.790227130048847926 87.08237828510017664 91.274342749282070031 95.337986156459635367 98.209139677640564514 101.44961776332011993 104.8563767954198056 106.96350605735031536 109.40423782401698816 111.16835837978125312 112.53626271842742312 111.53939427853539712 114.50483131307751705 111.05512146537743945 110.5379794776666813 109.39077742835981155 108.09232928284320963 106.19844285858609112 103.60763269927437591 100.73933747719998166 97.592703060425250783 94.402727682137950183 91.576122447146147465 89.370683370316143623 87.854312652448371068 87.406452495946794556 87.241581190095544684 87.212961217003140746 87.212262398367698779 86.958002139032544164 86.688991136050589148 86.593782030234564218
80.320938142318027531 80.085611585875525975 80.054502972711077291 79.803849466982441641 79.120905685709587374 79.139734234453328554 79.307890361465311457 79.518129731701279184 79.276638488409304273 78.854706473286498181 83.673828649087752751 88.585673567196877798 91.559235707809335736 96.512593547550451945 100.59002225898137795 104.68861438428301369 103.76771518631549895 106.05757414487919732 108.97797572776353547 110.91243161686151097 113.4244696493262694 113.7662756601636147 116.48212876034202168 115.93150761545936689 117.82314709384709772 116.8782678039405738 116.67442424491530062 115.77846518354553496 114.35557966798860718 112.61846128285827717 110.17481530153958147 107.18468773408055483 103.81814654429561529 100.23224726569536358 96.922799841329961623 94.442819472829199867 92.823297391229161235 92.21253893009431124 92.099368317639203951 92.047678265360957539 91.388749916235937576 91.082243318541259214 90.65072149221998643 90.396634030506035629 90.344766962840296287
77.159868801496571677 77.583198875510959169 76.899759313567543018 76.464005183955293887 75.796532650659003139 75.516602800056801925 76.003974698504762841 76.269221001377630387 76.369755971694942787 80.548353207630484007 84.875063470493174123 89.425096581340852708 95.003709698138763429 97.218269342005513067 100.95717153399642996 104.76976784993833292 107.3530487655990413 110.18340548985031546 112.21934872126999494 114.59736703516746559 116.30488879526824064 117.85917292484606378 119.07672763212359257 119.8129212406339974 120.22613266843578117 120.26042621070816097 119.56096149681140162 118.38764450448593379 116.55138691955501429 114.05110403683630693 111.00747735019326967 107.66305749449246321 104.14324665487809796 101.11892112234477281 98.579341852453211459 96.554888471608137479 95.930766615578022538 95.97562583187641394 95.880258513954132127 95.308609882923718715 93.968092201062049185 93.294471553780951467 92.70822104418769527 92.622933606617422697 92.703385463497966157
74.623935315734641449 74.000374504134711628 73.062349004961717469 72.234174905307469317 71.712631149904552785 71.54407797631347421 71.615378256218306774 74.511223500442298473 78.683443019292255372 82.806343766687461994 87.071813123173782856 91.226615399823074881 95.219652900087609737 98.783540433549205773 102.3645197767862669 106.11588455781300411 108.87507486598005357 112.10425937943483632 114.28545419273896755 116.7159320264050848 118.25206099825601314 119.82055849533860226 120.76853828892522813 121.19040993376242454 121.26193558037097375 120.91727969739378068 119.86831025462133482 118.33113638646273102 116.00051852037631761 113.12325845378249767 109.72486026903452228 106.28231718514902582 103.27363449715325316 101.23261238760920833 99.715164897406211253 99.116974497790977239 98.68279858998945997 98.476818049702572466 98.152853731152490013 96.463754076011582583 94.984476602224248154 94.011936596099204166 93.956698590331413357 94.082920452304719561 94.420822512725450792
73.917427503334039329 73.314904207630064548 72.452872036250568044 71.532973648960876289 70.648734309386611585 69.761820993479233266 70.476129177773046308 74.600348072872762373 78.723121250654401138 82.861076488151766739 86.960962392280450217 90.913120746774865211 94.85894063696777323 98.040534592948944237 101.75693804364200901 104.85880495162436432 107.80286629842379398 110.41742105811729857 112.83059286330276905 114.77288893124959657 116.67912383158483181 117.85497373802026289 118.8501363916697926 119.28472289652091831 119.29996989369625737 118.87567418266297636 117.67675066264273198 115.63102180184627343 113.10297996539084409 110.05226280471985945 106.84922578737288745 103.98379274479998458 101.93161362064367381 101.19379091782710134 101.33511960864763068 101.49636608965366236 100.81036399819815585 99.262175242989087565 97.757619178269862914 95.325482813676927663 93.73365941170746396 93.276416904000726049 93.703038645915057714 94.324418153298680068 94.7282220228673566
75.083749677956120649 74.893585826086223278 74.516962990729680882 74.016310310153912155 73.101907764789601174 71.876082423864531279 70.596651965802095674 72.49146519843637293 76.837524684549620702 80.892927095474291832 84.914903691071017988 88.584982337467550906 92.241814469740418758 95.68994739873248534 99.258586513308188159 102.57492716413430855 104.89337745512898437 108.052710069994788 109.95265185869111235 112.00063229869419956 113.40352439511408988 114.6197218852657187 115.56940504097758549 115.61874643188038192 115.65316112096795109 114.639051553278847 113.19252094360062699 111.14131919996945896 108.30225344653715069 105.36934943663720787 102.55484955400243052 100.73745596689909121 100.73805818644322585 100.75532998871614154 101.37571352485862519 102.20340380189979612 100.66884455455979719 97.633547452233642616 94.664179542913700516 92.372832205703844011 91.099022266100732281 91.169163880084795437 91.941454341222978996 92.870395685914203909 93.650820658694428289
77.304558942172633351 77.181937577627252267 77.057672594737610439 76.807800160724426064 76.089582405776596374 74.800362582408084222 73.115490034185100399 71.593882982658143987 75.994335781418740794 80.355459196022906099 79.957879607253431686 84.070272149630852709 88.178104347566190313 92.088848820789095839 95.835335744610631536 97.801230801103443468 101.67824034688285906 104.599056804316632 105.56076091100669601 108.91538881449748999 110.99737600401502391 110.63686548506662177 112.8753709559214542 110.46765415412396294 112.11150411901772372 108.58861901529895988 106.92423005736647212 104.53711393231725424 101.86695096566172936 99.163924270372874048 97.064611428664875348 96.603736649121344726 98.231023552523424769 99.698848254860848783 100.17442698366951959 99.521184423401066965 96.964021326624006747 93.140988444085536457 90.07610929526138932 88.36959120945547852 87.67350871771090226 88.051586599688974388 89.080711683019998759 90.054954839699732361 90.477680960059544191
78.774719762891905361 78.383308753412947567 78.189567811711924605 78.022207149404536608 77.651433949864184569 76.534026041472742463 75.087973148467980877 73.513334945409255283 72.273752295015299296 71.664181585753709669 72.847265404237234065 77.240671981658792333 81.570903481709592597 85.848745409404301654 90.00380467615312341 94.231970217438657755 97.627281851270581114 100.9019066969615892 103.80776222117394525 100.65962321704063243 102.90791833284390577 103.06638583372520657 104.64350586213313932 104.33901694124885751 101.35797533297657935 100.27014013720756225 98.36224477565833979 96.104318770030971564 93.464895556472797011 91.209430928546808559 89.974356254330700722 90.672036089194563147 92.944652336528690739 95.637085006867792458 96.074124436747752043 93.926648070641164168 90.550598387081322471 87.106968083433088168 84.858956428123931914 83.659217484687772526 83.507447065179476908 83.864344202290610042 84.551052668288818381 85.348609599681779514 85.822944355206246314
