benchmarks/avaPyramidNullTest/release1PY_null_ref_0.15500_pfd.asc
ncols         793
nrows         793
xllcenter     0
yllcenter     0
cellsize      5
NODATA_value  -9999
[rows 416 to 447 of 793, columns 370 to 443 of 793]
1.17325 1.06225 1.17526 1.05125 0.970739 0.834919 1.29264 0.6226 1.04513 0.869584 1.07922 1.09565 1.08918 1.24889 1.11075 1.23731 1.11737 1.16094 1.05372 1.16155 1.04364 1.19213 1.13775 1.139 1.11247 1.09953 1.13172 1.11525 1.08179 1.081 1.30879 1.14981 1.1148 1.1052 1.1299 1.13992 1.08061 1.05362 1.11466 0.991312 1.06679 1.12169 1.10751 0.897752 0.959934 1.00378 1.30943 0.936092 0.97979 0.893689 0.796569 1.01178 0.972832 0.977428 0.964911 1.2289 1.16816 1.14797 1.13153 1.09721 1.14367 1.264 1.18182 1.12631 1.15608 1.08039 1.05268 1.03716 1.02685 1.02456 1.0408 1.01929 1.04131 1.02997
1.0193 1.07136 1.14102 1.11092 1.0628 1.00184 1.2671 1.10386 1.34328 1.1839 1.07758 1.07222 1.05296 1.15684 1.10113 1.18116 1.1026 1.1251 1.05895 1.15172 1.1138 1.14146 1.11866 1.1146 1.24787 1.0859 1.24678 1.09087 1.05044 1.16049 1.57586 1.10853 1.10214 1.07228 1.10532 1.11631 1.06844 1.4605 1.07441 1.30934 1.25667 1.06518 1.05465 1.05761 0.942316 0.870701 0.976875 0.774568 1.13327 0.668474 1.21271 1.01249 1.20511 1.08814 1.00688 1.01356 1.02374 1.10608 1.09217 1.0663 1.35742 1.15591 1.09719 1.09199 1.05435 1.13215 1.24439 1.05461 1.01184 1.01391 1.00139 1.01273 1.00559 1.00768
1.42268 0.974787 0.999321 0.755466 1.13508 0.983274 1.06911 1.0569 1.08283 1.19035 1.03123 1.04996 1.01992 1.14682 1.08843 1.14025 1.09323 1.11237 1.0727 1.13489 1.29039 1.10279 1.22674 1.16634 1.16247 1.07769 1.13479 1.07373 1.04318 1.10136 1.28482 1.08127 1.19226 1.14857 1.08839 1.22226 1.04253 1.28864 1.06836 1.17677 1.15592 1.01342 1.03784 1.09113 0.922527 0.99183 0.916341 1.16433 1.06921 1.15475 1.24276 1.0296 1.14529 1.13585 1.0925 1.03082 1.04547 1.04404 1.04787 1.09214 1.07785 1.06007 1.05596 1.22528 1.11524 1.08391 1.53325 1.16208 1.03962 1.01958 1.01925 1.01212 0.996037 1.00895
0.857678 1.01223 1.09597 1.11089 0.992504 1.06506 0.979316 0.941444 0.954755 1.08101 1.01863 1.08705 1.0019 1.10788 1.1698 1.1076 1.21957 1.10657 1.2848 1.43227 1.1665 1.09138 1.18494 1.39921 1.13122 1.14568 1.09417 1.07729 1.03661 1.30125 1.19778 1.26517 1.17658 1.10549 1.15032 1.1422 1.02702 1.37615 1.0695 1.12717 1.11349 1.13342 1.32275 1.08344 1.01859 1.21493 1.21989 0.993384 0.95559 1.00463 0.846904 0.873941 1.18251 1.35953 1.11562 1.0089 0.927194 0.919794 1.00419 1.02665 1.03007 1.01211 1.0279 1.14782 1.33723 1.16013 1.09453 1.05313 1.01591 1.01158 1.01218 0.987742 1.00542 0.982599
1.03625 0.83023 0.965392 1.14775 0.768553 0.992195 1.05503 1.15798 1.20389 1.05606 1.09325 1.04466 1.18408 1.10938 1.11381 1.07345 1.11052 1.10639 1.13926 1.24973 1.12331 1.07883 1.16063 1.30987 1.19818 1.19381 1.22029 1.14512 1.03658 1.24322 1.14864 1.17725 1.14842 1.09735 1.09359 1.10141 1.02738 1.21753 1.0567 1.13176 1.20304 1.12172 1.17603 1.05984 1.10789 1.15429 1.168 0.921262 0.902478 1.16194 1.285 0.727103 0.888722 1.33839 1.10026 1.03719 1.20574 1.11707 1.05867 1.0275 1.05394 1.17753 1.14537 1.13315 1.09634 1.07739 1.04458 1.03313 1.01633 1.00962 1.00015 0.996964 0.980644 0.990701
0.846084 1.16376 1.29976 0.874385 1.33115 0.885747 1.00877 1.06642 1.11811 1.05268 1.09688 1.07787 1.11715 1.09538 1.17265 1.12968 1.07302 1.10963 1.10716 1.18004 1.09594 1.06566 1.13599 1.22795 1.1039 1.15723 1.14957 1.11108 1.04588 1.30109 1.20191 1.13006 1.14916 1.06925 1.06443 1.08915 1.18645 1.15345 1.12498 1.07288 1.14612 1.10831 1.19188 1.15956 1.26518 1.09072 1.2071 1.1314 1.28482 0.966821 1.23231 1.23332 1.12665 0.983046 0.773056 0.803439 1.39799 1.19928 1.10527 1.19111 1.1098 1.22093 1.09208 1.33227 1.14614 1.08668 1.25521 1.07364 1.01509 1.0126 1.00499 0.979258 0.966531 0.974554
1.065 0.833225 1.11217 0.750384 1.4095 1.20106 1.13127 1.00205 1.23364 1.04653 1.10714 1.08223 1.09062 1.08355 1.11713 1.09879 1.18438 1.09629 1.14154 1.14078 1.08312 1.07886 1.16589 1.17409 1.09692 1.26412 1.11578 1.10351 1.14915 1.17444 1.10293 1.1033 1.15186 1.1951 1.06911 1.1111 1.13479 1.12294 1.192 1.05357 1.88977 1.09669 1.11372 1.17096 1.10104 1.0464 1.14693 1.05244 1.0929 0.983474 0.955622 0.946923 1.25612 1.05534 1.2517 1.2492 1.10879 1.05275 1.09797 1.28022 1.15749 1.09903 1.04163 1.0047 1.17864 1.107 1.05525 1.02026 0.9843 0.975752 0.96546 0.959515 0.961876 0.953288
1.15955 1.18141 1.36145 0.979925 1.21151 1.14319 1.079 1.07333 1.24499 1.08623 1.07027 1.23911 1.0727 1.06909 1.07766 1.07101 1.26762 1.09357 1.1026 1.12081 1.33275 1.06529 1.0947 1.15293 1.08199 1.14744 1.10055 1.18672 1.08176 1.12682 1.10472 1.08067 1.11338 1.14208 1.0522 1.08581 1.08924 1.08566 1.23673 1.21562 1.49691 1.07803 1.58508 1.1187 1.05001 1.11441 1.22197 1.30577 1.28827 0.951885 0.897396 0.885664 1.1568 0.772531 0.989546 0.987885 0.937478 0.953487 1.00081 1.0736 1.08116 1.14611 1.11357 1.09063 1.14203 1.19001 1.13686 1.05035 1.01892 1.00433 0.986385 0.975346 0.970538 0.947845
1.47406 0.959161 1.13696 0.944432 1.11265 1.24131 1.04076 1.04731 1.17222 1.03524 1.05471 1.14114 1.05685 1.0727 1.31306 1.04914 1.15051 1.1349 1.08969 1.0902 1.16693 1.15112 1.07854 1.22563 1.07519 1.44035 1.19068 1.09169 1.10534 1.11151 1.29247 1.06883 1.10731 1.12767 1.24353 1.07222 1.07855 1.10227 1.17469 1.16179 1.35219 1.05821 1.27008 1.0911 1.22071 1.06449 1.1524 1.23053 1.12672 0.998122 1.11035 0.858377 0.948641 1.03251 1.05377 0.969279 1.09359 0.944409 1.24178 1.05419 1.12488 1.27243 1.18092 1.13898 1.102 1.0728 1.02005 1.00696 0.99053 0.959823 0.940826 0.935732 0.911435 0.924042
1.23716 0.86806 1.02107 0.946699 1.2043 1.14322 1.21273 1.04311 1.14664 1.03088 1.27393 1.10249 1.03696 1.21202 1.21103 1.17286 1.32862 1.11557 1.45205 1.1891 1.10271 1.09113 1.21922 1.10979 1.06634 1.32204 1.13325 1.06682 1.09083 1.08719 1.15875 1.07151 1.2241 1.11598 1.16694 1.06702 1.11038 1.24138 1.28417 1.12901 1.2848 1.21467 1.19356 1.07075 1.12742 1.1081 1.11148 1.14804 1.2507 0.989366 1.0635 1.204 1.26791 1.10779 0.967781 1.16146 1.03166 0.911049 1.00321 0.836898 1.23429 1.21163 1.13454 1.34334 1.16503 1.09159 1.11058 1.01077 0.984854 0.969292 0.949992 0.928244 0.923744 0.918104
1.16139 0.97263 0.989044 1.02958 1.39683 1.11135 1.18107 1.03984 1.10408 1.38076 1.13132 1.08211 1.26379 1.10484 1.13792 1.1381 1.18333 1.09218 1.29103 1.13316 1.30786 1.22422 1.09925 1.09322 1.06538 1.23948 1.09724 1.06024 1.53334 1.08127 1.12439 1.10249 1.12581 1.09639 1.13436 1.06137 1.06713 1.16173 1.20823 1.11074 1.23198 1.1665 1.14737 1.05339 1.10052 1.17302 1.17767 1.14863 1.18175 0.959562 1.00572 1.24649 1.17988 0.976985 0.788936 1.00808 1.31639 0.742797 1.05873 1.21405 1.27066 1.1317 1.05617 1.15 1.06763 1.01981 0.987412 0.960094 0.944201 0.920123 0.901274 0.879704 0.868473 0.875514
1.0593 1.2212 1.25331 1.04567 1.25675 1.1607 1.29864 1.0889 1.12365 1.19193 1.09421 1.07035 1.16128 1.07959 1.09899 1.1308 1.16417 1.09509 1.20281 1.10715 1.1687 1.11093 1.07234 1.45557 1.04799 1.19443 1.0782 1.05802 1.35767 1.17145 1.09925 1.09047 1.0892 1.07558 1.22032 1.05762 1.1789 1.13388 1.16742 1.09409 1.184 1.3587 1.10978 1.15725 1.09433 1.12253 1.13772 1.11106 1.10186 1.14341 1.11533 1.12309 1.46027 0.915141 1.17446 1.1597 0.881581 1.22503 1.51342 0.857204 0.88766 0.863888 0.824321 0.827314 1.12342 1.02894 1.31931 1.07316 0.985771 0.929687 0.90412 0.878291 0.873875 0.868357
1.36343 1.15655 1.13087 1.08671 1.40604 1.30965 1.19701 1.09225 1.11425 1.13922 1.07782 1.05625 1.50756 1.05591 1.09008 1.11406 1.12572 1.09327 1.19926 1.08992 1.22745 1.07865 1.31261 1.19718 1.83934 1.16108 1.06161 1.04489 1.21596 1.11276 1.08819 1.11618 1.08642 1.0834 1.1854 1.05192 1.09718 1.1254 1.14006 1.31848 1.16827 1.17711 1.13952 1.14725 1.22863 1.13104 1.11251 1.14586 1.20888 1.10977 1.08157 1.05102 1.21503 0.935771 1.06411 1.03121 1.03143 0.851704 1.01056 0.789286 1.47987 1.12352 1.03325 0.944964 1.28509 1.07531 1.36396 1.07786 0.994465 0.938426 0.912258 0.863043 0.881241 0.864357
1.12393 1.09384 1.08679 1.08536 1.21818 1.17372 1.14882 1.07668 1.10142 1.10264 1.42215 1.05388 1.25902 1.17513 1.13381 1.11126 1.09747 1.06493 1.15944 1.081 1.13844 1.0556 1.20195 1.14248 1.40041 1.12059 1.06935 1.23535 1.37086 1.09008 1.20335 1.08419 1.16115 1.07563 1.12565 1.11307 1.07449 1.11343 1.12018 1.17614 1.14438 1.1201 1.17658 1.22316 1.17619 1.46723 1.09668 1.08449 1.07772 1.07247 1.17997 1.02758 1.2854 1.05685 1.03187 1.05461 1.14935 0.918155 1.24299 0.773707 0.730845 1.05613 0.937092 0.813418 1.18367 1.10974 0.994179 0.932697 0.871431 0.83151 0.787406 0.781027 0.773489 0.764332
1.0774 1.17005 1.05912 1.24227 1.16629 1.13276 1.12787 1.23893 1.09329 1.09591 1.2299 1.04448 1.18385 1.12677 1.08448 1.07794 1.07068 1.29424 1.09717 1.27942 1.10362 1.22695 1.1557 1.13287 1.2847 1.13845 1.15984 1.11557 1.23204 1.12012 1.15242 1.06847 1.08127 1.07483 1.09669 1.3565 1.05793 1.24585 1.28732 1.1184 1.11383 1.36057 1.13854 1.15338 1.13921 1.21648 1.08465 1.23013 1.0673 1.05429 1.1312 1.03142 1.35639 1.0764 1.02773 0.995918 0.97032 0.838153 1.11596 1.10765 1.11481 1.28376 1.35569 0.995343 0.941264 1.10087 1.09268 0.953567 0.883662 0.837472 0.81179 0.790399 0.785042 0.775513
1.16751 1.07262 1.03888 1.10299 1.1214 1.10207 1.11119 1.12341 1.08598 1.21356 1.17183 1.04409 1.13472 1.09041 1.10789 1.06454 1.14064 1.14947 1.08344 1.17931 1.1022 1.09388 1.12964 1.23337 1.21772 1.49735 1.10885 1.08383 1.24168 1.12143 1.1042 1.0715 1.25281 1.08497 1.07812 1.16514 1.32274 1.17074 1.13514 1.11345 1.10399 1.22864 1.11781 1.11425 1.12946 1.15293 1.07204 1.13393 1.04776 1.0457 1.39527 1.03199 1.24791 1.32002 1.03881 1.13807 1.23434 1.10317 0.978307 1.11497 1.0093 1.11037 1.17418 0.881321 0.901445 1.24676 1.05427 0.914161 0.834299 0.798191 0.752502 0.74088 0.718141 0.702618
1.24202 1.04732 1.25966 1.1828 1.09362 1.17613 1.07248 1.0876 1.10129 1.1068 1.09443 1.20985 1.09187 1.08471 1.32664 1.05507 1.08317 1.08312 1.07193 1.13178 1.07569 1.11075 1.10715 1.09237 1.17261 1.4259 1.07478 1.07793 1.21631 1.24543 1.0958 1.21017 1.15596 1.19016 1.35031 1.11523 1.28585 1.11693 1.54613 1.25123 1.21036 1.16978 1.22607 1.10339 1.21076 1.11525 1.06382 1.14185 1.16183 1.02744 1.21045 1.24287 1.18154 1.21983 1.04238 1.07486 1.17966 1.04068 0.961111 0.967824 1.02823 1.21023 0.739651 1.2577 1.10087 1.36152 1.02194 0.892844 0.818919 0.753873 0.698154 0.67078 0.659032 0.656651
1.32778 1.03595 1.13727 1.0579 1.08522 1.30151 1.05535 1.08482 1.18274 1.07732 1.29736 1.07356 1.07374 1.065 1.15209 1.05273 1.05783 1.05357 1.20502 1.10605 1.05856 1.45214 1.07164 1.16426 1.12929 1.24581 1.11052 1.06834 1.10024 1.11674 1.0608 1.18938 1.39667 1.1265 1.24555 1.07862 1.19674 1.22934 1.27156 1.14584 1.13831 1.12114 1.09927 1.07741 1.10041 1.09039 1.20633 1.06894 1.40053 1.02822 1.14141 1.13146 1.17175 1.16671 1.10965 1.11608 1.27554 1.03592 1.17902 1.22489 0.928762 0.986017 1.36512 0.962185 1.10855 1.32392 1.056 0.878456 0.754271 0.682223 0.643632 0.627136 0.625944 0.628972
1.12457 1.18541 1.071 1.02305 1.25986 1.11501 1.06145 1.06204 1.20326 1.07398 1.08182 1.04783 1.28465 1.0389 1.08162 1.04461 1.05823 1.0506 1.05605 1.49051 1.04716 1.1512 1.0566 1.07612 1.15057 1.15646 1.06919 1.06865 1.08568 1.06581 1.28941 1.10619 1.19687 1.10858 1.15914 1.05443 1.32983 1.12045 1.17416 1.09383 1.09448 1.08249 1.16461 1.07858 1.13981 1.10341 1.19772 1.04571 1.15628 1.02456 1.10349 1.06763 1.2403 1.2505 1.1309 1.03544 1.19915 0.998106 1.05495 1.06539 1.15194 1.00687 1.08103 0.752608 0.671896 1.20178 0.885931 0.658297 0.577356 0.554261 0.58752 0.604455 0.576032 0.550196
1.07658 1.01931 1.05169 1.01245 1.05433 1.04278 1.06018 1.06233 1.06082 1.07822 1.03746 1.04271 1.09825 1.03151 1.04236 1.04569 1.04733 1.04792 1.04618 1.17699 1.03613 1.06233 1.04593 1.07728 1.08288 1.10411 1.0444 1.07632 1.0688 1.05821 1.0661 1.04912 1.12543 1.05415 1.10222 1.04472 1.09417 1.06885 1.11686 1.0841 1.06734 1.06714 1.05841 1.05747 1.06602 1.05449 1.03903 1.04482 1.08532 1.00918 1.05555 1.04232 1.06413 1.09708 1.00867 1.00542 1.04964 0.955672 0.985947 0.953418 1.00301 0.886504 0.851528 0.750868 0.60237 0.640601 0.615678 0.528518 0.462467 0.435289 0.39955 0.407801 0.412116 0.431773
1.03405 1.00789 1.04599 1.00683 1.03665 1.02795 1.05981 1.05228 1.04764 1.08779 1.04083 1.04737 1.03125 1.03159 1.03366 1.04707 1.04433 1.05291 1.05209 1.06556 1.04379 1.04377 1.0408 1.06606 1.0564 1.06284 1.03797 1.06654 1.05924 1.04972 1.03351 1.0471 1.07164 1.05174 1.06641 1.03262 1.0645 1.06203 1.07709 1.0688 1.04431 1.04762 1.04111 1.04641 1.03641 1.03899 1.02675 1.03804 1.06204 0.995687 1.04387 1.02373 1.03791 1.09026 0.983138 0.970097 0.98892 0.924605 0.937 0.914222 0.897523 0.827677 0.776571 0.70353 0.493683 0.443984 0.319041 0.421439 0.296108 0.305602 0.335648 0.334396 0.327788 0.332107
1.01294 0.980413 1.05195 1.00851 1.02173 1.02816 1.07299 1.05137 1.04226 1.06858 1.03121 1.04958 1.04192 1.02544 1.02447 1.04228 1.05121 1.05518 1.06214 1.06798 1.04018 1.04493 1.04294 1.05852 1.06037 1.06352 1.03691 1.0748 1.03482 1.04361 1.04979 1.04331 1.03829 1.04026 1.06291 1.02561 1.05976 1.05531 1.07111 1.07165 1.04219 1.03551 1.04087 1.05401 1.0424 1.03804 1.01779 1.02779 1.03123 1.00324 1.03001 1.00115 1.01961 1.06685 0.968419 0.962519 0.967016 0.896246 0.904946 0.875443 0.847522 0.792705 0.727723 0.674232 0.493939 0.373025 0.263397 0.253621 0.348612 0.156035 0.123243 0.186272 0.230472 0.230621
1.00002 0.982769 1.02409 1.00845 1.02416 1.02803 1.05838 1.04709 1.03609 1.08658 1.0172 1.05056 1.03395 1.02631 1.02813 1.04397 1.05016 1.05632 1.07598 1.06881 1.03405 1.05158 1.03086 1.05212 1.06298 1.06759 1.04141 1.07615 1.0379 1.03991 1.03825 1.04224 1.03416 1.04476 1.05055 1.02494 1.05396 1.0429 1.06184 1.0659 1.04737 1.03449 1.05107 1.03166 1.02805 1.03351 1.02944 1.02469 1.00538 0.994633 1.02818 0.996943 0.991654 1.05983 0.956755 0.935397 0.931464 0.888236 0.877223 0.85645 0.814514 0.758595 0.709609 0.634096 0.502713 0.35185 0.30923 0.170116 0.183413 0.314046 0.214811 0.133418 0.111224 0.112004
0.981337 0.983186 1.03089 0.991132 1.00699 1.01723 1.05833 1.04639 1.04911 1.07447 1.01935 1.03312 1.02356 1.01709 1.02316 1.03155 1.04724 1.05511 1.07483 1.06758 1.03394 1.05527 1.04247 1.05159 1.05152 1.07466 1.05036 1.07545 1.04367 1.03264 1.04913 1.04635 1.04137 1.04807 1.04282 1.02455 1.05417 1.03906 1.0577 1.06164 1.03599 1.03287 1.05496 1.03318 1.02729 1.02615 1.01063 1.02092 1.0086 0.985341 1.00371 0.982113 0.989013 1.03079 0.957383 0.923437 0.910368 0.86978 0.862648 0.83282 0.802487 0.735547 0.707549 0.599728 0.4979 0.330182 0.314795 0.131255 0.160853 0.240074 0.270671 0.127642 0.139267 0.147033
0.96994 0.969144 1.02636 1.00595 1.01749 1.02765 1.06756 1.04956 1.04452 1.06878 1.0257 1.03943 1.02166 1.02241 1.02736 1.04764 1.04608 1.05388 1.05971 1.06139 1.03016 1.05921 1.04271 1.05974 1.05783 1.08451 1.0645 1.07303 1.0466 1.04235 1.04343 1.04022 1.03303 1.05099 1.04059 1.02349 1.05515 1.03933 1.05152 1.04724 1.03218 1.03385 1.05303 1.02724 1.03035 1.02802 0.99338 1.02533 0.986597 1.0019 1.01019 0.9616 0.972782 1.01972 0.946047 0.923369 0.895679 0.856169 0.851364 0.842203 0.808571 0.713729 0.709185 0.602067 0.50414 0.345058 0.305366 0.138105 0.176579 0.125681 0.126929 0.253017 0.166759 0.0775713
0.972452 0.972994 1.03109 1.00255 1.00571 1.02749 1.05718 1.04533 1.04956 1.06094 1.02875 1.0488 1.01844 1.02954 1.02538 1.05354 1.04953 1.05535 1.03764 1.05809 1.03899 1.05737 1.04243 1.05579 1.05117 1.08199 1.06157 1.07375 1.04792 1.03447 1.03025 1.0354 1.0272 1.03155 1.04038 1.02185 1.05236 1.0429 1.04717 1.04882 1.02631 1.03359 1.04477 1.02649 1.02831 1.02461 1.00254 1.02216 0.996264 0.999807 0.996078 0.989257 0.974058 1.01322 0.945857 0.932863 0.895132 0.863315 0.85274 0.84073 0.801537 0.702118 0.703585 0.607771 0.502706 0.344537 0.303592 0.141625 0.179452 0.0964984 0.151681 0.0413561 0.210628 0.181853
0.986318 0.963872 1.01187 0.989718 0.999427 1.02165 1.04756 1.03612 1.05641 1.05997 1.02547 1.04912 1.01366 1.03225 1.02796 1.0301 1.05194 1.05168 1.04839 1.06982 1.03815 1.0585 1.04389 1.0616 1.0465 1.07086 1.0431 1.07228 1.03505 1.03489 1.02948 1.03178 1.04058 1.02585 1.04108 1.02005 1.05326 1.03375 1.04422 1.04734 1.03118 1.03529 1.03411 1.02524 1.03293 1.01555 1.00032 1.03007 0.990217 0.999831 0.99941 0.959868 0.954112 1.00132 0.953094 0.915582 0.899863 0.88352 0.866032 0.84251 0.795587 0.706563 0.688481 0.613453 0.486722 0.327449 0.29374 0.134372 0.178838 0.094007 0.153746 0 0.0243396 0.111387
0.977378 0.955282 1.01693 0.997321 1.00988 1.02242 1.0409 1.03476 1.06278 1.05786 1.01888 1.04644 1.01284 1.02922 1.03028 1.02259 1.05988 1.06276 1.06203 1.07449 1.0358 1.06707 1.04622 1.06465 1.05464 1.04957 1.04457 1.05889 1.03389 1.03649 1.03626 1.03125 1.02971 1.03899 1.04919 1.02123 1.053 1.03372 1.04508 1.0421 1.03212 1.03065 1.01894 1.02218 1.02971 1.01141 1.00884 1.02251 0.990989 0.994112 1.00544 0.979973 0.952819 0.998568 0.953503 0.923109 0.888045 0.880779 0.863507 0.850435 0.796036 0.717897 0.66555 0.618768 0.472012 0.318162 0.287243 0.125046 0.178585 0.0929263 0.152253 0 0 0
1.0034 0.969049 1.01105 0.990786 1.00926 1.02782 1.03398 1.03488 1.06049 1.05343 1.01834 1.04544 1.01653 1.02903 1.03178 1.0272 1.07405 1.07116 1.06733 1.05897 1.04515 1.07478 1.05753 1.05371 1.06372 1.05624 1.04221 1.05317 1.04232 1.04314 1.03814 1.03767 1.03551 1.053 1.05182 1.02753 1.05237 1.03424 1.0493 1.03912 1.02944 1.0328 1.01822 1.01736 1.0294 1.00693 1.00549 1.02135 1.01706 1.00052 0.998187 0.986838 0.9633 0.983875 0.952703 0.910815 0.895845 0.882583 0.872563 0.860736 0.799566 0.726409 0.656026 0.588098 0.455364 0.3094 0.282351 0.114468 0.184892 0.0922209 0.15111 0 0 0
1.00906 0.980375 0.990481 0.993956 1.00881 1.03236 1.03276 1.03299 1.06061 1.05244 1.02244 1.04658 1.01442 1.03078 1.03141 1.03335 1.06841 1.06473 1.06885 1.0623 1.06267 1.07475 1.05193 1.04836 1.07038 1.07479 1.0552 1.05133 1.03006 1.04006 1.03624 1.03662 1.04467 1.04497 1.04796 1.0335 1.05694 1.04404 1.05626 1.04314 1.02347 1.04467 1.02224 1.02201 1.0277 1.00912 1.01182 1.02702 1.01594 1.00122 0.991994 0.966976 0.982031 0.964012 0.965992 0.937481 0.908439 0.890749 0.877187 0.836008 0.786568 0.730258 0.652879 0.594568 0.428764 0.310467 0.286716 0.101997 0.196451 0.0932303 0.152764 0 0 0
1.011 0.997947 0.9805 0.99485 1.00512 1.03465 1.03375 1.03741 1.06283 1.05343 1.03 1.03927 1.01647 1.0282 1.03442 1.0332 1.05927 1.05802 1.06484 1.06773 1.05264 1.07528 1.05026 1.06984 1.07297 1.06705 1.06399 1.06011 1.02782 1.02998 1.03785 1.02743 1.03766 1.02516 1.04454 1.03756 1.04782 1.05906 1.06305 1.05167 1.02334 1.04617 1.02834 1.02516 1.0289 1.01896 1.02086 1.02572 1.01105 1.00128 0.99145 1.00887 0.98496 0.953013 0.963666 0.95015 0.905259 0.910005 0.893955 0.845342 0.77437 0.734507 0.639349 0.573479 0.419816 0.331043 0.29453 0.103601 0.205307 0.0942163 0.15438 0 0 0
1.02155 1.03295 0.982714 0.99016 0.999871 1.03448 1.03254 1.04414 1.06501 1.05758 1.04052 1.03968 1.02479 1.03401 1.03856 1.0363 1.06029 1.07878 1.07181 1.06467 1.06361 1.08156 1.05824 1.06319 1.06226 1.05961 1.04778 1.05516 1.03512 1.02764 1.02527 1.03501 1.03757 1.03433 1.04867 1.03769 1.05028 1.06234 1.061 1.06774 1.02835 1.02355 1.02789 1.03 1.03163 1.02723 1.0259 1.01817 1.01141 0.99655 0.997507 1.00633 0.999816 0.964241 0.97538 0.975091 0.927393 0.895785 0.884186 0.864075 0.783291 0.734152 0.62368 0.569109 0.408742 0.324053 0.303756 0.109622 0.211877 0.094335 0.154575 0 0 0
