benchmarks/avaPyramidNullTest/release1PY_1954323dbf_C_null_dfa_pft.asc
ncols 794
nrows 794
xllcenter 0.00
yllcenter 0.00
cellsize 5.00
nodata_value nan
[rows 176 to 197 of 794, columns 392 to 440 of 794]
1.355739720969722 1.344817866019618 1.314875811856141 1.413215153854582 1.325674508536591 1.263011797778285 1.144332755489384 1.164366478757779 1.040793482760726 1.154038295473701 1.307334957722089 1.372413703090148 1.516230071715987 1.484097613798751 1.30812234093249 1.121699281397475 1.177558010626937 1.050029697977163 1.135097680923665 0.9877678673479038 0.943951240060228 0.7399818340328144 0.8602543802241791 0.8851019751418959 0.8670376023086925 0.6762604408859894 0.4800767787206459 0.4795649737374572 0.4534873303330793 0.5071710115022598 0.4015198186005159 0.3987948699208504 0.4187156268089355 0.43613908931034 0.314842389177128 0.3330612937342985 0.343690919831543 0.3212034961356722 0.2969352457147761 0.3040322118132384 0.3184604198639752 0.3651003920771795 0.24663946537959 0.2052445202203812 0.2280439236559746 0.1809502503342728 0.2042114516363717 0.1716883850449032 0
1.336905869675922 1.34295303116547 1.331426284821652 1.407781745519408 1.338453925661302 1.247855748772669 1.130871401514071 1.148153582763431 1.023083063653282 1.133625032348898 1.303155703652808 1.37529914196385 1.513032967626478 1.501176606042865 1.333980724762131 1.161700087190115 1.14837250075691 1.049691319607489 1.122290988303679 0.9853595260649235 0.9331221737351392 0.7564467042755119 0.8328409566454628 0.8733952976553505 0.8631577162904511 0.6719186549835153 0.4885688155677404 0.4762469432467245 0.4520684143169621 0.5233450802111772 0.4095900770895607 0.396303101882382 0.4154621565778981 0.4503355847485677 0.3115176001556363 0.3417193704896546 0.334804512645315 0.3107374855218308 0.2945039879963361 0.2913791717925806 0.3288655738374254 0.3566118297280421 0.2432056253811133 0.2251268296532309 0.2331719259237046 0.1770367917212151 0.2056705796403908 0.1744915809929997 0
1.342726200508116 1.325809430458813 1.334452875122799 1.396010236536503 1.320548043778516 1.279285588819674 1.17155898985307 1.191162510548315 1.032474466581652 1.109258580398975 1.294643475650551 1.372547137727426 1.50483401396531 1.504353417757574 1.363895808118346 1.207984019653074 1.125974449817022 1.048410672387787 1.127570649520576 1.000882913645007 0.9091879156760935 0.7725845495287608 0.8248122894221327 0.8659067015848534 0.8737564361076524 0.6758748428217328 0.5031714039652914 0.4679400419924716 0.4349052077717788 0.5392672176435886 0.4237790064251383 0.39063839883261 0.4359196500597819 0.4591258007212488 0.3329290236264448 0.354714141040401 0.3273952821062747 0.3049754426272936 0.2937534917997389 0.2740647244204923 0.3419863436784394 0.3560343002596675 0.236272028783656 0.2352857096840683 0.2466062935972198 0.181578130366325 0.2060682693194436 0.1763763861632049 0
1.32140591100485 1.307693680676758 1.319105351457523 1.392405044466815 1.366275942194358 1.313439923140661 1.17224427803912 1.195156809903642 1.021786175552642 1.074085221447284 1.263597385375631 1.357262127511754 1.510799668142121 1.530120204606156 1.399262464506658 1.239538251448107 1.113545416723387 1.040477430172751 1.121027365239138 0.9948503958990182 0.932090520659199 0.7767283465839687 0.8083211433535866 0.8592757055304846 0.8746200329015669 0.6893326159902541 0.5266608037281247 0.4707464914592626 0.4319924844570765 0.5434716680856212 0.4413640269781593 0.3712596251543119 0.4282150538635693 0.4736986143609782 0.3423222216510932 0.3696863590058403 0.3341725907847649 0.3105674203923401 0.2947528031425461 0.2954515803245757 0.3573177792640277 0.3497457438685971 0.2524631826343321 0.2451686880441916 0.2552863915748299 0.1840164318435247 0.2045839491048314 0.1734736360234947 0
1.290567333911746 1.301991602428543 1.317631516137134 1.404919877813382 1.399208288279036 1.327015795155172 1.196695818729434 1.218947036337418 1.058524857431392 1.070885160693774 1.254486248670265 1.34891103170961 1.511797656897026 1.548269328537813 1.427567250608108 1.272676196253343 1.125392797142557 1.02288828401294 1.110106053112764 0.9965241104448228 0.9339616044646357 0.7519801676840079 0.7934455351122512 0.8671602911590353 0.871439671663507 0.7289771647486845 0.5342353585526348 0.4663658593224819 0.4204777332961801 0.5587374280400718 0.4476609389654317 0.3596949093918655 0.4379241540628011 0.4761458473364449 0.3644850129141436 0.3637649079633697 0.3353879146397302 0.3328425657447021 0.3022118351303267 0.304272316497668 0.362790068730867 0.3465297950802181 0.2532925277100909 0.25252945976859 0.2618867438154133 0.1869499706858142 0.2031805772788592 0.1723065463589733 0
1.275116068000016 1.292456569108465 1.31943512161825 1.404780546657084 1.434038430546379 1.329882608868362 1.264464997429226 1.223870393595745 1.03567767468479 1.055083472918536 1.257652346067964 1.341627435136985 1.492362076512131 1.552939192757766 1.445774851522206 1.305139965160514 1.106955379141459 1.030550020689204 1.099306672961694 1.015362888866308 0.9628482049873379 0.7315246468853764 0.7768624106746939 0.8805587044480654 0.8735162704050845 0.7537252518779003 0.5439010050265529 0.4719344536679434 0.4443013437701322 0.5673986812092249 0.4556315493134613 0.3566257290709359 0.4176971938206067 0.4750245034255755 0.38570818819884 0.3697232039337329 0.3269687180965721 0.3493370431522253 0.2987717325767899 0.3017086522230061 0.3619957214596675 0.3332207797412192 0.2592069713049285 0.2581938847063991 0.2702516140380339 0.1906541506621533 0.2018689814154022 0.1750983759448184 0
1.25700678964727 1.299932155824663 1.381111858732046 1.387171459882399 1.453824729522835 1.326305912389479 1.277204887014656 1.236514449312777 1.060744742100955 1.031319974321316 1.241096311818815 1.335886040013587 1.472157698870018 1.546092821311262 1.47028666575537 1.308696176125477 1.096446677135988 1.000285717740544 1.088487665632659 0.9993342394547583 0.9634960249922754 0.7353183947444825 0.7547048259008217 0.8874140162056152 0.8771266777683214 0.7811167740673014 0.5514272052850953 0.4759501360316986 0.460804564290814 0.585531930805652 0.4839926604308948 0.3554529990281998 0.4170755011879471 0.4717927516302068 0.4090133582246302 0.3720486526928817 0.3082443320379492 0.3647793571754251 0.3071077087567374 0.3074965516785636 0.3564585917855631 0.3254298351877569 0.279809402629053 0.2623661921828421 0.2746844080636168 0.1896314515836174 0.2006739089941009 0.1757326236602624 0
1.249805925086859 1.302925960364806 1.427122196419747 1.423787815689082 1.457209453197062 1.321561485948866 1.267967847929166 1.238428706049529 1.05184272343179 1.006194420832917 1.228634232230343 1.3276215065906 1.444768484838261 1.536383598702005 1.494535160069733 1.330853832702884 1.13137376177168 0.998211555109955 1.072144908713657 1.009818458461155 0.9665558590797806 0.7569224952366509 0.7474893378013784 0.8865199719348175 0.885404433047614 0.8055579954012493 0.5705859869257461 0.4687272750181032 0.4691040998937522 0.5767808530223429 0.5204854873858274 0.3461386884578791 0.4060063389936911 0.4651588659259412 0.4220059338357466 0.3648795885126276 0.3183470269285491 0.3857973068008472 0.3124791348969075 0.3210252151258897 0.3391765127730249 0.31646082449086 0.3088958207334314 0.267243350155274 0.2768840383595274 0.1885801463858359 0.1996084957675472 0.1728094248522251 0
1.248366783106932 1.350177563435887 1.449869703643795 1.44712143421562 1.450278219541205 1.324045785957453 1.275071107957678 1.230268764585327 1.060816703184367 1.017645154000819 1.226885773017124 1.316278018974332 1.426195372749423 1.532353972400783 1.50931442617799 1.363019323235072 1.175170034863823 1.004290116651818 1.094330876294924 1.004913709668848 0.9857545894939028 0.7740079743543419 0.7337627400080328 0.8787029271872195 0.8856763131824742 0.8192895482272632 0.619398293947479 0.4681591364031316 0.4680181627577504 0.5629386923998952 0.5519004952405376 0.3418401734742967 0.4004476993919762 0.4766467646632714 0.4355120286821293 0.3430328091250221 0.3186084821277235 0.4056632859986257 0.3108534310894451 0.3286884535214326 0.320770553231522 0.2964972887306268 0.3223785155752165 0.270430882931087 0.2761009729119405 0.1935595963151706 0.1995730882512327 0.1729393567222751 0
1.234247255002311 1.376393438681166 1.449872127258242 1.452419600690891 1.448317099614333 1.352166086871085 1.274302505225562 1.235065953537273 1.078328685239412 0.9936092761393869 1.209187714051586 1.286323499025592 1.420796667568527 1.527293340209366 1.511515917688823 1.390576317944631 1.207725151119257 0.9952488837330457 1.066388927023695 1.008568900162756 1.002893414434664 0.7738627323466246 0.72853127125955 0.8591893573148919 0.8929931791427681 0.8308426968372704 0.6453361778346556 0.4628715733507018 0.4627320285184172 0.5651759586567843 0.5709749703033471 0.3293907455184135 0.3814663917741137 0.4731086054953552 0.4448958123077051 0.3025860844504031 0.3205502914932533 0.4233395741406351 0.3044511546178447 0.3323120004150517 0.3198294401074601 0.2793600810921982 0.3491385519052504 0.2678099039006578 0.2732479140920923 0.1906224125518641 0.2004928425966591 0.1757156514083906 0
1.236842627640452 1.392823098395316 1.442878020112267 1.447828035868606 1.44045111262553 1.377581031296877 1.308896688978909 1.225400983981708 1.108156451012979 0.9845196533210474 1.179187458261671 1.271491215702427 1.408261487141737 1.496612838570698 1.498166450341487 1.39277838126622 1.232262422235967 0.9839261959749258 1.053201788898008 0.995109191232066 1.029112819063822 0.7897373729980928 0.7341112699722597 0.8382156726838303 0.9076877867296977 0.8434421554554435 0.6680285529889302 0.4635699237772501 0.4768973254372529 0.5643500120577329 0.5970093139579559 0.3406284866423317 0.3820651251961826 0.4727802921170354 0.4587814488626018 0.3162894632513312 0.3189250729184181 0.4385421781874411 0.2926365541742201 0.3410192779587998 0.3268403990381384 0.2708693321461299 0.3508195394253852 0.2621086369822238 0.2676967860511079 0.1877597959845173 0.2013641055000146 0.1750817879474063 0
1.223941667832398 1.408431494398892 1.447177258107861 1.439027772182785 1.430908955413141 1.392893171149013 1.347890651501914 1.224295174011671 1.125926440162792 0.992292826690041 1.153463202841264 1.249472119595407 1.394671444190001 1.479752871055372 1.481444929827143 1.385273352351068 1.262176209582285 1.005478010888235 1.0429012531708 1.006300350715938 1.027002844208894 0.8082576232100152 0.761396312415376 0.8262179037301788 0.9146437026036296 0.8486935914842891 0.6784195764657015 0.4480684943035215 0.4596841201944346 0.5607519185723087 0.6000134146418054 0.3407957610463027 0.3865568249689904 0.4614869421290317 0.4726640416234814 0.3348693976883656 0.3320438340823619 0.4487425007549959 0.2892298016699307 0.3590755541734482 0.3356867844218659 0.2678030622048201 0.3654464939021319 0.2625227028443222 0.2629122351920035 0.1901359932415376 0.20222728199068 0.1721421839486165 0
1.272672555432636 1.444771525284143 1.468743980705687 1.452805203251246 1.430006478834389 1.412018872808414 1.378409139235503 1.240838624687367 1.159479455143854 1.035682901926522 1.15241623364231 1.249856995868002 1.383345918036173 1.462278663606185 1.471990371369968 1.386946355030088 1.296588308159358 1.040734366839607 1.026929285014682 1.010638799452086 1.018042998618775 0.8387805198525248 0.7972418143330036 0.8091272039372165 0.903282094130177 0.8640042058697966 0.7049202674509215 0.4439103724698669 0.421957363233721 0.5577281223106508 0.6003237444858589 0.3462298185575658 0.3828917438055664 0.4568556801795335 0.4872683061841315 0.3567401562381605 0.3476903294664233 0.4346113235792801 0.3072139109592128 0.3493443618638922 0.3382166441432319 0.264875891214514 0.3797391106231257 0.2655060333932116 0.276795950195521 0.1935051352176559 0.2031045699251842 0.1735708077992772 0
1.323578356990921 1.473101641149913 1.500134443715374 1.485325503342708 1.454088160160029 1.449907702446125 1.404058148779591 1.270436466305559 1.16140992272068 1.055152779924931 1.136336660058004 1.236148574497321 1.359866655423184 1.45363003836494 1.466068424159984 1.399004079849379 1.295048543409757 1.07622886835992 1.0011120144989 0.9851577913035591 1.004764418085512 0.8657345820319637 0.8137275562696781 0.8010819453775071 0.8912643806744608 0.8614811784064916 0.7249820827593253 0.4545023893250739 0.4102342513063371 0.5532776126209744 0.5939477282881011 0.3637499440291346 0.3706445953030849 0.4358297985003535 0.500885697895514 0.369744383407703 0.3569020422068122 0.4166973006933853 0.3206003199913952 0.3463110265005752 0.329107030579941 0.2738435535321962 0.3906661705741289 0.256899448991443 0.2728837836913938 0.193135642934577 0.2040084841253622 0.1763276373487671 0
1.370245437756587 1.492082928543637 1.526264030282587 1.519944344680499 1.496657980386621 1.497232233081652 1.417451576345664 1.28640460534054 1.20565867488568 1.056275498311216 1.110843899920905 1.198669091147309 1.33025053011324 1.444066119115931 1.442445730130046 1.410113555730581 1.280070208209646 1.104217930550417 1.012071102865453 0.9856734981211421 0.992723635637864 0.8786155857694435 0.8219047656833639 0.794174771163622 0.889489309051575 0.8479209810630479 0.7471605337727897 0.4557157562818426 0.4133156251943321 0.560375649276009 0.6034903861419537 0.395081349615696 0.3676326504254354 0.4214429908411546 0.5046634186455387 0.3908366694801035 0.3622645513635733 0.3850606225901376 0.3308528788474042 0.3492955659424798 0.3289085228975763 0.2783340274501133 0.3983475112734436 0.2471964575698535 0.2866115836520542 0.2117139904487417 0.2049482443043586 0.1744404578712075 0
1.403461189420869 1.510384792588084 1.54536215746329 1.528124953003563 1.528419035535451 1.518020083345204 1.411138722074593 1.316768251623463 1.227005487633225 1.087946112758765 1.083234544446548 1.191538506924351 1.303906576666831 1.429870437080534 1.425475930121963 1.430388467149009 1.282558816896938 1.147604359590476 1.01423693789319 0.9815259477876834 1.014080508252674 0.8881309920555223 0.8420634642897341 0.8118491367486034 0.8892285513811009 0.8351263287411883 0.7830107203516355 0.4706710857013056 0.4075006555902072 0.5316658042916741 0.6273358478596105 0.4000558813094136 0.3604894493662996 0.3965777545376571 0.510127630006995 0.4141571046868585 0.3604572952128419 0.3671251970002886 0.3402885719238589 0.351287865015778 0.3446859340786707 0.2639652576828244 0.3957099591691738 0.2496554100457123 0.2953262733493632 0.2183837962577265 0.2059313403079316 0.1714888937510816 0
1.435696808779295 1.519896647136312 1.537961850288144 1.510749114763718 1.532840231760003 1.511430970065134 1.411730147408124 1.337551541839354 1.217483412312297 1.049439299801141 1.084916638901434 1.185446079828904 1.307014163535448 1.417670992416896 1.431125274821529 1.423536732578705 1.311803310433156 1.18310376673471 1.010684507095771 1.004726046320343 1.002094850167356 0.9121421258052356 0.8589230279224139 0.8190373172506846 0.8866348363319163 0.8414452075424791 0.8071928489012385 0.4898254806385566 0.4243105995863278 0.5149439549536435 0.6437152826782324 0.4391314557551368 0.3628764117378716 0.3721595992190657 0.5202035635277225 0.4266597518475927 0.3594629044412888 0.3493227106176564 0.3406285561122145 0.35082282396425 0.3592469989877813 0.2726612838657273 0.3812418031917703 0.2481388736554488 0.3052253080118295 0.2319702004453277 0.2063505028101975 0.1741852263583575 0
1.466429500910259 1.523138893789986 1.52519729791813 1.497269894104897 1.524448983389159 1.508332748005481 1.403104381342114 1.312674300691812 1.252973274059758 1.040819458089853 1.079147521093003 1.185362464326426 1.286354672823401 1.418539804402877 1.408259393598005 1.41797912759402 1.284813851133594 1.161986707700828 1.003247153035702 1.003342609655522 1.014110576075025 0.939113773367399 0.858317839349972 0.8114351120164689 0.8692312900485344 0.8427466419091381 0.8075054183449163 0.5016983264846915 0.4630852571980242 0.5243785514768255 0.6392026541395731 0.4571608150806257 0.3701320194033876 0.3724263471572451 0.5153969971791172 0.4339075662399476 0.3674267146724981 0.3340470384530795 0.3371037095626356 0.3464514298355067 0.3725365441815558 0.2881762507409374 0.3682876612548974 0.2514446037701484 0.3028210337909442 0.2422823193100156 0.2054072888695433 0.1767029405845267 0
1.493020225454011 1.531732045738046 1.520208817504957 1.503408184295747 1.497249063966653 1.473892171953021 1.404882058969793 1.322250533581415 1.222172885134275 1.046011857040816 1.056727759050168 1.191279551720814 1.290433432883798 1.38428884295327 1.388565941800338 1.4156841149308 1.27468161806466 1.144432561146094 1.023420333411275 0.9959688848385677 1.008184436135195 0.9645892506657838 0.849428093427072 0.8171089191593137 0.8649795339214001 0.8521434283541546 0.8151581892010505 0.5195622499818821 0.4642517960657639 0.5294627562852646 0.6347463821454388 0.466044940655706 0.3747108626394176 0.3674519701839441 0.5119048087904254 0.4484109490097802 0.3771652016678889 0.3362693282715419 0.3389841282383585 0.3325819178096296 0.3845600860363948 0.2931437108295146 0.3662042601509774 0.2516253239297521 0.3043187235733874 0.262956645264704 0.2045080236754908 0.1738121669742664 0
1.487469225147776 1.526679423955404 1.497658079176855 1.496855359446292 1.49284438112374 1.448722535727953 1.39823471212765 1.330544259141745 1.220741919196804 1.078169041884783 1.038934816452763 1.17427620964731 1.275196040437956 1.375357361631755 1.38931004447091 1.403891947817504 1.268397496806377 1.144501089722018 1.02619339610514 1.013801752088656 1.010718943942094 0.9799135852214063 0.8660049984368328 0.8236225316412056 0.8620872276259661 0.8442757472053912 0.8122459192000268 0.5432860465226074 0.4630317293662664 0.5454478656932771 0.6408168200127594 0.4774540420193093 0.3746092682590335 0.3672723530941919 0.5132667656336255 0.4771885273467328 0.3813921856324575 0.3301515419945612 0.328194195715506 0.3394499238209213 0.390639843889249 0.2928344421716144 0.3603066793092073 0.2487754241149411 0.3099917253710148 0.2706497471191308 0.2036445096392254 0.1719823640449394 0
1.473040119836696 1.513628989269134 1.476264021460954 1.49732640460813 1.496781640897975 1.427680135325788 1.388318815573906 1.323146296708802 1.235858909561109 1.079880633624031 1.034712084025292 1.145801049377836 1.259947309526366 1.367466048121945 1.376448783059427 1.40193709908897 1.275364306870766 1.134927946394216 1.030129429037265 1.00659724317713 1.011758207850019 0.9962356523349519 0.8932350141997414 0.8162968858400145 0.8497320028467237 0.8387590170658058 0.8164299159833704 0.571613236537676 0.4572096590994767 0.5540091770529304 0.6371999329702556 0.4763461540206202 0.3767789102113593 0.3688897155541575 0.5297060545363604 0.5083663634425243 0.378422494359659 0.3123749676107831 0.3407642968203849 0.3338695189027048 0.3897684792628948 0.2825564447233155 0.3623188400529444 0.2604437660658184 0.3019141480758509 0.2785024450779072 0.2028095423790575 0.174780626744257 0
1.460488650568889 1.499295996197196 1.455699627004712 1.490032462516937 1.478674353149493 1.399256049947456 1.391434528505507 1.318371340747745 1.225651958892676 1.124493579548316 1.027364359048437 1.158273807579325 1.26151018776152 1.344247183907246 1.374782238847888 1.41676254921603 1.289038868765165 1.157333081008126 1.025275775510488 1.01376299621611 0.9849311683366607 0.999728890373499 0.9050133220869004 0.8128968067174036 0.8458007180749391 0.8418773950847545 0.8217239358284071 0.6075330787160454 0.4561566646136631 0.5633534967401135 0.6329678652464831 0.4673073348075388 0.3846152702953078 0.3949440706461314 0.540733789374065 0.5256081801453788 0.3663561837088739 0.3162349961384691 0.3424238698019806 0.3380777079145135 0.3889634054438977 0.2787438144044114 0.350947552138233 0.2538949961387987 0.303288537685016 0.2853120401389601 0.2019968070099995 0.1760692411924532 0
