benchmarks/avaPyramidNullTest/release1PY_1954323dbf_C_null_dfa_pfv.asc
ncols 794
nrows 794
xllcenter 0.00
yllcenter 0.00
cellsize 5.00
nodata_value nan
[rows 374 to 395 of 794, columns 450 to 499 of 794]
20.5658107505551 20.68364720370944 20.79456159021771 20.90773865048109 21.01749265643499 21.12800932885281 21.23857056358454 21.35415923091327 21.47815996319448 21.60563656208231 21.73327975843764 21.86002564610235 21.97128690006221 22.06714805760221 22.15403383810485 22.22515102493362 22.26653037941948 22.32808632437548 22.3534636816854 22.36216565992129 22.40934956519105 22.3303563876708 22.26723812189367 22.18809082430124 22.13188283276123 22.00906834222796 21.86636787913572 21.92448946211144 21.77497416542358 21.51029183648552 21.27477228158665 21.06096968894472 21.05837846880903 20.82749010974862 20.57805297570819 20.54036871510149 20.22793912802123 19.89775945324111 19.56240858621059 19.14037150986923 18.80956713486815 18.39704444308908 17.99279564981622 17.62516391480455 17.15797765914803 16.73412676211481 16.28676085822508 15.87464177101673 16.02254475669251 15.5047822897423
20.75280023009708 20.8700691887911 20.97204522995412 21.06491858548564 21.15435917936966 21.24521964756113 21.34585737777151 21.4709073950252 21.60302757947838 21.72939518715358 21.85279196352826 21.97119036634335 22.0836081371076 22.1870187543303 22.28296752862185 22.36314249063188 22.41864867146898 22.47749528434609 22.52736418170864 22.62004333863055 22.56661538961492 22.56537052944556 22.64171696581754 22.49623793080794 22.42966035934922 22.47891945098746 22.26337925444107 22.14517872372345 22.00482775174912 22.03017595053341 21.74967815769848 21.55878848035427 21.36856283146752 21.33075934530858 21.10870785682025 20.86999567330491 20.56416076780542 20.30582139160266 20.08127989689542 19.80749600086298 19.48811561059975 19.14815221879668 18.79978929983881 18.45964581494796 18.51383361657177 18.07977420337592 17.67842680900226 17.21048055892778 16.80856245684515 16.33091058496026
20.86292136673283 20.98773779868388 21.10091524301022 21.20022086243638 21.29986340334259 21.38901592534188 21.47854179939159 21.56224646675044 21.66646685172942 21.78599703329847 21.90890928599169 22.03415314469127 22.16697859601787 22.28594273670294 22.39868193257479 22.49676916520251 22.56737414598651 22.63581545189163 22.67617417703801 22.7304843058233 22.7289566795244 22.74176584812408 22.7257362085499 22.68253650822842 22.63388075021193 22.5693778295144 22.47771916840821 22.37083857221846 22.28456454932954 22.14339848150881 21.9825979236329 21.84115990608781 21.70743370905116 21.48518153180748 21.27979435352887 21.58417696596026 21.33761534781384 20.82782740107911 20.53325406040945 20.27176675938205 20.01728605113231 19.77682536989565 19.61647674243006 19.29136791869197 18.94705496101419 18.58925915794871 18.24245068492701 17.85151571132903 17.45180393446766 17.07707077843337
20.96066633833127 21.07139130782847 21.17566009901664 21.28354098957275 21.38890370310887 21.49184531958294 21.58353866379357 21.68081194051366 21.77432416569544 21.86497460930504 21.96763688645487 22.08171350130328 22.19161712970217 22.3094976773029 22.41385339078848 22.51221068318149 22.59890364531164 22.67479921493195 22.72921923299669 22.78112295797887 22.81229075619512 22.84510404915147 22.86038038240686 22.85349524135913 22.82654269672536 22.80028894809229 22.74018433696799 22.65653531850381 22.59691218055341 22.48709157373139 22.3547371435448 22.31630032797211 22.10790950052198 21.93656847477219 21.94311181422248 21.67615015825 21.4280492429941 21.17713823499082 20.93725369463014 20.70202044765711 20.60151684943735 20.31420875397437 20.01254310033696 19.7039271710159 19.38876805050921 19.02856127879279 18.76635153292272 18.43771768381404 18.12659269561485 18.39025930496239
21.05308434443309 21.17022834654343 21.27721516443684 21.38110045661711 21.47538013273817 21.5635520769888 21.64439843010198 21.72833709857328 21.81550071108009 21.90847579449231 21.99142434248352 22.08290546184398 22.18820641135926 22.30187860292095 22.41232105045306 22.5133736404019 22.60389465009905 22.69323846968252 22.76340667733443 22.81332833403734 22.87057967191209 22.9172974366717 22.95437868246006 22.96498560651148 22.95276716526631 22.9360296497508 22.90907750450567 22.83722321978223 22.79067775232006 22.70991553066729 22.60087025936696 22.51209432027745 22.38260841743539 22.22769316346416 22.10241496395671 21.91923684106781 21.71267952098788 21.52995314306365 21.38527899195098 21.17927473795111 20.92429593562041 20.66988286587421 20.41786117948426 20.16596511497755 19.91659563664962 19.65094646531007 19.35842419426239 19.07371443678536 18.84666212930913 18.7978323405027
21.1301884172542 21.25494316434625 21.36439047823314 21.47322798916423 21.57582594622684 21.66773438414705 21.75256074654087 21.83628471469753 21.91227318293563 21.98401520334818 22.04249576158037 22.09327632143953 22.17231502044224 22.29253004117121 22.40746330397637 22.51941284776396 22.62027754076886 22.71210143753631 22.79227803959078 22.85684074319525 22.92755769532396 22.97404489077974 23.01844440289591 23.05097193044065 23.03577251965779 23.03747031841725 23.01533154091214 22.94325376777719 22.92867092030633 22.83796150258239 22.74477659848947 22.67251957002144 22.53052057622251 22.40517969004975 22.29176053207974 22.11424590871685 21.93955728168383 21.85142705949933 21.62111383194307 21.40500246605593 21.18603584601252 20.972052914567 20.75515684540623 20.62784534781206 20.38643471977208 20.13420437884894 19.87608296279835 19.61730149630746 19.46111357582342 19.54761714972512
21.20579340061964 21.32233493491692 21.4273466324749 21.52557875182292 21.62242780061086 21.70723965401449 21.78099291757138 21.85441321705991 21.92244659280907 21.98447999254763 22.04670453575998 22.10550649934365 22.18625446340069 22.29631475985734 22.40053613924448 22.50492506404726 22.61193569960672 22.69938556691655 22.78373146525639 22.84955842571736 22.91027603887244 22.97134153333378 23.03552281624999 23.06042293144966 23.06975389757482 23.08192776587124 23.05516706721963 23.01516223566718 22.98089496719741 22.90613942495453 22.8591326714102 22.75359839501028 22.63213423376943 22.55432859517012 22.40822098435623 22.25198574985382 22.1683033720449 21.97666972997594 21.78041581384871 21.60604375171451 21.45129552860664 21.27617221456129 21.05735383060474 20.82855193035744 20.61107063886951 20.40871450603743 20.21952136048847 20.03979637111879 19.86761700666383 19.68538427715185
21.25071194660825 21.35129652788824 21.44817677565641 21.54335388330226 21.63338066162058 21.70557835647937 21.77631997231199 21.84314662189589 21.90574603086718 21.95306147065783 22.00664017233821 22.06050202362257 22.17607060490705 22.28870861716013 22.39671918693149 22.50652389814046 22.60398991429299 22.69347935744587 22.77768591511507 22.84131481317875 22.89573818987737 22.97003679867195 23.01305741128396 23.03997892202363 23.0676183156648 23.06458817952188 23.04253956884652 23.03168011920811 22.97948335762774 22.91881401648256 22.87745152931716 22.7734208275051 22.68020575620573 22.60442205430344 22.46040800120576 22.34035309895377 22.23490461758653 22.05836795279218 21.88220550383884 21.75878593767589 21.60671198365852 21.40319905287735 21.19621983296042 21.00231655042514 20.83953062652397 20.69524407989136 20.6028721836503 20.43681403297382 20.2928296346347 20.17622143402515
21.42026811662038 21.48157156520436 21.54222978379514 21.59186437767517 21.63366257259415 21.68775580730377 21.74705706487162 21.81524590982495 21.87468940152319 21.9218981963166 22.00285887103339 22.11892706952153 22.22995871774294 22.33807544841855 22.44515489559786 22.54842950908674 22.63824493154619 22.72297121131625 22.7954434316282 22.85247052603142 22.90244511455019 22.96210164871658 22.98792184214071 23.01805324941564 23.03901595479181 23.02889774943403 23.01322402802647 22.98907280930083 22.9482702227453 22.87825842533936 22.82285857693575 22.73969418012433 22.63150790881673 22.55336740313572 22.43355066024299 22.30015954320034 22.19496853478886 22.04066166221895 21.89090765459786 21.75364679813116 21.61017459026367 21.43452180060364 21.35847061859035 21.32902535452584 21.32258359953401 21.29955829981485 21.27760268684509 21.26065918835368 21.23540797720151 21.20836681235935
21.63689415620009 21.71097006315409 21.78079280096685 21.84627530359944 21.8926919593288 21.94327069670765 21.99699801665356 22.03546697144886 22.07001412801403 22.11519114785686 22.15067645134361 22.17619754412088 22.23753757003833 22.35567902410856 22.46611985641223 22.57006316176129 22.65631826736207 22.73578125260216 22.80974639311731 22.85780340332157 22.90089226435706 22.94980600119579 22.97971026161208 23.00144646098446 23.00985464569187 23.01099657803173 22.97192388891816 22.9542837477403 22.90540680105943 22.81497735530854 22.76558281474789 22.66640226842684 22.55210164964236 22.47223265451735 22.34095449684811 22.21209558216301 22.1937657855258 22.17529702032705 22.17698577071615 22.15335160469581 22.13927333120094 22.14493166402846 22.13173311022393 22.12431405333717 22.13197199563887 22.11984706491963 22.12651576779304 22.14425608594889 22.13208748054386 22.15441605612279
21.80341996348318 21.88461550402696 21.95785465325208 22.02780758727126 22.09166153177665 22.15351863481242 22.21709757888043 22.27057489008556 22.3181823303124 22.3629690710113 22.40270072234257 22.43789935245209 22.475399188579 22.50492972481532 22.53108642969288 22.63867507841197 22.72702267336119 22.80160609889664 22.88040951205391 22.93369465009124 22.98077444466566 23.03910642236606 23.07290604778596 23.08018158908607 23.08960068704655 23.07327443568149 23.0269644639265 23.02027106508428 22.93002736241709 22.86277021410917 22.79061338992272 22.72891233561807 22.72532261363461 22.7354999102104 22.74073939443624 22.7421016688354 22.74659553805034 22.75499206864719 22.76381917456203 22.75895987456435 22.7789029974653 22.78651220595242 22.78123829452252 22.79997324135921 22.81158174205542 22.80811003049079 22.82775977647646 22.84366262940673 22.86130777260906 22.88118134530539
21.88827557360999 21.97248519629791 22.0473843414326 22.12823916011349 22.20252311521 22.25713797580868 22.31646730912798 22.37494778134011 22.42662113356799 22.47798794829875 22.53191999685724 22.57506621906026 22.61060069267513 22.64776705265491 22.68647893453102 22.71810644036812 22.76756831791479 22.8538973627344 22.92372259769673 22.98292589389311 23.03428899083943 23.10492447649491 23.12944345412507 23.14111800791902 23.14269180679495 23.10656009739006 23.06826110408359 23.02933150209311 23.0039822976802 23.01410842519451 23.0275764171399 23.04157087149724 23.05860964902394 23.07835354498577 23.08237695027636 23.10194765269638 23.1301211679341 23.14743028256281 23.15437506347973 23.18932917540817 23.21340788827149 23.23053206478627 23.24860246086889 23.27715139622972 23.30142421986433 23.31171700710237 23.33233961920348 23.37840537207364 23.41146327965458 23.44936966558017
21.89165225415061 21.97205476056277 22.0491413007877 22.12606122405473 22.19470585586281 22.25856042390961 22.318625384347 22.38412069219919 22.44135618908237 22.49080557250289 22.54719907297827 22.59824954596906 22.64251892329581 22.68730337763062 22.72373400211096 22.76133489615667 22.80746051491917 22.87983104403565 22.96121090544599 23.028334470132 23.10356967598843 23.16029228813347 23.18902696632753 23.19775787051429 23.20440419887918 23.160979362004 23.14316207299391 23.14747815688326 23.17117962098579 23.19848705780973 23.23116468064529 23.25808892678534 23.2729305460549 23.29987260787668 23.337085046649 23.3634601393208 23.38474442210407 23.41787017949897 23.45142748416932 23.49257512755953 23.51372408337153 23.54523858289461 23.59365941199615 23.62130128664962 23.65772199142418 23.66917218413965 23.72357174951843 23.76918526575405 23.81244843199029 23.87179328008336
21.89425258463451 21.97701078692664 22.05945949461025 22.13234891211418 22.20463413125785 22.27188734252011 22.33217063158574 22.3870738050585 22.44102181919907 22.49311484557955 22.54316505591513 22.59318812754081 22.6396465216926 22.68281910223997 22.72903470042038 22.76916793055292 22.81571346089154 22.8769485383343 22.95759459607572 23.02264623583178 23.09332758344256 23.14999300812987 23.17969883165694 23.20613919115796 23.20978558174714 23.17856046178865 23.21267786345536 23.25800851185479 23.29336637557349 23.33043596844234 23.3632124581878 23.40812319594586 23.45086378612143 23.48771752254333 23.51711136660591 23.56278989493797 23.60900880745906 23.65252502111526 23.69164553365461 23.72154585093773 23.78666544942251 23.83047793323691 23.87791758866602 23.90791363787365 23.95472140612664 24.00266205455976 24.04765469008994 24.09568425961701 24.13827701791973 24.22584562818338
21.91673958756034 21.98735834622578 22.04953907805186 22.12218920585308 22.1895077839208 22.25570028424628 22.32205408593586 22.38178402889336 22.44041155045505 22.49858503236978 22.55770139158036 22.60948804841897 22.66793261580912 22.7201362362854 22.76664894904688 22.82034376306956 22.86785934766561 22.91661776446669 22.96490667814751 23.02834584494221 23.0897536956227 23.13080288762277 23.16927614424528 23.19905212544848 23.22907078149615 23.27115508209446 23.31353160161718 23.36171349887757 23.40919734734822 23.45296708490691 23.49543426766034 23.53135623808751 23.58616899991486 23.63380737031308 23.67991552116626 23.72105598918453 23.75939024047489 23.82099251869522 23.87641887168077 23.93351917337887 23.98885908221305 24.03430239539486 24.09315495241484 24.15509712955605 24.21324850678074 24.26242811243783 24.30446996806064 24.35700582352444 24.43189393781268 24.51344427417331
22.01342208308565 22.08728307669588 22.15433665241581 22.21414134535741 22.2709093919373 22.323584004646 22.37480473414802 22.42800113158137 22.48203289376221 22.53442682664879 22.59071484881682 22.64160399851434 22.69631437002128 22.75338251523495 22.80858382061732 22.86357467769574 22.91479747058821 22.96102613596219 23.01121604955941 23.05812154567462 23.11150798650201 23.16443853044278 23.22016762322502 23.26928040018877 23.3189040973979 23.36029591657481 23.40869995437489 23.45814138099896 23.51297721920062 23.5624177623149 23.61151689910554 23.65825354448535 23.70293105325713 23.76011328564072 23.81568460813813 23.87277536295688 23.92559060532856 23.97838234152541 24.02610063864829 24.09128972775387 24.16004669090647 24.22941457682176 24.29002412345245 24.35061301323919 24.39659054060642 24.46204891618284 24.52503784452332 24.58578455298982 24.64980419141382 24.71529018969485
22.12054159679035 22.17311028462896 22.22435792203595 22.28208643573226 22.34968750800176 22.41548811677408 22.47345600974439 22.53381695416057 22.59375744277449 22.6476012442124 22.70548584863418 22.76589476040998 22.81472980225175 22.87496309854883 22.92251280825883 22.96714764648277 23.01403690698272 23.05794784853506 23.10418462564761 23.15410466068533 23.19988948296882 23.25124087138412 23.3042540468187 23.35352092205834 23.41240350390022 23.46119955558385 23.51341629091511 23.5671803605741 23.62519430336608 23.69144601739231 23.74056708409832 23.80567831446896 23.85404187589824 23.90669495608456 23.96653277710605 24.02873938295258 24.09062154726541 24.14946913581141 24.20727293341639 24.26302732336032 24.32048319185726 24.39339304670801 24.46441147673661 24.53348124260686 24.59969519234759 24.66452737991481 24.72072524419989 24.77543299326618 24.84031204895628 24.91976414967729
22.21783447502058 22.28668594864036 22.34979481395661 22.40557305761737 22.46506762584266 22.52400622652077 22.5822248244797 22.63766413256437 22.69511507367464 22.74177033964411 22.79163228688757 22.84139215207835 22.87812297808523 22.92900378515239 22.96993710177953 23.01389818106626 23.06636973452705 23.11686955576979 23.16971625190591 23.22582978712467 23.27991650962893 23.33779958911531 23.39854720693891 23.4507768560502 23.51305420137727 23.56301676264055 23.6191596743924 23.67320310341964 23.73486879147605 23.79845797993591 23.85563221678678 23.92163543368685 23.97587167065704 24.03053586932368 24.09011169700733 24.1471240911245 24.22267132676817 24.28130429899848 24.35101013861879 24.41334380549649 24.48141549697136 24.54154576703294 24.60862452615577 24.6742697531311 24.75781204961866 24.8346400069335 24.90758301759142 24.97885127855128 25.04129903357104 25.10816854742608
22.25088403465757 22.32533587262637 22.39653693141539 22.46479593702978 22.53167236918809 22.5965870811134 22.65210234902017 22.70234902418878 22.75702370155056 22.80269041605591 22.85511399985513 22.90513697261444 22.9507062233841 22.99608618789436 23.03937855798382 23.08240017127455 23.12907907583534 23.17446715240253 23.2313112106454 23.28502992319477 23.34498456803654 23.40323842864297 23.46647048017293 23.52118292082542 23.58813952455681 23.64148980892969 23.70564431440912 23.76296704483289 23.82391462174088 23.89099801249989 23.95532431982547 24.02089842248185 24.08226954171227 24.14909542633884 24.21045857688717 24.27397696814628 24.33622680310283 24.39960993953198 24.47229800632888 24.54958572168631 24.6201520839929 24.69520626116124 24.76605400889936 24.83838470498478 24.9113591582159 24.98482186749133 25.05324012642573 25.12137235218228 25.19228076538911 25.27363059368898
22.31861844144077 22.38176452430958 22.44664819329049 22.50190367361691 22.55897618922659 22.61147638477232 22.66114837701909 22.71445085708131 22.76666019787756 22.8220046807641 22.87944401919368 22.93675813869597 22.99597031855647 23.05378713686774 23.11187768604255 23.16846462162735 23.22278785424247 23.27404005963784 23.32398785704098 23.3767856795472 23.43214071162453 23.48367907587502 23.54541133092444 23.60281310953187 23.66568741926542 23.72414056988315 23.78611106160647 23.84189460101997 23.90449531131888 23.95980079251486 24.0241748499275 24.08547135499766 24.15487794650527 24.21965417894216 24.29002525589202 24.35776157241094 24.42790646143979 24.50125610931521 24.57226402379704 24.64643941872254 24.72031355815589 24.792238874853 24.86108547479584 24.93669491180066 25.01795274344309 25.10440438248938 25.1850465150024 25.26763757279287 25.34224789005182 25.41335114168843
22.28770670478897 22.35667058324159 22.42410288753915 22.49217954323161 22.55804227895813 22.62303606950908 22.68913087535307 22.75824964920899 22.81695066354925 22.88108384975931 22.93664717307727 22.98931461565213 23.04100731003082 23.08734634614906 23.1363267188973 23.19187640186038 23.23880105026916 23.2942792797004 23.34621165162714 23.40002964976078 23.45269897840627 23.50069652984961 23.5550673039654 23.60539656294933 23.66432648030317 23.72347153937602 23.7849984516352 23.84728217933715 23.91086590260389 23.97526759785037 24.04370969590606 24.11052245623479 24.18039296863816 24.24815957813979 24.32061563343006 24.38626551892948 24.45716225883594 24.5274120318809 24.59972954974714 24.67761537795994 24.76005764538017 24.84491653455634 24.92386171501492 25.00948090778939 25.09532675319096 25.17758236455328 25.26677302641163 25.34898149418094 25.43060552454639 25.50180023932308
22.33274866965279 22.39496156931422 22.45425499212024 22.51732541162694 22.57689720889721 22.63596137560742 22.69785067025966 22.75373601062124 22.81117895296423 22.8664719385144 22.91811158053952 22.97265846138359 23.0223758738842 23.07279406694523 23.12298581613641 23.17776929591386 23.22557790808618 23.28069233796238 23.32730445956794 23.38034884956143 23.42900351967257 23.47706489127727 23.53283470713327 23.58232470003296 23.64003372674958 23.69523782307003 23.75648120690057 23.81735601759476 23.88329542424663 23.95038221815708 24.02201006043211 24.09318285675471 24.16510954149381 24.23636010016928 24.31173967459389 24.38339331521276 24.4634066367803 24.54275083654978 24.62821312054391 24.71087664186872 24.79061508177132 24.8731702594674 24.95436185560924 25.03422667403357 25.11841968229178 25.19779549828488 25.28382877363759 25.36613622902434 25.44826739655916 25.52523598537076
