benchmarks/avaPyramidNullTest/release1PY_d296a00ba6_C_L_null_dfa_ppr.asc
ncols        794
nrows        794
xllcorner    -2.500000000000
yllcorner    -2.500000000000
cellsize     5.000000000000
NODATA_value nan
[rows 220 to 239 of 794, columns 360 to 404 of 794]
11.387872163810619952 11.852327025934389582 12.091807869127967123 12.600338220224820418 13.040551379426020162 12.415709934748326404 13.872976648450707771 19.115382237249889386 22.111185472045612244 32.950240789120549323 32.587537602848691165 35.216374852551055596 36.599868381362846037 49.570524323053142268 51.555093278992906392 52.735725181249264892 54.593823987119044716 55.711269924426161992 56.379856928565530438 57.397150705549186966 58.895385202645037737 59.987209145264145604 60.676290694828416861 61.044551830428559924 61.464359515977228909 61.745301765818858541 62.109618525069045347 61.958580296812669985 61.358942932310689855 60.734159094690966185 62.604973946462841639 64.958589341331801847 69.399047010667004542 72.626741478612203196 74.856965378920861554 76.107473723514473818 77.236389851492987191 77.866532080496554613 76.028620583736085337 72.467854919660638302 67.665534006938386824 62.510324256616414118 59.096593856999184879 58.991744911420724407 59.044272547786306404
11.378726632510250738 11.969727674444712306 11.876830241768688623 12.462180549940693908 12.896253071684428804 12.373154111258005017 14.955721707543730759 18.985605493031318503 24.095753814486844391 33.545947439230005216 32.766533568232333096 34.751537878321720143 36.375291873683949007 51.30731355228143542 51.795611218807060538 52.697756002280470966 54.320615912205681752 55.27067832187646701 56.099755948518136961 56.93483268369950423 58.363122362710214475 59.397556411076557481 60.064811531505021946 60.54837756175500374 61.074653544425800078 61.569321190274436617 62.060672156323981596 61.976412800992690677 61.179815766953609568 60.431661269724443741 61.905002535168115685 64.150151779840655308 68.513434520732488409 71.720621447158833917 73.933611325432266881 75.504752126569755433 76.707879261056191922 76.893155244318393216 74.855526954986785881 71.652900167344640181 67.437858335541221777 62.683933918982042144 59.476605677479533085 58.438624200828648725 58.976029044763869535
11.290482978086174626 12.0621491194408339 12.029601009517604027 12.213290481872714821 12.785835586483804249 12.282219483174722896 15.301326710435581901 18.338637369431705082 26.761199782144053927 30.682143748578436515 32.936578864978919512 34.715069257575940753 36.693314383350262631 51.972357205074843023 51.568802396748928629 52.765699460973216617 54.095117166928616825 54.990607654900877321 55.538397082472990007 56.432941198714878794 57.865269116412420658 58.81536937057087755 59.462425981290081722 60.045931678504146589 60.994700514050272488 61.412560238830728565 62.176804083714650062 62.019258861440668795 61.046931855276035606 60.079735111085369681 61.071381105630088371 63.374735457778911041 67.489808420356283136 70.762214594145405044 73.248116863570999158 75.063395172839435077 76.374294856584114655 76.05638533047086014 73.824596833335817792 70.894146680201160393 67.07029726973522088 62.782792331124227303 59.982170198381815851 58.243473600165032167 58.701858560517315766
11.127602673119056931 12.174567137649212611 12.151085948698948869 12.064368465397810937 12.763876522976199013 12.199325676401706176 15.301326710435581901 18.206080889997938499 28.847457748670578326 31.513951250927668468 33.526353372516396689 35.119490441478788512 40.169198083412354094 49.575212011543932533 51.335783856708047779 52.682869354162541242 53.754565219349068173 54.560984547139916856 55.217991974570253433 56.069159160415374288 57.372738925142620303 58.316742873286273152 58.801254998590522405 59.44886535500527458 60.466103760285079716 60.947872564466614165 61.760201473369157554 61.764567499911429138 60.819823139405713164 59.766325835877459838 60.429417290282174235 62.488754265635890306 66.319339402650726356 69.788612048501775575 72.383457225538521129 74.689593159706745951 76.393844386183971551 76.959584200277006971 74.846288828089356571 71.675880457339019358 67.869026416835055215 64.020600178374692746 60.92748833504948891 58.522655269260454247 58.140428176654737058
11.182410113460310441 12.209912701209745478 12.163848039974689996 12.002511900447009552 12.659797464151228752 12.106312850637342748 15.679134182277003617 18.733071465147610013 25.034642906435060183 31.71050279337264044 33.762215826509731187 35.485301305446888875 43.738321071624419289 50.616521738294927957 51.072458578062651213 52.520485132240203541 53.701243409844863663 54.319697306046087704 54.902809458476610871 55.583843674870834661 56.722144635370831622 57.769548032782111591 58.355941737402979186 58.814799631323346318 59.583850131290837737 60.068058766928714931 61.139978050238880769 61.296280791038597613 60.162774480981070724 59.136462035256371905 60.974428361597993842 62.655505432609842842 65.59540548142619798 68.871377954116866249 71.696361844354967729 74.194856278677931982 76.472791620362542631 78.105033910902832872 76.979257724323446155 74.369066335085051378 69.492381575542083283 65.134353715740488155 61.182387624198639742 58.420640127612529113 57.546376646281679257
11.262816996770235178 12.092245766192732503 12.359348231856502665 11.97679801053738835 12.427547055596056325 11.927498707777996145 16.90404392796100197 19.248823654503691927 26.624704148051595354 30.98231971136443974 33.732831640273197138 35.755621844501241924 46.489002191888445736 50.744651011036516763 50.969600975274374832 52.413532745010641634 53.293080699034035774 53.994745355917466156 54.581256205262270953 55.028101991499951851 56.267535251342110314 57.198575581170061355 57.852578171192035938 58.295483156486220366 58.792437841564385792 59.082382436944364201 59.989399488709629793 60.199396909867303407 59.328660156049593866 58.462257298312721332 64.997279020216069512 66.310834690217333787 68.999062914700203919 69.78781475396745293 71.124829860702931228 73.526132159705028357 75.614911532081706014 77.338646515224368727 76.463945288949986434 74.2357399968136491 70.375854962413086469 65.233767247444461646 60.999014033347606301 57.786132890572176279 56.902189928269351071
11.313301083619277776 11.86330031256887807 12.226157088275229512 11.878933673206573118 12.342743470411353002 11.715054736126194967 17.802026238996209173 19.717597290799982801 27.973375556283084364 30.338855237795108621 33.237253041744125426 35.241970517498444337 43.08248889124080705 50.396810745345717919 50.999115996603912038 52.164075034159445465 53.03670226914233865 53.613890314513646729 54.019708555940475492 54.692985616758690526 55.749893860777824273 56.752823968738979943 57.264213576878432832 57.608178167701247219 58.109627391183167333 58.018330669793805043 58.824245438810351061 59.159372072073495019 58.489056124185822227 58.808505654315538891 68.922353656129544675 70.293094181896805139 72.274238015720513317 72.919110140553101473 72.403054242886298653 72.758442838875268421 74.239393693501000371 75.040342136088369784 74.649414447655786375 72.951805224728985877 69.466443386239930646 64.46954061514844625 60.571126405219452238 57.090557062116452869 56.223428394028950095
11.238716272500051119 11.6152372721861461 11.925971183365534856 12.014383313173485845 12.429759596085972362 11.737179773194036159 19.017354594966640491 20.13641301427228214 28.618653580661359115 29.83139783425359326 32.695444159629445835 34.632348438502347676 45.764305694811582725 50.023342944742481109 50.921716340164962844 52.043937924598346001 52.828472648531324296 53.274020162374796428 53.651778759717927869 54.129235815083184491 55.264250975870702121 56.118234803977337322 56.501558421301410817 56.904930767062197106 57.370122642313901906 57.350385799119592889 57.998625029004919895 58.374675961009970138 58.01433425418329648 63.561625636320137289 72.375035216611607325 73.066445667392372343 75.398990306946373607 76.066856763241460726 75.638717725767051547 72.185133271734841287 73.151094578203398555 73.359176196885229615 72.523988510993078194 71.08641645111426044 67.765180874940256217 63.483307853099674389 59.784198833559088371 56.430098816161674335 55.699690733574797719
11.125933756799883056 11.646824849327973794 11.563580683138757976 11.683058938406020388 12.43245110994652336 11.871479661837174291 20.233159875853250043 20.948412084575792846 28.641234724588688465 29.205702496492925491 32.19416342929910968 34.229692641871118042 47.7240228159434281 49.612925981365734174 50.905382337380537194 51.817013313565333021 52.401762885681932858 52.851493320717132463 53.21954933831091239 53.74120173218488361 54.895619416005580149 55.596032870097410239 56.003511106168900824 56.158792176547244424 56.611005432055712561 56.631047918907647443 57.373782197102840996 57.800348209384772247 57.599134171378544522 67.810853335277386122 76.047474101442006145 76.473510752058032836 78.533723533650885429 79.218734916075121077 78.951033973869684246 74.537776485975030027 72.905760505762359003 72.821365676038936954 71.6565263092566056 69.909513224682115151 66.834181835067113298 63.046269145103643439 59.268709350253487855 55.929435067561115602 55.372319611393194805
11.014155902662277953 11.554808625725218718 11.233946158909763113 12.294702309132560458 12.488958230753024026 12.126750017621626299 20.863614015630481902 21.586328800336559652 27.626874732659864264 28.728532085303982058 31.793622610954553664 35.306784760019610303 49.248139370360064504 49.572055501645699849 50.755208647322085369 51.541505431264454273 52.09697030342727686 52.494242107064991387 52.808566302890724842 53.446633188706968554 54.437549896936602067 55.190207278046621298 55.550357873306978718 55.493792364842050802 55.919312636225278368 56.091756606184013378 56.825803813451848612 57.129893973718623101 56.994408698881521502 72.09872855284389459 79.857592286002457627 80.065991999829705605 81.610745666849609847 82.263606177679491793 82.202751310217607283 77.539806335798061809 72.617567096694102702 72.758844879684914986 71.747524776222050491 69.643872496647873049 66.539543308262267374 63.558818803889749915 59.670215690152836885 55.776389740257620531 55.304398933304746322
11.12534541338794547 11.312694718450410747 10.921423540660267548 11.759914017273368714 12.371027217241524099 14.156288718204340427 20.859283452749853183 21.919472865938288919 25.725428011119696237 28.475445936776466738 31.492074834922682669 36.25464945865571309 43.902226529091450402 49.447558830571068711 50.59042448411801729 51.435520060499683836 51.922703861604830422 52.1699893389752134 52.449924533522164438 52.803343805150426249 53.838641665641269185 54.704399741601605456 54.968101257305470142 55.039824575122878514 55.412757445709686976 55.48549382231059468 56.08888898968094594 56.577729961748900678 56.415186464637592678 65.565196611600555343 83.484900093237584429 83.56094255459264275 84.615743417523546555 85.17022107992623603 85.323228061632278241 80.315512913393035888 72.6180103486385633 71.976917701692826768 70.981820710378215722 69.103501543048423628 65.964047479245252248 62.863788418564944038 59.550587128592965769 56.203177523936680871 55.492894978698039665
11.241333931156233916 11.312827855088789519 10.926646919473064656 11.400915456008075211 12.10318000739154165 16.034902739179955233 20.096087231764347081 22.156136935184463255 25.235491476837417224 28.164703271909694138 31.000443701597134805 35.69062084647950428 46.044225812199400139 49.195526253550831086 50.569561566926232388 51.382623825558141561 51.780653462484700356 51.810630102244729756 51.980074937985108363 52.308907536988499487 53.267093185839776481 54.027060632010950769 54.355351500140884013 54.307947529094583672 54.525938090461266938 54.700852469879080786 55.260868351965704903 55.847331204665579207 61.083477295398978413 69.689917301015782414 79.837159368283394656 86.625997757469818339 87.488193083408305029 87.872615899162880737 88.139970169317791715 82.728418578067262956 73.771217938990503171 71.128752798780425337 69.814496374318252947 68.148685558465132317 65.162337948094645412 61.811768082871502372 58.410304698813668267 56.425777422131972116 55.999921486586451636
11.371305435595997935 11.344533579867761119 11.380881291054087967 11.158618582464953306 12.024499298150390203 17.47368471102058507 17.933324528317022839 22.395853690149699844 25.834807092779968229 27.707297884932255982 30.536764384944284245 37.194958992817277021 47.652118659080322516 49.006026241368090268 50.443557792613759716 51.404381973533027406 51.571953209694335385 51.450722474863958666 51.633237322487936183 52.070369571864311808 52.718574270733768117 53.488754830742863078 53.839125739945437488 53.531319069815182843 53.749963901169060421 54.021670414455378761 54.646347991943542866 55.132168474280092596 66.615862726402141902 73.4154055362187421 82.57008303213343936 89.454863642169939908 90.084982318514377653 90.289191322406438189 89.113795590562688176 84.525434918307908561 74.084313676616801558 70.415541226880264958 68.980312181168471852 67.148187508889549235 64.367930566165981077 60.754941006535020165 56.87172729239808433 56.297656428390148164 56.247771775140805062
11.355147437438873226 11.405929878250633536 11.622339788530565485 11.592499338740593018 11.904774333803743502 18.743517708265976296 18.637330154107932145 22.285426149338231738 26.316450333561288488 27.239233563678311612 31.409755807504037506 40.611016681872982304 48.614452755506192716 48.737065090418866475 50.261452326604583618 51.300583146820109448 51.296843567015677934 51.227714616615166676 51.178935549770507407 51.604353191415917479 52.267518200722143717 52.930697304398009351 53.329730379127688877 53.162943856851569535 53.204942750441468036 53.426409509715682589 53.94349819417411851 56.318694031635843089 71.308305309271005967 77.27613271024743824 85.244563913359655771 90.987347120331335759 92.537497792458594859 92.561556364458638768 91.099631999741532695 84.640933546304353285 70.329400549236211759 69.973475636482106665 68.56027296778702862 66.336178505793171212 63.35426147339348546 59.696596483614776218 55.322246135628880381 56.05849131205425806 56.374217528669959165
11.270715664317789262 11.515609251347923347 11.706118438615090938 11.987200312734019647 11.804149720517438382 19.163979580930543989 19.830464499938326384 22.534579546527094607 26.715242926002009227 27.941657986091037458 32.24637362916897132 43.254079132968456634 49.186259249433497587 48.61256593792428049 49.905173316298160557 51.107157776423662199 51.101030058549312685 50.589298779311953069 50.791558536895635712 51.257130812086920457 52.110024509657371539 52.633438404495244356 52.778492456521860277 52.832688414926956 52.894530603099070731 53.098173166567846692 53.480182236818478714 60.277919357090063102 76.009692886482994822 80.875147660252835635 87.947955025097257931 92.953510328144218988 94.768810661822840302 94.949960632053304721 93.403093105627036152 81.307796469619191271 69.778518798427100478 69.567715361127724805 68.020772520197581912 65.737936319540949626 62.341078180596227298 58.434401257680200104 54.6199024437046603 55.828702216165901007 56.190206626366411058
11.334260638699868551 11.59202145163871478 11.669535585752699447 12.293020771861124629 11.804498697373682958 18.601784514705400397 20.218439220842704174 22.959405829798459564 26.891928262903022073 29.026353711203331187 32.177680272688576224 40.488818460331216897 49.398418582921671316 48.357447936955331613 49.663866660866972325 50.719034406483693544 50.862789968755542702 50.173180865039824994 50.333091324065065919 50.868130332171247687 51.747633905324072146 52.242947631680273446 52.523082673301885848 52.538589483014966675 52.532595598221206501 52.73921885145346522 52.990229203686332937 54.311648215726194167 80.081747727535173453 84.163194588107245409 90.704374157280597046 95.046423468514035449 96.744065798801187839 95.473609752159617869 94.114380035388080614 71.733894050071256743 68.968132628239956716 68.61761940658892911 67.097054971625837538 64.974721297771665718 61.585516511763437109 57.337300801462056654 54.494724910423713027 55.602722643229299138 55.958433644538317253
11.341782700425559582 11.670243079557772958 11.383815851589668355 12.351405800808292312 11.852752707849724345 16.656445699235291613 19.71296159728084163 23.244347132158637237 26.857111731813287037 29.367823056135755166 31.901751746812994526 42.90027772631416525 48.887599562272058051 48.240195618543168621 49.326208107127229141 50.239728865462211616 50.338848976771437549 49.888042923885066671 49.95709189233211589 50.620324420337965421 51.334163948776954101 51.879573720646909862 52.060210724385186154 52.000135696840565913 51.885000790598070353 51.990463225303344075 52.260486732467704485 59.932560389222942376 75.954233392617908294 87.362806102597971858 93.325732692634090881 97.142911256339203874 98.313753197966562425 96.363030028767127533 94.096557786353969277 71.991087863226212562 67.955525643452830309 67.524498779182138719 66.340662146073981376 64.029211641471576399 60.551443179579877096 56.187682198112597121 54.335261699983824712 55.426647327229566997 55.770517829311934577
11.31634873662259011 11.999694121465493524 11.315508723492028409 12.303917426665481827 11.868280651293989791 17.019014533879268214 19.544237358583938402 23.422713311093367849 27.104693013948487845 29.479164693538816522 32.108146899321063472 44.990048426947431892 47.950941023599305879 48.163517776161292261 48.922747334938762265 49.861490572276323974 50.014918099722812883 49.571343651581408096 49.697519674473085161 50.334135097542926474 50.99136840714656671 51.634976788557985117 51.602612640947391753 51.415679829794022737 50.943747578546613397 50.871504666047442811 51.185270953436649677 64.877043197110992878 78.897592573693543727 90.535439227969249032 93.99880277378252913 98.419157549922502426 99.496241556126008732 97.107951728962973448 82.324631999691121109 72.363972923189336939 67.051691586854573757 66.611373564424724236 65.233728503118456388 62.816332988417293848 59.296283214144139606 55.026055775823891736 54.071061891989046444 55.176935221365070561 55.441382497586083389
11.869977475895085561 12.24566405612858766 11.132217623742468149 12.046336352054844099 13.11759490377416526 16.871725665209073242 19.446038768860077539 23.454575727436921539 27.342101351189988634 29.680079831877844043 31.94185365972441204 46.619434040573288769 47.426469931178793615 48.123834780982917891 48.611837882653119891 49.356493501250540135 49.699580180146412545 49.272718812565535984 49.442855493267323652 50.127041469277017427 50.731234007465474178 51.213471524054696715 51.009721882594192266 50.630384548894767249 50.085264879903540702 49.917752131468255072 56.026449304946197572 69.851049224584428998 82.631949521371751644 93.711812606646091695 96.365383170057114626 99.745634758201290992 100.0782038367054696 98.426135084832409916 81.869555293391769624 72.710820300907798241 66.089267921458400679 65.588492395090284504 64.211485060207962761 61.68288802106717128 58.28528221303806589 53.985471740425708731 53.753495067617080849 54.779674731861277337 55.07996886051908092
12.164873212499569988 12.292258325393541796 11.124956491224757826 11.608332570415836216 15.190219660470594576 17.323903966444611058 19.352215677424958074 23.558573760283010756 27.634546151632477518 29.442848659411289702 32.343225130549001278 47.623955492083773322 47.251137346859273691 48.058818416694741416 48.570059452773016062 49.06577927288066121 49.528486491435664618 49.207031997522207689 49.283788715621113852 49.753946676241490366 50.345287861666086826 50.583913219301479103 50.276022538898175185 49.915146153892592906 49.42573225991349517 49.081028673160226106 51.899622483210563928 74.618920038684436236 85.785478824910711637 94.673596779979021676 99.048919377221551485 100.89550166603866899 100.92051840362910298 91.209696338424336659 81.703534893969035124 73.351967737926912605 65.254691907549798202 64.680607472292123816 63.171128555566518514 60.86556324305073673 57.463621448014244208 53.182790740489728876 53.320670654121407495 54.316447669232950091 54.626665621142770135
