benchmarks/avaPyramidNullTest/release1PY_1954323dbf_C_null_dfa_pft.asc
ncols 794
nrows 794
xllcenter 0.00
yllcenter 0.00
cellsize 5.00
nodata_value nan
[rows 220 to 241 of 794, columns 343 to 391 of 794]
0 0 0 0 0 0 0 0 0 0.1349584318638109 0.1425753498578112 0.1618047401542267 0.2077169125887271 0.2229152585344347 0.2574495166740426 0.2922382763944847 0.3140996628270377 0.3610533303057264 0.3394861091822571 0.323354811423662 0.3119229892355776 0.354562535016757 0.3991430800379737 0.3504499782696696 0.3132177135888226 0.4906619298106074 0.4667098497608311 0.5930562197288072 0.8158976586358606 0.7771039789981492 0.8826765011876274 0.9304596206626335 1.014485534207181 1.058060095415855 0.943041754598541 0.9268186048927634 0.958278600081974 1.032742885579421 1.102747815795585 1.171607044938538 1.154472160488513 1.229870529334188 1.189365206947682 1.178542334364712 1.155426570438485 1.089435436881248 1.041859493848946 1.128673707242619 1.193234327114982
0 0 0 0 0 0 0 0 0 0.1344891117268459 0.1401632182102103 0.1659479204910449 0.2063644537065929 0.2346545058283127 0.2530929209922596 0.2830957831400449 0.2953744708919819 0.3648412594745348 0.3621718682901208 0.3249951132430312 0.3092369908502686 0.3667510294083083 0.3999508467737687 0.337987481800209 0.3242190074404173 0.5015146219183259 0.4697001103010318 0.6156650090351291 0.7795411521124331 0.7728608603511875 0.8817742908312587 0.9389211118375311 1.029158092013454 1.078239168142819 0.9545458525337819 0.9336613769123732 0.9643765885882055 1.039563387108001 1.104463942609741 1.177456139940865 1.155902524459372 1.245090920565356 1.176009383725102 1.169513964301231 1.139495000196252 1.064842594148877 1.03605142470597 1.130232280430078 1.171046784899707
0 0 0 0 0 0 0 0 0 0.1325145524061392 0.1425663909104263 0.1626130768467164 0.2081925899664821 0.2509910700017238 0.254208179614722 0.2742892116100769 0.2778064981050118 0.3570741690345668 0.3663968054906988 0.3292566271742315 0.3165858714405285 0.378253628286767 0.4137954936790901 0.3294211534129617 0.3290554989464683 0.5224149067126187 0.4947933864581849 0.6396137849411395 0.7643825717859023 0.7947190782373755 0.8700721435100416 0.9517098034873752 1.047232181907127 1.080481961716293 0.9540592729371461 0.940698335899332 0.9727454424920587 1.04781217283881 1.110577478052081 1.159511027578815 1.13677470464482 1.218403845812987 1.156951637001116 1.162527742388869 1.154492069819865 1.074738068667099 1.032110723993836 1.133813545793831 1.159434819559336
0 0 0 0 0 0 0 0 0 0.1336705552109433 0.1427726380231906 0.1648611668811995 0.2059065191119559 0.2656176177348923 0.2521182895256555 0.2583069250524686 0.2681116917092481 0.3491599198423409 0.3687440620294274 0.3340666892455388 0.3216615378901726 0.3797256549917214 0.4118955719459437 0.3228154667496222 0.3568661161404026 0.5237023737786551 0.4861335586591286 0.6491504534972773 0.7780449547509484 0.7805755248927272 0.8728516054010336 0.9718263454131011 1.051406613176399 1.09172065253155 0.9522687329678547 0.9452646878533701 0.9686051213104516 1.039779342069881 1.100345134150142 1.161376472034489 1.159056147520181 1.21939801293297 1.160963062437761 1.164735578788916 1.135745392181232 1.056626065724592 1.032335889596878 1.12175160390269 1.157138323208443
0 0 0 0 0 0 0 0 0 0.1355155805594349 0.1403570119166671 0.1637451070071778 0.2086769808769788 0.2773090927338168 0.2520612357537321 0.2491214565820112 0.2647669737338188 0.3285106510113084 0.3683020661025824 0.3336720695037336 0.3285441366460267 0.3832961603818055 0.4093947712308603 0.3194022859982535 0.3800409088584014 0.5471730103847882 0.4941754667942235 0.6226171238648163 0.7666408385154639 0.7708704990612005 0.8637479482746463 0.9729723817042827 1.040642894750281 1.088477153261388 0.9821218598762986 0.9623965089261183 0.961962653085503 1.046688934649843 1.098258829735167 1.15234501894808 1.154209233518605 1.22077085029544 1.170907547569745 1.151529988837517 1.13603966355685 1.062799170247916 1.014172585067016 1.115008097453953 1.148981477154047
0 0 0 0 0 0 0 0 0 0.1339061174333789 0.1423588356456899 0.1637924747226819 0.2054384125839793 0.2813608377495281 0.2479935056814568 0.2470847537496048 0.2645611373225641 0.3018452505967411 0.3677305185067641 0.3338828610520542 0.326963654497582 0.3795874240307952 0.4047788319998365 0.3130455684754943 0.4012104108241348 0.5418505785164819 0.495569998749016 0.6458252790900033 0.7759342119528709 0.7746131887918445 0.8568269424612838 0.9839039223994823 1.041175936838749 1.076057239805191 0.9582947217060146 0.95665135695124 0.9630917568355979 1.034543277065042 1.106810846295769 1.161920581688865 1.151288010347558 1.227011532392888 1.177986792669909 1.171468159531288 1.166144662829171 1.068432279075896 1.00421132157744 1.102700186464502 1.162388229399096
0 0 0 0 0 0 0 0 0 0.1323483043051919 0.1429690918944464 0.1648715135019167 0.2091738717524705 0.2911943216362174 0.2417794522755785 0.2466653144549876 0.2764546042325651 0.29862137591737 0.3512008864310972 0.3230011495016498 0.321526297975545 0.3661033746026844 0.3887901218352139 0.3264803625390331 0.4027656377020252 0.5063423721217889 0.5172806865316012 0.6752591747730754 0.7586384887545617 0.7860134586502483 0.8702966074457135 0.9938618632374362 1.049107773527042 1.067282128285193 0.9719291134962345 0.958010807367224 0.9835796242317468 1.052672176245132 1.098725058535711 1.145515300946521 1.151636247850976 1.211923145544004 1.164038736733684 1.162896970367605 1.155698185811571 1.058811550153786 1.011069423279138 1.085908470298327 1.168516283897644
0 0 0 0 0 0 0 0 0 0.1342262993275317 0.1405494767901205 0.1627157292931964 0.2049563619467923 0.2768186738422576 0.2317167373402211 0.2425234776984199 0.2852487850715843 0.3196097016078719 0.3452991627825627 0.3177815541482618 0.3064110926282399 0.3602817486430052 0.3720856668572091 0.3365924757640214 0.4001365876149441 0.4942326405196943 0.5421471259351214 0.6733923241734332 0.7696279143876272 0.7706810516235054 0.8838771412435795 0.9851136222137074 1.042160558223284 1.078983192969041 0.9738553456325844 0.9565533821560364 0.9932357841102283 1.047016851844944 1.111661658714562 1.136515635461496 1.147200755354844 1.220536046339544 1.149462475765215 1.177705116888597 1.15368226182774 1.050031292952032 0.991120105288479 1.087905899862761 1.174331306227456
0 0 0 0 0 0 0 0 0 0.1352624464065641 0.1421532685328488 0.1660199308724108 0.2096874894956833 0.2677747147649476 0.2155358477756323 0.2328629091232612 0.2987385487951031 0.328271692782691 0.337399699512735 0.3132390898263495 0.3156079342669195 0.3343367129797978 0.3585367267766681 0.3490534284053409 0.3969547585175536 0.4647530368787197 0.5548414526633899 0.6683584556198123 0.7827461263722638 0.7869795448547201 0.8809574371775901 0.990562304142093 1.023326329433885 1.071785708605993 0.9893240651864312 0.9707783831172537 0.9990345520485429 1.052632565280966 1.096925336770702 1.138455786278353 1.140049315641996 1.202715037843439 1.140909363587726 1.16741402039128 1.145113863786977 1.046664209650014 0.9793713736345999 1.091099490292442 1.178497061215736
0 0 0 0 0 0 0 0 0 0.1333093304894752 0.1431631196180652 0.1616578393169044 0.2044560785780273 0.2531228982791878 0.2135123861940889 0.2335716332931932 0.3170779033569643 0.332544100095489 0.3285368395544285 0.31930980926671 0.3198308008446449 0.3201879629174356 0.3437344609961868 0.3559219926544136 0.404582462740968 0.4610544210944064 0.5711180389992986 0.6661903690093158 0.7694444335748223 0.7750141013208282 0.8717017077161466 0.9767616835419994 0.9947091751529983 1.066131693953221 0.9803549830024854 0.9775965718848163 0.9965638031198522 1.038960683947545 1.101878653969833 1.129025771715298 1.149996203622163 1.196355891687025 1.125140007453454 1.154457490793055 1.149138814924548 1.055922757409073 0.9886932219276023 1.091408162132804 1.161465520128756
0 0 0 0 0 0 0 0 0 0.1329186641761014 0.1407390584994911 0.1657526483743273 0.2102225632017258 0.2498617609515895 0.2059068052756364 0.2300812845660855 0.3334635143013643 0.3308731185519433 0.3176996340114457 0.3035802738750474 0.3193801626630554 0.323617713607086 0.3332047510714666 0.3555531788012223 0.4121364343954391 0.4834137102469118 0.5740777542376324 0.6556112486525301 0.7705077640654203 0.7723637359839419 0.8561989523105062 0.9685084563588355 0.9827742931638885 1.051925894034573 0.9923608088583888 0.9718715001974427 0.9998454672422211 1.039558065529456 1.080371427388659 1.128025070095124 1.130877274593582 1.17746436343248 1.123980689065633 1.161129835912144 1.123458908889203 1.045336868383858 0.964710015739484 1.1133189780922 1.177765198868679
0 0 0 0 0 0 0 0 0 0.1347855797432287 0.1419512985480225 0.1628154735476598 0.2039327324096692 0.2542164959309181 0.2027813713402918 0.242658000887833 0.3374027141317037 0.3269967138141183 0.3196773220943451 0.2824842548084084 0.316724554069103 0.3293391188410733 0.3207203357762206 0.3545304126436861 0.417020224697303 0.5044267683445438 0.5621453786614122 0.6367093915239784 0.7479828598946753 0.7635577695639023 0.8504564888433556 0.9561443422914048 0.96400868250987 1.033721611222784 0.9967087788842905 0.9656250862013496 1.015046678746041 1.068514769177237 1.088661200183564 1.110784023095299 1.143354070686061 1.173880976852161 1.106103522069751 1.159446727610117 1.116424504373507 1.045902737673126 0.967468949582808 1.087678250059296 1.149162782699303
0 0 0 0 0 0 0 0 0 0.1346709608950094 0.1433532317077749 0.1646710573985937 0.2107843441485994 0.2728026934434741 0.2008305613339036 0.239261241563707 0.3419982847017436 0.3264205875920514 0.3233082145473183 0.2812393493470491 0.3048425414191703 0.3406406146081686 0.3076913251431178 0.3414831307567159 0.4219670020466731 0.5194744154045716 0.5582891691350059 0.6376424467105104 0.7559359861083883 0.7773369028655472 0.8682289893057582 0.9495680029222154 0.9703867738516757 1.03644897571278 0.9912359902725589 0.9703472069878362 0.9984532016346469 1.047234279835082 1.080093432162777 1.12953156655149 1.14442381117674 1.157537137556333 1.095382656951952 1.128574191263993 1.085352972083172 1.031927603705315 0.9311172494505636 1.086064646173095 1.125031496854036
0 0 0 0 0 0 0 0 0 0.1327006315651967 0.1409243268656777 0.1639445043827676 0.2033837668394901 0.282991685583138 0.1930914658173748 0.2411654075623296 0.3379770843286974 0.3249119266190169 0.3188446114822466 0.2836049467315473 0.2968203067887117 0.3440900970134305 0.3098964707171088 0.3508418894350009 0.4065507208672457 0.5366210621343457 0.5488233950432947 0.62822752099654 0.7593990802112067 0.7598673431189009 0.8481255084023599 0.9591246485022903 0.96859994511549 1.030064239128397 0.9802215185986659 0.9601140266648973 1.012523255922679 1.041604262817981 1.083357193787511 1.093708509320602 1.131645212017709 1.134676615619854 1.078112472974073 1.127680177428603 1.107753732001498 1.025401138482715 0.9250183482654022 1.04040901036607 1.144277558322904
0 0 0 0 0 0 0 0 0 0.133495287464319 0.1417544515432203 0.1636028425199897 0.2108524854007972 0.2987339658873179 0.1943172935366995 0.2360585127489665 0.3341676346000322 0.3287037271947119 0.3278471433398548 0.2820095412602742 0.3096475515506254 0.3466759144794475 0.3296773889062986 0.3532898500715045 0.4232134541182178 0.5598999090006276 0.5576450440521996 0.6255090002952453 0.7702368606652146 0.761895302161525 0.8433287739409181 0.9715208474149788 0.9869432500308333 1.012872730244975 0.9941432715517612 0.9698879892500893 1.019188409794361 1.03798550773391 1.099373110532369 1.084092735310538 1.134723408198834 1.116027114895826 1.062212224312997 1.118063387789095 1.06566541319736 1.012509374645409 0.9237230081032453 1.049916436304077 1.133631866294692
0 0 0 0 0 0 0 0 0 0.135346155887127 0.1435380351124202 0.1650727840259632 0.2035330402587196 0.3126382878672466 0.1998958444500041 0.2394138199844036 0.3386481812345786 0.3292485031010013 0.3284693827160289 0.2890303888027529 0.3222538970097538 0.3510782740476591 0.3528494615498782 0.3716665195920806 0.4447112460737012 0.5831429193269002 0.5875818945978868 0.6304722308810753 0.7504433854671229 0.7639984843296482 0.8398661148092537 0.9953654326216226 0.9878121058602802 1.000617147412317 0.9772821804644574 0.9855963758562539 1.008947534727968 1.012490878573896 1.073223104447526 1.092564328542429 1.12713380310033 1.085566557245065 1.0412263342267 1.097994193765546 1.065182070527121 0.9846905958158042 0.9233082546313185 1.025391319659377 1.123506338072411
0 0 0 0 0 0 0 0 0 0.1340829191415246 0.1411039336093589 0.1625219089789572 0.2103201677224557 0.3203348474412427 0.2046196632128961 0.2421952026592655 0.3346395212689983 0.3287444359742413 0.334856285873313 0.3047874227759301 0.3473278719736451 0.3615896343230903 0.353738055930136 0.3795641533691979 0.469165862985628 0.6024851218324963 0.6059861587135223 0.6160134522652448 0.7294252783452 0.7714350914113872 0.8498808566212207 0.9866587860246268 1.003343824281523 1.029928827120568 0.9688729398638894 0.9835336880937028 1.004570062863832 1.016055855997901 1.085960054485249 1.075169753186715 1.137393412538647 1.084568417505441 1.040029815934999 1.091768725216611 1.050173655400918 0.9865056022691522 0.9138820107244835 1.047021449039111 1.112365148244642
0 0 0 0 0 0 0 0 0 0.1321783675459988 0.1415640628057309 0.166228105955376 0.204077572880303 0.31962033666959 0.2080493541299245 0.2458687052811923 0.3205264103384778 0.326001668117531 0.3290020938600108 0.3145762387694926 0.3648256955627281 0.358342527411532 0.3634934541819386 0.3834301739144182 0.4928905869752876 0.6029768935118975 0.6111947466778025 0.6068860091187963 0.727604275074065 0.7867753062479396 0.870832485685104 0.9774940954328549 0.9941682070897673 1.04286597931858 0.9596224877147654 0.9640767555237689 1.019186054180357 1.040785807332583 1.086068637696762 1.054066723208548 1.115145157805014 1.063337408993976 1.037882757675221 1.070605863672387 1.019556842625493 0.9503045486308633 0.9298256806195407 1.028240988328729 1.11393704476613
0 0 0 0 0 0 0 0 0 0.1340587612289903 0.1437136298534546 0.1618714804432273 0.2098125008885111 0.3186767381712757 0.2126866254628546 0.2568990913970208 0.3179509297471174 0.3189384084969258 0.332418278077404 0.3218356430147111 0.3677481280773415 0.368970354347089 0.3693213189496539 0.3839834829737678 0.5053811532832503 0.5959294073098704 0.6092350455591587 0.6142738394674676 0.7410793761689382 0.7731319298970678 0.8812958070286883 0.9846147436862772 0.9861562369655932 1.023409566131094 0.9721476039733089 0.9667253208840538 0.9869881728567657 1.026413791462437 1.071256067802108 1.036913783977266 1.11742475615568 1.052341345087629 1.029339844562825 1.065539945295513 1.014091680550083 0.9285568285772446 0.9278961552299257 0.9940238175692544 1.10549749910725
0 0 0 0 0 0 0 0 0 0.1354405971140154 0.1410375031129993 0.1655540680716071 0.204598917565543 0.3122458970841031 0.2256904525440401 0.2647336110092369 0.3139759279636839 0.3027888936399908 0.3338019858467197 0.3288445828534628 0.3653376056267921 0.3795662504435158 0.3584305024301883 0.399401160446281 0.4841466853706561 0.5923833959197213 0.5959653985422205 0.6324709470995143 0.7416480271967286 0.7646274278423962 0.8823541723012874 0.9775920864368647 0.9890594867260816 1.018889975297655 0.9469628435617548 0.974791195044711 0.9835840634346061 1.00572727650571 1.065856384934255 1.045297615540861 1.116099099042515 1.033401199828102 0.9941396987467922 1.040006751980257 0.9827961727698981 0.8977253447853594 0.939830088266938 1.026429316212464 1.116379160727747
0 0 0 0 0 0 0 0 0 0.1334936694520155 0.1435042289992794 0.1630217703041336 0.2093244784097084 0.2987629257565072 0.2448099867855639 0.2677230002197958 0.3093845891913092 0.3016024132151412 0.3322943544750983 0.3265539086508408 0.3542105688021264 0.3849959253856869 0.353407586355645 0.4116330840217974 0.4749657994163662 0.6113959354965518 0.574890317877337 0.6437899952284177 0.72739837802066 0.7580668340197131 0.8840408317558238 0.935128692208497 0.9803912420515678 1.024589720668191 0.9246241476623192 0.9594532639651805 0.9813231955766871 1.02086889145603 1.054513732300669 1.029902633507073 1.128394371763446 1.009392808706374 0.9737972018292086 1.03371440970563 0.9594815538072539 0.8514176904880602 0.9197055909765037 1.077649040397954 1.158905514456367
0 0 0 0 0 0 0 0 0 0.1327430157694146 0.1439202055193413 0.164476864728441 0.2051019184055077 0.2818366786620655 0.2520518108426036 0.2650307824291556 0.3182370684153357 0.2991736615470502 0.3248656877279656 0.3385613490108292 0.3205373377138859 0.3840383471363326 0.3260609843863888 0.412065240895482 0.4624713697172936 0.624208292484068 0.5486775484541467 0.6495855899963457 0.7096058750153407 0.7451356502809864 0.8927198947102641 0.9307388939678654 0.9672937466338285 1.025283080218128 0.9231063711572967 0.9476850364609199 0.9789477483311173 1.023726597279411 1.060077489082876 1.012572085500344 1.111903802110241 0.9996682487469188 0.9446855616437674 1.007059832034853 0.9283613974973635 0.8213534639348556 0.9180717510571953 1.112337844563247 1.186574663252117
