benchmarks/avaHockeySmoothSmall/release1HS2_null_ref_0.155_pv.asc
ncols         1000
nrows         400
xllcenter     1000
yllcenter     -5000
cellsize      5
NODATA_value  -9999
[rows 175 to 209 of 400, columns 546 to 623 of 1000]
0 0 0 0 0 0 0 0 0 0 0 0 0 0 0 0 0 0 0 0 0 0 0 0 0 0 0 0 0 0 0 0 0 0 0 0 0 0 0 0 0 0 0 0 0 0 0 0 0 0 0 0 0 0 0 0 0 0 0 0 0 0 0 0 0 0 0 0 0 0 0 0 0 0 0 0 0 0
7.65839 7.44905 7.31359 7.29765 7.25762 7.09895 6.86144 8.03624 8.19892 7.89675 7.70322 7.4558 7.34013 7.34013 7.22698 7.02176 6.79117 6.59771 6.45049 6.31628 6.11504 4.91039 4.6605 4.6172 4.57476 4.56178 4.55001 4.38079 4.18068 3.78929 3.90781 4.30356 4.56224 4.62201 4.62201 4.57902 4.50352 4.45977 4.45977 0 0 0 0 0 0 0 0 6.19654 6.36276 6.36276 6.15128 5.96181 5.81792 5.68264 5.54089 5.43226 5.64177 5.89584 6.00973 6.00973 5.89385 5.48435 0 0 0 0 0 0 0 0 0 0 0 0 0 0 0 0
7.92622 7.87556 7.86146 7.85826 7.83193 7.82193 7.89963 7.9311 7.92968 7.92615 7.85787 7.77315 7.67254 7.55246 7.44486 7.44369 7.74544 7.57065 7.62114 7.37519 6.75888 6.55163 6.95715 7.18587 7.18587 7.1596 6.99638 6.81819 6.80551 6.85066 6.91584 6.89224 6.77732 6.77005 7.15494 6.78319 6.84179 6.87187 6.9271 6.92167 6.86089 6.81715 6.79485 6.83425 6.85373 6.83598 6.82171 6.82171 6.73719 6.73719 6.69253 6.57388 6.75926 7.14413 6.93382 7.13851 7.26181 7.47142 7.46609 7.41162 7.25054 7.06397 6.7952 6.41157 6.27125 6.2865 6.32472 6.37362 6.3929 6.40331 6.53981 6.6831 6.04419 5.52036 5.39227 5.3662 5.08767 6.31767
7.70651 7.62178 7.53563 7.50189 7.46508 7.58683 7.65286 7.61109 7.71441 7.75483 7.7919 7.88426 7.84884 7.77532 7.82787 7.85741 7.82802 7.76551 7.70447 7.60091 7.47925 7.34254 7.31773 7.2874 7.22133 7.20583 7.1824 7.12758 7.17208 7.1623 7.07909 7.02289 7.07947 7.09227 7.15494 7.15605 7.11052 7.23204 7.39396 7.48318 7.55501 7.67049 7.68772 7.64725 7.54811 7.30289 7.00683 7.54403 7.50363 7.16294 7.05572 7.05834 7.12636 7.20725 7.24238 7.25657 7.22886 7.26534 7.32003 7.29357 7.25855 7.09354 6.96337 6.90437 6.90437 6.84591 6.79647 7.0403 7.39618 7.65272 7.65234 7.57239 7.34868 7.23482 7.41617 7.5926 7.69692 7.18119
7.86428 7.95766 7.99043 7.9649 7.92695 7.93999 7.94618 7.91547 7.87255 7.82253 7.88768 7.86531 7.74144 7.84281 7.93777 7.97914 7.93608 8.00655 8.08699 8.13298 8.20115 8.25064 8.34245 8.36385 8.1626 7.95252 7.84519 8.06502 7.97197 7.58194 7.32157 7.28949 7.4698 7.65319 7.71318 7.53052 7.62292 7.70219 7.78147 7.87272 7.93926 7.97346 7.96929 7.97378 8.00107 8.0474 7.972 7.82258 7.74145 7.67769 7.56486 7.38373 7.40782 7.44258 7.45722 7.41228 7.44313 7.47908 7.50334 7.48582 7.45928 7.42939 7.46147 7.49238 7.5802 7.652 7.71146 7.81912 7.86659 7.91689 7.87447 7.97453 8.03491 8.11779 8.18107 8.21813 8.28429 8.09058
9.69656 9.57679 9.48739 9.63893 9.53122 9.22151 8.80454 8.35724 8.18391 8.24667 8.28714 8.3232 8.30505 8.30934 8.33152 8.41123 8.50593 8.51187 8.49413 8.53776 8.61797 8.67089 8.69185 8.72947 8.7116 8.66796 8.67417 8.6742 8.61489 8.50859 8.39126 8.17091 7.94301 7.79842 7.80607 7.74992 7.60353 7.57504 7.49963 7.43951 7.49828 7.57667 7.6347 7.6957 7.69843 7.70708 7.7799 7.76818 7.72175 7.62721 7.57424 7.61027 7.62725 7.77141 7.84438 7.82325 7.81173 7.90398 7.97009 7.97901 7.99685 8.05923 8.09976 8.17131 8.26592 8.33388 8.37768 8.3888 8.43285 8.45546 8.49842 8.5809 8.63509 8.69685 8.74295 8.76151 8.74879 8.3834
9.42278 9.54256 9.62791 9.5431 9.49856 9.32185 9.14234 9.18327 9.41254 9.36901 9.26857 9.22044 9.18055 9.26893 9.33769 9.24996 8.61684 8.59221 8.51181 8.53072 8.52423 8.56391 8.59813 8.69033 8.81339 8.89449 8.85833 8.77383 8.77888 8.80216 8.80216 8.70245 8.50055 8.17419 7.84292 7.84883 7.85194 7.82698 7.80512 7.7842 7.77524 7.79474 7.8602 8.4216 8.07393 8.10573 8.09017 8.16612 8.21416 8.24681 8.25743 8.29236 8.30648 8.24636 8.17273 8.15335 8.11729 8.14437 8.17536 8.20697 8.25141 8.28487 8.30565 8.36489 8.44515 8.49711 8.53528 8.56667 8.57812 8.61641 8.6278 8.68963 8.74016 8.78344 8.85553 8.89047 8.882 8.76411
9.93683 9.94584 9.95924 9.96987 9.96855 9.9383 9.91793 9.90814 9.89684 9.8867 9.74464 9.64299 9.56754 9.60851 9.58387 9.42126 9.25674 9.12977 9.01862 8.97227 8.9952 8.97384 8.95513 8.88722 8.859 8.86637 8.92125 9.03637 9.12819 9.15647 9.43428 9.55246 9.52994 9.42233 8.41223 8.0996 8.06086 8.20873 8.13623 8.24073 8.31149 8.38101 8.42547 8.42538 8.397 8.33129 8.30989 8.26384 8.27539 8.31566 8.32525 8.33014 8.25444 8.18191 8.14729 8.17311 8.17124 8.17075 8.1532 8.1034 8.00847 8.07857 8.05127 8.00142 8.03724 8.11678 8.15936 8.15089 8.15474 8.22765 8.35025 8.39881 8.44151 8.43205 8.43491 8.46884 8.69998 8.72309
10.0235 9.90127 9.87288 9.98864 10.1172 10.509 10.6221 10.7088 10.7411 10.6363 10.4376 10.2403 11.13 11.0825 10.9196 10.7241 10.4066 10.0259 9.6316 9.53133 9.44631 9.02177 9.02764 9.01971 9.02604 9.12013 9.19391 9.30366 9.3749 9.42652 9.41722 9.4042 9.36711 9.3238 9.0998 8.73745 8.4957 8.5358 8.55884 8.37883 8.37637 8.38803 8.38694 8.3902 8.44074 8.32324 8.41617 8.49809 8.53113 8.54215 8.63369 8.67756 8.60998 8.5321 8.57839 8.58111 8.57324 8.69808 8.76237 8.86269 9.45237 8.59283 8.31031 8.32183 8.27206 8.33887 8.39464 8.34789 8.38236 8.37497 8.35472 8.48379 8.52437 8.48192 8.43091 8.50132 8.48841 8.46146
10.6092 10.5208 10.4168 10.3598 10.3902 10.5167 10.6265 10.7307 10.8205 10.8793 10.8669 10.8532 10.8168 10.7619 10.7936 10.8245 10.8855 10.8775 10.5198 10.1642 9.94327 9.77473 9.76784 9.76057 9.73404 9.68043 9.62766 9.59873 9.42985 9.37129 10.1586 10.0939 10.14 10.0075 9.68697 9.40693 9.26586 9.35775 9.25142 9.14531 9.12129 9.10586 9.01244 8.89673 8.89017 8.91665 9.02461 9.11094 9.15208 9.21913 9.31974 9.41278 9.5421 9.61108 9.58874 9.58083 9.60351 9.63246 9.65464 9.7198 9.78485 9.77909 9.44901 8.87637 8.76191 8.76637 8.86075 9.08852 8.92278 8.75036 8.72183 8.79222 8.75072 8.73714 8.8404 8.88852 8.90738 8.74931
10.9413 10.9239 10.9049 10.8762 10.8617 10.8935 10.9462 10.9927 10.9934 10.9219 10.8562 10.7894 10.7528 10.7626 10.7797 10.7796 10.7062 10.6188 10.5084 10.3747 10.2802 10.2214 10.1774 10.1557 10.1489 10.1484 10.1846 10.1437 10.074 10.0148 10.0532 10.1124 10.1182 10.1199 10.189 10.2831 10.2695 10.1129 9.93027 9.79657 9.71693 9.71159 9.72642 9.73352 9.71684 9.72301 9.74159 9.76902 9.81303 9.83506 9.85701 9.98467 10.0879 10.1305 10.12 10.1366 10.119 10.1313 10.173 10.2282 10.2754 10.2645 10.1165 9.91588 9.7876 9.76283 9.82923 9.89136 9.95762 9.96037 9.92439 9.82024 9.76239 9.77114 9.82251 9.90252 10.1853 10.3167
10.582 10.4938 10.4384 10.4587 10.5301 10.6074 10.6594 10.6991 10.7445 10.7138 10.717 10.6912 10.6424 10.6147 10.6109 10.6241 10.6508 10.6415 10.5408 10.4593 10.3978 10.3452 10.329 10.3413 10.3878 10.4668 10.4448 10.4036 10.2371 10.174 10.1079 10.0899 10.1632 10.2382 10.3161 10.3543 10.2906 10.1772 10.0442 9.94471 9.91009 9.91265 9.92035 9.91858 9.9079 9.93465 9.95142 9.94798 9.98832 10.0383 10.0799 10.158 10.251 10.3215 10.3671 10.4135 10.3679 10.3512 10.3795 10.4571 10.4917 10.4871 10.4506 10.3275 10.1814 10.0897 10.0632 10.1129 10.1736 10.1876 10.1827 10.1497 10.1532 10.2084 10.2787 10.2975 10.2856 10.2564
10.1908 10.2133 10.061 9.80534 9.5858 9.49104 9.74762 9.89102 9.98331 9.9784 9.99468 9.98616 10.0253 10.0637 10.0896 10.0511 9.95231 9.91158 9.86058 9.79124 9.94499 10.0747 10.1597 10.2664 10.3518 10.3734 10.3538 10.2681 9.96147 9.77349 9.68205 9.63553 9.64135 9.72418 9.80904 10.0588 10.1514 10.0062 9.83102 9.72264 9.6717 9.6238 9.58746 9.62764 9.67019 9.68941 9.62652 9.61574 9.65937 9.77478 9.87175 9.90019 9.92146 9.98517 9.97003 9.89453 9.82013 9.84904 9.89969 9.99834 10.0607 10.1161 10.0433 9.8732 9.76167 9.6426 9.63327 9.68361 9.75429 9.84117 9.85953 9.89686 9.86798 9.84079 9.84338 9.88858 9.94792 9.99204
10.0289 9.70288 9.7436 9.74791 9.84842 9.59419 9.54846 9.57367 9.56859 9.53607 9.55561 9.56329 9.55428 9.5164 9.4675 9.53179 9.62924 9.73827 9.78587 9.80973 9.89681 9.94741 9.95362 9.94546 9.80324 10.0407 10.042 9.76525 9.79734 9.83219 9.87417 9.92807 10.0063 10.0333 9.97845 9.91124 9.88391 9.84013 9.78365 9.80988 9.599 9.21493 9.01652 8.90198 8.79699 8.82084 8.85921 8.84809 8.98668 9.04096 9.07951 9.13811 9.23117 9.34983 9.43937 9.48864 9.48835 9.49235 9.52624 9.55812 9.53285 9.51638 9.54347 9.58724 9.64476 9.67793 9.71674 9.77894 9.85832 9.87888 9.90998 9.87714 9.86061 9.90051 9.97618 10.0219 10.0628 10.0945
11.1976 10.9223 10.643 10.4182 10.2996 10.338 10.4187 10.2675 10.1229 9.99982 9.93806 9.87039 9.88504 9.94988 9.97569 9.93269 9.89813 9.88871 9.84916 9.8349 9.85864 9.87154 9.89191 9.88655 9.92656 9.97898 10.0369 10.0799 10.0795 10.1056 10.112 10.1271 10.1884 10.2533 10.2157 10.2408 10.2968 10.3259 10.2507 10.2509 10.0749 9.77493 9.5452 9.3888 9.37427 9.42571 9.51083 9.54045 9.51578 9.51638 9.58082 9.6597 9.69674 9.65325 9.5774 9.49156 9.50099 9.48933 9.54495 9.59057 9.63595 9.7153 9.7285 9.7417 9.75053 9.73498 9.82816 9.86145 9.9857 10.0311 10.2094 10.2995 10.2321 9.8741 9.64454 9.64487 9.65345 10.1132
11.4402 11.2251 11.0609 10.9255 11.1218 10.9658 10.733 10.5977 10.4652 10.3614 10.291 10.2834 10.2881 10.3267 10.386 10.3529 10.2558 10.1839 10.1157 10.0954 10.0928 10.0965 10.0981 10.0738 10.117 10.2161 10.3286 10.3812 10.3753 10.3495 10.3494 10.3895 10.4716 10.5433 10.573 10.6329 10.7268 10.8494 11.011 11.033 11.292 10.9976 10.5205 10.3514 10.3018 10.2726 10.2444 10.2067 10.2021 10.1776 10.1859 10.2121 10.2195 10.2871 10.394 10.4376 10.4652 10.4646 10.4738 10.53 10.5475 10.5247 10.4564 10.4134 10.4293 10.4734 10.54 10.6671 10.7593 10.804 10.7969 10.7475 10.5795 10.4596 10.4878 10.5434 10.6003 10.7096
11.5698 11.4791 11.4244 11.3435 11.3107 11.2072 11.0926 10.9335 10.9431 10.968 10.9873 10.4936 10.4391 10.5309 10.6503 10.6681 10.6474 10.6474 10.6146 10.5499 10.4314 10.3588 10.3348 10.3491 10.4311 10.5185 10.59 10.5522 10.4644 10.4719 10.5149 10.5799 10.637 10.6907 10.7684 10.8566 10.9494 11.0826 11.1845 11.2579 11.1986 11.0777 10.8259 10.7143 10.7125 10.7846 10.8025 10.7584 10.6775 10.6096 10.5984 10.6218 10.6122 10.6272 10.6617 10.697 10.7197 10.7454 10.8044 10.8645 10.8675 10.8471 10.7951 10.7898 10.7898 10.8565 10.9841 11.1022 11.1694 11.1378 11.1028 11.0935 11.0472 11.0092 10.9797 11.0192 11.0961 11.1924
10.9198 10.9262 10.8936 10.8846 10.8311 10.8028 10.8329 10.9225 10.9127 10.8396 10.6465 10.4771 10.4885 10.5975 10.729 10.7529 10.742 10.7114 10.6313 10.5684 10.5306 10.4982 10.5068 10.524 10.5705 10.6162 10.6003 10.5461 10.5357 10.5558 10.6085 10.6563 10.6829 10.6996 10.7265 10.7545 10.8066 10.8799 10.9519 10.9807 10.976 10.9578 10.8432 10.7044 10.6322 10.5928 10.5758 10.566 10.5197 10.4522 10.3888 10.3645 10.3564 10.3907 10.4474 10.4898 10.5224 10.5695 10.6408 10.7209 10.7439 10.7478 10.7473 10.7532 10.7818 10.8345 10.8897 10.9345 10.9755 10.9109 10.8619 10.8763 10.887 10.8906 10.8907 10.9289 10.9708 11.0523
11.21 11.1388 11.0867 11.0013 10.9153 10.821 10.7225 10.6556 10.6225 10.4313 10.3132 10.2565 10.2732 10.3724 10.4541 10.4834 10.4076 10.3566 10.3388 10.3055 10.2565 10.2394 10.2417 10.2826 10.3522 10.3685 10.3075 10.269 10.254 10.2759 10.3174 10.2799 10.3024 10.2857 10.2699 10.272 10.289 10.3284 10.3544 10.3651 10.4282 10.4317 10.383 10.3608 10.4429 10.3856 10.2153 9.9823 9.92821 9.73754 9.61431 9.63508 9.72647 9.79442 9.78548 9.78026 9.82455 9.89154 9.91571 9.87361 9.90154 9.99472 10.0796 10.0518 9.91553 9.9071 9.9911 10.1567 10.0079 9.81513 9.64084 9.57258 9.73773 9.90568 9.93294 9.98428 10.066 10.1329
11.138 11.0904 10.9994 10.8965 10.8011 10.7302 10.6819 10.6152 10.5382 10.4469 10.3616 10.2189 10.1134 10.1854 10.2448 10.2852 10.3458 10.4227 10.5019 10.5901 10.6154 10.5681 10.5063 10.4367 10.4712 10.4849 10.4873 10.4823 10.5677 10.618 10.6876 10.663 10.6377 10.648 10.6186 10.6002 10.6362 10.6417 10.6653 10.7318 10.756 10.7593 10.7316 10.8914 10.9461 10.8829 10.7724 10.6437 10.7343 10.8338 10.4812 10.0211 9.93881 9.7943 9.60348 9.46259 9.51023 9.54099 9.59581 9.8211 9.93794 10.0226 9.98172 9.93617 9.92088 9.94409 9.93721 9.85732 9.98857 10.0823 10.0048 9.79971 9.93124 10.2409 10.0072 10.4049 9.97591 9.82692
10.7352 10.7585 10.7481 10.6818 10.6022 10.5079 10.4032 10.2931 10.2799 10.2633 10.2831 10.3292 10.3549 10.389 10.4231 10.4147 10.4112 10.4545 10.5608 10.6336 10.6832 10.7107 10.7231 10.7357 10.7543 10.8026 10.8594 10.9199 10.9968 11.0823 11.159 11.2189 11.2786 11.3182 11.3242 11.3062 11.4572 11.5925 11.6511 11.719 11.7531 11.671 11.5723 11.5099 11.4797 11.4514 11.4583 11.4511 11.3223 11.3037 11.2838 11.1609 11.0352 10.9687 10.9165 10.7739 10.6732 10.8672 10.8094 10.6985 10.7016 10.6546 10.5009 10.3834 10.3531 10.3924 10.4148 10.48 10.5835 10.7107 10.8598 10.974 11.0291 11.1993 11.383 11.4657 11.4289 11.2786
11.0455 11.0154 11.2835 11.3613 11.1692 10.9871 10.917 10.8486 10.7516 10.7382 10.9918 10.9006 10.716 10.5432 10.6166 10.7568 10.8109 10.7364 10.5927 10.6606 10.8136 10.9686 11.0762 11.2652 11.3701 11.4226 11.5575 11.6323 11.7808 11.9081 12.0769 12.2007 12.2648 12.2926 12.3182 12.4279 12.5258 12.6377 12.6781 12.6481 12.5696 12.515 12.4902 12.4488 12.4305 12.5029 12.6074 12.7389 12.8721 12.7031 12.5289 12.4482 12.3712 12.3613 12.3686 12.3335 12.278 12.179 12.1846 12.2533 12.1796 11.9764 11.7163 11.5971 11.7467 11.9538 11.6428 11.2074 11.1103 12.0917 12.0853 11.4092 11.3274 11.3851 11.4013 11.4061 11.4277 11.5118
12.8158 12.8287 13.0102 12.9969 12.9038 12.7628 12.6176 12.5292 12.4361 12.3693 12.3228 12.253 12.2497 12.2463 12.2698 12.2905 12.3435 12.4179 12.5191 12.5902 12.6209 12.5585 12.5993 12.6304 12.6789 12.7384 12.8309 12.9186 12.9768 13.0723 13.1516 13.2129 13.2784 13.3176 13.3332 13.3766 13.4431 13.4616 13.4044 13.3375 13.3136 13.342 13.3058 13.3018 13.3723 13.4919 13.6232 13.7683 13.8536 13.6999 13.542 13.468 13.3368 13.2246 13.2484 13.197 13.1651 13.179 13.1888 13.1335 13.089 13.0442 13.0041 13.0158 12.9261 12.8304 12.6688 12.6865 12.761 12.9517 12.7323 12.2279 11.7989 11.6022 11.5814 11.6888 11.7057 11.5271
13.8774 13.7533 13.7758 13.7516 13.6649 13.5868 13.3766 13.2605 13.1671 13.1553 13.0987 13.0776 13.044 13.0244 13.0397 13.0692 13.119 13.1906 13.2591 13.3433 13.4344 13.4699 13.4817 13.454 13.4856 13.5101 13.5495 13.59 13.6641 13.74 13.827 13.8879 13.9293 13.9618 13.9829 14.0344 14.0537 14.0939 14.0929 14.0491 14.04 14.0241 14.043 14.0414 14.0562 14.147 14.2679 14.3954 14.5036 14.4836 14.4169 14.2245 14.0321 13.9785 14.0415 14.1407 14.1032 14.0853 13.9287 13.7675 13.6604 13.6091 13.5947 13.5614 13.3972 13.3411 13.3962 13.4902 13.5237 13.5627 13.4039 13.1501 12.7978 12.6015 12.5686 12.5649 12.5301 12.5317
14.3617 14.1716 14.0971 14.129 14.1199 14.0145 13.8103 13.6253 13.5518 13.5465 13.4829 13.4645 13.415 13.4087 13.4003 13.4062 13.4376 13.4948 13.5491 13.6163 13.6705 13.7302 13.785 13.8112 13.823 13.8461 13.8912 14.1963 14.1764 14.0679 14.1273 14.1976 14.2266 14.2359 14.2936 14.3757 14.3921 14.3774 14.3212 14.2575 14.2036 14.1798 14.1768 14.2018 14.2436 14.3028 14.4115 14.5522 14.7143 14.8579 14.8049 14.5647 14.3945 14.3529 14.4074 14.397 14.4132 14.3956 14.2861 14.0091 13.9439 13.9478 13.8953 13.7908 13.6533 13.5762 13.599 13.6206 13.6851 13.803 13.831 13.6434 13.3553 13.1669 13.0411 13.0116 13.0514 13.0822
14.7958 14.8373 14.8842 14.8386 14.7985 14.7505 14.6627 14.5635 14.4345 14.4967 14.5402 14.5243 14.4233 14.2316 14.1537 14.1432 14.1934 14.3564 14.4081 14.4586 14.3355 14.2472 14.1413 14.1118 14.0997 14.1536 14.3009 14.4807 14.5028 14.5484 14.655 14.5932 14.555 15.0158 14.5764 14.2981 14.344 14.2885 14.1968 14.1044 14.0361 14.0209 14.0087 14.0526 14.1564 14.2346 14.3319 14.4103 14.5554 14.7206 14.6734 14.4557 14.2067 14.0993 14.0883 14.0252 14.0688 14.0387 13.9992 13.84 13.8713 13.9205 13.9062 13.8582 13.5889 13.416 13.391 13.38 13.401 13.4616 13.5082 13.4269 13.2683 13.1593 13.1153 13.0817 13.0901 13.0988
15.6797 15.6525 15.6989 15.7459 15.7685 15.7498 15.6893 15.6892 15.7465 15.7606 15.7372 15.7245 15.7006 15.6096 15.6014 15.5607 15.6039 15.6978 15.7073 15.6355 15.5541 15.5789 15.4597 15.3787 15.4354 15.5459 15.6652 15.7291 15.7985 15.7598 15.8974 16.8493 16.6165 16.28 15.8382 15.3603 14.9015 14.452 14.0039 13.529 13.498 13.5079 13.5147 13.5652 13.7103 13.7636 13.7596 13.7797 13.9249 14.0407 14.1075 13.8741 13.5988 13.4609 13.3694 13.2666 13.1977 13.1909 13.2323 13.2347 13.2287 13.1925 13.189 13.089 12.9472 12.9141 12.9034 12.9015 12.8577 12.8374 12.8092 12.7491 12.6952 12.7106 12.7398 12.7262 12.6903 12.6613
16.486 16.4637 16.4988 16.5194 16.494 16.4309 16.3927 16.3615 16.3687 16.4141 16.4439 16.448 16.4596 16.4245 16.3984 16.391 16.4142 16.4762 16.4784 16.5015 16.5646 16.6677 16.6749 16.5269 16.4167 16.4405 16.5718 16.6875 16.7885 16.9954 17.0615 16.9177 16.689 16.4429 15.982 15.5531 15.1374 14.7269 14.3364 13.9667 13.5037 13.016 12.5367 12.5626 12.6276 12.7496 12.7655 12.6317 12.6 12.6437 12.8745 12.7277 12.3333 12.0646 11.8771 11.8122 11.7846 11.9018 12.0081 12.0732 12.1902 12.2273 12.2257 12.2237 12.276 12.2906 12.2333 12.2128 12.1535 11.9271 11.8676 11.8047 11.7506 11.7452 11.7578 11.8552 11.8541 11.8186
17.0208 16.9595 16.8971 16.8787 16.8724 16.8324 16.7745 16.7248 16.7104 16.7361 16.7787 16.7831 16.7852 16.7559 16.7044 16.7167 16.7496 16.8336 16.9428 17.0408 17.1754 17.3146 17.3968 17.3726 17.3155 17.352 17.4717 17.5894 17.5268 17.39 17.2156 16.9608 16.7115 16.403 16.059 15.6918 15.296 14.8719 14.4197 13.9399 13.4944 12.9749 12.4759 11.9735 11.4386 12.1006 12.2408 11.8231 11.0431 10.6732 10.6202 10.5746 10.5407 10.493 10.4368 10.3446 10.2734 10.2598 10.5209 10.5813 10.4432 10.3864 10.2116 10.0925 10.1116 10.9879 11.0128 10.7898 11.0824 10.8776 10.5194 10.5151 10.306 10.2194 10.1788 10.2697 10.3325 10.3955
17.1854 17.1019 17.0264 17.0412 17.0707 17.0438 17.0071 16.9594 16.9534 16.9814 16.9555 16.9509 16.9139 16.8821 16.86 16.8524 16.9142 17.0305 17.182 17.33 17.4828 17.6299 17.7404 17.7717 17.8005 17.7896 17.7073 17.5898 17.4385 17.255 17.0188 16.8967 16.5146 16.2065 16.0171 15.6506 15.2666 14.8566 14.4125 13.9387 13.4933 12.9741 12.4749 11.9694 11.434 10.9196 10.3906 9.90798 10.0051 10.0902 10.2176 10.2258 10.1654 10.0801 9.97696 9.86546 9.86784 9.89374 9.9208 9.99427 10.0034 10.1499 9.82524 9.45785 9.31927 9.32147 9.43404 9.56826 9.62022 9.5454 9.68586 9.76162 9.8195 9.883 9.95398 10.0274 10.1296 10.1847
17.1024 16.9838 16.9035 16.9345 16.957 16.957 16.9143 16.8705 16.8699 16.8681 16.8671 16.854 16.8601 16.8151 16.8208 16.8465 16.8837 16.9853 17.1137 17.2341 17.331 17.4077 17.656 17.7823 17.807 17.7678 17.6145 17.4413 17.2089 16.978 16.6517 16.3635 16.0333 15.6139 15.1602 14.6357 14.0367 13.391 12.6983 13.6159 13.0187 12.3186 11.5869 10.8397 10.1845 9.71243 9.71618 9.74016 9.75655 9.80173 9.91904 10.0164 10.0909 10.1525 10.1628 10.1227 10.1106 10.1025 10.0818 10.0662 10.0535 10.0567 10.0905 10.12 10.1149 10.0986 10.0878 10.1796 10.2492 10.1615 10.1617 10.1511 10.1751 10.1799 10.1997 10.2334 10.2617 10.2887
16.7926 16.7239 16.6822 16.7109 16.7521 16.7275 16.6411 16.6089 16.6312 16.6308 16.6149 16.6265 16.6255 16.5673 16.5335 16.5384 16.5467 16.5894 16.6301 16.6933 16.7345 16.8387 16.8448 16.8278 16.6747 16.5436 16.2477 16.0199 16.2287 15.7995 15.3306 15.3522 14.8336 15.1155 14.4877 13.7495 12.9845 12.1535 11.2844 10.3889 9.66867 9.68319 9.68639 9.65978 9.65664 9.65391 9.6752 9.69308 9.71813 9.78948 9.88667 9.98146 10.0977 10.2033 10.2499 10.2545 10.2355 10.2095 10.1906 10.1939 10.2151 10.2432 10.2862 10.3076 10.3458 10.358 10.3949 10.4577 10.5449 10.5399 10.5093 10.5041 10.4597 10.4289 10.3886 10.3595 10.3553 10.3771
16.5229 16.4457 16.4197 16.4264 16.4321 16.4124 16.3659 16.3029 16.2336 16.2142 16.2394 16.2461 16.2992 16.3252 16.2456 16.2843 16.4578 16.4494 16.3723 16.2598 16.0091 15.7497 15.4653 16.4687 16.2462 15.8047 15.2947 15.5635 15.1789 14.5769 13.8846 13.1566 12.3547 11.4141 11.1442 11.286 11.2028 11.2084 11.6462 11.9217 11.4418 10.5606 10.1706 10.076 11.5326 10.2434 9.76595 9.79662 9.84089 9.84927 9.81345 9.77762 9.75304 9.82303 9.83727 9.80824 9.77965 9.75923 9.82346 9.84355 9.87418 9.9427 10.053 10.1801 10.2228 10.2257 10.2239 10.1883 10.2822 10.3039 10.3083 10.3272 10.2146 10.107 10.0348 10.0573 10.0823 10.1013
16.1509 16.093 16.1123 16.1766 16.3199 16.2683 16.1486 16.3598 16.2724 16.1487 15.942 16.2609 16.0989 15.8063 15.454 14.9721 14.393 15.2883 15.0722 14.5964 14.0785 13.4286 12.5529 12.0135 13.0731 12.2333 12.1482 12.2188 12.2126 12.1056 12.027 12 12.0097 11.9716 11.9347 11.9179 11.9967 12.125 12.2188 12.2305 12.1781 12.1301 12.9283 12.9799 12.0259 11.2011 10.7442 10.3724 10.2572 10.1639 10.0447 9.73448 9.72422 9.83105 9.7932 9.81488 9.50932 9.56243 9.61895 9.70965 9.82538 9.85511 10.1852 9.85127 9.93254 9.93606 9.8683 9.74116 9.67888 9.66033 9.7577 9.78581 9.85072 9.88451 9.87129 9.88454 9.93445 9.99125
15.8711 15.4689 15.9478 15.6093 15.1905 14.6817 15.1939 14.6795 14.0114 13.2527 12.4834 13.9863 13.2503 12.2903 12.2934 12.2948 12.2868 12.3125 12.33 12.3726 12.4009 12.4315 12.4546 12.5079 12.5872 12.6981 12.8007 12.8518 12.8647 12.7967 12.7979 12.8258 12.8966 12.8989 12.7925 12.4938 12.3003 12.3355 12.4669 12.6311 12.737 12.7836 12.7871 12.7153 12.4751 11.7483 11.4372 11.3125 11.318 11.3603 11.4387 11.095 10.9877 11.0128 11.089 10.8337 10.4887 10.3189 10.2659 10.3568 10.4509 10.5434 10.6735 10.4141 10.1583 9.92243 9.86968 9.87817 9.86886 9.77484 9.79142 9.75708 9.77011 9.83337 9.98958 9.95186 9.89742 9.93695
