benchmarks/avaHockeySmoothSmall/release1HS2_null_ref_0.155_pv.asc
ncols         1000
nrows         400
xllcenter     1000
yllcenter     -5000
cellsize      5
NODATA_value  -9999
[rows 175 to 209 of 400, columns 78 to 155 of 1000]
0 0 0 0 0 0 0 0 0 0 0 0 0 0 0 0 0 0 0 0 0 0 0 0 0 0 0 0 0 0 0 0 0 0 0 0 0 0 0 0 0 0 0 0 0 0 0 0 0 0 0 0 0 0 0 0 0 0 0 0 0 0 0 0 0 0 0 0 0 0 0 0 0 0 0 0 0 0
0 0 0 0 0 0 0 0 0 0 0 0 0 0 0 0 0 0 0 0 0 0 0 0 0 0 0 0 0 0 0 0 0 0 0 0 0 0 0 0 0 0 0 0 0 0 0 0 0 0 0 0 0 0 0 0 0 0 0 0 0 0 0 0 0 0 0 0 0 0 0 0 0 0 0 0 0 0
0 0 0 0 0 0 0 0 0 0 0 0 0 0 0 0 0 0 0 0 0 0 0 0 0 0 0 0 0 0 0 0 0 0 0 0 0 0 0 0 0 0 0 0 0 0 0 0 0 0 0 0 0 0 0 0 0 0 0 0 0 0 0 0 0 0 0 0 0 0 0 0 0 0 0 0 0 0
0 0 0 0 0 0 0 0 0 0 0 0 0 0 0 0 0 0 0 0 0 0 0 0 0 0 0 0 0 0 0 0 0 0 0 0 0 0 0 0 0 0 0 0 0 0 0 0 0 0 0 0 0 0 0 0 0 0 0 0 0 0 0 0 0 0 0 0 0 0 0 0 0 0 0 0 0 0
0 0 0 0 0 0 0 0 0 0 0 0 0 0 0 0 0 0 0 0 0 0 0 0 0 0 0 0 0 0 0 0 0 0 0 0 0 0 0 0 0 0 6.36694 6.77075 6.77075 7.98695 7.98695 7.70705 7.27217 6.73198 6.90325 7.16546 7.16546 8.86322 8.86322 8.60468 8.18476 7.66796 7.93623 7.93623 7.91444 7.69278 7.55756 8.82106 8.97717 8.81292 8.48815 8.10631 7.92399 8.17624 8.37583 8.3963 8.3963 8.2484 7.95946 8.29622 8.29622 8.18107
0 0 0 0 0 0 0 0 0 0 0 0 0 0 0 7.47224 9.10864 9.10865 8.79523 8.54999 8.33965 11.7232 12.0629 12.0629 11.7074 11.2854 10.7679 10.1932 10.8871 11.2334 11.3986 11.3986 11.3605 11.2312 11.4455 11.4455 11.1468 10.7728 10.8946 10.7842 10.6605 10.5741 10.8154 11.0265 11.0562 10.9886 10.938 11.4747 10.9166 10.7197 10.7579 10.9316 11.0717 11.0717 11.0233 11.0297 11.7005 11.7005 11.7243 11.9815 12.0413 12.0413 11.9697 11.7402 12.3734 12.3957 12.3012 12.2235 11.9581 11.5622 11.1461 10.7161 10.2853 9.90468 9.57488 11.3815 11.745 11.7679
12.512 12.5343 12.5343 12.4024 12.2757 12.4241 12.8952 12.7683 12.7436 12.8351 12.8165 12.8345 12.8372 12.8739 12.8785 12.8338 12.6866 13.2447 13.2846 13.2317 13.0884 12.8771 13.3109 13.0245 12.6838 12.4967 12.5887 12.1291 12.3917 12.4416 12.3465 13.127 12.8924 12.5803 12.0951 11.8295 11.8211 11.7014 11.585 11.8554 12.206 12.5297 12.6786 12.6943 12.5645 12.4451 12.4195 12.451 12.4103 12.9232 12.9232 12.7767 12.9761 12.8205 12.6151 12.3656 12.2393 12.64 12.8748 13.1251 12.9815 12.7794 12.6923 12.6622 13.138 13.4828 13.586 13.5805 13.5511 13.4878 13.4541 13.4482 13.3324 13.2505 13.4814 13.5777 13.5797 13.5292
13.6569 13.7187 13.7064 13.681 13.6237 13.555 13.4894 13.3995 13.2902 13.2777 13.2772 13.3062 13.3461 13.4026 13.6147 13.7106 13.7793 13.7712 13.7308 13.6485 13.5742 13.5578 13.573 13.4967 13.3963 13.3455 13.4132 13.445 13.5464 13.7085 13.7087 13.4694 13.3009 13.2755 13.295 13.285 13.1904 13.5215 13.493 13.6739 13.7111 13.6842 13.6331 13.5683 13.6212 13.6065 13.61 13.7235 13.7417 13.7664 13.7929 13.9846 13.9798 13.9725 14.0176 14.9174 15.1048 15.0854 15.1871 15.2253 15.1196 14.8968 14.9091 14.8613 14.723 14.8909 14.5949 14.5497 14.5791 14.5124 14.5401 14.6362 14.6451 14.5506 14.6099 14.7116 14.7299 14.7287
14.7224 14.7525 14.7157 14.6933 14.6387 14.6269 14.6921 14.7632 14.8187 14.8649 14.9327 14.9543 14.9368 14.9068 14.825 14.722 14.7232 14.8197 14.8662 14.9058 15.0643 14.9587 14.9125 14.9222 14.897 14.9462 14.9969 14.9846 14.9608 14.9033 14.8753 14.8729 14.9146 14.9567 14.9495 14.9577 14.988 15.0049 14.9885 15.0515 15.0674 15.287 15.2798 15.1611 15.2062 15.24 15.2959 15.3038 15.2862 15.2831 15.2315 15.2279 15.398 15.4696 15.5361 15.6056 15.7366 15.7916 15.7605 15.7689 15.743 15.837 15.9007 15.9395 15.9624 16.0669 16.25 16.2135 16.058 16.0163 16.4748 16.4748 16.2311 16.2411 16.2202 16.2593 16.2255 16.1761
16.1104 16.1098 16.1134 16.1207 16.1121 16.1268 16.1542 16.1938 16.2406 16.2659 16.3127 16.339 16.4024 16.3669 16.3603 16.3339 16.3522 16.333 16.3384 16.344 16.3735 16.4148 16.427 16.4251 16.4188 16.43 16.4805 16.4772 16.4752 16.4613 16.4746 16.4462 16.4128 16.3857 16.43 16.4389 16.481 16.5032 16.5335 16.6529 16.7159 16.7602 16.7706 16.7678 16.7929 16.7939 16.768 16.7547 16.8162 16.8664 16.8593 16.8307 16.8808 16.9741 17.0477 17.1392 17.2048 17.2412 17.2884 17.3099 17.3898 17.4373 17.4765 17.4941 17.4889 17.492 17.466 17.4442 17.4437 17.4617 17.442 18.3233 18.3036 18.2976 18.0312 17.8111 17.7622 17.4659
17.3942 17.4071 17.425 17.4636 17.4738 17.4747 17.4861 17.4933 17.5127 17.5069 17.4843 17.4789 17.4654 17.4921 17.5267 17.5468 17.5675 17.5772 17.5969 17.622 17.6914 17.7207 17.7581 17.7829 17.7715 17.7853 17.822 17.8567 17.8601 17.8565 17.8538 17.8507 17.8416 17.8306 17.8326 17.8556 17.8627 17.8614 17.8936 17.9548 18.0214 18.0861 18.097 18.1213 18.1237 18.138 18.1617 18.239 18.3023 18.34 18.3648 18.3888 18.4161 18.4397 18.4679 18.5317 18.5525 18.5781 18.6094 18.6357 18.6627 18.6901 18.7142 18.7459 18.7298 18.734 18.7684 18.8102 18.8415 18.8142 18.7809 18.7527 18.7935 18.8433 18.8919 18.9306 19.4325 19.6228
18.5243 18.5364 18.5451 18.5501 18.5673 18.576 18.5829 18.6113 18.641 18.6426 18.6354 18.6566 18.672 18.7002 18.716 18.722 18.7468 18.7635 18.7796 18.8008 18.8358 18.8563 18.8489 18.8468 18.8344 18.8279 18.8253 18.8324 18.836 18.847 18.8512 18.8589 18.9029 18.9688 19.0098 19.0217 19.0137 19.0446 19.0716 19.1218 19.1511 19.1659 19.2081 19.2351 19.2454 19.2699 19.2905 19.3262 19.3556 19.4071 19.458 19.51 19.5786 19.6158 19.6636 19.7128 19.7353 19.7555 19.7758 19.8025 19.8443 19.8455 19.8419 19.8597 19.8703 19.9292 19.9902 20.0415 20.081 20.1277 20.1671 20.1927 20.2439 20.2851 20.3166 20.3176 20.3293 20.3554
19.4515 19.4638 19.4712 19.4791 19.4726 19.4875 19.4939 19.5096 19.5204 19.5271 19.5368 19.5472 19.5509 19.5633 19.5722 19.5978 19.6205 19.6295 19.6447 19.6553 19.6655 19.684 19.6986 19.7204 19.7241 19.7319 19.7368 19.7705 19.8093 19.8245 19.8471 19.8701 19.8889 19.9 19.9065 19.9109 19.9234 19.9502 19.9881 20.0214 20.0621 20.0851 20.1307 20.179 20.2113 20.2481 20.2808 20.2958 20.337 20.3742 20.4277 20.4678 20.5127 20.5718 20.6118 20.6427 20.7086 20.7553 20.8229 20.8514 20.8971 20.9453 20.9885 21.0382 21.0872 21.1014 21.1393 21.179 21.204 21.2472 21.289 21.3356 21.3891 21.45 21.494 21.5369 21.5865 21.6152
20.1797 20.1892 20.1857 20.1929 20.1958 20.2006 20.2253 20.2473 20.2779 20.3071 20.3281 20.3551 20.3763 20.3944 20.4177 20.4315 20.4464 20.4456 20.4513 20.4754 20.4838 20.4919 20.5051 20.4982 20.5007 20.4954 20.506 20.5276 20.553 20.5681 20.5837 20.6034 20.6335 20.6624 20.6803 20.7157 20.753 20.7802 20.8055 20.8457 20.8921 20.925 20.9736 21.0266 21.0718 21.1248 21.1776 21.2119 21.2555 21.3133 21.3792 21.4229 21.4543 21.4846 21.5183 21.5522 21.5907 21.6411 21.6863 21.7448 21.8028 21.875 21.9545 22.0282 22.0831 22.1242 22.1595 22.2108 22.2366 22.2879 22.326 22.3774 22.4517 22.4979 22.549 22.6135 22.6714 22.7172
20.7484 20.7539 20.7507 20.8017 20.8444 20.8831 20.9129 20.9464 20.9718 20.9923 21.0181 21.0378 21.0621 21.0859 21.1138 21.1412 21.164 21.1916 21.2107 21.225 21.2434 21.2523 21.2601 21.2751 21.3003 21.3275 21.3553 21.3704 21.3933 21.4102 21.4374 21.4609 21.492 21.519 21.5582 21.5845 21.6109 21.651 21.686 21.7273 21.756 21.7869 21.8346 21.8682 21.9002 21.9265 21.96 21.9986 22.0273 22.0638 22.1029 22.1427 22.1783 22.2269 22.2616 22.301 22.3443 22.387 22.4395 22.4941 22.5639 22.6351 22.7118 22.7833 22.8496 22.9386 23.0103 23.0875 23.1596 23.2049 23.2543 23.3076 23.3758 23.4574 23.5311 23.6102 23.6577 23.7102
21.2895 21.288 21.294 21.2958 21.3253 21.3693 21.411 21.446 21.4814 21.5063 21.5388 21.5704 21.6004 21.6275 21.6566 21.6934 21.7293 21.7548 21.7815 21.8133 21.836 21.8612 21.8806 21.9025 21.9212 21.94 21.9653 22.0051 22.0387 22.0643 22.0885 22.1202 22.1544 22.1937 22.2373 22.2693 22.3015 22.3429 22.3782 22.4153 22.4415 22.47 22.4895 22.5245 22.5642 22.5998 22.6444 22.6988 22.7426 22.7897 22.8408 22.8945 22.9453 23.0008 23.0449 23.0812 23.1124 23.1558 23.1926 23.2484 23.3125 23.3759 23.4463 23.522 23.5868 23.6646 23.7504 23.8242 23.8898 23.9565 24.0264 24.0938 24.1624 24.2379 24.3212 24.3844 24.4657 24.5225
21.8466 21.8544 21.8698 21.878 21.8917 21.8973 21.9029 21.9167 21.9235 21.9218 21.9625 21.9981 22.0382 22.0804 22.1139 22.1604 22.196 22.235 22.2717 22.321 22.3483 22.378 22.4096 22.4422 22.4702 22.4963 22.5123 22.5485 22.5748 22.6063 22.6397 22.6709 22.7007 22.736 22.782 22.8169 22.8564 22.891 22.9292 22.9681 23.028 23.0732 23.1233 23.1644 23.2046 23.2531 23.2992 23.3474 23.405 23.4713 23.5327 23.5907 23.6452 23.6947 23.7334 23.7838 23.8306 23.8737 23.9219 23.9675 24.0147 24.0513 24.1033 24.1822 24.2658 24.3404 24.416 24.4817 24.5463 24.6061 24.6775 24.757 24.8253 24.8958 24.9693 25.0299 25.0881 25.1568
22.3145 22.3315 22.3446 22.374 22.391 22.4089 22.4223 22.4389 22.4574 22.4808 22.4958 22.5084 22.5365 22.5503 22.5723 22.5891 22.6022 22.6247 22.6569 22.6926 22.7262 22.7544 22.802 22.8406 22.8794 22.9162 22.952 22.9836 23.0246 23.0738 23.1041 23.1424 23.1701 23.2073 23.2542 23.293 23.3442 23.3894 23.4323 23.4739 23.5327 23.5808 23.6378 23.6862 23.7411 23.7969 23.8475 23.8928 23.9469 24.0043 24.063 24.1194 24.1782 24.2271 24.2829 24.3303 24.3828 24.4395 24.5025 24.5489 24.6116 24.6506 24.693 24.732 24.7825 24.8494 24.9475 25.0172 25.0956 25.1648 25.222 25.282 25.3271 25.3882 25.4533 25.5188 25.5829 25.6422
22.7397 22.777 22.8015 22.8297 22.8598 22.8848 22.9172 22.9373 22.9552 22.9853 23.0078 23.0389 23.0642 23.0836 23.1021 23.1306 23.1563 23.192 23.2153 23.2452 23.2601 23.2942 23.3296 23.3535 23.381 23.4015 23.4295 23.4772 23.5012 23.5428 23.5523 23.5837 23.6086 23.654 23.6838 23.7117 23.7645 23.82 23.8704 23.9129 23.9737 24.0277 24.0768 24.1362 24.1866 24.2436 24.3022 24.3595 24.4134 24.4773 24.5386 24.5986 24.6547 24.7118 24.7647 24.8233 24.8769 24.928 24.9927 25.0596 25.1224 25.1859 25.2305 25.2821 25.3271 25.3746 25.4208 25.4765 25.5307 25.5934 25.6499 25.7061 25.7526 25.7979 25.8403 25.8823 25.9475 26.0075
23.0345 23.0735 23.1122 23.1486 23.1827 23.2162 23.2562 23.2987 23.3326 23.3703 23.4027 23.4332 23.4759 23.5085 23.5517 23.5786 23.6076 23.6356 23.6715 23.7159 23.7466 23.7867 23.8074 23.8414 23.8786 23.9182 23.9435 23.9661 23.988 24.019 24.0565 24.0902 24.1219 24.149 24.1756 24.2048 24.2515 24.2892 24.3259 24.3555 24.3941 24.4187 24.4567 24.498 24.5504 24.5935 24.6482 24.7173 24.7818 24.844 24.9065 24.9652 25.0238 25.0808 25.1366 25.1912 25.2633 25.3273 25.3943 25.4589 25.5185 25.5728 25.6239 25.6782 25.7255 25.7743 25.8232 25.8782 25.9275 25.9942 26.0536 26.1178 26.1716 26.233 26.2867 26.3457 26.3931 26.4434
23.2593 23.3045 23.3521 23.3928 23.4352 23.4775 23.5163 23.564 23.6057 23.6532 23.6971 23.7409 23.7819 23.8154 23.8654 23.9113 23.9498 23.9852 24.0116 24.0468 24.0874 24.1186 24.1499 24.1749 24.1951 24.2291 24.2698 24.3035 24.3344 24.3614 24.3864 24.4187 24.4669 24.507 24.5455 24.5831 24.6058 24.6368 24.6809 24.7335 24.7688 24.8087 24.8418 24.8662 24.9142 24.9615 25.0088 25.048 25.0851 25.1191 25.1762 25.2429 25.3093 25.3795 25.4489 25.5135 25.579 25.6407 25.7011 25.7559 25.8082 25.8601 25.9068 25.9583 26.0139 26.0783 26.1355 26.1989 26.2632 26.3249 26.3862 26.443 26.499 26.5596 26.6131 26.6681 26.7237 26.7787
23.4274 23.4793 23.5276 23.5772 23.6217 23.665 23.7088 23.7459 23.7985 23.8417 23.8848 23.9222 23.9598 23.9903 24.0346 24.0802 24.119 24.1625 24.1923 24.221 24.2597 24.3044 24.3439 24.3816 24.4129 24.4371 24.4752 24.5222 24.566 24.5995 24.6299 24.6582 24.6933 24.7388 24.7782 24.8139 24.847 24.8682 24.8989 24.9443 24.9952 25.0287 25.0695 25.0927 25.1209 25.1701 25.2208 25.2636 25.302 25.3287 25.3894 25.4537 25.5168 25.5781 25.6381 25.6959 25.7504 25.8162 25.8825 25.9465 26.0137 26.0766 26.1423 26.2069 26.2706 26.3316 26.3942 26.4553 26.5189 26.5811 26.6406 26.6967 26.7534 26.8087 26.8665 26.9111 26.9594 26.9987
23.5142 23.568 23.6199 23.6723 23.7176 23.7626 23.8055 23.8527 23.9061 23.9471 23.9917 24.0302 24.0683 24.1045 24.1516 24.2025 24.2394 24.283 24.3182 24.3483 24.3899 24.4389 24.4831 24.5235 24.5556 24.585 24.6181 24.6651 24.7091 24.744 24.775 24.7918 24.8345 24.8738 24.9138 24.9497 24.9738 24.9951 25.0276 25.0698 25.1085 25.1422 25.1679 25.1901 25.2296 25.2713 25.3102 25.3437 25.3713 25.4302 25.4973 25.5694 25.6351 25.7041 25.7717 25.8338 25.8962 25.9585 26.0232 26.0819 26.1455 26.2101 26.2717 26.3314 26.3933 26.4512 26.5099 26.5756 26.644 26.7119 26.7809 26.8494 26.9163 26.9814 27.0432 27.1028 27.1591 27.2188
23.5236 23.5769 23.6292 23.6767 23.7229 23.7672 23.8197 23.8724 23.9258 23.9739 24.0241 24.0661 24.1041 24.1559 24.2082 24.2594 24.3014 24.3372 24.3708 24.4086 24.4581 24.5029 24.5417 24.5798 24.6089 24.6395 24.6878 24.731 24.7705 24.7955 24.8197 24.8465 24.8925 24.93 24.9694 24.9881 25.0069 25.0393 25.0765 25.11 25.138 25.1578 25.1694 25.2163 25.2525 25.2819 25.3074 25.3319 25.3994 25.465 25.5267 25.5927 25.6646 25.7338 25.8005 25.8709 25.939 26.0032 26.0693 26.1334 26.1988 26.2646 26.3323 26.3972 26.4595 26.5278 26.5927 26.6612 26.7284 26.796 26.8645 26.9308 26.9958 27.0608 27.1233 27.1752 27.2306 27.2817
23.5159 23.5587 23.6084 23.653 23.7027 23.76 23.8101 23.8647 23.9164 23.9601 24.0084 24.0465 24.1071 24.1518 24.2001 24.2378 24.2711 24.3029 24.3518 24.3992 24.4432 24.4803 24.5208 24.5469 24.59 24.6373 24.6755 24.7131 24.7379 24.7593 24.7956 24.8384 24.8675 24.8957 24.9151 24.9355 24.976 25.0065 25.0383 25.0472 25.0674 25.0935 25.1306 25.1623 25.1778 25.1896 25.2 25.2595 25.3247 25.3968 25.46 25.5299 25.5945 25.6635 25.7279 25.7943 25.8617 25.9285 25.9987 26.0721 26.1435 26.2163 26.2917 26.3629 26.4378 26.5099 26.5831 26.6599 26.7315 26.804 26.8679 26.9362 27.0037 27.0688 27.1352 27.1965 27.2575 27.317
23.431 23.4785 23.5289 23.5738 23.6209 23.6707 23.7171 23.7649 23.8077 23.8573 23.909 23.956 24.0038 24.0452 24.0862 24.1231 24.1693 24.2172 24.2655 24.3032 24.3434 24.3679 24.4148 24.4574 24.4997 24.534 24.565 24.5836 24.629 24.667 24.6978 24.7201 24.7367 24.7589 24.7988 24.8254 24.8513 24.8591 24.8823 24.9133 24.9461 24.9827 25.0244 25.0592 25.1101 25.1696 25.2227 25.2655 25.3069 25.3448 25.3749 25.4336 25.4859 25.5385 25.5892 25.6324 25.6987 25.7709 25.8464 25.9144 25.9863 26.0585 26.1302 26.1994 26.2739 26.3518 26.4316 26.5139 26.5934 26.6693 26.7449 26.8112 26.8835 26.9522 27.0175 27.092 27.1568 27.2186
23.3355 23.3882 23.4392 23.4821 23.5268 23.5671 23.617 23.66 23.7068 23.7452 23.784 23.8198 23.8529 23.8985 23.9407 23.9899 24.0259 24.0709 24.1017 24.1399 24.1857 24.228 24.2683 24.2959 24.3173 24.3562 24.4003 24.4288 24.457 24.4738 24.525 24.577 24.6301 24.6787 24.7243 24.7658 24.8174 24.8758 24.9329 24.9812 25.0287 25.0705 25.1067 25.157 25.2149 25.2661 25.3114 25.3523 25.3871 25.4211 25.4755 25.5275 25.5762 25.6212 25.6673 25.7074 25.7378 25.7907 25.8486 25.8978 25.9485 25.992 26.0301 26.0627 26.0993 26.1597 26.2339 26.3124 26.3949 26.4802 26.5599 26.6325 26.7077 26.7788 26.8463 26.9207 26.9919 27.0552
23.2062 23.249 23.2865 23.3318 23.3722 23.416 23.4502 23.4859 23.5165 23.5555 23.5988 23.6364 23.6786 23.7141 23.75 23.7819 23.8225 23.8641 23.8983 23.9423 23.9877 24.0444 24.1051 24.1605 24.2145 24.2626 24.3107 24.3512 24.4114 24.4665 24.5186 24.5682 24.6135 24.6567 24.6993 24.7577 24.8156 24.8671 24.9176 24.9574 24.9939 25.0433 25.1019 25.1565 25.2008 25.2429 25.2817 25.3163 25.3691 25.4347 25.4831 25.5353 25.578 25.6158 25.6535 25.7067 25.7562 25.813 25.8544 25.8874 25.9252 25.9594 25.9991 26.0453 26.0865 26.12 26.137 26.1497 26.1598 26.2289 26.3106 26.39 26.4615 26.5308 26.5951 26.6609 26.7257 26.7849
23.0109 23.0447 23.0799 23.1126 23.1463 23.1807 23.2194 23.2545 23.2878 23.3165 23.3464 23.3974 23.4487 23.503 23.5604 23.612 23.6672 23.7185 23.766 23.8183 23.876 23.9309 23.9847 24.0358 24.0842 24.1256 24.1855 24.2417 24.2992 24.3471 24.3903 24.4341 24.483 24.5458 24.5998 24.6523 24.6971 24.7348 24.7724 24.832 24.8889 24.9413 24.9934 25.0312 25.0651 25.115 25.1771 25.2377 25.2903 25.3447 25.3906 25.4293 25.4835 25.5433 25.5961 25.6389 25.6748 25.7055 25.7339 25.7801 25.8309 25.8713 25.9093 25.9322 25.9493 25.9648 25.9979 26.0268 26.0521 26.0767 26.0989 26.1107 26.1254 26.1933 26.2517 26.3116 26.3607 26.4144
22.8118 22.8425 22.8638 22.8823 22.9011 22.9467 22.9964 23.0441 23.0938 23.1358 23.1856 23.2363 23.2929 23.3467 23.401 23.4551 23.4996 23.5479 23.6016 23.6584 23.7134 23.7618 23.8089 23.8558 23.9145 23.9699 24.0203 24.0694 24.1142 24.1553 24.2143 24.2779 24.3281 24.3833 24.4244 24.4574 24.5139 24.5669 24.6184 24.6616 24.6984 24.7415 24.7943 24.8507 24.8967 24.943 24.9906 25.0324 25.0849 25.152 25.2046 25.2552 25.2999 25.3321 25.3658 25.417 25.4716 25.5095 25.5423 25.5759 25.5903 25.623 25.6643 25.6931 25.7208 25.7473 25.762 25.7693 25.7967 25.8324 25.8587 25.882 25.9082 25.9318 25.9606 25.9856 26.0288 26.064
22.529 22.5649 22.6109 22.6593 22.7022 22.7495 22.7891 22.8343 22.8833 22.923 22.9731 23.025 23.072 23.115 23.1557 23.1973 23.2527 23.3041 23.3551 23.4086 23.4534 23.5 23.5575 23.6117 23.6615 23.7005 23.7449 23.8009 23.8539 23.9095 23.9543 24.0021 24.0464 24.1128 24.166 24.2209 24.2626 24.2975 24.3462 24.3984 24.443 24.4898 24.5294 24.5642 24.6218 24.6761 24.7265 24.7685 24.807 24.8422 24.8934 24.9542 24.9982 25.0463 25.0785 25.1108 25.1581 25.2015 25.2371 25.262 25.2856 25.2985 25.331 25.3638 25.3929 25.4227 25.4365 25.445 25.4604 25.495 25.5347 25.5676 25.5987 25.6354 25.6623 25.6884 25.7239 25.7672
22.2861 22.3421 22.3896 22.4281 22.4747 22.5192 22.5626 22.6026 22.6455 22.6818 22.7292 22.7678 22.8046 22.849 22.8894 22.9374 22.9865 23.0239 23.0616 23.1192 23.1613 23.2033 23.2389 23.2704 23.3186 23.3648 23.4143 23.4573 23.4925 23.5535 23.6 23.6483 23.6816 23.7197 23.7801 23.8306 23.8823 23.9206 23.9543 24.0132 24.066 24.1187 24.1579 24.2021 24.2378 24.2934 24.3374 24.3751 24.4059 24.4383 24.4821 24.5301 24.5664 24.5953 24.6301 24.6655 24.7211 24.7677 24.8119 24.8498 24.8755 24.8989 24.9204 24.9572 24.9785 25.0037 25.0161 25.0264 25.0571 25.0907 25.1212 25.1496 25.1762 25.2232 25.2586 25.2957 25.3381 25.3821
21.9779 22.0161 22.0549 22.0954 22.1335 22.1733 22.2129 22.2463 22.2822 22.3206 22.355 22.3845 22.4317 22.4813 22.5207 22.5641 22.6076 22.6503 22.6925 22.7284 22.7698 22.8162 22.8504 22.8847 22.9145 22.9611 23.0006 23.038 23.0747 23.1129 23.1695 23.2188 23.2553 23.289 23.3252 23.3776 23.4186 23.4563 23.4794 23.54 23.5838 23.6296 23.665 23.6996 23.7328 23.7809 23.8135 23.8441 23.8635 23.9116 23.9507 23.9935 24.0413 24.0752 24.1112 24.1557 24.1955 24.2249 24.2505 24.2767 24.2926 24.3312 24.3622 24.3921 24.4159 24.4333 24.4621 24.513 24.5591 24.5904 24.6282 24.662 24.6904 24.7267 24.7727 24.8125 24.8442 24.8751
21.5665 21.5999 21.6401 21.6782 21.7075 21.7427 21.777 21.8119 21.8315 21.8648 21.9055 21.9273 21.9574 21.9965 22.034 22.0634 22.0979 22.1422 22.1867 22.2251 22.2606 22.3085 22.3377 22.3705 22.4063 22.4261 22.4562 22.4723 22.4967 22.5335 22.5735 22.6093 22.6456 22.6939 22.7317 22.7723 22.7999 22.8453 22.8867 22.9317 22.9653 22.9978 23.0305 23.0705 23.0956 23.1085 23.1338 23.1783 23.218 23.2658 23.3055 23.3592 23.4077 23.4546 23.477 23.4854 23.5003 23.5154 23.566 23.6014 23.6284 23.6508 23.6746 23.7238 23.7691 23.8042 23.8533 23.897 23.9345 23.963 24.0133 24.0494 24.0877 24.1229 24.1491 24.1733 24.1806 24.228
21.058 21.0953 21.1241 21.1485 21.1868 21.2073 21.2346 21.2635 21.2888 21.3114 21.331 21.3505 21.3699 21.4093 21.4347 21.4592 21.4988 21.5295 21.561 21.5907 21.6166 21.6398 21.6615 21.6883 21.7213 21.7572 21.7782 21.8225 21.8586 21.8794 21.8916 21.9253 21.9658 21.9979 22.0168 22.0492 22.0933 22.1121 22.1408 22.1792 22.2139 22.235 22.2584 22.2854 22.3156 22.3526 22.394 22.4295 22.471 22.5176 22.5683 22.6049 22.6398 22.6523 22.6663 22.6763 22.6818 22.7138 22.7482 22.7978 22.8482 22.8805 22.92 22.9525 22.9848 23.0331 23.0604 23.0853 23.1122 23.1465 23.1881 23.2344 23.2651 23.3092 23.3451 23.3566 23.3706 23.4106
