benchmarks/avaHockeySmoothSmall/release1HS2_null_ref_0.155_pv.asc
ncols         1000
nrows         400
xllcenter     1000
yllcenter     -5000
cellsize      5
NODATA_value  -9999
[rows 175 to 209 of 400, columns 0 to 77 of 1000]
0 0 0 0 0 0 0 0 0 0 0 0 0 0 0 0 0 0 0 0 0 0 0 0 0 0 0 0 0 0 0 0 0 0 0 0 0 0 0 0 0 0 0 0 0 0 0 0 0 0 0 0 0 0 0 0 0 0 0 0 0 0 0 0 0 0 0 0 0 0 0 0 0 0 0 0 0 0
0 0 0 0 0 0 0 0 0 0 0 0 0 0 0 0 0 0 0 0 0 0 0 0 0 0 0 0 0 0 0 0 0 0 0 0 0 0 0 0 0 0 0 0 0 0 0 0 0 0 0 0 0 0 0 0 0 0 0 0 0 0 0 0 0 0 0 0 0 0 0 0 0 0 0 0 0 0
0 0 0 0 0 0 0 0 0 0 0 0 0 0 0 0 0 0 0 0 0 0 0 0 0 0 0 0 0 0 0 0 0 0 0 0 0 0 0 0 0 0 0 0 0 0 0 0 0 0 0 0 0 0 0 0 0 0 0 0 0 0 0 0 0 0 0 0 0 0 0 0 0 0 0 0 0 0
0 0 0 0 0 0 0 0 0 0 0 0 0 0 0 0 0 0 0 0 0 0 0 0 0 0 0 0 0 0 0 0 0 0 0 0 0 0 0 0 0 0 0 0 0 0 0 0 0 0 0 0 0 0 0 0 0 0 0 0 0 0 0 0 0 0 0 0 0 0 0 0 0 0 0 0 0 0
0 0 0 0 0 0 0 0 0 0 0 0 0 0 0 0 0 0 0 0 0 0 0 0 0 0 0 0 0 0 0 0 0 0 0 0 0 0 0 0 0 0 0 0 0 0 0 0 0 0 0 0 0 0 0 0 0 0 0 0 0 0 0 0 0 0 0 0 0 0 0 0 0 0 0 0 0 0
0 0 0 0 0 0 0 0 0 0 0 0 0 0 0 0 0 0 0 0 0 0 0 0 0 0 0 0 0 0 0 0 0 0 0 0 0 0 0 0 0 0 0 0 0 0 0 0 0 0 0 0 0 0 0 0 0 0 0 0 0 0 0 0 0 0 0 0 0 0 0 0 0 0 0 0 0 0
0 0 0 0 0 0 0 0 0 0 0 0 0 0 0 0 0 0 0 0 0 0 0 0 0 0 0 0 0 0 0 0 0 0 0 0 0 0 0 0 0 0 0 0 0 0 0 0 0 0 0 0 0 0 0 0 0 0 0 0 0 0 0 8.29877 8.34497 8.71839 8.53366 8.2834 8.00315 12.4054 12.4054 12.0586 11.6528 11.3618 11.938 12.1028 12.1028 11.8555
0 0 0 0 0 0 0 0 0 0 0 0 0 0 0 0 0 0 0 0 0 0 0 0 0 0 0 0 0 0 0 0 0 0 0 0 0 0 0 0 0 0 11.4825 11.5296 11.6472 11.4454 11.0142 11.4576 11.6707 11.6707 13.3173 13.4443 13.3679 13.2924 13.211 13.3362 13.36 13.236 13.587 13.5469 13.5932 13.5413 13.5045 14.5707 14.4558 14.2216 13.8033 13.389 13.3937 13.3937 13.3147 13.235 13.7337 13.6781 13.5691 13.4577 13.4292 13.5497
0 0 0 0 0 0 0 0 0 0 0 0 0 0 0 0 0 0 0 0 0 0 0 0 0 0 0 10.0104 10.0105 11.7859 11.9971 12.0097 12.235 12.4396 12.4811 12.6197 12.6544 13.056 13.1956 13.3345 13.5263 13.597 13.736 13.824 14.2301 14.3284 14.2109 14.0472 14.0495 14.0956 14.2255 14.3419 14.4064 14.4002 14.4114 14.4105 14.3752 14.469 14.5201 14.5897 14.684 14.6945 14.692 14.702 14.6284 14.4945 14.5778 14.5849 14.5642 14.5625 14.5188 14.6091 14.7098 14.7574 14.7487 14.7113 14.6563 14.6519
0 0 0 0 0 0 0 0 0 0 0 0 0 0 0 0 0 0 0 0 5.43159 7.61788 8.32315 8.87686 9.58013 10.1441 10.4885 10.9899 11.5881 11.9918 12.2374 12.6171 12.883 12.9871 13.1251 13.224 13.4354 13.6139 13.7519 13.934 14.0682 14.2894 14.4986 14.6828 14.7806 14.8621 14.8805 14.8688 14.8741 14.9263 15.0332 15.1534 15.2638 15.3516 15.4054 15.4383 15.5217 15.6484 15.7627 15.8309 15.8387 15.8258 15.8503 15.9234 15.9526 15.9377 15.8946 15.9019 15.9182 15.9347 15.9921 16.0538 16.0825 16.0936 16.1088 16.1192 16.1098 16.1034
0 0 0 0 0 0 0 0 0 0 0 0 0 0 0 0 0 0 0 0 5.43159 7.61788 8.32315 9.04426 10.0438 10.8612 11.5136 11.9973 12.3673 12.8658 13.3555 13.719 14.0729 14.4144 14.6346 14.8385 15.0692 15.2347 15.3494 15.4327 15.5348 15.6447 15.8211 15.9105 16.0211 16.1633 16.2632 16.3595 16.4017 16.464 16.5144 16.6215 16.7421 16.8511 16.9287 17.0096 17.1003 17.1689 17.2093 17.2221 17.2397 17.2558 17.2728 17.2778 17.2942 17.326 17.3547 17.4068 17.4094 17.4053 17.3744 17.3684 17.3926 17.3869 17.3927 17.4287 17.4041 17.4122
0 0 0 0 0 0 0 0 0 0 0 0 0 0 0 0 0 0 0 0 5.75435 7.97848 8.85347 9.34573 10.4123 11.3028 12.1016 12.7145 13.2597 13.7382 14.2586 14.6817 15.0074 15.3084 15.5811 15.8417 16.0499 16.2476 16.4179 16.5655 16.6793 16.787 16.9478 17.0737 17.1933 17.3149 17.4132 17.4904 17.5528 17.583 17.6424 17.7711 17.8757 17.9653 18.027 18.0642 18.1272 18.167 18.204 18.2416 18.2825 18.3269 18.3496 18.3622 18.3651 18.3776 18.391 18.391 18.3834 18.387 18.4039 18.4463 18.4769 18.4985 18.5008 18.5132 18.5177 18.5175
0 0 0 0 0 0 0 0 0 0 0 0 0 0 0 0 0 0 0 0 5.75435 7.97848 8.85347 9.64094 10.6773 11.6508 12.4709 13.2213 13.8775 14.4295 14.8856 15.2837 15.6522 15.9565 16.2168 16.458 16.7044 16.9617 17.1658 17.329 17.4642 17.5886 17.7533 17.8931 18.0132 18.122 18.2211 18.3112 18.3852 18.4546 18.4936 18.5396 18.6445 18.7479 18.8418 18.9196 18.9794 19.0219 19.0601 19.1095 19.1494 19.1777 19.1949 19.2161 19.233 19.2554 19.2791 19.3008 19.3137 19.3152 19.3207 19.332 19.3539 19.3701 19.3956 19.4128 19.4192 19.4338
0 0 0 0 0 0 0 0 0 0 0 0 0 0 0 0 0 0 0 0 4.57477 7.43358 9.29032 10.4985 11.2843 11.7756 12.6727 13.4312 14.0564 14.617 15.1005 15.5334 15.9162 16.2772 16.5975 16.8799 17.1395 17.3775 17.6186 17.8463 18.0434 18.2032 18.3393 18.4568 18.5684 18.6775 18.7905 18.9017 18.9955 19.0655 19.1521 19.2419 19.3179 19.3912 19.4694 19.5635 19.6441 19.7142 19.7798 19.8358 19.875 19.8995 19.9188 19.9372 19.9473 19.9486 19.9706 20.0011 20.0306 20.054 20.0728 20.0865 20.097 20.1152 20.1351 20.1499 20.1647 20.1697
0 0 0 0 0 0 0 0 0 0 0 0 0 0 0 0 0 0 0 0 5.7453 8.34034 9.67911 10.609 11.0878 11.9607 12.8604 13.5794 14.2121 14.7722 15.2513 15.7163 16.1245 16.4932 16.8279 17.1274 17.4016 17.6424 17.9034 18.1557 18.3692 18.5515 18.7095 18.8506 18.9817 19.098 19.2403 19.3872 19.515 19.6245 19.7099 19.7719 19.8432 19.935 20.0326 20.107 20.1722 20.2329 20.3052 20.3702 20.4245 20.4742 20.5112 20.5429 20.5701 20.587 20.6043 20.623 20.6298 20.6357 20.6501 20.6652 20.6753 20.681 20.6993 20.7195 20.7317 20.7408
0 0 0 0 0 0 0 0 0 0 0 0 0 0 0 0 0 0 0 0 5.74755 8.34034 9.69217 10.609 11.1651 11.986 12.7991 13.549 14.228 14.8384 15.3797 15.8405 16.2654 16.647 16.9964 17.3201 17.6095 17.8804 18.146 18.3864 18.6112 18.8099 19.0073 19.1789 19.337 19.4734 19.6214 19.7585 19.8819 19.9901 20.0953 20.2071 20.2986 20.3922 20.4989 20.5886 20.667 20.7316 20.798 20.8549 20.9095 20.9687 21.0235 21.0728 21.1162 21.144 21.1719 21.1974 21.2118 21.2239 21.231 21.2359 21.2507 21.2529 21.2638 21.2692 21.2826 21.2897
0 0 0 0 0 0 0 0 0 0 0 0 0 0 0 0 0 0 0 0 5.77088 8.17413 9.84054 10.6605 11.2982 12.029 12.8403 13.5399 14.2594 14.9012 15.4501 15.9357 16.3303 16.7012 17.0423 17.3946 17.7246 18.0161 18.2817 18.5215 18.7515 18.9578 19.1489 19.3154 19.4806 19.6486 19.7918 19.9266 20.059 20.1981 20.3297 20.4619 20.5876 20.6945 20.8005 20.905 21.0006 21.0998 21.1932 21.2754 21.3531 21.415 21.474 21.5237 21.5703 21.6102 21.6432 21.6727 21.7022 21.7264 21.7414 21.7531 21.7671 21.7827 21.8001 21.8092 21.8272 21.8427
0 0 0 0 0 0 0 0 0 0 0 0 0 0 0 0 0 0 0 0 5.80544 8.07553 9.70912 10.6767 11.2017 11.8248 12.6862 13.5556 14.2489 14.892 15.4435 15.9571 16.3983 16.8063 17.1493 17.4636 17.764 18.0509 18.3331 18.5888 18.8202 19.0349 19.237 19.4202 19.5807 19.7583 19.9231 20.0782 20.2265 20.3583 20.4914 20.6283 20.7674 20.9018 21.0327 21.1606 21.2687 21.3692 21.4672 21.5596 21.634 21.6984 21.7601 21.8102 21.8564 21.896 21.9402 21.992 22.038 22.0876 22.1193 22.1549 22.1916 22.2091 22.2244 22.2509 22.2721 22.2911
0 0 0 0 0 0 0 0 0 0 0 0 0 0 0 0 0 0 0 0 5.80795 8.13302 9.71689 10.657 11.2074 11.7847 12.6116 13.454 14.1947 14.8663 15.4646 15.9812 16.4331 16.8469 17.2216 17.5543 17.8583 18.1686 18.4517 18.6899 18.9014 19.0883 19.2695 19.4471 19.5978 19.7688 19.9603 20.1507 20.329 20.4934 20.6756 20.8422 20.9936 21.1319 21.2574 21.3716 21.4791 21.5724 21.6686 21.7639 21.8523 21.9321 22.0156 22.0941 22.1593 22.2113 22.2734 22.3207 22.3635 22.4098 22.4563 22.4909 22.5336 22.571 22.603 22.6342 22.6726 22.701
0 0 0 0 0 0 0 0 0 0 0 0 0 0 0 0 0 0 0 0 5.9649 8.0901 9.34959 10.2773 10.8636 11.824 12.6435 13.4434 14.1526 14.8198 15.4395 15.9447 16.4138 16.8551 17.2397 17.5789 17.8807 18.1751 18.4666 18.7227 18.9441 19.1326 19.3041 19.4642 19.6143 19.825 20.0341 20.2252 20.4083 20.5967 20.7717 20.9318 21.0781 21.2121 21.3478 21.4732 21.5921 21.7044 21.8088 21.9108 22.0026 22.0856 22.1722 22.2536 22.3311 22.4033 22.4664 22.5349 22.5886 22.6394 22.6906 22.741 22.7867 22.8327 22.8757 22.9126 22.9528 22.994
0 0 0 0 0 0 0 0 0 0 0 0 0 0 0 0 0 0 0 0 5.9649 8.0901 9.33397 9.86989 10.7996 11.8015 12.7151 13.5152 14.2019 14.8327 15.4049 15.9154 16.4147 16.8555 17.2501 17.5955 17.9002 18.1772 18.45 18.7064 18.9239 19.1154 19.2925 19.4629 19.6292 19.8527 20.0883 20.3024 20.496 20.6732 20.8353 20.9901 21.1413 21.2896 21.4268 21.5615 21.6928 21.8183 21.936 22.0497 22.1514 22.2456 22.3299 22.4049 22.4805 22.5467 22.6162 22.6838 22.7458 22.8077 22.8634 22.9196 22.9701 23.0206 23.0729 23.1193 23.1651 23.209
0 0 0 0 0 0 0 0 0 0 0 0 0 0 0 0 0 0 0 0 5.76849 8.32608 9.69955 10.6416 11.1112 11.8983 12.7552 13.5424 14.2272 14.8208 15.3832 15.8961 16.3727 16.8157 17.2248 17.5932 17.9309 18.2238 18.4913 18.7491 18.9773 19.178 19.3578 19.5216 19.6781 19.8249 20.064 20.2924 20.4991 20.6964 20.8814 21.057 21.2257 21.3878 21.5408 21.6784 21.8099 21.9326 22.0455 22.1478 22.2452 22.3414 22.434 22.5228 22.6066 22.6797 22.7526 22.8217 22.8889 22.9513 23.011 23.0707 23.1225 23.1799 23.2326 23.279 23.3297 23.3735
0 0 0 0 0 0 0 0 0 0 0 0 0 0 0 0 0 0 0 0 5.75541 8.13124 9.74017 10.6809 11.1582 11.9548 12.7209 13.4603 14.1434 14.8065 15.3702 15.8651 16.3328 16.7843 17.1958 17.5698 17.9015 18.2159 18.4969 18.7515 18.9842 19.1904 19.3743 19.5419 19.7001 19.8701 20.1171 20.3488 20.5583 20.7562 20.9355 21.1114 21.2739 21.4272 21.5729 21.7118 21.8355 21.9565 22.073 22.1776 22.2773 22.3693 22.4658 22.5471 22.6378 22.7229 22.8009 22.8764 22.9505 23.0181 23.0819 23.138 23.1927 23.2462 23.3039 23.3525 23.4089 23.4575
0 0 0 0 0 0 0 0 0 0 0 0 0 0 0 0 0 0 0 0 5.75541 8.16464 9.74017 10.6809 11.4144 11.9772 12.8204 13.5199 14.1536 14.7721 15.3407 15.8614 16.3215 16.7331 17.1203 17.4823 17.8395 18.1613 18.446 18.7114 18.9589 19.1805 19.3813 19.5636 19.7293 19.8947 20.1342 20.3523 20.5575 20.7557 20.9471 21.1218 21.2821 21.4339 21.5771 21.7066 21.8271 21.9404 22.057 22.1642 22.2649 22.3611 22.4516 22.5278 22.6032 22.6764 22.7475 22.8287 22.9002 22.977 23.0445 23.1094 23.1721 23.2331 23.2916 23.3484 23.406 23.4629
0 0 0 0 0 0 0 0 0 0 0 0 0 0 0 0 0 0 0 0 6.11366 8.47851 9.833 10.8238 11.3164 12.0149 12.8138 13.4836 14.1293 14.7617 15.2999 15.8119 16.271 16.6792 17.0517 17.4103 17.7812 18.1189 18.4173 18.6795 18.9177 19.1375 19.3439 19.5363 19.7097 19.9261 20.1596 20.3886 20.6021 20.8046 20.9858 21.1501 21.3054 21.4539 21.5958 21.7233 21.8432 21.9545 22.0659 22.1731 22.2686 22.3625 22.4462 22.5309 22.6124 22.6918 22.7674 22.8408 22.9094 22.9742 23.046 23.1046 23.1669 23.2298 23.2828 23.3477 23.4062 23.4593
0 0 0 0 0 0 0 0 0 0 0 0 0 0 0 0 0 0 0 0 6.09429 8.45011 9.79974 10.7894 11.2701 12.0456 12.8311 13.4772 14.0814 14.7084 15.3008 15.7937 16.2402 16.6297 17.0143 17.3906 17.7363 18.0551 18.3577 18.6367 18.87 19.095 19.3006 19.4919 19.7191 19.9463 20.1624 20.3567 20.5646 20.7622 20.946 21.103 21.2492 21.3881 21.5291 21.6688 21.7975 21.9072 22.0164 22.1242 22.2271 22.3292 22.4222 22.5156 22.5985 22.673 22.7456 22.8091 22.8756 22.936 23.0034 23.0623 23.1264 23.1857 23.2354 23.2935 23.3358 23.3821
0 0 0 0 0 0 0 0 0 0 0 0 0 0 0 0 0 0 0 0 6.07599 8.42289 9.81743 10.757 11.2742 11.9833 12.7416 13.4425 14.1405 14.7957 15.3475 15.8301 16.2859 16.6791 17.0484 17.4033 17.7486 18.0596 18.3419 18.6002 18.834 19.0852 19.3152 19.5516 19.7789 19.9982 20.193 20.386 20.5714 20.7437 20.9158 21.0771 21.2355 21.3878 21.5257 21.6597 21.7765 21.8863 21.9975 22.1005 22.1931 22.2872 22.379 22.4678 22.5459 22.6219 22.6911 22.7566 22.8204 22.8739 22.9336 22.9775 23.0316 23.076 23.1252 23.1793 23.2296 23.2824
0 0 0 0 0 0 0 0 0 0 0 0 0 0 0 0 0 0 0 0 5.97774 8.32808 9.91547 10.7004 11.3056 11.8567 12.7153 13.5006 14.1697 14.8189 15.3939 15.8793 16.3165 16.6988 17.0671 17.4199 17.7436 18.0586 18.3486 18.6155 18.8749 19.1431 19.3981 19.6368 19.8554 20.0542 20.2349 20.403 20.5723 20.7392 20.9007 21.0479 21.1835 21.315 21.4552 21.5888 21.7161 21.8356 21.9499 22.0545 22.1496 22.2359 22.3197 22.3937 22.4601 22.5194 22.585 22.6446 22.7048 22.7645 22.8169 22.8656 22.9197 22.9667 23.016 23.068 23.1147 23.1648
0 0 0 0 0 0 0 0 0 0 0 0 0 0 0 0 0 0 0 0 5.51701 8.19275 9.5501 10.495 11.083 11.8842 12.7419 13.5449 14.2387 14.8541 15.4024 15.9104 16.3505 16.7454 17.1036 17.4163 17.7284 18.0481 18.3421 18.6162 18.8751 19.1453 19.4006 19.6277 19.8382 20.0307 20.2078 20.3726 20.5491 20.7216 20.8772 21.0209 21.1531 21.2806 21.4089 21.5335 21.6544 21.771 21.8761 21.9668 22.0494 22.1254 22.1967 22.269 22.3416 22.4015 22.47 22.5276 22.5774 22.6263 22.6785 22.7205 22.7667 22.8141 22.8564 22.8968 22.9312 22.9755
0 0 0 0 0 0 0 0 0 0 0 0 0 0 0 0 0 0 0 0 5.51701 8.19275 9.58355 10.5121 11.1013 11.8405 12.709 13.4556 14.1456 14.7781 15.3467 15.8438 16.2926 16.6883 17.0278 17.3107 17.6497 17.9839 18.2803 18.5469 18.849 19.1252 19.3754 19.5975 19.8118 19.9992 20.1774 20.3481 20.5194 20.6953 20.8672 21.0247 21.1738 21.3045 21.4334 21.5604 21.6674 21.7639 21.8504 21.9351 22.0142 22.0841 22.1528 22.2226 22.2814 22.3363 22.3941 22.4424 22.4847 22.5258 22.5669 22.6034 22.6359 22.6653 22.6949 22.7204 22.7527 22.7862
0 0 0 0 0 0 0 0 0 0 0 0 0 0 0 0 0 0 0 0 5.59143 8.24829 9.65543 10.7253 11.4074 11.7679 12.6103 13.3895 14.049 14.732 15.2922 15.7836 16.2159 16.6038 16.9538 17.2506 17.6289 17.9731 18.276 18.5639 18.8384 19.0925 19.3375 19.5762 19.8077 20.0253 20.219 20.3969 20.5682 20.7214 20.8667 21.0004 21.1374 21.2706 21.3966 21.5189 21.6204 21.7046 21.7862 21.8594 21.9266 21.9875 22.0496 22.1084 22.1606 22.2046 22.2494 22.2849 22.3088 22.3384 22.3682 22.3888 22.4123 22.4316 22.4478 22.4671 22.482 22.5069
0 0 0 0 0 0 0 0 0 0 0 0 0 0 0 0 0 0 0 0 5.60939 8.23382 9.62123 10.6832 11.378 11.8874 12.6714 13.3917 14.0801 14.7045 15.2683 15.7353 16.1517 16.5299 16.9037 17.3025 17.6681 18.0079 18.3084 18.5866 18.8341 19.0475 19.3025 19.556 19.7815 19.9887 20.1766 20.3537 20.5289 20.6958 20.8461 20.9787 21.0974 21.207 21.3088 21.4035 21.4938 21.576 21.6559 21.7263 21.7848 21.838 21.8854 21.922 21.9579 21.9945 22.0271 22.0593 22.0918 22.1128 22.1328 22.1563 22.1737 22.1866 22.207 22.2116 22.2183 22.2325
0 0 0 0 0 0 0 0 0 0 0 0 0 0 0 0 0 0 0 0 5.41759 8.12107 9.5681 10.6419 11.4258 11.923 12.7269 13.4517 14.1064 14.6815 15.1743 15.6245 16.0448 16.4508 16.8569 17.2596 17.6323 17.9589 18.2617 18.5645 18.8424 19.0971 19.3395 19.5721 19.7848 19.9742 20.1339 20.2773 20.4065 20.5365 20.6753 20.7969 20.913 21.0144 21.1077 21.1881 21.2665 21.3294 21.3887 21.4451 21.4963 21.5467 21.5869 21.6202 21.6458 21.6762 21.6935 21.7123 21.7291 21.744 21.7563 21.7681 21.7795 21.7897 21.7972 21.8444 21.8932 21.94
0 0 0 0 0 0 0 0 0 0 0 0 0 0 0 0 0 0 0 0 5.41759 8.12107 9.54486 10.5779 11.162 11.976 12.8438 13.563 14.1504 14.6362 15.0689 15.4781 15.9454 16.3977 16.8237 17.1984 17.548 17.8734 18.1709 18.4771 18.7719 19.0395 19.2678 19.4646 19.6418 19.7913 19.926 20.0596 20.1935 20.3162 20.4326 20.5302 20.6152 20.6967 20.7715 20.8508 20.918 20.9792 21.0295 21.0727 21.1165 21.1429 21.1577 21.1705 21.1807 21.1971 21.2154 21.2431 21.2588 21.2743 21.2907 21.2977 21.3123 21.3569 21.4057 21.446 21.4919 21.5317
0 0 0 0 0 0 0 0 0 0 0 0 0 0 0 0 0 0 0 0 5.09647 7.89039 9.72101 10.7261 11.574 11.9995 12.784 13.4985 14.1122 14.6296 15.0855 15.4686 15.8752 16.3407 16.7533 17.1091 17.4236 17.7128 17.9973 18.2621 18.5025 18.7237 18.9481 19.1469 19.3293 19.5041 19.6504 19.7936 19.9128 20.0156 20.1019 20.1746 20.2402 20.2967 20.3615 20.4079 20.4597 20.4935 20.5212 20.5449 20.5617 20.5757 20.5967 20.6212 20.6479 20.6706 20.6896 20.7096 20.733 20.7729 20.8098 20.8415 20.8725 20.9064 20.9238 20.9472 20.9815 21.0241
