avaframe/data/avaParabola/Inputs/DEMremeshed/DEM_PF_Topo_remeshedDEM20.00.asc
ncols 251
nrows 101
xllcenter 1000.00
yllcenter -5000.00
cellsize 20.00
noDataValue nan
[rows 29 to 57 of 101, columns 67 to 133 of 251]
763.648674 747.8355759999999 732.187919 716.705702 701.388926 686.237591 671.251696 656.431242 641.7762279999999 627.286655 612.962523 598.8038309999999 584.81058 570.98277 557.3203999999999 543.823471 530.491983 517.325935 504.325328 491.490161 478.820435 466.31615 453.977305 441.803901 429.795937 417.953415 406.276332 394.764691 383.41849 372.23773 361.22241 350.372531 339.688093 329.169095 318.815538 308.627421 298.604746 288.74751 279.055716 269.529362 260.168448 250.972976 241.942944 233.078352 224.379202 215.845491 207.477222 199.274393 191.237005 183.365057 175.65855 168.117484 160.741858 153.531673 146.486928 139.607625 132.893761 126.345339 119.962357 113.744816 107.692715 101.806055 96.084836 90.52905699999999 85.13871899999999 79.913821 74.854364
763.648674 747.8355759999999 732.187919 716.705702 701.388926 686.237591 671.251696 656.431242 641.7762279999999 627.286655 612.962523 598.8038309999999 584.81058 570.98277 557.3203999999999 543.823471 530.491983 517.325935 504.325328 491.490161 478.820435 466.31615 453.977305 441.803901 429.795937 417.953415 406.276332 394.764691 383.41849 372.23773 361.22241 350.372531 339.688093 329.169095 318.815538 308.627421 298.604746 288.74751 279.055716 269.529362 260.168448 250.972976 241.942944 233.078352 224.379202 215.845491 207.477222 199.274393 191.237005 183.365057 175.65855 168.117484 160.741858 153.531673 146.486928 139.607625 132.893761 126.345339 119.962357 113.744816 107.692715 101.806055 96.084836 90.52905699999999 85.13871899999999 79.913821 74.854364
763.648674 747.8355759999999 732.187919 716.705702 701.388926 686.237591 671.251696 656.431242 641.7762279999999 627.286655 612.962523 598.8038309999999 584.81058 570.98277 557.3203999999999 543.823471 530.491983 517.325935 504.325328 491.490161 478.820435 466.31615 453.977305 441.803901 429.795937 417.953415 406.276332 394.764691 383.41849 372.23773 361.22241 350.372531 339.688093 329.169095 318.815538 308.627421 298.604746 288.74751 279.055716 269.529362 260.168448 250.972976 241.942944 233.078352 224.379202 215.845491 207.477222 199.274393 191.237005 183.365057 175.65855 168.117484 160.741858 153.531673 146.486928 139.607625 132.893761 126.345339 119.962357 113.744816 107.692715 101.806055 96.084836 90.52905699999999 85.13871899999999 79.913821 74.854364
763.648674 747.8355759999999 732.187919 716.705702 701.388926 686.237591 671.251696 656.431242 641.7762279999999 627.286655 612.962523 598.8038309999999 584.81058 570.98277 557.3203999999999 543.823471 530.491983 517.325935 504.325328 491.490161 478.820435 466.31615 453.977305 441.803901 429.795937 417.953415 406.276332 394.764691 383.41849 372.23773 361.22241 350.372531 339.688093 329.169095 318.815538 308.627421 298.604746 288.74751 279.055716 269.529362 260.168448 250.972976 241.942944 233.078352 224.379202 215.845491 207.477222 199.274393 191.237005 183.365057 175.65855 168.117484 160.741858 153.531673 146.486928 139.607625 132.893761 126.345339 119.962357 113.744816 107.692715 101.806055 96.084836 90.52905699999999 85.13871899999999 79.913821 74.854364
763.648674 747.8355759999999 732.187919 716.705702 701.388926 686.237591 671.251696 656.431242 641.7762279999999 627.286655 612.962523 598.8038309999999 584.81058 570.98277 557.3203999999999 543.823471 530.491983 517.325935 504.325328 491.490161 478.820435 466.31615 453.977305 441.803901 429.795937 417.953415 406.276332 394.764691 383.41849 372.23773 361.22241 350.372531 339.688093 329.169095 318.815538 308.627421 298.604746 288.74751 279.055716 269.529362 260.168448 250.972976 241.942944 233.078352 224.379202 215.845491 207.477222 199.274393 191.237005 183.365057 175.65855 168.117484 160.741858 153.531673 146.486928 139.607625 132.893761 126.345339 119.962357 113.744816 107.692715 101.806055 96.084836 90.52905699999999 85.13871899999999 79.913821 74.854364
763.648674 747.8355759999999 732.187919 716.705702 701.388926 686.237591 671.251696 656.431242 641.7762279999999 627.286655 612.962523 598.8038309999999 584.81058 570.98277 557.3203999999999 543.823471 530.491983 517.325935 504.325328 491.490161 478.820435 466.31615 453.977305 441.803901 429.795937 417.953415 406.276332 394.764691 383.41849 372.23773 361.22241 350.372531 339.688093 329.169095 318.815538 308.627421 298.604746 288.74751 279.055716 269.529362 260.168448 250.972976 241.942944 233.078352 224.379202 215.845491 207.477222 199.274393 191.237005 183.365057 175.65855 168.117484 160.741858 153.531673 146.486928 139.607625 132.893761 126.345339 119.962357 113.744816 107.692715 101.806055 96.084836 90.52905699999999 85.13871899999999 79.913821 74.854364
763.648674 747.8355759999999 732.187919 716.705702 701.388926 686.237591 671.251696 656.431242 641.7762279999999 627.286655 612.962523 598.8038309999999 584.81058 570.98277 557.3203999999999 543.823471 530.491983 517.325935 504.325328 491.490161 478.820435 466.31615 453.977305 441.803901 429.795937 417.953415 406.276332 394.764691 383.41849 372.23773 361.22241 350.372531 339.688093 329.169095 318.815538 308.627421 298.604746 288.74751 279.055716 269.529362 260.168448 250.972976 241.942944 233.078352 224.379202 215.845491 207.477222 199.274393 191.237005 183.365057 175.65855 168.117484 160.741858 153.531673 146.486928 139.607625 132.893761 126.345339 119.962357 113.744816 107.692715 101.806055 96.084836 90.52905699999999 85.13871899999999 79.913821 74.854364
763.648674 747.8355759999999 732.187919 716.705702 701.388926 686.237591 671.251696 656.431242 641.7762279999999 627.286655 612.962523 598.8038309999999 584.81058 570.98277 557.3203999999999 543.823471 530.491983 517.325935 504.325328 491.490161 478.820435 466.31615 453.977305 441.803901 429.795937 417.953415 406.276332 394.764691 383.41849 372.23773 361.22241 350.372531 339.688093 329.169095 318.815538 308.627421 298.604746 288.74751 279.055716 269.529362 260.168448 250.972976 241.942944 233.078352 224.379202 215.845491 207.477222 199.274393 191.237005 183.365057 175.65855 168.117484 160.741858 153.531673 146.486928 139.607625 132.893761 126.345339 119.962357 113.744816 107.692715 101.806055 96.084836 90.52905699999999 85.13871899999999 79.913821 74.854364
763.648674 747.8355759999999 732.187919 716.705702 701.388926 686.237591 671.251696 656.431242 641.7762279999999 627.286655 612.962523 598.8038309999999 584.81058 570.98277 557.3203999999999 543.823471 530.491983 517.325935 504.325328 491.490161 478.820435 466.31615 453.977305 441.803901 429.795937 417.953415 406.276332 394.764691 383.41849 372.23773 361.22241 350.372531 339.688093 329.169095 318.815538 308.627421 298.604746 288.74751 279.055716 269.529362 260.168448 250.972976 241.942944 233.078352 224.379202 215.845491 207.477222 199.274393 191.237005 183.365057 175.65855 168.117484 160.741858 153.531673 146.486928 139.607625 132.893761 126.345339 119.962357 113.744816 107.692715 101.806055 96.084836 90.52905699999999 85.13871899999999 79.913821 74.854364
763.648674 747.8355759999999 732.187919 716.705702 701.388926 686.237591 671.251696 656.431242 641.7762279999999 627.286655 612.962523 598.8038309999999 584.81058 570.98277 557.3203999999999 543.823471 530.491983 517.325935 504.325328 491.490161 478.820435 466.31615 453.977305 441.803901 429.795937 417.953415 406.276332 394.764691 383.41849 372.23773 361.22241 350.372531 339.688093 329.169095 318.815538 308.627421 298.604746 288.74751 279.055716 269.529362 260.168448 250.972976 241.942944 233.078352 224.379202 215.845491 207.477222 199.274393 191.237005 183.365057 175.65855 168.117484 160.741858 153.531673 146.486928 139.607625 132.893761 126.345339 119.962357 113.744816 107.692715 101.806055 96.084836 90.52905699999999 85.13871899999999 79.913821 74.854364
763.648674 747.8355759999999 732.187919 716.705702 701.388926 686.237591 671.251696 656.431242 641.7762279999999 627.286655 612.962523 598.8038309999999 584.81058 570.98277 557.3203999999999 543.823471 530.491983 517.325935 504.325328 491.490161 478.820435 466.31615 453.977305 441.803901 429.795937 417.953415 406.276332 394.764691 383.41849 372.23773 361.22241 350.372531 339.688093 329.169095 318.815538 308.627421 298.604746 288.74751 279.055716 269.529362 260.168448 250.972976 241.942944 233.078352 224.379202 215.845491 207.477222 199.274393 191.237005 183.365057 175.65855 168.117484 160.741858 153.531673 146.486928 139.607625 132.893761 126.345339 119.962357 113.744816 107.692715 101.806055 96.084836 90.52905699999999 85.13871899999999 79.913821 74.854364
763.648674 747.8355759999999 732.187919 716.705702 701.388926 686.237591 671.251696 656.431242 641.7762279999999 627.286655 612.962523 598.8038309999999 584.81058 570.98277 557.3203999999999 543.823471 530.491983 517.325935 504.325328 491.490161 478.820435 466.31615 453.977305 441.803901 429.795937 417.953415 406.276332 394.764691 383.41849 372.23773 361.22241 350.372531 339.688093 329.169095 318.815538 308.627421 298.604746 288.74751 279.055716 269.529362 260.168448 250.972976 241.942944 233.078352 224.379202 215.845491 207.477222 199.274393 191.237005 183.365057 175.65855 168.117484 160.741858 153.531673 146.486928 139.607625 132.893761 126.345339 119.962357 113.744816 107.692715 101.806055 96.084836 90.52905699999999 85.13871899999999 79.913821 74.854364
763.648674 747.8355759999999 732.187919 716.705702 701.388926 686.237591 671.251696 656.431242 641.7762279999999 627.286655 612.962523 598.8038309999999 584.81058 570.98277 557.3203999999999 543.823471 530.491983 517.325935 504.325328 491.490161 478.820435 466.31615 453.977305 441.803901 429.795937 417.953415 406.276332 394.764691 383.41849 372.23773 361.22241 350.372531 339.688093 329.169095 318.815538 308.627421 298.604746 288.74751 279.055716 269.529362 260.168448 250.972976 241.942944 233.078352 224.379202 215.845491 207.477222 199.274393 191.237005 183.365057 175.65855 168.117484 160.741858 153.531673 146.486928 139.607625 132.893761 126.345339 119.962357 113.744816 107.692715 101.806055 96.084836 90.52905699999999 85.13871899999999 79.913821 74.854364
763.648674 747.8355759999999 732.187919 716.705702 701.388926 686.237591 671.251696 656.431242 641.7762279999999 627.286655 612.962523 598.8038309999999 584.81058 570.98277 557.3203999999999 543.823471 530.491983 517.325935 504.325328 491.490161 478.820435 466.31615 453.977305 441.803901 429.795937 417.953415 406.276332 394.764691 383.41849 372.23773 361.22241 350.372531 339.688093 329.169095 318.815538 308.627421 298.604746 288.74751 279.055716 269.529362 260.168448 250.972976 241.942944 233.078352 224.379202 215.845491 207.477222 199.274393 191.237005 183.365057 175.65855 168.117484 160.741858 153.531673 146.486928 139.607625 132.893761 126.345339 119.962357 113.744816 107.692715 101.806055 96.084836 90.52905699999999 85.13871899999999 79.913821 74.854364
763.648674 747.8355759999999 732.187919 716.705702 701.388926 686.237591 671.251696 656.431242 641.7762279999999 627.286655 612.962523 598.8038309999999 584.81058 570.98277 557.3203999999999 543.823471 530.491983 517.325935 504.325328 491.490161 478.820435 466.31615 453.977305 441.803901 429.795937 417.953415 406.276332 394.764691 383.41849 372.23773 361.22241 350.372531 339.688093 329.169095 318.815538 308.627421 298.604746 288.74751 279.055716 269.529362 260.168448 250.972976 241.942944 233.078352 224.379202 215.845491 207.477222 199.274393 191.237005 183.365057 175.65855 168.117484 160.741858 153.531673 146.486928 139.607625 132.893761 126.345339 119.962357 113.744816 107.692715 101.806055 96.084836 90.52905699999999 85.13871899999999 79.913821 74.854364
763.648674 747.8355759999999 732.187919 716.705702 701.388926 686.237591 671.251696 656.431242 641.7762279999999 627.286655 612.962523 598.8038309999999 584.81058 570.98277 557.3203999999999 543.823471 530.491983 517.325935 504.325328 491.490161 478.820435 466.31615 453.977305 441.803901 429.795937 417.953415 406.276332 394.764691 383.41849 372.23773 361.22241 350.372531 339.688093 329.169095 318.815538 308.627421 298.604746 288.74751 279.055716 269.529362 260.168448 250.972976 241.942944 233.078352 224.379202 215.845491 207.477222 199.274393 191.237005 183.365057 175.65855 168.117484 160.741858 153.531673 146.486928 139.607625 132.893761 126.345339 119.962357 113.744816 107.692715 101.806055 96.084836 90.52905699999999 85.13871899999999 79.913821 74.854364
763.648674 747.8355759999999 732.187919 716.705702 701.388926 686.237591 671.251696 656.431242 641.7762279999999 627.286655 612.962523 598.8038309999999 584.81058 570.98277 557.3203999999999 543.823471 530.491983 517.325935 504.325328 491.490161 478.820435 466.31615 453.977305 441.803901 429.795937 417.953415 406.276332 394.764691 383.41849 372.23773 361.22241 350.372531 339.688093 329.169095 318.815538 308.627421 298.604746 288.74751 279.055716 269.529362 260.168448 250.972976 241.942944 233.078352 224.379202 215.845491 207.477222 199.274393 191.237005 183.365057 175.65855 168.117484 160.741858 153.531673 146.486928 139.607625 132.893761 126.345339 119.962357 113.744816 107.692715 101.806055 96.084836 90.52905699999999 85.13871899999999 79.913821 74.854364
763.648674 747.8355759999999 732.187919 716.705702 701.388926 686.237591 671.251696 656.431242 641.7762279999999 627.286655 612.962523 598.8038309999999 584.81058 570.98277 557.3203999999999 543.823471 530.491983 517.325935 504.325328 491.490161 478.820435 466.31615 453.977305 441.803901 429.795937 417.953415 406.276332 394.764691 383.41849 372.23773 361.22241 350.372531 339.688093 329.169095 318.815538 308.627421 298.604746 288.74751 279.055716 269.529362 260.168448 250.972976 241.942944 233.078352 224.379202 215.845491 207.477222 199.274393 191.237005 183.365057 175.65855 168.117484 160.741858 153.531673 146.486928 139.607625 132.893761 126.345339 119.962357 113.744816 107.692715 101.806055 96.084836 90.52905699999999 85.13871899999999 79.913821 74.854364
763.648674 747.8355759999999 732.187919 716.705702 701.388926 686.237591 671.251696 656.431242 641.7762279999999 627.286655 612.962523 598.8038309999999 584.81058 570.98277 557.3203999999999 543.823471 530.491983 517.325935 504.325328 491.490161 478.820435 466.31615 453.977305 441.803901 429.795937 417.953415 406.276332 394.764691 383.41849 372.23773 361.22241 350.372531 339.688093 329.169095 318.815538 308.627421 298.604746 288.74751 279.055716 269.529362 260.168448 250.972976 241.942944 233.078352 224.379202 215.845491 207.477222 199.274393 191.237005 183.365057 175.65855 168.117484 160.741858 153.531673 146.486928 139.607625 132.893761 126.345339 119.962357 113.744816 107.692715 101.806055 96.084836 90.52905699999999 85.13871899999999 79.913821 74.854364
763.648674 747.8355759999999 732.187919 716.705702 701.388926 686.237591 671.251696 656.431242 641.7762279999999 627.286655 612.962523 598.8038309999999 584.81058 570.98277 557.3203999999999 543.823471 530.491983 517.325935 504.325328 491.490161 478.820435 466.31615 453.977305 441.803901 429.795937 417.953415 406.276332 394.764691 383.41849 372.23773 361.22241 350.372531 339.688093 329.169095 318.815538 308.627421 298.604746 288.74751 279.055716 269.529362 260.168448 250.972976 241.942944 233.078352 224.379202 215.845491 207.477222 199.274393 191.237005 183.365057 175.65855 168.117484 160.741858 153.531673 146.486928 139.607625 132.893761 126.345339 119.962357 113.744816 107.692715 101.806055 96.084836 90.52905699999999 85.13871899999999 79.913821 74.854364
763.648674 747.8355759999999 732.187919 716.705702 701.388926 686.237591 671.251696 656.431242 641.7762279999999 627.286655 612.962523 598.8038309999999 584.81058 570.98277 557.3203999999999 543.823471 530.491983 517.325935 504.325328 491.490161 478.820435 466.31615 453.977305 441.803901 429.795937 417.953415 406.276332 394.764691 383.41849 372.23773 361.22241 350.372531 339.688093 329.169095 318.815538 308.627421 298.604746 288.74751 279.055716 269.529362 260.168448 250.972976 241.942944 233.078352 224.379202 215.845491 207.477222 199.274393 191.237005 183.365057 175.65855 168.117484 160.741858 153.531673 146.486928 139.607625 132.893761 126.345339 119.962357 113.744816 107.692715 101.806055 96.084836 90.52905699999999 85.13871899999999 79.913821 74.854364
763.648674 747.8355759999999 732.187919 716.705702 701.388926 686.237591 671.251696 656.431242 641.7762279999999 627.286655 612.962523 598.8038309999999 584.81058 570.98277 557.3203999999999 543.823471 530.491983 517.325935 504.325328 491.490161 478.820435 466.31615 453.977305 441.803901 429.795937 417.953415 406.276332 394.764691 383.41849 372.23773 361.22241 350.372531 339.688093 329.169095 318.815538 308.627421 298.604746 288.74751 279.055716 269.529362 260.168448 250.972976 241.942944 233.078352 224.379202 215.845491 207.477222 199.274393 191.237005 183.365057 175.65855 168.117484 160.741858 153.531673 146.486928 139.607625 132.893761 126.345339 119.962357 113.744816 107.692715 101.806055 96.084836 90.52905699999999 85.13871899999999 79.913821 74.854364
763.648674 747.8355759999999 732.187919 716.705702 701.388926 686.237591 671.251696 656.431242 641.7762279999999 627.286655 612.962523 598.8038309999999 584.81058 570.98277 557.3203999999999 543.823471 530.491983 517.325935 504.325328 491.490161 478.820435 466.31615 453.977305 441.803901 429.795937 417.953415 406.276332 394.764691 383.41849 372.23773 361.22241 350.372531 339.688093 329.169095 318.815538 308.627421 298.604746 288.74751 279.055716 269.529362 260.168448 250.972976 241.942944 233.078352 224.379202 215.845491 207.477222 199.274393 191.237005 183.365057 175.65855 168.117484 160.741858 153.531673 146.486928 139.607625 132.893761 126.345339 119.962357 113.744816 107.692715 101.806055 96.084836 90.52905699999999 85.13871899999999 79.913821 74.854364
763.648674 747.8355759999999 732.187919 716.705702 701.388926 686.237591 671.251696 656.431242 641.7762279999999 627.286655 612.962523 598.8038309999999 584.81058 570.98277 557.3203999999999 543.823471 530.491983 517.325935 504.325328 491.490161 478.820435 466.31615 453.977305 441.803901 429.795937 417.953415 406.276332 394.764691 383.41849 372.23773 361.22241 350.372531 339.688093 329.169095 318.815538 308.627421 298.604746 288.74751 279.055716 269.529362 260.168448 250.972976 241.942944 233.078352 224.379202 215.845491 207.477222 199.274393 191.237005 183.365057 175.65855 168.117484 160.741858 153.531673 146.486928 139.607625 132.893761 126.345339 119.962357 113.744816 107.692715 101.806055 96.084836 90.52905699999999 85.13871899999999 79.913821 74.854364
763.648674 747.8355759999999 732.187919 716.705702 701.388926 686.237591 671.251696 656.431242 641.7762279999999 627.286655 612.962523 598.8038309999999 584.81058 570.98277 557.3203999999999 543.823471 530.491983 517.325935 504.325328 491.490161 478.820435 466.31615 453.977305 441.803901 429.795937 417.953415 406.276332 394.764691 383.41849 372.23773 361.22241 350.372531 339.688093 329.169095 318.815538 308.627421 298.604746 288.74751 279.055716 269.529362 260.168448 250.972976 241.942944 233.078352 224.379202 215.845491 207.477222 199.274393 191.237005 183.365057 175.65855 168.117484 160.741858 153.531673 146.486928 139.607625 132.893761 126.345339 119.962357 113.744816 107.692715 101.806055 96.084836 90.52905699999999 85.13871899999999 79.913821 74.854364
763.648674 747.8355759999999 732.187919 716.705702 701.388926 686.237591 671.251696 656.431242 641.7762279999999 627.286655 612.962523 598.8038309999999 584.81058 570.98277 557.3203999999999 543.823471 530.491983 517.325935 504.325328 491.490161 478.820435 466.31615 453.977305 441.803901 429.795937 417.953415 406.276332 394.764691 383.41849 372.23773 361.22241 350.372531 339.688093 329.169095 318.815538 308.627421 298.604746 288.74751 279.055716 269.529362 260.168448 250.972976 241.942944 233.078352 224.379202 215.845491 207.477222 199.274393 191.237005 183.365057 175.65855 168.117484 160.741858 153.531673 146.486928 139.607625 132.893761 126.345339 119.962357 113.744816 107.692715 101.806055 96.084836 90.52905699999999 85.13871899999999 79.913821 74.854364
763.648674 747.8355759999999 732.187919 716.705702 701.388926 686.237591 671.251696 656.431242 641.7762279999999 627.286655 612.962523 598.8038309999999 584.81058 570.98277 557.3203999999999 543.823471 530.491983 517.325935 504.325328 491.490161 478.820435 466.31615 453.977305 441.803901 429.795937 417.953415 406.276332 394.764691 383.41849 372.23773 361.22241 350.372531 339.688093 329.169095 318.815538 308.627421 298.604746 288.74751 279.055716 269.529362 260.168448 250.972976 241.942944 233.078352 224.379202 215.845491 207.477222 199.274393 191.237005 183.365057 175.65855 168.117484 160.741858 153.531673 146.486928 139.607625 132.893761 126.345339 119.962357 113.744816 107.692715 101.806055 96.084836 90.52905699999999 85.13871899999999 79.913821 74.854364
763.648674 747.8355759999999 732.187919 716.705702 701.388926 686.237591 671.251696 656.431242 641.7762279999999 627.286655 612.962523 598.8038309999999 584.81058 570.98277 557.3203999999999 543.823471 530.491983 517.325935 504.325328 491.490161 478.820435 466.31615 453.977305 441.803901 429.795937 417.953415 406.276332 394.764691 383.41849 372.23773 361.22241 350.372531 339.688093 329.169095 318.815538 308.627421 298.604746 288.74751 279.055716 269.529362 260.168448 250.972976 241.942944 233.078352 224.379202 215.845491 207.477222 199.274393 191.237005 183.365057 175.65855 168.117484 160.741858 153.531673 146.486928 139.607625 132.893761 126.345339 119.962357 113.744816 107.692715 101.806055 96.084836 90.52905699999999 85.13871899999999 79.913821 74.854364
763.648674 747.8355759999999 732.187919 716.705702 701.388926 686.237591 671.251696 656.431242 641.7762279999999 627.286655 612.962523 598.8038309999999 584.81058 570.98277 557.3203999999999 543.823471 530.491983 517.325935 504.325328 491.490161 478.820435 466.31615 453.977305 441.803901 429.795937 417.953415 406.276332 394.764691 383.41849 372.23773 361.22241 350.372531 339.688093 329.169095 318.815538 308.627421 298.604746 288.74751 279.055716 269.529362 260.168448 250.972976 241.942944 233.078352 224.379202 215.845491 207.477222 199.274393 191.237005 183.365057 175.65855 168.117484 160.741858 153.531673 146.486928 139.607625 132.893761 126.345339 119.962357 113.744816 107.692715 101.806055 96.084836 90.52905699999999 85.13871899999999 79.913821 74.854364
