avaframe/data/avaParabola/Inputs/DEMremeshed/DEM_PF_Topo_remeshedDEM20.00.asc
ncols 251
nrows 101
xllcenter 1000.00
yllcenter -5000.00
cellsize 20.00
noDataValue nan
[rows 0 to 28 of 101, columns 0 to 66 of 251]
2200 2173.10238 2146.3702 2119.803461 2093.402162 2067.166305 2041.095887 2015.190911 1989.451375 1963.87728 1938.468625 1913.225411 1888.147637 1863.235305 1838.488413 1813.906961 1789.49095 1765.24038 1741.15525 1717.235561 1693.481313 1669.892505 1646.469138 1623.211212 1600.118726 1577.191681 1554.430076 1531.833912 1509.403189 1487.137906 1465.038064 1443.103663 1421.334702 1399.731182 1378.293103 1357.020464 1335.913266 1314.971508 1294.195191 1273.584315 1253.138879 1232.858884 1212.74433 1192.795216 1173.011543 1153.39331 1133.940518 1114.653167 1095.531256 1076.574786 1057.783757 1039.158168 1020.69802 1002.403313 984.274046 966.31022 948.511834 930.878889 913.411385 896.109321 878.972698 862.001516 845.195774 828.555473 812.080612 795.771192 779.627213
2200 2173.10238 2146.3702 2119.803461 2093.402162 2067.166305 2041.095887 2015.190911 1989.451375 1963.87728 1938.468625 1913.225411 1888.147637 1863.235305 1838.488413 1813.906961 1789.49095 1765.24038 1741.15525 1717.235561 1693.481313 1669.892505 1646.469138 1623.211212 1600.118726 1577.191681 1554.430076 1531.833912 1509.403189 1487.137906 1465.038064 1443.103663 1421.334702 1399.731182 1378.293103 1357.020464 1335.913266 1314.971508 1294.195191 1273.584315 1253.138879 1232.858884 1212.74433 1192.795216 1173.011543 1153.39331 1133.940518 1114.653167 1095.531256 1076.574786 1057.783757 1039.158168 1020.69802 1002.403313 984.274046 966.31022 948.511834 930.878889 913.411385 896.109321 878.972698 862.001516 845.195774 828.555473 812.080612 795.771192 779.627213
2200 2173.10238 2146.3702 2119.803461 2093.402162 2067.166305 2041.095887 2015.190911 1989.451375 1963.87728 1938.468625 1913.225411 1888.147637 1863.235305 1838.488413 1813.906961 1789.49095 1765.24038 1741.15525 1717.235561 1693.481313 1669.892505 1646.469138 1623.211212 1600.118726 1577.191681 1554.430076 1531.833912 1509.403189 1487.137906 1465.038064 1443.103663 1421.334702 1399.731182 1378.293103 1357.020464 1335.913266 1314.971508 1294.195191 1273.584315 1253.138879 1232.858884 1212.74433 1192.795216 1173.011543 1153.39331 1133.940518 1114.653167 1095.531256 1076.574786 1057.783757 1039.158168 1020.69802 1002.403313 984.274046 966.31022 948.511834 930.878889 913.411385 896.109321 878.972698 862.001516 845.195774 828.555473 812.080612 795.771192 779.627213
2200 2173.10238 2146.3702 2119.803461 2093.402162 2067.166305 2041.095887 2015.190911 1989.451375 1963.87728 1938.468625 1913.225411 1888.147637 1863.235305 1838.488413 1813.906961 1789.49095 1765.24038 1741.15525 1717.235561 1693.481313 1669.892505 1646.469138 1623.211212 1600.118726 1577.191681 1554.430076 1531.833912 1509.403189 1487.137906 1465.038064 1443.103663 1421.334702 1399.731182 1378.293103 1357.020464 1335.913266 1314.971508 1294.195191 1273.584315 1253.138879 1232.858884 1212.74433 1192.795216 1173.011543 1153.39331 1133.940518 1114.653167 1095.531256 1076.574786 1057.783757 1039.158168 1020.69802 1002.403313 984.274046 966.31022 948.511834 930.878889 913.411385 896.109321 878.972698 862.001516 845.195774 828.555473 812.080612 795.771192 779.627213
2200 2173.10238 2146.3702 2119.803461 2093.402162 2067.166305 2041.095887 2015.190911 1989.451375 1963.87728 1938.468625 1913.225411 1888.147637 1863.235305 1838.488413 1813.906961 1789.49095 1765.24038 1741.15525 1717.235561 1693.481313 1669.892505 1646.469138 1623.211212 1600.118726 1577.191681 1554.430076 1531.833912 1509.403189 1487.137906 1465.038064 1443.103663 1421.334702 1399.731182 1378.293103 1357.020464 1335.913266 1314.971508 1294.195191 1273.584315 1253.138879 1232.858884 1212.74433 1192.795216 1173.011543 1153.39331 1133.940518 1114.653167 1095.531256 1076.574786 1057.783757 1039.158168 1020.69802 1002.403313 984.274046 966.31022 948.511834 930.878889 913.411385 896.109321 878.972698 862.001516 845.195774 828.555473 812.080612 795.771192 779.627213
2200 2173.10238 2146.3702 2119.803461 2093.402162 2067.166305 2041.095887 2015.190911 1989.451375 1963.87728 1938.468625 1913.225411 1888.147637 1863.235305 1838.488413 1813.906961 1789.49095 1765.24038 1741.15525 1717.235561 1693.481313 1669.892505 1646.469138 1623.211212 1600.118726 1577.191681 1554.430076 1531.833912 1509.403189 1487.137906 1465.038064 1443.103663 1421.334702 1399.731182 1378.293103 1357.020464 1335.913266 1314.971508 1294.195191 1273.584315 1253.138879 1232.858884 1212.74433 1192.795216 1173.011543 1153.39331 1133.940518 1114.653167 1095.531256 1076.574786 1057.783757 1039.158168 1020.69802 1002.403313 984.274046 966.31022 948.511834 930.878889 913.411385 896.109321 878.972698 862.001516 845.195774 828.555473 812.080612 795.771192 779.627213
2200 2173.10238 2146.3702 2119.803461 2093.402162 2067.166305 2041.095887 2015.190911 1989.451375 1963.87728 1938.468625 1913.225411 1888.147637 1863.235305 1838.488413 1813.906961 1789.49095 1765.24038 1741.15525 1717.235561 1693.481313 1669.892505 1646.469138 1623.211212 1600.118726 1577.191681 1554.430076 1531.833912 1509.403189 1487.137906 1465.038064 1443.103663 1421.334702 1399.731182 1378.293103 1357.020464 1335.913266 1314.971508 1294.195191 1273.584315 1253.138879 1232.858884 1212.74433 1192.795216 1173.011543 1153.39331 1133.940518 1114.653167 1095.531256 1076.574786 1057.783757 1039.158168 1020.69802 1002.403313 984.274046 966.31022 948.511834 930.878889 913.411385 896.109321 878.972698 862.001516 845.195774 828.555473 812.080612 795.771192 779.627213
2200 2173.10238 2146.3702 2119.803461 2093.402162 2067.166305 2041.095887 2015.190911 1989.451375 1963.87728 1938.468625 1913.225411 1888.147637 1863.235305 1838.488413 1813.906961 1789.49095 1765.24038 1741.15525 1717.235561 1693.481313 1669.892505 1646.469138 1623.211212 1600.118726 1577.191681 1554.430076 1531.833912 1509.403189 1487.137906 1465.038064 1443.103663 1421.334702 1399.731182 1378.293103 1357.020464 1335.913266 1314.971508 1294.195191 1273.584315 1253.138879 1232.858884 1212.74433 1192.795216 1173.011543 1153.39331 1133.940518 1114.653167 1095.531256 1076.574786 1057.783757 1039.158168 1020.69802 1002.403313 984.274046 966.31022 948.511834 930.878889 913.411385 896.109321 878.972698 862.001516 845.195774 828.555473 812.080612 795.771192 779.627213
2200 2173.10238 2146.3702 2119.803461 2093.402162 2067.166305 2041.095887 2015.190911 1989.451375 1963.87728 1938.468625 1913.225411 1888.147637 1863.235305 1838.488413 1813.906961 1789.49095 1765.24038 1741.15525 1717.235561 1693.481313 1669.892505 1646.469138 1623.211212 1600.118726 1577.191681 1554.430076 1531.833912 1509.403189 1487.137906 1465.038064 1443.103663 1421.334702 1399.731182 1378.293103 1357.020464 1335.913266 1314.971508 1294.195191 1273.584315 1253.138879 1232.858884 1212.74433 1192.795216 1173.011543 1153.39331 1133.940518 1114.653167 1095.531256 1076.574786 1057.783757 1039.158168 1020.69802 1002.403313 984.274046 966.31022 948.511834 930.878889 913.411385 896.109321 878.972698 862.001516 845.195774 828.555473 812.080612 795.771192 779.627213
2200 2173.10238 2146.3702 2119.803461 2093.402162 2067.166305 2041.095887 2015.190911 1989.451375 1963.87728 1938.468625 1913.225411 1888.147637 1863.235305 1838.488413 1813.906961 1789.49095 1765.24038 1741.15525 1717.235561 1693.481313 1669.892505 1646.469138 1623.211212 1600.118726 1577.191681 1554.430076 1531.833912 1509.403189 1487.137906 1465.038064 1443.103663 1421.334702 1399.731182 1378.293103 1357.020464 1335.913266 1314.971508 1294.195191 1273.584315 1253.138879 1232.858884 1212.74433 1192.795216 1173.011543 1153.39331 1133.940518 1114.653167 1095.531256 1076.574786 1057.783757 1039.158168 1020.69802 1002.403313 984.274046 966.31022 948.511834 930.878889 913.411385 896.109321 878.972698 862.001516 845.195774 828.555473 812.080612 795.771192 779.627213
2200 2173.10238 2146.3702 2119.803461 2093.402162 2067.166305 2041.095887 2015.190911 1989.451375 1963.87728 1938.468625 1913.225411 1888.147637 1863.235305 1838.488413 1813.906961 1789.49095 1765.24038 1741.15525 1717.235561 1693.481313 1669.892505 1646.469138 1623.211212 1600.118726 1577.191681 1554.430076 1531.833912 1509.403189 1487.137906 1465.038064 1443.103663 1421.334702 1399.731182 1378.293103 1357.020464 1335.913266 1314.971508 1294.195191 1273.584315 1253.138879 1232.858884 1212.74433 1192.795216 1173.011543 1153.39331 1133.940518 1114.653167 1095.531256 1076.574786 1057.783757 1039.158168 1020.69802 1002.403313 984.274046 966.31022 948.511834 930.878889 913.411385 896.109321 878.972698 862.001516 845.195774 828.555473 812.080612 795.771192 779.627213
2200 2173.10238 2146.3702 2119.803461 2093.402162 2067.166305 2041.095887 2015.190911 1989.451375 1963.87728 1938.468625 1913.225411 1888.147637 1863.235305 1838.488413 1813.906961 1789.49095 1765.24038 1741.15525 1717.235561 1693.481313 1669.892505 1646.469138 1623.211212 1600.118726 1577.191681 1554.430076 1531.833912 1509.403189 1487.137906 1465.038064 1443.103663 1421.334702 1399.731182 1378.293103 1357.020464 1335.913266 1314.971508 1294.195191 1273.584315 1253.138879 1232.858884 1212.74433 1192.795216 1173.011543 1153.39331 1133.940518 1114.653167 1095.531256 1076.574786 1057.783757 1039.158168 1020.69802 1002.403313 984.274046 966.31022 948.511834 930.878889 913.411385 896.109321 878.972698 862.001516 845.195774 828.555473 812.080612 795.771192 779.627213
2200 2173.10238 2146.3702 2119.803461 2093.402162 2067.166305 2041.095887 2015.190911 1989.451375 1963.87728 1938.468625 1913.225411 1888.147637 1863.235305 1838.488413 1813.906961 1789.49095 1765.24038 1741.15525 1717.235561 1693.481313 1669.892505 1646.469138 1623.211212 1600.118726 1577.191681 1554.430076 1531.833912 1509.403189 1487.137906 1465.038064 1443.103663 1421.334702 1399.731182 1378.293103 1357.020464 1335.913266 1314.971508 1294.195191 1273.584315 1253.138879 1232.858884 1212.74433 1192.795216 1173.011543 1153.39331 1133.940518 1114.653167 1095.531256 1076.574786 1057.783757 1039.158168 1020.69802 1002.403313 984.274046 966.31022 948.511834 930.878889 913.411385 896.109321 878.972698 862.001516 845.195774 828.555473 812.080612 795.771192 779.627213
2200 2173.10238 2146.3702 2119.803461 2093.402162 2067.166305 2041.095887 2015.190911 1989.451375 1963.87728 1938.468625 1913.225411 1888.147637 1863.235305 1838.488413 1813.906961 1789.49095 1765.24038 1741.15525 1717.235561 1693.481313 1669.892505 1646.469138 1623.211212 1600.118726 1577.191681 1554.430076 1531.833912 1509.403189 1487.137906 1465.038064 1443.103663 1421.334702 1399.731182 1378.293103 1357.020464 1335.913266 1314.971508 1294.195191 1273.584315 1253.138879 1232.858884 1212.74433 1192.795216 1173.011543 1153.39331 1133.940518 1114.653167 1095.531256 1076.574786 1057.783757 1039.158168 1020.69802 1002.403313 984.274046 966.31022 948.511834 930.878889 913.411385 896.109321 878.972698 862.001516 845.195774 828.555473 812.080612 795.771192 779.627213
2200 2173.10238 2146.3702 2119.803461 2093.402162 2067.166305 2041.095887 2015.190911 1989.451375 1963.87728 1938.468625 1913.225411 1888.147637 1863.235305 1838.488413 1813.906961 1789.49095 1765.24038 1741.15525 1717.235561 1693.481313 1669.892505 1646.469138 1623.211212 1600.118726 1577.191681 1554.430076 1531.833912 1509.403189 1487.137906 1465.038064 1443.103663 1421.334702 1399.731182 1378.293103 1357.020464 1335.913266 1314.971508 1294.195191 1273.584315 1253.138879 1232.858884 1212.74433 1192.795216 1173.011543 1153.39331 1133.940518 1114.653167 1095.531256 1076.574786 1057.783757 1039.158168 1020.69802 1002.403313 984.274046 966.31022 948.511834 930.878889 913.411385 896.109321 878.972698 862.001516 845.195774 828.555473 812.080612 795.771192 779.627213
2200 2173.10238 2146.3702 2119.803461 2093.402162 2067.166305 2041.095887 2015.190911 1989.451375 1963.87728 1938.468625 1913.225411 1888.147637 1863.235305 1838.488413 1813.906961 1789.49095 1765.24038 1741.15525 1717.235561 1693.481313 1669.892505 1646.469138 1623.211212 1600.118726 1577.191681 1554.430076 1531.833912 1509.403189 1487.137906 1465.038064 1443.103663 1421.334702 1399.731182 1378.293103 1357.020464 1335.913266 1314.971508 1294.195191 1273.584315 1253.138879 1232.858884 1212.74433 1192.795216 1173.011543 1153.39331 1133.940518 1114.653167 1095.531256 1076.574786 1057.783757 1039.158168 1020.69802 1002.403313 984.274046 966.31022 948.511834 930.878889 913.411385 896.109321 878.972698 862.001516 845.195774 828.555473 812.080612 795.771192 779.627213
2200 2173.10238 2146.3702 2119.803461 2093.402162 2067.166305 2041.095887 2015.190911 1989.451375 1963.87728 1938.468625 1913.225411 1888.147637 1863.235305 1838.488413 1813.906961 1789.49095 1765.24038 1741.15525 1717.235561 1693.481313 1669.892505 1646.469138 1623.211212 1600.118726 1577.191681 1554.430076 1531.833912 1509.403189 1487.137906 1465.038064 1443.103663 1421.334702 1399.731182 1378.293103 1357.020464 1335.913266 1314.971508 1294.195191 1273.584315 1253.138879 1232.858884 1212.74433 1192.795216 1173.011543 1153.39331 1133.940518 1114.653167 1095.531256 1076.574786 1057.783757 1039.158168 1020.69802 1002.403313 984.274046 966.31022 948.511834 930.878889 913.411385 896.109321 878.972698 862.001516 845.195774 828.555473 812.080612 795.771192 779.627213
2200 2173.10238 2146.3702 2119.803461 2093.402162 2067.166305 2041.095887 2015.190911 1989.451375 1963.87728 1938.468625 1913.225411 1888.147637 1863.235305 1838.488413 1813.906961 1789.49095 1765.24038 1741.15525 1717.235561 1693.481313 1669.892505 1646.469138 1623.211212 1600.118726 1577.191681 1554.430076 1531.833912 1509.403189 1487.137906 1465.038064 1443.103663 1421.334702 1399.731182 1378.293103 1357.020464 1335.913266 1314.971508 1294.195191 1273.584315 1253.138879 1232.858884 1212.74433 1192.795216 1173.011543 1153.39331 1133.940518 1114.653167 1095.531256 1076.574786 1057.783757 1039.158168 1020.69802 1002.403313 984.274046 966.31022 948.511834 930.878889 913.411385 896.109321 878.972698 862.001516 845.195774 828.555473 812.080612 795.771192 779.627213
2200 2173.10238 2146.3702 2119.803461 2093.402162 2067.166305 2041.095887 2015.190911 1989.451375 1963.87728 1938.468625 1913.225411 1888.147637 1863.235305 1838.488413 1813.906961 1789.49095 1765.24038 1741.15525 1717.235561 1693.481313 1669.892505 1646.469138 1623.211212 1600.118726 1577.191681 1554.430076 1531.833912 1509.403189 1487.137906 1465.038064 1443.103663 1421.334702 1399.731182 1378.293103 1357.020464 1335.913266 1314.971508 1294.195191 1273.584315 1253.138879 1232.858884 1212.74433 1192.795216 1173.011543 1153.39331 1133.940518 1114.653167 1095.531256 1076.574786 1057.783757 1039.158168 1020.69802 1002.403313 984.274046 966.31022 948.511834 930.878889 913.411385 896.109321 878.972698 862.001516 845.195774 828.555473 812.080612 795.771192 779.627213
2200 2173.10238 2146.3702 2119.803461 2093.402162 2067.166305 2041.095887 2015.190911 1989.451375 1963.87728 1938.468625 1913.225411 1888.147637 1863.235305 1838.488413 1813.906961 1789.49095 1765.24038 1741.15525 1717.235561 1693.481313 1669.892505 1646.469138 1623.211212 1600.118726 1577.191681 1554.430076 1531.833912 1509.403189 1487.137906 1465.038064 1443.103663 1421.334702 1399.731182 1378.293103 1357.020464 1335.913266 1314.971508 1294.195191 1273.584315 1253.138879 1232.858884 1212.74433 1192.795216 1173.011543 1153.39331 1133.940518 1114.653167 1095.531256 1076.574786 1057.783757 1039.158168 1020.69802 1002.403313 984.274046 966.31022 948.511834 930.878889 913.411385 896.109321 878.972698 862.001516 845.195774 828.555473 812.080612 795.771192 779.627213
2200 2173.10238 2146.3702 2119.803461 2093.402162 2067.166305 2041.095887 2015.190911 1989.451375 1963.87728 1938.468625 1913.225411 1888.147637 1863.235305 1838.488413 1813.906961 1789.49095 1765.24038 1741.15525 1717.235561 1693.481313 1669.892505 1646.469138 1623.211212 1600.118726 1577.191681 1554.430076 1531.833912 1509.403189 1487.137906 1465.038064 1443.103663 1421.334702 1399.731182 1378.293103 1357.020464 1335.913266 1314.971508 1294.195191 1273.584315 1253.138879 1232.858884 1212.74433 1192.795216 1173.011543 1153.39331 1133.940518 1114.653167 1095.531256 1076.574786 1057.783757 1039.158168 1020.69802 1002.403313 984.274046 966.31022 948.511834 930.878889 913.411385 896.109321 878.972698 862.001516 845.195774 828.555473 812.080612 795.771192 779.627213
2200 2173.10238 2146.3702 2119.803461 2093.402162 2067.166305 2041.095887 2015.190911 1989.451375 1963.87728 1938.468625 1913.225411 1888.147637 1863.235305 1838.488413 1813.906961 1789.49095 1765.24038 1741.15525 1717.235561 1693.481313 1669.892505 1646.469138 1623.211212 1600.118726 1577.191681 1554.430076 1531.833912 1509.403189 1487.137906 1465.038064 1443.103663 1421.334702 1399.731182 1378.293103 1357.020464 1335.913266 1314.971508 1294.195191 1273.584315 1253.138879 1232.858884 1212.74433 1192.795216 1173.011543 1153.39331 1133.940518 1114.653167 1095.531256 1076.574786 1057.783757 1039.158168 1020.69802 1002.403313 984.274046 966.31022 948.511834 930.878889 913.411385 896.109321 878.972698 862.001516 845.195774 828.555473 812.080612 795.771192 779.627213
2200 2173.10238 2146.3702 2119.803461 2093.402162 2067.166305 2041.095887 2015.190911 1989.451375 1963.87728 1938.468625 1913.225411 1888.147637 1863.235305 1838.488413 1813.906961 1789.49095 1765.24038 1741.15525 1717.235561 1693.481313 1669.892505 1646.469138 1623.211212 1600.118726 1577.191681 1554.430076 1531.833912 1509.403189 1487.137906 1465.038064 1443.103663 1421.334702 1399.731182 1378.293103 1357.020464 1335.913266 1314.971508 1294.195191 1273.584315 1253.138879 1232.858884 1212.74433 1192.795216 1173.011543 1153.39331 1133.940518 1114.653167 1095.531256 1076.574786 1057.783757 1039.158168 1020.69802 1002.403313 984.274046 966.31022 948.511834 930.878889 913.411385 896.109321 878.972698 862.001516 845.195774 828.555473 812.080612 795.771192 779.627213
2200 2173.10238 2146.3702 2119.803461 2093.402162 2067.166305 2041.095887 2015.190911 1989.451375 1963.87728 1938.468625 1913.225411 1888.147637 1863.235305 1838.488413 1813.906961 1789.49095 1765.24038 1741.15525 1717.235561 1693.481313 1669.892505 1646.469138 1623.211212 1600.118726 1577.191681 1554.430076 1531.833912 1509.403189 1487.137906 1465.038064 1443.103663 1421.334702 1399.731182 1378.293103 1357.020464 1335.913266 1314.971508 1294.195191 1273.584315 1253.138879 1232.858884 1212.74433 1192.795216 1173.011543 1153.39331 1133.940518 1114.653167 1095.531256 1076.574786 1057.783757 1039.158168 1020.69802 1002.403313 984.274046 966.31022 948.511834 930.878889 913.411385 896.109321 878.972698 862.001516 845.195774 828.555473 812.080612 795.771192 779.627213
2200 2173.10238 2146.3702 2119.803461 2093.402162 2067.166305 2041.095887 2015.190911 1989.451375 1963.87728 1938.468625 1913.225411 1888.147637 1863.235305 1838.488413 1813.906961 1789.49095 1765.24038 1741.15525 1717.235561 1693.481313 1669.892505 1646.469138 1623.211212 1600.118726 1577.191681 1554.430076 1531.833912 1509.403189 1487.137906 1465.038064 1443.103663 1421.334702 1399.731182 1378.293103 1357.020464 1335.913266 1314.971508 1294.195191 1273.584315 1253.138879 1232.858884 1212.74433 1192.795216 1173.011543 1153.39331 1133.940518 1114.653167 1095.531256 1076.574786 1057.783757 1039.158168 1020.69802 1002.403313 984.274046 966.31022 948.511834 930.878889 913.411385 896.109321 878.972698 862.001516 845.195774 828.555473 812.080612 795.771192 779.627213
2200 2173.10238 2146.3702 2119.803461 2093.402162 2067.166305 2041.095887 2015.190911 1989.451375 1963.87728 1938.468625 1913.225411 1888.147637 1863.235305 1838.488413 1813.906961 1789.49095 1765.24038 1741.15525 1717.235561 1693.481313 1669.892505 1646.469138 1623.211212 1600.118726 1577.191681 1554.430076 1531.833912 1509.403189 1487.137906 1465.038064 1443.103663 1421.334702 1399.731182 1378.293103 1357.020464 1335.913266 1314.971508 1294.195191 1273.584315 1253.138879 1232.858884 1212.74433 1192.795216 1173.011543 1153.39331 1133.940518 1114.653167 1095.531256 1076.574786 1057.783757 1039.158168 1020.69802 1002.403313 984.274046 966.31022 948.511834 930.878889 913.411385 896.109321 878.972698 862.001516 845.195774 828.555473 812.080612 795.771192 779.627213
2200 2173.10238 2146.3702 2119.803461 2093.402162 2067.166305 2041.095887 2015.190911 1989.451375 1963.87728 1938.468625 1913.225411 1888.147637 1863.235305 1838.488413 1813.906961 1789.49095 1765.24038 1741.15525 1717.235561 1693.481313 1669.892505 1646.469138 1623.211212 1600.118726 1577.191681 1554.430076 1531.833912 1509.403189 1487.137906 1465.038064 1443.103663 1421.334702 1399.731182 1378.293103 1357.020464 1335.913266 1314.971508 1294.195191 1273.584315 1253.138879 1232.858884 1212.74433 1192.795216 1173.011543 1153.39331 1133.940518 1114.653167 1095.531256 1076.574786 1057.783757 1039.158168 1020.69802 1002.403313 984.274046 966.31022 948.511834 930.878889 913.411385 896.109321 878.972698 862.001516 845.195774 828.555473 812.080612 795.771192 779.627213
2200 2173.10238 2146.3702 2119.803461 2093.402162 2067.166305 2041.095887 2015.190911 1989.451375 1963.87728 1938.468625 1913.225411 1888.147637 1863.235305 1838.488413 1813.906961 1789.49095 1765.24038 1741.15525 1717.235561 1693.481313 1669.892505 1646.469138 1623.211212 1600.118726 1577.191681 1554.430076 1531.833912 1509.403189 1487.137906 1465.038064 1443.103663 1421.334702 1399.731182 1378.293103 1357.020464 1335.913266 1314.971508 1294.195191 1273.584315 1253.138879 1232.858884 1212.74433 1192.795216 1173.011543 1153.39331 1133.940518 1114.653167 1095.531256 1076.574786 1057.783757 1039.158168 1020.69802 1002.403313 984.274046 966.31022 948.511834 930.878889 913.411385 896.109321 878.972698 862.001516 845.195774 828.555473 812.080612 795.771192 779.627213
2200 2173.10238 2146.3702 2119.803461 2093.402162 2067.166305 2041.095887 2015.190911 1989.451375 1963.87728 1938.468625 1913.225411 1888.147637 1863.235305 1838.488413 1813.906961 1789.49095 1765.24038 1741.15525 1717.235561 1693.481313 1669.892505 1646.469138 1623.211212 1600.118726 1577.191681 1554.430076 1531.833912 1509.403189 1487.137906 1465.038064 1443.103663 1421.334702 1399.731182 1378.293103 1357.020464 1335.913266 1314.971508 1294.195191 1273.584315 1253.138879 1232.858884 1212.74433 1192.795216 1173.011543 1153.39331 1133.940518 1114.653167 1095.531256 1076.574786 1057.783757 1039.158168 1020.69802 1002.403313 984.274046 966.31022 948.511834 930.878889 913.411385 896.109321 878.972698 862.001516 845.195774 828.555473 812.080612 795.771192 779.627213
