data/avaKot/Inputs/avaKot.asc
ncols        353
nrows        500
xllcenter    176965.930064178
yllcenter    376273.974773546
cellsize     4.997678230579
NODATA_value  -9999
[rows 120 to 139 of 500, columns 138 to 183 of 353]
1061.2625732421875 1061.1871337890625 1061.171630859375 1061.0711669921875 1061.1676025390625 1061.159423828125 1061.140869140625 1061.2349853515625 1061.162353515625 1061.1058349609375 1061.0277099609375 1060.9058837890625 1060.897705078125 1060.8089599609375 1060.7227783203125 1060.77001953125 1060.8052978515625 1060.7928466796875 1060.7703857421875 1060.65576171875 1060.6505126953125 1060.63037109375 1060.55810546875 1060.5123291015625 1060.509765625 1060.3673095703125 1060.5169677734375 1060.3829345703125 1060.3887939453125 1060.394287109375 1060.2738037109375 1060.336669921875 1060.2196044921875 1060.322021484375 1060.267578125 1060.18310546875 1060.2603759765625 1060.13671875 1060.09521484375 1060.1021728515625 1060.135986328125 1060.06640625 1060.0137939453125 1060.059814453125 1059.9854736328125 1059.929443359375
1061.2833251953125 1061.2447509765625 1061.3133544921875 1061.2352294921875 1061.24951171875 1061.23486328125 1061.1815185546875 1061.1224365234375 1061.2021484375 1061.1202392578125 1061.1357421875 1061.014404296875 1060.8380126953125 1060.780029296875 1060.69775390625 1060.5880126953125 1060.591552734375 1060.74755859375 1060.72021484375 1060.68603515625 1060.624267578125 1060.62060546875 1060.5123291015625 1060.482177734375 1060.5081787109375 1060.415283203125 1060.4921875 1060.48046875 1060.404541015625 1060.4783935546875 1060.345703125 1060.3388671875 1060.35302734375 1060.2650146484375 1060.2916259765625 1060.3262939453125 1060.261474609375 1060.201171875 1060.2564697265625 1060.25244140625 1060.22607421875 1060.138916015625 1060.017333984375 1060.061279296875 1060.0413818359375 1059.929931640625
1061.2867431640625 1061.355224609375 1061.42626953125 1061.2967529296875 1061.17041015625 1061.1497802734375 1061.1717529296875 1061.123291015625 1061.12744140625 1061.116943359375 1061.1787109375 1061.082763671875 1060.7913818359375 1060.721923828125 1060.6771240234375 1060.4967041015625 1060.4930419921875 1060.6314697265625 1060.630615234375 1060.6080322265625 1060.55859375 1060.527099609375 1060.44873046875 1060.39453125 1060.483642578125 1060.51953125 1060.541259765625 1060.5621337890625 1060.46875 1060.410888671875 1060.4036865234375 1060.2545166015625 1060.29296875 1060.27783203125 1060.2314453125 1060.3140869140625 1060.270263671875 1060.1591796875 1060.169677734375 1060.1165771484375 1060.06982421875 1060.096435546875 1060.086669921875 1060.023193359375 1060.0213623046875 1059.9407958984375
1061.337890625 1061.396240234375 1061.3818359375 1061.2650146484375 1061.194091796875 1061.0806884765625 1061.109375 1061.1192626953125 1061.1729736328125 1061.1064453125 1061.045654296875 1060.9415283203125 1060.75927734375 1060.6378173828125 1060.522705078125 1060.5496826171875 1060.4539794921875 1060.403564453125 1060.5098876953125 1060.471435546875 1060.441162109375 1060.425048828125 1060.3748779296875 1060.37158203125 1060.489013671875 1060.5511474609375 1060.5513916015625 1060.5028076171875 1060.441162109375 1060.3021240234375 1060.3504638671875 1060.205810546875 1060.1748046875 1060.1805419921875 1060.1456298828125 1060.091796875 1060.0133056640625 1059.881591796875 1059.8834228515625 1059.95703125 1059.9639892578125 1059.981689453125 1060.107177734375 1059.955322265625 1059.9892578125 1059.9456787109375
1061.3831787109375 1061.370361328125 1061.39111328125 1061.2696533203125 1061.1922607421875 1061.088623046875 1061.0499267578125 1061.0421142578125 1061.0831298828125 1061.0323486328125 1060.9840087890625 1060.88525390625 1060.755615234375 1060.6502685546875 1060.637939453125 1060.6102294921875 1060.5213623046875 1060.3935546875 1060.4061279296875 1060.4219970703125 1060.4969482421875 1060.4598388671875 1060.428955078125 1060.4310302734375 1060.366455078125 1060.3876953125 1060.3524169921875 1060.330078125 1060.3177490234375 1060.2291259765625 1060.1990966796875 1060.068115234375 1060.0587158203125 1060.0479736328125 1059.9759521484375 1059.8353271484375 1059.74755859375 1059.6605224609375 1059.7547607421875 1059.77490234375 1059.7376708984375 1059.8336181640625 1060.040283203125 1060.0523681640625 1059.9962158203125 1059.93603515625
1061.3629150390625 1061.3433837890625 1061.3355712890625 1061.2327880859375 1061.1273193359375 1061.1474609375 1061.05908203125 1061.056884765625 1061.0460205078125 1060.9981689453125 1060.9930419921875 1060.9461669921875 1060.839111328125 1060.7314453125 1060.7235107421875 1060.7142333984375 1060.6546630859375 1060.716552734375 1060.6434326171875 1060.5565185546875 1060.498046875 1060.419677734375 1060.4439697265625 1060.399169921875 1060.26416015625 1060.2625732421875 1060.2484130859375 1060.2374267578125 1060.2138671875 1060.1116943359375 1060.0408935546875 1060.012939453125 1060.00439453125 1059.9482421875 1059.913330078125 1059.830322265625 1059.7911376953125 1059.73291015625 1059.7523193359375 1059.75439453125 1059.5953369140625 1059.6053466796875 1059.811279296875 1060.00830078125 1060.0506591796875 1059.99267578125
1061.258544921875 1061.2672119140625 1061.232421875 1061.1890869140625 1061.134765625 1061.1278076171875 1061.06103515625 1061.015625 1061.0321044921875 1061.0133056640625 1060.959716796875 1060.927001953125 1060.849853515625 1060.7811279296875 1060.824462890625 1060.8587646484375 1060.813232421875 1060.764892578125 1060.648193359375 1060.5909423828125 1060.4935302734375 1060.4395751953125 1060.460205078125 1060.3907470703125 1060.326416015625 1060.2296142578125 1060.1724853515625 1060.1143798828125 1060.05322265625 1060.077880859375 1060.06201171875 1060.072509765625 1060.063232421875 1060.0455322265625 1060.043212890625 1059.9813232421875 1059.899658203125 1059.8409423828125 1059.8944091796875 1059.8668212890625 1059.7301025390625 1059.571533203125 1059.635498046875 1059.8968505859375 1059.9207763671875 1059.9437255859375
1061.1829833984375 1061.228759765625 1061.1710205078125 1061.0931396484375 1061.0709228515625 1061.0101318359375 1061.0220947265625 1061.03125 1061.027099609375 1060.9974365234375 1060.99267578125 1061.000732421875 1060.9736328125 1060.9178466796875 1060.8856201171875 1060.8511962890625 1060.8233642578125 1060.724365234375 1060.644775390625 1060.634033203125 1060.5723876953125 1060.5098876953125 1060.43359375 1060.3236083984375 1060.248046875 1060.1514892578125 1060.099853515625 1060.1102294921875 1060.12255859375 1060.2060546875 1060.2005615234375 1060.1953125 1060.1947021484375 1060.2225341796875 1060.1937255859375 1060.1070556640625 1059.9964599609375 1059.9892578125 1060.023193359375 1059.9417724609375 1059.8626708984375 1059.6707763671875 1059.5811767578125 1059.6324462890625 1059.727783203125 1059.78369140625
1061.13134765625 1061.1138916015625 1061.0709228515625 1061.075927734375 1061.081787109375 1061.00537109375 1061.006103515625 1061.0208740234375 1061.04345703125 1061.0338134765625 1061.055419921875 1060.9801025390625 1060.8304443359375 1060.782470703125 1060.8250732421875 1060.7659912109375 1060.7149658203125 1060.6925048828125 1060.637451171875 1060.578857421875 1060.4964599609375 1060.469482421875 1060.353271484375 1060.212646484375 1060.209716796875 1060.2515869140625 1060.2430419921875 1060.33203125 1060.361083984375 1060.3548583984375 1060.358642578125 1060.2852783203125 1060.263916015625 1060.2794189453125 1060.20947265625 1060.1553955078125 1060.09912109375 1060.03271484375 1060.017578125 1060.0052490234375 1059.9605712890625 1059.859130859375 1059.7247314453125 1059.666748046875 1059.687255859375 1059.60595703125
1061.14013671875 1061.091064453125 1061.08740234375 1061.0816650390625 1061.0675048828125 1061.0577392578125 1061.04931640625 1061.0203857421875 1060.970458984375 1060.9486083984375 1060.978759765625 1060.91796875 1060.85302734375 1060.8089599609375 1060.6939697265625 1060.656982421875 1060.5716552734375 1060.5196533203125 1060.5057373046875 1060.4095458984375 1060.3436279296875 1060.4075927734375 1060.4444580078125 1060.3953857421875 1060.4014892578125 1060.4451904296875 1060.4481201171875 1060.43994140625 1060.4112548828125 1060.3758544921875 1060.3692626953125 1060.33056640625 1060.29296875 1060.244140625 1060.208740234375 1060.16748046875 1060.1431884765625 1060.06005859375 1060.0133056640625 1060.009765625 1059.9588623046875 1059.9046630859375 1059.8515625 1059.7459716796875 1059.725830078125 1059.6580810546875
1061.2039794921875 1061.1749267578125 1061.17919921875 1061.16064453125 1061.0723876953125 1061.0322265625 1061.0311279296875 1061.058349609375 1061.034912109375 1060.960693359375 1060.9637451171875 1060.83837890625 1060.745361328125 1060.788330078125 1060.6715087890625 1060.5428466796875 1060.4866943359375 1060.447998046875 1060.4239501953125 1060.38818359375 1060.4112548828125 1060.499267578125 1060.5845947265625 1060.6009521484375 1060.5699462890625 1060.5390625 1060.513916015625 1060.440673828125 1060.4088134765625 1060.417724609375 1060.3642578125 1060.303955078125 1060.241455078125 1060.2078857421875 1060.205078125 1060.140380859375 1060.107177734375 1060.09716796875 1060.062255859375 1060.0355224609375 1059.9779052734375 1059.880126953125 1059.8470458984375 1059.8250732421875 1059.7886962890625 1059.7740478515625
1061.20654296875 1061.18701171875 1061.2142333984375 1061.1944580078125 1061.0958251953125 1061.0546875 1061.0489501953125 1060.997802734375 1060.9661865234375 1060.9423828125 1060.90087890625 1060.8004150390625 1060.715087890625 1060.7340087890625 1060.6778564453125 1060.5968017578125 1060.5435791015625 1060.521728515625 1060.5455322265625 1060.56005859375 1060.5831298828125 1060.6246337890625 1060.626953125 1060.613525390625 1060.6177978515625 1060.5736083984375 1060.524169921875 1060.4781494140625 1060.4281005859375 1060.4222412109375 1060.383544921875 1060.3251953125 1060.2750244140625 1060.18115234375 1060.1378173828125 1060.131591796875 1060.106201171875 1060.1114501953125 1060.0836181640625 1060.017333984375 1059.986572265625 1059.93408203125 1059.8560791015625 1059.8052978515625 1059.7989501953125 1059.866943359375
1061.2452392578125 1061.2164306640625 1061.20361328125 1061.134765625 1061.0570068359375 1061.0399169921875 1061.03125 1060.99072265625 1060.9437255859375 1060.9573974609375 1060.9259033203125 1060.822998046875 1060.76171875 1060.73779296875 1060.69287109375 1060.69140625 1060.68994140625 1060.62451171875 1060.585205078125 1060.600830078125 1060.6473388671875 1060.6866455078125 1060.666015625 1060.6361083984375 1060.630615234375 1060.6099853515625 1060.6146240234375 1060.548095703125 1060.421142578125 1060.4228515625 1060.41650390625 1060.3770751953125 1060.3092041015625 1060.187744140625 1060.10302734375 1060.0902099609375 1060.09326171875 1060.05908203125 1060.0682373046875 1060.0294189453125 1060.0009765625 1059.9896240234375 1059.91796875 1059.8355712890625 1059.7396240234375 1059.7666015625
1061.240966796875 1061.2022705078125 1061.21630859375 1061.1597900390625 1061.0489501953125 1061.0389404296875 1061.0101318359375 1060.9405517578125 1060.90576171875 1060.9158935546875 1060.899169921875 1060.821044921875 1060.767822265625 1060.71044921875 1060.662841796875 1060.6995849609375 1060.75537109375 1060.682861328125 1060.587646484375 1060.54736328125 1060.5355224609375 1060.6109619140625 1060.6414794921875 1060.6160888671875 1060.6019287109375 1060.583740234375 1060.604736328125 1060.592529296875 1060.462890625 1060.4244384765625 1060.4613037109375 1060.4010009765625 1060.327392578125 1060.2572021484375 1060.126953125 1060.0550537109375 1060.02294921875 1059.9898681640625 1060.0023193359375 1059.966552734375 1059.9268798828125 1059.9029541015625 1059.8662109375 1059.8843994140625 1059.78662109375 1059.6873779296875
1061.1854248046875 1061.20849609375 1061.2100830078125 1061.1317138671875 1061.0264892578125 1060.9599609375 1060.9755859375 1060.9312744140625 1060.857421875 1060.8671875 1060.8084716796875 1060.7767333984375 1060.790771484375 1060.7230224609375 1060.695556640625 1060.6826171875 1060.6817626953125 1060.6558837890625 1060.5938720703125 1060.5089111328125 1060.430908203125 1060.472412109375 1060.4910888671875 1060.485595703125 1060.494873046875 1060.5045166015625 1060.5013427734375 1060.507568359375 1060.436279296875 1060.343505859375 1060.3607177734375 1060.3614501953125 1060.3258056640625 1060.29833984375 1060.1123046875 1060.0235595703125 1060.0360107421875 1059.9619140625 1059.92578125 1059.92578125 1059.849853515625 1059.8175048828125 1059.8226318359375 1059.8046875 1059.7476806640625 1059.6077880859375
1061.1746826171875 1061.1956787109375 1061.127197265625 1061.0301513671875 1060.9718017578125 1060.9222412109375 1060.8902587890625 1060.8336181640625 1060.83984375 1060.8299560546875 1060.794921875 1060.8099365234375 1060.77880859375 1060.7298583984375 1060.726806640625 1060.662841796875 1060.633544921875 1060.658447265625 1060.637451171875 1060.5972900390625 1060.5091552734375 1060.4278564453125 1060.4091796875 1060.3719482421875 1060.3270263671875 1060.3453369140625 1060.37158203125 1060.3807373046875 1060.3748779296875 1060.3204345703125 1060.2425537109375 1060.2335205078125 1060.2249755859375 1060.2301025390625 1060.1512451171875 1059.9910888671875 1060.01220703125 1060.0137939453125 1059.927978515625 1059.8387451171875 1059.79736328125 1059.7479248046875 1059.719482421875 1059.6346435546875 1059.5750732421875 1059.529296875
1061.1534423828125 1061.1622314453125 1061.0628662109375 1061.02001953125 1060.9766845703125 1060.918212890625 1060.898193359375 1060.8546142578125 1060.8673095703125 1060.857421875 1060.8680419921875 1060.8526611328125 1060.8331298828125 1060.7950439453125 1060.7574462890625 1060.644775390625 1060.52880859375 1060.551513671875 1060.5699462890625 1060.582763671875 1060.551513671875 1060.49951171875 1060.456298828125 1060.3780517578125 1060.2923583984375 1060.2503662109375 1060.2501220703125 1060.27978515625 1060.2569580078125 1060.247802734375 1060.16796875 1060.11328125 1060.119873046875 1060.1226806640625 1060.0859375 1059.9849853515625 1059.9273681640625 1059.9217529296875 1059.8397216796875 1059.7926025390625 1059.7652587890625 1059.6873779296875 1059.6202392578125 1059.5501708984375 1059.4990234375 1059.5062255859375
1061.089111328125 1061.10791015625 1061.0394287109375 1060.9658203125 1060.976806640625 1060.9085693359375 1060.8367919921875 1060.8106689453125 1060.8248291015625 1060.8961181640625 1060.8411865234375 1060.7681884765625 1060.78369140625 1060.7540283203125 1060.756103515625 1060.6787109375 1060.59326171875 1060.515625 1060.5166015625 1060.4140625 1060.333740234375 1060.394775390625 1060.41259765625 1060.425048828125 1060.365966796875 1060.3121337890625 1060.268798828125 1060.2520751953125 1060.176025390625 1060.1446533203125 1060.079345703125 1060.0185546875 1060.0394287109375 1059.9713134765625 1059.901123046875 1059.8983154296875 1059.8265380859375 1059.80615234375 1059.7740478515625 1059.7298583984375 1059.6776123046875 1059.611572265625 1059.5814208984375 1059.5159912109375 1059.4970703125 1059.5120849609375
1061.082763671875 1061.036865234375 1060.9619140625 1060.940673828125 1060.8721923828125 1060.8428955078125 1060.865478515625 1060.80126953125 1060.7564697265625 1060.83349609375 1060.799560546875 1060.8074951171875 1060.7884521484375 1060.8060302734375 1060.7791748046875 1060.728759765625 1060.66162109375 1060.6409912109375 1060.5733642578125 1060.421875 1060.2073974609375 1060.181640625 1060.22900390625 1060.281005859375 1060.2918701171875 1060.2574462890625 1060.25830078125 1060.24365234375 1060.1788330078125 1060.158203125 1060.1270751953125 1060.0654296875 1060.0311279296875 1059.923583984375 1059.8568115234375 1059.8572998046875 1059.8140869140625 1059.78759765625 1059.7803955078125 1059.6800537109375 1059.626708984375 1059.5941162109375 1059.563232421875 1059.5179443359375 1059.5360107421875 1059.5399169921875
1061.1912841796875 1061.10107421875 1061.0035400390625 1060.9632568359375 1060.884765625 1060.85498046875 1060.7879638671875 1060.7822265625 1060.807373046875 1060.8404541015625 1060.8499755859375 1060.7645263671875 1060.8284912109375 1060.8497314453125 1060.795654296875 1060.7557373046875 1060.7515869140625 1060.5955810546875 1060.5103759765625 1060.4423828125 1060.329345703125 1060.192626953125 1060.183349609375 1060.146240234375 1060.167236328125 1060.110595703125 1060.0987548828125 1060.0654296875 1060.03125 1060.032958984375 1060.0216064453125 1060.028564453125 1059.9912109375 1059.9002685546875 1059.7593994140625 1059.7347412109375 1059.767333984375 1059.72802734375 1059.632080078125 1059.5682373046875 1059.5845947265625 1059.5859375 1059.6121826171875 1059.5994873046875 1059.55078125 1059.575439453125
