data/avaKot/Inputs/avaKot.asc
ncols        353
nrows        500
xllcenter    176965.930064178
yllcenter    376273.974773546
cellsize     4.997678230579
NODATA_value  -9999
[rows 380 to 399 of 500, columns 46 to 91 of 353]
1598.560791015625 1601.3538818359375 1605.1456298828125 1610.0693359375 1614.4852294921875 1619.47509765625 1623.1446533203125 1627.294189453125 1632.83447265625 1638.9742431640625 1643.417724609375 1649.767822265625 1663.428466796875 1686.2623291015625 1685.9732666015625 1684.673828125 1683.1280517578125 1682.421875 1681.3345947265625 1681.12646484375 1680.31103515625 1679.7313232421875 1680.054931640625 1675.0274658203125 1658.2659912109375 1650.99560546875 1641.948486328125 1636.1878662109375 1635.3143310546875 1634.8084716796875 1628.9407958984375 1623.021728515625 1605.9449462890625 1595.1524658203125 1594.9493408203125 1608.2259521484375 1612.9937744140625 1616.0970458984375 1621.2698974609375 1627.0345458984375 1632.5047607421875 1638.3660888671875 1641.8173828125 1645.2452392578125 1649.5218505859375 1654.126220703125
1596.1781005859375 1600.967529296875 1606.495361328125 1612.1868896484375 1616.857666015625 1622.171142578125 1628.4239501953125 1633.3043212890625 1637.0345458984375 1641.9656982421875 1646.547119140625 1659.059326171875 1680.549560546875 1689.2353515625 1689.251708984375 1688.930908203125 1686.7786865234375 1685.205322265625 1684.030029296875 1683.797119140625 1683.2559814453125 1683.202392578125 1683.5203857421875 1679.2088623046875 1664.986328125 1652.673828125 1647.63671875 1643.0408935546875 1639.5926513671875 1637.2847900390625 1632.58984375 1627.8197021484375 1617.980224609375 1606.285400390625 1595.1798095703125 1607.353271484375 1612.9613037109375 1617.4564208984375 1622.735107421875 1627.226318359375 1631.647216796875 1636.0028076171875 1640.6932373046875 1644.8809814453125 1650.7568359375 1655.764892578125
1600.228515625 1604.5645751953125 1608.509033203125 1612.4962158203125 1616.45166015625 1623.0941162109375 1634.984375 1640.26220703125 1644.487060546875 1652.2830810546875 1659.7772216796875 1679.5472412109375 1690.90234375 1693.177001953125 1693.1173095703125 1693.93798828125 1691.1715087890625 1688.9493408203125 1687.9952392578125 1687.2789306640625 1686.7977294921875 1686.40380859375 1686.6103515625 1683.42626953125 1672.8104248046875 1657.6759033203125 1652.88037109375 1650.16259765625 1644.6324462890625 1638.5838623046875 1634.7613525390625 1632.01953125 1629.31494140625 1618.5863037109375 1600.894775390625 1607.285888671875 1612.0904541015625 1617.8995361328125 1622.370361328125 1626.8035888671875 1632.2640380859375 1638.3948974609375 1643.810546875 1647.273681640625 1651.134521484375 1656.1864013671875
1602.4688720703125 1607.0799560546875 1611.402099609375 1615.7078857421875 1620.1689453125 1625.546142578125 1635.7430419921875 1645.6158447265625 1655.08935546875 1667.409423828125 1678.410888671875 1688.9188232421875 1693.0306396484375 1695.8154296875 1696.1728515625 1696.3870849609375 1695.3438720703125 1693.850830078125 1692.5133056640625 1691.35986328125 1690.9503173828125 1690.1009521484375 1689.9683837890625 1688.6976318359375 1681.0919189453125 1665.217041015625 1660.8983154296875 1657.8074951171875 1650.6455078125 1647.5701904296875 1640.266845703125 1635.55078125 1633.5419921875 1626.7259521484375 1610.705322265625 1607.71826171875 1612.70458984375 1618.24951171875 1623.6439208984375 1629.5841064453125 1637.319580078125 1643.912353515625 1649.2738037109375 1653.8001708984375 1655.6842041015625 1658.478759765625
1603.823974609375 1608.2401123046875 1612.584716796875 1618.4114990234375 1626.521728515625 1631.9432373046875 1639.626708984375 1651.736083984375 1661.2532958984375 1673.94580078125 1688.2352294921875 1692.348876953125 1696.4317626953125 1699.43115234375 1699.6204833984375 1699.3275146484375 1699.3544921875 1697.919189453125 1696.6025390625 1695.401611328125 1694.4312744140625 1694.0225830078125 1693.968505859375 1693.279296875 1690.434814453125 1682.89306640625 1675.7039794921875 1665.946044921875 1658.3245849609375 1655.685791015625 1647.878662109375 1639.304443359375 1637.343505859375 1631.7032470703125 1617.828857421875 1608.3111572265625 1614.586669921875 1620.6943359375 1629.005126953125 1635.82568359375 1641.4525146484375 1646.7293701171875 1651.474365234375 1656.331787109375 1659.744873046875 1662.6739501953125
1605.9512939453125 1609.256103515625 1613.587890625 1619.6568603515625 1627.8619384765625 1635.6297607421875 1644.423095703125 1654.246337890625 1666.724365234375 1683.154541015625 1693.693115234375 1696.3204345703125 1699.1422119140625 1702.012939453125 1703.669677734375 1703.8494873046875 1703.616455078125 1702.15869140625 1700.55810546875 1699.2821044921875 1698.800537109375 1698.7054443359375 1698.23291015625 1698.3448486328125 1697.4114990234375 1693.4512939453125 1687.3057861328125 1678.7249755859375 1668.9515380859375 1658.220703125 1651.0120849609375 1643.9683837890625 1638.98876953125 1634.4786376953125 1623.93017578125 1613.3026123046875 1619.236083984375 1625.9698486328125 1633.0833740234375 1636.6309814453125 1640.3004150390625 1645.48681640625 1651.0650634765625 1655.149169921875 1659.046142578125 1662.9615478515625
1611.1004638671875 1614.518798828125 1618.9954833984375 1624.14794921875 1630.152587890625 1638.4835205078125 1646.8472900390625 1655.2313232421875 1671.661376953125 1689.142333984375 1696.741943359375 1699.82421875 1702.035400390625 1703.9041748046875 1706.0123291015625 1707.19873046875 1707.370849609375 1706.338134765625 1704.5299072265625 1703.58251953125 1703.1854248046875 1702.4244384765625 1703.1031494140625 1703.5804443359375 1701.9097900390625 1698.8294677734375 1694.500732421875 1686.355224609375 1676.4781494140625 1664.5357666015625 1654.8883056640625 1649.5570068359375 1640.927490234375 1633.9830322265625 1625.8216552734375 1621.21337890625 1625.552978515625 1629.584228515625 1633.324462890625 1638.1502685546875 1643.3206787109375 1647.760498046875 1651.945556640625 1656.2154541015625 1660.8914794921875 1665.3402099609375
1615.0050048828125 1619.7723388671875 1624.80859375 1628.051025390625 1634.0999755859375 1642.7476806640625 1649.7425537109375 1658.4735107421875 1677.362060546875 1694.8587646484375 1700.1143798828125 1703.096435546875 1705.0650634765625 1706.843505859375 1708.984619140625 1710.6124267578125 1710.9146728515625 1710.4744873046875 1709.1307373046875 1708.702880859375 1708.3720703125 1707.291259765625 1708.2196044921875 1708.6607666015625 1707.131591796875 1704.3765869140625 1698.812255859375 1689.553955078125 1680.2486572265625 1669.762939453125 1660.0615234375 1655.66259765625 1645.3828125 1633.2496337890625 1627.3841552734375 1623.62109375 1626.1998291015625 1629.9447021484375 1634.0369873046875 1638.841064453125 1645.0369873046875 1651.175048828125 1657.3458251953125 1663.983154296875 1669.5836181640625 1673.6033935546875
1615.5826416015625 1622.24951171875 1629.8807373046875 1633.944091796875 1637.7947998046875 1643.9361572265625 1652.9693603515625 1664.9384765625 1682.4202880859375 1697.5860595703125 1702.848876953125 1706.0340576171875 1707.8680419921875 1709.5562744140625 1711.44970703125 1712.615478515625 1713.4925537109375 1714.4278564453125 1714.0654296875 1713.79345703125 1713.3939208984375 1712.0494384765625 1712.353515625 1712.6781005859375 1711.439453125 1708.5921630859375 1701.919677734375 1694.0152587890625 1683.9554443359375 1671.8927001953125 1664.85009765625 1658.887939453125 1647.182861328125 1634.8924560546875 1629.6895751953125 1625.8656005859375 1626.49853515625 1631.4739990234375 1635.5911865234375 1640.5484619140625 1649.1182861328125 1658.2314453125 1663.2470703125 1667.6060791015625 1672.966552734375 1680.987548828125
1620.571044921875 1629.02490234375 1635.0546875 1639.3629150390625 1642.5914306640625 1647.0008544921875 1656.537109375 1669.3248291015625 1683.2261962890625 1696.7445068359375 1703.536865234375 1707.439453125 1710.365478515625 1712.0009765625 1713.5306396484375 1714.914306640625 1716.391845703125 1718.1624755859375 1719.0093994140625 1719.1143798828125 1718.9512939453125 1717.601806640625 1716.5399169921875 1716.1453857421875 1715.787109375 1710.8333740234375 1703.2017822265625 1697.6688232421875 1688.94189453125 1676.2960205078125 1670.7913818359375 1660.942138671875 1647.6453857421875 1639.09375 1633.478515625 1629.7420654296875 1630.2452392578125 1635.3931884765625 1639.2401123046875 1646.1209716796875 1653.92529296875 1659.6617431640625 1664.2410888671875 1669.1773681640625 1677.4583740234375 1687.5101318359375
1626.3040771484375 1634.1649169921875 1637.813232421875 1642.8819580078125 1650.0416259765625 1654.5965576171875 1660.531982421875 1673.9903564453125 1684.1881103515625 1695.4227294921875 1704.65966796875 1709.0069580078125 1712.040771484375 1713.8841552734375 1715.785888671875 1717.814208984375 1719.7762451171875 1721.416259765625 1723.0679931640625 1724.5269775390625 1723.8355712890625 1722.6025390625 1721.4259033203125 1720.2705078125 1719.358154296875 1713.9139404296875 1706.4639892578125 1701.2265625 1693.767333984375 1682.298828125 1676.329833984375 1668.1923828125 1653.9381103515625 1643.9512939453125 1638.4127197265625 1633.8831787109375 1634.53662109375 1640.0589599609375 1645.256591796875 1649.7681884765625 1654.708251953125 1659.8516845703125 1664.9296875 1673.4195556640625 1683.6759033203125 1691.0562744140625
1629.4044189453125 1636.4896240234375 1639.7593994140625 1646.35205078125 1654.3787841796875 1659.5791015625 1663.6898193359375 1678.6455078125 1688.57373046875 1696.7813720703125 1706.0238037109375 1710.6124267578125 1713.296875 1715.6092529296875 1718.56591796875 1720.6517333984375 1722.7586669921875 1724.60498046875 1725.548583984375 1726.611328125 1726.75732421875 1725.916015625 1725.16455078125 1723.89501953125 1720.7620849609375 1716.155029296875 1709.989013671875 1702.7080078125 1694.8204345703125 1688.230224609375 1683.7447509765625 1675.2669677734375 1661.55224609375 1649.606201171875 1642.837158203125 1636.1807861328125 1637.0555419921875 1642.7186279296875 1647.5927734375 1651.9581298828125 1656.70654296875 1662.3662109375 1670.52197265625 1679.346435546875 1686.0338134765625 1692.1224365234375
1629.5706787109375 1637.3321533203125 1645.216796875 1651.637939453125 1655.9046630859375 1661.4339599609375 1665.33251953125 1680.1805419921875 1690.9664306640625 1697.7239990234375 1706.8060302734375 1712.372802734375 1715.3162841796875 1718.0604248046875 1719.9967041015625 1722.1605224609375 1724.1785888671875 1725.703369140625 1727.29736328125 1728.4207763671875 1728.7418212890625 1728.3065185546875 1727.9013671875 1726.403564453125 1723.417724609375 1721.1092529296875 1713.1944580078125 1703.3436279296875 1696.6553955078125 1694.4564208984375 1691.040283203125 1682.290771484375 1667.8184814453125 1654.4384765625 1645.87939453125 1639.29345703125 1640.387451171875 1645.66796875 1649.8525390625 1655.0994873046875 1660.9901123046875 1667.9671630859375 1674.8182373046875 1680.8031005859375 1686.2554931640625 1692.7451171875
1632.77783203125 1640.2454833984375 1647.06689453125 1653.646240234375 1658.064697265625 1664.04443359375 1668.9859619140625 1679.9117431640625 1690.66259765625 1700.543212890625 1708.862060546875 1712.8653564453125 1716.104248046875 1718.8074951171875 1721.0850830078125 1723.5147705078125 1725.4989013671875 1727.2880859375 1728.4049072265625 1729.779052734375 1730.6441650390625 1730.8316650390625 1730.08447265625 1728.6116943359375 1726.6884765625 1723.368408203125 1715.7017822265625 1706.239501953125 1701.35498046875 1699.7847900390625 1696.245849609375 1690.5341796875 1678.365966796875 1661.3560791015625 1650.1541748046875 1644.3360595703125 1643.743896484375 1648.003662109375 1652.0482177734375 1657.8294677734375 1663.4315185546875 1668.42919921875 1675.220458984375 1681.613037109375 1686.8685302734375 1691.7901611328125
1637.2886962890625 1646.427490234375 1650.8609619140625 1657.0244140625 1661.343017578125 1666.525634765625 1672.158447265625 1681.443359375 1693.910400390625 1704.8115234375 1710.9774169921875 1714.21630859375 1717.597412109375 1720.478759765625 1722.4566650390625 1725.1036376953125 1726.897705078125 1728.5972900390625 1730.0380859375 1731.173095703125 1731.72021484375 1732.265625 1732.128173828125 1730.651123046875 1728.1265869140625 1724.7880859375 1719.6185302734375 1710.5994873046875 1707.7481689453125 1705.2427978515625 1701.7564697265625 1698.181640625 1692.147216796875 1670.3172607421875 1655.6383056640625 1648.138671875 1645.8912353515625 1650.242431640625 1655.0379638671875 1660.0093994140625 1665.414794921875 1670.5384521484375 1675.4029541015625 1680.898681640625 1686.63671875 1695.301513671875
1640.0277099609375 1647.8558349609375 1656.1207275390625 1662.390380859375 1665.3858642578125 1668.94091796875 1675.7723388671875 1686.0400390625 1697.036865234375 1706.2391357421875 1710.7396240234375 1714.9710693359375 1718.5701904296875 1721.9549560546875 1725.35205078125 1727.3184814453125 1729.3072509765625 1731.303466796875 1733.0726318359375 1733.1822509765625 1733.4832763671875 1734.5045166015625 1733.9425048828125 1731.8697509765625 1729.488037109375 1726.996337890625 1722.834716796875 1716.773681640625 1715.9769287109375 1712.6029052734375 1707.781982421875 1704.31103515625 1701.05078125 1678.833984375 1660.965576171875 1652.54345703125 1648.7437744140625 1653.6146240234375 1658.38134765625 1662.967041015625 1668.0340576171875 1673.6954345703125 1678.4771728515625 1682.5379638671875 1687.4989013671875 1697.2755126953125
1644.885986328125 1651.7742919921875 1662.0462646484375 1667.5565185546875 1669.232421875 1671.9508056640625 1681.3819580078125 1691.068115234375 1698.6273193359375 1704.991455078125 1710.30859375 1714.2071533203125 1718.8939208984375 1724.18896484375 1730.0028076171875 1730.6865234375 1732.4931640625 1734.500732421875 1735.5250244140625 1736.27490234375 1736.331787109375 1736.4520263671875 1735.741455078125 1733.3731689453125 1731.56640625 1729.827880859375 1726.650146484375 1724.5574951171875 1722.8677978515625 1719.6553955078125 1714.7567138671875 1710.6279296875 1706.1368408203125 1687.8638916015625 1665.6085205078125 1654.5452880859375 1650.2396240234375 1656.503662109375 1660.7877197265625 1664.484130859375 1668.8160400390625 1674.019775390625 1680.143798828125 1683.7373046875 1689.98681640625 1699.4442138671875
1652.3409423828125 1658.4588623046875 1667.0491943359375 1670.92919921875 1677.48828125 1682.5191650390625 1688.4547119140625 1695.2076416015625 1700.5269775390625 1705.0576171875 1709.43115234375 1714.2242431640625 1720.8365478515625 1727.7601318359375 1732.29638671875 1734.231689453125 1736.1199951171875 1737.5704345703125 1738.4443359375 1739.380615234375 1739.6505126953125 1738.9862060546875 1738.083984375 1735.9278564453125 1734.349365234375 1733.22119140625 1731.60205078125 1729.3001708984375 1726.81982421875 1724.1358642578125 1721.1700439453125 1717.4342041015625 1710.5975341796875 1697.099365234375 1668.6807861328125 1660.0389404296875 1654.7989501953125 1658.0858154296875 1663.3779296875 1666.84521484375 1669.5506591796875 1673.7193603515625 1678.16357421875 1682.0947265625 1695.5137939453125 1704.4866943359375
1656.0462646484375 1663.2110595703125 1669.059326171875 1674.080810546875 1686.3236083984375 1692.5908203125 1695.1732177734375 1699.462890625 1704.037353515625 1706.68115234375 1711.359619140625 1719.7947998046875 1726.487060546875 1731.724853515625 1735.7672119140625 1737.288330078125 1739.3267822265625 1741.3951416015625 1742.07568359375 1742.6939697265625 1743.0123291015625 1742.2623291015625 1741.1002197265625 1739.2535400390625 1737.482421875 1736.5869140625 1735.215087890625 1732.483154296875 1731.5908203125 1728.0625 1723.9521484375 1719.6668701171875 1714.7200927734375 1700.642822265625 1672.4542236328125 1667.0137939453125 1662.35595703125 1659.5203857421875 1664.0565185546875 1667.88916015625 1671.0850830078125 1674.804443359375 1678.50732421875 1681.9254150390625 1697.721435546875 1708.04638671875
1659.88623046875 1665.3929443359375 1670.3358154296875 1680.38427734375 1689.7733154296875 1695.008056640625 1698.9521484375 1702.6290283203125 1706.3006591796875 1709.591796875 1717.081787109375 1725.75537109375 1732.4124755859375 1737.463623046875 1739.27880859375 1740.433349609375 1742.40966796875 1743.5010986328125 1744.3551025390625 1744.6300048828125 1745.658447265625 1745.067138671875 1744.1905517578125 1742.253662109375 1741.243896484375 1740.1636962890625 1738.4813232421875 1736.8214111328125 1736.93408203125 1733.1849365234375 1723.581787109375 1718.9969482421875 1714.25634765625 1703.629638671875 1676.6766357421875 1673.686767578125 1667.768798828125 1662.6153564453125 1664.35009765625 1667.4527587890625 1671.2969970703125 1674.8487548828125 1677.757568359375 1683.093017578125 1703.96484375 1710.559326171875
