data/avaKot/Inputs/avaKot.asc
ncols        353
nrows        500
xllcenter    176965.930064178
yllcenter    376273.974773546
cellsize     4.997678230579
NODATA_value  -9999
[rows 280 to 299 of 500, columns 230 to 275 of 353]
1373.619384765625 1373.5924072265625 1372.8968505859375 1370.3721923828125 1366.4688720703125 1363.8037109375 1361.6748046875 1359.8609619140625 1358.2454833984375 1355.5177001953125 1353.793701171875 1351.9105224609375 1350.916015625 1349.5859375 1348.2911376953125 1348.1046142578125 1347.343017578125 1344.746826171875 1343.5037841796875 1343.6292724609375 1342.7705078125 1341.7442626953125 1340.7589111328125 1338.827880859375 1337.0150146484375 1335.2021484375 1333.0958251953125 1331.1552734375 1329.2218017578125 1327.1138916015625 1325.1163330078125 1322.7578125 1320.4461669921875 1318.7000732421875 1317.8822021484375 1316.7381591796875 1315.249755859375 1314.6009521484375 1313.703125 1312.822265625 1311.9000244140625 1311.52197265625 1310.935546875 1310.104248046875 1308.9979248046875 1307.9173583984375
1377.0494384765625 1377.391357421875 1376.794921875 1373.1812744140625 1370.904541015625 1369.6829833984375 1367.87890625 1367.056884765625 1364.5616455078125 1360.53076171875 1359.24658203125 1357.825439453125 1355.3731689453125 1354.4356689453125 1353.2015380859375 1352.2874755859375 1353.1158447265625 1353.62451171875 1350.7813720703125 1347.8411865234375 1345.75732421875 1343.851806640625 1341.9619140625 1340.2100830078125 1338.3970947265625 1336.164794921875 1333.7611083984375 1332.0289306640625 1329.8612060546875 1327.50048828125 1325.4033203125 1323.46728515625 1321.3392333984375 1319.119140625 1318.1441650390625 1317.3922119140625 1316.1888427734375 1315.867919921875 1314.920166015625 1314.3067626953125 1313.2425537109375 1312.17578125 1311.3768310546875 1310.9061279296875 1309.576416015625 1308.68115234375
1381.1236572265625 1381.0950927734375 1380.36328125 1379.114501953125 1378.267822265625 1376.8355712890625 1374.684326171875 1373.6046142578125 1370.9306640625 1366.184326171875 1365.7061767578125 1366.114501953125 1362.7686767578125 1361.9254150390625 1361.9915771484375 1361.88037109375 1358.7615966796875 1356.2313232421875 1351.075927734375 1348.8157958984375 1347.2755126953125 1345.1302490234375 1342.7921142578125 1341.54638671875 1340.0555419921875 1337.603759765625 1335.2376708984375 1332.9195556640625 1330.690673828125 1328.142333984375 1325.8199462890625 1324.3638916015625 1322.8292236328125 1320.3145751953125 1318.6226806640625 1317.99072265625 1317.90087890625 1317.69677734375 1317.1392822265625 1316.1431884765625 1315.1416015625 1314.265869140625 1313.2738037109375 1312.4952392578125 1311.811279296875 1310.72216796875
1388.4073486328125 1386.1165771484375 1386.2957763671875 1385.459716796875 1383.5516357421875 1380.589111328125 1377.8023681640625 1375.7169189453125 1373.340087890625 1371.554443359375 1370.933837890625 1369.4781494140625 1368.736572265625 1367.111328125 1365.224609375 1362.75244140625 1359.5091552734375 1355.3968505859375 1351.7666015625 1349.799560546875 1348.0166015625 1346.5018310546875 1344.5467529296875 1343.2489013671875 1341.2701416015625 1338.7823486328125 1336.8834228515625 1334.5635986328125 1332.0357666015625 1329.5625 1326.7796630859375 1324.8704833984375 1323.9088134765625 1321.868896484375 1319.64990234375 1318.3807373046875 1318.3858642578125 1318.3193359375 1318.7379150390625 1318.0738525390625 1316.9815673828125 1316.02978515625 1315.4254150390625 1314.0208740234375 1312.817138671875 1312.1458740234375
1392.46923828125 1390.4332275390625 1390.5743408203125 1388.523193359375 1385.597900390625 1382.2529296875 1379.3338623046875 1377.12841796875 1375.2454833984375 1374.4169921875 1372.8946533203125 1371.230224609375 1369.788818359375 1368.1031494140625 1366.1834716796875 1363.418212890625 1359.32177734375 1354.9757080078125 1352.81591796875 1351.1771240234375 1349.939453125 1348.730224609375 1347.0087890625 1345.0084228515625 1343.1033935546875 1340.7568359375 1338.808837890625 1336.4117431640625 1333.8248291015625 1331.28173828125 1328.3758544921875 1325.7227783203125 1324.2366943359375 1322.677490234375 1320.7510986328125 1319.4012451171875 1318.7886962890625 1318.9466552734375 1319.3514404296875 1319.27685546875 1318.764404296875 1317.945068359375 1317.0897216796875 1316.0928955078125 1314.90869140625 1313.978271484375
1394.5592041015625 1392.6644287109375 1392.7269287109375 1390.4305419921875 1387.455810546875 1384.069091796875 1381.1976318359375 1378.80859375 1377.263671875 1376.3690185546875 1375.1031494140625 1373.5645751953125 1372.0343017578125 1370.12841796875 1366.7607421875 1363.162109375 1359.710693359375 1356.6644287109375 1354.472900390625 1352.9718017578125 1352.1082763671875 1350.9732666015625 1349.0009765625 1347.0784912109375 1345.31982421875 1343.6005859375 1341.15576171875 1338.555908203125 1335.8857421875 1333.1943359375 1330.2181396484375 1327.1845703125 1324.834716796875 1323.3917236328125 1321.8052978515625 1320.55078125 1319.9593505859375 1319.874267578125 1320.2786865234375 1320.462890625 1320.199951171875 1319.7738037109375 1318.791748046875 1317.817138671875 1316.7486572265625 1315.884033203125
1396.460693359375 1392.981201171875 1393.0098876953125 1392.4912109375 1389.5228271484375 1385.93603515625 1383.0362548828125 1380.794677734375 1379.4605712890625 1378.362548828125 1377.3397216796875 1376.2264404296875 1374.664794921875 1371.7039794921875 1366.983642578125 1363.33251953125 1360.7542724609375 1357.9908447265625 1355.8953857421875 1355.3203125 1354.56982421875 1353.0643310546875 1351.1612548828125 1349.224853515625 1347.7542724609375 1346.16943359375 1343.5684814453125 1340.6666259765625 1337.79931640625 1334.8514404296875 1331.83642578125 1329.033935546875 1326.6966552734375 1324.795654296875 1323.1168212890625 1321.9267578125 1321.322509765625 1321.138427734375 1321.7205810546875 1321.9183349609375 1321.55029296875 1321.2120361328125 1320.4637451171875 1319.40283203125 1318.4200439453125 1317.5982666015625
1396.0787353515625 1393.4925537109375 1394.68798828125 1394.3597412109375 1391.3900146484375 1387.8624267578125 1385.0723876953125 1382.8231201171875 1381.706787109375 1380.5487060546875 1379.2021484375 1377.829345703125 1375.115478515625 1371.3753662109375 1367.7242431640625 1364.521240234375 1361.6939697265625 1359.1412353515625 1357.8895263671875 1357.6749267578125 1356.811767578125 1355.621826171875 1353.8807373046875 1352.2010498046875 1350.54833984375 1348.202880859375 1345.586181640625 1342.6396484375 1339.6732177734375 1336.7939453125 1333.8773193359375 1331.3017578125 1329.22119140625 1327.025390625 1325.126708984375 1323.9925537109375 1323.137939453125 1322.6378173828125 1323.0992431640625 1323.1900634765625 1322.966064453125 1322.5318603515625 1321.8297119140625 1320.9482421875 1319.7808837890625 1318.8829345703125
1396.9205322265625 1396.475830078125 1397.2513427734375 1395.8173828125 1392.65283203125 1389.6400146484375 1387.198974609375 1385.1939697265625 1383.98388671875 1382.6552734375 1380.953857421875 1378.423828125 1374.97265625 1371.81787109375 1368.8792724609375 1365.7843017578125 1363.039306640625 1361.409423828125 1360.739501953125 1360.02685546875 1359.0909423828125 1358.526611328125 1357.350341796875 1355.2923583984375 1353.1678466796875 1350.528564453125 1347.67578125 1344.71337890625 1341.7418212890625 1339.0030517578125 1336.213134765625 1333.5010986328125 1331.452392578125 1329.7607421875 1327.852783203125 1326.784912109375 1325.854736328125 1324.7264404296875 1324.4342041015625 1324.3427734375 1324.3912353515625 1323.95751953125 1323.194580078125 1322.336181640625 1321.265625 1320.2783203125
1399.9193115234375 1399.4595947265625 1398.9691162109375 1397.513427734375 1394.6600341796875 1391.90673828125 1389.7327880859375 1388.103271484375 1386.6231689453125 1384.646240234375 1382.314697265625 1379.4293212890625 1376.0379638671875 1372.9461669921875 1370.15869140625 1367.0152587890625 1364.39306640625 1363.7216796875 1363.815673828125 1363.3359375 1362.38232421875 1361.258056640625 1359.9566650390625 1357.934326171875 1355.4803466796875 1352.6983642578125 1349.896240234375 1346.99951171875 1344.0146484375 1341.2679443359375 1338.543212890625 1336.0089111328125 1333.97900390625 1332.5228271484375 1331.0030517578125 1329.687744140625 1328.5645751953125 1327.4052734375 1326.3919677734375 1326.0396728515625 1326.2230224609375 1325.739501953125 1324.4595947265625 1323.3597412109375 1322.69140625 1321.6767578125
1402.718017578125 1402.102294921875 1401.0484619140625 1400.0794677734375 1397.8017578125 1394.92724609375 1392.5616455078125 1390.8837890625 1388.9720458984375 1386.2943115234375 1383.5889892578125 1380.918212890625 1378.0784912109375 1374.76611328125 1371.2017822265625 1367.867919921875 1366.248779296875 1366.404052734375 1366.8037109375 1366.279296875 1365.189697265625 1364.08642578125 1362.13818359375 1359.8427734375 1357.722900390625 1355.328369140625 1352.473388671875 1349.330078125 1346.3203125 1343.623779296875 1341.0826416015625 1338.782958984375 1336.842041015625 1335.3983154296875 1334.1416015625 1332.90869140625 1331.115478515625 1329.85205078125 1329.02978515625 1328.116943359375 1328.077880859375 1327.2655029296875 1325.8125 1324.86181640625 1323.7183837890625 1322.701904296875
1405.9384765625 1405.137939453125 1403.90966796875 1402.505859375 1400.7672119140625 1397.754638671875 1395.2459716796875 1393.1343994140625 1390.9271240234375 1388.0814208984375 1384.8648681640625 1382.229248046875 1379.668212890625 1376.2132568359375 1372.8924560546875 1369.99267578125 1369.0670166015625 1369.088623046875 1369.2061767578125 1368.8944091796875 1367.962158203125 1366.7049560546875 1364.8065185546875 1362.4605712890625 1360.1697998046875 1357.77490234375 1354.8165283203125 1351.8306884765625 1348.796875 1346.0157470703125 1343.713623046875 1341.630859375 1339.971923828125 1338.482177734375 1336.9278564453125 1335.7515869140625 1333.7115478515625 1332.4554443359375 1331.7767333984375 1330.708740234375 1330.100830078125 1328.90673828125 1327.48486328125 1326.1710205078125 1324.9776611328125 1323.7564697265625
1410.1878662109375 1408.263916015625 1406.6031494140625 1404.76025390625 1402.828857421875 1400.1309814453125 1397.6240234375 1395.3155517578125 1392.8797607421875 1389.5084228515625 1386.0447998046875 1383.045654296875 1380.123046875 1377.51220703125 1375.37451171875 1372.9381103515625 1371.9061279296875 1371.6060791015625 1371.14990234375 1370.649658203125 1370.0609130859375 1369.1767578125 1367.42138671875 1365.043701171875 1362.3863525390625 1359.8250732421875 1357.1944580078125 1354.4285888671875 1351.320068359375 1348.480224609375 1346.4251708984375 1344.6376953125 1342.7647705078125 1340.98974609375 1339.40673828125 1338.0224609375 1336.2757568359375 1335.380126953125 1334.737060546875 1333.41796875 1332.4974365234375 1331.0101318359375 1329.1209716796875 1327.5194091796875 1325.9833984375 1324.6092529296875
1413.221923828125 1411.388671875 1409.531982421875 1407.193115234375 1404.205078125 1402.0880126953125 1399.6793212890625 1397.3038330078125 1394.746337890625 1391.1751708984375 1387.907470703125 1385.09716796875 1382.1422119140625 1379.5482177734375 1377.5330810546875 1376.1263427734375 1375.201904296875 1374.0435791015625 1373.2061767578125 1372.32373046875 1371.5111083984375 1370.543212890625 1369.5372314453125 1367.93896484375 1365.3375244140625 1362.7335205078125 1359.7283935546875 1356.5318603515625 1353.707275390625 1351.1927490234375 1349.3026123046875 1347.636474609375 1345.579345703125 1343.6053466796875 1342.087890625 1340.544677734375 1338.99365234375 1338.337158203125 1337.5665283203125 1336.13427734375 1334.9345703125 1333.2081298828125 1330.8880615234375 1328.8499755859375 1327.071044921875 1325.3436279296875
1413.5048828125 1412.8486328125 1411.96435546875 1409.7139892578125 1406.0994873046875 1403.525390625 1401.2265625 1398.91064453125 1396.324951171875 1393.39453125 1390.490234375 1387.0677490234375 1384.153076171875 1381.606689453125 1379.6212158203125 1379.0758056640625 1378.2135009765625 1376.495849609375 1375.1617431640625 1374.228271484375 1373.034423828125 1371.5867919921875 1370.3101806640625 1369.3572998046875 1367.471435546875 1365.1162109375 1362.137451171875 1359.115234375 1356.636474609375 1354.1185302734375 1352.0264892578125 1350.0780029296875 1348.1817626953125 1346.3123779296875 1344.7362060546875 1343.306396484375 1341.9686279296875 1341.1802978515625 1340.2919921875 1338.86865234375 1337.1866455078125 1334.89892578125 1332.63525390625 1330.2210693359375 1328.1224365234375 1326.56591796875
1414.549072265625 1413.3944091796875 1412.9378662109375 1411.7056884765625 1408.913818359375 1406.3067626953125 1405.3326416015625 1403.6842041015625 1400.5181884765625 1396.7955322265625 1393.380615234375 1389.287109375 1387.0814208984375 1383.9395751953125 1382.0577392578125 1382.123779296875 1381.18115234375 1379.5369873046875 1377.67333984375 1375.9691162109375 1374.600830078125 1372.64697265625 1370.7237548828125 1368.886474609375 1368.8575439453125 1367.27490234375 1364.23779296875 1361.699951171875 1359.2344970703125 1357.1217041015625 1354.912109375 1352.22705078125 1350.121337890625 1348.5936279296875 1347.2913818359375 1345.92333984375 1344.8123779296875 1344.366943359375 1343.0343017578125 1341.1090087890625 1338.7935791015625 1336.5836181640625 1334.402099609375 1332.1845703125 1330.145751953125 1328.3865966796875
1414.091796875 1412.61083984375 1412.619873046875 1411.9515380859375 1411.4281005859375 1410.6728515625 1411.540771484375 1410.7398681640625 1405.637939453125 1400.7633056640625 1397.251220703125 1393.920166015625 1393.744873046875 1388.44140625 1385.7052001953125 1383.800537109375 1382.78173828125 1381.4122314453125 1379.6702880859375 1377.921630859375 1375.7265625 1374.4478759765625 1372.1763916015625 1370.314697265625 1369.4215087890625 1368.3441162109375 1366.06689453125 1363.702880859375 1361.3485107421875 1359.757080078125 1357.662109375 1354.9783935546875 1352.9034423828125 1351.4739990234375 1350.2325439453125 1348.634521484375 1347.5401611328125 1346.99560546875 1345.547607421875 1343.19091796875 1341.444091796875 1339.42041015625 1336.7652587890625 1334.59716796875 1333.0899658203125 1331.335693359375
1413.3251953125 1412.9373779296875 1412.1519775390625 1411.29541015625 1413.4373779296875 1414.4296875 1414.683349609375 1413.522216796875 1408.4913330078125 1404.645751953125 1402.20361328125 1400.169921875 1397.2021484375 1392.5240478515625 1388.8951416015625 1385.7374267578125 1383.5528564453125 1382.49755859375 1381.06640625 1378.9998779296875 1377.0938720703125 1375.5904541015625 1373.96826171875 1372.3580322265625 1370.289306640625 1369.72802734375 1368.3665771484375 1366.3834228515625 1364.11669921875 1362.6170654296875 1360.2864990234375 1358.2772216796875 1356.2044677734375 1354.58056640625 1353.2220458984375 1351.6431884765625 1350.6251220703125 1349.5430908203125 1347.8765869140625 1345.935546875 1344.325439453125 1342.3692626953125 1339.99658203125 1338.3038330078125 1336.5753173828125 1335.0723876953125
1414.9027099609375 1413.9854736328125 1412.383056640625 1411.559326171875 1414.6556396484375 1416.9603271484375 1416.8699951171875 1415.0186767578125 1412.0823974609375 1408.6854248046875 1406.1011962890625 1403.0958251953125 1398.6060791015625 1394.458251953125 1391.480712890625 1387.60498046875 1384.8997802734375 1383.9541015625 1382.6458740234375 1380.5826416015625 1378.225341796875 1377.0235595703125 1375.9774169921875 1374.553955078125 1372.437744140625 1371.5257568359375 1370.83935546875 1369.4808349609375 1367.220703125 1365.2813720703125 1362.8453369140625 1361.142333984375 1359.2049560546875 1357.3253173828125 1355.9197998046875 1354.6024169921875 1353.59765625 1352.3837890625 1350.1873779296875 1348.36376953125 1347.055908203125 1345.2532958984375 1343.9566650390625 1342.3121337890625 1340.798095703125 1339.14697265625
1416.45068359375 1415.0225830078125 1414.027587890625 1412.2723388671875 1414.9278564453125 1420.4417724609375 1420.3768310546875 1417.7901611328125 1414.6212158203125 1412.00439453125 1409.0491943359375 1404.58740234375 1399.583251953125 1396.013916015625 1392.781494140625 1388.9931640625 1386.5008544921875 1384.5323486328125 1383.6708984375 1381.97998046875 1380.2569580078125 1378.510986328125 1377.67626953125 1376.1778564453125 1374.9010009765625 1373.6173095703125 1372.751708984375 1371.44580078125 1369.68994140625 1367.5736083984375 1365.0025634765625 1363.144287109375 1361.36083984375 1359.931884765625 1358.9342041015625 1357.75439453125 1356.409912109375 1354.664794921875 1352.707763671875 1351.4080810546875 1350.37939453125 1349.0599365234375 1347.776611328125 1346.267333984375 1344.876708984375 1342.9052734375
