data/avaKot/Inputs/avaKot.asc
ncols        353
nrows        500
xllcenter    176965.930064178
yllcenter    376273.974773546
cellsize     4.997678230579
NODATA_value  -9999
[rows 320 to 339 of 500, columns 92 to 137 of 353]
1482.20751953125 1485.9344482421875 1488.613037109375 1489.7783203125 1489.8851318359375 1492.77783203125 1497.9501953125 1499.79296875 1500.4232177734375 1502.0919189453125 1503.5689697265625 1505.806396484375 1505.6234130859375 1503.9935302734375 1502.0567626953125 1501.419677734375 1498.1510009765625 1497.3004150390625 1503.1746826171875 1508.883544921875 1514.75341796875 1517.7115478515625 1518.5777587890625 1521.296142578125 1520.13232421875 1518.878173828125 1521.001220703125 1523.8836669921875 1528.487060546875 1535.9923095703125 1541.0587158203125 1544.3280029296875 1550.4349365234375 1554.758544921875 1557.3895263671875 1558.375732421875 1557.6070556640625 1560.3084716796875 1565.1859130859375 1572.9183349609375 1573.83935546875 1575.14990234375 1576.68505859375 1581.1907958984375 1584.4049072265625 1586.3231201171875
1482.597900390625 1487.16552734375 1490.8485107421875 1494.142333984375 1494.490478515625 1496.9493408203125 1501.16552734375 1503.806640625 1504.6329345703125 1506.66552734375 1507.6265869140625 1509.570068359375 1509.2872314453125 1507.9095458984375 1505.7056884765625 1505.0067138671875 1503.5714111328125 1503.983642578125 1510.1580810546875 1514.0015869140625 1519.69580078125 1524.1510009765625 1528.7860107421875 1531.927490234375 1532.4884033203125 1527.943359375 1529.9288330078125 1530.1800537109375 1535.7203369140625 1541.095947265625 1546.3233642578125 1549.069580078125 1551.5050048828125 1556.0689697265625 1560.1641845703125 1561.5982666015625 1564.703125 1568.1103515625 1571.3668212890625 1576.4517822265625 1581.349609375 1581.6885986328125 1582.22607421875 1584.349853515625 1587.1529541015625 1589.4439697265625
1484.8841552734375 1492.1998291015625 1493.27490234375 1497.33154296875 1499.3524169921875 1501.2845458984375 1504.10986328125 1508.015625 1509.008544921875 1510.8607177734375 1511.7396240234375 1512.7230224609375 1513.8870849609375 1514.7901611328125 1513.0064697265625 1512.85693359375 1512.720703125 1511.0673828125 1513.837890625 1518.6214599609375 1525.340576171875 1530.141357421875 1533.290771484375 1535.53759765625 1538.1900634765625 1537.6923828125 1537.72705078125 1539.822265625 1539.729248046875 1542.80029296875 1548.0369873046875 1551.4520263671875 1554.544677734375 1557.6844482421875 1562.711181640625 1565.6005859375 1570.65869140625 1577.56396484375 1580.4267578125 1582.314697265625 1585.14013671875 1586.6060791015625 1586.356689453125 1587.4510498046875 1590.1519775390625 1593.156494140625
1491.89208984375 1495.6309814453125 1496.4326171875 1500.9493408203125 1503.3756103515625 1506.00634765625 1509.0360107421875 1511.6573486328125 1513.0631103515625 1514.6981201171875 1516.3238525390625 1518.09912109375 1518.99072265625 1522.6624755859375 1521.4703369140625 1522.542724609375 1521.5736083984375 1517.28271484375 1518.89208984375 1522.6016845703125 1527.8714599609375 1531.8582763671875 1535.1844482421875 1538.590576171875 1541.215087890625 1544.888427734375 1547.1285400390625 1546.279541015625 1545.1064453125 1545.1690673828125 1548.311279296875 1558.7513427734375 1561.410888671875 1561.7625732421875 1565.4814453125 1568.252197265625 1578.8409423828125 1586.7677001953125 1589.6767578125 1591.13330078125 1590.3941650390625 1590.654296875 1589.9423828125 1590.982177734375 1593.4844970703125 1597.6541748046875
1497.065185546875 1499.8719482421875 1501.640380859375 1504.00048828125 1506.6356201171875 1509.8916015625 1512.4573974609375 1514.784912109375 1517.1552734375 1520.30810546875 1526.603759765625 1526.09716796875 1524.1966552734375 1529.4033203125 1528.6748046875 1528.41748046875 1527.59326171875 1523.810546875 1523.53369140625 1527.030029296875 1530.730712890625 1534.2586669921875 1539.069091796875 1545.3348388671875 1547.7828369140625 1549.6943359375 1550.50537109375 1553.8363037109375 1553.1259765625 1553.5556640625 1556.260498046875 1562.49658203125 1568.3135986328125 1569.3668212890625 1570.1802978515625 1571.70458984375 1584.972900390625 1592.5777587890625 1595.1993408203125 1595.8787841796875 1594.953857421875 1593.7196044921875 1593.4473876953125 1595.073974609375 1596.9794921875 1601.103515625
1499.3101806640625 1504.681884765625 1505.9791259765625 1506.746826171875 1509.6422119140625 1513.3721923828125 1515.7459716796875 1518.234619140625 1520.54345703125 1530.15478515625 1534.8592529296875 1536.02587890625 1532.4285888671875 1535.9345703125 1536.6883544921875 1533.7158203125 1531.888916015625 1529.2586669921875 1530.1297607421875 1533.376953125 1537.36279296875 1539.3145751953125 1547.6636962890625 1552.2745361328125 1557.616943359375 1557.211181640625 1556.9149169921875 1559.8753662109375 1561.762451171875 1563.036865234375 1561.96484375 1565.9144287109375 1571.23291015625 1575.0758056640625 1574.6029052734375 1578.2862548828125 1585.473388671875 1594.2359619140625 1597.8974609375 1598.1072998046875 1598.323486328125 1597.3756103515625 1597.121337890625 1599.0859375 1601.0743408203125 1603.487548828125
1505.5841064453125 1514.71875 1514.236572265625 1512.9820556640625 1514.578369140625 1518.9874267578125 1521.9315185546875 1523.5823974609375 1525.7861328125 1539.858642578125 1540.81591796875 1543.8680419921875 1539.8026123046875 1542.099609375 1544.715576171875 1539.3900146484375 1537.8006591796875 1537.080322265625 1541.3402099609375 1546.46142578125 1550.869873046875 1554.2796630859375 1559.222412109375 1560.424560546875 1572.1495361328125 1573.1552734375 1572.11865234375 1573.6082763671875 1570.8577880859375 1570.95458984375 1570.2122802734375 1572.2017822265625 1573.3787841796875 1578.77978515625 1579.0152587890625 1585.664794921875 1590.57080078125 1596.0274658203125 1599.182373046875 1600.502685546875 1601.2547607421875 1600.8843994140625 1601.09130859375 1602.776123046875 1604.5968017578125 1606.684814453125
1518.4090576171875 1522.4720458984375 1522.024169921875 1518.6654052734375 1518.66357421875 1526.00341796875 1527.5211181640625 1527.724609375 1534.4742431640625 1546.2330322265625 1547.962646484375 1549.4149169921875 1545.320556640625 1549.710205078125 1550.788330078125 1545.36328125 1545.36376953125 1551.2598876953125 1556.28271484375 1566.170654296875 1572.151611328125 1576.106689453125 1569.677001953125 1575.092529296875 1578.3134765625 1580.4716796875 1580.4024658203125 1580.3916015625 1579.98974609375 1577.357666015625 1577.3818359375 1577.3919677734375 1578.0367431640625 1581.014892578125 1584.12841796875 1588.833984375 1594.20703125 1597.24853515625 1600.2852783203125 1602.638916015625 1603.4365234375 1603.373291015625 1604.514892578125 1606.176513671875 1608.476318359375 1610.628662109375
1526.0198974609375 1529.65234375 1529.814453125 1525.7391357421875 1522.791748046875 1530.3662109375 1534.52978515625 1532.272216796875 1542.8717041015625 1550.3094482421875 1552.833251953125 1554.2840576171875 1553.1221923828125 1555.976318359375 1553.5992431640625 1554.7259521484375 1560.0399169921875 1568.7947998046875 1570.9088134765625 1575.0552978515625 1578.971435546875 1584.27978515625 1584.258544921875 1588.8114013671875 1588.5765380859375 1586.5394287109375 1586.9923095703125 1586.939453125 1585.9697265625 1582.8460693359375 1581.2509765625 1581.3458251953125 1582.7984619140625 1584.8426513671875 1587.804443359375 1590.617919921875 1595.1268310546875 1598.016845703125 1600.8902587890625 1603.9566650390625 1605.83740234375 1606.5911865234375 1607.9293212890625 1609.701416015625 1612.1043701171875 1613.875
1530.7740478515625 1533.814208984375 1534.65380859375 1532.12890625 1527.1995849609375 1533.831298828125 1540.4998779296875 1542.0579833984375 1545.524169921875 1552.29931640625 1555.92236328125 1558.15576171875 1559.6844482421875 1560.27587890625 1558.6951904296875 1563.549560546875 1570.5611572265625 1575.202880859375 1579.0902099609375 1581.625244140625 1583.2418212890625 1586.527099609375 1588.850341796875 1591.6805419921875 1592.5533447265625 1592.176025390625 1591.45068359375 1591.496826171875 1590.2593994140625 1589.1376953125 1587.6961669921875 1587.0050048828125 1587.5499267578125 1589.453369140625 1591.493896484375 1593.593505859375 1596.971435546875 1599.9293212890625 1602.8466796875 1606.052978515625 1608.8232421875 1610.778564453125 1612.0306396484375 1613.5711669921875 1615.620361328125 1617.91162109375
1532.6368408203125 1535.4755859375 1537.6065673828125 1537.2149658203125 1534.376708984375 1536.965576171875 1542.8289794921875 1546.75927734375 1549.3251953125 1553.540771484375 1557.9161376953125 1560.803466796875 1562.86572265625 1563.8299560546875 1564.174560546875 1565.986328125 1569.83447265625 1575.30419921875 1579.8619384765625 1582.847900390625 1585.052001953125 1587.4573974609375 1589.8955078125 1592.3751220703125 1594.95849609375 1595.495849609375 1595.4012451171875 1596.328125 1595.9814453125 1595.285888671875 1594.0091552734375 1592.0106201171875 1592.0009765625 1593.3570556640625 1594.9866943359375 1596.4970703125 1599.2183837890625 1602.5123291015625 1605.66650390625 1609.380615234375 1612.1552734375 1614.5980224609375 1616.1715087890625 1617.433349609375 1619.2445068359375 1621.5784912109375
1534.7442626953125 1537.2962646484375 1539.82421875 1541.043701171875 1541.64453125 1542.0701904296875 1543.9508056640625 1547.969970703125 1551.93017578125 1555.82763671875 1559.941650390625 1563.12744140625 1565.9847412109375 1566.871826171875 1567.5499267578125 1569.4718017578125 1572.542724609375 1576.5955810546875 1580.1834716796875 1583.6727294921875 1586.3768310546875 1589.08984375 1591.7515869140625 1593.88623046875 1596.735595703125 1598.0321044921875 1598.848876953125 1599.613037109375 1599.9012451171875 1599.909423828125 1597.8365478515625 1595.8372802734375 1596.1988525390625 1597.261962890625 1598.4429931640625 1599.8768310546875 1601.9517822265625 1606.404052734375 1610.5252685546875 1612.6942138671875 1615.1956787109375 1617.7755126953125 1619.513671875 1621.5380859375 1623.120361328125 1624.7774658203125
1536.8699951171875 1539.8052978515625 1541.863037109375 1543.4161376953125 1545.0389404296875 1546.0386962890625 1546.316162109375 1549.6630859375 1554.3773193359375 1558.6644287109375 1561.6439208984375 1564.9801025390625 1568.46728515625 1570.8134765625 1572.4134521484375 1573.0997314453125 1574.424072265625 1577.431396484375 1580.6690673828125 1584.3677978515625 1587.5284423828125 1590.35546875 1593.1912841796875 1596.277587890625 1598.501953125 1600.369140625 1601.8128662109375 1602.519775390625 1603.44140625 1602.653564453125 1601.042236328125 1600.853759765625 1600.674072265625 1601.038330078125 1601.8861083984375 1603.8280029296875 1608.993896484375 1613.125732421875 1615.5224609375 1616.4788818359375 1618.61376953125 1621.077392578125 1623.007080078125 1625.4794921875 1627.0894775390625 1628.3673095703125
1538.2584228515625 1542.3826904296875 1545.06689453125 1546.732421875 1547.3828125 1551.3016357421875 1556.9864501953125 1559.3148193359375 1560.9532470703125 1564.34716796875 1567.4176025390625 1570.333984375 1571.668212890625 1576.9293212890625 1582.1070556640625 1582.87548828125 1581.6322021484375 1581.305908203125 1581.3916015625 1585.06005859375 1588.454833984375 1592.3472900390625 1596.4599609375 1599.270751953125 1600.7725830078125 1602.7021484375 1604.3604736328125 1605.8924560546875 1606.116943359375 1605.302734375 1604.91259765625 1605.4132080078125 1606.1317138671875 1607.9150390625 1610.1968994140625 1613.5120849609375 1616.8087158203125 1618.1409912109375 1619.037109375 1620.3636474609375 1622.2974853515625 1624.3092041015625 1626.505126953125 1629.3192138671875 1630.665283203125 1632.0433349609375
1538.9603271484375 1544.4127197265625 1548.3447265625 1550.468505859375 1554.412109375 1561.2203369140625 1565.986083984375 1569.453125 1572.1630859375 1573.3597412109375 1575.8232421875 1577.475830078125 1579.0303955078125 1585.7283935546875 1591.136962890625 1595.208740234375 1596.0848388671875 1593.623291015625 1590.5023193359375 1593.6671142578125 1595.96875 1600.9290771484375 1605.9407958984375 1605.133544921875 1603.6715087890625 1604.9892578125 1607.179931640625 1609.2022705078125 1609.130859375 1608.784912109375 1609.4984130859375 1610.5267333984375 1613.4488525390625 1615.929931640625 1617.4222412109375 1620.4693603515625 1621.771484375 1622.448974609375 1623.2388916015625 1625.0950927734375 1627.0406494140625 1628.7176513671875 1630.3760986328125 1632.7608642578125 1634.639892578125 1636.4742431640625
1542.298828125 1548.05126953125 1552.2960205078125 1554.48876953125 1558.401123046875 1563.404052734375 1569.3785400390625 1575.1539306640625 1578.9298095703125 1581.4859619140625 1583.3226318359375 1585.1737060546875 1588.3787841796875 1592.9522705078125 1596.2149658203125 1600.22607421875 1605.2425537109375 1609.2109375 1611.8702392578125 1613.7977294921875 1615.3759765625 1615.9326171875 1615.299560546875 1611.2891845703125 1607.999755859375 1608.6051025390625 1609.86181640625 1611.292724609375 1612.4437255859375 1612.899169921875 1614.212890625 1616.49609375 1619.5162353515625 1621.3125 1622.975830078125 1625.21875 1627.214599609375 1627.745849609375 1628.77490234375 1630.611083984375 1632.6956787109375 1634.1605224609375 1634.7412109375 1635.7940673828125 1637.894775390625 1641.19580078125
1546.508056640625 1551.05126953125 1555.7144775390625 1558.243408203125 1560.471923828125 1564.4683837890625 1571.1185302734375 1576.6875 1580.37841796875 1583.89306640625 1588.2950439453125 1593.0562744140625 1595.0718994140625 1597.036865234375 1600.12060546875 1603.7119140625 1608.43359375 1611.9156494140625 1614.8282470703125 1616.4736328125 1617.70458984375 1618.681640625 1618.8712158203125 1617.243408203125 1614.346435546875 1613.0382080078125 1613.4615478515625 1614.5594482421875 1615.836669921875 1617.4892578125 1619.5732421875 1621.91943359375 1623.8516845703125 1625.9041748046875 1628.6585693359375 1631.0970458984375 1632.115234375 1633.123779296875 1634.692626953125 1635.7724609375 1637.1258544921875 1638.092041015625 1638.55029296875 1641.0552978515625 1643.51708984375 1646.859619140625
1549.8753662109375 1553.6409912109375 1558.10791015625 1561.741455078125 1563.9344482421875 1567.5 1572.415283203125 1576.67919921875 1580.08447265625 1586.46826171875 1595.9049072265625 1600.1282958984375 1599.6268310546875 1600.5010986328125 1602.960693359375 1607.3719482421875 1611.9146728515625 1614.7633056640625 1617.1497802734375 1618.888916015625 1620.4722900390625 1621.7279052734375 1622.50439453125 1623.117919921875 1621.9765625 1618.8529052734375 1617.8717041015625 1619.0478515625 1619.8668212890625 1621.931396484375 1624.210693359375 1626.796875 1629.2587890625 1631.302978515625 1633.7957763671875 1636.1839599609375 1637.1553955078125 1638.21435546875 1639.508544921875 1640.393310546875 1641.5255126953125 1642.30078125 1642.6026611328125 1648.0633544921875 1652.3994140625 1652.773681640625
1554.5010986328125 1556.68408203125 1560.3922119140625 1563.9478759765625 1566.9293212890625 1570.150634765625 1573.7818603515625 1576.7786865234375 1585.07421875 1597.262451171875 1605.6187744140625 1607.51513671875 1605.3072509765625 1604.6260986328125 1606.5936279296875 1610.259521484375 1614.22412109375 1616.856201171875 1619.099853515625 1621.4637451171875 1623.1759033203125 1624.8343505859375 1626.2147216796875 1626.95751953125 1626.4676513671875 1624.459716796875 1622.88232421875 1623.1046142578125 1623.882080078125 1625.829345703125 1628.636474609375 1630.8173828125 1633.1666259765625 1635.4375 1638.3348388671875 1641.0035400390625 1642.036865234375 1642.6932373046875 1643.192138671875 1643.7335205078125 1645.274169921875 1646.44140625 1647.7557373046875 1652.2169189453125 1655.8355712890625 1656.765380859375
1559.3387451171875 1561.153076171875 1563.326171875 1566.4713134765625 1569.573486328125 1572.4112548828125 1575.4471435546875 1579.925537109375 1591.0401611328125 1602.7314453125 1609.884765625 1612.8021240234375 1610.565673828125 1608.3748779296875 1609.7906494140625 1612.3900146484375 1615.148193359375 1617.883544921875 1620.4964599609375 1623.217529296875 1625.6900634765625 1627.918701171875 1629.228759765625 1630.19580078125 1629.97119140625 1628.3759765625 1627.4969482421875 1627.917236328125 1628.3616943359375 1628.828369140625 1636.1378173828125 1642.131103515625 1641.654296875 1641.1595458984375 1643.5506591796875 1645.7664794921875 1646.018798828125 1646.657958984375 1646.8414306640625 1647.3704833984375 1648.795654296875 1650.6634521484375 1653.1417236328125 1656.2894287109375 1659.5692138671875 1661.0596923828125
