avaframe/data/avaHelix/Inputs/myDEM_HX_Topo.asc
nCols  1001
nRows  401
xllcorner  1000.00
yllcorner -5000.00
cellsize  5
nodata_value -9999.00
[rows 270 to 296 of 401, columns 0 to 59 of 1001]
614.908497 614.260286 613.609985 612.957585 612.303077 611.646452 610.987698 610.326808 609.663770 608.998575 608.331213 607.661674 606.989949 606.316026 605.639897 604.961550 604.280975 603.598163 602.913103 602.225784 601.536196 600.844329 600.150171 599.453713 598.754943 598.053851 597.350426 596.644657 595.936533 595.226043 594.513176 593.797921 593.080266 592.360201 591.637715 590.912794 590.185429 589.455608 588.723319 587.988551 587.251291 586.511529 585.769251 585.024447 584.277105 583.527211 582.774755 582.019724 581.262106 580.501888 579.739059 578.973605 578.205514 577.434774 576.661371 575.885294 575.106529 574.325064 573.540886 572.753981
617.384778 616.739589 616.092315 615.442947 614.791475 614.137889 613.482180 612.824338 612.164353 611.502215 610.837915 610.171442 609.502786 608.831938 608.158887 607.483622 606.806134 606.126413 605.444448 604.760228 604.073743 603.384982 602.693936 602.000592 601.304941 600.606972 599.906673 599.204035 598.499045 597.791693 597.081968 596.369858 595.655353 594.938441 594.219111 593.497351 592.773150 592.046496 591.317378 590.585783 589.851701 589.115120 588.376027 587.634411 586.890259 586.143560 585.394301 584.642471 583.888056 583.131045 582.371425 581.609184 580.844309 580.076787 579.306606 578.533753 577.758215 576.979979 576.199033 575.415362
619.868452 619.226315 618.582097 617.935790 617.287383 616.636867 615.984233 615.329470 614.672568 614.013519 613.352311 612.688935 612.023380 611.355638 610.685696 610.013546 609.339177 608.662579 607.983740 607.302652 606.619303 605.933682 605.245779 604.555584 603.863085 603.168272 602.471134 601.771660 601.069839 600.365660 599.659111 598.950182 598.238861 597.525137 596.808999 596.090435 595.369433 594.645983 593.920072 593.191688 592.460821 591.727457 590.991586 590.253195 589.512272 588.768805 588.022781 587.274190 586.523017 585.769251 585.012880 584.253891 583.492270 582.728007 581.961087 581.191498 580.419227 579.644261 578.866588 578.086193
622.359518 621.720462 621.079331 620.436114 619.790803 619.143388 618.493858 617.842205 617.188418 616.532487 615.874402 615.214154 614.551732 613.887127 613.220327 612.551323 611.880105 611.206662 610.530983 609.853058 609.172878 608.490430 607.805705 607.118691 606.429378 605.737755 605.043812 604.347536 603.648918 602.947946 602.244608 601.538894 600.830793 600.120293 599.407382 598.692050 597.974284 597.254073 596.531405 595.806269 595.078653 594.348544 593.615932 592.880803 592.143146 591.402949 590.660199 589.914885 589.166993 588.416511 587.663428 586.907729 586.149404 585.388438 584.624819 583.858534 583.089571 582.317916 581.543556 580.766478
624.857977 624.222033 623.584017 622.943921 622.301736 621.657451 621.011057 620.362543 619.711901 619.059120 618.404190 617.747101 617.087843 616.426407 615.762780 615.096955 614.428919 613.758663 613.086177 612.411449 611.734470 611.055228 610.373713 609.689914 609.003821 608.315422 607.624707 606.931664 606.236283 605.538553 604.838462 604.135998 603.431152 602.723910 602.014263 601.302198 600.587704 599.870768 599.151381 598.429529 597.705200 596.978384 596.249068 595.517239 594.782886 594.045997 593.306559 592.564560 591.819987 591.072829 590.323072 589.570704 588.815712 588.058084 587.297807 586.534867 585.769251 585.000948 584.229943 583.456223
627.363830 626.731026 626.096156 625.459211 624.820181 624.179057 623.535829 622.890486 622.243019 621.593419 620.941675 620.287776 619.631714 618.973478 618.313057 617.650441 616.985621 616.318585 615.649323 614.977825 614.304080 613.628077 612.949806 612.269256 611.586416 610.901275 610.213822 609.524047 608.831938 608.137484 607.440673 606.741495 606.039939 605.335992 604.629644 603.920882 603.209695 602.496072 601.780001 601.061470 600.340467 599.616980 598.890997 598.162506 597.431495 596.697952 595.961864 595.223219 594.482004 593.738208 592.991817 592.242819 591.491201 590.736951 589.980054 589.220499 588.458273 587.693362 586.925753 586.155432
629.877076 629.247442 628.615748 627.981984 627.346140 626.708206 626.068174 625.426033 624.781773 624.135384 623.486857 622.836181 622.183345 621.528341 620.871158 620.211784 619.550211 618.886428 618.220423 617.552187 616.881709 616.208979 615.533985 614.856717 614.177164 613.495315 612.811159 612.124685 611.435883 610.744740 610.051245 609.355388 608.657157 607.956540 607.253526 606.548104 605.840261 605.129987 604.417269 603.702095 602.984454 602.264334 601.541722 600.816607 600.088976 599.358816 598.626117 597.890865 597.153047 596.412652 595.669667 594.924078 594.175874 593.425041 592.671566 591.915437 591.156640 590.395162 589.630990 588.864111
632.397716 631.771282 631.142792 630.512239 629.879611 629.244899 628.608094 627.969185 627.328162 626.685016 626.039737 625.392314 624.742737 624.090997 623.437083 622.780984 622.122690 621.462192 620.799477 620.134537 619.467359 618.797934 618.126251 617.452299 616.776067 616.097544 615.416719 614.733581 614.048119 613.360322 612.670179 611.977678 611.282807 610.585556 609.885913 609.183866 608.479404 607.772515 607.063186 606.351407 605.637166 604.920449 604.201246 603.479544 602.755331 602.028594 601.299322 600.567501 599.833120 599.096165 598.356624 597.614485 596.869734 596.122358 595.372346 594.619682 593.864356 593.106352 592.345659 591.582263
634.925748 634.302543 633.677289 633.049977 632.420595 631.789135 631.155587 630.519941 629.882187 629.242315 628.600315 627.956177 627.309891 626.661446 626.010833 625.358041 624.703059 624.045878 623.386486 622.724874 622.061030 621.394944 620.726605 620.056002 619.383125 618.707962 618.030502 617.350735 616.668649 615.984233 615.297476 614.608366 613.916892 613.223042 612.526806 611.828170 611.127125 610.423657 609.717756 609.009408 608.298603 607.585328 606.869571 606.151320 605.430563 604.707287 603.981480 603.253130 602.522224 601.788748 601.052692 600.314041 599.572784 598.828907 598.082396 597.333240 596.581425 595.826937 595.069764 594.309892
637.461172 636.841227 636.219238 635.595197 634.969092 634.340914 633.710654 633.078302 632.443847 631.807280 631.168591 630.527769 629.884805 629.239688 628.592408 627.942955 627.291318 626.637487 625.981451 625.323200 624.662722 624.000009 623.335047 622.667828 621.998339 621.326570 620.652511 619.976148 619.297473 618.616473 617.933137 617.247453 616.559411 615.868999 615.176205 614.481018 613.783425 613.083416 612.380978 611.676099 610.968768 610.258972 609.546700 608.831938 608.114675 607.394898 606.672596 605.947754 605.220362 604.490406 603.757874 603.022752 602.285028 601.544689 600.801722 600.056113 599.307850 598.556920 597.803308 597.047002
640.003988 639.387332 638.768639 638.147898 637.525100 636.900235 636.273294 635.644266 635.013142 634.379911 633.744564 633.107090 632.467480 631.825723 631.181808 630.535726 629.887466 629.237018 628.584370 627.929513 627.272436 626.613128 625.951578 625.287776 624.621710 623.953370 623.282744 622.609822 621.934592 621.257042 620.577163 619.894942 619.210367 618.523428 617.834113 617.142410 616.448307 615.751793 615.052855 614.351483 613.647663 612.941383 612.232633 611.521398 610.807668 610.091429 609.372669 608.651376 607.927537 607.201140 606.472171 605.740618 605.006468 604.269707 603.530324 602.788304 602.043635 601.296303 600.546295 599.793597
642.554194 641.940857 641.325489 640.708080 640.088619 639.467098 638.843506 638.217834 637.590071 636.960208 636.328234 635.694140 635.057916 634.419550 633.779033 633.136355 632.491504 631.844471 631.195245 630.543816 629.890172 629.234303 628.576198 627.915847 627.253238 626.588361 625.921203 625.251756 624.580006 623.905943 623.229555 622.550831 621.869760 621.186331 620.500530 619.812348 619.121771 618.428789 617.733389 617.035559 616.335288 615.632563 614.927372 614.219703 613.509544 612.796881 612.081704 611.363998 610.643752 609.920952 609.195587 608.467642 607.737106 607.003965 606.268206 605.529816 604.788782 604.045090 603.298727 602.549679
645.111789 644.501802 643.889789 643.275741 642.659648 642.041501 641.421289 640.799004 640.174634 639.548169 638.919601 638.288918 637.656111 637.021169 636.384082 635.744839 635.103431 634.459847 633.814075 633.166106 632.515929 631.863533 631.208907 630.552041 629.892923 629.231543 628.567889 627.901950 627.233715 626.563174 625.890313 625.215123 624.537591 623.857706 623.175457 622.490832 621.803818 621.114404 620.422579 619.728330 619.031645 618.332512 617.630919 616.926854 616.220304 615.511257 614.799700 614.085621 613.369007 612.649845 611.928123 611.203827 610.476946 609.747464 609.015371 608.280652 607.543294 606.803283 606.060607 605.315251
647.676772 647.070164 646.461537 645.850880 645.238186 644.623444 644.006643 643.387775 642.766829 642.143795 641.518663 640.891423 640.262065 639.630579 638.996954 638.361180 637.723247 637.083143 636.440859 635.796384 635.149707 634.500817 633.849704 633.196357 632.540764 631.882916 631.222799 630.560405 629.895721 629.228735 628.559438 627.887816 627.213860 626.537556 625.858894 625.177862 624.494448 623.808641 623.120427 622.429796 621.736735 621.041232 620.343275 619.642852 618.939950 618.234556 617.526659 616.816246 616.103303 615.387819 614.669780 613.949174 613.225987 612.500207 611.771820 611.040813 610.307172 609.570885 608.831938 608.090317
650.249142 649.645942 649.040731 648.433497 647.824231 647.212924 646.599565 645.984146 645.366655 644.747082 644.125419 643.501654 642.875777 642.247779 641.617648 640.985375 640.350950 639.714360 639.075597 638.434649 637.791505 637.146156 636.498589 635.848795 635.196762 634.542479 633.885936 633.227120 632.566021 631.902628 631.236928 630.568912 629.898566 629.225880 628.550842 627.873440 627.193662 626.511497 625.826933 625.139957 624.450558 623.758723 623.064441 622.367698 621.668482 620.966781 620.262583 619.555875 618.846644 618.134877 617.420561 616.703684 615.984233 615.262194 614.537554 613.810301 613.080419 612.347898 611.612721 610.874877
652.828895 652.229135 651.627369 651.023588 650.417782 649.809941 649.200055 648.588115 647.974110 647.358031 646.739867 646.119609 645.497246 644.872768 644.246164 643.617425 642.986539 642.353496 641.718287 641.080899 640.441323 639.799547 639.155561 638.509354 637.860915 637.210233 636.557297 635.902095 635.244617 634.584850 633.922785 633.258409 632.591710 631.922678 631.251300 630.577565 629.901460 629.222975 628.542097 627.858815 627.173115 626.484986 625.794416 625.101391 624.405901 623.707932 623.007472 622.304508 621.599028 620.891018 620.180466 619.467359 618.751684 618.033427 617.312576 616.589117 615.863037 615.134322 614.402959 613.668935
655.416031 654.819740 654.221451 653.621152 653.018836 652.414492 651.808110 651.199681 650.589194 649.976639 649.362007 648.745287 648.126470 647.505544 646.882499 646.257326 645.630013 645.000551 644.368928 643.735134 643.099159 642.460991 641.820619 641.178034 640.533223 639.886176 639.236882 638.585329 637.931506 637.275403 636.617007 635.956306 635.293291 634.627949 633.960267 633.290236 632.617842 631.943074 631.265920 630.586368 629.904405 629.220020 628.533201 627.843934 627.152208 626.458010 625.761327 625.062147 624.360457 623.656245 622.949496 622.240200 621.528341 620.813908 620.096886 619.377264 618.655026 617.930161 617.202653 616.472490
658.010548 657.417756 656.822973 656.226188 655.627392 655.026576 654.423729 653.818841 653.211903 652.602905 651.991836 651.378687 650.763446 650.146105 649.526652 648.905078 648.281371 647.655522 647.027519 646.397353 645.765011 645.130485 644.493762 643.854832 643.213684 642.570307 641.924690 641.276821 640.626689 639.974284 639.319593 638.662605 638.003309 637.341692 636.677744 636.011453 635.342807 634.671793 633.998400 633.322616 632.644429 631.963826 631.280795 630.595325 629.907401 629.217013 628.524147 627.828791 627.130931 626.430556 625.727652 625.022206 624.314205 623.603636 622.890486 622.174741 621.456388 620.735414 620.011804 619.285546
660.612442 660.023179 659.431933 658.838692 658.243448 657.646190 657.046909 656.445594 655.842237 655.236826 654.629352 654.019805 653.408174 652.794450 652.178622 651.560679 650.940611 650.318408 649.694058 649.067553 648.438879 647.808028 647.174988 646.539748 645.902297 645.262624 644.620719 643.976569 643.330164 642.681492 642.030542 641.377302 640.721761 640.063908 639.403730 638.741216 638.076353 637.409131 636.739537 636.067559 635.393185 634.716403 634.037200 633.355564 632.671482 631.984943 631.295933 630.604440 629.910451 629.213953 628.514933 627.813379 627.109276 626.402613 625.693375 624.981550 624.267123 623.550082 622.830413 622.108102
663.221711 662.636008 662.048329 661.458663 660.867000 660.273332 659.677647 659.079937 658.480192 657.878400 657.274553 656.668640 656.060652 655.450576 654.838405 654.224126 653.607730 652.989206 652.368544 651.745732 651.120761 650.493619 649.864295 649.232779 648.599060 647.963127 647.324968 646.684573 646.041929 645.397026 644.749853 644.100397 643.448648 642.794594 642.138222 641.479522 640.818482 640.155088 639.489331 638.821196 638.150674 637.477750 636.802413 636.124650 635.444450 634.761798 634.076684 633.389094 632.699015 632.006435 631.311340 630.613717 629.913555 629.210838 628.505554 627.797690 627.087232 626.374166 625.658480 624.940159
665.838353 665.256240 664.672158 664.086096 663.498047 662.907999 662.315942 661.721868 661.125765 660.527625 659.927437 659.325190 658.720875 658.114482 657.505999 656.895418 656.282726 655.667915 655.050973 654.431889 653.810653 653.187254 652.561682 651.933925 651.303972 650.671813 650.037435 649.400829 648.761983 648.120885 647.477524 646.831889 646.183968 645.533749 644.881221 644.226372 643.569190 642.909663 642.247779 641.583526 640.916893 640.247866 639.576434 638.902583 638.226303 637.547579 636.866400 636.182752 635.496624 634.808001 634.116872 633.423222 632.727040 632.028311 631.327023 630.623162 629.916714 629.207667 628.496006 627.781717
668.462364 667.883871 667.303416 666.720991 666.136585 665.550188 664.961790 664.371383 663.778955 663.184498 662.588000 661.989452 661.388843 660.786164 660.181403 659.574551 658.965598 658.354532 657.741343 657.126021 656.508554 655.888933 655.267145 654.643181 654.017030 653.388679 652.758119 652.125337 651.490324 650.853066 650.213554 649.571775 648.927718 648.281371 647.632723 646.981762 646.328476 645.672853 645.014881 644.354548 643.691842 643.026750 642.359261 641.689362 641.017040 640.342283 639.665079 638.985414 638.303276 637.618651 636.931528 636.241892 635.549731 634.855032 634.157781 633.457965 632.755570 632.050583 631.342990 630.632777
671.093741 670.518898 669.942102 669.363343 668.782611 668.199896 667.615189 667.028480 666.439759 665.849015 665.256240 664.661422 664.064552 663.465619 662.864613 662.261524 661.656341 661.049054 660.439653 659.828125 659.214462 658.598652 657.980684 657.360547 656.738231 656.113724 655.487016 654.858094 654.226949 653.593567 652.957939 652.320053 651.679897 651.037459 650.392728 649.745692 649.096339 648.444657 647.790634 647.134259 646.475519 645.814401 645.150894 644.484985 643.816661 643.145910 642.472720 641.797077 641.118970 640.438384 639.755307 639.069726 638.381628 637.691000 636.997828 636.302098 635.603798 634.902914 634.199432 633.493338
673.732480 673.161318 672.588211 672.013148 671.436121 670.857120 670.276135 669.693155 669.108172 668.521174 667.932153 667.341098 666.747999 666.152845 665.555626 664.956333 664.354954 663.751479 663.145898 662.538199 661.928373 661.316408 660.702294 660.086019 659.467573 658.846945 658.224124 657.599098 656.971856 656.342387 655.710679 655.076721 654.440502 653.802010 653.161232 652.518158 651.872776 651.225073 650.575038 649.922658 649.267921 648.610816 647.951329 647.289449 646.625163 645.958458 645.289322 644.617742 643.943705 643.267198 642.588209 641.906724 641.222730 640.536213 639.847162 639.155561 638.461399 637.764660 637.065331 636.363400
676.378579 675.811128 675.241739 674.670405 674.097114 673.521857 672.944624 672.365405 671.784191 671.200972 670.615737 670.028476 669.439180 668.847838 668.254440 667.658975 667.061433 666.461803 665.860076 665.256240 664.650284 664.042199 663.431973 662.819595 662.205054 661.588339 660.969440 660.348345 659.725042 659.099521 658.471769 657.841777 657.209531 656.575021 655.938234 655.299159 654.657785 654.014099 653.368088 652.719742 652.069048 651.415994 650.760566 650.102754 649.442545 648.779925 648.114883 647.447405 646.777479 646.105092 645.430231 644.752882 644.073034 643.390671 642.705782 642.018353 641.328369 640.635819 639.940687 639.242960
679.032032 678.468322 677.902684 677.335108 676.765583 676.194101 675.620653 675.045226 674.467814 673.888404 673.306987 672.723553 672.138093 671.550595 670.961049 670.369446 669.775774 669.180023 668.582183 667.982243 667.380193 666.776021 666.169717 665.561270 664.950669 664.337903 663.722961 663.105832 662.486504 661.864967 661.241208 660.615217 659.986981 659.356490 658.723731 658.088693 657.451363 656.811731 656.169784 655.525510 654.878896 654.229931 653.578602 652.924897 652.268804 651.610309 650.949400 650.286065 649.620290 648.952063 648.281371 647.608201 646.932539 646.254372 645.573687 644.890471 644.204709 643.516390 642.825497 642.132019
681.692837 681.132899 680.571041 680.007253 679.441526 678.873851 678.304217 677.732615 677.159035 676.583466 676.005900 675.426325 674.844733 674.261111 673.675451 673.087742 672.497974 671.906135 671.312216 670.716206 670.118095 669.517871 668.915524 668.311043 667.704416 667.095634 666.484685 665.871557 665.256240 664.638722 664.018992 663.397038 662.772849 662.146413 661.517719 660.886754 660.253508 659.617968 658.980121 658.339957 657.697462 657.052626 656.405434 655.755875 655.103937 654.449607 653.792872 653.133719 652.472136 651.808110 651.141628 650.472676 649.801242 649.127313 648.450874 647.771913 647.090417 646.406370 645.719761 645.030574
