avaframe/data/avaHelix/Inputs/myDEM_HX_Topo.asc
nCols  1001
nRows  401
xllcorner  1000.00
yllcorner -5000.00
cellsize  5
nodata_value -9999.00
[rows 162 to 188 of 401, columns 240 to 299 of 1001]
139.929524 138.723372 137.517434 136.311753 135.106373 133.901338 132.696693 131.492486 130.288761 129.085567 127.882952 126.680963 125.479650 124.279063 123.079253 121.880271 120.682170 119.485001 118.288819 117.093677 115.899632 114.706738 113.515051 112.324630 111.135532 109.947816 108.761542 107.576770 106.393560 105.211976 104.032079 102.853934 101.677604 100.503155 99.330654 98.160166 96.991759 95.825503 94.661466 93.499719 92.340333 91.183380 90.028933 88.877066 87.727854 86.581371 85.437696 84.296904 83.159076 82.024288 80.892623 79.764162 78.638985 77.517177 76.398822 75.284003 74.172808 73.065324 71.961637 70.861837
141.249896 140.038492 138.827255 137.616231 136.405462 135.194992 133.984868 132.775134 131.565838 130.357026 129.148746 127.941047 126.733978 125.527588 124.321928 123.117050 121.913005 120.709847 119.507628 118.306402 117.106226 115.907154 114.709242 113.512549 112.317132 111.123049 109.930361 108.739127 107.549409 106.361268 105.174768 103.989972 102.806944 101.625750 100.446456 99.269128 98.093834 96.920643 95.749625 94.580850 93.414389 92.250314 91.088698 89.929615 88.773141 87.619350 86.468319 85.320127 84.174851 83.032571 81.893368 80.757322 79.624517 78.495034 77.368960 76.246378 75.127375 74.012038 72.900455 71.792716
142.581563 141.364910 140.148381 138.932017 137.715863 136.499963 135.284362 134.069105 132.854239 131.639811 130.425869 129.212460 127.999634 126.787441 125.575932 124.365156 123.155167 121.946016 120.737758 119.530446 118.324135 117.118880 115.914739 114.711768 113.510026 112.309570 111.110461 109.912758 108.716523 107.521818 106.328705 105.137248 103.947512 102.759561 101.573462 100.389282 99.207088 98.026950 96.848936 95.673117 94.499565 93.328351 92.159550 90.993234 89.829478 88.668360 87.509955 86.354341 85.201597 84.051802 82.905038 81.761385 80.620926 79.483744 78.349925 77.219552 76.092714 74.969497 73.849989 72.734281
143.924612 142.702717 141.480900 140.259202 139.037668 137.816341 136.595267 135.374490 134.154058 132.934016 131.714413 130.495296 129.276715 128.058720 126.841360 125.624686 124.408751 123.193607 121.979307 120.765906 119.553457 118.342017 117.131642 115.922389 114.714316 113.507481 112.301944 111.097766 109.895006 108.693728 107.493994 106.295867 105.099412 103.904694 102.711779 101.520735 100.331629 99.144529 97.959505 96.776629 95.595970 94.417602 93.241598 92.068031 90.896978 89.728513 88.562714 87.399658 86.239425 85.082094 83.927746 82.776462 81.628326 80.483421 79.341831 78.203643 77.068942 75.937817 74.810356 73.686649
145.279133 144.052003 142.824904 141.597878 140.370969 139.144220 137.917676 136.691384 135.465388 134.239735 133.014474 131.789651 130.565317 129.341519 128.118309 126.895738 125.673857 124.452718 123.232375 122.012882 120.794294 119.576665 118.360052 117.144513 115.930104 114.716885 113.504915 112.294254 111.084963 109.877104 108.670740 107.465934 106.262751 105.061256 103.861514 102.663594 101.467563 100.273489 99.081443 97.891494 96.703715 95.518177 94.334954 93.154120 91.975750 90.799921 89.626708 88.456191 87.288449 86.123560 84.961606 83.802670 82.646833 81.494179 80.344794 79.198764 78.056174 76.917114 75.781671 74.649936
146.645217 145.412859 144.180484 142.948136 141.715857 140.483691 139.251684 138.019879 136.788324 135.557064 134.326147 133.095621 131.865535 130.635937 129.406879 128.178410 126.950583 125.723449 124.497062 123.271476 122.046745 120.822925 119.600071 118.378242 117.157493 115.937885 114.719476 113.502326 112.286497 111.072050 109.859049 108.647555 107.437635 106.229353 105.022775 103.817968 102.615000 101.413940 100.214858 99.017823 97.822909 96.630186 95.439728 94.251611 93.065908 91.882696 90.702052 89.524054 88.348782 87.176315 86.006734 84.840122 83.676561 82.516136 81.358931 80.205033 79.054528 77.907505 76.764053 75.624262
148.022955 146.785375 145.547732 144.310068 143.072426 141.834850 140.597383 139.360072 138.122961 136.886098 135.649530 134.413303 133.177467 131.942072 130.707166 129.472801 128.239028 127.005899 125.773468 124.541788 123.310913 122.080899 120.851802 119.623679 118.396587 117.170586 115.945733 114.722089 113.499716 112.278674 111.059028 109.840839 108.624173 107.409094 106.195669 104.983965 103.774050 102.565992 101.359861 100.155728 98.953664 97.753742 96.556035 95.360617 94.167564 92.976952 91.788859 90.603361 89.420540 88.240474 87.063245 85.888936 84.717628 83.549407 82.384358 81.222567 80.064122 78.909110 77.757621 76.609745
149.412437 148.169645 146.926741 145.683768 144.440769 143.197788 141.954869 140.712056 139.469396 138.226934 136.984717 135.742794 134.501212 133.260021 132.019270 130.779010 129.539293 128.300170 127.061694 125.823920 124.586900 123.350691 122.115349 120.880930 119.647491 118.415092 117.183791 115.953648 114.724725 113.497083 112.270784 111.045893 109.822473 108.600589 107.380308 106.161697 104.944823 103.729756 102.516565 101.305320 100.096094 98.888958 97.683986 96.481253 95.280834 94.082806 92.887244 91.694229 90.503839 89.316155 88.131257 86.949228 85.770152 84.594113 83.421196 82.251487 81.085075 79.922048 78.762494 77.606506
150.813756 149.565759 148.317603 147.069329 145.820981 144.572603 143.324237 142.075929 140.827724 139.579668 138.331808 137.084192 135.836868 134.589884 133.343291 132.097139 130.851479 129.606362 128.361843 127.117974 125.874809 124.632404 123.390815 122.150097 120.910309 119.671509 118.433756 117.197110 115.961632 114.727384 113.494427 112.262826 111.032644 109.803948 108.576802 107.351274 106.127432 104.905344 103.685081 102.466713 101.250311 100.035948 98.823698 97.613634 96.405833 95.200371 93.997326 92.796774 91.598797 90.403474 89.210887 88.021119 86.834252 85.650372 84.469563 83.291913 82.117509 80.946440 79.778796 78.614668
152.227005 150.973812 149.720412 148.466846 147.213157 145.959388 144.705582 143.451785 142.198042 140.944398 139.690900 138.437596 137.184534 135.931761 134.679329 133.427287 132.175686 130.924579 129.674017 128.424054 127.174744 125.926143 124.678305 123.431288 122.185148 120.939945 119.695737 118.452584 117.210546 115.969686 114.730065 113.491748 112.254798 111.019281 109.785262 108.552808 107.321988 106.092870 104.865524 103.640020 102.416431 101.194828 99.975285 98.757877 97.542679 96.329767 95.119220 93.911115 92.705532 91.502552 90.302256 89.104727 87.910048 86.718305 85.529581 84.343966 83.161546 81.982410 80.806649 79.634353
153.652275 152.393897 151.135262 149.876412 148.617391 147.358239 146.099002 144.839723 143.580448 142.321223 141.062093 139.803106 138.544310 137.285753 136.027486 134.769558 133.512019 132.254922 130.998319 129.742264 128.486810 127.232012 125.977926 124.724608 123.472115 122.220507 120.969840 119.720176 118.471576 117.224099 115.977810 114.732771 113.489046 112.246701 111.005801 109.766413 108.528606 107.292448 106.058008 104.825358 103.594569 102.365713 101.138864 99.914097 98.691487 97.471111 96.253046 95.037371 93.824165 92.613509 91.405484 90.200175 88.997663 87.798034 86.601373 85.407769 84.217308 83.030081 81.846176 80.665686
155.089661 153.826108 152.562248 151.298125 150.033779 148.769254 147.504593 146.239841 144.975041 143.710240 142.445485 141.180821 139.916297 138.651961 137.387863 136.124052 134.860579 133.597496 132.334855 131.072709 129.811112 128.550118 127.289783 126.030164 124.771318 123.513302 122.256176 120.999998 119.744831 118.490734 117.237771 115.986005 114.735500 113.486320 112.238532 110.992203 109.747400 108.504192 107.262649 106.022842 104.784841 103.548721 102.314554 101.082414 99.852378 98.624522 97.398923 96.175661 94.954815 93.736465 92.520693 91.307583 90.097217 88.889682 87.685063 86.483446 85.284921 84.089577 82.897503 81.708793
156.539258 155.270539 154.001466 152.732078 151.462419 150.192529 148.922453 147.652235 146.381919 145.111551 143.841177 142.570843 141.300597 140.030487 138.760563 137.490874 136.221471 134.952405 133.683728 132.415494 131.147756 129.880568 128.613986 127.348066 126.082865 124.818441 123.554853 122.292160 121.030423 119.769703 118.510062 117.251564 115.994273 114.738253 113.483570 112.230291 110.978485 109.728219 108.479564 107.232589 105.987367 104.743970 103.502472 102.262947 101.025471 99.790121 98.556974 97.326108 96.097604 94.871543 93.648006 92.427076 91.208837 89.993374 88.780774 87.571123 86.364510 85.161025 83.960758 82.763800
158.001158 156.727287 155.453011 154.178370 152.903406 151.628162 150.352681 149.077007 147.801183 146.525255 145.249269 143.973272 142.697311 141.421434 140.145689 138.870128 137.594799 136.319754 135.045046 133.770726 132.496849 131.223468 129.950640 128.678420 127.406865 126.136033 124.865982 123.596772 122.328463 121.061117 119.794795 118.529561 117.265479 116.002613 114.741030 113.480796 112.221978 110.964646 109.708869 108.454718 107.202264 105.951580 104.702739 103.455816 102.210887 100.968029 99.727318 98.488834 97.252657 96.018867 94.787546 93.558778 92.332646 91.109236 89.888633 88.670926 87.456202 86.244553 85.036067 83.830837
159.475458 158.196447 156.916979 155.637096 154.356840 153.076252 151.795375 150.514254 149.232931 147.951453 146.669864 145.388211 144.106542 142.824904 141.543346 140.261917 138.980668 137.699649 136.418913 135.138512 133.858499 132.578929 131.299856 130.021337 128.743429 127.466189 126.189675 124.913947 123.639065 122.365090 121.092084 119.820111 118.549234 117.279518 116.011028 114.743832 113.477997 112.213591 110.950684 109.689347 108.429652 107.171670 105.915476 104.661144 103.408749 102.158369 100.910081 99.663963 98.420097 97.178561 95.939440 94.702815 93.468771 92.237393 91.008768 89.782983 88.560126 87.340288 86.123560 84.910033
160.962254 159.678114 158.393468 157.108355 155.822818 154.536897 153.250636 151.964077 150.677266 149.390246 148.103063 146.815763 145.528394 144.241002 142.953637 141.666348 140.379184 139.092197 137.805438 136.518959 135.232814 133.947058 132.661744 131.376928 130.092668 128.809020 127.526043 126.243797 124.962341 123.681736 122.402045 121.123329 119.845654 118.569083 117.293682 116.019518 114.746659 113.475173 112.205129 110.936598 109.669652 108.404363 107.140804 105.879051 104.619179 103.361264 102.105385 100.851620 99.600049 98.350752 97.103813 95.859314 94.617340 93.377975 92.141307 90.907422 89.676411 88.448362 87.223368 86.001519
162.461642 161.172388 159.882575 158.592245 157.301439 156.010197 154.718562 153.426578 152.134288 150.841736 149.548969 148.256031 146.962970 145.669833 144.376669 143.083526 141.790454 140.497504 139.204728 137.912177 136.619905 135.327965 134.036413 132.745303 131.454693 130.164640 128.875201 127.586437 126.298406 125.011170 123.724791 122.439331 121.154855 119.871426 118.589110 117.307974 116.028085 114.749511 113.472323 112.196591 110.922386 109.649780 108.378848 107.109663 105.842301 104.576840 103.313357 102.051930 100.792639 99.535567 98.280793 97.028403 95.778480 94.531110 93.286379 92.044375 90.805188 89.568906 88.335622 87.105428
163.973718 162.679363 161.384399 160.088865 158.792802 157.496251 156.199255 154.901857 153.604099 152.306027 151.007685 149.709119 148.410376 147.111502 145.812546 144.513558 143.214585 141.915679 140.616892 139.318274 138.019879 136.721762 135.423975 134.126575 132.829618 131.533161 130.237262 128.941980 127.647376 126.353509 125.060441 123.768235 122.476955 121.186665 119.897430 118.609317 117.322394 116.036728 114.752390 113.469448 112.187976 110.908045 109.629730 108.353103 107.078242 105.805222 104.534122 103.265020 101.997997 100.733133 99.470510 98.210212 96.952323 95.696929 94.444116 93.193973 91.946588 90.702052 89.460456 88.221892
165.498580 164.199140 162.899038 161.598314 160.297008 158.995162 157.692817 156.390016 155.086803 153.783221 152.479316 151.175132 149.870716 148.566115 147.261377 145.956551 144.651685 143.346831 142.042039 140.737361 139.432850 138.128559 136.824542 135.520856 134.217555 132.914698 131.612341 130.310544 129.009366 127.708868 126.409111 125.110159 123.812074 122.514920 121.218764 119.923671 118.629708 117.336945 116.045450 114.755294 113.466547 112.179284 110.893576 109.609498 108.327127 107.046538 105.767809 104.491020 103.216250 101.943580 100.673092 99.404871 98.138999 96.875564 95.614651 94.356349 93.100746 91.847934 90.598003 89.351047
167.036326 165.731816 164.426591 163.120691 161.814157 160.507029 159.199349 157.891159 156.582503 155.273423 153.963965 152.654175 151.344097 150.033779 148.723268 147.412614 146.101864 144.791069 143.480280 142.169549 140.858927 139.548469 138.238228 136.928260 135.618620 134.309365 133.000553 131.692243 130.384493 129.077366 127.770921 126.465221 125.160330 123.856312 122.553231 121.251155 119.950150 118.650285 117.351629 116.054251 114.758224 113.463620 112.170512 110.878975 109.589083 108.300915 107.014547 105.730058 104.447528 103.167039 101.888672 100.612512 99.338641 98.067147 96.798116 95.531636 94.267796 93.006687 91.748401 90.493030
168.587055 167.277490 165.967158 164.656098 163.344350 162.031955 160.718953 159.405388 158.091302 156.776737 155.461740 154.146354 152.830625 151.514601 150.198328 148.881855 147.565230 146.248503 144.931726 143.614949 142.298224 140.981605 139.665145 138.348901 137.032926 135.717278 134.402015 133.087195 131.772876 130.459120 129.145988 127.833542 126.521845 125.210961 123.900955 122.591893 121.283843 119.976872 118.671050 117.366446 116.063133 114.761182 113.460666 112.161661 110.864240 109.568482 108.274464 106.982264 105.691963 104.403642 103.117382 101.833267 100.551383 99.271813 97.994647 96.719971 95.447874 94.178449 92.911785 91.647977
170.150864 168.836262 167.520840 166.204636 164.887690 163.570042 162.251734 160.932807 159.613305 158.293269 156.972745 155.651776 154.330409 153.008690 151.686665 150.364384 149.041894 147.719245 146.396488 145.073673 143.750853 142.428080 141.105409 139.782894 138.460591 137.138555 135.816844 134.495518 133.174633 131.854252 130.534434 129.215242 127.896740 126.578989 125.262057 123.946008 122.630910 121.316831 120.003839 118.692005 117.381400 116.072096 114.764166 113.457685 112.152728 110.849371 109.547693 108.247772 106.949687 105.653521 104.359355 103.067272 101.777358 100.489698 99.204379 97.921489 96.641118 95.363356 94.088296 92.816029
171.727855 170.408233 169.087737 167.766405 166.444278 165.121394 163.797795 162.473522 161.148617 159.823124 158.497086 157.170548 155.843555 154.516153 153.188389 151.860311 150.531967 149.203406 147.874678 146.545835 145.216928 143.888010 142.559135 141.230356 139.901730 138.573312 137.245159 135.917330 134.589884 133.262880 131.936380 130.610444 129.285137 127.960521 126.636662 125.313626 123.991478 122.670288 121.350124 120.031056 118.713154 117.396492 116.081142 114.767178 113.454676 112.143713 110.834365 109.526712 108.220834 106.916811 105.614726 104.314662 103.016704 101.720938 100.427451 99.136330 97.847666 96.561549 95.278071 93.997326
173.318126 171.993503 170.667951 169.341509 168.014217 166.686113 165.357239 164.027636 162.697345 161.366409 160.034873 158.702779 157.370173 156.037102 154.703610 153.369747 152.035560 150.701098 149.366410 148.031549 146.696565 145.361510 144.026438 142.691404 141.356462 140.021668 138.687079 137.352753 136.018749 134.685127 133.351946 132.019270 130.687160 129.355680 128.024895 126.694871 125.365673 124.037371 122.710032 121.383726 120.058525 118.734500 117.411724 116.090272 114.770218 113.451640 112.134615 110.819221 109.505538 108.193647 106.883632 105.575574 104.269559 102.965672 101.664000 100.364632 99.067658 97.773168 96.481253 95.192009
174.921779 173.592173 172.261584 170.930051 169.597611 168.264305 166.930173 165.595255 164.259594 162.923231 161.586211 160.248576 158.910372 157.571645 156.232440 154.892804 153.552786 152.212434 150.871798 149.530929 148.189877 146.848695 145.507436 144.166154 142.824904 141.483741 140.142723 138.801906 137.461350 136.121113 134.781257 133.441843 132.102934 130.764592 129.426882 128.089870 126.753622 125.418206 124.083691 122.750146 121.417641 120.086250 118.756044 117.427097 116.099486 114.773286 113.448575 112.125432 110.803935 109.484167 108.166209 106.850145 105.536059 104.224038 102.914168 101.606537 100.301236 98.998354 97.697985 96.400221
176.538914 175.204345 173.868739 172.532132 171.194564 169.856074 168.516701 167.176486 165.835472 164.493699 163.151210 161.808050 160.464263 159.119893 157.774988 156.429594 155.083758 153.737529 152.390956 151.044090 149.696982 148.349683 147.002247 145.654726 144.307176 142.959653 141.612212 140.264911 138.917808 137.570963 136.224437 134.878289 133.532583 132.187381 130.842749 129.498751 128.155454 126.812925 125.471232 124.130445 122.790636 121.451874 120.114234 118.777789 117.442615 116.108787 114.776383 113.445482 112.116163 110.788507 109.462597 108.138515 106.816347 105.496177 104.178094 102.862186 101.548541 100.237252 98.928410 97.622108
178.169634 176.830122 175.489518 174.147858 172.805180 171.461525 170.116930 168.771436 167.425086 166.077919 164.729979 163.381310 162.031955 160.681959 159.331369 157.980229 156.628589 155.276497 153.924000 152.571150 151.217996 149.864591 148.510988 147.157239 145.803399 144.449523 143.095668 141.741890 140.388248 139.034801 137.681609 136.328732 134.976234 133.624177 132.272624 130.921643 129.571297 128.221655 126.872785 125.524757 124.177640 122.831507 121.486429 120.142482 118.799740 117.458278 116.118175 114.779509 113.442360 112.106807 110.772935 109.440825 108.110562 106.782232 105.455923 104.131722 102.809719 101.490006 100.172673 98.857816
