avaframe/data/avaHelix/Inputs/myDEM_HX_Topo.asc
nCols  1001
nRows  401
xllcorner  1000.00
yllcorner -5000.00
cellsize  5
nodata_value -9999.00
[rows 135 to 161 of 401, columns 300 to 359 of 1001]
48.483322 47.595682 46.713079 45.835594 44.963310 44.096312 43.234684 42.378510 41.527877 40.682871 39.843579 39.010089 38.182491 37.360871 36.545322 35.735933 34.932795 34.136000 33.345641 32.561811 31.784604 31.014114 30.250437 29.493668 28.743903 28.001241 27.265777 26.537612 25.816843 25.103571 24.397895 23.699917 23.009738 22.327459 21.653184 20.987016 20.329058 19.679415 19.038192 18.405494 17.781428 17.166100 16.559617 15.962087 15.373618 14.794319 14.224299 13.663668 13.112535 12.571012 12.039210 11.517240 11.005214 10.503245 10.011446 9.529929 9.058810 8.598200 8.148216 7.708972
49.158210 48.263460 47.373722 46.489080 45.609615 44.735413 43.866559 43.003137 42.145235 41.292940 40.446338 39.605518 38.770570 37.941583 37.118647 36.301854 35.491295 34.687063 33.889251 33.097952 32.313261 31.535274 30.764085 29.999792 29.242491 28.492281 27.749259 27.013524 26.285178 25.564318 24.851048 24.145467 23.447679 22.757786 22.075892 21.402101 20.736516 20.079244 19.430391 18.790061 18.158364 17.535405 16.921294 16.316138 15.720046 15.133130 14.555497 13.987260 13.428529 12.879417 12.340034 11.810494 11.290910 10.781395 10.282064 9.793029 9.314407 8.846313 8.388861 7.942169
49.841043 48.939148 48.042240 47.150403 46.263720 45.382277 44.506159 43.635451 42.770240 41.910615 41.056662 40.208472 39.366132 38.529735 37.699370 36.875129 36.057105 35.245391 34.440079 33.641266 32.849045 32.063512 31.284765 30.512899 29.748013 28.990205 28.239575 27.496221 26.760244 26.031746 25.310829 24.597593 23.892143 23.194582 22.505013 21.823543 21.150276 20.485319 19.828778 19.180760 18.541373 17.910725 17.288926 16.676084 16.072311 15.477716 14.892410 14.316506 13.750115 13.193350 12.646324 12.109151 11.581944 11.064819 10.557890 10.061273 9.575084 9.099438 8.634452 8.180244
50.531909 49.622833 48.718719 47.819651 46.925713 46.036991 45.153570 44.275537 43.402979 42.535983 41.674639 40.819036 39.969264 39.125414 38.287577 37.455845 36.630311 35.811069 34.998214 34.191839 33.392041 32.598917 31.812562 31.033075 30.260555 29.495100 28.736810 27.985786 27.242129 26.505940 25.777322 25.056378 24.343212 23.637928 22.940631 22.251427 21.570422 20.897722 20.233436 19.577671 18.930537 18.292141 17.662595 17.042008 16.430492 15.828158 15.235117 14.651484 14.077370 13.512890 12.958158 12.413287 11.878394 11.353594 10.839002 10.334737 9.840913 9.357649 8.885063 8.423272
51.230896 50.314603 49.403247 48.496912 47.595682 46.699644 45.808882 44.923484 44.043539 43.169133 42.300357 41.437301 40.580054 39.728708 38.883355 38.044088 37.211001 36.384187 35.563741 34.749759 33.942338 33.141573 32.347564 31.560408 30.780204 30.007052 29.241053 28.482307 27.730917 26.986985 26.250614 25.521909 24.800973 24.087911 23.382830 22.685836 21.997036 21.316537 20.644449 19.980879 19.325938 18.679736 18.042383 17.413990 16.794671 16.184536 15.583699 14.992274 14.410375 13.838116 13.275613 12.722981 12.180336 11.647796 11.125476 10.613496 10.111971 9.621023 9.140768 8.671326
51.938091 51.014547 50.095914 49.182275 48.273716 47.370323 46.472183 45.579382 44.692010 43.810154 42.933905 42.063354 41.198590 40.339706 39.486795 38.639949 37.799263 36.964832 36.136750 35.315115 34.500023 33.691571 32.889859 32.094984 31.307047 30.526148 29.752389 28.985871 28.226696 27.474969 26.730792 25.994271 25.265510 24.544617 23.831696 23.126856 22.430204 21.741850 21.061901 20.390468 19.727662 19.073593 18.428373 17.792114 17.164930 16.546933 15.938238 15.338958 14.749210 14.169109 13.598771 13.038312 12.487851 11.947504 11.417390 10.897628 10.388336 9.889635 9.401643 8.924483
52.653586 51.722756 50.796809 49.875830 48.959905 48.049120 47.143562 46.243320 45.348481 44.459136 43.575373 42.697285 41.824963 40.958498 40.097985 39.243517 38.395188 37.553094 36.717331 35.887996 35.065186 34.249000 33.439535 32.636893 31.841174 31.052478 30.270908 29.496565 28.729554 27.969978 27.217943 26.473552 25.736913 25.008131 24.287316 23.574573 22.870013 22.173745 21.485878 20.806523 20.135792 19.473797 18.820650 18.176464 17.541353 16.915432 16.298815 15.691619 15.093958 14.505950 13.927712 13.359362 12.801018 12.252799 11.714824 11.187212 10.670085 10.163563 9.667766 9.182818
53.377470 52.439319 51.506023 50.577668 49.654340 48.736126 47.823113 46.915389 46.013045 45.116169 44.224853 43.339187 42.459263 41.585176 40.717017 39.854882 38.998866 38.149065 37.305574 36.468493 35.637918 34.813949 33.996685 33.186226 32.382674 31.586131 30.796699 30.014481 29.239581 28.472104 27.712155 26.959841 26.215268 25.478544 24.749777 24.029076 23.316550 22.612310 21.916467 21.229131 20.550416 19.880434 19.219299 18.567125 17.924026 17.290118 16.665516 16.050339 15.444701 14.848722 14.262519 13.686212 13.119919 12.563760 12.017857 11.482329 10.957298 10.442886 9.939216 9.446409
54.109837 53.164329 52.223648 51.287881 50.357113 49.431431 48.510925 47.595682 46.685793 45.781347 44.882435 43.989150 43.101584 42.219830 41.343983 40.474138 39.610390 38.752835 37.901572 37.056697 36.218310 35.386510 34.561398 33.743074 32.931640 32.127199 31.329853 30.539708 29.756867 28.981435 28.213520 27.453229 26.700667 25.955945 25.219170 24.490453 23.769904 23.057634 22.353755 21.658380 20.971621 20.293592 19.624407 18.964183 18.313033 17.671076 17.038426 16.415204 15.801525 15.197509 14.603276 14.018945 13.444636 12.880472 12.326572 11.783059 11.250056 10.727685 10.216071 9.715336
54.850777 53.897878 52.949777 52.006561 51.068317 50.135131 49.207093 48.284292 47.366818 46.454762 45.548215 44.647269 43.752018 42.862556 41.978977 41.101377 40.229852 39.364499 38.505417 37.652702 36.806456 35.966777 35.133768 34.307529 33.488163 32.675773 31.870463 31.072338 30.281503 29.498065 28.722129 27.953805 27.193200 26.440423 25.695585 24.958795 24.230165 23.509807 22.797834 22.094358 21.399495 20.713358 20.036063 19.367726 18.708463 18.058393 17.417632 16.786299 16.164515 15.552397 14.950067 14.357646 13.775255 13.203015 12.641051 12.089485 11.548440 11.018041 10.498412 9.989679
55.600386 54.640061 53.684505 52.733804 51.788046 50.847319 49.911711 48.981314 48.056215 47.136509 46.222285 45.313638 44.410660 43.513446 42.622092 41.736694 40.857347 39.984151 39.117203 38.256602 37.402449 36.554844 35.713888 34.879685 34.052337 33.231948 32.418622 31.612465 30.813584 30.022084 29.238075 28.461663 27.692959 26.932072 26.179112 25.434192 24.697424 23.968919 23.248792 22.537157 21.834128 21.139822 20.454355 19.777843 19.110404 18.452157 17.803221 17.163714 16.533757 15.913472 15.302979 14.702400 14.111858 13.531477 12.961379 12.401690 11.852534 11.314036 10.786322 10.269519
56.358759 55.390973 54.427926 53.469704 52.516396 51.568090 50.624875 49.686841 48.754080 47.826683 46.904742 45.988351 45.077605 44.172597 43.273425 42.380183 41.492971 40.611885 39.737026 38.868492 38.006384 37.150804 36.301854 35.459637 34.624256 33.795817 32.974424 32.160183 31.353202 30.553588 29.761450 28.976896 28.200037 27.430983 26.669847 25.916739 25.171773 24.435063 23.706722 22.986867 22.275613 21.573076 20.879374 20.194625 19.518947 18.852459 18.195282 17.547535 16.909341 16.280822 15.662098 15.053295 14.454534 13.865942 13.287642 12.719760 12.162422 11.615754 11.079884 10.554939
57.125990 56.150709 55.180136 54.214357 53.253463 52.297540 51.346680 50.400972 49.460508 48.525381 47.595682 46.671507 45.752950 44.840105 43.933071 43.031943 42.136819 41.247799 40.364982 39.488468 38.618358 37.754755 36.897762 36.047481 35.204018 34.367477 33.537965 32.715588 31.900454 31.092672 30.292351 29.499600 28.714530 27.937253 27.167881 26.406528 25.653306 24.908331 24.171717 23.443582 22.724041 22.013211 21.311212 20.618162 19.934181 19.259388 18.593905 17.937854 17.291356 16.654535 16.027514 15.410418 14.803370 14.206498 13.619925 13.043780 12.478190 11.923281 11.379183 10.846023
57.902177 56.919366 55.941232 54.967862 53.999344 53.035768 52.077224 51.123804 50.175598 49.232700 48.295204 47.363203 46.436792 45.516068 44.601128 43.692069 42.788990 41.891990 41.001169 40.116628 39.238469 38.366795 37.501708 36.643314 35.791718 34.947025 34.109342 33.278776 32.455437 31.639432 30.830873 30.029869 29.236533 28.450976 27.673312 26.903655 26.142118 25.388819 24.643872 23.907395 23.179506 22.460322 21.749963 21.048549 20.356200 19.673037 18.999184 18.334761 17.679893 17.034704 16.399317 15.773859 15.158456 14.553233 13.958318 13.373839 12.799925 12.236703 11.684304 11.142857
58.687419 57.697044 56.711313 55.730314 54.754137 53.782871 52.816606 51.855434 50.899448 49.948740 49.003405 48.063536 47.129231 46.200585 45.277696 44.360663 43.449583 42.544557 41.645686 40.753071 39.866815 38.987021 38.113793 37.247236 36.387455 35.534559 34.688652 33.849846 33.018247 32.193966 31.377114 30.567802 29.766143 28.972249 28.186235 27.408216 26.638306 25.876622 25.123282 24.378403 23.642103 22.914502 22.195720 21.485878 20.785097 20.093500 19.411210 18.738349 18.075044 17.421418 16.777598 16.143710 15.519880 14.906237 14.302910 13.710026 13.127715 12.556108 11.995335 11.445528
59.481813 58.483840 57.490478 56.501816 55.517943 54.538949 53.564926 52.595964 51.632158 50.673600 49.720385 48.772609 47.830367 46.893756 45.962875 45.037822 44.118697 43.205600 42.298632 41.397897 40.503496 39.615533 38.734114 37.859344 36.991330 36.130178 35.275997 34.428896 33.588984 32.756373 31.931173 31.113497 30.303459 29.501171 28.706749 27.920309 27.141967 26.371839 25.610044 24.856701 24.111929 23.375848 22.648580 21.930245 21.220968 20.520871 19.830077 19.148713 18.476902 17.814772 17.162449 16.520061 15.887736 15.265603 14.653790 14.052430 13.461651 12.881585 12.312365 11.754123
60.285460 59.279855 58.278827 57.282466 56.290861 55.304103 54.322283 53.345494 52.373829 51.407382 50.446247 49.490521 48.540300 47.595682 46.656766 45.723650 44.796434 43.875221 42.960110 42.051207 41.148613 40.252434 39.362775 38.479742 37.603442 36.733984 35.871476 35.016027 34.167749 33.326753 32.493150 31.667055 30.848580 30.037841 29.234954 28.440034 27.653199 26.874567 26.104257 25.342388 24.589081 23.844457 23.108639 22.381748 21.663909 20.955245 20.255882 19.565946 18.885563 18.214860 17.553966 16.903008 16.262117 15.631421 15.011053 14.401143 13.801823 13.213225 12.635484 12.068732
61.098462 60.085190 59.076462 58.072367 57.072994 56.078435 55.088782 54.104126 53.124563 52.150187 51.181092 50.217375 49.259134 48.306466 47.359471 46.418247 45.482897 44.553521 43.630222 42.713103 41.802269 40.897825 39.999876 39.108530 38.223895 37.346078 36.475191 35.611342 34.754643 33.905207 33.063147 32.228575 31.401608 30.582361 29.770949 28.967490 28.172103 27.384907 26.606020 25.835564 25.073659 24.320429 23.575996 22.840484 22.114018 21.396722 20.688723 19.990147 19.301123 18.621778 17.952242 17.292645 16.643116 16.003788 15.374791 14.756259 14.148324 13.551120 12.964783 12.389446
61.920920 60.899949 59.883486 58.871621 57.864444 56.862048 55.864523 54.871964 53.884464 52.902119 51.925023 50.953275 49.986972 49.026211 48.071094 47.121719 46.178189 45.240605 44.309071 43.383690 42.464568 41.551810 40.645522 39.745813 38.852791 37.966565 37.087245 36.214943 35.349770 34.491840 33.641266 32.798162 31.962645 31.134831 30.314837 29.502781 28.698782 27.902959 27.115434 26.336329 25.565764 24.803864 24.050752 23.306554 22.571394 21.845399 21.128696 20.421413 19.723679 19.035624 18.357376 17.689068 17.030831 16.382797 15.745099 15.117871 14.501248 13.895363 13.300354 12.716357
62.752938 61.724233 60.700001 59.680332 58.665316 57.655045 56.649612 55.649111 54.653636 53.663282 52.678146 51.698326 50.723918 49.755023 48.791740 47.834170 46.882415 45.936578 44.996763 44.063073 43.135614 42.214494 41.299818 40.391696 39.490236 38.595548 37.707744 36.826935 35.953234 35.086755 34.227611 33.375920 32.531796 31.695357 30.866721 30.046008 29.233336 28.428828 27.632603 26.844785 26.065497 25.294863 24.533007 23.780057 23.036137 22.301377 21.575903 20.859844 20.153332 19.456495 18.769466 18.092376 17.425358 16.768546 16.122074 15.486077 14.860690 14.246050 13.642294 13.049559
63.594620 62.558149 61.526114 60.498605 59.475714 58.457533 57.444155 56.435674 55.432184 54.433783 53.440567 52.452633 51.470079 50.493007 49.521515 48.555707 47.595682 46.641546 45.693403 44.751357 43.815514 42.885983 41.962869 41.046284 40.136335 39.233134 38.336793 37.447424 36.565140 35.690057 34.822289 33.961952 33.109164 32.264043 31.426707 30.597277 29.775873 28.962616 28.157630 27.361037 26.572961 25.793529 25.022865 24.261097 23.508351 22.764757 22.030444 21.305542 20.590181 19.884493 19.188611 18.502667 17.826797 17.161134 16.505814 15.860973 15.226748 14.603276 13.990696 13.389148
64.446073 63.401801 62.361929 61.326546 60.295745 59.269617 58.248257 57.231758 56.220217 55.213729 54.212391 53.216303 52.225563 51.240271 50.260528 49.286436 48.318097 47.355617 46.399100 45.448650 44.504376 43.566384 42.634784 41.709685 40.791196 39.879430 38.974500 38.076517 37.185597 36.301854 35.425405 34.556367 33.694857 32.840995 31.994900 31.156693 30.326496 29.504430 28.690619 27.885189 27.088263 26.299967 25.520430 24.749777 23.988139 23.235644 22.492423 21.758607 21.034328 20.319718 19.614912 18.920043 18.235247 17.560660 16.896417 16.242658 15.599519 14.967140 14.345660 13.735219
65.307402 64.255298 63.207554 62.164263 61.125516 60.091406 59.062026 58.037473 57.017841 56.003227 54.993729 53.989446 52.990477 51.996923 51.008885 50.026466 49.049769 48.078900 47.113962 46.155062 45.202308 44.255808 43.315671 42.382008 41.454928 40.534546 39.620972 38.714323 37.814711 36.922255 36.037069 35.159272 34.288984 33.426322 32.571409 31.724365 30.885313 30.054376 29.231680 28.417348 27.611507 26.814284 26.025806 25.246204 24.475605 23.714142 22.961944 22.219145 21.485878 20.762275 20.048473 19.344606 18.650811 17.967225 17.293986 16.631233 15.979104 15.337740 14.707282 14.087872
66.178716 65.118746 64.063098 63.011864 61.965136 60.923008 59.885573 58.852926 57.825165 56.802387 55.784689 54.772170 53.764931 52.763073 51.766698 50.775908 49.790809 48.811503 47.838099 46.870702 45.909421 44.954364 44.005641 43.063363 42.127642 41.198590 40.276321 39.360951 38.452594 37.551368 36.657390 35.770778 34.891652 34.020133 33.156341 32.300400 31.452433 30.612564 29.780918 28.957621 28.142801 27.336585 26.539103 25.750483 24.970857 24.200357 23.439114 22.687262 21.944935 21.212269 20.489398 19.776460 19.073593 18.380934 17.698623 17.026799 16.365604 15.715178 15.075665 14.447206
67.060123 65.992255 64.928670 63.869459 62.814715 61.764533 60.719006 59.678230 58.642302 57.611320 56.585382 55.564587 54.549037 53.538833 52.534077 51.534874 50.541326 49.553541 48.571624 47.595682 46.625826 45.662163 44.704804 43.753862 42.809447 41.871675 40.940659 40.016514 39.099357 38.189306 37.286478 36.390994 35.502973 34.622538 33.749809 32.884911 32.027967 31.179103 30.338445 29.506120 28.682256 27.866982 27.060428 26.262724 25.474003 24.694396 23.924038 23.163063 22.411606 21.669804 20.937793 20.215711 19.503697 18.801890 18.110431 17.429461 16.759122 16.099557 15.450909 14.813322
67.951734 66.875936 65.804380 64.737158 63.674364 62.616092 61.562437 60.513494 59.469362 58.430137 57.395920 56.366810 55.342907 54.324315 53.311136 52.303474 51.301435 50.305124 49.314648 48.330116 47.351636 46.379319 45.413275 44.453618 43.500459 42.553914 41.614096 40.681124 39.755112 38.836181 37.924448 37.020034 36.123061 35.233649 34.351923 33.478007 32.612025 31.754104 30.904371 30.062954 29.229981 28.405583 27.589891 26.783036 25.985151 25.196370 24.416827 23.646659 22.886000 22.134990 21.393765 20.662464 19.941229 19.230199 18.529517 17.839324 17.159763 16.490980 15.833118 15.186324
68.853660 67.769899 66.690340 65.615074 64.544195 63.477799 62.415979 61.358833 60.306458 59.258953 58.216417 57.178950 56.146655 55.119633 54.097988 53.081825 52.071249 51.066367 50.067287 49.074116 48.086966 47.105946 46.131168 45.162745 44.200791 43.245420 42.296749 41.354895 40.419974 39.492107 38.571412 37.658012 36.752027 35.853581 34.962799 34.079804 33.204722 32.337682 31.478810 30.628236 29.786090 28.952502 28.127605 27.311531 26.504414 25.706389 24.917592 24.138158 23.368227 22.607935 21.857423 21.116830 20.386299 19.665970 18.955987 18.256493 17.567634 16.889553 16.222398 15.566316
