avaframe/data/avaHelix/Inputs/myDEM_HX_Topo.asc
nCols  1001
nRows  401
xllcorner  1000.00
yllcorner -5000.00
cellsize  5
nodata_value -9999.00
[rows 81 to 107 of 401, columns 60 to 119 of 1001]
221.177243 220.320728 219.463331 218.605057 217.745913 216.885904 216.025035 215.163313 214.300743 213.437332 212.573087 211.708012 210.842115 209.975401 209.107879 208.239553 207.370432 206.500521 205.629827 204.758359 203.886122 203.013125 202.139373 201.264876 200.389640 199.513673 198.636984 197.759578 196.881466 196.002654 195.123151 194.242966 193.362106 192.480581 191.598399 190.715568 189.832098 188.947997 188.063275 187.177941 186.292005 185.405475 184.518362 183.630675 182.742424 181.853619 180.964270 180.074388 179.183982 178.293064 177.401644 176.509732 175.617340 174.724479 173.831160 172.937394 172.043193 171.148568 170.253532 169.358095
222.358526 221.500555 220.641689 219.781934 218.921294 218.059776 217.197386 216.334128 215.470010 214.605037 213.739216 212.872551 212.005051 211.136720 210.267566 209.397596 208.526815 207.655231 206.782851 205.909680 205.035728 204.161000 203.285504 202.409248 201.532238 200.654483 199.775990 198.896768 198.016822 197.136163 196.254798 195.372735 194.489983 193.606550 192.722445 191.837675 190.952252 190.066182 189.179476 188.292142 187.404189 186.515628 185.626468 184.736718 183.846388 182.955488 182.064028 181.172019 180.279470 179.386392 178.492796 177.598693 176.704093 175.809007 174.913446 174.017422 173.120946 172.224030 171.326685 170.428924
223.545516 222.686098 221.825773 220.964544 220.102418 219.239401 218.375497 217.510713 216.645055 215.778528 214.911139 214.042894 213.173799 212.303859 211.433083 210.561476 209.689044 208.815796 207.941736 207.066873 206.191213 205.314763 204.437530 203.559523 202.680748 201.801212 200.920925 200.039892 199.158122 198.275623 197.392403 196.508470 195.623833 194.738500 193.852479 192.965779 192.078409 191.190378 190.301694 189.412367 188.522406 187.631820 186.740620 185.848813 184.956411 184.063423 183.169860 182.275730 181.381044 180.485814 179.590049 178.693760 177.796957 176.899653 176.001857 175.103581 174.204836 173.305634 172.405987 171.505906
224.738236 223.877381 223.015604 222.152912 221.289308 220.424800 219.559392 218.693091 217.825902 216.957830 216.088883 215.219065 214.348383 213.476844 212.604454 211.731219 210.857145 209.982240 209.106510 208.229962 207.352602 206.474439 205.595478 204.715728 203.835195 202.953888 202.071813 201.188978 200.305391 199.421060 198.535994 197.650199 196.763685 195.876459 194.988530 194.099907 193.210598 192.320612 191.429959 190.538646 189.646684 188.754081 187.860847 186.966992 186.072525 185.177456 184.281794 183.385551 182.488736 181.591359 180.693431 179.794963 178.895965 177.996448 177.096423 176.195901 175.294894 174.393412 173.491468 172.589074
225.936710 225.074426 224.211208 223.347061 222.481989 221.615999 220.749096 219.881286 219.012575 218.142967 217.272470 216.401089 215.528830 214.655700 213.781704 212.906850 212.031143 211.154590 210.277198 209.398973 208.519923 207.640054 206.759374 205.877889 204.995607 204.112535 203.228682 202.344053 201.458658 200.572503 199.685598 198.797949 197.909565 197.020454 196.130626 195.240087 194.348847 193.456915 192.564299 191.671008 190.777052 189.882439 188.987179 188.091282 187.194757 186.297614 185.399862 184.501512 183.602574 182.703058 181.802974 180.902333 180.001146 179.099423 178.197175 177.294414 176.391151 175.487396 174.583162 173.678459
227.140961 226.277259 225.412608 224.547015 223.680484 222.813022 221.944633 221.075324 220.205099 219.333965 218.461927 217.588992 216.715164 215.840452 214.964860 214.088395 213.211063 212.332871 211.453826 210.573933 209.693201 208.811635 207.929244 207.046033 206.162010 205.277183 204.391559 203.505145 202.617949 201.729979 200.841243 199.951748 199.061503 198.170515 197.278794 196.386348 195.493185 194.599313 193.704743 192.809481 191.913539 191.016924 190.119646 189.221714 188.323138 187.423928 186.524094 185.623644 184.722590 183.820941 182.918708 182.015902 181.112532 180.208610 179.304146 178.399152 177.493638 176.587617 175.681098 174.774095
228.351014 227.485901 226.619828 225.752798 224.884818 224.015893 223.146027 222.275228 221.403499 220.530847 219.657278 218.782797 217.907411 217.031125 216.153945 215.275879 214.396931 213.517109 212.636419 211.754868 210.872463 209.989209 209.105115 208.220187 207.334432 206.447858 205.560471 204.672280 203.783292 202.893515 202.002956 201.111624 200.219525 199.326669 198.433064 197.538718 196.643640 195.747837 194.851320 193.954096 193.056174 192.157565 191.258276 190.358317 189.457698 188.556429 187.654518 186.751976 185.848813 184.945039 184.040665 183.135699 182.230154 181.324040 180.417367 179.510146 178.602389 177.694107 176.785311 175.876012
229.566891 228.700378 227.832891 226.964435 226.095015 225.224636 224.353303 223.481023 222.607799 221.733639 220.858548 219.982531 219.105595 218.227745 217.348987 216.469328 215.588774 214.707331 213.825006 212.941804 212.057734 211.172802 210.287013 209.400377 208.512898 207.624586 206.735446 205.845487 204.954715 204.063139 203.170766 202.277604 201.383661 200.488945 199.593464 198.697226 197.800241 196.902515 196.004059 195.104880 194.204988 193.304391 192.403099 191.501121 190.598467 189.695145 188.791167 187.886540 186.981276 186.075383 185.168874 184.261757 183.354043 182.445743 181.536868 180.627428 179.717434 178.806898 177.895831 176.984244
230.788616 229.920713 229.051822 228.181949 227.311098 226.439275 225.566485 224.692733 223.818025 222.942366 222.065762 221.188219 220.309742 219.430337 218.550010 217.668768 216.786616 215.903561 215.019610 214.134768 213.249042 212.362439 211.474966 210.586630 209.697437 208.807395 207.916511 207.024792 206.132245 205.238879 204.344701 203.449718 202.553939 201.657371 200.760022 199.861901 198.963016 198.063376 197.162989 196.261863 195.360008 194.457433 193.554146 192.650156 191.745474 190.840109 189.934069 189.027365 188.120007 187.212004 186.303367 185.394106 184.484231 183.573752 182.662682 181.751029 180.838806 179.926023 179.012691 178.098822
232.016212 231.146929 230.276645 229.405364 228.533093 227.659836 226.785597 225.910384 225.034201 224.157052 223.278945 222.399885 221.519876 220.638926 219.757040 218.874224 217.990485 217.105827 216.220259 215.333785 214.446413 213.558149 212.669001 211.778974 210.888075 209.996312 209.103693 208.210223 207.315910 206.420763 205.524788 204.627993 203.730386 202.831974 201.932767 201.032771 200.131996 199.230449 198.328139 197.425075 196.521265 195.616719 194.711445 193.805452 192.898750 191.991348 191.083256 190.174482 189.265038 188.354932 187.444175 186.532777 185.620748 184.708099 183.794840 182.880982 181.966536 181.051513 180.135924 179.219780
233.249705 232.379051 231.507383 230.634705 229.761023 228.886341 228.010665 227.134000 226.256351 225.377723 224.498123 223.617555 222.736025 221.853539 220.970103 220.085723 219.200405 218.314154 217.426978 216.538882 215.649873 214.759958 213.869143 212.977434 212.084839 211.191365 210.297019 209.401807 208.505738 207.608818 206.711055 205.812457 204.913030 204.012785 203.111727 202.209865 201.307208 200.403763 199.499539 198.594545 197.688789 196.782280 195.875027 194.967039 194.058325 193.148895 192.238757 191.327922 190.416399 189.504198 188.591329 187.677801 186.763626 185.848813 184.933374 184.017318 183.100657 182.183401 181.265561 180.347150
234.489117 233.617102 232.744060 231.869996 230.994913 230.118816 229.241712 228.363605 227.484501 226.604403 225.723319 224.841254 223.958212 223.074201 222.189224 221.303290 220.416402 219.528568 218.639794 217.750086 216.859449 215.967892 215.075420 214.182039 213.287757 212.392581 211.496517 210.599573 209.701756 208.803072 207.903531 207.003138 206.101902 205.199830 204.296931 203.393212 202.488681 201.583347 200.677218 199.770302 198.862608 197.954145 197.044922 196.134947 195.224230 194.312779 193.400605 192.487716 191.574122 190.659834 189.744860 188.829211 187.912897 186.995929 186.078316 185.160070 184.241200 183.321719 182.401636 181.480964
235.734472 234.861107 233.986702 233.111260 232.234786 231.357286 230.478764 229.599225 228.718675 227.837118 226.954561 226.071007 225.186464 224.300936 223.414430 222.526951 221.638504 220.749096 219.858734 218.967422 218.075168 217.181978 216.287858 215.392815 214.496856 213.599987 212.702215 211.803548 210.903992 210.003554 209.102243 208.200065 207.297028 206.393140 205.488408 204.582840 203.676445 202.769231 201.861205 200.952376 200.042753 199.132345 198.221159 197.309206 196.396493 195.483031 194.568828 193.653894 192.738238 191.821870 190.904800 189.987038 189.068593 188.149476 187.229698 186.309269 185.388199 184.466500 183.544181 182.621255
236.985794 236.111090 235.235331 234.358522 233.480668 232.601774 231.721844 230.840884 229.958899 229.075893 228.191872 227.306841 226.420806 225.533772 224.645745 223.756731 222.866736 221.975764 221.083823 220.190918 219.297056 218.402243 217.506486 216.609790 215.712162 214.813610 213.914140 213.013759 212.112474 211.210292 210.307220 209.403266 208.498437 207.592742 206.686186 205.778780 204.870529 203.961443 203.051530 202.140797 201.229254 200.316908 199.403770 198.489846 197.575147 196.659682 195.743459 194.826487 193.908777 192.990338 192.071180 191.151312 190.230745 189.309488 188.387553 187.464948 186.541686 185.617776 184.693230 183.768058
238.243107 237.367073 236.489972 235.611807 234.732584 233.852306 232.970979 232.088607 231.205197 230.320752 229.435278 228.548780 227.661263 226.772734 225.883197 224.992658 224.101123 223.208598 222.315088 221.420601 220.525141 219.628715 218.731329 217.832990 216.933704 216.033479 215.132320 214.230235 213.327230 212.423313 211.518490 210.612770 209.706159 208.798665 207.890296 206.981059 206.070962 205.160014 204.248222 203.335594 202.422140 201.507866 200.592783 199.676899 198.760222 197.842762 196.924527 196.005527 195.085772 194.165270 193.244032 192.322067 191.399385 190.475997 189.551911 188.627140 187.701693 186.775580 185.848813 184.921403
239.506434 238.629082 237.750649 236.871139 235.990556 235.108905 234.226192 233.342420 232.457594 231.571721 230.684804 229.796849 228.907862 228.017847 227.126810 226.234757 225.341693 224.447624 223.552557 222.656496 221.759448 220.861419 219.962415 219.062443 218.161509 217.259620 216.356782 215.453003 214.548288 213.642645 212.736082 211.828605 210.920221 210.010938 209.100765 208.189707 207.277774 206.364972 205.451311 204.536797 203.621441 202.705249 201.788230 200.870394 199.951748 199.032302 198.112064 197.191045 196.269252 195.346697 194.423387 193.499333 192.574545 191.649033 190.722807 189.795876 188.868252 187.939946 187.010966 186.081326
240.775800 239.897141 239.017386 238.136541 237.254610 236.371597 235.487507 234.602346 233.716116 232.828825 231.940476 231.051075 230.160627 229.269137 228.376611 227.483054 226.588471 225.692870 224.796254 223.898630 223.000004 222.100383 221.199771 220.298176 219.395604 218.492062 217.587555 216.682091 215.775676 214.868318 213.960023 213.050799 212.140652 211.229591 210.317622 209.404754 208.490993 207.576348 206.660826 205.744437 204.827187 203.909086 202.990141 202.070361 201.149755 200.228333 199.306101 198.383071 197.459251 196.534650 195.609277 194.683144 193.756258 192.828631 191.900271 190.971190 190.041398 189.110905 188.179721 187.247858
242.051229 241.171273 240.290208 239.408039 238.524771 237.640406 236.754952 235.868411 234.980788 234.092090 233.202319 232.311483 231.419585 230.526630 229.632625 228.737575 227.841485 226.944360 226.046207 225.147031 224.246838 223.345634 222.443425 221.540217 220.636017 219.730831 218.824666 217.917528 217.009423 216.100359 215.190343 214.279382 213.367482 212.454652 211.540898 210.626228 209.710649 208.794170 207.876798 206.958542 206.039409 205.119407 204.198546 203.276832 202.354276 201.430886 200.506670 199.581637 198.655798 197.729160 196.801734 195.873529 194.944555 194.014821 193.084337 192.153114 191.221162 190.288491 189.355111 188.421034
243.332745 242.451503 241.569139 240.685657 239.801062 238.915358 238.028548 237.140639 236.251635 235.361540 234.470359 233.578098 232.684761 231.790353 230.894880 229.998347 229.100759 228.202123 227.302442 226.401725 225.499975 224.597199 223.693403 222.788593 221.882776 220.975957 220.068143 219.159341 218.249557 217.338797 216.427070 215.514382 214.600739 213.686149 212.770620 211.854159 210.936772 210.018469 209.099257 208.179143 207.258136 206.336244 205.413475 204.489838 203.565340 202.639991 201.713800 200.786775 199.858926 198.930261 198.000790 197.070523 196.139468 195.207637 194.275038 193.341681 192.407577 191.472737 190.537170 189.600887
244.620371 243.737855 242.854203 241.969420 241.083509 240.196475 239.308323 238.419057 237.528681 236.637201 235.744621 234.850946 233.956181 233.060330 232.163400 231.265395 230.366321 229.466183 228.564987 227.662738 226.759442 225.855105 224.949733 224.043332 223.135907 222.227466 221.318014 220.407558 219.496105 218.583661 217.670233 216.755827 215.840452 214.924113 214.006819 213.088576 212.169392 211.249275 210.328232 209.406271 208.483400 207.559627 206.634960 205.709408 204.782979 203.855681 202.927524 201.998516 201.068666 200.137983 199.206477 198.274156 197.341031 196.407111 195.472405 194.536924 193.600678 192.663676 191.725930 190.787450
245.914132 245.030353 244.145425 243.259351 242.372136 241.483785 240.594301 239.703689 238.811953 237.919099 237.025131 236.130053 235.233870 234.336589 233.438212 232.538747 231.638197 230.736569 229.833868 228.930099 228.025268 227.119380 226.212443 225.304460 224.395439 223.485386 222.574307 221.662208 220.749096 219.834978 218.919859 218.003747 217.086649 216.168572 215.249523 214.329509 213.408538 212.486616 211.563753 210.639954 209.715229 208.789586 207.863031 206.935574 206.007223 205.077987 204.147873 203.216892 202.285051 201.352359 200.418827 199.484462 198.549275 197.613275 196.676472 195.738876 194.800496 193.861343 192.921426 191.980758
247.214052 246.329022 245.442828 244.555476 243.666968 242.777310 241.886506 240.994560 240.101476 239.207259 238.311913 237.415444 236.517856 235.619154 234.719343 233.818428 232.916414 232.013307 231.109111 230.203833 229.297478 228.390051 227.481559 226.572006 225.661400 224.749746 223.837051 222.923320 222.008560 221.092777 220.175979 219.258171 218.339361 217.419556 216.498763 215.576988 214.654239 213.730524 212.805850 211.880225 210.953656 210.026151 209.097719 208.168367 207.238105 206.306939 205.374879 204.441933 203.508111 202.573420 201.637871 200.701472 199.764233 198.826163 197.887272 196.947569 196.007065 195.065769 194.123692 193.180843
248.520155 247.633885 246.746438 245.857818 244.968030 244.077077 243.184964 242.291695 241.397274 240.501706 239.604995 238.707146 237.808163 236.908053 236.006818 235.104465 234.200998 233.296423 232.390744 231.483968 230.576100 229.667145 228.757109 227.845998 226.933817 226.020573 225.106272 224.190920 223.274523 222.357087 221.438620 220.519128 219.598616 218.677094 217.754566 216.831042 215.906526 214.981028 214.054554 213.127112 212.198709 211.269354 210.339055 209.407818 208.475654 207.542569 206.608572 205.673673 204.737879 203.801199 202.863643 201.925220 200.985938 200.045807 199.104837 198.163038 197.220418 196.276989 195.332760 194.387741
249.832465 248.944967 248.056278 247.166404 246.275346 245.383110 244.489700 243.595120 242.699373 241.802466 240.904401 240.005183 239.104818 238.203310 237.300664 236.396884 235.491975 234.585944 233.678794 232.770531 231.861161 230.950690 230.039121 229.126462 228.212719 227.297896 226.382000 225.465038 224.547015 223.627937 222.707812 221.786645 220.864444 219.941215 219.016964 218.091700 217.165429 216.238158 215.309894 214.380646 213.450421 212.519226 211.587069 210.653958 209.719902 208.784908 207.848985 206.912142 205.974387 205.035728 204.096175 203.155736 202.214422 201.272240 200.329201 199.385314 198.440589 197.495036 196.548664 195.601485
251.151007 250.262292 249.372374 248.481256 247.588941 246.695434 245.800739 244.904859 244.007799 243.109564 242.210157 241.309583 240.407847 239.504953 238.600906 237.695711 236.789373 235.881896 234.973287 234.063549 233.152689 232.240712 231.327623 230.413428 229.498132 228.581742 227.664263 226.745702 225.826064 224.905356 223.983583 223.060754 222.136873 221.211948 220.285986 219.358993 218.430977 217.501944 216.571902 215.640858 214.708821 213.775796 212.841793 211.906818 210.970881 210.033989 209.096150 208.157373 207.217666 206.277039 205.335499 204.393055 203.449718 202.505495 201.560397 200.614433 199.667612 198.719944 197.771440 196.822109
252.475803 251.585885 250.694750 249.802400 248.908840 248.014074 247.118105 246.220938 245.322577 244.423026 243.522289 242.620370 241.717275 240.813008 239.907572 239.000974 238.093218 237.184308 236.274250 235.363049 234.450711 233.537240 232.622641 231.706922 230.790086 229.872140 228.953089 228.032940 227.111699 226.189371 225.265963 224.341482 223.415933 222.489324 221.561661 220.632951 219.703200 218.772417 217.840607 216.907779 215.973939 215.039096 214.103257 213.166430 212.228622 211.289842 210.350098 209.409398 208.467750 207.525164 206.581647 205.637209 204.691859 203.745606 202.798459 201.850427 200.901520 199.951748 199.001120 198.049647
253.806880 252.915771 252.023430 251.129861 250.235068 249.339055 248.441825 247.543383 246.643732 245.742877 244.840822 243.937571 243.033129 242.127500 241.220688 240.312698 239.403536 238.493205 237.581711 236.669059 235.755253 234.840300 233.924205 233.006972 232.088607 231.169117 230.248507 229.326782 228.403948 227.480013 226.554981 225.628859 224.701654 223.773372 222.844019 221.913602 220.982129 220.049606 219.116040 218.181438 217.245808 216.309158 215.371493 214.432824 213.493156 212.552499 211.610860 210.668248 209.724670 208.780136 207.834653 206.888231 205.940879 204.992605 204.043419 203.093329 202.142347 201.190480 200.237739 199.284134
