avaframe/data/avaBowl/Inputs/DEM_BL_Topo10Meters.asc
ncols        501
nrows        501
xllcorner    997.500000000000
yllcorner    -5007.500000000000
cellsize     10.000000000000
NODATA_value  -9999
[rows 380 to 398 of 501, columns 86 to 128 of 501]
1131.150146484375 1119.293701171875 1107.6099853515625 1096.0947265625 1084.743896484375 1073.5533447265625 1062.51953125 1051.638916015625 1040.9078369140625 1030.3231201171875 1019.88177490234375 1009.58056640625 999.41680908203125 989.38751220703125 979.490234375 969.72222900390625 960.0811767578125 950.56463623046875 941.1702880859375 931.89605712890625 922.73974609375 913.69927978515625 904.77276611328125 895.958251953125 887.25390625 878.657958984375 870.168701171875 861.78448486328125 853.50372314453125 845.3248291015625 837.24627685546875 829.2666015625 821.384521484375 813.5985107421875 805.9073486328125 798.3096923828125 790.80426025390625 783.38995361328125 776.0655517578125 768.82989501953125 761.68182373046875 754.620361328125 747.64447021484375
1140.75390625 1128.8143310546875 1117.05029296875 1105.45703125 1094.0306396484375 1082.7667236328125 1071.661865234375 1060.7120361328125 1049.913818359375 1039.263916015625 1028.759033203125 1018.3961181640625 1008.1722412109375 998.08453369140625 988.13031005859375 978.306884765625 968.61175537109375 959.04248046875 949.5968017578125 940.2724609375 931.0672607421875 921.97906494140625 913.0059814453125 904.14599609375 895.397216796875 886.7579345703125 878.22625732421875 869.80059814453125 861.47930908203125 853.26080322265625 845.14349365234375 837.1259765625 829.206787109375 821.384521484375 813.65777587890625 806.025390625 798.4859619140625 791.038330078125 783.6812744140625 776.41363525390625 769.2342529296875 762.14215087890625 755.1361083984375
1150.5001220703125 1138.47509765625 1126.6282958984375 1114.954833984375 1103.45068359375 1092.1114501953125 1080.933349609375 1069.91259765625 1059.04541015625 1048.3284912109375 1037.758544921875 1027.3323974609375 1017.046875 1006.899169921875 996.88653564453125 987.00628662109375 977.2557373046875 967.632568359375 958.13427734375 948.758544921875 939.5032958984375 930.36627197265625 921.34552001953125 912.43896484375 903.644775390625 894.9610595703125 886.38604736328125 877.91802978515625 869.5552978515625 861.2962646484375 853.13934326171875 845.08306884765625 837.1259765625 829.2666015625 821.503662109375 813.835693359375 806.26153564453125 798.77984619140625 791.38946533203125 784.08917236328125 776.8778076171875 769.75433349609375 762.7176513671875
1160.391845703125 1148.2789306640625 1136.3468017578125 1124.5909423828125 1113.0068359375 1101.5902099609375 1090.3369140625 1079.2431640625 1068.30517578125 1057.51953125 1046.8826904296875 1036.3914794921875 1026.042724609375 1015.83355712890625 1005.76104736328125 995.822509765625 986.01519775390625 976.336669921875 966.784423828125 957.35614013671875 948.04962158203125 938.86260986328125 929.79302978515625 920.83880615234375 911.99810791015625 903.26898193359375 894.64959716796875 886.13818359375 877.73309326171875 869.4326171875 861.2352294921875 853.13934326171875 845.14349365234375 837.24627685546875 829.44622802734375 821.74200439453125 814.13226318359375 806.61578369140625 799.19134521484375 791.85772705078125 784.61376953125 777.458251953125 770.39019775390625
1170.432373046875 1158.228759765625 1146.208984375 1134.3682861328125 1122.701904296875 1111.20556640625 1099.875 1088.706298828125 1077.695556640625 1066.839111328125 1056.1336669921875 1045.57568359375 1035.162109375 1024.889892578125 1014.75592041015625 1004.757568359375 994.89202880859375 985.15679931640625 975.54925537109375 966.067138671875 956.70806884765625 947.46978759765625 938.3502197265625 929.3472900390625 920.45892333984375 911.68328857421875 903.01849365234375 894.46270751953125 886.01422119140625 877.67144775390625 869.4326171875 861.2962646484375 853.26080322265625 845.3248291015625 837.48681640625 829.74554443359375 822.09954833984375 814.54754638671875 807.08831787109375 799.7205810546875 792.4432373046875 785.255126953125 778.155029296875
1180.6251220703125 1168.328125 1156.218017578125 1144.289794921875 1132.538818359375 1120.96044921875 1109.5504150390625 1098.3045654296875 1087.218994140625 1076.2900390625 1065.5140380859375 1054.8875732421875 1044.4073486328125 1034.0703125 1023.873291015625 1013.8135986328125 1003.88836669921875 994.094970703125 984.4307861328125 974.8934326171875 965.48052978515625 956.18975830078125 947.01898193359375 937.966064453125 929.02899169921875 920.2056884765625 911.494384765625 902.89324951171875 894.40045166015625 886.01422119140625 877.73309326171875 869.5552978515625 861.47930908203125 853.50372314453125 845.62701416015625 837.8477783203125 830.1646728515625 822.57635498046875 815.08160400390625 807.67913818359375 800.36767578125 793.14617919921875 786.013427734375
1190.9736328125 1178.580322265625 1166.3770751953125 1154.35888671875 1142.520751953125 1130.85791015625 1119.3660888671875 1108.0408935546875 1096.8785400390625 1085.8748779296875 1075.0263671875 1064.3294677734375 1053.78076171875 1043.377197265625 1033.1156005859375 1022.992919921875 1013.00640869140625 1003.1533203125 993.4310302734375 983.83709716796875 974.36895751953125 965.0244140625 955.80120849609375 946.69708251953125 937.71002197265625 928.8380126953125 920.0791015625 911.43145751953125 902.89324951171875 894.46270751953125 886.13818359375 877.91802978515625 869.80059814453125 861.78448486328125 853.8681640625 846.0501708984375 838.32916259765625 830.7037353515625 823.17266845703125 815.73455810546875 808.38836669921875 801.13275146484375 793.96661376953125
1201.4815673828125 1188.9888916015625 1176.689697265625 1164.5787353515625 1152.6507568359375 1140.9010009765625 1129.324951171875 1117.918212890625 1106.6766357421875 1095.59619140625 1084.6732177734375 1073.9039306640625 1063.2850341796875 1052.8131103515625 1042.4849853515625 1032.2977294921875 1022.24835205078125 1012.33404541015625 1002.55218505859375 992.900146484375 983.37548828125 973.97576904296875 964.69873046875 955.54217529296875 946.50396728515625 937.58203125 928.77435302734375 920.0791015625 911.494384765625 903.01849365234375 894.64959716796875 886.38604736328125 878.22625732421875 870.168701171875 862.21185302734375 854.354248046875 846.59442138671875 838.93109130859375 831.36285400390625 823.888427734375 816.506591796875 809.2161865234375 802.01593017578125
1212.1529541015625 1199.5577392578125 1187.1595458984375 1174.952880859375 1162.932373046875 1151.093017578125 1139.4302978515625 1127.939453125 1116.616455078125 1105.45703125 1094.4573974609375 1083.61376953125 1072.922607421875 1062.3804931640625 1051.984130859375 1041.73046875 1031.6165771484375 1021.639404296875 1011.79638671875 1002.08477783203125 992.5020751953125 983.04583740234375 973.71368408203125 964.50335693359375 955.41265869140625 946.4395751953125 937.58203125 928.8380126953125 920.2056884765625 911.68328857421875 903.26898193359375 894.9610595703125 886.7579345703125 878.657958984375 870.65966796875 862.761474609375 854.9620361328125 847.25982666015625 839.65362548828125 832.14208984375 824.723876953125 817.3978271484375 810.1627197265625
1222.9918212890625 1210.290771484375 1197.790283203125 1185.48486328125 1173.368896484375 1161.4373779296875 1149.6851806640625 1138.10791015625 1126.7010498046875 1115.4603271484375 1104.3818359375 1093.461669921875 1082.6961669921875 1072.0819091796875 1061.615478515625 1051.293701171875 1041.1134033203125 1031.07177734375 1021.166015625 1011.39324951171875 1001.75103759765625 992.23675537109375 982.84808349609375 973.5826416015625 964.438232421875 955.41265869140625 946.50396728515625 937.71002197265625 929.02899169921875 920.45892333984375 911.99810791015625 903.644775390625 895.397216796875 887.25390625 879.213134765625 871.27349853515625 863.4334716796875 855.691650390625 848.046630859375 840.4970703125 833.04168701171875 825.67926025390625 818.40850830078125
1234.0023193359375 1221.1920166015625 1208.5860595703125 1196.1787109375 1183.9642333984375 1171.9375 1160.09326171875 1148.4268798828125 1136.93359375 1125.6092529296875 1114.4495849609375 1103.45068359375 1092.6087646484375 1081.9202880859375 1071.3818359375 1060.9898681640625 1050.7415771484375 1040.6336669921875 1030.6634521484375 1020.82794189453125 1011.12457275390625 1001.55078125 992.1041259765625 982.78216552734375 973.5826416015625 964.50335693359375 955.54217529296875 946.69708251953125 937.966064453125 929.3472900390625 920.83880615234375 912.43896484375 904.14599609375 895.958251953125 887.87408447265625 879.8919677734375 872.01043701171875 864.22802734375 856.54327392578125 848.95489501953125 841.46148681640625 834.06182861328125 826.754638671875
1245.189208984375 1232.2657470703125 1219.5509033203125 1207.038330078125 1194.7222900390625 1182.5972900390625 1170.6580810546875 1158.899658203125 1147.3175048828125 1135.9068603515625 1124.6636962890625 1113.583740234375 1102.6632080078125 1091.8984375 1081.2857666015625 1070.8218994140625 1060.5035400390625 1050.32763671875 1040.2911376953125 1030.3912353515625 1020.6251220703125 1010.990234375 1001.48406982421875 992.1041259765625 982.84808349609375 973.71368408203125 964.69873046875 955.80120849609375 947.01898193359375 938.3502197265625 929.79302978515625 921.34552001953125 913.0059814453125 904.77276611328125 896.6441650390625 888.61859130859375 880.694580078125 872.87060546875 865.145263671875 857.51715087890625 849.98486328125 842.547119140625 835.20269775390625
1256.5572509765625 1243.516845703125 1230.689208984375 1218.06787109375 1205.6468505859375 1193.4205322265625 1181.38330078125 1169.5301513671875 1157.856201171875 1146.3568115234375 1135.0274658203125 1123.8641357421875 1112.8626708984375 1102.019287109375 1091.3304443359375 1080.79248046875 1070.402099609375 1060.15625 1050.0517578125 1040.0855712890625 1030.255126953125 1020.55755615234375 1010.990234375 1001.55078125 992.23675537109375 983.04583740234375 973.97576904296875 965.0244140625 956.18975830078125 947.46978759765625 938.86260986328125 930.36627197265625 921.97906494140625 913.69927978515625 905.525146484375 897.45513916015625 889.4876708984375 881.62115478515625 873.854248046875 866.1854248046875 858.6134033203125 851.13677978515625 843.7542724609375
1268.1112060546875 1254.9498291015625 1242.005615234375 1229.2718505859375 1216.742431640625 1204.411376953125 1192.27294921875 1180.322021484375 1168.553466796875 1156.96240234375 1145.54443359375 1134.2950439453125 1123.210205078125 1112.2860107421875 1101.5186767578125 1090.904541015625 1080.440185546875 1070.1224365234375 1059.9478759765625 1049.913818359375 1040.01708984375 1030.255126953125 1020.6251220703125 1011.12457275390625 1001.75103759765625 992.5020751953125 983.37548828125 974.36895751953125 965.48052978515625 956.70806884765625 948.04962158203125 939.5032958984375 931.0672607421875 922.73974609375 914.51898193359375 906.4034423828125 898.39141845703125 890.4814453125 882.67193603515625 874.9615478515625 867.3487548828125 859.83233642578125 852.41082763671875
1279.8565673828125 1266.56982421875 1253.5048828125 1240.6549072265625 1228.0133056640625 1215.5740966796875 1203.3311767578125 1191.279296875 1179.4129638671875 1167.7275390625 1156.218017578125 1144.880126953125 1133.7093505859375 1122.701904296875 1111.853759765625 1101.1612548828125 1090.6207275390625 1080.2288818359375 1069.9825439453125 1059.87841796875 1049.913818359375 1040.0855712890625 1030.3912353515625 1020.82794189453125 1011.39324951171875 1002.08477783203125 992.900146484375 983.83709716796875 974.8934326171875 966.067138671875 957.35614013671875 948.758544921875 940.2724609375 931.89605712890625 923.6275634765625 915.46539306640625 907.40777587890625 899.4532470703125 891.60015869140625 883.84716796875 876.1927490234375 868.63555908203125 861.1741943359375
1291.798828125 1278.3822021484375 1265.1923828125 1252.221923828125 1239.46435546875 1226.9132080078125 1214.5623779296875 1202.4061279296875 1190.43896484375 1178.656005859375 1167.0521240234375 1155.622802734375 1144.3636474609375 1133.2703857421875 1122.3389892578125 1111.565673828125 1100.94677734375 1090.478759765625 1080.158447265625 1069.9825439453125 1059.9478759765625 1050.0517578125 1040.2911376953125 1030.6634521484375 1021.166015625 1011.79638671875 1002.55218505859375 993.4310302734375 984.4307861328125 975.54925537109375 966.784423828125 958.13427734375 949.5968017578125 941.1702880859375 932.8529052734375 924.64288330078125 916.53857421875 908.53839111328125 900.6407470703125 892.8441162109375 885.1470947265625 877.54815673828125 870.0460205078125
1303.9439697265625 1290.392578125 1277.0732421875 1263.9781494140625 1251.1004638671875 1238.4334716796875 1225.970947265625 1213.7069091796875 1201.6356201171875 1189.751953125 1178.0506591796875 1166.527099609375 1155.1766357421875 1143.994873046875 1132.9776611328125 1122.1212158203125 1111.421630859375 1100.875244140625 1090.478759765625 1080.2288818359375 1070.1224365234375 1060.15625 1050.32763671875 1040.6336669921875 1031.07177734375 1021.639404296875 1012.33404541015625 1003.1533203125 994.094970703125 985.15679931640625 976.336669921875 967.632568359375 959.04248046875 950.56463623046875 942.19708251953125 933.93804931640625 925.785888671875 917.73895263671875 909.79559326171875 901.954345703125 894.21356201171875 886.57196044921875 879.028076171875
1316.2982177734375 1302.6070556640625 1289.1531982421875 1275.928955078125 1262.9268798828125 1250.1400146484375 1237.5618896484375 1225.186279296875 1213.00732421875 1201.0196533203125 1189.2177734375 1177.596923828125 1166.1522216796875 1154.879150390625 1143.7735595703125 1132.8314208984375 1122.048583984375 1111.421630859375 1100.94677734375 1090.6207275390625 1080.440185546875 1070.402099609375 1060.5035400390625 1050.7415771484375 1041.1134033203125 1031.6165771484375 1022.24835205078125 1013.00640869140625 1003.88836669921875 994.89202880859375 986.01519775390625 977.2557373046875 968.61175537109375 960.0811767578125 951.66217041015625 943.35296630859375 935.15179443359375 927.056884765625 919.06671142578125 911.1796875 903.39422607421875 895.7088623046875 888.1221923828125
1328.8680419921875 1315.0316162109375 1301.4383544921875 1288.080078125 1274.948974609375 1262.0379638671875 1249.3402099609375 1236.84912109375 1224.5589599609375 1212.463623046875 1200.557861328125 1188.83642578125 1177.29443359375 1165.92724609375 1154.73046875 1143.6998291015625 1132.8314208984375 1122.1212158203125 1111.565673828125 1101.1612548828125 1090.904541015625 1080.79248046875 1070.8218994140625 1060.9898681640625 1051.293701171875 1041.73046875 1032.2977294921875 1022.992919921875 1013.8135986328125 1004.757568359375 995.822509765625 987.00628662109375 978.306884765625 969.72222900390625 961.25048828125 952.8897705078125 944.6383056640625 936.49432373046875 928.4561767578125 920.522216796875 912.69097900390625 904.9608154296875 897.330322265625
