avaframe/data/avaBowl/Inputs/DEM_BL_Topo10Meters.asc
ncols        501
nrows        501
xllcorner    997.500000000000
yllcorner    -5007.500000000000
cellsize     10.000000000000
NODATA_value  -9999
[rows 209 to 227 of 501, columns 215 to 257 of 501]
57.26587677001953125 55.8743896484375 54.524585723876953125 53.216396331787109375 51.949756622314453125 50.724597930908203125 49.540859222412109375 48.3984832763671875 47.2974090576171875 46.237583160400390625 45.218952178955078125 44.24146270751953125 43.305065155029296875 42.409717559814453125 41.555370330810546875 40.74198150634765625 39.969512939453125 39.23792266845703125 38.547176361083984375 37.89723968505859375 37.28807830810546875 36.71966552734375 36.1919708251953125 35.704967498779296875 35.258632659912109375 34.852947235107421875 34.487884521484375 34.16342926025390625 33.879566192626953125 33.636280059814453125 33.433559417724609375 33.271396636962890625 33.1497802734375 33.068706512451171875 33.028171539306640625 33.028171539306640625 33.068706512451171875 33.1497802734375 33.271396636962890625 33.433559417724609375 33.636280059814453125 33.879566192626953125 34.16342926025390625
55.62891387939453125 54.238361358642578125 52.88945770263671875 51.58214569091796875 50.31634521484375 49.092006683349609375 47.9090576171875 46.7674407958984375 45.667095184326171875 44.607975006103515625 43.59001922607421875 42.613178253173828125 41.677402496337890625 40.78264617919921875 39.928863525390625 39.1160125732421875 38.344051361083984375 37.612945556640625 36.922657012939453125 36.2731475830078125 35.66439056396484375 35.09635162353515625 34.569004058837890625 34.0823211669921875 33.636280059814453125 33.23085784912109375 32.86603546142578125 32.5417938232421875 32.25811767578125 32.01499176025390625 31.812406539916992188 31.650348663330078125 31.528812408447265625 31.44779205322265625 31.407283782958984375 31.407283782958984375 31.44779205322265625 31.528812408447265625 31.650348663330078125 31.812406539916992188 32.01499176025390625 32.25811767578125 32.5417938232421875
54.033931732177734375 52.644283294677734375 51.296260833740234375 49.989795684814453125 48.724822998046875 47.50127410888671875 46.319091796875 45.17821502685546875 44.078582763671875 43.020145416259765625 42.002849578857421875 41.026638031005859375 40.091464996337890625 39.197284698486328125 38.344051361083984375 37.531726837158203125 36.76026153564453125 36.029628753662109375 35.339778900146484375 34.6906890869140625 34.0823211669921875 33.514644622802734375 32.987636566162109375 32.5012664794921875 32.055511474609375 31.650348663330078125 31.285760879516601562 30.961725234985351562 30.67823028564453125 30.435260772705078125 30.2328033447265625 30.070850372314453125 29.949392318725585938 29.868425369262695312 29.82794189453125 29.82794189453125 29.868425369262695312 29.949392318725585938 30.070850372314453125 30.2328033447265625 30.435260772705078125 30.67823028564453125 30.961725234985351562
52.480846405029296875 51.09207916259765625 49.74491119384765625 48.439273834228515625 47.175098419189453125 45.95232391357421875 44.770885467529296875 43.63072967529296875 42.53179168701171875 41.474018096923828125 40.45735931396484375 39.481761932373046875 38.547176361083984375 37.65355682373046875 36.800861358642578125 35.989040374755859375 35.2180633544921875 34.487884521484375 33.798465728759765625 33.1497802734375 32.5417938232421875 31.974473953247070312 31.44779205322265625 30.961725234985351562 30.516248703002929688 30.111339569091796875 29.746976852416992188 29.423143386840820312 29.139825820922851562 28.897006988525390625 28.694677352905273438 28.532823562622070312 28.411441802978515625 28.330524444580078125 28.290065765380859375 28.290065765380859375 28.330524444580078125 28.411441802978515625 28.532823562622070312 28.694677352905273438 28.897006988525390625 29.139825820922851562 29.423143386840820312
50.96958160400390625 49.581668853759765625 48.23532867431640625 46.930492401123046875 45.667095184326171875 44.445072174072265625 43.264362335205078125 42.12490081787109375 41.026638031005859375 39.969512939453125 38.9534759521484375 37.978473663330078125 37.04445648193359375 36.151386260986328125 35.299205780029296875 34.487884521484375 33.717372894287109375 32.987636566162109375 32.298641204833984375 31.650348663330078125 31.042730331420898438 30.4757537841796875 29.949392318725585938 29.463621139526367188 29.018413543701171875 28.613748550415039062 28.249607086181640625 27.92597198486328125 27.642824172973632812 27.40015411376953125 27.197946548461914062 27.036191940307617188 26.914882659912109375 26.834012985229492188 26.7935791015625 26.7935791015625 26.834012985229492188 26.914882659912109375 27.036191940307617188 27.197946548461914062 27.40015411376953125 27.642824172973632812 27.92597198486328125
49.500049591064453125 48.112972259521484375 46.7674407958984375 45.463382720947265625 44.200740814208984375 42.9794464111328125 41.7994384765625 40.6606597900390625 39.563045501708984375 38.506549835205078125 37.491115570068359375 36.516693115234375 35.583232879638671875 34.6906890869140625 33.839015960693359375 33.028171539306640625 32.25811767578125 31.528812408447265625 30.840223312377929688 30.19231414794921875 29.585054397583007812 29.018413543701171875 28.49236297607421875 28.006877899169921875 27.561931610107421875 27.157506942749023438 26.7935791015625 26.470134735107421875 26.187152862548828125 25.9446258544921875 25.742536544799804688 25.580875396728515625 25.459638595581054688 25.378816604614257812 25.338407516479492188 25.338407516479492188 25.378816604614257812 25.459638595581054688 25.580875396728515625 25.742536544799804688 25.9446258544921875 26.187152862548828125 26.470134735107421875
48.072185516357421875 46.685916900634765625 45.34116363525390625 44.037868499755859375 42.7759552001953125 41.555370330810546875 40.37604522705078125 39.23792266845703125 38.1409454345703125 37.08506011962890625 36.07021331787109375 35.09635162353515625 34.16342926025390625 33.271396636962890625 32.420215606689453125 31.609836578369140625 30.840223312377929688 30.111339569091796875 29.423143386840820312 28.775606155395507812 28.168695449829101562 27.60237884521484375 27.076629638671875 26.591421127319335938 26.146730422973632812 25.742536544799804688 25.378816604614257812 25.055555343627929688 24.772737503051757812 24.530347824096679688 24.328374862670898438 24.166807174682617188 24.0456390380859375 23.964862823486328125 23.92447662353515625 23.92447662353515625 23.964862823486328125 24.0456390380859375 24.166807174682617188 24.328374862670898438 24.530347824096679688 24.772737503051757812 25.055555343627929688
46.685916900634765625 45.300426483154296875 43.956432342529296875 42.65386962890625 41.392669677734375 40.172771453857421875 38.994106292724609375 37.856624603271484375 36.76026153564453125 35.704967498779296875 34.6906890869140625 33.717372894287109375 32.784969329833984375 31.893438339233398438 31.042730331420898438 30.2328033447265625 29.463621139526367188 28.735141754150390625 28.047330856323242188 27.40015411376953125 26.7935791015625 26.22757720947265625 25.702119827270507812 25.217180252075195312 24.772737503051757812 24.36876678466796875 24.005250930786132812 23.682168960571289062 23.399507522583007812 23.157251358032226562 22.95539093017578125 22.793912887573242188 22.672811508178710938 22.59207916259765625 22.551715850830078125 22.551715850830078125 22.59207916259765625 22.672811508178710938 22.793912887573242188 22.95539093017578125 23.157251358032226562 23.399507522583007812 23.682168960571289062
45.34116363525390625 43.956432342529296875 42.613178253173828125 41.3113250732421875 40.050815582275390625 38.831577301025390625 37.65355682373046875 36.516693115234375 35.420928955078125 34.366207122802734375 33.35247802734375 32.379688262939453125 31.44779205322265625 30.556743621826171875 29.706495285034179688 28.897006988525390625 28.128240585327148438 27.40015411376953125 26.712713241577148438 26.065885543823242188 25.459638595581054688 24.893941879272460938 24.36876678466796875 23.884090423583984375 23.439886093139648438 23.0361328125 22.672811508178710938 22.349903106689453125 22.067394256591796875 21.825267791748046875 21.623514175415039062 21.462125778198242188 21.34108734130859375 21.260400772094726562 21.220058441162109375 21.220058441162109375 21.260400772094726562 21.34108734130859375 21.462125778198242188 21.623514175415039062 21.825267791748046875 22.067394256591796875 22.349903106689453125
44.037868499755859375 42.65386962890625 41.3113250732421875 40.010162353515625 38.750316619873046875 37.531726837158203125 36.354328155517578125 35.2180633544921875 34.122875213623046875 33.068706512451171875 32.055511474609375 31.083232879638671875 30.151826858520507812 29.261243820190429688 28.411441802978515625 27.60237884521484375 26.834012985229492188 26.1063079833984375 25.41922760009765625 24.772737503051757812 24.166807174682617188 23.601404190063476562 23.076505661010742188 22.59207916259765625 22.148107528686523438 21.744564056396484375 21.381433486938476562 21.058694839477539062 20.776330947875976562 20.534332275390625 20.332683563232421875 20.171377182006835938 20.050403594970703125 19.969757080078125 19.92943572998046875 19.92943572998046875 19.969757080078125 20.050403594970703125 20.171377182006835938 20.332683563232421875 20.534332275390625 20.776330947875976562 21.058694839477539062
42.7759552001953125 41.392669677734375 40.050815582275390625 38.750316619873046875 37.491115570068359375 36.2731475830078125 35.09635162353515625 33.960666656494140625 32.86603546142578125 31.812406539916992188 30.799724578857421875 29.82794189453125 28.897006988525390625 28.006877899169921875 27.157506942749023438 26.348852157592773438 25.580875396728515625 24.853540420532226562 24.166807174682617188 23.520643234252929688 22.915019989013671875 22.349903106689453125 21.825267791748046875 21.34108734130859375 20.897340774536132812 20.494001388549804688 20.131052017211914062 19.808475494384765625 19.526254653930664062 19.284376144409179688 19.082830429077148438 18.921604156494140625 18.800693511962890625 18.720087051391601562 18.67978668212890625 18.67978668212890625 18.720087051391601562 18.800693511962890625 18.921604156494140625 19.082830429077148438 19.284376144409179688 19.526254653930664062 19.808475494384765625
41.555370330810546875 40.172771453857421875 38.831577301025390625 37.531726837158203125 36.2731475830078125 35.055782318115234375 33.879566192626953125 32.74443817138671875 31.650348663330078125 30.597238540649414062 29.585054397583007812 28.613748550415039062 27.6832733154296875 26.7935791015625 25.9446258544921875 25.1363677978515625 24.36876678466796875 23.641786575317382812 22.95539093017578125 22.309543609619140625 21.704214096069335938 21.139375686645507812 20.614995956420898438 20.131052017211914062 19.687519073486328125 19.284376144409179688 18.921604156494140625 18.599185943603515625 18.317102432250976562 18.075344085693359375 17.873895645141601562 17.712747573852539062 17.591894149780273438 17.51132965087890625 17.471048355102539062 17.471048355102539062 17.51132965087890625 17.591894149780273438 17.712747573852539062 17.873895645141601562 18.075344085693359375 18.317102432250976562 18.599185943603515625
40.37604522705078125 38.994106292724609375 37.65355682373046875 36.354328155517578125 35.09635162353515625 33.879566192626953125 32.70391082763671875 31.569324493408203125 30.4757537841796875 29.423143386840820312 28.411441802978515625 27.4405975341796875 26.510562896728515625 25.621290206909179688 24.772737503051757812 23.964862823486328125 23.197626113891601562 22.470989227294921875 21.784917831420898438 21.139375686645507812 20.534332275390625 19.969757080078125 19.44562530517578125 18.961910247802734375 18.518587112426757812 18.115634918212890625 17.753034591674804688 17.430765151977539062 17.148815155029296875 16.907169342041015625 16.705816268920898438 16.54474639892578125 16.423948287963867188 16.34342193603515625 16.303159713745117188 16.303159713745117188 16.34342193603515625 16.423948287963867188 16.54474639892578125 16.705816268920898438 16.907169342041015625 17.148815155029296875 17.430765151977539062
39.23792266845703125 37.856624603271484375 36.516693115234375 35.2180633544921875 33.960666656494140625 32.74443817138671875 31.569324493408203125 30.435260772705078125 29.342193603515625 28.290065765380859375 27.278827667236328125 26.308427810668945312 25.378816604614257812 24.48995208740234375 23.641786575317382812 22.83428192138671875 22.067394256591796875 21.34108734130859375 20.655328750610351562 20.010080337524414062 19.405313491821289062 18.840997695922851562 18.317102432250976562 17.833608627319335938 17.390485763549804688 16.9877166748046875 16.625280380249023438 16.303159713745117188 16.021337509155273438 15.7798004150390625 15.578537940979003906 15.417539596557617188 15.296797752380371094 15.216306686401367188 15.176062583923339844 15.176062583923339844 15.216306686401367188 15.296797752380371094 15.417539596557617188 15.578537940979003906 15.7798004150390625 16.021337509155273438 16.303159713745117188
38.1409454345703125 36.76026153564453125 35.420928955078125 34.122875213623046875 32.86603546142578125 31.650348663330078125 30.4757537841796875 29.342193603515625 28.249607086181640625 27.197946548461914062 26.187152862548828125 25.217180252075195312 24.287981033325195312 23.399507522583007812 22.551715850830078125 21.744564056396484375 20.978015899658203125 20.2520294189453125 19.566570281982421875 18.921604156494140625 18.317102432250976562 17.753034591674804688 17.2293701171875 16.74608612060546875 16.303159713745117188 15.90056610107421875 15.538288116455078125 15.216306686401367188 14.934609413146972656 14.693178176879882812 14.49200439453125 14.331075668334960938 14.210387229919433594 14.129931449890136719 14.089703559875488281 14.089703559875488281 14.129931449890136719 14.210387229919433594 14.331075668334960938 14.49200439453125 14.693178176879882812 14.934609413146972656 15.216306686401367188
37.08506011962890625 35.704967498779296875 34.366207122802734375 33.068706512451171875 31.812406539916992188 30.597238540649414062 29.423143386840820312 28.290065765380859375 27.197946548461914062 26.146730422973632812 25.1363677978515625 24.166807174682617188 23.238000869750976562 22.349903106689453125 21.502471923828125 20.695661544799804688 19.92943572998046875 19.203756332397460938 18.518587112426757812 17.873895645141601562 17.269647598266601562 16.705816268920898438 16.182373046875 15.699294090270996094 15.256551742553710938 14.854128837585449219 14.49200439453125 14.170159339904785156 13.888579368591308594 13.647249221801757812 13.446160316467285156 13.285300254821777344 13.164662361145019531 13.084239006042480469 13.04402923583984375 13.04402923583984375 13.084239006042480469 13.164662361145019531 13.285300254821777344 13.446160316467285156 13.647249221801757812 13.888579368591308594 14.170159339904785156
36.07021331787109375 34.6906890869140625 33.35247802734375 32.055511474609375 30.799724578857421875 29.585054397583007812 28.411441802978515625 27.278827667236328125 26.187152862548828125 25.1363677978515625 24.126417160034179688 23.157251358032226562 22.228824615478515625 21.34108734130859375 20.494001388549804688 19.687519073486328125 18.921604156494140625 18.19622039794921875 17.51132965087890625 16.8668975830078125 16.262895584106445312 15.699294090270996094 15.176062583923339844 14.693178176879882812 14.250616073608398438 13.848355293273925781 13.486375808715820312 13.164662361145019531 12.883194923400878906 12.641963958740234375 12.440955162048339844 12.280159950256347656 12.159570693969726562 12.079180717468261719 12.038987159729003906 12.038987159729003906 12.079180717468261719 12.159570693969726562 12.280159950256347656 12.440955162048339844 12.641963958740234375 12.883194923400878906 13.164662361145019531
35.09635162353515625 33.717372894287109375 32.379688262939453125 31.083232879638671875 29.82794189453125 28.613748550415039062 27.4405975341796875 26.308427810668945312 25.217180252075195312 24.166807174682617188 23.157251358032226562 22.188465118408203125 21.260400772094726562 20.373012542724609375 19.526254653930664062 18.720087051391601562 17.954473495483398438 17.2293701171875 16.54474639892578125 15.90056610107421875 15.296797752380371094 14.733414649963378906 14.210387229919433594 13.727689743041992188 13.285300254821777344 12.883194923400878906 12.521356582641601562 12.199767112731933594 11.918410301208496094 11.677271842956542969 11.47634124755859375 11.315608978271484375 11.195066452026367188 11.114706993103027344 11.074528694152832031 11.074528694152832031 11.114706993103027344 11.195066452026367188 11.315608978271484375 11.47634124755859375 11.677271842956542969 11.918410301208496094 12.199767112731933594
34.16342926025390625 32.784969329833984375 31.44779205322265625 30.151826858520507812 28.897006988525390625 27.6832733154296875 26.510562896728515625 25.378816604614257812 24.287981033325195312 23.238000869750976562 22.228824615478515625 21.260400772094726562 20.332683563232421875 19.44562530517578125 18.599185943603515625 17.7933197021484375 17.027990341186523438 16.303159713745117188 15.618788719177246094 14.974848747253417969 14.371307373046875 13.808133125305175781 13.285300254821777344 12.802782058715820312 12.360556602478027344 11.958601951599121094 11.596898078918457031 11.275426864624023438 10.994174003601074219 10.753126144409179688 10.552269935607910156 10.391596794128417969 10.271099090576171875 10.190770149230957031 10.150607109069824219 10.150607109069824219 10.190770149230957031 10.271099090576171875 10.391596794128417969 10.552269935607910156 10.753126144409179688 10.994174003601074219 11.275426864624023438
