avaframe/data/avaBowl/Inputs/DEM_BL_Topo10Meters.asc
ncols        501
nrows        501
xllcorner    997.500000000000
yllcorner    -5007.500000000000
cellsize     10.000000000000
NODATA_value  -9999
[rows 304 to 322 of 501, columns 215 to 257 of 501]
84.64288330078125 83.23563385009765625 81.8705596923828125 80.54758453369140625 79.26663970947265625 78.0276641845703125 76.83058929443359375 75.67535400390625 74.56189727783203125 73.4901580810546875 72.46009063720703125 71.47164154052734375 70.524749755859375 69.6193695068359375 68.755462646484375 67.93297576904296875 67.15187835693359375 66.41211700439453125 65.713653564453125 65.0564727783203125 64.44051361083984375 63.8657684326171875 63.33219146728515625 62.8397674560546875 62.38846588134765625 61.978260040283203125 61.60913848876953125 61.28107452392578125 60.99405670166015625 60.748065948486328125 60.543094635009765625 60.37912750244140625 60.256160736083984375 60.17418670654296875 60.13320159912109375 60.13320159912109375 60.17418670654296875 60.256160736083984375 60.37912750244140625 60.543094635009765625 60.748065948486328125 60.99405670166015625 61.28107452392578125
86.921051025390625 85.51247406005859375 84.14611053466796875 82.82189178466796875 81.5397491455078125 80.2996063232421875 79.101409912109375 77.9450836181640625 76.83058929443359375 75.75785064697265625 74.7268218994140625 73.7374420166015625 72.78966522216796875 71.88344573974609375 71.01873016357421875 70.1954803466796875 69.4136505126953125 68.6732025146484375 67.97409820556640625 67.3162994384765625 66.69977569580078125 66.12448883056640625 65.590423583984375 65.09754180908203125 64.64581298828125 64.2352294921875 63.8657684326171875 63.5373992919921875 63.25011444091796875 63.00389862060546875 62.798736572265625 62.63462066650390625 62.511539459228515625 62.4294891357421875 62.38846588134765625 62.38846588134765625 62.4294891357421875 62.511539459228515625 62.63462066650390625 62.798736572265625 63.00389862060546875 63.25011444091796875 63.5373992919921875
89.24285888671875 87.83292388916015625 86.46524810791015625 85.1397552490234375 83.85637664794921875 82.61505126953125 81.41570281982421875 80.25827789306640625 79.1427154541015625 78.0689544677734375 77.0369415283203125 76.0466156005859375 75.09793853759765625 74.19085693359375 73.3253173828125 72.50128936767578125 71.71871185302734375 70.97756195068359375 70.27779388427734375 69.6193695068359375 69.00225830078125 68.4264373779296875 67.8918609619140625 67.3985137939453125 66.9463653564453125 66.53539276123046875 66.16558074951171875 65.8368988037109375 65.54933929443359375 65.30289459228515625 65.09754180908203125 64.93326568603515625 64.81006622314453125 64.72794342041015625 64.6868743896484375 64.6868743896484375 64.72794342041015625 64.81006622314453125 64.93326568603515625 65.09754180908203125 65.30289459228515625 65.54933929443359375 65.8368988037109375
91.60842132568359375 90.19710540771484375 88.82808685302734375 87.5012969970703125 86.2166595458984375 84.97412109375 83.7736053466796875 82.61505126953125 81.4983978271484375 80.42359161376953125 79.39057159423828125 78.3992919921875 77.4496917724609375 76.54172515869140625 75.67535400390625 74.85051727294921875 74.06719207763671875 73.3253173828125 72.62487030029296875 71.96581268310546875 71.348114013671875 70.771728515625 70.23663330078125 69.7428131103515625 69.29022979736328125 68.8788604736328125 68.50868988037109375 68.17969512939453125 67.8918609619140625 67.645172119140625 67.4396209716796875 67.2751922607421875 67.15187835693359375 67.069671630859375 67.028564453125 67.028564453125 67.069671630859375 67.15187835693359375 67.2751922607421875 67.4396209716796875 67.645172119140625 67.8918609619140625 68.17969512939453125
94.01787567138671875 92.60514068603515625 91.2347564697265625 89.90663909912109375 88.6207275390625 87.37694549560546875 86.17523193359375 85.01552581787109375 83.89776611328125 82.82189178466796875 81.78784942626953125 80.79558563232421875 79.8450469970703125 78.936187744140625 78.0689544677734375 77.24330902099609375 76.45920562744140625 75.7165985107421875 75.01546478271484375 74.3557586669921875 73.7374420166015625 73.160491943359375 72.62487030029296875 72.13056182861328125 71.6775360107421875 71.2657623291015625 70.89522552490234375 70.56591033935546875 70.27779388427734375 70.03086090087890625 69.82511138916015625 69.66051483154296875 69.537078857421875 69.45479583740234375 69.4136505126953125 69.4136505126953125 69.45479583740234375 69.537078857421875 69.66051483154296875 69.82511138916015625 70.03086090087890625 70.27779388427734375 70.56591033935546875
96.471343994140625 95.0571746826171875 93.68538665771484375 92.355926513671875 91.06870269775390625 89.82366180419921875 88.6207275390625 87.45984649658203125 86.34095001220703125 85.2639923095703125 84.22890472412109375 83.23563385009765625 82.2841339111328125 81.374359130859375 80.50624847412109375 79.67977142333984375 78.8948822021484375 78.1515350341796875 77.4496917724609375 76.7893218994140625 76.17038726806640625 75.59285736083984375 75.05670166015625 74.56189727783203125 74.1084136962890625 73.69622802734375 73.3253173828125 72.99567413330078125 72.70726776123046875 72.46009063720703125 72.2541351318359375 72.08937835693359375 71.96581268310546875 71.88344573974609375 71.84226226806640625 71.84226226806640625 71.88344573974609375 71.96581268310546875 72.08937835693359375 72.2541351318359375 72.46009063720703125 72.70726776123046875 72.99567413330078125
98.96897125244140625 97.5533294677734375 96.18012237548828125 94.849273681640625 93.56072235107421875 92.31439208984375 91.1102142333984375 89.9481353759765625 88.82808685302734375 87.7500152587890625 86.71385955810546875 85.71956634521484375 84.76708984375 83.85637664794921875 82.9873809814453125 82.16005706787109375 81.374359130859375 80.6302490234375 79.9276885986328125 79.26663970947265625 78.64707183837890625 78.0689544677734375 77.53224945068359375 77.0369415283203125 76.5829925537109375 76.17038726806640625 75.799102783203125 75.4691162109375 75.180419921875 74.93299102783203125 74.7268218994140625 74.56189727783203125 74.43820953369140625 74.3557586669921875 74.3145294189453125 74.3145294189453125 74.3557586669921875 74.43820953369140625 74.56189727783203125 74.7268218994140625 74.93299102783203125 75.180419921875 75.4691162109375
101.510894775390625 100.09375 98.71909332275390625 97.3868408203125 96.096923828125 94.849273681640625 93.64383697509765625 92.48052978515625 91.35930633544921875 90.28009796142578125 89.24285888671875 88.247528076171875 87.2940521240234375 86.38238525390625 85.51247406005859375 84.68428802490234375 83.89776611328125 83.1528778076171875 82.4495849609375 81.78784942626953125 81.16764068603515625 80.5889129638671875 80.0516510009765625 79.55582427978515625 79.101409912109375 78.6883697509765625 78.31670379638671875 77.9863739013671875 77.6973724365234375 77.4496917724609375 77.24330902099609375 77.07820892333984375 76.95439910888671875 76.871856689453125 76.83058929443359375 76.83058929443359375 76.871856689453125 76.95439910888671875 77.07820892333984375 77.24330902099609375 77.4496917724609375 77.6973724365234375 77.9863739013671875
104.0972442626953125 102.67858123779296875 101.30243682861328125 99.96875 98.6774444580078125 97.42845916748046875 96.2217254638671875 95.0571746826171875 93.93474578857421875 92.8543853759765625 91.8160400390625 90.81964111328125 89.86515045166015625 88.95250701904296875 88.08167266845703125 87.25260162353515625 86.46524810791015625 85.71956634521484375 85.01552581787109375 84.35308837890625 83.73221588134765625 83.1528778076171875 82.61505126953125 82.1186981201171875 81.66379547119140625 81.2503204345703125 80.87825775146484375 80.54758453369140625 80.25827789306640625 80.0103302001953125 79.8037261962890625 79.638458251953125 79.5145111083984375 79.431884765625 79.39057159423828125 79.39057159423828125 79.431884765625 79.5145111083984375 79.638458251953125 79.8037261962890625 80.0103302001953125 80.25827789306640625 80.54758453369140625
106.728179931640625 105.307952880859375 103.93030548095703125 102.59515380859375 101.30243682861328125 100.05208587646484375 98.844024658203125 97.6782073974609375 96.55455780029296875 95.4730224609375 94.43354034423828125 93.43605804443359375 92.48052978515625 91.56690216064453125 90.69512176513671875 89.86515045166015625 89.07694244384765625 88.33045196533203125 87.62564849853515625 86.962493896484375 86.34095001220703125 85.760986328125 85.2225799560546875 84.72568511962890625 84.270294189453125 83.85637664794921875 83.48390960693359375 83.1528778076171875 82.8632659912109375 82.61505126953125 82.40822601318359375 82.24277496337890625 82.1186981201171875 82.035980224609375 81.99462127685546875 81.99462127685546875 82.035980224609375 82.1186981201171875 82.24277496337890625 82.40822601318359375 82.61505126953125 82.8632659912109375 83.1528778076171875
109.403839111328125 107.982025146484375 106.60283660888671875 105.26619720458984375 103.97203826904296875 102.7202911376953125 101.510894775390625 100.34377288818359375 99.21887969970703125 98.136138916015625 97.0955047607421875 96.096923828125 95.1403350830078125 94.2256927490234375 93.35295867919921875 92.522064208984375 91.7329864501953125 90.98567962646484375 90.28009796142578125 89.6162109375 88.993988037109375 88.41338348388671875 87.87438201904296875 87.37694549560546875 86.921051025390625 86.506683349609375 86.1338043212890625 85.8024139404296875 85.51247406005859375 85.2639923095703125 85.05693817138671875 84.89130401611328125 84.76708984375 84.68428802490234375 84.64288330078125 84.64288330078125 84.68428802490234375 84.76708984375 84.89130401611328125 85.05693817138671875 85.2639923095703125 85.51247406005859375 85.8024139404296875
112.1243743896484375 110.7009429931640625 109.32018280029296875 107.982025146484375 106.68639373779296875 105.43323516845703125 104.22246551513671875 103.05402374267578125 101.9278564453125 100.84389495849609375 99.802093505859375 98.8023834228515625 97.84471893310546875 96.929046630859375 96.055328369140625 95.22350311279296875 94.43354034423828125 93.68538665771484375 92.9790191650390625 92.31439208984375 91.69146728515625 91.1102142333984375 90.57061004638671875 90.0726165771484375 89.6162109375 89.20137786865234375 88.82808685302734375 88.4963226318359375 88.20606231689453125 87.95729827880859375 87.7500152587890625 87.584197998046875 87.45984649658203125 87.37694549560546875 87.3354949951171875 87.3354949951171875 87.37694549560546875 87.45984649658203125 87.584197998046875 87.7500152587890625 87.95729827880859375 88.20606231689453125 88.4963226318359375
114.8899383544921875 113.46485137939453125 112.08249664306640625 110.74279022216796875 109.44567108154296875 108.19106292724609375 106.9788970947265625 105.809112548828125 104.68164825439453125 103.59644317626953125 102.55344390869140625 101.55258941650390625 100.5938262939453125 99.6771087646484375 98.8023834228515625 97.96961212158203125 97.178741455078125 96.42974090576171875 95.722564697265625 95.0571746826171875 94.43354034423828125 93.85162353515625 93.3114013671875 92.81284332275390625 92.355926513671875 91.94061279296875 91.56690216064453125 91.2347564697265625 90.9441680908203125 90.69512176513671875 90.48760223388671875 90.32159423828125 90.19710540771484375 90.11411285400390625 90.0726165771484375 90.0726165771484375 90.11411285400390625 90.19710540771484375 90.32159423828125 90.48760223388671875 90.69512176513671875 90.9441680908203125 91.2347564697265625
117.70069122314453125 116.27392578125 114.8899383544921875 113.5486602783203125 112.2500152587890625 110.99393463134765625 109.78034210205078125 108.60919189453125 107.48040771484375 106.3939361572265625 105.34970855712890625 104.347686767578125 103.38780975341796875 102.47002410888671875 101.59427642822265625 100.76053619384765625 99.96875 99.21887969970703125 98.5108795166015625 97.84471893310546875 97.22035980224609375 96.6377716064453125 96.096923828125 95.59778594970703125 95.1403350830078125 94.72454833984375 94.35040283203125 94.01787567138671875 93.72695159912109375 93.4776153564453125 93.2698516845703125 93.10366058349609375 92.9790191650390625 92.89592742919921875 92.8543853759765625 92.8543853759765625 92.89592742919921875 92.9790191650390625 93.10366058349609375 93.2698516845703125 93.4776153564453125 93.72695159912109375 94.01787567138671875
120.55678558349609375 119.1283111572265625 117.74266815185546875 116.3997802734375 115.09958648681640625 113.84200286865234375 112.6269683837890625 111.45441436767578125 110.32428741455078125 109.2365264892578125 108.19106292724609375 107.18784332275390625 106.22682952880859375 105.307952880859375 104.43117523193359375 103.59644317626953125 102.80371856689453125 102.0529632568359375 101.34412384033203125 100.67717742919921875 100.05208587646484375 99.46881103515625 98.9273223876953125 98.4275970458984375 97.96961212158203125 97.5533294677734375 97.178741455078125 96.8458251953125 96.55455780029296875 96.304931640625 96.096923828125 95.93053436279296875 95.80574798583984375 95.722564697265625 95.68096923828125 95.68096923828125 95.722564697265625 95.80574798583984375 95.93053436279296875 96.096923828125 96.304931640625 96.55455780029296875 96.8458251953125
123.45839691162109375 122.02817535400390625 120.64084625244140625 119.29632568359375 117.99454498291015625 116.73543548583984375 115.5189208984375 114.3449554443359375 113.2134552001953125 112.1243743896484375 111.0776519775390625 110.07321929931640625 109.11104583740234375 108.19106292724609375 107.31322479248046875 106.4774932861328125 105.68381500244140625 104.93215179443359375 104.22246551513671875 103.554718017578125 102.92887115478515625 102.3448944091796875 101.80275726318359375 101.30243682861328125 100.84389495849609375 100.4271240234375 100.05208587646484375 99.7187652587890625 99.427154541015625 99.17722320556640625 98.96897125244140625 98.8023834228515625 98.6774444580078125 98.5941619873046875 98.552520751953125 98.552520751953125 98.5941619873046875 98.6774444580078125 98.8023834228515625 98.96897125244140625 99.17722320556640625 99.427154541015625 99.7187652587890625
126.40567779541015625 124.97368621826171875 123.58463287353515625 122.2384490966796875 120.93505859375 119.6743927001953125 118.45638275146484375 117.28096771240234375 116.1480712890625 115.05765533447265625 114.0096435546875 113.0039825439453125 112.040618896484375 111.1195068359375 110.2406005859375 109.403839111328125 108.60919189453125 107.8566131591796875 107.14605712890625 106.4774932861328125 105.85088348388671875 105.26619720458984375 104.72339630126953125 104.22246551513671875 103.76336669921875 103.3460845947265625 102.97058868408203125 102.63686370849609375 102.3448944091796875 102.09466552734375 101.88616180419921875 101.71936798095703125 101.59427642822265625 101.510894775390625 101.46920013427734375 101.46920013427734375 101.510894775390625 101.59427642822265625 101.71936798095703125 101.88616180419921875 102.09466552734375 102.3448944091796875 102.63686370849609375
129.3988037109375 127.9650115966796875 126.5742034912109375 125.22632598876953125 123.921295166015625 122.65904998779296875 121.43951416015625 120.2626190185546875 119.1283111572265625 118.03652191162109375 116.9871978759765625 115.98028564453125 115.01572418212890625 114.09346771240234375 113.2134552001953125 112.3756561279296875 111.58001708984375 110.82649993896484375 110.1150665283203125 109.44567108154296875 108.8182830810546875 108.23287200927734375 107.68939971923828125 107.18784332275390625 106.728179931640625 106.3103790283203125 105.934417724609375 105.60028076171875 105.307952880859375 105.05741119384765625 104.8486480712890625 104.68164825439453125 104.5564117431640625 104.4729156494140625 104.43117523193359375 104.43117523193359375 104.4729156494140625 104.5564117431640625 104.68164825439453125 104.8486480712890625 105.05741119384765625 105.307952880859375 105.60028076171875
132.437957763671875 131.0023193359375 129.6097412109375 128.2601318359375 126.95343780517578125 125.6895751953125 124.46848297119140625 123.29009246826171875 122.15433502197265625 121.0611572265625 120.01050567626953125 119.00231170654296875 118.03652191162109375 117.11309814453125 116.23197174072265625 115.3931121826171875 114.59647369384765625 113.84200286865234375 113.12966156005859375 112.4594268798828125 111.83124542236328125 111.24509429931640625 110.7009429931640625 110.19875335693359375 109.7385101318359375 109.32018280029296875 108.94374847412109375 108.60919189453125 108.31649017333984375 108.06563568115234375 107.8566131591796875 107.68939971923828125 107.56400299072265625 107.48040771484375 107.4386138916015625 107.4386138916015625 107.48040771484375 107.56400299072265625 107.68939971923828125 107.8566131591796875 108.06563568115234375 108.31649017333984375 108.60919189453125
