avaframe/data/avaBowl/Inputs/DEM_BL_Topo10Meters.asc
ncols        501
nrows        501
xllcorner    997.500000000000
yllcorner    -5007.500000000000
cellsize     10.000000000000
NODATA_value  -9999
[rows 437 to 455 of 501, columns 344 to 386 of 501]
1143.0364990234375 1150.0555419921875 1157.185791015625 1164.428955078125 1171.786865234375 1179.2615966796875 1186.85498046875 1194.569091796875 1202.4061279296875 1210.3682861328125 1218.4580078125 1226.6776123046875 1235.0296630859375 1243.516845703125 1252.141845703125 1260.9075927734375 1269.817138671875 1278.8734130859375 1288.080078125 1297.440185546875 1306.9576416015625 1316.6361083984375 1326.4796142578125 1336.492431640625 1346.6787109375 1357.0433349609375 1367.591064453125 1378.3271484375 1389.2569580078125 1400.386474609375 1411.7215576171875 1423.268798828125 1435.03515625 1447.028076171875 1459.255126953125 1471.7247314453125 1484.4459228515625 1497.4283447265625 1510.6820068359375 1524.21826171875 1538.048828125 1552.186767578125 1566.6458740234375
1156.96240234375 1164.0546875 1171.260009765625 1178.580322265625 1186.0174560546875 1193.5736083984375 1201.2506103515625 1209.05078125 1216.9761962890625 1225.0294189453125 1233.2127685546875 1241.5286865234375 1249.97998046875 1258.5693359375 1267.2996826171875 1276.174072265625 1285.1954345703125 1294.367431640625 1303.6932373046875 1313.176513671875 1322.8211669921875 1332.631103515625 1342.6107177734375 1352.76416015625 1363.0963134765625 1373.6119384765625 1384.31640625 1395.2149658203125 1406.3135986328125 1417.618408203125 1429.1358642578125 1440.873046875 1452.837158203125 1465.0362548828125 1477.4786376953125 1490.17333984375 1503.1298828125 1516.3587646484375 1529.87109375 1543.678955078125 1557.795166015625 1572.23388671875 1587.0103759765625
1171.1094970703125 1178.277587890625 1185.5609130859375 1192.9613037109375 1200.4808349609375 1208.12158203125 1215.885498046875 1223.775146484375 1231.7926025390625 1239.9404296875 1248.2213134765625 1256.6375732421875 1265.1923828125 1273.8883056640625 1282.728515625 1291.716064453125 1300.8544921875 1310.1470947265625 1319.5975341796875 1329.209716796875 1338.987548828125 1348.935302734375 1359.057373046875 1369.358642578125 1379.84375 1390.5181884765625 1401.38720703125 1412.4569091796875 1423.7332763671875 1435.2230224609375 1446.93310546875 1458.870849609375 1471.044189453125 1483.4617919921875 1496.1324462890625 1509.0660400390625 1522.2730712890625 1535.7645263671875 1549.552734375 1563.6507568359375 1578.0726318359375 1592.8341064453125 1607.9517822265625
1185.48486328125 1192.7318115234375 1200.09619140625 1207.579833984375 1215.184814453125 1222.9134521484375 1230.7679443359375 1238.7506103515625 1246.8638916015625 1255.1104736328125 1263.4927978515625 1272.0137939453125 1280.6763916015625 1289.4835205078125 1298.4384765625 1307.5445556640625 1316.80517578125 1326.2239990234375 1335.8050537109375 1345.5521240234375 1355.469482421875 1365.561767578125 1375.8336181640625 1386.2900390625 1396.93603515625 1407.7774658203125 1418.820068359375 1430.070068359375 1441.5341796875 1453.21923828125 1465.1328125 1477.2830810546875 1489.67822265625 1502.3277587890625 1515.2410888671875 1528.4290771484375 1541.9029541015625 1555.6748046875 1569.758056640625 1584.1669921875 1598.9173583984375 1614.0260009765625 1629.5115966796875
1200.09619140625 1207.425048828125 1214.87353515625 1222.4437255859375 1230.1378173828125 1237.9580078125 1245.90673828125 1253.986328125 1262.1995849609375 1270.5489501953125 1279.0372314453125 1287.66748046875 1296.4427490234375 1305.3662109375 1314.4410400390625 1323.6710205078125 1333.0595703125 1342.6107177734375 1352.3284912109375 1362.217041015625 1372.281005859375 1382.525146484375 1392.954345703125 1403.573974609375 1414.3895263671875 1425.4071044921875 1436.6326904296875 1448.0732421875 1459.735595703125 1471.62744140625 1483.7569580078125 1496.1324462890625 1508.763427734375 1521.6595458984375 1534.8316650390625 1548.291015625 1562.050048828125 1576.122314453125 1590.5220947265625 1605.265380859375 1620.369384765625 1635.85302734375 1651.737060546875
1214.951416015625 1222.365478515625 1229.901611328125 1237.5618896484375 1245.3486328125 1253.2642822265625 1261.3111572265625 1269.491943359375 1277.809326171875 1286.26611328125 1294.8651123046875 1303.609619140625 1312.502685546875 1321.547607421875 1330.748046875 1340.1077880859375 1349.6304931640625 1359.3204345703125 1369.1817626953125 1379.218994140625 1389.4371337890625 1399.8409423828125 1410.4359130859375 1421.2275390625 1432.221923828125 1443.42529296875 1454.844482421875 1466.486572265625 1478.359130859375 1490.470458984375 1502.8289794921875 1515.4442138671875 1528.326171875 1541.4854736328125 1554.933837890625 1568.6837158203125 1582.7486572265625 1597.1434326171875 1611.884033203125 1626.9879150390625 1642.4744873046875 1658.36474609375 1674.681884765625
1230.05908203125 1237.5618896484375 1245.189208984375 1252.9434814453125 1260.826904296875 1268.842041015625 1276.991455078125 1285.27783203125 1293.7039794921875 1302.27294921875 1310.98779296875 1319.8516845703125 1328.8680419921875 1338.0404052734375 1347.37255859375 1356.8682861328125 1366.5318603515625 1376.3675537109375 1386.3797607421875 1396.573486328125 1406.953857421875 1417.5260009765625 1428.2957763671875 1439.2691650390625 1450.4525146484375 1461.8526611328125 1473.4766845703125 1485.33251953125 1497.4283447265625 1509.772705078125 1522.3753662109375 1535.24609375 1548.3961181640625 1561.8369140625 1575.581298828125 1589.6429443359375 1604.036865234375 1618.779296875 1633.887939453125 1649.382568359375 1665.284423828125 1681.617431640625 1698.4078369140625
1245.4283447265625 1253.023681640625 1260.7462158203125 1268.598388671875 1276.5826416015625 1284.70166015625 1292.9581298828125 1301.35498046875 1309.89501953125 1318.5814208984375 1327.4173583984375 1336.4063720703125 1345.5521240234375 1354.8580322265625 1364.328369140625 1373.9671630859375 1383.7786865234375 1393.7677001953125 1403.9388427734375 1414.2974853515625 1424.848876953125 1435.5987548828125 1446.55322265625 1457.7188720703125 1469.102294921875 1480.7110595703125 1492.552734375 1504.6357421875 1516.968994140625 1529.56201171875 1542.4249267578125 1555.5689697265625 1569.005859375 1582.7486572265625 1596.8111572265625 1611.208740234375 1625.9576416015625 1641.0762939453125 1656.5843505859375 1672.5037841796875 1688.85888671875 1705.6763916015625 1722.9864501953125
1261.0689697265625 1268.7607421875 1276.5826416015625 1284.537109375 1292.6268310546875 1300.8544921875 1309.222900390625 1317.7352294921875 1326.3944091796875 1335.203857421875 1344.1669921875 1353.287353515625 1362.5687255859375 1372.0150146484375 1381.630615234375 1391.4197998046875 1401.38720703125 1411.537841796875 1421.8765869140625 1432.4093017578125 1443.1414794921875 1454.079345703125 1465.2294921875 1476.5987548828125 1488.1947021484375 1500.0250244140625 1512.09814453125 1524.4232177734375 1537.0098876953125 1549.868408203125 1563.0101318359375 1576.447021484375 1590.1923828125 1604.2601318359375 1618.665771484375 1633.42626953125 1648.56005859375 1664.0872802734375 1680.030517578125 1696.414306640625 1713.2662353515625 1730.6171875 1748.50146484375
1276.991455078125 1284.783935546875 1292.7095947265625 1300.7711181640625 1308.9710693359375 1317.3123779296875 1325.798095703125 1334.4315185546875 1343.2156982421875 1352.1541748046875 1361.250732421875 1370.5089111328125 1379.9329833984375 1389.527099609375 1399.295654296875 1409.243408203125 1419.3751220703125 1429.6962890625 1440.2122802734375 1450.928955078125 1461.8526611328125 1472.98974609375 1484.3475341796875 1495.9332275390625 1507.755126953125 1519.8214111328125 1532.1414794921875 1544.7252197265625 1557.5828857421875 1570.72607421875 1584.1669921875 1597.9190673828125 1611.99658203125 1626.4154052734375 1641.1927490234375 1656.34716796875 1671.8997802734375 1687.8731689453125 1704.292724609375 1721.186767578125 1738.5867919921875 1756.5284423828125 1775.0517578125
1293.206787109375 1301.1046142578125 1309.138916015625 1317.3123779296875 1325.6278076171875 1334.08837890625 1342.6971435546875 1351.4573974609375 1360.3729248046875 1369.447021484375 1378.683837890625 1388.0872802734375 1397.66162109375 1407.411376953125 1417.3411865234375 1427.456298828125 1437.7618408203125 1448.2633056640625 1458.9669189453125 1469.878662109375 1481.00537109375 1492.354248046875 1503.9327392578125 1515.7490234375 1527.811767578125 1540.1302490234375 1552.71435546875 1565.5750732421875 1578.7237548828125 1592.1729736328125 1605.936279296875 1620.0284423828125 1634.4654541015625 1649.2650146484375 1664.4462890625 1680.030517578125 1696.041015625 1712.5040283203125 1729.4482421875 1746.9063720703125 1764.9149169921875 1783.5155029296875 1802.75537109375
1309.7269287109375 1317.7352294921875 1325.88330078125 1334.174072265625 1342.6107177734375 1351.1962890625 1359.9342041015625 1368.8280029296875 1377.8814697265625 1387.098388671875 1396.48291015625 1406.039306640625 1415.772216796875 1425.686279296875 1435.78662109375 1446.0787353515625 1456.568115234375 1467.2608642578125 1478.1634521484375 1489.282470703125 1500.625244140625 1512.199462890625 1524.0133056640625 1536.07568359375 1548.3961181640625 1560.9844970703125 1573.85205078125 1587.0103759765625 1600.4722900390625 1614.251708984375 1628.3636474609375 1642.824462890625 1657.652099609375 1672.866455078125 1688.489013671875 1704.544189453125 1721.058349609375 1738.0616455078125 1755.5875244140625 1773.673583984375 1792.363037109375 1811.7049560546875 1831.7559814453125
1326.5648193359375 1334.6888427734375 1342.956298828125 1351.370361328125 1359.9342041015625 1368.6512451171875 1377.5250244140625 1386.559326171875 1395.7581787109375 1405.1256103515625 1414.6658935546875 1424.3839111328125 1434.2843017578125 1444.3721923828125 1454.6531982421875 1465.1328125 1475.8173828125 1486.7132568359375 1497.827392578125 1509.1669921875 1520.7401123046875 1532.554931640625 1544.6204833984375 1556.9464111328125 1569.5430908203125 1582.421630859375 1595.5941162109375 1609.073486328125 1622.8740234375 1637.010986328125 1651.5013427734375 1666.3634033203125 1681.617431640625 1697.285888671875 1713.393310546875 1729.967529296875 1747.0391845703125 1764.6429443359375 1782.8179931640625 1801.6090087890625 1821.0670166015625 1841.251220703125 1862.23046875
1343.7344970703125 1351.97998046875 1360.3729248046875 1368.91650390625 1377.6141357421875 1386.4696044921875 1395.486572265625 1404.6689453125 1414.0211181640625 1423.5474853515625 1433.2525634765625 1443.1414794921875 1453.21923828125 1463.491455078125 1473.9639892578125 1484.6429443359375 1495.534912109375 1506.6470947265625 1517.98681640625 1529.56201171875 1541.3812255859375 1553.45361328125 1565.7890625 1578.398193359375 1591.2921142578125 1604.4833984375 1617.9852294921875 1631.812255859375 1645.9801025390625 1660.506103515625 1675.4091796875 1690.710205078125 1706.43212890625 1722.6004638671875 1739.2437744140625 1756.3939208984375 1774.0867919921875 1792.363037109375 1811.269287109375 1830.8587646484375 1851.193359375 1872.3455810546875 1894.401123046875
1361.250732421875 1369.6239013671875 1378.1488037109375 1386.828857421875 1395.6676025390625 1404.6689453125 1413.8370361328125 1423.176025390625 1432.6903076171875 1442.384765625 1452.264404296875 1462.3343505859375 1472.600341796875 1483.068359375 1493.7445068359375 1504.6357421875 1515.7490234375 1527.092041015625 1538.6728515625 1550.5001220703125 1562.5833740234375 1574.9324951171875 1587.5582275390625 1600.4722900390625 1613.6873779296875 1627.217041015625 1641.0762939453125 1655.2811279296875 1669.849365234375 1684.8006591796875 1700.15625 1715.9400634765625 1732.178466796875 1748.9007568359375 1766.140380859375 1783.934326171875 1802.3253173828125 1821.3616943359375 1841.099365234375 1861.603515625 1882.9505615234375 1905.2310791015625 1928.554443359375
1379.1297607421875 1387.6376953125 1396.3016357421875 1405.1256103515625 1414.11328125 1423.268798828125 1432.5965576171875 1442.1011962890625 1451.7872314453125 1461.6600341796875 1471.7247314453125 1481.9871826171875 1492.4534912109375 1503.1298828125 1514.0233154296875 1525.1409912109375 1536.4908447265625 1548.0809326171875 1559.920166015625 1572.018310546875 1584.385498046875 1597.03271484375 1609.971923828125 1623.216064453125 1636.779296875 1650.6767578125 1664.9251708984375 1679.5428466796875 1694.5498046875 1709.9683837890625 1725.822998046875 1742.14111328125 1758.9534912109375 1776.2943115234375 1794.20263671875 1812.7227783203125 1831.9056396484375 1851.8101806640625 1872.5050048828125 1894.0709228515625 1916.604736328125 1940.2232666015625 1965.070068359375
1397.389404296875 1406.039306640625 1414.8502197265625 1423.826171875 1432.971435546875 1442.2901611328125 1451.7872314453125 1461.4674072265625 1471.3358154296875 1481.3980712890625 1491.6597900390625 1502.1273193359375 1512.8070068359375 1523.7059326171875 1534.8316650390625 1546.19189453125 1557.795166015625 1569.650634765625 1581.7679443359375 1594.1578369140625 1606.83154296875 1619.8011474609375 1633.0802001953125 1646.6829833984375 1660.625244140625 1674.9241943359375 1689.598876953125 1704.669921875 1720.1602783203125 1736.0955810546875 1752.504150390625 1769.4180908203125 1786.873046875 1804.9100341796875 1823.5755615234375 1842.923095703125 1863.014892578125 1883.9237060546875 1905.7357177734375 1928.554443359375 1952.5057373046875 1977.7452392578125 2004.469970703125
1416.0489501953125 1424.848876953125 1433.815185546875 1442.9522705078125 1452.264404296875 1461.75634765625 1471.4329833984375 1481.2998046875 1491.3623046875 1501.6263427734375 1512.09814453125 1522.7845458984375 1533.692626953125 1544.829833984375 1556.2044677734375 1567.8250732421875 1579.701171875 1591.842529296875 1604.2601318359375 1616.9654541015625 1629.9713134765625 1643.2911376953125 1656.9400634765625 1670.9342041015625 1685.29150390625 1700.03125 1715.1751708984375 1730.7470703125 1746.7735595703125 1763.2843017578125 1780.3126220703125 1797.89599609375 1816.0775146484375 1834.906005859375 1854.438232421875 1874.7401123046875 1895.8890380859375 1917.9776611328125 1941.1171875 1965.444091796875 1991.128662109375 2018.38818359375 2047.5069580078125
1435.129150390625 1444.0880126953125 1453.21923828125 1462.527099609375 1472.0164794921875 1481.692626953125 1491.5606689453125 1501.6263427734375 1511.895751953125 1522.3753662109375 1533.0718994140625 1543.99267578125 1555.1455078125 1566.5386962890625 1578.18115234375 1590.0823974609375 1602.2528076171875 1614.7034912109375 1627.4462890625 1640.494384765625 1653.8616943359375 1667.5638427734375 1681.617431640625 1696.041015625 1710.8548583984375 1726.0814208984375 1741.7454833984375 1757.8746337890625 1774.5001220703125 1791.6568603515625 1809.38427734375 1827.727783203125 1846.7388916015625 1866.4781494140625 1887.0155029296875 1908.434326171875 1930.833984375 1954.3353271484375 1979.0872802734375 2005.27783203125 2033.1488037109375 2063.021728515625 2095.339599609375
