avaframe/data/avaWog/Inputs/avaWog.asc
ncols        490
nrows        555
xllcorner    167452.849552272062
yllcorner    361953.127794078260
cellsize     4.997678230579
NODATA_value  -9999
[rows 315 to 335 of 555, columns 94 to 140 of 490]
1512.5789794921875 1516.4820556640625 1520.0340576171875 1522.927978515625 1526.303955078125 1528.4530029296875 1531.3909912109375 1533.7159423828125 1535.68896484375 1537.574951171875 1539.9859619140625 1538.14501953125 1539.7669677734375 1541.126953125 1540.7760009765625 1541.9599609375 1543.5379638671875 1544.1090087890625 1544.2840576171875 1545.3360595703125 1546.2130126953125 1546.2130126953125 1546.6519775390625 1545.73095703125 1544.1090087890625 1544.635009765625 1545.863037109375 1546.1700439453125 1545.9940185546875 1546.1259765625 1545.1610107421875 1543.406982421875 1540.7320556640625 1538.4520263671875 1536.1710205078125 1533.5400390625 1533.97900390625 1534.6800537109375 1536.6099853515625 1538.5389404296875 1540.7760009765625 1540.468994140625 1542.0469970703125 1541.56494140625 1540.7320556640625 1540.5570068359375 1540.9510498046875
1516.5250244140625 1520.3409423828125 1523.8929443359375 1526.041015625 1528.7159423828125 1531.677001953125 1534.2860107421875 1536.7850341796875 1538.364013671875 1539.8990478515625 1541.739990234375 1541.56494140625 1542.178955078125 1542.79296875 1544.1090087890625 1544.06494140625 1545.072998046875 1546.301025390625 1546.47705078125 1547.0909423828125 1547.8360595703125 1548.362060546875 1549.1949462890625 1549.4580078125 1548.406005859375 1549.1519775390625 1548.9759521484375 1549.1519775390625 1549.1080322265625 1548.406005859375 1547.4410400390625 1545.4239501953125 1543.2750244140625 1541.0389404296875 1538.8900146484375 1537.135986328125 1535.469970703125 1536.302978515625 1538.4520263671875 1541.126953125 1543.0560302734375 1543.4949951171875 1543.7139892578125 1544.02099609375 1545.116943359375 1544.7659912109375 1545.2049560546875
1522.3580322265625 1525.5589599609375 1527.5980224609375 1529.9439697265625 1531.303955078125 1533.10205078125 1535.7330322265625 1538.012939453125 1539.81103515625 1541.52099609375 1542.7049560546875 1542.6610107421875 1543.802001953125 1544.3719482421875 1545.030029296875 1545.511962890625 1547.0469970703125 1548.1429443359375 1548.18701171875 1548.4940185546875 1549.7659912109375 1551.1689453125 1552.220947265625 1552.8349609375 1552.39697265625 1552.39697265625 1552.3089599609375 1551.6949462890625 1551.8699951171875 1550.8179931640625 1549.239013671875 1547.4849853515625 1546.2130126953125 1543.6700439453125 1541.56494140625 1539.240966796875 1537.135986328125 1537.6180419921875 1540.1619873046875 1542.6610107421875 1544.1519775390625 1545.3360595703125 1545.468017578125 1546.344970703125 1547.2659912109375 1547.9239501953125 1548.4940185546875
1525.822021484375 1529.3299560546875 1531.041015625 1532.6629638671875 1533.93505859375 1534.85595703125 1536.7850341796875 1538.4949951171875 1541.0830078125 1542.6180419921875 1544.02099609375 1543.97705078125 1544.7220458984375 1546.0379638671875 1546.56396484375 1547.0469970703125 1548.3179931640625 1549.4580078125 1549.5899658203125 1550.029052734375 1551.0810546875 1552.9229736328125 1553.9310302734375 1555.0279541015625 1555.291015625 1554.7650146484375 1554.89599609375 1555.0279541015625 1555.2030029296875 1553.800048828125 1552.220947265625 1550.510986328125 1549.1519775390625 1546.7840576171875 1544.2840576171875 1542.8809814453125 1539.592041015625 1538.6710205078125 1541.345947265625 1543.2750244140625 1545.4239501953125 1546.6080322265625 1547.39697265625 1548.3179931640625 1548.9320068359375 1549.501953125 1550.5989990234375
1530.60205078125 1532.2249755859375 1533.4520263671875 1535.031005859375 1535.907958984375 1536.873046875 1537.925048828125 1539.7669677734375 1542.2230224609375 1544.02099609375 1545.4239501953125 1545.2490234375 1546.52099609375 1547.0030517578125 1548.2750244140625 1549.1080322265625 1550.467041015625 1550.72998046875 1551.739013671875 1551.9580078125 1552.35302734375 1554.3699951171875 1556.0799560546875 1557.43994140625 1558.22900390625 1557.9659423828125 1557.0450439453125 1557.791015625 1558.27294921875 1557.3079833984375 1554.633056640625 1552.967041015625 1551.6949462890625 1550.072998046875 1548.2750244140625 1546.2130126953125 1542.6610107421875 1539.1090087890625 1542.156982421875 1543.9329833984375 1546.56396484375 1547.6610107421875 1549.1949462890625 1549.85302734375 1550.5550537109375 1551.343994140625 1552.43994140625
1533.6719970703125 1535.426025390625 1536.873046875 1537.8819580078125 1538.9339599609375 1539.9429931640625 1540.468994140625 1542.0909423828125 1543.9329833984375 1545.5999755859375 1546.9150390625 1546.6080322265625 1547.551025390625 1549.1519775390625 1550.1600341796875 1551.4759521484375 1552.8790283203125 1553.053955078125 1553.5369873046875 1554.281982421875 1554.1510009765625 1555.2030029296875 1557.7030029296875 1559.4129638671875 1561.9560546875 1561.8690185546875 1561.2550048828125 1560.72900390625 1561.2989501953125 1559.93896484375 1557.0450439453125 1555.291015625 1554.3260498046875 1552.35302734375 1551.1689453125 1549.1519775390625 1546.6519775390625 1540.512939453125 1542.925048828125 1545.3360595703125 1547.35400390625 1548.801025390625 1550.3360595703125 1551.52001953125 1552.9229736328125 1553.7559814453125 1554.238037109375
1535.864013671875 1537.7939453125 1539.197021484375 1540.8199462890625 1542.178955078125 1542.573974609375 1543.23095703125 1544.06494140625 1545.6429443359375 1547.8360595703125 1549.1080322265625 1547.9239501953125 1549.1080322265625 1550.467041015625 1552.6600341796875 1553.843994140625 1554.5450439453125 1555.905029296875 1556.8260498046875 1557.0889892578125 1556.8260498046875 1556.386962890625 1558.3609619140625 1562.0880126953125 1563.490966796875 1563.490966796875 1563.842041015625 1564.2149658203125 1564.237060546875 1563.1839599609375 1559.4129638671875 1557.8780517578125 1557.0009765625 1554.93994140625 1554.4580078125 1553.010009765625 1550.7740478515625 1543.8890380859375 1544.416015625 1546.1700439453125 1548.3179931640625 1550.072998046875 1552.001953125 1553.18603515625 1555.2469482421875 1556.4749755859375 1558.22900390625
1538.4520263671875 1539.9429931640625 1542.0040283203125 1543.3189697265625 1544.1519775390625 1545.2919921875 1546.9150390625 1547.7039794921875 1548.0989990234375 1550.4229736328125 1551.343994140625 1550.2039794921875 1551.0369873046875 1552.177001953125 1554.3260498046875 1556.56298828125 1557.614990234375 1559.281005859375 1560.2020263671875 1560.3780517578125 1560.114990234375 1559.89501953125 1560.4649658203125 1562.657958984375 1563.5350341796875 1563.7540283203125 1564.06103515625 1564.4560546875 1564.89501953125 1565.157958984375 1562.876953125 1560.947998046875 1559.8079833984375 1558.843017578125 1557.8780517578125 1557.0450439453125 1553.7120361328125 1547.8360595703125 1545.863037109375 1546.3890380859375 1549.06396484375 1551.343994140625 1553.405029296875 1555.77294921875 1557.9659423828125 1559.719970703125 1562
1541.7840576171875 1543.23095703125 1544.7220458984375 1545.072998046875 1546.6080322265625 1548.23095703125 1549.06396484375 1549.9410400390625 1550.68603515625 1551.8699951171875 1552.39697265625 1551.782958984375 1553.18603515625 1554.4580078125 1557.0450439453125 1559.5880126953125 1561.343017578125 1562.176025390625 1562.43896484375 1562.7020263671875 1562.876953125 1562.9210205078125 1563.0970458984375 1563.27197265625 1563.27197265625 1564.675048828125 1565.8590087890625 1567.218994140625 1567.43798828125 1565.509033203125 1565.6400146484375 1565.3330078125 1564.6309814453125 1563.009033203125 1561.737060546875 1559.93896484375 1557.219970703125 1551.2130126953125 1548.23095703125 1548.362060546875 1548.844970703125 1551.9580078125 1554.3260498046875 1557.614990234375 1559.238037109375 1562.8330078125 1564.1929931640625
1544.85400390625 1546.47705078125 1547.7919921875 1548.23095703125 1549.1080322265625 1549.7659912109375 1551.8270263671875 1553.22998046875 1553.66796875 1554.9840087890625 1556.343017578125 1554.5450439453125 1555.8609619140625 1558.404052734375 1560.6409912109375 1561.6490478515625 1561.824951171875 1562.39501953125 1563.0970458984375 1563.623046875 1563.9300537109375 1564.4560546875 1565.0699462890625 1565.6839599609375 1565.8590087890625 1567.4820556640625 1569.0169677734375 1570.989990234375 1571.385009765625 1567.7889404296875 1566.166015625 1566.5169677734375 1566.823974609375 1567.0870361328125 1566.60498046875 1562.876953125 1560.4649658203125 1554.5889892578125 1551.343994140625 1550.2919921875 1549.3270263671875 1552.177001953125 1555.991943359375 1558.6240234375 1561.8690185546875 1565.2010498046875 1566.9560546875
1548.0989990234375 1548.7130126953125 1549.875 1551.125 1552.0679931640625 1552.7039794921875 1553.887939453125 1555.8609619140625 1557.7469482421875 1559.06201171875 1559.676025390625 1558.404052734375 1560.333984375 1560.8160400390625 1561.385986328125 1563.6669921875 1565.509033203125 1566.0789794921875 1566.60498046875 1567 1567.7889404296875 1568.5780029296875 1568.489990234375 1568.928955078125 1569.06103515625 1569.06103515625 1570.4639892578125 1571.9110107421875 1573.6209716796875 1572.3060302734375 1570.989990234375 1570.6829833984375 1569.761962890625 1568.5340576171875 1567.613037109375 1567.613037109375 1563.3160400390625 1557.133056640625 1554.8089599609375 1553.843994140625 1553.2740478515625 1551.6510009765625 1556.760009765625 1560.552978515625 1563.7540283203125 1567 1569.366943359375
1550.72998046875 1551.4759521484375 1552.43994140625 1553.800048828125 1555.3349609375 1556.4749755859375 1557.614990234375 1558.447998046875 1558.9310302734375 1559.1939697265625 1561.0360107421875 1560.071044921875 1560.4219970703125 1562.7020263671875 1564.5880126953125 1566.8680419921875 1568.8409423828125 1570.0250244140625 1570.33203125 1570.33203125 1570.594970703125 1570.946044921875 1571.2969970703125 1571.385009765625 1571.60400390625 1571.60400390625 1571.9990234375 1573.2259521484375 1574.93701171875 1576.3399658203125 1575.77001953125 1574.8489990234375 1574.4100341796875 1573.4019775390625 1570.6390380859375 1568.008056640625 1567.613037109375 1559.93896484375 1558.27294921875 1557.8780517578125 1557.35205078125 1555.072021484375 1557.6590576171875 1560.947998046875 1564.8509521484375 1567.218994140625 1570.2879638671875
1552.43994140625 1554.1510009765625 1555.8170166015625 1556.56298828125 1557.2640380859375 1557.614990234375 1558.053955078125 1559.719970703125 1560.991943359375 1562.5260009765625 1565.2449951171875 1562.5699462890625 1564.10498046875 1566.2099609375 1568.22705078125 1569.6739501953125 1571.385009765625 1572.5250244140625 1572.8759765625 1573.7530517578125 1573.5770263671875 1573.8399658203125 1573.884033203125 1574.10400390625 1574.760986328125 1574.322998046875 1574.366943359375 1575.4189453125 1576.1650390625 1578.0059814453125 1578.6199951171875 1577.7869873046875 1577.9189453125 1576.64697265625 1575.0240478515625 1571.3409423828125 1568.22705078125 1565.2010498046875 1562.218994140625 1561.8690185546875 1561.2110595703125 1559.10595703125 1558.6669921875 1561.2110595703125 1564.8509521484375 1567.8330078125 1569.6739501953125
1554.720947265625 1556.0799560546875 1556.4310302734375 1556.6500244140625 1558.0970458984375 1559.89501953125 1561.2989501953125 1562.7459716796875 1564.5 1566.428955078125 1567.8759765625 1566.6929931640625 1567.9200439453125 1568.5780029296875 1570.616943359375 1572.613037109375 1573.6209716796875 1574.8929443359375 1576.1650390625 1576.032958984375 1577.656005859375 1577.43603515625 1577.5460205078125 1577.5679931640625 1577.3489990234375 1576.64697265625 1576.5150146484375 1578.093994140625 1578.4010009765625 1579.0150146484375 1580.636962890625 1581.2509765625 1580.7249755859375 1579.0589599609375 1577.3919677734375 1574.8050537109375 1572.218017578125 1568.27099609375 1567.175048828125 1566.6929931640625 1565.2889404296875 1563.1400146484375 1561.56201171875 1561.9129638671875 1564.8509521484375 1567.8759765625 1569.54296875
1555.5980224609375 1556.1240234375 1557.7469482421875 1559.45703125 1561.8690185546875 1563.447021484375 1565.2010498046875 1566.1219482421875 1567 1568.6219482421875 1569.89404296875 1569.4549560546875 1570.81494140625 1571.64794921875 1572.7879638671875 1575.199951171875 1576.3399658203125 1577.9410400390625 1579.14599609375 1580.2430419921875 1580.8570556640625 1581.1199951171875 1581.2509765625 1580.9229736328125 1580.0670166015625 1579.2340087890625 1579.541015625 1580.3740234375 1581.1639404296875 1581.470947265625 1582.303955078125 1583.093017578125 1583.093017578125 1581.68994140625 1579.6290283203125 1577.1510009765625 1575.2440185546875 1568.7969970703125 1568.3590087890625 1568.489990234375 1568.4029541015625 1567.3060302734375 1565.4210205078125 1563.623046875 1565.4210205078125 1568.928955078125 1569.2359619140625
1557.791015625 1558.7989501953125 1560.4219970703125 1562.1319580078125 1564.89501953125 1566.166015625 1567.175048828125 1568.3590087890625 1568.885009765625 1571.0340576171875 1572.613037109375 1571.822998046875 1572.9189453125 1573.8399658203125 1575.81396484375 1577.875 1579.365966796875 1580.550048828125 1582.041015625 1583.0489501953125 1583.7950439453125 1584.2769775390625 1584.6280517578125 1584.364990234375 1583.35595703125 1581.9969482421875 1581.7779541015625 1583.31298828125 1583.4000244140625 1583.969970703125 1584.802978515625 1584.8470458984375 1585.2860107421875 1584.10205078125 1582.0849609375 1579.4100341796875 1576.9100341796875 1573.2259521484375 1572.218017578125 1570.2879638671875 1568.5340576171875 1568.5560302734375 1568.447021484375 1568.052001953125 1568.4029541015625 1568.7969970703125 1569.1920166015625
1560.8160400390625 1561.6490478515625 1562.5260009765625 1564.8509521484375 1566.780029296875 1568.1400146484375 1569.0169677734375 1570.81494140625 1571.779052734375 1573.27001953125 1574.782958984375 1574.93701171875 1576.1209716796875 1576.6910400390625 1578.050048828125 1580.4620361328125 1582.041015625 1583.2249755859375 1584.4090576171875 1585.636962890625 1586.2939453125 1587.654052734375 1587.7850341796875 1586.2939453125 1585.4610595703125 1584.4530029296875 1584.321044921875 1585.4610595703125 1586.7330322265625 1587.43505859375 1588.135986328125 1587.9169921875 1587.52197265625 1586.5140380859375 1584.6280517578125 1582.47900390625 1579.717041015625 1575.5069580078125 1575.593994140625 1575.4189453125 1574.06005859375 1569.93798828125 1568.7969970703125 1568.7540283203125 1568.8409423828125 1568.1829833984375 1569.4549560546875
1563.1839599609375 1563.885986328125 1564.762939453125 1567 1568.5340576171875 1569.98095703125 1571.427978515625 1572.7440185546875 1573.7969970703125 1575.156005859375 1576.9100341796875 1576.7349853515625 1578.093994140625 1579.4969482421875 1580.76904296875 1582.260009765625 1584.321044921875 1585.85595703125 1587.43505859375 1588.7060546875 1589.845947265625 1590.85498046875 1590.7239990234375 1589.626953125 1588.0489501953125 1587.1280517578125 1586.469970703125 1588.0050048828125 1589.3199462890625 1590.6800537109375 1591.5570068359375 1591.8199462890625 1591.031005859375 1589.3199462890625 1587.6099853515625 1585.241943359375 1583.4219970703125 1578.5760498046875 1578.2259521484375 1577.698974609375 1576.9539794921875 1576.032958984375 1572.0860595703125 1571.4720458984375 1572.1300048828125 1572.5250244140625 1572.218017578125
1565.376953125 1566.7359619140625 1567.175048828125 1568.7969970703125 1570.594970703125 1571.6920166015625 1573.1390380859375 1574.498046875 1576.0550537109375 1577.260986328125 1578.6639404296875 1578.4010009765625 1580.593994140625 1581.9969482421875 1583.5760498046875 1584.5400390625 1585.7239990234375 1587.8289794921875 1589.8900146484375 1591.468994140625 1592.9599609375 1592.7850341796875 1593.4420166015625 1591.7760009765625 1590.3289794921875 1589.845947265625 1588.2239990234375 1590.592041015625 1592.0389404296875 1593.7060546875 1594.4510498046875 1594.845947265625 1593.573974609375 1592.6090087890625 1590.7669677734375 1588.4429931640625 1587.302978515625 1582.1719970703125 1581.5579833984375 1580.198974609375 1579.14599609375 1579.0150146484375 1577.9189453125 1573.6650390625 1574.4100341796875 1575.5069580078125 1576.2960205078125
1568.095947265625 1569.6309814453125 1570.946044921875 1572.43701171875 1573.6650390625 1574.8929443359375 1576.0770263671875 1577.5679931640625 1577.5679931640625 1578.489013671875 1580.3740234375 1580.3740234375 1582.3480224609375 1583.969970703125 1585.5050048828125 1587.083984375 1588.926025390625 1590.240966796875 1592.4339599609375 1593.8370361328125 1595.1529541015625 1595.678955078125 1595.7230224609375 1594.845947265625 1593.092041015625 1592.345947265625 1591.68798828125 1593.530029296875 1595.3280029296875 1597.739990234375 1597.8709716796875 1597.2139892578125 1596.9510498046875 1595.678955078125 1594.4510498046875 1593.178955078125 1591.2939453125 1586.1629638671875 1584.8470458984375 1583.883056640625 1583.136962890625 1582.5670166015625 1581.0760498046875 1577.9630126953125 1576.6910400390625 1577.7869873046875 1579.0150146484375
1570.2010498046875 1571.2750244140625 1572.699951171875 1574.4100341796875 1575.2879638671875 1576.2080078125 1577.3919677734375 1578.7080078125 1580.81298828125 1581.383056640625 1584.2330322265625 1583.7509765625 1585.5050048828125 1587.654052734375 1589.5179443359375 1590.7239990234375 1592.258056640625 1594.4949951171875 1596.4239501953125 1597.696044921875 1598.529052734375 1599.0550537109375 1597.6080322265625 1595.9420166015625 1595.678955078125 1594.9329833984375 1595.2840576171875 1597.7840576171875 1600.06396484375 1601.2919921875 1601.115966796875 1601.029052734375 1599.362060546875 1597.8280029296875 1596.68798828125 1594.802001953125 1593.4420166015625 1588.0489501953125 1587.6099853515625 1587.302978515625 1586.2939453125 1584.10205078125 1582.2159423828125 1581.1199951171875 1580.155029296875 1581.27294921875 1582.7860107421875
