avaframe/data/avaWog/Inputs/avaWog.asc
ncols        490
nrows        555
xllcorner    167452.849552272062
yllcorner    361953.127794078260
cellsize     4.997678230579
NODATA_value  -9999
[rows 441 to 461 of 555, columns 329 to 375 of 490]
2101.77490234375 2103.513916015625 2104.5849609375 2104.80908203125 2104.85693359375 2105.25390625 2105.7080078125 2102.968017578125 2103.385009765625 2103.35400390625 2103.927001953125 2105.083984375 2106.26806640625 2107.56591796875 2108.52392578125 2110.2509765625 2111.887939453125 2113.68505859375 2114.198974609375 2114.97412109375 2116.10205078125 2117.3330078125 2118.85498046875 2120.498046875 2122.1669921875 2123.47900390625 2125.238037109375 2127.1220703125 2128.93798828125 2130.5791015625 2132.333984375 2134.030029296875 2135.85693359375 2135.60107421875 2137.39501953125 2139.14501953125 2140.89208984375 2142.48291015625 2144.2958984375 2145.77490234375 2147.429931640625 2148.925048828125 2150.4580078125 2151.902099609375 2153.56298828125 2155.15087890625 2156.51904296875
2104.345947265625 2105.80810546875 2107.261962890625 2107.778076171875 2107.9169921875 2108.35400390625 2109.132080078125 2106.27294921875 2106.943115234375 2107.48095703125 2107.906005859375 2108.319091796875 2109.639892578125 2110.8779296875 2111.8701171875 2113.01611328125 2114.47998046875 2116.14501953125 2117.033935546875 2117.5 2118.4970703125 2119.5859375 2120.967041015625 2122.43701171875 2123.95703125 2125.029052734375 2126.860107421875 2128.9990234375 2130.787109375 2132.554931640625 2134.35498046875 2135.719970703125 2137.79296875 2137.574951171875 2139.4599609375 2141.2890625 2143.134033203125 2144.736083984375 2146.468994140625 2148.111083984375 2149.7919921875 2151.300048828125 2152.81103515625 2154.326904296875 2155.970947265625 2157.739990234375 2159.18994140625
2108.77001953125 2110.10302734375 2110.783935546875 2111 2111.383056640625 2112.444091796875 2112.444091796875 2109.902099609375 2110.77587890625 2111.26904296875 2111.653076171875 2112.201904296875 2113.123046875 2114.074951171875 2114.718994140625 2115.928955078125 2117.2060546875 2118.7080078125 2119.509033203125 2119.822998046875 2120.943115234375 2121.931884765625 2123.5029296875 2124.69091796875 2125.85693359375 2127.4560546875 2129.409912109375 2131.34912109375 2132.799072265625 2134.2041015625 2136.0849609375 2137.81591796875 2139.5869140625 2139.568115234375 2141.4990234375 2143.35400390625 2145.155029296875 2147.06591796875 2148.6689453125 2150.535888671875 2152.133056640625 2153.721923828125 2155.364990234375 2156.68603515625 2158.43798828125 2160.116943359375 2161.677001953125
2111.85400390625 2112.7890625 2113.81494140625 2114.431884765625 2114.739990234375 2115.56103515625 2116.906982421875 2114.580078125 2115.326904296875 2115.635986328125 2116.14501953125 2116.60498046875 2117.3798828125 2118.10107421875 2118.84912109375 2119.90087890625 2121.169921875 2122.14990234375 2122.552001953125 2123.512939453125 2124.574951171875 2125.819091796875 2127.0048828125 2128.044921875 2129.468994140625 2131.112060546875 2133.10107421875 2134.906982421875 2136.0859375 2137.948974609375 2139.819091796875 2141.637939453125 2143.462890625 2143.406005859375 2145.37890625 2147.298095703125 2149.202880859375 2151.01708984375 2152.89599609375 2154.534912109375 2156.157958984375 2157.947998046875 2159.64892578125 2161.010009765625 2162.64208984375 2164.2470703125 2165.837890625
2114.9580078125 2115.802001953125 2116.533935546875 2117.780029296875 2118.01904296875 2118.865966796875 2120.345947265625 2118.18798828125 2118.7548828125 2119.408935546875 2119.7900390625 2120.27099609375 2120.803955078125 2121.62109375 2122.051025390625 2122.7060546875 2123.81494140625 2124.802001953125 2125.635009765625 2126.27001953125 2127.2099609375 2128.26904296875 2129.2900390625 2130.22607421875 2131.85693359375 2133.44189453125 2135.3701171875 2136.785888671875 2138.1298828125 2139.589111328125 2141.5859375 2143.2099609375 2143.462890625 2145.37890625 2147.238037109375 2149.4609375 2151.35302734375 2153.319091796875 2155.2099609375 2156.822998046875 2158.72509765625 2160.424072265625 2161.952880859375 2163.487060546875 2165.152099609375 2167.251953125 2168.472900390625
2118.197998046875 2119.48095703125 2120.156005859375 2120.989990234375 2121.39697265625 2122.06298828125 2123.528076171875 2121.444091796875 2122.35205078125 2122.39697265625 2123.385986328125 2124.0830078125 2124.430908203125 2125.02197265625 2125.302001953125 2125.756103515625 2126.489013671875 2127.56298828125 2128.458984375 2129.01708984375 2129.89111328125 2130.716064453125 2131.89501953125 2132.97607421875 2134.2548828125 2135.572998046875 2137.0869140625 2138.408935546875 2140.029052734375 2141.48095703125 2143.364990234375 2145.2041015625 2145.054931640625 2147.5 2149.4208984375 2151.64599609375 2153.5859375 2155.652099609375 2157.531005859375 2159.409912109375 2161.14404296875 2162.904052734375 2164.554931640625 2166.23193359375 2167.718017578125 2169.596923828125 2171.4609375
2121.6669921875 2122.425048828125 2123.571044921875 2124.363037109375 2124.51806640625 2125.31298828125 2126.739013671875 2124.634033203125 2125.720947265625 2126.467041015625 2127.193115234375 2127.988037109375 2128.759033203125 2128.81591796875 2128.868896484375 2129.62109375 2129.51806640625 2130.5830078125 2131.4140625 2132.0390625 2132.7119140625 2133.547119140625 2134.81591796875 2135.81494140625 2136.9990234375 2138.05908203125 2139.429931640625 2140.7041015625 2142.0830078125 2143.7119140625 2145.489013671875 2147.2041015625 2147.18603515625 2149.236083984375 2151.794921875 2153.76904296875 2155.763916015625 2157.85400390625 2159.77099609375 2161.8759765625 2163.48388671875 2165.139892578125 2167.1279296875 2168.72998046875 2170.43994140625 2172.00390625 2173.986083984375
2125.172119140625 2125.887939453125 2126.906982421875 2127.594970703125 2127.924072265625 2128.511962890625 2130.1650390625 2128.26611328125 2129.47412109375 2130.510009765625 2131.3310546875 2132.05908203125 2132.568115234375 2132.8330078125 2132.7919921875 2133.278076171875 2133.1630859375 2133.841064453125 2134.327880859375 2134.985107421875 2135.60009765625 2136.22802734375 2137.366943359375 2138.583984375 2139.782958984375 2140.952880859375 2141.72412109375 2143.156005859375 2144.593994140625 2146.032958984375 2147.56201171875 2149.31591796875 2149.02294921875 2151.176025390625 2153.679931640625 2155.782958984375 2157.840087890625 2160.032958984375 2162.0009765625 2164.10791015625 2166.114013671875 2167.991943359375 2169.6259765625 2171.4169921875 2172.98388671875 2174.616943359375 2176.450927734375
2128.60205078125 2129.174072265625 2130.326904296875 2130.547119140625 2131.610107421875 2132.10693359375 2130.1650390625 2131.595947265625 2132.93896484375 2134.083984375 2135.1669921875 2136.08203125 2136.64697265625 2136.89794921875 2136.989013671875 2137.093994140625 2136.89794921875 2137.55908203125 2137.4970703125 2137.947998046875 2138.18603515625 2138.778076171875 2140.050048828125 2141.112060546875 2142.450927734375 2143.4580078125 2144.429931640625 2145.5458984375 2146.740966796875 2148.337890625 2149.635009765625 2151.5 2151.2109375 2153.152099609375 2155.47998046875 2157.90087890625 2160.193115234375 2162.2529296875 2164.218994140625 2166.31298828125 2168.656982421875 2170.322998046875 2172.218994140625 2173.818115234375 2175.65087890625 2177.419921875 2178.839111328125
2131.85595703125 2132.927978515625 2133.656982421875 2134.48388671875 2135.301025390625 2135.5849609375 2133.425048828125 2134.89208984375 2135.9619140625 2137.389892578125 2138.430908203125 2139.5830078125 2140.220947265625 2140.76611328125 2140.844970703125 2140.6259765625 2140.904052734375 2140.950927734375 2140.992919921875 2140.841064453125 2141.010009765625 2141.366943359375 2142.623046875 2144.055908203125 2145.23193359375 2146.699951171875 2147.5419921875 2148.302001953125 2149.23193359375 2150.19189453125 2151.6689453125 2153.595947265625 2153.361083984375 2154.85400390625 2157.076904296875 2159.678955078125 2162.2080078125 2164.339111328125 2166.64892578125 2168.450927734375 2170.822998046875 2172.76611328125 2174.8798828125 2176.85205078125 2178.31103515625 2180.14404296875 2181.592041015625
2134.97900390625 2136.1279296875 2137.23193359375 2138.1669921875 2138.826904296875 2139.14892578125 2136.69189453125 2138.010009765625 2139.445068359375 2140.419921875 2141.50390625 2142.68603515625 2143.574951171875 2143.95703125 2144.845947265625 2144.6201171875 2144.580078125 2144.44189453125 2144.27197265625 2143.85205078125 2143.958984375 2144.363037109375 2145.408935546875 2146.64794921875 2148.344970703125 2149.7109375 2150.345947265625 2151.10791015625 2151.764892578125 2152.860107421875 2154.0400390625 2155.39892578125 2154.570068359375 2156.93603515625 2158.993896484375 2161.64990234375 2163.968017578125 2166.52490234375 2168.7880859375 2170.952880859375 2173.135986328125 2175.06005859375 2177.39990234375 2178.781005859375 2180.9599609375 2182.7490234375 2184.291015625
2138.450927734375 2140.007080078125 2140.698974609375 2141.73388671875 2142.284912109375 2142.9130859375 2140.070068359375 2141.4970703125 2142.672119140625 2143.72509765625 2144.6630859375 2145.751953125 2146.81103515625 2147.60400390625 2148.02001953125 2148.10009765625 2147.968994140625 2147.779052734375 2147.492919921875 2147.19091796875 2146.947021484375 2146.89501953125 2147.908935546875 2149.449951171875 2151.0400390625 2152.555908203125 2153.446044921875 2154.112060546875 2154.544921875 2155.2529296875 2156.284912109375 2157.40087890625 2157.072998046875 2159.0009765625 2160.968017578125 2163.222900390625 2165.738037109375 2168.443115234375 2170.761962890625 2173.22900390625 2175.51904296875 2177.652099609375 2179.633056640625 2181.783935546875 2183.77294921875 2185.49609375 2187.1689453125
2141.376953125 2143.10205078125 2144.173095703125 2145.551025390625 2145.575927734375 2146.447998046875 2143.08203125 2144.408935546875 2145.762939453125 2147.111083984375 2148.160888671875 2149.2119140625 2149.840087890625 2150.989990234375 2151.43994140625 2151.4208984375 2151.2900390625 2151.35693359375 2150.95703125 2150.655029296875 2150.22412109375 2150.0849609375 2150.570068359375 2151.85595703125 2153.697998046875 2155.2880859375 2156.68603515625 2156.989990234375 2157.510986328125 2158.054931640625 2158.923095703125 2160.0791015625 2159.02587890625 2160.777099609375 2163.075927734375 2165.1708984375 2167.47509765625 2170.27001953125 2172.9150390625 2175.375 2177.64697265625 2179.90087890625 2181.9169921875 2184.075927734375 2186.318115234375 2188.18896484375 2190.06103515625
2144.7470703125 2146.302001953125 2147.656982421875 2148.821044921875 2149.10693359375 2149.74609375 2146.22607421875 2147.510009765625 2149.2919921875 2150.781982421875 2151.84912109375 2152.55908203125 2153.72998046875 2154.2529296875 2154.85400390625 2155.069091796875 2154.594970703125 2154.656982421875 2154.947021484375 2154.011962890625 2153.7900390625 2153.465087890625 2153.64990234375 2154.510986328125 2156.3779296875 2158.22509765625 2159.943115234375 2160.30908203125 2160.51904296875 2160.97705078125 2161.833984375 2162.970947265625 2161.02197265625 2162.833984375 2165.25390625 2167.10498046875 2169.43798828125 2172.0830078125 2174.907958984375 2177.77001953125 2179.783935546875 2182.032958984375 2184.553955078125 2186.843017578125 2188.846923828125 2190.884033203125 2192.72802734375
2148.2919921875 2149.181884765625 2151.056884765625 2152.032958984375 2152.5791015625 2153.381103515625 2150.6298828125 2152.117919921875 2153.458984375 2154.176025390625 2155.616943359375 2156.458984375 2157.236083984375 2157.9140625 2158.593017578125 2158.489990234375 2158.47509765625 2158.47509765625 2158.31201171875 2157.719970703125 2157.427978515625 2157.26904296875 2157.4169921875 2157.98193359375 2159.6640625 2161.60302734375 2162.97607421875 2164.02197265625 2163.511962890625 2163.85498046875 2164.65087890625 2166.156005859375 2163.51904296875 2164.794921875 2167.18603515625 2169.2080078125 2171.39501953125 2173.80908203125 2176.625 2179.22705078125 2181.97802734375 2184.2509765625 2186.658935546875 2189.444091796875 2191.531005859375 2193.801025390625 2195.52099609375
2152.510009765625 2153.618896484375 2154.364013671875 2155.1259765625 2156.027099609375 2156.968994140625 2153.952880859375 2156.10009765625 2157.512939453125 2158.574951171875 2159.537109375 2160.35205078125 2160.969970703125 2161.512939453125 2162.083984375 2161.99609375 2162.069091796875 2162.216064453125 2161.802001953125 2161.97412109375 2162.052001953125 2161.625 2161.531005859375 2163.216064453125 2166.0830078125 2167.052978515625 2167.322998046875 2167.405029296875 2166.99609375 2166.387939453125 2167.574951171875 2168.886962890625 2166.572021484375 2167.280029296875 2169.916015625 2171.7880859375 2173.56103515625 2176.037109375 2178.547119140625 2181.012939453125 2184.029052734375 2186.85302734375 2188.908935546875 2191.260986328125 2194.14404296875 2196.39697265625 2198.366943359375
2156.949951171875 2157.427001953125 2158.077880859375 2158.820068359375 2159.52490234375 2160.3330078125 2158.053955078125 2162.075927734375 2163.06494140625 2163.0029296875 2163.72900390625 2164.35107421875 2164.873046875 2165.279052734375 2165.784912109375 2165.784912109375 2165.656982421875 2165.5048828125 2166.222900390625 2166.89111328125 2166.12109375 2165.862060546875 2167.751953125 2169.072021484375 2170.430908203125 2171.090087890625 2171.193115234375 2171.285888671875 2170.971923828125 2171.2919921875 2171.155029296875 2173.069091796875 2170.587890625 2171.736083984375 2174.2490234375 2175.322021484375 2176.574951171875 2178.093017578125 2180.64697265625 2184.031005859375 2186.531005859375 2189.544921875 2191.820068359375 2193.90087890625 2196.678955078125 2199.010986328125 2201.2939453125
2160.906982421875 2161.885009765625 2162.29296875 2162.3310546875 2163.135009765625 2163.818115234375 2161.94189453125 2165.126953125 2167.824951171875 2167.5830078125 2167.965087890625 2168.51904296875 2168.968994140625 2169.14501953125 2169.385986328125 2169.049072265625 2168.93701171875 2168.694091796875 2169.653076171875 2170.9150390625 2171.10498046875 2171.363037109375 2172.512939453125 2173.593017578125 2174.805908203125 2175.238037109375 2175.304931640625 2175.758056640625 2176.554931640625 2177.37109375 2178.300048828125 2179.467041015625 2174.487060546875 2175.927001953125 2178.363037109375 2179.1298828125 2180.862060546875 2183.958984375 2185.135009765625 2187.636962890625 2190.02490234375 2192.6689453125 2194.4169921875 2196.943115234375 2199.2958984375 2201.81298828125 2204.10400390625
2164.54296875 2165.721923828125 2166.389892578125 2166.06201171875 2166.756103515625 2167.26806640625 2165.488037109375 2167.614990234375 2170.758056640625 2172.719970703125 2172.822021484375 2172.846923828125 2173.072021484375 2173.2490234375 2173.383056640625 2172.876953125 2172.52294921875 2172.4189453125 2173.197998046875 2174.6708984375 2175.8310546875 2176.0439453125 2176.794921875 2178.090087890625 2178.781005859375 2179.360107421875 2179.408935546875 2179.797119140625 2180.632080078125 2181.764892578125 2184.138916015625 2184.97509765625 2180.699951171875 2181.2109375 2184.672119140625 2184.240966796875 2189.02294921875 2192.77001953125 2194.89697265625 2195.625 2198.97705078125 2199.60009765625 2201.115966796875 2203.029052734375 2203.112060546875 2204.425048828125 2206.840087890625
2168.626953125 2169.489990234375 2169.882080078125 2169.763916015625 2170.534912109375 2171.156982421875 2168.864013671875 2170.888916015625 2174.763916015625 2177.43603515625 2176.764892578125 2176.885009765625 2177.373046875 2177.498046875 2177.509033203125 2176.928955078125 2177.322021484375 2178.547119140625 2178.137939453125 2178.694091796875 2180.069091796875 2180.030029296875 2180.77001953125 2182.072021484375 2182.9951171875 2182.93408203125 2183.072998046875 2183.85400390625 2185.970947265625 2188.864013671875 2189.906005859375 2189.52099609375 2185.840087890625 2189.908935546875 2189.39794921875 2196.14404296875 2200.580078125 2204.157958984375 2205.257080078125 2205.988037109375 2205.50390625 2205.14990234375 2205.7099609375 2206.76806640625 2206.675048828125 2207.408935546875 2209.513916015625
2173.14892578125 2173.554931640625 2174.0849609375 2173.541015625 2174.62890625 2174.80908203125 2172.447998046875 2174.719970703125 2177.662109375 2180.4140625 2180.989990234375 2181.02099609375 2181.324951171875 2181.429931640625 2181.384033203125 2180.94091796875 2182.699951171875 2183.923095703125 2184.48095703125 2183.2451171875 2184.47802734375 2185.235107421875 2185.382080078125 2186.094970703125 2186.802978515625 2186.778076171875 2187.486083984375 2188.381103515625 2191.337890625 2193.0458984375 2194.090087890625 2197.7109375 2192.0419921875 2195.06396484375 2196.193115234375 2204.696044921875 2208.716064453125 2209.65087890625 2210.35498046875 2210.406005859375 2210.030029296875 2210.02099609375 2210.013916015625 2210.760009765625 2210.18701171875 2210.85400390625 2212.1279296875
