avaframe/data/avaWog/Inputs/avaWog.asc
ncols        490
nrows        555
xllcorner    167452.849552272062
yllcorner    361953.127794078260
cellsize     4.997678230579
NODATA_value  -9999
[rows 441 to 461 of 555, columns 188 to 234 of 490]
1799.85498046875 1797.487060546875 1794.2860107421875 1790.60205078125 1788.2779541015625 1789.81298828125 1791.7860107421875 1793.6280517578125 1796.0400390625 1796.8289794921875 1798.012939453125 1799.2850341796875 1800.7320556640625 1802.2669677734375 1805.5560302734375 1810.8179931640625 1813.5369873046875 1815.948974609375 1818.491943359375 1822.39501953125 1825.0260009765625 1828.7099609375 1831.0780029296875 1833.7530517578125 1836.6910400390625 1839.4539794921875 1842.52294921875 1845.2860107421875 1848.31201171875 1852.47802734375 1856.2049560546875 1860.4150390625 1863.0460205078125 1864.887939453125 1866.6199951171875 1868.614990234375 1870.9830322265625 1873.0450439453125 1873.9219970703125 1875.676025390625 1878.657958984375 1881.156982421875 1884.6219482421875 1888.3050537109375 1892.5589599609375 1895.322021484375 1898.9169921875
1801.56494140625 1799.4599609375 1796.654052734375 1793.2769775390625 1790.1639404296875 1790.68994140625 1793.10205078125 1795.074951171875 1796.873046875 1798.5830078125 1799.987060546875 1801.2139892578125 1802.595947265625 1803.758056640625 1806.08203125 1810.8179931640625 1813.5369873046875 1816.386962890625 1818.5799560546875 1822.43896484375 1825.552001953125 1829.06103515625 1832.1739501953125 1834.760986328125 1837.1300048828125 1839.8919677734375 1843.136962890625 1846.9520263671875 1850.154052734375 1854.4949951171875 1857.958984375 1861.906005859375 1865.1510009765625 1867.16796875 1868.791015625 1870.3260498046875 1872.0799560546875 1874.22900390625 1876.77197265625 1878 1879.5789794921875 1882.2969970703125 1885.8060302734375 1888.1739501953125 1891.0679931640625 1894.4010009765625 1898.5670166015625
1803.0999755859375 1801.697021484375 1799.1529541015625 1796.0400390625 1792.8389892578125 1792.35595703125 1794.3299560546875 1796.302978515625 1798.012939453125 1800.009033203125 1801.6090087890625 1802.7490234375 1804.1090087890625 1805.863037109375 1807.39794921875 1810.072998046875 1813.4930419921875 1816.4310302734375 1819.281982421875 1823.0970458984375 1826.342041015625 1829.6309814453125 1832.8759765625 1835.594970703125 1838.2259521484375 1840.593994140625 1844.2340087890625 1847.697998046875 1851.512939453125 1856.29296875 1861.3360595703125 1864.625 1866.751953125 1868.7469482421875 1870.260009765625 1872.1240234375 1873.4830322265625 1875.4560546875 1877.56103515625 1879.666015625 1881.8590087890625 1883.5689697265625 1885.5419921875 1888.217041015625 1891.0679931640625 1893.43603515625 1896.197998046875
1804.4599609375 1803.5389404296875 1801.56494140625 1798.2760009765625 1794.5050048828125 1793.6280517578125 1795.5140380859375 1797.6190185546875 1799.197021484375 1800.864013671875 1802.8809814453125 1804.3719482421875 1805.73095703125 1807.4849853515625 1809.3709716796875 1811.2569580078125 1814.1949462890625 1816.56298828125 1819.6319580078125 1822.833984375 1826.60498046875 1829.6309814453125 1832.699951171875 1835.5069580078125 1838.970947265625 1841.7340087890625 1845.593017578125 1848.8380126953125 1852.47802734375 1858.9239501953125 1862.387939453125 1865.3270263671875 1867.343994140625 1869.6240234375 1871.4219970703125 1873.2640380859375 1874.6669921875 1876.5970458984375 1878.43798828125 1881.0699462890625 1883.1309814453125 1885.0159912109375 1886.8580322265625 1889.927978515625 1891.989013671875 1895.4530029296875 1897.5140380859375
1805.9940185546875 1805.4239501953125 1803.758056640625 1799.592041015625 1796.6099853515625 1795.426025390625 1796.741943359375 1798.5830078125 1800.1619873046875 1802.31103515625 1804.1090087890625 1805.5999755859375 1807.135009765625 1809.02001953125 1811.343994140625 1812.7919921875 1815.467041015625 1818.1409912109375 1820.071044921875 1822.9649658203125 1826.4730224609375 1829.323974609375 1832.7440185546875 1836.5589599609375 1840.0240478515625 1843.4439697265625 1846.7769775390625 1849.9339599609375 1853.79296875 1858.4420166015625 1861.7750244140625 1864.7130126953125 1866.948974609375 1869.5360107421875 1871.510009765625 1873.833984375 1875.6319580078125 1877.737060546875 1879.885009765625 1882.166015625 1884.3370361328125 1886.8580322265625 1889.4010009765625 1891.8570556640625 1893.43603515625 1896.988037109375 1900.18896484375
1807.529052734375 1807.35400390625 1805.64404296875 1801.6090087890625 1798.5400390625 1797.0050048828125 1797.35498046875 1799.5040283203125 1801.258056640625 1802.925048828125 1805.072998046875 1806.6080322265625 1808.406005859375 1810.3800048828125 1812.6600341796875 1814.3260498046875 1816.51904296875 1818.843017578125 1820.8599853515625 1823.7550048828125 1826.342041015625 1829.323974609375 1833.1829833984375 1836.6910400390625 1840.6820068359375 1844.2769775390625 1847.8289794921875 1850.8990478515625 1853.8370361328125 1857.4329833984375 1860.85400390625 1863.529052734375 1865.9840087890625 1868.6590576171875 1871.3780517578125 1874.22900390625 1877.781005859375 1878.9649658203125 1881.2889404296875 1883.1309814453125 1885.14794921875 1887.779052734375 1890.717041015625 1893.3919677734375 1894.8389892578125 1898.1719970703125 1901.6800537109375
1809.3709716796875 1809.282958984375 1807.8360595703125 1804.678955078125 1801.0389404296875 1798.626953125 1798.626953125 1800.1180419921875 1801.8280029296875 1803.5830078125 1805.9940185546875 1807.968017578125 1809.3270263671875 1811.4759521484375 1813.2740478515625 1815.115966796875 1817.7469482421875 1820.991943359375 1821.14501953125 1824.1929931640625 1827.3499755859375 1829.9820556640625 1833.4019775390625 1837.260986328125 1840.4620361328125 1843.969970703125 1846.821044921875 1849.6710205078125 1853.2230224609375 1856.9949951171875 1859.6259765625 1862.387939453125 1865.1949462890625 1869.0980224609375 1872.0799560546875 1875.1490478515625 1878.218994140625 1880.2359619140625 1882.2969970703125 1884.489990234375 1886.9019775390625 1889.1820068359375 1892.032958984375 1894.6639404296875 1896.41796875 1899.7509765625 1902.64501953125
1811.1689453125 1810.6429443359375 1809.634033203125 1807.7490234375 1804.1090087890625 1801.302001953125 1800.1180419921875 1800.8199462890625 1802.6180419921875 1804.5030517578125 1806.8280029296875 1809.3709716796875 1810.8179931640625 1812.3089599609375 1814.239013671875 1815.9930419921875 1818.405029296875 1821.4739990234375 1822.43896484375 1825.2459716796875 1828.27099609375 1831.385009765625 1834.322998046875 1836.822998046875 1840.198974609375 1843.5760498046875 1846.2950439453125 1850.240966796875 1853.530029296875 1856.468017578125 1859.3189697265625 1861.862060546875 1865.720947265625 1870.5009765625 1874.5789794921875 1877.737060546875 1879.7099609375 1881.552001953125 1883.48095703125 1886.0689697265625 1887.822998046875 1890.4100341796875 1892.9969482421875 1895.93505859375 1897.3389892578125 1900.583984375 1903.259033203125
1812.8790283203125 1811.9580078125 1811.301025390625 1810.2919921875 1807.39794921875 1804.5469970703125 1802.4420166015625 1801.7850341796875 1803.011962890625 1804.9859619140625 1807.8360595703125 1810.072998046875 1812.2650146484375 1813.887939453125 1815.510009765625 1817.43994140625 1819.676025390625 1822.3070068359375 1823.623046875 1825.9029541015625 1828.27099609375 1831.2530517578125 1834.2349853515625 1836.7349853515625 1839.4539794921875 1842.3919677734375 1845.7679443359375 1849.364013671875 1854.2320556640625 1858.529052734375 1861.5550537109375 1864.362060546875 1867.8260498046875 1872.56201171875 1876.4210205078125 1879.6219482421875 1881.552001953125 1883.7010498046875 1885.06005859375 1886.594970703125 1889.093994140625 1890.97998046875 1893.260009765625 1896.9439697265625 1898.7860107421875 1901.85498046875 1905.0570068359375
1814.239013671875 1813.9320068359375 1812.967041015625 1812.0460205078125 1809.3709716796875 1806.9150390625 1804.9420166015625 1803.2760009765625 1804.197021484375 1806.1700439453125 1808.58203125 1811.52001953125 1814.3260498046875 1816.16796875 1817.6590576171875 1818.9749755859375 1821.60595703125 1824.4119873046875 1824.8070068359375 1826.9119873046875 1829.718994140625 1831.9110107421875 1834.5860595703125 1836.251953125 1839.1910400390625 1842.655029296875 1845.7679443359375 1849.2330322265625 1853.4429931640625 1857.739990234375 1861.468017578125 1864.6689453125 1868.2650146484375 1872.6939697265625 1877.0350341796875 1880.323974609375 1883.3499755859375 1885.4549560546875 1887.2530517578125 1889.27001953125 1891.4630126953125 1892.3399658203125 1894.4010009765625 1896.9439697265625 1899.4000244140625 1902.3819580078125 1905.2760009765625
1816.0369873046875 1815.8170166015625 1814.633056640625 1813.800048828125 1812.177001953125 1809.9410400390625 1807.7919921875 1805.29296875 1805.1610107421875 1807.39794921875 1809.5460205078125 1811.782958984375 1814.239013671875 1816.8260498046875 1818.7550048828125 1820.1590576171875 1822.39501953125 1824.89501953125 1827.04296875 1828.6219482421875 1830.594970703125 1833.0069580078125 1835.594970703125 1837.3929443359375 1839.717041015625 1843.093994140625 1846.2950439453125 1849.3199462890625 1852.302001953125 1856.1610107421875 1859.97705078125 1862.6949462890625 1866.3349609375 1871.3780517578125 1877.4300537109375 1880.718994140625 1884.1829833984375 1886.989990234375 1888.875 1891.156005859375 1893.3919677734375 1894.4439697265625 1895.7159423828125 1897.9959716796875 1900.0579833984375 1903.1710205078125 1906.3280029296875
1818.0980224609375 1817.2640380859375 1816.300048828125 1815.4229736328125 1814.93994140625 1812.8349609375 1810.5550537109375 1808.0550537109375 1806.958984375 1807.4420166015625 1810.5989990234375 1812.7039794921875 1814.9840087890625 1817.4840087890625 1819.6319580078125 1821.343017578125 1823.3599853515625 1824.9820556640625 1827.5699462890625 1830.4639892578125 1832.83203125 1834.8050537109375 1836.822998046875 1839.322021484375 1842.041015625 1844.6719970703125 1847.8289794921875 1851.2060546875 1854.18798828125 1857.1700439453125 1860.5469970703125 1863.529052734375 1866.9930419921875 1871.68505859375 1876.5970458984375 1880.9820556640625 1884.3580322265625 1887.3399658203125 1890.4539794921875 1892.7779541015625 1894.4010009765625 1896.241943359375 1897.864990234375 1900.14501953125 1901.241943359375 1904.6180419921875 1907.863037109375
1819.93896484375 1819.01904296875 1818.053955078125 1817.177001953125 1816.9139404296875 1815.2469482421875 1812.572021484375 1810.949951171875 1809.7659912109375 1809.196044921875 1811.2130126953125 1813.448974609375 1815.9930419921875 1818.3609619140625 1820.5970458984375 1822.2640380859375 1823.7550048828125 1825.509033203125 1827.43798828125 1830.2010498046875 1832.699951171875 1835.4630126953125 1838.093994140625 1840.4620361328125 1843.31298828125 1846.60205078125 1849.18896484375 1851.8199462890625 1854.97705078125 1858.4859619140625 1861.8179931640625 1865.1510009765625 1868.572021484375 1873.0880126953125 1877.342041015625 1881.595947265625 1884.7969970703125 1888.699951171875 1891.5059814453125 1894.050048828125 1896.2860107421875 1898.1719970703125 1899.7939453125 1902.3819580078125 1902.7760009765625 1906.1529541015625 1909.79296875
1821.6939697265625 1820.904052734375 1819.89599609375 1819.06201171875 1818.66796875 1817.3079833984375 1815.467041015625 1814.01904296875 1812.3089599609375 1810.72998046875 1812.220947265625 1814.5889892578125 1817.0009765625 1819.5889892578125 1821.7149658203125 1823.623046875 1825.114013671875 1826.56103515625 1827.876953125 1830.33203125 1832.7440185546875 1835.6820068359375 1838.7080078125 1840.989013671875 1843.5760498046875 1846.2509765625 1849.4520263671875 1852.0830078125 1855.2840576171875 1858.572998046875 1861.8179931640625 1865.634033203125 1869.18603515625 1872.8690185546875 1877.123046875 1881.77099609375 1885.93701171875 1889.6650390625 1893.43603515625 1896.241943359375 1898.47900390625 1899.7509765625 1901.9429931640625 1904.487060546875 1905.1009521484375 1908.6529541015625 1912.468017578125
1823.404052734375 1822.657958984375 1821.2110595703125 1820.969970703125 1820.77294921875 1819.7640380859375 1818.27294921875 1816.6070556640625 1814.501953125 1811.8270263671875 1813.362060546875 1815.5980224609375 1817.9219970703125 1820.333984375 1823.052978515625 1824.5439453125 1826.2540283203125 1828.030029296875 1828.7099609375 1831.1219482421875 1833.1829833984375 1835.594970703125 1838.31298828125 1841.031982421875 1844.18994140625 1847.083984375 1850.373046875 1853.2669677734375 1856.5999755859375 1859.7569580078125 1862.739013671875 1865.85302734375 1868.572021484375 1871.2469482421875 1875.718994140625 1879.7540283203125 1884.1829833984375 1889.532958984375 1893.655029296875 1897.5579833984375 1900.6710205078125 1902.64501953125 1904.573974609375 1907.468994140625 1907.8189697265625 1910.758056640625 1914.967041015625
1824.8509521484375 1823.5789794921875 1823.0970458984375 1822.9649658203125 1822.5050048828125 1821.6939697265625 1820.77294921875 1818.9749755859375 1816.738037109375 1813.7559814453125 1814.9840087890625 1816.9580078125 1819.01904296875 1821.343017578125 1823.6669921875 1825.4649658203125 1827.43798828125 1829.3680419921875 1829.675048828125 1832.04296875 1833.885009765625 1836.032958984375 1838.532958984375 1841.3389892578125 1844.321044921875 1847.302978515625 1849.97802734375 1853.178955078125 1856.9949951171875 1860.85400390625 1864.5810546875 1868.3079833984375 1871.5970458984375 1874.491943359375 1876.947021484375 1881.156982421875 1883.5250244140625 1887.822998046875 1891.77001953125 1895.803955078125 1900.2330322265625 1904.35498046875 1908.0389404296875 1911.7220458984375 1911.02099609375 1913.3890380859375 1917.2039794921875
1826.1669921875 1825.509033203125 1825.0699462890625 1824.697998046875 1824.6319580078125 1823.623046875 1822.657958984375 1820.72900390625 1818.5360107421875 1815.68603515625 1816.0369873046875 1818.491943359375 1820.1590576171875 1822.39501953125 1825.114013671875 1826.9560546875 1828.5340576171875 1830.3759765625 1830.989990234375 1833.5340576171875 1835.199951171875 1837.1300048828125 1839.0589599609375 1841.383056640625 1844.0140380859375 1847.0400390625 1850.197998046875 1853.968994140625 1857.56494140625 1861.3800048828125 1865.1510009765625 1868.8790283203125 1872.0799560546875 1880.2359619140625 1883.48095703125 1886.199951171875 1887.779052734375 1889.532958984375 1893.260009765625 1897.5579833984375 1901.3289794921875 1906.9859619140625 1909.8370361328125 1913.08203125 1913.8709716796875 1915.9320068359375 1919.3089599609375
1827.7889404296875 1827.43798828125 1826.9339599609375 1826.5169677734375 1826.385986328125 1825.4649658203125 1824.5439453125 1823.27197265625 1820.333984375 1817.8780517578125 1817.571044921875 1819.719970703125 1821.56201171875 1823.623046875 1826.2099609375 1828.447021484375 1829.93798828125 1831.780029296875 1832.613037109375 1834.344970703125 1836.3399658203125 1838.2259521484375 1840.0240478515625 1841.60302734375 1844.321044921875 1847.741943359375 1851.2939453125 1854.8900146484375 1858.529052734375 1862.125 1866.4229736328125 1869.843017578125 1874.009033203125 1877.6490478515625 1884.008056640625 1889.5770263671875 1892.2080078125 1895.14599609375 1897.3389892578125 1901.02197265625 1904.35498046875 1907.425048828125 1911.677978515625 1914.9229736328125 1916.1949462890625 1919.791015625 1922.1590576171875
1828.928955078125 1829.323974609375 1828.885009765625 1828.27099609375 1827.7889404296875 1827.262939453125 1826.780029296875 1825.72802734375 1822.7900390625 1820.77294921875 1819.281982421875 1820.2900390625 1822.5269775390625 1825.0699462890625 1827.5699462890625 1829.8060302734375 1831.0340576171875 1832.9639892578125 1833.489990234375 1835.989013671875 1837.656005859375 1839.93603515625 1841.9969482421875 1843.488037109375 1845.6810302734375 1848.574951171875 1851.7320556640625 1855.1529541015625 1858.7919921875 1862.6080322265625 1866.72998046875 1870.719970703125 1875.4129638671875 1879.666015625 1884.8409423828125 1891.0679931640625 1894.4010009765625 1897.7769775390625 1901.81201171875 1904.573974609375 1907.5999755859375 1909.4859619140625 1911.06396484375 1914.39697265625 1918.0369873046875 1920.4930419921875 1923.4310302734375
1830.77099609375 1830.989990234375 1830.4200439453125 1830.156982421875 1829.718994140625 1829.3680419921875 1829.2359619140625 1828.7540283203125 1825.8590087890625 1823.6669921875 1822.614990234375 1822.1319580078125 1822.9210205078125 1825.947021484375 1828.31494140625 1830.946044921875 1832.7879638671875 1834.06005859375 1834.718017578125 1837.0860595703125 1840.0679931640625 1841.68994140625 1843.7509765625 1845.241943359375 1846.9959716796875 1849.8470458984375 1852.916015625 1856.073974609375 1859.801025390625 1863.2220458984375 1867.51904296875 1871.8609619140625 1876.0260009765625 1884.6650390625 1889.4449462890625 1893.0849609375 1896.7249755859375 1899.926025390625 1902.5570068359375 1905.97802734375 1909.2669677734375 1912.73095703125 1914.35302734375 1916.3709716796875 1917.8179931640625 1921.238037109375 1925.6669921875
1832.48095703125 1832.656005859375 1832.5689697265625 1831.822998046875 1831.56005859375 1831.2530517578125 1831.0780029296875 1832.39404296875 1828.9730224609375 1826.780029296875 1825.114013671875 1824.10498046875 1824.718994140625 1825.595947265625 1828.7979736328125 1831.4730224609375 1833.5340576171875 1835.4630126953125 1835.9019775390625 1838.4010009765625 1841.1199951171875 1843.6639404296875 1845.4830322265625 1847.302978515625 1849.4520263671875 1851.64501953125 1854.012939453125 1857.2139892578125 1860.7220458984375 1864.0550537109375 1868.43994140625 1872.343017578125 1878.1309814453125 1887.7349853515625 1891.198974609375 1894.1810302734375 1897.469970703125 1901.0660400390625 1904.2239990234375 1907.1619873046875 1910.6700439453125 1913.958984375 1917.8179931640625 1920.053955078125 1920.053955078125 1923.56201171875 1927.2459716796875
