avaframe/data/avaWog/Inputs/avaWog.asc
ncols        490
nrows        555
xllcorner    167452.849552272062
yllcorner    361953.127794078260
cellsize     4.997678230579
NODATA_value  -9999
[rows 378 to 398 of 555, columns 235 to 281 of 490]
1810.115966796875 1812.615966796875 1815.9930419921875 1819.5009765625 1823.18505859375 1825.6400146484375 1827.7010498046875 1829.4990234375 1831.208984375 1833.051025390625 1834.6739501953125 1836.64697265625 1837.699951171875 1839.498046875 1840.989013671875 1842.7860107421875 1844.583984375 1846.9520263671875 1848.487060546875 1849.8909912109375 1852.52197265625 1855.06494140625 1857.08203125 1859.0560302734375 1855.9420166015625 1858.4420166015625 1860.5469970703125 1860.458984375 1860.85400390625 1860.5469970703125 1859.844970703125 1858.9239501953125 1858.8800048828125 1859.23095703125 1860.3270263671875 1861.3360595703125 1862.0379638671875 1860.85400390625 1860.5469970703125 1860.239990234375 1861.2039794921875 1862.8270263671875 1865.02001953125 1866.948974609375 1867.4749755859375 1866.2259521484375 1864.800048828125
1809.7659912109375 1813.406005859375 1816.9139404296875 1820.2459716796875 1823.490966796875 1826.2099609375 1828.052001953125 1830.2449951171875 1831.866943359375 1833.446044921875 1835.2879638671875 1836.998046875 1838.7080078125 1840.0679931640625 1842.041015625 1843.7950439453125 1845.6810302734375 1848.0050048828125 1850.8990478515625 1852.0389404296875 1854.6700439453125 1857.6300048828125 1859.9329833984375 1862.2569580078125 1860.3270263671875 1862.1689453125 1864.406005859375 1864.887939453125 1865.4580078125 1865.02001953125 1864.4930419921875 1864.800048828125 1863.967041015625 1863.7039794921875 1864.800048828125 1865.8089599609375 1866.2039794921875 1865.3699951171875 1864.843994140625 1864.362060546875 1864.448974609375 1865.5899658203125 1867.387939453125 1870.06298828125 1870.5889892578125 1869.7559814453125 1868.0009765625
1810.5550537109375 1814.1510009765625 1817.133056640625 1820.6409912109375 1823.7550048828125 1826.823974609375 1828.666015625 1830.552001953125 1832.43701171875 1834.2349853515625 1836.0770263671875 1837.7869873046875 1839.498046875 1842.041015625 1843.7509765625 1845.41796875 1848.0489501953125 1850.9429931640625 1853.35498046875 1855.3280029296875 1857.0379638671875 1860.282958984375 1863.0460205078125 1865.1070556640625 1863.615966796875 1865.5460205078125 1867.2559814453125 1868.572021484375 1869.22900390625 1869.3609619140625 1868.9219970703125 1868.9659423828125 1869.448974609375 1868.177001953125 1870.1939697265625 1870.8079833984375 1870.85205078125 1869.010009765625 1868.614990234375 1868.177001953125 1868.4840087890625 1870.01904296875 1870.677001953125 1872.824951171875 1873.9219970703125 1873.219970703125 1871.947998046875
1810.3360595703125 1813.7120361328125 1817.35205078125 1820.6409912109375 1823.6669921875 1826.823974609375 1829.10400390625 1830.989990234375 1832.7879638671875 1835.112060546875 1836.9539794921875 1838.751953125 1841.1639404296875 1843.488037109375 1845.593017578125 1847.654052734375 1850.635986328125 1853.4429931640625 1855.89794921875 1858.2659912109375 1859.5379638671875 1863.177978515625 1865.4139404296875 1867.8699951171875 1866.905029296875 1868.3079833984375 1869.843017578125 1871.77294921875 1872.781005859375 1873.3079833984375 1873.4830322265625 1873.5269775390625 1874.0970458984375 1873.7459716796875 1875.324951171875 1877.60498046875 1875.8070068359375 1873.2640380859375 1872.0799560546875 1872.2550048828125 1873.35205078125 1874.491943359375 1875.0179443359375 1876.552978515625 1877.4739990234375 1877.342041015625 1876.3330078125
1810.2039794921875 1813.4930419921875 1817.177001953125 1820.510009765625 1823.3599853515625 1826.9119873046875 1829.6309814453125 1831.866943359375 1834.322998046875 1836.5159912109375 1838.7080078125 1840.550048828125 1842.91796875 1845.3299560546875 1847.741943359375 1850.197998046875 1853.178955078125 1855.9859619140625 1858.7490234375 1860.7659912109375 1863.0899658203125 1866.4229736328125 1868.177001953125 1870.10595703125 1869.7559814453125 1871.0269775390625 1872.824951171875 1874.18505859375 1875.718994140625 1876.509033203125 1877.123046875 1878.175048828125 1878.39501953125 1879.5350341796875 1880.718994140625 1881.156982421875 1878.9210205078125 1876.947021484375 1875.676025390625 1876.114013671875 1878.175048828125 1879.928955078125 1879.842041015625 1880.8060302734375 1881.508056640625 1881.552001953125 1881.595947265625
1808.625 1812.8349609375 1816.9580078125 1820.5970458984375 1824.762939453125 1827.876953125 1830.8590087890625 1833.6650390625 1836.5589599609375 1838.7960205078125 1841.1199951171875 1842.8740234375 1845.1109619140625 1847.5660400390625 1850.154052734375 1853.135986328125 1855.678955078125 1858.7490234375 1861.4239501953125 1863.748046875 1866.1600341796875 1868.43994140625 1870.5009765625 1872.2989501953125 1871.68505859375 1873.0450439453125 1875.237060546875 1876.3330078125 1877.385986328125 1878.7010498046875 1879.9730224609375 1880.8060302734375 1882.2099609375 1883.261962890625 1884.1829833984375 1884.7969970703125 1883.43798828125 1880.718994140625 1879.3590087890625 1879.842041015625 1881.6829833984375 1884.1390380859375 1884.7969970703125 1885.761962890625 1886.6829833984375 1887.6910400390625 1887.1650390625
1809.06396484375 1811.52001953125 1816.300048828125 1820.991943359375 1825.2459716796875 1829.0169677734375 1832.5250244140625 1835.8580322265625 1838.6199951171875 1841.427001953125 1843.4439697265625 1845.5050048828125 1848.0050048828125 1850.197998046875 1852.5660400390625 1855.635009765625 1858.39794921875 1860.85400390625 1863.615966796875 1866.072021484375 1868.43994140625 1870.45703125 1872.2550048828125 1874.491943359375 1874.22900390625 1875.6319580078125 1876.6839599609375 1877.6929931640625 1879.31494140625 1880.8499755859375 1882.166015625 1883.218017578125 1884.3580322265625 1885.322998046875 1886.3759765625 1887.384033203125 1887.032958984375 1884.5780029296875 1883.5250244140625 1883.5250244140625 1885.10400390625 1887.384033203125 1889.093994140625 1890.343994140625 1891.198974609375 1892.1639404296875 1891.637939453125
1810.029052734375 1812.35302734375 1816.2559814453125 1820.947998046875 1826.2099609375 1830.6390380859375 1834.322998046875 1837.875 1840.3310546875 1843.0059814453125 1845.197998046875 1848.2239990234375 1850.5479736328125 1852.6090087890625 1855.1090087890625 1858.4420166015625 1861.116943359375 1863.6600341796875 1865.282958984375 1868.0450439453125 1870.281982421875 1872.343017578125 1873.8780517578125 1875.89501953125 1875.718994140625 1876.990966796875 1878.43798828125 1879.7099609375 1881.113037109375 1882.823974609375 1883.9639892578125 1884.885009765625 1885.98095703125 1887.0770263671875 1888.3489990234375 1889.3580322265625 1890.2349853515625 1889.7080078125 1888.7879638671875 1887.7349853515625 1888.1739501953125 1890.0589599609375 1892.60302734375 1893.8740234375 1894.7509765625 1895.8480224609375 1895.97900390625
1809.1519775390625 1812.7039794921875 1817.177001953125 1822.3070068359375 1827.5699462890625 1831.385009765625 1835.0679931640625 1838.6199951171875 1841.9530029296875 1844.7159423828125 1847.47900390625 1849.8909912109375 1852.52197265625 1854.8900146484375 1857.3890380859375 1860.5469970703125 1863.3089599609375 1865.4580078125 1867.6290283203125 1870.01904296875 1872.0799560546875 1874.009033203125 1875.762939453125 1877.60498046875 1877.4739990234375 1878.4820556640625 1879.842041015625 1881.2889404296875 1882.60400390625 1884.489990234375 1885.4110107421875 1886.946044921875 1887.866943359375 1888.9189453125 1889.5770263671875 1891.2869873046875 1892.5589599609375 1893.303955078125 1892.822021484375 1891.9449462890625 1891.4630126953125 1893.5670166015625 1895.6719970703125 1897.031982421875 1898.7860107421875 1899.093017578125 1899.6629638671875
1810.9940185546875 1813.22998046875 1817.791015625 1823.5789794921875 1827.7449951171875 1831.385009765625 1834.93701171875 1839.2779541015625 1843.2249755859375 1846.20703125 1849.012939453125 1851.68798828125 1854.364013671875 1856.7750244140625 1859.6700439453125 1862.301025390625 1864.7559814453125 1866.905029296875 1869.010009765625 1870.93994140625 1873.176025390625 1875.4129638671875 1877.6929931640625 1879.5789794921875 1879.3590087890625 1880.5870361328125 1881.6829833984375 1882.9990234375 1884.1390380859375 1885.6300048828125 1887.384033203125 1888.5679931640625 1889.751953125 1890.8489990234375 1891.9449462890625 1893.3919677734375 1894.6639404296875 1895.6719970703125 1896.41796875 1895.7159423828125 1895.541015625 1897.031982421875 1899.0489501953125 1900.321044921875 1901.81201171875 1902.907958984375 1903.4339599609375
1814.06298828125 1816.6070556640625 1820.3780517578125 1824.281005859375 1828.1400146484375 1831.780029296875 1835.4630126953125 1840.1109619140625 1843.927001953125 1847.083984375 1850.3289794921875 1852.916015625 1855.3499755859375 1858.0030517578125 1860.634033203125 1863.4849853515625 1865.3699951171875 1867.387939453125 1869.7340087890625 1871.68505859375 1874.3819580078125 1876.8599853515625 1879.052001953125 1881.113037109375 1881.2010498046875 1882.4730224609375 1883.5689697265625 1885.0159912109375 1885.8929443359375 1887.1650390625 1889.4010009765625 1890.8050537109375 1892.1639404296875 1893.1729736328125 1894.26904296875 1895.93505859375 1897.1629638671875 1897.821044921875 1898.9169921875 1899.574951171875 1899.35595703125 1900.583984375 1901.7679443359375 1903.302978515625 1904.2669677734375 1905.5389404296875 1905.845947265625
1818.1409912109375 1821.385986328125 1824.718994140625 1828.7099609375 1832.48095703125 1832.48095703125 1836.60302734375 1840.550048828125 1844.0140380859375 1847.654052734375 1850.85498046875 1853.8809814453125 1856.8189697265625 1859.449951171875 1861.68701171875 1863.9229736328125 1865.93994140625 1868.4840087890625 1870.7640380859375 1872.9129638671875 1875.3690185546875 1878.175048828125 1880.8060302734375 1883.1739501953125 1882.9110107421875 1884.5780029296875 1885.98095703125 1887.384033203125 1888.5240478515625 1889.7960205078125 1891.3310546875 1893.3919677734375 1894.531982421875 1895.541015625 1896.5050048828125 1898.260009765625 1899.31201171875 1899.8819580078125 1900.93505859375 1902.1190185546875 1902.864013671875 1903.5660400390625 1904.531005859375 1905.5830078125 1907.29296875 1908.0830078125 1909.0909423828125
1818.405029296875 1822.0439453125 1825.947021484375 1829.4110107421875 1833.051025390625 1836.7349853515625 1840.637939453125 1844.541015625 1847.9610595703125 1851.095947265625 1854.6700439453125 1857.1700439453125 1859.97705078125 1861.9940185546875 1864.5369873046875 1866.5980224609375 1869.0980224609375 1871.2469482421875 1873.7020263671875 1876.6839599609375 1879.490966796875 1882.428955078125 1884.8409423828125 1887.1650390625 1886.7259521484375 1888.3929443359375 1889.970947265625 1891.0679931640625 1892.427001953125 1894.0059814453125 1895.4090576171875 1896.988037109375 1897.7769775390625 1898.8740234375 1899.926025390625 1900.97900390625 1901.7239990234375 1902.6009521484375 1903.9169921875 1905.0570068359375 1906.240966796875 1906.9859619140625 1907.863037109375 1909.2669677734375 1910.449951171875 1911.677978515625 1911.81005859375
1819.1500244140625 1822.657958984375 1826.2979736328125 1829.89404296875 1833.22705078125 1836.822998046875 1840.81298828125 1844.364990234375 1847.654052734375 1851.3819580078125 1854.6700439453125 1857.3890380859375 1860.3270263671875 1862.782958984375 1864.5810546875 1867.0369873046875 1869.800048828125 1872.2110595703125 1875.1490478515625 1878.3509521484375 1881.508056640625 1884.4019775390625 1886.968017578125 1889.1820068359375 1888.656005859375 1890.4539794921875 1891.9010009765625 1893.303955078125 1894.8389892578125 1895.97900390625 1897.2950439453125 1898.7860107421875 1899.8380126953125 1900.8470458984375 1901.9429931640625 1902.9300537109375 1903.740966796875 1904.531005859375 1905.758056640625 1907.1180419921875 1908.1700439453125 1909.2230224609375 1910.4510498046875 1911.1080322265625 1912.73095703125 1913.8270263671875 1914.35302734375
1819.4129638671875 1822.9210205078125 1826.0789794921875 1829.5870361328125 1833.1829833984375 1836.998046875 1840.550048828125 1843.969970703125 1847.654052734375 1851.2939453125 1854.5830078125 1858.0030517578125 1860.85400390625 1863.134033203125 1865.89697265625 1867.51904296875 1870.4129638671875 1873.5269775390625 1876.6839599609375 1880.1920166015625 1883.0870361328125 1886.4630126953125 1889.31396484375 1891.2430419921875 1891.112060546875 1892.68994140625 1893.9620361328125 1894.8389892578125 1896.593017578125 1898.260009765625 1899.1800537109375 1900.759033203125 1901.8990478515625 1903.0400390625 1903.7850341796875 1904.968994140625 1905.6710205078125 1906.635009765625 1907.906982421875 1909.2669677734375 1910.23095703125 1911.2840576171875 1912.2490234375 1913.4759521484375 1914.6600341796875 1916.06396484375 1916.85302734375
1819.1500244140625 1822.3509521484375 1825.376953125 1828.885009765625 1833.1829833984375 1836.998046875 1840.81298828125 1844.6280517578125 1848.4000244140625 1851.8199462890625 1854.97705078125 1858.35400390625 1861.2919921875 1863.748046875 1865.9840087890625 1868.572021484375 1871.553955078125 1875.1490478515625 1878.262939453125 1882.1219482421875 1885.366943359375 1888.8310546875 1891.637939453125 1893.5670166015625 1892.9530029296875 1894.5760498046875 1895.93505859375 1897.5140380859375 1898.52294921875 1900.2769775390625 1901.6800537109375 1903.0830078125 1904.0040283203125 1905.18798828125 1906.02099609375 1906.85498046875 1907.5999755859375 1908.6529541015625 1909.6610107421875 1910.9329833984375 1911.85400390625 1913.125 1914.39697265625 1915.406005859375 1916.677001953125 1918.2120361328125 1919.0889892578125
1818.66796875 1822.3509521484375 1825.6839599609375 1829.3680419921875 1833.4019775390625 1837.217041015625 1841.2080078125 1845.1109619140625 1848.8380126953125 1852.9599609375 1855.9420166015625 1859.3189697265625 1861.9940185546875 1864.800048828125 1867.2559814453125 1870.677001953125 1873.614990234375 1877.0350341796875 1880.4560546875 1884.22705078125 1887.60400390625 1890.6290283203125 1893.1729736328125 1895.0579833984375 1894.5760498046875 1896.2860107421875 1897.7330322265625 1899.1800537109375 1900.7149658203125 1902.1190185546875 1903.302978515625 1904.4429931640625 1905.9339599609375 1907.1180419921875 1908.1259765625 1908.916015625 1909.616943359375 1910.6259765625 1911.7659912109375 1912.73095703125 1913.6080322265625 1915.0550537109375 1916.501953125 1917.7740478515625 1918.781982421875 1919.7030029296875 1921.281982421875
1818.9310302734375 1822.614990234375 1826.2099609375 1830.2889404296875 1834.2349853515625 1838.5770263671875 1842.3919677734375 1846.20703125 1849.5830078125 1853.2230224609375 1856.425048828125 1859.406005859375 1862.4320068359375 1866.2039794921875 1869.053955078125 1871.8170166015625 1875.0179443359375 1878.7889404296875 1882.60400390625 1886.551025390625 1889.8399658203125 1892.60302734375 1894.531982421875 1896.2860107421875 1896.5050048828125 1898.0400390625 1899.6190185546875 1901.241943359375 1902.64501953125 1903.697021484375 1904.925048828125 1906.197021484375 1907.3809814453125 1908.6090087890625 1909.8800048828125 1910.6700439453125 1911.5469970703125 1912.8189697265625 1913.696044921875 1914.8800048828125 1916.1070556640625 1917.115966796875 1918.8260498046875 1920.010009765625 1920.7559814453125 1921.5450439453125 1922.905029296875
1820.552978515625 1824.1929931640625 1828.1839599609375 1831.7359619140625 1836.251953125 1840.1109619140625 1844.364990234375 1848.31201171875 1851.7760009765625 1854.6700439453125 1857.6519775390625 1860.282958984375 1863.572998046875 1866.905029296875 1869.886962890625 1873.571044921875 1876.77197265625 1880.675048828125 1885.06005859375 1887.822998046875 1890.93603515625 1893.6109619140625 1895.93505859375 1898.0400390625 1897.7769775390625 1899.574951171875 1901.4169921875 1902.8199462890625 1904.092041015625 1904.925048828125 1906.3719482421875 1907.906982421875 1909.616943359375 1910.4940185546875 1911.635009765625 1913.1689453125 1913.958984375 1914.7039794921875 1915.9320068359375 1917.1600341796875 1918.2559814453125 1919.615966796875 1920.9310302734375 1922.071044921875 1923.4310302734375 1924.39599609375 1925.7550048828125
1824.5880126953125 1827.5699462890625 1830.0250244140625 1834.2349853515625 1839.4100341796875 1842.260009765625 1845.3299560546875 1849.0570068359375 1852.52197265625 1855.197021484375 1858.4420166015625 1861.73095703125 1864.843994140625 1868.2650146484375 1871.4219970703125 1874.7989501953125 1878.876953125 1883.1309814453125 1886.7259521484375 1889.6650390625 1892.2080078125 1895.0150146484375 1897.20703125 1899.1800537109375 1899.6190185546875 1901.02197265625 1902.6009521484375 1904.092041015625 1905.2760009765625 1906.3719482421875 1908.1700439453125 1910.0560302734375 1911.1080322265625 1912.2490234375 1913.9150390625 1915.362060546875 1916.4580078125 1917.7740478515625 1918.300048828125 1919.001953125 1920.18603515625 1921.677001953125 1922.68505859375 1924.0450439453125 1924.9659423828125 1926.3470458984375 1927.68505859375
1827.43798828125 1831.0340576171875 1834.6739501953125 1838.093994140625 1841.9090576171875 1844.781982421875 1847.302978515625 1849.9339599609375 1853.092041015625 1856.3809814453125 1859.5379638671875 1863.529052734375 1866.553955078125 1869.843017578125 1872.6939697265625 1876.3330078125 1880.8060302734375 1884.7969970703125 1887.866943359375 1891.3310546875 1894.31298828125 1896.5489501953125 1899.6190185546875 1901.5050048828125 1900.97900390625 1903.0830078125 1904.2239990234375 1905.758056640625 1907.2490234375 1908.8280029296875 1910.7139892578125 1911.9420166015625 1912.949951171875 1914.4849853515625 1915.9759521484375 1917.3790283203125 1918.6510009765625 1919.6600341796875 1920.3609619140625 1921.01904296875 1922.3780517578125 1923.56201171875 1924.571044921875 1926.1500244140625 1926.89501953125 1928.0350341796875 1929.5260009765625
