avaframe/data/avaAlr/Inputs/avaAlr.asc
ncols        312
nrows        666
xllcorner    255202.083924770530
yllcorner    378550.417209732172
cellsize     4.997678230579
NODATA_value  -9999
[rows 441 to 461 of 666, columns 138 to 183 of 312]
1075.2919921875 1072.656982421875 1068.990966796875 1065.3310546875 1061.762939453125 1058.989990234375 1057.06201171875 1054.7650146484375 1052.998046875 1053.3330078125 1059.1810302734375 1061.52099609375 1062.5660400390625 1063.385986328125 1064.280029296875 1064.6180419921875 1064.8590087890625 1063.991943359375 1063.626953125 1063.7850341796875 1063.5699462890625 1062.9639892578125 1062.5689697265625 1062.5889892578125 1062.083984375 1062.0269775390625 1061.4849853515625 1060.406982421875 1058.6490478515625 1058.22705078125 1056.2850341796875 1052.93798828125 1050.0050048828125 1047.6009521484375 1047.8819580078125 1049.06396484375 1052.6190185546875 1051.779052734375 1050.3699951171875 1048.364013671875 1045.5889892578125 1042.5489501953125 1039.552001953125 1036.6669921875 1034.72802734375 1036.2249755859375
1073.0849609375 1070.7550048828125 1067.3370361328125 1063.697998046875 1060.06201171875 1057.3070068359375 1054.9229736328125 1052.1240234375 1049.739990234375 1050.383056640625 1057.14599609375 1058.2509765625 1058.6719970703125 1059.22802734375 1059.8709716796875 1059.9749755859375 1060.114990234375 1059.93798828125 1059.81396484375 1059.97802734375 1060.5069580078125 1061.009033203125 1061.0460205078125 1061.2640380859375 1060.198974609375 1059.9510498046875 1059.3389892578125 1059.5699462890625 1058.68896484375 1057.3399658203125 1054.2030029296875 1050.802001953125 1047.571044921875 1044.76904296875 1043.9110107421875 1045.56201171875 1049.56298828125 1048.93994140625 1047.675048828125 1046.3690185546875 1044.176025390625 1041.4539794921875 1038.60205078125 1036.114013671875 1033.1810302734375 1033.6070556640625
1069.2490234375 1068.2509765625 1065.572998046875 1062.1090087890625 1058.5279541015625 1055.529052734375 1053.0179443359375 1050.1190185546875 1047.0419921875 1047.300048828125 1053.7779541015625 1054.9429931640625 1055.1810302734375 1055.43505859375 1055.58203125 1055.2779541015625 1055.1669921875 1055.6259765625 1055.6259765625 1055.7659912109375 1055.8330078125 1055.89404296875 1056.22900390625 1056.0140380859375 1055.592041015625 1055.116943359375 1055.9410400390625 1055.7359619140625 1055.8070068359375 1054.18603515625 1051.60498046875 1048.6419677734375 1045.7659912109375 1043.177978515625 1041.1490478515625 1042.2679443359375 1046.33203125 1046.06103515625 1045.2099609375 1044.01904296875 1042.364990234375 1039.93798828125 1036.8310546875 1033.75 1030.6839599609375 1030.2550048828125
1066.4630126953125 1066.0679931640625 1063.697998046875 1060.4329833984375 1057.1259765625 1054.0689697265625 1051.262939453125 1048.0830078125 1044.0589599609375 1044.2459716796875 1050.302978515625 1051.072998046875 1051.3399658203125 1051.5350341796875 1051.4310302734375 1050.760986328125 1051.1500244140625 1051.9000244140625 1051.97705078125 1051.6949462890625 1051.60498046875 1051.508056640625 1051.802001953125 1051.678955078125 1051.39697265625 1051.2230224609375 1050.447021484375 1051.1600341796875 1050.7950439453125 1050.10205078125 1049.3050537109375 1046.8310546875 1044.092041015625 1041.5340576171875 1039.5560302734375 1038.926025390625 1042.9439697265625 1043.051025390625 1042.4119873046875 1041.3270263671875 1039.75 1037.4100341796875 1034.178955078125 1030.927978515625 1028.219970703125 1027.43603515625
1063.948974609375 1063.1719970703125 1061.1669921875 1058.427978515625 1055.4990234375 1052.5560302734375 1049.5830078125 1046.2950439453125 1042.592041015625 1041.6719970703125 1045.89697265625 1046.677001953125 1046.677001953125 1047.198974609375 1047.531005859375 1047.5670166015625 1048.343994140625 1048.6219482421875 1048.8599853515625 1048.012939453125 1047.4429931640625 1047.1519775390625 1047.5 1047.56396484375 1047.4129638671875 1047.1619873046875 1046.9549560546875 1047.0279541015625 1046.613037109375 1045.97705078125 1045.75 1044.822021484375 1042.39794921875 1039.9739990234375 1037.7449951171875 1034.583984375 1039.737060546875 1040.135009765625 1039.676025390625 1038.574951171875 1037.008056640625 1034.5340576171875 1031.3399658203125 1028.3370361328125 1025.95703125 1024.8380126953125
1061.123046875 1060.487060546875 1058.43798828125 1056.0980224609375 1053.5269775390625 1050.7679443359375 1047.7449951171875 1044.593994140625 1041.0050048828125 1037.4730224609375 1042.217041015625 1042.72998046875 1042.95703125 1043.2950439453125 1044.2659912109375 1045.3179931640625 1046.31201171875 1046.2679443359375 1045.906982421875 1045.2769775390625 1043.89794921875 1043.52001953125 1043.5260009765625 1043.510009765625 1043.3890380859375 1043.2750244140625 1043.0179443359375 1042.906982421875 1042.3409423828125 1041.9530029296875 1041.822021484375 1041.7889404296875 1040.5570068359375 1038.2669677734375 1036.16796875 1034.135009765625 1036.6300048828125 1037.3060302734375 1036.843994140625 1035.906005859375 1034.4300537109375 1032.156982421875 1028.9730224609375 1025.8699951171875 1023.87701416015625 1022.47100830078125
1057.6080322265625 1057.551025390625 1055.6529541015625 1053.3189697265625 1050.791015625 1048.2740478515625 1045.594970703125 1041.9959716796875 1037.363037109375 1035.5679931640625 1039.220947265625 1039.9510498046875 1040.112060546875 1040.469970703125 1041.6949462890625 1043.3089599609375 1044.48095703125 1044.6510009765625 1043.988037109375 1043.06103515625 1041.2769775390625 1040.2659912109375 1039.81396484375 1039.7230224609375 1039.6829833984375 1039.7330322265625 1039.197998046875 1038.8389892578125 1038.072998046875 1037.8480224609375 1038.01904296875 1038.0460205078125 1037.5269775390625 1036.1739501953125 1034.5269775390625 1032.572021484375 1032.1099853515625 1033.9610595703125 1034.0450439453125 1033.344970703125 1032.050048828125 1030.2120361328125 1026.9010009765625 1023.37200927734375 1021.6240234375 1020.7139892578125
1054.322998046875 1052.699951171875 1050.5340576171875 1047.8990478515625 1045.39794921875 1042.8499755859375 1038.156005859375 1034.4429931640625 1033.6729736328125 1033.0269775390625 1037.178955078125 1037.489990234375 1038.2099609375 1039.7030029296875 1041.1529541015625 1042.1099853515625 1042.14697265625 1041.8289794921875 1040.416015625 1038.926025390625 1037.7850341796875 1036.6199951171875 1036.248046875 1036.093994140625 1036.218017578125 1035.676025390625 1035.009033203125 1034.365966796875 1033.14794921875 1034.6280517578125 1034.4129638671875 1033.7039794921875 1033.5400390625 1033.5400390625 1032.4820556640625 1031.0250244140625 1030.5899658203125 1030.448974609375 1030.9990234375 1030.39599609375 1029.5560302734375 1028.4339599609375 1025.447998046875 1021.93597412109375 1019.90301513671875 1019.0360107421875
1051.0589599609375 1049.7740478515625 1047.4940185546875 1045.116943359375 1042.592041015625 1039.9610595703125 1034.844970703125 1031.81494140625 1030.85400390625 1030.875 1033.3719482421875 1034.5439453125 1035.468017578125 1036.947998046875 1038.4169921875 1039.248046875 1039.1409912109375 1038.7960205078125 1037.7750244140625 1036.3819580078125 1035.27099609375 1034.3060302734375 1033.39599609375 1032.676025390625 1032.635986328125 1032.60498046875 1031.759033203125 1030.1409912109375 1029.6290283203125 1030.720947265625 1031.3070068359375 1030.68701171875 1030.4429931640625 1030.52001953125 1029.2509765625 1027.06103515625 1027.6939697265625 1027.8310546875 1027.426025390625 1026.8699951171875 1026.0670166015625 1024.302978515625 1021.3599853515625 1018.9530029296875 1017.2919921875 1016.4749755859375
1047.8919677734375 1046.2989501953125 1044.677978515625 1042.8599853515625 1040.446044921875 1036.7669677734375 1032.68603515625 1028.9329833984375 1028.6109619140625 1029.114013671875 1029.97705078125 1031.2900390625 1032.5849609375 1034.178955078125 1035.8399658203125 1036.258056640625 1036.1109619140625 1035.2769775390625 1034.489990234375 1033.6700439453125 1032.5489501953125 1031.6610107421875 1030.70703125 1029.7230224609375 1029.4580078125 1029.56201171875 1028.510986328125 1027.094970703125 1026.448974609375 1026.7060546875 1027.010986328125 1027.64697265625 1028.0260009765625 1027.8580322265625 1026.9940185546875 1024.9620361328125 1024.8719482421875 1024.251953125 1024.4200439453125 1023.9580078125 1023.42901611328125 1022.31097412109375 1020.083984375 1017.7039794921875 1015.53802490234375 1014.59002685546875
1044.072021484375 1043.281982421875 1042.3609619140625 1041.260009765625 1039.0269775390625 1035.4310302734375 1031.3599853515625 1026.4449462890625 1026.0340576171875 1026.866943359375 1028.625 1028.488037109375 1029.8399658203125 1031.39404296875 1033.2080078125 1033.5560302734375 1033.1910400390625 1032.3909912109375 1031.4840087890625 1030.5360107421875 1029.656005859375 1028.9530029296875 1027.97900390625 1026.947998046875 1026.2509765625 1026.2750244140625 1025.698974609375 1024.4169921875 1023.593017578125 1023.28497314453125 1023.2550048828125 1023.59600830078125 1024.27197265625 1024.2760009765625 1022.9169921875 1021.45697021484375 1022.3709716796875 1021.01202392578125 1021.0050048828125 1020.8909912109375 1020.50299072265625 1019.47198486328125 1018.09600830078125 1015.94000244140625 1014.14501953125 1012.906005859375
1041.4840087890625 1041.29296875 1040.927978515625 1039.98095703125 1038.133056640625 1035.0059814453125 1030.864990234375 1025.8189697265625 1022.92999267578125 1024.2559814453125 1027.0179443359375 1026.5689697265625 1027.06103515625 1028.594970703125 1030.157958984375 1030.864990234375 1030.532958984375 1029.6929931640625 1028.4840087890625 1027.907958984375 1027.3929443359375 1026.7130126953125 1025.625 1024.241943359375 1023.344970703125 1023.31500244140625 1022.69598388671875 1021.88201904296875 1021.0889892578125 1020.5560302734375 1020.0009765625 1019.54498291015625 1019.82598876953125 1019.7130126953125 1019.385009765625 1017.74102783203125 1019.88702392578125 1018.406982421875 1017.49298095703125 1017.614013671875 1017.155029296875 1016.32501220703125 1015.2869873046875 1013.9539794921875 1012.37701416015625 1011.0780029296875
1038.93994140625 1040.0880126953125 1039.5489501953125 1038.6619873046875 1037.27197265625 1034.1319580078125 1030.2750244140625 1025.7919921875 1020.781005859375 1020.530029296875 1024.239013671875 1024.1490478515625 1024.2220458984375 1025.470947265625 1026.676025390625 1027.2889404296875 1027.3360595703125 1027.0450439453125 1026.2750244140625 1025.7919921875 1025.48095703125 1024.3189697265625 1023.0770263671875 1021.36297607421875 1020.30902099609375 1020.13800048828125 1019.81298828125 1019.14300537109375 1018.36297607421875 1018.03900146484375 1017.06097412109375 1016.0999755859375 1015.7080078125 1015.75201416015625 1015.718994140625 1014.14202880859375 1017.30499267578125 1016.0369873046875 1014.53997802734375 1014.4730224609375 1013.89398193359375 1013.51202392578125 1012.72601318359375 1011.6810302734375 1010.5999755859375 1009.343994140625
1035.987060546875 1037.9150390625 1036.9849853515625 1035.7960205078125 1034.8919677734375 1032.876953125 1029.4649658203125 1025.3270263671875 1020.218017578125 1016.3709716796875 1020.98199462890625 1021.44000244140625 1020.53302001953125 1022.02899169921875 1022.6190185546875 1023.09698486328125 1023.20501708984375 1023.6099853515625 1023.83099365234375 1023.96099853515625 1023.61602783203125 1021.8489990234375 1020.37200927734375 1017.6500244140625 1016.6929931640625 1016.6290283203125 1017.1309814453125 1016.92401123046875 1015.68798828125 1015.364013671875 1014.614013671875 1013.81402587890625 1013.2080078125 1012.7459716796875 1011.28900146484375 1012.8389892578125 1015.19000244140625 1013.40899658203125 1012.35101318359375 1012.156005859375 1011.7039794921875 1010.7969970703125 1010.385009765625 1009.4010009765625 1008.40997314453125 1007.21099853515625
1032.0999755859375 1033.7840576171875 1033.595947265625 1032.425048828125 1031.5780029296875 1030.677001953125 1028.10595703125 1024.427001953125 1020.04400634765625 1015.1090087890625 1017.6400146484375 1018.697998046875 1018.1190185546875 1017.197998046875 1017.572998046875 1018.4639892578125 1018.86199951171875 1019.55499267578125 1020.843994140625 1021.78497314453125 1021.65802001953125 1019.61602783203125 1017.9520263671875 1015.677978515625 1013.572998046875 1013.13397216796875 1014.44000244140625 1014.7139892578125 1013.177001953125 1012.13299560546875 1012.03900146484375 1011.23199462890625 1010.5789794921875 1009.2139892578125 1010.0570068359375 1010.1240234375 1012.7459716796875 1010.88397216796875 1009.49102783203125 1009.53802490234375 1009.2969970703125 1008.718017578125 1007.97100830078125 1006.99700927734375 1006.1500244140625 1005.2030029296875
1028.751953125 1029.7259521484375 1029.7259521484375 1028.637939453125 1027.654052734375 1026.970947265625 1026.1710205078125 1023.1510009765625 1019.24102783203125 1014.4329833984375 1013.4749755859375 1015.072021484375 1015.37701416015625 1013.823974609375 1013.301025390625 1013.73699951171875 1014.39898681640625 1015.885986328125 1018.33001708984375 1019.343994140625 1019.1939697265625 1017.74700927734375 1015.7349853515625 1014.10498046875 1011.37298583984375 1009.79901123046875 1010.9439697265625 1010.99798583984375 1010.20501708984375 1008.91900634765625 1008.7650146484375 1008.16900634765625 1007.83099365234375 1005.95599365234375 1007.968017578125 1007.68701171875 1009.02301025390625 1008.2459716796875 1006.92401123046875 1006.71600341796875 1006.6259765625 1006.04998779296875 1005.2860107421875 1004.56298828125 1003.947021484375 1003.1810302734375
1026.7969970703125 1025.4610595703125 1025.9100341796875 1025.0830078125 1024.0479736328125 1023.2349853515625 1022.42401123046875 1020.56298828125 1017.6300048828125 1013.7230224609375 1010.27099609375 1011.125 1012.52801513671875 1011.2020263671875 1009.30401611328125 1009.78900146484375 1010.86700439453125 1013.3079833984375 1015.53399658203125 1016.5789794921875 1016.26800537109375 1014.70098876953125 1012.34100341796875 1012.48797607421875 1009.927001953125 1007.22802734375 1007.083984375 1007.87799072265625 1007.16497802734375 1005.62799072265625 1005.27301025390625 1004.6939697265625 1004.5830078125 1003.1240234375 1005.61102294921875 1004.7509765625 1006.73602294921875 1005.885986328125 1004.63397216796875 1004.6240234375 1004.2750244140625 1003.552001953125 1002.6719970703125 1002.333984375 1001.82501220703125 1001.12799072265625
1025.0760498046875 1022.427978515625 1022.2440185546875 1022.301025390625 1020.947998046875 1019.989990234375 1018.9630126953125 1017.54998779296875 1015.43402099609375 1012.4639892578125 1008.74102783203125 1007.364990234375 1008.18902587890625 1008.1090087890625 1006.78302001953125 1006.67901611328125 1007.8740234375 1010.1610107421875 1012.1090087890625 1012.60797119140625 1012.1259765625 1011.61700439453125 1009.3809814453125 1009.81597900390625 1008.27899169921875 1005.25299072265625 1004.2550048828125 1004.31597900390625 1003.7760009765625 1003.0369873046875 1002.29302978515625 1001.79498291015625 1000.39801025390625 1002.343994140625 1003.44500732421875 1002.29302978515625 1003.822998046875 1003.42498779296875 1002.35699462890625 1002.364013671875 1001.93798828125 1001.198974609375 1000.4320068359375 999.99298095703125 999.27398681640625 998.530029296875
1022.34100341796875 1020.6099853515625 1017.78399658203125 1018.78900146484375 1018.40399169921875 1017.6099853515625 1016.072998046875 1014.885009765625 1012.61199951171875 1010.66998291015625 1008.5 1004.2919921875 1002.69500732421875 1002.51800537109375 1002.92999267578125 1003.29400634765625 1004.39300537109375 1006.61199951171875 1008.74102783203125 1008.98602294921875 1008.40301513671875 1007.0679931640625 1005.989990234375 1006.4749755859375 1005.49700927734375 1003.4580078125 1001.50299072265625 1001.489990234375 1001.16802978515625 1000.44500732421875 999.52099609375 998.64398193359375 998.3189697265625 1000.32098388671875 1000.7230224609375 999.802978515625 1001.44598388671875 1001.20501708984375 1000.531982421875 1000.31500244140625 999.64898681640625 998.7919921875 997.9010009765625 997.0369873046875 996.44097900390625 995.75799560546875
1019.24700927734375 1018.33697509765625 1016.9539794921875 1014.1519775390625 1015.21002197265625 1014.718017578125 1013.56298828125 1012.0989990234375 1010.39202880859375 1008.78497314453125 1007.6099853515625 1003.5889892578125 999.4949951171875 998.7979736328125 1000.1610107421875 999.71502685546875 1000.86700439453125 1002.7960205078125 1005.052001953125 1005.6510009765625 1005.35302734375 1003.822998046875 1002.34698486328125 1003.6090087890625 1002.8389892578125 1001.21502685546875 998.4229736328125 998.51397705078125 998.4730224609375 998.0050048828125 997.041015625 994.54998779296875 995.677978515625 997.01702880859375 997.4119873046875 996.49798583984375 998.885009765625 998.6309814453125 998.02801513671875 997.843994140625 997.01702880859375 996.38800048828125 995.07501220703125 993.50201416015625 993.0460205078125 992.38397216796875
1016.2340087890625 1015.1259765625 1014.60699462890625 1011.33599853515625 1011.19598388671875 1011.802001953125 1010.49200439453125 1009.625 1008.239013671875 1006.84002685546875 1006.25701904296875 1002.8189697265625 998.95599365234375 995.3499755859375 996.91998291015625 996.739013671875 996.72198486328125 999.1090087890625 1001.35302734375 1002.20599365234375 1001.69097900390625 1000.19097900390625 997.656005859375 999.47100830078125 999.73602294921875 998.8480224609375 996.2540283203125 995.23602294921875 995.79498291015625 995.29998779296875 994.9849853515625 992.61798095703125 992.3070068359375 993.9000244140625 994.29901123046875 993.55902099609375 995.6710205078125 995.1519775390625 994.16497802734375 994.093994140625 993.333984375 992.23602294921875 990.9840087890625 989.84600830078125 989.26702880859375 988.58697509765625
