avaframe/data/avaAlr/Inputs/avaAlr.asc
ncols        312
nrows        666
xllcorner    255202.083924770530
yllcorner    378550.417209732172
cellsize     4.997678230579
NODATA_value  -9999
[rows 609 to 629 of 666, columns 230 to 275 of 312]
849.4990234375 849.333984375 849.18597412109375 848.66998291015625 848.36700439453125 848.03900146484375 847.75701904296875 847.83502197265625 847.3389892578125 846.9849853515625 846.62701416015625 846.1209716796875 845.42901611328125 845.56402587890625 845.31097412109375 845.051025390625 845.00701904296875 844.91497802734375 844.677001953125 846.083984375 845.87799072265625 845.66302490234375 845.51898193359375 845.39599609375 845.0679931640625 845.344970703125 844.63397216796875 844.530029296875 844.31402587890625 844.04998779296875 843.95599365234375 843.76702880859375 843.64599609375 843.41302490234375 843.260009765625 843.0830078125 842.97698974609375 842.7130126953125 842.083984375 840.98297119140625 840.302978515625 840.9219970703125 841.43701171875 841.322021484375 840.71099853515625 840.49700927734375
847.260009765625 847.5360107421875 847.46099853515625 847.03497314453125 846.70697021484375 846.34600830078125 846.15997314453125 845.9439697265625 845.8699951171875 845.468994140625 845.18597412109375 844.927978515625 844.5040283203125 844.13201904296875 844.09002685546875 843.81097412109375 843.62799072265625 843.48199462890625 843.44598388671875 844.5369873046875 844.551025390625 844.3330078125 844.1500244140625 843.9320068359375 843.7960205078125 843.84698486328125 843.62200927734375 843.19598388671875 843.21002197265625 843.052978515625 842.8790283203125 843.0830078125 842.7230224609375 842.7490234375 842.70098876953125 842.6820068359375 842.79498291015625 842.406982421875 841.7559814453125 840.0980224609375 838.47601318359375 839.3070068359375 839.656005859375 840.3909912109375 839.62200927734375 839.40802001953125
845.7490234375 845.72198486328125 845.75201416015625 845.50799560546875 845.051025390625 844.90301513671875 844.61199951171875 844.64898681640625 844.2559814453125 844.05999755859375 843.71002197265625 843.572021484375 843.22900390625 842.70599365234375 842.781982421875 842.583984375 842.33599853515625 842.1519775390625 842.10498046875 843.24102783203125 843.17901611328125 842.947998046875 842.9320068359375 842.823974609375 842.5789794921875 842.60797119140625 842.96002197265625 842.32501220703125 842.375 842.4219970703125 842.33001708984375 842.2919921875 842.63800048828125 842.49298095703125 842.4849853515625 842.2860107421875 842.166015625 842.04400634765625 841.42401123046875 839.60601806640625 837.94500732421875 837.29498291015625 837.94500732421875 838.57098388671875 838.14898681640625 838.29998779296875
844.88800048828125 844.6719970703125 844.10699462890625 843.968017578125 843.72900390625 843.5059814453125 843.3330078125 843.1259765625 842.87200927734375 842.56298828125 842.3800048828125 842.197998046875 841.9749755859375 841.81597900390625 841.5460205078125 841.4749755859375 841.4119873046875 841.218994140625 841.083984375 841.99200439453125 841.95501708984375 841.9000244140625 841.9429931640625 841.926025390625 842.03802490234375 841.98199462890625 842.21002197265625 841.9639892578125 842.05902099609375 842.17901611328125 842.13201904296875 842.051025390625 842.00701904296875 841.92999267578125 841.78497314453125 841.541015625 841.33599853515625 841.00701904296875 840.58197021484375 838.9749755859375 837.0360107421875 835.1090087890625 835.9580078125 836.41998291015625 836.1820068359375 836.68499755859375
843.10400390625 843.13800048828125 842.87298583984375 842.968994140625 842.56597900390625 842.33001708984375 842.083984375 841.78302001953125 841.4949951171875 841.38201904296875 841.24298095703125 841.03302001953125 840.8740234375 840.572998046875 840.5989990234375 840.655029296875 840.44598388671875 840.38897705078125 840.375 841.01300048828125 840.9840087890625 841.06298828125 841.3690185546875 841.4580078125 841.36199951171875 841.61199951171875 841.67498779296875 841.61102294921875 841.54901123046875 841.5159912109375 841.52001953125 841.94000244140625 841.6209716796875 841.47100830078125 841.323974609375 840.75 840.4010009765625 839.9010009765625 839.37799072265625 838.43597412109375 835.82501220703125 834.2650146484375 834.52801513671875 834.3900146484375 834.1400146484375 835.052978515625
840.78497314453125 841.28497314453125 841.53802490234375 841.72198486328125 841.60498046875 841.60498046875 841.18902587890625 840.97198486328125 840.6810302734375 840.5419921875 840.2039794921875 840.0419921875 839.9119873046875 839.7509765625 839.8070068359375 839.77099609375 839.78802490234375 839.67999267578125 839.5460205078125 840.405029296875 840.281982421875 840.4219970703125 840.4429931640625 840.70098876953125 840.573974609375 840.97802734375 841.0009765625 840.99200439453125 840.71099853515625 840.760986328125 840.70599365234375 840.64398193359375 840.510009765625 840.35400390625 840.43701171875 840.00799560546875 839.4539794921875 838.6400146484375 837.75799560546875 836.6719970703125 834.6710205078125 833.1510009765625 831.75 832.2659912109375 832.3740234375 833.11199951171875
838.3060302734375 839.135986328125 839.05999755859375 839.45697021484375 839.93499755859375 840.29998779296875 840.28399658203125 840.3079833984375 839.75897216796875 839.65997314453125 839.48199462890625 839.218017578125 838.93798828125 838.947998046875 839.08197021484375 838.91998291015625 838.9119873046875 838.66900634765625 838.5260009765625 839.47900390625 839.40301513671875 839.3740234375 839.4630126953125 839.62200927734375 839.7039794921875 839.83197021484375 839.9429931640625 839.9949951171875 839.8800048828125 839.92999267578125 839.9439697265625 839.72100830078125 839.59600830078125 839.40399169921875 839.3900146484375 839.030029296875 838.4010009765625 837.448974609375 836.1300048828125 834.8599853515625 833.3599853515625 831.6240234375 830.61102294921875 830.4949951171875 829.9530029296875 831.28302001953125
835.53497314453125 835.74798583984375 836.0469970703125 836.58599853515625 837.68902587890625 838.72601318359375 838.63702392578125 839.01898193359375 838.85498046875 838.7449951171875 838.5999755859375 838.5830078125 838.32598876953125 838.1199951171875 838.16998291015625 838.3389892578125 837.9520263671875 837.95599365234375 837.63201904296875 838.510009765625 838.5999755859375 838.61602783203125 838.635986328125 838.708984375 838.90997314453125 839.13397216796875 839.3709716796875 839.406005859375 839.197021484375 838.98297119140625 839.1099853515625 838.781982421875 838.801025390625 838.4010009765625 838.25799560546875 837.927001953125 837.50201416015625 836.530029296875 834.83502197265625 833.323974609375 831.8740234375 830.552978515625 829.2080078125 828.79400634765625 828.32000732421875 829.073974609375
833.63299560546875 833.01800537109375 833.18798828125 833.92999267578125 835.198974609375 836.489990234375 836.8270263671875 836.8759765625 837.15997314453125 837.83099365234375 837.5880126953125 837.51898193359375 837.2039794921875 837.19000244140625 837.10400390625 837.15301513671875 837.1669921875 837.302978515625 837.12298583984375 837.81097412109375 837.73699951171875 837.79302978515625 837.8900146484375 838.1090087890625 838.25897216796875 838.31500244140625 838.46600341796875 839.0260009765625 838.61700439453125 838.02801513671875 837.9959716796875 837.781005859375 837.49102783203125 837.45001220703125 837.655029296875 836.81500244140625 836.552978515625 835.48199462890625 833.7490234375 832.08599853515625 830.677001953125 829.35797119140625 828.05999755859375 827.05902099609375 826.4119873046875 827.67498779296875
833.49298095703125 832.676025390625 831.8809814453125 831.364990234375 832.38299560546875 833.989013671875 834.5679931640625 834.7030029296875 835.4000244140625 836.3900146484375 836.55902099609375 836.3280029296875 836.30999755859375 836.23797607421875 836.06500244140625 836.02197265625 835.948974609375 836.197998046875 836.2490234375 836.9849853515625 836.99798583984375 837.15802001953125 837.27301025390625 837.38201904296875 837.45098876953125 837.552001953125 837.5 837.572998046875 838.07000732421875 836.968994140625 836.81500244140625 836.64202880859375 836.41998291015625 836.3070068359375 836.18499755859375 835.6519775390625 834.9219970703125 833.8790283203125 832.739013671875 831.07598876953125 829.448974609375 828.2239990234375 826.91998291015625 826.2080078125 825.67401123046875 826.07000732421875
833.0999755859375 831.60302734375 830.37200927734375 830.427978515625 830.54400634765625 830.36297607421875 832.14898681640625 831.96600341796875 833.073974609375 834.94000244140625 835.572998046875 835.53497314453125 835.42498779296875 835.4990234375 835.0770263671875 834.93701171875 835.0989990234375 835.17401123046875 835.30999755859375 836.2340087890625 836.15997314453125 835.83697509765625 835.74200439453125 836.156982421875 836.32598876953125 836.531982421875 836.39300537109375 836.4439697265625 836.698974609375 835.98101806640625 835.77801513671875 835.49200439453125 834.9429931640625 834.97802734375 834.78802490234375 834.24200439453125 833.7139892578125 832.82098388671875 831.29901123046875 829.9000244140625 828.43499755859375 827.2540283203125 825.85198974609375 825.20501708984375 824.9110107421875 825.0989990234375
830.8699951171875 828.906982421875 827.6309814453125 827.07098388671875 828.50201416015625 829.63397216796875 829.2459716796875 829.947998046875 830.9310302734375 833.094970703125 834.66400146484375 834.74200439453125 834.43701171875 834.176025390625 834.14697265625 834.1719970703125 834.00701904296875 834.27801513671875 834.23297119140625 835.36199951171875 835.59100341796875 835.906982421875 835.69598388671875 835.385009765625 834.64398193359375 834.1519775390625 834.79498291015625 835.28802490234375 835.3189697265625 835.2969970703125 834.69000244140625 834.343994140625 833.75701904296875 833.34698486328125 833.38397216796875 832.97900390625 832.54400634765625 831.6669921875 830.17999267578125 828.666015625 827.20697021484375 825.90899658203125 824.76800537109375 824.01202392578125 823.7760009765625 824.20501708984375
828.593994140625 827.52197265625 825.791015625 824.614013671875 825.48297119140625 826.625 828.25299072265625 828.48602294921875 829.47900390625 832.02801513671875 833.468017578125 833.625 833.17901611328125 833.14300537109375 833.16302490234375 833.18798828125 832.97900390625 833.22900390625 833.3060302734375 834.3690185546875 834.61199951171875 834.75897216796875 834.78900146484375 834.28497314453125 834.1259765625 834.13299560546875 832.8499755859375 832.41302490234375 833.38702392578125 833.9110107421875 833.1939697265625 832.97998046875 832.58197021484375 832.0469970703125 831.7349853515625 831.52197265625 831.0989990234375 830.5560302734375 829.14898681640625 827.55999755859375 826.031982421875 824.968994140625 823.67498779296875 823.2760009765625 823.0419921875 823.1400146484375
825.760009765625 825.57098388671875 824.1729736328125 822.94500732421875 822.989013671875 823.89300537109375 824.948974609375 827.34100341796875 827.9119873046875 829.98297119140625 832.38897705078125 832.2760009765625 831.3489990234375 831.4749755859375 832.09600830078125 832.13397216796875 831.98699951171875 832.07501220703125 832.22601318359375 833.45098876953125 833.4580078125 833.5460205078125 833.40802001953125 833.16900634765625 832.8590087890625 832.62799072265625 832.37200927734375 832.48602294921875 831.18902587890625 831.90301513671875 831.60400390625 831.39202880859375 831.05999755859375 830.87200927734375 830.26898193359375 830.13897705078125 829.74298095703125 829.33001708984375 828.03302001953125 826.46197509765625 825.0040283203125 823.85302734375 822.90899658203125 822.21600341796875 821.97802734375 822.3389892578125
822.55999755859375 822.7340087890625 822.2760009765625 821.56201171875 821.177978515625 821.74102783203125 822.864013671875 824.60302734375 827.27001953125 827.4229736328125 829.38897705078125 830.31500244140625 829.291015625 829.531005859375 830.697998046875 831.00201416015625 830.531005859375 830.48699951171875 830.7509765625 832.13299560546875 832.00799560546875 832.14801025390625 832.01800537109375 831.82598876953125 831.57598876953125 831.406005859375 831.08599853515625 831.09197998046875 830.60400390625 830.333984375 829.29498291015625 829.8289794921875 829.718017578125 829.40301513671875 829.03997802734375 828.85400390625 828.427001953125 827.8759765625 826.97100830078125 825.6090087890625 824.4420166015625 823.3709716796875 822.31201171875 821.4010009765625 821.97802734375 820.73101806640625
818.8170166015625 819.8800048828125 820.2349853515625 819.8790283203125 819.6300048828125 819.96099853515625 821.114990234375 823.02899169921875 825.051025390625 826.98602294921875 826.8070068359375 827.18402099609375 827.16302490234375 827.489013671875 828.95098876953125 829.5469970703125 828.4229736328125 828.35400390625 829.073974609375 830.85699462890625 830.9520263671875 830.61102294921875 830.6920166015625 830.49798583984375 830.37298583984375 830.0570068359375 829.9000244140625 829.791015625 829.54400634765625 829.25 828.82098388671875 829.177978515625 827.68499755859375 828.0770263671875 827.7559814453125 827.573974609375 827.50701904296875 826.94000244140625 826.14697265625 825.218994140625 824.344970703125 823.16302490234375 822.135009765625 821.02301025390625 820.6400146484375 820.16802978515625
813.948974609375 816.41302490234375 817.76202392578125 818.1240234375 818.22900390625 818.6300048828125 819.552001953125 821.11602783203125 822.8800048828125 824.95501708984375 826.177001953125 826.26898193359375 826.03900146484375 826.01702880859375 827.093994140625 826.989013671875 826.281005859375 826.322998046875 829.073974609375 829.33599853515625 829.31500244140625 829.22802734375 829.30902099609375 829.14300537109375 828.927978515625 828.7349853515625 828.55902099609375 828.468994140625 828.33197021484375 828.0059814453125 827.74200439453125 827.551025390625 827.35498046875 827.50299072265625 826.76300048828125 825.99200439453125 825.60797119140625 825.65899658203125 825.3590087890625 824.406005859375 823.70098876953125 822.89898681640625 821.97698974609375 821.25 820.45599365234375 819.84100341796875
810.1929931640625 812.4010009765625 814.801025390625 816.301025390625 816.8790283203125 817.08697509765625 817.83502197265625 819.0269775390625 820.677978515625 822.780029296875 823.91998291015625 824.11297607421875 824.655029296875 825.760009765625 825.39300537109375 825.09100341796875 824.697998046875 824.45599365234375 827.3289794921875 827.87799072265625 827.04998779296875 827.208984375 827.77801513671875 827.74200439453125 827.530029296875 827.53802490234375 827.46502685546875 827.385009765625 827.156982421875 826.85498046875 826.42901611328125 826.3709716796875 826.28997802734375 825.80401611328125 825.1939697265625 824.63897705078125 824.80401611328125 824.9320068359375 824.96197509765625 824.51300048828125 823.61798095703125 823.14398193359375 822.2979736328125 821.541015625 820.4310302734375 819.56500244140625
811.0250244140625 808.39501953125 808.968994140625 812.63201904296875 814.4520263671875 815.25299072265625 816.08197021484375 816.79498291015625 818.2659912109375 820.25201416015625 821.47601318359375 821.57598876953125 821.4429931640625 822.77899169921875 824.60699462890625 825.27301025390625 824.80401611328125 824.5050048828125 824.08099365234375 824.0360107421875 823.87298583984375 824.44097900390625 825.156005859375 826.1240234375 826.114013671875 826.06500244140625 826.3380126953125 826.11602783203125 826.2080078125 825.65899658203125 825.22698974609375 825.2509765625 825.13800048828125 824.1820068359375 822.91400146484375 821.3759765625 821.99798583984375 823.77197265625 824.281982421875 824.48101806640625 824.219970703125 823.35400390625 822.2760009765625 822.03399658203125 820.9840087890625 820.15997314453125
812.41998291015625 809.36700439453125 806.5579833984375 808.46600341796875 810.97198486328125 812.60400390625 813.38702392578125 814.4320068359375 816.14898681640625 817.98199462890625 819.15802001953125 819.364013671875 819.031982421875 819.97802734375 821.93798828125 823.822021484375 823.22698974609375 821.0479736328125 824.031982421875 823.5880126953125 823.38702392578125 823.2969970703125 823.18597412109375 823.44598388671875 824.47900390625 824.87298583984375 825.1729736328125 825.16802978515625 825.21697998046875 824.72601318359375 824.0679931640625 824.23297119140625 823.15997314453125 821.31597900390625 820.33099365234375 819.85198974609375 819.656982421875 820.38299560546875 821.8740234375 822.92498779296875 822.87200927734375 822.718994140625 821.9310302734375 820.9000244140625 820.83502197265625 820.31402587890625
815.5050048828125 811.8079833984375 807.4940185546875 805.3800048828125 807.1090087890625 808.88800048828125 810.072998046875 811.6400146484375 813.76300048828125 815.58599853515625 816.6610107421875 817.1729736328125 817.16802978515625 817.76702880859375 819.6309814453125 821.343994140625 821.52301025390625 819.26800537109375 820.2440185546875 820.218017578125 820.18499755859375 820.7869873046875 821.57098388671875 822.85302734375 822.66497802734375 823.67401123046875 824.22998046875 824.468017578125 824.260986328125 823.6500244140625 822.61199951171875 821.6500244140625 821.0150146484375 820.7340087890625 820.5880126953125 818.60601806640625 818.58502197265625 818.823974609375 818.947998046875 820.97100830078125 821.010986328125 820.7139892578125 819.9739990234375 819.22802734375 819.95001220703125 819.1920166015625
