avaframe/data/avaAlr/Inputs/avaAlr.asc
ncols        312
nrows        666
xllcorner    255202.083924770530
yllcorner    378550.417209732172
cellsize     4.997678230579
NODATA_value  -9999
[rows 588 to 608 of 666, columns 46 to 91 of 312]
-9999 -9999 882.697021484375 882.218017578125 881.676025390625 881.22900390625 880.739013671875 880.20697021484375 879.718017578125 879.27099609375 878.88800048828125 878.48297119140625 878.16400146484375 877.88702392578125 877.5889892578125 877.2490234375 876.97198486328125 876.65301513671875 876.35498046875 876.0889892578125 875.73797607421875 875.40802001953125 875.67401123046875 875.3759765625 875.01397705078125 874.75897216796875 874.5780029296875 874.35498046875 874.25897216796875 874.18402099609375 874.0570068359375 873.92901611328125 873.885986328125 873.801025390625 873.85400390625 873.801025390625 873.75897216796875 873.822998046875 873.864990234375 873.92901611328125 874.00299072265625 874.0989990234375 874.18402099609375 874.1199951171875 873.98199462890625 873.99298095703125
-9999 -9999 882.08001708984375 881.63299560546875 881.15399169921875 880.718017578125 880.260009765625 879.739013671875 879.218017578125 878.69598388671875 878.22802734375 877.86602783203125 877.5260009765625 877.22802734375 876.94000244140625 876.65301513671875 876.35498046875 876.0780029296875 875.802001953125 875.5040283203125 875.18499755859375 874.864990234375 875.1209716796875 874.88702392578125 874.6099853515625 874.20599365234375 873.95001220703125 873.864990234375 873.69500732421875 873.5780029296875 873.46099853515625 873.35400390625 873.24798583984375 873.18402099609375 873.1409912109375 873.1729736328125 873.16302490234375 873.22698974609375 873.39697265625 873.49298095703125 873.5880126953125 873.73699951171875 873.780029296875 873.71600341796875 873.5670166015625 873.71600341796875
-9999 -9999 881.41998291015625 881.0369873046875 880.65399169921875 880.20697021484375 879.781005859375 879.281005859375 878.71697998046875 878.1209716796875 877.61102294921875 877.20599365234375 876.86602783203125 876.5469970703125 876.27001953125 875.97198486328125 875.802001953125 875.48297119140625 875.20599365234375 874.91900634765625 874.6309814453125 874.39697265625 874.6099853515625 874.39697265625 874.0570068359375 873.822998046875 873.5250244140625 873.3330078125 873.1519775390625 872.99200439453125 872.85400390625 872.71600341796875 872.6199951171875 872.5670166015625 872.5780029296875 872.5880126953125 872.6199951171875 872.6519775390625 872.801025390625 872.885986328125 873.02398681640625 873.24798583984375 873.31201171875 873.24798583984375 873.1519775390625 873.31201171875
-9999 -9999 880.87799072265625 880.4840087890625 880.0789794921875 879.718017578125 879.302978515625 878.781005859375 878.19598388671875 877.5469970703125 877.0260009765625 876.5250244140625 876.16400146484375 875.843994140625 875.5889892578125 875.3759765625 875.16302490234375 874.864990234375 874.6099853515625 874.3759765625 874.16302490234375 873.822998046875 874.0989990234375 873.822998046875 873.73699951171875 873.406982421875 873.0780029296875 872.801025390625 872.6309814453125 872.48199462890625 872.3330078125 872.23699951171875 872.1409912109375 872.0770263671875 872.03497314453125 872.0560302734375 871.99200439453125 871.99200439453125 872.24798583984375 872.39697265625 872.5460205078125 872.70501708984375 872.6519775390625 872.74798583984375 872.75799560546875 872.98199462890625
-9999 -9999 -9999 879.90899658203125 879.5469970703125 879.17498779296875 878.760009765625 878.2490234375 877.69598388671875 877.0150146484375 876.44000244140625 875.843994140625 875.46099853515625 875.19500732421875 874.92901611328125 874.66302490234375 874.46099853515625 874.22698974609375 874.03497314453125 873.81201171875 873.5460205078125 873.43902587890625 873.6199951171875 873.39697265625 873.23699951171875 873.01397705078125 872.6409912109375 872.35400390625 872.1619873046875 872.01397705078125 871.927978515625 871.843017578125 871.73699951171875 871.6300048828125 871.6300048828125 871.5880126953125 871.5670166015625 871.54498291015625 871.52398681640625 871.6729736328125 872.0670166015625 872.28997802734375 872.23699951171875 872.24798583984375 872.39697265625 872.6519775390625
-9999 -9999 -9999 879.2919921875 878.90899658203125 878.5679931640625 878.20697021484375 877.760009765625 877.18499755859375 876.5040283203125 875.88702392578125 875.22698974609375 874.864990234375 874.5040283203125 874.24798583984375 874.01397705078125 873.822998046875 873.67401123046875 873.46099853515625 873.26898193359375 873.1199951171875 872.906982421875 873.1409912109375 872.906982421875 872.75799560546875 872.5560302734375 872.28997802734375 871.97100830078125 871.75799560546875 871.6199951171875 871.52398681640625 871.43902587890625 871.35400390625 871.33197021484375 871.3330078125 871.24700927734375 871.20501708984375 871.03497314453125 871.35400390625 871.45001220703125 871.73699951171875 871.76898193359375 871.6729736328125 871.864990234375 872.3330078125 872.73699951171875
-9999 -9999 -9999 878.6669921875 878.24200439453125 877.90301513671875 877.54302978515625 877.12799072265625 876.60302734375 876.0360107421875 875.4019775390625 874.74700927734375 874.2449951171875 873.86199951171875 873.5670166015625 873.39300537109375 873.218017578125 872.95599365234375 872.8900146484375 872.71600341796875 872.60601806640625 872.4210205078125 872.71600341796875 872.43902587890625 872.24798583984375 872.0770263671875 871.927978515625 871.6519775390625 871.35400390625 871.26898193359375 871.1409912109375 871.0770263671875 871.01300048828125 871.01300048828125 871.0980224609375 870.906982421875 870.822021484375 871.0980224609375 871.1199951171875 871.1409912109375 871.1619873046875 871.26898193359375 871.5670166015625 871.97100830078125 872.48199462890625 873.01397705078125
-9999 -9999 -9999 878.1099853515625 877.67401123046875 877.25897216796875 876.8759765625 876.45098876953125 875.969970703125 875.55499267578125 874.9320068359375 874.2659912109375 873.677001953125 873.218017578125 873 872.75897216796875 872.541015625 872.4320068359375 872.343994140625 872.19097900390625 872.08197021484375 871.864013671875 872.2130126953125 872.01702880859375 871.7979736328125 871.61297607421875 871.49200439453125 871.3289794921875 870.968017578125 870.83697509765625 870.70599365234375 870.58599853515625 870.57501220703125 870.6409912109375 870.59698486328125 870.57501220703125 870.72802734375 870.82598876953125 870.90301513671875 870.94598388671875 870.94598388671875 871.3389892578125 871.84197998046875 872.49700927734375 872.86798095703125 873.28302001953125
-9999 -9999 -9999 -9999 877.14898681640625 876.65802001953125 876.14501953125 875.77301025390625 875.3800048828125 874.9429931640625 874.4630126953125 873.8079833984375 873.19598388671875 872.6939697265625 872.301025390625 872.15899658203125 872.01702880859375 871.864013671875 871.7760009765625 871.6669921875 871.49200439453125 871.3070068359375 871.6669921875 871.47100830078125 871.26300048828125 871.16497802734375 871.04498291015625 870.8809814453125 870.58599853515625 870.33502197265625 870.1820068359375 870.072998046875 870.14898681640625 870.093994140625 870.22601318359375 870.46600341796875 870.45501708984375 870.57501220703125 870.78302001953125 871.0770263671875 871.5579833984375 872.1259765625 872.6719970703125 873.04302978515625 873.41400146484375 873.76397705078125
-9999 -9999 -9999 -9999 876.625 876.0360107421875 875.55499267578125 875.09600830078125 874.7139892578125 874.33197021484375 873.88397216796875 873.3489990234375 872.71600341796875 872.14801025390625 871.80902099609375 871.5579833984375 871.43798828125 871.25201416015625 871.16497802734375 871.0560302734375 870.92401123046875 871.3070068359375 871.18701171875 871.0770263671875 870.8809814453125 870.6729736328125 870.510009765625 870.34600830078125 870.1820068359375 869.88702392578125 869.70098876953125 869.614013671875 869.59197998046875 869.76702880859375 870.02899169921875 870.2039794921875 870.4219970703125 870.8480224609375 871.3179931640625 871.7550048828125 872.2349853515625 872.6500244140625 873.04302978515625 873.40399169921875 873.719970703125 873.99298095703125
-9999 -9999 -9999 -9999 876.1669921875 875.510986328125 874.9219970703125 874.44097900390625 874.07000732421875 873.708984375 873.30499267578125 872.802978515625 872.2349853515625 871.68902587890625 871.3179931640625 871.03399658203125 870.81500244140625 870.6409912109375 870.552978515625 870.552978515625 870.46600341796875 870.81500244140625 870.72802734375 870.57501220703125 870.4329833984375 870.1820068359375 869.9739990234375 869.85400390625 869.76702880859375 869.59197998046875 869.2860107421875 869.155029296875 869.3079833984375 869.65802001953125 869.8759765625 870.15997314453125 870.6409912109375 871.16497802734375 871.656005859375 872.19097900390625 872.63897705078125 873.02099609375 873.3489990234375 873.61102294921875 873.86199951171875 874.09197998046875
-9999 -9999 -9999 -9999 875.66400146484375 875.00897216796875 874.40802001953125 873.89501953125 873.468994140625 873.08697509765625 872.63897705078125 872.27899169921875 871.7979736328125 871.25201416015625 870.80401611328125 870.46600341796875 870.2039794921875 870.093994140625 870.00701904296875 870.00701904296875 869.9530029296875 870.33502197265625 870.22601318359375 870.093994140625 869.91998291015625 869.71197509765625 869.5269775390625 869.5159912109375 869.5050048828125 869.155029296875 868.91497802734375 868.8489990234375 869.22100830078125 869.47198486328125 869.83197021484375 870.4110107421875 870.94598388671875 871.47100830078125 872.10400390625 872.594970703125 872.97802734375 873.2509765625 873.47998046875 873.74200439453125 873.98199462890625 874.2340087890625
-9999 -9999 -9999 -9999 875.22698974609375 874.572021484375 873.98199462890625 873.41400146484375 872.82501220703125 872.4749755859375 872.14801025390625 871.7979736328125 871.36102294921875 870.8480224609375 870.291015625 869.91998291015625 869.635986328125 869.4940185546875 869.46099853515625 869.43902587890625 869.46099853515625 869.85400390625 869.7230224609375 869.57000732421875 869.4169921875 869.33001708984375 869.2650146484375 869.198974609375 868.8709716796875 868.6309814453125 868.53302001953125 868.718017578125 869.01300048828125 869.5269775390625 870.15997314453125 870.77197265625 871.3499755859375 871.906982421875 872.4320068359375 872.82501220703125 873.1199951171875 873.39300537109375 873.666015625 873.89501953125 874.135009765625 874.375
-9999 -9999 -9999 -9999 -9999 874.156982421875 873.5560302734375 872.86798095703125 872.40997314453125 871.95098876953125 871.5689697265625 871.27398681640625 870.8590087890625 870.4219970703125 869.8759765625 869.39599609375 869.0570068359375 868.8709716796875 868.8489990234375 868.8709716796875 868.8280029296875 869.3740234375 869.198974609375 869.0460205078125 868.98101806640625 869.02398681640625 868.8280029296875 868.489013671875 868.281982421875 868.1719970703125 867.97601318359375 868.5980224609375 869.11199951171875 869.83197021484375 870.59698486328125 871.218994140625 871.71099853515625 872.19097900390625 872.62799072265625 872.96697998046875 873.28302001953125 873.53497314453125 873.8289794921875 874.07000732421875 874.2230224609375 874.40802001953125
-9999 -9999 -9999 -9999 -9999 873.1300048828125 872.51898193359375 871.885009765625 871.47100830078125 871.01202392578125 870.69500732421875 870.35699462890625 869.9630126953125 869.48297119140625 868.8599853515625 868.43499755859375 868.22698974609375 868.1939697265625 868.23797607421875 868.260009765625 868.06298828125 868.718017578125 868.65301513671875 868.52197265625 868.3690185546875 868.041015625 867.86700439453125 867.801025390625 867.4949951171875 868.10699462890625 868.67498779296875 869.45001220703125 870.26898193359375 870.93499755859375 871.47100830078125 871.94000244140625 872.40997314453125 872.81402587890625 873.17401123046875 873.447021484375 873.677001953125 873.89501953125 874.0479736328125 874.21197509765625 874.39697265625 874.39697265625
-9999 -9999 -9999 -9999 -9999 872.74798583984375 872.14801025390625 871.50299072265625 870.8809814453125 870.4439697265625 870.11602783203125 869.83197021484375 869.46099853515625 868.98101806640625 868.3690185546875 867.822998046875 867.51702880859375 867.4630126953125 867.56097412109375 867.572021484375 867.4949951171875 867.9539794921875 867.9320068359375 867.844970703125 867.65899658203125 867.4520263671875 867.2550048828125 866.84002685546875 867.42999267578125 868.1939697265625 868.958984375 869.81097412109375 870.5419921875 871.1209716796875 871.73297119140625 872.19097900390625 872.6500244140625 873.04302978515625 873.29400634765625 873.52398681640625 873.68798828125 873.87298583984375 874.0040283203125 874.156982421875 874.33197021484375 874.4630126953125
-9999 -9999 -9999 -9999 -9999 872.38800048828125 871.73297119140625 871.0560302734375 870.46600341796875 869.91998291015625 869.58099365234375 869.2650146484375 868.90399169921875 868.43499755859375 867.801025390625 867.16802978515625 866.8179931640625 866.7750244140625 866.906005859375 866.84002685546875 866.75299072265625 867.364013671875 867.1240234375 866.89501953125 866.73101806640625 866.7750244140625 865.74798583984375 865.4639892578125 867.7139892578125 868.6090087890625 869.33001708984375 870.03997802734375 870.72802734375 871.38299560546875 871.92901611328125 872.4210205078125 872.802978515625 873.08697509765625 873.26202392578125 873.447021484375 873.61102294921875 873.75299072265625 873.9169921875 874.0369873046875 874.17901611328125 874.29901123046875
-9999 -9999 -9999 -9999 -9999 872.0059814453125 871.3179931640625 870.69500732421875 870.093994140625 869.5159912109375 869.0460205078125 868.64202880859375 868.260009765625 867.77899169921875 867.21099853515625 866.5999755859375 866.27197265625 866.18499755859375 866.07598876953125 866.07598876953125 865.94500732421875 866.31597900390625 865.72601318359375 865.50799560546875 864.3060302734375 863.38897705078125 862.3189697265625 866.62200927734375 868.1510009765625 868.98101806640625 869.614013671875 870.291015625 871.01202392578125 871.60198974609375 872.093017578125 872.4749755859375 872.77001953125 873 873.17401123046875 873.30499267578125 873.47998046875 873.5670166015625 873.677001953125 873.719970703125 873.98199462890625 873.96099853515625
-9999 -9999 -9999 -9999 -9999 -9999 870.968017578125 870.37799072265625 869.7449951171875 869.155029296875 868.6090087890625 868.06298828125 867.56097412109375 867.08001708984375 866.62200927734375 866.18499755859375 865.6820068359375 865.28900146484375 865.28900146484375 865.41998291015625 865.114990234375 864.89599609375 862.9520263671875 862.47198486328125 861.20501708984375 859.93798828125 861.22698974609375 865.3330078125 868.45599365234375 869.35198974609375 869.91998291015625 870.5419921875 871.14300537109375 871.62298583984375 872.03802490234375 872.35498046875 872.62799072265625 872.83599853515625 872.97802734375 873.08697509765625 873.04302978515625 873.02099609375 873.08697509765625 873.50201416015625 873.1300048828125 873.26202392578125
-9999 -9999 -9999 -9999 -9999 -9999 870.6409912109375 870.10498046875 869.5050048828125 868.88201904296875 868.21600341796875 867.56097412109375 866.97100830078125 866.5560302734375 866.22802734375 865.50799560546875 864.72100830078125 864.48101806640625 864.70001220703125 864.9840087890625 864.7650146484375 861.90399169921875 858.2340087890625 858.802001953125 858.125 858.29998779296875 861.052001953125 866.1190185546875 868.89300537109375 869.67999267578125 870.2039794921875 870.6409912109375 871.0880126953125 871.49200439453125 871.85302734375 872.14801025390625 872.37701416015625 872.56298828125 872.56298828125 872.49700927734375 872.343994140625 872.60601806640625 872.322021484375 872.36602783203125 872.36602783203125 872.4320068359375
-9999 -9999 -9999 -9999 -9999 -9999 870.34600830078125 869.85400390625 869.2540283203125 868.58697509765625 867.9320068359375 867.2769775390625 866.75299072265625 866.16302490234375 865.50799560546875 864.80902099609375 863.92401123046875 863.6510009765625 864.05499267578125 864.5469970703125 864.8740234375 861.968994140625 859.239013671875 857.51397705078125 857.68798828125 857.7969970703125 861.20501708984375 864.677978515625 868.02001953125 869.67999267578125 870.291015625 870.60797119140625 870.8809814453125 871.16497802734375 871.405029296875 871.58001708984375 871.7760009765625 872.08197021484375 871.864013671875 871.51397705078125 871.47100830078125 871.38299560546875 871.49200439453125 871.47100830078125 871.2960205078125 871.22998046875
