avaframe/data/avaAlr/Inputs/avaAlr.asc
ncols        312
nrows        666
xllcorner    255202.083924770530
yllcorner    378550.417209732172
cellsize     4.997678230579
NODATA_value  -9999
[rows 546 to 566 of 666, columns 138 to 183 of 312]
899.22698974609375 898.94500732421875 898.823974609375 898.76300048828125 898.62200927734375 898.41998291015625 897.885009765625 897.572021484375 897.77398681640625 897.14801025390625 896.56298828125 896.0989990234375 895.655029296875 895.291015625 895.04901123046875 894.60498046875 894.24200439453125 893.72698974609375 893.29302978515625 892.72802734375 892.344970703125 891.5570068359375 891.11297607421875 890.97198486328125 890.2449951171875 889.88201904296875 889.41802978515625 889.01397705078125 888.6309814453125 888.0050048828125 887.78302001953125 887.58099365234375 887.27801513671875 887.13702392578125 887.23797607421875 886.79400634765625 886.2490234375 885.98602294921875 885.4210205078125 884.85601806640625 884.1090087890625 883.7659912109375 883.08001708984375 882.53497314453125 882.08099365234375 881.70697021484375
898.48101806640625 898.09698486328125 898.0360107421875 897.79400634765625 897.93597412109375 897.59197998046875 897.2490234375 896.7039794921875 897.208984375 896.32098388671875 895.7559814453125 895.291015625 894.87799072265625 894.58502197265625 894.41302490234375 894.05999755859375 893.45501708984375 893.11199951171875 892.6669921875 892.364990234375 891.94097900390625 891.39599609375 890.64898681640625 890.32598876953125 889.86199951171875 889.37701416015625 888.9539794921875 888.42901611328125 887.9849853515625 887.64202880859375 887.07598876953125 886.97601318359375 886.79400634765625 886.531005859375 886.833984375 886.47100830078125 886.30902099609375 885.50201416015625 884.99700927734375 884.37200927734375 883.86700439453125 883.4639892578125 882.89801025390625 882.4739990234375 882.39398193359375 881.8690185546875
897.51202392578125 897.4310302734375 897.26898193359375 897.0269775390625 896.926025390625 897.12799072265625 896.7650146484375 896.03802490234375 896.6240234375 895.85699462890625 895.21099853515625 894.7459716796875 894.08001708984375 893.75701904296875 893.85797119140625 893.3740234375 892.8690185546875 892.5260009765625 892.06201171875 891.677978515625 891.17401123046875 890.8709716796875 890.36602783203125 889.5989990234375 889.55902099609375 888.81201171875 888.489013671875 888.0050048828125 887.2979736328125 886.93499755859375 886.47100830078125 886.26898193359375 886.0469970703125 885.906005859375 886.28900146484375 886.0269775390625 885.885986328125 885.3809814453125 884.49298095703125 883.968017578125 883.4840087890625 882.89801025390625 882.7969970703125 882.4949951171875 881.969970703125 881.68701171875
896.98699951171875 896.78497314453125 896.50299072265625 896.20001220703125 896.1190185546875 896.17999267578125 895.83599853515625 895.27099609375 895.67498779296875 895.35198974609375 894.4840087890625 894.1409912109375 893.635986328125 893.1719970703125 893.23297119140625 893.1519775390625 892.46600341796875 892.16302490234375 891.5369873046875 890.9520263671875 890.71002197265625 890.34600830078125 890.06402587890625 889.33697509765625 888.6099853515625 888.3480224609375 888.0050048828125 887.90399169921875 887.0360107421875 886.3900146484375 885.82501220703125 885.7440185546875 885.4420166015625 885.0780029296875 885.844970703125 885.5830078125 885.34100341796875 884.89697265625 884.33099365234375 883.7659912109375 883.302001953125 882.9990234375 882.89801025390625 882.29302978515625 881.88897705078125 882.09100341796875
895.81597900390625 896.15899658203125 895.89697265625 895.1099853515625 894.8070068359375 895.23101806640625 894.7869873046875 894.947998046875 894.36297607421875 894.281982421875 893.45501708984375 893.25299072265625 893.07098388671875 892.72802734375 892.48602294921875 892.46600341796875 892.08197021484375 891.5570068359375 891.15399169921875 890.68902587890625 890.083984375 889.88201904296875 889.51898193359375 888.89300537109375 888.22698974609375 887.864013671875 887.60101318359375 887.25799560546875 886.833984375 886.10797119140625 885.50201416015625 885.50201416015625 884.69500732421875 883.927978515625 884.9169921875 884.93701171875 884.69500732421875 884.573974609375 884.2509765625 883.7659912109375 883.08001708984375 883.01898193359375 882.8380126953125 882.39398193359375 882.27301025390625 881.62701416015625
895.4730224609375 895.291015625 894.88800048828125 894.52398681640625 894.281982421875 894.36297607421875 894.24200439453125 893.91900634765625 893.958984375 893.5150146484375 892.8900146484375 892.72802734375 892.5260009765625 892.2030029296875 891.9010009765625 891.84002685546875 891.45599365234375 890.8709716796875 890.5579833984375 890.14398193359375 889.69000244140625 889.2969970703125 888.9329833984375 888.57000732421875 887.96502685546875 887.541015625 887.3389892578125 886.95501708984375 886.6929931640625 885.56298828125 884.00799560546875 883.8070068359375 883.54400634765625 883.26202392578125 883.20098876953125 882.75701904296875 882.57501220703125 882.53497314453125 882.4949951171875 882.5150146484375 882.27301025390625 881.989990234375 881.8489990234375 881.95001220703125 881.4849853515625 881.385009765625
894.68597412109375 894.38299560546875 894.1209716796875 893.71697998046875 893.57598876953125 893.57598876953125 893.41400146484375 893.051025390625 893.1719970703125 892.344970703125 892.344970703125 892.0009765625 891.65802001953125 891.29498291015625 891.39599609375 890.8909912109375 890.38702392578125 890.10400390625 889.55902099609375 889.41802978515625 888.9539794921875 888.3480224609375 888.166015625 887.843017578125 887.13702392578125 886.91497802734375 886.40997314453125 884.69500732421875 884.33099365234375 884.4730224609375 883.7459716796875 884.02899169921875 884.4530029296875 884.33099365234375 883.0999755859375 882.71697998046875 882.010009765625 881.72802734375 881.44500732421875 881.1829833984375 880.8599853515625 880.4959716796875 880.13299560546875 879.708984375 879.20501708984375 879.20501708984375
894.10101318359375 893.89898681640625 893.57598876953125 893.09100341796875 892.8900146484375 892.989990234375 892.6669921875 892.2030029296875 892.62701416015625 892.323974609375 891.9210205078125 891.5570068359375 891.01202392578125 890.75 890.72998046875 890.38702392578125 889.98297119140625 889.41802978515625 889.03399658203125 888.87298583984375 888.6099853515625 888.10601806640625 887.74298095703125 887.44000244140625 886.30902099609375 884.89697265625 884.81597900390625 885.03802490234375 885.76397705078125 885.36102294921875 884.8759765625 884.02899169921875 884.53302001953125 884.27099609375 884.0889892578125 883.72601318359375 883.40301513671875 883.08001708984375 882.89801025390625 882.27301025390625 881.8280029296875 881.12200927734375 880.65802001953125 879.60797119140625 879.14398193359375 878.9019775390625
892.28399658203125 893.031005859375 893.21197509765625 892.7080078125 892.5059814453125 892.30401611328125 892.0419921875 891.65802001953125 891.79998779296875 891.416015625 891.51702880859375 891.072998046875 890.71002197265625 890.5479736328125 890.02301025390625 889.822021484375 889.4990234375 889.2760009765625 888.57000732421875 888.08599853515625 887.92401123046875 887.7020263671875 886.572021484375 885.34100341796875 885.260009765625 885.48199462890625 885.7440185546875 885.7039794921875 885.7440185546875 885.48199462890625 885.15899658203125 884.1300048828125 884.39202880859375 884.1300048828125 883.968017578125 883.573974609375 883.1810302734375 882.89801025390625 882.4949951171875 882.07098388671875 881.62701416015625 881.10198974609375 880.63800048828125 880.2340087890625 880.01202392578125 879.708984375
892.76800537109375 892.30401611328125 891.5980224609375 891.718994140625 891.5980224609375 891.51702880859375 891.5570068359375 891.35498046875 891.47698974609375 891.1939697265625 891.072998046875 890.5889892578125 890.32598876953125 889.9630126953125 889.801025390625 889.41802978515625 889.114990234375 888.81201171875 888.448974609375 887.802978515625 887.3590087890625 885.844970703125 885.68402099609375 885.50201416015625 885.4210205078125 885.29998779296875 885.64300537109375 885.62298583984375 885.5830078125 885.29998779296875 885.0780029296875 884.593994140625 884.33099365234375 884.04901123046875 883.87701416015625 883.56402587890625 883.1409912109375 882.73699951171875 882.31298828125 881.88897705078125 881.60699462890625 881.08197021484375 880.45599365234375 880.052001953125 879.72900390625 879.34600830078125
892.2230224609375 892.26397705078125 892.14300537109375 891.84002685546875 891.416015625 891.0830078125 890.77001953125 890.85101318359375 891.093017578125 890.9320068359375 890.5679931640625 890.32598876953125 889.801025390625 890.083984375 889.39801025390625 889.155029296875 888.802001953125 888.6099853515625 888.08599853515625 886.65301513671875 886.08697509765625 886.0269775390625 886.89501953125 886.12799072265625 885.7239990234375 885.52197265625 885.66400146484375 885.56298828125 885.531982421875 885.17901611328125 884.93701171875 884.65399169921875 884.21002197265625 884.00799560546875 883.8270263671875 883.4739990234375 883.05999755859375 882.656005859375 882.21197509765625 881.88897705078125 881.64697265625 881.2030029296875 880.416015625 879.9010009765625 879.46697998046875 879.10400390625
891.5980224609375 891.49700927734375 891.35498046875 891.3759765625 891.072998046875 890.8909912109375 890.6290283203125 890.2249755859375 890.99200439453125 890.97198486328125 890.427001953125 889.801025390625 889.41802978515625 889.05499267578125 888.77197265625 888.6710205078125 888.20697021484375 887.197998046875 886.552001953125 886.510986328125 887.0159912109375 887.18701171875 887.3189697265625 887.13702392578125 886.875 885.94598388671875 885.7239990234375 885.593017578125 885.50201416015625 885.17901611328125 884.83599853515625 884.49298095703125 884.04901123046875 883.86700439453125 883.70599365234375 883.40301513671875 882.9990234375 882.53497314453125 882.09100341796875 881.78802490234375 881.4849853515625 881.10198974609375 880.375 879.75 879.28497314453125 878.88201904296875
891.3759765625 891.15399169921875 890.8909912109375 890.75 890.46697998046875 890.38702392578125 890.16497802734375 889.9630126953125 890.427001953125 890.427001953125 890.2659912109375 889.72100830078125 889.4990234375 889.2559814453125 888.59002685546875 887.218017578125 886.9959716796875 887.0560302734375 887.0360107421875 886.9959716796875 887.23797607421875 887.41998291015625 887.52099609375 887.0360107421875 887.13702392578125 886.14801025390625 885.76397705078125 885.68402099609375 885.51202392578125 885.0780029296875 884.7449951171875 884.37200927734375 883.88702392578125 883.64501953125 883.58502197265625 883.1300048828125 882.71697998046875 882.40399169921875 882.1510009765625 881.6669921875 881.2030029296875 880.80902099609375 880.1939697265625 879.45697021484375 879.04302978515625 878.5789794921875
890.10400390625 890.16497802734375 890.18499755859375 890.10400390625 889.781005859375 889.6400146484375 889.47802734375 889.5789794921875 889.70001220703125 889.65997314453125 889.37701416015625 888.9329833984375 888.54998779296875 888.0250244140625 887.46002197265625 887.3690185546875 887.09698486328125 887.0159912109375 887.11700439453125 887.156982421875 887.41998291015625 887.5 887.541015625 887.47998046875 887.3189697265625 886.30902099609375 885.7440185546875 885.64300537109375 885.5419921875 884.99700927734375 884.49298095703125 884.05902099609375 883.66497802734375 883.4329833984375 883.281982421875 882.8380126953125 882.5150146484375 882.3740234375 882.29302978515625 881.78802490234375 880.94000244140625 880.63800048828125 880.1729736328125 879.3060302734375 878.77099609375 878.17498779296875
889.47802734375 889.41802978515625 889.51898193359375 889.86199951171875 889.74102783203125 889.37701416015625 889.2760009765625 889.19598388671875 889.5789794921875 888.81201171875 888.38800048828125 888.166015625 888.0250244140625 887.96502685546875 887.74298095703125 886.9959716796875 886.4310302734375 886.73297119140625 887.156982421875 887.09698486328125 887.39898681640625 887.5 887.5 887.5 887.5 886.3699951171875 885.66400146484375 885.5419921875 885.4210205078125 884.65399169921875 883.7459716796875 883.52398681640625 883.35198974609375 883.1810302734375 883.05999755859375 882.4840087890625 882.27301025390625 882.1309814453125 881.4849853515625 880.9000244140625 880.5770263671875 880.1939697265625 879.75 878.98297119140625 878.63897705078125 877.83197021484375
889.3170166015625 889.01397705078125 888.7919921875 888.9329833984375 889.37701416015625 888.85302734375 888.69097900390625 888.6309814453125 889.41802978515625 889.01397705078125 888.87298583984375 888.85302734375 888.3280029296875 888.06500244140625 887.90399169921875 887.47998046875 887.41998291015625 887.3389892578125 887.25799560546875 887.11700439453125 886.97601318359375 886.93499755859375 886.79400634765625 886.81402587890625 886.59197998046875 884.0689697265625 883.66497802734375 883.71600341796875 883.58502197265625 883.40301513671875 883.625 883.40301513671875 883.20098876953125 882.91802978515625 882.74700927734375 882.29302978515625 882.1719970703125 881.90899658203125 881.12200927734375 880.79901123046875 879.427001953125 879.708984375 879.00299072265625 878.135009765625 877.59002685546875 877.22698974609375
889.19598388671875 888.9940185546875 888.69097900390625 888.59002685546875 888.54998779296875 888.5999755859375 888.59002685546875 888.468994140625 888.57000732421875 888.510009765625 888.448974609375 888.3480224609375 888.24700927734375 888.1259765625 887.9539794921875 887.3189697265625 887.47998046875 887.39898681640625 887.25799560546875 887.11700439453125 886.89501953125 886.6729736328125 886.47100830078125 886.14801025390625 885.78497314453125 885.198974609375 884.67401123046875 884.291015625 883.927978515625 883.4840087890625 883.22100830078125 882.93902587890625 882.53497314453125 882.09100341796875 882.5150146484375 882.1309814453125 881.64697265625 881.08197021484375 880.1729736328125 879.32598876953125 878.53802490234375 878.093994140625 877.71099853515625 877.43798828125 877.3070068359375 876.93402099609375
888.7919921875 888.6309814453125 888.57000732421875 888.448974609375 888.530029296875 888.40899658203125 888.39801025390625 888.42901611328125 888.24700927734375 888.23699951171875 888.14599609375 888.03497314453125 888.0250244140625 888.0150146484375 887.864013671875 887.44000244140625 887.156982421875 887.218017578125 887.09698486328125 886.77398681640625 886.59197998046875 886.4000244140625 886.14801025390625 885.78497314453125 885.50201416015625 885.1190185546875 884.69500732421875 884.21002197265625 883.625 883.1099853515625 882.75701904296875 882.37298583984375 882.010009765625 881.60699462890625 881.60699462890625 881.08197021484375 880.65802001953125 880.1939697265625 879.75 879.2650146484375 878.739990234375 878.2559814453125 877.9730224609375 877.6500244140625 877.14599609375 876.74200439453125
888.69097900390625 888.40899658203125 888.489013671875 888.38800048828125 888.3280029296875 888.26702880859375 888.26702880859375 888.2869873046875 887.96502685546875 887.96502685546875 887.92401123046875 887.843017578125 887.76300048828125 887.64202880859375 887.56097412109375 887.27801513671875 886.97601318359375 887.09698486328125 886.89501953125 886.61199951171875 886.3499755859375 886.0670166015625 885.78497314453125 885.3809814453125 884.95697021484375 884.49298095703125 884.02899169921875 883.64501953125 883.21099853515625 882.73699951171875 882.28302001953125 881.8690185546875 881.44500732421875 881.02099609375 881.10198974609375 880.51702880859375 880.01202392578125 879.5679931640625 879.10400390625 878.65997314453125 878.17498779296875 877.7509765625 877.448974609375 877.14599609375 876.72198486328125 876.3380126953125
888.3480224609375 887.9439697265625 887.92401123046875 887.90399169921875 888.0050048828125 888.510009765625 888.09600830078125 888.06500244140625 887.864013671875 887.78302001953125 887.72198486328125 887.63201904296875 887.56097412109375 887.39898681640625 887.27801513671875 886.9959716796875 886.875 886.7030029296875 886.3699951171875 886.0670166015625 885.7239990234375 885.47198486328125 885.218994140625 884.85601806640625 884.4119873046875 883.968017578125 883.54400634765625 883.0999755859375 882.656005859375 882.1719970703125 881.72802734375 881.28399658203125 880.8800048828125 880.406005859375 880.5570068359375 879.95098876953125 879.46697998046875 879.00299072265625 878.52801513671875 878.01397705078125 877.55999755859375 877.166015625 876.822998046875 876.55999755859375 876.25799560546875 875.73297119140625
888.24700927734375 887.76300048828125 887.822998046875 887.81298828125 887.802978515625 887.78302001953125 887.88397216796875 887.7020263671875 887.60101318359375 887.541015625 887.42999267578125 887.3389892578125 887.197998046875 887.11700439453125 886.91497802734375 886.7130126953125 886.63201904296875 886.33001708984375 885.89599609375 885.56298828125 885.25 884.99700927734375 884.71502685546875 884.35198974609375 883.906982421875 883.4429931640625 882.97900390625 882.55499267578125 882.10101318359375 881.62701416015625 881.14202880859375 880.65802001953125 880.2340087890625 879.80999755859375 879.95098876953125 879.406005859375 878.88201904296875 878.427001953125 877.9329833984375 877.50897216796875 877.04498291015625 876.61102294921875 876.21697998046875 875.9749755859375 875.7130126953125 875.0260009765625
