avaframe/data/avaKot/Inputs/avaKot.asc
ncols        439
nrows        517
xllcorner    176973.437998359208
yllcorner    376237.836376162944
cellsize     4.997688906601
NODATA_value  -9999
[rows 189 to 209 of 517, columns 98 to 146 of 439]
1062.824951171875 1062.7874755859375 1062.7850341796875 1062.7823486328125 1062.7373046875 1062.75341796875 1062.7745361328125 1062.9031982421875 1063.0938720703125 1062.995849609375 1062.777099609375 1062.5225830078125 1062.450439453125 1062.43994140625 1062.524658203125 1062.6470947265625 1062.84033203125 1063.12744140625 1063.3828125 1063.577392578125 1063.6064453125 1063.5118408203125 1063.455810546875 1063.376220703125 1063.27783203125 1063.2396240234375 1063.229736328125 1063.2288818359375 1063.251708984375 1063.287109375 1063.2235107421875 1063.1173095703125 1063.0982666015625 1063.050537109375 1063.031494140625 1063.027587890625 1063.0177001953125 1063.06591796875 1063.052734375 1063.0247802734375 1063.032958984375 1063.0679931640625 1063.076171875 1063.181640625 1063.4908447265625 1064.09326171875 1064.8455810546875 1065.456298828125 1065.733642578125
1062.983154296875 1062.933349609375 1062.9114990234375 1062.8946533203125 1062.8206787109375 1062.8394775390625 1062.9031982421875 1063.0445556640625 1063.2635498046875 1063.356689453125 1063.211181640625 1062.93603515625 1062.958251953125 1063.152099609375 1063.4102783203125 1063.6651611328125 1063.859619140625 1063.9764404296875 1064.07958984375 1064.075927734375 1063.97314453125 1063.8575439453125 1063.79443359375 1063.6976318359375 1063.5679931640625 1063.5477294921875 1063.5804443359375 1063.5909423828125 1063.610595703125 1063.5919189453125 1063.52099609375 1063.4310302734375 1063.40966796875 1063.3807373046875 1063.379150390625 1063.3970947265625 1063.440673828125 1063.4952392578125 1063.541015625 1063.6212158203125 1063.7113037109375 1063.818359375 1064.109130859375 1064.6090087890625 1065.1419677734375 1065.625 1065.730224609375 1065.8238525390625 1065.8603515625
1063.36083984375 1063.3370361328125 1063.35595703125 1063.3272705078125 1063.234130859375 1063.2392578125 1063.324951171875 1063.472900390625 1063.6519775390625 1063.7579345703125 1063.7559814453125 1063.7940673828125 1063.867919921875 1064.0955810546875 1064.326904296875 1064.317138671875 1064.279052734375 1064.2406005859375 1064.201904296875 1064.1165771484375 1064.0352783203125 1063.94775390625 1063.8759765625 1063.77978515625 1063.640380859375 1063.6142578125 1063.6455078125 1063.6756591796875 1063.70849609375 1063.7080078125 1063.65478515625 1063.650146484375 1063.6829833984375 1063.6920166015625 1063.740234375 1063.7943115234375 1063.857177734375 1063.9423828125 1063.9937744140625 1064.052734375 1064.2427978515625 1064.767822265625 1065.3812255859375 1065.60400390625 1065.6146240234375 1065.640625 1065.612060546875 1065.4976806640625 1065.2701416015625
1063.9268798828125 1063.9256591796875 1063.934326171875 1063.912109375 1063.84423828125 1063.7833251953125 1063.8515625 1063.9862060546875 1064.0999755859375 1064.136962890625 1064.2327880859375 1064.394287109375 1064.40966796875 1064.4373779296875 1064.4697265625 1064.4420166015625 1064.378662109375 1064.2874755859375 1064.197509765625 1064.1337890625 1064.064453125 1063.94189453125 1063.86572265625 1063.795654296875 1063.6669921875 1063.5966796875 1063.580810546875 1063.6201171875 1063.675048828125 1063.71435546875 1063.7559814453125 1063.8394775390625 1063.8621826171875 1063.8798828125 1063.94091796875 1063.9617919921875 1063.970703125 1064.0050048828125 1064.108642578125 1064.49267578125 1065.13818359375 1065.4696044921875 1065.4737548828125 1065.4532470703125 1065.3702392578125 1065.2484130859375 1065.2403564453125 1065.1744384765625 1064.9237060546875
1064.400146484375 1064.385498046875 1064.36328125 1064.34814453125 1064.2757568359375 1064.2095947265625 1064.21630859375 1064.2476806640625 1064.3502197265625 1064.3953857421875 1064.4019775390625 1064.443115234375 1064.4827880859375 1064.4910888671875 1064.4854736328125 1064.4671630859375 1064.4266357421875 1064.370849609375 1064.2945556640625 1064.2034912109375 1064.1021728515625 1063.9774169921875 1063.86328125 1063.7796630859375 1063.6436767578125 1063.52587890625 1063.480712890625 1063.508056640625 1063.569580078125 1063.636474609375 1063.7171630859375 1063.8280029296875 1063.8924560546875 1063.89501953125 1063.9132080078125 1063.936767578125 1063.9864501953125 1064.1400146484375 1064.6732177734375 1065.2247314453125 1065.3197021484375 1065.2928466796875 1065.21484375 1065.132568359375 1065.9305419921875 1067.3494873046875 1067.852294921875 1067.4381103515625 1067.03076171875
1064.6356201171875 1064.604736328125 1064.548583984375 1064.4921875 1064.4580078125 1064.3831787109375 1064.3211669921875 1064.3323974609375 1064.4061279296875 1064.46728515625 1064.4261474609375 1064.4549560546875 1064.470458984375 1064.4739990234375 1064.52001953125 1064.506103515625 1064.445556640625 1064.4013671875 1064.3321533203125 1064.2203369140625 1064.0843505859375 1063.9293212890625 1063.80615234375 1063.739990234375 1063.6253662109375 1063.4835205078125 1063.41748046875 1063.4281005859375 1063.474365234375 1063.55615234375 1063.628662109375 1063.72412109375 1063.82275390625 1063.8565673828125 1063.9385986328125 1064.113037109375 1064.358154296875 1064.884765625 1065.185546875 1065.141357421875 1065.1536865234375 1065.2294921875 1066.161865234375 1067.54443359375 1069.0048828125 1070.32421875 1070.6710205078125 1070.431396484375 1070.150390625
1064.73291015625 1064.660888671875 1064.5751953125 1064.5341796875 1064.5108642578125 1064.39111328125 1064.292724609375 1064.3426513671875 1064.411376953125 1064.5009765625 1064.4849853515625 1064.4326171875 1064.41845703125 1064.45263671875 1064.4835205078125 1064.504638671875 1064.4708251953125 1064.4322509765625 1064.3687744140625 1064.216552734375 1064.0911865234375 1063.937255859375 1063.792236328125 1063.698974609375 1063.6007080078125 1063.48486328125 1063.4266357421875 1063.440185546875 1063.4713134765625 1063.5513916015625 1063.6241455078125 1063.688720703125 1063.8040771484375 1063.9951171875 1064.2825927734375 1064.726806640625 1065.01513671875 1065.0435791015625 1065.0614013671875 1064.8489990234375 1065.892822265625 1067.3323974609375 1068.415771484375 1069.7386474609375 1070.6888427734375 1071.569091796875 1072.4180908203125 1072.5224609375 1072.30712890625
1064.73095703125 1064.66357421875 1064.5814208984375 1064.6126708984375 1064.54150390625 1064.38623046875 1064.2825927734375 1064.3367919921875 1064.49853515625 1064.560791015625 1064.5064697265625 1064.399169921875 1064.3658447265625 1064.37548828125 1064.4122314453125 1064.431884765625 1064.4375 1064.417236328125 1064.354736328125 1064.233642578125 1064.0958251953125 1063.9686279296875 1063.8209228515625 1063.71630859375 1063.6697998046875 1063.5548095703125 1063.482177734375 1063.4830322265625 1063.477294921875 1063.5137939453125 1063.636474609375 1063.8748779296875 1064.1114501953125 1064.52783203125 1064.8424072265625 1064.954833984375 1064.9697265625 1064.83984375 1065.1396484375 1065.9056396484375 1066.7921142578125 1067.9571533203125 1069.130615234375 1070.2952880859375 1071.4632568359375 1072.5853271484375 1073.6026611328125 1074.406494140625 1074.809326171875
1064.7301025390625 1064.7049560546875 1064.6292724609375 1064.5684814453125 1064.717529296875 1064.47607421875 1064.3421630859375 1064.353271484375 1064.4580078125 1064.521240234375 1064.519287109375 1064.4296875 1064.3841552734375 1064.3543701171875 1064.3837890625 1064.417724609375 1064.4083251953125 1064.370361328125 1064.31982421875 1064.2222900390625 1064.076904296875 1064.0113525390625 1063.8944091796875 1063.810302734375 1063.738037109375 1063.6290283203125 1063.530517578125 1063.594482421875 1063.7091064453125 1063.85693359375 1064.0576171875 1064.3905029296875 1064.6998291015625 1064.8436279296875 1064.8326416015625 1064.8807373046875 1064.754638671875 1065.2093505859375 1066.0419921875 1067.002685546875 1067.72705078125 1068.2677001953125 1069.6966552734375 1071.3221435546875 1072.6884765625 1073.6224365234375 1074.5875244140625 1075.6561279296875 1076.60205078125
1064.745361328125 1064.7698974609375 1064.650634765625 1064.4884033203125 1064.7578125 1064.4947509765625 1064.402099609375 1064.5003662109375 1064.5623779296875 1064.763916015625 1064.6453857421875 1064.4755859375 1064.41748046875 1064.29150390625 1064.2860107421875 1064.3463134765625 1064.3843994140625 1064.3399658203125 1064.272216796875 1064.20947265625 1064.1317138671875 1064.049560546875 1063.958251953125 1063.8983154296875 1063.953857421875 1064.003662109375 1064.0474853515625 1064.1197509765625 1064.2520751953125 1064.4300537109375 1064.5947265625 1064.67333984375 1064.6669921875 1064.8211669921875 1064.7138671875 1064.6605224609375 1065.189208984375 1066.388427734375 1067.1524658203125 1067.83740234375 1068.79150390625 1069.6204833984375 1070.6708984375 1072.36181640625 1073.6900634765625 1074.73974609375 1075.926025390625 1076.9171142578125 1078.045166015625
1064.8048095703125 1064.7794189453125 1064.68408203125 1064.575927734375 1064.4964599609375 1064.4078369140625 1064.5223388671875 1064.6572265625 1064.7171630859375 1064.75146484375 1064.6800537109375 1064.531982421875 1064.42919921875 1064.36279296875 1064.3505859375 1064.356201171875 1064.3653564453125 1064.3375244140625 1064.2801513671875 1064.2269287109375 1064.29248046875 1064.308837890625 1064.3328857421875 1064.311767578125 1064.358642578125 1064.4345703125 1064.5440673828125 1064.5731201171875 1064.5869140625 1064.53125 1064.5433349609375 1064.80126953125 1064.6689453125 1064.8326416015625 1065.019775390625 1065.2984619140625 1066.0018310546875 1066.669921875 1068.3741455078125 1069.391845703125 1070.3638916015625 1071.42529296875 1072.35888671875 1073.802490234375 1075.3167724609375 1076.417724609375 1077.4063720703125 1078.2645263671875 1079.31787109375
1064.898681640625 1064.7978515625 1064.8375244140625 1064.648193359375 1064.4927978515625 1064.4638671875 1064.687255859375 1064.715087890625 1064.6796875 1064.6419677734375 1064.576171875 1064.5374755859375 1064.486572265625 1064.42529296875 1064.3968505859375 1064.3944091796875 1064.4068603515625 1064.4053955078125 1064.5096435546875 1064.561767578125 1064.572998046875 1064.541259765625 1064.5189208984375 1064.55908203125 1064.5908203125 1064.561767578125 1064.4354248046875 1064.4276123046875 1064.6278076171875 1064.7264404296875 1064.6220703125 1064.8988037109375 1065.2911376953125 1065.6422119140625 1065.658203125 1066.3089599609375 1066.81103515625 1067.5775146484375 1069.0382080078125 1070.919677734375 1072.0009765625 1072.9151611328125 1074.1090087890625 1075.3006591796875 1076.9942626953125 1078.5177001953125 1079.2962646484375 1079.639404296875 1080.6484375
1064.9383544921875 1064.852783203125 1064.9642333984375 1064.6629638671875 1064.569580078125 1064.54150390625 1064.6075439453125 1064.6278076171875 1064.58349609375 1064.4493408203125 1064.3878173828125 1064.436279296875 1064.5770263671875 1064.50244140625 1064.5621337890625 1064.526611328125 1064.544921875 1064.56494140625 1064.6075439453125 1064.69677734375 1064.6392822265625 1064.6280517578125 1064.533935546875 1064.3280029296875 1064.27880859375 1064.3250732421875 1064.3984375 1064.442626953125 1064.6854248046875 1065.307861328125 1065.7659912109375 1065.88330078125 1066.282470703125 1066.6685791015625 1066.95166015625 1067.76904296875 1068.3607177734375 1069.1436767578125 1070.284912109375 1072.0445556640625 1073.8101806640625 1074.7623291015625 1075.872802734375 1077.0179443359375 1078.869140625 1080.4476318359375 1081.2467041015625 1081.3668212890625 1082.117919921875
1065.066650390625 1064.833251953125 1065.03173828125 1064.691162109375 1064.614990234375 1064.561279296875 1064.590087890625 1064.5296630859375 1064.5379638671875 1064.4742431640625 1064.576904296875 1064.664794921875 1064.6312255859375 1064.607666015625 1064.61962890625 1064.6260986328125 1064.6436767578125 1064.6572265625 1064.7117919921875 1064.64794921875 1064.68017578125 1064.6070556640625 1064.510986328125 1064.2777099609375 1064.299560546875 1064.5985107421875 1064.7490234375 1065.13720703125 1065.6668701171875 1066.4036865234375 1067.2652587890625 1068.0343017578125 1068.1129150390625 1067.9566650390625 1068.3695068359375 1069.13134765625 1069.9820556640625 1070.801025390625 1072.159423828125 1073.5076904296875 1075.267822265625 1076.52099609375 1077.462646484375 1078.554443359375 1080.6400146484375 1082.413330078125 1083.280517578125 1083.7186279296875 1084.2608642578125
1065.16455078125 1064.91796875 1064.967529296875 1064.72021484375 1064.595703125 1064.6695556640625 1064.718994140625 1064.731689453125 1064.728515625 1064.826904296875 1064.8128662109375 1064.723876953125 1064.7083740234375 1064.7005615234375 1064.74072265625 1064.8548583984375 1064.640869140625 1064.5462646484375 1064.6689453125 1064.6204833984375 1064.60009765625 1064.4892578125 1064.4295654296875 1064.3203125 1064.7264404296875 1065.202880859375 1066.290283203125 1066.97802734375 1067.7156982421875 1068.493896484375 1068.9427490234375 1069.8543701171875 1070.299072265625 1069.9044189453125 1069.756591796875 1070.4315185546875 1071.8326416015625 1072.91015625 1073.7626953125 1075.0943603515625 1076.556884765625 1078.1622314453125 1079.337890625 1080.661865234375 1081.9134521484375 1083.5938720703125 1085.0537109375 1085.9830322265625 1087.2689208984375
1065.1287841796875 1064.9373779296875 1064.8504638671875 1064.8082275390625 1064.834228515625 1064.8692626953125 1064.9210205078125 1064.9266357421875 1064.7861328125 1064.711181640625 1064.689208984375 1064.72509765625 1064.708251953125 1064.745361328125 1064.8917236328125 1064.8970947265625 1064.800537109375 1064.4986572265625 1064.752685546875 1064.5875244140625 1064.5289306640625 1064.2606201171875 1064.17236328125 1064.50732421875 1064.988037109375 1066.5269775390625 1068.34375 1069.8875732421875 1070.23828125 1071.05029296875 1071.6571044921875 1071.957763671875 1072.4249267578125 1072.16064453125 1071.3919677734375 1071.7886962890625 1073.30810546875 1074.4342041015625 1075.5946044921875 1076.905517578125 1078.2996826171875 1080.2696533203125 1081.4854736328125 1082.3963623046875 1083.7890625 1085.482666015625 1087.2352294921875 1087.9998779296875 1089.7384033203125
1064.9842529296875 1064.900390625 1064.9473876953125 1065.0111083984375 1065.054931640625 1064.87646484375 1064.8031005859375 1064.8096923828125 1064.701904296875 1064.6435546875 1064.70947265625 1064.75390625 1064.658203125 1064.862548828125 1064.90283203125 1064.896728515625 1064.899658203125 1064.565673828125 1064.588623046875 1064.4249267578125 1064.223876953125 1064.092529296875 1064.3719482421875 1064.775390625 1066.363525390625 1068.6312255859375 1070.277587890625 1072.202880859375 1073.0791015625 1073.5780029296875 1074.5277099609375 1074.3245849609375 1074.552734375 1074.1812744140625 1073.0106201171875 1072.7904052734375 1074.2935791015625 1075.89501953125 1077.1650390625 1078.8382568359375 1080.090576171875 1081.60400390625 1083.415283203125 1084.536376953125 1085.97802734375 1087.252197265625 1088.9609375 1090.504150390625 1091.27294921875
1064.8013916015625 1065.0302734375 1065.0391845703125 1065.019775390625 1064.86181640625 1064.85009765625 1064.8944091796875 1064.918212890625 1064.5391845703125 1064.5860595703125 1064.620361328125 1064.670654296875 1064.6776123046875 1064.7109375 1064.8919677734375 1064.8387451171875 1064.8013916015625 1064.626708984375 1064.60791015625 1064.4356689453125 1064.6204833984375 1064.3526611328125 1064.4747314453125 1065.693359375 1067.59765625 1070.1405029296875 1072.197265625 1074.14013671875 1075.9052734375 1076.2645263671875 1077.3740234375 1077.0257568359375 1076.9591064453125 1076.4072265625 1074.7437744140625 1074.3326416015625 1075.548095703125 1076.8941650390625 1078.4154052734375 1080.1661376953125 1081.7420654296875 1083.53125 1084.64697265625 1086.607177734375 1087.9835205078125 1088.896728515625 1090.485107421875 1092.022705078125 1092.9384765625
1064.929443359375 1065.107666015625 1064.999755859375 1064.93408203125 1064.9381103515625 1065.073974609375 1065.119873046875 1064.806884765625 1064.4390869140625 1064.5155029296875 1064.4747314453125 1064.6973876953125 1064.761474609375 1064.693115234375 1064.841064453125 1064.8931884765625 1064.8387451171875 1064.859375 1064.8018798828125 1064.767578125 1065.3931884765625 1065.642578125 1066.33447265625 1068.127197265625 1069.904052734375 1071.883544921875 1073.9052734375 1075.998046875 1078.2645263671875 1079.1162109375 1079.759765625 1079.8470458984375 1079.3587646484375 1078.31982421875 1077.3944091796875 1077.3297119140625 1077.4169921875 1078.4881591796875 1080.0677490234375 1081.37939453125 1082.611572265625 1084.2305908203125 1086.0802001953125 1087.853759765625 1089.84765625 1090.7283935546875 1091.9483642578125 1093.4576416015625 1095.1444091796875
1065.1593017578125 1065.077392578125 1065.0516357421875 1065.1334228515625 1065.1719970703125 1065.1475830078125 1065.0098876953125 1064.835205078125 1064.4896240234375 1064.5560302734375 1064.635986328125 1064.84912109375 1065.13134765625 1065.2808837890625 1065.4415283203125 1065.4400634765625 1065.24169921875 1066.0548095703125 1066.5430908203125 1066.8865966796875 1067.58837890625 1068.5062255859375 1070.2061767578125 1071.6640625 1073.324462890625 1074.824951171875 1076.578369140625 1078.4586181640625 1080.337158203125 1081.9793701171875 1082.441650390625 1082.576171875 1081.650146484375 1080.9263916015625 1080.7935791015625 1080.680908203125 1080.7994384765625 1081.3636474609375 1082.585693359375 1083.9541015625 1084.8863525390625 1086.0447998046875 1087.5635986328125 1089.04345703125 1090.760986328125 1092.4580078125 1093.77880859375 1095.1417236328125 1096.7442626953125
1065.197998046875 1065.086181640625 1065.148193359375 1065.32080078125 1065.2962646484375 1065.2091064453125 1064.89306640625 1064.830810546875 1064.8408203125 1064.9329833984375 1065.1300048828125 1065.36572265625 1065.8397216796875 1066.0537109375 1066.774169921875 1067.4051513671875 1068.0301513671875 1068.6138916015625 1068.9989013671875 1069.4573974609375 1070.54638671875 1072.006103515625 1073.8726806640625 1075.309814453125 1076.794189453125 1078.48486328125 1080.191162109375 1081.7618408203125 1082.9476318359375 1084.4326171875 1085.16357421875 1085.1790771484375 1084.32373046875 1083.83203125 1083.8663330078125 1084.0433349609375 1084.4901123046875 1084.8402099609375 1085.945556640625 1087.1112060546875 1088.0606689453125 1089.2012939453125 1090.2900390625 1091.0946044921875 1092.4610595703125 1093.86865234375 1095.3603515625 1096.9140625 1098.226318359375
