avaframe/data/avaKot/Inputs/avaKot.asc
ncols        353
nrows        500
xllcorner    176963.431225063076
yllcorner    376271.475934431190
cellsize     4.997678230579
NODATA_value  -9999
[rows 360 to 379 of 500, columns 184 to 229 of 353]
1705.2110595703125 1706.31494140625 1707.468017578125 1707.3389892578125 1706.9169921875 1707.134033203125 1707.9150390625 1709.9720458984375 1712.237060546875 1714.43896484375 1717.9749755859375 1721.9959716796875 1724.531982421875 1727.0689697265625 1732.501953125 1748.0369873046875 1754.0849609375 1757.5660400390625 1756.6629638671875 1754.93701171875 1753.135986328125 1750.2979736328125 1746.875 1743.4859619140625 1739.845947265625 1735.10205078125 1731.8800048828125 1728.427978515625 1725.134033203125 1722.217041015625 1719.91796875 1717.60302734375 1715.512939453125 1713.3489990234375 1710.8580322265625 1707.6190185546875 1704.66796875 1701.4329833984375 1697.635986328125 1693.4229736328125 1689.35205078125 1686.0169677734375 1681.9849853515625 1678.1920166015625 1674.112060546875 1670.803955078125
1709.4580078125 1710.58203125 1711.363037109375 1710.7740478515625 1711.0579833984375 1711.6429443359375 1712.9560546875 1714.5689697265625 1716.68798828125 1719.240966796875 1722.697998046875 1726.405029296875 1729.3260498046875 1734.89697265625 1748.5760498046875 1756.2159423828125 1761.343994140625 1760.7130126953125 1760.1409912109375 1757.9549560546875 1755.64794921875 1752.2750244140625 1748.781005859375 1745.4000244140625 1741.927001953125 1736.56103515625 1733.3470458984375 1730.112060546875 1727.20703125 1724.6080322265625 1722.3050537109375 1720.2989501953125 1718.0670166015625 1715.125 1711.781005859375 1708.1280517578125 1704.9649658203125 1701.08203125 1697.18603515625 1693.5570068359375 1689.7979736328125 1686.4200439453125 1683.0419921875 1679.4090576171875 1675.3509521484375 1672.1590576171875
1713.5660400390625 1715.2039794921875 1715.4010009765625 1716.5880126953125 1716.1529541015625 1716.574951171875 1718.447021484375 1719.9019775390625 1721.552978515625 1723.8800048828125 1727.3079833984375 1730.998046875 1740.030029296875 1748.032958984375 1760.741943359375 1765.7659912109375 1766.0169677734375 1764.323974609375 1763.175048828125 1760.6800537109375 1757.22802734375 1754.5439453125 1751.137939453125 1747.7530517578125 1744.7939453125 1738.490966796875 1735.322998046875 1732.35205078125 1729.72705078125 1726.7640380859375 1724.7540283203125 1722.5179443359375 1719.25 1715.873046875 1711.9940185546875 1709.4200439453125 1706.6529541015625 1703.5689697265625 1700.1829833984375 1696.8740234375 1692.7430419921875 1688.9410400390625 1685.6619873046875 1681.573974609375 1677.8709716796875 1673.81396484375
1717.7740478515625 1719.178955078125 1720.2950439453125 1720.75 1721.2850341796875 1722.3719482421875 1723.4000244140625 1725.4310302734375 1726.677001953125 1729.572998046875 1735.5369873046875 1744.35498046875 1750.2559814453125 1761.925048828125 1769.8990478515625 1769.56494140625 1769.447998046875 1768.3280029296875 1766.0169677734375 1763.4420166015625 1760.2950439453125 1756.7889404296875 1753.7459716796875 1750.821044921875 1747.1719970703125 1740.572998046875 1737.551025390625 1733.968994140625 1731.7459716796875 1729.3509521484375 1726.9189453125 1723.625 1720.2440185546875 1718.2969970703125 1715.72705078125 1712.72998046875 1709.779052734375 1706.6109619140625 1703.4610595703125 1699.5419921875 1695.1290283203125 1691.5909423828125 1687.7020263671875 1683.7869873046875 1679.60400390625 1675.458984375
1722.3759765625 1723.762939453125 1724.8580322265625 1725.02099609375 1725.39794921875 1726.927001953125 1729.029052734375 1730.5799560546875 1733.238037109375 1738.240966796875 1746.5159912109375 1753.625 1757.9969482421875 1773.0050048828125 1773.81103515625 1773.4639892578125 1772.4990234375 1771.219970703125 1768.991943359375 1766.029052734375 1762.7320556640625 1759.593017578125 1756.491943359375 1753.4200439453125 1750.2230224609375 1743.18505859375 1740.29296875 1737.157958984375 1734.35400390625 1731.6669921875 1728.364990234375 1726.321044921875 1724.156005859375 1721.677978515625 1719.366943359375 1715.9560546875 1712.8890380859375 1709.8919677734375 1706.5059814453125 1702.4429931640625 1698.1259765625 1694.1500244140625 1690.1490478515625 1687.1910400390625 1682.4969482421875 1678.135986328125
1726.947998046875 1728.1600341796875 1729.70703125 1730.0660400390625 1730.81005859375 1732.2850341796875 1734.2120361328125 1737.196044921875 1742.4029541015625 1747.7740478515625 1756.43798828125 1761.093994140625 1774.9150390625 1777.864990234375 1777.68994140625 1777.0250244140625 1775.6629638671875 1774.115966796875 1771.8050537109375 1768.281982421875 1765.2769775390625 1762.4100341796875 1759.802001953125 1756.4329833984375 1752.885009765625 1746.1519775390625 1742.8089599609375 1739.85400390625 1736.9449462890625 1733.5770263671875 1731.5999755859375 1730.2080078125 1727.52099609375 1724.7869873046875 1721.8409423828125 1719.0159912109375 1715.9310302734375 1712.7509765625 1709.094970703125 1704.8509521484375 1700.68994140625 1697.4630126953125 1694.8170166015625 1689.9840087890625 1686.510986328125 1679.8809814453125
1733.14599609375 1734.4959716796875 1734.9639892578125 1735.958984375 1736.81103515625 1739.677978515625 1744.2340087890625 1750.925048828125 1756.5670166015625 1764.9639892578125 1774.405029296875 1781.4010009765625 1781.54296875 1781.4510498046875 1780.4649658203125 1779.0439453125 1777.18798828125 1773.8609619140625 1770.677001953125 1767.6719970703125 1765.3480224609375 1762.51904296875 1759.3170166015625 1755.7559814453125 1752.1080322265625 1745.39599609375 1742.2449951171875 1739.197998046875 1736.3349609375 1736.083984375 1733.927978515625 1731.3699951171875 1728.6829833984375 1725.6650390625 1722.4219970703125 1719.2330322265625 1715.7060546875 1711.572021484375 1707.3199462890625 1704.114990234375 1704.114990234375 1701.31298828125 1698.3599853515625 1693.43603515625 1685.8480224609375 1682.1590576171875
1737.4630126953125 1738.8299560546875 1739.9580078125 1739.946044921875 1742.3199462890625 1746.0689697265625 1752.8060302734375 1758.6610107421875 1764.8800048828125 1777.64404296875 1783.5069580078125 1784.5059814453125 1784.9990234375 1784.572998046875 1783.2650146484375 1781.262939453125 1779.1650390625 1776.093017578125 1773.2850341796875 1770.6639404296875 1768.0439453125 1764.8470458984375 1761.5240478515625 1759.4129638671875 1755.322021484375 1748.9730224609375 1744.9859619140625 1741.491943359375 1740.916015625 1740.83203125 1737.8690185546875 1735.2359619140625 1732.6739501953125 1729.498046875 1725.35205078125 1722.1839599609375 1718.343017578125 1714.45703125 1712.251953125 1707.7869873046875 1704.365966796875 1701.77197265625 1694.6180419921875 1690.02294921875 1685.2679443359375 1680.5169677734375
1741.7509765625 1744.5849609375 1744.6180419921875 1745.428955078125 1747.7779541015625 1752.989990234375 1759.2249755859375 1765.803955078125 1775.9300537109375 1785.9150390625 1787.6619873046875 1788.43505859375 1788 1786.7550048828125 1784.7860107421875 1782.5880126953125 1780.27197265625 1777.4969482421875 1775.198974609375 1772.615966796875 1769.68603515625 1766.56005859375 1763.614013671875 1760.3370361328125 1756.512939453125 1751.3389892578125 1747.5400390625 1745.2659912109375 1745.0069580078125 1744.27099609375 1742.0439453125 1738.8470458984375 1735.636962890625 1732.5150146484375 1729.1510009765625 1725.9410400390625 1721.9580078125 1718.06396484375 1714.4649658203125 1711.2779541015625 1708.427978515625 1704.3270263671875 1700.208984375 1694.5439453125 1687.095947265625 1681.5050048828125
1746.8919677734375 1748.2550048828125 1748.677001953125 1751.56396484375 1754.3809814453125 1759.008056640625 1764.362060546875 1776.2230224609375 1788.238037109375 1791.614990234375 1792.0880126953125 1791.4859619140625 1790.0980224609375 1788.3719482421875 1786.1490478515625 1783.7039794921875 1781.4840087890625 1778.98095703125 1776.7869873046875 1773.969970703125 1771.31201171875 1768.2530517578125 1765.489990234375 1762.739990234375 1758.373046875 1751.990966796875 1750.677978515625 1749.7130126953125 1749.613037109375 1748.25 1745.7049560546875 1742.386962890625 1739.2060546875 1735.9169921875 1732.1300048828125 1728.35205078125 1724.7750244140625 1721.220947265625 1718.008056640625 1714.6729736328125 1711.4210205078125 1707.9219970703125 1702.282958984375 1696.43701171875 1688.02197265625 1684.10302734375
1750.8160400390625 1752.6800537109375 1755.52197265625 1759.739013671875 1761.47802734375 1767.1739501953125 1773.70703125 1786.2359619140625 1794.45703125 1796.551025390625 1794.8170166015625 1793.383056640625 1791.8990478515625 1789.6510009765625 1787.6280517578125 1785.4010009765625 1783.4320068359375 1780.916015625 1778.6719970703125 1776.3060302734375 1773.823974609375 1770.4720458984375 1768.197998046875 1764.85498046875 1762.030029296875 1755.220947265625 1754.0009765625 1753.6500244140625 1754.6280517578125 1753.833984375 1749.9100341796875 1745.9520263671875 1742.3409423828125 1738.595947265625 1734.68798828125 1730.9100341796875 1726.968994140625 1723.260986328125 1720.862060546875 1717.885986328125 1714.98095703125 1710.906005859375 1705.154052734375 1697.8179931640625 1691.279052734375 1686.7320556640625
1756.35400390625 1759.5550537109375 1762.7110595703125 1765.5860595703125 1768.427978515625 1774.906005859375 1784.5479736328125 1795.2889404296875 1799.9990234375 1798.988037109375 1797.219970703125 1795.1590576171875 1793.2490234375 1791.3599853515625 1789.613037109375 1787.8499755859375 1785.93603515625 1783.8289794921875 1781.54296875 1779.3740234375 1777.0250244140625 1774.68896484375 1771.2120361328125 1768.7750244140625 1766.262939453125 1760.219970703125 1759.7020263671875 1759.8809814453125 1759.5350341796875 1757.2110595703125 1753.14794921875 1749.1700439453125 1744.9239501953125 1740.987060546875 1737.041015625 1733.2340087890625 1729.9820556640625 1726.509033203125 1723.79296875 1720.8310546875 1717.7049560546875 1713.68603515625 1707.4449462890625 1700.489990234375 1695.7960205078125 1692.824951171875
1764.06103515625 1766.2340087890625 1769.0260009765625 1772.594970703125 1777.3509521484375 1786.93896484375 1795.385009765625 1802.823974609375 1801.8759765625 1800.5379638671875 1798.740966796875 1797.0400390625 1795.8360595703125 1794.1610107421875 1792.748046875 1791.1810302734375 1789.0699462890625 1787.114013671875 1785.14599609375 1782.583984375 1780.6240234375 1777.5679931640625 1774.488037109375 1773.072021484375 1770.97802734375 1764.85498046875 1765.45703125 1766.4599609375 1764.302978515625 1760.72998046875 1756.3919677734375 1751.43505859375 1747.2099609375 1743.26904296875 1739.5279541015625 1735.958984375 1732.4730224609375 1729.470947265625 1726.2359619140625 1722.887939453125 1719.7359619140625 1715.616943359375 1709.5760498046875 1704.52197265625 1700.593994140625 1696.39404296875
1768.748046875 1772.3160400390625 1775.3929443359375 1779.14697265625 1785.5439453125 1794.06396484375 1801.906982421875 1805.7919921875 1803.68994140625 1801.89599609375 1800.1739501953125 1799.8919677734375 1798.7919921875 1797.47900390625 1796.2979736328125 1794.9229736328125 1793.2750244140625 1791.1629638671875 1788.718994140625 1786.31201171875 1783.6309814453125 1781.4949951171875 1779.0860595703125 1779.0350341796875 1776.6180419921875 1771.4329833984375 1771.68798828125 1771.4000244140625 1767.5 1763.5679931640625 1759.029052734375 1753.717041015625 1749.532958984375 1745.7969970703125 1742.239990234375 1739.468994140625 1735.5579833984375 1732.3330078125 1729.0250244140625 1725.85498046875 1722.2080078125 1718.14599609375 1713.404052734375 1709.6839599609375 1704.2060546875 1699.8280029296875
1774.8990478515625 1778.31396484375 1782.9549560546875 1786.4580078125 1791.5150146484375 1799.7879638671875 1806.5909423828125 1807.2919921875 1805.5660400390625 1803.68994140625 1803.1619873046875 1803.1419677734375 1802.529052734375 1803.0169677734375 1801.2130126953125 1799.9739990234375 1797.7969970703125 1795.1910400390625 1792.89599609375 1790.6619873046875 1788.491943359375 1786.345947265625 1784.623046875 1784.2440185546875 1783.4560546875 1776.97998046875 1776.844970703125 1774.3570556640625 1770.968994140625 1766.4930419921875 1762.1650390625 1759.2099609375 1753.031982421875 1749.095947265625 1745.385009765625 1741.72998046875 1738.4429931640625 1735.092041015625 1732.27294921875 1728.708984375 1725.2139892578125 1721.3289794921875 1717.093994140625 1713.083984375 1709.3590087890625 1704.27099609375
1779.5159912109375 1785.364990234375 1791.6500244140625 1794.2969970703125 1799.06005859375 1806.0770263671875 1812.802001953125 1809.386962890625 1807.6710205078125 1806.906005859375 1807.0989990234375 1806.9129638671875 1807.3699951171875 1807.2650146484375 1806.029052734375 1804.2889404296875 1801.967041015625 1799.9129638671875 1797.791015625 1795.2249755859375 1792.8819580078125 1791.074951171875 1789.9949951171875 1789.4599609375 1788.47900390625 1781.8819580078125 1780.781005859375 1778.906005859375 1776.0799560546875 1770.447021484375 1765.64404296875 1761.4639892578125 1756.7249755859375 1752.125 1748.29296875 1744.5870361328125 1741.5780029296875 1738.3079833984375 1734.7559814453125 1731.376953125 1729.137939453125 1725.06494140625 1721.18701171875 1717.7640380859375 1714.2449951171875 1708.1400146484375
1786.9449462890625 1791.6810302734375 1796.5989990234375 1799.4859619140625 1805.2850341796875 1812.72802734375 1813.949951171875 1811.81396484375 1810.7340087890625 1810.64599609375 1811.154052734375 1810.6939697265625 1811.696044921875 1811.7669677734375 1810 1807.91796875 1806.7640380859375 1804.862060546875 1802.06201171875 1800.386962890625 1798.1319580078125 1796.3929443359375 1794.5579833984375 1793.43798828125 1792.208984375 1786.511962890625 1785.4119873046875 1783.0159912109375 1778.987060546875 1774.3370361328125 1769.072998046875 1764.5980224609375 1760.0689697265625 1755.9129638671875 1751.468017578125 1747.6199951171875 1744.1839599609375 1740.697998046875 1738.0699462890625 1735.5260009765625 1732.4129638671875 1728.751953125 1725.43505859375 1721.9969482421875 1718.2960205078125 1714.06298828125
1790.9940185546875 1796.5849609375 1801.35498046875 1804.7020263671875 1812.4169921875 1816.3289794921875 1815.43603515625 1814.64404296875 1814.636962890625 1815.06396484375 1815.10400390625 1815.1820068359375 1815.7239990234375 1815.469970703125 1813.9969482421875 1812.1929931640625 1810.7989501953125 1809.3060302734375 1806.7230224609375 1804.8780517578125 1802.7430419921875 1800.741943359375 1799.0999755859375 1797.1710205078125 1795.3699951171875 1790.2960205078125 1788.27197265625 1785.4189453125 1781.4820556640625 1777.240966796875 1772.6810302734375 1768.074951171875 1763.3189697265625 1759.0810546875 1754.738037109375 1750.262939453125 1746.675048828125 1744.2449951171875 1741.677978515625 1739.22705078125 1736.291015625 1732.8780517578125 1730.0460205078125 1725.989013671875 1722.7559814453125 1718.6429443359375
1795.7969970703125 1801.5140380859375 1805.751953125 1810.595947265625 1816.302001953125 1818.657958984375 1818.1240234375 1818.376953125 1819.6400146484375 1819.6400146484375 1820.093994140625 1820.239013671875 1820.6719970703125 1819.6259765625 1818.0389404296875 1816.7259521484375 1815.2359619140625 1813.5810546875 1810.541015625 1808.906005859375 1806.6519775390625 1805.197021484375 1803.176025390625 1801.2530517578125 1799.1209716796875 1793.7760009765625 1791.447021484375 1787.7919921875 1784.197021484375 1780.1419677734375 1775.738037109375 1772.5560302734375 1766.906982421875 1762.5030517578125 1759.3480224609375 1753.2320556640625 1750.2020263671875 1748.6689453125 1747.031982421875 1744.051025390625 1740.887939453125 1736.2459716796875 1732.873046875 1728.3570556640625 1724.373046875 1719.7889404296875
1801.321044921875 1804.7769775390625 1808.7979736328125 1814.217041015625 1819.239990234375 1820.9129638671875 1821.3800048828125 1822.7740478515625 1823.9150390625 1824.2030029296875 1824.9310302734375 1825.14404296875 1825.2220458984375 1824.27099609375 1822.927001953125 1822.0400390625 1819.3590087890625 1817.6400146484375 1815.5780029296875 1813.6419677734375 1811.4010009765625 1809.2919921875 1806.75 1804.468994140625 1802.4010009765625 1796.9510498046875 1793.9219970703125 1790.532958984375 1786.718994140625 1782.843017578125 1777.8599853515625 1773.324951171875 1768.9210205078125 1764.865966796875 1760.948974609375 1757.70703125 1755.5 1753.2049560546875 1750.4169921875 1747.10205078125 1742.6669921875 1737.5570068359375 1732.0830078125 1726.9029541015625 1722.18994140625 1717.2960205078125
