avaframe/data/avaKot/Inputs/avaKot.asc
ncols        439
nrows        517
xllcorner    176973.437998359208
yllcorner    376237.836376162944
cellsize     4.997688906601
NODATA_value  -9999
[rows 105 to 125 of 517, columns 147 to 195 of 439]
1060.81884765625 1060.775634765625 1060.740966796875 1060.7418212890625 1060.69580078125 1060.6470947265625 1060.620849609375 1060.53759765625 1060.5040283203125 1060.42333984375 1060.40087890625 1060.4144287109375 1060.3515625 1060.2799072265625 1060.2364501953125 1060.1082763671875 1060.095458984375 1059.9661865234375 1059.984130859375 1059.869384765625 1059.84814453125 1059.78857421875 1059.744384765625 1059.6783447265625 1059.6605224609375 1059.63232421875 1059.516357421875 1059.3900146484375 1059.2392578125 1059.250244140625 1059.2989501953125 1059.3570556640625 1059.5018310546875 1059.4478759765625 1059.47802734375 1059.424072265625 1059.378662109375 1059.3876953125 1059.3441162109375 1059.2255859375 1059.1885986328125 1059.0872802734375 1058.978271484375 1058.9281005859375 1058.9122314453125 1058.793701171875 1058.736572265625 1058.6614990234375 1058.6580810546875
1060.789306640625 1060.8116455078125 1060.7886962890625 1060.7142333984375 1060.6107177734375 1060.63427734375 1060.611328125 1060.5255126953125 1060.5062255859375 1060.40087890625 1060.3297119140625 1060.364013671875 1060.3160400390625 1060.25927734375 1060.154052734375 1060.0999755859375 1060.000244140625 1059.987548828125 1059.8958740234375 1059.8408203125 1059.8160400390625 1059.7464599609375 1059.6939697265625 1059.5662841796875 1059.5145263671875 1059.4161376953125 1059.317626953125 1059.2841796875 1059.354736328125 1059.4595947265625 1059.5836181640625 1059.631591796875 1059.5421142578125 1059.4610595703125 1059.3184814453125 1059.3426513671875 1059.3428955078125 1059.3321533203125 1059.41259765625 1059.3651123046875 1059.39453125 1059.3360595703125 1059.1485595703125 1059.14892578125 1059.1112060546875 1059.018798828125 1058.9566650390625 1058.939453125 1058.94384765625
1060.775146484375 1060.7562255859375 1060.6669921875 1060.635498046875 1060.5267333984375 1060.530517578125 1060.489990234375 1060.437744140625 1060.4078369140625 1060.3624267578125 1060.275390625 1060.285888671875 1060.3177490234375 1060.2200927734375 1060.1192626953125 1060.0828857421875 1059.968994140625 1059.9207763671875 1059.8587646484375 1059.8765869140625 1059.784912109375 1059.729248046875 1059.5927734375 1059.504150390625 1059.39599609375 1059.325927734375 1059.3819580078125 1059.5313720703125 1059.648193359375 1059.668212890625 1059.755859375 1059.64599609375 1059.60791015625 1059.5589599609375 1059.3602294921875 1059.32177734375 1059.23681640625 1059.20947265625 1059.2396240234375 1059.2774658203125 1059.2591552734375 1059.2740478515625 1059.2381591796875 1059.1427001953125 1059.0892333984375 1059.013427734375 1058.9097900390625 1058.9151611328125 1058.9395751953125
1060.7255859375 1060.686767578125 1060.61474609375 1060.5589599609375 1060.53857421875 1060.4638671875 1060.4443359375 1060.4442138671875 1060.3853759765625 1060.365966796875 1060.3079833984375 1060.231689453125 1060.255126953125 1060.1976318359375 1060.1197509765625 1060.0498046875 1060.01708984375 1059.9449462890625 1059.9512939453125 1059.8623046875 1059.770751953125 1059.70068359375 1059.56494140625 1059.4906005859375 1059.4896240234375 1059.5501708984375 1059.6898193359375 1059.7764892578125 1059.7646484375 1059.7236328125 1059.6890869140625 1059.59033203125 1059.5543212890625 1059.5068359375 1059.440185546875 1059.30419921875 1059.1885986328125 1059.1214599609375 1059.1285400390625 1059.2259521484375 1059.2271728515625 1059.1746826171875 1059.11767578125 1059.023193359375 1058.8885498046875 1058.8082275390625 1058.83447265625 1058.8460693359375 1058.875
1060.609619140625 1060.592041015625 1060.55322265625 1060.5028076171875 1060.5059814453125 1060.458251953125 1060.441650390625 1060.433349609375 1060.375244140625 1060.34130859375 1060.260498046875 1060.1663818359375 1060.17041015625 1060.1494140625 1060.07373046875 1060.0535888671875 1060.02734375 1059.9058837890625 1059.891845703125 1059.781005859375 1059.74560546875 1059.689453125 1059.63232421875 1059.6080322265625 1059.708740234375 1059.77001953125 1059.8978271484375 1059.8570556640625 1059.7830810546875 1059.7137451171875 1059.5882568359375 1059.4952392578125 1059.412109375 1059.3896484375 1059.36474609375 1059.240966796875 1059.2054443359375 1059.0889892578125 1059.0528564453125 1059.0272216796875 1059.064208984375 1059.0203857421875 1058.849365234375 1058.7008056640625 1058.749755859375 1058.847900390625 1058.99365234375 1059.0042724609375 1058.97802734375
1060.536865234375 1060.557373046875 1060.488037109375 1060.4288330078125 1060.3846435546875 1060.398681640625 1060.346435546875 1060.3267822265625 1060.296630859375 1060.226806640625 1060.159423828125 1060.081787109375 1060.0989990234375 1060.095703125 1060.029052734375 1060.0177001953125 1059.9593505859375 1059.89013671875 1059.879150390625 1059.84326171875 1059.821044921875 1059.716064453125 1059.755126953125 1059.8712158203125 1059.882568359375 1059.8304443359375 1059.8551025390625 1059.814208984375 1059.74267578125 1059.6480712890625 1059.561767578125 1059.46923828125 1059.392578125 1059.3380126953125 1059.2313232421875 1059.2032470703125 1059.1529541015625 1059.1060791015625 1059.03369140625 1058.9512939453125 1058.8968505859375 1058.9388427734375 1058.9498291015625 1058.8524169921875 1059.0340576171875 1059.0946044921875 1059.1038818359375 1059.0894775390625 1059.0360107421875
1060.46240234375 1060.509033203125 1060.4693603515625 1060.36328125 1060.281005859375 1060.276123046875 1060.2242431640625 1060.2176513671875 1060.2325439453125 1060.178955078125 1060.150146484375 1060.1307373046875 1060.099853515625 1060.1512451171875 1060.153564453125 1060.146240234375 1060.117431640625 1060.0870361328125 1060.010498046875 1059.9671630859375 1059.8336181640625 1059.791259765625 1059.8529052734375 1059.9566650390625 1059.948974609375 1059.8695068359375 1059.753173828125 1059.654052734375 1059.5638427734375 1059.5069580078125 1059.4876708984375 1059.465576171875 1059.4754638671875 1059.350341796875 1059.2259521484375 1059.2310791015625 1059.1453857421875 1059.143798828125 1059.0198974609375 1059.10107421875 1059.2159423828125 1059.0499267578125 1059.072509765625 1059.2181396484375 1059.2032470703125 1059.146728515625 1059.11767578125 1059.083251953125 1059.0233154296875
1060.3763427734375 1060.3741455078125 1060.3712158203125 1060.318115234375 1060.281494140625 1060.284423828125 1060.30078125 1060.3328857421875 1060.3614501953125 1060.3687744140625 1060.373046875 1060.3426513671875 1060.2471923828125 1060.26171875 1060.2696533203125 1060.2108154296875 1060.1795654296875 1060.1083984375 1059.9967041015625 1059.8851318359375 1059.814453125 1059.8619384765625 1059.9088134765625 1059.9713134765625 1059.936279296875 1059.812744140625 1059.6988525390625 1059.658935546875 1059.585693359375 1059.567626953125 1059.5361328125 1059.5501708984375 1059.465576171875 1059.32666015625 1059.2691650390625 1059.32177734375 1059.2821044921875 1059.1727294921875 1059.1612548828125 1059.23291015625 1059.286376953125 1059.271728515625 1059.2271728515625 1059.2237548828125 1059.20068359375 1059.1497802734375 1059.0927734375 1059.0499267578125 1059.013916015625
1060.4102783203125 1060.4185791015625 1060.4486083984375 1060.43408203125 1060.4342041015625 1060.421875 1060.466064453125 1060.4798583984375 1060.478271484375 1060.4573974609375 1060.4329833984375 1060.388671875 1060.3123779296875 1060.290283203125 1060.267333984375 1060.22705078125 1060.15966796875 1060.0914306640625 1059.96630859375 1059.8265380859375 1059.8226318359375 1059.8753662109375 1059.86474609375 1059.87939453125 1059.8646240234375 1059.7796630859375 1059.7825927734375 1059.7503662109375 1059.7218017578125 1059.6624755859375 1059.5155029296875 1059.4609375 1059.3968505859375 1059.34619140625 1059.3306884765625 1059.2740478515625 1059.2191162109375 1059.1904296875 1059.26220703125 1059.3477783203125 1059.3385009765625 1059.2918701171875 1059.2587890625 1059.2413330078125 1059.239013671875 1059.1640625 1059.0753173828125 1059.0272216796875 1058.996337890625
1060.5523681640625 1060.55419921875 1060.5552978515625 1060.505859375 1060.4893798828125 1060.497802734375 1060.4835205078125 1060.4638671875 1060.4703369140625 1060.4744873046875 1060.466552734375 1060.44482421875 1060.3538818359375 1060.2396240234375 1060.207275390625 1060.1854248046875 1060.1353759765625 1060.0546875 1059.9320068359375 1059.94287109375 1059.952880859375 1059.9375 1059.974853515625 1059.8773193359375 1059.8228759765625 1059.7674560546875 1059.7154541015625 1059.7344970703125 1059.6309814453125 1059.477294921875 1059.408203125 1059.367919921875 1059.3924560546875 1059.387451171875 1059.3404541015625 1059.2861328125 1059.237548828125 1059.2864990234375 1059.3768310546875 1059.4031982421875 1059.3753662109375 1059.3262939453125 1059.2509765625 1059.2109375 1059.1693115234375 1059.1468505859375 1059.1011962890625 1059.0810546875 1059.0313720703125
1060.6536865234375 1060.5977783203125 1060.574951171875 1060.5260009765625 1060.4429931640625 1060.464599609375 1060.476318359375 1060.4814453125 1060.486328125 1060.49609375 1060.4625244140625 1060.4300537109375 1060.3419189453125 1060.1929931640625 1060.1595458984375 1060.2020263671875 1060.1700439453125 1060.1351318359375 1060.101806640625 1060.0665283203125 1060.0670166015625 1060.0941162109375 1060.0931396484375 1060.0128173828125 1059.8885498046875 1059.684814453125 1059.5408935546875 1059.599853515625 1059.58251953125 1059.46875 1059.4666748046875 1059.4927978515625 1059.4884033203125 1059.488037109375 1059.4476318359375 1059.410400390625 1059.3482666015625 1059.359619140625 1059.423828125 1059.3953857421875 1059.3907470703125 1059.3209228515625 1059.2503662109375 1059.2086181640625 1059.160888671875 1059.1363525390625 1059.0791015625 1059.08837890625 1059.0694580078125
1060.7408447265625 1060.70654296875 1060.71484375 1060.629638671875 1060.4820556640625 1060.42919921875 1060.42431640625 1060.451171875 1060.44287109375 1060.4755859375 1060.4525146484375 1060.3916015625 1060.3345947265625 1060.242919921875 1060.217529296875 1060.245361328125 1060.25 1060.2750244140625 1060.3753662109375 1060.2967529296875 1060.1326904296875 1060.1072998046875 1060.07373046875 1060.060302734375 1059.859130859375 1059.5965576171875 1059.5902099609375 1059.646484375 1059.665283203125 1059.6658935546875 1059.6585693359375 1059.6221923828125 1059.5516357421875 1059.5360107421875 1059.5230712890625 1059.4898681640625 1059.43115234375 1059.38427734375 1059.3978271484375 1059.3658447265625 1059.2899169921875 1059.2486572265625 1059.2015380859375 1059.156494140625 1059.0772705078125 1059.084716796875 1059.1461181640625 1059.120361328125 1059.14599609375
1060.739013671875 1060.7396240234375 1060.759521484375 1060.7481689453125 1060.6180419921875 1060.5234375 1060.444091796875 1060.436767578125 1060.4410400390625 1060.4473876953125 1060.4241943359375 1060.406982421875 1060.3936767578125 1060.3814697265625 1060.448974609375 1060.4730224609375 1060.400390625 1060.375732421875 1060.37890625 1060.2513427734375 1060.1402587890625 1060.1529541015625 1060.1375732421875 1060.0321044921875 1059.7791748046875 1059.64892578125 1059.7667236328125 1059.817138671875 1059.822265625 1059.8232421875 1059.73681640625 1059.6199951171875 1059.56298828125 1059.5723876953125 1059.5491943359375 1059.4832763671875 1059.455078125 1059.427978515625 1059.4224853515625 1059.413818359375 1059.364013671875 1059.325927734375 1059.27001953125 1059.203369140625 1059.1080322265625 1059.0357666015625 1059.1688232421875 1059.2518310546875 1059.173583984375
1060.6483154296875 1060.658447265625 1060.653076171875 1060.6866455078125 1060.6195068359375 1060.5224609375 1060.4718017578125 1060.4609375 1060.4283447265625 1060.3514404296875 1060.3551025390625 1060.4105224609375 1060.47607421875 1060.5052490234375 1060.54052734375 1060.5511474609375 1060.4349365234375 1060.3902587890625 1060.3397216796875 1060.260986328125 1060.2147216796875 1060.1934814453125 1060.1461181640625 1059.9383544921875 1059.7166748046875 1059.807373046875 1059.9669189453125 1059.9609375 1059.8760986328125 1059.78173828125 1059.6748046875 1059.6229248046875 1059.620849609375 1059.5999755859375 1059.5399169921875 1059.496826171875 1059.4970703125 1059.492919921875 1059.4464111328125 1059.4049072265625 1059.3836669921875 1059.3125 1059.2435302734375 1059.1531982421875 1059.15234375 1059.197998046875 1059.1976318359375 1059.16162109375 1059.1295166015625
1060.81396484375 1060.7974853515625 1060.727294921875 1060.7042236328125 1060.654296875 1060.583984375 1060.5615234375 1060.5472412109375 1060.4844970703125 1060.401611328125 1060.385009765625 1060.419921875 1060.513916015625 1060.599853515625 1060.591064453125 1060.513916015625 1060.44873046875 1060.3861083984375 1060.2662353515625 1060.2091064453125 1060.218994140625 1060.1551513671875 1060.0328369140625 1059.792236328125 1059.6986083984375 1059.8717041015625 1060.006591796875 1059.9583740234375 1059.8216552734375 1059.7197265625 1059.6737060546875 1059.6822509765625 1059.6788330078125 1059.6031494140625 1059.5784912109375 1059.6029052734375 1059.587158203125 1059.549560546875 1059.439697265625 1059.348876953125 1059.2838134765625 1059.2200927734375 1059.203125 1059.235595703125 1059.3095703125 1059.2635498046875 1059.1346435546875 1059.0902099609375 1059.1162109375
1060.7548828125 1060.8631591796875 1060.8746337890625 1060.8170166015625 1060.8118896484375 1060.77197265625 1060.7034912109375 1060.67919921875 1060.64599609375 1060.6109619140625 1060.523193359375 1060.4921875 1060.5565185546875 1060.5784912109375 1060.545166015625 1060.493408203125 1060.4246826171875 1060.29248046875 1060.2454833984375 1060.18994140625 1060.1640625 1060.02099609375 1059.8607177734375 1059.8167724609375 1059.8604736328125 1059.96630859375 1059.9886474609375 1059.9039306640625 1059.80419921875 1059.7408447265625 1059.73486328125 1059.72216796875 1059.6954345703125 1059.6484375 1059.6737060546875 1059.699951171875 1059.6416015625 1059.533203125 1059.4571533203125 1059.3658447265625 1059.3157958984375 1059.315673828125 1059.3599853515625 1059.35498046875 1059.2406005859375 1059.1793212890625 1059.1253662109375 1059.118896484375 1059.078857421875
1060.598876953125 1060.64794921875 1060.7783203125 1060.7655029296875 1060.78857421875 1060.7879638671875 1060.70751953125 1060.6519775390625 1060.627197265625 1060.5614013671875 1060.5062255859375 1060.4818115234375 1060.45263671875 1060.4930419921875 1060.4219970703125 1060.3677978515625 1060.25634765625 1060.151123046875 1060.1551513671875 1060.0841064453125 1060.0244140625 1059.9224853515625 1059.9437255859375 1060.055908203125 1060.029541015625 1059.95849609375 1059.9266357421875 1059.869384765625 1059.8499755859375 1059.794677734375 1059.74560546875 1059.735595703125 1059.7320556640625 1059.739990234375 1059.736328125 1059.686279296875 1059.6280517578125 1059.52783203125 1059.4976806640625 1059.472900390625 1059.462646484375 1059.4552001953125 1059.3448486328125 1059.22265625 1059.1875 1059.15625 1059.1287841796875 1059.0538330078125 1058.9847412109375
1060.5966796875 1060.4932861328125 1060.5328369140625 1060.606201171875 1060.6021728515625 1060.645263671875 1060.5804443359375 1060.4814453125 1060.4912109375 1060.4168701171875 1060.3409423828125 1060.3048095703125 1060.2720947265625 1060.2681884765625 1060.2176513671875 1060.15380859375 1060.1314697265625 1060.0888671875 1060.006103515625 1060.024658203125 1060.0618896484375 1060.1295166015625 1060.150390625 1060.122802734375 1060.046630859375 1059.9033203125 1059.8656005859375 1059.887451171875 1059.8570556640625 1059.792724609375 1059.749267578125 1059.74169921875 1059.7642822265625 1059.7611083984375 1059.7410888671875 1059.650634765625 1059.5958251953125 1059.6075439453125 1059.6263427734375 1059.5699462890625 1059.45654296875 1059.308349609375 1059.2138671875 1059.138427734375 1059.10107421875 1059.067626953125 1059.043701171875 1058.94287109375 1058.8468017578125
1060.586181640625 1060.494384765625 1060.36474609375 1060.3516845703125 1060.3392333984375 1060.3394775390625 1060.283447265625 1060.2181396484375 1060.197021484375 1060.154541015625 1060.0823974609375 1060.06201171875 1060.1024169921875 1060.086181640625 1060.114990234375 1060.0693359375 1060.0361328125 1060.019287109375 1060.0556640625 1060.2364501953125 1060.2955322265625 1060.25244140625 1060.1910400390625 1060.0418701171875 1059.966552734375 1059.8690185546875 1059.82763671875 1059.9036865234375 1059.86865234375 1059.8218994140625 1059.7979736328125 1059.74169921875 1059.741455078125 1059.7015380859375 1059.6827392578125 1059.6572265625 1059.701416015625 1059.6812744140625 1059.5780029296875 1059.41455078125 1059.3138427734375 1059.2135009765625 1059.107666015625 1059.021484375 1058.9957275390625 1059.0020751953125 1059.0465087890625 1058.9630126953125 1058.934326171875
1060.4493408203125 1060.3609619140625 1060.2490234375 1060.175537109375 1060.1553955078125 1060.1026611328125 1060.0914306640625 1060.052978515625 1060.0548095703125 1060.0697021484375 1060.0357666015625 1060.02783203125 1060.0679931640625 1060.087890625 1060.105712890625 1060.100341796875 1060.1219482421875 1060.19482421875 1060.1773681640625 1060.2333984375 1060.273193359375 1060.189453125 1060.1229248046875 1060.0277099609375 1059.9306640625 1059.87109375 1059.8743896484375 1059.9171142578125 1059.947998046875 1059.92041015625 1059.8582763671875 1059.7569580078125 1059.7142333984375 1059.6434326171875 1059.6993408203125 1059.7142333984375 1059.6746826171875 1059.54296875 1059.407470703125 1059.258544921875 1059.2027587890625 1059.1318359375 1059.0631103515625 1058.931640625 1059.02392578125 1059.1373291015625 1059.15869140625 1059.19677734375 1059.141845703125
1060.3646240234375 1060.3507080078125 1060.3533935546875 1060.31982421875 1060.356201171875 1060.2757568359375 1060.2657470703125 1060.187255859375 1060.228271484375 1060.2828369140625 1060.242431640625 1060.2205810546875 1060.2744140625 1060.257080078125 1060.2158203125 1060.2589111328125 1060.3250732421875 1060.344482421875 1060.3402099609375 1060.22216796875 1060.2554931640625 1060.17919921875 1060.09130859375 1059.9586181640625 1059.907470703125 1059.9310302734375 1059.94873046875 1059.9263916015625 1059.9420166015625 1059.891357421875 1059.809814453125 1059.749267578125 1059.7808837890625 1059.71240234375 1059.749755859375 1059.6514892578125 1059.4918212890625 1059.3316650390625 1059.2646484375 1059.193603515625 1059.1180419921875 1059.0919189453125 1059.054443359375 1059.071533203125 1059.232177734375 1059.2867431640625 1059.338134765625 1059.3121337890625 1059.3160400390625
