avaframe/data/avaKot/Inputs/avaKot.asc
ncols        439
nrows        517
xllcorner    176973.437998359208
yllcorner    376237.836376162944
cellsize     4.997688906601
NODATA_value  -9999
[rows 147 to 167 of 517, columns 147 to 195 of 439]
1060.703857421875 1060.6552734375 1060.6129150390625 1060.6221923828125 1060.5675048828125 1060.49169921875 1060.4608154296875 1060.458251953125 1060.4073486328125 1060.4017333984375 1060.434814453125 1060.4556884765625 1060.42041015625 1060.3336181640625 1060.2755126953125 1060.2440185546875 1060.2054443359375 1060.154296875 1060.1358642578125 1060.052001953125 1060.046142578125 1060.05517578125 1060.0123291015625 1059.945068359375 1059.9036865234375 1059.8404541015625 1059.8182373046875 1059.8023681640625 1059.7662353515625 1059.7186279296875 1059.6434326171875 1059.6038818359375 1059.537353515625 1059.501953125 1059.502197265625 1059.565185546875 1059.7174072265625 1059.696044921875 1059.5821533203125 1059.4866943359375 1059.4869384765625 1059.5723876953125 1059.6480712890625 1059.6546630859375 1059.5408935546875 1059.4835205078125 1059.477294921875 1059.4410400390625 1059.4332275390625
1060.6866455078125 1060.6534423828125 1060.6759033203125 1060.675048828125 1060.6500244140625 1060.626708984375 1060.544189453125 1060.4913330078125 1060.3843994140625 1060.1820068359375 1060.1544189453125 1060.27099609375 1060.334228515625 1060.3006591796875 1060.2913818359375 1060.2799072265625 1060.2332763671875 1060.1739501953125 1060.14306640625 1060.12890625 1060.05712890625 1060.0361328125 1059.935546875 1059.8858642578125 1059.8299560546875 1059.799072265625 1059.7867431640625 1059.78173828125 1059.715087890625 1059.6802978515625 1059.6146240234375 1059.595458984375 1059.5267333984375 1059.5177001953125 1059.5367431640625 1059.5556640625 1059.74072265625 1059.7586669921875 1059.585693359375 1059.6043701171875 1059.7552490234375 1060.0101318359375 1060.1422119140625 1060.33740234375 1060.064208984375 1059.7738037109375 1059.694091796875 1059.647216796875 1059.6705322265625
1060.69091796875 1060.7198486328125 1060.726318359375 1060.7060546875 1060.6778564453125 1060.659423828125 1060.6053466796875 1060.5364990234375 1060.4588623046875 1060.250732421875 1060.093017578125 1060.122802734375 1060.1060791015625 1060.1331787109375 1060.1107177734375 1060.1407470703125 1060.1390380859375 1060.111572265625 1060.0738525390625 1060.1207275390625 1060.087890625 1060.0452880859375 1059.9359130859375 1059.7852783203125 1059.761962890625 1059.7999267578125 1059.777099609375 1059.6920166015625 1059.6259765625 1059.6124267578125 1059.6053466796875 1059.6055908203125 1059.565185546875 1059.5498046875 1059.5560302734375 1059.56396484375 1059.820556640625 1059.8818359375 1059.78125 1059.9615478515625 1060.0406494140625 1060.064697265625 1060.190185546875 1060.3846435546875 1060.623779296875 1060.094482421875 1059.8846435546875 1059.8536376953125 1059.8912353515625
1060.7135009765625 1060.7021484375 1060.6885986328125 1060.6702880859375 1060.6378173828125 1060.6385498046875 1060.5916748046875 1060.444091796875 1060.4482421875 1060.4473876953125 1060.3211669921875 1060.26318359375 1060.2105712890625 1060.1846923828125 1060.0870361328125 1059.99169921875 1059.8868408203125 1059.8414306640625 1059.8419189453125 1059.8416748046875 1059.8035888671875 1059.8265380859375 1059.76953125 1059.717041015625 1059.7332763671875 1059.7154541015625 1059.6829833984375 1059.606689453125 1059.5880126953125 1059.5550537109375 1059.5670166015625 1059.6236572265625 1059.6207275390625 1059.5628662109375 1059.5941162109375 1059.7503662109375 1059.962890625 1060.0771484375 1060.0831298828125 1060.080322265625 1060.086669921875 1060.1358642578125 1060.3135986328125 1060.4095458984375 1060.859130859375 1060.8994140625 1060.4385986328125 1060.1864013671875 1060.1917724609375
1060.7197265625 1060.6761474609375 1060.6690673828125 1060.6458740234375 1060.6568603515625 1060.6412353515625 1060.6424560546875 1060.5267333984375 1060.5616455078125 1060.5833740234375 1060.5662841796875 1060.3973388671875 1060.3724365234375 1060.318603515625 1060.244873046875 1060.124267578125 1059.95703125 1059.9139404296875 1059.9232177734375 1059.87255859375 1059.8310546875 1059.7655029296875 1059.803955078125 1059.7471923828125 1059.710205078125 1059.636474609375 1059.638427734375 1059.6551513671875 1059.62939453125 1059.5943603515625 1059.599853515625 1059.6990966796875 1059.7696533203125 1059.928955078125 1059.9617919921875 1060.141357421875 1060.1129150390625 1060.1572265625 1060.04638671875 1060.046875 1060.10888671875 1060.254150390625 1060.3212890625 1060.462158203125 1060.9888916015625 1061.4183349609375 1061.28466796875 1060.9444580078125 1060.8626708984375
1060.703857421875 1060.6776123046875 1060.687255859375 1060.6739501953125 1060.7247314453125 1060.669189453125 1060.693603515625 1060.6785888671875 1060.642822265625 1060.605224609375 1060.5469970703125 1060.4429931640625 1060.3104248046875 1060.2467041015625 1060.272216796875 1060.2154541015625 1060.148193359375 1060.0452880859375 1059.9854736328125 1059.940673828125 1059.9273681640625 1059.885986328125 1059.809814453125 1059.7967529296875 1059.7880859375 1059.7647705078125 1059.7462158203125 1059.7628173828125 1059.7662353515625 1059.7718505859375 1059.9161376953125 1060.198486328125 1060.2423095703125 1060.3974609375 1060.328369140625 1060.1898193359375 1060.107421875 1059.970947265625 1059.8582763671875 1059.9796142578125 1060.1751708984375 1060.285400390625 1060.3511962890625 1060.4652099609375 1061.113525390625 1061.765625 1061.956787109375 1061.76904296875 1061.6934814453125
1060.686767578125 1060.6951904296875 1060.7169189453125 1060.7027587890625 1060.726318359375 1060.643310546875 1060.653076171875 1060.6597900390625 1060.59912109375 1060.5399169921875 1060.47900390625 1060.4486083984375 1060.20703125 1060.1348876953125 1060.1380615234375 1060.1519775390625 1060.1639404296875 1060.0655517578125 1060.00048828125 1060.00732421875 1059.9930419921875 1059.9342041015625 1059.907470703125 1059.90966796875 1059.8980712890625 1059.9189453125 1059.9097900390625 1060.00390625 1060.2476806640625 1060.3765869140625 1060.445556640625 1060.6082763671875 1060.4832763671875 1060.3470458984375 1060.1646728515625 1059.9500732421875 1059.861083984375 1059.7762451171875 1059.9237060546875 1060.2265625 1060.4296875 1060.4803466796875 1060.44287109375 1060.5797119140625 1061.2000732421875 1061.9998779296875 1062.414794921875 1062.5870361328125 1062.610107421875
1060.6431884765625 1060.6461181640625 1060.689697265625 1060.6728515625 1060.6484375 1060.5740966796875 1060.5572509765625 1060.5150146484375 1060.3739013671875 1060.3057861328125 1060.2398681640625 1060.1807861328125 1060.1527099609375 1060.050048828125 1059.99658203125 1060.028564453125 1060.077880859375 1060.0548095703125 1060.0377197265625 1060.0419921875 1060.072021484375 1060.04443359375 1060.076416015625 1060.08447265625 1060.0751953125 1060.1641845703125 1060.482421875 1060.5947265625 1060.6942138671875 1060.7689208984375 1060.635986328125 1060.5191650390625 1060.336181640625 1060.1502685546875 1059.9981689453125 1059.8531494140625 1059.787841796875 1059.8836669921875 1060.2835693359375 1060.6142578125 1060.6702880859375 1060.650146484375 1060.6883544921875 1060.9007568359375 1061.43017578125 1062.2799072265625 1062.82763671875 1063.0927734375 1063.24853515625
1060.6041259765625 1060.5980224609375 1060.6376953125 1060.6273193359375 1060.5899658203125 1060.529541015625 1060.4669189453125 1060.4241943359375 1060.1915283203125 1060.1365966796875 1060.0814208984375 1060.11865234375 1060.1512451171875 1060.1787109375 1060.057861328125 1060.0447998046875 1060.10107421875 1060.063720703125 1060.1427001953125 1060.247802734375 1060.289794921875 1060.3521728515625 1060.402099609375 1060.465087890625 1060.5946044921875 1060.6243896484375 1060.6395263671875 1060.6588134765625 1060.68212890625 1060.6416015625 1060.5264892578125 1060.3544921875 1060.25830078125 1060.0706787109375 1059.9085693359375 1059.74169921875 1059.84814453125 1060.275146484375 1060.6732177734375 1060.697265625 1060.7239990234375 1060.7652587890625 1060.915283203125 1061.1771240234375 1061.84130859375 1062.6270751953125 1063.2447509765625 1063.3848876953125 1063.3619384765625
1060.6207275390625 1060.619384765625 1060.6143798828125 1060.56982421875 1060.544189453125 1060.509033203125 1060.4573974609375 1060.42724609375 1060.2861328125 1060.2113037109375 1060.2479248046875 1060.210205078125 1060.236328125 1060.3172607421875 1060.3087158203125 1060.28759765625 1060.25146484375 1060.221435546875 1060.2762451171875 1060.42333984375 1060.4696044921875 1060.5626220703125 1060.63916015625 1060.6273193359375 1060.517822265625 1060.4710693359375 1060.421630859375 1060.4476318359375 1060.4810791015625 1060.4000244140625 1060.3328857421875 1060.228759765625 1060.0931396484375 1059.9140625 1059.7713623046875 1059.8515625 1060.2589111328125 1060.6898193359375 1060.72802734375 1060.703369140625 1060.758056640625 1060.8973388671875 1061.2008056640625 1061.6868896484375 1062.4244384765625 1063.264404296875 1063.441650390625 1063.315185546875 1063.1710205078125
1060.6331787109375 1060.642578125 1060.61328125 1060.5616455078125 1060.5616455078125 1060.540771484375 1060.4888916015625 1060.4263916015625 1060.3489990234375 1060.2451171875 1060.3974609375 1060.2310791015625 1060.2913818359375 1060.4354248046875 1060.5792236328125 1060.571533203125 1060.4415283203125 1060.448486328125 1060.509521484375 1060.63037109375 1060.65966796875 1060.6070556640625 1060.474853515625 1060.396484375 1060.3173828125 1060.39111328125 1060.367919921875 1060.3427734375 1060.3870849609375 1060.25390625 1060.143310546875 1060.06103515625 1059.8946533203125 1059.7896728515625 1059.8917236328125 1060.2989501953125 1060.7288818359375 1060.7777099609375 1060.7542724609375 1060.7708740234375 1060.986083984375 1061.3280029296875 1061.814453125 1062.4881591796875 1063.322021484375 1063.4185791015625 1063.2720947265625 1063.0802001953125 1062.633544921875
1060.69775390625 1060.67138671875 1060.64599609375 1060.6424560546875 1060.633544921875 1060.576171875 1060.5426025390625 1060.4669189453125 1060.4283447265625 1060.3836669921875 1060.652587890625 1060.60498046875 1060.712158203125 1060.787109375 1060.8509521484375 1060.8092041015625 1060.744384765625 1060.74072265625 1060.698486328125 1060.67626953125 1060.5361328125 1060.5667724609375 1060.5057373046875 1060.350341796875 1060.31103515625 1060.3743896484375 1060.3331298828125 1060.32666015625 1060.31103515625 1060.1954345703125 1060.021728515625 1059.85986328125 1059.802001953125 1059.917236328125 1060.2572021484375 1060.727783203125 1060.8287353515625 1060.7786865234375 1060.80322265625 1061.0145263671875 1061.3956298828125 1061.99609375 1062.6851806640625 1063.533203125 1063.4095458984375 1063.218505859375 1062.9658203125 1062.60400390625 1062.432373046875
1060.7978515625 1060.7655029296875 1060.769287109375 1060.7552490234375 1060.7509765625 1060.713134765625 1060.6953125 1060.642822265625 1060.623046875 1060.6192626953125 1060.8199462890625 1060.874755859375 1060.9716796875 1060.8968505859375 1060.8822021484375 1060.8428955078125 1060.7906494140625 1060.6934814453125 1060.61181640625 1060.6263427734375 1060.576416015625 1060.5225830078125 1060.4764404296875 1060.4022216796875 1060.3526611328125 1060.3760986328125 1060.3189697265625 1060.237060546875 1060.16357421875 1060.1024169921875 1059.9420166015625 1059.84375 1059.9573974609375 1060.2591552734375 1060.5804443359375 1060.843505859375 1060.8323974609375 1060.880615234375 1061.107421875 1061.5079345703125 1062.1092529296875 1062.91943359375 1063.6380615234375 1063.395751953125 1063.1517333984375 1062.742919921875 1062.479736328125 1062.433837890625 1062.3531494140625
1060.9320068359375 1060.9112548828125 1060.9024658203125 1060.8912353515625 1060.8955078125 1060.908935546875 1060.898681640625 1060.8851318359375 1060.8603515625 1060.874755859375 1060.8568115234375 1060.8563232421875 1060.8341064453125 1060.818115234375 1060.7791748046875 1060.6611328125 1060.7318115234375 1060.8734130859375 1060.6851806640625 1060.5875244140625 1060.502685546875 1060.6075439453125 1060.6146240234375 1060.5369873046875 1060.3695068359375 1060.2969970703125 1060.2293701171875 1060.1475830078125 1060.051025390625 1059.982177734375 1060.0477294921875 1060.150390625 1060.359619140625 1060.58642578125 1060.7222900390625 1060.8426513671875 1060.9298095703125 1061.1905517578125 1061.6519775390625 1062.15234375 1062.99072265625 1063.669677734375 1063.404052734375 1063.1234130859375 1062.6314697265625 1062.445556640625 1062.4375 1062.413818359375 1062.3106689453125
1061.067626953125 1061.05126953125 1061.03173828125 1061.0233154296875 1061.0667724609375 1061.103271484375 1061.14794921875 1061.1116943359375 1061.024169921875 1060.98583984375 1060.9014892578125 1060.8232421875 1060.69775390625 1060.654541015625 1060.6744384765625 1060.710693359375 1060.7369384765625 1060.7330322265625 1060.6617431640625 1060.524169921875 1060.5484619140625 1060.6221923828125 1060.561767578125 1060.3719482421875 1060.283203125 1060.223876953125 1060.1783447265625 1060.0814208984375 1059.97509765625 1060.05224609375 1060.3372802734375 1060.5745849609375 1060.64208984375 1060.697265625 1060.765380859375 1060.8988037109375 1061.1771240234375 1061.6917724609375 1062.28466796875 1063.0538330078125 1063.6922607421875 1063.4764404296875 1063.1546630859375 1062.7750244140625 1062.6029052734375 1062.4703369140625 1062.4521484375 1062.4844970703125 1062.3623046875
1061.1390380859375 1061.16845703125 1061.2392578125 1061.3094482421875 1061.3275146484375 1061.2994384765625 1061.2750244140625 1061.1851806640625 1061.0975341796875 1060.9395751953125 1060.860595703125 1060.867919921875 1060.833984375 1060.8035888671875 1060.8206787109375 1060.7855224609375 1060.7431640625 1060.6849365234375 1060.6373291015625 1060.5560302734375 1060.4847412109375 1060.4239501953125 1060.3414306640625 1060.249755859375 1060.21826171875 1060.15966796875 1060.11376953125 1060.0234375 1060.1470947265625 1060.419189453125 1060.6685791015625 1060.772216796875 1060.7001953125 1060.728759765625 1060.8677978515625 1061.074951171875 1061.5877685546875 1062.241455078125 1063.0709228515625 1063.732177734375 1063.521728515625 1063.2518310546875 1062.9095458984375 1062.7822265625 1062.5902099609375 1062.5177001953125 1062.5472412109375 1062.5609130859375 1062.572509765625
1061.3798828125 1061.4598388671875 1061.462646484375 1061.4647216796875 1061.3663330078125 1061.3043212890625 1061.218505859375 1061.1610107421875 1061.1405029296875 1061.0369873046875 1061.0216064453125 1061.00146484375 1060.9525146484375 1060.8800048828125 1060.801025390625 1060.72412109375 1060.6556396484375 1060.595703125 1060.52587890625 1060.415283203125 1060.341796875 1060.3043212890625 1060.2496337890625 1060.199462890625 1060.167724609375 1060.095703125 1060.0863037109375 1060.282958984375 1060.5679931640625 1060.771728515625 1060.804443359375 1060.7540283203125 1060.7559814453125 1060.8470458984375 1061.04541015625 1061.4080810546875 1062.056640625 1062.8880615234375 1063.679443359375 1063.587890625 1063.318359375 1063.0198974609375 1062.8896484375 1062.7530517578125 1062.65087890625 1062.6046142578125 1062.5560302734375 1062.5704345703125 1062.6171875
1061.4354248046875 1061.341796875 1061.29833984375 1061.2413330078125 1061.2022705078125 1061.209228515625 1061.1826171875 1061.1640625 1061.1754150390625 1061.1334228515625 1061 1060.90673828125 1060.8568115234375 1060.7918701171875 1060.6732177734375 1060.56640625 1060.47900390625 1060.3873291015625 1060.3309326171875 1060.297119140625 1060.2530517578125 1060.2471923828125 1060.24853515625 1060.2099609375 1060.1771240234375 1060.218994140625 1060.4058837890625 1060.6734619140625 1060.8480224609375 1060.883056640625 1060.8330078125 1060.7744140625 1060.8641357421875 1061.043701171875 1061.3375244140625 1061.830810546875 1062.600830078125 1063.4580078125 1063.676025390625 1063.3907470703125 1063.1112060546875 1062.9393310546875 1062.8779296875 1062.790283203125 1062.690673828125 1062.6063232421875 1062.5699462890625 1062.59423828125 1062.606689453125
1061.228515625 1061.177734375 1061.1024169921875 1061.0142822265625 1061.0267333984375 1061.086669921875 1061.0687255859375 1061.0277099609375 1061.08251953125 1061.031005859375 1060.807373046875 1060.6990966796875 1060.636474609375 1060.5660400390625 1060.4776611328125 1060.424072265625 1060.37353515625 1060.3455810546875 1060.344482421875 1060.335205078125 1060.33251953125 1060.3616943359375 1060.368408203125 1060.3721923828125 1060.465087890625 1060.61572265625 1060.77978515625 1060.8897705078125 1060.9061279296875 1060.865234375 1060.8953857421875 1060.923828125 1060.9822998046875 1061.224609375 1061.65576171875 1062.3160400390625 1063.253662109375 1063.736328125 1063.472900390625 1063.1944580078125 1062.9918212890625 1062.966796875 1062.8826904296875 1062.772705078125 1062.6888427734375 1062.632080078125 1062.621826171875 1062.630859375 1062.7109375
1061.1463623046875 1061.101318359375 1061.04052734375 1060.997802734375 1060.97509765625 1060.96923828125 1060.9127197265625 1060.839111328125 1060.846923828125 1060.8223876953125 1060.61279296875 1060.43310546875 1060.354248046875 1060.364501953125 1060.3812255859375 1060.376220703125 1060.4168701171875 1060.424072265625 1060.4486083984375 1060.51025390625 1060.4781494140625 1060.421630859375 1060.51025390625 1060.66943359375 1060.8150634765625 1060.89892578125 1060.8914794921875 1060.88623046875 1060.903076171875 1060.9327392578125 1061.0184326171875 1061.0360107421875 1061.0819091796875 1061.4000244140625 1062.0079345703125 1062.958251953125 1063.6705322265625 1063.573974609375 1063.282958984375 1063.06103515625 1063.050048828125 1062.997802734375 1062.8779296875 1062.7635498046875 1062.6800537109375 1062.643798828125 1062.6199951171875 1062.616943359375 1062.72607421875
1060.994140625 1060.99462890625 1060.9951171875 1060.9869384765625 1060.9771728515625 1060.90234375 1060.7939453125 1060.7117919921875 1060.6641845703125 1060.638427734375 1060.4869384765625 1060.3507080078125 1060.37939453125 1060.4342041015625 1060.465087890625 1060.5283203125 1060.625732421875 1060.6319580078125 1060.599609375 1060.5582275390625 1060.491943359375 1060.5009765625 1060.671142578125 1060.864013671875 1060.946533203125 1060.9266357421875 1060.9012451171875 1060.930908203125 1061.046142578125 1061.136962890625 1061.1337890625 1061.1070556640625 1061.24267578125 1061.68408203125 1062.5655517578125 1063.46728515625 1063.713134765625 1063.4207763671875 1063.169189453125 1063.1090087890625 1063.0657958984375 1062.9766845703125 1062.8804931640625 1062.7904052734375 1062.686767578125 1062.6243896484375 1062.5767822265625 1062.5826416015625 1062.7080078125
