avaframe/data/avaKot/Inputs/avaKot.asc
ncols        353
nrows        500
xllcorner    176963.431225063076
yllcorner    376271.475934431190
cellsize     4.997678230579
NODATA_value  -9999
[rows 360 to 379 of 500, columns 46 to 91 of 353]
1576.5789794921875 1577.3690185546875 1577.844970703125 1580.3360595703125 1582.8480224609375 1585.155029296875 1587.2659912109375 1586.8270263671875 1583.0400390625 1586.572021484375 1592.93701171875 1593.802001953125 1592.7950439453125 1594.303955078125 1595.0849609375 1597.488037109375 1599.27294921875 1598.738037109375 1597.97705078125 1598.0989990234375 1593.9439697265625 1594.4329833984375 1593.56396484375 1577.5570068359375 1571.4090576171875 1568.1409912109375 1563.5980224609375 1534.0999755859375 1511.56494140625 1514.1190185546875 1520.876953125 1533.39404296875 1536.2860107421875 1539.01904296875 1543.7840576171875 1549.95703125 1554.2110595703125 1557.5419921875 1562.427978515625 1569.958984375 1576.3580322265625 1581.02197265625 1587.699951171875 1600.343017578125 1604.208984375 1607.64794921875
1580.0689697265625 1580.958984375 1581.501953125 1583.425048828125 1585.6190185546875 1591.9930419921875 1600.18798828125 1586.8270263671875 1589.447021484375 1599.010009765625 1601.998046875 1605.906005859375 1607.4310302734375 1608.0909423828125 1605.2750244140625 1603.677978515625 1603.2060546875 1604.5350341796875 1604.4639892578125 1606.884033203125 1603.56494140625 1601.1500244140625 1598.9300537109375 1591.43701171875 1579.3289794921875 1571.72705078125 1567.68994140625 1555.2850341796875 1515.510009765625 1517.52099609375 1526.9410400390625 1533.135009765625 1536.27294921875 1540.031005859375 1544.2230224609375 1550.10302734375 1554.0360107421875 1560.7020263671875 1567.2130126953125 1573.845947265625 1578.029052734375 1583.7840576171875 1592.0970458984375 1598.6419677734375 1602.052001953125 1607.468994140625
1585.823974609375 1586.60498046875 1586.60498046875 1587.5670166015625 1592.0179443359375 1604.4599609375 1609.675048828125 1600.4639892578125 1605.449951171875 1609.8050537109375 1612.0069580078125 1610.3070068359375 1614.3399658203125 1616.613037109375 1616.655029296875 1613.4530029296875 1609.3160400390625 1608.677001953125 1610.7159423828125 1612.196044921875 1610.35205078125 1609.0279541015625 1605.655029296875 1598.553955078125 1588.928955078125 1574.1719970703125 1565.6290283203125 1560.2669677734375 1536.612060546875 1518.677978515625 1526.7359619140625 1532.60400390625 1536.2320556640625 1541.47705078125 1546.7340087890625 1550.198974609375 1553.5050048828125 1560.4720458984375 1569.344970703125 1573.1600341796875 1577.4229736328125 1583.1319580078125 1590.35400390625 1596.35205078125 1599.865966796875 1605.02001953125
1594.637939453125 1598.68798828125 1606.699951171875 1609.762939453125 1611.7230224609375 1614.2230224609375 1617.5489501953125 1614.5989990234375 1616.0660400390625 1619.3089599609375 1619.468017578125 1620.8299560546875 1623.6219482421875 1621.2860107421875 1617.5489501953125 1614.3599853515625 1614.5030517578125 1616.8809814453125 1616.446044921875 1616.112060546875 1614.6109619140625 1611.2679443359375 1603.6490478515625 1593.76904296875 1586.094970703125 1563.614990234375 1558.3699951171875 1547.18994140625 1518.0009765625 1525.573974609375 1530.1800537109375 1536.6240234375 1541.5140380859375 1547.1689453125 1550.529052734375 1553.7469482421875 1564.2080078125 1568.5260009765625 1572.2490234375 1577.1929931640625 1582.8189697265625 1586.4010009765625 1594.1949462890625 1598.4539794921875 1605.0989990234375 1611.8740234375
1606.5989990234375 1611.89501953125 1615.626953125 1616.8599853515625 1617.615966796875 1619.468017578125 1622.1419677734375 1619.5050048828125 1622.56005859375 1625.260009765625 1627.571044921875 1626.176025390625 1628.3399658203125 1624.947021484375 1621.93798828125 1623.927001953125 1623.2330322265625 1622.343017578125 1621.156005859375 1619.1209716796875 1614.56103515625 1611.5770263671875 1605.240966796875 1594.9139404296875 1586.3499755859375 1577.8909912109375 1558.782958984375 1551.9630126953125 1527.751953125 1523.5469970703125 1531.237060546875 1537.051025390625 1542.7099609375 1546.6300048828125 1550.8759765625 1560.93994140625 1566.56494140625 1569.1400146484375 1576.156982421875 1581.8330078125 1586.39599609375 1590.4169921875 1593.677001953125 1596.93701171875 1602.1070556640625 1609.864013671875
1612.8480224609375 1616.0660400390625 1618.677978515625 1620.8299560546875 1623.6300048828125 1625.2979736328125 1627.0279541015625 1624.4029541015625 1627.91796875 1630.43798828125 1633.6689453125 1635.407958984375 1633.7359619140625 1629.1719970703125 1627.0159912109375 1627.9100341796875 1627.446044921875 1625.4820556640625 1623.781005859375 1621.0350341796875 1615.8780517578125 1610.7869873046875 1604.0419921875 1602.302978515625 1598.1529541015625 1589.718994140625 1558.654052734375 1554.1820068359375 1537.9239501953125 1524.219970703125 1533.4019775390625 1538.9439697265625 1545.155029296875 1547.8330078125 1553.166015625 1567.5140380859375 1573.43994140625 1577.531982421875 1580.2860107421875 1585.1929931640625 1589.22998046875 1592.0009765625 1594.6419677734375 1599.2440185546875 1603.197021484375 1608.4169921875
1617.6199951171875 1619.530029296875 1622.864990234375 1625.0469970703125 1627.18701171875 1630.071044921875 1632.4610595703125 1629.948974609375 1634.5469970703125 1637.4100341796875 1638.1700439453125 1638.91796875 1638.5379638671875 1634.7010498046875 1633.3050537109375 1632.31494140625 1631.6590576171875 1629.4940185546875 1626.31298828125 1623.345947265625 1618.60302734375 1611.97802734375 1609.2490234375 1608.447021484375 1607.85302734375 1601.6219482421875 1555.7869873046875 1550.68798828125 1540.531982421875 1526.4100341796875 1538.72705078125 1541.7900390625 1545.4969482421875 1549.238037109375 1557.1240234375 1573.7960205078125 1580.218994140625 1582.9940185546875 1584.7330322265625 1588.0679931640625 1590.64697265625 1593.7349853515625 1597.3380126953125 1602.010009765625 1605.2120361328125 1608.5469970703125
1621.4610595703125 1623.655029296875 1626.1839599609375 1628.4239501953125 1630.862060546875 1632.9229736328125 1635.384033203125 1634.2879638671875 1638.530029296875 1640.8370361328125 1641.6390380859375 1642.6419677734375 1642.6300048828125 1640.176025390625 1637.4969482421875 1636.56103515625 1637.8990478515625 1635.4239501953125 1631.529052734375 1629.1259765625 1624.2149658203125 1616.968017578125 1617.657958984375 1622.987060546875 1621.3780517578125 1616.3409423828125 1601.345947265625 1564.8060302734375 1553.0450439453125 1534.60205078125 1539.592041015625 1542.0369873046875 1549.22900390625 1550.91796875 1560.802001953125 1578.8399658203125 1582.489013671875 1585.2259521484375 1587.407958984375 1589.4429931640625 1592.886962890625 1596.7449951171875 1599.5909423828125 1603.0550537109375 1607.113037109375 1610.967041015625
1621.66796875 1625.93603515625 1628.3800048828125 1630.9320068359375 1633.0479736328125 1635.5050048828125 1638.3590087890625 1638.125 1642.0419921875 1644.6240234375 1645.06396484375 1645.0980224609375 1644.7159423828125 1642.780029296875 1641.573974609375 1641.196044921875 1641.3480224609375 1638.613037109375 1638.3189697265625 1637.01904296875 1635.23095703125 1623.343017578125 1625.612060546875 1628.3399658203125 1629.9410400390625 1623.06298828125 1614.2249755859375 1597.032958984375 1566.1800537109375 1561.864013671875 1546.1209716796875 1547.60400390625 1552.2640380859375 1553.8349609375 1575.178955078125 1578.8360595703125 1583.488037109375 1587.9720458984375 1592.0589599609375 1593.7060546875 1597.175048828125 1599.33203125 1601.676025390625 1605.9429931640625 1610.26904296875 1613.529052734375
1622.9539794921875 1626.5389404296875 1629.9339599609375 1632.510009765625 1635.8299560546875 1639.553955078125 1643.8699951171875 1641.64599609375 1646.385009765625 1646.803955078125 1646.72998046875 1647.0379638671875 1647.06494140625 1646.2559814453125 1645.822998046875 1644.7969970703125 1645.7449951171875 1643.56201171875 1642.89501953125 1641.801025390625 1640.5589599609375 1633.9150390625 1640.3260498046875 1634.009033203125 1634.0970458984375 1627.4189453125 1617.2919921875 1606.592041015625 1593.864990234375 1577.9219970703125 1566.48095703125 1555.58203125 1559.2239990234375 1561.5899658203125 1573.2239990234375 1576.947021484375 1581.3509521484375 1596.5589599609375 1598.427001953125 1599.699951171875 1599.60205078125 1601.58203125 1604.3990478515625 1608.012939453125 1612.9549560546875 1618.239013671875
1621.9219970703125 1626.383056640625 1630.366943359375 1634.4830322265625 1640.6739501953125 1644.008056640625 1646.3780517578125 1644.75 1647.5250244140625 1648.5369873046875 1648.6519775390625 1649.0989990234375 1649.9520263671875 1649.8409423828125 1650.2130126953125 1648.927001953125 1650.0269775390625 1649.2139892578125 1647.2039794921875 1645.9990234375 1644.583984375 1642.9759521484375 1647.5250244140625 1642.302001953125 1639.126953125 1625.551025390625 1619.2889404296875 1608.4739990234375 1601.9310302734375 1592.6290283203125 1575.18701171875 1557.9539794921875 1564.31103515625 1567.3270263671875 1572.156982421875 1575.634033203125 1584.279052734375 1591.7149658203125 1596.1729736328125 1598.7659912109375 1601.5419921875 1604.18505859375 1606.998046875 1610.260986328125 1614.376953125 1621.248046875
1615.9310302734375 1625.3370361328125 1628.593994140625 1636.656005859375 1644.68896484375 1646.6590576171875 1648.032958984375 1648.06298828125 1649.1400146484375 1650.137939453125 1650.81494140625 1651.958984375 1652.5279541015625 1653.2490234375 1653.4759521484375 1654.0069580078125 1654.383056640625 1654.177001953125 1652.43994140625 1650.947021484375 1650.8050537109375 1647.89794921875 1650.2330322265625 1646.885009765625 1638.010009765625 1625.824951171875 1619.634033203125 1613.362060546875 1608.6800537109375 1606.06005859375 1580.1219482421875 1561.4239501953125 1566.48095703125 1569.9639892578125 1572.2249755859375 1575.199951171875 1583.9229736328125 1589.220947265625 1594.613037109375 1597.177978515625 1600.35400390625 1602.7030029296875 1605.77294921875 1610.6810302734375 1615.2440185546875 1620.574951171875
1614.5570068359375 1621.6209716796875 1625.864990234375 1638.18603515625 1645.6839599609375 1648.4530029296875 1650.3719482421875 1649.7860107421875 1650.72705078125 1652.342041015625 1653.81396484375 1654.4239501953125 1655.175048828125 1655.573974609375 1655.9639892578125 1656.4580078125 1657.071044921875 1657.551025390625 1655.2359619140625 1655.2230224609375 1654.5760498046875 1652.041015625 1648.385009765625 1644.4549560546875 1637.7060546875 1628.14697265625 1619.1600341796875 1615.64599609375 1615.5450439453125 1614.0830078125 1586.833984375 1573.3590087890625 1569.0970458984375 1570.6949462890625 1573.7919921875 1581.06298828125 1587.6800537109375 1592.344970703125 1596.68798828125 1599.3690185546875 1601.927001953125 1604.364990234375 1609.573974609375 1613.0369873046875 1620.842041015625 1625.7230224609375
1613.93701171875 1620.0670166015625 1624.1490478515625 1637.4649658203125 1646.0830078125 1648.1180419921875 1644.969970703125 1650.781005859375 1653.2149658203125 1654.2039794921875 1655.5169677734375 1655.7979736328125 1657.0770263671875 1657.7099609375 1658.760009765625 1659.2640380859375 1659.5250244140625 1660.01904296875 1660.3270263671875 1659.1729736328125 1655.387939453125 1650.85302734375 1646.41796875 1641.822021484375 1637.6719970703125 1628.0589599609375 1622.89697265625 1620.43896484375 1620.1820068359375 1616.4859619140625 1602.0419921875 1582.2779541015625 1571.051025390625 1572.803955078125 1582.217041015625 1590.676025390625 1594.656982421875 1596.6669921875 1599.2669677734375 1602.262939453125 1604.990966796875 1609.2149658203125 1614.43798828125 1619.93505859375 1625.302978515625 1630.1199951171875
1611.448974609375 1618.333984375 1621.427978515625 1634.5240478515625 1643.947021484375 1644.3709716796875 1639.8719482421875 1646.9129638671875 1650.52099609375 1652.3759765625 1654.156005859375 1656.741943359375 1659.758056640625 1662.1280517578125 1662.3070068359375 1662.7740478515625 1662.458984375 1662.5340576171875 1662.614990234375 1662.14794921875 1655.9100341796875 1650.2130126953125 1644.7900390625 1640.77197265625 1634.175048828125 1630.5810546875 1632.781005859375 1632.114013671875 1627.157958984375 1618.4119873046875 1612.5970458984375 1595.47900390625 1575.4639892578125 1577.1810302734375 1584.3399658203125 1592.1319580078125 1598.4610595703125 1601.85595703125 1608.89404296875 1613.5880126953125 1613.5880126953125 1616.14404296875 1622.947998046875 1628.77294921875 1631.5689697265625 1634.04296875
1610.0340576171875 1614.509033203125 1619.751953125 1632.6619873046875 1640.427001953125 1635.7760009765625 1636.0909423828125 1643.2230224609375 1646.4730224609375 1648.927001953125 1650.83203125 1654.7760009765625 1659.0369873046875 1666.656982421875 1668.0780029296875 1667.7230224609375 1668.4100341796875 1667.3909912109375 1666.217041015625 1665.8809814453125 1659.6910400390625 1658.2320556640625 1655.22900390625 1641.2530517578125 1636.6259765625 1637.1910400390625 1637.197998046875 1633.595947265625 1627.4659423828125 1617.0439453125 1613.5579833984375 1597.625 1580.9610595703125 1579.81103515625 1585.865966796875 1592.8759765625 1606.2969970703125 1611.737060546875 1617.0169677734375 1621.948974609375 1621.5560302734375 1619.4610595703125 1627.85205078125 1633.9210205078125 1636.5040283203125 1638.031005859375
1608.260986328125 1612.240966796875 1620.0810546875 1629.9539794921875 1635.0689697265625 1628.4339599609375 1632.1209716796875 1639.239013671875 1642.1739501953125 1644.4749755859375 1648.3170166015625 1651.5469970703125 1662.4320068359375 1668.572998046875 1670.4439697265625 1671.137939453125 1671.8389892578125 1672.511962890625 1670.345947265625 1669.446044921875 1665.583984375 1664.4090576171875 1655.822021484375 1645.498046875 1641.7540283203125 1641.300048828125 1637.7969970703125 1633.322021484375 1628.7120361328125 1614.9759521484375 1609.1199951171875 1599.260009765625 1587.886962890625 1581.2559814453125 1587.5279541015625 1592.531005859375 1611.7879638671875 1616.6309814453125 1620.802001953125 1626.718017578125 1629.8800048828125 1632.5880126953125 1633.60302734375 1637.1070556640625 1640.0780029296875 1641.801025390625
1608.053955078125 1611.009033203125 1620.5140380859375 1626.498046875 1621.68798828125 1624.9449462890625 1628.251953125 1635.6710205078125 1637.987060546875 1641.7740478515625 1645.7239990234375 1651.593994140625 1662.3480224609375 1665.7359619140625 1669.5849609375 1673.406005859375 1674.366943359375 1674.16796875 1673.822021484375 1672.447998046875 1669.1650390625 1668.3050537109375 1661.4539794921875 1649.77294921875 1646.550048828125 1642.501953125 1639.1209716796875 1635.6920166015625 1631.260986328125 1621.6209716796875 1609.68603515625 1598.8470458984375 1591.4949951171875 1581.2359619140625 1586.27197265625 1597.85205078125 1611.06298828125 1616.7330322265625 1622.6500244140625 1627.323974609375 1631.053955078125 1634.791015625 1637.905029296875 1640.4949951171875 1642.626953125 1645.9110107421875
1605.9110107421875 1608.508056640625 1619.4210205078125 1618.093994140625 1615.93798828125 1619.092041015625 1623.530029296875 1632.9300537109375 1635.8780517578125 1639.3199462890625 1643.56201171875 1651.27197265625 1660.29296875 1662.9329833984375 1666.8360595703125 1677.2239990234375 1678.0159912109375 1677.72900390625 1675.7010498046875 1675.08203125 1673.6259765625 1673.3690185546875 1672.4620361328125 1666.1290283203125 1654.81005859375 1645.498046875 1640.0780029296875 1635.5899658203125 1629.3990478515625 1623.9090576171875 1622.8160400390625 1607.93896484375 1601.156005859375 1583.5780029296875 1592.8900146484375 1600.1939697265625 1611.0570068359375 1615.2840576171875 1622.883056640625 1627.9200439453125 1632.510009765625 1636.5179443359375 1639.7939453125 1642.9830322265625 1646.8179931640625 1648.97705078125
1601.3690185546875 1604.157958984375 1607.14697265625 1609.2149658203125 1612.60302734375 1617.22998046875 1622.2669677734375 1628.5799560546875 1632.0159912109375 1636.47705078125 1641.0670166015625 1650.219970703125 1655.0360107421875 1662.06005859375 1678.7099609375 1681.4930419921875 1680.7010498046875 1679.64404296875 1678.406005859375 1678.3580322265625 1677.6639404296875 1676.468994140625 1676.050048828125 1672.887939453125 1659.0909423828125 1650.845947265625 1640.7220458984375 1635.2449951171875 1631.5760498046875 1632.801025390625 1627.990966796875 1621.0889892578125 1606.10400390625 1588.9940185546875 1594.5860595703125 1603.7110595703125 1608.7010498046875 1613.9100341796875 1619.9420166015625 1625.8790283203125 1632.990966796875 1637.31005859375 1641.375 1644.9630126953125 1648.487060546875 1651.739013671875
