avaframe/data/avaKot/Inputs/avaKot.asc
ncols        353
nrows        500
xllcorner    176963.431225063076
yllcorner    376271.475934431190
cellsize     4.997678230579
NODATA_value  -9999
[rows 280 to 299 of 500, columns 0 to 45 of 353]
-9999 -9999 -9999 -9999 1153.864990234375 1152.4520263671875 1154.01904296875 1157.3070068359375 1158.35205078125 1158.2900390625 1159.2430419921875 1161.4859619140625 1162.593017578125 1163.9449462890625 1164.6209716796875 1165.051025390625 1160.4720458984375 1159.5810546875 1157.8909912109375 1163.2989501953125 1171.9339599609375 1177.741943359375 1178.3260498046875 1179.5250244140625 1181.8909912109375 1185.6400146484375 1189.1429443359375 1190.4949951171875 1193.322021484375 1191.1400146484375 1193.0150146484375 1195.166015625 1196.886962890625 1197.717041015625 1195.135009765625 1199.9599609375 1198.760986328125 1187.176025390625 1178.9100341796875 1180.6619873046875 1183.1199951171875 1182.5670166015625 1176.4210205078125 1177.219970703125 1178.8790283203125 1180.5689697265625
-9999 -9999 -9999 1155.863037109375 1157.1529541015625 1157.8599853515625 1153.77294921875 1159.7039794921875 1161.2099609375 1161.6090087890625 1163.02294921875 1164.989013671875 1167.0179443359375 1167.969970703125 1167.6939697265625 1169.875 1166.802001953125 1163.72900390625 1160.8719482421875 1165.4200439453125 1172.364990234375 1180.5999755859375 1181.7060546875 1183.8570556640625 1185.6700439453125 1188.865966796875 1192.553955078125 1193.5369873046875 1197.3170166015625 1195.22705078125 1196.947998046875 1199.0379638671875 1200.8509521484375 1203.83203125 1205.9210205078125 1208.9329833984375 1206.781982421875 1206.81298828125 1207.8570556640625 1204.7230224609375 1196.5799560546875 1186.3160400390625 1179.248046875 1180.876953125 1182.4439697265625 1183.9189453125
-9999 -9999 -9999 1158.6280517578125 1160.010986328125 1160.7490234375 1157.676025390625 1160.6259765625 1163.698974609375 1165.72705078125 1167.6939697265625 1168.64599609375 1171.4730224609375 1172.302978515625 1171.135009765625 1172.6719970703125 1171.04296875 1167.93896484375 1166.802001953125 1167.1409912109375 1171.04296875 1177.18896484375 1184.3489990234375 1187.60595703125 1190.31103515625 1193.81396484375 1196.487060546875 1196.97900390625 1199.7750244140625 1199.4990234375 1200.8819580078125 1203.9849853515625 1206.905029296875 1210.376953125 1213.8499755859375 1213.9110107421875 1210.0699462890625 1211.20703125 1214.5560302734375 1208.8409423828125 1198.822998046875 1188.405029296875 1181.5830078125 1183.0279541015625 1185.302001953125 1186.9610595703125
-9999 -9999 -9999 1162.1009521484375 1162.9000244140625 1163.883056640625 1162.593017578125 1160.3489990234375 1165.9730224609375 1168.4620361328125 1170.3360595703125 1172.2110595703125 1173.470947265625 1175.6219482421875 1175.6829833984375 1176.14404296875 1177.5579833984375 1172.1800537109375 1171.626953125 1171.04296875 1172.302978515625 1178.2650146484375 1186.0699462890625 1190.3719482421875 1192.7080078125 1196.6099853515625 1200.6669921875 1201.864990234375 1201.927001953125 1202.8480224609375 1205 1207.489013671875 1211.4219970703125 1215.7860107421875 1216.9840087890625 1217.4759521484375 1213.3580322265625 1216.76904296875 1218.366943359375 1211.3909912109375 1198.14697265625 1187.052978515625 1183.2430419921875 1185.3330078125 1187.20703125 1189.9110107421875
-9999 -9999 -9999 1166.095947265625 1167.2939453125 1166.280029296875 1163.9449462890625 1165.666015625 1172.947998046875 1174.3929443359375 1176.4820556640625 1176.8199462890625 1178.6949462890625 1180.0159912109375 1179.9849853515625 1182.0439453125 1179.801025390625 1175.7760009765625 1176.0830078125 1175.31494140625 1177.219970703125 1181.030029296875 1185.6400146484375 1191.5400390625 1196.27197265625 1204.7840576171875 1206.0140380859375 1205.7979736328125 1207.6109619140625 1209.823974609375 1211.3299560546875 1215.6009521484375 1218.1820068359375 1220.5789794921875 1219.9029541015625 1217.5989990234375 1217.5989990234375 1220.1180419921875 1221.010009765625 1213.696044921875 1195.22705078125 1189.4189453125 1185.0560302734375 1187.114990234375 1189.7879638671875 1192.5849609375
-9999 -9999 1170.6739501953125 1169.35302734375 1170.52099609375 1170.458984375 1169.260986328125 1171.3499755859375 1175.1610107421875 1178.1419677734375 1179.9849853515625 1180.416015625 1182.1669921875 1183.1510009765625 1184.718017578125 1185.6700439453125 1187.114990234375 1186.623046875 1181.8909912109375 1181.490966796875 1178.510009765625 1183.427001953125 1186.68505859375 1190.5260009765625 1195.9649658203125 1201.126953125 1207.6419677734375 1210.623046875 1211.9749755859375 1213.112060546875 1215.5400390625 1217.7220458984375 1220.0570068359375 1223.0379638671875 1222.3919677734375 1221.43994140625 1222.5770263671875 1216.2469482421875 1208.7490234375 1198.9759521484375 1191.35498046875 1192.738037109375 1191.9090576171875 1193.0150146484375 1194.7659912109375 1196.45703125
-9999 -9999 1173.10205078125 1172.1490478515625 1173.625 1174.822998046875 1174.73095703125 1176.6669921875 1176.2359619140625 1181.490966796875 1183.949951171875 1184.68701171875 1186.3160400390625 1188.0369873046875 1189.4189453125 1190.095947265625 1192.2769775390625 1192.677001953125 1190.77197265625 1189.02001953125 1181.2760009765625 1185.5169677734375 1190.9560546875 1193.384033203125 1197.8389892578125 1205.1219482421875 1211.9439697265625 1214.987060546875 1216.4620361328125 1214.4329833984375 1218.7359619140625 1220.6099853515625 1222.72998046875 1224.9429931640625 1225.6190185546875 1224.573974609375 1224.72802734375 1212.18994140625 1206.6280517578125 1197.2249755859375 1196.0260009765625 1197.4090576171875 1200.4510498046875 1202.0799560546875 1200.72802734375 1197.1939697265625
-9999 -9999 1176.72802734375 1175.1610107421875 1176.72802734375 1179.64697265625 1180.6619873046875 1182.10595703125 1178.41796875 1183.6729736328125 1187.85205078125 1189.48095703125 1190.925048828125 1192.553955078125 1194.2750244140625 1195.10400390625 1196.7950439453125 1199.0379638671875 1198.4229736328125 1194.64404296875 1185.425048828125 1192.18505859375 1198.822998046875 1202.9100341796875 1203.279052734375 1207.489013671875 1212.927978515625 1218.7359619140625 1221.7779541015625 1218.58203125 1220.7020263671875 1224.2060546875 1225.864990234375 1227.093994140625 1228.47705078125 1221.43994140625 1215.7239990234375 1211.3299560546875 1205.614013671875 1200.3590087890625 1200.4210205078125 1202.2950439453125 1204.5689697265625 1207.1510009765625 1203.3399658203125 1199.468017578125
-9999 -9999 1180.0159912109375 1178.41796875 1180.261962890625 1182.10595703125 1185.0870361328125 1188.281982421875 1181.3990478515625 1188.9580078125 1191.93896484375 1193.6910400390625 1195.842041015625 1198.362060546875 1199.9599609375 1200.8819580078125 1201.6190185546875 1204.47705078125 1205.3680419921875 1204.0469970703125 1199.1920166015625 1205.9830322265625 1211.083984375 1213.2349853515625 1208.0419921875 1211.4830322265625 1214.1259765625 1218.1519775390625 1222.177001953125 1221.7469482421875 1224.2979736328125 1226.448974609375 1228.6920166015625 1230.0439453125 1225.25 1218.8890380859375 1214.094970703125 1210.2850341796875 1211.697998046875 1217.4759521484375 1217.875 1217.5679931640625 1221.7159423828125 1227.9849853515625 1226.93994140625 1221.56298828125
-9999 1180.261962890625 1182.8740234375 1183.0889892578125 1184.7490234375 1185.5780029296875 1188.0980224609375 1191.6319580078125 1192.4000244140625 1192.5849609375 1195.2889404296875 1197.041015625 1200.8819580078125 1203.3709716796875 1204.6610107421875 1205.1529541015625 1205.3370361328125 1206.9969482421875 1210.8380126953125 1211.02197265625 1203.032958984375 1207.4580078125 1213.9730224609375 1216.8919677734375 1214.280029296875 1216.64599609375 1218.489990234375 1220.426025390625 1221.9320068359375 1225.5269775390625 1227.4630126953125 1229.2139892578125 1230.9659423828125 1231.7960205078125 1229.2139892578125 1223.3759765625 1221.9620361328125 1220.1180419921875 1221.3170166015625 1226.93994140625 1230.719970703125 1232.81005859375 1233.302001953125 1233.239990234375 1232.779052734375 1233.7010498046875
-9999 1183.97998046875 1186.1619873046875 1187.238037109375 1188.6209716796875 1189.3270263671875 1191.0789794921875 1194.7359619140625 1194.7359619140625 1194.029052734375 1198.27001953125 1199.89794921875 1202.448974609375 1205.3370361328125 1207.489013671875 1209.33203125 1209.79296875 1211.238037109375 1214.18798828125 1211.60595703125 1206.321044921875 1207.8570556640625 1214.925048828125 1220.9169921875 1219.9339599609375 1221.6240234375 1224.697021484375 1225.373046875 1225.43505859375 1225.343017578125 1228.81494140625 1231.6419677734375 1233.7320556640625 1235.9439697265625 1236.6510009765625 1236.18994140625 1233.5780029296875 1224.9739990234375 1228.0469970703125 1230.10595703125 1232.9940185546875 1237.510986328125 1240.553955078125 1242.3360595703125 1243.5340576171875 1242.3050537109375
-9999 1188.0980224609375 1189.5419921875 1189.60400390625 1192.64599609375 1193.844970703125 1194.7359619140625 1196.6409912109375 1198.9150390625 1195.873046875 1201.343017578125 1203.8929443359375 1206.0140380859375 1207.1199951171875 1209.97802734375 1212.18994140625 1214.156982421875 1214.7099609375 1216.8919677734375 1217.16796875 1215.6929931640625 1216.4310302734375 1223.7139892578125 1227.708984375 1227.4630126953125 1229.4599609375 1230.68896484375 1231.8260498046875 1229.3990478515625 1228.7530517578125 1231.39599609375 1233.6090087890625 1236.2509765625 1238.4329833984375 1240.1240234375 1241.260009765625 1241.0150146484375 1242.1820068359375 1234.1309814453125 1237.572998046875 1240.2769775390625 1242.0899658203125 1250.448974609375 1251.8929443359375 1254.321044921875 1250.47900390625
-9999 1191.6319580078125 1193.35302734375 1193.998046875 1196.886962890625 1198.9759521484375 1198.85400390625 1200.4820556640625 1202.41796875 1199.2530517578125 1202.7559814453125 1205.8599853515625 1208.9940185546875 1210.8380126953125 1212.220947265625 1214.5870361328125 1217.0450439453125 1218.9200439453125 1219.9649658203125 1222.760986328125 1225.219970703125 1223.9599609375 1228.1080322265625 1232.56396484375 1233.363037109375 1233.97802734375 1235.14501953125 1236.5899658203125 1233.823974609375 1231.51904296875 1235.791015625 1236.4969482421875 1239.6009521484375 1241.5989990234375 1243.595947265625 1245.1939697265625 1246.2080078125 1244.6409912109375 1243.011962890625 1245.6240234375 1251.77001953125 1247.529052734375 1255.3349609375 1255.7960205078125 1257.6390380859375 1244.9169921875
1191.5400390625 1194.9510498046875 1196.85595703125 1196.39501953125 1200.512939453125 1202.0489501953125 1203.279052734375 1204.385009765625 1205.4300537109375 1203.3399658203125 1205.52197265625 1207.7340087890625 1211.9139404296875 1214.218017578125 1215.6319580078125 1217.5369873046875 1220.3330078125 1222.884033203125 1225.0040283203125 1226.8790283203125 1228.845947265625 1231.5810546875 1229.4300537109375 1235.821044921875 1236.989013671875 1237.696044921875 1239.0479736328125 1241.137939453125 1240 1233.97802734375 1239.4169921875 1241.6910400390625 1242.6739501953125 1245.0400390625 1246.699951171875 1248.573974609375 1249.95703125 1250.8790283203125 1253.737060546875 1255.364990234375 1256.9940185546875 1256.010986328125 1258.468994140625 1259.9129638671875 1261.634033203125 1247.89794921875
1192.8609619140625 1197.041015625 1200.9429931640625 1199.3759765625 1202.572021484375 1205.4300537109375 1207.489013671875 1208.9019775390625 1209.7320556640625 1207.3349609375 1209.363037109375 1210.2850341796875 1214.7099609375 1218.427978515625 1220.0570068359375 1221.8699951171875 1223.7139892578125 1225.4959716796875 1227.739990234375 1230.5050048828125 1233.0560302734375 1234.7760009765625 1232.072021484375 1239.5699462890625 1240.583984375 1241.875 1243.3189697265625 1245.5009765625 1244.240966796875 1236.8349609375 1242.3050537109375 1245.9620361328125 1245.3170166015625 1248.512939453125 1250.2950439453125 1252.199951171875 1253.64501953125 1254.3819580078125 1257.301025390625 1260.1280517578125 1260.89697265625 1260.220947265625 1261.60400390625 1264.491943359375 1266.029052734375 1265.4749755859375
1192.154052734375 1197.1939697265625 1208.4410400390625 1202.8790283203125 1205.614013671875 1209.6700439453125 1212.5279541015625 1213.72705078125 1214.156982421875 1208.9940185546875 1213.1429443359375 1214.6490478515625 1216.3389892578125 1220.7020263671875 1224.2060546875 1226.6639404296875 1228.6610107421875 1229.490966796875 1230.9659423828125 1234.1929931640625 1237.0810546875 1239.4169921875 1237.510986328125 1242.9510498046875 1244.27197265625 1246.5460205078125 1247.56005859375 1248.3590087890625 1247.1610107421875 1240.76904296875 1244.1490478515625 1248.635986328125 1250.386962890625 1250.8480224609375 1253.8599853515625 1255.7650146484375 1257.4239501953125 1259.3299560546875 1260.6199951171875 1263.6009521484375 1264.553955078125 1264.093017578125 1265.0450439453125 1267.9339599609375 1268.240966796875 1267.22705078125
1192.9530029296875 1200.3289794921875 1210.991943359375 1208.10302734375 1212.375 1216.614990234375 1219.135009765625 1219.626953125 1215.447998046875 1216.7080078125 1219.166015625 1220.45703125 1221.1629638671875 1222.300048828125 1227.708984375 1231.8570556640625 1233.5780029296875 1234.0389404296875 1234.468994140625 1237.6650390625 1240.2769775390625 1241.93701171875 1240.614990234375 1245.1319580078125 1248.113037109375 1249.6800537109375 1251.5550537109375 1251.3399658203125 1251.5550537109375 1245.469970703125 1248.54296875 1252.1080322265625 1254.22802734375 1254.1669921875 1256.81005859375 1259.4830322265625 1261.2039794921875 1263.1090087890625 1264.4610595703125 1266.427978515625 1267.81103515625 1268.0880126953125 1269.3780517578125 1270.6070556640625 1272.02099609375 1272.3900146484375
1194.7049560546875 1205.7060546875 1210.7769775390625 1215.907958984375 1217.967041015625 1219.626953125 1221.6240234375 1222.822998046875 1218.427978515625 1223.4990234375 1225.31201171875 1225.157958984375 1226.3570556640625 1227.801025390625 1228.7530517578125 1233.302001953125 1237.3270263671875 1238.094970703125 1239.5699462890625 1242.427978515625 1244.39501953125 1245.6240234375 1246.760986328125 1248.2359619140625 1251.5860595703125 1252.906982421875 1253.9520263671875 1254.4739990234375 1255.0889892578125 1251.5860595703125 1251.5550537109375 1255.1199951171875 1257.4549560546875 1258.623046875 1259.14501953125 1262.802001953125 1264.76904296875 1267.5040283203125 1268.5789794921875 1270.0849609375 1271.282958984375 1271.866943359375 1273.864990234375 1274.41796875 1276.1080322265625 1277.8599853515625
1204.93798828125 1214.156982421875 1219.22705078125 1218.7969970703125 1220.85595703125 1222.177001953125 1224.113037109375 1223.928955078125 1223.530029296875 1227.032958984375 1229.4599609375 1230.93505859375 1231.7039794921875 1234.1619873046875 1233.7010498046875 1234.3160400390625 1238.3409423828125 1242.029052734375 1244.6409912109375 1246.2080078125 1247.43701171875 1249.5880126953125 1250.2950439453125 1250.3260498046875 1254.68896484375 1256.134033203125 1256.9940185546875 1257.4859619140625 1258.1619873046875 1254.6590576171875 1255.1199951171875 1256.3790283203125 1259.4520263671875 1262.31005859375 1261.4189453125 1265.5980224609375 1268.824951171875 1271.1910400390625 1272.08203125 1272.9429931640625 1273.6500244140625 1275.4010009765625 1277.2449951171875 1278.9969482421875 1280.9940185546875 1282.406982421875
1211.3909912109375 1221.7159423828125 1223.2530517578125 1222.053955078125 1223.530029296875 1225.4649658203125 1226.2950439453125 1227.677978515625 1227.615966796875 1230.719970703125 1232.3489990234375 1234.3160400390625 1236.343994140625 1238.0030517578125 1239.1090087890625 1239.0789794921875 1240.18505859375 1242.8890380859375 1247.0989990234375 1249.7110595703125 1251.64697265625 1252.8759765625 1254.719970703125 1254.135986328125 1254.5360107421875 1258.345947265625 1259.60595703125 1260.43603515625 1260.6820068359375 1257.7320556640625 1257.85400390625 1260.6820068359375 1263.1710205078125 1265.0450439453125 1265.0150146484375 1267.56494140625 1271.958984375 1274.447998046875 1275.8929443359375 1276.5999755859375 1277.9520263671875 1278.22802734375 1280.3790283203125 1282.7469482421875 1284.68994140625 1286.675048828125
