avaframe/data/avaKot/Inputs/avaKot.asc
ncols        439
nrows        517
xllcorner    176973.437998359208
yllcorner    376237.836376162944
cellsize     4.997688906601
NODATA_value  -9999
[rows 294 to 314 of 517, columns 196 to 244 of 439]
1447.515625 1445.2000732421875 1443.7410888671875 1442.765380859375 1441.4130859375 1439.26171875 1437.3935546875 1435.4554443359375 1433.601806640625 1432.0181884765625 1430.548095703125 1429.1142578125 1427.662841796875 1426.0975341796875 1424.5341796875 1423.3773193359375 1422.3709716796875 1419.9481201171875 1416.57177734375 1412.4873046875 1407.3297119140625 1401.993408203125 1397.794921875 1396.4290771484375 1394.33740234375 1391.7119140625 1387.8424072265625 1386.6568603515625 1388.455810546875 1389.3651123046875 1390.18896484375 1392.975830078125 1391.96875 1389.4471435546875 1389.8992919921875 1388.0091552734375 1385.1895751953125 1381.8480224609375 1378.814697265625 1376.708251953125 1374.800537109375 1373.844970703125 1372.2696533203125 1370.73828125 1369.4033203125 1367.6676025390625 1365.880859375 1363.367919921875 1359.429931640625
1450.601806640625 1448.22216796875 1447.302978515625 1446.6602783203125 1445.2801513671875 1443.07763671875 1440.858642578125 1439.02294921875 1437.2669677734375 1435.83984375 1434.7977294921875 1432.9984130859375 1431.75439453125 1429.6104736328125 1427.9825439453125 1425.6287841796875 1422.3773193359375 1418.133056640625 1414.2081298828125 1409.39208984375 1404.6236572265625 1401.2559814453125 1399.8250732421875 1398.0252685546875 1394.86474609375 1391.874267578125 1391.0240478515625 1390.7342529296875 1391.26171875 1392.084228515625 1393.3699951171875 1395.2730712890625 1394.1474609375 1392.278076171875 1392.2152099609375 1389.96484375 1386.91552734375 1383.6519775390625 1380.8394775390625 1378.48681640625 1376.7425537109375 1375.6976318359375 1374.4393310546875 1372.8787841796875 1371.2523193359375 1369.47314453125 1366.810302734375 1363.4320068359375 1359.4317626953125
1458.3843994140625 1455.51513671875 1452.4588623046875 1450.671142578125 1448.9024658203125 1446.8321533203125 1444.7923583984375 1443.26953125 1441.13525390625 1439.6917724609375 1438.7015380859375 1436.6317138671875 1434.5709228515625 1431.387939453125 1429.2813720703125 1424.7071533203125 1419.1903076171875 1414.980712890625 1410.937744140625 1407.3660888671875 1404.095458984375 1402.259521484375 1400.961669921875 1398.0897216796875 1395.484375 1394.956298828125 1395.1070556640625 1393.8753662109375 1393.9012451171875 1394.796142578125 1395.7440185546875 1397.521240234375 1395.962646484375 1392.9266357421875 1392.95166015625 1391.963134765625 1388.947021484375 1385.4727783203125 1382.506103515625 1380.3443603515625 1378.89599609375 1377.837890625 1376.9119873046875 1375.6474609375 1374.4635009765625 1371.5869140625 1367.0340576171875 1363.33203125 1360.195556640625
1465.0989990234375 1462.11572265625 1459.046875 1456.8099365234375 1454.1219482421875 1450.741455078125 1448.94384765625 1447.5655517578125 1445.411865234375 1443.63916015625 1441.5904541015625 1438.4813232421875 1434.9630126953125 1431.1302490234375 1427.161865234375 1422.265625 1417.0762939453125 1413.0023193359375 1409.4847412109375 1406.75146484375 1404.9591064453125 1403.2274169921875 1401.283203125 1399.3243408203125 1397.9847412109375 1397.9569091796875 1397.19384765625 1395.872802734375 1395.8553466796875 1397.0819091796875 1398.1973876953125 1399.1568603515625 1396.545166015625 1393.086181640625 1393.93115234375 1394.0382080078125 1391.0894775390625 1387.3662109375 1384.4417724609375 1382.212890625 1381.266845703125 1380.3204345703125 1379.1630859375 1377.7078857421875 1375.1749267578125 1371.392333984375 1367.6221923828125 1364.4332275390625 1361.379150390625
1468.9268798828125 1467.27880859375 1465.172119140625 1462.7147216796875 1459.952880859375 1456.1761474609375 1453.47900390625 1451.56787109375 1449.1240234375 1446.247802734375 1442.836669921875 1438.8250732421875 1433.5491943359375 1428.321533203125 1424.1009521484375 1419.8621826171875 1415.6580810546875 1411.7589111328125 1409.211181640625 1407.8594970703125 1405.940185546875 1403.9871826171875 1402.5462646484375 1401.3140869140625 1400.618408203125 1399.792724609375 1398.4842529296875 1397.49853515625 1397.50341796875 1398.2000732421875 1398.697509765625 1398.7095947265625 1396.5869140625 1395.4757080078125 1396.739501953125 1395.541259765625 1392.4400634765625 1389.284423828125 1386.692626953125 1384.5927734375 1383.5162353515625 1382.1849365234375 1380.9415283203125 1378.69970703125 1374.90576171875 1371.6514892578125 1368.705810546875 1365.5970458984375 1362.5633544921875
1472.2119140625 1470.7408447265625 1468.5377197265625 1466.4351806640625 1463.8431396484375 1460.195556640625 1456.7177734375 1453.4573974609375 1450.318603515625 1447.112548828125 1443.1075439453125 1438.260009765625 1432.9224853515625 1427.1666259765625 1422.406005859375 1418.4691162109375 1414.3353271484375 1411.783447265625 1410.59423828125 1408.86962890625 1406.8524169921875 1405.583251953125 1404.4193115234375 1402.97509765625 1401.826416015625 1400.7562255859375 1399.776611328125 1399.4974365234375 1399.9671630859375 1399.9901123046875 1399.4991455078125 1399.4425048828125 1399.0992431640625 1398.88330078125 1398.7244873046875 1397.0443115234375 1394.0625 1391.3448486328125 1389.11865234375 1387.319091796875 1385.9708251953125 1384.359619140625 1382.15673828125 1379.41455078125 1375.975341796875 1372.5965576171875 1369.8055419921875 1366.6793212890625 1363.8343505859375
1474.5533447265625 1472.1724853515625 1469.9732666015625 1468.3426513671875 1465.1873779296875 1461.5211181640625 1458.0787353515625 1454.516357421875 1451.403076171875 1447.9254150390625 1444.107666015625 1439.6668701171875 1433.1373291015625 1426.2232666015625 1420.7840576171875 1417.0540771484375 1415.15478515625 1413.753662109375 1411.70751953125 1409.8115234375 1408.2413330078125 1406.999755859375 1405.61865234375 1404.2584228515625 1402.79931640625 1402.09130859375 1402.501220703125 1402.8682861328125 1403.0399169921875 1402.923095703125 1402.3868408203125 1402.0550537109375 1402.1148681640625 1401.425537109375 1400.50537109375 1399.5447998046875 1397.005126953125 1394.04833984375 1391.900634765625 1390.3017578125 1388.406982421875 1385.798095703125 1383.4273681640625 1380.769287109375 1377.64111328125 1374.459716796875 1371.0098876953125 1367.6502685546875 1365.8448486328125
1477.8458251953125 1474.3525390625 1471.7725830078125 1469.3873291015625 1465.97705078125 1463.2425537109375 1460.337158203125 1456.3369140625 1452.39501953125 1448.179443359375 1443.385009765625 1438.278076171875 1430.3492431640625 1423.9219970703125 1420.004638671875 1418.235107421875 1416.4659423828125 1414.4390869140625 1412.2957763671875 1410.482666015625 1409.0550537109375 1407.6932373046875 1406.5245361328125 1405.5150146484375 1405.01513671875 1405.55810546875 1406.6533203125 1406.79541015625 1407.0029296875 1406.37353515625 1406.33251953125 1405.7855224609375 1405.0701904296875 1404.3153076171875 1403.19140625 1402.2955322265625 1400.3502197265625 1397.1407470703125 1394.533447265625 1392.3616943359375 1390.3492431640625 1387.6904296875 1384.6400146484375 1382.19287109375 1379.50048828125 1375.62890625 1372.1011962890625 1369.2705078125 1368.2249755859375
1479.8465576171875 1476.4034423828125 1473.35986328125 1470.865478515625 1468.74609375 1466.414794921875 1462.4864501953125 1456.2926025390625 1450.2335205078125 1445.2734375 1440.0595703125 1434.5728759765625 1429.06396484375 1423.7669677734375 1420.7977294921875 1419.2979736328125 1417.555419921875 1415.2864990234375 1413.2349853515625 1411.9012451171875 1410.493896484375 1409.0504150390625 1407.8421630859375 1407.8106689453125 1408.6068115234375 1410.83935546875 1413.1053466796875 1411.96142578125 1411.5150146484375 1415.2314453125 1412.835693359375 1409.80322265625 1409.470947265625 1407.9090576171875 1406.080810546875 1404.3419189453125 1402.629150390625 1399.7950439453125 1397.1612548828125 1394.7825927734375 1392.344970703125 1389.0950927734375 1385.6959228515625 1382.765380859375 1379.99560546875 1377.1044921875 1374.970947265625 1372.224365234375 1371.1351318359375
1482.28955078125 1479.15234375 1475.766845703125 1473.002685546875 1470.8726806640625 1467.953369140625 1463.128662109375 1454.61669921875 1447.9630126953125 1442.9078369140625 1437.9803466796875 1433.2725830078125 1428.1314697265625 1423.606201171875 1422.0509033203125 1420.4827880859375 1417.8011474609375 1415.740234375 1414.325927734375 1412.908203125 1411.6201171875 1410.4407958984375 1410.30615234375 1410.77294921875 1410.99755859375 1412.5491943359375 1415.867431640625 1416.4013671875 1416.504150390625 1419.1380615234375 1418.071044921875 1413.7437744140625 1413.0775146484375 1411.173095703125 1409.038818359375 1406.5155029296875 1403.92529296875 1401.737060546875 1399.07080078125 1396.8829345703125 1394.21044921875 1390.8182373046875 1387.5302734375 1384.7177734375 1381.7667236328125 1379.077880859375 1377.0594482421875 1375.336181640625 1374.2694091796875
1485.53173828125 1481.677978515625 1478.8406982421875 1475.710205078125 1471.8272705078125 1466.50732421875 1461.1962890625 1453.9256591796875 1447.600830078125 1441.802001953125 1437.0478515625 1433.08203125 1427.632568359375 1425.6090087890625 1423.4775390625 1421.1878662109375 1418.791015625 1416.6572265625 1415.174560546875 1414.2225341796875 1414.1790771484375 1413.3876953125 1412.993408203125 1412.4339599609375 1412.4561767578125 1412.917724609375 1415.021484375 1416.891845703125 1418.3994140625 1418.04931640625 1417.8570556640625 1414.936279296875 1413.443115234375 1412.650390625 1411.568603515625 1408.9500732421875 1405.5772705078125 1403.24560546875 1401.13037109375 1398.73388671875 1396.261474609375 1392.8941650390625 1389.8758544921875 1386.7247314453125 1384.000732421875 1381.35888671875 1379.24169921875 1378.3717041015625 1377.39306640625
1489.534912109375 1484.7142333984375 1481.2784423828125 1478.116455078125 1472.6646728515625 1464.6029052734375 1458.8995361328125 1453.8197021484375 1447.0975341796875 1441.01220703125 1436.65087890625 1432.4810791015625 1429.0135498046875 1426.9119873046875 1424.39697265625 1421.913330078125 1420.0472412109375 1418.1114501953125 1417.6866455078125 1417.39013671875 1416.8896484375 1416.056396484375 1415.018310546875 1414.676513671875 1414.337646484375 1414.27001953125 1414.517822265625 1414.7401123046875 1416.5247802734375 1417.926025390625 1416.5528564453125 1414.8521728515625 1414.2193603515625 1413.2921142578125 1413.0130615234375 1411.320556640625 1408.0032958984375 1405.2718505859375 1403.68701171875 1401.7825927734375 1399.027099609375 1395.8709716796875 1392.785400390625 1389.03759765625 1385.76513671875 1383.0751953125 1381.4315185546875 1381.65087890625 1380.6339111328125
1492.2283935546875 1487.716552734375 1483.6043701171875 1479.8187255859375 1473.5098876953125 1464.279296875 1458.9786376953125 1453.5528564453125 1446.7547607421875 1441.3214111328125 1435.6724853515625 1432.0008544921875 1431.3118896484375 1428.689697265625 1425.7864990234375 1423.458740234375 1421.6995849609375 1421.3709716796875 1421.039306640625 1420.6241455078125 1419.770263671875 1418.7529296875 1418.0260009765625 1417.623779296875 1416.6719970703125 1416.1756591796875 1415.8016357421875 1414.887939453125 1414.93701171875 1416.5908203125 1416.8773193359375 1415.422119140625 1414.6558837890625 1413.0369873046875 1412.8931884765625 1412.228515625 1410.8255615234375 1409.222412109375 1409.984375 1409.8358154296875 1406.595947265625 1400.345703125 1395.9971923828125 1392.9566650390625 1392.873291015625 1389.783447265625 1385.2601318359375 1383.3907470703125 1382.5892333984375
1492.9281005859375 1487.5897216796875 1483.0078125 1478.5587158203125 1474.5269775390625 1465.3895263671875 1458.4071044921875 1452.0609130859375 1447.0816650390625 1440.620361328125 1435.7293701171875 1435.0794677734375 1434.282958984375 1431.8223876953125 1429.9481201171875 1427.4451904296875 1425.57275390625 1424.578857421875 1424.1666259765625 1423.873779296875 1423.08984375 1421.91650390625 1421.0916748046875 1420.539794921875 1419.44140625 1418.0946044921875 1417.767578125 1416.608154296875 1415.5086669921875 1415.6954345703125 1416.718505859375 1415.5015869140625 1413.48291015625 1412.985595703125 1412.259765625 1411.5596923828125 1412.984375 1413.4669189453125 1413.9366455078125 1413.0909423828125 1408.927978515625 1403.9241943359375 1401.0469970703125 1399.46875 1397.9151611328125 1392.6702880859375 1388.2557373046875 1385.2701416015625 1383.2408447265625
1492.0338134765625 1486.40869140625 1480.83740234375 1475.673095703125 1471.4774169921875 1464.375 1457.5667724609375 1451.44970703125 1444.975830078125 1439.6632080078125 1439.040771484375 1438.9735107421875 1436.393310546875 1434.1756591796875 1432.0260009765625 1430.0750732421875 1428.4356689453125 1427.487548828125 1426.510009765625 1425.6865234375 1425.18505859375 1424.9107666015625 1423.9920654296875 1422.6263427734375 1421.3712158203125 1420.08203125 1419.5238037109375 1418.528564453125 1417.285888671875 1416.217041015625 1416.607666015625 1416.76171875 1414.46875 1414.1427001953125 1412.37109375 1411.408203125 1414.47705078125 1416.4326171875 1416.1300048828125 1414.40625 1411.6607666015625 1407.714111328125 1405.250732421875 1402.3817138671875 1398.2940673828125 1394.2271728515625 1390.8685302734375 1387.1282958984375 1384.4442138671875
1490.8603515625 1484.87255859375 1479.033447265625 1473.115478515625 1466.5570068359375 1461.1002197265625 1456.3443603515625 1450.04150390625 1443.7894287109375 1443.1846923828125 1443.4608154296875 1440.642333984375 1437.7735595703125 1435.68212890625 1434.2672119140625 1432.871826171875 1431.192626953125 1430.2001953125 1429.1595458984375 1428.017578125 1427.05126953125 1426.14697265625 1426.1495361328125 1424.6121826171875 1423.614990234375 1422.2373046875 1421.6016845703125 1420.7999267578125 1419.4093017578125 1418.368408203125 1418.0552978515625 1417.5745849609375 1416.2860107421875 1414.721923828125 1413.4208984375 1412.2431640625 1414.8291015625 1418.8951416015625 1419.3807373046875 1417.17724609375 1414.0406494140625 1411.2589111328125 1408.3780517578125 1404.2841796875 1399.1947021484375 1395.659912109375 1392.5511474609375 1389.0169677734375 1385.845703125
1491.582275390625 1485.203857421875 1479.246337890625 1472.214599609375 1464.810546875 1458.3203125 1453.23583984375 1448.811767578125 1448.2276611328125 1447.21142578125 1446.0897216796875 1441.954345703125 1439.63916015625 1437.5020751953125 1436.3128662109375 1435.8704833984375 1434.534912109375 1432.96875 1432.241455078125 1430.8736572265625 1430.0604248046875 1428.3292236328125 1426.662841796875 1425.9600830078125 1424.86328125 1423.7506103515625 1423.146484375 1422.813720703125 1422.389892578125 1421.583984375 1421.686279296875 1420.5380859375 1417.635986328125 1416.3392333984375 1415.4609375 1413.0640869140625 1414.5296630859375 1421.9176025390625 1425.0567626953125 1422.5203857421875 1417.669677734375 1413.9287109375 1410.5435791015625 1405.2745361328125 1401.05126953125 1397.232421875 1393.8897705078125 1389.540283203125 1387.6131591796875
1492.7469482421875 1485.211669921875 1478.955078125 1471.8577880859375 1464.98291015625 1455.639892578125 1453.14990234375 1453.4444580078125 1452.88818359375 1451.442626953125 1448.0272216796875 1444.15673828125 1441.1190185546875 1439.3223876953125 1439.680908203125 1438.5867919921875 1437.113037109375 1435.1588134765625 1434.52783203125 1433.765625 1432.8792724609375 1430.5865478515625 1428.859130859375 1427.0487060546875 1425.9913330078125 1424.678955078125 1424.175048828125 1423.98876953125 1423.7001953125 1423.279541015625 1423.382568359375 1423.43994140625 1420.4984130859375 1418.529052734375 1416.973388671875 1414.3575439453125 1413.7137451171875 1422.44140625 1429.199951171875 1430.6151123046875 1423.679931640625 1416.123779296875 1411.9249267578125 1407.7109375 1402.7620849609375 1399.2872314453125 1395.9190673828125 1391.3427734375 1387.8828125
1493.418701171875 1485.0970458984375 1476.120361328125 1470.0103759765625 1461.4371337890625 1456.9949951171875 1457.6976318359375 1457.974365234375 1456.5390625 1454.36083984375 1452.130859375 1448.8541259765625 1445.89697265625 1443.762939453125 1443.2667236328125 1441.9893798828125 1440.3330078125 1437.632080078125 1436.7071533203125 1435.7384033203125 1433.8489990234375 1432.371337890625 1430.5810546875 1428.6943359375 1426.8782958984375 1425.5106201171875 1425.0633544921875 1424.6998291015625 1424.29052734375 1423.9154052734375 1423.069580078125 1422.4989013671875 1422.3289794921875 1420.516845703125 1418.6060791015625 1415.8133544921875 1414.3218994140625 1416.25244140625 1417.8902587890625 1421.893798828125 1424.674072265625 1418 1412.5609130859375 1409.191650390625 1404.553466796875 1400.451416015625 1396.7816162109375 1392.9080810546875 1389.146240234375
1490.02734375 1481.804443359375 1473.9033203125 1466.211669921875 1462.4312744140625 1462.823974609375 1462.9442138671875 1463.042724609375 1459.7852783203125 1460.5318603515625 1460.527587890625 1458.909912109375 1455.9222412109375 1451.1064453125 1447.3487548828125 1445.7220458984375 1444.721435546875 1439.900146484375 1438.6170654296875 1436.6817626953125 1434.404296875 1432.8309326171875 1431.652099609375 1429.9044189453125 1428.05029296875 1427.048095703125 1426.3199462890625 1425.3529052734375 1425.4161376953125 1424.7093505859375 1423.657958984375 1422.3477783203125 1422.287109375 1422.1134033203125 1421.8944091796875 1418.28125 1416.5721435546875 1416.2557373046875 1416.8773193359375 1417.0682373046875 1416.5274658203125 1414.064697265625 1413.642578125 1409.446533203125 1405.708984375 1401.4993896484375 1397.7281494140625 1394.093505859375 1390.883544921875
1482.90625 1476.212158203125 1470.297607421875 1466.3739013671875 1468.7293701171875 1469.1180419921875 1470.8245849609375 1469.5560302734375 1465.6314697265625 1469.1431884765625 1471.0845947265625 1469.8797607421875 1460.0916748046875 1452.8284912109375 1451.0377197265625 1449.021728515625 1446.5091552734375 1442.9981689453125 1440.3543701171875 1438.2374267578125 1435.6571044921875 1433.4381103515625 1432.4501953125 1430.6761474609375 1429.1322021484375 1428.4547119140625 1427.4139404296875 1426.6959228515625 1426.2900390625 1425.4434814453125 1424.7352294921875 1423.5015869140625 1423.040283203125 1423.2529296875 1424.0904541015625 1421.164794921875 1419.1656494140625 1418.059326171875 1416.9300537109375 1416.11474609375 1414.991943359375 1414.0919189453125 1412.6602783203125 1409.348876953125 1405.784912109375 1402.0482177734375 1398.0870361328125 1394.37255859375 1391.681396484375
