avaframe/data/avaKot/Inputs/avaKot.asc
ncols        353
nrows        500
xllcorner    176963.431225063076
yllcorner    376271.475934431190
cellsize     4.997678230579
NODATA_value  -9999
[rows 220 to 239 of 500, columns 230 to 275 of 353]
1194.8270263671875 1193.6810302734375 1191.988037109375 1190.89599609375 1191.114990234375 1190.5689697265625 1189.66796875 1188.7939453125 1185.5460205078125 1185.1910400390625 1184.56298828125 1184.6719970703125 1184.4539794921875 1184.2359619140625 1182.761962890625 1182.1610107421875 1181.56103515625 1181.2330322265625 1181.697021484375 1183.717041015625 1183.4169921875 1183.9630126953125 1184.781982421875 1186.14599609375 1187.7840576171875 1189.66796875 1190.760009765625 1189.885986328125 1187.89404296875 1184.699951171875 1181.095947265625 1177.029052734375 1175.2550048828125 1177.0560302734375 1174.708984375 1173.698974609375 1172.989013671875 1172.824951171875 1171.5419921875 1169.958984375 1169.958984375 1169.550048828125 1169.3310546875 1169.303955078125 1169.8499755859375 1170.041015625
1196.875 1195.427978515625 1194.553955078125 1194.58203125 1193.8990478515625 1193.0260009765625 1191.9610595703125 1191.7430419921875 1188.68505859375 1187.9210205078125 1187.593017578125 1187.4019775390625 1187.1839599609375 1186.282958984375 1185.3819580078125 1184.781982421875 1184.0450439453125 1183.8809814453125 1184.2900390625 1186.092041015625 1186.2559814453125 1186.884033203125 1188.1939697265625 1189.448974609375 1191.2509765625 1192.7530517578125 1193.7080078125 1192.56201171875 1189.1490478515625 1184.781982421875 1181.1510009765625 1177.79296875 1178.448974609375 1178.8310546875 1176.238037109375 1175.446044921875 1174.5999755859375 1173.4530029296875 1173.2349853515625 1171.81494140625 1172.333984375 1171.133056640625 1171.2149658203125 1171.678955078125 1171.7330322265625 1171.760986328125
1199.2220458984375 1198.239013671875 1196.8470458984375 1196.5469970703125 1196.383056640625 1195.946044921875 1195.5369873046875 1194.9090576171875 1191.3599853515625 1190.623046875 1190.2139892578125 1190.2139892578125 1189.4219970703125 1188.6309814453125 1188.3299560546875 1187.1290283203125 1186.8289794921875 1186.6929931640625 1187.2659912109375 1188.6309814453125 1189.0670166015625 1190.0770263671875 1191.197021484375 1192.5340576171875 1194.93603515625 1196.4649658203125 1196.2469482421875 1193.8170166015625 1189.4219970703125 1185.300048828125 1181.887939453125 1180.3050537109375 1181.5059814453125 1180.987060546875 1177.7659912109375 1176.947021484375 1176.1829833984375 1175.3909912109375 1174.5450439453125 1173.7259521484375 1173.4530029296875 1173.0159912109375 1173.5350341796875 1173.9169921875 1173.56201171875 1173.9990234375
1201.8699951171875 1200.9150390625 1199.9859619140625 1198.73095703125 1198.6490478515625 1199.1949462890625 1198.2939453125 1197.31103515625 1194.5 1193.7349853515625 1193.6529541015625 1192.8890380859375 1192.3160400390625 1191.5789794921875 1191.06005859375 1189.803955078125 1189.9139404296875 1189.613037109375 1190.5419921875 1191.906005859375 1192.7530517578125 1193.489990234375 1194.5269775390625 1196.5469970703125 1198.4849853515625 1199.1949462890625 1196.738037109375 1193.35302734375 1189.177001953125 1185.737060546875 1183.3079833984375 1182.2159423828125 1183.4169921875 1182.5159912109375 1179.6500244140625 1178.8580322265625 1177.9300537109375 1177.739013671875 1176.72900390625 1175.8280029296875 1175.4189453125 1175.58203125 1175.636962890625 1175.718994140625 1175.5279541015625 1175.9100341796875
1204.572021484375 1203.7259521484375 1202.7979736328125 1201.3790283203125 1201.8699951171875 1201.7060546875 1201.323974609375 1200.696044921875 1196.9840087890625 1196.656005859375 1197.175048828125 1196.218994140625 1195.237060546875 1194.0899658203125 1193.5439453125 1192.916015625 1192.4520263671875 1192.8070068359375 1193.843994140625 1194.9639892578125 1196.0560302734375 1196.7110595703125 1198.5670166015625 1200.0140380859375 1201.26904296875 1199.0860595703125 1196.875 1193.3800048828125 1189.5040283203125 1186.7469482421875 1185.1910400390625 1184.64501953125 1185.1639404296875 1184.3179931640625 1181.7239990234375 1181.0150146484375 1179.8409423828125 1179.2950439453125 1178.8310546875 1177.9029541015625 1177.219970703125 1177.574951171875 1177.137939453125 1177.3570556640625 1177.43896484375 1177.7659912109375
1207.95703125 1206.56494140625 1205.58203125 1203.56201171875 1205.06396484375 1204.873046875 1203.8900146484375 1203.4530029296875 1199.8499755859375 1199.7950439453125 1200.31396484375 1200.2320556640625 1198.4849853515625 1197.14697265625 1196.573974609375 1195.510009765625 1195.0460205078125 1195.8370361328125 1197.748046875 1198.89501953125 1199.7950439453125 1200.4229736328125 1201.760986328125 1203.1259765625 1201.81494140625 1199.1669921875 1195.8919677734375 1193.052978515625 1189.5860595703125 1188.657958984375 1187.0469970703125 1187.7569580078125 1186.4189453125 1187.2659912109375 1184.0450439453125 1182.54296875 1181.779052734375 1181.8609619140625 1179.541015625 1179.7860107421875 1179.541015625 1179.594970703125 1178.8580322265625 1178.7760009765625 1179.3489990234375 1179.541015625
1210.9599609375 1209.458984375 1208.6669921875 1207.0570068359375 1208.258056640625 1208.176025390625 1207.7120361328125 1207.001953125 1202.824951171875 1203.071044921875 1203.2080078125 1203.1800537109375 1201.678955078125 1199.7679443359375 1199.1400146484375 1198.73095703125 1197.447998046875 1198.4300537109375 1200.7230224609375 1203.071044921875 1203.5350341796875 1204.654052734375 1205.4189453125 1203.9449462890625 1201.2149658203125 1199.2220458984375 1195.9189453125 1193.0799560546875 1190.5419921875 1190.677978515625 1189.1219482421875 1189.5040283203125 1188.657958984375 1189.531005859375 1185.927978515625 1184.9730224609375 1183.8260498046875 1183.5810546875 1180.4139404296875 1182.052001953125 1182.052001953125 1181.1510009765625 1180.8780517578125 1180.6319580078125 1180.9329833984375 1181.177978515625
1213.635009765625 1212.54296875 1210.9329833984375 1210.114013671875 1211.6700439453125 1211.2330322265625 1210.9599609375 1210.468994140625 1206.6739501953125 1206.64697265625 1206.8929443359375 1205.8280029296875 1203.8349609375 1202.5250244140625 1202.1429443359375 1201.10595703125 1200.2869873046875 1201.406005859375 1203.3709716796875 1206.1009521484375 1207.739013671875 1207.6300048828125 1206.2099609375 1203.508056640625 1201.10595703125 1198.511962890625 1197.8299560546875 1194.6090087890625 1192.970947265625 1193.1619873046875 1191.7149658203125 1191.85205078125 1191.988037109375 1190.97802734375 1187.375 1187.1290283203125 1186.4189453125 1185.4639892578125 1182.052001953125 1184.4539794921875 1184.0989990234375 1182.9530029296875 1182.6800537109375 1182.97998046875 1182.9530029296875 1182.8160400390625
1216.9930419921875 1216.14697265625 1214.0989990234375 1215.0269775390625 1215.1639404296875 1214.8089599609375 1214.0989990234375 1213.470947265625 1209.677001953125 1210.031982421875 1209.3489990234375 1208.4210205078125 1207.166015625 1205.9100341796875 1205.3370361328125 1204.4090576171875 1203.4530029296875 1204.9000244140625 1206.56494140625 1209.02197265625 1210.8509521484375 1209.10400390625 1206.428955078125 1203.8349609375 1201.3509521484375 1199.4129638671875 1199.031005859375 1197.175048828125 1195.291015625 1195.237060546875 1194.198974609375 1194.116943359375 1193.7080078125 1193.35302734375 1190.26904296875 1189.31298828125 1188.4119873046875 1187.29296875 1184.3179931640625 1186.4739990234375 1185.9010009765625 1184.699951171875 1184.6719970703125 1184.91796875 1185.1910400390625 1185.1090087890625
1221.2509765625 1219.613037109375 1218.3299560546875 1218.7130126953125 1218.2490234375 1218.3299560546875 1217.593017578125 1216.9659423828125 1213.3079833984375 1212.2979736328125 1211.8060302734375 1210.33203125 1210.0589599609375 1209.404052734375 1208.14794921875 1206.9749755859375 1206.238037109375 1208.011962890625 1210.2230224609375 1212.2430419921875 1211.6700439453125 1209.4310302734375 1207.029052734375 1204.27197265625 1202.68896484375 1200.614013671875 1200.47802734375 1199.6590576171875 1197.447998046875 1197.175048828125 1197.447998046875 1196.43798828125 1195.5369873046875 1195.237060546875 1192.4520263671875 1190.2960205078125 1190.1319580078125 1189.6949462890625 1187.3199462890625 1188.8759765625 1187.593017578125 1187.29296875 1186.282958984375 1186.85595703125 1187.02001953125 1186.7469482421875
1224.3900146484375 1222.998046875 1221.7430419921875 1221.823974609375 1222.04296875 1220.9510498046875 1220.405029296875 1220.050048828125 1216.5830078125 1216.06494140625 1214.344970703125 1213.5810546875 1213.116943359375 1212.3800048828125 1211.0689697265625 1209.677001953125 1209.376953125 1211.177978515625 1213.6080322265625 1214.262939453125 1212.5159912109375 1210.25 1207.739013671875 1205.991943359375 1203.3990478515625 1203.343994140625 1202.3070068359375 1201.4599609375 1200.2320556640625 1198.593994140625 1199.468017578125 1198.89501953125 1198.2939453125 1197.31103515625 1193.7900390625 1192.2889404296875 1192.0970458984375 1191.77001953125 1190.26904296875 1190.7049560546875 1189.448974609375 1188.9580078125 1188.43896484375 1188.7669677734375 1188.8759765625 1188.9849853515625
1227.583984375 1226.9840087890625 1225.64599609375 1225.4000244140625 1224.85400390625 1224.41796875 1223.489990234375 1223.43505859375 1219.803955078125 1218.657958984375 1217.5389404296875 1216.0369873046875 1216.010009765625 1215.1910400390625 1213.989990234375 1212.54296875 1212.6800537109375 1214.5360107421875 1216.6929931640625 1215.737060546875 1213.68994140625 1211.260009765625 1209.2950439453125 1206.8380126953125 1204.5179443359375 1203.781005859375 1204.1080322265625 1203.8900146484375 1202.498046875 1200.968994140625 1201.843017578125 1201.5699462890625 1200.2320556640625 1198.4849853515625 1195.0460205078125 1195.0460205078125 1194.9090576171875 1193.2440185546875 1193.052978515625 1192.178955078125 1190.9510498046875 1190.4320068359375 1190.595947265625 1190.842041015625 1191.030029296875 1190.5909423828125
1230.5870361328125 1229.7679443359375 1229.113037109375 1228.6490478515625 1228.6490478515625 1228.02099609375 1227.2569580078125 1226.6290283203125 1222.39794921875 1221.4420166015625 1220.2960205078125 1219.094970703125 1218.739990234375 1217.9210205078125 1216.637939453125 1215.43701171875 1215.7919921875 1217.675048828125 1218.9859619140625 1216.93798828125 1215.0550537109375 1212.97998046875 1210.3050537109375 1208.011962890625 1206.6199951171875 1205.364013671875 1205.6639404296875 1206.1280517578125 1204.572021484375 1204.0810546875 1203.2349853515625 1202.333984375 1201.5419921875 1200.8599853515625 1197.9659423828125 1197.4200439453125 1197.010986328125 1193.8990478515625 1195.291015625 1194.0360107421875 1193.3260498046875 1192.4549560546875 1192.6490478515625 1193.8060302734375 1193.3389892578125 1192.845947265625
1234.2449951171875 1232.3890380859375 1232.6619873046875 1232.5250244140625 1232.0340576171875 1231.323974609375 1231.0240478515625 1229.876953125 1225.373046875 1224.41796875 1223.135009765625 1222.178955078125 1221.3060302734375 1220.487060546875 1219.5040283203125 1218.68505859375 1219.2039794921875 1221.3599853515625 1220.9510498046875 1218.7939453125 1215.9560546875 1213.6080322265625 1210.7960205078125 1208.9949951171875 1208.093994140625 1206.8929443359375 1207.5479736328125 1207.9849853515625 1207.302001953125 1207.166015625 1205.718994140625 1204.4630126953125 1203.616943359375 1202.85302734375 1200.2320556640625 1200.123046875 1198.8399658203125 1197.6929931640625 1197.0689697265625 1195.623046875 1195.0169677734375 1194.5489501953125 1194.7640380859375 1196.072998046875 1195.7459716796875 1195.260986328125
1238.0389404296875 1235.991943359375 1236.4010009765625 1235.85498046875 1235.1180419921875 1234.8179931640625 1233.9720458984375 1232.85302734375 1229.1669921875 1227.612060546875 1226.0279541015625 1225.155029296875 1224.8819580078125 1223.217041015625 1222.3160400390625 1221.68798828125 1222.862060546875 1224.41796875 1222.20703125 1219.39501953125 1217.1839599609375 1214.91796875 1213.6080322265625 1211.6700439453125 1210.33203125 1208.967041015625 1209.239990234375 1209.8680419921875 1209.541015625 1209.4310302734375 1207.4659423828125 1206.592041015625 1205.801025390625 1204.949951171875 1201.5699462890625 1201.2020263671875 1200.6259765625 1199.739013671875 1199.06298828125 1198.0980224609375 1197.6259765625 1196.8070068359375 1196.39599609375 1196.47802734375 1196.010009765625 1195.697998046875
1242.2430419921875 1241.260009765625 1240.114013671875 1239.18603515625 1238.613037109375 1238.9949951171875 1238.2030029296875 1237.1109619140625 1231.925048828125 1230.8050537109375 1229.6590576171875 1228.3759765625 1227.4200439453125 1225.8370361328125 1225.0999755859375 1224.4449462890625 1225.8919677734375 1225.7010498046875 1222.780029296875 1220.405029296875 1218.5760498046875 1217.0469970703125 1215.7640380859375 1213.77197265625 1212.54296875 1211.8060302734375 1211.1240234375 1211.916015625 1211.5880126953125 1211.3699951171875 1209.4580078125 1208.56396484375 1208.1009521484375 1206.9730224609375 1204.136962890625 1202.583984375 1202.6280517578125 1201.634033203125 1200.1419677734375 1198.821044921875 1198.5389404296875 1197.9420166015625 1197.3790283203125 1196.6639404296875 1196.22705078125 1196.22705078125
1245.490966796875 1245.0550537109375 1243.989990234375 1243.552978515625 1242.625 1242.625 1241.916015625 1240.25 1235.9649658203125 1234.0260009765625 1232.3070068359375 1231.488037109375 1230.095947265625 1229.550048828125 1228.3489990234375 1228.10302734375 1228.2120361328125 1226.136962890625 1224.008056640625 1222.47998046875 1221.2239990234375 1219.5040283203125 1218.1390380859375 1216.7469482421875 1215.845947265625 1214.8909912109375 1213.800048828125 1214.4139404296875 1213.2850341796875 1213.56005859375 1211.6700439453125 1210.72802734375 1210.3489990234375 1209.2750244140625 1206.779052734375 1203.1600341796875 1204.5849609375 1203.3590087890625 1202.678955078125 1201.97802734375 1201.9820556640625 1201.2030029296875 1199.8380126953125 1199.154052734375 1199.072021484375 1198.842041015625
1248.52099609375 1247.1290283203125 1246.9659423828125 1246.1739501953125 1245.7919921875 1244.5360107421875 1243.77197265625 1241.2330322265625 1236.7020263671875 1235.93701171875 1235.281982421875 1233.343994140625 1232.7159423828125 1232.0880126953125 1231.323974609375 1229.822998046875 1228.2939453125 1226.4100341796875 1225.6190185546875 1225.6190185546875 1223.8719482421875 1222.343017578125 1220.7330322265625 1219.5870361328125 1219.54296875 1217.3499755859375 1216.4000244140625 1216.7130126953125 1215.60205078125 1215.89599609375 1214.3070068359375 1213.366943359375 1212.488037109375 1210.7340087890625 1206.8280029296875 1206.281982421875 1205.81494140625 1205.1390380859375 1204.3160400390625 1204.4940185546875 1203.8489990234375 1203.1429443359375 1201.574951171875 1200.968994140625 1200.7440185546875 1200.1500244140625
1252.1519775390625 1251.032958984375 1250.595947265625 1249.968017578125 1248.9580078125 1247.45703125 1245.6009521484375 1244.344970703125 1240.0589599609375 1239.8409423828125 1238.176025390625 1236.72900390625 1236.156005859375 1235.364013671875 1233.426025390625 1232.280029296875 1231.27001953125 1229.958984375 1228.593994140625 1226.656982421875 1224.4410400390625 1222.9329833984375 1222.4029541015625 1221.4000244140625 1220.1639404296875 1218.7889404296875 1218.529052734375 1217.93603515625 1218.1829833984375 1216.2259521484375 1215.72802734375 1214.406982421875 1210.864013671875 1212.237060546875 1209.1929931640625 1207.3349609375 1207.1700439453125 1206.77197265625 1206.3990478515625 1205.6070556640625 1204.510986328125 1203.4110107421875 1202.8740234375 1202.5670166015625 1201.9730224609375 1201.7960205078125
1255.6729736328125 1254.9090576171875 1253.6529541015625 1252.6710205078125 1251.60595703125 1249.9959716796875 1249.31298828125 1248.8489990234375 1243.280029296875 1242.3800048828125 1241.39697265625 1239.458984375 1238.885009765625 1237.3570556640625 1235.3909912109375 1235.31005859375 1233.9169921875 1232.89404296875 1230.866943359375 1229.0400390625 1227.3199462890625 1225.93505859375 1224.748046875 1223.406005859375 1222.45703125 1221.906982421875 1221.31005859375 1220.572998046875 1220.1190185546875 1218.56396484375 1217.9530029296875 1216.3289794921875 1213.1419677734375 1214.241943359375 1210.5439453125 1209.6429443359375 1209.4090576171875 1208.9110107421875 1208.001953125 1207.251953125 1205.970947265625 1205.220947265625 1204.6839599609375 1204.0689697265625 1203.7530517578125 1203.2550048828125
